Data Acquisition Time,District LGD Code,District,rainfall,groundwater_level
2021-09-28 18:00:00,610,Ariyalur,2.5,-36.7645
2021-10-03 15:00:00,610,Ariyalur,6.0,-36.9465
2021-10-31 15:00:00,610,Ariyalur,1.0,-32.77374999999999
2021-10-31 16:00:00,610,Ariyalur,1.0,-32.654250000000005
2021-11-03 01:00:00,610,Ariyalur,11.0,-27.71375
2021-11-03 02:00:00,610,Ariyalur,2.0,-27.71375
2021-11-03 03:00:00,610,Ariyalur,1.5,-27.71375
2021-11-06 03:00:00,610,Ariyalur,1.0,-26.4325
2021-11-07 11:00:00,610,Ariyalur,0.5,-27.1335
2021-11-07 12:00:00,610,Ariyalur,0.5,-27.1335
2021-11-18 03:00:00,610,Ariyalur,9.5,-25.0945
2021-11-18 04:00:00,610,Ariyalur,3.0,-24.75525
2021-11-18 05:00:00,610,Ariyalur,0.5,-24.75525
2021-11-18 06:00:00,610,Ariyalur,1.5,-24.75525
2021-11-18 07:00:00,610,Ariyalur,7.5,-24.75525
2021-11-18 08:00:00,610,Ariyalur,1.0,-24.75525
2021-11-20 23:00:00,610,Ariyalur,2.5,-24.784750000000003
2021-11-21 00:00:00,610,Ariyalur,67.5,-24.784750000000003
2021-11-21 01:00:00,610,Ariyalur,6.5,-24.784750000000003
2021-11-22 12:00:00,610,Ariyalur,0.5,-24.78575
2021-11-23 11:00:00,610,Ariyalur,0.5,-24.85725
2021-11-25 13:00:00,610,Ariyalur,6.0,-25.024
2021-11-25 14:00:00,610,Ariyalur,0.5,-25.024
2021-11-25 15:00:00,610,Ariyalur,3.0,-25.024
2021-11-25 17:00:00,610,Ariyalur,2.5,-24.8365
2021-12-01 13:00:00,610,Ariyalur,1.0,-24.2295
2021-12-06 02:00:00,610,Ariyalur,34.0,-22.86725
2021-12-09 12:00:00,610,Ariyalur,9.5,-19.50775
2021-12-31 05:00:00,610,Ariyalur,6.0,-9.509666666666666
2021-12-31 15:00:00,610,Ariyalur,3.0,-8.534333333333334
2022-01-01 01:00:00,610,Ariyalur,5.0,-8.214333333333334
2022-01-01 02:00:00,610,Ariyalur,0.5,-8.214333333333334
2022-01-01 07:00:00,610,Ariyalur,0.5,-8.061666666666667
2022-01-01 10:00:00,610,Ariyalur,26.0,-7.470333333333333
2022-01-01 11:00:00,610,Ariyalur,19.5,-7.470333333333333
2022-01-01 14:00:00,610,Ariyalur,16.0,-7.470333333333333
2022-01-01 15:00:00,610,Ariyalur,1.0,-7.470333333333333
2022-01-01 16:00:00,610,Ariyalur,1.5,-7.526
2022-01-01 17:00:00,610,Ariyalur,1.0,-7.526
2022-03-05 14:15:00,610,Ariyalur,2.0,-13.579333333333333
2022-03-06 10:55:00,610,Ariyalur,5.5,-13.660000000000002
2022-03-06 22:00:00,610,Ariyalur,0.5,-13.708333333333334
2022-03-07 08:00:00,610,Ariyalur,1.5,-13.585
2022-03-07 09:00:00,610,Ariyalur,0.5,-13.585
2022-03-07 10:00:00,610,Ariyalur,0.5,-13.676333333333332
2022-03-07 13:00:00,610,Ariyalur,0.5,-13.676333333333332
2022-03-07 15:00:00,610,Ariyalur,6.0,-13.676333333333332
2022-03-07 16:00:00,610,Ariyalur,0.5,-13.602333333333334
2022-03-07 17:00:00,610,Ariyalur,1.0,-13.602333333333334
2022-04-10 03:00:00,610,Ariyalur,0.5,-18.44933333333333
2022-04-11 05:00:00,610,Ariyalur,0.5,-18.231666666666666
2022-04-11 07:00:00,610,Ariyalur,3.25,-18.231666666666666
2022-04-11 08:00:00,610,Ariyalur,0.5,-18.231666666666666
2022-04-11 09:00:00,610,Ariyalur,2.5,-18.231666666666666
2022-04-11 14:00:00,610,Ariyalur,6.0,-18.308
2022-04-11 15:00:00,610,Ariyalur,1.0,-18.308
2022-04-17 03:00:00,610,Ariyalur,32.0,-18.58233333333333
2022-04-17 04:00:00,610,Ariyalur,7.0,-18.508666666666667
2022-04-17 22:00:00,610,Ariyalur,16.0,-18.538
2022-04-17 23:00:00,610,Ariyalur,5.0,-18.538
2022-04-18 00:00:00,610,Ariyalur,3.0,-18.538
2022-06-05 20:00:00,610,Ariyalur,17.0,-37.0365
2022-06-05 21:00:00,610,Ariyalur,7.5,-37.0365
2022-06-05 23:00:00,610,Ariyalur,0.5,-36.93875
2022-06-12 19:00:00,610,Ariyalur,0.5,-37.6255
2022-06-14 22:00:00,610,Ariyalur,20.5,-37.76675
2022-06-14 23:00:00,610,Ariyalur,3.0,-37.76675
2022-06-15 22:00:00,610,Ariyalur,28.25,-37.82025
2022-06-15 23:00:00,610,Ariyalur,1.0,-37.82025
2022-06-16 00:00:00,610,Ariyalur,0.5,-37.82025
2022-06-19 21:00:00,610,Ariyalur,3.0,-37.25425
2022-06-19 22:00:00,610,Ariyalur,9.5,-37.1385
2022-06-19 23:00:00,610,Ariyalur,1.0,-37.1385
2022-06-20 07:00:00,610,Ariyalur,0.5,-36.98875
2022-07-10 19:00:00,610,Ariyalur,6.0,-39.47125
2022-07-26 13:00:00,610,Ariyalur,1.0,-43.153000000000006
2022-07-26 14:00:00,610,Ariyalur,1.0,-43.153000000000006
2022-07-26 15:00:00,610,Ariyalur,1.0,-43.153000000000006
2022-07-26 16:00:00,610,Ariyalur,1.0,-43.3045
2022-07-26 17:00:00,610,Ariyalur,1.0,-43.3045
2022-07-26 18:00:00,610,Ariyalur,0.5,-43.3045
2022-07-26 20:00:00,610,Ariyalur,0.5,-43.3045
2022-07-26 21:00:00,610,Ariyalur,0.5,-43.3045
2022-07-26 22:00:00,610,Ariyalur,0.5,-42.979
2022-07-26 23:00:00,610,Ariyalur,3.5,-42.979
2022-07-27 00:00:00,610,Ariyalur,4.0,-42.979
2022-07-27 01:00:00,610,Ariyalur,1.75,-42.979
2022-07-27 02:00:00,610,Ariyalur,13.5,-42.979
2022-07-27 03:00:00,610,Ariyalur,7.75,-42.979
2022-07-27 04:00:00,610,Ariyalur,2.5,-42.7065
2022-07-27 05:00:00,610,Ariyalur,1.25,-42.7065
2022-07-27 06:00:00,610,Ariyalur,0.5,-42.7065
2022-07-27 07:00:00,610,Ariyalur,0.5,-42.7065
2022-07-27 08:00:00,610,Ariyalur,0.5,-42.7065
2022-07-27 09:00:00,610,Ariyalur,0.5,-42.7065
2022-07-27 11:00:00,610,Ariyalur,0.5,-43.088
2022-07-27 12:00:00,610,Ariyalur,0.5,-43.088
2022-07-27 13:00:00,610,Ariyalur,0.5,-43.088
2022-07-27 14:00:00,610,Ariyalur,0.5,-43.088
2022-07-27 15:00:00,610,Ariyalur,0.5,-43.088
2022-07-27 16:00:00,610,Ariyalur,0.5,-43.2195
2022-07-27 18:00:00,610,Ariyalur,0.5,-43.2195
2022-07-27 20:00:00,610,Ariyalur,0.5,-43.2195
2022-07-27 22:00:00,610,Ariyalur,0.5,-42.748
2022-07-28 01:00:00,610,Ariyalur,0.5,-42.748
2022-07-28 04:00:00,610,Ariyalur,0.5,-42.558
2022-07-28 08:00:00,610,Ariyalur,0.5,-42.558
2022-07-28 11:00:00,610,Ariyalur,0.5,-42.964000000000006
2022-07-28 13:00:00,610,Ariyalur,0.5,-42.964000000000006
2022-07-28 16:00:00,610,Ariyalur,0.5,-43.029
2022-07-28 20:00:00,610,Ariyalur,0.5,-43.029
2022-07-29 00:00:00,610,Ariyalur,0.5,-42.737
2022-07-29 05:00:00,610,Ariyalur,0.5,-42.455
2022-07-29 11:00:00,610,Ariyalur,0.5,-42.817
2022-07-29 15:00:00,610,Ariyalur,0.5,-42.817
2022-07-29 20:00:00,610,Ariyalur,0.5,-42.8475
2022-07-30 04:00:00,610,Ariyalur,0.5,-42.3345
2022-07-30 11:00:00,610,Ariyalur,0.5,-42.7985
2022-07-30 18:00:00,610,Ariyalur,0.5,-42.769000000000005
2022-07-31 05:00:00,610,Ariyalur,0.5,-42.2445
2022-07-31 17:00:00,610,Ariyalur,0.5,-42.6385
2022-08-01 02:00:00,610,Ariyalur,3.0,-42.4485
2022-08-01 04:00:00,610,Ariyalur,0.5,-42.186
2022-08-01 11:00:00,610,Ariyalur,0.5,-42.56
2022-08-02 05:00:00,610,Ariyalur,0.5,-42.078
2022-08-02 18:00:00,610,Ariyalur,0.5,-42.349500000000006
2022-08-03 12:00:00,610,Ariyalur,0.5,-42.23
2022-08-03 19:00:00,610,Ariyalur,1.5,-42.447
2022-08-04 05:00:00,610,Ariyalur,0.5,-41.874
2022-08-04 08:00:00,610,Ariyalur,0.5,-41.874
2022-08-05 01:00:00,610,Ariyalur,0.5,-41.99
2022-08-05 22:00:00,610,Ariyalur,0.5,-29.27825
2022-08-06 22:00:00,610,Ariyalur,0.5,-29.233
2022-08-07 18:00:00,610,Ariyalur,0.5,-29.40525
2022-08-08 14:00:00,610,Ariyalur,0.5,-29.478250000000003
2022-08-19 05:00:00,610,Ariyalur,1.0,-29.788
2022-08-21 23:00:00,610,Ariyalur,0.5,-29.560250000000003
2022-08-26 00:00:00,610,Ariyalur,0.5,-29.600250000000003
2022-08-26 15:00:00,610,Ariyalur,0.5,-29.71475
2022-08-26 18:00:00,610,Ariyalur,7.5,-29.738750000000003
2022-08-27 07:00:00,610,Ariyalur,0.5,-29.506
2022-08-27 21:00:00,610,Ariyalur,0.5,-29.65525
2022-08-28 10:00:00,610,Ariyalur,0.5,-29.61175
2022-08-28 20:00:00,610,Ariyalur,0.5,-29.60725
2022-08-29 07:00:00,610,Ariyalur,0.5,-28.61025
2022-08-29 14:00:00,610,Ariyalur,2.5,-29.01225
2022-08-29 15:00:00,610,Ariyalur,40.5,-29.01225
2022-08-29 16:00:00,610,Ariyalur,0.5,-29.00825
2022-08-30 02:00:00,610,Ariyalur,0.5,-28.64725
2022-08-30 11:00:00,610,Ariyalur,0.5,-28.9865
2022-08-30 14:00:00,610,Ariyalur,2.5,-28.9865
2022-08-30 20:00:00,610,Ariyalur,0.5,-29.0025
2022-08-31 03:00:00,610,Ariyalur,2.0,-28.815
2022-08-31 04:00:00,610,Ariyalur,0.5,-28.793
2022-08-31 11:00:00,610,Ariyalur,3.0,-28.96325
2022-08-31 12:00:00,610,Ariyalur,1.5,-28.96325
2022-08-31 13:00:00,610,Ariyalur,2.0,-28.96325
2022-08-31 14:00:00,610,Ariyalur,0.75,-28.96325
2022-08-31 16:00:00,610,Ariyalur,1.0,-28.963
2022-08-31 17:00:00,610,Ariyalur,0.5,-28.963
2022-08-31 18:00:00,610,Ariyalur,1.0,-28.963
2022-08-31 23:00:00,610,Ariyalur,0.5,-28.86
2022-09-01 08:00:00,610,Ariyalur,0.5,-28.80325
2022-09-01 09:00:00,610,Ariyalur,53.0,-28.80325
2022-09-01 10:00:00,610,Ariyalur,1.0,-28.85375
2022-09-01 11:00:00,610,Ariyalur,2.0,-28.85375
2022-09-01 12:00:00,610,Ariyalur,1.25,-28.85375
2022-09-01 13:00:00,610,Ariyalur,0.75,-28.85375
2022-09-02 16:00:00,610,Ariyalur,0.5,-28.90525
2022-09-04 15:00:00,610,Ariyalur,3.0,-28.73075
2022-09-04 18:00:00,610,Ariyalur,2.5,-28.7925
2022-09-05 17:00:00,610,Ariyalur,4.5,-28.70775
2022-09-06 18:00:00,610,Ariyalur,2.0,-28.73375
2022-09-06 20:00:00,610,Ariyalur,0.5,-28.73375
2022-09-06 21:00:00,610,Ariyalur,0.5,-28.73375
2022-09-16 17:00:00,610,Ariyalur,0.5,-29.30325
2022-09-16 18:00:00,610,Ariyalur,3.5,-29.30325
2022-09-18 17:00:00,610,Ariyalur,1.0,-29.367
2022-09-24 17:00:00,610,Ariyalur,0.5,-29.41925
2022-09-24 18:00:00,610,Ariyalur,2.0,-29.41925
2022-09-24 20:00:00,610,Ariyalur,1.0,-29.41925
2022-09-24 22:00:00,610,Ariyalur,0.5,-29.2755
2022-09-25 00:00:00,610,Ariyalur,32.0,-29.2755
2022-09-25 01:00:00,610,Ariyalur,2.0,-29.2755
2022-09-26 00:00:00,610,Ariyalur,13.0,-29.39325
2022-09-26 01:00:00,610,Ariyalur,1.0,-29.39325
2022-09-26 02:00:00,610,Ariyalur,1.5,-29.39325
2022-09-26 03:00:00,610,Ariyalur,8.5,-29.39325
2022-09-26 04:00:00,610,Ariyalur,1.5,-29.06625
2022-09-26 05:00:00,610,Ariyalur,1.0,-29.06625
2022-09-26 08:00:00,610,Ariyalur,0.5,-29.06625
2022-09-26 10:00:00,610,Ariyalur,1.5,-29.3125
2022-09-26 11:00:00,610,Ariyalur,0.5,-29.3125
2022-09-27 02:00:00,610,Ariyalur,3.0,-29.08125
2022-09-27 03:00:00,610,Ariyalur,1.25,-29.08125
2022-09-27 04:00:00,610,Ariyalur,1.5,-28.93925
2022-09-29 03:00:00,610,Ariyalur,0.5,-29.09375
2022-10-08 21:00:00,610,Ariyalur,0.5,-29.38475
2022-10-09 21:00:00,610,Ariyalur,0.5,-29.271
2022-10-09 22:00:00,610,Ariyalur,0.5,-29.1185
2022-10-10 00:00:00,610,Ariyalur,2.0,-29.1185
2022-10-10 01:00:00,610,Ariyalur,0.5,-29.1185
2022-10-10 15:00:00,610,Ariyalur,0.5,-29.1975
2022-10-10 21:00:00,610,Ariyalur,32.5,-29.22575
2022-10-10 22:00:00,610,Ariyalur,4.0,-36.61633333333334
2022-10-11 08:00:00,610,Ariyalur,0.5,-36.43566666666666
2022-10-13 15:00:00,610,Ariyalur,0.5,-36.506
2022-10-13 16:00:00,610,Ariyalur,9.0,-36.94233333333333
2022-10-14 18:00:00,610,Ariyalur,3.0,-36.88633333333333
2022-10-15 01:00:00,610,Ariyalur,1.5,-36.687333333333335
2022-10-15 02:00:00,610,Ariyalur,9.0,-36.687333333333335
2022-10-15 03:00:00,610,Ariyalur,2.5,-36.687333333333335
2022-10-15 04:00:00,610,Ariyalur,1.5,-36.48666666666667
2022-10-15 06:00:00,610,Ariyalur,0.5,-36.48666666666667
2022-10-17 17:00:00,610,Ariyalur,0.5,-36.82333333333333
2022-10-20 17:00:00,610,Ariyalur,5.0,-29.496
2022-10-21 01:00:00,610,Ariyalur,1.5,-29.385
2022-10-21 03:00:00,610,Ariyalur,24.25,-29.385
2022-10-21 04:00:00,610,Ariyalur,2.0,-29.2255
2022-10-21 16:00:00,610,Ariyalur,3.0,-29.47225
2022-10-21 18:00:00,610,Ariyalur,0.5,-29.47225
2022-10-21 19:00:00,610,Ariyalur,0.75,-29.47225
2022-10-22 16:00:00,610,Ariyalur,11.0,-29.026
2022-10-22 17:00:00,610,Ariyalur,4.25,-29.026
2022-10-22 18:00:00,610,Ariyalur,1.5,-29.026
2022-10-22 19:00:00,610,Ariyalur,2.5,-29.026
2022-10-22 20:00:00,610,Ariyalur,2.5,-29.026
2022-10-22 21:00:00,610,Ariyalur,2.0,-29.026
2022-10-22 22:00:00,610,Ariyalur,0.5,-28.798
2022-10-29 02:00:00,610,Ariyalur,10.5,-29.07475
2022-10-29 03:00:00,610,Ariyalur,2.75,-29.07475
2022-10-29 04:00:00,610,Ariyalur,1.5,-28.919
2022-10-29 05:00:00,610,Ariyalur,5.75,-28.919
2022-10-29 06:00:00,610,Ariyalur,3.0,-28.919
2022-10-29 07:00:00,610,Ariyalur,0.5,-28.919
2022-10-29 12:00:00,610,Ariyalur,0.5,-29.55675
2022-10-29 17:00:00,610,Ariyalur,0.5,-29.20825
2022-10-29 18:00:00,610,Ariyalur,0.5,-29.20825
2022-10-30 00:00:00,610,Ariyalur,0.75,-29.12225
2022-10-30 01:00:00,610,Ariyalur,1.25,-29.12225
2022-10-30 02:00:00,610,Ariyalur,1.5,-29.12225
2022-10-30 03:00:00,610,Ariyalur,0.5,-29.12225
2022-10-30 15:00:00,610,Ariyalur,1.5,-29.374
2022-11-01 14:00:00,610,Ariyalur,1.5,-29.34375
2022-11-01 15:00:00,610,Ariyalur,1.0,-29.34375
2022-11-01 16:00:00,610,Ariyalur,1.0,-29.0875
2022-11-01 17:00:00,610,Ariyalur,0.5,-29.0875
2022-11-01 18:00:00,610,Ariyalur,0.5,-29.0875
2022-11-01 19:00:00,610,Ariyalur,0.5,-29.0875
2022-11-01 20:00:00,610,Ariyalur,1.0,-29.0875
2022-11-02 23:00:00,610,Ariyalur,1.0,-28.78225
2022-11-03 00:00:00,610,Ariyalur,2.0,-28.78225
2022-11-03 03:00:00,610,Ariyalur,0.5,-28.78225
2022-11-03 04:00:00,610,Ariyalur,0.5,-25.73
2022-11-03 05:00:00,610,Ariyalur,1.0,-25.73
2022-11-03 06:00:00,610,Ariyalur,1.5,-25.73
2022-11-03 07:00:00,610,Ariyalur,1.0,-25.73
2022-11-03 08:00:00,610,Ariyalur,1.0,-25.73
2022-11-03 11:00:00,610,Ariyalur,1.5,-25.90475
2022-11-04 17:00:00,610,Ariyalur,2.5,-26.498
2022-11-05 00:00:00,610,Ariyalur,3.5,-26.379
2022-11-05 08:00:00,610,Ariyalur,0.5,-26.245
2022-11-10 22:00:00,610,Ariyalur,1.0,-26.499
2022-11-10 23:00:00,610,Ariyalur,1.5,-26.499
2022-11-11 01:00:00,610,Ariyalur,1.0,-26.499
2022-11-11 04:00:00,610,Ariyalur,6.25,-26.1435
2022-11-11 05:00:00,610,Ariyalur,7.5,-26.1435
2022-11-11 06:00:00,610,Ariyalur,4.75,-26.1435
2022-11-11 07:00:00,610,Ariyalur,7.5,-26.1435
2022-11-11 08:00:00,610,Ariyalur,7.25,-26.1435
2022-11-11 09:00:00,610,Ariyalur,6.0,-26.1435
2022-11-11 10:00:00,610,Ariyalur,11.0,-28.909
2022-11-11 11:00:00,610,Ariyalur,7.5,-28.909
2022-11-11 12:00:00,610,Ariyalur,6.0,-28.909
2022-11-11 13:00:00,610,Ariyalur,1.5,-28.909
2022-11-11 14:00:00,610,Ariyalur,2.25,-28.909
2022-11-11 15:00:00,610,Ariyalur,5.0,-28.909
2022-11-11 16:00:00,610,Ariyalur,3.0,-28.37066666666667
2022-11-11 17:00:00,610,Ariyalur,2.0,-28.37066666666667
2022-11-11 18:00:00,610,Ariyalur,1.0,-28.37066666666667
2022-11-12 05:00:00,610,Ariyalur,1.0,-28.001666666666665
2022-11-12 06:00:00,610,Ariyalur,2.0,-28.001666666666665
2022-11-12 07:00:00,610,Ariyalur,0.5,-28.001666666666665
2022-11-29 13:25:00,610,Ariyalur,1.0,-10.829
2022-11-29 13:30:00,610,Ariyalur,1.0,-10.829
2022-11-29 13:35:00,610,Ariyalur,1.0,-10.829
2022-11-29 13:40:00,610,Ariyalur,1.0,-10.829
2022-11-29 13:45:00,610,Ariyalur,1.0,-10.829
2022-11-29 13:50:00,610,Ariyalur,1.0,-10.829
2022-11-29 13:55:00,610,Ariyalur,1.0,-10.829
2022-11-29 14:00:00,610,Ariyalur,1.0,-10.829
2022-12-01 05:00:00,610,Ariyalur,2.0,-26.71125
2022-12-01 05:10:00,610,Ariyalur,1.5,-26.71125
2022-12-01 05:15:00,610,Ariyalur,2.5,-26.71125
2022-12-01 05:20:00,610,Ariyalur,4.0,-26.71125
2022-12-01 05:30:00,610,Ariyalur,5.0,-26.71125
2022-12-01 05:35:00,610,Ariyalur,5.5,-26.71125
2022-12-01 05:40:00,610,Ariyalur,5.5,-26.71125
2022-12-01 05:50:00,610,Ariyalur,6.0,-26.71125
2022-12-01 05:55:00,610,Ariyalur,6.5,-26.71125
2022-12-01 06:00:00,610,Ariyalur,4.5,-26.71125
2022-12-01 06:15:00,610,Ariyalur,6.5,-26.71125
2022-12-01 06:25:00,610,Ariyalur,6.5,-26.71125
2022-12-01 06:30:00,610,Ariyalur,6.5,-26.71125
2022-12-01 06:50:00,610,Ariyalur,6.5,-26.71125
2022-12-01 06:55:00,610,Ariyalur,6.5,-26.71125
2022-12-01 07:00:00,610,Ariyalur,6.5,-26.71125
2022-12-02 16:40:00,610,Ariyalur,5.0,-27.152
2022-12-02 16:50:00,610,Ariyalur,5.0,-27.152
2022-12-02 16:55:00,610,Ariyalur,5.0,-27.152
2022-12-02 17:00:00,610,Ariyalur,5.0,-27.152
2022-12-03 13:00:00,610,Ariyalur,2.0,-27.176
2022-12-03 14:00:00,610,Ariyalur,0.5,-27.176
2022-12-03 15:00:00,610,Ariyalur,1.0,-27.176
2022-12-04 03:10:00,610,Ariyalur,2.5,-26.70525
2022-12-04 03:20:00,610,Ariyalur,4.0,-26.70525
2022-12-04 03:25:00,610,Ariyalur,4.0,-26.70525
2022-12-04 03:30:00,610,Ariyalur,4.0,-26.70525
2022-12-04 03:40:00,610,Ariyalur,4.0,-26.70525
2022-12-04 03:45:00,610,Ariyalur,4.0,-26.70525
2022-12-04 03:50:00,610,Ariyalur,4.0,-26.70525
2022-12-04 03:55:00,610,Ariyalur,4.0,-26.70525
2022-12-04 04:00:00,610,Ariyalur,4.0,-26.70525
2022-12-04 10:40:00,610,Ariyalur,0.5,-27.17
2022-12-04 10:45:00,610,Ariyalur,2.0,-27.17
2022-12-04 10:50:00,610,Ariyalur,2.0,-27.17
2022-12-04 10:55:00,610,Ariyalur,2.0,-27.17
2022-12-04 11:00:00,610,Ariyalur,2.0,-27.17
2022-12-04 12:40:00,610,Ariyalur,0.5,-27.17
2022-12-04 12:45:00,610,Ariyalur,1.5,-27.17
2022-12-04 12:50:00,610,Ariyalur,1.5,-27.17
2022-12-04 12:55:00,610,Ariyalur,2.5,-27.17
2022-12-04 13:05:00,610,Ariyalur,7.0,-27.17
2022-12-04 13:10:00,610,Ariyalur,7.0,-27.17
2022-12-04 13:15:00,610,Ariyalur,7.0,-27.17
2022-12-04 13:20:00,610,Ariyalur,7.0,-27.17
2022-12-04 13:25:00,610,Ariyalur,7.0,-27.17
2022-12-04 13:30:00,610,Ariyalur,7.0,-27.17
2022-12-04 13:35:00,610,Ariyalur,7.0,-27.17
2022-12-04 13:40:00,610,Ariyalur,7.0,-27.17
2022-12-04 13:45:00,610,Ariyalur,7.5,-27.17
2022-12-04 13:55:00,610,Ariyalur,7.5,-27.17
2022-12-04 14:00:00,610,Ariyalur,7.5,-27.17
2022-12-04 14:05:00,610,Ariyalur,4.5,-27.17
2022-12-04 14:10:00,610,Ariyalur,7.5,-27.17
2022-12-04 14:15:00,610,Ariyalur,8.0,-27.17
2022-12-04 14:20:00,610,Ariyalur,8.5,-27.17
2022-12-04 14:25:00,610,Ariyalur,8.5,-27.17
2022-12-04 14:35:00,610,Ariyalur,8.5,-27.17
2022-12-04 14:40:00,610,Ariyalur,8.5,-27.17
2022-12-04 14:45:00,610,Ariyalur,8.5,-27.17
2022-12-04 14:50:00,610,Ariyalur,8.5,-27.17
2022-12-04 14:55:00,610,Ariyalur,8.5,-27.17
2022-12-04 15:05:00,610,Ariyalur,8.5,-26.66025
2022-12-04 15:10:00,610,Ariyalur,8.5,-26.66025
2022-12-04 15:20:00,610,Ariyalur,8.5,-26.66025
2022-12-04 15:25:00,610,Ariyalur,8.5,-26.66025
2022-12-04 15:30:00,610,Ariyalur,8.5,-26.66025
2022-12-04 15:35:00,610,Ariyalur,8.5,-26.66025
2022-12-04 15:40:00,610,Ariyalur,8.5,-26.66025
2022-12-04 15:45:00,610,Ariyalur,8.5,-26.66025
2022-12-04 16:05:00,610,Ariyalur,8.5,-26.66025
2022-12-04 16:10:00,610,Ariyalur,8.5,-26.66025
2022-12-04 16:15:00,610,Ariyalur,8.5,-26.66025
2022-12-04 16:20:00,610,Ariyalur,8.5,-26.66025
2022-12-04 16:25:00,610,Ariyalur,8.5,-26.66025
2022-12-04 16:35:00,610,Ariyalur,8.5,-26.66025
2022-12-04 16:45:00,610,Ariyalur,8.5,-26.66025
2022-12-04 16:50:00,610,Ariyalur,8.5,-26.66025
2022-12-04 16:55:00,610,Ariyalur,8.5,-26.66025
2022-12-04 17:00:00,610,Ariyalur,8.5,-26.66025
2022-12-04 18:45:00,610,Ariyalur,0.5,-26.66025
2022-12-04 18:50:00,610,Ariyalur,1.0,-26.66025
2022-12-04 18:55:00,610,Ariyalur,1.0,-26.66025
2022-12-04 19:00:00,610,Ariyalur,1.5,-26.66025
2022-12-04 19:05:00,610,Ariyalur,0.5,-26.66025
2022-12-04 19:10:00,610,Ariyalur,1.0,-26.66025
2022-12-04 19:15:00,610,Ariyalur,1.0,-26.66025
2022-12-04 19:20:00,610,Ariyalur,1.0,-26.66025
2022-12-04 19:25:00,610,Ariyalur,1.0,-26.66025
2022-12-04 19:30:00,610,Ariyalur,1.0,-26.66025
2022-12-04 19:35:00,610,Ariyalur,1.0,-26.66025
2022-12-04 19:40:00,610,Ariyalur,1.0,-26.66025
2022-12-04 19:50:00,610,Ariyalur,1.0,-26.66025
2022-12-04 19:55:00,610,Ariyalur,1.5,-26.66025
2022-12-04 20:05:00,610,Ariyalur,1.5,-26.66025
2022-12-04 20:10:00,610,Ariyalur,1.5,-26.66025
2022-12-04 20:15:00,610,Ariyalur,1.5,-26.66025
2022-12-04 20:25:00,610,Ariyalur,2.0,-26.66025
2022-12-04 20:35:00,610,Ariyalur,2.5,-26.66025
2022-12-04 20:40:00,610,Ariyalur,2.5,-26.66025
2022-12-04 20:45:00,610,Ariyalur,2.5,-26.66025
2022-12-04 20:50:00,610,Ariyalur,2.5,-26.66025
2022-12-04 20:55:00,610,Ariyalur,2.5,-26.66025
2022-12-04 21:00:00,610,Ariyalur,2.5,-26.66025
2022-12-04 21:20:00,610,Ariyalur,0.5,-25.5195
2022-12-04 21:25:00,610,Ariyalur,0.5,-25.5195
2022-12-04 21:30:00,610,Ariyalur,1.0,-25.5195
2022-12-04 21:35:00,610,Ariyalur,1.5,-25.5195
2022-12-04 21:40:00,610,Ariyalur,1.5,-25.5195
2022-12-04 21:45:00,610,Ariyalur,2.0,-25.5195
2022-12-04 21:50:00,610,Ariyalur,2.0,-25.5195
2022-12-04 21:55:00,610,Ariyalur,2.0,-25.5195
2022-12-04 22:00:00,610,Ariyalur,2.5,-25.5195
2022-12-04 22:10:00,610,Ariyalur,0.5,-25.5195
2022-12-04 22:15:00,610,Ariyalur,0.5,-25.5195
2022-12-04 22:30:00,610,Ariyalur,2.0,-25.5195
2022-12-04 22:35:00,610,Ariyalur,2.5,-25.5195
2022-12-04 22:45:00,610,Ariyalur,3.5,-25.5195
2022-12-04 22:50:00,610,Ariyalur,4.0,-25.5195
2022-12-04 23:00:00,610,Ariyalur,4.5,-25.5195
2022-12-04 23:10:00,610,Ariyalur,0.5,-25.5195
2022-12-04 23:15:00,610,Ariyalur,0.5,-25.5195
2022-12-04 23:20:00,610,Ariyalur,0.5,-25.5195
2022-12-04 23:25:00,610,Ariyalur,0.5,-25.5195
2022-12-04 23:30:00,610,Ariyalur,1.0,-25.5195
2022-12-04 23:40:00,610,Ariyalur,1.0,-25.5195
2022-12-04 23:45:00,610,Ariyalur,1.0,-25.5195
2022-12-04 23:50:00,610,Ariyalur,1.5,-25.5195
2022-12-04 23:55:00,610,Ariyalur,2.0,-25.5195
2022-12-05 00:00:00,610,Ariyalur,2.5,-25.5195
2022-12-05 00:05:00,610,Ariyalur,0.5,-25.5195
2022-12-05 00:10:00,610,Ariyalur,1.0,-25.5195
2022-12-05 00:15:00,610,Ariyalur,1.0,-25.5195
2022-12-05 00:20:00,610,Ariyalur,1.5,-25.5195
2022-12-05 00:25:00,610,Ariyalur,1.5,-25.5195
2022-12-05 00:30:00,610,Ariyalur,2.0,-25.5195
2022-12-05 00:35:00,610,Ariyalur,2.5,-25.5195
2022-12-05 00:40:00,610,Ariyalur,2.5,-25.5195
2022-12-05 00:45:00,610,Ariyalur,2.5,-25.5195
2022-12-05 00:50:00,610,Ariyalur,3.0,-25.5195
2022-12-05 00:55:00,610,Ariyalur,3.0,-25.5195
2022-12-05 01:00:00,610,Ariyalur,3.0,-25.5195
2022-12-05 01:30:00,610,Ariyalur,0.5,-25.5195
2022-12-05 01:40:00,610,Ariyalur,1.0,-25.5195
2022-12-05 01:45:00,610,Ariyalur,1.0,-25.5195
2022-12-05 01:55:00,610,Ariyalur,2.0,-25.5195
2022-12-05 02:00:00,610,Ariyalur,3.0,-25.5195
2022-12-05 02:05:00,610,Ariyalur,0.5,-25.5195
2022-12-05 02:10:00,610,Ariyalur,2.0,-25.5195
2022-12-05 02:25:00,610,Ariyalur,4.5,-25.5195
2022-12-05 02:30:00,610,Ariyalur,4.5,-25.5195
2022-12-05 02:35:00,610,Ariyalur,5.5,-25.5195
2022-12-05 02:40:00,610,Ariyalur,5.5,-25.5195
2022-12-05 02:45:00,610,Ariyalur,6.0,-25.5195
2022-12-05 03:05:00,610,Ariyalur,7.5,-25.14025
2022-12-05 03:10:00,610,Ariyalur,8.0,-25.14025
2022-12-05 03:15:00,610,Ariyalur,8.0,-25.14025
2022-12-05 03:35:00,610,Ariyalur,8.0,-25.14025
2022-12-05 03:45:00,610,Ariyalur,8.0,-25.14025
2022-12-05 03:50:00,610,Ariyalur,8.0,-25.14025
2022-12-05 03:55:00,610,Ariyalur,8.0,-25.14025
2022-12-05 04:00:00,610,Ariyalur,8.0,-25.14025
2022-12-08 19:00:00,610,Ariyalur,2.5,-25.356
2022-12-08 20:00:00,610,Ariyalur,0.5,-25.356
2022-12-08 22:00:00,610,Ariyalur,0.5,-25.2365
2022-12-09 05:00:00,610,Ariyalur,0.5,-25.12475
2022-12-10 07:00:00,610,Ariyalur,2.0,-25.195
2022-12-10 08:00:00,610,Ariyalur,5.0,-25.195
2022-12-10 09:00:00,610,Ariyalur,0.5,-25.195
2022-12-11 17:00:00,610,Ariyalur,0.5,-26.0405
2022-12-12 13:00:00,610,Ariyalur,0.5,-25.9355
2022-12-12 15:00:00,610,Ariyalur,18.0,-25.9355
2022-12-12 16:00:00,610,Ariyalur,23.0,-24.73875
2022-12-12 21:00:00,610,Ariyalur,3.0,-24.73875
2022-12-13 12:00:00,610,Ariyalur,10.5,-24.90225
2022-12-13 13:00:00,610,Ariyalur,2.75,-24.90225
2022-12-13 14:00:00,610,Ariyalur,18.25,-24.90225
2022-12-13 15:00:00,610,Ariyalur,1.5,-24.90225
2022-12-13 16:00:00,610,Ariyalur,4.0,-24.7265
2022-12-13 17:00:00,610,Ariyalur,4.25,-24.7265
2022-12-18 13:00:00,610,Ariyalur,1.0,-25.05525
2022-12-25 11:00:00,610,Ariyalur,0.5,-25.48325
2022-12-25 12:00:00,610,Ariyalur,2.0,-25.48325
2022-12-25 13:00:00,610,Ariyalur,0.5,-25.48325
2022-12-25 14:00:00,610,Ariyalur,4.5,-25.48325
2022-12-25 15:00:00,610,Ariyalur,2.5,-25.48325
2022-12-25 20:00:00,610,Ariyalur,0.5,-25.556
2022-12-25 22:00:00,610,Ariyalur,0.5,-25.46375
2022-12-26 04:00:00,610,Ariyalur,2.0,-25.3485
2022-12-26 08:00:00,610,Ariyalur,0.5,-25.3485
2022-12-26 11:00:00,610,Ariyalur,0.5,-25.74825
2022-12-26 12:00:00,610,Ariyalur,4.0,-25.74825
2022-12-26 13:00:00,610,Ariyalur,1.0,-25.74825
2022-12-26 15:00:00,610,Ariyalur,1.5,-25.74825
2022-12-27 11:00:00,610,Ariyalur,0.5,-25.91575
2023-01-08 08:00:00,610,Ariyalur,0.5,-27.837666666666667
2023-01-30 10:00:00,610,Ariyalur,2.0,-29.97575
2023-01-30 11:00:00,610,Ariyalur,4.5,-29.97575
2023-01-30 12:00:00,610,Ariyalur,0.5,-29.97575
2023-02-02 03:00:00,610,Ariyalur,0.5,-29.29025
2023-02-02 08:00:00,610,Ariyalur,0.5,-29.03075
2023-02-02 09:00:00,610,Ariyalur,0.75,-29.03075
2023-02-02 10:00:00,610,Ariyalur,0.75,-29.48175
2023-02-02 12:00:00,610,Ariyalur,1.0,-29.48175
2023-02-02 13:00:00,610,Ariyalur,1.25,-29.48175
2023-02-02 14:00:00,610,Ariyalur,0.5,-29.48175
2023-02-03 14:00:00,610,Ariyalur,0.5,-29.389000000000003
2023-02-03 15:00:00,610,Ariyalur,1.0,-29.389000000000003
2023-02-03 16:00:00,610,Ariyalur,2.5,-29.068
2023-02-03 17:00:00,610,Ariyalur,0.5,-29.068
2023-02-03 23:00:00,610,Ariyalur,0.5,-28.94375
2023-02-04 04:00:00,610,Ariyalur,1.0,-28.73225
2023-02-04 05:00:00,610,Ariyalur,0.5,-28.73225
2023-03-19 19:00:00,610,Ariyalur,10.0,-32.258
2023-03-19 20:00:00,610,Ariyalur,3.5,-32.258
2023-03-19 22:00:00,610,Ariyalur,0.5,-32.113
2023-03-20 00:00:00,610,Ariyalur,2.5,-32.113
2023-03-20 15:00:00,610,Ariyalur,7.5,-32.003750000000004
2023-03-20 16:00:00,610,Ariyalur,2.0,-31.694
2023-03-20 17:00:00,610,Ariyalur,12.0,-31.694
2023-03-22 06:00:00,610,Ariyalur,3.5,-31.346
2023-04-24 00:00:00,610,Ariyalur,0.5,-34.611999999999995
2023-04-25 10:00:00,610,Ariyalur,4.0,-18.51533333333333
2023-04-25 12:00:00,610,Ariyalur,1.5,-18.51533333333333
2023-04-29 14:00:00,610,Ariyalur,4.0,-34.6815
2023-04-29 15:00:00,610,Ariyalur,0.5,-34.6815
2023-04-30 15:00:00,610,Ariyalur,2.25,-62.1765
2023-04-30 16:00:00,610,Ariyalur,0.5,-34.840500000000006
2023-05-01 06:00:00,610,Ariyalur,2.0,-34.29875
2023-05-01 07:00:00,610,Ariyalur,0.5,-34.29875
2023-05-01 12:00:00,610,Ariyalur,3.0,-34.458
2023-05-01 13:00:00,610,Ariyalur,1.0,-34.458
2023-05-01 18:00:00,610,Ariyalur,0.5,-34.44
2023-05-02 01:00:00,610,Ariyalur,10.5,-34.354
2023-05-02 02:00:00,610,Ariyalur,22.5,-34.354
2023-05-02 03:00:00,610,Ariyalur,1.75,-34.354
2023-05-02 04:00:00,610,Ariyalur,3.75,-33.9635
2023-05-02 05:00:00,610,Ariyalur,2.5,-33.9635
2023-05-02 06:00:00,610,Ariyalur,2.5,-33.9635
2023-05-02 07:00:00,610,Ariyalur,3.0,-33.9635
2023-05-02 08:00:00,610,Ariyalur,3.75,-33.9635
2023-05-02 09:00:00,610,Ariyalur,1.5,-33.9635
2023-05-03 17:00:00,610,Ariyalur,12.5,-33.116
2023-05-03 18:00:00,610,Ariyalur,14.25,-33.116
2023-05-03 19:00:00,610,Ariyalur,3.0,-33.116
2023-05-03 20:00:00,610,Ariyalur,1.5,-33.116
2023-05-03 21:00:00,610,Ariyalur,2.5,-33.116
2023-05-03 22:00:00,610,Ariyalur,2.25,-32.82325
2023-05-03 23:00:00,610,Ariyalur,2.75,-32.82325
2023-05-04 23:00:00,610,Ariyalur,0.5,-32.727000000000004
2023-05-05 00:00:00,610,Ariyalur,0.5,-32.727000000000004
2023-05-06 18:00:00,610,Ariyalur,8.0,-32.343999999999994
2023-05-06 19:00:00,610,Ariyalur,38.5,-32.343999999999994
2023-05-06 20:00:00,610,Ariyalur,2.0,-32.343999999999994
2023-05-06 21:00:00,610,Ariyalur,2.5,-32.343999999999994
2023-05-06 22:00:00,610,Ariyalur,0.5,-32.415
2023-05-06 23:00:00,610,Ariyalur,0.5,-32.415
2023-05-07 20:00:00,610,Ariyalur,0.5,-32.54925
2023-05-07 21:00:00,610,Ariyalur,9.75,-32.54925
2023-05-07 22:00:00,610,Ariyalur,1.25,-32.2495
2023-05-07 23:00:00,610,Ariyalur,0.75,-32.2495
2023-06-01 23:00:00,610,Ariyalur,13.5,-33.203500000000005
2023-06-02 00:00:00,610,Ariyalur,6.5,-33.203500000000005
2023-06-05 22:00:00,610,Ariyalur,18.5,-33.67275
2023-06-05 23:00:00,610,Ariyalur,0.5,-33.67275
2023-06-06 00:00:00,610,Ariyalur,1.0,-33.67275
2023-06-12 20:00:00,610,Ariyalur,1.5,-34.826750000000004
2023-06-12 21:00:00,610,Ariyalur,0.5,-34.826750000000004
2023-06-12 22:00:00,610,Ariyalur,0.5,-34.4585
2023-06-12 23:00:00,610,Ariyalur,0.5,-34.4585
2023-06-13 20:00:00,610,Ariyalur,1.5,-34.456
2023-06-18 14:00:00,610,Ariyalur,0.5,-34.69225
2023-06-18 15:00:00,610,Ariyalur,0.5,-34.69225
2023-06-19 00:00:00,610,Ariyalur,0.5,-34.34275
2023-06-19 06:00:00,610,Ariyalur,0.5,-34.103500000000004
2023-06-19 10:00:00,610,Ariyalur,0.5,-34.582750000000004
2023-06-20 03:00:00,610,Ariyalur,1.5,-34.23349999999999
2023-06-20 04:00:00,610,Ariyalur,0.5,-34.01975
2023-06-20 07:00:00,610,Ariyalur,2.0,-34.01975
2023-06-22 16:00:00,610,Ariyalur,0.5,-34.366
2023-06-30 20:00:00,610,Ariyalur,0.5,-35.3325
2023-07-08 19:00:00,610,Ariyalur,1.5,-35.66475
2023-07-09 19:00:00,610,Ariyalur,9.0,-35.9765
2023-07-09 20:00:00,610,Ariyalur,0.5,-35.9765
2023-07-09 21:00:00,610,Ariyalur,10.5,-35.9765
2023-07-09 22:00:00,610,Ariyalur,37.5,-35.70925
2023-07-09 23:00:00,610,Ariyalur,3.0,-35.70925
2023-07-10 00:00:00,610,Ariyalur,0.5,-35.70925
2023-07-10 01:00:00,610,Ariyalur,0.5,-35.70925
2023-07-10 02:00:00,610,Ariyalur,0.5,-35.70925
2023-07-10 03:00:00,610,Ariyalur,0.5,-35.70925
2023-07-10 06:00:00,610,Ariyalur,0.5,-35.504999999999995
2023-07-10 16:00:00,610,Ariyalur,1.0,-35.764
2023-07-10 17:00:00,610,Ariyalur,1.0,-35.764
2023-07-10 18:00:00,610,Ariyalur,0.5,-35.764
2023-07-10 23:00:00,610,Ariyalur,14.25,-35.433
2023-07-11 00:00:00,610,Ariyalur,1.5,-35.433
2023-07-11 01:00:00,610,Ariyalur,3.5,-35.433
2023-07-11 02:00:00,610,Ariyalur,2.0,-35.433
2023-07-11 21:00:00,610,Ariyalur,5.0,-35.346250000000005
2023-07-23 18:00:00,610,Ariyalur,1.25,-36.56525
2023-08-05 21:00:00,610,Ariyalur,1.25,-21.563333333333333
2023-08-05 22:00:00,610,Ariyalur,1.0,-21.435
2023-08-09 18:00:00,610,Ariyalur,2.25,-37.686
2023-08-09 19:00:00,610,Ariyalur,3.5,-37.686
2023-08-09 21:00:00,610,Ariyalur,1.0,-37.686
2023-08-09 22:00:00,610,Ariyalur,0.5,-37.4115
2023-08-10 00:00:00,610,Ariyalur,37.5,-37.4115
2023-08-10 01:00:00,610,Ariyalur,9.0,-37.4115
2023-08-10 02:00:00,610,Ariyalur,5.0,-37.4115
2023-08-10 03:00:00,610,Ariyalur,4.0,-37.4115
2023-08-10 04:00:00,610,Ariyalur,1.5,-36.38775
2023-08-10 05:00:00,610,Ariyalur,0.5,-36.38775
2023-08-10 08:00:00,610,Ariyalur,0.5,-36.38775
2023-08-11 00:00:00,610,Ariyalur,0.5,-34.8895
2023-08-11 16:00:00,610,Ariyalur,7.5,-34.65575
2023-08-11 17:00:00,610,Ariyalur,0.5,-34.65575
2023-08-11 18:00:00,610,Ariyalur,0.5,-34.65575
2023-08-11 19:00:00,610,Ariyalur,11.0,-34.65575
2023-08-11 20:00:00,610,Ariyalur,0.5,-34.65575
2023-08-11 21:00:00,610,Ariyalur,0.5,-34.65575
2023-08-11 22:00:00,610,Ariyalur,0.5,-34.08925
2023-08-11 23:00:00,610,Ariyalur,1.75,-34.08925
2023-08-12 00:00:00,610,Ariyalur,0.5,-34.08925
2023-08-12 02:00:00,610,Ariyalur,0.5,-34.08925
2023-08-12 05:00:00,610,Ariyalur,0.5,-33.55225
2023-08-13 01:00:00,610,Ariyalur,1.0,-33.45375
2023-08-13 02:00:00,610,Ariyalur,0.75,-33.45375
2023-08-13 04:00:00,610,Ariyalur,0.5,-32.9515
2023-08-13 12:00:00,610,Ariyalur,0.5,-33.2555
2023-08-13 16:00:00,610,Ariyalur,1.5,-33.15775
2023-08-13 17:00:00,610,Ariyalur,4.0,-33.15775
2023-08-23 18:00:00,610,Ariyalur,8.0,-35.97225
2023-08-24 00:00:00,610,Ariyalur,5.5,-35.821
2023-08-28 00:00:00,610,Ariyalur,2.5,-36.0075
2023-08-28 11:00:00,610,Ariyalur,0.5,-36.32075
2023-08-28 16:00:00,610,Ariyalur,2.5,-36.411
2023-08-29 16:00:00,610,Ariyalur,2.5,-36.28575
2023-08-29 17:00:00,610,Ariyalur,1.0,-36.28575
2023-08-29 18:00:00,610,Ariyalur,10.0,-36.28575
2023-08-29 19:00:00,610,Ariyalur,1.0,-36.28575
2023-08-29 21:00:00,610,Ariyalur,0.5,-36.28575
2023-08-29 22:00:00,610,Ariyalur,14.5,-32.9425
2023-08-29 23:00:00,610,Ariyalur,1.0,-32.9425
2023-08-30 14:00:00,610,Ariyalur,2.0,-33.371
2023-08-30 17:00:00,610,Ariyalur,0.5,-33.442750000000004
2023-08-30 18:00:00,610,Ariyalur,0.5,-33.442750000000004
2023-08-30 20:00:00,610,Ariyalur,1.5,-33.442750000000004
2023-08-30 21:00:00,610,Ariyalur,0.5,-33.442750000000004
2023-08-31 16:00:00,610,Ariyalur,1.5,-33.51325
2023-08-31 17:00:00,610,Ariyalur,2.0,-33.51325
2023-08-31 19:00:00,610,Ariyalur,0.5,-33.51325
2023-08-31 20:00:00,610,Ariyalur,0.5,-33.51325
2023-08-31 21:00:00,610,Ariyalur,2.5,-33.51325
2023-08-31 22:00:00,610,Ariyalur,2.0,-33.3025
2023-09-02 02:00:00,610,Ariyalur,0.5,-33.429
2023-09-02 03:00:00,610,Ariyalur,0.5,-33.429
2023-09-04 21:00:00,610,Ariyalur,12.5,-34.244
2023-09-04 22:00:00,610,Ariyalur,1.0,-33.7805
2023-09-04 23:00:00,610,Ariyalur,0.5,-33.7805
2023-09-07 19:00:00,610,Ariyalur,3.5,-33.929
2023-09-07 20:00:00,610,Ariyalur,1.0,-33.929
2023-09-07 21:00:00,610,Ariyalur,1.0,-33.929
2023-09-07 22:00:00,610,Ariyalur,0.75,-32.171
2023-09-10 00:00:00,610,Ariyalur,2.0,-32.80275
2023-09-12 20:00:00,610,Ariyalur,9.75,-33.44225
2023-09-12 21:00:00,610,Ariyalur,0.75,-33.44225
2023-09-12 23:00:00,610,Ariyalur,2.25,-33.243
2023-09-13 00:00:00,610,Ariyalur,1.0,-33.243
2023-09-13 05:00:00,610,Ariyalur,0.5,-33.0905
2023-09-13 20:00:00,610,Ariyalur,0.5,-33.6115
2023-09-17 17:00:00,610,Ariyalur,5.5,-34.223
2023-09-17 21:00:00,610,Ariyalur,3.5,-34.223
2023-09-17 22:00:00,610,Ariyalur,4.5,-33.28025
2023-09-17 23:00:00,610,Ariyalur,2.5,-33.28025
2023-09-18 00:00:00,610,Ariyalur,1.5,-33.28025
2023-09-18 01:00:00,610,Ariyalur,0.5,-33.28025
2023-09-18 05:00:00,610,Ariyalur,0.5,-33.1425
2023-09-18 10:00:00,610,Ariyalur,0.5,-33.453
2023-09-18 19:00:00,610,Ariyalur,1.0,-33.75675
2023-09-18 20:00:00,610,Ariyalur,3.0,-33.75675
2023-09-18 21:00:00,610,Ariyalur,0.5,-33.75675
2023-09-18 22:00:00,610,Ariyalur,0.5,-33.49425
2023-09-19 00:00:00,610,Ariyalur,0.5,-33.49425
2023-09-19 12:00:00,610,Ariyalur,0.5,-33.80725
2023-09-19 19:00:00,610,Ariyalur,0.5,-33.919
2023-09-20 18:00:00,610,Ariyalur,3.0,-33.73275
2023-09-20 20:00:00,610,Ariyalur,0.5,-33.73275
2023-09-21 16:00:00,610,Ariyalur,0.5,-34.04775
2023-09-21 17:00:00,610,Ariyalur,1.0,-34.04775
2023-10-11 16:00:00,610,Ariyalur,0.5,-36.164750000000005
2023-10-12 01:00:00,610,Ariyalur,0.5,-35.88175
2023-10-12 17:00:00,610,Ariyalur,0.5,-36.251000000000005
2023-10-12 20:00:00,610,Ariyalur,15.0,-36.251000000000005
2023-10-14 16:00:00,610,Ariyalur,1.0,-36.1125
2023-10-14 17:00:00,610,Ariyalur,0.5,-36.1125
2023-10-14 21:00:00,610,Ariyalur,0.5,-36.1125
2023-10-16 16:00:00,610,Ariyalur,2.5,-36.346500000000006
2023-10-16 18:00:00,610,Ariyalur,2.0,-36.346500000000006
2023-10-16 19:00:00,610,Ariyalur,0.5,-36.346500000000006
2023-10-16 21:00:00,610,Ariyalur,0.5,-36.346500000000006
2023-10-17 16:00:00,610,Ariyalur,0.5,-36.161
2023-10-28 15:00:00,610,Ariyalur,4.0,-36.83275
2023-10-28 20:00:00,610,Ariyalur,35.5,-36.78975
2023-10-28 21:00:00,610,Ariyalur,4.0,-36.78975
2023-10-28 23:00:00,610,Ariyalur,0.5,-36.57075
2023-10-29 00:00:00,610,Ariyalur,0.5,-36.57075
2023-10-29 03:00:00,610,Ariyalur,1.0,-36.57075
2023-10-29 07:00:00,610,Ariyalur,6.5,-36.4035
2023-10-29 11:00:00,610,Ariyalur,0.5,-36.84525
2023-10-29 12:00:00,610,Ariyalur,3.0,-36.84525
2023-10-29 17:00:00,610,Ariyalur,1.0,-36.78275
2023-10-29 19:00:00,610,Ariyalur,0.5,-36.78275
2023-10-29 21:00:00,610,Ariyalur,2.0,-36.78275
2023-10-29 22:00:00,610,Ariyalur,5.75,-36.2885
2023-10-29 23:00:00,610,Ariyalur,1.5,-36.2885
2023-10-30 00:00:00,610,Ariyalur,1.5,-36.2885
2023-10-30 01:00:00,610,Ariyalur,0.5,-36.2885
2023-10-30 02:00:00,610,Ariyalur,0.5,-36.2885
2023-10-30 03:00:00,610,Ariyalur,0.5,-36.2885
2023-10-30 11:00:00,610,Ariyalur,6.0,-35.986999999999995
2023-10-30 14:00:00,610,Ariyalur,2.0,-35.986999999999995
2023-10-30 15:00:00,610,Ariyalur,3.0,-35.986999999999995
2023-10-30 17:00:00,610,Ariyalur,0.5,-35.90275
2023-10-30 18:00:00,610,Ariyalur,1.0,-35.90275
2023-10-30 20:00:00,610,Ariyalur,1.0,-35.90275
2023-10-30 21:00:00,610,Ariyalur,104.5,-35.90275
2023-10-30 22:00:00,610,Ariyalur,5.0,-35.867999999999995
2023-10-30 23:00:00,610,Ariyalur,0.5,-35.867999999999995
2023-10-31 05:00:00,610,Ariyalur,0.5,-35.74825
2023-10-31 06:00:00,610,Ariyalur,0.5,-35.74825
2023-10-31 07:00:00,610,Ariyalur,0.5,-35.74825
2023-10-31 08:00:00,610,Ariyalur,17.5,-35.74825
2023-10-31 09:00:00,610,Ariyalur,20.5,-35.74825
2023-10-31 10:00:00,610,Ariyalur,7.0,-36.215
2023-10-31 11:00:00,610,Ariyalur,30.5,-36.215
2023-10-31 12:00:00,610,Ariyalur,21.5,-36.215
2023-10-31 13:00:00,610,Ariyalur,6.5,-36.215
2023-10-31 14:00:00,610,Ariyalur,21.0,-36.215
2023-10-31 15:00:00,610,Ariyalur,13.0,-36.215
2023-10-31 16:00:00,610,Ariyalur,31.5,-36.234
2023-10-31 19:00:00,610,Ariyalur,0.5,-36.234
2023-11-01 00:00:00,610,Ariyalur,101.0,-35.989000000000004
2023-11-02 02:00:00,610,Ariyalur,5.5,-36.026250000000005
2023-11-02 03:00:00,610,Ariyalur,3.0,-36.026250000000005
2023-11-02 04:00:00,610,Ariyalur,1.0,-35.82125
2023-11-02 12:00:00,610,Ariyalur,0.5,-36.331500000000005
2023-11-02 14:00:00,610,Ariyalur,3.5,-36.331500000000005
2023-11-02 15:00:00,610,Ariyalur,5.0,-36.331500000000005
2023-11-02 17:00:00,610,Ariyalur,0.5,-36.034
2023-11-03 01:00:00,610,Ariyalur,0.5,-35.90025
2023-11-03 13:00:00,610,Ariyalur,1.5,-35.675
2023-11-04 00:00:00,610,Ariyalur,2.0,-35.5215
2023-11-04 08:00:00,610,Ariyalur,0.5,-34.53675
2023-11-08 01:00:00,610,Ariyalur,0.5,-35.041250000000005
2023-11-08 04:00:00,610,Ariyalur,0.5,-34.81275
2023-11-08 23:00:00,610,Ariyalur,1.5,-34.9675
2023-11-09 00:00:00,610,Ariyalur,0.75,-34.9675
2023-11-09 02:00:00,610,Ariyalur,0.5,-34.9675
2023-11-10 02:00:00,610,Ariyalur,7.5,-34.33749999999999
2023-11-10 03:00:00,610,Ariyalur,4.5,-34.33749999999999
2023-11-10 04:00:00,610,Ariyalur,1.0,-31.37025
2023-11-10 09:00:00,610,Ariyalur,0.5,-31.37025
2023-11-10 16:00:00,610,Ariyalur,7.0,-32.661500000000004
2023-11-10 17:00:00,610,Ariyalur,1.0,-32.661500000000004
2023-11-11 02:00:00,610,Ariyalur,2.5,-32.61575
2023-11-11 04:00:00,610,Ariyalur,5.5,-32.6095
2023-11-11 05:00:00,610,Ariyalur,10.5,-32.6095
2023-11-11 06:00:00,610,Ariyalur,0.5,-32.6095
2023-11-12 07:00:00,610,Ariyalur,0.5,-32.73675
2023-11-12 14:00:00,610,Ariyalur,0.5,-33.280249999999995
2023-11-12 19:00:00,610,Ariyalur,4.5,-33.36325
2023-11-12 20:00:00,610,Ariyalur,1.5,-33.36325
2023-11-13 23:00:00,610,Ariyalur,0.5,-33.20025
2023-11-14 00:00:00,610,Ariyalur,2.0,-33.20025
2023-11-14 01:00:00,610,Ariyalur,1.5,-33.20025
2023-11-14 02:00:00,610,Ariyalur,3.0,-33.20025
2023-11-14 03:00:00,610,Ariyalur,1.0,-33.20025
2023-11-14 04:00:00,610,Ariyalur,6.0,-30.003
2023-11-14 05:00:00,610,Ariyalur,5.5,-30.003
2023-11-14 06:00:00,610,Ariyalur,9.5,-30.003
2023-11-14 07:00:00,610,Ariyalur,6.0,-30.003
2023-11-14 08:00:00,610,Ariyalur,0.5,-30.003
2023-11-14 13:00:00,610,Ariyalur,0.5,-29.81925
2023-11-14 14:00:00,610,Ariyalur,2.0,-29.81925
2023-11-14 16:00:00,610,Ariyalur,0.5,-29.8685
2023-11-15 02:00:00,610,Ariyalur,2.5,-29.508750000000003
2023-11-16 19:00:00,610,Ariyalur,0.5,-30.36425
2023-11-16 22:00:00,610,Ariyalur,63.5,-30.197
2023-11-17 02:00:00,610,Ariyalur,0.5,-30.197
2023-11-17 14:00:00,610,Ariyalur,2.0,-30.64325
2023-11-17 15:00:00,610,Ariyalur,2.0,-30.64325
2023-11-17 16:00:00,610,Ariyalur,2.0,-30.6365
2023-11-17 17:00:00,610,Ariyalur,72.0,-30.6365
2023-11-18 01:00:00,610,Ariyalur,2.0,-30.4675
2023-11-18 02:00:00,610,Ariyalur,0.5,-30.4675
2023-11-18 03:00:00,610,Ariyalur,1.0,-30.4675
2023-11-18 07:00:00,610,Ariyalur,0.5,-30.40575
2023-11-18 08:00:00,610,Ariyalur,0.5,-30.40575
2023-11-18 09:00:00,610,Ariyalur,0.5,-30.40575
2023-11-18 15:00:00,610,Ariyalur,2.5,-30.926
2023-11-18 19:00:00,610,Ariyalur,0.5,-30.95375
2023-11-21 00:00:00,610,Ariyalur,1.0,-31.03025
2023-11-21 06:00:00,610,Ariyalur,0.5,-30.89225
2023-11-22 04:00:00,610,Ariyalur,13.5,-54.922
2023-11-22 05:00:00,610,Ariyalur,3.5,-54.922
2023-11-22 06:00:00,610,Ariyalur,1.5,-54.922
2023-11-22 14:00:00,610,Ariyalur,0.5,-31.40575
2023-11-23 15:00:00,610,Ariyalur,2.0,-31.36075
2023-11-23 22:00:00,610,Ariyalur,0.5,-31.269
2023-11-24 16:00:00,610,Ariyalur,77.0,-31.72175
2023-11-24 17:00:00,610,Ariyalur,0.5,-31.72175
2023-11-25 03:00:00,610,Ariyalur,3.5,-31.34475
2023-11-25 13:00:00,610,Ariyalur,3.0,-31.52775
2023-11-25 21:00:00,610,Ariyalur,3.0,-31.385
2023-11-25 23:00:00,610,Ariyalur,10.5,-30.147
2023-11-26 00:00:00,610,Ariyalur,4.5,-30.147
2023-11-26 01:00:00,610,Ariyalur,2.5,-30.147
2023-11-26 02:00:00,610,Ariyalur,4.5,-30.147
2023-11-26 03:00:00,610,Ariyalur,1.0,-30.147
2023-11-26 04:00:00,610,Ariyalur,0.5,-28.39
2023-11-28 03:00:00,610,Ariyalur,8.5,-28.751
2023-11-28 15:00:00,610,Ariyalur,0.5,-28.71825
2023-11-28 22:00:00,610,Ariyalur,1.0,-28.658
2023-11-29 13:00:00,610,Ariyalur,0.5,-29.02825
2023-11-29 21:00:00,610,Ariyalur,5.0,-29.024
2023-11-29 22:00:00,610,Ariyalur,0.5,-28.68875
2023-11-30 01:00:00,610,Ariyalur,14.5,-28.68875
2023-11-30 02:00:00,610,Ariyalur,3.5,-28.68875
2023-11-30 03:00:00,610,Ariyalur,4.0,-28.68875
2023-11-30 04:00:00,610,Ariyalur,5.0,-28.35125
2023-11-30 05:00:00,610,Ariyalur,0.5,-28.35125
2023-11-30 09:00:00,610,Ariyalur,3.5,-28.35125
2023-11-30 10:00:00,610,Ariyalur,1.5,-28.4115
2023-11-30 15:00:00,610,Ariyalur,1.0,-28.4115
2023-11-30 16:00:00,610,Ariyalur,3.5,-32.68566666666666
2023-11-30 17:00:00,610,Ariyalur,1.0,-32.68566666666666
2023-12-01 19:00:00,610,Ariyalur,1.0,-28.2055
2023-12-02 12:00:00,610,Ariyalur,5.0,-28.2575
2023-12-02 13:00:00,610,Ariyalur,12.5,-28.2575
2023-12-03 04:00:00,610,Ariyalur,0.5,-28.06725
2023-12-03 05:00:00,610,Ariyalur,0.5,-28.06725
2023-12-03 06:00:00,610,Ariyalur,0.5,-28.06725
2023-12-04 05:00:00,610,Ariyalur,0.5,-27.9015
2023-12-09 16:00:00,610,Ariyalur,7.5,-29.78125
2023-12-15 19:00:00,610,Ariyalur,0.5,-30.383000000000003
2023-12-15 21:00:00,610,Ariyalur,0.5,-30.383000000000003
2023-12-15 23:00:00,610,Ariyalur,0.5,-30.688
2023-12-16 08:00:00,610,Ariyalur,54.5,-30.869
2023-12-16 09:00:00,610,Ariyalur,113.0,-30.869
2023-12-16 12:00:00,610,Ariyalur,3.5,-30.514
2023-12-16 13:00:00,610,Ariyalur,0.5,-30.514
2023-12-16 14:00:00,610,Ariyalur,13.5,-30.514
2023-12-16 15:00:00,610,Ariyalur,22.75,-30.514
2023-12-16 16:00:00,610,Ariyalur,40.0,-29.549
2023-12-16 17:00:00,610,Ariyalur,124.0,-29.549
2023-12-16 18:00:00,610,Ariyalur,397.5,-29.549
2023-12-16 19:00:00,610,Ariyalur,187.5,-29.549
2023-12-16 20:00:00,610,Ariyalur,187.0,-29.549
2023-12-16 22:00:00,610,Ariyalur,34.0,-29.973
2023-12-16 23:00:00,610,Ariyalur,18.5,-29.973
2023-12-17 04:00:00,610,Ariyalur,1.5,-30.165
2023-12-17 09:00:00,610,Ariyalur,1.5,-30.165
2023-12-17 10:00:00,610,Ariyalur,88.0,-29.704
2023-12-17 11:00:00,610,Ariyalur,18.5,-29.704
2023-12-17 12:00:00,610,Ariyalur,53.5,-29.704
2023-12-17 13:00:00,610,Ariyalur,51.5,-29.704
2023-12-17 14:00:00,610,Ariyalur,2.5,-29.704
2023-12-17 15:00:00,610,Ariyalur,43.5,-29.704
2023-12-17 18:00:00,610,Ariyalur,6.0,-29.5555
2023-12-17 19:00:00,610,Ariyalur,24.0,-29.5555
2023-12-17 20:00:00,610,Ariyalur,5.0,-29.5555
2023-12-17 21:00:00,610,Ariyalur,6.0,-29.5555
2023-12-17 22:00:00,610,Ariyalur,1.0,-30.02275
2023-12-18 01:00:00,610,Ariyalur,0.5,-30.02275
2023-12-18 12:00:00,610,Ariyalur,1.0,-29.74925
2023-12-20 06:00:00,610,Ariyalur,49.0,-29.93675
2023-12-21 07:00:00,610,Ariyalur,13.0,-29.932
2023-12-25 00:00:00,610,Ariyalur,0.5,-30.41875
2023-12-25 02:00:00,610,Ariyalur,1.5,-30.41875
2023-12-25 03:00:00,610,Ariyalur,2.0,-30.41875
2023-12-25 05:00:00,610,Ariyalur,0.5,-30.369
2023-12-26 02:00:00,610,Ariyalur,31.5,-30.382
2023-12-29 04:00:00,610,Ariyalur,2.0,-30.5715
2023-12-29 05:00:00,610,Ariyalur,1.5,-30.5715
2023-12-29 06:00:00,610,Ariyalur,1.5,-30.5715
2023-12-29 09:00:00,610,Ariyalur,0.5,-30.5715
2024-01-07 02:00:00,610,Ariyalur,0.5,-30.763
2024-01-07 04:00:00,610,Ariyalur,188.5,-30.8415
2024-01-07 05:00:00,610,Ariyalur,268.5,-30.8415
2024-01-07 17:00:00,610,Ariyalur,2.0,-30.4255
2024-01-07 18:00:00,610,Ariyalur,1.0,-30.4255
2024-01-07 19:00:00,610,Ariyalur,0.5,-30.4255
2024-01-07 22:00:00,610,Ariyalur,1.0,-29.84975
2024-01-07 23:00:00,610,Ariyalur,4.5,-29.84975
2024-01-08 00:00:00,610,Ariyalur,18.0,-29.84975
2024-01-08 01:00:00,610,Ariyalur,17.0,-29.84975
2024-01-08 02:00:00,610,Ariyalur,4.5,-29.84975
2024-01-08 03:00:00,610,Ariyalur,1.5,-29.84975
2024-01-08 04:00:00,610,Ariyalur,1.5,-33.35366666666666
2024-01-08 05:00:00,610,Ariyalur,2.0,-33.35366666666666
2024-01-08 06:00:00,610,Ariyalur,6.0,-33.35366666666666
2024-01-08 07:00:00,610,Ariyalur,2.5,-33.35366666666666
2024-01-08 08:00:00,610,Ariyalur,0.5,-33.35366666666666
2024-01-08 13:00:00,610,Ariyalur,0.5,-32.853
2024-01-09 01:00:00,610,Ariyalur,3.0,-28.7665
2024-01-09 02:00:00,610,Ariyalur,1.5,-28.7665
2024-01-09 04:00:00,610,Ariyalur,0.5,-28.8285
2024-01-09 07:00:00,610,Ariyalur,0.5,-28.8285
2024-01-09 09:00:00,610,Ariyalur,6.0,-28.8285
2024-01-09 10:00:00,610,Ariyalur,0.5,-28.3535
2024-01-22 02:00:00,610,Ariyalur,4.0,-28.70475
2024-01-22 08:00:00,610,Ariyalur,0.5,-28.57925
2024-01-22 09:00:00,610,Ariyalur,4.5,-28.57925
2024-01-22 16:00:00,610,Ariyalur,2.0,-29.207
2024-01-22 23:00:00,610,Ariyalur,1.0,-28.99125
2024-05-01 19:00:00,610,Ariyalur,4.0,-39.037
2024-05-02 00:00:00,610,Ariyalur,11.0,-39.0225
2024-05-02 01:00:00,610,Ariyalur,12.0,-39.0225
2024-05-02 02:00:00,610,Ariyalur,71.0,-39.0225
2024-05-02 03:00:00,610,Ariyalur,81.0,-39.0225
2024-05-02 16:00:00,610,Ariyalur,212.5,-39.3145
2024-05-02 17:00:00,610,Ariyalur,526.5,-39.3145
2024-05-08 09:00:00,610,Ariyalur,1.0,-38.7345
2024-05-10 15:00:00,610,Ariyalur,1.5,-38.93675
2024-05-12 11:00:00,610,Ariyalur,0.5,-39.05725
2024-05-12 14:00:00,610,Ariyalur,2.0,-39.05725
2024-05-13 15:00:00,610,Ariyalur,1.0,-39.3485
2024-05-14 12:00:00,610,Ariyalur,29.5,-22.099666666666668
2024-05-14 13:00:00,610,Ariyalur,16.5,-22.099666666666668
2024-05-15 16:00:00,610,Ariyalur,5.5,-38.63925
2024-05-16 06:00:00,610,Ariyalur,1.5,-37.98275
2024-05-16 07:00:00,610,Ariyalur,3.0,-37.98275
2024-05-16 08:00:00,610,Ariyalur,3.5,-37.98275
2024-05-16 09:00:00,610,Ariyalur,2.0,-37.98275
2024-05-16 10:00:00,610,Ariyalur,1.5,-37.554
2024-05-16 11:00:00,610,Ariyalur,1.0,-37.554
2024-05-17 18:00:00,610,Ariyalur,0.5,-36.71725
2024-05-19 12:00:00,610,Ariyalur,0.5,-36.7625
2024-05-19 13:00:00,610,Ariyalur,0.75,-36.7625
2024-05-19 14:00:00,610,Ariyalur,0.5,-36.7625
2024-05-19 18:00:00,610,Ariyalur,29.0,-36.686
2024-05-19 23:00:00,610,Ariyalur,0.5,-36.535250000000005
2024-05-20 16:00:00,610,Ariyalur,17.5,-36.695
2024-05-20 17:00:00,610,Ariyalur,14.75,-36.695
2024-05-20 18:00:00,610,Ariyalur,1.0,-36.695
2024-05-20 19:00:00,610,Ariyalur,10.0,-36.695
2024-05-20 20:00:00,610,Ariyalur,4.0,-36.695
2024-05-21 03:00:00,610,Ariyalur,0.5,-36.53
2024-05-22 16:00:00,610,Ariyalur,1.5,-36.49575
2024-05-22 17:00:00,610,Ariyalur,4.25,-36.49575
2024-05-22 18:00:00,610,Ariyalur,9.0,-36.49575
2024-05-22 19:00:00,610,Ariyalur,4.5,-36.49575
2024-05-22 20:00:00,610,Ariyalur,0.5,-36.49575
2024-06-01 20:00:00,610,Ariyalur,8.25,-31.53316666666667
2024-06-01 21:00:00,610,Ariyalur,0.5,-31.53316666666667
2024-06-02 22:00:00,610,Ariyalur,1.0,-31.166
2024-06-06 16:00:00,610,Ariyalur,38.0,-30.63233333333333
2024-06-06 17:00:00,610,Ariyalur,0.5,-30.63233333333333
2024-06-06 20:00:00,610,Ariyalur,1.0,-30.63233333333333
2024-06-06 21:00:00,610,Ariyalur,5.25,-30.63233333333333
2024-06-06 22:00:00,610,Ariyalur,3.0,-29.703666666666667
2024-06-06 23:00:00,610,Ariyalur,1.0,-29.703666666666667
2024-06-07 00:00:00,610,Ariyalur,0.5,-29.703666666666667
2024-06-07 16:00:00,610,Ariyalur,1.0,-34.2388
2024-06-07 21:00:00,610,Ariyalur,4.5,-34.2388
2024-06-07 22:00:00,610,Ariyalur,1.0,-34.3968
2024-06-07 23:00:00,610,Ariyalur,0.5,-34.3968
2024-06-15 17:00:00,610,Ariyalur,1.0,-30.2375
2024-06-18 20:00:00,610,Ariyalur,4.0,-31.0775
2024-06-18 22:00:00,610,Ariyalur,0.5,-29.0845
2024-06-22 19:00:00,610,Ariyalur,0.5,-30.23033333333333
2024-06-22 20:00:00,610,Ariyalur,0.5,-30.23033333333333
2024-06-30 19:00:00,610,Ariyalur,13.5,-31.6245
2024-06-30 20:00:00,610,Ariyalur,2.5,-31.6245
2024-07-12 19:00:00,610,Ariyalur,1.5,-32.364
2024-07-12 20:00:00,610,Ariyalur,5.5,-32.364
2024-07-12 21:00:00,610,Ariyalur,1.75,-32.364
2024-07-12 22:00:00,610,Ariyalur,1.25,-32.01733333333333
2024-07-12 23:00:00,610,Ariyalur,1.0,-32.01733333333333
2024-07-13 00:00:00,610,Ariyalur,0.5,-32.01733333333333
2024-07-13 01:00:00,610,Ariyalur,0.5,-32.01733333333333
2024-07-13 03:00:00,610,Ariyalur,0.5,-32.01733333333333
2024-07-13 04:00:00,610,Ariyalur,0.5,-31.73266666666667
2024-07-14 18:00:00,610,Ariyalur,2.5,-31.844666666666665
2024-07-16 00:00:00,610,Ariyalur,0.5,-31.797666666666668
2024-07-16 01:00:00,610,Ariyalur,0.5,-31.797666666666668
2024-07-16 03:00:00,610,Ariyalur,0.5,-31.797666666666668
2024-07-16 04:00:00,610,Ariyalur,1.0,-31.68
2024-07-16 05:00:00,610,Ariyalur,0.5,-31.68
2024-07-16 07:00:00,610,Ariyalur,0.5,-31.68
2024-07-16 08:00:00,610,Ariyalur,0.5,-31.68
2024-07-16 10:00:00,610,Ariyalur,0.5,-31.94066666666667
2024-07-16 12:00:00,610,Ariyalur,0.5,-31.94066666666667
2024-07-16 14:00:00,610,Ariyalur,0.5,-31.94066666666667
2024-07-16 16:00:00,610,Ariyalur,1.0,-20.2428
2024-07-16 18:00:00,610,Ariyalur,0.5,-20.2428
2024-07-25 17:00:00,610,Ariyalur,0.5,-33.2735
2024-08-04 22:00:00,610,Ariyalur,2.0,-34.0405
2024-08-04 23:00:00,610,Ariyalur,4.0,-34.0405
2024-08-05 00:00:00,610,Ariyalur,2.0,-34.0405
2024-08-05 01:00:00,610,Ariyalur,1.0,-34.0405
2024-08-05 02:00:00,610,Ariyalur,15.0,-34.0405
2024-08-05 03:00:00,610,Ariyalur,24.0,-34.0405
2024-08-05 04:00:00,610,Ariyalur,5.0,-33.736
2024-08-05 05:00:00,610,Ariyalur,1.0,-33.736
2024-08-06 16:00:00,610,Ariyalur,6.0,-33.516
2024-08-06 17:00:00,610,Ariyalur,3.0,-33.516
2024-08-07 22:00:00,610,Ariyalur,29.0,-21.6656
2024-08-08 00:00:00,610,Ariyalur,0.5,-21.6656
2024-08-08 01:00:00,610,Ariyalur,0.5,-21.6656
2024-08-08 22:00:00,610,Ariyalur,2.0,-29.787166666666668
2024-08-08 23:00:00,610,Ariyalur,10.5,-29.787166666666668
2024-08-09 00:00:00,610,Ariyalur,22.0,-29.787166666666668
2024-08-09 07:00:00,610,Ariyalur,0.5,-32.759
2024-08-09 08:00:00,610,Ariyalur,3.0,-32.759
2024-08-09 22:00:00,610,Ariyalur,0.5,-18.5196
2024-08-10 00:00:00,610,Ariyalur,1.5,-18.5196
2024-08-10 01:00:00,610,Ariyalur,2.0,-18.5196
2024-08-10 03:00:00,610,Ariyalur,2.5,-18.5196
2024-08-21 13:00:00,610,Ariyalur,2.0,-33.9986
2024-08-21 14:00:00,610,Ariyalur,5.0,-33.9986
2024-08-29 19:45:00,610,Ariyalur,0.5,-31.672
2024-08-29 19:50:00,610,Ariyalur,0.5,-31.672
2024-08-29 19:55:00,610,Ariyalur,0.5,-31.672
2024-08-29 20:00:00,610,Ariyalur,0.5,-31.672
2024-08-29 20:20:00,610,Ariyalur,0.5,-31.672
2024-08-29 20:25:00,610,Ariyalur,0.5,-31.672
2024-08-29 20:30:00,610,Ariyalur,0.5,-31.672
2024-08-29 20:35:00,610,Ariyalur,0.5,-31.672
2024-08-29 20:40:00,610,Ariyalur,1.0,-31.672
2024-08-29 20:45:00,610,Ariyalur,1.5,-31.672
2024-08-29 20:50:00,610,Ariyalur,2.0,-31.672
2024-08-29 20:55:00,610,Ariyalur,2.0,-31.672
2024-08-29 21:00:00,610,Ariyalur,2.0,-31.672
2024-08-29 21:05:00,610,Ariyalur,0.5,-31.6305
2024-08-29 21:10:00,610,Ariyalur,0.5,-31.6305
2024-08-29 21:15:00,610,Ariyalur,0.5,-31.6305
2024-08-29 21:20:00,610,Ariyalur,0.5,-31.6305
2024-08-29 21:25:00,610,Ariyalur,0.5,-31.6305
2024-08-29 21:30:00,610,Ariyalur,0.5,-31.6305
2024-08-29 21:35:00,610,Ariyalur,1.0,-31.6305
2024-08-29 21:40:00,610,Ariyalur,1.5,-31.6305
2024-08-29 21:45:00,610,Ariyalur,1.5,-31.6305
2024-08-29 21:50:00,610,Ariyalur,1.5,-31.6305
2024-08-29 21:55:00,610,Ariyalur,1.5,-31.6305
2024-08-29 22:00:00,610,Ariyalur,1.5,-31.6305
2024-08-29 22:55:00,610,Ariyalur,0.5,-31.6305
2024-08-29 23:00:00,610,Ariyalur,1.0,-31.6305
2024-08-29 23:05:00,610,Ariyalur,0.5,-31.6305
2024-08-29 23:10:00,610,Ariyalur,1.0,-31.6305
2024-08-29 23:15:00,610,Ariyalur,1.5,-31.6305
2024-08-29 23:20:00,610,Ariyalur,2.0,-31.6305
2024-08-29 23:25:00,610,Ariyalur,2.5,-31.6305
2024-08-29 23:30:00,610,Ariyalur,3.0,-31.6305
2024-08-29 23:35:00,610,Ariyalur,4.5,-31.6305
2024-08-29 23:40:00,610,Ariyalur,5.0,-31.6305
2024-08-29 23:45:00,610,Ariyalur,5.0,-31.6305
2024-08-29 23:50:00,610,Ariyalur,5.0,-31.6305
2024-08-29 23:55:00,610,Ariyalur,5.0,-31.6305
2024-08-30 00:00:00,610,Ariyalur,5.0,-31.6305
2024-08-30 00:10:00,610,Ariyalur,0.5,-31.6305
2024-09-03 14:00:00,610,Ariyalur,3.0,-32.467666666666666
2024-09-03 17:00:00,610,Ariyalur,0.5,-32.541666666666664
2024-09-12 20:20:00,610,Ariyalur,2.5,-22.850250000000003
2024-09-12 20:25:00,610,Ariyalur,3.0,-22.850250000000003
2024-09-12 20:30:00,610,Ariyalur,3.0,-22.850250000000003
2024-09-12 20:35:00,610,Ariyalur,3.0,-22.850250000000003
2024-09-12 20:40:00,610,Ariyalur,3.0,-22.850250000000003
2024-09-12 20:45:00,610,Ariyalur,3.0,-22.850250000000003
2024-09-12 20:50:00,610,Ariyalur,3.0,-22.850250000000003
2024-09-12 20:55:00,610,Ariyalur,3.0,-22.850250000000003
2024-09-12 21:00:00,610,Ariyalur,3.0,-22.850250000000003
2024-09-14 19:00:00,610,Ariyalur,2.0,-32.02016666666666
2024-09-20 18:00:00,610,Ariyalur,0.5,-33.59583333333333
2024-09-20 19:00:00,610,Ariyalur,1.5,-33.59583333333333
2024-09-21 10:00:00,610,Ariyalur,2.5,-33.7875
2024-09-23 18:00:00,610,Ariyalur,1.0,-34.09966666666667
2024-09-23 19:00:00,610,Ariyalur,0.5,-34.09966666666667
2024-09-23 22:00:00,610,Ariyalur,2.0,-34.035666666666664
2024-09-23 23:00:00,610,Ariyalur,10.5,-34.035666666666664
2024-09-24 00:00:00,610,Ariyalur,0.5,-34.035666666666664
2024-09-24 04:00:00,610,Ariyalur,0.5,-33.89533333333333
2024-09-26 23:00:00,610,Ariyalur,3.5,-34.2995
2024-09-27 00:00:00,610,Ariyalur,3.0,-34.2995
2024-09-27 01:00:00,610,Ariyalur,2.5,-34.2995
2024-09-27 02:00:00,610,Ariyalur,0.5,-34.2995
2024-09-28 14:00:00,610,Ariyalur,0.5,-33.84833333333333
2024-09-28 15:00:00,610,Ariyalur,7.0,-33.84833333333333
2024-09-29 11:00:00,610,Ariyalur,0.5,-33.160833333333336
2024-09-29 13:00:00,610,Ariyalur,1.0,-33.160833333333336
2024-09-29 14:00:00,610,Ariyalur,1.5,-33.160833333333336
2024-09-29 15:00:00,610,Ariyalur,3.5,-33.160833333333336
2024-09-29 16:00:00,610,Ariyalur,61.5,-31.3162
2024-09-29 18:00:00,610,Ariyalur,0.5,-31.3162
2024-09-30 10:00:00,610,Ariyalur,13.0,-31.2034
2024-10-04 19:00:00,610,Ariyalur,2.25,-31.332
2024-10-04 20:00:00,610,Ariyalur,4.75,-31.332
2024-10-04 21:00:00,610,Ariyalur,15.0,-31.332
2024-10-04 22:00:00,610,Ariyalur,2.75,-31.2388
2024-10-04 23:00:00,610,Ariyalur,2.0,-31.2388
2024-10-05 00:00:00,610,Ariyalur,2.0,-31.2388
2024-10-05 01:00:00,610,Ariyalur,0.5,-31.2388
2024-10-08 21:00:00,610,Ariyalur,0.5,-30.8348
2024-10-08 22:00:00,610,Ariyalur,3.0,-30.662800000000004
2024-10-08 23:00:00,610,Ariyalur,1.0,-30.662800000000004
2024-10-09 16:00:00,610,Ariyalur,1.0,-30.8818
2024-10-09 17:00:00,610,Ariyalur,372.0,-30.8818
2024-10-09 18:00:00,610,Ariyalur,368.5,-30.8818
2024-10-10 09:00:00,610,Ariyalur,0.5,-30.501800000000003
2024-10-10 10:00:00,610,Ariyalur,2.0,-30.796
2024-10-10 11:00:00,610,Ariyalur,1.5,-30.796
2024-10-10 12:00:00,610,Ariyalur,0.5,-30.796
2024-10-10 16:00:00,610,Ariyalur,1.0,-30.6406
2024-10-11 12:00:00,610,Ariyalur,14.5,-30.695000000000004
2024-10-11 16:00:00,610,Ariyalur,1.5,-30.7756
2024-10-12 14:00:00,610,Ariyalur,1.5,-30.6912
2024-10-12 16:00:00,610,Ariyalur,2.5,-30.608000000000004
2024-10-12 17:00:00,610,Ariyalur,10.5,-30.608000000000004
2024-10-12 19:00:00,610,Ariyalur,15.0,-30.608000000000004
2024-10-12 21:00:00,610,Ariyalur,1.5,-30.608000000000004
2024-10-12 22:00:00,610,Ariyalur,1.0,-30.4982
2024-10-12 23:00:00,610,Ariyalur,2.5,-30.4982
2024-10-13 00:00:00,610,Ariyalur,30.5,-30.4982
2024-10-13 01:00:00,610,Ariyalur,8.0,-30.4982
2024-10-13 04:00:00,610,Ariyalur,0.5,-30.3656
2024-10-13 05:00:00,610,Ariyalur,0.5,-30.3656
2024-10-13 10:00:00,610,Ariyalur,0.5,-30.6208
2024-10-13 11:00:00,610,Ariyalur,0.5,-30.6208
2024-10-13 12:00:00,610,Ariyalur,496.0,-30.6208
2024-10-13 13:00:00,610,Ariyalur,297.0,-30.6208
2024-10-13 14:00:00,610,Ariyalur,311.5,-30.6208
2024-10-13 15:00:00,610,Ariyalur,69.5,-30.6208
2024-10-13 16:00:00,610,Ariyalur,12.0,-30.568400000000004
2024-10-13 18:00:00,610,Ariyalur,2.5,-30.568400000000004
2024-10-14 07:00:00,610,Ariyalur,0.5,-30.2784
2024-10-14 14:00:00,610,Ariyalur,1.25,-30.5748
2024-10-14 15:00:00,610,Ariyalur,0.5,-30.5748
2024-10-14 16:00:00,610,Ariyalur,0.5,-30.594
2024-10-15 12:00:00,610,Ariyalur,1.0,-30.5178
2024-10-15 16:00:00,610,Ariyalur,18.0,-30.494
2024-10-15 17:00:00,610,Ariyalur,2.0,-30.494
2024-10-15 18:00:00,610,Ariyalur,5.5,-30.494
2024-10-15 19:00:00,610,Ariyalur,0.5,-30.494
2024-10-22 15:00:00,610,Ariyalur,2.5,-32.734750000000005
2024-10-24 16:00:00,610,Ariyalur,5.5,-29.7202
2024-10-24 22:00:00,610,Ariyalur,4.0,-29.634000000000004
2024-10-24 23:00:00,610,Ariyalur,0.5,-29.634000000000004
2024-10-25 00:00:00,610,Ariyalur,1.0,-29.634000000000004
2024-10-25 01:00:00,610,Ariyalur,1.5,-29.634000000000004
2024-10-25 02:00:00,610,Ariyalur,5.0,-29.634000000000004
2024-10-25 03:00:00,610,Ariyalur,1.0,-29.634000000000004
2024-10-25 04:00:00,610,Ariyalur,0.5,-29.4878
2024-10-25 19:00:00,610,Ariyalur,1.0,-29.4672
2024-10-31 16:00:00,610,Ariyalur,3.5,-14.12725
2024-10-31 17:00:00,610,Ariyalur,0.5,-14.12725
2024-11-01 15:00:00,610,Ariyalur,0.5,-29.073
2024-11-01 16:00:00,610,Ariyalur,0.5,-34.74025
2024-11-03 13:45:00,610,Ariyalur,0.5,-28.974
2024-11-03 13:50:00,610,Ariyalur,2.0,-28.974
2024-11-03 13:55:00,610,Ariyalur,6.0,-28.974
2024-11-03 14:00:00,610,Ariyalur,6.0,-28.974
2024-11-04 12:00:00,610,Ariyalur,5.0,-28.9198
2024-11-04 13:00:00,610,Ariyalur,0.5,-28.9198
2024-11-04 15:30:00,610,Ariyalur,0.5,-28.8402
2024-11-04 16:00:00,610,Ariyalur,0.5,-28.8402
2024-11-07 14:00:00,610,Ariyalur,0.5,-31.66483333333333
2024-11-07 15:00:00,610,Ariyalur,0.5,-31.66483333333333
2024-11-12 23:00:00,610,Ariyalur,0.5,-35.9074
2024-11-13 00:00:00,610,Ariyalur,13.5,-35.9074
2024-11-13 00:10:00,610,Ariyalur,0.5,-35.9074
2024-11-13 00:15:00,610,Ariyalur,1.0,-35.9074
2024-11-13 00:20:00,610,Ariyalur,1.0,-35.9074
2024-11-13 00:25:00,610,Ariyalur,1.5,-35.9074
2024-11-13 00:30:00,610,Ariyalur,1.5,-35.9074
2024-11-13 00:35:00,610,Ariyalur,1.5,-35.9074
2024-11-13 00:40:00,610,Ariyalur,1.5,-35.9074
2024-11-13 00:45:00,610,Ariyalur,1.5,-35.9074
2024-11-13 00:50:00,610,Ariyalur,1.5,-35.9074
2024-11-13 00:55:00,610,Ariyalur,6.0,-35.9074
2024-11-13 01:00:00,610,Ariyalur,4.25,-35.9074
2024-11-13 01:05:00,610,Ariyalur,1.0,-35.9074
2024-11-13 01:10:00,610,Ariyalur,3.5,-35.9074
2024-11-13 01:15:00,610,Ariyalur,4.5,-35.9074
2024-11-13 01:20:00,610,Ariyalur,4.5,-35.9074
2024-11-13 01:25:00,610,Ariyalur,5.0,-35.9074
2024-11-13 01:30:00,610,Ariyalur,5.5,-35.9074
2024-11-13 01:35:00,610,Ariyalur,5.5,-35.9074
2024-11-13 01:40:00,610,Ariyalur,6.0,-35.9074
2024-11-13 01:45:00,610,Ariyalur,8.0,-35.9074
2024-11-13 01:50:00,610,Ariyalur,12.5,-35.9074
2024-11-13 01:55:00,610,Ariyalur,14.0,-35.9074
2024-11-13 02:00:00,610,Ariyalur,13.25,-35.9074
2024-11-13 02:05:00,610,Ariyalur,1.5,-35.9074
2024-11-13 02:10:00,610,Ariyalur,4.0,-35.9074
2024-11-13 02:15:00,610,Ariyalur,5.0,-35.9074
2024-11-13 02:20:00,610,Ariyalur,5.0,-35.9074
2024-11-13 02:25:00,610,Ariyalur,7.0,-35.9074
2024-11-13 02:30:00,610,Ariyalur,7.5,-35.9074
2024-11-13 02:35:00,610,Ariyalur,8.5,-35.9074
2024-11-13 02:40:00,610,Ariyalur,8.5,-35.9074
2024-11-13 02:45:00,610,Ariyalur,9.5,-35.9074
2024-11-13 02:50:00,610,Ariyalur,14.0,-35.9074
2024-11-13 02:55:00,610,Ariyalur,14.0,-35.9074
2024-11-13 03:00:00,610,Ariyalur,7.25,-35.9074
2024-11-13 03:05:00,610,Ariyalur,1.0,-35.2898
2024-11-13 03:10:00,610,Ariyalur,2.5,-35.2898
2024-11-13 03:15:00,610,Ariyalur,4.5,-35.2898
2024-11-13 03:20:00,610,Ariyalur,22.5,-35.2898
2024-11-13 03:25:00,610,Ariyalur,23.0,-35.2898
2024-11-13 03:30:00,610,Ariyalur,23.0,-35.2898
2024-11-13 03:35:00,610,Ariyalur,23.5,-35.2898
2024-11-13 03:40:00,610,Ariyalur,23.5,-35.2898
2024-11-13 03:45:00,610,Ariyalur,23.5,-35.2898
2024-11-13 03:50:00,610,Ariyalur,23.5,-35.2898
2024-11-13 03:55:00,610,Ariyalur,23.5,-35.2898
2024-11-13 04:00:00,610,Ariyalur,20.75,-35.2898
2024-11-13 04:15:00,610,Ariyalur,0.5,-35.2898
2024-11-13 04:20:00,610,Ariyalur,0.5,-35.2898
2024-11-13 04:25:00,610,Ariyalur,3.5,-35.2898
2024-11-13 04:30:00,610,Ariyalur,42.5,-35.2898
2024-11-13 04:35:00,610,Ariyalur,43.0,-35.2898
2024-11-13 04:40:00,610,Ariyalur,44.5,-35.2898
2024-11-13 04:45:00,610,Ariyalur,46.0,-35.2898
2024-11-13 04:50:00,610,Ariyalur,50.0,-35.2898
2024-11-13 04:55:00,610,Ariyalur,51.0,-35.2898
2024-11-13 05:00:00,610,Ariyalur,29.5,-35.2898
2024-11-13 05:05:00,610,Ariyalur,9.0,-35.2898
2024-11-13 05:10:00,610,Ariyalur,10.0,-35.2898
2024-11-13 05:15:00,610,Ariyalur,15.5,-35.2898
2024-11-13 05:20:00,610,Ariyalur,44.0,-35.2898
2024-11-13 05:25:00,610,Ariyalur,71.0,-35.2898
2024-11-13 05:30:00,610,Ariyalur,97.0,-35.2898
2024-11-13 05:35:00,610,Ariyalur,120.5,-35.2898
2024-11-13 05:40:00,610,Ariyalur,155.5,-35.2898
2024-11-13 05:45:00,610,Ariyalur,182.0,-35.2898
2024-11-13 05:50:00,610,Ariyalur,207.0,-35.2898
2024-11-13 05:55:00,610,Ariyalur,222.5,-35.2898
2024-11-13 06:00:00,610,Ariyalur,129.75,-35.2898
2024-11-13 06:05:00,610,Ariyalur,43.5,-35.2898
2024-11-13 06:10:00,610,Ariyalur,98.0,-35.2898
2024-11-13 06:15:00,610,Ariyalur,186.5,-35.2898
2024-11-13 06:20:00,610,Ariyalur,272.0,-35.2898
2024-11-13 06:25:00,610,Ariyalur,408.0,-35.2898
2024-11-13 06:30:00,610,Ariyalur,539.0,-35.2898
2024-11-13 06:35:00,610,Ariyalur,569.0,-35.2898
2024-11-13 06:40:00,610,Ariyalur,598.0,-35.2898
2024-11-13 06:45:00,610,Ariyalur,620.0,-35.2898
2024-11-13 06:50:00,610,Ariyalur,620.5,-35.2898
2024-11-13 06:55:00,610,Ariyalur,623.5,-35.2898
2024-11-13 07:00:00,610,Ariyalur,313.5,-35.2898
2024-11-13 07:35:00,610,Ariyalur,0.5,-35.2898
2024-11-13 07:40:00,610,Ariyalur,0.5,-35.2898
2024-11-13 07:45:00,610,Ariyalur,0.5,-35.2898
2024-11-13 07:50:00,610,Ariyalur,0.5,-35.2898
2024-11-13 07:55:00,610,Ariyalur,0.5,-35.2898
2024-11-13 08:00:00,610,Ariyalur,0.75,-35.2898
2024-11-13 09:00:00,610,Ariyalur,0.5,-35.2898
2024-11-13 10:00:00,610,Ariyalur,0.5,-33.8514
2024-11-13 11:35:00,610,Ariyalur,47.5,-33.8514
2024-11-13 11:40:00,610,Ariyalur,55.0,-33.8514
2024-11-13 11:45:00,610,Ariyalur,66.0,-33.8514
2024-11-13 11:50:00,610,Ariyalur,71.0,-33.8514
2024-11-13 11:55:00,610,Ariyalur,73.0,-33.8514
2024-11-13 12:00:00,610,Ariyalur,73.0,-33.8514
2024-11-13 12:40:00,610,Ariyalur,1.5,-33.8514
2024-11-13 12:45:00,610,Ariyalur,1.5,-33.8514
2024-11-13 12:50:00,610,Ariyalur,1.5,-33.8514
2024-11-13 12:55:00,610,Ariyalur,1.5,-33.8514
2024-11-13 13:00:00,610,Ariyalur,1.5,-33.8514
2024-11-13 13:10:00,610,Ariyalur,1.0,-33.8514
2024-11-13 13:15:00,610,Ariyalur,1.0,-33.8514
2024-11-13 13:20:00,610,Ariyalur,1.0,-33.8514
2024-11-13 13:25:00,610,Ariyalur,1.0,-33.8514
2024-11-13 13:30:00,610,Ariyalur,6.5,-33.8514
2024-11-13 13:35:00,610,Ariyalur,8.0,-33.8514
2024-11-13 13:40:00,610,Ariyalur,14.0,-33.8514
2024-11-13 13:45:00,610,Ariyalur,24.0,-33.8514
2024-11-13 13:50:00,610,Ariyalur,26.0,-33.8514
2024-11-13 13:55:00,610,Ariyalur,26.0,-33.8514
2024-11-13 14:00:00,610,Ariyalur,26.0,-33.8514
2024-11-13 14:05:00,610,Ariyalur,4.0,-33.8514
2024-11-13 14:10:00,610,Ariyalur,4.0,-33.8514
2024-11-13 14:15:00,610,Ariyalur,4.5,-33.8514
2024-11-13 14:20:00,610,Ariyalur,4.5,-33.8514
2024-11-13 14:25:00,610,Ariyalur,6.5,-33.8514
2024-11-13 14:30:00,610,Ariyalur,6.5,-33.8514
2024-11-13 14:35:00,610,Ariyalur,6.5,-33.8514
2024-11-13 14:40:00,610,Ariyalur,6.5,-33.8514
2024-11-13 14:45:00,610,Ariyalur,6.5,-33.8514
2024-11-13 14:50:00,610,Ariyalur,6.5,-33.8514
2024-11-13 14:55:00,610,Ariyalur,6.5,-33.8514
2024-11-13 15:00:00,610,Ariyalur,6.5,-33.8514
2024-11-13 16:50:00,610,Ariyalur,1.0,-33.6012
2024-11-13 16:55:00,610,Ariyalur,1.0,-33.6012
2024-11-13 17:00:00,610,Ariyalur,1.0,-33.6012
2024-11-13 20:20:00,610,Ariyalur,5.0,-33.6012
2024-11-13 20:25:00,610,Ariyalur,8.5,-33.6012
2024-11-13 20:30:00,610,Ariyalur,8.5,-33.6012
2024-11-13 20:35:00,610,Ariyalur,8.5,-33.6012
2024-11-13 20:40:00,610,Ariyalur,8.5,-33.6012
2024-11-13 20:45:00,610,Ariyalur,8.5,-33.6012
2024-11-13 20:50:00,610,Ariyalur,8.5,-33.6012
2024-11-13 20:55:00,610,Ariyalur,8.5,-33.6012
2024-11-13 21:00:00,610,Ariyalur,8.5,-33.6012
2024-11-14 00:00:00,610,Ariyalur,1.0,-33.5622
2024-11-14 00:40:00,610,Ariyalur,9.0,-33.5622
2024-11-14 00:45:00,610,Ariyalur,9.0,-33.5622
2024-11-14 00:50:00,610,Ariyalur,9.0,-33.5622
2024-11-14 00:55:00,610,Ariyalur,9.0,-33.5622
2024-11-14 01:00:00,610,Ariyalur,9.25,-33.5622
2024-11-14 01:40:00,610,Ariyalur,7.5,-33.5622
2024-11-14 01:45:00,610,Ariyalur,12.0,-33.5622
2024-11-14 01:50:00,610,Ariyalur,18.0,-33.5622
2024-11-14 01:55:00,610,Ariyalur,27.0,-33.5622
2024-11-14 02:00:00,610,Ariyalur,31.5,-33.5622
2024-11-14 02:05:00,610,Ariyalur,6.5,-33.5622
2024-11-14 02:10:00,610,Ariyalur,6.5,-33.5622
2024-11-14 02:15:00,610,Ariyalur,12.0,-33.5622
2024-11-14 02:20:00,610,Ariyalur,20.5,-33.5622
2024-11-14 02:25:00,610,Ariyalur,23.0,-33.5622
2024-11-14 02:30:00,610,Ariyalur,71.5,-33.5622
2024-11-14 02:35:00,610,Ariyalur,73.0,-33.5622
2024-11-14 02:40:00,610,Ariyalur,73.0,-33.5622
2024-11-14 02:45:00,610,Ariyalur,73.0,-33.5622
2024-11-14 02:50:00,610,Ariyalur,73.0,-33.5622
2024-11-14 02:55:00,610,Ariyalur,73.0,-33.5622
2024-11-14 03:00:00,610,Ariyalur,73.0,-33.5622
2024-11-14 08:35:00,610,Ariyalur,1.0,-38.28875
2024-11-14 08:40:00,610,Ariyalur,1.0,-38.28875
2024-11-14 08:45:00,610,Ariyalur,1.0,-38.28875
2024-11-14 08:50:00,610,Ariyalur,1.0,-38.28875
2024-11-14 08:55:00,610,Ariyalur,1.0,-38.28875
2024-11-14 09:00:00,610,Ariyalur,1.0,-38.28875
2024-11-14 11:30:00,610,Ariyalur,0.5,-38.5775
2024-11-14 11:35:00,610,Ariyalur,0.5,-38.5775
2024-11-14 11:40:00,610,Ariyalur,0.5,-38.5775
2024-11-14 11:45:00,610,Ariyalur,0.5,-38.5775
2024-11-14 11:50:00,610,Ariyalur,0.5,-38.5775
2024-11-14 11:55:00,610,Ariyalur,0.5,-38.5775
2024-11-14 12:00:00,610,Ariyalur,0.5,-38.5775
2024-11-14 13:50:00,610,Ariyalur,1.5,-38.5775
2024-11-14 13:55:00,610,Ariyalur,4.0,-38.5775
2024-11-14 14:00:00,610,Ariyalur,4.0,-38.5775
2024-11-14 14:10:00,610,Ariyalur,0.5,-38.5775
2024-11-14 14:15:00,610,Ariyalur,0.5,-38.5775
2024-11-14 14:20:00,610,Ariyalur,0.5,-38.5775
2024-11-14 14:25:00,610,Ariyalur,0.5,-38.5775
2024-11-14 14:30:00,610,Ariyalur,0.5,-38.5775
2024-11-14 14:35:00,610,Ariyalur,0.5,-38.5775
2024-11-14 14:40:00,610,Ariyalur,0.5,-38.5775
2024-11-14 14:45:00,610,Ariyalur,0.5,-38.5775
2024-11-14 14:50:00,610,Ariyalur,0.5,-38.5775
2024-11-14 14:55:00,610,Ariyalur,0.5,-38.5775
2024-11-14 15:00:00,610,Ariyalur,0.5,-38.5775
2024-11-14 16:00:00,610,Ariyalur,2.0,-38.194
2024-11-14 16:10:00,610,Ariyalur,2.0,-38.194
2024-11-14 16:15:00,610,Ariyalur,2.0,-38.194
2024-11-14 16:20:00,610,Ariyalur,2.0,-38.194
2024-11-14 16:25:00,610,Ariyalur,2.5,-38.194
2024-11-14 16:30:00,610,Ariyalur,2.5,-38.194
2024-11-14 16:35:00,610,Ariyalur,2.5,-38.194
2024-11-14 16:40:00,610,Ariyalur,2.5,-38.194
2024-11-14 16:45:00,610,Ariyalur,2.5,-38.194
2024-11-14 16:50:00,610,Ariyalur,2.5,-38.194
2024-11-14 16:55:00,610,Ariyalur,2.5,-38.194
2024-11-14 17:00:00,610,Ariyalur,2.5,-38.194
2024-11-14 18:15:00,610,Ariyalur,3.5,-38.194
2024-11-14 18:20:00,610,Ariyalur,5.0,-38.194
2024-11-14 18:25:00,610,Ariyalur,5.0,-38.194
2024-11-14 18:30:00,610,Ariyalur,5.0,-38.194
2024-11-14 18:35:00,610,Ariyalur,9.0,-38.194
2024-11-14 18:45:00,610,Ariyalur,12.0,-38.194
2024-11-14 18:50:00,610,Ariyalur,12.0,-38.194
2024-11-14 18:55:00,610,Ariyalur,12.0,-38.194
2024-11-14 19:00:00,610,Ariyalur,12.0,-38.194
2024-11-14 21:00:00,610,Ariyalur,0.5,-38.194
2024-11-14 21:05:00,610,Ariyalur,0.5,-38.08975
2024-11-14 21:10:00,610,Ariyalur,0.5,-38.08975
2024-11-14 21:15:00,610,Ariyalur,1.0,-38.08975
2024-11-14 21:20:00,610,Ariyalur,1.0,-38.08975
2024-11-14 21:25:00,610,Ariyalur,1.0,-38.08975
2024-11-14 21:30:00,610,Ariyalur,1.0,-38.08975
2024-11-14 21:35:00,610,Ariyalur,1.0,-38.08975
2024-11-14 21:40:00,610,Ariyalur,1.0,-38.08975
2024-11-14 21:45:00,610,Ariyalur,1.0,-38.08975
2024-11-14 21:50:00,610,Ariyalur,1.0,-38.08975
2024-11-14 21:55:00,610,Ariyalur,1.0,-38.08975
2024-11-14 22:00:00,610,Ariyalur,1.0,-38.08975
2024-11-14 22:10:00,610,Ariyalur,0.5,-38.08975
2024-11-14 22:15:00,610,Ariyalur,0.5,-38.08975
2024-11-14 22:20:00,610,Ariyalur,0.5,-38.08975
2024-11-14 22:25:00,610,Ariyalur,0.5,-38.08975
2024-11-14 22:30:00,610,Ariyalur,0.5,-38.08975
2024-11-14 22:35:00,610,Ariyalur,0.5,-38.08975
2024-11-14 22:40:00,610,Ariyalur,0.5,-38.08975
2024-11-14 22:45:00,610,Ariyalur,0.5,-38.08975
2024-11-14 22:50:00,610,Ariyalur,0.5,-38.08975
2024-11-14 22:55:00,610,Ariyalur,0.5,-38.08975
2024-11-14 23:00:00,610,Ariyalur,0.5,-38.08975
2024-11-14 23:40:00,610,Ariyalur,1.0,-38.08975
2024-11-14 23:45:00,610,Ariyalur,12.0,-38.08975
2024-11-14 23:50:00,610,Ariyalur,12.5,-38.08975
2024-11-14 23:55:00,610,Ariyalur,58.5,-38.08975
2024-11-15 00:00:00,610,Ariyalur,100.5,-38.08975
2024-11-15 00:05:00,610,Ariyalur,26.5,-38.08975
2024-11-15 00:10:00,610,Ariyalur,65.5,-38.08975
2024-11-15 00:15:00,610,Ariyalur,117.5,-38.08975
2024-11-15 00:20:00,610,Ariyalur,124.0,-38.08975
2024-11-15 00:25:00,610,Ariyalur,124.5,-38.08975
2024-11-15 00:30:00,610,Ariyalur,128.5,-38.08975
2024-11-15 00:35:00,610,Ariyalur,141.5,-38.08975
2024-11-15 00:40:00,610,Ariyalur,201.0,-38.08975
2024-11-15 00:45:00,610,Ariyalur,213.5,-38.08975
2024-11-15 00:50:00,610,Ariyalur,229.5,-38.08975
2024-11-15 00:55:00,610,Ariyalur,261.0,-38.08975
2024-11-15 01:00:00,610,Ariyalur,272.5,-38.08975
2024-11-15 01:05:00,610,Ariyalur,0.5,-38.08975
2024-11-15 01:10:00,610,Ariyalur,4.0,-38.08975
2024-11-15 01:15:00,610,Ariyalur,8.0,-38.08975
2024-11-15 01:20:00,610,Ariyalur,8.5,-38.08975
2024-11-15 01:25:00,610,Ariyalur,11.0,-38.08975
2024-11-15 01:30:00,610,Ariyalur,19.5,-38.08975
2024-11-15 01:35:00,610,Ariyalur,20.0,-38.08975
2024-11-15 01:40:00,610,Ariyalur,33.0,-38.08975
2024-11-15 01:45:00,610,Ariyalur,37.5,-38.08975
2024-11-15 01:50:00,610,Ariyalur,38.0,-38.08975
2024-11-15 01:55:00,610,Ariyalur,50.0,-38.08975
2024-11-15 02:00:00,610,Ariyalur,61.0,-38.08975
2024-11-15 02:05:00,610,Ariyalur,2.0,-38.08975
2024-11-15 02:10:00,610,Ariyalur,12.5,-38.08975
2024-11-15 02:15:00,610,Ariyalur,21.5,-38.08975
2024-11-15 02:20:00,610,Ariyalur,32.0,-38.08975
2024-11-15 02:25:00,610,Ariyalur,35.0,-38.08975
2024-11-15 02:30:00,610,Ariyalur,45.0,-38.08975
2024-11-15 02:35:00,610,Ariyalur,105.5,-38.08975
2024-11-15 02:40:00,610,Ariyalur,111.0,-38.08975
2024-11-15 02:45:00,610,Ariyalur,111.0,-38.08975
2024-11-15 02:50:00,610,Ariyalur,117.5,-38.08975
2024-11-15 02:55:00,610,Ariyalur,118.5,-38.08975
2024-11-15 03:00:00,610,Ariyalur,119.0,-38.08975
2024-11-15 03:10:00,610,Ariyalur,3.5,-33.1374
2024-11-15 03:15:00,610,Ariyalur,14.5,-33.1374
2024-11-15 03:20:00,610,Ariyalur,32.0,-33.1374
2024-11-15 03:25:00,610,Ariyalur,39.0,-33.1374
2024-11-15 03:30:00,610,Ariyalur,39.0,-33.1374
2024-11-15 03:35:00,610,Ariyalur,39.5,-33.1374
2024-11-15 03:40:00,610,Ariyalur,39.5,-33.1374
2024-11-15 03:45:00,610,Ariyalur,40.5,-33.1374
2024-11-15 03:50:00,610,Ariyalur,40.5,-33.1374
2024-11-15 03:55:00,610,Ariyalur,40.5,-33.1374
2024-11-15 04:00:00,610,Ariyalur,40.5,-33.1374
2024-11-15 04:10:00,610,Ariyalur,5.0,-33.1374
2024-11-15 04:15:00,610,Ariyalur,5.0,-33.1374
2024-11-15 04:20:00,610,Ariyalur,5.0,-33.1374
2024-11-15 04:25:00,610,Ariyalur,12.5,-33.1374
2024-11-15 04:30:00,610,Ariyalur,12.5,-33.1374
2024-11-15 04:35:00,610,Ariyalur,12.5,-33.1374
2024-11-15 04:40:00,610,Ariyalur,12.5,-33.1374
2024-11-15 04:45:00,610,Ariyalur,12.5,-33.1374
2024-11-15 04:50:00,610,Ariyalur,12.5,-33.1374
2024-11-15 04:55:00,610,Ariyalur,12.5,-33.1374
2024-11-15 05:00:00,610,Ariyalur,12.5,-33.1374
2024-11-15 07:00:00,610,Ariyalur,1.5,-33.1374
2024-11-15 14:00:00,610,Ariyalur,4.75,-33.4172
2024-11-15 14:05:00,610,Ariyalur,1.5,-33.4172
2024-11-15 14:10:00,610,Ariyalur,2.0,-33.4172
2024-11-15 14:15:00,610,Ariyalur,2.0,-33.4172
2024-11-15 14:20:00,610,Ariyalur,4.0,-33.4172
2024-11-15 14:25:00,610,Ariyalur,4.0,-33.4172
2024-11-15 14:30:00,610,Ariyalur,4.0,-33.4172
2024-11-15 14:35:00,610,Ariyalur,4.0,-33.4172
2024-11-15 14:40:00,610,Ariyalur,4.0,-33.4172
2024-11-15 14:45:00,610,Ariyalur,4.0,-33.4172
2024-11-15 14:50:00,610,Ariyalur,4.0,-33.4172
2024-11-15 14:55:00,610,Ariyalur,4.0,-33.4172
2024-11-15 15:00:00,610,Ariyalur,2.25,-33.4172
2024-11-15 16:00:00,610,Ariyalur,3.0,-33.298
2024-11-15 16:25:00,610,Ariyalur,6.0,-33.298
2024-11-15 16:30:00,610,Ariyalur,81.5,-33.298
2024-11-15 16:35:00,610,Ariyalur,164.5,-33.298
2024-11-15 16:40:00,610,Ariyalur,182.0,-33.298
2024-11-15 16:45:00,610,Ariyalur,227.5,-33.298
2024-11-15 16:50:00,610,Ariyalur,238.5,-33.298
2024-11-15 16:55:00,610,Ariyalur,248.5,-33.298
2024-11-15 17:00:00,610,Ariyalur,256.0,-33.298
2024-11-15 19:00:00,610,Ariyalur,0.5,-33.298
2024-11-15 19:05:00,610,Ariyalur,0.5,-33.298
2024-11-15 19:10:00,610,Ariyalur,2.5,-33.298
2024-11-15 19:15:00,610,Ariyalur,3.0,-33.298
2024-11-15 19:20:00,610,Ariyalur,3.0,-33.298
2024-11-15 19:25:00,610,Ariyalur,3.0,-33.298
2024-11-15 19:30:00,610,Ariyalur,3.0,-33.298
2024-11-15 19:35:00,610,Ariyalur,3.5,-33.298
2024-11-15 19:40:00,610,Ariyalur,9.0,-33.298
2024-11-15 19:45:00,610,Ariyalur,16.0,-33.298
2024-11-15 19:50:00,610,Ariyalur,29.5,-33.298
2024-11-15 19:55:00,610,Ariyalur,30.5,-33.298
2024-11-15 20:00:00,610,Ariyalur,51.5,-33.298
2024-11-15 20:05:00,610,Ariyalur,19.5,-33.298
2024-11-15 20:10:00,610,Ariyalur,39.5,-33.298
2024-11-15 20:15:00,610,Ariyalur,44.0,-33.298
2024-11-15 20:20:00,610,Ariyalur,49.5,-33.298
2024-11-15 20:25:00,610,Ariyalur,56.5,-33.298
2024-11-15 20:30:00,610,Ariyalur,65.5,-33.298
2024-11-15 20:35:00,610,Ariyalur,65.5,-33.298
2024-11-15 20:40:00,610,Ariyalur,66.5,-33.298
2024-11-15 20:45:00,610,Ariyalur,66.5,-33.298
2024-11-15 20:50:00,610,Ariyalur,66.5,-33.298
2024-11-15 20:55:00,610,Ariyalur,67.0,-33.298
2024-11-15 21:00:00,610,Ariyalur,33.75,-33.298
2024-11-15 21:50:00,610,Ariyalur,7.5,-33.000600000000006
2024-11-15 21:55:00,610,Ariyalur,7.5,-33.000600000000006
2024-11-15 22:00:00,610,Ariyalur,7.25,-33.000600000000006
2024-11-15 22:05:00,610,Ariyalur,9.5,-33.000600000000006
2024-11-15 22:10:00,610,Ariyalur,17.0,-33.000600000000006
2024-11-15 22:15:00,610,Ariyalur,24.5,-33.000600000000006
2024-11-15 22:20:00,610,Ariyalur,37.5,-33.000600000000006
2024-11-15 22:25:00,610,Ariyalur,45.0,-33.000600000000006
2024-11-15 22:30:00,610,Ariyalur,56.0,-33.000600000000006
2024-11-15 22:35:00,610,Ariyalur,64.5,-33.000600000000006
2024-11-15 22:40:00,610,Ariyalur,79.0,-33.000600000000006
2024-11-15 22:45:00,610,Ariyalur,99.5,-33.000600000000006
2024-11-15 22:50:00,610,Ariyalur,104.0,-33.000600000000006
2024-11-15 22:55:00,610,Ariyalur,104.5,-33.000600000000006
2024-11-15 23:00:00,610,Ariyalur,117.0,-33.000600000000006
2024-11-15 23:05:00,610,Ariyalur,7.0,-33.000600000000006
2024-11-15 23:10:00,610,Ariyalur,15.5,-33.000600000000006
2024-11-15 23:15:00,610,Ariyalur,29.5,-33.000600000000006
2024-11-15 23:20:00,610,Ariyalur,35.5,-33.000600000000006
2024-11-15 23:25:00,610,Ariyalur,35.5,-33.000600000000006
2024-11-15 23:30:00,610,Ariyalur,35.5,-33.000600000000006
2024-11-15 23:35:00,610,Ariyalur,48.5,-33.000600000000006
2024-11-15 23:40:00,610,Ariyalur,49.0,-33.000600000000006
2024-11-15 23:45:00,610,Ariyalur,49.0,-33.000600000000006
2024-11-15 23:50:00,610,Ariyalur,49.0,-33.000600000000006
2024-11-15 23:55:00,610,Ariyalur,49.0,-33.000600000000006
2024-11-16 00:00:00,610,Ariyalur,57.0,-33.000600000000006
2024-11-16 00:10:00,610,Ariyalur,0.5,-33.000600000000006
2024-11-16 00:15:00,610,Ariyalur,0.5,-33.000600000000006
2024-11-16 00:20:00,610,Ariyalur,2.5,-33.000600000000006
2024-11-16 00:25:00,610,Ariyalur,2.5,-33.000600000000006
2024-11-16 00:30:00,610,Ariyalur,5.5,-33.000600000000006
2024-11-16 00:35:00,610,Ariyalur,5.5,-33.000600000000006
2024-11-16 00:40:00,610,Ariyalur,5.5,-33.000600000000006
2024-11-16 00:45:00,610,Ariyalur,5.5,-33.000600000000006
2024-11-16 00:50:00,610,Ariyalur,9.5,-33.000600000000006
2024-11-16 00:55:00,610,Ariyalur,9.5,-33.000600000000006
2024-11-16 01:00:00,610,Ariyalur,8.0,-33.000600000000006
2024-11-16 01:05:00,610,Ariyalur,0.5,-33.000600000000006
2024-11-16 01:10:00,610,Ariyalur,0.5,-33.000600000000006
2024-11-16 01:15:00,610,Ariyalur,1.0,-33.000600000000006
2024-11-16 01:20:00,610,Ariyalur,1.0,-33.000600000000006
2024-11-16 01:25:00,610,Ariyalur,1.0,-33.000600000000006
2024-11-16 01:30:00,610,Ariyalur,1.0,-33.000600000000006
2024-11-16 01:35:00,610,Ariyalur,1.0,-33.000600000000006
2024-11-16 01:40:00,610,Ariyalur,1.0,-33.000600000000006
2024-11-16 01:45:00,610,Ariyalur,1.5,-33.000600000000006
2024-11-16 01:50:00,610,Ariyalur,2.0,-33.000600000000006
2024-11-16 01:55:00,610,Ariyalur,3.0,-33.000600000000006
2024-11-16 02:00:00,610,Ariyalur,1.75,-33.000600000000006
2024-11-16 02:10:00,610,Ariyalur,2.0,-33.000600000000006
2024-11-16 02:15:00,610,Ariyalur,7.5,-33.000600000000006
2024-11-16 02:20:00,610,Ariyalur,7.5,-33.000600000000006
2024-11-16 02:25:00,610,Ariyalur,7.5,-33.000600000000006
2024-11-16 02:30:00,610,Ariyalur,7.5,-33.000600000000006
2024-11-16 02:35:00,610,Ariyalur,7.5,-33.000600000000006
2024-11-16 02:40:00,610,Ariyalur,7.5,-33.000600000000006
2024-11-16 02:45:00,610,Ariyalur,7.5,-33.000600000000006
2024-11-16 02:50:00,610,Ariyalur,7.5,-33.000600000000006
2024-11-16 02:55:00,610,Ariyalur,7.5,-33.000600000000006
2024-11-16 03:00:00,610,Ariyalur,7.5,-33.000600000000006
2024-11-16 06:15:00,610,Ariyalur,0.5,-32.8054
2024-11-16 06:20:00,610,Ariyalur,0.5,-32.8054
2024-11-16 06:25:00,610,Ariyalur,0.5,-32.8054
2024-11-16 06:30:00,610,Ariyalur,0.5,-32.8054
2024-11-16 06:35:00,610,Ariyalur,0.5,-32.8054
2024-11-16 06:40:00,610,Ariyalur,0.5,-32.8054
2024-11-16 06:45:00,610,Ariyalur,0.5,-32.8054
2024-11-16 06:50:00,610,Ariyalur,0.5,-32.8054
2024-11-16 06:55:00,610,Ariyalur,0.5,-32.8054
2024-11-16 07:00:00,610,Ariyalur,0.5,-32.8054
2024-11-16 08:10:00,610,Ariyalur,0.5,-32.8054
2024-11-16 08:15:00,610,Ariyalur,0.5,-32.8054
2024-11-16 08:20:00,610,Ariyalur,0.5,-32.8054
2024-11-16 08:25:00,610,Ariyalur,0.5,-32.8054
2024-11-16 08:30:00,610,Ariyalur,0.5,-32.8054
2024-11-16 08:35:00,610,Ariyalur,0.5,-32.8054
2024-11-16 08:40:00,610,Ariyalur,0.5,-32.8054
2024-11-16 08:45:00,610,Ariyalur,0.5,-32.8054
2024-11-16 08:50:00,610,Ariyalur,0.5,-32.8054
2024-11-16 08:55:00,610,Ariyalur,0.5,-32.8054
2024-11-16 09:00:00,610,Ariyalur,0.5,-32.8054
2024-11-16 09:05:00,610,Ariyalur,0.5,-32.1918
2024-11-16 09:10:00,610,Ariyalur,1.5,-32.1918
2024-11-16 09:15:00,610,Ariyalur,2.0,-32.1918
2024-11-16 09:20:00,610,Ariyalur,3.5,-32.1918
2024-11-16 09:25:00,610,Ariyalur,4.0,-32.1918
2024-11-16 09:30:00,610,Ariyalur,4.5,-32.1918
2024-11-16 09:35:00,610,Ariyalur,4.5,-32.1918
2024-11-16 09:40:00,610,Ariyalur,4.5,-32.1918
2024-11-16 09:45:00,610,Ariyalur,4.5,-32.1918
2024-11-16 09:50:00,610,Ariyalur,4.5,-32.1918
2024-11-16 09:55:00,610,Ariyalur,6.5,-32.1918
2024-11-16 10:00:00,610,Ariyalur,7.5,-32.1918
2024-11-16 10:05:00,610,Ariyalur,1.0,-32.1918
2024-11-16 10:10:00,610,Ariyalur,2.5,-32.1918
2024-11-16 10:15:00,610,Ariyalur,4.0,-32.1918
2024-11-16 10:20:00,610,Ariyalur,5.0,-32.1918
2024-11-16 10:25:00,610,Ariyalur,6.0,-32.1918
2024-11-16 10:30:00,610,Ariyalur,10.0,-32.1918
2024-11-16 10:35:00,610,Ariyalur,10.5,-32.1918
2024-11-16 10:40:00,610,Ariyalur,11.5,-32.1918
2024-11-16 10:45:00,610,Ariyalur,12.5,-32.1918
2024-11-16 10:50:00,610,Ariyalur,13.0,-32.1918
2024-11-16 10:55:00,610,Ariyalur,13.0,-32.1918
2024-11-16 11:00:00,610,Ariyalur,14.25,-32.1918
2024-11-18 14:00:00,610,Ariyalur,1.0,-31.607
2024-11-26 11:00:00,610,Ariyalur,1.5,-32.8214
2024-11-26 12:00:00,610,Ariyalur,1.5,-32.8214
2024-11-26 16:00:00,610,Ariyalur,1.0,-32.5906
2024-11-26 17:00:00,610,Ariyalur,6.0,-32.5906
2024-11-26 18:00:00,610,Ariyalur,8.0,-32.5906
2024-11-26 19:00:00,610,Ariyalur,4.0,-32.5906
2024-11-26 20:00:00,610,Ariyalur,1.0,-32.5906
2024-11-26 21:00:00,610,Ariyalur,1.0,-32.5906
2024-11-26 22:00:00,610,Ariyalur,0.5,-31.1876
2024-11-26 23:00:00,610,Ariyalur,1.0,-31.1876
2024-11-27 00:00:00,610,Ariyalur,1.0,-31.1876
2024-11-27 02:00:00,610,Ariyalur,0.5,-31.1876
2024-11-27 03:00:00,610,Ariyalur,0.5,-31.1876
2024-11-27 04:00:00,610,Ariyalur,2.0,-30.852599999999995
2024-11-27 05:00:00,610,Ariyalur,2.0,-30.852599999999995
2024-11-27 06:00:00,610,Ariyalur,2.5,-30.852599999999995
2024-11-27 07:00:00,610,Ariyalur,5.0,-30.852599999999995
2024-11-27 08:00:00,610,Ariyalur,1.0,-30.852599999999995
2024-11-27 11:00:00,610,Ariyalur,0.5,-30.361400000000003
2024-11-27 12:00:00,610,Ariyalur,1.0,-30.361400000000003
2024-11-27 13:30:00,610,Ariyalur,0.5,-30.361400000000003
2024-11-27 13:35:00,610,Ariyalur,0.5,-30.361400000000003
2024-11-27 13:40:00,610,Ariyalur,0.5,-30.361400000000003
2024-11-27 13:45:00,610,Ariyalur,0.5,-30.361400000000003
2024-11-27 13:50:00,610,Ariyalur,0.5,-30.361400000000003
2024-11-27 13:55:00,610,Ariyalur,0.5,-30.361400000000003
2024-11-27 14:00:00,610,Ariyalur,1.0,-30.361400000000003
2024-11-27 14:50:00,610,Ariyalur,3.0,-30.361400000000003
2024-11-27 14:55:00,610,Ariyalur,13.0,-30.361400000000003
2024-11-27 15:00:00,610,Ariyalur,13.0,-30.361400000000003
2024-11-27 15:15:00,610,Ariyalur,3.0,-30.2222
2024-11-27 15:20:00,610,Ariyalur,5.0,-30.2222
2024-11-27 15:25:00,610,Ariyalur,19.0,-30.2222
2024-11-27 15:30:00,610,Ariyalur,50.0,-30.2222
2024-11-27 15:35:00,610,Ariyalur,50.0,-30.2222
2024-11-27 15:40:00,610,Ariyalur,50.0,-30.2222
2024-11-27 15:45:00,610,Ariyalur,50.0,-30.2222
2024-11-27 15:50:00,610,Ariyalur,50.0,-30.2222
2024-11-27 15:55:00,610,Ariyalur,50.0,-30.2222
2024-11-27 16:00:00,610,Ariyalur,50.0,-30.2222
2024-11-30 19:30:00,610,Ariyalur,0.5,-35.39575
2024-11-30 19:35:00,610,Ariyalur,1.0,-35.39575
2024-11-30 19:40:00,610,Ariyalur,1.0,-35.39575
2024-11-30 19:45:00,610,Ariyalur,1.5,-35.39575
2024-11-30 19:50:00,610,Ariyalur,1.5,-35.39575
2024-11-30 19:55:00,610,Ariyalur,1.5,-35.39575
2024-11-30 20:00:00,610,Ariyalur,2.25,-35.39575
2024-11-30 20:05:00,610,Ariyalur,5.5,-35.39575
2024-11-30 20:10:00,610,Ariyalur,11.0,-35.39575
2024-11-30 20:15:00,610,Ariyalur,23.0,-35.39575
2024-11-30 20:20:00,610,Ariyalur,23.0,-35.39575
2024-11-30 20:25:00,610,Ariyalur,23.0,-35.39575
2024-11-30 20:30:00,610,Ariyalur,23.0,-35.39575
2024-11-30 20:35:00,610,Ariyalur,23.0,-35.39575
2024-11-30 20:40:00,610,Ariyalur,23.0,-35.39575
2024-11-30 20:45:00,610,Ariyalur,23.0,-35.39575
2024-11-30 20:50:00,610,Ariyalur,23.5,-35.39575
2024-11-30 20:55:00,610,Ariyalur,23.5,-35.39575
2024-11-30 21:00:00,610,Ariyalur,13.25,-35.39575
2024-11-30 21:05:00,610,Ariyalur,0.5,-35.39675
2024-11-30 21:10:00,610,Ariyalur,0.5,-35.39675
2024-11-30 21:15:00,610,Ariyalur,1.0,-35.39675
2024-11-30 21:20:00,610,Ariyalur,1.5,-35.39675
2024-11-30 21:25:00,610,Ariyalur,2.0,-35.39675
2024-11-30 21:30:00,610,Ariyalur,2.0,-35.39675
2024-11-30 21:35:00,610,Ariyalur,2.0,-35.39675
2024-11-30 21:40:00,610,Ariyalur,2.5,-35.39675
2024-11-30 21:45:00,610,Ariyalur,2.5,-35.39675
2024-11-30 21:50:00,610,Ariyalur,2.5,-35.39675
2024-11-30 21:55:00,610,Ariyalur,2.5,-35.39675
2024-11-30 22:00:00,610,Ariyalur,2.0,-35.39675
2024-11-30 22:55:00,610,Ariyalur,0.5,-35.39675
2024-11-30 23:00:00,610,Ariyalur,0.75,-35.39675
2024-11-30 23:40:00,610,Ariyalur,0.5,-35.39675
2024-11-30 23:45:00,610,Ariyalur,0.5,-35.39675
2024-11-30 23:50:00,610,Ariyalur,0.5,-35.39675
2024-11-30 23:55:00,610,Ariyalur,0.5,-35.39675
2024-12-01 00:00:00,610,Ariyalur,2.25,-35.39675
2024-12-01 00:15:00,610,Ariyalur,0.5,-35.39675
2024-12-01 00:20:00,610,Ariyalur,0.5,-35.39675
2024-12-01 00:25:00,610,Ariyalur,1.0,-35.39675
2024-12-01 00:30:00,610,Ariyalur,1.0,-35.39675
2024-12-01 00:35:00,610,Ariyalur,1.5,-35.39675
2024-12-01 00:40:00,610,Ariyalur,1.5,-35.39675
2024-12-01 00:45:00,610,Ariyalur,2.0,-35.39675
2024-12-01 00:50:00,610,Ariyalur,2.5,-35.39675
2024-12-01 00:55:00,610,Ariyalur,3.0,-35.39675
2024-12-01 01:00:00,610,Ariyalur,5.5,-35.39675
2024-12-01 01:10:00,610,Ariyalur,1.0,-35.39675
2024-12-01 01:15:00,610,Ariyalur,1.5,-35.39675
2024-12-01 01:20:00,610,Ariyalur,2.0,-35.39675
2024-12-01 01:25:00,610,Ariyalur,2.5,-35.39675
2024-12-01 01:30:00,610,Ariyalur,3.0,-35.39675
2024-12-01 01:35:00,610,Ariyalur,3.5,-35.39675
2024-12-01 01:40:00,610,Ariyalur,4.0,-35.39675
2024-12-01 01:45:00,610,Ariyalur,4.5,-35.39675
2024-12-01 01:50:00,610,Ariyalur,5.0,-35.39675
2024-12-01 01:55:00,610,Ariyalur,6.0,-35.39675
2024-12-01 02:00:00,610,Ariyalur,7.75,-35.39675
2024-12-01 02:05:00,610,Ariyalur,0.5,-35.39675
2024-12-01 02:10:00,610,Ariyalur,0.5,-35.39675
2024-12-01 02:15:00,610,Ariyalur,1.5,-35.39675
2024-12-01 02:20:00,610,Ariyalur,2.0,-35.39675
2024-12-01 02:25:00,610,Ariyalur,2.5,-35.39675
2024-12-01 02:30:00,610,Ariyalur,3.0,-35.39675
2024-12-01 02:35:00,610,Ariyalur,3.5,-35.39675
2024-12-01 02:40:00,610,Ariyalur,3.5,-35.39675
2024-12-01 02:45:00,610,Ariyalur,4.0,-35.39675
2024-12-01 02:50:00,610,Ariyalur,4.0,-35.39675
2024-12-01 02:55:00,610,Ariyalur,4.5,-35.39675
2024-12-01 03:00:00,610,Ariyalur,5.5,-35.39675
2024-12-01 03:05:00,610,Ariyalur,0.5,-32.675
2024-12-01 03:10:00,610,Ariyalur,0.5,-32.675
2024-12-01 03:15:00,610,Ariyalur,1.0,-32.675
2024-12-01 03:20:00,610,Ariyalur,1.5,-32.675
2024-12-01 03:25:00,610,Ariyalur,1.5,-32.675
2024-12-01 03:30:00,610,Ariyalur,2.5,-32.675
2024-12-01 03:35:00,610,Ariyalur,2.5,-32.675
2024-12-01 03:40:00,610,Ariyalur,3.5,-32.675
2024-12-01 03:45:00,610,Ariyalur,4.0,-32.675
2024-12-01 03:50:00,610,Ariyalur,4.5,-32.675
2024-12-01 03:55:00,610,Ariyalur,5.0,-32.675
2024-12-01 04:00:00,610,Ariyalur,5.75,-32.675
2024-12-01 04:05:00,610,Ariyalur,0.5,-32.675
2024-12-01 04:10:00,610,Ariyalur,1.0,-32.675
2024-12-01 04:15:00,610,Ariyalur,1.5,-32.675
2024-12-01 04:20:00,610,Ariyalur,2.0,-32.675
2024-12-01 04:25:00,610,Ariyalur,3.5,-32.675
2024-12-01 04:35:00,610,Ariyalur,3.5,-32.675
2024-12-01 04:40:00,610,Ariyalur,4.0,-32.675
2024-12-01 04:45:00,610,Ariyalur,4.0,-32.675
2024-12-01 04:50:00,610,Ariyalur,4.0,-32.675
2024-12-01 05:00:00,610,Ariyalur,4.5,-32.675
2024-12-01 06:00:00,610,Ariyalur,3.5,-32.675
2024-12-01 09:00:00,610,Ariyalur,6.0,-32.675
2024-12-01 10:00:00,610,Ariyalur,10.0,-32.68675
2024-12-01 10:30:00,610,Ariyalur,2.5,-32.68675
2024-12-01 10:35:00,610,Ariyalur,2.5,-32.68675
2024-12-01 10:50:00,610,Ariyalur,3.5,-32.68675
2024-12-01 10:55:00,610,Ariyalur,3.5,-32.68675
2024-12-01 11:00:00,610,Ariyalur,4.0,-32.68675
2024-12-01 12:00:00,610,Ariyalur,0.5,-32.68675
2024-12-01 13:00:00,610,Ariyalur,3.0,-32.68675
2024-12-01 14:00:00,610,Ariyalur,1.5,-32.68675
2024-12-01 15:00:00,610,Ariyalur,0.5,-32.68675
2024-12-01 16:10:00,610,Ariyalur,0.5,-32.6275
2024-12-01 16:15:00,610,Ariyalur,0.5,-32.6275
2024-12-01 16:20:00,610,Ariyalur,0.5,-32.6275
2024-12-01 16:25:00,610,Ariyalur,0.5,-32.6275
2024-12-01 16:30:00,610,Ariyalur,0.5,-32.6275
2024-12-01 16:35:00,610,Ariyalur,0.5,-32.6275
2024-12-01 16:40:00,610,Ariyalur,0.5,-32.6275
2024-12-01 16:45:00,610,Ariyalur,0.5,-32.6275
2024-12-01 16:50:00,610,Ariyalur,0.5,-32.6275
2024-12-01 16:55:00,610,Ariyalur,0.5,-32.6275
2024-12-01 17:00:00,610,Ariyalur,0.5,-32.6275
2024-12-01 17:45:00,610,Ariyalur,0.5,-32.6275
2024-12-01 17:50:00,610,Ariyalur,0.5,-32.6275
2024-12-01 17:55:00,610,Ariyalur,0.5,-32.6275
2024-12-01 18:00:00,610,Ariyalur,18.0,-32.6275
2024-12-01 18:05:00,610,Ariyalur,8.0,-32.6275
2024-12-01 18:10:00,610,Ariyalur,8.0,-32.6275
2024-12-01 18:15:00,610,Ariyalur,8.0,-32.6275
2024-12-01 18:20:00,610,Ariyalur,8.0,-32.6275
2024-12-01 18:25:00,610,Ariyalur,8.0,-32.6275
2024-12-01 18:30:00,610,Ariyalur,8.0,-32.6275
2024-12-01 18:35:00,610,Ariyalur,8.0,-32.6275
2024-12-01 18:40:00,610,Ariyalur,8.0,-32.6275
2024-12-01 18:45:00,610,Ariyalur,8.0,-32.6275
2024-12-02 02:00:00,610,Ariyalur,0.5,-32.51975
2024-12-02 07:45:00,610,Ariyalur,1.5,-32.37275
2024-12-02 07:50:00,610,Ariyalur,4.0,-32.37275
2024-12-02 07:55:00,610,Ariyalur,4.0,-32.37275
2024-12-02 08:00:00,610,Ariyalur,4.0,-32.37275
2024-12-02 08:20:00,610,Ariyalur,9.5,-32.37275
2024-12-02 08:25:00,610,Ariyalur,9.5,-32.37275
2024-12-02 08:30:00,610,Ariyalur,9.5,-32.37275
2024-12-02 08:35:00,610,Ariyalur,13.5,-32.37275
2024-12-02 08:40:00,610,Ariyalur,14.0,-32.37275
2024-12-02 08:45:00,610,Ariyalur,14.5,-32.37275
2024-12-02 08:50:00,610,Ariyalur,15.0,-32.37275
2024-12-02 08:55:00,610,Ariyalur,15.0,-32.37275
2024-12-02 09:00:00,610,Ariyalur,15.0,-32.37275
2024-12-02 09:20:00,610,Ariyalur,0.5,-32.80125
2024-12-02 09:25:00,610,Ariyalur,1.0,-32.80125
2024-12-02 09:30:00,610,Ariyalur,1.0,-32.80125
2024-12-02 09:35:00,610,Ariyalur,1.0,-32.80125
2024-12-02 09:40:00,610,Ariyalur,1.0,-32.80125
2024-12-02 09:45:00,610,Ariyalur,1.0,-32.80125
2024-12-02 09:50:00,610,Ariyalur,1.0,-32.80125
2024-12-02 09:55:00,610,Ariyalur,1.0,-32.80125
2024-12-02 10:00:00,610,Ariyalur,1.0,-32.80125
2024-12-02 16:55:00,610,Ariyalur,1.0,-29.368
2024-12-02 17:00:00,610,Ariyalur,1.0,-29.368
2024-12-02 18:55:00,610,Ariyalur,1.5,-29.368
2024-12-02 19:00:00,610,Ariyalur,2.5,-29.368
2024-12-02 19:05:00,610,Ariyalur,5.0,-29.368
2024-12-02 19:10:00,610,Ariyalur,6.5,-29.368
2024-12-02 19:15:00,610,Ariyalur,7.0,-29.368
2024-12-02 19:20:00,610,Ariyalur,7.0,-29.368
2024-12-02 19:25:00,610,Ariyalur,7.0,-29.368
2024-12-02 19:30:00,610,Ariyalur,7.0,-29.368
2024-12-02 19:35:00,610,Ariyalur,7.0,-29.368
2024-12-02 19:40:00,610,Ariyalur,7.0,-29.368
2024-12-02 19:45:00,610,Ariyalur,7.0,-29.368
2024-12-03 02:00:00,610,Ariyalur,9.5,-29.137
2024-12-03 17:00:00,610,Ariyalur,5.0,-29.2092
2024-12-03 18:00:00,610,Ariyalur,4.0,-29.2092
2024-12-04 17:45:00,610,Ariyalur,1.5,-29.5438
2024-12-04 17:50:00,610,Ariyalur,2.5,-29.5438
2024-12-04 17:55:00,610,Ariyalur,2.5,-29.5438
2024-12-04 18:00:00,610,Ariyalur,2.5,-29.5438
2024-12-04 18:05:00,610,Ariyalur,0.5,-29.5438
2024-12-04 18:10:00,610,Ariyalur,0.5,-29.5438
2024-12-04 18:15:00,610,Ariyalur,0.5,-29.5438
2024-12-04 18:20:00,610,Ariyalur,0.5,-29.5438
2024-12-04 18:25:00,610,Ariyalur,0.5,-29.5438
2024-12-04 18:30:00,610,Ariyalur,0.5,-29.5438
2024-12-04 18:35:00,610,Ariyalur,0.5,-29.5438
2024-12-04 18:40:00,610,Ariyalur,0.5,-29.5438
2024-12-04 18:45:00,610,Ariyalur,0.5,-29.5438
2024-12-04 18:50:00,610,Ariyalur,0.5,-29.5438
2024-12-04 18:55:00,610,Ariyalur,0.5,-29.5438
2024-12-04 19:00:00,610,Ariyalur,0.5,-29.5438
2024-12-04 20:40:00,610,Ariyalur,0.5,-29.5438
2024-12-04 20:45:00,610,Ariyalur,0.5,-29.5438
2024-12-04 20:50:00,610,Ariyalur,0.5,-29.5438
2024-12-04 20:55:00,610,Ariyalur,0.5,-29.5438
2024-12-04 21:00:00,610,Ariyalur,0.5,-29.5438
2024-12-05 13:30:00,610,Ariyalur,0.5,-29.6734
2024-12-05 13:35:00,610,Ariyalur,1.0,-29.6734
2024-12-05 13:40:00,610,Ariyalur,1.5,-29.6734
2024-12-05 13:45:00,610,Ariyalur,1.5,-29.6734
2024-12-05 13:50:00,610,Ariyalur,1.5,-29.6734
2024-12-05 13:55:00,610,Ariyalur,1.5,-29.6734
2024-12-05 14:00:00,610,Ariyalur,1.5,-29.6734
2024-12-05 14:15:00,610,Ariyalur,0.5,-29.6734
2024-12-05 14:20:00,610,Ariyalur,0.5,-29.6734
2024-12-05 14:25:00,610,Ariyalur,0.5,-29.6734
2024-12-05 14:30:00,610,Ariyalur,0.5,-29.6734
2024-12-05 14:35:00,610,Ariyalur,0.5,-29.6734
2024-12-11 11:00:00,610,Ariyalur,1.5,-16.71075
2024-12-11 12:00:00,610,Ariyalur,2.5,-16.71075
2024-12-11 14:00:00,610,Ariyalur,0.5,-16.71075
2024-12-11 15:00:00,610,Ariyalur,1.0,-16.71075
2024-12-11 16:00:00,610,Ariyalur,1.0,-30.6082
2024-12-11 17:00:00,610,Ariyalur,0.5,-30.6082
2024-12-11 21:00:00,610,Ariyalur,1.0,-30.6082
2024-12-11 22:00:00,610,Ariyalur,2.0,-30.3908
2024-12-11 23:00:00,610,Ariyalur,2.0,-30.3908
2024-12-12 01:00:00,610,Ariyalur,8.0,-30.3908
2024-12-12 02:00:00,610,Ariyalur,2.0,-30.3908
2024-12-12 03:00:00,610,Ariyalur,1.0,-30.3908
2024-12-12 04:00:00,610,Ariyalur,3.0,-29.108600000000003
2024-12-12 05:00:00,610,Ariyalur,8.0,-29.108600000000003
2024-12-12 06:00:00,610,Ariyalur,2.5,-29.108600000000003
2024-12-12 07:00:00,610,Ariyalur,1.5,-29.108600000000003
2024-12-12 08:00:00,610,Ariyalur,7.5,-29.108600000000003
2024-12-12 09:00:00,610,Ariyalur,16.5,-29.108600000000003
2024-12-12 10:00:00,610,Ariyalur,3.0,-32.1565
2024-12-12 11:00:00,610,Ariyalur,13.5,-32.1565
2024-12-12 12:00:00,610,Ariyalur,26.5,-32.1565
2024-12-12 13:00:00,610,Ariyalur,6.0,-32.1565
2024-12-12 14:00:00,610,Ariyalur,3.0,-32.1565
2024-12-12 15:00:00,610,Ariyalur,0.5,-32.1565
2024-12-12 17:00:00,610,Ariyalur,5.5,-31.889000000000003
2024-12-12 19:00:00,610,Ariyalur,9.5,-31.889000000000003
2024-12-12 21:00:00,610,Ariyalur,2.5,-31.889000000000003
2024-12-12 22:00:00,610,Ariyalur,1.0,-31.5645
2024-12-12 23:00:00,610,Ariyalur,2.5,-31.5645
2024-12-13 00:00:00,610,Ariyalur,16.0,-31.5645
2024-12-13 01:00:00,610,Ariyalur,26.5,-31.5645
2024-12-13 02:00:00,610,Ariyalur,15.5,-31.5645
2024-12-13 03:00:00,610,Ariyalur,11.0,-31.5645
2024-12-13 04:00:00,610,Ariyalur,4.0,-31.01425
2024-12-13 05:00:00,610,Ariyalur,5.0,-31.01425
2024-12-13 06:00:00,610,Ariyalur,5.0,-31.01425
2024-12-13 07:00:00,610,Ariyalur,1.5,-31.01425
2024-12-13 08:00:00,610,Ariyalur,2.5,-31.01425
2024-12-13 11:00:00,610,Ariyalur,4.0,-30.82575
2024-12-13 12:00:00,610,Ariyalur,0.5,-30.82575
2024-12-13 13:00:00,610,Ariyalur,1.5,-30.82575
2024-12-13 14:00:00,610,Ariyalur,1.5,-30.82575
2024-12-13 15:00:00,610,Ariyalur,0.5,-30.82575
2024-12-16 12:25:00,610,Ariyalur,0.5,-26.9226
2024-12-16 12:30:00,610,Ariyalur,0.5,-26.9226
2024-12-16 12:35:00,610,Ariyalur,0.5,-26.9226
2024-12-16 12:40:00,610,Ariyalur,0.5,-26.9226
2024-12-16 12:45:00,610,Ariyalur,0.5,-26.9226
2024-12-16 12:50:00,610,Ariyalur,0.5,-26.9226
2024-12-16 12:55:00,610,Ariyalur,1.0,-26.9226
2024-12-16 13:00:00,610,Ariyalur,1.0,-26.9226
2024-12-16 13:55:00,610,Ariyalur,0.5,-26.9226
2024-12-16 14:00:00,610,Ariyalur,0.5,-26.9226
2024-12-16 14:40:00,610,Ariyalur,0.5,-26.9226
2024-12-16 14:45:00,610,Ariyalur,0.5,-26.9226
2024-12-16 14:50:00,610,Ariyalur,0.5,-26.9226
2024-12-16 14:55:00,610,Ariyalur,0.5,-26.9226
2024-12-16 15:00:00,610,Ariyalur,0.5,-26.9226
2024-12-16 15:25:00,610,Ariyalur,0.5,-26.9592
2024-12-16 15:30:00,610,Ariyalur,0.5,-26.9592
2024-12-16 15:35:00,610,Ariyalur,0.5,-26.9592
2024-12-16 15:40:00,610,Ariyalur,0.5,-26.9592
2024-12-16 15:45:00,610,Ariyalur,0.5,-26.9592
2024-12-16 15:50:00,610,Ariyalur,1.0,-26.9592
2024-12-16 15:55:00,610,Ariyalur,1.0,-26.9592
2024-12-16 16:00:00,610,Ariyalur,1.0,-26.9592
2024-12-17 21:00:00,610,Ariyalur,0.5,-26.956
2024-12-18 07:00:00,610,Ariyalur,0.5,-26.7976
2024-12-18 08:00:00,610,Ariyalur,0.5,-26.7976
2024-12-20 00:00:00,610,Ariyalur,15.0,-26.613800000000005
2024-12-20 01:00:00,610,Ariyalur,61.0,-26.613800000000005
2024-12-20 02:00:00,610,Ariyalur,11.5,-26.613800000000005
2024-12-20 03:00:00,610,Ariyalur,2.0,-26.613800000000005
2024-12-20 04:00:00,610,Ariyalur,145.0,-12.55025
2024-12-20 05:00:00,610,Ariyalur,9.0,-12.55025
2024-12-20 22:00:00,610,Ariyalur,4.5,-11.6084
2024-12-20 23:00:00,610,Ariyalur,122.5,-11.6084
2024-12-21 00:00:00,610,Ariyalur,1.5,-11.6084
2024-12-21 09:00:00,610,Ariyalur,0.5,-11.6298
2024-12-21 20:00:00,610,Ariyalur,0.5,-23.4685
2024-12-22 10:00:00,610,Ariyalur,9.5,-23.834333333333333
2024-12-22 11:00:00,610,Ariyalur,2.0,-23.834333333333333
2024-12-22 13:00:00,610,Ariyalur,0.5,-23.834333333333333
2024-12-22 19:00:00,610,Ariyalur,7.5,-23.901
2024-12-22 20:00:00,610,Ariyalur,33.5,-23.901
2024-12-22 21:00:00,610,Ariyalur,20.5,-23.901
2024-12-22 22:00:00,610,Ariyalur,1.0,-23.65816666666667
2024-12-22 23:00:00,610,Ariyalur,34.0,-23.65816666666667
2024-12-23 00:00:00,610,Ariyalur,21.5,-23.65816666666667
2024-12-23 01:00:00,610,Ariyalur,19.0,-23.65816666666667
2024-12-23 02:00:00,610,Ariyalur,5.0,-23.65816666666667
2024-12-23 03:00:00,610,Ariyalur,2.0,-23.65816666666667
2024-12-23 09:00:00,610,Ariyalur,18.0,-25.2072
2024-12-24 00:00:00,610,Ariyalur,0.5,-25.5104
2024-12-24 09:00:00,610,Ariyalur,0.5,-23.732166666666668
2024-12-26 16:00:00,610,Ariyalur,1.0,-24.055000000000003
2024-12-26 17:00:00,610,Ariyalur,1.5,-24.055000000000003
2024-12-27 09:00:00,610,Ariyalur,0.5,-23.8875
2024-12-27 12:00:00,610,Ariyalur,10.5,-24.19233333333333
2024-12-28 16:00:00,610,Ariyalur,0.5,-24.023666666666667
2024-12-29 18:00:00,610,Ariyalur,0.75,-24.10383333333333
2024-12-29 20:00:00,610,Ariyalur,1.0,-24.10383333333333
2024-12-29 22:00:00,610,Ariyalur,0.5,-24.1
2024-12-30 01:00:00,610,Ariyalur,0.75,-24.1
2024-12-30 02:00:00,610,Ariyalur,2.5,-24.1
2024-12-30 03:00:00,610,Ariyalur,10.0,-24.1
2024-12-30 04:00:00,610,Ariyalur,67.0,-24.019500000000004
2024-12-30 05:00:00,610,Ariyalur,1.5,-24.019500000000004
2024-12-30 08:00:00,610,Ariyalur,2.0,-24.019500000000004
2024-12-30 09:00:00,610,Ariyalur,0.5,-24.019500000000004
2024-12-30 10:00:00,610,Ariyalur,11.0,-24.135166666666667
2024-12-30 11:00:00,610,Ariyalur,9.0,-24.135166666666667
2024-12-30 12:00:00,610,Ariyalur,6.5,-24.135166666666667
2025-01-01 03:00:00,610,Ariyalur,1.5,-24.1895
2025-01-01 04:00:00,610,Ariyalur,6.5,-29.0015
2025-01-01 05:00:00,610,Ariyalur,152.0,-29.0015
2025-01-01 06:00:00,610,Ariyalur,105.0,-29.0015
2025-01-01 07:00:00,610,Ariyalur,90.5,-29.0015
2025-01-01 08:00:00,610,Ariyalur,6.0,-29.0015
2025-01-01 09:00:00,610,Ariyalur,11.5,-29.0015
2025-01-01 10:00:00,610,Ariyalur,45.0,-29.4725
2025-01-01 11:00:00,610,Ariyalur,156.5,-29.4725
2025-01-01 12:00:00,610,Ariyalur,91.0,-29.4725
2025-01-01 13:00:00,610,Ariyalur,158.5,-29.4725
2025-01-01 14:00:00,610,Ariyalur,69.0,-29.4725
2025-01-01 15:00:00,610,Ariyalur,35.5,-29.4725
2025-01-01 16:00:00,610,Ariyalur,61.0,-36.61233333333333
2025-01-01 17:00:00,610,Ariyalur,48.5,-36.61233333333333
2025-01-01 18:00:00,610,Ariyalur,78.0,-36.61233333333333
2025-01-01 19:00:00,610,Ariyalur,0.5,-36.61233333333333
2025-01-01 21:00:00,610,Ariyalur,3.0,-36.61233333333333
2025-01-01 23:00:00,610,Ariyalur,7.0,-36.45466666666667
2025-01-02 00:00:00,610,Ariyalur,3.0,-36.45466666666667
2025-01-02 02:00:00,610,Ariyalur,5.0,-36.45466666666667
2025-01-02 04:00:00,610,Ariyalur,63.0,-24.107333333333333
2025-01-02 05:00:00,610,Ariyalur,183.0,-24.107333333333333
2025-01-02 06:00:00,610,Ariyalur,13.5,-24.107333333333333
2025-01-02 07:00:00,610,Ariyalur,2.0,-24.107333333333333
2025-01-02 08:00:00,610,Ariyalur,159.5,-24.107333333333333
2025-01-02 09:00:00,610,Ariyalur,28.0,-24.107333333333333
2025-01-02 10:00:00,610,Ariyalur,49.5,-24.458
2025-01-02 11:00:00,610,Ariyalur,61.5,-24.458
2025-01-02 12:00:00,610,Ariyalur,102.5,-24.458
2025-01-02 13:00:00,610,Ariyalur,14.5,-24.458
2025-01-02 14:00:00,610,Ariyalur,11.0,-24.458
2025-01-02 18:00:00,610,Ariyalur,1.5,-24.395333333333337
2025-01-13 20:00:00,610,Ariyalur,1.0,-24.4705
2025-01-18 15:00:00,610,Ariyalur,0.5,-25.069666666666667
2025-01-18 16:00:00,610,Ariyalur,0.5,-25.126500000000004
2025-01-19 10:00:00,610,Ariyalur,1.0,-25.117
2025-01-19 14:00:00,610,Ariyalur,0.5,-25.117
2025-02-01 11:00:00,610,Ariyalur,1.0,-25.963833333333337
2025-03-01 03:00:00,610,Ariyalur,1.0,-27.4965
2025-03-01 04:00:00,610,Ariyalur,0.5,-27.367500000000003
2025-03-11 11:00:00,610,Ariyalur,1.0,-11.488
2025-03-11 12:00:00,610,Ariyalur,8.5,-11.488
2025-03-11 13:00:00,610,Ariyalur,4.5,-11.488
2025-03-11 14:00:00,610,Ariyalur,2.0,-11.488
2025-03-11 15:00:00,610,Ariyalur,8.0,-11.488
2025-03-11 16:00:00,610,Ariyalur,2.5,-27.3976
2025-03-11 17:00:00,610,Ariyalur,0.5,-27.3976
2025-03-11 18:00:00,610,Ariyalur,7.5,-27.3976
2025-03-11 19:00:00,610,Ariyalur,1.0,-27.3976
2025-03-11 20:00:00,610,Ariyalur,0.5,-27.3976
2025-03-12 11:00:00,610,Ariyalur,15.0,-27.4342
2025-03-12 12:00:00,610,Ariyalur,0.5,-27.4342
2025-03-12 15:00:00,610,Ariyalur,3.0,-27.4342
2025-04-03 12:00:00,610,Ariyalur,37.5,-17.64375
2025-04-03 13:00:00,610,Ariyalur,29.5,-17.64375
2025-04-11 17:00:00,610,Ariyalur,2.0,-29.243333333333336
2025-04-11 18:00:00,610,Ariyalur,27.0,-29.243333333333336
2025-04-28 15:00:00,610,Ariyalur,3.0,-12.280333333333331
2025-05-04 20:00:00,610,Ariyalur,13.0,-10.7305
2025-05-04 21:00:00,610,Ariyalur,2.0,-10.7305
2025-05-04 22:00:00,610,Ariyalur,1.0,-10.764
2025-05-07 21:00:00,610,Ariyalur,1.0,-12.386
2025-05-07 23:00:00,610,Ariyalur,0.5,-12.35
2025-05-08 00:00:00,610,Ariyalur,0.5,-12.35
2025-05-10 08:35:00,610,Ariyalur,0.5,-12.363
2025-05-10 08:40:00,610,Ariyalur,2.5,-12.363
2025-05-10 09:00:00,610,Ariyalur,2.5,-12.363
2025-05-17 01:00:00,610,Ariyalur,1.0,-12.456
2025-05-17 03:00:00,610,Ariyalur,1.5,-12.456
2025-05-17 04:00:00,610,Ariyalur,1.0,-12.427666666666669
2025-05-17 19:00:00,610,Ariyalur,3.0,-12.448333333333332
2025-05-18 05:00:00,610,Ariyalur,11.5,-12.406666666666666
2025-05-18 06:00:00,610,Ariyalur,1.0,-12.406666666666666
2025-05-18 21:00:00,610,Ariyalur,7.0,-12.395
2025-05-18 22:00:00,610,Ariyalur,15.0,-12.411333333333332
2025-05-18 23:00:00,610,Ariyalur,3.5,-12.411333333333332
2025-05-19 00:00:00,610,Ariyalur,7.0,-12.411333333333332
2025-05-19 01:00:00,610,Ariyalur,6.0,-12.411333333333332
2025-05-19 02:00:00,610,Ariyalur,1.5,-12.411333333333332
2025-05-19 03:00:00,610,Ariyalur,0.5,-12.411333333333332
2025-05-19 19:00:00,610,Ariyalur,0.5,-12.418666666666669
2025-05-23 19:00:00,610,Ariyalur,4.0,-15.985
2025-05-23 20:00:00,610,Ariyalur,1.5,-15.985
2025-05-28 19:00:00,610,Ariyalur,18.5,-12.356333333333334
2025-06-07 19:00:00,610,Ariyalur,3.5,-12.551333333333334
2025-06-08 18:00:00,610,Ariyalur,0.5,-12.534999999999998
2025-06-08 21:00:00,610,Ariyalur,0.5,-12.534999999999998
2025-06-09 23:00:00,610,Ariyalur,12.0,-12.54
2025-06-10 00:00:00,610,Ariyalur,4.0,-12.54
2025-06-10 01:00:00,610,Ariyalur,1.5,-12.54
2025-06-10 02:00:00,610,Ariyalur,1.5,-12.54
2025-06-10 03:00:00,610,Ariyalur,0.5,-12.54
2025-06-10 22:00:00,610,Ariyalur,3.5,-16.189999999999998
2025-06-10 23:00:00,610,Ariyalur,4.5,-16.189999999999998
2025-06-11 00:00:00,610,Ariyalur,8.0,-16.189999999999998
2025-06-22 19:00:00,610,Ariyalur,6.5,-12.552666666666669
2025-06-22 20:00:00,610,Ariyalur,7.0,-12.552666666666669
2025-06-22 21:00:00,610,Ariyalur,0.5,-12.552666666666669
2025-06-22 22:00:00,610,Ariyalur,0.5,-12.568333333333332
2025-07-13 19:00:00,610,Ariyalur,3.0,-12.855
2025-07-24 16:00:00,610,Ariyalur,0.5,-16.95
2025-07-31 15:00:00,610,Ariyalur,8.0,-13.15
2025-07-31 19:00:00,610,Ariyalur,14.5,-13.125
2025-07-31 20:00:00,610,Ariyalur,0.5,-13.125
2025-07-31 21:00:00,610,Ariyalur,7.0,-13.125
2025-07-31 22:00:00,610,Ariyalur,11.0,-13.138
2025-07-31 23:00:00,610,Ariyalur,0.5,-13.138
2025-08-01 21:00:00,610,Ariyalur,0.5,-17.005
2025-08-01 22:00:00,610,Ariyalur,8.5,-17.03
2025-08-01 23:00:00,610,Ariyalur,31.0,-17.03
2025-08-02 00:00:00,610,Ariyalur,8.5,-17.03
2025-08-02 01:00:00,610,Ariyalur,0.5,-17.03
2025-08-02 21:00:00,610,Ariyalur,10.5,-16.975
2025-08-02 22:00:00,610,Ariyalur,5.5,-17.015
2025-08-09 00:00:00,610,Ariyalur,10.5,-13.121333333333332
2025-08-09 01:00:00,610,Ariyalur,1.0,-13.121333333333332
2025-08-09 02:00:00,610,Ariyalur,0.5,-13.121333333333332
2025-08-09 03:00:00,610,Ariyalur,0.5,-13.121333333333332
2025-08-09 04:00:00,610,Ariyalur,1.0,-13.093333333333332
2025-08-10 16:00:00,610,Ariyalur,16.0,-13.063333333333333
2025-08-10 21:00:00,610,Ariyalur,0.5,-13.063333333333333
2025-08-10 22:00:00,610,Ariyalur,31.0,-32.15075
2025-08-10 23:00:00,610,Ariyalur,6.5,-32.15075
2025-08-11 01:00:00,610,Ariyalur,1.5,-32.15075
2025-08-11 02:00:00,610,Ariyalur,1.5,-32.15075
2025-08-11 03:00:00,610,Ariyalur,1.5,-32.15075
2025-08-11 05:00:00,610,Ariyalur,0.5,-32.06725
2025-08-11 17:00:00,610,Ariyalur,9.5,-32.1965
2025-08-11 18:00:00,610,Ariyalur,2.0,-32.1965
2025-08-14 17:00:00,610,Ariyalur,1.5,-31.8726
2025-08-24 22:00:00,610,Ariyalur,4.0,-38.6095
2025-09-03 22:00:00,610,Ariyalur,1.5,-29.838
2025-09-03 23:00:00,610,Ariyalur,0.5,-29.838
2025-09-05 20:00:00,610,Ariyalur,11.0,-30.04733333333333
2025-09-05 21:00:00,610,Ariyalur,0.5,-30.04733333333333
2025-09-06 22:00:00,610,Ariyalur,31.5,-29.956
2025-09-06 23:00:00,610,Ariyalur,8.0,-29.956
2025-09-07 00:00:00,610,Ariyalur,0.5,-29.956
2025-09-08 05:00:00,610,Ariyalur,0.5,-29.934
2025-09-09 06:00:00,610,Ariyalur,1.5,-29.84566666666667
2025-09-11 20:00:00,610,Ariyalur,1.0,-30.20283333333333
2025-09-11 21:00:00,610,Ariyalur,2.0,-30.20283333333333
2025-09-11 22:00:00,610,Ariyalur,1.5,-30.127
2025-09-11 23:00:00,610,Ariyalur,1.0,-30.127
2025-09-12 00:00:00,610,Ariyalur,0.5,-30.127
2025-09-12 01:00:00,610,Ariyalur,0.5,-30.127
2025-09-13 01:00:00,610,Ariyalur,2.5,-30.141
2025-09-13 02:00:00,610,Ariyalur,18.0,-30.141
2025-09-15 00:00:00,610,Ariyalur,0.5,-30.311833333333336
2025-09-16 08:50:00,610,Ariyalur,2.0,-30.3695
2025-09-16 08:55:00,610,Ariyalur,2.0,-30.3695
2025-09-16 09:00:00,610,Ariyalur,2.0,-30.3695
2025-09-16 22:00:00,610,Ariyalur,1.5,-30.534666666666663
2025-09-17 14:00:00,610,Ariyalur,18.5,-30.712166666666665
2025-09-17 15:00:00,610,Ariyalur,1.0,-30.712166666666665
2025-09-18 21:00:00,610,Ariyalur,2.0,-17.09
2025-09-18 22:00:00,610,Ariyalur,3.0,-17.09
2025-09-20 00:00:00,610,Ariyalur,2.0,-30.622
2025-09-20 01:00:00,610,Ariyalur,1.5,-30.622
2025-09-21 02:00:00,610,Ariyalur,1.0,-30.0715
2025-09-21 03:00:00,610,Ariyalur,0.5,-30.0715
2025-09-24 18:00:00,610,Ariyalur,1.5,-28.1845
2025-09-24 19:00:00,610,Ariyalur,1.5,-28.1845
2025-09-24 20:00:00,610,Ariyalur,18.5,-28.1845
2025-09-25 23:00:00,610,Ariyalur,1.0,-25.701666666666664
2025-09-26 00:00:00,610,Ariyalur,0.5,-25.701666666666664
2025-10-05 22:00:00,610,Ariyalur,1.0,-40.28966666666667
2025-10-16 05:00:00,610,Ariyalur,0.5,-84.282
2025-10-16 06:00:00,610,Ariyalur,2.0,-84.282
2025-10-16 12:00:00,610,Ariyalur,10.5,-84.282
2025-10-16 15:00:00,610,Ariyalur,9.5,-84.282
2025-10-17 05:00:00,610,Ariyalur,0.5,-84.282
2025-10-17 07:00:00,610,Ariyalur,1.0,-84.282
2025-10-17 08:00:00,610,Ariyalur,5.5,-84.282
2025-10-17 09:00:00,610,Ariyalur,0.5,-84.282
2025-10-17 14:00:00,610,Ariyalur,0.5,-84.282
2025-10-17 17:00:00,610,Ariyalur,7.5,-84.282
2025-10-17 18:00:00,610,Ariyalur,1.5,-84.282
2025-10-17 19:00:00,610,Ariyalur,2.0,-84.282
2025-10-17 20:00:00,610,Ariyalur,0.5,-84.282
2025-10-18 06:00:00,610,Ariyalur,2.5,-84.282
2025-10-18 09:00:00,610,Ariyalur,0.5,-84.282
2025-10-19 13:00:00,610,Ariyalur,1.0,-84.282
2025-10-20 02:00:00,610,Ariyalur,2.5,-84.282
2025-10-20 03:00:00,610,Ariyalur,0.5,-84.282
2025-10-20 07:00:00,610,Ariyalur,0.5,-84.282
2025-10-20 08:00:00,610,Ariyalur,0.5,-84.282
2025-10-20 09:00:00,610,Ariyalur,0.5,-84.282
2025-10-20 10:00:00,610,Ariyalur,0.5,-84.282
2025-10-20 11:00:00,610,Ariyalur,0.5,-84.282
2025-10-20 12:00:00,610,Ariyalur,0.5,-84.282
2025-10-20 13:00:00,610,Ariyalur,0.5,-84.282
2025-10-20 14:00:00,610,Ariyalur,0.5,-84.282
2025-10-20 15:00:00,610,Ariyalur,0.5,-84.282
2025-10-20 16:00:00,610,Ariyalur,2.75,-84.282
2025-10-20 17:00:00,610,Ariyalur,0.5,-84.282
2025-10-20 18:00:00,610,Ariyalur,0.5,-84.282
2025-10-20 19:00:00,610,Ariyalur,0.5,-84.282
2025-10-20 20:00:00,610,Ariyalur,0.5,-84.282
2025-10-20 21:00:00,610,Ariyalur,0.5,-84.282
2025-10-20 22:00:00,610,Ariyalur,0.5,-84.282
2025-10-20 23:00:00,610,Ariyalur,0.5,-84.282
2025-10-21 01:00:00,610,Ariyalur,0.5,-84.282
2025-10-21 02:00:00,610,Ariyalur,0.5,-84.282
2025-10-21 04:00:00,610,Ariyalur,0.5,-84.282
2025-10-21 05:00:00,610,Ariyalur,1.5,-84.282
2025-10-21 06:00:00,610,Ariyalur,2.0,-84.282
2025-10-21 07:00:00,610,Ariyalur,2.75,-84.282
2025-10-21 08:00:00,610,Ariyalur,12.5,-84.282
2025-10-21 09:00:00,610,Ariyalur,5.5,-84.282
2025-10-21 10:00:00,610,Ariyalur,2.25,-84.282
2025-10-21 11:00:00,610,Ariyalur,0.5,-84.282
2025-10-21 12:00:00,610,Ariyalur,2.25,-84.282
2025-10-21 13:00:00,610,Ariyalur,1.0,-84.282
2025-10-21 14:00:00,610,Ariyalur,1.0,-84.282
2025-10-21 15:00:00,610,Ariyalur,0.5,-84.282
2025-10-21 16:00:00,610,Ariyalur,1.0,-84.282
2025-10-21 17:00:00,610,Ariyalur,1.0,-84.282
2025-10-21 18:00:00,610,Ariyalur,0.5,-84.282
2025-10-21 19:00:00,610,Ariyalur,1.0,-84.282
2025-10-21 20:00:00,610,Ariyalur,0.5,-84.282
2025-10-21 21:00:00,610,Ariyalur,0.5,-84.282
2025-10-21 22:00:00,610,Ariyalur,1.5,-84.282
2025-10-21 23:00:00,610,Ariyalur,0.5,-84.282
2025-10-22 00:00:00,610,Ariyalur,0.5,-84.282
2025-10-22 01:00:00,610,Ariyalur,1.0,-84.282
2025-10-22 02:00:00,610,Ariyalur,0.5,-84.282
2025-10-22 03:00:00,610,Ariyalur,1.0,-84.282
2025-10-22 04:00:00,610,Ariyalur,0.5,-84.282
2025-10-22 05:00:00,610,Ariyalur,1.0,-84.282
2025-10-22 06:00:00,610,Ariyalur,0.5,-84.282
2025-10-22 07:00:00,610,Ariyalur,0.5,-84.282
2025-10-22 08:00:00,610,Ariyalur,1.0,-84.282
2025-10-22 09:00:00,610,Ariyalur,0.5,-84.282
2025-10-22 10:00:00,610,Ariyalur,1.0,-84.282
2025-10-22 11:00:00,610,Ariyalur,0.5,-84.282
2025-10-22 12:00:00,610,Ariyalur,1.0,-84.282
2025-10-22 13:00:00,610,Ariyalur,0.5,-84.282
2025-10-22 14:00:00,610,Ariyalur,1.5,-84.282
2025-10-22 15:00:00,610,Ariyalur,2.0,-84.282
2025-10-22 16:00:00,610,Ariyalur,2.5,-84.282
2025-10-22 17:00:00,610,Ariyalur,6.0,-84.282
2025-10-22 18:00:00,610,Ariyalur,10.5,-84.282
2025-10-22 19:00:00,610,Ariyalur,9.5,-84.282
2025-10-22 20:00:00,610,Ariyalur,1.25,-84.282
2025-10-22 21:00:00,610,Ariyalur,2.0,-84.282
2025-10-22 23:00:00,610,Ariyalur,0.5,-84.282
2025-10-23 06:00:00,610,Ariyalur,0.5,-83.747
2025-10-24 04:00:00,610,Ariyalur,0.5,-83.804
2025-10-24 21:00:00,610,Ariyalur,0.5,-84.944
2025-11-06 00:00:00,610,Ariyalur,19.5,-52.173
2025-11-06 01:00:00,610,Ariyalur,4.0,-52.173
2025-11-06 08:00:00,610,Ariyalur,0.5,-51.962
2025-11-06 10:00:00,610,Ariyalur,6.0,-52.15
2025-11-17 04:00:00,610,Ariyalur,0.5,-53.351
2025-11-17 05:00:00,610,Ariyalur,0.75,-53.351
2025-11-17 06:00:00,610,Ariyalur,1.0,-53.351
2025-11-17 07:00:00,610,Ariyalur,0.5,-53.351
2025-11-17 08:00:00,610,Ariyalur,0.5,-53.351
2025-11-17 09:00:00,610,Ariyalur,0.5,-53.351
2025-11-17 18:00:00,610,Ariyalur,0.5,-54.155
2025-11-17 19:00:00,610,Ariyalur,2.75,-54.155
2025-11-17 20:00:00,610,Ariyalur,1.75,-54.155
2025-11-17 21:00:00,610,Ariyalur,0.5,-54.155
2025-11-17 22:00:00,610,Ariyalur,0.5,-53.7
2025-11-18 04:00:00,610,Ariyalur,0.5,-53.3445
2025-11-18 07:00:00,610,Ariyalur,1.0,-53.3445
2025-11-18 09:00:00,610,Ariyalur,2.0,-53.3445
2025-11-18 10:00:00,610,Ariyalur,0.5,-53.762
2025-11-19 01:00:00,610,Ariyalur,0.5,-52.6595
2025-11-19 04:00:00,610,Ariyalur,3.5,-52.182
2025-11-21 14:00:00,610,Ariyalur,1.5,-28.6856
2025-11-21 16:00:00,610,Ariyalur,1.0,-34.6755
2025-11-22 02:00:00,610,Ariyalur,2.0,-28.6142
2025-11-22 03:00:00,610,Ariyalur,3.0,-28.6142
2025-11-22 04:00:00,610,Ariyalur,0.5,-27.729000000000003
2025-11-22 19:00:00,610,Ariyalur,2.0,-12.412999999999998
2025-11-22 21:00:00,610,Ariyalur,0.5,-12.412999999999998
2025-11-22 22:00:00,610,Ariyalur,0.5,-12.422666666666666
2025-11-22 23:00:00,610,Ariyalur,2.5,-12.422666666666666
2025-11-23 00:00:00,610,Ariyalur,0.5,-12.422666666666666
2025-11-23 12:00:00,610,Ariyalur,2.0,-12.394
2025-11-23 13:00:00,610,Ariyalur,3.5,-12.394
2025-11-23 14:00:00,610,Ariyalur,11.5,-12.394
2025-11-23 15:00:00,610,Ariyalur,2.0,-12.394
2025-11-23 16:00:00,610,Ariyalur,3.5,-30.1315
2025-11-23 17:00:00,610,Ariyalur,0.5,-30.1315
2025-11-23 22:00:00,610,Ariyalur,7.0,-29.99675
2025-11-23 23:00:00,610,Ariyalur,4.0,-29.99675
2025-11-24 00:00:00,610,Ariyalur,2.5,-29.99675
2025-11-24 01:00:00,610,Ariyalur,3.5,-29.99675
2025-11-24 04:00:00,610,Ariyalur,0.5,-29.9585
2025-11-24 05:00:00,610,Ariyalur,1.5,-29.9585
2025-11-24 06:00:00,610,Ariyalur,0.5,-29.9585
2025-11-24 07:00:00,610,Ariyalur,2.5,-29.9585
2025-11-24 08:00:00,610,Ariyalur,2.0,-29.9585
2025-11-24 10:00:00,610,Ariyalur,1.5,-30.2295
2025-11-24 12:00:00,610,Ariyalur,0.5,-30.2295
2025-11-24 14:00:00,610,Ariyalur,7.0,-30.2295
2025-11-24 15:00:00,610,Ariyalur,3.5,-30.2295
2025-11-24 18:00:00,610,Ariyalur,1.5,-30.06925
2025-11-30 04:00:00,610,Ariyalur,2.0,-33.686
2025-11-30 05:00:00,610,Ariyalur,1.0,-33.686
2025-11-30 14:00:00,610,Ariyalur,0.5,-34.12133333333333
2025-12-01 16:00:00,610,Ariyalur,0.5,-37.223
2025-12-02 18:00:00,610,Ariyalur,0.5,-28.95375
2025-12-03 03:00:00,610,Ariyalur,0.5,-28.36
2025-12-03 04:00:00,610,Ariyalur,0.5,-26.1735
2025-12-03 06:00:00,610,Ariyalur,3.0,-26.1735
2025-12-03 07:00:00,610,Ariyalur,1.5,-26.1735
2025-12-03 08:00:00,610,Ariyalur,0.5,-26.1735
2025-12-03 09:00:00,610,Ariyalur,0.5,-26.1735
2025-12-03 16:00:00,610,Ariyalur,0.5,-26.0245
2025-12-04 17:00:00,610,Ariyalur,20.5,-9.19
2025-12-04 18:00:00,610,Ariyalur,0.5,-9.19
2025-12-05 13:00:00,610,Ariyalur,1.0,-26.17175
2025-12-06 02:00:00,610,Ariyalur,0.5,-25.941000000000003
2025-12-06 05:00:00,610,Ariyalur,0.5,-25.80025
2025-12-06 06:00:00,610,Ariyalur,1.0,-25.80025
2025-12-09 16:00:00,610,Ariyalur,0.5,-43.0885
2023-10-27 15:00:00,730,Chengalpattu,10.0,-1.21
2023-10-27 16:00:00,730,Chengalpattu,5.25,-1.21
2023-10-27 17:00:00,730,Chengalpattu,1.5,-1.21
2023-10-29 08:00:00,730,Chengalpattu,0.5,-1.21
2023-10-30 00:00:00,730,Chengalpattu,3.0,-1.21
2023-10-30 02:00:00,730,Chengalpattu,0.5,-1.21
2023-10-30 03:00:00,730,Chengalpattu,4.0,-1.21
2023-10-30 05:00:00,730,Chengalpattu,1.25,-1.21
2023-10-30 06:00:00,730,Chengalpattu,0.5,-1.21
2023-10-30 07:00:00,730,Chengalpattu,0.5,-1.21
2023-10-30 22:00:00,730,Chengalpattu,0.5,-1.21
2023-10-30 23:00:00,730,Chengalpattu,7.25,-1.21
2023-10-31 07:00:00,730,Chengalpattu,0.5,-1.21
2023-10-31 15:00:00,730,Chengalpattu,4.5,-1.21
2023-10-31 16:00:00,730,Chengalpattu,6.5,-1.21
2023-11-01 14:00:00,730,Chengalpattu,0.5,-1.21
2023-11-02 13:00:00,730,Chengalpattu,4.0,-1.21
2023-11-02 23:00:00,730,Chengalpattu,3.0,-1.21
2023-11-03 00:00:00,730,Chengalpattu,5.5,-1.21
2023-11-03 01:00:00,730,Chengalpattu,2.75,-1.21
2023-11-03 03:00:00,730,Chengalpattu,1.0,-1.21
2023-11-03 07:00:00,730,Chengalpattu,0.5,-1.21
2023-11-03 16:00:00,730,Chengalpattu,1.0,-1.095
2023-11-03 23:00:00,730,Chengalpattu,5.75,-1.09
2023-11-04 00:00:00,730,Chengalpattu,1.0,-1.09
2023-11-04 01:00:00,730,Chengalpattu,0.5,-1.09
2023-11-04 02:00:00,730,Chengalpattu,0.5,-1.09
2023-11-04 04:00:00,730,Chengalpattu,1.5,-1.03
2023-11-04 05:00:00,730,Chengalpattu,4.75,-1.03
2023-11-04 07:00:00,730,Chengalpattu,1.5,-1.03
2023-11-04 13:00:00,730,Chengalpattu,0.5,-1.0033333333333332
2023-11-04 14:00:00,730,Chengalpattu,4.75,-1.0033333333333332
2023-11-05 01:00:00,730,Chengalpattu,7.25,-1.0166666666666666
2023-11-05 02:00:00,730,Chengalpattu,0.5,-1.0166666666666666
2023-11-05 05:00:00,730,Chengalpattu,0.5,-0.5633333333333334
2023-11-06 14:00:00,730,Chengalpattu,5.0,-0.875
2023-11-06 15:00:00,730,Chengalpattu,8.0,-0.875
2023-11-07 12:00:00,730,Chengalpattu,1.5,-0.83
2023-11-08 01:00:00,730,Chengalpattu,4.75,-0.8425
2023-11-08 02:00:00,730,Chengalpattu,10.25,-0.8425
2023-11-08 03:00:00,730,Chengalpattu,0.5,-0.8425
2023-11-08 04:00:00,730,Chengalpattu,0.75,-0.7949999999999999
2023-11-08 05:00:00,730,Chengalpattu,12.0,-0.7949999999999999
2023-11-08 06:00:00,730,Chengalpattu,0.5,-0.7949999999999999
2023-11-08 13:00:00,730,Chengalpattu,4.75,-0.7825
2023-11-08 14:00:00,730,Chengalpattu,1.5,-0.7825
2023-11-09 03:00:00,730,Chengalpattu,0.5,-0.7075
2023-11-09 04:00:00,730,Chengalpattu,9.75,-0.6325000000000001
2023-11-09 06:00:00,730,Chengalpattu,0.5,-0.6325000000000001
2023-11-09 08:00:00,730,Chengalpattu,0.5,-0.6325000000000001
2023-11-09 13:00:00,730,Chengalpattu,0.5,-0.6124999999999999
2023-11-09 17:00:00,730,Chengalpattu,1.5,-0.61
2023-11-10 01:00:00,730,Chengalpattu,0.5,-0.615
2023-11-10 02:00:00,730,Chengalpattu,11.0,-0.615
2023-11-10 03:00:00,730,Chengalpattu,1.5,-0.615
2023-11-10 04:00:00,730,Chengalpattu,0.5,-0.55
2023-11-10 08:00:00,730,Chengalpattu,0.5,-0.55
2023-11-13 21:00:00,730,Chengalpattu,1.0,-0.7075
2023-11-13 22:00:00,730,Chengalpattu,1.5,-0.535
2023-11-13 23:00:00,730,Chengalpattu,21.0,-0.535
2023-11-14 00:00:00,730,Chengalpattu,37.25,-0.535
2023-11-14 01:00:00,730,Chengalpattu,12.5,-0.535
2023-11-14 02:00:00,730,Chengalpattu,4.75,-0.535
2023-11-14 03:00:00,730,Chengalpattu,5.5,-0.535
2023-11-14 04:00:00,730,Chengalpattu,2.75,-0.28
2023-11-14 05:00:00,730,Chengalpattu,0.5,-0.28
2023-11-14 08:00:00,730,Chengalpattu,0.5,-0.28
2023-11-14 10:00:00,730,Chengalpattu,0.5,-0.3025
2023-11-14 11:00:00,730,Chengalpattu,7.75,-0.3025
2023-11-14 12:00:00,730,Chengalpattu,6.25,-0.3025
2023-11-14 13:00:00,730,Chengalpattu,1.0,-0.3025
2023-11-14 14:00:00,730,Chengalpattu,0.5,-0.3025
2023-11-14 15:00:00,730,Chengalpattu,1.25,-0.3025
2023-11-14 16:00:00,730,Chengalpattu,0.75,-0.21
2023-11-14 17:00:00,730,Chengalpattu,0.5,-0.21
2023-11-14 18:00:00,730,Chengalpattu,0.75,-0.21
2023-11-14 19:00:00,730,Chengalpattu,21.25,-0.21
2023-11-14 20:00:00,730,Chengalpattu,0.5,-0.21
2023-11-15 08:00:00,730,Chengalpattu,0.5,-0.2525
2023-11-15 09:00:00,730,Chengalpattu,74.5,-0.2525
2023-11-15 10:00:00,730,Chengalpattu,5.0,-0.34
2023-11-15 12:00:00,730,Chengalpattu,93.5,-0.34
2023-11-15 13:00:00,730,Chengalpattu,3.5,-0.34
2023-11-15 14:00:00,730,Chengalpattu,11.0,-0.34
2023-11-15 15:00:00,730,Chengalpattu,3.5,-0.34
2023-11-15 16:00:00,730,Chengalpattu,239.5,-0.2825
2023-11-15 17:00:00,730,Chengalpattu,70.0,-0.2825
2023-11-15 18:00:00,730,Chengalpattu,198.0,-0.2825
2023-11-15 19:00:00,730,Chengalpattu,270.0,-0.2825
2023-11-15 22:00:00,730,Chengalpattu,9.0,-0.305
2023-11-15 23:00:00,730,Chengalpattu,89.5,-0.305
2023-11-16 00:00:00,730,Chengalpattu,27.5,-0.305
2023-11-16 01:00:00,730,Chengalpattu,13.0,-0.305
2023-11-16 02:00:00,730,Chengalpattu,147.5,-0.305
2023-11-16 04:00:00,730,Chengalpattu,45.5,-0.3249999999999999
2023-11-16 10:00:00,730,Chengalpattu,32.5,-0.3475
2023-11-16 11:00:00,730,Chengalpattu,23.0,-0.3475
2023-11-16 12:00:00,730,Chengalpattu,18.0,-0.3475
2023-11-16 14:00:00,730,Chengalpattu,0.5,-0.3475
2023-11-20 10:00:00,730,Chengalpattu,0.5,-0.6075
2023-11-20 11:00:00,730,Chengalpattu,0.5,-0.6075
2023-11-21 15:00:00,730,Chengalpattu,0.5,-0.535
2023-11-22 02:00:00,730,Chengalpattu,0.5,-0.5475
2023-11-22 03:00:00,730,Chengalpattu,2.0,-0.5475
2023-11-22 07:00:00,730,Chengalpattu,0.5,-0.4825
2023-11-22 11:00:00,730,Chengalpattu,2.0,-0.44
2023-11-22 12:00:00,730,Chengalpattu,1.5,-0.44
2023-11-22 13:00:00,730,Chengalpattu,1.75,-0.44
2023-11-22 18:00:00,730,Chengalpattu,3.5,-0.4125
2023-11-22 19:00:00,730,Chengalpattu,0.5,-0.4125
2023-11-22 22:00:00,730,Chengalpattu,0.5,-0.38
2023-11-22 23:00:00,730,Chengalpattu,7.5,-0.38
2023-11-23 01:00:00,730,Chengalpattu,0.75,-0.38
2023-11-23 12:00:00,730,Chengalpattu,4.0,-0.4075
2023-11-24 07:00:00,730,Chengalpattu,5.5,-0.4475
2023-11-24 08:00:00,730,Chengalpattu,4.0,-0.4475
2023-11-24 09:00:00,730,Chengalpattu,5.0,-0.4475
2023-11-24 10:00:00,730,Chengalpattu,0.5,-0.43
2023-11-25 13:00:00,730,Chengalpattu,3.25,-0.3925
2023-11-25 14:00:00,730,Chengalpattu,1.25,-0.3925
2023-11-26 08:00:00,730,Chengalpattu,2.5,-0.4225
2023-11-26 09:00:00,730,Chengalpattu,1.5,-0.4225
2023-11-26 10:00:00,730,Chengalpattu,18.5,-0.4024999999999999
2023-11-26 11:00:00,730,Chengalpattu,53.0,-0.4024999999999999
2023-11-26 12:00:00,730,Chengalpattu,224.0,-0.4024999999999999
2023-11-26 14:00:00,730,Chengalpattu,2.75,-0.4024999999999999
2023-11-26 15:00:00,730,Chengalpattu,1.75,-0.4024999999999999
2023-11-26 17:00:00,730,Chengalpattu,6.0,-0.3675
2023-11-26 18:00:00,730,Chengalpattu,0.5,-0.3675
2023-11-26 20:00:00,730,Chengalpattu,30.5,-0.3675
2023-11-26 21:00:00,730,Chengalpattu,29.0,-0.3675
2023-11-26 22:00:00,730,Chengalpattu,39.5,-0.375
2023-11-26 23:00:00,730,Chengalpattu,72.0,-0.375
2023-11-27 00:00:00,730,Chengalpattu,0.5,-0.375
2023-11-27 06:00:00,730,Chengalpattu,0.5,-0.375
2023-11-27 08:00:00,730,Chengalpattu,0.5,-0.375
2023-11-27 09:00:00,730,Chengalpattu,1.0,-0.375
2023-11-27 10:00:00,730,Chengalpattu,4.0,-0.5125
2023-11-27 11:00:00,730,Chengalpattu,2.5,-0.5125
2023-11-27 12:00:00,730,Chengalpattu,59.0,-0.5125
2023-11-27 13:00:00,730,Chengalpattu,30.5,-0.5125
2023-11-28 00:00:00,730,Chengalpattu,11.75,-0.4075
2023-11-28 01:00:00,730,Chengalpattu,26.25,-0.4075
2023-11-28 02:00:00,730,Chengalpattu,4.5,-0.4075
2023-11-28 03:00:00,730,Chengalpattu,340.0,-0.4075
2023-11-28 04:00:00,730,Chengalpattu,0.5,-0.2575
2023-11-28 07:00:00,730,Chengalpattu,15.0,-0.2575
2023-11-28 09:00:00,730,Chengalpattu,3.0,-0.2575
2023-11-28 10:00:00,730,Chengalpattu,1.5,-0.6775
2023-11-28 11:00:00,730,Chengalpattu,2.0,-0.6775
2023-11-28 12:00:00,730,Chengalpattu,5.5,-0.6775
2023-11-28 14:00:00,730,Chengalpattu,31.0,-0.6775
2023-11-28 15:00:00,730,Chengalpattu,72.0,-0.6775
2023-11-28 16:00:00,730,Chengalpattu,80.5,-0.305
2023-11-28 17:00:00,730,Chengalpattu,6.5,-0.305
2023-11-28 18:00:00,730,Chengalpattu,6.5,-0.305
2023-11-28 19:00:00,730,Chengalpattu,8.0,-0.305
2023-11-28 20:00:00,730,Chengalpattu,3.0,-0.305
2023-11-28 21:00:00,730,Chengalpattu,1.25,-0.305
2023-11-28 22:00:00,730,Chengalpattu,0.5,-0.2425
2023-11-28 23:00:00,730,Chengalpattu,0.75,-0.2425
2023-11-29 02:00:00,730,Chengalpattu,0.5,-0.2425
2023-11-29 03:00:00,730,Chengalpattu,25.75,-0.2425
2023-11-29 04:00:00,730,Chengalpattu,24.25,-0.19
2023-11-29 05:00:00,730,Chengalpattu,1.5,-0.19
2023-11-29 06:00:00,730,Chengalpattu,3.5,-0.19
2023-11-29 10:00:00,730,Chengalpattu,116.0,-0.455
2023-11-29 12:00:00,730,Chengalpattu,2.0,-0.455
2023-11-29 13:00:00,730,Chengalpattu,0.5,-0.455
2023-11-29 16:00:00,730,Chengalpattu,4.0,-0.205
2023-11-29 17:00:00,730,Chengalpattu,97.5,-0.205
2023-11-29 19:00:00,730,Chengalpattu,10.5,-0.205
2023-11-29 20:00:00,730,Chengalpattu,1.0,-0.205
2023-11-29 21:00:00,730,Chengalpattu,1.75,-0.205
2023-11-29 22:00:00,730,Chengalpattu,6.5,-0.1999999999999999
2023-11-30 00:00:00,730,Chengalpattu,7.5,-0.1999999999999999
2023-11-30 01:00:00,730,Chengalpattu,8.5,-0.1999999999999999
2023-11-30 02:00:00,730,Chengalpattu,4.0,-0.1999999999999999
2023-11-30 03:00:00,730,Chengalpattu,81.0,-0.1999999999999999
2023-11-30 04:00:00,730,Chengalpattu,25.5,-0.23
2023-11-30 05:00:00,730,Chengalpattu,1.5,-0.23
2023-11-30 07:00:00,730,Chengalpattu,3.0,-0.23
2023-11-30 08:00:00,730,Chengalpattu,1.75,-0.23
2023-11-30 09:00:00,730,Chengalpattu,3.25,-0.23
2023-11-30 10:00:00,730,Chengalpattu,4.0,-0.2675
2023-11-30 15:00:00,730,Chengalpattu,0.5,-0.2675
2023-11-30 23:00:00,730,Chengalpattu,1.25,-0.2799999999999999
2023-12-01 03:00:00,730,Chengalpattu,3.0,-0.2799999999999999
2023-12-01 04:00:00,730,Chengalpattu,0.75,-0.295
2023-12-01 14:00:00,730,Chengalpattu,10.0,-0.3125
2023-12-02 12:00:00,730,Chengalpattu,5.0,-0.3575
2023-12-02 13:00:00,730,Chengalpattu,1.0,-0.3575
2023-12-02 14:00:00,730,Chengalpattu,0.75,-0.3575
2023-12-02 19:00:00,730,Chengalpattu,2.25,-0.355
2023-12-02 20:00:00,730,Chengalpattu,8.0,-0.355
2023-12-02 21:00:00,730,Chengalpattu,2.0,-0.355
2023-12-02 22:00:00,730,Chengalpattu,0.75,-0.28
2023-12-02 23:00:00,730,Chengalpattu,0.5,-0.28
2023-12-03 00:00:00,730,Chengalpattu,1.25,-0.28
2023-12-03 01:00:00,730,Chengalpattu,3.5,-0.28
2023-12-03 02:00:00,730,Chengalpattu,1.0,-0.28
2023-12-03 03:00:00,730,Chengalpattu,0.5,-0.28
2023-12-03 04:00:00,730,Chengalpattu,0.75,-0.1775
2023-12-03 05:00:00,730,Chengalpattu,3.5,-0.1775
2023-12-03 07:00:00,730,Chengalpattu,1.0,-0.1775
2023-12-03 08:00:00,730,Chengalpattu,2.0,-0.1775
2023-12-03 09:00:00,730,Chengalpattu,8.0,-0.1775
2023-12-03 11:00:00,730,Chengalpattu,10.25,-0.1325
2023-12-03 12:00:00,730,Chengalpattu,0.5,-0.1325
2023-12-03 13:00:00,730,Chengalpattu,1.0,-0.1325
2023-12-03 14:00:00,730,Chengalpattu,2.5,-0.1325
2023-12-03 17:00:00,730,Chengalpattu,1.0,-0.145
2023-12-03 18:00:00,730,Chengalpattu,5.0,-0.145
2023-12-03 19:00:00,730,Chengalpattu,1.5,-0.145
2023-12-03 20:00:00,730,Chengalpattu,0.5,-0.145
2023-12-03 21:00:00,730,Chengalpattu,0.5,-0.145
2023-12-03 22:00:00,730,Chengalpattu,0.5,-0.125
2023-12-03 23:00:00,730,Chengalpattu,3.5,-0.125
2023-12-04 00:00:00,730,Chengalpattu,5.25,-0.125
2023-12-04 01:00:00,730,Chengalpattu,5.0,-0.125
2023-12-04 02:00:00,730,Chengalpattu,4.25,-0.125
2023-12-04 03:00:00,730,Chengalpattu,5.0,-0.125
2023-12-04 04:00:00,730,Chengalpattu,8.5,-0.125
2023-12-04 05:00:00,730,Chengalpattu,5.5,-0.125
2023-12-04 06:00:00,730,Chengalpattu,7.0,-0.125
2023-12-04 07:00:00,730,Chengalpattu,4.0,-0.125
2023-12-04 08:00:00,730,Chengalpattu,0.5,-0.125
2023-12-04 09:00:00,730,Chengalpattu,2.25,-0.125
2023-12-04 10:00:00,730,Chengalpattu,2.25,-0.125
2023-12-04 11:00:00,730,Chengalpattu,1.75,-0.125
2023-12-04 12:00:00,730,Chengalpattu,2.0,-0.125
2023-12-05 13:00:00,730,Chengalpattu,0.5,-0.125
2023-12-05 14:00:00,730,Chengalpattu,3.5,-0.125
2023-12-05 23:00:00,730,Chengalpattu,0.5,-0.125
2023-12-06 00:00:00,730,Chengalpattu,0.5,-0.125
2023-12-08 14:00:00,730,Chengalpattu,1.0,-0.125
2023-12-08 15:00:00,730,Chengalpattu,2.0,-0.125
2023-12-09 11:00:00,730,Chengalpattu,0.5,-0.125
2023-12-15 13:00:00,730,Chengalpattu,0.5,-0.75
2023-12-15 17:00:00,730,Chengalpattu,0.75,-0.75
2023-12-15 18:00:00,730,Chengalpattu,3.25,-0.75
2023-12-15 19:00:00,730,Chengalpattu,0.75,-0.75
2023-12-15 20:00:00,730,Chengalpattu,14.25,-0.75
2023-12-15 21:00:00,730,Chengalpattu,6.25,-0.75
2023-12-15 22:00:00,730,Chengalpattu,0.5,-0.75
2023-12-16 02:00:00,730,Chengalpattu,1.5,-0.75
2023-12-16 11:00:00,730,Chengalpattu,0.5,-0.75
2023-12-16 12:00:00,730,Chengalpattu,0.5,-0.75
2023-12-16 13:00:00,730,Chengalpattu,0.5,-0.75
2023-12-25 05:00:00,730,Chengalpattu,6.25,-0.55
2023-12-25 06:00:00,730,Chengalpattu,3.0,-0.55
2023-12-25 07:00:00,730,Chengalpattu,0.75,-0.55
2023-12-25 09:00:00,730,Chengalpattu,0.5,-0.55
2023-12-25 10:00:00,730,Chengalpattu,3.25,-0.4875
2024-01-04 17:00:00,730,Chengalpattu,0.5,-0.7175
2024-01-06 13:00:00,730,Chengalpattu,1.0,-0.6950000000000001
2024-01-07 05:00:00,730,Chengalpattu,1.5,-0.6525
2024-01-07 06:00:00,730,Chengalpattu,0.5,-0.6525
2024-01-07 07:00:00,730,Chengalpattu,0.5,-0.6525
2024-01-07 09:00:00,730,Chengalpattu,0.5,-0.6525
2024-01-07 18:00:00,730,Chengalpattu,3.25,-0.6425
2024-01-07 19:00:00,730,Chengalpattu,9.0,-0.6425
2024-01-07 20:00:00,730,Chengalpattu,6.5,-0.6425
2024-01-07 21:00:00,730,Chengalpattu,5.25,-0.6425
2024-01-07 22:00:00,730,Chengalpattu,11.0,-0.3299999999999999
2024-01-07 23:00:00,730,Chengalpattu,11.5,-0.3299999999999999
2024-01-08 00:00:00,730,Chengalpattu,13.5,-0.3299999999999999
2024-01-08 01:00:00,730,Chengalpattu,7.25,-0.3299999999999999
2024-01-08 02:00:00,730,Chengalpattu,9.0,-0.3299999999999999
2024-01-08 03:00:00,730,Chengalpattu,7.75,-0.3299999999999999
2024-01-08 04:00:00,730,Chengalpattu,8.5,-0.2
2024-01-08 05:00:00,730,Chengalpattu,2.25,-0.2
2024-01-08 07:00:00,730,Chengalpattu,7.5,-0.2
2024-01-08 08:00:00,730,Chengalpattu,3.25,-0.2
2024-01-08 09:00:00,730,Chengalpattu,12.0,-0.2
2024-01-08 10:00:00,730,Chengalpattu,14.75,-0.13
2024-01-08 11:00:00,730,Chengalpattu,16.5,-0.13
2024-01-08 12:00:00,730,Chengalpattu,12.25,-0.13
2024-01-08 13:00:00,730,Chengalpattu,6.5,-0.13
2024-01-08 14:00:00,730,Chengalpattu,16.75,-0.13
2024-01-08 15:00:00,730,Chengalpattu,19.25,-0.13
2024-01-08 16:00:00,730,Chengalpattu,5.25,-0.1425
2024-01-28 05:00:00,730,Chengalpattu,0.5,-0.75
2024-01-28 06:00:00,730,Chengalpattu,0.5,-0.75
2024-01-28 07:00:00,730,Chengalpattu,1.0,-0.75
2024-02-22 11:55:00,730,Chengalpattu,1.0,-1.2566666666666666
2024-02-22 12:00:00,730,Chengalpattu,1.0,-1.2566666666666666
2024-04-10 12:00:00,730,Chengalpattu,1.5,-2.1475
2024-05-09 11:00:00,730,Chengalpattu,9.5,-3.1733333333333333
2024-05-09 12:00:00,730,Chengalpattu,0.5,-3.1733333333333333
2024-05-16 04:00:00,730,Chengalpattu,4.0,-3.22
2024-05-16 05:00:00,730,Chengalpattu,1.75,-3.22
2024-05-16 09:00:00,730,Chengalpattu,1.5,-3.22
2024-05-16 10:00:00,730,Chengalpattu,2.75,-3.1966666666666668
2024-05-16 11:00:00,730,Chengalpattu,1.0,-3.1966666666666668
2024-05-16 12:00:00,730,Chengalpattu,0.5,-3.1966666666666668
2024-05-16 14:00:00,730,Chengalpattu,0.75,-3.1966666666666668
2024-05-16 15:00:00,730,Chengalpattu,0.75,-3.1966666666666668
2024-05-19 14:00:00,730,Chengalpattu,0.5,-2.775
2024-05-20 07:00:00,730,Chengalpattu,5.5,-2.775
2024-05-20 08:00:00,730,Chengalpattu,1.5,-2.775
2024-05-20 09:00:00,730,Chengalpattu,0.5,-2.775
2024-05-21 00:00:00,730,Chengalpattu,0.5,-2.7725
2024-05-21 01:00:00,730,Chengalpattu,0.5,-2.7725
2024-05-21 02:00:00,730,Chengalpattu,2.0,-2.7725
2024-05-22 08:00:00,730,Chengalpattu,0.5,-2.77
2024-05-22 09:00:00,730,Chengalpattu,0.5,-2.77
2024-05-23 17:00:00,730,Chengalpattu,1.0,-2.795
2024-05-23 18:00:00,730,Chengalpattu,1.0,-2.795
2024-05-23 19:00:00,730,Chengalpattu,4.0,-2.795
2024-06-01 22:00:00,730,Chengalpattu,1.0,-3.005
2024-06-01 23:00:00,730,Chengalpattu,1.5,-3.005
2024-06-03 01:00:00,730,Chengalpattu,16.25,-2.9975
2024-06-03 02:00:00,730,Chengalpattu,2.0,-2.9975
2024-06-03 14:00:00,730,Chengalpattu,0.5,-3.2025
2024-06-05 16:00:00,730,Chengalpattu,6.5,-3.04
2024-06-05 17:00:00,730,Chengalpattu,8.25,-3.04
2024-06-05 18:00:00,730,Chengalpattu,1.25,-3.04
2024-06-05 20:00:00,730,Chengalpattu,0.5,-3.04
2024-06-06 20:00:00,730,Chengalpattu,3.5,-2.99
2024-06-06 21:00:00,730,Chengalpattu,6.5,-2.99
2024-06-06 22:00:00,730,Chengalpattu,2.25,-2.9275
2024-06-06 23:00:00,730,Chengalpattu,1.5,-2.9275
2024-06-07 00:00:00,730,Chengalpattu,1.0,-2.9275
2024-06-07 01:00:00,730,Chengalpattu,1.0,-2.9275
2024-06-07 02:00:00,730,Chengalpattu,1.5,-2.9275
2024-06-07 03:00:00,730,Chengalpattu,1.25,-2.9275
2024-06-07 04:00:00,730,Chengalpattu,1.0,-2.614
2024-06-13 18:00:00,730,Chengalpattu,8.75,-2.568
2024-06-13 20:00:00,730,Chengalpattu,1.0,-2.568
2024-06-13 21:00:00,730,Chengalpattu,3.75,-2.568
2024-06-14 00:00:00,730,Chengalpattu,0.5,-2.57
2024-06-16 22:00:00,730,Chengalpattu,43.5,-2.558
2024-06-16 23:00:00,730,Chengalpattu,4.25,-2.558
2024-06-17 00:00:00,730,Chengalpattu,1.25,-2.558
2024-06-17 01:00:00,730,Chengalpattu,1.75,-2.558
2024-06-17 03:00:00,730,Chengalpattu,0.5,-2.558
2024-06-18 23:00:00,730,Chengalpattu,0.5,-2.516
2024-06-19 00:00:00,730,Chengalpattu,0.5,-2.516
2024-06-19 01:00:00,730,Chengalpattu,0.5,-2.516
2024-06-19 17:00:00,730,Chengalpattu,6.5,-2.48
2024-06-19 18:00:00,730,Chengalpattu,8.75,-2.48
2024-06-19 20:00:00,730,Chengalpattu,5.75,-2.48
2024-06-19 21:00:00,730,Chengalpattu,51.5,-2.48
2024-06-19 22:00:00,730,Chengalpattu,36.0,-2.198
2024-06-19 23:00:00,730,Chengalpattu,1.75,-2.198
2024-06-20 00:00:00,730,Chengalpattu,3.0,-2.198
2024-06-20 01:00:00,730,Chengalpattu,5.25,-2.198
2024-06-20 02:00:00,730,Chengalpattu,2.0,-2.198
2024-06-21 21:00:00,730,Chengalpattu,5.0,-1.842
2024-06-21 22:00:00,730,Chengalpattu,0.5,-1.796
2024-06-22 20:00:00,730,Chengalpattu,5.0,-1.7719999999999998
2024-06-22 21:00:00,730,Chengalpattu,15.0,-1.7719999999999998
2024-06-22 23:00:00,730,Chengalpattu,0.5,-1.7760000000000002
2024-06-23 17:00:00,730,Chengalpattu,17.25,-1.7399999999999998
2024-06-23 18:00:00,730,Chengalpattu,15.75,-1.7399999999999998
2024-06-23 23:00:00,730,Chengalpattu,0.5,-1.7280000000000002
2024-07-04 03:00:00,730,Chengalpattu,0.5,-2.03
2024-07-04 08:00:00,730,Chengalpattu,0.5,-2.022
2024-07-05 20:00:00,730,Chengalpattu,1.75,-2.068
2024-07-05 22:00:00,730,Chengalpattu,1.0,-2.0460000000000003
2024-07-05 23:00:00,730,Chengalpattu,1.25,-2.0460000000000003
2024-07-06 00:00:00,730,Chengalpattu,1.25,-2.0460000000000003
2024-07-06 01:00:00,730,Chengalpattu,1.25,-2.0460000000000003
2024-07-10 23:00:00,730,Chengalpattu,4.5,-2.052
2024-07-11 00:00:00,730,Chengalpattu,10.75,-2.052
2024-07-11 01:00:00,730,Chengalpattu,5.0,-2.052
2024-07-11 02:00:00,730,Chengalpattu,8.25,-2.052
2024-07-11 03:00:00,730,Chengalpattu,1.25,-2.052
2024-07-11 04:00:00,730,Chengalpattu,1.0,-2.016
2024-07-11 05:00:00,730,Chengalpattu,1.25,-2.016
2024-07-12 20:00:00,730,Chengalpattu,6.25,-2.108
2024-07-12 21:00:00,730,Chengalpattu,5.0,-2.108
2024-07-12 22:00:00,730,Chengalpattu,27.25,-1.914
2024-07-12 23:00:00,730,Chengalpattu,26.75,-1.914
2024-07-13 00:00:00,730,Chengalpattu,9.5,-1.914
2024-07-13 01:00:00,730,Chengalpattu,4.25,-1.914
2024-07-13 02:00:00,730,Chengalpattu,2.25,-1.914
2024-07-13 03:00:00,730,Chengalpattu,1.5,-1.914
2024-07-13 04:00:00,730,Chengalpattu,0.5,-1.7719999999999998
2024-07-15 04:00:00,730,Chengalpattu,0.5,-1.652
2024-07-16 03:00:00,730,Chengalpattu,0.5,-1.658
2024-07-16 21:00:00,730,Chengalpattu,0.5,-1.654
2024-07-19 16:00:00,730,Chengalpattu,0.5,-1.6919999999999995
2024-07-19 17:00:00,730,Chengalpattu,0.5,-1.6919999999999995
2024-07-25 21:00:00,730,Chengalpattu,0.5,-1.878
2024-08-03 21:00:00,730,Chengalpattu,0.5,-2.142
2024-08-03 22:00:00,730,Chengalpattu,0.5,-2.164
2024-08-04 01:00:00,730,Chengalpattu,3.0,-2.164
2024-08-04 03:00:00,730,Chengalpattu,0.5,-2.164
2024-08-04 04:00:00,730,Chengalpattu,1.5,-2.144
2024-08-04 05:00:00,730,Chengalpattu,0.5,-2.144
2024-08-04 20:00:00,730,Chengalpattu,0.5,-2.152
2024-08-05 00:00:00,730,Chengalpattu,0.5,-2.126
2024-08-05 01:00:00,730,Chengalpattu,12.25,-2.126
2024-08-05 02:00:00,730,Chengalpattu,10.5,-2.126
2024-08-05 03:00:00,730,Chengalpattu,3.0,-2.126
2024-08-05 04:00:00,730,Chengalpattu,2.25,-1.934
2024-08-05 05:00:00,730,Chengalpattu,3.0,-1.934
2024-08-05 06:00:00,730,Chengalpattu,0.5,-1.934
2024-08-06 19:00:00,730,Chengalpattu,12.5,-1.85
2024-08-06 20:00:00,730,Chengalpattu,4.5,-1.85
2024-08-07 00:00:00,730,Chengalpattu,2.5,-1.7739999999999998
2024-08-07 01:00:00,730,Chengalpattu,28.5,-1.7739999999999998
2024-08-07 02:00:00,730,Chengalpattu,2.0,-1.7739999999999998
2024-08-07 03:00:00,730,Chengalpattu,1.0,-1.7739999999999998
2024-08-08 00:00:00,730,Chengalpattu,11.5,-1.5699999999999998
2024-08-08 01:00:00,730,Chengalpattu,22.0,-1.5699999999999998
2024-08-08 02:00:00,730,Chengalpattu,3.0,-1.5699999999999998
2024-08-08 03:00:00,730,Chengalpattu,5.0,-1.5699999999999998
2024-08-08 04:00:00,730,Chengalpattu,0.5,-1.408
2024-08-08 19:00:00,730,Chengalpattu,1.5,-1.4
2024-08-11 02:00:00,730,Chengalpattu,0.5,-1.256
2024-08-11 03:00:00,730,Chengalpattu,0.5,-1.256
2024-08-11 05:00:00,730,Chengalpattu,2.5,-0.9533333333333336
2024-08-11 06:00:00,730,Chengalpattu,4.5,-0.9533333333333336
2024-08-24 17:20:00,730,Chengalpattu,1.0,-1.4866666666666666
2024-08-24 17:25:00,730,Chengalpattu,1.0,-1.4866666666666666
2024-08-24 17:30:00,730,Chengalpattu,1.0,-1.4866666666666666
2024-08-24 17:35:00,730,Chengalpattu,1.0,-1.4866666666666666
2024-08-24 17:40:00,730,Chengalpattu,1.0,-1.4866666666666666
2024-08-24 17:45:00,730,Chengalpattu,1.0,-1.4866666666666666
2024-08-24 17:50:00,730,Chengalpattu,1.0,-1.4866666666666666
2024-08-27 15:50:00,730,Chengalpattu,0.5,-1.405
2024-08-27 15:55:00,730,Chengalpattu,1.0,-1.405
2024-08-27 16:00:00,730,Chengalpattu,1.0,-1.405
2024-08-30 23:00:00,730,Chengalpattu,0.5,-1.59
2024-09-01 16:45:00,730,Chengalpattu,0.5,-1.584
2024-09-01 16:50:00,730,Chengalpattu,0.5,-1.584
2024-09-01 16:55:00,730,Chengalpattu,0.5,-1.584
2024-09-01 17:00:00,730,Chengalpattu,0.5,-1.584
2024-09-01 17:45:00,730,Chengalpattu,0.5,-1.584
2024-09-01 17:50:00,730,Chengalpattu,0.5,-1.584
2024-09-01 17:55:00,730,Chengalpattu,0.5,-1.584
2024-09-01 18:00:00,730,Chengalpattu,0.5,-1.584
2024-09-01 18:10:00,730,Chengalpattu,0.5,-1.584
2024-09-01 18:15:00,730,Chengalpattu,0.5,-1.584
2024-09-01 18:20:00,730,Chengalpattu,0.5,-1.584
2024-09-01 18:25:00,730,Chengalpattu,0.5,-1.584
2024-09-01 18:30:00,730,Chengalpattu,0.5,-1.584
2024-09-01 18:35:00,730,Chengalpattu,0.5,-1.584
2024-09-01 18:40:00,730,Chengalpattu,0.5,-1.584
2024-09-01 18:45:00,730,Chengalpattu,0.5,-1.584
2024-09-01 18:50:00,730,Chengalpattu,0.5,-1.584
2024-09-01 18:55:00,730,Chengalpattu,0.5,-1.584
2024-09-01 19:00:00,730,Chengalpattu,0.5,-1.584
2024-09-04 17:05:00,730,Chengalpattu,0.5,-1.622
2024-09-04 17:10:00,730,Chengalpattu,0.5,-1.622
2024-09-04 17:15:00,730,Chengalpattu,0.5,-1.622
2024-09-04 17:20:00,730,Chengalpattu,0.5,-1.622
2024-09-04 17:25:00,730,Chengalpattu,0.5,-1.622
2024-09-04 17:30:00,730,Chengalpattu,0.5,-1.622
2024-09-04 17:35:00,730,Chengalpattu,0.5,-1.622
2024-09-04 17:40:00,730,Chengalpattu,0.5,-1.622
2024-09-04 17:45:00,730,Chengalpattu,0.5,-1.622
2024-09-04 17:50:00,730,Chengalpattu,0.5,-1.622
2024-09-04 17:55:00,730,Chengalpattu,0.5,-1.622
2024-09-04 18:00:00,730,Chengalpattu,0.5,-1.622
2024-09-05 17:00:00,730,Chengalpattu,1.0,-1.644
2024-09-05 18:00:00,730,Chengalpattu,6.5,-1.644
2024-09-07 19:35:00,730,Chengalpattu,0.5,-1.69
2024-09-07 19:40:00,730,Chengalpattu,0.5,-1.69
2024-09-07 19:45:00,730,Chengalpattu,1.5,-1.69
2024-09-07 19:50:00,730,Chengalpattu,2.0,-1.69
2024-09-07 19:55:00,730,Chengalpattu,2.0,-1.69
2024-09-07 20:00:00,730,Chengalpattu,13.25,-1.69
2024-09-07 20:05:00,730,Chengalpattu,0.5,-1.69
2024-09-07 20:10:00,730,Chengalpattu,0.5,-1.69
2024-09-07 20:15:00,730,Chengalpattu,0.5,-1.69
2024-09-07 20:20:00,730,Chengalpattu,0.5,-1.69
2024-09-07 20:25:00,730,Chengalpattu,0.5,-1.69
2024-09-07 20:30:00,730,Chengalpattu,0.5,-1.69
2024-09-07 20:35:00,730,Chengalpattu,0.5,-1.69
2024-09-07 20:40:00,730,Chengalpattu,0.5,-1.69
2024-09-07 20:45:00,730,Chengalpattu,1.0,-1.69
2024-09-07 20:50:00,730,Chengalpattu,1.0,-1.69
2024-09-07 20:55:00,730,Chengalpattu,1.0,-1.69
2024-09-07 21:00:00,730,Chengalpattu,0.75,-1.69
2024-09-07 21:20:00,730,Chengalpattu,0.5,-1.6960000000000002
2024-09-07 21:25:00,730,Chengalpattu,0.5,-1.6960000000000002
2024-09-07 21:30:00,730,Chengalpattu,0.5,-1.6960000000000002
2024-09-07 21:35:00,730,Chengalpattu,0.5,-1.6960000000000002
2024-09-07 21:40:00,730,Chengalpattu,0.5,-1.6960000000000002
2024-09-07 21:45:00,730,Chengalpattu,0.5,-1.6960000000000002
2024-09-07 21:50:00,730,Chengalpattu,0.5,-1.6960000000000002
2024-09-07 21:55:00,730,Chengalpattu,0.5,-1.6960000000000002
2024-09-07 22:00:00,730,Chengalpattu,0.75,-1.6960000000000002
2024-09-17 22:00:00,730,Chengalpattu,2.0,-1.922
2024-09-21 03:00:00,730,Chengalpattu,1.5,-2.104
2024-09-22 02:00:00,730,Chengalpattu,1.0,-2.17
2024-09-23 10:00:00,730,Chengalpattu,0.5,-2.276
2024-09-23 17:00:00,730,Chengalpattu,9.0,-2.232
2024-09-23 18:00:00,730,Chengalpattu,7.5,-2.232
2024-09-24 00:00:00,730,Chengalpattu,48.5,-2.214
2024-09-24 01:00:00,730,Chengalpattu,1.5,-2.214
2024-09-24 02:00:00,730,Chengalpattu,0.5,-2.214
2024-09-24 03:00:00,730,Chengalpattu,1.0,-2.214
2024-09-24 04:00:00,730,Chengalpattu,0.5,-2.154
2024-09-24 18:00:00,730,Chengalpattu,14.5,-2.162
2024-09-24 22:00:00,730,Chengalpattu,13.5,-2.102
2024-09-24 23:00:00,730,Chengalpattu,1.5,-2.102
2024-09-25 00:00:00,730,Chengalpattu,1.0,-2.102
2024-09-28 11:00:00,730,Chengalpattu,2.0,-2.182
2024-09-28 12:00:00,730,Chengalpattu,3.0,-2.182
2024-09-28 15:00:00,730,Chengalpattu,0.5,-2.182
2024-09-29 11:00:00,730,Chengalpattu,1.5,-1.8825
2024-10-03 18:00:00,730,Chengalpattu,9.5,-2.4575
2024-10-03 19:00:00,730,Chengalpattu,3.5,-2.4575
2024-10-03 20:00:00,730,Chengalpattu,0.5,-2.4575
2024-10-05 01:00:00,730,Chengalpattu,1.0,-2.088
2024-10-05 03:00:00,730,Chengalpattu,0.5,-2.088
2024-10-05 16:00:00,730,Chengalpattu,19.0,-1.5466666666666666
2024-10-05 17:00:00,730,Chengalpattu,7.0,-1.5466666666666666
2024-10-07 11:00:00,730,Chengalpattu,8.0,-1.98
2024-10-07 12:00:00,730,Chengalpattu,7.0,-1.98
2024-10-09 12:00:00,730,Chengalpattu,0.5,-2.056
2024-10-09 13:00:00,730,Chengalpattu,0.5,-2.056
2024-10-09 14:00:00,730,Chengalpattu,0.5,-2.056
2024-10-10 09:00:00,730,Chengalpattu,1.0,-2.068
2024-10-10 10:00:00,730,Chengalpattu,1.0,-2.012
2024-10-10 15:00:00,730,Chengalpattu,7.5,-2.012
2024-10-10 16:00:00,730,Chengalpattu,0.5,-1.944
2024-10-11 11:00:00,730,Chengalpattu,3.0,-1.952
2024-10-12 08:00:00,730,Chengalpattu,18.0,-1.954
2024-10-12 09:00:00,730,Chengalpattu,1.0,-1.954
2024-10-13 03:00:00,730,Chengalpattu,1.0,-1.958
2024-10-13 04:00:00,730,Chengalpattu,10.5,-1.846
2024-10-13 06:00:00,730,Chengalpattu,0.5,-1.846
2024-10-14 04:00:00,730,Chengalpattu,3.0,-1.842
2024-10-14 05:00:00,730,Chengalpattu,1.0,-1.842
2024-10-14 06:00:00,730,Chengalpattu,0.5,-1.842
2024-10-14 07:00:00,730,Chengalpattu,2.0,-1.842
2024-10-14 09:00:00,730,Chengalpattu,0.5,-1.842
2024-10-14 10:00:00,730,Chengalpattu,0.5,-1.7440000000000002
2024-10-14 11:00:00,730,Chengalpattu,0.5,-1.7440000000000002
2024-10-14 12:00:00,730,Chengalpattu,1.5,-1.7440000000000002
2024-10-14 13:00:00,730,Chengalpattu,1.0,-1.7440000000000002
2024-10-14 18:00:00,730,Chengalpattu,1.5,-1.6920000000000002
2024-10-14 19:00:00,730,Chengalpattu,1.5,-1.6920000000000002
2024-10-14 20:00:00,730,Chengalpattu,2.0,-1.6920000000000002
2024-10-14 21:00:00,730,Chengalpattu,6.0,-1.6920000000000002
2024-10-14 22:00:00,730,Chengalpattu,14.5,-1.502
2024-10-14 23:00:00,730,Chengalpattu,1.0,-1.502
2024-10-15 12:00:00,730,Chengalpattu,2.5,-1.4200000000000002
2024-10-15 13:00:00,730,Chengalpattu,4.0,-1.4200000000000002
2024-10-15 15:00:00,730,Chengalpattu,1.0,-1.4200000000000002
2024-10-15 16:00:00,730,Chengalpattu,5.0,-1.292
2024-10-15 17:00:00,730,Chengalpattu,2.5,-1.292
2024-10-15 18:00:00,730,Chengalpattu,0.5,-1.292
2024-10-15 19:00:00,730,Chengalpattu,0.5,-1.292
2024-10-15 20:00:00,730,Chengalpattu,3.0,-1.292
2024-10-15 21:00:00,730,Chengalpattu,2.0,-1.292
2024-10-15 22:00:00,730,Chengalpattu,1.0,-1.2040000000000002
2024-10-16 00:00:00,730,Chengalpattu,0.5,-1.2040000000000002
2024-10-16 04:00:00,730,Chengalpattu,0.5,-1.154
2024-10-18 11:00:00,730,Chengalpattu,1.0,-1.152
2024-10-19 03:00:00,730,Chengalpattu,4.0,-1.164
2024-10-19 04:00:00,730,Chengalpattu,12.0,-0.91
2024-10-19 05:00:00,730,Chengalpattu,0.5,-0.91
2024-10-19 06:00:00,730,Chengalpattu,2.75,-0.91
2024-10-19 07:00:00,730,Chengalpattu,4.25,-0.91
2024-10-19 08:00:00,730,Chengalpattu,1.75,-0.91
2024-10-19 09:00:00,730,Chengalpattu,1.0,-0.91
2024-10-20 16:00:00,730,Chengalpattu,6.5,-0.7859999999999999
2024-10-20 18:00:00,730,Chengalpattu,0.5,-0.7859999999999999
2024-10-21 06:00:00,730,Chengalpattu,20.5,-0.8
2024-10-25 10:00:00,730,Chengalpattu,1.0,-0.9559999999999998
2024-10-25 10:30:00,730,Chengalpattu,1.0,-0.9559999999999998
2024-10-25 11:00:00,730,Chengalpattu,1.0,-0.9559999999999998
2024-10-31 14:00:00,730,Chengalpattu,2.5,-1.144
2024-11-01 12:00:00,730,Chengalpattu,5.0,-1.058
2024-11-01 13:00:00,730,Chengalpattu,0.5,-1.058
2024-11-02 05:00:00,730,Chengalpattu,0.5,-1.0619999999999998
2024-11-02 12:00:00,730,Chengalpattu,0.5,-1.0479999999999998
2024-11-02 13:00:00,730,Chengalpattu,10.0,-1.0479999999999998
2024-11-02 15:00:00,730,Chengalpattu,10.0,-1.0479999999999998
2024-11-02 16:00:00,730,Chengalpattu,0.5,-1.042
2024-11-03 00:00:00,730,Chengalpattu,3.5,-1.048
2024-11-03 02:00:00,730,Chengalpattu,1.5,-1.048
2024-11-03 03:00:00,730,Chengalpattu,1.0,-1.048
2024-11-04 12:00:00,730,Chengalpattu,0.5,-1.072
2024-11-07 12:00:00,730,Chengalpattu,1.0,-1.17
2024-11-12 05:00:00,730,Chengalpattu,0.75,-1.252
2024-11-12 20:00:00,730,Chengalpattu,8.25,-1.238
2024-11-13 08:00:00,730,Chengalpattu,0.75,-1.214
2024-11-13 12:00:00,730,Chengalpattu,0.5,-1.206
2024-11-13 17:00:00,730,Chengalpattu,8.75,-1.192
2024-11-14 02:00:00,730,Chengalpattu,3.0,-1.188
2024-11-14 08:00:00,730,Chengalpattu,0.5,-1.096
2024-11-14 11:00:00,730,Chengalpattu,5.5,-1.21
2024-11-14 12:00:00,730,Chengalpattu,3.5,-1.21
2024-11-14 21:00:00,730,Chengalpattu,0.5,-1.0699999999999998
2024-11-14 22:00:00,730,Chengalpattu,0.5,-1.052
2024-11-15 01:00:00,730,Chengalpattu,1.25,-1.052
2024-11-15 02:00:00,730,Chengalpattu,1.5,-1.052
2024-11-15 14:00:00,730,Chengalpattu,3.0,-0.938
2024-11-16 12:00:00,730,Chengalpattu,0.5,-0.8160000000000001
2024-11-16 13:00:00,730,Chengalpattu,0.5,-0.8160000000000001
2024-11-16 14:00:00,730,Chengalpattu,2.5,-0.8160000000000001
2024-11-16 17:00:00,730,Chengalpattu,12.0,-0.7979999999999999
2024-11-16 18:00:00,730,Chengalpattu,2.0,-0.7979999999999999
2024-11-16 20:00:00,730,Chengalpattu,2.25,-0.7979999999999999
2024-11-16 21:00:00,730,Chengalpattu,4.0,-0.7979999999999999
2024-11-16 23:00:00,730,Chengalpattu,2.5,-0.732
2024-11-17 01:00:00,730,Chengalpattu,0.5,-0.732
2024-11-17 02:00:00,730,Chengalpattu,11.25,-0.732
2024-11-17 03:00:00,730,Chengalpattu,9.5,-0.732
2024-11-17 04:00:00,730,Chengalpattu,0.5,-0.592
2024-11-26 00:00:00,730,Chengalpattu,4.5,-1.018
2024-11-26 11:00:00,730,Chengalpattu,7.0,-0.932
2024-11-26 12:00:00,730,Chengalpattu,10.0,-0.932
2024-11-26 13:00:00,730,Chengalpattu,6.5,-0.932
2024-11-26 15:00:00,730,Chengalpattu,1.0,-0.932
2024-11-26 16:00:00,730,Chengalpattu,0.5,-0.79
2024-11-26 17:00:00,730,Chengalpattu,1.0,-0.79
2024-11-26 20:00:00,730,Chengalpattu,0.5,-0.79
2024-11-26 21:00:00,730,Chengalpattu,1.0,-0.79
2024-11-26 22:00:00,730,Chengalpattu,3.5,-0.6940000000000001
2024-11-26 23:00:00,730,Chengalpattu,0.5,-0.6940000000000001
2024-11-27 03:00:00,730,Chengalpattu,0.5,-0.6940000000000001
2024-11-27 07:00:00,730,Chengalpattu,2.5,-0.606
2024-11-27 08:00:00,730,Chengalpattu,0.5,-0.606
2024-11-29 01:00:00,730,Chengalpattu,1.0,-0.69
2024-11-29 03:00:00,730,Chengalpattu,3.5,-0.69
2024-11-29 06:00:00,730,Chengalpattu,0.5,-0.674
2024-11-29 15:00:00,730,Chengalpattu,0.5,-0.666
2024-11-29 16:00:00,730,Chengalpattu,0.5,-0.6519999999999999
2024-11-29 21:00:00,730,Chengalpattu,1.0,-0.6519999999999999
2024-11-29 22:00:00,730,Chengalpattu,3.0,-0.65
2024-11-30 06:00:00,730,Chengalpattu,2.0,-0.6399999999999999
2024-11-30 08:00:00,730,Chengalpattu,6.0,-0.6399999999999999
2024-11-30 09:00:00,730,Chengalpattu,7.0,-0.6399999999999999
2024-11-30 10:00:00,730,Chengalpattu,11.5,-0.366
2024-11-30 17:00:00,730,Chengalpattu,25.5,-0.294
2024-11-30 18:00:00,730,Chengalpattu,15.5,-0.294
2024-11-30 19:00:00,730,Chengalpattu,3.5,-0.294
2024-11-30 20:00:00,730,Chengalpattu,1.5,-0.294
2024-11-30 21:00:00,730,Chengalpattu,1.5,-0.294
2024-11-30 22:00:00,730,Chengalpattu,0.5,-0.3299999999999999
2024-12-01 00:00:00,730,Chengalpattu,1.0,-0.3299999999999999
2024-12-01 02:00:00,730,Chengalpattu,1.0,-0.3299999999999999
2024-12-01 04:00:00,730,Chengalpattu,1.5,-0.415
2024-12-01 07:00:00,730,Chengalpattu,0.5,-0.415
2024-12-01 14:00:00,730,Chengalpattu,0.5,-0.4425
2024-12-01 15:00:00,730,Chengalpattu,0.5,-0.4425
2024-12-01 16:00:00,730,Chengalpattu,1.0,-0.4624999999999999
2024-12-01 17:00:00,730,Chengalpattu,0.5,-0.4624999999999999
2024-12-01 18:00:00,730,Chengalpattu,0.5,-0.4624999999999999
2024-12-01 20:00:00,730,Chengalpattu,0.5,-0.4624999999999999
2024-12-01 21:00:00,730,Chengalpattu,0.5,-0.4624999999999999
2024-12-01 23:00:00,730,Chengalpattu,0.5,-0.48
2024-12-02 01:00:00,730,Chengalpattu,0.5,-0.48
2024-12-02 12:00:00,730,Chengalpattu,0.5,-0.63
2024-12-03 01:00:00,730,Chengalpattu,8.5,-0.51
2024-12-03 02:00:00,730,Chengalpattu,5.0,-0.51
2024-12-03 04:00:00,730,Chengalpattu,0.5,-0.448
2024-12-10 08:00:00,730,Chengalpattu,0.5,-0.726
2024-12-11 10:00:00,730,Chengalpattu,8.5,-0.718
2024-12-11 14:00:00,730,Chengalpattu,0.75,-0.718
2024-12-11 15:00:00,730,Chengalpattu,1.25,-0.718
2024-12-11 15:30:00,730,Chengalpattu,2.5,-0.62
2024-12-11 16:00:00,730,Chengalpattu,3.0,-0.62
2024-12-11 18:00:00,730,Chengalpattu,0.5,-0.62
2024-12-11 19:00:00,730,Chengalpattu,1.0,-0.62
2024-12-11 19:30:00,730,Chengalpattu,0.5,-0.62
2024-12-11 20:00:00,730,Chengalpattu,1.0,-0.62
2024-12-11 20:30:00,730,Chengalpattu,0.5,-0.62
2024-12-11 21:00:00,730,Chengalpattu,0.5,-0.62
2024-12-11 21:30:00,730,Chengalpattu,0.5,-0.594
2024-12-11 22:00:00,730,Chengalpattu,0.5,-0.594
2024-12-11 22:30:00,730,Chengalpattu,0.5,-0.594
2024-12-11 23:00:00,730,Chengalpattu,0.75,-0.594
2024-12-12 01:00:00,730,Chengalpattu,7.0,-0.594
2024-12-12 01:30:00,730,Chengalpattu,8.0,-0.594
2024-12-12 02:00:00,730,Chengalpattu,12.75,-0.594
2024-12-12 02:30:00,730,Chengalpattu,15.0,-0.594
2024-12-12 03:00:00,730,Chengalpattu,26.25,-0.594
2024-12-12 03:30:00,730,Chengalpattu,3.5,-0.394
2024-12-12 04:00:00,730,Chengalpattu,3.25,-0.394
2024-12-12 04:30:00,730,Chengalpattu,0.5,-0.394
2024-12-12 05:00:00,730,Chengalpattu,11.75,-0.394
2024-12-12 05:30:00,730,Chengalpattu,34.0,-0.394
2024-12-12 06:00:00,730,Chengalpattu,38.0,-0.394
2024-12-12 07:00:00,730,Chengalpattu,1.0,-0.394
2024-12-12 07:30:00,730,Chengalpattu,12.0,-0.394
2024-12-12 08:00:00,730,Chengalpattu,14.75,-0.394
2024-12-12 08:30:00,730,Chengalpattu,4.0,-0.394
2024-12-12 09:00:00,730,Chengalpattu,3.25,-0.394
2024-12-12 10:00:00,730,Chengalpattu,9.0,-0.38
2024-12-12 11:00:00,730,Chengalpattu,5.0,-0.38
2024-12-12 11:30:00,730,Chengalpattu,0.5,-0.38
2024-12-12 12:00:00,730,Chengalpattu,0.5,-0.38
2024-12-12 13:30:00,730,Chengalpattu,2.0,-0.38
2024-12-12 14:00:00,730,Chengalpattu,6.25,-0.38
2024-12-12 14:30:00,730,Chengalpattu,2.0,-0.38
2024-12-12 15:00:00,730,Chengalpattu,5.5,-0.38
2024-12-12 15:30:00,730,Chengalpattu,3.5,-0.32
2024-12-12 16:00:00,730,Chengalpattu,11.75,-0.32
2024-12-12 16:30:00,730,Chengalpattu,17.5,-0.32
2024-12-12 17:00:00,730,Chengalpattu,33.5,-0.32
2024-12-12 17:30:00,730,Chengalpattu,12.5,-0.32
2024-12-12 18:00:00,730,Chengalpattu,15.0,-0.32
2024-12-12 20:30:00,730,Chengalpattu,8.5,-0.32
2024-12-12 21:00:00,730,Chengalpattu,13.5,-0.32
2024-12-12 21:30:00,730,Chengalpattu,1.0,-0.348
2024-12-12 22:00:00,730,Chengalpattu,1.0,-0.348
2024-12-13 14:00:00,730,Chengalpattu,0.5,-0.418
2024-12-18 00:00:00,730,Chengalpattu,1.0,-0.642
2024-12-18 00:30:00,730,Chengalpattu,0.5,-0.642
2024-12-18 01:00:00,730,Chengalpattu,1.0,-0.642
2024-12-18 02:00:00,730,Chengalpattu,0.5,-0.642
2024-12-18 15:30:00,730,Chengalpattu,0.5,-0.646
2024-12-18 16:00:00,730,Chengalpattu,0.5,-0.646
2024-12-18 17:00:00,730,Chengalpattu,0.5,-0.646
2024-12-18 18:00:00,730,Chengalpattu,0.5,-0.646
2024-12-26 02:30:00,730,Chengalpattu,0.5,-0.782
2024-12-26 03:00:00,730,Chengalpattu,1.0,-0.782
2024-12-26 03:30:00,730,Chengalpattu,0.5,-0.764
2024-12-26 04:00:00,730,Chengalpattu,1.5,-0.764
2024-12-26 04:30:00,730,Chengalpattu,0.5,-0.764
2024-12-26 05:00:00,730,Chengalpattu,0.75,-0.764
2024-12-26 05:30:00,730,Chengalpattu,1.0,-0.764
2024-12-26 06:00:00,730,Chengalpattu,1.25,-0.764
2024-12-26 06:30:00,730,Chengalpattu,0.5,-0.764
2024-12-26 07:00:00,730,Chengalpattu,0.5,-0.764
2024-12-26 08:00:00,730,Chengalpattu,0.5,-0.764
2024-12-26 23:30:00,730,Chengalpattu,1.0,-0.762
2024-12-27 00:00:00,730,Chengalpattu,1.0,-0.762
2024-12-27 03:30:00,730,Chengalpattu,1.5,-0.76
2024-12-27 04:00:00,730,Chengalpattu,4.5,-0.76
2024-12-27 05:00:00,730,Chengalpattu,0.5,-0.76
2024-12-27 05:30:00,730,Chengalpattu,1.0,-0.76
2024-12-27 06:00:00,730,Chengalpattu,1.5,-0.76
2024-12-27 07:00:00,730,Chengalpattu,4.75,-0.76
2024-12-27 08:00:00,730,Chengalpattu,7.5,-0.76
2024-12-27 10:00:00,730,Chengalpattu,0.5,-0.766
2024-12-27 11:00:00,730,Chengalpattu,0.5,-0.766
2024-12-29 22:00:00,730,Chengalpattu,4.75,-0.77
2024-12-29 22:30:00,730,Chengalpattu,13.5,-0.77
2024-12-29 23:00:00,730,Chengalpattu,15.5,-0.77
2024-12-29 23:30:00,730,Chengalpattu,2.0,-0.77
2024-12-30 00:00:00,730,Chengalpattu,2.5,-0.77
2024-12-30 03:30:00,730,Chengalpattu,0.5,-0.758
2024-12-30 04:00:00,730,Chengalpattu,0.5,-0.758
2024-12-30 04:30:00,730,Chengalpattu,0.5,-0.758
2024-12-30 05:00:00,730,Chengalpattu,0.5,-0.758
2025-01-12 18:00:00,730,Chengalpattu,0.5,-1.0575
2025-01-12 23:55:00,730,Chengalpattu,0.5,-1.0625
2025-01-13 00:00:00,730,Chengalpattu,0.75,-1.0625
2025-01-13 00:20:00,730,Chengalpattu,0.5,-1.0625
2025-01-13 00:25:00,730,Chengalpattu,0.5,-1.0625
2025-01-13 00:30:00,730,Chengalpattu,0.5,-1.0625
2025-01-13 00:35:00,730,Chengalpattu,0.5,-1.0625
2025-01-13 00:40:00,730,Chengalpattu,0.5,-1.0625
2025-01-13 00:45:00,730,Chengalpattu,0.5,-1.0625
2025-01-13 00:50:00,730,Chengalpattu,0.5,-1.0625
2025-01-13 00:55:00,730,Chengalpattu,0.5,-1.0625
2025-01-13 01:00:00,730,Chengalpattu,0.5,-1.0625
2025-01-13 03:00:00,730,Chengalpattu,0.5,-1.0625
2025-01-13 03:10:00,730,Chengalpattu,0.5,-1.0475
2025-01-13 03:15:00,730,Chengalpattu,0.5,-1.0475
2025-01-13 03:20:00,730,Chengalpattu,0.5,-1.0475
2025-01-13 03:25:00,730,Chengalpattu,0.5,-1.0475
2025-01-13 03:30:00,730,Chengalpattu,0.5,-1.0475
2025-01-13 03:35:00,730,Chengalpattu,0.5,-1.0475
2025-01-13 03:40:00,730,Chengalpattu,0.5,-1.0475
2025-01-13 03:45:00,730,Chengalpattu,0.5,-1.0475
2025-01-13 03:50:00,730,Chengalpattu,0.5,-1.0475
2025-01-13 03:55:00,730,Chengalpattu,0.5,-1.0475
2025-01-13 04:00:00,730,Chengalpattu,0.5,-1.0475
2025-01-13 13:00:00,730,Chengalpattu,1.0,-1.045
2025-01-13 13:05:00,730,Chengalpattu,2.0,-1.045
2025-01-13 13:10:00,730,Chengalpattu,2.0,-1.045
2025-01-13 13:15:00,730,Chengalpattu,2.0,-1.045
2025-01-13 13:20:00,730,Chengalpattu,2.0,-1.045
2025-01-13 13:25:00,730,Chengalpattu,2.0,-1.045
2025-01-13 13:30:00,730,Chengalpattu,2.5,-1.045
2025-01-13 13:35:00,730,Chengalpattu,2.0,-1.045
2025-01-13 13:40:00,730,Chengalpattu,2.0,-1.045
2025-01-13 13:45:00,730,Chengalpattu,2.0,-1.045
2025-01-13 13:50:00,730,Chengalpattu,2.0,-1.045
2025-01-13 13:55:00,730,Chengalpattu,2.0,-1.045
2025-01-13 14:00:00,730,Chengalpattu,2.5,-1.045
2025-01-13 15:00:00,730,Chengalpattu,0.5,-1.045
2025-01-19 00:00:00,730,Chengalpattu,4.25,-1.1175
2025-01-19 00:05:00,730,Chengalpattu,1.5,-1.1175
2025-01-19 00:10:00,730,Chengalpattu,1.5,-1.1175
2025-01-19 00:15:00,730,Chengalpattu,1.5,-1.1175
2025-01-19 00:20:00,730,Chengalpattu,1.5,-1.1175
2025-01-19 00:25:00,730,Chengalpattu,1.5,-1.1175
2025-01-19 00:30:00,730,Chengalpattu,1.25,-1.1175
2025-01-19 00:35:00,730,Chengalpattu,1.5,-1.1175
2025-01-19 00:40:00,730,Chengalpattu,2.0,-1.1175
2025-01-19 00:45:00,730,Chengalpattu,2.0,-1.1175
2025-01-19 00:50:00,730,Chengalpattu,2.0,-1.1175
2025-01-19 00:55:00,730,Chengalpattu,2.0,-1.1175
2025-01-19 01:00:00,730,Chengalpattu,1.75,-1.1175
2025-01-19 01:10:00,730,Chengalpattu,0.5,-1.1175
2025-01-19 01:15:00,730,Chengalpattu,0.5,-1.1175
2025-01-19 01:20:00,730,Chengalpattu,0.5,-1.1175
2025-01-19 01:25:00,730,Chengalpattu,0.5,-1.1175
2025-01-19 01:30:00,730,Chengalpattu,0.5,-1.1175
2025-01-19 01:35:00,730,Chengalpattu,0.5,-1.1175
2025-01-19 01:40:00,730,Chengalpattu,0.5,-1.1175
2025-01-19 01:45:00,730,Chengalpattu,0.5,-1.1175
2025-01-19 01:50:00,730,Chengalpattu,0.5,-1.1175
2025-01-19 01:55:00,730,Chengalpattu,0.5,-1.1175
2025-01-19 02:00:00,730,Chengalpattu,1.0,-1.1175
2025-01-19 05:30:00,730,Chengalpattu,0.5,-1.115
2025-01-19 10:40:00,730,Chengalpattu,0.5,-1.1175
2025-01-19 10:45:00,730,Chengalpattu,0.5,-1.1175
2025-01-19 10:50:00,730,Chengalpattu,0.5,-1.1175
2025-01-19 10:55:00,730,Chengalpattu,0.5,-1.1175
2025-01-19 11:00:00,730,Chengalpattu,0.5,-1.1175
2025-03-11 09:00:00,730,Chengalpattu,1.0,-1.906
2025-03-11 10:00:00,730,Chengalpattu,0.5,-1.952
2025-03-11 12:00:00,730,Chengalpattu,6.25,-1.952
2025-03-11 12:30:00,730,Chengalpattu,0.5,-1.952
2025-03-11 13:00:00,730,Chengalpattu,1.5,-1.952
2025-03-11 15:00:00,730,Chengalpattu,1.0,-1.952
2025-03-11 16:00:00,730,Chengalpattu,0.5,-1.882
2025-03-11 18:30:00,730,Chengalpattu,0.5,-1.882
2025-03-11 19:00:00,730,Chengalpattu,0.75,-1.882
2025-03-12 12:00:00,730,Chengalpattu,1.5,-1.84
2025-04-03 08:00:00,730,Chengalpattu,3.5,-2.4725
2025-04-03 09:00:00,730,Chengalpattu,7.5,-2.4725
2025-04-03 10:00:00,730,Chengalpattu,1.0,-2.4575
2025-04-03 11:00:00,730,Chengalpattu,0.5,-2.4575
2025-04-03 12:00:00,730,Chengalpattu,0.5,-2.4575
2025-04-10 00:00:00,730,Chengalpattu,1.0,-3.8
2025-04-16 13:00:00,730,Chengalpattu,6.5,-2.1875
2025-04-16 14:00:00,730,Chengalpattu,1.25,-2.1875
2025-04-16 16:00:00,730,Chengalpattu,0.5,-2.05
2025-04-16 21:00:00,730,Chengalpattu,0.5,-2.05
2025-04-17 05:00:00,730,Chengalpattu,0.5,-2.242
2025-05-04 18:00:00,730,Chengalpattu,32.5,-2.92
2025-05-04 19:00:00,730,Chengalpattu,1.0,-2.92
2025-05-04 22:00:00,730,Chengalpattu,0.75,-2.895
2025-05-04 23:00:00,730,Chengalpattu,0.5,-2.895
2025-05-05 00:00:00,730,Chengalpattu,0.5,-2.895
2025-05-05 03:00:00,730,Chengalpattu,0.5,-2.895
2025-05-05 08:00:00,730,Chengalpattu,0.5,-2.84
2025-05-06 02:00:00,730,Chengalpattu,0.5,-2.845
2025-05-06 22:00:00,730,Chengalpattu,2.0,-2.588
2025-05-06 23:00:00,730,Chengalpattu,22.0,-2.588
2025-05-07 01:00:00,730,Chengalpattu,1.5,-2.588
2025-05-07 02:00:00,730,Chengalpattu,1.0,-2.588
2025-05-08 00:00:00,730,Chengalpattu,0.5,-2.5
2025-05-12 16:00:00,730,Chengalpattu,4.25,-2.518
2025-05-12 17:00:00,730,Chengalpattu,1.0,-2.518
2025-05-17 00:00:00,730,Chengalpattu,38.0,-2.612
2025-05-17 02:00:00,730,Chengalpattu,1.0,-2.612
2025-05-17 14:00:00,730,Chengalpattu,0.5,-2.6100000000000003
2025-05-17 15:00:00,730,Chengalpattu,29.5,-2.6100000000000003
2025-05-17 17:00:00,730,Chengalpattu,10.25,-2.558
2025-05-17 18:00:00,730,Chengalpattu,0.5,-2.558
2025-05-18 16:00:00,730,Chengalpattu,0.5,-2.49
2025-05-18 18:00:00,730,Chengalpattu,3.5,-2.49
2025-05-19 02:00:00,730,Chengalpattu,20.0,-2.48
2025-05-20 09:00:00,730,Chengalpattu,0.5,-2.364
2025-05-20 17:00:00,730,Chengalpattu,1.0,-2.316
2025-05-20 19:00:00,730,Chengalpattu,2.5,-2.316
2025-05-21 00:00:00,730,Chengalpattu,1.0,-2.264
2025-05-23 21:00:00,730,Chengalpattu,12.5,-2.21
2025-05-23 22:00:00,730,Chengalpattu,1.75,-2.0033333333333334
2025-05-24 00:00:00,730,Chengalpattu,0.75,-2.0033333333333334
2025-05-25 20:00:00,730,Chengalpattu,1.0,-2.67
2025-05-25 21:00:00,730,Chengalpattu,0.75,-2.67
2025-06-04 20:00:00,730,Chengalpattu,4.0,-2.9075
2025-06-07 04:00:00,730,Chengalpattu,3.75,-2.8225
2025-06-07 05:00:00,730,Chengalpattu,1.5,-2.8225
2025-06-07 06:00:00,730,Chengalpattu,2.25,-2.8225
2025-06-07 07:00:00,730,Chengalpattu,1.5,-2.8225
2025-06-08 17:00:00,730,Chengalpattu,2.5,-2.84
2025-06-08 18:00:00,730,Chengalpattu,5.0,-2.84
2025-06-10 20:00:00,730,Chengalpattu,0.5,-2.4232
2025-06-11 20:00:00,730,Chengalpattu,5.0,-2.3344
2025-06-11 21:00:00,730,Chengalpattu,2.0,-2.3344
2025-06-11 22:00:00,730,Chengalpattu,10.25,-2.2458
2025-06-11 23:00:00,730,Chengalpattu,19.0,-2.2458
2025-06-12 00:00:00,730,Chengalpattu,1.5,-2.2458
2025-06-12 01:00:00,730,Chengalpattu,1.75,-2.2458
2025-06-12 02:00:00,730,Chengalpattu,0.75,-2.2458
2025-06-14 21:00:00,730,Chengalpattu,2.5,-2.305
2025-06-14 22:00:00,730,Chengalpattu,0.5,-2.295
2025-06-20 23:00:00,730,Chengalpattu,17.5,-2.36
2025-06-21 00:00:00,730,Chengalpattu,1.25,-2.36
2025-06-22 21:00:00,730,Chengalpattu,2.25,-2.34
2025-06-22 22:00:00,730,Chengalpattu,3.75,-2.295
2025-06-22 23:00:00,730,Chengalpattu,0.75,-2.295
2025-06-23 00:00:00,730,Chengalpattu,1.0,-2.295
2025-06-23 01:00:00,730,Chengalpattu,0.5,-2.295
2025-06-23 03:00:00,730,Chengalpattu,0.5,-2.295
2025-06-23 04:00:00,730,Chengalpattu,0.5,-2.23
2025-07-02 20:00:00,730,Chengalpattu,11.0,-2.2875
2025-07-03 09:05:00,730,Chengalpattu,2.0,-2.2875
2025-07-03 10:00:00,730,Chengalpattu,6.5,-2.2875
2025-07-09 21:00:00,730,Chengalpattu,1.5,-2.3425
2025-07-09 22:00:00,730,Chengalpattu,1.0,-2.3425
2025-07-11 22:00:00,730,Chengalpattu,3.5,-2.3525
2025-07-11 23:00:00,730,Chengalpattu,3.0,-2.3525
2025-07-12 00:00:00,730,Chengalpattu,1.5,-2.3525
2025-07-12 01:00:00,730,Chengalpattu,0.5,-2.3525
2025-07-12 18:00:00,730,Chengalpattu,5.0,-2.29
2025-07-12 19:00:00,730,Chengalpattu,2.0,-2.29
2025-07-13 19:00:00,730,Chengalpattu,4.5,-2.395
2025-07-16 22:00:00,730,Chengalpattu,1.5,-2.3825000000000003
2025-07-21 21:00:00,730,Chengalpattu,1.5,-2.11
2025-07-22 00:00:00,730,Chengalpattu,0.5,-2.1025
2025-07-31 17:00:00,730,Chengalpattu,1.0,-2.4
2025-08-02 01:00:00,730,Chengalpattu,2.5,-2.3475
2025-08-02 02:00:00,730,Chengalpattu,3.5,-2.3475
2025-08-03 15:00:00,730,Chengalpattu,8.25,-2.385
2025-08-03 16:00:00,730,Chengalpattu,0.5,-2.3200000000000003
2025-08-04 20:00:00,730,Chengalpattu,0.5,-2.095
2025-08-04 21:00:00,730,Chengalpattu,1.0,-2.095
2025-08-04 22:00:00,730,Chengalpattu,8.5,-2.0375
2025-08-06 22:00:00,730,Chengalpattu,5.0,-1.79
2025-08-06 23:00:00,730,Chengalpattu,18.5,-1.79
2025-08-07 00:00:00,730,Chengalpattu,0.5,-1.79
2025-08-08 02:00:00,730,Chengalpattu,4.5,-1.7725000000000002
2025-08-08 03:00:00,730,Chengalpattu,2.75,-1.7725000000000002
2025-08-10 18:00:00,730,Chengalpattu,13.0,-1.82
2025-08-10 19:00:00,730,Chengalpattu,1.25,-1.82
2025-08-11 19:00:00,730,Chengalpattu,2.0,-1.6424999999999998
2025-08-14 00:00:00,730,Chengalpattu,3.5,-1.5375
2025-08-14 01:00:00,730,Chengalpattu,4.0,-1.5375
2025-08-14 22:00:00,730,Chengalpattu,1.5,-1.51
2025-08-14 23:00:00,730,Chengalpattu,4.5,-1.51
2025-08-15 00:00:00,730,Chengalpattu,4.5,-1.51
2025-08-16 19:00:00,730,Chengalpattu,1.5,-1.63
2025-08-16 21:00:00,730,Chengalpattu,0.5,-1.63
2025-08-17 04:00:00,730,Chengalpattu,9.5,-1.62
2025-08-17 05:00:00,730,Chengalpattu,3.0,-1.62
2025-08-17 06:00:00,730,Chengalpattu,1.0,-1.62
2025-08-17 07:00:00,730,Chengalpattu,1.0,-1.62
2025-08-17 08:00:00,730,Chengalpattu,0.5,-1.62
2025-08-17 09:00:00,730,Chengalpattu,3.0,-1.62
2025-08-17 18:00:00,730,Chengalpattu,1.0,-1.6025
2025-08-17 19:00:00,730,Chengalpattu,6.5,-1.6025
2025-08-17 20:00:00,730,Chengalpattu,1.0,-1.6025
2025-08-17 21:00:00,730,Chengalpattu,1.0,-1.6025
2025-08-18 08:00:00,730,Chengalpattu,0.5,-1.535
2025-08-18 15:00:00,730,Chengalpattu,3.0,-1.52
2025-08-18 16:00:00,730,Chengalpattu,4.5,-1.4875
2025-08-18 22:00:00,730,Chengalpattu,2.0,-1.4875
2025-08-20 00:00:00,730,Chengalpattu,2.0,-2.203333333333333
2025-08-20 01:00:00,730,Chengalpattu,1.0,-2.203333333333333
2025-08-20 02:00:00,730,Chengalpattu,2.5,-2.203333333333333
2025-08-20 03:00:00,730,Chengalpattu,0.5,-2.203333333333333
2025-08-20 04:00:00,730,Chengalpattu,4.5,-1.45
2025-08-20 05:00:00,730,Chengalpattu,0.5,-1.45
2025-08-20 07:00:00,730,Chengalpattu,3.5,-1.45
2025-08-20 08:00:00,730,Chengalpattu,1.0,-1.45
2025-08-20 09:00:00,730,Chengalpattu,2.0,-1.45
2025-08-20 10:00:00,730,Chengalpattu,7.5,-1.4575
2025-08-20 11:00:00,730,Chengalpattu,1.5,-1.4575
2025-08-20 12:00:00,730,Chengalpattu,5.5,-1.4575
2025-08-20 13:00:00,730,Chengalpattu,2.0,-1.4575
2025-08-22 07:00:00,730,Chengalpattu,0.5,-1.4575
2025-08-23 02:00:00,730,Chengalpattu,0.5,-1.4475
2025-08-23 03:00:00,730,Chengalpattu,10.75,-1.4475
2025-08-23 04:00:00,730,Chengalpattu,8.5,-1.4475
2025-08-23 05:00:00,730,Chengalpattu,5.5,-1.4475
2025-08-23 06:00:00,730,Chengalpattu,0.5,-1.4475
2025-08-23 15:00:00,730,Chengalpattu,2.5,-1.4500000000000002
2025-08-23 16:00:00,730,Chengalpattu,2.5,-1.44
2025-08-23 17:00:00,730,Chengalpattu,0.5,-1.44
2025-09-01 00:00:00,730,Chengalpattu,41.0,-1.7274999999999998
2025-09-01 01:00:00,730,Chengalpattu,79.0,-1.7274999999999998
2025-09-01 02:00:00,730,Chengalpattu,16.0,-1.7274999999999998
2025-09-01 04:00:00,730,Chengalpattu,0.5,-1.6974999999999998
2025-09-01 05:00:00,730,Chengalpattu,0.5,-1.6974999999999998
2025-09-01 07:00:00,730,Chengalpattu,47.0,-1.6974999999999998
2025-09-03 19:00:00,730,Chengalpattu,2.25,-1.6825
2025-09-03 22:00:00,730,Chengalpattu,1.0,-1.6725
2025-09-03 23:00:00,730,Chengalpattu,1.0,-1.6725
2025-09-04 10:00:00,730,Chengalpattu,1.5,-1.645
2025-09-04 13:00:00,730,Chengalpattu,2.0,-1.645
2025-09-04 14:00:00,730,Chengalpattu,0.5,-1.645
2025-09-04 15:00:00,730,Chengalpattu,2.5,-1.645
2025-09-04 16:00:00,730,Chengalpattu,4.5,-1.62
2025-09-04 17:00:00,730,Chengalpattu,0.5,-1.62
2025-09-04 18:00:00,730,Chengalpattu,1.0,-1.62
2025-09-05 07:00:00,730,Chengalpattu,0.5,-1.6224999999999998
2025-09-06 00:00:00,730,Chengalpattu,0.5,-1.605
2025-09-07 10:00:00,730,Chengalpattu,8.5,-1.5575
2025-09-07 11:00:00,730,Chengalpattu,2.5,-1.5575
2025-09-07 12:00:00,730,Chengalpattu,1.5,-1.5575
2025-09-07 13:00:00,730,Chengalpattu,4.5,-1.5575
2025-09-07 14:00:00,730,Chengalpattu,5.5,-1.5575
2025-09-07 15:00:00,730,Chengalpattu,0.5,-1.5575
2025-09-08 04:00:00,730,Chengalpattu,0.5,-1.495
2025-09-08 23:00:00,730,Chengalpattu,2.0,-1.4825
2025-09-10 20:00:00,730,Chengalpattu,17.25,-1.74
2025-09-10 21:00:00,730,Chengalpattu,0.5,-1.74
2025-09-10 22:00:00,730,Chengalpattu,0.5,-1.6875
2025-09-11 12:00:00,730,Chengalpattu,8.0,-1.62
2025-09-11 13:00:00,730,Chengalpattu,2.5,-1.62
2025-09-13 07:00:00,730,Chengalpattu,13.5,-1.55
2025-09-13 08:00:00,730,Chengalpattu,4.5,-1.55
2025-09-13 09:00:00,730,Chengalpattu,0.5,-1.55
2025-09-18 18:00:00,730,Chengalpattu,3.5,-1.16
2025-09-18 20:00:00,730,Chengalpattu,11.75,-1.16
2025-09-18 21:00:00,730,Chengalpattu,6.0,-1.16
2025-09-18 22:00:00,730,Chengalpattu,1.25,-1.16
2025-09-18 23:00:00,730,Chengalpattu,0.5,-1.16
2025-09-20 06:00:00,730,Chengalpattu,0.5,-0.8949999999999999
2025-09-20 07:00:00,730,Chengalpattu,0.75,-0.8949999999999999
2025-09-20 08:00:00,730,Chengalpattu,0.5,-0.8949999999999999
2025-09-20 17:00:00,730,Chengalpattu,1.0,-0.8375
2025-09-22 00:00:00,730,Chengalpattu,1.5,-0.6900000000000001
2025-09-22 04:00:00,730,Chengalpattu,1.0,-0.6449999999999999
2025-09-22 05:00:00,730,Chengalpattu,1.75,-0.6449999999999999
2025-09-22 06:00:00,730,Chengalpattu,1.75,-0.6449999999999999
2025-09-22 23:00:00,730,Chengalpattu,6.0,-0.6124999999999999
2025-09-23 00:00:00,730,Chengalpattu,7.75,-0.6124999999999999
2025-09-23 01:00:00,730,Chengalpattu,3.5,-0.6124999999999999
2025-09-23 02:00:00,730,Chengalpattu,0.5,-0.6124999999999999
2025-09-23 20:00:00,730,Chengalpattu,8.75,-0.515
2025-09-25 20:00:00,730,Chengalpattu,8.5,-0.5225
2025-09-25 21:00:00,730,Chengalpattu,3.5,-0.5225
2025-09-25 22:00:00,730,Chengalpattu,7.75,-0.52
2025-09-26 00:00:00,730,Chengalpattu,0.5,-0.52
2025-09-26 01:00:00,730,Chengalpattu,1.75,-0.52
2025-09-27 19:00:00,730,Chengalpattu,1.0,-0.5525
2025-10-03 00:00:00,730,Chengalpattu,20.5,-1.1166666666666667
2025-10-03 01:00:00,730,Chengalpattu,0.5,-1.1166666666666667
2025-10-03 02:00:00,730,Chengalpattu,0.5,-1.1166666666666667
2025-10-03 05:00:00,730,Chengalpattu,0.5,-0.785
2025-10-04 02:00:00,730,Chengalpattu,4.5,-0.8175000000000001
2025-10-04 03:00:00,730,Chengalpattu,12.25,-0.8175000000000001
2025-10-04 06:00:00,730,Chengalpattu,12.25,-0.8025
2025-10-04 07:00:00,730,Chengalpattu,2.5,-0.8025
2025-11-17 05:00:00,730,Chengalpattu,0.5,-0.5700000000000001
2025-11-17 06:00:00,730,Chengalpattu,0.5,-0.5700000000000001
2025-11-17 07:00:00,730,Chengalpattu,2.5,-0.5700000000000001
2025-11-17 08:00:00,730,Chengalpattu,1.25,-0.5700000000000001
2025-11-17 09:00:00,730,Chengalpattu,3.25,-0.5700000000000001
2025-11-17 11:00:00,730,Chengalpattu,0.5,-0.5700000000000001
2025-11-17 15:00:00,730,Chengalpattu,0.5,-0.5700000000000001
2025-11-17 22:00:00,730,Chengalpattu,1.0,-0.5700000000000001
2025-11-17 23:00:00,730,Chengalpattu,3.0,-0.5700000000000001
2025-11-18 00:00:00,730,Chengalpattu,1.75,-0.5700000000000001
2025-11-18 05:00:00,730,Chengalpattu,0.5,-0.5700000000000001
2025-11-18 06:00:00,730,Chengalpattu,2.0,-0.5700000000000001
2025-11-18 08:00:00,730,Chengalpattu,0.75,-0.5700000000000001
2025-11-21 12:00:00,730,Chengalpattu,0.5,-0.5775
2025-11-21 21:00:00,730,Chengalpattu,0.75,-0.58
2025-11-23 10:00:00,730,Chengalpattu,1.5,-0.2775
2025-11-23 11:00:00,730,Chengalpattu,0.5,-0.2775
2025-11-24 02:00:00,730,Chengalpattu,1.5,-0.585
2025-11-24 12:00:00,730,Chengalpattu,0.5,-0.555
2025-11-30 01:00:00,730,Chengalpattu,3.0,-0.3633333333333333
2025-11-30 02:00:00,730,Chengalpattu,4.5,-0.3633333333333333
2025-11-30 04:00:00,730,Chengalpattu,1.5,-0.365
2025-11-30 07:00:00,730,Chengalpattu,2.0,-0.365
2025-11-30 08:00:00,730,Chengalpattu,3.0,-0.365
2025-11-30 10:00:00,730,Chengalpattu,1.75,-0.2249999999999999
2025-11-30 11:00:00,730,Chengalpattu,2.5,-0.2249999999999999
2025-11-30 12:00:00,730,Chengalpattu,0.5,-0.2249999999999999
2025-11-30 19:00:00,730,Chengalpattu,2.5,-0.215
2025-12-01 06:00:00,730,Chengalpattu,0.5,-0.4033333333333333
2025-12-01 07:00:00,730,Chengalpattu,0.75,-0.4033333333333333
2025-12-01 08:00:00,730,Chengalpattu,0.5,-0.4033333333333333
2025-12-01 09:00:00,730,Chengalpattu,0.5,-0.4033333333333333
2025-12-01 10:00:00,730,Chengalpattu,1.0,-0.4066666666666667
2025-12-01 11:00:00,730,Chengalpattu,0.5,-0.4066666666666667
2025-12-01 15:00:00,730,Chengalpattu,0.5,-0.4066666666666667
2025-12-01 22:00:00,730,Chengalpattu,0.75,-0.41
2025-12-01 23:00:00,730,Chengalpattu,0.75,-0.41
2025-12-02 00:00:00,730,Chengalpattu,0.5,-0.41
2025-12-02 01:00:00,730,Chengalpattu,0.5,-0.41
2025-12-02 02:00:00,730,Chengalpattu,0.5,-0.41
2025-12-02 04:00:00,730,Chengalpattu,0.5,-0.3933333333333333
2025-12-02 05:00:00,730,Chengalpattu,1.0,-0.3933333333333333
2025-12-02 07:00:00,730,Chengalpattu,0.5,-0.3933333333333333
2025-12-02 13:00:00,730,Chengalpattu,0.5,-0.38
2025-12-02 14:00:00,730,Chengalpattu,0.5,-0.38
2025-12-02 15:00:00,730,Chengalpattu,1.0,-0.38
2025-12-02 16:00:00,730,Chengalpattu,0.5,-0.3766666666666666
2025-12-02 18:00:00,730,Chengalpattu,0.5,-0.3766666666666666
2025-12-02 20:00:00,730,Chengalpattu,0.75,-0.3766666666666666
2025-12-02 21:00:00,730,Chengalpattu,0.75,-0.3766666666666666
2025-12-02 22:00:00,730,Chengalpattu,1.0,-0.3466666666666667
2025-12-02 23:00:00,730,Chengalpattu,1.25,-0.3466666666666667
2025-12-03 00:00:00,730,Chengalpattu,1.25,-0.3466666666666667
2025-12-03 01:00:00,730,Chengalpattu,0.75,-0.3466666666666667
2025-12-03 02:00:00,730,Chengalpattu,9.5,-0.3466666666666667
2025-12-03 03:00:00,730,Chengalpattu,2.0,-0.3466666666666667
2025-12-03 04:00:00,730,Chengalpattu,1.5,-0.13
2025-12-03 05:00:00,730,Chengalpattu,19.75,-0.13
2025-12-03 06:00:00,730,Chengalpattu,13.0,-0.13
2025-12-03 07:00:00,730,Chengalpattu,2.5,-0.13
2025-12-03 08:00:00,730,Chengalpattu,1.0,-0.13
2025-12-03 09:00:00,730,Chengalpattu,1.25,-0.13
2025-12-03 10:00:00,730,Chengalpattu,1.0,-0.0933333333333332
2025-12-03 11:00:00,730,Chengalpattu,0.5,-0.0933333333333332
2025-12-03 15:00:00,730,Chengalpattu,0.5,-0.0933333333333332
2025-12-03 20:00:00,730,Chengalpattu,0.5,-0.13
2025-12-04 14:00:00,730,Chengalpattu,4.0,0.0499999999999999
2025-12-04 15:00:00,730,Chengalpattu,3.5,0.0499999999999999
2025-12-04 16:00:00,730,Chengalpattu,0.5,0.0449999999999999
2025-12-05 04:00:00,730,Chengalpattu,1.75,-0.1566666666666667
2025-12-05 05:00:00,730,Chengalpattu,2.0,-0.1566666666666667
2025-12-16 11:00:00,730,Chengalpattu,1.0,0.22
2025-12-16 14:00:00,730,Chengalpattu,2.5,0.22
2025-12-16 15:00:00,730,Chengalpattu,8.25,0.22
2025-12-16 16:00:00,730,Chengalpattu,7.25,0.37
2025-12-16 17:00:00,730,Chengalpattu,0.5,0.37
2025-12-16 19:00:00,730,Chengalpattu,0.5,0.37
2025-12-31 22:00:00,730,Chengalpattu,0.5,-2.1009333333333333
2025-12-31 23:00:00,730,Chengalpattu,0.5,-2.1009333333333333
2026-01-01 08:00:00,730,Chengalpattu,0.5,-2.5170833333333333
2026-01-11 10:00:00,730,Chengalpattu,0.5,-2.152833333333333
2026-01-11 14:00:00,730,Chengalpattu,0.5,-2.152833333333333
2026-01-11 16:00:00,730,Chengalpattu,0.5,-2.4474615384615386
2026-01-23 22:00:00,730,Chengalpattu,0.5,-2.6417692307692304
2026-01-24 00:00:00,730,Chengalpattu,0.5,-2.6417692307692304
2026-01-24 06:00:00,730,Chengalpattu,0.5,-2.65
2026-01-24 07:00:00,730,Chengalpattu,0.5,-2.65
2026-01-24 11:00:00,730,Chengalpattu,0.5,-2.7255454545454545
2026-01-24 14:00:00,730,Chengalpattu,1.25,-2.7255454545454545
2026-01-24 17:00:00,730,Chengalpattu,1.75,-2.6425454545454548
2026-01-24 20:00:00,730,Chengalpattu,0.5,-2.6425454545454548
2026-01-25 04:00:00,730,Chengalpattu,1.75,-2.1045714285714285
2026-01-25 05:00:00,730,Chengalpattu,2.5,-2.1045714285714285
2026-01-25 06:00:00,730,Chengalpattu,1.25,-2.1045714285714285
2026-01-25 07:00:00,730,Chengalpattu,1.5,-2.1045714285714285
2026-01-25 08:00:00,730,Chengalpattu,1.0,-2.1045714285714285
2026-01-25 09:00:00,730,Chengalpattu,0.75,-2.1045714285714285
2026-01-25 10:00:00,730,Chengalpattu,0.5,-1.9922857142857144
2026-01-25 11:00:00,730,Chengalpattu,2.0,-1.9922857142857144
2026-01-25 13:00:00,730,Chengalpattu,0.5,-1.9922857142857144
2026-01-25 14:00:00,730,Chengalpattu,1.0,-1.9922857142857144
2026-01-25 15:00:00,730,Chengalpattu,1.5,-1.9922857142857144
2026-01-25 16:00:00,730,Chengalpattu,4.0,-1.9152857142857145
2026-01-25 17:00:00,730,Chengalpattu,3.75,-1.9152857142857145
2026-01-25 18:00:00,730,Chengalpattu,1.5,-1.9152857142857145
2026-01-25 19:00:00,730,Chengalpattu,1.5,-1.9152857142857145
2026-01-25 20:00:00,730,Chengalpattu,0.75,-1.9152857142857145
2026-01-25 21:00:00,730,Chengalpattu,0.5,-1.9152857142857145
2026-01-25 22:00:00,730,Chengalpattu,0.5,-2.120625
2026-01-26 01:00:00,730,Chengalpattu,0.5,-2.120625
2026-01-26 02:00:00,730,Chengalpattu,1.25,-2.120625
2026-01-26 05:00:00,730,Chengalpattu,0.5,-2.379153846153846
2026-01-26 19:00:00,730,Chengalpattu,1.0,-2.387153846153846
2026-03-19 03:00:00,730,Chengalpattu,18.0,-3.4118666666666666
2026-03-19 04:00:00,730,Chengalpattu,0.5,-3.079923076923077
2023-10-28 04:00:00,568,Chennai,1.0,-4.09
2023-10-28 21:00:00,568,Chennai,12.0,-4.09
2023-10-28 23:00:00,568,Chennai,0.5,-4.09
2023-10-29 00:00:00,568,Chennai,0.5,-4.09
2023-10-29 05:00:00,568,Chennai,1.0,-4.09
2023-10-29 07:00:00,568,Chennai,0.5,-4.09
2023-10-29 23:00:00,568,Chennai,3.0,-4.09
2023-10-30 00:00:00,568,Chennai,7.5,-4.09
2023-10-30 01:00:00,568,Chennai,4.0,-4.09
2023-10-30 02:00:00,568,Chennai,20.5,-4.09
2023-10-30 03:00:00,568,Chennai,7.5,-4.09
2023-10-30 10:00:00,568,Chennai,4.5,-4.09
2023-10-30 16:00:00,568,Chennai,1.0,-4.09
2023-10-31 09:00:00,568,Chennai,3.5,-4.09
2023-10-31 10:00:00,568,Chennai,0.5,-4.09
2023-11-01 13:00:00,568,Chennai,0.5,-4.09
2023-11-01 14:00:00,568,Chennai,2.5,-4.09
2023-11-01 17:00:00,568,Chennai,1.0,-4.09
2023-11-02 01:00:00,568,Chennai,1.0,-4.09
2023-11-02 10:00:00,568,Chennai,1.0,-4.09
2023-11-02 11:00:00,568,Chennai,1.5,-4.09
2023-11-03 02:00:00,568,Chennai,3.0,-4.09
2023-11-03 03:00:00,568,Chennai,1.0,-4.09
2023-11-03 04:00:00,568,Chennai,4.25,-4.09
2023-11-03 09:00:00,568,Chennai,0.5,-4.09
2023-11-03 10:00:00,568,Chennai,9.25,-4.1
2023-11-03 11:00:00,568,Chennai,6.0,-4.1
2023-11-03 12:00:00,568,Chennai,7.5,-4.1
2023-11-03 13:00:00,568,Chennai,2.0,-4.1
2023-11-03 14:00:00,568,Chennai,0.5,-4.1
2023-11-03 15:00:00,568,Chennai,0.5,-4.1
2023-11-03 16:00:00,568,Chennai,2.0,-4.1
2023-11-04 01:00:00,568,Chennai,4.5,-4.06
2023-11-04 04:00:00,568,Chennai,5.75,-4.05
2023-11-04 07:00:00,568,Chennai,12.75,-4.05
2023-11-04 18:00:00,568,Chennai,4.0,-3.94
2023-11-06 11:00:00,568,Chennai,11.0,-3.92
2023-11-06 12:00:00,568,Chennai,0.5,-3.92
2023-11-07 02:00:00,568,Chennai,10.75,-3.92
2023-11-07 03:00:00,568,Chennai,3.5,-3.92
2023-11-07 06:00:00,568,Chennai,2.25,-3.93
2023-11-07 23:00:00,568,Chennai,3.0,-3.93
2023-11-08 01:00:00,568,Chennai,4.5,-3.93
2023-11-08 03:00:00,568,Chennai,1.5,-3.93
2023-11-09 07:00:00,568,Chennai,0.5,-3.95
2023-11-09 17:00:00,568,Chennai,9.5,-3.93
2023-11-09 18:00:00,568,Chennai,0.5,-3.93
2023-11-09 19:00:00,568,Chennai,0.5,-3.93
2023-11-09 20:00:00,568,Chennai,5.0,-3.93
2023-11-09 21:00:00,568,Chennai,2.5,-3.93
2023-11-10 01:00:00,568,Chennai,0.5,-3.91
2023-11-13 19:00:00,568,Chennai,2.25,-3.96
2023-11-13 21:00:00,568,Chennai,0.5,-3.96
2023-11-13 22:00:00,568,Chennai,3.75,-3.95
2023-11-13 23:00:00,568,Chennai,1.0,-3.95
2023-11-14 00:00:00,568,Chennai,7.75,-3.95
2023-11-14 01:00:00,568,Chennai,2.0,-3.95
2023-11-14 02:00:00,568,Chennai,2.0,-3.95
2023-11-14 03:00:00,568,Chennai,2.25,-3.95
2023-11-14 04:00:00,568,Chennai,0.5,-3.92
2023-11-14 10:00:00,568,Chennai,1.5,-3.93
2023-11-14 11:00:00,568,Chennai,5.25,-3.93
2023-11-14 12:00:00,568,Chennai,2.25,-3.93
2023-11-14 13:00:00,568,Chennai,2.25,-3.93
2023-11-14 14:00:00,568,Chennai,11.25,-3.93
2023-11-14 15:00:00,568,Chennai,0.5,-3.93
2023-11-14 16:00:00,568,Chennai,0.5,-3.79
2023-11-14 17:00:00,568,Chennai,2.0,-3.79
2023-11-14 18:00:00,568,Chennai,6.5,-3.79
2023-11-14 19:00:00,568,Chennai,9.0,-3.79
2023-11-14 20:00:00,568,Chennai,6.25,-3.79
2023-11-14 21:00:00,568,Chennai,2.25,-3.79
2023-11-14 22:00:00,568,Chennai,4.5,-3.62
2023-11-14 23:00:00,568,Chennai,7.0,-3.62
2023-11-15 00:00:00,568,Chennai,2.5,-3.62
2023-11-15 01:00:00,568,Chennai,1.0,-3.62
2023-11-15 02:00:00,568,Chennai,2.0,-3.62
2023-11-15 03:00:00,568,Chennai,2.0,-3.62
2023-11-15 04:00:00,568,Chennai,0.5,-3.57
2023-11-15 08:00:00,568,Chennai,4.0,-3.57
2023-11-15 09:00:00,568,Chennai,0.5,-3.57
2023-11-15 11:00:00,568,Chennai,0.5,-3.59
2023-11-15 12:00:00,568,Chennai,3.25,-3.59
2023-11-15 14:00:00,568,Chennai,2.5,-3.59
2023-11-15 15:00:00,568,Chennai,0.5,-3.59
2023-11-15 16:00:00,568,Chennai,1.0,-3.57
2023-11-15 17:00:00,568,Chennai,0.5,-3.57
2023-11-15 19:00:00,568,Chennai,1.5,-3.57
2023-11-15 20:00:00,568,Chennai,2.5,-3.57
2023-11-15 21:00:00,568,Chennai,0.5,-3.57
2023-11-15 22:00:00,568,Chennai,0.5,-3.51
2023-11-15 23:00:00,568,Chennai,0.5,-3.51
2023-11-17 12:00:00,568,Chennai,3.5,-3.57
2023-11-17 13:00:00,568,Chennai,1.5,-3.57
2023-11-20 12:00:00,568,Chennai,2.25,-3.65
2023-11-20 13:00:00,568,Chennai,2.25,-3.65
2023-11-20 14:00:00,568,Chennai,0.5,-3.65
2023-11-20 15:00:00,568,Chennai,0.75,-3.65
2023-11-20 17:00:00,568,Chennai,1.0,-3.64
2023-11-20 18:00:00,568,Chennai,0.75,-3.64
2023-11-20 19:00:00,568,Chennai,0.75,-3.64
2023-11-20 20:00:00,568,Chennai,4.0,-3.64
2023-11-20 21:00:00,568,Chennai,0.5,-3.64
2023-11-21 01:00:00,568,Chennai,16.75,-3.58
2023-11-21 02:00:00,568,Chennai,2.25,-3.58
2023-11-21 03:00:00,568,Chennai,7.0,-3.58
2023-11-21 04:00:00,568,Chennai,15.75,-3.38
2023-11-21 05:00:00,568,Chennai,1.0,-3.38
2023-11-21 06:00:00,568,Chennai,1.0,-3.38
2023-11-21 10:00:00,568,Chennai,0.5,-3.37
2023-11-21 11:00:00,568,Chennai,0.5,-3.37
2023-11-21 12:00:00,568,Chennai,0.75,-3.37
2023-11-21 13:00:00,568,Chennai,3.0,-3.37
2023-11-21 14:00:00,568,Chennai,2.0,-3.37
2023-11-21 20:00:00,568,Chennai,0.75,-3.33
2023-11-21 21:00:00,568,Chennai,4.25,-3.33
2023-11-21 22:00:00,568,Chennai,2.5,1.0
2023-11-21 23:00:00,568,Chennai,5.25,1.0
2023-11-22 00:00:00,568,Chennai,4.0,1.0
2023-11-22 01:00:00,568,Chennai,1.0,1.0
2023-11-22 02:00:00,568,Chennai,1.0,1.0
2023-11-22 03:00:00,568,Chennai,2.0,1.0
2023-11-22 04:00:00,568,Chennai,2.75,-3.18
2023-11-22 06:00:00,568,Chennai,0.75,-3.18
2023-11-22 07:00:00,568,Chennai,6.0,-3.18
2023-11-22 08:00:00,568,Chennai,0.5,-3.18
2023-11-22 09:00:00,568,Chennai,1.5,-3.18
2023-11-22 10:00:00,568,Chennai,0.75,-3.13
2023-11-22 14:00:00,568,Chennai,0.5,-3.13
2023-11-22 21:00:00,568,Chennai,2.0,-3.13
2023-11-22 22:00:00,568,Chennai,1.5,-3.09
2023-11-23 07:00:00,568,Chennai,2.0,-3.1
2023-11-23 08:00:00,568,Chennai,0.5,-3.1
2023-11-23 09:00:00,568,Chennai,2.5,-3.1
2023-11-23 10:00:00,568,Chennai,1.5,-3.06
2023-11-24 14:00:00,568,Chennai,0.5,-3.12
2023-11-24 15:00:00,568,Chennai,0.5,-3.12
2023-11-24 16:00:00,568,Chennai,0.5,-3.12
2023-11-25 04:00:00,568,Chennai,2.5,-3.12
2023-11-25 05:00:00,568,Chennai,31.0,-3.12
2023-11-25 06:00:00,568,Chennai,27.75,-3.12
2023-11-25 07:00:00,568,Chennai,9.25,-3.12
2023-11-26 17:00:00,568,Chennai,3.5,-3.12
2023-11-26 18:00:00,568,Chennai,1.0,-3.12
2023-11-26 19:00:00,568,Chennai,3.0,-3.12
2023-11-26 20:00:00,568,Chennai,14.5,-3.12
2023-11-26 21:00:00,568,Chennai,0.5,-3.12
2023-11-27 00:00:00,568,Chennai,0.5,-3.12
2023-11-27 01:00:00,568,Chennai,3.0,-3.12
2023-11-27 02:00:00,568,Chennai,0.5,-3.12
2023-11-27 03:00:00,568,Chennai,17.0,-3.12
2023-11-27 11:00:00,568,Chennai,0.5,-3.12
2023-11-27 13:00:00,568,Chennai,0.5,-3.12
2023-11-27 14:00:00,568,Chennai,1.5,-3.12
2023-11-27 19:00:00,568,Chennai,0.5,-3.12
2023-11-27 22:00:00,568,Chennai,15.0,-3.12
2023-11-27 23:00:00,568,Chennai,3.0,-3.12
2023-11-28 02:00:00,568,Chennai,2.5,-3.12
2023-11-29 00:00:00,568,Chennai,8.0,-3.12
2023-11-29 01:00:00,568,Chennai,3.25,-3.12
2023-11-29 03:00:00,568,Chennai,3.25,-3.12
2023-11-29 04:00:00,568,Chennai,6.75,-3.12
2023-11-29 05:00:00,568,Chennai,3.25,-3.12
2023-11-29 08:00:00,568,Chennai,0.5,-3.12
2023-11-29 09:00:00,568,Chennai,0.5,-3.12
2023-11-29 11:00:00,568,Chennai,5.5,-3.12
2023-11-29 12:00:00,568,Chennai,3.25,-3.12
2023-11-29 13:00:00,568,Chennai,1.5,-3.12
2023-11-29 14:00:00,568,Chennai,2.0,-3.12
2023-11-29 15:00:00,568,Chennai,1.5,-3.12
2023-11-29 18:00:00,568,Chennai,3.5,-3.12
2023-11-29 19:00:00,568,Chennai,4.0,-3.12
2023-11-29 20:00:00,568,Chennai,24.0,-3.12
2023-11-29 21:00:00,568,Chennai,4.0,-3.12
2023-11-29 22:00:00,568,Chennai,0.5,-3.12
2023-11-30 02:00:00,568,Chennai,0.5,-3.12
2023-11-30 03:00:00,568,Chennai,2.5,-3.12
2023-11-30 04:00:00,568,Chennai,16.0,-3.12
2023-11-30 05:00:00,568,Chennai,7.0,-3.12
2023-11-30 06:00:00,568,Chennai,0.75,-3.12
2023-11-30 09:00:00,568,Chennai,6.25,-3.12
2023-11-30 10:00:00,568,Chennai,4.25,-3.12
2023-11-30 11:00:00,568,Chennai,0.5,-3.12
2023-11-30 14:00:00,568,Chennai,0.5,-3.12
2023-11-30 15:00:00,568,Chennai,0.5,-3.12
2023-11-30 20:00:00,568,Chennai,5.25,-3.12
2023-11-30 21:00:00,568,Chennai,2.25,-3.12
2023-11-30 22:00:00,568,Chennai,1.75,-3.12
2023-12-01 01:00:00,568,Chennai,2.5,-3.12
2023-12-01 02:00:00,568,Chennai,0.5,-3.12
2024-05-13 11:15:00,568,Chennai,5.5,-5.36
2024-05-13 11:20:00,568,Chennai,5.5,-5.36
2024-05-13 11:25:00,568,Chennai,5.5,-5.36
2024-05-13 11:30:00,568,Chennai,5.5,-5.36
2024-05-13 11:35:00,568,Chennai,5.5,-5.36
2024-05-13 11:40:00,568,Chennai,5.5,-5.36
2024-05-13 11:45:00,568,Chennai,5.5,-5.36
2024-05-13 11:50:00,568,Chennai,5.5,-5.36
2024-05-13 11:55:00,568,Chennai,5.5,-5.36
2024-05-13 12:00:00,568,Chennai,5.5,-5.36
2024-05-16 07:00:00,568,Chennai,0.75,-5.31
2024-05-16 08:00:00,568,Chennai,0.75,-5.31
2024-05-16 11:00:00,568,Chennai,0.5,-5.37
2024-05-16 12:00:00,568,Chennai,1.25,-5.37
2024-05-16 13:00:00,568,Chennai,2.0,-5.37
2024-05-16 14:00:00,568,Chennai,0.75,-5.37
2024-05-16 15:00:00,568,Chennai,0.5,-5.37
2024-05-16 19:00:00,568,Chennai,0.5,-5.38
2024-05-17 11:00:00,568,Chennai,14.0,-5.36
2024-05-17 12:00:00,568,Chennai,1.5,-5.36
2024-05-19 01:00:00,568,Chennai,6.0,-5.32
2024-05-19 02:00:00,568,Chennai,5.0,-5.32
2024-05-20 05:00:00,568,Chennai,0.5,-5.29
2024-05-20 06:00:00,568,Chennai,0.5,-5.29
2024-05-20 07:00:00,568,Chennai,5.5,-5.29
2024-05-20 08:00:00,568,Chennai,0.5,-5.29
2024-05-21 04:00:00,568,Chennai,0.5,-5.3
2024-05-21 05:00:00,568,Chennai,1.5,-5.3
2024-05-21 07:00:00,568,Chennai,0.5,-5.3
2024-05-21 15:00:00,568,Chennai,0.5,-5.34
2024-05-21 16:00:00,568,Chennai,3.5,-5.37
2024-05-21 18:00:00,568,Chennai,0.5,-5.37
2024-05-22 11:00:00,568,Chennai,0.5,-5.35
2024-05-22 12:00:00,568,Chennai,2.0,-5.35
2024-05-22 20:00:00,568,Chennai,0.5,-5.38
2024-06-02 00:00:00,568,Chennai,1.5,-5.37
2024-06-02 01:00:00,568,Chennai,0.5,-5.37
2024-06-04 19:00:00,568,Chennai,5.0,-5.44
2024-06-04 20:00:00,568,Chennai,0.5,-5.44
2024-06-05 16:00:00,568,Chennai,28.0,-5.29
2024-06-05 17:00:00,568,Chennai,5.25,-5.29
2024-06-05 19:00:00,568,Chennai,0.5,-5.29
2024-06-05 22:00:00,568,Chennai,0.5,-5.26
2024-06-06 21:00:00,568,Chennai,8.25,-5.32
2024-06-06 22:00:00,568,Chennai,2.0,-5.25
2024-06-06 23:00:00,568,Chennai,2.5,-5.25
2024-06-07 00:00:00,568,Chennai,0.75,-5.25
2024-06-07 02:00:00,568,Chennai,0.75,-5.25
2024-06-07 03:00:00,568,Chennai,2.5,-5.25
2024-06-07 07:00:00,568,Chennai,0.5,-5.23
2024-06-10 18:00:00,568,Chennai,9.75,-5.29
2024-06-10 19:00:00,568,Chennai,0.5,-5.29
2024-06-10 20:00:00,568,Chennai,0.5,-5.29
2024-06-11 21:00:00,568,Chennai,1.0,-5.32
2024-06-11 22:00:00,568,Chennai,10.25,-5.22
2024-06-12 00:00:00,568,Chennai,0.5,-5.22
2024-06-12 02:00:00,568,Chennai,0.5,-5.22
2024-06-12 03:00:00,568,Chennai,0.5,-5.22
2024-06-12 23:00:00,568,Chennai,3.5,-5.13
2024-06-13 00:00:00,568,Chennai,5.75,-5.13
2024-06-13 02:00:00,568,Chennai,0.5,-5.13
2024-06-13 18:00:00,568,Chennai,1.0,-5.2
2024-06-13 19:00:00,568,Chennai,2.5,-5.2
2024-06-16 23:00:00,568,Chennai,1.5,-5.1
2024-06-17 10:00:00,568,Chennai,0.5,-5.17
2024-06-18 02:00:00,568,Chennai,4.25,-5.12
2024-06-18 03:00:00,568,Chennai,21.0,-5.12
2024-06-18 04:00:00,568,Chennai,2.5,-5.07
2024-06-18 05:00:00,568,Chennai,0.5,-5.07
2024-06-18 22:00:00,568,Chennai,4.5,-4.93
2024-06-18 23:00:00,568,Chennai,39.25,-4.93
2024-06-19 00:00:00,568,Chennai,0.75,-4.93
2024-06-19 01:00:00,568,Chennai,0.75,-4.93
2024-06-19 02:00:00,568,Chennai,0.5,-4.93
2024-06-19 16:00:00,568,Chennai,2.0,-4.93
2024-06-20 22:00:00,568,Chennai,13.75,-4.78
2024-06-21 19:00:00,568,Chennai,0.5,-4.85
2024-06-23 22:00:00,568,Chennai,0.5,-4.79
2024-06-25 21:00:00,568,Chennai,3.5,-4.9
2024-06-25 22:00:00,568,Chennai,0.5,-4.85
2024-07-03 22:00:00,568,Chennai,34.0,-4.76
2024-07-03 23:00:00,568,Chennai,3.0,-4.76
2024-07-04 00:00:00,568,Chennai,1.75,-4.76
2024-07-05 23:00:00,568,Chennai,6.25,-4.62
2024-07-06 00:00:00,568,Chennai,22.75,-4.62
2024-07-06 01:00:00,568,Chennai,3.75,-4.62
2024-07-06 02:00:00,568,Chennai,0.5,-4.62
2024-07-06 03:00:00,568,Chennai,0.5,-4.62
2024-07-07 18:00:00,568,Chennai,6.25,-4.46
2024-07-07 21:00:00,568,Chennai,1.0,-4.46
2024-07-07 22:00:00,568,Chennai,0.5,-4.45
2024-07-07 23:00:00,568,Chennai,0.5,-4.45
2024-07-08 02:00:00,568,Chennai,0.5,-4.45
2024-07-08 03:00:00,568,Chennai,0.5,-4.45
2024-07-09 05:00:00,568,Chennai,0.5,-4.49
2024-07-09 07:00:00,568,Chennai,0.5,-4.49
2024-07-11 01:00:00,568,Chennai,3.5,-4.54
2024-07-11 04:00:00,568,Chennai,0.5,-4.52
2024-07-11 05:00:00,568,Chennai,1.0,-4.52
2024-07-11 06:00:00,568,Chennai,1.25,-4.52
2024-07-11 07:00:00,568,Chennai,0.5,-4.52
2024-07-12 21:00:00,568,Chennai,1.5,-4.62
2024-07-12 22:00:00,568,Chennai,14.5,-4.48
2024-07-12 23:00:00,568,Chennai,2.75,-4.48
2024-07-13 00:00:00,568,Chennai,11.75,-4.48
2024-07-13 01:00:00,568,Chennai,3.75,-4.48
2024-07-13 02:00:00,568,Chennai,3.25,-4.48
2024-07-13 03:00:00,568,Chennai,0.75,-4.48
2024-07-13 05:00:00,568,Chennai,0.5,-4.41
2024-07-13 06:00:00,568,Chennai,1.0,-4.41
2024-07-14 14:00:00,568,Chennai,0.5,-4.39
2024-07-14 23:00:00,568,Chennai,0.5,-4.38
2024-07-15 03:00:00,568,Chennai,0.5,-4.38
2024-07-15 05:00:00,568,Chennai,0.5,-4.38
2024-07-15 13:00:00,568,Chennai,0.5,-4.44
2024-07-15 14:00:00,568,Chennai,0.5,-4.44
2024-07-15 15:00:00,568,Chennai,0.75,-4.44
2024-07-15 16:00:00,568,Chennai,0.5,-4.48
2024-07-18 18:00:00,568,Chennai,10.0,-4.52
2024-07-18 19:00:00,568,Chennai,0.75,-4.52
2024-07-19 13:30:00,568,Chennai,1.0,-4.55
2024-07-19 14:00:00,568,Chennai,1.0,-4.55
2024-07-23 20:00:00,568,Chennai,2.0,-4.64
2024-07-23 21:00:00,568,Chennai,9.0,-4.64
2024-07-30 21:00:00,568,Chennai,11.5,-4.74
2024-07-30 23:00:00,568,Chennai,0.5,-4.7
2024-08-02 22:00:00,568,Chennai,1.0,-4.76
2024-08-02 23:00:00,568,Chennai,0.5,-4.76
2024-08-03 23:00:00,568,Chennai,13.5,-4.75
2024-08-04 00:00:00,568,Chennai,2.0,-4.75
2024-08-04 01:00:00,568,Chennai,0.75,-4.75
2024-08-04 18:00:00,568,Chennai,14.5,-4.75
2024-08-04 19:00:00,568,Chennai,3.5,-4.75
2024-08-04 21:00:00,568,Chennai,0.5,-4.75
2024-08-05 01:00:00,568,Chennai,2.0,-4.73
2024-08-05 02:00:00,568,Chennai,7.0,-4.73
2024-08-05 03:00:00,568,Chennai,5.5,-4.73
2024-08-05 04:00:00,568,Chennai,16.25,-4.59
2024-08-05 05:00:00,568,Chennai,12.5,-4.59
2024-08-05 06:00:00,568,Chennai,10.75,-4.59
2024-08-05 07:00:00,568,Chennai,3.25,-4.59
2024-08-05 08:00:00,568,Chennai,1.5,-4.59
2024-08-06 20:00:00,568,Chennai,14.5,-4.5
2024-08-06 21:00:00,568,Chennai,9.75,-4.5
2024-08-06 22:00:00,568,Chennai,1.5,-4.42
2024-08-07 03:00:00,568,Chennai,2.0,-4.42
2024-08-07 04:00:00,568,Chennai,1.5,-4.41
2024-08-08 04:00:00,568,Chennai,0.5,-4.43
2024-08-08 15:00:00,568,Chennai,1.5,-4.49
2024-08-08 16:00:00,568,Chennai,0.5,-4.54
2024-08-09 14:00:00,568,Chennai,1.0,-4.47
2024-08-12 06:00:00,568,Chennai,7.0,-4.49
2024-08-12 09:00:00,568,Chennai,0.5,-4.49
2024-08-15 03:00:00,568,Chennai,1.0,-4.56
2024-08-15 07:00:00,568,Chennai,0.5,-4.55
2024-08-28 05:00:00,568,Chennai,0.5,-4.73
2024-08-28 06:00:00,568,Chennai,0.5,-4.73
2024-08-28 08:00:00,568,Chennai,0.5,-4.73
2024-08-30 21:00:00,568,Chennai,16.5,-4.86
2024-08-30 22:00:00,568,Chennai,3.0,-4.75
2024-08-30 23:00:00,568,Chennai,0.75,-4.75
2024-08-31 00:00:00,568,Chennai,0.5,-4.75
2024-08-31 03:00:00,568,Chennai,0.5,-4.75
2024-09-01 14:00:00,568,Chennai,1.5,-4.73
2024-09-03 01:00:00,568,Chennai,9.5,-4.78
2024-09-03 02:00:00,568,Chennai,17.5,-4.78
2024-09-03 07:00:00,568,Chennai,0.5,-4.67
2024-09-03 08:00:00,568,Chennai,0.5,-4.67
2024-09-03 21:00:00,568,Chennai,1.5,-4.74
2024-09-03 22:00:00,568,Chennai,2.0,-4.64
2024-09-03 23:00:00,568,Chennai,1.25,-4.64
2024-09-04 00:00:00,568,Chennai,1.0,-4.64
2024-09-06 00:00:00,568,Chennai,0.5,-4.65
2024-09-06 02:00:00,568,Chennai,1.0,-4.65
2024-09-06 03:00:00,568,Chennai,0.5,-4.65
2024-09-06 04:00:00,568,Chennai,2.0,-4.63
2024-09-06 06:00:00,568,Chennai,1.0,-4.63
2024-09-06 07:00:00,568,Chennai,0.75,-4.63
2024-09-07 03:00:00,568,Chennai,6.75,-4.66
2024-09-07 04:00:00,568,Chennai,0.5,-4.61
2024-09-21 00:00:00,568,Chennai,8.5,-4.84
2024-09-21 01:00:00,568,Chennai,5.75,-4.84
2024-09-21 02:00:00,568,Chennai,1.5,-4.84
2024-09-21 03:00:00,568,Chennai,3.0,-4.84
2024-09-21 04:00:00,568,Chennai,3.75,-4.81
2024-09-21 05:00:00,568,Chennai,2.25,-4.81
2024-09-21 06:00:00,568,Chennai,2.25,-4.81
2024-09-21 07:00:00,568,Chennai,1.25,-4.81
2024-09-24 01:00:00,568,Chennai,13.0,-4.83
2024-09-24 02:00:00,568,Chennai,11.75,-4.83
2024-09-24 03:00:00,568,Chennai,1.5,-4.83
2024-09-24 04:00:00,568,Chennai,0.75,-4.73
2024-09-24 17:00:00,568,Chennai,2.75,-4.8
2024-09-24 18:00:00,568,Chennai,0.5,-4.8
2024-09-24 19:00:00,568,Chennai,0.5,-4.8
2024-09-25 18:00:00,568,Chennai,7.0,-4.8
2024-09-25 19:00:00,568,Chennai,0.5,-4.8
2024-10-03 16:00:00,568,Chennai,4.5,-4.58
2024-10-03 17:00:00,568,Chennai,0.5,-4.58
2024-10-07 21:35:00,568,Chennai,0.5,-4.58
2024-10-07 21:40:00,568,Chennai,0.5,-4.58
2024-10-07 21:45:00,568,Chennai,0.5,-4.58
2024-10-07 21:50:00,568,Chennai,0.5,-4.58
2024-10-07 21:55:00,568,Chennai,0.5,-4.58
2024-10-07 22:00:00,568,Chennai,0.5,-4.58
2024-10-08 01:45:00,568,Chennai,0.5,-4.58
2024-10-08 01:50:00,568,Chennai,1.0,-4.58
2024-10-08 01:55:00,568,Chennai,1.0,-4.58
2024-10-08 02:00:00,568,Chennai,1.0,-4.58
2024-10-08 02:30:00,568,Chennai,0.5,-4.58
2024-10-08 02:35:00,568,Chennai,1.5,-4.58
2024-10-08 02:40:00,568,Chennai,3.5,-4.58
2024-10-08 02:45:00,568,Chennai,4.5,-4.58
2024-10-08 02:50:00,568,Chennai,5.5,-4.58
2024-10-08 03:00:00,568,Chennai,1.0,-4.58
2024-10-08 06:00:00,568,Chennai,25.5,-4.56
2024-10-09 01:25:00,568,Chennai,0.5,-4.6
2024-10-09 01:30:00,568,Chennai,0.5,-4.6
2024-10-09 01:35:00,568,Chennai,0.5,-4.6
2024-10-09 01:40:00,568,Chennai,0.5,-4.6
2024-10-09 01:45:00,568,Chennai,0.5,-4.6
2024-10-09 01:50:00,568,Chennai,0.5,-4.6
2024-10-09 01:55:00,568,Chennai,0.5,-4.6
2024-10-09 02:00:00,568,Chennai,0.5,-4.6
2024-10-09 03:20:00,568,Chennai,0.5,-4.58
2024-10-09 03:25:00,568,Chennai,0.5,-4.58
2024-10-09 03:30:00,568,Chennai,0.5,-4.58
2024-10-09 03:35:00,568,Chennai,0.5,-4.58
2024-10-09 03:40:00,568,Chennai,0.5,-4.58
2024-10-09 03:45:00,568,Chennai,0.5,-4.58
2024-10-09 03:50:00,568,Chennai,0.5,-4.58
2024-10-09 03:55:00,568,Chennai,0.5,-4.58
2024-10-09 04:00:00,568,Chennai,0.5,-4.58
2024-10-09 05:15:00,568,Chennai,0.5,-4.58
2024-10-09 05:20:00,568,Chennai,1.5,-4.58
2024-10-09 05:25:00,568,Chennai,2.0,-4.58
2024-10-09 05:30:00,568,Chennai,2.0,-4.58
2024-10-09 05:35:00,568,Chennai,2.0,-4.58
2024-10-09 05:40:00,568,Chennai,2.0,-4.58
2024-10-09 05:45:00,568,Chennai,2.0,-4.58
2024-10-09 05:50:00,568,Chennai,2.0,-4.58
2024-10-09 05:55:00,568,Chennai,2.0,-4.58
2024-10-09 06:00:00,568,Chennai,2.0,-4.58
2024-10-09 06:25:00,568,Chennai,0.5,-4.58
2024-10-09 06:30:00,568,Chennai,0.5,-4.58
2024-10-09 06:35:00,568,Chennai,0.5,-4.58
2024-10-09 06:40:00,568,Chennai,0.5,-4.58
2024-10-09 06:45:00,568,Chennai,0.5,-4.58
2024-10-09 06:50:00,568,Chennai,0.5,-4.58
2024-10-09 06:55:00,568,Chennai,0.5,-4.58
2024-10-09 07:00:00,568,Chennai,0.5,-4.58
2024-10-09 09:45:00,568,Chennai,1.0,-4.61
2024-10-09 09:50:00,568,Chennai,3.5,-4.61
2024-10-09 09:55:00,568,Chennai,4.5,-4.61
2024-10-09 10:00:00,568,Chennai,4.75,-4.61
2024-10-10 03:00:00,568,Chennai,0.5,-4.6
2024-10-10 04:00:00,568,Chennai,12.0,-4.58
2024-10-10 05:00:00,568,Chennai,4.0,-4.58
2024-10-10 06:00:00,568,Chennai,4.5,-4.58
2024-10-10 07:00:00,568,Chennai,0.5,-4.58
2024-10-10 10:00:00,568,Chennai,0.5,-4.63
2024-10-10 11:00:00,568,Chennai,0.5,-4.63
2024-10-11 03:20:00,568,Chennai,0.5,-4.58
2024-10-11 03:25:00,568,Chennai,0.5,-4.58
2024-10-11 03:30:00,568,Chennai,0.5,-4.58
2024-10-11 03:35:00,568,Chennai,0.5,-4.58
2024-10-11 03:40:00,568,Chennai,0.5,-4.58
2024-10-11 03:45:00,568,Chennai,0.5,-4.58
2024-10-11 03:50:00,568,Chennai,0.5,-4.58
2024-10-11 03:55:00,568,Chennai,0.5,-4.58
2024-10-11 04:00:00,568,Chennai,0.5,-4.58
2024-10-11 08:00:00,568,Chennai,0.5,-4.58
2024-10-11 09:00:00,568,Chennai,0.5,-4.58
2024-10-12 02:00:00,568,Chennai,5.5,-4.58
2024-10-12 05:30:00,568,Chennai,0.5,-4.58
2024-10-12 05:35:00,568,Chennai,4.5,-4.58
2024-10-12 05:40:00,568,Chennai,10.0,-4.58
2024-10-12 05:45:00,568,Chennai,13.5,-4.58
2024-10-12 05:50:00,568,Chennai,14.5,-4.58
2024-10-12 06:00:00,568,Chennai,12.75,-4.58
2024-10-12 06:05:00,568,Chennai,1.0,-4.58
2024-10-12 06:15:00,568,Chennai,3.0,-4.58
2024-10-12 06:20:00,568,Chennai,3.0,-4.58
2024-10-12 06:25:00,568,Chennai,3.0,-4.58
2024-10-12 06:30:00,568,Chennai,3.0,-4.58
2024-10-12 06:35:00,568,Chennai,3.0,-4.58
2024-10-12 06:40:00,568,Chennai,3.0,-4.58
2024-10-12 06:45:00,568,Chennai,3.0,-4.58
2024-10-12 06:50:00,568,Chennai,3.0,-4.58
2024-10-12 06:55:00,568,Chennai,3.0,-4.58
2024-10-12 07:00:00,568,Chennai,3.0,-4.58
2024-10-12 08:00:00,568,Chennai,1.0,-4.58
2024-10-13 06:00:00,568,Chennai,1.5,-4.55
2024-10-13 14:30:00,568,Chennai,2.5,-4.56
2024-10-14 01:30:00,568,Chennai,0.5,-4.55
2024-10-14 02:00:00,568,Chennai,4.25,-4.55
2024-10-14 02:30:00,568,Chennai,11.0,-4.55
2024-10-14 03:00:00,568,Chennai,24.5,-4.55
2024-10-14 03:30:00,568,Chennai,6.0,-4.44
2024-10-14 04:00:00,568,Chennai,6.5,-4.44
2024-10-14 04:30:00,568,Chennai,3.0,-4.44
2024-10-14 05:00:00,568,Chennai,5.25,-4.44
2024-10-14 05:30:00,568,Chennai,1.0,-4.44
2024-10-14 06:00:00,568,Chennai,0.75,-4.44
2024-10-14 10:55:00,568,Chennai,0.5,-4.49
2024-10-14 11:05:00,568,Chennai,0.5,-4.49
2024-10-14 11:10:00,568,Chennai,0.5,-4.49
2024-10-14 11:30:00,568,Chennai,0.5,-4.49
2024-10-14 12:00:00,568,Chennai,0.5,-4.49
2024-10-14 12:15:00,568,Chennai,0.5,-4.49
2024-10-14 12:30:00,568,Chennai,0.5,-4.49
2024-10-14 13:00:00,568,Chennai,0.5,-4.49
2024-10-14 18:30:00,568,Chennai,0.5,-4.51
2024-10-14 19:00:00,568,Chennai,0.75,-4.51
2024-10-14 21:00:00,568,Chennai,3.25,-4.51
2024-10-14 21:30:00,568,Chennai,0.5,-4.37
2024-10-14 22:00:00,568,Chennai,0.5,-4.37
2024-10-14 22:30:00,568,Chennai,0.75,-4.37
2024-10-14 23:00:00,568,Chennai,10.75,-4.37
2024-10-14 23:30:00,568,Chennai,31.25,-4.37
2024-10-15 00:00:00,568,Chennai,33.25,-4.37
2024-10-15 00:30:00,568,Chennai,0.75,-4.37
2024-10-15 01:00:00,568,Chennai,1.0,-4.37
2024-10-15 03:00:00,568,Chennai,1.0,-4.37
2024-10-15 03:30:00,568,Chennai,1.0,-4.21
2024-10-15 04:00:00,568,Chennai,1.0,-4.21
2024-10-15 07:00:00,568,Chennai,3.5,-4.21
2024-10-15 07:30:00,568,Chennai,8.0,-4.21
2024-10-15 08:00:00,568,Chennai,8.5,-4.21
2024-10-15 09:00:00,568,Chennai,3.5,-4.21
2024-10-15 09:30:00,568,Chennai,13.5,-3.97
2024-10-15 10:00:00,568,Chennai,24.75,-3.97
2024-10-15 10:30:00,568,Chennai,26.75,-3.97
2024-10-15 11:00:00,568,Chennai,56.25,-3.97
2024-10-15 11:30:00,568,Chennai,3.0,-3.97
2024-10-15 12:00:00,568,Chennai,9.75,-3.97
2024-10-15 12:30:00,568,Chennai,1.5,-3.97
2024-10-15 13:00:00,568,Chennai,3.0,-3.97
2024-10-15 13:30:00,568,Chennai,10.25,-3.97
2024-10-15 14:00:00,568,Chennai,14.0,-3.97
2024-10-15 14:30:00,568,Chennai,2.0,-3.97
2024-10-15 15:00:00,568,Chennai,3.0,-3.97
2024-10-15 15:30:00,568,Chennai,2.5,-3.76
2024-10-15 16:00:00,568,Chennai,3.25,-3.76
2024-10-15 16:30:00,568,Chennai,1.0,-3.76
2024-10-15 17:00:00,568,Chennai,1.75,-3.76
2024-10-15 17:30:00,568,Chennai,1.0,-3.76
2024-10-15 18:00:00,568,Chennai,2.0,-3.76
2024-10-15 18:30:00,568,Chennai,2.25,-3.76
2024-10-15 19:00:00,568,Chennai,5.5,-3.76
2024-10-15 19:30:00,568,Chennai,4.5,-3.76
2024-10-15 20:00:00,568,Chennai,8.75,-3.76
2024-10-15 20:30:00,568,Chennai,1.5,-3.76
2024-10-15 21:00:00,568,Chennai,1.5,-3.76
2024-10-15 21:30:00,568,Chennai,0.5,-3.64
2024-10-15 22:00:00,568,Chennai,0.5,-3.64
2024-10-15 23:00:00,568,Chennai,1.5,-3.64
2024-10-15 23:30:00,568,Chennai,0.5,-3.64
2024-10-16 00:00:00,568,Chennai,1.5,-3.64
2024-10-16 00:30:00,568,Chennai,0.5,-3.64
2024-10-16 01:00:00,568,Chennai,0.5,-3.64
2024-10-16 01:30:00,568,Chennai,0.5,-3.64
2024-10-16 02:00:00,568,Chennai,1.0,-3.64
2024-10-16 02:30:00,568,Chennai,0.5,-3.64
2024-10-16 03:00:00,568,Chennai,0.75,-3.64
2024-10-16 03:30:00,568,Chennai,0.5,-3.61
2024-10-16 04:00:00,568,Chennai,1.0,-3.61
2024-10-16 04:30:00,568,Chennai,0.5,-3.61
2024-10-16 05:00:00,568,Chennai,0.75,-3.61
2024-10-16 05:30:00,568,Chennai,0.5,-3.61
2024-10-16 06:00:00,568,Chennai,0.5,-3.61
2024-10-16 06:30:00,568,Chennai,1.5,-3.61
2024-10-16 07:00:00,568,Chennai,2.0,-3.61
2024-10-16 07:30:00,568,Chennai,0.5,-3.61
2024-10-16 08:00:00,568,Chennai,0.75,-3.61
2024-10-18 03:00:00,568,Chennai,3.0,-3.63
2024-10-18 07:00:00,568,Chennai,11.0,-3.63
2024-10-18 08:00:00,568,Chennai,8.5,-3.63
2024-10-19 04:00:00,568,Chennai,28.0,-3.55
2024-10-19 05:00:00,568,Chennai,0.5,-3.55
2024-10-20 04:00:00,568,Chennai,11.5,-3.51
2024-10-20 05:00:00,568,Chennai,22.0,-3.51
2024-10-20 06:00:00,568,Chennai,1.5,-3.51
2024-10-20 11:00:00,568,Chennai,1.0,-3.5
2024-10-21 06:00:00,568,Chennai,0.75,-3.51
2024-10-21 10:00:00,568,Chennai,0.5,-3.55
2024-10-29 18:00:00,568,Chennai,3.5,-3.89
2024-10-30 13:00:00,568,Chennai,1.5,-3.88
2024-10-30 14:00:00,568,Chennai,3.25,-3.88
2024-10-30 15:00:00,568,Chennai,0.5,-3.88
2024-11-02 04:00:00,568,Chennai,1.5,-3.87
2024-11-02 08:00:00,568,Chennai,1.0,-3.87
2024-11-02 09:00:00,568,Chennai,0.5,-3.87
2024-11-03 05:00:00,568,Chennai,6.0,-3.81
2024-11-03 06:00:00,568,Chennai,7.0,-3.81
2024-11-03 07:00:00,568,Chennai,0.5,-3.81
2024-11-04 05:00:00,568,Chennai,0.5,-3.82
2024-11-04 06:00:00,568,Chennai,3.75,-3.82
2024-11-04 07:00:00,568,Chennai,0.5,-3.82
2024-11-06 15:00:00,568,Chennai,1.0,-3.93
2024-11-06 21:00:00,568,Chennai,2.0,-3.95
2024-11-06 22:00:00,568,Chennai,6.25,-3.89
2024-11-07 00:00:00,568,Chennai,0.5,-3.89
2024-11-07 01:00:00,568,Chennai,1.5,-3.89
2024-11-07 03:00:00,568,Chennai,2.5,-3.89
2024-11-07 07:00:00,568,Chennai,1.0,-3.88
2024-11-07 08:00:00,568,Chennai,3.0,-3.88
2024-11-07 09:00:00,568,Chennai,1.0,-3.88
2024-11-07 10:00:00,568,Chennai,1.0,-3.88
2024-11-07 11:00:00,568,Chennai,0.75,-3.88
2024-11-07 12:00:00,568,Chennai,3.25,-3.88
2024-11-07 13:00:00,568,Chennai,0.75,-3.88
2024-11-07 14:00:00,568,Chennai,2.0,-3.88
2024-11-07 19:00:00,568,Chennai,0.5,-3.86
2024-11-11 23:00:00,568,Chennai,4.75,-3.88
2024-11-12 00:00:00,568,Chennai,0.5,-3.88
2024-11-12 02:00:00,568,Chennai,2.0,-3.88
2024-11-12 03:00:00,568,Chennai,1.0,-3.88
2024-11-12 04:00:00,568,Chennai,4.5,-3.88
2024-11-12 05:00:00,568,Chennai,12.25,-3.88
2024-11-12 06:00:00,568,Chennai,7.0,-3.88
2024-11-12 07:00:00,568,Chennai,5.5,-3.88
2024-11-12 08:00:00,568,Chennai,2.25,-3.88
2024-11-12 09:00:00,568,Chennai,3.75,-3.88
2024-11-12 10:00:00,568,Chennai,2.0,-3.75
2024-11-12 11:00:00,568,Chennai,2.0,-3.75
2024-11-12 12:00:00,568,Chennai,0.5,-3.75
2024-11-12 18:00:00,568,Chennai,1.5,-3.75
2024-11-13 00:00:00,568,Chennai,0.5,-3.72
2024-11-13 01:00:00,568,Chennai,1.25,-3.72
2024-11-13 02:00:00,568,Chennai,1.0,-3.72
2024-11-13 03:00:00,568,Chennai,1.5,-3.72
2024-11-13 04:00:00,568,Chennai,0.75,-3.69
2024-11-13 05:00:00,568,Chennai,0.75,-3.69
2024-11-13 06:00:00,568,Chennai,0.5,-3.69
2024-11-13 11:00:00,568,Chennai,0.5,-3.72
2024-11-13 18:00:00,568,Chennai,0.5,-3.73
2024-11-14 01:00:00,568,Chennai,0.5,-3.7
2024-11-14 02:00:00,568,Chennai,2.75,-3.7
2024-11-14 03:00:00,568,Chennai,3.25,-3.7
2024-11-14 17:00:00,568,Chennai,2.0,-3.65
2024-11-14 18:00:00,568,Chennai,2.0,-3.65
2024-11-14 23:00:00,568,Chennai,2.75,-3.65
2024-11-15 00:00:00,568,Chennai,5.25,-3.65
2024-11-15 02:00:00,568,Chennai,1.0,-3.65
2024-11-15 03:00:00,568,Chennai,1.0,-3.65
2024-11-15 04:00:00,568,Chennai,2.5,-3.65
2024-11-15 06:00:00,568,Chennai,2.0,-3.65
2024-11-15 07:00:00,568,Chennai,1.5,-3.65
2024-11-15 08:00:00,568,Chennai,0.5,-3.65
2024-11-16 01:00:00,568,Chennai,9.0,-3.64
2024-11-16 08:00:00,568,Chennai,1.0,-3.65
2024-11-16 13:00:00,568,Chennai,0.5,-3.67
2024-11-16 17:00:00,568,Chennai,0.5,-3.66
2024-11-16 18:00:00,568,Chennai,4.0,-3.66
2024-11-16 19:00:00,568,Chennai,0.5,-3.66
2024-11-25 23:00:00,568,Chennai,8.5,-3.83
2024-11-26 05:00:00,568,Chennai,1.0,-3.83
2024-11-26 10:00:00,568,Chennai,1.5,-3.78
2024-11-26 11:00:00,568,Chennai,30.75,-3.78
2024-11-26 12:00:00,568,Chennai,11.75,-3.78
2024-11-26 13:00:00,568,Chennai,3.25,-3.78
2024-11-26 14:00:00,568,Chennai,1.5,-3.78
2024-11-26 15:00:00,568,Chennai,0.5,-3.78
2024-11-26 21:00:00,568,Chennai,1.5,-3.72
2024-11-26 22:00:00,568,Chennai,3.25,-3.67
2024-11-29 00:00:00,568,Chennai,3.25,-3.69
2024-11-29 01:00:00,568,Chennai,7.25,-3.69
2024-11-29 02:00:00,568,Chennai,12.0,-3.69
2024-11-29 03:00:00,568,Chennai,15.25,-3.69
2024-11-29 04:00:00,568,Chennai,7.0,-3.51
2024-11-29 05:00:00,568,Chennai,5.5,-3.51
2024-11-29 06:00:00,568,Chennai,1.5,-3.51
2024-11-29 09:00:00,568,Chennai,1.0,-3.51
2024-11-29 13:00:00,568,Chennai,1.5,-3.52
2024-11-29 14:00:00,568,Chennai,1.0,-3.52
2024-11-29 15:00:00,568,Chennai,0.5,-3.52
2024-11-29 20:00:00,568,Chennai,4.0,-3.53
2024-11-29 21:00:00,568,Chennai,2.0,-3.53
2024-11-29 22:00:00,568,Chennai,0.5,-3.46
2024-11-30 01:00:00,568,Chennai,3.25,-3.46
2024-11-30 02:00:00,568,Chennai,1.0,-3.46
2024-11-30 03:00:00,568,Chennai,1.5,-3.46
2024-11-30 04:00:00,568,Chennai,1.75,-3.39
2024-11-30 05:00:00,568,Chennai,4.25,-3.39
2024-11-30 06:00:00,568,Chennai,12.0,-3.39
2024-11-30 07:00:00,568,Chennai,12.75,-3.39
2024-11-30 08:00:00,568,Chennai,12.75,-3.39
2024-11-30 09:00:00,568,Chennai,26.0,-3.39
2024-11-30 10:00:00,568,Chennai,22.5,-3.08
2024-11-30 11:00:00,568,Chennai,4.0,-3.08
2024-11-30 12:00:00,568,Chennai,3.25,-3.08
2024-11-30 13:00:00,568,Chennai,15.5,-3.08
2024-11-30 14:00:00,568,Chennai,6.75,-3.08
2024-11-30 15:00:00,568,Chennai,2.5,-3.08
2024-11-30 17:00:00,568,Chennai,1.0,-2.98
2024-12-01 00:00:00,568,Chennai,0.5,-2.98
2024-12-01 13:00:00,568,Chennai,0.5,-2.98
2024-12-01 14:00:00,568,Chennai,1.5,-2.98
2024-12-01 19:00:00,568,Chennai,1.0,-3.07
2024-12-01 22:00:00,568,Chennai,0.5,-3.07
2024-12-01 23:00:00,568,Chennai,0.5,-3.07
2024-12-02 00:00:00,568,Chennai,0.5,-3.07
2024-12-02 02:00:00,568,Chennai,0.5,-3.07
2024-12-04 20:00:00,568,Chennai,0.75,-3.25
2024-12-04 21:00:00,568,Chennai,2.0,-3.25
2024-12-05 05:00:00,568,Chennai,0.5,-3.24
2024-12-11 10:00:00,568,Chennai,8.5,-3.49
2024-12-11 12:00:00,568,Chennai,0.5,-3.49
2024-12-11 14:00:00,568,Chennai,0.5,-3.49
2024-12-11 15:00:00,568,Chennai,1.25,-3.49
2024-12-11 16:00:00,568,Chennai,0.75,-3.53
2024-12-11 18:00:00,568,Chennai,0.5,-3.53
2024-12-11 20:00:00,568,Chennai,0.5,-3.53
2024-12-11 22:00:00,568,Chennai,1.25,-3.48
2024-12-11 23:00:00,568,Chennai,0.75,-3.48
2024-12-12 00:00:00,568,Chennai,0.5,-3.48
2024-12-12 02:00:00,568,Chennai,10.0,-3.48
2024-12-12 03:00:00,568,Chennai,3.5,-3.48
2024-12-12 04:00:00,568,Chennai,0.5,-3.39
2024-12-12 05:00:00,568,Chennai,0.5,-3.39
2024-12-12 06:00:00,568,Chennai,11.75,-3.39
2024-12-12 07:00:00,568,Chennai,2.0,-3.39
2024-12-12 08:00:00,568,Chennai,2.5,-3.39
2024-12-12 09:00:00,568,Chennai,2.25,-3.39
2024-12-12 10:00:00,568,Chennai,2.5,-3.31
2024-12-12 11:00:00,568,Chennai,4.5,-3.31
2024-12-12 12:00:00,568,Chennai,29.0,-3.31
2024-12-12 13:00:00,568,Chennai,5.5,-3.31
2024-12-12 17:00:00,568,Chennai,3.0,-3.25
2024-12-12 18:00:00,568,Chennai,0.5,-3.25
2024-12-12 19:00:00,568,Chennai,1.5,-3.25
2024-12-18 11:00:00,568,Chennai,0.75,-3.44
2024-12-18 12:00:00,568,Chennai,0.5,-3.44
2024-12-18 13:00:00,568,Chennai,2.0,-3.44
2024-12-18 14:00:00,568,Chennai,5.5,-3.44
2024-12-18 14:05:00,568,Chennai,1.0,-3.44
2024-12-18 15:00:00,568,Chennai,6.0,-3.44
2024-12-18 16:00:00,568,Chennai,13.0,-3.35
2024-12-18 17:00:00,568,Chennai,3.75,-3.35
2024-12-18 18:00:00,568,Chennai,0.5,-3.35
2024-12-18 21:00:00,568,Chennai,0.5,-3.35
2024-12-18 22:00:00,568,Chennai,0.5,-3.32
2024-12-19 01:00:00,568,Chennai,0.5,-3.32
2024-12-19 02:00:00,568,Chennai,0.5,-3.32
2024-12-19 03:00:00,568,Chennai,0.5,-3.32
2024-12-19 08:00:00,568,Chennai,1.25,-3.31
2024-12-19 09:00:00,568,Chennai,2.75,-3.31
2024-12-20 06:00:00,568,Chennai,0.5,-3.32
2024-12-20 07:00:00,568,Chennai,3.0,-3.32
2024-12-24 09:00:00,568,Chennai,0.5,-3.45
2024-12-24 10:00:00,568,Chennai,0.5,-3.49
2024-12-25 17:00:00,568,Chennai,0.75,-3.51
2024-12-25 18:00:00,568,Chennai,0.5,-3.51
2024-12-26 02:00:00,568,Chennai,1.0,-3.51
2024-12-26 03:00:00,568,Chennai,2.25,-3.51
2024-12-26 04:00:00,568,Chennai,4.0,-3.49
2024-12-26 05:00:00,568,Chennai,3.25,-3.49
2024-12-26 06:00:00,568,Chennai,0.5,-3.49
2024-12-26 08:00:00,568,Chennai,1.0,-3.49
2024-12-26 23:00:00,568,Chennai,0.75,-3.51
2024-12-27 00:00:00,568,Chennai,0.5,-3.51
2024-12-27 01:00:00,568,Chennai,1.0,-3.51
2024-12-27 02:00:00,568,Chennai,10.5,-3.51
2024-12-27 03:00:00,568,Chennai,13.75,-3.51
2024-12-27 04:00:00,568,Chennai,3.5,-3.41
2024-12-27 06:00:00,568,Chennai,3.0,-3.41
2024-12-29 21:00:00,568,Chennai,0.5,-3.5
2024-12-30 00:00:00,568,Chennai,1.0,-3.5
2024-12-30 01:00:00,568,Chennai,0.5,-3.5
2025-01-05 10:00:00,568,Chennai,0.5,-3.71
2025-01-10 17:00:00,568,Chennai,0.5,-3.87
2025-01-12 23:00:00,568,Chennai,1.5,-3.89
2025-01-13 01:00:00,568,Chennai,3.75,-3.89
2025-01-13 02:00:00,568,Chennai,1.0,-3.89
2025-01-13 10:00:00,568,Chennai,1.5,-3.89
2025-01-18 22:00:00,568,Chennai,0.75,-3.99
2025-01-19 00:00:00,568,Chennai,0.5,-3.99
2025-01-19 02:00:00,568,Chennai,1.5,-3.99
2025-01-19 03:00:00,568,Chennai,0.5,-3.99
2025-01-19 04:00:00,568,Chennai,2.5,-3.92
2025-01-19 05:00:00,568,Chennai,7.0,-3.92
2025-01-19 06:00:00,568,Chennai,4.0,-3.92
2025-01-19 07:00:00,568,Chennai,0.5,-3.92
2025-01-19 10:00:00,568,Chennai,0.5,-3.88
2025-03-11 09:00:00,568,Chennai,1.0,-4.76
2025-03-11 13:00:00,568,Chennai,12.5,-4.81
2025-03-11 14:00:00,568,Chennai,1.5,-4.81
2025-03-11 15:00:00,568,Chennai,1.0,-4.81
2025-03-11 16:00:00,568,Chennai,0.5,-4.72
2025-03-11 21:00:00,568,Chennai,6.25,-4.72
2025-04-16 12:00:00,568,Chennai,51.0,-5.04
2025-04-16 13:00:00,568,Chennai,5.0,-5.04
2025-04-16 14:00:00,568,Chennai,0.5,-5.04
2025-04-17 12:45:00,568,Chennai,3.0,-5.0
2025-04-17 12:50:00,568,Chennai,3.0,-5.0
2025-04-17 12:55:00,568,Chennai,3.0,-5.0
2025-04-17 13:00:00,568,Chennai,3.0,-5.0
2025-05-04 17:00:00,568,Chennai,5.5,-5.11
2025-05-04 20:00:00,568,Chennai,0.5,-5.11
2025-05-04 21:00:00,568,Chennai,1.0,-5.11
2025-05-07 00:00:00,568,Chennai,0.5,-5.15
2025-05-07 01:00:00,568,Chennai,1.0,-5.15
2025-05-12 18:00:00,568,Chennai,2.5,-5.22
2025-05-19 02:00:00,568,Chennai,3.5,-5.11
2025-05-19 03:00:00,568,Chennai,0.5,-5.11
2025-05-19 06:00:00,568,Chennai,0.5,-5.1
2025-05-19 07:00:00,568,Chennai,0.5,-5.1
2025-05-19 08:00:00,568,Chennai,2.5,-5.1
2025-05-19 09:00:00,568,Chennai,4.25,-5.1
2025-05-19 10:00:00,568,Chennai,1.0,-5.13
2025-05-20 06:00:00,568,Chennai,0.5,-5.13
2025-05-20 08:00:00,568,Chennai,0.5,-5.13
2025-05-20 19:00:00,568,Chennai,0.5,-5.23
2025-05-21 01:00:00,568,Chennai,0.5,-5.2
2025-06-03 19:25:00,568,Chennai,0.5,-5.25
2025-06-03 19:30:00,568,Chennai,0.5,-5.25
2025-06-03 19:35:00,568,Chennai,1.0,-5.25
2025-06-03 19:40:00,568,Chennai,1.5,-5.25
2025-06-03 19:45:00,568,Chennai,5.5,-5.25
2025-06-03 19:50:00,568,Chennai,6.5,-5.25
2025-06-03 19:55:00,568,Chennai,6.5,-5.25
2025-06-03 20:00:00,568,Chennai,6.5,-5.25
2025-08-10 18:00:00,568,Chennai,0.5,-4.91
2025-08-10 19:00:00,568,Chennai,1.5,-4.91
2025-08-11 03:00:00,568,Chennai,0.5,-4.9
2025-08-11 14:00:00,568,Chennai,1.5,-4.96
2025-08-11 19:00:00,568,Chennai,7.0,-5.01
2025-08-11 20:00:00,568,Chennai,0.5,-5.01
2025-08-12 07:00:00,568,Chennai,0.5,-4.91
2025-08-12 08:00:00,568,Chennai,0.5,-4.91
2025-08-16 16:00:00,568,Chennai,2.0,-4.94
2025-08-16 17:00:00,568,Chennai,2.5,-4.94
2025-08-16 21:00:00,568,Chennai,3.0,-4.94
2025-08-17 19:00:00,568,Chennai,1.0,-4.93
2025-08-17 20:00:00,568,Chennai,0.5,-4.93
2025-08-17 21:00:00,568,Chennai,2.0,-4.93
2025-08-17 22:00:00,568,Chennai,1.0,-4.92
2025-08-17 23:00:00,568,Chennai,0.5,-4.92
2025-08-22 05:00:00,568,Chennai,2.5,-4.98
2025-08-22 06:00:00,568,Chennai,40.75,-4.98
2025-08-22 07:00:00,568,Chennai,5.5,-4.98
2025-08-22 20:00:00,568,Chennai,0.5,-5.06
2025-08-22 21:00:00,568,Chennai,0.5,-5.06
2025-08-23 03:00:00,568,Chennai,15.0,-5.0
2025-08-23 04:00:00,568,Chennai,40.5,-4.84
2025-08-23 05:00:00,568,Chennai,5.5,-4.84
2025-08-23 06:00:00,568,Chennai,3.75,-4.84
2025-08-23 07:00:00,568,Chennai,4.25,-4.84
2025-08-23 08:00:00,568,Chennai,1.5,-4.84
2025-09-01 00:00:00,568,Chennai,4.5,-4.66
2025-09-01 01:00:00,568,Chennai,1.0,-4.66
2025-09-01 02:00:00,568,Chennai,0.75,-4.66
2025-09-02 22:00:00,568,Chennai,0.5,-4.58
2025-09-02 23:00:00,568,Chennai,1.5,-4.58
2025-09-04 00:00:00,568,Chennai,1.0,-4.62
2025-09-05 00:00:00,568,Chennai,0.5,-4.66
2025-09-05 02:00:00,568,Chennai,3.0,-4.66
2025-09-05 03:00:00,568,Chennai,5.5,-4.66
2025-09-05 04:00:00,568,Chennai,0.5,-4.6
2025-09-05 07:00:00,568,Chennai,0.5,-4.6
2025-09-07 03:00:00,568,Chennai,10.0,-4.64
2025-09-09 15:00:00,568,Chennai,0.5,-4.66
2025-09-10 16:00:00,568,Chennai,1.0,-4.66
2025-09-10 17:00:00,568,Chennai,5.25,-4.66
2025-09-13 11:00:00,568,Chennai,0.5,-4.68
2025-09-14 07:00:00,568,Chennai,0.5,-4.63
2025-09-16 03:00:00,568,Chennai,2.5,-4.67
2025-09-16 04:00:00,568,Chennai,52.0,-4.53
2025-09-16 05:00:00,568,Chennai,3.0,-4.53
2025-09-16 06:00:00,568,Chennai,1.0,-4.53
2025-09-16 09:00:00,568,Chennai,0.5,-4.53
2025-09-17 04:00:00,568,Chennai,28.0,-4.36
2025-09-17 05:00:00,568,Chennai,3.25,-4.36
2025-09-18 19:00:00,568,Chennai,1.25,-4.39
2025-09-18 20:00:00,568,Chennai,10.25,-4.39
2025-09-18 21:00:00,568,Chennai,2.0,-4.39
2025-09-18 22:00:00,568,Chennai,0.5,-4.39
2025-09-20 02:00:00,568,Chennai,18.0,-4.39
2025-09-20 03:00:00,568,Chennai,4.0,-4.39
2025-09-20 04:00:00,568,Chennai,2.0,-4.25
2025-09-20 05:00:00,568,Chennai,0.5,-4.25
2025-09-20 06:00:00,568,Chennai,0.5,-4.25
2025-09-20 07:00:00,568,Chennai,1.0,-4.25
2025-09-20 08:00:00,568,Chennai,0.75,-4.25
2025-09-20 09:00:00,568,Chennai,0.5,-4.25
2025-09-21 23:00:00,568,Chennai,2.0,-4.23
2025-09-22 02:00:00,568,Chennai,0.5,-4.23
2025-09-22 23:00:00,568,Chennai,1.0,-4.3
2025-09-24 01:00:00,568,Chennai,2.5,-4.3
2025-09-24 10:00:00,568,Chennai,0.5,-4.32
2025-09-26 19:00:00,568,Chennai,1.75,-4.41
2025-09-26 21:00:00,568,Chennai,1.0,-4.41
2025-09-27 06:00:00,568,Chennai,0.5,-4.37
2025-09-30 03:00:00,568,Chennai,4.5,-4.44
2025-09-30 04:00:00,568,Chennai,1.25,-4.4
2025-09-30 05:00:00,568,Chennai,0.5,-4.4
2025-09-30 06:00:00,568,Chennai,0.5,-4.4
2025-09-30 07:00:00,568,Chennai,0.5,-4.4
2025-10-02 03:00:00,568,Chennai,0.5,-4.4
2025-10-03 00:00:00,568,Chennai,1.75,-4.42
2025-10-03 02:00:00,568,Chennai,14.75,-4.42
2025-10-03 03:00:00,568,Chennai,2.5,-4.42
2025-10-03 04:00:00,568,Chennai,1.5,-4.39
2025-10-03 06:00:00,568,Chennai,0.5,-4.39
2025-10-03 07:00:00,568,Chennai,0.5,-4.39
2025-10-04 03:00:00,568,Chennai,0.5,-4.42
2025-10-05 15:00:00,568,Chennai,4.0,-4.39
2025-11-17 04:00:00,568,Chennai,1.0,-3.39
2025-11-17 07:00:00,568,Chennai,0.5,-3.39
2025-11-17 08:00:00,568,Chennai,0.5,-3.39
2025-11-17 12:00:00,568,Chennai,1.0,-3.39
2025-11-17 14:00:00,568,Chennai,0.5,-3.39
2025-11-17 15:00:00,568,Chennai,1.75,-3.39
2025-11-17 16:00:00,568,Chennai,0.75,-3.39
2025-11-17 19:00:00,568,Chennai,0.5,-3.39
2025-11-17 21:00:00,568,Chennai,0.5,-3.39
2025-11-17 22:00:00,568,Chennai,0.5,-3.39
2025-11-18 00:00:00,568,Chennai,0.75,-3.39
2025-11-18 07:00:00,568,Chennai,0.5,-3.39
2025-11-18 13:00:00,568,Chennai,0.5,-3.39
2025-11-18 14:00:00,568,Chennai,1.0,-3.39
2025-11-18 16:00:00,568,Chennai,1.75,-3.39
2025-11-18 17:00:00,568,Chennai,3.5,-3.39
2025-11-18 19:00:00,568,Chennai,1.0,-3.39
2025-11-18 20:00:00,568,Chennai,2.75,-3.39
2025-11-19 01:00:00,568,Chennai,0.5,-3.39
2025-11-21 03:00:00,568,Chennai,0.75,-3.39
2025-11-21 04:00:00,568,Chennai,0.5,-3.39
2025-11-21 06:00:00,568,Chennai,3.5,-3.39
2025-11-21 16:00:00,568,Chennai,0.75,-3.37
2025-11-21 17:00:00,568,Chennai,1.0,-3.37
2025-11-21 18:00:00,568,Chennai,0.5,-3.37
2025-11-21 20:00:00,568,Chennai,0.5,-3.37
2025-11-21 22:00:00,568,Chennai,0.75,-3.38
2025-11-21 23:00:00,568,Chennai,0.5,-3.38
2025-11-22 00:00:00,568,Chennai,1.0,-3.38
2025-11-22 03:00:00,568,Chennai,0.5,-3.38
2025-11-23 03:00:00,568,Chennai,1.0,-3.36
2025-11-23 04:00:00,568,Chennai,0.5,-3.34
2025-11-30 00:00:00,568,Chennai,2.75,-3.83
2025-11-30 01:00:00,568,Chennai,1.0,-3.83
2025-11-30 04:00:00,568,Chennai,1.5,-3.83
2025-11-30 06:00:00,568,Chennai,0.5,-3.83
2025-11-30 08:00:00,568,Chennai,0.5,-3.83
2025-11-30 09:00:00,568,Chennai,1.0,-3.83
2025-11-30 10:00:00,568,Chennai,0.5,-3.83
2025-11-30 11:00:00,568,Chennai,0.5,-3.83
2025-11-30 19:00:00,568,Chennai,1.0,-3.83
2025-11-30 20:00:00,568,Chennai,0.5,-3.83
2025-11-30 21:00:00,568,Chennai,1.5,-3.83
2025-11-30 23:00:00,568,Chennai,0.5,-3.83
2025-12-01 00:00:00,568,Chennai,0.5,-3.83
2025-12-01 01:00:00,568,Chennai,0.5,-3.83
2025-12-01 02:00:00,568,Chennai,1.5,-3.83
2025-12-01 03:00:00,568,Chennai,0.75,-3.83
2025-12-01 04:00:00,568,Chennai,0.5,-3.82
2025-12-01 05:00:00,568,Chennai,0.75,-3.82
2025-12-01 06:00:00,568,Chennai,0.5,-3.82
2025-12-01 07:00:00,568,Chennai,0.5,-3.82
2025-12-01 08:00:00,568,Chennai,1.5,-3.82
2025-12-01 09:00:00,568,Chennai,13.75,-3.82
2025-12-01 10:00:00,568,Chennai,7.25,-3.79
2025-12-01 11:00:00,568,Chennai,10.5,-3.79
2025-12-01 12:00:00,568,Chennai,14.25,-3.79
2025-12-01 13:00:00,568,Chennai,5.0,-3.79
2025-12-01 14:00:00,568,Chennai,8.0,-3.79
2025-12-01 15:00:00,568,Chennai,12.5,-3.79
2025-12-01 16:00:00,568,Chennai,11.0,-3.65
2025-12-01 17:00:00,568,Chennai,0.5,-3.65
2025-12-01 19:00:00,568,Chennai,1.25,-3.65
2025-12-01 20:00:00,568,Chennai,18.75,-3.65
2025-12-01 21:00:00,568,Chennai,1.25,-3.65
2025-12-01 22:00:00,568,Chennai,0.5,-3.48
2025-12-01 23:00:00,568,Chennai,1.5,-3.48
2025-12-02 00:00:00,568,Chennai,3.25,-3.48
2025-12-02 01:00:00,568,Chennai,2.25,-3.48
2025-12-02 02:00:00,568,Chennai,7.25,-3.48
2025-12-02 03:00:00,568,Chennai,16.5,-3.48
2025-12-02 04:00:00,568,Chennai,10.25,-3.3
2025-12-02 05:00:00,568,Chennai,0.5,-3.3
2025-12-02 06:00:00,568,Chennai,0.5,-3.3
2025-12-02 07:00:00,568,Chennai,0.5,-3.3
2025-12-02 08:00:00,568,Chennai,1.0,-3.3
2025-12-02 09:00:00,568,Chennai,0.5,-3.3
2025-12-02 10:00:00,568,Chennai,5.0,-3.27
2025-12-02 11:00:00,568,Chennai,3.75,-3.27
2025-12-02 12:00:00,568,Chennai,3.25,-3.27
2025-12-02 14:00:00,568,Chennai,0.5,-3.27
2025-12-02 15:00:00,568,Chennai,1.25,-3.27
2025-12-02 16:00:00,568,Chennai,1.0,-3.29
2025-12-02 18:00:00,568,Chennai,0.5,-3.29
2025-12-02 19:00:00,568,Chennai,1.5,-3.29
2025-12-02 20:00:00,568,Chennai,1.5,-3.29
2025-12-02 21:00:00,568,Chennai,1.0,-3.29
2025-12-02 23:00:00,568,Chennai,0.5,-3.23
2025-12-03 00:00:00,568,Chennai,0.5,-3.23
2025-12-03 01:00:00,568,Chennai,0.5,-3.23
2025-12-03 02:00:00,568,Chennai,1.25,-3.23
2025-12-03 03:00:00,568,Chennai,1.25,-3.23
2025-12-03 04:00:00,568,Chennai,7.25,-3.16
2025-12-03 05:00:00,568,Chennai,1.0,-3.16
2025-12-03 06:00:00,568,Chennai,1.0,-3.16
2025-12-03 07:00:00,568,Chennai,0.75,-3.16
2025-12-03 08:00:00,568,Chennai,1.5,-3.16
2025-12-03 09:00:00,568,Chennai,0.75,-3.16
2025-12-03 10:00:00,568,Chennai,4.0,-3.19
2025-12-03 11:00:00,568,Chennai,0.5,-3.19
2025-12-03 13:00:00,568,Chennai,1.0,-3.19
2025-12-03 15:00:00,568,Chennai,0.5,-3.19
2025-12-03 16:00:00,568,Chennai,0.5,-3.13
2025-12-03 17:00:00,568,Chennai,0.5,-3.13
2025-12-03 18:00:00,568,Chennai,4.0,-3.13
2025-12-03 19:00:00,568,Chennai,0.75,-3.13
2025-12-03 20:00:00,568,Chennai,1.5,-3.13
2025-12-03 21:00:00,568,Chennai,1.25,-3.13
2025-12-03 22:00:00,568,Chennai,0.5,-3.1
2025-12-03 23:00:00,568,Chennai,0.5,-3.1
2025-12-04 00:00:00,568,Chennai,0.5,-3.1
2025-12-04 01:00:00,568,Chennai,0.5,-3.1
2025-12-04 07:00:00,568,Chennai,0.5,-3.12
2025-12-04 08:00:00,568,Chennai,0.5,-3.12
2025-12-04 10:00:00,568,Chennai,0.5,-3.14
2025-12-04 12:00:00,568,Chennai,4.5,-3.14
2025-12-04 13:00:00,568,Chennai,6.5,-3.14
2025-12-04 14:00:00,568,Chennai,0.5,-3.14
2025-12-04 18:00:00,568,Chennai,0.5,-3.15
2025-12-04 23:00:00,568,Chennai,0.5,-3.08
2025-12-05 01:00:00,568,Chennai,1.0,-3.08
2025-12-05 02:00:00,568,Chennai,0.5,-3.08
2025-12-05 03:00:00,568,Chennai,1.5,-3.08
2025-12-05 04:00:00,568,Chennai,1.5,-3.08
2025-12-05 05:00:00,568,Chennai,1.25,-3.08
2025-12-05 06:00:00,568,Chennai,1.5,-3.08
2025-12-05 07:00:00,568,Chennai,1.5,-3.08
2025-12-05 08:00:00,568,Chennai,1.5,-3.08
2025-12-05 09:00:00,568,Chennai,1.0,-3.08
2025-12-05 10:00:00,568,Chennai,1.0,-3.11
2025-12-05 11:00:00,568,Chennai,1.0,-3.11
2025-12-05 12:00:00,568,Chennai,1.5,-3.11
2025-12-05 13:00:00,568,Chennai,2.5,-3.11
2025-12-05 14:00:00,568,Chennai,10.5,-3.11
2025-12-05 15:00:00,568,Chennai,10.0,-3.11
2025-12-05 16:00:00,568,Chennai,7.0,-3.13
2025-12-05 17:00:00,568,Chennai,2.5,-3.13
2025-12-16 11:00:00,568,Chennai,3.5,-3.34
2025-12-16 12:00:00,568,Chennai,0.5,-3.34
2025-12-16 13:00:00,568,Chennai,1.0,-3.34
2025-12-16 14:00:00,568,Chennai,7.0,-3.34
2025-12-16 18:00:00,568,Chennai,0.5,-3.32
2026-01-01 00:00:00,568,Chennai,0.5,-3.6645
2026-01-01 01:00:00,568,Chennai,0.5,-3.6645
2026-01-01 02:00:00,568,Chennai,2.0,-3.6645
2026-01-01 03:00:00,568,Chennai,1.5,-3.6645
2026-01-01 06:00:00,568,Chennai,0.5,-3.50575
2026-01-01 07:00:00,568,Chennai,4.0,-3.50575
2026-01-01 08:00:00,568,Chennai,2.5,-3.50575
2026-01-01 09:00:00,568,Chennai,0.5,-3.50575
2026-01-23 19:00:00,568,Chennai,4.5,-4.0675
2026-01-23 20:00:00,568,Chennai,1.0,-4.0675
2026-01-24 02:00:00,568,Chennai,0.5,-3.985
2026-01-24 06:00:00,568,Chennai,1.5,-3.88575
2026-01-24 07:00:00,568,Chennai,1.0,-3.88575
2026-01-24 16:00:00,568,Chennai,9.5,-4.030749999999999
2026-01-24 17:00:00,568,Chennai,0.5,-4.030749999999999
2026-01-25 04:00:00,568,Chennai,0.5,-3.852
2026-01-25 05:00:00,568,Chennai,1.0,-3.852
2026-01-25 06:00:00,568,Chennai,5.5,-3.852
2026-01-25 07:00:00,568,Chennai,3.5,-3.852
2026-01-25 09:00:00,568,Chennai,0.5,-3.852
2026-01-25 10:00:00,568,Chennai,0.5,-4.04275
2026-01-25 19:00:00,568,Chennai,5.5,-4.0825
2026-01-25 20:00:00,568,Chennai,14.5,-4.0825
2026-01-25 21:00:00,568,Chennai,7.0,-4.0825
2026-01-26 00:00:00,568,Chennai,0.5,-3.8615
2026-01-26 04:00:00,568,Chennai,0.5,-3.766
2026-01-26 06:00:00,568,Chennai,0.5,-3.766
2026-03-18 23:30:00,568,Chennai,0.5,-3.8465
2026-03-19 00:00:00,568,Chennai,0.5,-3.8465
2026-03-19 02:30:00,568,Chennai,5.0,-3.8465
2026-03-19 03:00:00,568,Chennai,29.0,-3.8465
2026-03-19 03:30:00,568,Chennai,2.0,-3.70275
2026-03-19 04:00:00,568,Chennai,2.5,-3.70275
2021-12-31 21:00:00,569,Coimbatore,0.5,-8.254000000000001
2022-01-01 18:00:00,569,Coimbatore,0.5,-8.2535
2022-01-01 19:00:00,569,Coimbatore,1.5,-8.2535
2022-01-01 20:00:00,569,Coimbatore,4.0,-8.2535
2022-01-01 21:00:00,569,Coimbatore,5.5,-8.2535
2022-01-01 23:00:00,569,Coimbatore,1.0,-8.261
2022-01-02 04:00:00,569,Coimbatore,1.0,-8.2335
2022-01-02 06:00:00,569,Coimbatore,0.5,-8.2335
2022-03-08 03:00:00,569,Coimbatore,0.5,-9.562
2022-03-18 18:00:00,569,Coimbatore,2.5,-9.8545
2022-03-19 20:00:00,569,Coimbatore,0.5,-9.893
2022-03-23 15:00:00,569,Coimbatore,2.0,-10.002
2022-03-23 16:00:00,569,Coimbatore,3.5,-10.0005
2022-03-23 17:00:00,569,Coimbatore,2.75,-10.0005
2022-03-24 15:00:00,569,Coimbatore,1.0,-9.992
2022-03-24 16:00:00,569,Coimbatore,0.5,-9.9665
2022-03-25 15:00:00,569,Coimbatore,1.0,-9.9535
2022-03-25 16:00:00,569,Coimbatore,0.5,-9.9205
2022-03-26 16:00:00,569,Coimbatore,2.5,-9.9095
2022-03-26 17:00:00,569,Coimbatore,10.5,-9.9095
2022-03-26 18:00:00,569,Coimbatore,23.5,-9.9095
2022-03-26 19:00:00,569,Coimbatore,2.6666666666666665,-9.9095
2022-03-26 20:00:00,569,Coimbatore,0.5,-9.9095
2022-03-31 16:00:00,569,Coimbatore,9.5,-10.068
2022-03-31 17:00:00,569,Coimbatore,2.0,-10.068
2022-04-01 20:00:00,569,Coimbatore,1.5,-10.0805
2022-04-02 19:00:00,569,Coimbatore,11.5,-10.144
2022-04-03 15:00:00,569,Coimbatore,3.0,-10.163
2022-04-03 16:00:00,569,Coimbatore,8.0,-10.16
2022-04-06 15:00:00,569,Coimbatore,4.0,-10.1935
2022-04-06 17:00:00,569,Coimbatore,0.5,-10.1935
2022-04-06 19:00:00,569,Coimbatore,2.0,-10.1935
2022-04-06 20:00:00,569,Coimbatore,1.5,-10.1935
2022-04-08 17:00:00,569,Coimbatore,2.0,-10.241499999999998
2022-04-08 18:00:00,569,Coimbatore,10.0,-10.241499999999998
2022-04-08 21:00:00,569,Coimbatore,0.5,-10.241499999999998
2022-04-08 22:00:00,569,Coimbatore,1.0,-10.247
2022-04-09 00:00:00,569,Coimbatore,2.0,-10.247
2022-04-09 18:00:00,569,Coimbatore,1.5,-10.287
2022-04-09 21:00:00,569,Coimbatore,9.0,-10.287
2022-04-09 22:00:00,569,Coimbatore,0.75,-10.3025
2022-04-11 15:00:00,569,Coimbatore,15.0,-10.3155
2022-04-11 16:00:00,569,Coimbatore,6.5,-10.3005
2022-04-11 17:00:00,569,Coimbatore,1.0,-10.3005
2022-04-11 18:00:00,569,Coimbatore,2.0,-10.3005
2022-04-11 19:00:00,569,Coimbatore,0.6666666666666666,-10.3005
2022-04-11 20:00:00,569,Coimbatore,0.5,-10.3005
2022-04-11 21:00:00,569,Coimbatore,0.5,-10.3005
2022-04-11 22:00:00,569,Coimbatore,0.5,-10.3175
2022-04-11 23:00:00,569,Coimbatore,0.5,-10.3175
2022-04-12 14:00:00,569,Coimbatore,2.0,-10.3165
2022-04-12 15:00:00,569,Coimbatore,6.0,-10.3165
2022-04-12 17:00:00,569,Coimbatore,0.5,-10.311
2022-04-12 21:00:00,569,Coimbatore,0.6666666666666666,-10.311
2022-04-12 22:00:00,569,Coimbatore,1.8333333333333333,-10.315
2022-04-12 23:00:00,569,Coimbatore,2.0,-10.315
2022-04-13 00:00:00,569,Coimbatore,0.5,-10.315
2022-04-13 01:00:00,569,Coimbatore,0.5,-10.315
2022-04-13 03:00:00,569,Coimbatore,0.5,-10.315
2022-04-13 08:00:00,569,Coimbatore,0.5,-10.31
2022-04-13 13:00:00,569,Coimbatore,1.3333333333333333,-10.357
2022-04-13 14:00:00,569,Coimbatore,1.0,-10.357
2022-04-13 16:00:00,569,Coimbatore,0.5,-10.3195
2022-04-13 18:00:00,569,Coimbatore,2.5,-10.3195
2022-04-13 19:00:00,569,Coimbatore,0.5,-10.3195
2022-04-13 20:00:00,569,Coimbatore,0.5,-10.3195
2022-04-13 22:00:00,569,Coimbatore,0.5,-10.323
2022-04-14 08:00:00,569,Coimbatore,1.0,-10.309
2022-04-14 19:00:00,569,Coimbatore,1.0,-10.311
2022-04-14 20:00:00,569,Coimbatore,0.5,-10.311
2022-04-14 21:00:00,569,Coimbatore,2.5,-10.311
2022-04-14 22:00:00,569,Coimbatore,9.75,-10.3055
2022-04-14 23:00:00,569,Coimbatore,0.5,-10.3055
2022-04-15 06:00:00,569,Coimbatore,0.5,-10.2805
2022-04-15 16:00:00,569,Coimbatore,1.0,-10.290500000000002
2022-04-15 17:00:00,569,Coimbatore,3.5,-10.290500000000002
2022-04-15 19:00:00,569,Coimbatore,0.5,-10.290500000000002
2022-04-15 21:00:00,569,Coimbatore,3.5,-10.290500000000002
2022-04-15 22:00:00,569,Coimbatore,1.25,-10.2815
2022-04-15 23:00:00,569,Coimbatore,1.0,-10.2815
2022-04-16 18:00:00,569,Coimbatore,5.0,-10.2675
2022-04-18 01:00:00,569,Coimbatore,3.5,-10.3145
2022-04-18 02:00:00,569,Coimbatore,5.0,-10.3145
2022-04-18 03:00:00,569,Coimbatore,0.5,-10.3145
2022-04-18 07:00:00,569,Coimbatore,0.5,-10.2795
2022-04-18 17:00:00,569,Coimbatore,0.5,-10.2945
2022-04-18 18:00:00,569,Coimbatore,1.0,-10.2945
2022-04-22 11:00:00,569,Coimbatore,4.5,-10.3175
2022-04-22 15:00:00,569,Coimbatore,6.5,-10.3175
2022-04-22 16:00:00,569,Coimbatore,8.5,-10.321
2022-04-22 17:00:00,569,Coimbatore,4.0,-10.321
2022-04-22 21:00:00,569,Coimbatore,1.5,-10.321
2022-04-23 15:00:00,569,Coimbatore,15.0,-10.3285
2022-04-23 16:00:00,569,Coimbatore,1.75,-10.307
2022-04-23 17:00:00,569,Coimbatore,7.25,-10.307
2022-04-23 18:00:00,569,Coimbatore,2.125,-10.307
2022-04-23 19:00:00,569,Coimbatore,0.5,-10.307
2022-04-23 20:00:00,569,Coimbatore,1.75,-10.307
2022-04-23 21:00:00,569,Coimbatore,0.5,-10.307
2022-04-23 23:00:00,569,Coimbatore,0.5,-10.3165
2022-04-28 15:00:00,569,Coimbatore,4.0,-10.235
2022-04-28 16:00:00,569,Coimbatore,3.0,-9.007
2022-04-29 21:00:00,569,Coimbatore,5.5,-10.259
2022-04-29 22:00:00,569,Coimbatore,20.5,-10.276
2022-04-30 06:00:00,569,Coimbatore,0.5,-9.057
2022-05-01 22:00:00,569,Coimbatore,10.5,-10.309
2022-05-01 23:00:00,569,Coimbatore,7.25,-10.309
2022-05-02 00:00:00,569,Coimbatore,1.0,-10.309
2022-05-02 01:00:00,569,Coimbatore,1.0,-10.309
2022-06-04 10:00:00,569,Coimbatore,0.5,-9.8255
2022-06-07 15:00:00,569,Coimbatore,0.5,-9.9765
2022-06-12 05:00:00,569,Coimbatore,0.5,-10.114
2022-06-12 15:00:00,569,Coimbatore,0.5,-10.145
2022-06-13 01:00:00,569,Coimbatore,0.5,-10.172
2022-06-14 10:00:00,569,Coimbatore,0.5,-10.2315
2022-06-14 18:00:00,569,Coimbatore,0.5,-10.239
2022-06-15 02:00:00,569,Coimbatore,0.5,-10.2435
2022-06-15 06:00:00,569,Coimbatore,0.5,-10.2465
2022-06-15 10:00:00,569,Coimbatore,0.5,-10.2805
2022-06-15 14:00:00,569,Coimbatore,3.25,-10.2805
2022-06-16 00:00:00,569,Coimbatore,0.5,-10.2555
2022-06-16 04:00:00,569,Coimbatore,4.5,-10.244
2022-06-16 06:00:00,569,Coimbatore,5.0,-10.244
2022-06-17 19:00:00,569,Coimbatore,0.5,-10.238
2022-06-18 16:00:00,569,Coimbatore,0.5,-10.242
2022-06-19 16:00:00,569,Coimbatore,0.5,-10.276
2022-06-20 19:00:00,569,Coimbatore,2.0,-10.311
2022-06-20 20:00:00,569,Coimbatore,1.5,-10.311
2022-06-20 21:00:00,569,Coimbatore,1.0,-10.311
2022-06-20 22:00:00,569,Coimbatore,1.5,-10.3165
2022-06-20 23:00:00,569,Coimbatore,118.5,-10.3165
2022-06-21 02:00:00,569,Coimbatore,1.0,-10.3165
2022-06-21 03:00:00,569,Coimbatore,1.5,-10.3165
2022-06-21 04:00:00,569,Coimbatore,0.75,-10.326
2022-06-21 05:00:00,569,Coimbatore,9.0,-10.326
2022-06-21 06:00:00,569,Coimbatore,0.6666666666666666,-10.326
2022-06-21 07:00:00,569,Coimbatore,0.5,-10.326
2022-06-21 18:00:00,569,Coimbatore,1.0,-10.343
2022-06-21 19:00:00,569,Coimbatore,4.5,-10.343
2022-06-21 20:00:00,569,Coimbatore,8.0,-10.343
2022-06-21 23:00:00,569,Coimbatore,0.5,-10.3465
2022-06-22 02:00:00,569,Coimbatore,0.5,-10.3465
2022-06-22 04:00:00,569,Coimbatore,2.5,-10.3425
2022-06-22 05:00:00,569,Coimbatore,2.5,-10.3425
2022-06-22 06:00:00,569,Coimbatore,2.0,-10.3425
2022-06-22 07:00:00,569,Coimbatore,1.5,-10.3425
2022-06-24 17:00:00,569,Coimbatore,0.5,-10.435
2022-06-25 00:00:00,569,Coimbatore,1.0,-10.433
2022-06-25 01:00:00,569,Coimbatore,6.5,-10.433
2022-06-25 02:00:00,569,Coimbatore,0.5,-10.433
2022-06-25 04:00:00,569,Coimbatore,0.5,-10.4265
2022-06-25 05:00:00,569,Coimbatore,0.5,-10.4265
2022-06-25 06:00:00,569,Coimbatore,4.5,-10.4265
2022-06-25 07:00:00,569,Coimbatore,1.0,-10.4265
2022-06-25 08:00:00,569,Coimbatore,0.8333333333333334,-10.4265
2022-06-25 09:00:00,569,Coimbatore,1.25,-10.4265
2022-06-25 10:00:00,569,Coimbatore,0.5,-10.446
2022-06-25 11:00:00,569,Coimbatore,7.0,-10.446
2022-06-25 12:00:00,569,Coimbatore,1.5,-10.446
2022-06-25 13:00:00,569,Coimbatore,2.0,-10.446
2022-06-25 14:00:00,569,Coimbatore,1.5,-10.446
2022-06-25 15:00:00,569,Coimbatore,1.0,-10.446
2022-06-25 16:00:00,569,Coimbatore,0.5,-10.449000000000002
2022-06-25 17:00:00,569,Coimbatore,0.5,-10.449000000000002
2022-06-25 21:00:00,569,Coimbatore,0.5,-10.449000000000002
2022-06-25 22:00:00,569,Coimbatore,9.5,-10.4465
2022-06-26 00:00:00,569,Coimbatore,3.0,-10.4465
2022-06-26 01:00:00,569,Coimbatore,0.5,-10.4465
2022-06-26 02:00:00,569,Coimbatore,1.0,-10.4465
2022-06-26 03:00:00,569,Coimbatore,0.5,-10.4465
2022-06-26 05:00:00,569,Coimbatore,1.5,-10.436
2022-06-27 03:00:00,569,Coimbatore,0.5,-10.498
2022-06-27 11:00:00,569,Coimbatore,0.5,-10.5175
2022-06-28 14:00:00,569,Coimbatore,2.5,-10.533
2022-06-28 18:00:00,569,Coimbatore,2.0,-10.5355
2022-06-28 19:00:00,569,Coimbatore,0.5,-10.5355
2022-06-28 20:00:00,569,Coimbatore,2.5,-10.5355
2022-06-28 21:00:00,569,Coimbatore,1.0,-10.5355
2022-06-28 22:00:00,569,Coimbatore,0.5,-10.5335
2022-06-28 23:00:00,569,Coimbatore,1.75,-10.5335
2022-06-29 01:00:00,569,Coimbatore,0.5,-10.5335
2022-06-29 11:00:00,569,Coimbatore,0.5,-10.5535
2022-06-29 12:00:00,569,Coimbatore,2.0,-10.5535
2022-06-29 13:00:00,569,Coimbatore,0.5,-10.5535
2022-06-29 14:00:00,569,Coimbatore,2.0,-10.5535
2022-06-29 15:00:00,569,Coimbatore,1.5,-10.5535
2022-06-29 17:00:00,569,Coimbatore,2.0,-10.531
2022-06-29 20:00:00,569,Coimbatore,1.5,-10.531
2022-06-30 01:00:00,569,Coimbatore,0.5,-10.562
2022-06-30 05:00:00,569,Coimbatore,0.5,-10.5535
2022-06-30 06:00:00,569,Coimbatore,1.0,-10.5535
2022-06-30 08:00:00,569,Coimbatore,2.0,-10.5535
2022-06-30 11:00:00,569,Coimbatore,0.5,-10.601
2022-06-30 12:00:00,569,Coimbatore,3.0,-10.601
2022-06-30 13:00:00,569,Coimbatore,14.166666666666666,-10.601
2022-06-30 14:00:00,569,Coimbatore,7.5,-10.601
2022-06-30 15:00:00,569,Coimbatore,7.625,-10.601
2022-06-30 16:00:00,569,Coimbatore,4.75,-10.583
2022-06-30 17:00:00,569,Coimbatore,3.0,-10.583
2022-06-30 18:00:00,569,Coimbatore,1.5,-10.583
2022-07-01 10:00:00,569,Coimbatore,0.5,-10.5865
2022-07-01 11:00:00,569,Coimbatore,0.5,-10.5865
2022-07-01 13:00:00,569,Coimbatore,0.75,-10.5865
2022-07-01 14:00:00,569,Coimbatore,3.0,-10.5865
2022-07-01 15:00:00,569,Coimbatore,1.0,-10.5865
2022-07-01 16:00:00,569,Coimbatore,3.25,-10.5655
2022-07-01 17:00:00,569,Coimbatore,1.5,-10.5655
2022-07-01 18:00:00,569,Coimbatore,0.5,-10.5655
2022-07-02 10:00:00,569,Coimbatore,0.5,-10.5525
2022-07-02 14:00:00,569,Coimbatore,1.0,-10.5525
2022-07-02 15:00:00,569,Coimbatore,0.5,-10.5525
2022-07-02 17:00:00,569,Coimbatore,0.5,-10.53
2022-07-02 19:00:00,569,Coimbatore,0.5,-10.53
2022-07-03 05:00:00,569,Coimbatore,0.5,-10.521
2022-07-03 08:00:00,569,Coimbatore,0.5,-10.521
2022-07-03 16:00:00,569,Coimbatore,2.0,-10.547
2022-07-03 18:00:00,569,Coimbatore,1.5,-10.547
2022-07-03 19:00:00,569,Coimbatore,5.5,-10.547
2022-07-03 20:00:00,569,Coimbatore,6.5,-10.547
2022-07-03 21:00:00,569,Coimbatore,2.25,-10.547
2022-07-03 22:00:00,569,Coimbatore,0.75,-10.56
2022-07-03 23:00:00,569,Coimbatore,2.6666666666666665,-10.56
2022-07-04 00:00:00,569,Coimbatore,0.75,-10.56
2022-07-04 01:00:00,569,Coimbatore,1.0,-10.56
2022-07-04 02:00:00,569,Coimbatore,1.0,-10.56
2022-07-04 03:00:00,569,Coimbatore,0.75,-10.56
2022-07-04 12:00:00,569,Coimbatore,2.0,-10.5865
2022-07-04 14:00:00,569,Coimbatore,1.5,-10.5865
2022-07-04 15:00:00,569,Coimbatore,0.5,-10.5865
2022-07-04 16:00:00,569,Coimbatore,1.0,-10.576
2022-07-04 18:00:00,569,Coimbatore,1.0,-10.576
2022-07-04 19:00:00,569,Coimbatore,2.5,-10.576
2022-07-04 20:00:00,569,Coimbatore,0.5,-10.576
2022-07-04 22:00:00,569,Coimbatore,1.0,-10.589
2022-07-04 23:00:00,569,Coimbatore,0.5,-10.589
2022-07-05 00:00:00,569,Coimbatore,1.0,-10.589
2022-07-05 01:00:00,569,Coimbatore,2.25,-10.589
2022-07-05 02:00:00,569,Coimbatore,0.8333333333333334,-10.589
2022-07-05 03:00:00,569,Coimbatore,1.75,-10.589
2022-07-05 04:00:00,569,Coimbatore,2.0,-10.6025
2022-07-05 05:00:00,569,Coimbatore,1.0,-10.6025
2022-07-05 06:00:00,569,Coimbatore,0.5,-10.6025
2022-07-05 07:00:00,569,Coimbatore,0.5,-10.6025
2022-07-05 08:00:00,569,Coimbatore,1.75,-10.6025
2022-07-05 09:00:00,569,Coimbatore,1.0,-10.6025
2022-07-05 10:00:00,569,Coimbatore,1.0,-10.608
2022-07-05 11:00:00,569,Coimbatore,0.75,-10.608
2022-07-05 12:00:00,569,Coimbatore,0.5,-10.608
2022-07-05 13:00:00,569,Coimbatore,1.0,-10.608
2022-07-05 14:00:00,569,Coimbatore,0.5,-10.608
2022-07-05 15:00:00,569,Coimbatore,1.25,-10.608
2022-07-05 16:00:00,569,Coimbatore,1.75,-10.603000000000002
2022-07-05 17:00:00,569,Coimbatore,0.5,-10.603000000000002
2022-07-05 21:00:00,569,Coimbatore,1.0,-10.603000000000002
2022-07-06 00:00:00,569,Coimbatore,0.5,-10.6005
2022-07-06 01:00:00,569,Coimbatore,0.5,-10.6005
2022-07-06 03:00:00,569,Coimbatore,0.75,-10.6005
2022-07-06 04:00:00,569,Coimbatore,3.5,-10.5945
2022-07-06 05:00:00,569,Coimbatore,0.5,-10.5945
2022-07-06 07:00:00,569,Coimbatore,0.5,-10.5945
2022-07-06 08:00:00,569,Coimbatore,0.5,-10.5945
2022-07-06 09:00:00,569,Coimbatore,0.5,-10.5945
2022-07-06 12:00:00,569,Coimbatore,0.5,-10.6165
2022-07-06 13:00:00,569,Coimbatore,1.0,-10.6165
2022-07-06 14:00:00,569,Coimbatore,1.0,-10.6165
2022-07-06 15:00:00,569,Coimbatore,1.25,-10.6165
2022-07-06 16:00:00,569,Coimbatore,1.0,-10.617
2022-07-06 17:00:00,569,Coimbatore,0.5,-10.617
2022-07-06 19:00:00,569,Coimbatore,0.5,-10.617
2022-07-06 20:00:00,569,Coimbatore,2.5,-10.617
2022-07-06 21:00:00,569,Coimbatore,1.25,-10.617
2022-07-06 23:00:00,569,Coimbatore,1.5,-10.6285
2022-07-07 01:00:00,569,Coimbatore,0.5,-10.6285
2022-07-07 02:00:00,569,Coimbatore,1.5,-10.6285
2022-07-07 07:00:00,569,Coimbatore,0.6666666666666666,-10.618
2022-07-07 08:00:00,569,Coimbatore,1.5,-10.618
2022-07-07 09:00:00,569,Coimbatore,1.5,-10.618
2022-07-07 10:00:00,569,Coimbatore,3.0,-10.633500000000002
2022-07-07 11:00:00,569,Coimbatore,4.5,-10.633500000000002
2022-07-07 12:00:00,569,Coimbatore,1.8333333333333333,-10.633500000000002
2022-07-07 13:00:00,569,Coimbatore,3.6666666666666665,-10.633500000000002
2022-07-07 14:00:00,569,Coimbatore,2.75,-10.633500000000002
2022-07-07 15:00:00,569,Coimbatore,1.125,-10.633500000000002
2022-07-07 19:00:00,569,Coimbatore,1.0,-10.6255
2022-07-08 03:00:00,569,Coimbatore,0.75,-10.623
2022-07-08 04:00:00,569,Coimbatore,0.5,-10.6255
2022-07-08 08:00:00,569,Coimbatore,0.5,-10.6255
2022-07-08 13:00:00,569,Coimbatore,3.0,-10.664
2022-07-08 14:00:00,569,Coimbatore,2.25,-10.664
2022-07-08 17:00:00,569,Coimbatore,3.0,-10.645
2022-07-08 18:00:00,569,Coimbatore,1.5,-10.645
2022-07-08 19:00:00,569,Coimbatore,0.75,-10.645
2022-07-08 20:00:00,569,Coimbatore,0.5,-10.645
2022-07-09 00:00:00,569,Coimbatore,1.75,-10.637
2022-07-09 03:00:00,569,Coimbatore,0.5,-10.637
2022-07-09 05:00:00,569,Coimbatore,2.0,-10.62
2022-07-09 06:00:00,569,Coimbatore,4.75,-10.62
2022-07-09 07:00:00,569,Coimbatore,2.833333333333333,-10.62
2022-07-09 08:00:00,569,Coimbatore,1.5,-10.62
2022-07-09 09:00:00,569,Coimbatore,1.0,-10.62
2022-07-09 11:00:00,569,Coimbatore,0.5,-10.6255
2022-07-09 12:00:00,569,Coimbatore,0.5,-10.6255
2022-07-09 13:00:00,569,Coimbatore,2.5,-10.6255
2022-07-09 14:00:00,569,Coimbatore,0.5,-10.6255
2022-07-09 15:00:00,569,Coimbatore,1.5,-10.6255
2022-07-09 16:00:00,569,Coimbatore,1.5,-10.638
2022-07-09 17:00:00,569,Coimbatore,1.75,-10.638
2022-07-09 18:00:00,569,Coimbatore,0.5,-10.638
2022-07-09 19:00:00,569,Coimbatore,0.5,-10.638
2022-07-09 21:00:00,569,Coimbatore,1.25,-10.638
2022-07-10 01:00:00,569,Coimbatore,1.0,-10.67
2022-07-10 02:00:00,569,Coimbatore,0.5,-10.67
2022-07-10 04:00:00,569,Coimbatore,1.3333333333333333,-10.666
2022-07-10 05:00:00,569,Coimbatore,1.6666666666666667,-10.666
2022-07-10 06:00:00,569,Coimbatore,1.5,-10.666
2022-07-10 07:00:00,569,Coimbatore,0.5,-10.666
2022-07-10 12:00:00,569,Coimbatore,2.0,-10.6885
2022-07-10 13:00:00,569,Coimbatore,10.5,-10.6885
2022-07-10 14:00:00,569,Coimbatore,1.25,-10.6885
2022-07-10 16:00:00,569,Coimbatore,2.0,-10.686
2022-07-10 17:00:00,569,Coimbatore,0.5,-10.686
2022-07-10 18:00:00,569,Coimbatore,2.0,-10.686
2022-07-10 19:00:00,569,Coimbatore,4.833333333333333,-10.686
2022-07-10 20:00:00,569,Coimbatore,0.5,-10.686
2022-07-10 21:00:00,569,Coimbatore,0.5,-10.686
2022-07-10 22:00:00,569,Coimbatore,3.0,-10.687
2022-07-10 23:00:00,569,Coimbatore,2.75,-10.687
2022-07-11 00:00:00,569,Coimbatore,1.5,-10.687
2022-07-11 01:00:00,569,Coimbatore,0.5,-10.687
2022-07-11 04:00:00,569,Coimbatore,0.5,-10.6775
2022-07-11 07:00:00,569,Coimbatore,3.0,-10.6775
2022-07-11 08:00:00,569,Coimbatore,1.0,-10.6775
2022-07-11 09:00:00,569,Coimbatore,3.0,-10.6775
2022-07-11 10:00:00,569,Coimbatore,3.5,-10.709
2022-07-11 11:00:00,569,Coimbatore,3.5,-10.709
2022-07-11 14:00:00,569,Coimbatore,3.25,-10.709
2022-07-11 15:00:00,569,Coimbatore,6.0,-10.709
2022-07-11 16:00:00,569,Coimbatore,4.0,-10.708
2022-07-12 14:00:00,569,Coimbatore,1.25,-10.731
2022-07-12 17:00:00,569,Coimbatore,0.5,-10.7115
2022-07-12 18:00:00,569,Coimbatore,0.75,-10.7115
2022-07-12 19:00:00,569,Coimbatore,0.8333333333333334,-10.7115
2022-07-12 20:00:00,569,Coimbatore,0.5,-10.7115
2022-07-13 02:00:00,569,Coimbatore,0.5,-10.716
2022-07-13 05:00:00,569,Coimbatore,1.0,-10.7355
2022-07-13 06:00:00,569,Coimbatore,3.5,-10.7355
2022-07-13 07:00:00,569,Coimbatore,1.5,-10.7355
2022-07-13 09:00:00,569,Coimbatore,0.75,-10.7355
2022-07-13 12:00:00,569,Coimbatore,1.0,-10.744
2022-07-13 13:00:00,569,Coimbatore,2.5,-10.744
2022-07-13 15:00:00,569,Coimbatore,2.0,-10.744
2022-07-13 17:00:00,569,Coimbatore,0.5,-10.741
2022-07-13 19:00:00,569,Coimbatore,2.0,-10.741
2022-07-13 20:00:00,569,Coimbatore,2.5,-10.741
2022-07-13 21:00:00,569,Coimbatore,0.75,-10.741
2022-07-13 22:00:00,569,Coimbatore,0.5,-10.7305
2022-07-13 23:00:00,569,Coimbatore,2.0,-10.7305
2022-07-14 00:00:00,569,Coimbatore,1.0,-10.7305
2022-07-14 01:00:00,569,Coimbatore,0.5,-10.7305
2022-07-14 03:00:00,569,Coimbatore,1.5,-10.7305
2022-07-14 04:00:00,569,Coimbatore,2.0,-10.712
2022-07-14 05:00:00,569,Coimbatore,2.0,-10.712
2022-07-14 06:00:00,569,Coimbatore,1.0,-10.712
2022-07-14 07:00:00,569,Coimbatore,1.5,-10.712
2022-07-14 08:00:00,569,Coimbatore,2.0,-10.712
2022-07-26 14:00:00,569,Coimbatore,1.25,-10.87
2022-07-26 15:00:00,569,Coimbatore,11.0,-10.87
2022-07-26 19:00:00,569,Coimbatore,1.0,-10.8555
2022-07-26 22:00:00,569,Coimbatore,0.5,-10.8535
2022-07-27 00:00:00,569,Coimbatore,0.5,-10.8535
2022-07-27 14:00:00,569,Coimbatore,6.0,-10.863499999999998
2022-07-27 15:00:00,569,Coimbatore,1.5,-10.863499999999998
2022-07-27 16:00:00,569,Coimbatore,0.5,-10.8525
2022-07-27 18:00:00,569,Coimbatore,0.5,-10.8525
2022-07-27 19:00:00,569,Coimbatore,2.6666666666666665,-10.8525
2022-07-27 20:00:00,569,Coimbatore,10.5,-10.8525
2022-07-27 21:00:00,569,Coimbatore,7.5,-10.8525
2022-07-27 22:00:00,569,Coimbatore,7.0,-10.858
2022-07-27 23:00:00,569,Coimbatore,3.5,-10.858
2022-07-28 00:00:00,569,Coimbatore,3.0,-10.858
2022-07-28 04:00:00,569,Coimbatore,0.5,-10.835
2022-07-28 14:00:00,569,Coimbatore,10.0,-10.867
2022-07-28 16:00:00,569,Coimbatore,0.5,-10.8655
2022-07-28 17:00:00,569,Coimbatore,0.75,-10.8655
2022-07-28 18:00:00,569,Coimbatore,1.0,-10.8655
2022-07-28 19:00:00,569,Coimbatore,0.5,-10.8655
2022-07-28 21:00:00,569,Coimbatore,2.5,-10.8655
2022-07-28 22:00:00,569,Coimbatore,0.5,-10.847
2022-07-28 23:00:00,569,Coimbatore,0.5,-10.847
2022-07-29 00:00:00,569,Coimbatore,2.0,-10.847
2022-07-29 01:00:00,569,Coimbatore,10.25,-10.847
2022-07-29 06:00:00,569,Coimbatore,0.5,-10.8305
2022-07-30 03:00:00,569,Coimbatore,1.0,-10.849
2022-07-30 13:00:00,569,Coimbatore,1.0,-10.8725
2022-07-30 14:00:00,569,Coimbatore,7.0,-10.8725
2022-07-30 16:00:00,569,Coimbatore,1.0,-10.813
2022-07-30 18:00:00,569,Coimbatore,1.0,-10.813
2022-07-30 19:00:00,569,Coimbatore,10.0,-10.813
2022-07-30 20:00:00,569,Coimbatore,2.5,-10.813
2022-07-30 21:00:00,569,Coimbatore,0.5,-10.813
2022-07-30 22:00:00,569,Coimbatore,1.5,-10.807
2022-07-30 23:00:00,569,Coimbatore,0.5,-10.807
2022-07-31 19:00:00,569,Coimbatore,2.0,-10.7585
2022-07-31 20:00:00,569,Coimbatore,40.5,-10.7585
2022-07-31 21:00:00,569,Coimbatore,13.0,-10.7585
2022-07-31 22:00:00,569,Coimbatore,2.25,-10.7555
2022-07-31 23:00:00,569,Coimbatore,2.0,-10.7555
2022-08-01 00:00:00,569,Coimbatore,1.0,-10.7555
2022-08-01 01:00:00,569,Coimbatore,1.0,-10.7555
2022-08-01 02:00:00,569,Coimbatore,0.5,-10.7555
2022-08-01 03:00:00,569,Coimbatore,0.5,-10.7555
2022-08-01 13:00:00,569,Coimbatore,11.5,-10.754
2022-08-01 14:00:00,569,Coimbatore,2.0,-10.754
2022-08-01 15:00:00,569,Coimbatore,0.8333333333333334,-10.754
2022-08-01 16:00:00,569,Coimbatore,8.0,-10.6985
2022-08-01 17:00:00,569,Coimbatore,6.0,-10.6985
2022-08-01 18:00:00,569,Coimbatore,5.0,-10.6985
2022-08-01 19:00:00,569,Coimbatore,3.5,-10.6985
2022-08-01 20:00:00,569,Coimbatore,4.0,-10.6985
2022-08-01 21:00:00,569,Coimbatore,1.0,-10.6985
2022-08-01 22:00:00,569,Coimbatore,1.0,-10.6885
2022-08-01 23:00:00,569,Coimbatore,4.0,-10.6885
2022-08-02 00:00:00,569,Coimbatore,3.6666666666666665,-10.6885
2022-08-02 01:00:00,569,Coimbatore,11.5,-10.6885
2022-08-02 02:00:00,569,Coimbatore,3.75,-10.6885
2022-08-02 03:00:00,569,Coimbatore,2.833333333333333,-10.6885
2022-08-02 04:00:00,569,Coimbatore,5.875,-10.6575
2022-08-02 05:00:00,569,Coimbatore,1.6666666666666667,-10.6575
2022-08-02 06:00:00,569,Coimbatore,1.5,-10.6575
2022-08-02 07:00:00,569,Coimbatore,4.5,-10.6575
2022-08-02 08:00:00,569,Coimbatore,0.6666666666666666,-10.6575
2022-08-02 10:00:00,569,Coimbatore,1.0,-10.671
2022-08-02 12:00:00,569,Coimbatore,1.0,-10.671
2022-08-02 13:00:00,569,Coimbatore,2.0,-10.671
2022-08-02 14:00:00,569,Coimbatore,1.0,-10.671
2022-08-02 15:00:00,569,Coimbatore,1.5,-10.671
2022-08-02 16:00:00,569,Coimbatore,5.0,-10.654
2022-08-02 17:00:00,569,Coimbatore,2.5,-10.654
2022-08-02 18:00:00,569,Coimbatore,2.0,-10.654
2022-08-02 19:00:00,569,Coimbatore,4.0,-10.654
2022-08-02 20:00:00,569,Coimbatore,2.5,-10.654
2022-08-02 21:00:00,569,Coimbatore,2.0,-10.654
2022-08-02 22:00:00,569,Coimbatore,0.5,-10.6355
2022-08-02 23:00:00,569,Coimbatore,0.5,-10.6355
2022-08-03 00:00:00,569,Coimbatore,0.5,-10.6355
2022-08-03 01:00:00,569,Coimbatore,1.0,-10.6355
2022-08-03 02:00:00,569,Coimbatore,1.0,-10.6355
2022-08-03 03:00:00,569,Coimbatore,2.0,-10.6355
2022-08-03 04:00:00,569,Coimbatore,2.5,-10.635
2022-08-03 05:00:00,569,Coimbatore,1.6666666666666667,-10.635
2022-08-03 06:00:00,569,Coimbatore,6.5,-10.635
2022-08-03 07:00:00,569,Coimbatore,1.0,-10.635
2022-08-03 08:00:00,569,Coimbatore,1.0,-10.635
2022-08-03 09:00:00,569,Coimbatore,1.5,-10.635
2022-08-03 10:00:00,569,Coimbatore,0.5,-10.6425
2022-08-03 11:00:00,569,Coimbatore,0.5,-10.6425
2022-08-03 12:00:00,569,Coimbatore,0.5,-10.6425
2022-08-03 13:00:00,569,Coimbatore,0.5,-10.6425
2022-08-03 14:00:00,569,Coimbatore,1.5,-10.6425
2022-08-03 15:00:00,569,Coimbatore,1.5,-10.6425
2022-08-03 16:00:00,569,Coimbatore,1.0,-10.629
2022-08-03 17:00:00,569,Coimbatore,0.5,-10.629
2022-08-03 18:00:00,569,Coimbatore,0.5,-10.629
2022-08-03 19:00:00,569,Coimbatore,2.5,-10.629
2022-08-03 20:00:00,569,Coimbatore,0.5,-10.629
2022-08-03 21:00:00,569,Coimbatore,0.5,-10.629
2022-08-03 22:00:00,569,Coimbatore,9.0,-10.618
2022-08-03 23:00:00,569,Coimbatore,5.0,-10.618
2022-08-04 00:00:00,569,Coimbatore,5.5,-10.618
2022-08-04 01:00:00,569,Coimbatore,2.5,-10.618
2022-08-04 02:00:00,569,Coimbatore,0.875,-10.618
2022-08-04 03:00:00,569,Coimbatore,5.5,-10.618
2022-08-04 04:00:00,569,Coimbatore,4.666666666666667,-10.606
2022-08-04 05:00:00,569,Coimbatore,3.6666666666666665,-10.606
2022-08-04 06:00:00,569,Coimbatore,5.666666666666667,-10.606
2022-08-04 07:00:00,569,Coimbatore,11.5,-10.606
2022-08-04 08:00:00,569,Coimbatore,7.666666666666667,-10.606
2022-08-04 09:00:00,569,Coimbatore,3.625,-10.606
2022-08-04 10:00:00,569,Coimbatore,2.4,-10.61
2022-08-04 11:00:00,569,Coimbatore,6.0,-10.61
2022-08-04 12:00:00,569,Coimbatore,3.1,-10.61
2022-08-04 13:00:00,569,Coimbatore,1.5,-10.61
2022-08-04 14:00:00,569,Coimbatore,1.5,-10.61
2022-08-04 15:00:00,569,Coimbatore,2.5,-10.61
2022-08-04 16:00:00,569,Coimbatore,1.6666666666666667,-10.585
2022-08-04 17:00:00,569,Coimbatore,3.0,-10.585
2022-08-04 18:00:00,569,Coimbatore,1.8333333333333333,-10.585
2022-08-04 19:00:00,569,Coimbatore,1.375,-10.585
2022-08-04 20:00:00,569,Coimbatore,0.8333333333333334,-10.585
2022-08-04 21:00:00,569,Coimbatore,3.1666666666666665,-10.585
2022-08-04 22:00:00,569,Coimbatore,4.0,-10.5895
2022-08-04 23:00:00,569,Coimbatore,1.375,-10.5895
2022-08-05 00:00:00,569,Coimbatore,3.8333333333333335,-10.5895
2022-08-05 01:00:00,569,Coimbatore,1.5,-10.5895
2022-08-05 02:00:00,569,Coimbatore,1.5,-10.5895
2022-08-05 03:00:00,569,Coimbatore,2.5,-10.5895
2022-08-05 04:00:00,569,Coimbatore,1.0,-10.5605
2022-08-05 05:00:00,569,Coimbatore,1.25,-10.5605
2022-08-05 06:00:00,569,Coimbatore,1.3,-10.5605
2022-08-05 07:00:00,569,Coimbatore,1.5,-10.5605
2022-08-05 08:00:00,569,Coimbatore,6.5,-10.5605
2022-08-05 09:00:00,569,Coimbatore,3.25,-10.5605
2022-08-05 10:00:00,569,Coimbatore,2.0,-10.557
2022-08-05 11:00:00,569,Coimbatore,0.5,-10.557
2022-08-05 12:00:00,569,Coimbatore,2.5,-10.557
2022-08-05 13:00:00,569,Coimbatore,1.0,-10.557
2022-08-05 14:00:00,569,Coimbatore,2.6666666666666665,-10.557
2022-08-05 15:00:00,569,Coimbatore,0.6666666666666666,-10.557
2022-08-05 18:00:00,569,Coimbatore,0.5,-10.543
2022-08-05 19:00:00,569,Coimbatore,1.75,-10.543
2022-08-05 20:00:00,569,Coimbatore,2.625,-10.543
2022-08-05 21:00:00,569,Coimbatore,0.5,-10.543
2022-08-05 22:00:00,569,Coimbatore,1.0,-10.5385
2022-08-05 23:00:00,569,Coimbatore,1.0,-10.5385
2022-08-06 00:00:00,569,Coimbatore,0.5,-10.5385
2022-08-06 06:00:00,569,Coimbatore,0.5,-10.5135
2022-08-06 07:00:00,569,Coimbatore,0.5,-10.5135
2022-08-06 08:00:00,569,Coimbatore,2.0,-10.5135
2022-08-06 09:00:00,569,Coimbatore,4.0,-10.5135
2022-08-06 10:00:00,569,Coimbatore,3.5,-10.53
2022-08-06 11:00:00,569,Coimbatore,8.5,-10.53
2022-08-06 12:00:00,569,Coimbatore,0.5,-10.53
2022-08-06 13:00:00,569,Coimbatore,2.5,-10.53
2022-08-06 14:00:00,569,Coimbatore,1.75,-10.53
2022-08-06 15:00:00,569,Coimbatore,2.5,-10.53
2022-08-06 18:00:00,569,Coimbatore,1.0,-10.5045
2022-08-06 19:00:00,569,Coimbatore,2.5,-10.5045
2022-08-06 20:00:00,569,Coimbatore,1.5,-10.5045
2022-08-06 21:00:00,569,Coimbatore,2.25,-10.5045
2022-08-06 22:00:00,569,Coimbatore,1.5,-10.486999999999998
2022-08-06 23:00:00,569,Coimbatore,1.3333333333333333,-10.486999999999998
2022-08-07 01:00:00,569,Coimbatore,1.25,-10.486999999999998
2022-08-07 02:00:00,569,Coimbatore,1.5,-10.486999999999998
2022-08-07 03:00:00,569,Coimbatore,0.5,-10.486999999999998
2022-08-07 04:00:00,569,Coimbatore,2.0,-10.482
2022-08-07 07:00:00,569,Coimbatore,1.5,-10.482
2022-08-07 08:00:00,569,Coimbatore,1.5,-10.482
2022-08-07 09:00:00,569,Coimbatore,3.5,-10.482
2022-08-07 10:00:00,569,Coimbatore,6.5,-10.4915
2022-08-07 11:00:00,569,Coimbatore,3.25,-10.4915
2022-08-07 12:00:00,569,Coimbatore,0.5,-10.4915
2022-08-07 13:00:00,569,Coimbatore,0.5,-10.4915
2022-08-07 14:00:00,569,Coimbatore,0.75,-10.4915
2022-08-07 15:00:00,569,Coimbatore,1.0,-10.4915
2022-08-07 16:00:00,569,Coimbatore,0.75,-10.475
2022-08-07 17:00:00,569,Coimbatore,6.0,-10.475
2022-08-07 18:00:00,569,Coimbatore,1.75,-10.475
2022-08-07 19:00:00,569,Coimbatore,1.0,-10.475
2022-08-07 20:00:00,569,Coimbatore,8.0,-10.475
2022-08-07 21:00:00,569,Coimbatore,0.5,-10.475
2022-08-07 22:00:00,569,Coimbatore,1.0,-10.4705
2022-08-07 23:00:00,569,Coimbatore,5.5,-10.4705
2022-08-08 00:00:00,569,Coimbatore,2.25,-10.4705
2022-08-08 01:00:00,569,Coimbatore,1.5,-10.4705
2022-08-08 02:00:00,569,Coimbatore,3.5,-10.4705
2022-08-08 03:00:00,569,Coimbatore,0.75,-10.4705
2022-08-08 04:00:00,569,Coimbatore,12.0,-10.4645
2022-08-08 05:00:00,569,Coimbatore,1.6666666666666667,-10.4645
2022-08-08 06:00:00,569,Coimbatore,2.333333333333333,-10.4645
2022-08-08 07:00:00,569,Coimbatore,4.75,-10.4645
2022-08-08 08:00:00,569,Coimbatore,1.0,-10.4645
2022-08-08 09:00:00,569,Coimbatore,2.6666666666666665,-10.4645
2022-08-08 10:00:00,569,Coimbatore,0.5,-10.491
2022-08-08 11:00:00,569,Coimbatore,0.75,-10.491
2022-08-08 12:00:00,569,Coimbatore,1.25,-10.491
2022-08-08 13:00:00,569,Coimbatore,1.5,-10.491
2022-08-08 14:00:00,569,Coimbatore,0.5,-10.491
2022-08-08 16:00:00,569,Coimbatore,0.5,-9.328
2022-08-11 12:00:00,569,Coimbatore,0.5,-10.4525
2022-08-11 14:00:00,569,Coimbatore,2.5,-10.4525
2022-08-11 21:00:00,569,Coimbatore,0.5,-10.4365
2022-08-11 22:00:00,569,Coimbatore,0.5,-10.4235
2022-08-11 23:00:00,569,Coimbatore,2.0,-10.4235
2022-08-12 00:00:00,569,Coimbatore,4.0,-10.4235
2022-08-12 03:00:00,569,Coimbatore,2.5,-10.4235
2022-08-12 08:00:00,569,Coimbatore,2.5,-10.4225
2022-08-12 09:00:00,569,Coimbatore,1.25,-10.4225
2022-08-12 19:00:00,569,Coimbatore,0.5,-10.428
2022-08-12 22:00:00,569,Coimbatore,1.0,-10.424
2022-08-13 03:00:00,569,Coimbatore,0.5,-10.424
2022-08-13 04:00:00,569,Coimbatore,1.0,-10.4075
2022-08-13 23:00:00,569,Coimbatore,0.5,-10.434
2022-08-19 02:00:00,569,Coimbatore,1.0,-10.58
2022-08-19 03:00:00,569,Coimbatore,2.5,-10.58
2022-08-19 04:00:00,569,Coimbatore,7.0,-10.576
2022-08-19 06:00:00,569,Coimbatore,0.5,-10.576
2022-08-19 07:00:00,569,Coimbatore,0.5,-10.576
2022-08-22 13:00:00,569,Coimbatore,2.0,-10.6155
2022-08-22 14:00:00,569,Coimbatore,4.666666666666667,-10.6155
2022-08-22 15:00:00,569,Coimbatore,3.8333333333333335,-10.6155
2022-08-22 16:00:00,569,Coimbatore,3.0,-10.6035
2022-08-22 17:00:00,569,Coimbatore,2.0,-10.6035
2022-08-22 18:00:00,569,Coimbatore,3.625,-10.6035
2022-08-22 19:00:00,569,Coimbatore,0.625,-10.6035
2022-08-22 21:00:00,569,Coimbatore,0.5,-10.6035
2022-08-22 22:00:00,569,Coimbatore,1.0,-10.5985
2022-08-22 23:00:00,569,Coimbatore,0.5,-10.5985
2022-08-23 03:00:00,569,Coimbatore,0.5,-10.5985
2022-08-23 04:00:00,569,Coimbatore,0.5,-10.5945
2022-08-23 05:00:00,569,Coimbatore,1.5,-10.5945
2022-08-23 06:00:00,569,Coimbatore,15.5,-10.5945
2022-08-23 18:00:00,569,Coimbatore,0.5,-10.598
2022-08-23 19:00:00,569,Coimbatore,0.5,-10.598
2022-08-24 04:00:00,569,Coimbatore,1.0,-10.622
2022-08-24 06:00:00,569,Coimbatore,9.5,-10.622
2022-08-24 08:00:00,569,Coimbatore,0.5,-10.622
2022-08-25 15:00:00,569,Coimbatore,8.0,-10.6495
2022-08-25 16:00:00,569,Coimbatore,1.0,-10.6185
2022-08-25 23:00:00,569,Coimbatore,0.75,-10.624
2022-08-26 11:00:00,569,Coimbatore,0.5,-10.645499999999998
2022-08-26 17:00:00,569,Coimbatore,7.5,-10.606
2022-08-26 18:00:00,569,Coimbatore,8.0,-10.606
2022-08-26 19:00:00,569,Coimbatore,8.0,-10.606
2022-08-26 20:00:00,569,Coimbatore,11.0,-10.606
2022-08-26 21:00:00,569,Coimbatore,9.0,-10.606
2022-08-26 22:00:00,569,Coimbatore,2.75,-10.5865
2022-08-26 23:00:00,569,Coimbatore,2.0,-10.5865
2022-08-27 00:00:00,569,Coimbatore,2.125,-10.5865
2022-08-27 01:00:00,569,Coimbatore,5.25,-10.5865
2022-08-27 02:00:00,569,Coimbatore,3.5,-10.5865
2022-08-27 03:00:00,569,Coimbatore,15.5,-10.5865
2022-08-27 04:00:00,569,Coimbatore,1.9,-10.551
2022-08-27 05:00:00,569,Coimbatore,0.5,-10.551
2022-08-27 06:00:00,569,Coimbatore,0.5,-10.551
2022-08-27 08:00:00,569,Coimbatore,0.5,-10.551
2022-08-27 14:00:00,569,Coimbatore,10.0,-10.568
2022-08-27 15:00:00,569,Coimbatore,10.0,-10.568
2022-08-27 16:00:00,569,Coimbatore,260.75,-10.5535
2022-08-27 17:00:00,569,Coimbatore,7.5,-10.5535
2022-08-27 18:00:00,569,Coimbatore,1.0,-10.5535
2022-08-27 19:00:00,569,Coimbatore,6.5,-10.5535
2022-08-27 20:00:00,569,Coimbatore,2.25,-10.5535
2022-08-27 21:00:00,569,Coimbatore,0.5,-10.5535
2022-08-28 03:00:00,569,Coimbatore,0.5,-10.5405
2022-08-28 04:00:00,569,Coimbatore,1.5,-10.518
2022-08-28 06:00:00,569,Coimbatore,10.0,-10.518
2022-08-28 07:00:00,569,Coimbatore,16.0,-10.518
2022-08-28 09:00:00,569,Coimbatore,14.0,-10.518
2022-08-28 10:00:00,569,Coimbatore,3.5,-10.5335
2022-08-28 17:00:00,569,Coimbatore,1.5,-10.5085
2022-08-28 20:00:00,569,Coimbatore,1.0,-10.5085
2022-08-28 21:00:00,569,Coimbatore,2.0,-10.5085
2022-08-28 22:00:00,569,Coimbatore,1.5,-10.4915
2022-08-29 00:00:00,569,Coimbatore,3.0,-10.4915
2022-08-29 01:00:00,569,Coimbatore,15.5,-10.4915
2022-08-29 02:00:00,569,Coimbatore,0.5,-10.4915
2022-08-29 03:00:00,569,Coimbatore,1.5,-10.4915
2022-08-29 04:00:00,569,Coimbatore,4.166666666666667,-10.477
2022-08-29 05:00:00,569,Coimbatore,3.1666666666666665,-10.477
2022-08-29 06:00:00,569,Coimbatore,0.5,-10.477
2022-08-29 14:00:00,569,Coimbatore,20.5,-10.4985
2022-08-29 15:00:00,569,Coimbatore,8.25,-10.4985
2022-08-29 16:00:00,569,Coimbatore,4.75,-10.4585
2022-08-29 17:00:00,569,Coimbatore,0.5,-10.4585
2022-08-29 18:00:00,569,Coimbatore,5.25,-10.4585
2022-08-29 19:00:00,569,Coimbatore,21.5,-10.4585
2022-08-29 20:00:00,569,Coimbatore,0.5,-10.4585
2022-08-29 21:00:00,569,Coimbatore,2.0,-10.4585
2022-08-29 22:00:00,569,Coimbatore,3.0,-10.436
2022-08-29 23:00:00,569,Coimbatore,0.5,-10.436
2022-08-30 00:00:00,569,Coimbatore,0.6666666666666666,-10.436
2022-08-30 01:00:00,569,Coimbatore,0.5,-10.436
2022-08-30 02:00:00,569,Coimbatore,1.75,-10.436
2022-08-30 03:00:00,569,Coimbatore,2.0,-10.436
2022-08-30 05:00:00,569,Coimbatore,0.5,-10.4285
2022-08-30 17:00:00,569,Coimbatore,1.0,-10.4
2022-08-30 18:00:00,569,Coimbatore,2.5,-10.4
2022-08-30 19:00:00,569,Coimbatore,1.0,-10.4
2022-08-30 20:00:00,569,Coimbatore,5.5,-10.4
2022-08-30 21:00:00,569,Coimbatore,3.8333333333333335,-10.4
2022-08-30 22:00:00,569,Coimbatore,4.5,-10.3825
2022-08-30 23:00:00,569,Coimbatore,0.8333333333333334,-10.3825
2022-08-31 00:00:00,569,Coimbatore,1.5,-10.3825
2022-08-31 01:00:00,569,Coimbatore,1.25,-10.3825
2022-08-31 04:00:00,569,Coimbatore,1.0,-10.3535
2022-08-31 07:00:00,569,Coimbatore,0.5,-10.3535
2022-08-31 14:00:00,569,Coimbatore,25.0,-10.37
2022-08-31 15:00:00,569,Coimbatore,5.0,-10.37
2022-08-31 17:00:00,569,Coimbatore,9.25,-10.353
2022-08-31 18:00:00,569,Coimbatore,23.33333333333333,-10.353
2022-08-31 19:00:00,569,Coimbatore,160.83333333333334,-10.353
2022-08-31 20:00:00,569,Coimbatore,2.875,-10.353
2022-08-31 21:00:00,569,Coimbatore,1.75,-10.353
2022-08-31 22:00:00,569,Coimbatore,0.5,-10.322
2022-09-01 05:00:00,569,Coimbatore,0.5,-10.3045
2022-09-01 10:00:00,569,Coimbatore,9.0,-10.314
2022-09-01 11:00:00,569,Coimbatore,0.5,-10.314
2022-09-01 12:00:00,569,Coimbatore,34.0,-10.314
2022-09-01 14:00:00,569,Coimbatore,14.0,-10.314
2022-09-01 15:00:00,569,Coimbatore,36.0,-10.314
2022-09-01 16:00:00,569,Coimbatore,0.8333333333333334,-10.271999999999998
2022-09-01 17:00:00,569,Coimbatore,2.1666666666666665,-10.271999999999998
2022-09-01 18:00:00,569,Coimbatore,2.5,-10.271999999999998
2022-09-01 19:00:00,569,Coimbatore,2.5,-10.271999999999998
2022-09-01 22:00:00,569,Coimbatore,0.5,-10.257
2022-09-01 23:00:00,569,Coimbatore,1.0,-10.257
2022-09-02 00:00:00,569,Coimbatore,3.5,-10.257
2022-09-02 02:00:00,569,Coimbatore,0.5,-10.257
2022-09-02 14:00:00,569,Coimbatore,2.0,-10.2505
2022-09-02 15:00:00,569,Coimbatore,1.0,-10.2505
2022-09-02 19:00:00,569,Coimbatore,0.5,-10.2125
2022-09-02 21:00:00,569,Coimbatore,1.0,-10.2125
2022-09-02 22:00:00,569,Coimbatore,3.0,-10.182
2022-09-03 00:00:00,569,Coimbatore,0.5,-10.182
2022-09-03 01:00:00,569,Coimbatore,0.5,-10.182
2022-09-03 21:00:00,569,Coimbatore,0.5,-10.1225
2022-09-04 00:00:00,569,Coimbatore,0.5,-10.107
2022-09-04 01:00:00,569,Coimbatore,1.0,-10.107
2022-09-04 03:00:00,569,Coimbatore,0.5,-10.107
2022-09-04 16:00:00,569,Coimbatore,10.0,-10.0695
2022-09-04 17:00:00,569,Coimbatore,0.5,-10.0695
2022-09-05 16:00:00,569,Coimbatore,0.5,-10.037
2022-09-05 17:00:00,569,Coimbatore,5.333333333333333,-10.037
2022-09-05 18:00:00,569,Coimbatore,4.5,-10.037
2022-09-05 19:00:00,569,Coimbatore,3.625,-10.037
2022-09-05 20:00:00,569,Coimbatore,4.5,-10.037
2022-09-05 21:00:00,569,Coimbatore,0.5,-10.037
2022-09-06 05:00:00,569,Coimbatore,1.5,-10.0155
2022-09-06 06:00:00,569,Coimbatore,0.5,-10.0155
2022-09-06 07:00:00,569,Coimbatore,0.5,-10.0155
2022-09-06 08:00:00,569,Coimbatore,0.5,-10.0155
2022-09-06 09:00:00,569,Coimbatore,1.0,-10.0155
2022-09-06 10:00:00,569,Coimbatore,3.5,-10.029
2022-09-06 11:00:00,569,Coimbatore,4.0,-10.029
2022-09-06 12:00:00,569,Coimbatore,1.5,-10.029
2022-09-06 14:00:00,569,Coimbatore,3.0,-10.029
2022-09-06 17:00:00,569,Coimbatore,0.5,-9.986999999999998
2022-09-06 20:00:00,569,Coimbatore,1.0,-9.986999999999998
2022-09-06 21:00:00,569,Coimbatore,1.5,-9.986999999999998
2022-09-06 23:00:00,569,Coimbatore,1.0,-9.9765
2022-09-07 01:00:00,569,Coimbatore,0.5,-9.9765
2022-09-07 02:00:00,569,Coimbatore,1.0,-9.9765
2022-09-07 03:00:00,569,Coimbatore,0.5,-9.9765
2022-09-07 06:00:00,569,Coimbatore,0.5,-9.968
2022-09-07 13:00:00,569,Coimbatore,1.0,-9.9855
2022-09-07 14:00:00,569,Coimbatore,5.0,-9.9855
2022-09-07 15:00:00,569,Coimbatore,1.0,-9.9855
2022-09-07 16:00:00,569,Coimbatore,2.0,-9.969
2022-09-07 19:00:00,569,Coimbatore,3.5,-9.969
2022-09-07 20:00:00,569,Coimbatore,0.5,-9.969
2022-09-07 22:00:00,569,Coimbatore,1.25,-9.9505
2022-09-07 23:00:00,569,Coimbatore,2.5,-9.9505
2022-09-08 02:00:00,569,Coimbatore,0.75,-9.9505
2022-09-08 03:00:00,569,Coimbatore,0.75,-9.9505
2022-09-08 06:00:00,569,Coimbatore,0.5,-9.9415
2022-09-08 08:00:00,569,Coimbatore,0.5,-9.9415
2022-09-08 10:00:00,569,Coimbatore,1.0,-9.9485
2022-09-08 12:00:00,569,Coimbatore,1.75,-9.9485
2022-09-08 13:00:00,569,Coimbatore,1.0,-9.9485
2022-09-08 14:00:00,569,Coimbatore,4.5,-9.9485
2022-09-08 15:00:00,569,Coimbatore,0.5,-9.9485
2022-09-08 16:00:00,569,Coimbatore,0.5,-9.923
2022-09-08 17:00:00,569,Coimbatore,3.0,-9.923
2022-09-08 20:00:00,569,Coimbatore,2.0,-9.923
2022-09-08 23:00:00,569,Coimbatore,2.5,-9.9045
2022-09-09 00:00:00,569,Coimbatore,2.0,-9.9045
2022-09-09 01:00:00,569,Coimbatore,0.5,-9.9045
2022-09-09 02:00:00,569,Coimbatore,0.5,-9.9045
2022-09-09 04:00:00,569,Coimbatore,0.5,-9.8845
2022-09-09 06:00:00,569,Coimbatore,3.0,-9.8845
2022-09-09 07:00:00,569,Coimbatore,1.5,-9.8845
2022-09-09 08:00:00,569,Coimbatore,1.5,-9.8845
2022-09-09 11:00:00,569,Coimbatore,2.0,-9.9025
2022-09-09 12:00:00,569,Coimbatore,3.0,-9.9025
2022-09-09 13:00:00,569,Coimbatore,1.5,-9.9025
2022-09-09 14:00:00,569,Coimbatore,8.0,-9.9025
2022-09-09 15:00:00,569,Coimbatore,0.5,-9.9025
2022-09-09 17:00:00,569,Coimbatore,1.5,-9.9015
2022-09-09 18:00:00,569,Coimbatore,3.0,-9.9015
2022-09-09 21:00:00,569,Coimbatore,3.6666666666666665,-9.9015
2022-09-09 22:00:00,569,Coimbatore,0.5,-9.8845
2022-09-10 00:00:00,569,Coimbatore,1.5,-9.8845
2022-09-10 01:00:00,569,Coimbatore,0.6666666666666666,-9.8845
2022-09-10 02:00:00,569,Coimbatore,1.0,-9.8845
2022-09-10 03:00:00,569,Coimbatore,0.5,-9.8845
2022-09-10 04:00:00,569,Coimbatore,0.5,-9.8865
2022-09-10 05:00:00,569,Coimbatore,0.5,-9.8865
2022-09-10 06:00:00,569,Coimbatore,1.0,-9.8865
2022-09-10 08:00:00,569,Coimbatore,2.5,-9.8865
2022-09-10 09:00:00,569,Coimbatore,0.5,-9.8865
2022-09-10 10:00:00,569,Coimbatore,3.0,-9.8965
2022-09-10 11:00:00,569,Coimbatore,3.0,-9.8965
2022-09-10 12:00:00,569,Coimbatore,1.75,-9.8965
2022-09-10 13:00:00,569,Coimbatore,1.0,-9.8965
2022-09-10 14:00:00,569,Coimbatore,1.5,-9.8965
2022-09-10 15:00:00,569,Coimbatore,0.5,-9.8965
2022-09-10 16:00:00,569,Coimbatore,0.5,-9.871
2022-09-10 18:00:00,569,Coimbatore,0.5,-9.871
2022-09-10 19:00:00,569,Coimbatore,1.75,-9.871
2022-09-10 20:00:00,569,Coimbatore,0.5,-9.871
2022-09-10 21:00:00,569,Coimbatore,1.5,-9.871
2022-09-10 22:00:00,569,Coimbatore,0.5,-9.868
2022-09-10 23:00:00,569,Coimbatore,1.5,-9.868
2022-09-11 01:00:00,569,Coimbatore,0.5,-9.868
2022-09-11 04:00:00,569,Coimbatore,1.0,-9.8715
2022-09-11 05:00:00,569,Coimbatore,0.5,-9.8715
2022-09-11 06:00:00,569,Coimbatore,2.0,-9.8715
2022-09-11 07:00:00,569,Coimbatore,2.5,-9.8715
2022-09-11 08:00:00,569,Coimbatore,1.5,-9.8715
2022-09-11 09:00:00,569,Coimbatore,1.5,-9.8715
2022-09-11 11:00:00,569,Coimbatore,0.5,-9.87
2022-09-11 12:00:00,569,Coimbatore,0.5,-9.87
2022-09-11 13:00:00,569,Coimbatore,1.5,-9.87
2022-09-11 15:00:00,569,Coimbatore,0.5,-9.87
2022-09-11 17:00:00,569,Coimbatore,1.25,-9.8705
2022-09-11 18:00:00,569,Coimbatore,0.5,-9.8705
2022-09-11 19:00:00,569,Coimbatore,0.5,-9.8705
2022-09-11 20:00:00,569,Coimbatore,0.75,-9.8705
2022-09-11 21:00:00,569,Coimbatore,1.0,-9.8705
2022-09-11 22:00:00,569,Coimbatore,1.25,-9.8745
2022-09-11 23:00:00,569,Coimbatore,0.5,-9.8745
2022-09-12 02:00:00,569,Coimbatore,1.0,-9.8745
2022-09-12 03:00:00,569,Coimbatore,1.0,-9.8745
2022-09-12 13:00:00,569,Coimbatore,1.25,-9.8975
2022-09-12 14:00:00,569,Coimbatore,0.5,-9.8975
2022-09-12 15:00:00,569,Coimbatore,0.5,-9.8975
2022-09-12 16:00:00,569,Coimbatore,1.5,-9.895
2022-09-12 17:00:00,569,Coimbatore,1.0,-9.895
2022-09-12 18:00:00,569,Coimbatore,0.5,-9.895
2022-09-12 21:00:00,569,Coimbatore,1.5,-9.895
2022-09-12 22:00:00,569,Coimbatore,2.0,-9.8945
2022-09-13 00:00:00,569,Coimbatore,1.5,-9.8945
2022-09-13 09:00:00,569,Coimbatore,0.5,-9.896
2022-09-13 13:00:00,569,Coimbatore,0.5,-9.918500000000002
2022-09-13 15:00:00,569,Coimbatore,6.0,-9.918500000000002
2022-09-13 16:00:00,569,Coimbatore,1.0,-9.9395
2022-09-13 20:00:00,569,Coimbatore,0.5,-9.9395
2022-09-14 01:00:00,569,Coimbatore,0.5,-9.917
2022-09-14 10:00:00,569,Coimbatore,1.0,-9.9285
2022-09-14 11:00:00,569,Coimbatore,0.5,-9.9285
2022-09-17 19:00:00,569,Coimbatore,1.0,-9.951
2022-09-17 20:00:00,569,Coimbatore,0.5,-9.951
2022-09-18 14:00:00,569,Coimbatore,0.5,-9.9835
2022-09-19 06:00:00,569,Coimbatore,0.5,-10.0015
2022-09-26 03:00:00,569,Coimbatore,0.5,-10.254
2022-10-02 21:00:00,569,Coimbatore,1.0,-10.479
2022-10-02 22:00:00,569,Coimbatore,0.5,-10.5035
2022-10-03 14:00:00,569,Coimbatore,3.0,-10.491
2022-10-04 16:00:00,569,Coimbatore,1.0,-10.474
2022-10-06 17:00:00,569,Coimbatore,1.0,-10.499
2022-10-06 18:00:00,569,Coimbatore,0.5,-10.499
2022-10-09 16:00:00,569,Coimbatore,2.5,-10.6675
2022-10-10 00:00:00,569,Coimbatore,1.375,-10.707999999999998
2022-10-10 01:00:00,569,Coimbatore,9.0,-10.707999999999998
2022-10-10 02:00:00,569,Coimbatore,2.6,-10.707999999999998
2022-10-10 03:00:00,569,Coimbatore,2.333333333333333,-10.707999999999998
2022-10-10 04:00:00,569,Coimbatore,0.5,-10.7105
2022-10-10 05:00:00,569,Coimbatore,0.5,-10.7105
2022-10-10 06:00:00,569,Coimbatore,1.0,-10.7105
2022-10-10 07:00:00,569,Coimbatore,1.0,-10.7105
2022-10-10 09:00:00,569,Coimbatore,0.5,-10.7105
2022-10-10 16:00:00,569,Coimbatore,7.0,-10.6855
2022-10-10 17:00:00,569,Coimbatore,4.0,-10.6855
2022-10-11 06:00:00,569,Coimbatore,0.5,-10.7015
2022-10-11 07:00:00,569,Coimbatore,0.8333333333333334,-10.7015
2022-10-11 08:00:00,569,Coimbatore,0.5,-10.7015
2022-10-11 16:00:00,569,Coimbatore,3.0,-10.722
2022-10-11 18:00:00,569,Coimbatore,4.5,-10.722
2022-10-11 21:00:00,569,Coimbatore,3.5,-10.722
2022-10-11 22:00:00,569,Coimbatore,3.5,-10.738
2022-10-11 23:00:00,569,Coimbatore,3.333333333333333,-10.738
2022-10-12 01:00:00,569,Coimbatore,0.75,-10.738
2022-10-12 03:00:00,569,Coimbatore,0.8333333333333334,-10.738
2022-10-13 01:00:00,569,Coimbatore,1.0,-10.741
2022-10-14 15:00:00,569,Coimbatore,0.5,-10.7435
2022-10-14 18:00:00,569,Coimbatore,38.5,-10.749
2022-10-14 19:00:00,569,Coimbatore,14.5,-10.749
2022-10-15 00:00:00,569,Coimbatore,1.25,-10.752
2022-10-15 18:00:00,569,Coimbatore,11.5,-10.693
2022-10-15 19:00:00,569,Coimbatore,1.25,-10.693
2022-10-16 16:00:00,569,Coimbatore,1.5,-10.6845
2022-10-16 17:00:00,569,Coimbatore,0.5,-10.6845
2022-10-16 18:00:00,569,Coimbatore,1.0,-10.6845
2022-10-16 22:00:00,569,Coimbatore,3.6666666666666665,-10.689
2022-10-17 00:00:00,569,Coimbatore,1.25,-10.689
2022-10-17 13:00:00,569,Coimbatore,0.5,-10.6645
2022-10-17 14:00:00,569,Coimbatore,1.0,-10.6645
2022-10-17 15:00:00,569,Coimbatore,0.5,-10.6645
2022-10-17 17:00:00,569,Coimbatore,25.25,-10.654
2022-10-17 18:00:00,569,Coimbatore,8.0,-10.654
2022-10-17 19:00:00,569,Coimbatore,9.833333333333334,-10.654
2022-10-17 20:00:00,569,Coimbatore,0.5,-10.654
2022-10-18 18:00:00,569,Coimbatore,0.5,-10.636
2022-10-20 00:00:00,569,Coimbatore,0.5,-10.635000000000002
2022-10-20 17:00:00,569,Coimbatore,35.5,-10.641
2022-10-21 01:00:00,569,Coimbatore,11.75,-10.6745
2022-10-21 02:00:00,569,Coimbatore,5.0,-10.6745
2022-10-21 03:00:00,569,Coimbatore,3.875,-10.6745
2022-10-21 04:00:00,569,Coimbatore,2.1,-10.625
2022-10-21 05:00:00,569,Coimbatore,0.5,-10.625
2022-10-21 06:00:00,569,Coimbatore,0.5,-10.625
2022-10-21 12:00:00,569,Coimbatore,0.5,-10.6065
2022-10-21 13:00:00,569,Coimbatore,11.0,-10.6065
2022-10-21 14:00:00,569,Coimbatore,6.0,-10.6065
2022-10-21 16:00:00,569,Coimbatore,6.5,-10.6175
2022-10-21 17:00:00,569,Coimbatore,17.0,-10.6175
2022-10-21 19:00:00,569,Coimbatore,0.75,-10.6175
2022-10-21 20:00:00,569,Coimbatore,0.5,-10.6175
2022-10-21 21:00:00,569,Coimbatore,0.5,-10.6175
2022-10-21 22:00:00,569,Coimbatore,0.5,-10.6135
2022-10-22 00:00:00,569,Coimbatore,1.0,-10.6135
2022-10-23 15:00:00,569,Coimbatore,15.5,-10.553
2022-10-23 16:00:00,569,Coimbatore,3.0,-10.561
2022-10-23 21:00:00,569,Coimbatore,0.5,-10.561
2022-10-24 03:00:00,569,Coimbatore,0.5,-10.558
2022-10-24 17:00:00,569,Coimbatore,0.5,-10.540500000000002
2022-10-29 15:00:00,569,Coimbatore,2.1666666666666665,-10.5995
2022-10-30 13:00:00,569,Coimbatore,0.5,-12.995
2022-10-31 04:00:00,569,Coimbatore,0.5,-10.5635
2022-11-01 22:00:00,569,Coimbatore,13.0,-10.6005
2022-11-01 23:00:00,569,Coimbatore,6.75,-10.6005
2022-11-02 00:00:00,569,Coimbatore,1.0,-10.6005
2022-11-02 01:00:00,569,Coimbatore,1.25,-10.6005
2022-11-02 02:00:00,569,Coimbatore,0.5,-10.6005
2022-11-02 19:00:00,569,Coimbatore,4.5,-10.583
2022-11-02 20:00:00,569,Coimbatore,8.0,-10.583
2022-11-02 22:00:00,569,Coimbatore,3.5,-10.5745
2022-11-02 23:00:00,569,Coimbatore,7.75,-10.5745
2022-11-03 00:00:00,569,Coimbatore,2.0,-10.5745
2022-11-03 03:00:00,569,Coimbatore,0.5,-10.5745
2022-11-03 04:00:00,569,Coimbatore,0.5,-10.56
2022-11-03 05:00:00,569,Coimbatore,1.8333333333333333,-10.56
2022-11-03 06:00:00,569,Coimbatore,1.3333333333333333,-10.56
2022-11-03 07:00:00,569,Coimbatore,0.5,-10.56
2022-11-04 07:00:00,569,Coimbatore,0.5,-10.549
2022-11-04 15:00:00,569,Coimbatore,4.5,-10.565
2022-11-04 17:00:00,569,Coimbatore,2.0,-10.5665
2022-11-04 18:00:00,569,Coimbatore,2.5,-10.5665
2022-11-04 20:00:00,569,Coimbatore,0.5,-10.5665
2022-11-04 22:00:00,569,Coimbatore,0.5,-10.581499999999998
2022-11-05 01:00:00,569,Coimbatore,0.5,-10.581499999999998
2022-11-05 10:00:00,569,Coimbatore,0.5,-10.578
2022-11-10 23:00:00,569,Coimbatore,2.0,-10.5395
2022-11-11 00:00:00,569,Coimbatore,1.0,-10.5395
2022-11-11 01:00:00,569,Coimbatore,0.5,-10.5395
2022-11-11 02:00:00,569,Coimbatore,0.75,-10.5395
2022-11-11 08:00:00,569,Coimbatore,0.5,-10.540500000000002
2022-11-11 10:00:00,569,Coimbatore,0.5,-10.5455
2022-11-11 11:00:00,569,Coimbatore,0.5,-10.5455
2022-11-11 12:00:00,569,Coimbatore,1.2,-10.5455
2022-11-11 13:00:00,569,Coimbatore,1.1,-10.5455
2022-11-11 14:00:00,569,Coimbatore,1.5,-10.5455
2022-11-11 15:00:00,569,Coimbatore,0.5,-10.5455
2022-11-11 16:00:00,569,Coimbatore,0.875,-10.5255
2022-11-11 17:00:00,569,Coimbatore,1.0,-10.5255
2022-11-11 18:00:00,569,Coimbatore,0.625,-10.5255
2022-11-11 21:00:00,569,Coimbatore,7.0,-10.5255
2022-11-11 22:00:00,569,Coimbatore,4.9,-10.5105
2022-11-11 23:00:00,569,Coimbatore,2.25,-10.5105
2022-11-12 00:00:00,569,Coimbatore,3.8333333333333335,-10.5105
2022-11-12 04:00:00,569,Coimbatore,2.1,-10.493
2022-11-12 05:00:00,569,Coimbatore,2.375,-10.493
2022-11-12 06:00:00,569,Coimbatore,1.5,-10.493
2022-11-12 07:00:00,569,Coimbatore,0.5,-10.493
2022-11-12 10:00:00,569,Coimbatore,0.5,-10.495
2022-11-12 11:00:00,569,Coimbatore,6.5,-10.495
2022-11-12 12:00:00,569,Coimbatore,6.166666666666667,-10.495
2022-11-12 13:00:00,569,Coimbatore,4.25,-10.495
2022-11-12 14:00:00,569,Coimbatore,4.0,-10.495
2022-11-12 15:00:00,569,Coimbatore,5.2,-10.495
2022-11-12 16:00:00,569,Coimbatore,2.6,-10.478
2022-11-12 17:00:00,569,Coimbatore,2.625,-10.478
2022-11-12 19:00:00,569,Coimbatore,1.0,-10.478
2022-11-12 21:00:00,569,Coimbatore,0.8333333333333334,-10.478
2022-11-12 22:00:00,569,Coimbatore,0.5,-10.4515
2022-11-13 04:00:00,569,Coimbatore,6.5,-10.386
2022-11-13 05:00:00,569,Coimbatore,0.5,-10.386
2022-11-13 06:00:00,569,Coimbatore,0.5,-10.386
2022-11-13 12:00:00,569,Coimbatore,0.5,-10.358
2022-11-13 13:00:00,569,Coimbatore,0.5,-10.358
2022-11-13 14:00:00,569,Coimbatore,4.166666666666667,-10.358
2022-11-13 15:00:00,569,Coimbatore,5.5,-10.358
2022-11-13 17:00:00,569,Coimbatore,0.5,-10.324
2022-11-13 18:00:00,569,Coimbatore,0.5,-10.324
2022-11-13 19:00:00,569,Coimbatore,0.75,-10.324
2022-11-13 23:00:00,569,Coimbatore,0.5,-10.264
2022-11-14 13:00:00,569,Coimbatore,24.0,-10.1855
2022-11-14 14:00:00,569,Coimbatore,2.5,-10.1855
2022-11-14 16:00:00,569,Coimbatore,3.25,-10.1335
2022-11-14 17:00:00,569,Coimbatore,4.5,-10.1335
2022-11-14 19:00:00,569,Coimbatore,0.5,-10.1335
2022-11-15 05:00:00,569,Coimbatore,5.0,-10.0665
2022-11-15 15:00:00,569,Coimbatore,4.5,-10.0555
2022-11-15 16:00:00,569,Coimbatore,8.5,-10.0045
2022-11-16 20:00:00,569,Coimbatore,10.5,-9.9115
2022-11-16 21:00:00,569,Coimbatore,15.5,-9.9115
2022-11-16 22:00:00,569,Coimbatore,11.5,-9.882
2022-11-16 23:00:00,569,Coimbatore,0.5,-9.882
2022-11-17 03:00:00,569,Coimbatore,1.5,-9.882
2022-11-17 06:00:00,569,Coimbatore,0.5,-9.8475
2022-11-17 07:00:00,569,Coimbatore,3.0,-9.8475
2022-11-17 08:00:00,569,Coimbatore,0.5,-9.8475
2022-11-17 19:00:00,569,Coimbatore,4.0,-9.8325
2022-11-17 20:00:00,569,Coimbatore,0.5,-9.8325
2022-11-27 17:00:00,569,Coimbatore,4.75,-9.6945
2022-11-27 18:00:00,569,Coimbatore,11.0,-9.6945
2022-11-27 22:00:00,569,Coimbatore,7.5,-9.713
2022-11-27 23:00:00,569,Coimbatore,3.25,-9.713
2022-11-28 13:00:00,569,Coimbatore,0.5,-9.7035
2022-11-28 15:00:00,569,Coimbatore,2.5,-9.7035
2022-11-28 18:00:00,569,Coimbatore,1.5,-9.693
2022-11-28 19:00:00,569,Coimbatore,4.0,-9.693
2022-11-28 20:00:00,569,Coimbatore,3.5,-9.693
2022-11-29 00:00:00,569,Coimbatore,0.5,-9.6955
2022-11-29 01:00:00,569,Coimbatore,0.5,-9.6955
2022-11-29 15:00:00,569,Coimbatore,1.5,-9.6845
2022-11-30 13:00:00,569,Coimbatore,0.5,-9.7055
2022-12-02 04:00:00,569,Coimbatore,0.5,-9.688
2022-12-02 05:00:00,569,Coimbatore,0.5,-9.688
2022-12-02 06:00:00,569,Coimbatore,0.5,-9.688
2022-12-02 22:00:00,569,Coimbatore,8.0,-9.694
2022-12-04 11:00:00,569,Coimbatore,0.5,-9.72
2022-12-04 15:00:00,569,Coimbatore,3.0,-9.72
2022-12-04 16:00:00,569,Coimbatore,12.5,-9.7105
2022-12-04 17:00:00,569,Coimbatore,0.75,-9.7105
2022-12-04 18:00:00,569,Coimbatore,4.0,-9.7105
2022-12-04 19:00:00,569,Coimbatore,4.166666666666667,-9.7105
2022-12-04 21:00:00,569,Coimbatore,0.5,-9.7105
2022-12-04 22:00:00,569,Coimbatore,1.8333333333333333,-9.7195
2022-12-04 23:00:00,569,Coimbatore,0.5,-9.7195
2022-12-05 01:00:00,569,Coimbatore,0.5,-9.7195
2022-12-05 11:00:00,569,Coimbatore,0.5,-9.7365
2022-12-09 05:00:00,569,Coimbatore,0.5,-9.6265
2022-12-09 06:00:00,569,Coimbatore,1.0,-9.6265
2022-12-09 07:00:00,569,Coimbatore,2.75,-9.6265
2022-12-09 08:00:00,569,Coimbatore,1.5,-9.6265
2022-12-09 09:00:00,569,Coimbatore,3.5,-9.6265
2022-12-09 12:00:00,569,Coimbatore,0.5,-9.6285
2022-12-09 13:00:00,569,Coimbatore,0.5,-9.6285
2022-12-09 14:00:00,569,Coimbatore,1.0,-9.6285
2022-12-09 15:00:00,569,Coimbatore,1.25,-9.6285
2022-12-09 16:00:00,569,Coimbatore,1.0,-9.616
2022-12-09 17:00:00,569,Coimbatore,1.3333333333333333,-9.616
2022-12-09 18:00:00,569,Coimbatore,1.1666666666666667,-9.616
2022-12-09 19:00:00,569,Coimbatore,0.8333333333333334,-9.616
2022-12-09 20:00:00,569,Coimbatore,0.75,-9.616
2022-12-09 21:00:00,569,Coimbatore,1.5,-9.616
2022-12-09 22:00:00,569,Coimbatore,0.5,-9.5995
2022-12-09 23:00:00,569,Coimbatore,0.75,-9.5995
2022-12-10 00:00:00,569,Coimbatore,0.5,-9.5995
2022-12-10 02:00:00,569,Coimbatore,0.5,-9.5995
2022-12-10 17:00:00,569,Coimbatore,0.5,-9.581
2022-12-10 18:00:00,569,Coimbatore,0.5,-9.581
2022-12-10 19:00:00,569,Coimbatore,0.5,-9.581
2022-12-10 21:00:00,569,Coimbatore,0.5,-9.581
2022-12-10 23:00:00,569,Coimbatore,0.5,-9.5675
2022-12-11 02:00:00,569,Coimbatore,0.5,-9.5675
2022-12-11 05:00:00,569,Coimbatore,0.5,-9.554
2022-12-11 06:00:00,569,Coimbatore,0.5,-9.554
2022-12-11 08:00:00,569,Coimbatore,1.0,-9.554
2022-12-11 09:00:00,569,Coimbatore,3.0,-9.554
2022-12-11 10:00:00,569,Coimbatore,4.5,-9.5735
2022-12-11 11:00:00,569,Coimbatore,5.5,-9.5735
2022-12-11 12:00:00,569,Coimbatore,4.5,-9.5735
2022-12-11 13:00:00,569,Coimbatore,3.0,-9.5735
2022-12-11 14:00:00,569,Coimbatore,1.5,-9.5735
2022-12-11 15:00:00,569,Coimbatore,1.0,-9.5735
2022-12-11 16:00:00,569,Coimbatore,0.5,-9.574
2022-12-11 17:00:00,569,Coimbatore,0.5,-9.574
2022-12-11 19:00:00,569,Coimbatore,0.5,-9.574
2022-12-11 22:00:00,569,Coimbatore,0.5,-9.5535
2022-12-11 23:00:00,569,Coimbatore,1.0,-9.5535
2022-12-12 00:00:00,569,Coimbatore,0.5,-9.5535
2022-12-12 01:00:00,569,Coimbatore,2.833333333333333,-9.5535
2022-12-12 02:00:00,569,Coimbatore,11.166666666666666,-9.5535
2022-12-12 03:00:00,569,Coimbatore,1.5,-9.5535
2022-12-12 04:00:00,569,Coimbatore,0.6666666666666666,-9.545
2022-12-12 05:00:00,569,Coimbatore,0.5,-9.545
2022-12-12 06:00:00,569,Coimbatore,3.375,-9.545
2022-12-12 07:00:00,569,Coimbatore,3.375,-9.545
2022-12-12 08:00:00,569,Coimbatore,0.5,-9.545
2022-12-12 09:00:00,569,Coimbatore,4.0,-9.545
2022-12-12 10:00:00,569,Coimbatore,1.6666666666666667,-9.5535
2022-12-12 11:00:00,569,Coimbatore,0.5,-9.5535
2022-12-12 12:00:00,569,Coimbatore,1.0,-9.5535
2022-12-12 13:00:00,569,Coimbatore,0.5,-9.5535
2022-12-12 15:00:00,569,Coimbatore,0.5,-9.5535
2022-12-13 01:00:00,569,Coimbatore,0.5,-9.536
2022-12-13 09:00:00,569,Coimbatore,0.5,-9.5395
2022-12-13 16:00:00,569,Coimbatore,12.5,-9.5475
2022-12-13 18:00:00,569,Coimbatore,11.5,-9.5475
2022-12-13 19:00:00,569,Coimbatore,13.666666666666666,-9.5475
2022-12-13 20:00:00,569,Coimbatore,3.0,-9.5475
2022-12-13 21:00:00,569,Coimbatore,2.833333333333333,-9.5475
2022-12-13 22:00:00,569,Coimbatore,2.5,-9.546
2022-12-14 00:00:00,569,Coimbatore,0.5,-9.546
2022-12-14 01:00:00,569,Coimbatore,3.0,-9.546
2022-12-14 02:00:00,569,Coimbatore,0.5,-9.546
2022-12-14 03:00:00,569,Coimbatore,1.0,-9.546
2022-12-14 04:00:00,569,Coimbatore,0.5,-9.526
2022-12-14 13:00:00,569,Coimbatore,1.5,-9.529
2022-12-14 14:00:00,569,Coimbatore,1.5,-9.529
2022-12-14 15:00:00,569,Coimbatore,0.5,-9.529
2022-12-14 16:00:00,569,Coimbatore,1.5,-9.5345
2022-12-14 17:00:00,569,Coimbatore,4.0,-9.5345
2022-12-14 18:00:00,569,Coimbatore,1.5,-9.5345
2022-12-14 19:00:00,569,Coimbatore,1.0,-9.5345
2022-12-14 20:00:00,569,Coimbatore,1.0,-9.5345
2022-12-20 19:00:00,569,Coimbatore,0.5,-9.5035
2022-12-25 19:00:00,569,Coimbatore,3.0,-9.6505
2022-12-25 20:00:00,569,Coimbatore,4.166666666666667,-9.6505
2022-12-25 21:00:00,569,Coimbatore,2.75,-9.6505
2022-12-25 22:00:00,569,Coimbatore,0.6666666666666666,-9.6495
2022-12-25 23:00:00,569,Coimbatore,1.8333333333333333,-9.6495
2022-12-26 00:00:00,569,Coimbatore,1.0,-9.6495
2022-12-26 01:00:00,569,Coimbatore,0.5,-9.6495
2022-12-26 09:00:00,569,Coimbatore,1.5,-9.66
2022-12-26 10:00:00,569,Coimbatore,1.5,-9.66
2022-12-26 14:00:00,569,Coimbatore,0.5,-9.66
2022-12-26 16:00:00,569,Coimbatore,0.75,-9.656
2022-12-26 17:00:00,569,Coimbatore,1.0,-9.656
2022-12-26 18:00:00,569,Coimbatore,1.5,-9.656
2022-12-26 21:00:00,569,Coimbatore,0.5,-9.656
2022-12-27 01:00:00,569,Coimbatore,0.5,-9.645
2022-12-27 02:00:00,569,Coimbatore,1.0,-9.645
2022-12-27 12:00:00,569,Coimbatore,1.0,-9.623
2022-12-27 14:00:00,569,Coimbatore,0.5,-9.623
2022-12-27 16:00:00,569,Coimbatore,0.5,-9.6065
2022-12-27 18:00:00,569,Coimbatore,1.0,-9.6065
2022-12-27 19:00:00,569,Coimbatore,0.5,-9.6065
2023-01-16 00:00:00,569,Coimbatore,0.5,-9.877
2023-01-25 21:00:00,569,Coimbatore,0.5,-10.0625
2023-01-26 03:00:00,569,Coimbatore,0.5,-10.0655
2023-01-26 04:00:00,569,Coimbatore,0.5,-10.059
2023-01-26 06:00:00,569,Coimbatore,0.5,-10.059
2023-01-26 11:00:00,569,Coimbatore,0.5,-10.1025
2023-01-26 17:00:00,569,Coimbatore,0.5,-10.114999999999998
2023-02-02 21:00:00,569,Coimbatore,0.5,-10.2735
2023-02-03 16:00:00,569,Coimbatore,0.5,-10.2885
2023-02-03 17:00:00,569,Coimbatore,1.0,-10.2885
2023-02-03 20:00:00,569,Coimbatore,0.5,-10.2885
2023-02-03 21:00:00,569,Coimbatore,0.75,-10.2885
2023-02-03 22:00:00,569,Coimbatore,2.0,-10.296
2023-02-03 23:00:00,569,Coimbatore,0.5,-10.296
2023-02-04 00:00:00,569,Coimbatore,0.5,-10.296
2023-02-04 02:00:00,569,Coimbatore,0.5,-10.296
2023-02-04 03:00:00,569,Coimbatore,1.25,-10.296
2023-02-04 04:00:00,569,Coimbatore,0.5,-10.2875
2023-02-04 05:00:00,569,Coimbatore,0.5,-10.2875
2023-02-04 06:00:00,569,Coimbatore,1.5,-10.2875
2023-03-13 17:00:00,569,Coimbatore,3.5,-11.125
2023-03-13 18:00:00,569,Coimbatore,2.0,-11.125
2023-03-13 19:00:00,569,Coimbatore,1.5,-11.125
2023-03-15 18:00:00,569,Coimbatore,0.5,-11.212
2023-03-15 19:00:00,569,Coimbatore,0.5,-11.212
2023-03-16 16:00:00,569,Coimbatore,0.5,-11.2555
2023-03-16 17:00:00,569,Coimbatore,1.0,-11.2555
2023-03-16 18:00:00,569,Coimbatore,0.5,-11.2555
2023-03-16 19:00:00,569,Coimbatore,3.25,-11.2555
2023-03-16 21:00:00,569,Coimbatore,2.1666666666666665,-11.2555
2023-03-16 22:00:00,569,Coimbatore,1.3333333333333333,-11.2525
2023-03-17 03:00:00,569,Coimbatore,0.5,-11.2525
2023-03-17 10:00:00,569,Coimbatore,0.5,-13.073
2023-03-17 19:00:00,569,Coimbatore,0.5,-11.309
2023-03-17 20:00:00,569,Coimbatore,0.75,-11.309
2023-03-18 15:00:00,569,Coimbatore,0.5,-11.3465
2023-03-19 15:00:00,569,Coimbatore,0.5,-11.365
2023-03-19 16:00:00,569,Coimbatore,1.0,-11.3675
2023-03-20 16:00:00,569,Coimbatore,0.5,-11.4185
2023-03-21 09:00:00,569,Coimbatore,0.5,-11.406
2023-03-21 13:00:00,569,Coimbatore,0.5,-11.437
2023-03-21 18:00:00,569,Coimbatore,0.5,-11.469
2023-03-22 12:00:00,569,Coimbatore,0.5,-11.475
2023-03-22 17:00:00,569,Coimbatore,0.5,-11.4945
2023-03-23 10:00:00,569,Coimbatore,0.5,-11.548
2023-03-25 16:00:00,569,Coimbatore,0.5,-11.6435
2023-03-25 18:00:00,569,Coimbatore,0.5,-11.6435
2023-03-25 21:00:00,569,Coimbatore,0.5,-11.6435
2023-03-26 00:00:00,569,Coimbatore,0.5,-11.64
2023-03-26 03:00:00,569,Coimbatore,0.5,-11.64
2023-03-26 06:00:00,569,Coimbatore,0.5,-11.6295
2023-03-26 09:00:00,569,Coimbatore,0.5,-11.6295
2023-03-26 11:00:00,569,Coimbatore,0.5,-11.655
2023-03-26 13:00:00,569,Coimbatore,0.5,-11.655
2023-03-26 14:00:00,569,Coimbatore,0.5,-11.655
2023-03-26 16:00:00,569,Coimbatore,0.5,-11.6585
2023-03-26 18:00:00,569,Coimbatore,0.5,-11.6585
2023-03-26 19:00:00,569,Coimbatore,0.5,-11.6585
2023-03-26 20:00:00,569,Coimbatore,0.5,-11.6585
2023-03-26 21:00:00,569,Coimbatore,0.5,-11.6585
2023-03-26 22:00:00,569,Coimbatore,0.5,-11.6325
2023-03-26 23:00:00,569,Coimbatore,0.5,-11.6325
2023-03-27 00:00:00,569,Coimbatore,0.5,-11.6325
2023-03-27 01:00:00,569,Coimbatore,0.5,-11.6325
2023-03-27 02:00:00,569,Coimbatore,0.5,-11.6325
2023-03-27 03:00:00,569,Coimbatore,0.5,-11.6325
2023-03-27 04:00:00,569,Coimbatore,0.5,-11.617
2023-03-27 05:00:00,569,Coimbatore,0.5,-11.617
2023-03-27 06:00:00,569,Coimbatore,0.5,-11.617
2023-03-27 07:00:00,569,Coimbatore,0.5,-11.617
2023-03-27 08:00:00,569,Coimbatore,0.5,-11.617
2023-03-27 09:00:00,569,Coimbatore,0.5,-11.617
2023-03-27 10:00:00,569,Coimbatore,0.5,-11.6235
2023-03-27 11:00:00,569,Coimbatore,0.5,-11.6235
2023-03-27 12:00:00,569,Coimbatore,1.0,-11.6235
2023-03-27 13:00:00,569,Coimbatore,1.0,-11.6235
2023-03-27 14:00:00,569,Coimbatore,1.0,-11.6235
2023-03-27 15:00:00,569,Coimbatore,1.0,-11.6235
2023-03-27 16:00:00,569,Coimbatore,1.0,-11.652
2023-03-27 17:00:00,569,Coimbatore,1.0,-11.652
2023-03-27 18:00:00,569,Coimbatore,1.0,-11.652
2023-03-27 19:00:00,569,Coimbatore,0.5,-11.652
2023-03-27 20:00:00,569,Coimbatore,0.5,-11.652
2023-03-27 21:00:00,569,Coimbatore,0.5,-11.652
2023-03-27 22:00:00,569,Coimbatore,0.5,-11.625
2023-03-27 23:00:00,569,Coimbatore,0.5,-11.625
2023-03-28 00:00:00,569,Coimbatore,0.5,-11.625
2023-03-28 01:00:00,569,Coimbatore,0.5,-11.625
2023-03-28 02:00:00,569,Coimbatore,0.5,-11.625
2023-03-28 03:00:00,569,Coimbatore,0.5,-11.625
2023-03-28 04:00:00,569,Coimbatore,0.5,-13.424
2023-03-28 06:00:00,569,Coimbatore,0.5,-13.424
2023-03-28 07:00:00,569,Coimbatore,0.5,-13.424
2023-03-28 08:00:00,569,Coimbatore,0.5,-13.424
2023-03-28 09:00:00,569,Coimbatore,0.5,-13.424
2023-03-28 10:00:00,569,Coimbatore,0.5,-13.442
2023-03-28 11:00:00,569,Coimbatore,0.5,-13.442
2023-03-28 12:00:00,569,Coimbatore,0.5,-13.442
2023-03-28 13:00:00,569,Coimbatore,1.0,-13.442
2023-03-28 14:00:00,569,Coimbatore,0.5,-13.442
2023-03-28 15:00:00,569,Coimbatore,0.5,-13.442
2023-03-28 16:00:00,569,Coimbatore,0.5,-11.649
2023-03-28 17:00:00,569,Coimbatore,0.5,-11.649
2023-03-28 20:00:00,569,Coimbatore,0.5,-11.649
2023-03-28 21:00:00,569,Coimbatore,0.5,-11.649
2023-03-28 22:00:00,569,Coimbatore,0.5,-11.6315
2023-03-28 23:00:00,569,Coimbatore,0.5,-11.6315
2023-03-29 01:00:00,569,Coimbatore,0.5,-11.6315
2023-03-29 02:00:00,569,Coimbatore,0.5,-11.6315
2023-03-29 03:00:00,569,Coimbatore,0.5,-11.6315
2023-03-29 05:00:00,569,Coimbatore,0.5,-11.6135
2023-03-29 06:00:00,569,Coimbatore,0.5,-11.6135
2023-03-29 07:00:00,569,Coimbatore,0.5,-11.6135
2023-03-29 09:00:00,569,Coimbatore,0.5,-11.6135
2023-03-29 10:00:00,569,Coimbatore,0.5,-11.634
2023-03-29 11:00:00,569,Coimbatore,0.5,-11.634
2023-03-29 12:00:00,569,Coimbatore,0.5,-11.634
2023-03-29 13:00:00,569,Coimbatore,0.5,-11.634
2023-03-29 14:00:00,569,Coimbatore,0.5,-11.634
2023-03-29 19:00:00,569,Coimbatore,0.5,-11.6485
2023-03-30 01:00:00,569,Coimbatore,0.5,-11.631
2023-03-30 07:00:00,569,Coimbatore,0.5,-11.6155
2023-03-30 11:00:00,569,Coimbatore,0.5,-11.6545
2023-03-30 14:00:00,569,Coimbatore,0.5,-11.6545
2023-03-30 18:00:00,569,Coimbatore,1.75,-11.664
2023-03-30 19:00:00,569,Coimbatore,6.25,-11.664
2023-03-30 20:00:00,569,Coimbatore,1.0,-11.664
2023-03-30 23:00:00,569,Coimbatore,0.5,-11.641
2023-03-31 03:00:00,569,Coimbatore,0.5,-11.641
2023-03-31 05:00:00,569,Coimbatore,0.5,-11.63
2023-03-31 11:00:00,569,Coimbatore,0.5,-11.642
2023-03-31 14:00:00,569,Coimbatore,0.5,-11.642
2023-03-31 17:00:00,569,Coimbatore,0.5,-11.677
2023-03-31 22:00:00,569,Coimbatore,0.5,-11.6665
2023-04-01 04:00:00,569,Coimbatore,0.5,-11.6605
2023-04-01 11:00:00,569,Coimbatore,0.5,-11.6795
2023-04-01 15:00:00,569,Coimbatore,0.5,-11.6795
2023-04-01 21:00:00,569,Coimbatore,0.5,-11.6805
2023-04-02 12:00:00,569,Coimbatore,0.5,-11.6885
2023-04-02 20:00:00,569,Coimbatore,0.5,-11.707
2023-04-04 00:00:00,569,Coimbatore,0.5,-11.745
2023-04-04 10:00:00,569,Coimbatore,0.5,-11.768
2023-04-05 06:00:00,569,Coimbatore,0.5,-11.725
2023-04-21 16:00:00,569,Coimbatore,11.5,-12.2175
2023-04-21 17:00:00,569,Coimbatore,1.5,-12.2175
2023-04-22 18:00:00,569,Coimbatore,7.0,-12.1805
2023-04-22 19:00:00,569,Coimbatore,15.5,-12.1805
2023-04-23 17:00:00,569,Coimbatore,32.5,-12.175
2023-04-23 18:00:00,569,Coimbatore,12.5,-12.175
2023-04-23 19:00:00,569,Coimbatore,0.5,-12.175
2023-04-25 15:00:00,569,Coimbatore,7.0,-12.2765
2023-04-25 16:00:00,569,Coimbatore,3.25,-12.261500000000002
2023-04-25 17:00:00,569,Coimbatore,2.0,-12.261500000000002
2023-04-25 18:00:00,569,Coimbatore,3.5,-12.261500000000002
2023-04-25 19:00:00,569,Coimbatore,1.0,-12.261500000000002
2023-04-25 20:00:00,569,Coimbatore,0.5,-12.261500000000002
2023-04-25 22:00:00,569,Coimbatore,0.5,-12.247
2023-04-26 21:00:00,569,Coimbatore,0.6666666666666666,-12.274
2023-04-26 22:00:00,569,Coimbatore,1.1666666666666667,-12.257
2023-04-26 23:00:00,569,Coimbatore,0.8333333333333334,-12.257
2023-04-27 04:00:00,569,Coimbatore,0.5,-12.2355
2023-04-29 08:00:00,569,Coimbatore,0.5,-12.2365
2023-04-29 13:35:00,569,Coimbatore,0.5,-12.2665
2023-04-29 13:40:00,569,Coimbatore,1.0,-12.2665
2023-04-29 13:45:00,569,Coimbatore,1.0,-12.2665
2023-04-29 13:50:00,569,Coimbatore,1.5,-12.2665
2023-04-29 13:55:00,569,Coimbatore,2.0,-12.2665
2023-04-29 14:00:00,569,Coimbatore,2.5,-12.2665
2023-04-29 14:10:00,569,Coimbatore,1.0,-12.2665
2023-04-29 14:15:00,569,Coimbatore,1.5,-12.2665
2023-04-29 14:20:00,569,Coimbatore,2.0,-12.2665
2023-04-29 14:25:00,569,Coimbatore,2.5,-12.2665
2023-04-29 14:30:00,569,Coimbatore,3.0,-12.2665
2023-04-29 14:35:00,569,Coimbatore,3.0,-12.2665
2023-04-29 14:40:00,569,Coimbatore,3.5,-12.2665
2023-04-29 14:45:00,569,Coimbatore,4.5,-12.2665
2023-04-29 14:50:00,569,Coimbatore,4.5,-12.2665
2023-04-29 14:55:00,569,Coimbatore,5.0,-12.2665
2023-04-29 15:00:00,569,Coimbatore,5.0,-12.2665
2023-04-29 16:00:00,569,Coimbatore,5.25,-12.2945
2023-04-29 18:00:00,569,Coimbatore,0.5,-12.2945
2023-04-29 20:00:00,569,Coimbatore,2.5,-12.2945
2023-04-29 21:00:00,569,Coimbatore,0.8333333333333334,-12.2945
2023-04-29 21:45:00,569,Coimbatore,0.5,-12.253
2023-04-29 21:50:00,569,Coimbatore,0.5,-12.253
2023-04-29 21:55:00,569,Coimbatore,0.5,-12.253
2023-04-29 22:00:00,569,Coimbatore,2.5,-12.253
2023-04-29 23:00:00,569,Coimbatore,1.0,-12.253
2023-04-30 12:55:00,569,Coimbatore,0.5,-12.295000000000002
2023-04-30 13:00:00,569,Coimbatore,2.5,-12.295000000000002
2023-04-30 13:05:00,569,Coimbatore,1.0,-12.295000000000002
2023-04-30 13:10:00,569,Coimbatore,1.5,-12.295000000000002
2023-04-30 13:15:00,569,Coimbatore,1.5,-12.295000000000002
2023-04-30 13:20:00,569,Coimbatore,2.5,-12.295000000000002
2023-04-30 13:25:00,569,Coimbatore,3.5,-12.295000000000002
2023-04-30 13:30:00,569,Coimbatore,4.0,-12.295000000000002
2023-04-30 13:35:00,569,Coimbatore,5.5,-12.295000000000002
2023-04-30 13:40:00,569,Coimbatore,6.0,-12.295000000000002
2023-04-30 13:45:00,569,Coimbatore,7.0,-12.295000000000002
2023-04-30 13:50:00,569,Coimbatore,8.5,-12.295000000000002
2023-04-30 13:55:00,569,Coimbatore,9.0,-12.295000000000002
2023-04-30 14:00:00,569,Coimbatore,9.5,-12.295000000000002
2023-04-30 14:15:00,569,Coimbatore,0.5,-12.295000000000002
2023-04-30 14:20:00,569,Coimbatore,0.5,-12.295000000000002
2023-04-30 14:25:00,569,Coimbatore,1.5,-12.295000000000002
2023-04-30 14:30:00,569,Coimbatore,2.0,-12.295000000000002
2023-04-30 14:35:00,569,Coimbatore,2.0,-12.295000000000002
2023-04-30 14:40:00,569,Coimbatore,2.0,-12.295000000000002
2023-04-30 14:50:00,569,Coimbatore,2.0,-12.295000000000002
2023-04-30 14:55:00,569,Coimbatore,2.0,-12.295000000000002
2023-04-30 15:00:00,569,Coimbatore,2.0,-12.295000000000002
2023-04-30 16:00:00,569,Coimbatore,14.5,-12.268
2023-04-30 17:00:00,569,Coimbatore,2.0,-12.268
2023-04-30 18:00:00,569,Coimbatore,3.0,-12.268
2023-04-30 20:00:00,569,Coimbatore,0.5,-12.268
2023-04-30 21:00:00,569,Coimbatore,0.5,-12.268
2023-05-01 01:55:00,569,Coimbatore,0.5,-12.267
2023-05-01 02:00:00,569,Coimbatore,0.5,-12.267
2023-05-01 02:50:00,569,Coimbatore,0.5,-12.267
2023-05-01 02:55:00,569,Coimbatore,0.5,-12.267
2023-05-01 03:00:00,569,Coimbatore,1.0,-12.267
2023-05-01 03:10:00,569,Coimbatore,0.5,-12.2625
2023-05-01 03:15:00,569,Coimbatore,0.5,-12.2625
2023-05-01 03:20:00,569,Coimbatore,0.5,-12.2625
2023-05-01 03:25:00,569,Coimbatore,0.5,-12.2625
2023-05-01 03:30:00,569,Coimbatore,0.5,-12.2625
2023-05-01 03:35:00,569,Coimbatore,0.5,-12.2625
2023-05-01 03:40:00,569,Coimbatore,0.5,-12.2625
2023-05-01 03:45:00,569,Coimbatore,0.5,-12.2625
2023-05-01 03:50:00,569,Coimbatore,1.0,-12.2625
2023-05-01 03:55:00,569,Coimbatore,1.0,-12.2625
2023-05-01 04:00:00,569,Coimbatore,1.0,-12.2625
2023-05-01 04:05:00,569,Coimbatore,0.5,-12.2625
2023-05-01 04:10:00,569,Coimbatore,0.5,-12.2625
2023-05-01 04:15:00,569,Coimbatore,0.5,-12.2625
2023-05-01 04:20:00,569,Coimbatore,1.0,-12.2625
2023-05-01 04:25:00,569,Coimbatore,1.0,-12.2625
2023-05-01 04:30:00,569,Coimbatore,1.5,-12.2625
2023-05-01 04:35:00,569,Coimbatore,1.5,-12.2625
2023-05-01 04:40:00,569,Coimbatore,2.0,-12.2625
2023-05-01 04:45:00,569,Coimbatore,2.0,-12.2625
2023-05-01 04:50:00,569,Coimbatore,2.0,-12.2625
2023-05-01 04:55:00,569,Coimbatore,2.0,-12.2625
2023-05-01 05:00:00,569,Coimbatore,2.0,-12.2625
2023-05-01 16:00:00,569,Coimbatore,22.0,-12.261
2023-05-01 17:00:00,569,Coimbatore,6.0,-12.261
2023-05-01 18:00:00,569,Coimbatore,1.25,-12.261
2023-05-01 19:00:00,569,Coimbatore,3.0,-12.261
2023-05-01 20:00:00,569,Coimbatore,1.25,-12.261
2023-05-01 21:00:00,569,Coimbatore,0.5,-12.261
2023-05-02 15:00:00,569,Coimbatore,28.0,-12.273
2023-05-02 16:00:00,569,Coimbatore,17.0,-12.2515
2023-05-02 17:00:00,569,Coimbatore,14.5,-12.2515
2023-05-02 18:00:00,569,Coimbatore,17.5,-12.2515
2023-05-02 19:00:00,569,Coimbatore,0.75,-12.2515
2023-05-02 20:00:00,569,Coimbatore,0.5,-12.2515
2023-05-02 21:00:00,569,Coimbatore,1.0,-12.2515
2023-05-02 22:00:00,569,Coimbatore,0.5,-12.2285
2023-05-03 02:00:00,569,Coimbatore,1.25,-12.2285
2023-05-03 07:00:00,569,Coimbatore,1.0,-12.2015
2023-05-03 13:00:00,569,Coimbatore,0.5,-12.2025
2023-05-03 14:00:00,569,Coimbatore,3.0,-12.751
2023-05-03 15:00:00,569,Coimbatore,2.0,-12.751
2023-05-03 16:00:00,569,Coimbatore,0.5,-12.751
2023-05-03 17:00:00,569,Coimbatore,5.5,-11.59
2023-05-03 18:00:00,569,Coimbatore,0.5,-11.59
2023-05-04 21:00:00,569,Coimbatore,2.5,-11.5475
2023-05-04 23:00:00,569,Coimbatore,0.5,-11.5385
2023-05-06 16:00:00,569,Coimbatore,17.5,-11.494
2023-05-06 17:00:00,569,Coimbatore,0.5,-11.494
2023-05-06 18:00:00,569,Coimbatore,1.5,-11.494
2023-05-06 19:00:00,569,Coimbatore,1.0,-11.494
2023-05-06 23:00:00,569,Coimbatore,3.0,-11.4825
2023-05-07 00:00:00,569,Coimbatore,3.75,-11.4825
2023-05-07 01:00:00,569,Coimbatore,2.0,-11.4825
2023-05-07 02:00:00,569,Coimbatore,0.625,-11.4825
2023-05-07 03:00:00,569,Coimbatore,0.5,-11.4825
2023-05-07 04:00:00,569,Coimbatore,0.5,-11.458
2023-05-08 16:00:00,569,Coimbatore,0.75,-11.3975
2023-05-08 17:00:00,569,Coimbatore,1.5,-11.3975
2023-05-08 18:00:00,569,Coimbatore,6.5,-11.3975
2023-05-08 19:00:00,569,Coimbatore,0.5,-11.3975
2023-05-08 23:00:00,569,Coimbatore,1.0,-11.4105
2023-05-09 00:00:00,569,Coimbatore,0.5,-11.4105
2023-05-09 09:00:00,569,Coimbatore,0.5,-11.383500000000002
2023-05-09 15:00:00,569,Coimbatore,5.5,-11.404
2023-05-09 19:00:00,569,Coimbatore,1.0,-11.3675
2023-05-10 08:00:00,569,Coimbatore,0.5,-11.3385
2023-05-10 15:00:00,569,Coimbatore,5.0,-11.3615
2023-05-10 16:00:00,569,Coimbatore,1.5,-11.3565
2023-05-10 21:00:00,569,Coimbatore,10.0,-11.3565
2023-05-11 00:00:00,569,Coimbatore,3.0,-11.3305
2023-05-11 03:00:00,569,Coimbatore,0.5,-11.3305
2023-05-11 04:00:00,569,Coimbatore,0.5,-11.311
2023-05-11 15:00:00,569,Coimbatore,0.5,-11.3395
2023-05-11 16:00:00,569,Coimbatore,0.5,-11.3155
2023-05-11 18:00:00,569,Coimbatore,1.0,-11.3155
2023-05-11 19:00:00,569,Coimbatore,1.0,-11.3155
2023-06-07 00:00:00,569,Coimbatore,1.0,-11.6945
2023-06-07 03:00:00,569,Coimbatore,0.5,-11.6945
2023-06-07 14:00:00,569,Coimbatore,2.0,-11.7125
2023-06-07 18:00:00,569,Coimbatore,1.0,-11.717
2023-06-07 22:00:00,569,Coimbatore,0.5,-11.709
2023-06-07 23:00:00,569,Coimbatore,0.5,-11.709
2023-06-10 01:00:00,569,Coimbatore,0.5,-11.762
2023-06-10 06:00:00,569,Coimbatore,0.5,-11.771999999999998
2023-06-10 12:00:00,569,Coimbatore,0.5,-11.8085
2023-06-10 14:00:00,569,Coimbatore,3.75,-11.8085
2023-06-11 04:00:00,569,Coimbatore,0.5,-11.7965
2023-06-11 08:00:00,569,Coimbatore,1.0,-11.7965
2023-06-11 16:00:00,569,Coimbatore,1.25,-11.82
2023-06-12 00:00:00,569,Coimbatore,0.75,-11.8105
2023-06-12 07:00:00,569,Coimbatore,0.5,-11.807
2023-06-12 08:00:00,569,Coimbatore,0.5,-11.807
2023-06-12 09:00:00,569,Coimbatore,0.5,-11.807
2023-06-12 10:00:00,569,Coimbatore,1.5,-11.8195
2023-06-12 11:00:00,569,Coimbatore,0.5,-11.8195
2023-06-12 14:00:00,569,Coimbatore,0.5,-11.8195
2023-06-12 15:00:00,569,Coimbatore,5.0,-11.8195
2023-06-12 16:00:00,569,Coimbatore,7.5,-11.8255
2023-06-12 17:00:00,569,Coimbatore,0.6666666666666666,-11.8255
2023-06-12 18:00:00,569,Coimbatore,0.5,-11.8255
2023-06-13 07:00:00,569,Coimbatore,0.5,-11.847
2023-06-13 11:00:00,569,Coimbatore,0.5,-11.831
2023-06-13 13:00:00,569,Coimbatore,0.5,-11.831
2023-06-13 15:00:00,569,Coimbatore,0.5,-11.831
2023-06-14 07:00:00,569,Coimbatore,0.5,-11.792
2023-06-14 08:00:00,569,Coimbatore,0.5,-11.792
2023-06-14 09:00:00,569,Coimbatore,0.5,-11.792
2023-06-14 12:00:00,569,Coimbatore,0.5,-11.813
2023-06-14 17:00:00,569,Coimbatore,2.5,-11.815
2023-06-15 09:00:00,569,Coimbatore,1.0,-11.8045
2023-06-15 10:00:00,569,Coimbatore,0.5,-11.8235
2023-06-15 11:00:00,569,Coimbatore,2.0,-11.8235
2023-06-15 12:00:00,569,Coimbatore,3.0,-11.8235
2023-06-15 15:00:00,569,Coimbatore,0.5,-11.8235
2023-06-16 04:00:00,569,Coimbatore,2.5,-11.812
2023-06-16 13:00:00,569,Coimbatore,0.5,-11.8405
2023-06-16 15:00:00,569,Coimbatore,1.0,-11.8405
2023-06-16 16:00:00,569,Coimbatore,0.5,-11.8445
2023-06-17 00:00:00,569,Coimbatore,0.5,-11.8415
2023-06-17 07:00:00,569,Coimbatore,4.5,-11.837
2023-06-17 08:00:00,569,Coimbatore,1.0,-11.837
2023-06-17 13:00:00,569,Coimbatore,1.5,-11.888
2023-06-17 16:00:00,569,Coimbatore,0.5,-11.887
2023-06-18 03:00:00,569,Coimbatore,2.0,-11.8875
2023-06-18 05:00:00,569,Coimbatore,2.5,-11.9315
2023-06-18 13:00:00,569,Coimbatore,5.5,-11.91
2023-06-18 14:00:00,569,Coimbatore,2.0,-11.91
2023-06-20 15:00:00,569,Coimbatore,2.0,-11.9155
2023-06-20 16:00:00,569,Coimbatore,7.0,-11.9285
2023-06-20 18:00:00,569,Coimbatore,0.5,-11.9285
2023-06-20 19:00:00,569,Coimbatore,0.5,-11.9285
2023-06-20 23:00:00,569,Coimbatore,1.0,-11.945
2023-06-21 15:00:00,569,Coimbatore,7.5,-11.9485
2023-06-21 16:00:00,569,Coimbatore,0.5,-11.9465
2023-06-22 19:00:00,569,Coimbatore,0.5,-11.9295
2023-06-22 20:00:00,569,Coimbatore,1.0,-11.9295
2023-06-22 21:00:00,569,Coimbatore,0.5,-11.9295
2023-06-23 15:00:00,569,Coimbatore,2.0,-11.9355
2023-06-23 16:00:00,569,Coimbatore,2.5,-11.925999999999998
2023-06-23 19:00:00,569,Coimbatore,1.5,-11.925999999999998
2023-06-23 20:00:00,569,Coimbatore,2.5,-11.925999999999998
2023-06-23 21:00:00,569,Coimbatore,2.5,-11.925999999999998
2023-06-23 22:00:00,569,Coimbatore,0.5,-11.9675
2023-06-25 16:00:00,569,Coimbatore,1.0,-11.938
2023-06-25 22:00:00,569,Coimbatore,0.5,-12.005
2023-06-25 23:00:00,569,Coimbatore,2.0,-12.005
2023-06-26 00:00:00,569,Coimbatore,2.1666666666666665,-12.005
2023-06-26 01:00:00,569,Coimbatore,2.5,-12.005
2023-06-26 02:00:00,569,Coimbatore,2.5,-12.005
2023-06-26 03:00:00,569,Coimbatore,1.0,-12.005
2023-06-26 14:00:00,569,Coimbatore,0.5,-11.988
2023-06-26 15:00:00,569,Coimbatore,3.0,-11.988
2023-06-26 17:00:00,569,Coimbatore,0.5,-12.0055
2023-06-26 18:00:00,569,Coimbatore,5.5,-12.0055
2023-06-26 19:00:00,569,Coimbatore,0.5,-12.0055
2023-06-27 10:00:00,569,Coimbatore,1.0,-12.0175
2023-06-27 11:00:00,569,Coimbatore,3.5,-12.0175
2023-06-27 12:00:00,569,Coimbatore,5.0,-12.0175
2023-06-27 13:00:00,569,Coimbatore,2.6666666666666665,-12.0175
2023-06-27 14:00:00,569,Coimbatore,1.75,-12.0175
2023-06-27 18:00:00,569,Coimbatore,1.0,-11.988
2023-06-27 19:00:00,569,Coimbatore,2.125,-11.988
2023-06-27 20:00:00,569,Coimbatore,0.5,-11.988
2023-06-28 15:00:00,569,Coimbatore,0.75,-12.016
2023-06-28 16:00:00,569,Coimbatore,1.5,-12.0035
2023-06-28 18:00:00,569,Coimbatore,1.75,-12.0035
2023-06-28 19:00:00,569,Coimbatore,1.5,-12.0035
2023-06-28 22:00:00,569,Coimbatore,1.0,-12.066
2023-06-29 03:00:00,569,Coimbatore,0.5,-12.066
2023-06-29 09:00:00,569,Coimbatore,0.5,-12.047
2023-06-29 11:00:00,569,Coimbatore,2.5,-12.014500000000002
2023-06-29 12:00:00,569,Coimbatore,2.75,-12.014500000000002
2023-06-29 13:00:00,569,Coimbatore,0.5,-12.014500000000002
2023-06-29 15:00:00,569,Coimbatore,0.5,-12.014500000000002
2023-06-30 15:00:00,569,Coimbatore,1.0,-12.044
2023-07-01 02:00:00,569,Coimbatore,0.5,-12.088
2023-07-01 10:00:00,569,Coimbatore,0.5,-12.0435
2023-07-01 12:00:00,569,Coimbatore,2.0,-12.0435
2023-07-01 15:00:00,569,Coimbatore,0.5,-12.0435
2023-07-02 14:00:00,569,Coimbatore,0.5,-12.025
2023-07-02 18:00:00,569,Coimbatore,0.5,-12.005
2023-07-02 23:00:00,569,Coimbatore,0.5,-12.07
2023-07-03 00:00:00,569,Coimbatore,11.5,-12.07
2023-07-03 01:00:00,569,Coimbatore,6.0,-12.07
2023-07-03 02:00:00,569,Coimbatore,0.5,-12.07
2023-07-03 03:00:00,569,Coimbatore,3.0,-12.07
2023-07-03 04:00:00,569,Coimbatore,0.5,-12.066
2023-07-03 06:00:00,569,Coimbatore,1.0,-12.066
2023-07-03 07:00:00,569,Coimbatore,0.75,-12.066
2023-07-03 09:00:00,569,Coimbatore,0.5,-12.066
2023-07-03 11:00:00,569,Coimbatore,0.5,-12.0615
2023-07-03 12:00:00,569,Coimbatore,1.0,-12.0615
2023-07-03 14:00:00,569,Coimbatore,0.5,-12.0615
2023-07-03 15:00:00,569,Coimbatore,15.5,-12.0615
2023-07-03 16:00:00,569,Coimbatore,14.5,-12.0565
2023-07-03 17:00:00,569,Coimbatore,10.5,-12.0565
2023-07-03 18:00:00,569,Coimbatore,5.5,-12.0565
2023-07-03 19:00:00,569,Coimbatore,0.5,-12.0565
2023-07-03 20:00:00,569,Coimbatore,2.5,-12.0565
2023-07-03 21:00:00,569,Coimbatore,0.6666666666666666,-12.0565
2023-07-03 22:00:00,569,Coimbatore,2.0,-12.109
2023-07-04 00:00:00,569,Coimbatore,0.5,-12.109
2023-07-04 01:00:00,569,Coimbatore,3.75,-12.109
2023-07-04 02:00:00,569,Coimbatore,0.5,-12.109
2023-07-04 06:00:00,569,Coimbatore,0.5,-12.097
2023-07-04 08:00:00,569,Coimbatore,0.5,-12.097
2023-07-04 10:00:00,569,Coimbatore,5.5,-12.0935
2023-07-04 11:00:00,569,Coimbatore,1.0,-12.0935
2023-07-04 12:00:00,569,Coimbatore,1.25,-12.0935
2023-07-04 13:00:00,569,Coimbatore,3.333333333333333,-12.0935
2023-07-04 14:00:00,569,Coimbatore,3.5,-12.0935
2023-07-04 15:00:00,569,Coimbatore,4.666666666666667,-12.0935
2023-07-04 16:00:00,569,Coimbatore,1.5,-12.1395
2023-07-04 17:00:00,569,Coimbatore,1.3333333333333333,-12.1395
2023-07-04 18:00:00,569,Coimbatore,4.666666666666667,-12.1395
2023-07-04 19:00:00,569,Coimbatore,0.75,-12.1395
2023-07-04 20:00:00,569,Coimbatore,2.0,-12.1395
2023-07-04 21:00:00,569,Coimbatore,1.0,-12.1395
2023-07-04 22:00:00,569,Coimbatore,3.8333333333333335,-12.1545
2023-07-04 23:00:00,569,Coimbatore,4.0,-12.1545
2023-07-05 00:00:00,569,Coimbatore,0.6666666666666666,-12.1545
2023-07-05 01:00:00,569,Coimbatore,1.5,-12.1545
2023-07-05 02:00:00,569,Coimbatore,1.25,-12.1545
2023-07-05 03:00:00,569,Coimbatore,2.1666666666666665,-12.1545
2023-07-05 04:00:00,569,Coimbatore,2.0,-12.148
2023-07-05 05:00:00,569,Coimbatore,3.75,-12.148
2023-07-05 06:00:00,569,Coimbatore,1.5,-12.148
2023-07-05 07:00:00,569,Coimbatore,0.75,-12.148
2023-07-05 08:00:00,569,Coimbatore,2.5,-12.148
2023-07-05 09:00:00,569,Coimbatore,1.5,-12.148
2023-07-05 10:00:00,569,Coimbatore,2.5,-12.164
2023-07-05 11:00:00,569,Coimbatore,1.5,-12.164
2023-07-05 12:00:00,569,Coimbatore,3.333333333333333,-12.164
2023-07-05 13:00:00,569,Coimbatore,0.5,-12.164
2023-07-05 15:00:00,569,Coimbatore,1.0,-12.164
2023-07-05 16:00:00,569,Coimbatore,2.0,-12.161
2023-07-05 17:00:00,569,Coimbatore,2.333333333333333,-12.161
2023-07-05 18:00:00,569,Coimbatore,2.125,-12.161
2023-07-05 19:00:00,569,Coimbatore,3.5,-12.161
2023-07-05 20:00:00,569,Coimbatore,1.625,-12.161
2023-07-05 21:00:00,569,Coimbatore,0.5,-12.161
2023-07-05 22:00:00,569,Coimbatore,1.1666666666666667,-12.175
2023-07-05 23:00:00,569,Coimbatore,1.0,-12.175
2023-07-06 00:00:00,569,Coimbatore,1.0,-12.175
2023-07-06 01:00:00,569,Coimbatore,3.333333333333333,-12.175
2023-07-06 02:00:00,569,Coimbatore,2.833333333333333,-12.175
2023-07-06 03:00:00,569,Coimbatore,2.125,-12.175
2023-07-06 04:00:00,569,Coimbatore,0.5,-12.1805
2023-07-06 05:00:00,569,Coimbatore,1.8333333333333333,-12.1805
2023-07-06 06:00:00,569,Coimbatore,1.5,-12.1805
2023-07-06 07:00:00,569,Coimbatore,2.5,-12.1805
2023-07-06 08:00:00,569,Coimbatore,1.1666666666666667,-12.1805
2023-07-06 09:00:00,569,Coimbatore,3.1666666666666665,-12.1805
2023-07-06 10:00:00,569,Coimbatore,3.0,-12.182
2023-07-06 11:00:00,569,Coimbatore,0.8333333333333334,-12.182
2023-07-06 12:00:00,569,Coimbatore,1.0,-12.182
2023-07-06 13:00:00,569,Coimbatore,0.8333333333333334,-12.182
2023-07-06 14:00:00,569,Coimbatore,0.5,-12.182
2023-07-06 15:00:00,569,Coimbatore,1.25,-12.182
2023-07-06 16:00:00,569,Coimbatore,1.25,-12.183
2023-07-06 17:00:00,569,Coimbatore,4.25,-12.183
2023-07-06 18:00:00,569,Coimbatore,1.5,-12.183
2023-07-06 19:00:00,569,Coimbatore,1.0,-12.183
2023-07-06 20:00:00,569,Coimbatore,0.5,-12.183
2023-07-06 21:00:00,569,Coimbatore,1.0,-12.183
2023-07-06 22:00:00,569,Coimbatore,1.5,-12.197500000000002
2023-07-07 00:00:00,569,Coimbatore,0.5,-12.197500000000002
2023-07-07 01:00:00,569,Coimbatore,1.5,-12.197500000000002
2023-07-07 02:00:00,569,Coimbatore,1.5,-12.197500000000002
2023-07-07 03:00:00,569,Coimbatore,1.0,-12.197500000000002
2023-07-07 04:00:00,569,Coimbatore,10.0,-12.1925
2023-07-07 05:00:00,569,Coimbatore,1.1666666666666667,-12.1925
2023-07-07 06:00:00,569,Coimbatore,1.5,-12.1925
2023-07-07 07:00:00,569,Coimbatore,0.75,-12.1925
2023-07-07 08:00:00,569,Coimbatore,0.6666666666666666,-12.1925
2023-07-07 10:00:00,569,Coimbatore,0.75,-12.2205
2023-07-07 11:00:00,569,Coimbatore,4.833333333333333,-12.2205
2023-07-07 12:00:00,569,Coimbatore,1.0,-12.2205
2023-07-07 13:00:00,569,Coimbatore,1.5,-12.2205
2023-07-07 14:00:00,569,Coimbatore,0.5,-12.2205
2023-07-07 15:00:00,569,Coimbatore,3.5,-12.2205
2023-07-07 16:00:00,569,Coimbatore,5.75,-12.2165
2023-07-07 17:00:00,569,Coimbatore,1.5,-12.2165
2023-07-07 18:00:00,569,Coimbatore,1.25,-12.2165
2023-07-07 20:00:00,569,Coimbatore,0.75,-12.2165
2023-07-07 21:00:00,569,Coimbatore,2.75,-12.2165
2023-07-07 22:00:00,569,Coimbatore,0.5,-12.2225
2023-07-08 01:00:00,569,Coimbatore,0.5,-12.2225
2023-07-08 02:00:00,569,Coimbatore,1.0,-12.2225
2023-07-08 04:00:00,569,Coimbatore,0.5,-12.215
2023-07-08 05:00:00,569,Coimbatore,0.6666666666666666,-12.215
2023-07-08 06:00:00,569,Coimbatore,3.5,-12.215
2023-07-08 07:00:00,569,Coimbatore,0.8333333333333334,-12.215
2023-07-08 08:00:00,569,Coimbatore,1.0,-12.215
2023-07-08 09:00:00,569,Coimbatore,0.5,-12.215
2023-07-08 10:00:00,569,Coimbatore,2.0,-12.22
2023-07-08 11:00:00,569,Coimbatore,2.0,-12.22
2023-07-08 12:00:00,569,Coimbatore,8.0,-12.22
2023-07-08 13:00:00,569,Coimbatore,1.5,-12.22
2023-07-08 14:00:00,569,Coimbatore,3.5,-12.22
2023-07-08 15:00:00,569,Coimbatore,3.0,-12.22
2023-07-08 16:00:00,569,Coimbatore,0.6666666666666666,-12.227
2023-07-08 17:00:00,569,Coimbatore,0.5,-12.227
2023-07-08 18:00:00,569,Coimbatore,0.5,-12.227
2023-07-09 05:00:00,569,Coimbatore,0.75,-12.2165
2023-07-09 06:00:00,569,Coimbatore,1.0,-12.2165
2023-07-09 11:00:00,569,Coimbatore,1.0,-12.194
2023-07-09 14:00:00,569,Coimbatore,3.0,-12.194
2023-07-09 19:00:00,569,Coimbatore,0.5,-12.177499999999998
2023-07-10 03:00:00,569,Coimbatore,0.5,-12.206
2023-07-10 04:00:00,569,Coimbatore,0.5,-12.194
2023-07-10 05:00:00,569,Coimbatore,0.5,-12.194
2023-07-10 06:00:00,569,Coimbatore,0.5,-12.194
2023-07-10 07:00:00,569,Coimbatore,0.75,-12.194
2023-07-10 13:00:00,569,Coimbatore,1.0,-12.1905
2023-07-10 15:00:00,569,Coimbatore,3.75,-12.1905
2023-07-10 16:00:00,569,Coimbatore,0.5,-12.166
2023-07-10 17:00:00,569,Coimbatore,0.5,-12.166
2023-07-10 20:00:00,569,Coimbatore,0.5,-12.166
2023-07-11 12:00:00,569,Coimbatore,0.5,-12.186
2023-07-11 13:00:00,569,Coimbatore,1.5,-12.186
2023-07-11 14:00:00,569,Coimbatore,6.5,-12.186
2023-07-11 17:00:00,569,Coimbatore,0.5,-12.1655
2023-07-11 18:00:00,569,Coimbatore,2.75,-12.1655
2023-07-11 19:00:00,569,Coimbatore,11.0,-12.1655
2023-07-11 20:00:00,569,Coimbatore,0.5,-12.1655
2023-07-12 20:00:00,569,Coimbatore,0.5,-12.204
2023-07-12 21:00:00,569,Coimbatore,0.5,-12.204
2023-07-13 12:00:00,569,Coimbatore,2.0,-12.2135
2023-07-13 14:00:00,569,Coimbatore,1.0,-12.2135
2023-07-13 15:00:00,569,Coimbatore,0.5,-12.2135
2023-07-13 16:00:00,569,Coimbatore,2.25,-12.1915
2023-07-13 17:00:00,569,Coimbatore,0.5,-12.1915
2023-07-13 18:00:00,569,Coimbatore,0.5,-12.1915
2023-07-13 22:00:00,569,Coimbatore,0.5,-12.2285
2023-07-14 05:00:00,569,Coimbatore,0.75,-12.219
2023-07-14 06:00:00,569,Coimbatore,1.0,-12.219
2023-07-14 08:00:00,569,Coimbatore,0.5,-12.219
2023-07-14 16:00:00,569,Coimbatore,8.0,-12.1795
2023-07-15 10:00:00,569,Coimbatore,0.5,-12.1705
2023-07-17 09:00:00,569,Coimbatore,0.5,-12.2185
2023-07-17 13:00:00,569,Coimbatore,1.0,-12.222
2023-07-17 14:00:00,569,Coimbatore,3.5,-12.222
2023-07-17 15:00:00,569,Coimbatore,0.6666666666666666,-12.222
2023-07-17 17:00:00,569,Coimbatore,0.8333333333333334,-12.2245
2023-07-17 18:00:00,569,Coimbatore,3.0,-12.2245
2023-07-17 21:00:00,569,Coimbatore,0.5,-12.2245
2023-07-18 01:00:00,569,Coimbatore,0.5,-12.2625
2023-07-18 02:00:00,569,Coimbatore,0.5,-12.2625
2023-07-18 03:00:00,569,Coimbatore,0.5,-12.2625
2023-07-18 04:00:00,569,Coimbatore,1.0,-12.255
2023-07-18 05:00:00,569,Coimbatore,0.5,-12.255
2023-07-18 06:00:00,569,Coimbatore,0.5,-12.255
2023-07-18 07:00:00,569,Coimbatore,0.5,-12.255
2023-07-18 08:00:00,569,Coimbatore,3.25,-12.255
2023-07-18 09:00:00,569,Coimbatore,0.75,-12.255
2023-07-18 10:00:00,569,Coimbatore,2.5,-12.2565
2023-07-18 11:00:00,569,Coimbatore,0.5,-12.2565
2023-07-18 12:00:00,569,Coimbatore,0.5,-12.2565
2023-07-18 13:00:00,569,Coimbatore,1.0,-12.2565
2023-07-18 14:00:00,569,Coimbatore,1.0,-12.2565
2023-07-18 16:00:00,569,Coimbatore,2.0,-12.2495
2023-07-18 17:00:00,569,Coimbatore,1.0,-12.2495
2023-07-18 18:00:00,569,Coimbatore,0.5,-12.2495
2023-07-18 19:00:00,569,Coimbatore,0.5,-12.2495
2023-07-18 21:00:00,569,Coimbatore,2.5,-12.2495
2023-07-18 23:00:00,569,Coimbatore,1.5,-12.2815
2023-07-19 00:00:00,569,Coimbatore,4.25,-12.2815
2023-07-19 01:00:00,569,Coimbatore,1.5,-12.2815
2023-07-19 02:00:00,569,Coimbatore,0.75,-12.2815
2023-07-19 03:00:00,569,Coimbatore,1.0,-12.2815
2023-07-19 04:00:00,569,Coimbatore,1.5,-12.265
2023-07-19 05:00:00,569,Coimbatore,0.5,-12.265
2023-07-19 06:00:00,569,Coimbatore,5.5,-12.265
2023-07-19 07:00:00,569,Coimbatore,1.0,-12.265
2023-07-19 08:00:00,569,Coimbatore,0.8333333333333334,-12.265
2023-07-19 09:00:00,569,Coimbatore,2.5,-12.265
2023-07-19 10:00:00,569,Coimbatore,1.75,-12.3025
2023-07-19 11:00:00,569,Coimbatore,1.0,-12.3025
2023-07-19 12:00:00,569,Coimbatore,1.25,-12.3025
2023-07-19 13:00:00,569,Coimbatore,2.0,-12.3025
2023-07-19 14:00:00,569,Coimbatore,6.25,-12.3025
2023-07-19 15:00:00,569,Coimbatore,0.5,-12.3025
2023-07-19 16:00:00,569,Coimbatore,0.5,-12.277
2023-07-19 17:00:00,569,Coimbatore,0.8333333333333334,-12.277
2023-07-19 18:00:00,569,Coimbatore,1.5,-12.277
2023-07-19 19:00:00,569,Coimbatore,2.0,-12.277
2023-07-19 20:00:00,569,Coimbatore,1.0,-12.277
2023-07-19 22:00:00,569,Coimbatore,0.5,-12.295
2023-07-20 01:00:00,569,Coimbatore,1.6666666666666667,-12.295
2023-07-20 02:00:00,569,Coimbatore,0.5,-12.295
2023-07-20 03:00:00,569,Coimbatore,1.75,-12.295
2023-07-20 04:00:00,569,Coimbatore,1.5,-12.299
2023-07-20 07:00:00,569,Coimbatore,1.0,-12.299
2023-07-20 09:00:00,569,Coimbatore,0.75,-12.299
2023-07-20 10:00:00,569,Coimbatore,0.5,-12.303
2023-07-20 15:00:00,569,Coimbatore,0.5,-12.303
2023-07-20 18:00:00,569,Coimbatore,1.0,-12.2995
2023-07-21 00:00:00,569,Coimbatore,1.5,-12.3215
2023-07-21 03:00:00,569,Coimbatore,0.5,-12.3215
2023-07-21 04:00:00,569,Coimbatore,0.75,-12.3165
2023-07-21 06:00:00,569,Coimbatore,0.5,-12.3165
2023-07-21 11:00:00,569,Coimbatore,1.0,-12.3585
2023-07-21 12:00:00,569,Coimbatore,1.0,-12.3585
2023-07-21 15:00:00,569,Coimbatore,1.5,-12.3585
2023-07-21 16:00:00,569,Coimbatore,0.5,-12.3215
2023-07-21 17:00:00,569,Coimbatore,0.5,-12.3215
2023-07-22 01:00:00,569,Coimbatore,0.5,-12.348
2023-07-22 05:00:00,569,Coimbatore,0.5,-12.338
2023-07-22 07:00:00,569,Coimbatore,0.5,-12.338
2023-07-22 08:00:00,569,Coimbatore,1.0,-12.338
2023-07-22 09:00:00,569,Coimbatore,0.5,-12.338
2023-07-22 10:00:00,569,Coimbatore,1.0,-12.362
2023-07-22 11:00:00,569,Coimbatore,0.75,-12.362
2023-07-22 12:00:00,569,Coimbatore,1.5,-12.362
2023-07-22 13:00:00,569,Coimbatore,0.5,-12.362
2023-07-22 14:00:00,569,Coimbatore,3.25,-12.362
2023-07-22 15:00:00,569,Coimbatore,0.5,-12.362
2023-07-22 16:00:00,569,Coimbatore,1.5,-12.3515
2023-07-22 17:00:00,569,Coimbatore,5.125,-12.3515
2023-07-22 18:00:00,569,Coimbatore,0.75,-12.3515
2023-07-22 19:00:00,569,Coimbatore,1.0,-12.3515
2023-07-22 20:00:00,569,Coimbatore,1.0,-12.3515
2023-07-22 21:00:00,569,Coimbatore,2.5,-12.3515
2023-07-22 22:00:00,569,Coimbatore,1.8333333333333333,-12.3515
2023-07-22 23:00:00,569,Coimbatore,0.5,-12.3515
2023-07-23 00:00:00,569,Coimbatore,0.5,-12.3515
2023-07-23 02:00:00,569,Coimbatore,1.25,-12.3515
2023-07-23 03:00:00,569,Coimbatore,1.25,-12.3515
2023-07-23 04:00:00,569,Coimbatore,0.5,-10.337
2023-07-23 07:00:00,569,Coimbatore,0.5,-10.337
2023-07-23 08:00:00,569,Coimbatore,2.0,-10.337
2023-07-23 09:00:00,569,Coimbatore,1.75,-10.337
2023-07-23 11:00:00,569,Coimbatore,0.5,-12.3585
2023-07-23 12:00:00,569,Coimbatore,3.5,-12.3585
2023-07-23 13:00:00,569,Coimbatore,3.5,-12.3585
2023-07-23 14:00:00,569,Coimbatore,1.5,-12.3585
2023-07-23 15:00:00,569,Coimbatore,2.0,-12.3585
2023-07-23 16:00:00,569,Coimbatore,5.25,-10.383
2023-07-23 17:00:00,569,Coimbatore,0.5,-10.383
2023-07-23 20:00:00,569,Coimbatore,2.5,-10.383
2023-07-23 21:00:00,569,Coimbatore,3.6666666666666665,-10.383
2023-07-23 22:00:00,569,Coimbatore,0.6666666666666666,-10.374
2023-07-23 23:00:00,569,Coimbatore,0.5,-10.374
2023-07-24 01:00:00,569,Coimbatore,0.5,-10.374
2023-07-24 04:00:00,569,Coimbatore,0.5,-10.359
2023-07-24 05:00:00,569,Coimbatore,1.5,-10.359
2023-07-24 06:00:00,569,Coimbatore,0.75,-10.359
2023-07-24 07:00:00,569,Coimbatore,1.0,-10.359
2023-07-24 08:00:00,569,Coimbatore,3.0,-10.359
2023-07-24 09:00:00,569,Coimbatore,1.5,-10.359
2023-07-24 10:00:00,569,Coimbatore,2.25,-10.401
2023-07-24 11:00:00,569,Coimbatore,1.5,-10.401
2023-07-24 12:00:00,569,Coimbatore,1.1,-10.401
2023-07-24 13:00:00,569,Coimbatore,2.0,-10.401
2023-07-24 14:00:00,569,Coimbatore,1.25,-10.401
2023-07-24 15:00:00,569,Coimbatore,2.0,-10.401
2023-07-24 16:00:00,569,Coimbatore,0.5,-10.394
2023-07-24 18:00:00,569,Coimbatore,0.5,-10.394
2023-07-24 19:00:00,569,Coimbatore,1.0,-10.394
2023-07-24 20:00:00,569,Coimbatore,2.0,-10.394
2023-07-24 21:00:00,569,Coimbatore,3.5,-10.394
2023-07-24 22:00:00,569,Coimbatore,1.625,-10.385
2023-07-24 23:00:00,569,Coimbatore,0.5,-10.385
2023-07-25 00:00:00,569,Coimbatore,0.5,-10.385
2023-07-25 02:00:00,569,Coimbatore,0.5,-10.385
2023-07-25 04:00:00,569,Coimbatore,0.5,-10.372
2023-07-25 05:00:00,569,Coimbatore,0.5,-10.372
2023-07-25 06:00:00,569,Coimbatore,0.5,-10.372
2023-07-25 07:00:00,569,Coimbatore,1.0,-10.372
2023-07-25 08:00:00,569,Coimbatore,2.5,-10.372
2023-07-25 09:00:00,569,Coimbatore,0.75,-10.372
2023-07-25 12:00:00,569,Coimbatore,1.5,-10.4
2023-07-25 13:00:00,569,Coimbatore,7.0,-10.4
2023-07-25 14:00:00,569,Coimbatore,0.5,-10.4
2023-07-25 16:00:00,569,Coimbatore,2.0,-10.415
2023-07-25 17:00:00,569,Coimbatore,4.833333333333333,-10.415
2023-07-25 18:00:00,569,Coimbatore,2.333333333333333,-10.415
2023-07-25 19:00:00,569,Coimbatore,2.0,-10.415
2023-07-25 20:00:00,569,Coimbatore,1.5,-10.415
2023-07-25 21:00:00,569,Coimbatore,1.0,-10.415
2023-07-26 02:00:00,569,Coimbatore,0.5,-10.4
2023-07-26 03:00:00,569,Coimbatore,1.0,-10.4
2023-07-26 04:00:00,569,Coimbatore,1.0,-10.384
2023-07-26 05:00:00,569,Coimbatore,0.5,-10.384
2023-07-26 06:00:00,569,Coimbatore,3.0,-10.384
2023-07-26 11:00:00,569,Coimbatore,1.0,-10.424
2023-07-26 12:00:00,569,Coimbatore,1.5,-10.424
2023-07-26 13:00:00,569,Coimbatore,1.25,-10.424
2023-07-26 14:00:00,569,Coimbatore,2.5,-10.424
2023-07-26 19:00:00,569,Coimbatore,5.666666666666667,-10.412
2023-07-26 20:00:00,569,Coimbatore,0.5,-10.412
2023-07-27 00:00:00,569,Coimbatore,0.5,-10.408
2023-07-27 02:00:00,569,Coimbatore,0.5,-10.408
2023-07-27 03:00:00,569,Coimbatore,0.5,-10.408
2023-07-27 13:00:00,569,Coimbatore,1.0,-10.453
2023-07-27 17:00:00,569,Coimbatore,0.5,-10.449
2023-07-27 18:00:00,569,Coimbatore,3.25,-10.449
2023-07-27 19:00:00,569,Coimbatore,0.5,-10.449
2023-07-27 20:00:00,569,Coimbatore,0.5,-10.449
2023-07-27 21:00:00,569,Coimbatore,1.0,-10.449
2023-07-28 15:00:00,569,Coimbatore,0.5,-10.521
2023-07-29 09:00:00,569,Coimbatore,0.5,-10.484
2023-07-31 13:00:00,569,Coimbatore,0.5,-10.568
2023-08-04 05:00:00,569,Coimbatore,0.5,-10.629
2023-08-04 06:00:00,569,Coimbatore,0.5,-10.629
2023-08-04 08:00:00,569,Coimbatore,0.5,-10.629
2023-08-04 12:00:00,569,Coimbatore,1.25,-10.7
2023-08-04 18:00:00,569,Coimbatore,5.0,-10.682
2023-08-04 19:00:00,569,Coimbatore,0.5,-10.682
2023-08-05 05:00:00,569,Coimbatore,1.5,-10.67
2023-08-05 11:00:00,569,Coimbatore,0.5,-10.727
2023-08-06 17:00:00,569,Coimbatore,0.5,-10.743
2023-08-08 13:00:00,569,Coimbatore,4.5,-10.753
2023-08-08 14:00:00,569,Coimbatore,14.0,-10.753
2023-08-08 15:00:00,569,Coimbatore,1.5,-10.753
2023-08-08 17:00:00,569,Coimbatore,0.5,-10.736
2023-08-12 07:00:00,569,Coimbatore,0.5,-10.759
2023-08-29 15:00:00,569,Coimbatore,4.0,-11.094
2023-08-30 15:00:00,569,Coimbatore,3.5,-11.094
2023-08-30 21:00:00,569,Coimbatore,1.0,-11.069
2023-08-31 16:00:00,569,Coimbatore,1.0,-11.053
2023-09-01 16:00:00,569,Coimbatore,0.5,-11.099
2023-09-02 14:00:00,569,Coimbatore,2.0,-15.049
2023-09-03 17:00:00,569,Coimbatore,0.5,-13.165
2023-09-04 04:00:00,569,Coimbatore,0.5,-13.147
2023-09-04 08:00:00,569,Coimbatore,0.5,-13.147
2023-09-04 23:00:00,569,Coimbatore,1.0,-13.171
2023-09-05 00:00:00,569,Coimbatore,2.1666666666666665,-13.171
2023-09-05 01:00:00,569,Coimbatore,1.0,-13.171
2023-09-05 02:00:00,569,Coimbatore,5.5,-13.171
2023-09-05 03:00:00,569,Coimbatore,2.0,-13.171
2023-09-05 04:00:00,569,Coimbatore,0.5,-13.1585
2023-09-05 15:00:00,569,Coimbatore,0.5,-13.1715
2023-09-05 17:00:00,569,Coimbatore,1.0,-13.1725
2023-09-05 21:00:00,569,Coimbatore,1.0,-13.1725
2023-09-05 22:00:00,569,Coimbatore,0.5,-13.165500000000002
2023-09-06 15:00:00,569,Coimbatore,1.0,-13.1935
2023-09-06 16:00:00,569,Coimbatore,0.5,-13.173
2023-09-06 17:00:00,569,Coimbatore,0.5,-13.173
2023-09-07 08:00:00,569,Coimbatore,0.5,-13.1605
2023-09-07 17:00:00,569,Coimbatore,2.0,-13.2015
2023-09-07 18:00:00,569,Coimbatore,3.25,-13.2015
2023-09-07 19:00:00,569,Coimbatore,1.1666666666666667,-13.2015
2023-09-07 20:00:00,569,Coimbatore,0.5,-13.2015
2023-09-07 22:00:00,569,Coimbatore,1.5,-13.192
2023-09-07 23:00:00,569,Coimbatore,1.0,-13.192
2023-09-08 04:00:00,569,Coimbatore,0.5,-13.1865
2023-09-08 15:00:00,569,Coimbatore,0.5,-13.222
2023-09-09 08:00:00,569,Coimbatore,0.5,-13.173
2023-09-10 06:00:00,569,Coimbatore,1.0,-13.152
2023-09-10 18:00:00,569,Coimbatore,8.5,-13.1695
2023-09-10 19:00:00,569,Coimbatore,3.0,-13.1695
2023-09-10 20:00:00,569,Coimbatore,3.0,-13.1695
2023-09-10 21:00:00,569,Coimbatore,0.5,-13.1695
2023-09-11 05:00:00,569,Coimbatore,2.5,-13.183
2023-09-11 07:00:00,569,Coimbatore,4.5,-13.183
2023-09-11 08:00:00,569,Coimbatore,2.5,-13.183
2023-09-11 09:00:00,569,Coimbatore,0.5,-13.183
2023-09-11 10:00:00,569,Coimbatore,0.5,-13.2265
2023-09-11 13:00:00,569,Coimbatore,0.5,-13.2265
2023-09-11 19:00:00,569,Coimbatore,1.5,-13.2315
2023-09-11 20:00:00,569,Coimbatore,2.5,-13.2315
2023-09-11 21:00:00,569,Coimbatore,1.0,-13.2315
2023-09-11 23:00:00,569,Coimbatore,1.0,-13.2215
2023-09-12 00:00:00,569,Coimbatore,0.5,-13.2215
2023-09-12 04:00:00,569,Coimbatore,0.5,-13.211
2023-09-14 05:00:00,569,Coimbatore,0.5,-13.2225
2023-09-14 17:00:00,569,Coimbatore,0.5,-13.2785
2023-09-14 18:00:00,569,Coimbatore,3.8333333333333335,-13.2785
2023-09-14 19:00:00,569,Coimbatore,2.5,-13.2785
2023-09-14 21:00:00,569,Coimbatore,0.5,-13.2785
2023-09-15 07:00:00,569,Coimbatore,0.5,-13.3025
2023-09-17 15:00:00,569,Coimbatore,0.5,-13.408
2023-09-17 19:00:00,569,Coimbatore,1.75,-13.3905
2023-09-17 20:00:00,569,Coimbatore,0.5,-13.3905
2023-09-18 01:00:00,569,Coimbatore,0.5,-13.3805
2023-09-20 18:00:00,569,Coimbatore,0.5,-13.379
2023-09-21 16:00:00,569,Coimbatore,0.5,-13.4
2023-09-21 17:00:00,569,Coimbatore,7.0,-13.4
2023-09-21 18:00:00,569,Coimbatore,1.0,-13.4
2023-09-22 02:00:00,569,Coimbatore,2.5,-13.4075
2023-09-22 13:00:00,569,Coimbatore,0.5,-13.4795
2023-09-22 14:00:00,569,Coimbatore,6.0,-13.4795
2023-09-22 15:00:00,569,Coimbatore,0.5,-13.4795
2023-09-22 16:00:00,569,Coimbatore,0.5,-13.486
2023-09-22 19:00:00,569,Coimbatore,0.5,-13.486
2023-09-22 20:00:00,569,Coimbatore,0.5,-13.486
2023-09-24 00:00:00,569,Coimbatore,1.0,-13.5305
2023-09-24 05:00:00,569,Coimbatore,0.75,-13.532
2023-09-24 06:00:00,569,Coimbatore,0.5,-13.532
2023-09-24 07:00:00,569,Coimbatore,0.5,-13.532
2023-09-26 14:00:00,569,Coimbatore,0.5,-13.5575
2023-09-26 15:00:00,569,Coimbatore,0.5,-13.5575
2023-09-27 12:00:00,569,Coimbatore,3.0,-13.5515
2023-09-28 11:00:00,569,Coimbatore,0.5,-13.589
2023-09-28 15:00:00,569,Coimbatore,5.666666666666667,-13.589
2023-09-28 16:00:00,569,Coimbatore,1.3333333333333333,-13.5775
2023-09-29 18:00:00,569,Coimbatore,0.5,-13.5805
2023-09-30 05:00:00,569,Coimbatore,0.5,-13.561
2023-09-30 13:00:00,569,Coimbatore,3.0,-13.581
2023-09-30 14:00:00,569,Coimbatore,3.0,-13.581
2023-09-30 15:00:00,569,Coimbatore,0.5,-13.581
2023-09-30 17:00:00,569,Coimbatore,0.5,-13.574
2023-10-01 02:00:00,569,Coimbatore,2.5,-13.581
2023-10-01 04:00:00,569,Coimbatore,0.5,-13.5835
2023-10-01 10:00:00,569,Coimbatore,1.0,-13.61
2023-10-01 11:00:00,569,Coimbatore,7.0,-13.61
2023-10-01 12:00:00,569,Coimbatore,1.25,-13.61
2023-10-01 13:00:00,569,Coimbatore,0.5,-13.61
2023-10-01 15:00:00,569,Coimbatore,1.0,-13.61
2023-10-01 20:00:00,569,Coimbatore,0.5,-13.611
2023-10-02 04:00:00,569,Coimbatore,1.5,-13.6095
2023-10-02 05:00:00,569,Coimbatore,0.5,-13.6095
2023-10-02 06:00:00,569,Coimbatore,1.5,-13.6095
2023-10-02 07:00:00,569,Coimbatore,0.5,-13.6095
2023-10-02 08:00:00,569,Coimbatore,0.5,-13.6095
2023-10-02 11:00:00,569,Coimbatore,0.5,-13.646
2023-10-02 13:00:00,569,Coimbatore,0.75,-13.646
2023-10-02 14:00:00,569,Coimbatore,3.5,-13.646
2023-10-02 15:00:00,569,Coimbatore,0.5,-13.646
2023-10-06 02:00:00,569,Coimbatore,0.5,-13.776
2023-10-09 15:00:00,569,Coimbatore,0.5,-13.8835
2023-10-09 22:00:00,569,Coimbatore,1.25,-13.882
2023-10-09 23:00:00,569,Coimbatore,1.25,-13.882
2023-10-10 00:00:00,569,Coimbatore,0.5,-13.882
2023-10-10 16:00:00,569,Coimbatore,0.5,-13.8965
2023-10-11 13:00:00,569,Coimbatore,1.5,-13.916
2023-10-11 18:00:00,569,Coimbatore,0.5,-13.912
2023-10-12 04:00:00,569,Coimbatore,0.5,-13.909
2023-10-12 06:00:00,569,Coimbatore,3.5,-13.909
2023-10-12 16:00:00,569,Coimbatore,2.0,-13.9215
2023-10-12 17:00:00,569,Coimbatore,11.166666666666666,-13.9215
2023-10-12 18:00:00,569,Coimbatore,8.5,-13.9215
2023-10-12 20:00:00,569,Coimbatore,1.5,-13.9215
2023-10-13 06:00:00,569,Coimbatore,0.5,-13.904
2023-10-13 14:00:00,569,Coimbatore,14.5,-13.9245
2023-10-13 15:00:00,569,Coimbatore,0.5,-13.9245
2023-10-13 20:00:00,569,Coimbatore,0.5,-13.9355
2023-10-14 16:00:00,569,Coimbatore,1.0,-13.934
2023-10-14 17:00:00,569,Coimbatore,11.833333333333334,-13.934
2023-10-14 18:00:00,569,Coimbatore,26.875,-13.934
2023-10-14 19:00:00,569,Coimbatore,7.125,-13.934
2023-10-14 20:00:00,569,Coimbatore,2.5,-13.934
2023-10-14 21:00:00,569,Coimbatore,1.125,-13.934
2023-10-14 22:00:00,569,Coimbatore,0.5,-13.928
2023-10-15 00:00:00,569,Coimbatore,0.5,-13.928
2023-10-15 03:00:00,569,Coimbatore,0.75,-13.928
2023-10-15 04:00:00,569,Coimbatore,5.5,-13.915
2023-10-15 05:00:00,569,Coimbatore,4.0,-13.915
2023-10-15 06:00:00,569,Coimbatore,1.5,-13.915
2023-10-15 07:00:00,569,Coimbatore,0.5,-13.915
2023-10-15 08:00:00,569,Coimbatore,0.5,-13.915
2023-10-15 19:00:00,569,Coimbatore,0.5,-13.9525
2023-10-16 03:00:00,569,Coimbatore,0.5,-13.929
2023-10-16 05:00:00,569,Coimbatore,0.5,-13.9205
2023-10-16 08:00:00,569,Coimbatore,1.5,-13.9205
2023-10-16 12:00:00,569,Coimbatore,2.5,-13.931
2023-10-16 13:00:00,569,Coimbatore,4.0,-13.931
2023-10-16 16:00:00,569,Coimbatore,0.5,-13.948
2023-10-16 17:00:00,569,Coimbatore,25.0,-13.948
2023-10-16 18:00:00,569,Coimbatore,4.0,-13.948
2023-10-16 19:00:00,569,Coimbatore,7.333333333333333,-13.948
2023-10-16 20:00:00,569,Coimbatore,1.0,-13.948
2023-10-16 21:00:00,569,Coimbatore,1.5,-13.948
2023-10-16 22:00:00,569,Coimbatore,0.75,-13.9245
2023-10-16 23:00:00,569,Coimbatore,2.75,-13.9245
2023-10-17 00:00:00,569,Coimbatore,5.25,-13.9245
2023-10-17 01:00:00,569,Coimbatore,1.75,-13.9245
2023-10-17 02:00:00,569,Coimbatore,0.5,-13.9245
2023-10-17 03:00:00,569,Coimbatore,1.0,-13.9245
2023-10-17 08:00:00,569,Coimbatore,0.5,-13.912
2023-10-17 09:00:00,569,Coimbatore,0.5,-13.912
2023-10-17 14:00:00,569,Coimbatore,17.5,-13.943
2023-10-17 17:00:00,569,Coimbatore,4.75,-13.923
2023-10-18 03:00:00,569,Coimbatore,1.5,-13.915
2023-10-18 04:00:00,569,Coimbatore,0.5,-13.9105
2023-10-18 05:00:00,569,Coimbatore,0.5,-13.9105
2023-10-22 08:00:00,569,Coimbatore,3.0,-15.931
2023-10-22 14:00:00,569,Coimbatore,8.5,-15.931
2023-10-23 13:00:00,569,Coimbatore,2.0,-15.931
2023-10-23 15:00:00,569,Coimbatore,5.5,-15.931
2023-10-23 16:00:00,569,Coimbatore,0.5,-15.931
2023-10-23 17:00:00,569,Coimbatore,8.0,-15.931
2023-10-23 18:00:00,569,Coimbatore,1.0,-15.931
2023-10-24 15:00:00,569,Coimbatore,6.0,-15.965
2023-10-25 13:00:00,569,Coimbatore,2.0,-13.902
2023-10-25 15:00:00,569,Coimbatore,8.25,-13.902
2023-10-25 16:00:00,569,Coimbatore,0.5,-13.909
2023-10-25 17:00:00,569,Coimbatore,2.5,-13.909
2023-10-26 01:00:00,569,Coimbatore,0.5,-13.908
2023-10-29 18:00:00,569,Coimbatore,0.5,-14.0155
2023-10-30 15:00:00,569,Coimbatore,8.5,-14.0285
2023-10-30 16:00:00,569,Coimbatore,0.5,-14.0125
2023-10-30 17:00:00,569,Coimbatore,1.5,-14.0125
2023-10-30 21:00:00,569,Coimbatore,0.5,-14.0125
2023-10-30 22:00:00,569,Coimbatore,0.5,-14.0125
2023-10-30 23:00:00,569,Coimbatore,0.5,-14.0125
2023-10-31 22:00:00,569,Coimbatore,1.5,-13.996
2023-10-31 23:00:00,569,Coimbatore,2.25,-13.996
2023-11-01 00:00:00,569,Coimbatore,2.0,-13.996
2023-11-01 01:00:00,569,Coimbatore,1.5,-13.996
2023-11-01 02:00:00,569,Coimbatore,0.5,-13.996
2023-11-01 18:00:00,569,Coimbatore,0.5,-13.961
2023-11-01 23:00:00,569,Coimbatore,15.5,-13.9235
2023-11-02 00:00:00,569,Coimbatore,7.25,-13.9235
2023-11-02 01:00:00,569,Coimbatore,2.0,-13.9235
2023-11-02 02:00:00,569,Coimbatore,2.0,-13.9235
2023-11-02 03:00:00,569,Coimbatore,0.5,-13.9235
2023-11-03 02:00:00,569,Coimbatore,1.75,-13.8195
2023-11-03 03:00:00,569,Coimbatore,0.75,-13.8195
2023-11-03 04:00:00,569,Coimbatore,1.5,-13.7805
2023-11-03 16:00:00,569,Coimbatore,0.5,-13.738
2023-11-03 22:00:00,569,Coimbatore,22.5,-13.694
2023-11-03 23:00:00,569,Coimbatore,1.5,-13.694
2023-11-04 00:00:00,569,Coimbatore,2.0,-13.694
2023-11-04 01:00:00,569,Coimbatore,2.5,-13.694
2023-11-04 02:00:00,569,Coimbatore,0.75,-13.694
2023-11-04 03:00:00,569,Coimbatore,6.0,-13.694
2023-11-04 04:00:00,569,Coimbatore,0.5,-13.66
2023-11-04 05:00:00,569,Coimbatore,0.5,-13.66
2023-11-04 11:00:00,569,Coimbatore,0.5,-13.659
2023-11-04 14:00:00,569,Coimbatore,2.0,-13.659
2023-11-04 15:00:00,569,Coimbatore,1.125,-13.659
2023-11-04 16:00:00,569,Coimbatore,11.833333333333334,-13.613
2023-11-04 17:00:00,569,Coimbatore,11.3,-13.613
2023-11-04 18:00:00,569,Coimbatore,12.25,-13.613
2023-11-04 19:00:00,569,Coimbatore,5.6,-13.613
2023-11-04 20:00:00,569,Coimbatore,4.375,-13.613
2023-11-04 21:00:00,569,Coimbatore,2.0,-13.613
2023-11-04 22:00:00,569,Coimbatore,0.75,-13.5835
2023-11-04 23:00:00,569,Coimbatore,2.0,-13.5835
2023-11-05 00:00:00,569,Coimbatore,0.8333333333333334,-13.5835
2023-11-05 01:00:00,569,Coimbatore,1.25,-13.5835
2023-11-05 02:00:00,569,Coimbatore,1.5,-13.5835
2023-11-05 04:00:00,569,Coimbatore,0.5,-13.553
2023-11-05 05:00:00,569,Coimbatore,1.0,-13.553
2023-11-05 06:00:00,569,Coimbatore,0.5,-13.553
2023-11-05 13:00:00,569,Coimbatore,0.5,-13.559
2023-11-05 14:00:00,569,Coimbatore,0.5,-13.559
2023-11-05 15:00:00,569,Coimbatore,43.0,-13.559
2023-11-05 16:00:00,569,Coimbatore,1.0,-13.507
2023-11-05 17:00:00,569,Coimbatore,0.5,-13.507
2023-11-05 22:00:00,569,Coimbatore,2.75,-13.471
2023-11-05 23:00:00,569,Coimbatore,8.0,-13.471
2023-11-06 00:00:00,569,Coimbatore,9.0,-13.471
2023-11-06 01:00:00,569,Coimbatore,0.5,-13.471
2023-11-06 02:00:00,569,Coimbatore,0.5,-13.471
2023-11-06 10:00:00,569,Coimbatore,1.0,-13.432
2023-11-06 14:00:00,569,Coimbatore,5.0,-13.432
2023-11-06 15:00:00,569,Coimbatore,3.0,-13.432
2023-11-06 16:00:00,569,Coimbatore,1.0,-13.4
2023-11-06 17:00:00,569,Coimbatore,2.5,-13.4
2023-11-06 18:00:00,569,Coimbatore,6.125,-13.4
2023-11-06 19:00:00,569,Coimbatore,1.5,-13.4
2023-11-07 14:00:00,569,Coimbatore,1.0,-12.31
2023-11-08 01:00:00,569,Coimbatore,70.5,-12.204666666666668
2023-11-08 02:00:00,569,Coimbatore,4.0,-12.204666666666668
2023-11-08 03:00:00,569,Coimbatore,2.0,-12.204666666666668
2023-11-08 16:00:00,569,Coimbatore,0.75,-12.166
2023-11-08 19:00:00,569,Coimbatore,0.5,-12.166
2023-11-08 20:00:00,569,Coimbatore,1.0,-12.166
2023-11-08 21:00:00,569,Coimbatore,0.5,-12.166
2023-11-08 23:00:00,569,Coimbatore,1.0,-12.143666666666666
2023-11-09 00:00:00,569,Coimbatore,0.8333333333333334,-12.143666666666666
2023-11-09 01:00:00,569,Coimbatore,0.5,-12.143666666666666
2023-11-09 02:00:00,569,Coimbatore,4.5,-12.143666666666666
2023-11-09 03:00:00,569,Coimbatore,4.0,-12.143666666666666
2023-11-09 04:00:00,569,Coimbatore,15.75,-12.144
2023-11-09 05:00:00,569,Coimbatore,11.5,-12.144
2023-11-09 06:00:00,569,Coimbatore,8.333333333333334,-12.144
2023-11-09 07:00:00,569,Coimbatore,5.75,-12.144
2023-11-09 08:00:00,569,Coimbatore,2.5,-12.144
2023-11-09 15:00:00,569,Coimbatore,41.5,-12.118333333333334
2023-11-09 16:00:00,569,Coimbatore,3.5,-12.082
2023-11-09 22:00:00,569,Coimbatore,5.5,-12.057
2023-11-09 23:00:00,569,Coimbatore,1.5,-12.057
2023-11-10 00:00:00,569,Coimbatore,0.5,-12.057
2023-11-10 01:00:00,569,Coimbatore,0.5,-12.057
2023-11-10 03:00:00,569,Coimbatore,0.5,-12.057
2023-11-10 04:00:00,569,Coimbatore,3.0,-12.025666666666666
2023-11-10 14:00:00,569,Coimbatore,3.0,-12.025666666666666
2023-11-10 16:00:00,569,Coimbatore,0.5,-11.993666666666668
2023-11-14 07:00:00,569,Coimbatore,4.5,-11.654666666666666
2023-11-14 09:00:00,569,Coimbatore,0.5,-11.654666666666666
2023-11-17 05:00:00,569,Coimbatore,2.0,-11.552666666666669
2023-11-18 14:00:00,569,Coimbatore,1.5,-11.603
2023-11-21 15:00:00,569,Coimbatore,0.5,-11.629
2023-11-21 22:00:00,569,Coimbatore,3.5,-11.579333333333333
2023-11-21 23:00:00,569,Coimbatore,0.5,-11.579333333333333
2023-11-22 00:00:00,569,Coimbatore,7.0,-11.579333333333333
2023-11-22 01:00:00,569,Coimbatore,0.75,-11.579333333333333
2023-11-22 02:00:00,569,Coimbatore,11.5,-11.579333333333333
2023-11-22 03:00:00,569,Coimbatore,0.5,-11.579333333333333
2023-11-22 04:00:00,569,Coimbatore,2.0,-11.558
2023-11-22 05:00:00,569,Coimbatore,1.0,-11.558
2023-11-22 13:00:00,569,Coimbatore,0.75,-11.557333333333332
2023-11-22 14:00:00,569,Coimbatore,0.5,-11.557333333333332
2023-11-22 15:00:00,569,Coimbatore,2.6666666666666665,-11.557333333333332
2023-11-22 16:00:00,569,Coimbatore,5.5,-11.563
2023-11-22 17:00:00,569,Coimbatore,4.5,-11.563
2023-11-22 18:00:00,569,Coimbatore,0.8333333333333334,-11.563
2023-11-22 19:00:00,569,Coimbatore,1.5,-11.563
2023-11-22 20:00:00,569,Coimbatore,3.1666666666666665,-11.563
2023-11-22 21:00:00,569,Coimbatore,17.5,-11.563
2023-11-22 22:00:00,569,Coimbatore,1.0,-11.549
2023-11-22 23:00:00,569,Coimbatore,7.75,-11.549
2023-11-23 00:00:00,569,Coimbatore,2.25,-11.549
2023-11-23 01:00:00,569,Coimbatore,1.0,-11.549
2023-11-23 02:00:00,569,Coimbatore,3.0,-11.549
2023-11-23 03:00:00,569,Coimbatore,8.0,-11.549
2023-11-23 04:00:00,569,Coimbatore,0.5,-11.545000000000002
2023-11-23 07:00:00,569,Coimbatore,0.5,-11.545000000000002
2023-11-23 11:00:00,569,Coimbatore,1.5,-11.458999999999998
2023-11-23 12:00:00,569,Coimbatore,2.5,-11.458999999999998
2023-11-23 14:00:00,569,Coimbatore,0.5,-11.458999999999998
2023-11-23 15:00:00,569,Coimbatore,1.5,-11.458999999999998
2023-11-23 16:00:00,569,Coimbatore,0.5,-11.454333333333333
2023-11-23 18:00:00,569,Coimbatore,3.5,-11.454333333333333
2023-11-23 19:00:00,569,Coimbatore,1.0,-11.454333333333333
2023-11-23 20:00:00,569,Coimbatore,1.0,-11.454333333333333
2023-11-24 18:00:00,569,Coimbatore,0.5,-11.439
2023-11-25 10:00:00,569,Coimbatore,0.5,-11.346333333333334
2023-11-25 15:00:00,569,Coimbatore,1.3333333333333333,-11.346333333333334
2023-11-25 17:00:00,569,Coimbatore,1.0,-11.35
2023-11-25 18:00:00,569,Coimbatore,0.5,-11.35
2023-11-25 19:00:00,569,Coimbatore,2.5,-11.35
2023-11-25 20:00:00,569,Coimbatore,0.5,-11.35
2023-11-25 21:00:00,569,Coimbatore,0.5,-11.35
2023-11-25 22:00:00,569,Coimbatore,0.5,-11.38
2023-11-26 04:00:00,569,Coimbatore,0.5,-11.314666666666668
2023-11-26 18:00:00,569,Coimbatore,3.0,-11.314333333333332
2023-11-26 19:00:00,569,Coimbatore,2.0,-11.314333333333332
2023-11-26 20:00:00,569,Coimbatore,0.5,-11.314333333333332
2023-11-26 21:00:00,569,Coimbatore,0.5,-11.314333333333332
2023-11-29 21:00:00,569,Coimbatore,1.0,-11.417333333333334
2023-11-30 17:00:00,569,Coimbatore,9.5,-11.364333333333336
2023-12-07 21:00:00,569,Coimbatore,16.0,-16.083
2023-12-07 22:00:00,569,Coimbatore,7.5,-16.089
2023-12-07 23:00:00,569,Coimbatore,1.0,-16.089
2023-12-08 00:00:00,569,Coimbatore,1.1666666666666667,-16.089
2023-12-08 01:00:00,569,Coimbatore,1.0,-16.089
2023-12-08 02:00:00,569,Coimbatore,0.5,-16.089
2023-12-08 03:00:00,569,Coimbatore,5.5,-16.089
2023-12-08 04:00:00,569,Coimbatore,6.666666666666667,-16.096
2023-12-08 05:00:00,569,Coimbatore,5.333333333333333,-16.096
2023-12-08 06:00:00,569,Coimbatore,0.5,-16.096
2023-12-08 07:00:00,569,Coimbatore,1.8333333333333333,-16.096
2023-12-08 08:00:00,569,Coimbatore,2.5,-16.096
2023-12-08 09:00:00,569,Coimbatore,1.5,-16.096
2023-12-08 10:00:00,569,Coimbatore,0.5,-16.104
2023-12-08 11:00:00,569,Coimbatore,0.5,-16.104
2023-12-08 14:00:00,569,Coimbatore,3.0,-16.104
2023-12-08 15:00:00,569,Coimbatore,1.5,-16.104
2023-12-08 16:00:00,569,Coimbatore,4.0,-16.112
2023-12-08 17:00:00,569,Coimbatore,1.0,-16.112
2023-12-08 18:00:00,569,Coimbatore,2.0,-16.112
2023-12-08 21:00:00,569,Coimbatore,0.5,-16.112
2023-12-08 23:00:00,569,Coimbatore,17.25,-16.094
2023-12-09 00:00:00,569,Coimbatore,1.5,-16.094
2023-12-09 01:00:00,569,Coimbatore,4.75,-16.094
2023-12-09 02:00:00,569,Coimbatore,16.5,-16.094
2023-12-09 03:00:00,569,Coimbatore,18.0,-16.094
2023-12-09 04:00:00,569,Coimbatore,15.0,-16.081
2023-12-09 05:00:00,569,Coimbatore,3.5,-16.081
2023-12-09 06:00:00,569,Coimbatore,1.5,-16.081
2023-12-09 07:00:00,569,Coimbatore,0.5,-16.081
2023-12-09 08:00:00,569,Coimbatore,0.5,-16.081
2023-12-11 11:00:00,569,Coimbatore,0.5,-15.817
2023-12-12 17:00:00,569,Coimbatore,0.5,-15.733
2023-12-16 05:00:00,569,Coimbatore,0.5,-11.5125
2023-12-17 04:00:00,569,Coimbatore,0.5,-11.474
2023-12-17 07:00:00,569,Coimbatore,0.5,-11.474
2023-12-17 17:00:00,569,Coimbatore,0.5,-11.477
2023-12-17 18:00:00,569,Coimbatore,1.0,-11.477
2023-12-17 19:00:00,569,Coimbatore,2.333333333333333,-11.477
2023-12-17 20:00:00,569,Coimbatore,3.375,-11.477
2023-12-17 21:00:00,569,Coimbatore,4.0,-11.477
2023-12-17 22:00:00,569,Coimbatore,5.0,-11.484
2023-12-17 23:00:00,569,Coimbatore,3.6,-11.484
2023-12-18 00:00:00,569,Coimbatore,2.7,-11.484
2023-12-18 01:00:00,569,Coimbatore,1.0,-11.484
2023-12-18 02:00:00,569,Coimbatore,0.6,-11.484
2023-12-18 03:00:00,569,Coimbatore,1.9,-11.484
2023-12-18 04:00:00,569,Coimbatore,1.2,-11.4805
2023-12-18 05:00:00,569,Coimbatore,2.75,-11.4805
2023-12-18 06:00:00,569,Coimbatore,2.0,-11.4805
2023-12-18 07:00:00,569,Coimbatore,1.5,-11.4805
2023-12-18 08:00:00,569,Coimbatore,1.875,-11.4805
2023-12-18 09:00:00,569,Coimbatore,1.0,-11.4805
2023-12-18 10:00:00,569,Coimbatore,0.5,-11.486
2023-12-18 11:00:00,569,Coimbatore,1.0,-11.486
2023-12-18 16:00:00,569,Coimbatore,0.5,-11.4905
2023-12-25 10:00:00,569,Coimbatore,0.5,-10.681
2023-12-26 10:00:00,569,Coimbatore,0.5,-10.656333333333334
2023-12-26 18:00:00,569,Coimbatore,0.5,-10.705333333333334
2024-01-02 18:00:00,569,Coimbatore,0.5,-11.109333333333334
2024-01-04 15:00:00,569,Coimbatore,8.0,-11.038000000000002
2024-01-04 16:00:00,569,Coimbatore,0.5,-11.093666666666666
2024-01-04 18:00:00,569,Coimbatore,3.0,-11.093666666666666
2024-01-04 19:00:00,569,Coimbatore,25.5,-11.093666666666666
2024-01-04 20:00:00,569,Coimbatore,8.5,-11.093666666666666
2024-01-04 21:00:00,569,Coimbatore,5.5,-11.093666666666666
2024-01-04 22:00:00,569,Coimbatore,3.333333333333333,-11.056666666666668
2024-01-04 23:00:00,569,Coimbatore,0.875,-11.056666666666668
2024-01-05 00:00:00,569,Coimbatore,0.875,-11.056666666666668
2024-01-05 01:00:00,569,Coimbatore,2.833333333333333,-11.056666666666668
2024-01-05 02:00:00,569,Coimbatore,6.5,-11.056666666666668
2024-01-05 03:00:00,569,Coimbatore,2.2,-11.056666666666668
2024-01-05 04:00:00,569,Coimbatore,1.7,-11.048
2024-01-05 05:00:00,569,Coimbatore,2.5,-11.048
2024-01-05 06:00:00,569,Coimbatore,0.8,-11.048
2024-01-05 08:00:00,569,Coimbatore,0.5,-11.048
2024-01-05 09:00:00,569,Coimbatore,0.5,-11.048
2024-01-05 13:00:00,569,Coimbatore,0.5,-11.111
2024-01-06 00:00:00,569,Coimbatore,3.5,-11.05
2024-01-06 03:00:00,569,Coimbatore,1.0,-11.05
2024-01-06 04:00:00,569,Coimbatore,0.5,-11.068333333333332
2024-01-06 07:00:00,569,Coimbatore,0.5,-11.068333333333332
2024-01-07 06:00:00,569,Coimbatore,0.5,-11.042333333333334
2024-01-07 09:00:00,569,Coimbatore,0.5,-11.042333333333334
2024-01-07 16:00:00,569,Coimbatore,1.5,-11.043666666666669
2024-01-08 14:00:00,569,Coimbatore,0.5,-11.000666666666667
2024-01-08 15:00:00,569,Coimbatore,2.0,-11.000666666666667
2024-01-08 20:00:00,569,Coimbatore,0.5,-10.801666666666668
2024-01-08 21:00:00,569,Coimbatore,0.5,-10.801666666666668
2024-01-09 08:00:00,569,Coimbatore,1.0,-11.053333333333333
2024-01-09 10:00:00,569,Coimbatore,1.0,-10.938
2024-01-09 11:00:00,569,Coimbatore,1.25,-10.938
2024-01-09 12:00:00,569,Coimbatore,9.666666666666666,-10.938
2024-01-09 13:00:00,569,Coimbatore,8.1,-10.938
2024-01-09 14:00:00,569,Coimbatore,3.8,-10.938
2024-01-09 15:00:00,569,Coimbatore,1.0,-10.938
2024-01-09 16:00:00,569,Coimbatore,0.5,-10.866
2024-01-09 19:00:00,569,Coimbatore,0.5,-10.866
2024-01-09 20:00:00,569,Coimbatore,0.5,-10.866
2024-01-10 14:00:00,569,Coimbatore,0.5,-10.673666666666668
2024-01-10 19:00:00,569,Coimbatore,1.0,-10.768333333333333
2024-01-10 20:00:00,569,Coimbatore,0.5,-10.768333333333333
2024-01-11 05:00:00,569,Coimbatore,0.5,-10.852
2024-01-11 18:00:00,569,Coimbatore,0.5,-10.918666666666669
2024-01-20 09:00:00,569,Coimbatore,0.5,-11.169
2024-02-01 06:00:00,569,Coimbatore,0.5,-9.1385
2024-03-07 13:00:00,569,Coimbatore,0.5,-12.323666666666668
2024-03-09 16:00:00,569,Coimbatore,9.0,-12.336999999999998
2024-03-15 17:00:00,569,Coimbatore,0.5,-12.536
2024-03-15 18:00:00,569,Coimbatore,11.0,-12.536
2024-03-22 04:00:00,569,Coimbatore,2.5,-12.530333333333331
2024-04-01 17:00:00,569,Coimbatore,5.5,-12.775333333333334
2024-04-04 16:00:00,569,Coimbatore,14.0,-12.732
2024-04-18 16:00:00,569,Coimbatore,0.5,-13.251333333333331
2024-04-20 17:00:00,569,Coimbatore,27.0,-13.095666666666666
2024-04-20 18:00:00,569,Coimbatore,3.5,-13.095666666666666
2024-04-21 15:00:00,569,Coimbatore,15.5,-13.121
2024-04-21 16:00:00,569,Coimbatore,1.5,-13.026333333333334
2024-04-22 15:00:00,569,Coimbatore,35.5,-13.206333333333331
2024-04-22 16:00:00,569,Coimbatore,0.5,-13.279333333333334
2024-04-24 17:00:00,569,Coimbatore,11.0,-13.258
2024-04-27 12:00:00,569,Coimbatore,5.0,-13.287
2024-04-27 15:10:00,569,Coimbatore,2.5,-13.294000000000002
2024-04-27 17:00:00,569,Coimbatore,7.0,-13.294000000000002
2024-05-03 18:00:00,569,Coimbatore,9.0,-13.562333333333331
2024-05-04 19:00:00,569,Coimbatore,0.5,-13.427333333333335
2024-05-07 02:00:00,569,Coimbatore,8.5,-13.684333333333331
2024-05-07 03:00:00,569,Coimbatore,0.5,-13.684333333333331
2024-05-09 14:00:00,569,Coimbatore,1.0,-13.781
2024-05-09 17:00:00,569,Coimbatore,4.5,-13.731333333333334
2024-05-09 17:25:00,569,Coimbatore,7.0,-13.731333333333334
2024-05-09 18:00:00,569,Coimbatore,26.0,-13.731333333333334
2024-05-09 19:00:00,569,Coimbatore,2.5,-13.731333333333334
2024-05-10 01:00:00,569,Coimbatore,2.5,-13.711666666666668
2024-05-10 02:00:00,569,Coimbatore,2.0,-13.711666666666668
2024-05-10 03:00:00,569,Coimbatore,5.0,-13.711666666666668
2024-05-10 04:00:00,569,Coimbatore,5.0,-13.702333333333334
2024-05-10 05:00:00,569,Coimbatore,0.5,-13.702333333333334
2024-05-10 06:00:00,569,Coimbatore,1.0,-13.702333333333334
2024-05-10 07:00:00,569,Coimbatore,0.5,-13.702333333333334
2024-05-10 14:00:00,569,Coimbatore,0.5,-13.754
2024-05-10 18:00:00,569,Coimbatore,1.5,-13.773333333333332
2024-05-11 07:00:00,569,Coimbatore,0.5,-13.749666666666668
2024-05-11 16:35:00,569,Coimbatore,5.5,-13.738
2024-05-11 20:00:00,569,Coimbatore,1.0,-13.738
2024-05-11 21:00:00,569,Coimbatore,0.5,-13.738
2024-05-11 22:00:00,569,Coimbatore,3.0,-13.687333333333331
2024-05-11 23:00:00,569,Coimbatore,0.5,-13.687333333333331
2024-05-12 00:00:00,569,Coimbatore,0.5,-13.687333333333331
2024-05-12 12:00:00,569,Coimbatore,25.5,-13.616
2024-05-12 22:00:00,569,Coimbatore,0.5,-13.559
2024-05-13 00:00:00,569,Coimbatore,0.5,-13.559
2024-05-13 13:00:00,569,Coimbatore,1.0,-13.738666666666669
2024-05-13 14:00:00,569,Coimbatore,0.5,-13.738666666666669
2024-05-13 15:00:00,569,Coimbatore,1.0,-13.738666666666669
2024-05-13 16:00:00,569,Coimbatore,1.0,-13.666333333333334
2024-05-13 17:00:00,569,Coimbatore,2.5,-13.666333333333334
2024-05-13 17:15:00,569,Coimbatore,0.5,-13.666333333333334
2024-05-13 17:20:00,569,Coimbatore,0.5,-13.666333333333334
2024-05-13 17:25:00,569,Coimbatore,0.5,-13.666333333333334
2024-05-13 17:30:00,569,Coimbatore,0.5,-13.666333333333334
2024-05-13 17:35:00,569,Coimbatore,0.5,-13.666333333333334
2024-05-13 17:40:00,569,Coimbatore,0.5,-13.666333333333334
2024-05-13 17:45:00,569,Coimbatore,0.5,-13.666333333333334
2024-05-13 17:50:00,569,Coimbatore,0.5,-13.666333333333334
2024-05-13 17:55:00,569,Coimbatore,0.5,-13.666333333333334
2024-05-13 18:00:00,569,Coimbatore,0.5,-13.666333333333334
2024-05-13 19:00:00,569,Coimbatore,0.5,-13.666333333333334
2024-05-14 15:00:00,569,Coimbatore,0.5,-11.5315
2024-05-14 19:00:00,569,Coimbatore,5.5,-11.607
2024-05-14 19:35:00,569,Coimbatore,1.5,-11.607
2024-05-14 19:40:00,569,Coimbatore,9.5,-11.607
2024-05-14 19:45:00,569,Coimbatore,16.0,-11.607
2024-05-14 20:00:00,569,Coimbatore,7.75,-11.607
2024-05-14 20:05:00,569,Coimbatore,0.5,-11.607
2024-05-14 20:10:00,569,Coimbatore,1.0,-11.607
2024-05-14 20:15:00,569,Coimbatore,1.5,-11.607
2024-05-14 20:20:00,569,Coimbatore,1.5,-11.607
2024-05-14 20:25:00,569,Coimbatore,1.5,-11.607
2024-05-14 20:30:00,569,Coimbatore,1.5,-11.607
2024-05-14 20:35:00,569,Coimbatore,2.0,-11.607
2024-05-14 20:40:00,569,Coimbatore,2.0,-11.607
2024-05-14 20:45:00,569,Coimbatore,2.0,-11.607
2024-05-14 20:50:00,569,Coimbatore,2.0,-11.607
2024-05-14 20:55:00,569,Coimbatore,2.0,-11.607
2024-05-14 21:00:00,569,Coimbatore,7.75,-11.607
2024-05-14 21:15:00,569,Coimbatore,0.5,-11.6215
2024-05-14 21:20:00,569,Coimbatore,0.5,-11.6215
2024-05-14 21:25:00,569,Coimbatore,0.5,-11.6215
2024-05-14 21:30:00,569,Coimbatore,1.0,-11.6215
2024-05-14 21:35:00,569,Coimbatore,1.0,-11.6215
2024-05-14 21:40:00,569,Coimbatore,1.5,-11.6215
2024-05-14 21:45:00,569,Coimbatore,2.0,-11.6215
2024-05-14 21:50:00,569,Coimbatore,2.5,-11.6215
2024-05-14 21:55:00,569,Coimbatore,3.0,-11.6215
2024-05-14 22:00:00,569,Coimbatore,3.0,-11.6215
2024-05-14 22:05:00,569,Coimbatore,0.5,-11.6215
2024-05-14 22:10:00,569,Coimbatore,1.0,-11.6215
2024-05-14 22:15:00,569,Coimbatore,1.0,-11.6215
2024-05-14 22:20:00,569,Coimbatore,1.5,-11.6215
2024-05-14 22:25:00,569,Coimbatore,1.5,-11.6215
2024-05-14 22:30:00,569,Coimbatore,1.5,-11.6215
2024-05-14 22:35:00,569,Coimbatore,1.5,-11.6215
2024-05-14 22:40:00,569,Coimbatore,1.5,-11.6215
2024-05-14 22:45:00,569,Coimbatore,2.0,-11.6215
2024-05-14 22:50:00,569,Coimbatore,2.0,-11.6215
2024-05-14 22:55:00,569,Coimbatore,2.0,-11.6215
2024-05-14 23:00:00,569,Coimbatore,2.375,-11.6215
2024-05-14 23:10:00,569,Coimbatore,0.5,-11.6215
2024-05-14 23:15:00,569,Coimbatore,0.5,-11.6215
2024-05-14 23:20:00,569,Coimbatore,0.5,-11.6215
2024-05-14 23:25:00,569,Coimbatore,0.5,-11.6215
2024-05-14 23:30:00,569,Coimbatore,0.5,-11.6215
2024-05-14 23:35:00,569,Coimbatore,0.5,-11.6215
2024-05-14 23:40:00,569,Coimbatore,0.5,-11.6215
2024-05-14 23:45:00,569,Coimbatore,0.5,-11.6215
2024-05-14 23:50:00,569,Coimbatore,0.5,-11.6215
2024-05-14 23:55:00,569,Coimbatore,0.5,-11.6215
2024-05-15 00:00:00,569,Coimbatore,1.125,-11.6215
2024-05-15 01:00:00,569,Coimbatore,0.5,-11.6215
2024-05-15 02:00:00,569,Coimbatore,0.5,-11.6215
2024-05-15 03:00:00,569,Coimbatore,0.5,-11.6215
2024-05-15 15:00:00,569,Coimbatore,5.5,-11.509
2024-05-15 16:00:00,569,Coimbatore,1.0,-11.4045
2024-05-15 17:00:00,569,Coimbatore,0.5,-11.4045
2024-05-15 18:00:00,569,Coimbatore,6.75,-11.4045
2024-05-15 19:00:00,569,Coimbatore,1.1666666666666667,-11.4045
2024-05-15 20:00:00,569,Coimbatore,0.5,-11.4045
2024-05-15 20:20:00,569,Coimbatore,0.5,-11.4045
2024-05-15 20:25:00,569,Coimbatore,0.5,-11.4045
2024-05-15 20:30:00,569,Coimbatore,0.5,-11.4045
2024-05-15 20:35:00,569,Coimbatore,0.5,-11.4045
2024-05-15 20:40:00,569,Coimbatore,0.5,-11.4045
2024-05-15 20:45:00,569,Coimbatore,0.5,-11.4045
2024-05-15 20:50:00,569,Coimbatore,0.5,-11.4045
2024-05-15 20:55:00,569,Coimbatore,1.0,-11.4045
2024-05-15 21:00:00,569,Coimbatore,1.3333333333333333,-11.4045
2024-05-15 21:10:00,569,Coimbatore,0.5,-11.5245
2024-05-15 21:15:00,569,Coimbatore,0.5,-11.5245
2024-05-15 21:20:00,569,Coimbatore,0.5,-11.5245
2024-05-15 21:25:00,569,Coimbatore,0.5,-11.5245
2024-05-15 21:30:00,569,Coimbatore,0.5,-11.5245
2024-05-15 21:35:00,569,Coimbatore,0.5,-11.5245
2024-05-15 21:40:00,569,Coimbatore,0.5,-11.5245
2024-05-15 21:45:00,569,Coimbatore,0.5,-11.5245
2024-05-15 21:50:00,569,Coimbatore,0.5,-11.5245
2024-05-15 21:55:00,569,Coimbatore,0.5,-11.5245
2024-05-15 22:00:00,569,Coimbatore,1.5,-11.5245
2024-05-15 22:15:00,569,Coimbatore,0.5,-11.5245
2024-05-15 22:20:00,569,Coimbatore,0.5,-11.5245
2024-05-15 22:25:00,569,Coimbatore,0.5,-11.5245
2024-05-15 22:30:00,569,Coimbatore,0.5,-11.5245
2024-05-15 22:35:00,569,Coimbatore,1.0,-11.5245
2024-05-15 22:40:00,569,Coimbatore,1.0,-11.5245
2024-05-15 22:45:00,569,Coimbatore,1.0,-11.5245
2024-05-15 22:50:00,569,Coimbatore,1.0,-11.5245
2024-05-15 22:55:00,569,Coimbatore,1.0,-11.5245
2024-05-15 23:00:00,569,Coimbatore,0.8333333333333334,-11.5245
2024-05-16 01:00:00,569,Coimbatore,0.5,-11.5245
2024-05-16 13:00:00,569,Coimbatore,3.0,-11.5875
2024-05-17 04:00:00,569,Coimbatore,0.5,-11.5965
2024-05-17 14:00:00,569,Coimbatore,3.5,-11.5985
2024-05-17 15:00:00,569,Coimbatore,0.5,-11.5985
2024-05-17 19:00:00,569,Coimbatore,3.0,-11.5805
2024-05-17 20:00:00,569,Coimbatore,18.5,-11.5805
2024-05-17 21:00:00,569,Coimbatore,2.5,-11.5805
2024-05-17 22:00:00,569,Coimbatore,0.5,-11.5375
2024-05-17 23:00:00,569,Coimbatore,0.5,-11.5375
2024-05-18 00:00:00,569,Coimbatore,1.0,-11.5375
2024-05-18 01:00:00,569,Coimbatore,0.5,-11.5375
2024-05-18 14:00:00,569,Coimbatore,2.0,-11.667
2024-05-18 15:00:00,569,Coimbatore,30.0,-11.667
2024-05-18 16:00:00,569,Coimbatore,1.5,-11.529
2024-05-18 17:00:00,569,Coimbatore,0.5,-11.529
2024-05-18 18:00:00,569,Coimbatore,1.25,-11.529
2024-05-18 19:00:00,569,Coimbatore,1.0,-11.529
2024-05-18 20:00:00,569,Coimbatore,0.5,-11.529
2024-05-19 07:00:00,569,Coimbatore,3.0,-11.4965
2024-05-19 15:00:00,569,Coimbatore,0.5,-11.4915
2024-05-19 16:00:00,569,Coimbatore,1.25,-11.495
2024-05-19 17:00:00,569,Coimbatore,10.0,-11.495
2024-05-20 01:00:00,569,Coimbatore,0.5,-11.434
2024-05-20 02:00:00,569,Coimbatore,0.5,-11.434
2024-05-20 04:00:00,569,Coimbatore,0.5,-11.4055
2024-05-20 11:00:00,569,Coimbatore,10.5,-11.397
2024-05-20 12:00:00,569,Coimbatore,10.0,-11.397
2024-05-20 13:00:00,569,Coimbatore,4.0,-11.397
2024-05-20 14:00:00,569,Coimbatore,1.5,-11.397
2024-05-20 15:00:00,569,Coimbatore,2.5,-11.397
2024-05-20 16:00:00,569,Coimbatore,0.5,-11.391
2024-05-20 17:00:00,569,Coimbatore,1.5,-11.391
2024-05-20 18:00:00,569,Coimbatore,0.5,-11.391
2024-05-21 16:00:00,569,Coimbatore,0.5,-11.3845
2024-05-21 17:00:00,569,Coimbatore,4.75,-11.3845
2024-05-21 18:00:00,569,Coimbatore,12.875,-11.3845
2024-05-21 19:00:00,569,Coimbatore,4.625,-11.3845
2024-05-21 20:00:00,569,Coimbatore,12.125,-11.3845
2024-05-21 21:00:00,569,Coimbatore,6.375,-11.3845
2024-05-21 22:00:00,569,Coimbatore,5.625,-11.282
2024-05-21 23:00:00,569,Coimbatore,1.25,-11.282
2024-05-22 12:00:00,569,Coimbatore,2.5,-11.2525
2024-05-22 13:00:00,569,Coimbatore,1.0,-11.2525
2024-05-22 14:00:00,569,Coimbatore,0.5,-11.2525
2024-05-22 15:00:00,569,Coimbatore,1.75,-11.2525
2024-05-22 16:00:00,569,Coimbatore,1.8333333333333333,-11.177
2024-05-22 17:00:00,569,Coimbatore,8.5,-11.177
2024-05-22 18:00:00,569,Coimbatore,3.125,-11.177
2024-05-22 19:00:00,569,Coimbatore,4.875,-11.177
2024-05-22 20:00:00,569,Coimbatore,13.833333333333334,-11.177
2024-05-22 21:00:00,569,Coimbatore,1.25,-11.177
2024-05-22 22:00:00,569,Coimbatore,3.0,-11.13
2024-05-22 23:00:00,569,Coimbatore,1.0,-11.13
2024-05-23 00:00:00,569,Coimbatore,0.5,-11.13
2024-05-23 01:00:00,569,Coimbatore,0.75,-11.13
2024-05-23 02:00:00,569,Coimbatore,0.5,-11.13
2024-05-23 10:00:00,569,Coimbatore,0.5,-11.134
2024-05-23 11:00:00,569,Coimbatore,1.0,-11.134
2024-05-23 16:00:00,569,Coimbatore,0.5,-11.6
2024-05-23 19:00:00,569,Coimbatore,1.25,-11.6
2024-05-23 20:00:00,569,Coimbatore,0.5,-11.6
2024-05-23 21:00:00,569,Coimbatore,1.0,-11.6
2024-05-23 22:00:00,569,Coimbatore,2.6666666666666665,-11.51
2024-05-23 23:00:00,569,Coimbatore,0.5,-11.51
2024-05-24 00:00:00,569,Coimbatore,0.8333333333333334,-11.51
2024-05-24 02:00:00,569,Coimbatore,0.5,-11.51
2024-05-24 03:00:00,569,Coimbatore,1.0,-11.51
2024-05-24 04:00:00,569,Coimbatore,1.3333333333333333,-10.961
2024-05-24 05:00:00,569,Coimbatore,0.5,-10.961
2024-05-24 06:00:00,569,Coimbatore,2.0,-10.961
2024-05-24 07:00:00,569,Coimbatore,1.3333333333333333,-10.961
2024-05-24 08:00:00,569,Coimbatore,0.75,-10.961
2024-05-24 09:00:00,569,Coimbatore,0.5,-10.961
2024-05-24 10:00:00,569,Coimbatore,1.0,-10.9655
2024-05-24 11:00:00,569,Coimbatore,6.5,-10.9655
2024-05-24 12:00:00,569,Coimbatore,3.3,-10.9655
2024-05-24 13:00:00,569,Coimbatore,1.6666666666666667,-10.9655
2024-05-24 21:00:00,569,Coimbatore,0.5,-10.909
2024-05-24 22:00:00,569,Coimbatore,1.5,-10.8615
2024-05-24 23:00:00,569,Coimbatore,0.5,-10.8615
2024-05-25 00:00:00,569,Coimbatore,0.5,-10.8615
2024-05-25 02:00:00,569,Coimbatore,2.5,-10.8615
2024-05-25 03:00:00,569,Coimbatore,2.25,-10.8615
2024-05-25 04:00:00,569,Coimbatore,0.75,-10.8055
2024-05-26 23:00:00,569,Coimbatore,0.5,-10.644
2024-05-27 02:00:00,569,Coimbatore,4.5,-10.644
2024-05-27 19:00:00,569,Coimbatore,0.5,-10.595
2024-05-28 13:00:00,569,Coimbatore,1.5,-10.59
2024-05-28 14:00:00,569,Coimbatore,9.0,-10.59
2024-05-28 15:00:00,569,Coimbatore,14.0,-10.59
2024-05-28 16:00:00,569,Coimbatore,2.5,-10.539
2024-05-28 18:00:00,569,Coimbatore,0.5,-10.539
2024-05-29 15:00:00,569,Coimbatore,32.0,-10.4915
2024-05-29 16:00:00,569,Coimbatore,2.0,-10.5835
2024-05-29 17:00:00,569,Coimbatore,0.5,-10.5835
2024-05-29 18:00:00,569,Coimbatore,0.5,-10.5835
2024-05-29 20:00:00,569,Coimbatore,0.5,-10.5835
2024-05-29 22:00:00,569,Coimbatore,0.5,-10.481
2024-05-30 06:00:00,569,Coimbatore,0.5,-10.428
2024-05-30 07:00:00,569,Coimbatore,247.0,-10.428
2024-05-30 08:00:00,569,Coimbatore,206.0,-10.428
2024-05-30 09:00:00,569,Coimbatore,247.5,-10.428
2024-05-30 11:00:00,569,Coimbatore,328.0,-10.448
2024-05-30 14:00:00,569,Coimbatore,58.5,-10.448
2024-05-30 15:00:00,569,Coimbatore,35.5,-10.448
2024-05-30 16:00:00,569,Coimbatore,2.0,-10.2705
2024-05-30 17:00:00,569,Coimbatore,4.0,-10.2705
2024-05-30 19:00:00,569,Coimbatore,0.5,-10.2705
2024-05-30 21:00:00,569,Coimbatore,0.5,-10.2705
2024-05-31 00:00:00,569,Coimbatore,0.5,-10.3465
2024-05-31 16:00:00,569,Coimbatore,21.0,-10.3965
2024-05-31 17:00:00,569,Coimbatore,0.5,-10.3965
2024-05-31 22:00:00,569,Coimbatore,0.5,-10.356000000000002
2024-06-01 11:00:00,569,Coimbatore,9.5,-10.3665
2024-06-01 12:00:00,569,Coimbatore,1.5,-10.3665
2024-06-01 14:00:00,569,Coimbatore,1.0,-10.3665
2024-06-01 15:00:00,569,Coimbatore,2.5,-10.3665
2024-06-01 16:00:00,569,Coimbatore,1.0,-10.411
2024-06-01 22:00:00,569,Coimbatore,0.5,-10.3515
2024-06-02 15:00:00,569,Coimbatore,4.25,-10.357
2024-06-02 16:00:00,569,Coimbatore,2.75,-10.3585
2024-06-02 20:00:00,569,Coimbatore,0.5,-10.3585
2024-06-03 09:00:00,569,Coimbatore,0.5,-10.29
2024-06-03 14:00:00,569,Coimbatore,0.5,-10.343
2024-06-03 16:00:00,569,Coimbatore,0.5,-10.505
2024-06-03 21:00:00,569,Coimbatore,0.5,-10.505
2024-06-04 18:00:00,569,Coimbatore,0.75,-10.342
2024-06-04 22:00:00,569,Coimbatore,7.0,-10.316
2024-06-04 23:00:00,569,Coimbatore,0.5,-10.316
2024-06-05 13:00:00,569,Coimbatore,0.5,-10.3065
2024-06-05 16:00:00,569,Coimbatore,0.5,-10.4085
2024-06-06 14:00:00,569,Coimbatore,0.5,-10.336
2024-06-06 15:00:00,569,Coimbatore,0.5,-10.336
2024-06-06 16:00:00,569,Coimbatore,6.5,-10.3605
2024-06-06 17:00:00,569,Coimbatore,4.5,-10.3605
2024-06-06 18:00:00,569,Coimbatore,4.0,-10.3605
2024-06-06 19:00:00,569,Coimbatore,0.5,-10.3605
2024-06-06 20:00:00,569,Coimbatore,7.0,-10.3605
2024-06-06 21:00:00,569,Coimbatore,0.5,-10.3605
2024-06-06 22:00:00,569,Coimbatore,0.8333333333333334,-10.338
2024-06-06 23:00:00,569,Coimbatore,0.5,-10.338
2024-06-07 00:00:00,569,Coimbatore,1.75,-10.338
2024-06-07 01:00:00,569,Coimbatore,0.5,-10.338
2024-06-07 11:00:00,569,Coimbatore,0.5,-10.3065
2024-06-07 14:00:00,569,Coimbatore,5.5,-10.3065
2024-06-07 15:00:00,569,Coimbatore,0.5,-10.3065
2024-06-07 17:00:00,569,Coimbatore,2.0,-10.083
2024-06-07 18:00:00,569,Coimbatore,3.5,-10.083
2024-06-07 19:00:00,569,Coimbatore,5.5,-10.083
2024-06-07 20:00:00,569,Coimbatore,0.5,-10.083
2024-06-07 21:00:00,569,Coimbatore,0.5,-10.083
2024-06-07 22:00:00,569,Coimbatore,2.0,-10.1895
2024-06-07 23:00:00,569,Coimbatore,1.3333333333333333,-10.1895
2024-06-08 00:00:00,569,Coimbatore,3.5,-10.1895
2024-06-08 01:00:00,569,Coimbatore,2.75,-10.1895
2024-06-08 03:00:00,569,Coimbatore,0.5,-10.1895
2024-06-08 04:00:00,569,Coimbatore,0.5,-10.21
2024-06-08 08:00:00,569,Coimbatore,0.5,-10.21
2024-06-08 09:00:00,569,Coimbatore,1.0,-10.21
2024-06-08 10:00:00,569,Coimbatore,0.5,-10.1155
2024-06-08 15:00:00,569,Coimbatore,14.0,-10.1155
2024-06-08 16:00:00,569,Coimbatore,11.75,-9.934
2024-06-08 17:00:00,569,Coimbatore,7.75,-9.934
2024-06-08 18:00:00,569,Coimbatore,5.2,-9.934
2024-06-08 19:00:00,569,Coimbatore,2.5,-9.934
2024-06-08 20:00:00,569,Coimbatore,4.25,-9.934
2024-06-08 21:00:00,569,Coimbatore,1.0,-9.934
2024-06-08 22:00:00,569,Coimbatore,1.25,-10.1015
2024-06-08 23:00:00,569,Coimbatore,3.875,-10.1015
2024-06-09 00:00:00,569,Coimbatore,0.5,-10.1015
2024-06-09 02:00:00,569,Coimbatore,0.5,-10.1015
2024-06-09 11:00:00,569,Coimbatore,0.5,-10.149
2024-06-09 14:00:00,569,Coimbatore,2.5,-10.149
2024-06-09 16:00:00,569,Coimbatore,0.75,-10.1455
2024-06-09 17:00:00,569,Coimbatore,1.75,-10.1455
2024-06-09 18:00:00,569,Coimbatore,2.5,-10.1455
2024-06-09 22:00:00,569,Coimbatore,0.5,-10.1575
2024-06-10 00:00:00,569,Coimbatore,0.5,-10.1575
2024-06-10 03:00:00,569,Coimbatore,6.0,-10.1575
2024-06-10 04:00:00,569,Coimbatore,9.5,-10.1365
2024-06-10 05:00:00,569,Coimbatore,0.5,-10.1365
2024-06-10 11:00:00,569,Coimbatore,1.5,-10.5585
2024-06-10 13:00:00,569,Coimbatore,0.5,-10.5585
2024-06-10 14:00:00,569,Coimbatore,0.5,-10.5585
2024-06-10 16:00:00,569,Coimbatore,3.1666666666666665,-10.4615
2024-06-10 17:00:00,569,Coimbatore,2.0,-10.4615
2024-06-10 18:00:00,569,Coimbatore,4.0,-10.4615
2024-06-11 01:00:00,569,Coimbatore,0.5,-10.29
2024-06-11 02:00:00,569,Coimbatore,1.5,-10.29
2024-06-11 07:00:00,569,Coimbatore,0.5,-10.2075
2024-06-11 14:00:00,569,Coimbatore,4.75,-10.411
2024-06-11 15:00:00,569,Coimbatore,1.0,-10.411
2024-06-11 23:35:00,569,Coimbatore,0.5,-10.1955
2024-06-11 23:40:00,569,Coimbatore,1.0,-10.1955
2024-06-11 23:45:00,569,Coimbatore,1.0,-10.1955
2024-06-11 23:50:00,569,Coimbatore,1.0,-10.1955
2024-06-11 23:55:00,569,Coimbatore,1.0,-10.1955
2024-06-12 00:00:00,569,Coimbatore,1.0,-10.1955
2024-06-12 09:00:00,569,Coimbatore,0.5,-10.1565
2024-06-12 09:20:00,569,Coimbatore,0.5,-10.176
2024-06-12 09:25:00,569,Coimbatore,0.5,-10.176
2024-06-12 09:30:00,569,Coimbatore,1.5,-10.176
2024-06-12 09:35:00,569,Coimbatore,1.5,-10.176
2024-06-12 09:40:00,569,Coimbatore,1.5,-10.176
2024-06-12 09:45:00,569,Coimbatore,1.5,-10.176
2024-06-12 09:50:00,569,Coimbatore,1.5,-10.176
2024-06-12 09:55:00,569,Coimbatore,1.5,-10.176
2024-06-12 10:00:00,569,Coimbatore,1.1666666666666667,-10.176
2024-06-12 10:05:00,569,Coimbatore,2.0,-10.176
2024-06-12 10:10:00,569,Coimbatore,2.5,-10.176
2024-06-12 10:15:00,569,Coimbatore,2.5,-10.176
2024-06-12 10:20:00,569,Coimbatore,2.5,-10.176
2024-06-12 10:25:00,569,Coimbatore,3.5,-10.176
2024-06-12 10:30:00,569,Coimbatore,3.5,-10.176
2024-06-12 10:35:00,569,Coimbatore,5.0,-10.176
2024-06-12 10:40:00,569,Coimbatore,5.5,-10.176
2024-06-12 10:45:00,569,Coimbatore,6.0,-10.176
2024-06-12 10:50:00,569,Coimbatore,6.5,-10.176
2024-06-12 10:55:00,569,Coimbatore,6.5,-10.176
2024-06-12 11:00:00,569,Coimbatore,6.5,-10.176
2024-06-12 11:55:00,569,Coimbatore,0.5,-10.176
2024-06-12 12:00:00,569,Coimbatore,0.5,-10.176
2024-06-12 16:00:00,569,Coimbatore,0.5,-10.1435
2024-06-13 15:15:00,569,Coimbatore,0.5,-10.3405
2024-06-13 15:20:00,569,Coimbatore,0.5,-10.3405
2024-06-13 15:25:00,569,Coimbatore,0.5,-10.3405
2024-06-13 15:30:00,569,Coimbatore,0.5,-10.3405
2024-06-13 15:35:00,569,Coimbatore,0.5,-10.3405
2024-06-13 15:40:00,569,Coimbatore,0.5,-10.3405
2024-06-13 15:45:00,569,Coimbatore,0.5,-10.3405
2024-06-13 15:50:00,569,Coimbatore,0.5,-10.3405
2024-06-13 15:55:00,569,Coimbatore,0.5,-10.3405
2024-06-13 16:00:00,569,Coimbatore,0.5,-10.3405
2024-06-13 17:00:00,569,Coimbatore,1.0,-10.3405
2024-06-13 21:10:00,569,Coimbatore,0.5,-10.2595
2024-06-13 21:15:00,569,Coimbatore,0.5,-10.2595
2024-06-13 21:20:00,569,Coimbatore,0.5,-10.2595
2024-06-13 21:25:00,569,Coimbatore,0.5,-10.2595
2024-06-13 21:30:00,569,Coimbatore,0.5,-10.2595
2024-06-13 21:35:00,569,Coimbatore,0.5,-10.2595
2024-06-13 21:40:00,569,Coimbatore,0.5,-10.2595
2024-06-13 21:45:00,569,Coimbatore,0.5,-10.2595
2024-06-13 21:50:00,569,Coimbatore,0.5,-10.2595
2024-06-13 21:55:00,569,Coimbatore,0.5,-10.2595
2024-06-13 22:00:00,569,Coimbatore,0.5,-10.2595
2024-06-14 13:10:00,569,Coimbatore,0.5,-10.362
2024-06-14 13:15:00,569,Coimbatore,0.5,-10.362
2024-06-14 13:20:00,569,Coimbatore,0.5,-10.362
2024-06-14 13:25:00,569,Coimbatore,0.5,-10.362
2024-06-14 13:30:00,569,Coimbatore,0.5,-10.362
2024-06-14 13:35:00,569,Coimbatore,0.5,-10.362
2024-06-14 13:40:00,569,Coimbatore,0.5,-10.362
2024-06-14 13:45:00,569,Coimbatore,0.5,-10.362
2024-06-14 13:50:00,569,Coimbatore,0.5,-10.362
2024-06-14 13:55:00,569,Coimbatore,0.5,-10.362
2024-06-14 14:00:00,569,Coimbatore,0.5,-10.362
2024-06-14 14:50:00,569,Coimbatore,0.5,-10.362
2024-06-14 14:55:00,569,Coimbatore,0.5,-10.362
2024-06-14 15:00:00,569,Coimbatore,0.5,-10.362
2024-06-16 15:20:00,569,Coimbatore,1.5,-10.3185
2024-06-16 15:25:00,569,Coimbatore,3.5,-10.3185
2024-06-16 15:30:00,569,Coimbatore,3.5,-10.3185
2024-06-16 15:35:00,569,Coimbatore,3.5,-10.3185
2024-06-16 15:40:00,569,Coimbatore,3.5,-10.3185
2024-06-16 15:45:00,569,Coimbatore,3.5,-10.3185
2024-06-16 15:50:00,569,Coimbatore,4.0,-10.3185
2024-06-16 15:55:00,569,Coimbatore,4.0,-10.3185
2024-06-16 16:00:00,569,Coimbatore,4.0,-10.3185
2024-06-18 04:10:00,569,Coimbatore,0.5,-10.299499999999998
2024-06-18 04:15:00,569,Coimbatore,1.0,-10.299499999999998
2024-06-18 04:20:00,569,Coimbatore,1.0,-10.299499999999998
2024-06-18 04:25:00,569,Coimbatore,1.0,-10.299499999999998
2024-06-18 04:30:00,569,Coimbatore,1.0,-10.299499999999998
2024-06-18 04:35:00,569,Coimbatore,1.0,-10.299499999999998
2024-06-18 04:40:00,569,Coimbatore,1.5,-10.299499999999998
2024-06-18 04:45:00,569,Coimbatore,1.5,-10.299499999999998
2024-06-18 04:50:00,569,Coimbatore,1.5,-10.299499999999998
2024-06-18 04:55:00,569,Coimbatore,1.5,-10.299499999999998
2024-06-18 05:00:00,569,Coimbatore,1.5,-10.299499999999998
2024-06-18 13:45:00,569,Coimbatore,0.5,-10.4905
2024-06-18 13:50:00,569,Coimbatore,0.5,-10.4905
2024-06-18 13:55:00,569,Coimbatore,0.5,-10.4905
2024-06-18 14:00:00,569,Coimbatore,0.5,-10.4905
2024-06-18 16:45:00,569,Coimbatore,0.5,-10.356
2024-06-18 16:50:00,569,Coimbatore,0.5,-10.356
2024-06-18 16:55:00,569,Coimbatore,0.5,-10.356
2024-06-18 17:00:00,569,Coimbatore,0.5,-10.356
2024-06-18 19:55:00,569,Coimbatore,0.5,-10.356
2024-06-18 20:00:00,569,Coimbatore,0.5,-10.356
2024-06-18 21:45:00,569,Coimbatore,0.5,-10.318
2024-06-18 21:50:00,569,Coimbatore,0.5,-10.318
2024-06-18 21:55:00,569,Coimbatore,0.5,-10.318
2024-06-18 22:00:00,569,Coimbatore,0.5,-10.318
2024-06-19 00:25:00,569,Coimbatore,0.5,-10.318
2024-06-19 00:30:00,569,Coimbatore,0.5,-10.318
2024-06-19 00:35:00,569,Coimbatore,1.5,-10.318
2024-06-19 00:40:00,569,Coimbatore,1.5,-10.318
2024-06-19 00:45:00,569,Coimbatore,2.0,-10.318
2024-06-19 00:50:00,569,Coimbatore,2.0,-10.318
2024-06-19 00:55:00,569,Coimbatore,2.0,-10.318
2024-06-19 01:00:00,569,Coimbatore,2.0,-10.318
2024-06-19 01:10:00,569,Coimbatore,0.5,-10.318
2024-06-19 01:15:00,569,Coimbatore,0.5,-10.318
2024-06-19 01:20:00,569,Coimbatore,0.5,-10.318
2024-06-19 01:25:00,569,Coimbatore,0.5,-10.318
2024-06-19 01:30:00,569,Coimbatore,1.0,-10.318
2024-06-19 01:35:00,569,Coimbatore,1.0,-10.318
2024-06-19 01:40:00,569,Coimbatore,1.0,-10.318
2024-06-19 01:45:00,569,Coimbatore,1.5,-10.318
2024-06-19 01:50:00,569,Coimbatore,1.5,-10.318
2024-06-19 01:55:00,569,Coimbatore,1.5,-10.318
2024-06-19 02:00:00,569,Coimbatore,1.5,-10.318
2024-06-19 02:15:00,569,Coimbatore,1.0,-10.318
2024-06-19 02:20:00,569,Coimbatore,1.5,-10.318
2024-06-19 02:25:00,569,Coimbatore,1.5,-10.318
2024-06-19 02:30:00,569,Coimbatore,1.5,-10.318
2024-06-19 02:35:00,569,Coimbatore,1.5,-10.318
2024-06-19 02:40:00,569,Coimbatore,1.5,-10.318
2024-06-19 02:45:00,569,Coimbatore,1.5,-10.318
2024-06-19 02:50:00,569,Coimbatore,1.5,-10.318
2024-06-19 02:55:00,569,Coimbatore,1.5,-10.318
2024-06-19 03:00:00,569,Coimbatore,1.5,-10.318
2024-06-19 08:00:00,569,Coimbatore,0.5,-10.2955
2024-06-19 11:00:00,569,Coimbatore,1.0,-10.4185
2024-06-19 11:05:00,569,Coimbatore,0.5,-10.4185
2024-06-19 11:10:00,569,Coimbatore,2.0,-10.4185
2024-06-19 11:15:00,569,Coimbatore,2.0,-10.4185
2024-06-19 11:20:00,569,Coimbatore,3.0,-10.4185
2024-06-19 11:25:00,569,Coimbatore,3.0,-10.4185
2024-06-19 11:30:00,569,Coimbatore,3.0,-10.4185
2024-06-19 11:35:00,569,Coimbatore,3.0,-10.4185
2024-06-19 11:40:00,569,Coimbatore,3.0,-10.4185
2024-06-19 11:45:00,569,Coimbatore,3.0,-10.4185
2024-06-19 11:50:00,569,Coimbatore,3.0,-10.4185
2024-06-19 11:55:00,569,Coimbatore,3.0,-10.4185
2024-06-19 12:00:00,569,Coimbatore,3.0,-10.4185
2024-06-19 12:40:00,569,Coimbatore,0.5,-10.4185
2024-06-19 12:45:00,569,Coimbatore,1.0,-10.4185
2024-06-19 12:50:00,569,Coimbatore,1.0,-10.4185
2024-06-19 12:55:00,569,Coimbatore,1.5,-10.4185
2024-06-19 13:00:00,569,Coimbatore,1.5,-10.4185
2024-06-19 14:00:00,569,Coimbatore,0.5,-10.4185
2024-06-19 15:00:00,569,Coimbatore,0.5,-10.4185
2024-06-19 15:50:00,569,Coimbatore,1.0,-10.501
2024-06-19 15:55:00,569,Coimbatore,1.5,-10.501
2024-06-19 16:00:00,569,Coimbatore,2.0,-10.501
2024-06-19 17:40:00,569,Coimbatore,0.5,-10.501
2024-06-19 17:45:00,569,Coimbatore,1.5,-10.501
2024-06-19 17:50:00,569,Coimbatore,1.5,-10.501
2024-06-19 17:55:00,569,Coimbatore,1.5,-10.501
2024-06-19 18:00:00,569,Coimbatore,2.0,-10.501
2024-06-19 19:35:00,569,Coimbatore,0.5,-10.501
2024-06-19 19:40:00,569,Coimbatore,0.5,-10.501
2024-06-19 19:45:00,569,Coimbatore,0.5,-10.501
2024-06-19 19:50:00,569,Coimbatore,0.5,-10.501
2024-06-19 19:55:00,569,Coimbatore,0.5,-10.501
2024-06-19 20:00:00,569,Coimbatore,0.5,-10.501
2024-06-19 21:00:00,569,Coimbatore,0.5,-10.501
2024-06-19 21:05:00,569,Coimbatore,0.5,-10.3665
2024-06-19 21:10:00,569,Coimbatore,1.5,-10.3665
2024-06-19 21:15:00,569,Coimbatore,5.0,-10.3665
2024-06-19 21:20:00,569,Coimbatore,6.5,-10.3665
2024-06-19 21:25:00,569,Coimbatore,7.0,-10.3665
2024-06-19 21:30:00,569,Coimbatore,8.0,-10.3665
2024-06-19 21:35:00,569,Coimbatore,8.0,-10.3665
2024-06-19 21:40:00,569,Coimbatore,8.0,-10.3665
2024-06-19 21:45:00,569,Coimbatore,8.0,-10.3665
2024-06-19 21:50:00,569,Coimbatore,8.0,-10.3665
2024-06-19 21:55:00,569,Coimbatore,8.0,-10.3665
2024-06-19 22:00:00,569,Coimbatore,8.0,-10.3665
2024-06-19 23:15:00,569,Coimbatore,0.5,-10.3665
2024-06-19 23:20:00,569,Coimbatore,1.0,-10.3665
2024-06-19 23:25:00,569,Coimbatore,1.5,-10.3665
2024-06-19 23:30:00,569,Coimbatore,1.5,-10.3665
2024-06-19 23:35:00,569,Coimbatore,1.5,-10.3665
2024-06-19 23:40:00,569,Coimbatore,1.5,-10.3665
2024-06-19 23:45:00,569,Coimbatore,1.5,-10.3665
2024-06-19 23:50:00,569,Coimbatore,1.5,-10.3665
2024-06-19 23:55:00,569,Coimbatore,1.5,-10.3665
2024-06-20 00:00:00,569,Coimbatore,1.5,-10.3665
2024-06-20 00:20:00,569,Coimbatore,0.5,-10.3665
2024-06-20 00:25:00,569,Coimbatore,0.5,-10.3665
2024-06-20 00:30:00,569,Coimbatore,0.5,-10.3665
2024-06-20 00:35:00,569,Coimbatore,0.5,-10.3665
2024-06-20 00:40:00,569,Coimbatore,0.5,-10.3665
2024-06-20 00:45:00,569,Coimbatore,0.5,-10.3665
2024-06-20 00:50:00,569,Coimbatore,0.5,-10.3665
2024-06-20 00:55:00,569,Coimbatore,0.5,-10.3665
2024-06-20 01:00:00,569,Coimbatore,0.5,-10.3665
2024-06-20 01:20:00,569,Coimbatore,0.5,-10.3665
2024-06-20 01:25:00,569,Coimbatore,1.0,-10.3665
2024-06-20 01:30:00,569,Coimbatore,2.5,-10.3665
2024-06-20 01:35:00,569,Coimbatore,3.0,-10.3665
2024-06-20 01:40:00,569,Coimbatore,4.5,-10.3665
2024-06-20 01:45:00,569,Coimbatore,5.0,-10.3665
2024-06-20 01:50:00,569,Coimbatore,5.5,-10.3665
2024-06-20 01:55:00,569,Coimbatore,5.5,-10.3665
2024-06-20 02:00:00,569,Coimbatore,5.5,-10.3665
2024-06-20 03:00:00,569,Coimbatore,0.5,-10.3665
2024-06-20 05:10:00,569,Coimbatore,0.5,-10.334
2024-06-20 05:15:00,569,Coimbatore,1.5,-10.334
2024-06-20 05:20:00,569,Coimbatore,2.0,-10.334
2024-06-20 05:25:00,569,Coimbatore,2.0,-10.334
2024-06-20 05:30:00,569,Coimbatore,2.0,-10.334
2024-06-20 05:35:00,569,Coimbatore,2.0,-10.334
2024-06-20 05:40:00,569,Coimbatore,2.5,-10.334
2024-06-20 05:45:00,569,Coimbatore,2.5,-10.334
2024-06-20 05:50:00,569,Coimbatore,3.0,-10.334
2024-06-20 05:55:00,569,Coimbatore,3.5,-10.334
2024-06-20 06:00:00,569,Coimbatore,5.5,-10.334
2024-06-20 06:05:00,569,Coimbatore,1.5,-10.334
2024-06-20 06:10:00,569,Coimbatore,3.5,-10.334
2024-06-20 06:15:00,569,Coimbatore,5.0,-10.334
2024-06-20 06:20:00,569,Coimbatore,5.5,-10.334
2024-06-20 06:25:00,569,Coimbatore,5.5,-10.334
2024-06-20 06:30:00,569,Coimbatore,6.0,-10.334
2024-06-20 06:35:00,569,Coimbatore,6.0,-10.334
2024-06-20 06:40:00,569,Coimbatore,6.0,-10.334
2024-06-20 06:45:00,569,Coimbatore,6.0,-10.334
2024-06-20 06:50:00,569,Coimbatore,6.0,-10.334
2024-06-20 06:55:00,569,Coimbatore,6.0,-10.334
2024-06-20 07:00:00,569,Coimbatore,6.0,-10.334
2024-06-20 10:05:00,569,Coimbatore,1.0,-10.438
2024-06-20 10:10:00,569,Coimbatore,3.0,-10.438
2024-06-20 10:15:00,569,Coimbatore,3.5,-10.438
2024-06-20 10:20:00,569,Coimbatore,4.0,-10.438
2024-06-20 10:25:00,569,Coimbatore,7.0,-10.438
2024-06-20 10:30:00,569,Coimbatore,10.5,-10.438
2024-06-20 10:35:00,569,Coimbatore,12.0,-10.438
2024-06-20 10:40:00,569,Coimbatore,14.0,-10.438
2024-06-20 10:45:00,569,Coimbatore,16.5,-10.438
2024-06-20 10:50:00,569,Coimbatore,17.0,-10.438
2024-06-20 10:55:00,569,Coimbatore,17.0,-10.438
2024-06-20 11:00:00,569,Coimbatore,17.5,-10.438
2024-06-20 11:10:00,569,Coimbatore,0.5,-10.438
2024-06-20 11:15:00,569,Coimbatore,0.5,-10.438
2024-06-20 11:20:00,569,Coimbatore,1.0,-10.438
2024-06-20 11:25:00,569,Coimbatore,1.0,-10.438
2024-06-20 11:30:00,569,Coimbatore,1.0,-10.438
2024-06-20 11:35:00,569,Coimbatore,1.0,-10.438
2024-06-20 11:40:00,569,Coimbatore,1.0,-10.438
2024-06-20 11:45:00,569,Coimbatore,1.0,-10.438
2024-06-20 11:50:00,569,Coimbatore,1.0,-10.438
2024-06-20 11:55:00,569,Coimbatore,1.0,-10.438
2024-06-20 12:00:00,569,Coimbatore,1.0,-10.438
2024-06-21 06:55:00,569,Coimbatore,0.5,-10.3035
2024-06-21 07:00:00,569,Coimbatore,0.5,-10.3035
2024-06-21 07:15:00,569,Coimbatore,0.5,-10.3035
2024-06-21 07:20:00,569,Coimbatore,1.0,-10.3035
2024-06-21 07:25:00,569,Coimbatore,1.0,-10.3035
2024-06-21 07:30:00,569,Coimbatore,1.5,-10.3035
2024-06-21 07:35:00,569,Coimbatore,1.5,-10.3035
2024-06-21 07:40:00,569,Coimbatore,1.5,-10.3035
2024-06-21 07:45:00,569,Coimbatore,1.5,-10.3035
2024-06-21 07:50:00,569,Coimbatore,1.5,-10.3035
2024-06-21 07:55:00,569,Coimbatore,1.5,-10.3035
2024-06-21 08:00:00,569,Coimbatore,1.25,-10.3035
2024-06-21 09:00:00,569,Coimbatore,1.0,-10.3035
2024-06-21 09:05:00,569,Coimbatore,1.5,-10.421
2024-06-21 09:10:00,569,Coimbatore,2.5,-10.421
2024-06-21 09:15:00,569,Coimbatore,3.0,-10.421
2024-06-21 09:20:00,569,Coimbatore,3.0,-10.421
2024-06-21 09:25:00,569,Coimbatore,3.0,-10.421
2024-06-21 09:30:00,569,Coimbatore,3.0,-10.421
2024-06-21 09:35:00,569,Coimbatore,3.0,-10.421
2024-06-21 09:40:00,569,Coimbatore,3.0,-10.421
2024-06-21 09:45:00,569,Coimbatore,3.0,-10.421
2024-06-21 09:50:00,569,Coimbatore,3.0,-10.421
2024-06-21 09:55:00,569,Coimbatore,3.0,-10.421
2024-06-21 10:00:00,569,Coimbatore,1.75,-10.421
2024-06-21 13:00:00,569,Coimbatore,0.5,-10.421
2024-06-21 14:00:00,569,Coimbatore,2.5,-10.421
2024-06-21 14:20:00,569,Coimbatore,1.5,-10.421
2024-06-21 14:25:00,569,Coimbatore,2.0,-10.421
2024-06-21 14:30:00,569,Coimbatore,2.0,-10.421
2024-06-21 14:35:00,569,Coimbatore,2.0,-10.421
2024-06-21 14:40:00,569,Coimbatore,2.0,-10.421
2024-06-21 14:45:00,569,Coimbatore,2.0,-10.421
2024-06-21 14:50:00,569,Coimbatore,2.5,-10.421
2024-06-21 14:55:00,569,Coimbatore,2.5,-10.421
2024-06-21 15:00:00,569,Coimbatore,2.5,-10.421
2024-06-21 19:55:00,569,Coimbatore,0.5,-10.3495
2024-06-21 20:00:00,569,Coimbatore,0.5,-10.3495
2024-06-22 02:20:00,569,Coimbatore,0.5,-10.3295
2024-06-22 02:25:00,569,Coimbatore,0.5,-10.3295
2024-06-22 02:30:00,569,Coimbatore,0.5,-10.3295
2024-06-22 02:35:00,569,Coimbatore,0.5,-10.3295
2024-06-22 02:40:00,569,Coimbatore,0.5,-10.3295
2024-06-22 02:45:00,569,Coimbatore,0.5,-10.3295
2024-06-22 02:50:00,569,Coimbatore,0.5,-10.3295
2024-06-22 02:55:00,569,Coimbatore,0.5,-10.3295
2024-06-22 03:00:00,569,Coimbatore,0.5,-10.3295
2024-06-22 05:20:00,569,Coimbatore,0.5,-10.311
2024-06-22 05:25:00,569,Coimbatore,0.5,-10.311
2024-06-22 05:30:00,569,Coimbatore,1.0,-10.311
2024-06-22 05:35:00,569,Coimbatore,2.0,-10.311
2024-06-22 05:40:00,569,Coimbatore,3.0,-10.311
2024-06-22 05:45:00,569,Coimbatore,4.0,-10.311
2024-06-22 05:50:00,569,Coimbatore,5.0,-10.311
2024-06-22 05:55:00,569,Coimbatore,5.0,-10.311
2024-06-22 06:00:00,569,Coimbatore,3.6666666666666665,-10.311
2024-06-22 06:05:00,569,Coimbatore,1.0,-10.311
2024-06-22 06:10:00,569,Coimbatore,3.0,-10.311
2024-06-22 06:15:00,569,Coimbatore,4.0,-10.311
2024-06-22 06:20:00,569,Coimbatore,5.0,-10.311
2024-06-22 06:25:00,569,Coimbatore,5.5,-10.311
2024-06-22 06:30:00,569,Coimbatore,6.0,-10.311
2024-06-22 06:35:00,569,Coimbatore,6.0,-10.311
2024-06-22 06:40:00,569,Coimbatore,6.0,-10.311
2024-06-22 06:45:00,569,Coimbatore,6.0,-10.311
2024-06-22 06:50:00,569,Coimbatore,6.0,-10.311
2024-06-22 06:55:00,569,Coimbatore,6.0,-10.311
2024-06-22 07:00:00,569,Coimbatore,3.75,-10.311
2024-06-22 08:30:00,569,Coimbatore,0.5,-10.311
2024-06-22 08:35:00,569,Coimbatore,0.5,-10.311
2024-06-22 08:40:00,569,Coimbatore,0.5,-10.311
2024-06-22 08:45:00,569,Coimbatore,0.5,-10.311
2024-06-22 08:50:00,569,Coimbatore,0.5,-10.311
2024-06-22 08:55:00,569,Coimbatore,0.5,-10.311
2024-06-22 09:00:00,569,Coimbatore,0.5,-10.311
2024-06-22 12:10:00,569,Coimbatore,0.5,-10.3505
2024-06-22 12:15:00,569,Coimbatore,0.5,-10.3505
2024-06-22 12:20:00,569,Coimbatore,1.0,-10.3505
2024-06-22 12:25:00,569,Coimbatore,1.0,-10.3505
2024-06-22 12:30:00,569,Coimbatore,1.0,-10.3505
2024-06-22 12:35:00,569,Coimbatore,1.0,-10.3505
2024-06-22 12:40:00,569,Coimbatore,1.0,-10.3505
2024-06-22 12:45:00,569,Coimbatore,1.0,-10.3505
2024-06-22 12:50:00,569,Coimbatore,1.0,-10.3505
2024-06-22 12:55:00,569,Coimbatore,1.0,-10.3505
2024-06-22 13:00:00,569,Coimbatore,1.0,-10.3505
2024-06-22 15:40:00,569,Coimbatore,0.5,-10.432
2024-06-22 15:45:00,569,Coimbatore,0.5,-10.432
2024-06-22 15:50:00,569,Coimbatore,0.5,-10.432
2024-06-22 15:55:00,569,Coimbatore,0.5,-10.432
2024-06-22 16:00:00,569,Coimbatore,0.5,-10.432
2024-06-22 16:25:00,569,Coimbatore,0.5,-10.432
2024-06-22 16:30:00,569,Coimbatore,0.5,-10.432
2024-06-22 16:35:00,569,Coimbatore,0.5,-10.432
2024-06-22 16:40:00,569,Coimbatore,1.0,-10.432
2024-06-22 16:45:00,569,Coimbatore,1.0,-10.432
2024-06-22 16:50:00,569,Coimbatore,1.0,-10.432
2024-06-22 16:55:00,569,Coimbatore,1.0,-10.432
2024-06-22 17:00:00,569,Coimbatore,1.0,-10.432
2024-06-22 18:25:00,569,Coimbatore,0.5,-10.432
2024-06-22 18:30:00,569,Coimbatore,0.5,-10.432
2024-06-22 18:35:00,569,Coimbatore,0.5,-10.432
2024-06-22 18:40:00,569,Coimbatore,0.5,-10.432
2024-06-22 18:45:00,569,Coimbatore,0.5,-10.432
2024-06-22 18:50:00,569,Coimbatore,0.5,-10.432
2024-06-22 18:55:00,569,Coimbatore,0.5,-10.432
2024-06-22 19:00:00,569,Coimbatore,1.0,-10.432
2024-06-22 21:50:00,569,Coimbatore,0.5,-10.383
2024-06-22 21:55:00,569,Coimbatore,0.5,-10.383
2024-06-22 22:00:00,569,Coimbatore,0.5,-10.383
2024-06-22 22:05:00,569,Coimbatore,0.5,-10.383
2024-06-22 22:10:00,569,Coimbatore,0.5,-10.383
2024-06-22 22:15:00,569,Coimbatore,0.5,-10.383
2024-06-22 22:20:00,569,Coimbatore,0.5,-10.383
2024-06-22 22:25:00,569,Coimbatore,1.0,-10.383
2024-06-22 22:30:00,569,Coimbatore,1.0,-10.383
2024-06-22 22:35:00,569,Coimbatore,1.0,-10.383
2024-06-22 22:40:00,569,Coimbatore,1.0,-10.383
2024-06-22 22:45:00,569,Coimbatore,1.0,-10.383
2024-06-22 22:50:00,569,Coimbatore,1.0,-10.383
2024-06-22 22:55:00,569,Coimbatore,1.0,-10.383
2024-06-22 23:00:00,569,Coimbatore,1.0,-10.383
2024-06-22 23:25:00,569,Coimbatore,0.5,-10.383
2024-06-22 23:30:00,569,Coimbatore,0.5,-10.383
2024-06-22 23:35:00,569,Coimbatore,1.0,-10.383
2024-06-22 23:40:00,569,Coimbatore,2.0,-10.383
2024-06-22 23:45:00,569,Coimbatore,2.5,-10.383
2024-06-22 23:50:00,569,Coimbatore,3.0,-10.383
2024-06-22 23:55:00,569,Coimbatore,3.5,-10.383
2024-06-23 00:00:00,569,Coimbatore,4.0,-10.383
2024-06-23 00:20:00,569,Coimbatore,0.5,-10.383
2024-06-23 00:25:00,569,Coimbatore,0.5,-10.383
2024-06-23 00:30:00,569,Coimbatore,0.5,-10.383
2024-06-23 00:35:00,569,Coimbatore,1.0,-10.383
2024-06-23 00:40:00,569,Coimbatore,1.0,-10.383
2024-06-23 00:45:00,569,Coimbatore,1.0,-10.383
2024-06-23 00:50:00,569,Coimbatore,1.0,-10.383
2024-06-23 00:55:00,569,Coimbatore,1.0,-10.383
2024-06-23 01:00:00,569,Coimbatore,1.0,-10.383
2024-06-23 02:00:00,569,Coimbatore,0.5,-10.383
2024-06-23 02:10:00,569,Coimbatore,1.0,-10.383
2024-06-23 02:15:00,569,Coimbatore,1.0,-10.383
2024-06-23 02:20:00,569,Coimbatore,1.5,-10.383
2024-06-23 02:25:00,569,Coimbatore,2.0,-10.383
2024-06-23 02:30:00,569,Coimbatore,2.0,-10.383
2024-06-23 02:35:00,569,Coimbatore,2.0,-10.383
2024-06-23 02:40:00,569,Coimbatore,2.5,-10.383
2024-06-23 02:45:00,569,Coimbatore,2.5,-10.383
2024-06-23 02:50:00,569,Coimbatore,2.5,-10.383
2024-06-23 02:55:00,569,Coimbatore,2.5,-10.383
2024-06-23 03:00:00,569,Coimbatore,2.5,-10.383
2024-06-23 03:20:00,569,Coimbatore,0.5,-10.358
2024-06-23 03:25:00,569,Coimbatore,0.5,-10.358
2024-06-23 03:30:00,569,Coimbatore,0.5,-10.358
2024-06-23 03:35:00,569,Coimbatore,0.5,-10.358
2024-06-23 03:40:00,569,Coimbatore,1.0,-10.358
2024-06-23 03:45:00,569,Coimbatore,1.0,-10.358
2024-06-23 03:50:00,569,Coimbatore,1.0,-10.358
2024-06-23 03:55:00,569,Coimbatore,1.5,-10.358
2024-06-23 04:00:00,569,Coimbatore,2.5,-10.358
2024-06-23 04:05:00,569,Coimbatore,0.5,-10.358
2024-06-23 04:10:00,569,Coimbatore,0.5,-10.358
2024-06-23 04:15:00,569,Coimbatore,1.0,-10.358
2024-06-23 04:20:00,569,Coimbatore,1.5,-10.358
2024-06-23 04:25:00,569,Coimbatore,2.0,-10.358
2024-06-23 04:30:00,569,Coimbatore,2.5,-10.358
2024-06-23 04:35:00,569,Coimbatore,3.0,-10.358
2024-06-23 04:40:00,569,Coimbatore,3.5,-10.358
2024-06-23 04:45:00,569,Coimbatore,3.5,-10.358
2024-06-23 04:50:00,569,Coimbatore,3.5,-10.358
2024-06-23 04:55:00,569,Coimbatore,3.5,-10.358
2024-06-23 05:00:00,569,Coimbatore,3.5,-10.358
2024-06-23 08:20:00,569,Coimbatore,0.5,-10.358
2024-06-23 08:25:00,569,Coimbatore,0.5,-10.358
2024-06-23 08:30:00,569,Coimbatore,0.5,-10.358
2024-06-23 08:35:00,569,Coimbatore,1.0,-10.358
2024-06-23 08:40:00,569,Coimbatore,1.0,-10.358
2024-06-23 08:45:00,569,Coimbatore,1.0,-10.358
2024-06-23 08:50:00,569,Coimbatore,1.0,-10.358
2024-06-23 08:55:00,569,Coimbatore,1.0,-10.358
2024-06-23 09:00:00,569,Coimbatore,1.0,-10.358
2024-06-23 12:40:00,569,Coimbatore,1.0,-10.3945
2024-06-23 12:45:00,569,Coimbatore,1.0,-10.3945
2024-06-23 12:50:00,569,Coimbatore,2.5,-10.3945
2024-06-23 12:55:00,569,Coimbatore,3.5,-10.3945
2024-06-23 13:00:00,569,Coimbatore,3.5,-10.3945
2024-06-23 13:05:00,569,Coimbatore,0.5,-10.3945
2024-06-23 13:10:00,569,Coimbatore,0.5,-10.3945
2024-06-23 13:15:00,569,Coimbatore,1.0,-10.3945
2024-06-23 13:20:00,569,Coimbatore,1.0,-10.3945
2024-06-23 13:25:00,569,Coimbatore,1.0,-10.3945
2024-06-23 13:30:00,569,Coimbatore,2.5,-10.3945
2024-06-23 13:35:00,569,Coimbatore,4.5,-10.3945
2024-06-23 13:40:00,569,Coimbatore,5.0,-10.3945
2024-06-23 13:45:00,569,Coimbatore,5.5,-10.3945
2024-06-23 13:50:00,569,Coimbatore,6.0,-10.3945
2024-06-23 13:55:00,569,Coimbatore,6.0,-10.3945
2024-06-23 14:00:00,569,Coimbatore,2.833333333333333,-10.3945
2024-06-23 14:55:00,569,Coimbatore,0.5,-10.3945
2024-06-23 15:00:00,569,Coimbatore,0.8333333333333334,-10.3945
2024-06-23 16:00:00,569,Coimbatore,0.5,-10.401
2024-06-23 17:00:00,569,Coimbatore,1.5,-10.401
2024-06-23 17:25:00,569,Coimbatore,0.5,-10.401
2024-06-23 17:30:00,569,Coimbatore,0.5,-10.401
2024-06-23 17:35:00,569,Coimbatore,0.5,-10.401
2024-06-23 17:40:00,569,Coimbatore,1.0,-10.401
2024-06-23 17:45:00,569,Coimbatore,1.0,-10.401
2024-06-23 17:50:00,569,Coimbatore,1.0,-10.401
2024-06-23 17:55:00,569,Coimbatore,2.5,-10.401
2024-06-23 18:00:00,569,Coimbatore,3.0,-10.401
2024-06-23 18:05:00,569,Coimbatore,0.5,-10.401
2024-06-23 18:10:00,569,Coimbatore,1.5,-10.401
2024-06-23 18:15:00,569,Coimbatore,3.5,-10.401
2024-06-23 18:20:00,569,Coimbatore,5.0,-10.401
2024-06-23 18:25:00,569,Coimbatore,7.5,-10.401
2024-06-23 18:30:00,569,Coimbatore,9.0,-10.401
2024-06-23 18:35:00,569,Coimbatore,9.0,-10.401
2024-06-23 18:40:00,569,Coimbatore,9.0,-10.401
2024-06-23 18:45:00,569,Coimbatore,9.0,-10.401
2024-06-23 18:50:00,569,Coimbatore,9.0,-10.401
2024-06-23 18:55:00,569,Coimbatore,9.5,-10.401
2024-06-23 19:00:00,569,Coimbatore,5.0,-10.401
2024-06-23 19:10:00,569,Coimbatore,0.5,-10.401
2024-06-23 19:15:00,569,Coimbatore,1.0,-10.401
2024-06-23 19:20:00,569,Coimbatore,1.0,-10.401
2024-06-23 19:25:00,569,Coimbatore,1.0,-10.401
2024-06-23 19:30:00,569,Coimbatore,1.5,-10.401
2024-06-23 19:35:00,569,Coimbatore,1.5,-10.401
2024-06-23 19:40:00,569,Coimbatore,1.5,-10.401
2024-06-23 19:45:00,569,Coimbatore,2.0,-10.401
2024-06-23 19:50:00,569,Coimbatore,2.0,-10.401
2024-06-23 19:55:00,569,Coimbatore,2.5,-10.401
2024-06-23 20:00:00,569,Coimbatore,2.0,-10.401
2024-06-23 20:10:00,569,Coimbatore,0.5,-10.401
2024-06-23 20:15:00,569,Coimbatore,0.5,-10.401
2024-06-23 20:20:00,569,Coimbatore,0.5,-10.401
2024-06-23 20:25:00,569,Coimbatore,0.5,-10.401
2024-06-23 20:30:00,569,Coimbatore,0.5,-10.401
2024-06-23 20:35:00,569,Coimbatore,0.5,-10.401
2024-06-23 20:40:00,569,Coimbatore,1.0,-10.401
2024-06-23 20:45:00,569,Coimbatore,1.0,-10.401
2024-06-23 20:50:00,569,Coimbatore,1.5,-10.401
2024-06-23 20:55:00,569,Coimbatore,1.5,-10.401
2024-06-23 21:00:00,569,Coimbatore,2.0,-10.401
2024-06-23 21:10:00,569,Coimbatore,0.5,-10.416
2024-06-23 21:15:00,569,Coimbatore,0.5,-10.416
2024-06-23 21:20:00,569,Coimbatore,0.5,-10.416
2024-06-23 21:25:00,569,Coimbatore,0.5,-10.416
2024-06-23 21:30:00,569,Coimbatore,0.5,-10.416
2024-06-23 21:35:00,569,Coimbatore,0.5,-10.416
2024-06-23 21:40:00,569,Coimbatore,0.5,-10.416
2024-06-23 21:45:00,569,Coimbatore,0.5,-10.416
2024-06-23 21:50:00,569,Coimbatore,0.5,-10.416
2024-06-23 21:55:00,569,Coimbatore,0.5,-10.416
2024-06-23 22:00:00,569,Coimbatore,0.5,-10.416
2024-06-23 22:50:00,569,Coimbatore,0.5,-10.416
2024-06-23 22:55:00,569,Coimbatore,0.5,-10.416
2024-06-23 23:00:00,569,Coimbatore,0.5,-10.416
2024-06-23 23:30:00,569,Coimbatore,0.5,-10.416
2024-06-23 23:35:00,569,Coimbatore,1.0,-10.416
2024-06-23 23:40:00,569,Coimbatore,1.5,-10.416
2024-06-23 23:45:00,569,Coimbatore,2.0,-10.416
2024-06-23 23:50:00,569,Coimbatore,2.0,-10.416
2024-06-23 23:55:00,569,Coimbatore,2.0,-10.416
2024-06-24 00:00:00,569,Coimbatore,2.0,-10.416
2024-06-24 00:15:00,569,Coimbatore,0.5,-10.416
2024-06-24 00:20:00,569,Coimbatore,0.5,-10.416
2024-06-24 00:25:00,569,Coimbatore,1.0,-10.416
2024-06-24 00:30:00,569,Coimbatore,1.0,-10.416
2024-06-24 00:35:00,569,Coimbatore,1.0,-10.416
2024-06-24 00:40:00,569,Coimbatore,1.0,-10.416
2024-06-24 00:45:00,569,Coimbatore,1.0,-10.416
2024-06-24 00:50:00,569,Coimbatore,1.0,-10.416
2024-06-24 00:55:00,569,Coimbatore,1.0,-10.416
2024-06-24 01:00:00,569,Coimbatore,0.75,-10.416
2024-06-24 03:45:00,569,Coimbatore,0.5,-10.3865
2024-06-24 03:50:00,569,Coimbatore,0.5,-10.3865
2024-06-24 03:55:00,569,Coimbatore,0.5,-10.3865
2024-06-24 04:00:00,569,Coimbatore,0.5,-10.3865
2024-06-24 06:55:00,569,Coimbatore,0.5,-10.3865
2024-06-24 07:00:00,569,Coimbatore,0.5,-10.3865
2024-06-24 07:10:00,569,Coimbatore,0.5,-10.3865
2024-06-24 07:15:00,569,Coimbatore,0.5,-10.3865
2024-06-24 07:20:00,569,Coimbatore,0.5,-10.3865
2024-06-24 07:25:00,569,Coimbatore,0.5,-10.3865
2024-06-24 07:30:00,569,Coimbatore,0.5,-10.3865
2024-06-24 07:35:00,569,Coimbatore,0.5,-10.3865
2024-06-24 07:40:00,569,Coimbatore,0.5,-10.3865
2024-06-24 07:45:00,569,Coimbatore,0.5,-10.3865
2024-06-24 07:50:00,569,Coimbatore,0.5,-10.3865
2024-06-24 07:55:00,569,Coimbatore,0.5,-10.3865
2024-06-24 08:00:00,569,Coimbatore,0.5,-10.3865
2024-06-24 10:10:00,569,Coimbatore,0.5,-10.625
2024-06-24 10:15:00,569,Coimbatore,0.5,-10.625
2024-06-24 10:20:00,569,Coimbatore,0.5,-10.625
2024-06-24 10:25:00,569,Coimbatore,0.5,-10.625
2024-06-24 10:30:00,569,Coimbatore,0.5,-10.625
2024-06-24 10:35:00,569,Coimbatore,0.5,-10.625
2024-06-24 10:40:00,569,Coimbatore,0.5,-10.625
2024-06-24 10:45:00,569,Coimbatore,1.0,-10.625
2024-06-24 10:50:00,569,Coimbatore,1.5,-10.625
2024-06-24 10:55:00,569,Coimbatore,1.5,-10.625
2024-06-24 11:00:00,569,Coimbatore,2.0,-10.625
2024-06-24 11:10:00,569,Coimbatore,0.5,-10.625
2024-06-24 11:15:00,569,Coimbatore,0.5,-10.625
2024-06-24 11:20:00,569,Coimbatore,0.5,-10.625
2024-06-24 11:25:00,569,Coimbatore,0.5,-10.625
2024-06-24 11:30:00,569,Coimbatore,0.5,-10.625
2024-06-24 11:35:00,569,Coimbatore,1.0,-10.625
2024-06-24 11:40:00,569,Coimbatore,1.0,-10.625
2024-06-24 11:45:00,569,Coimbatore,1.0,-10.625
2024-06-24 11:50:00,569,Coimbatore,1.0,-10.625
2024-06-24 11:55:00,569,Coimbatore,1.0,-10.625
2024-06-24 12:00:00,569,Coimbatore,1.0,-10.625
2024-06-24 12:30:00,569,Coimbatore,0.5,-10.625
2024-06-24 12:35:00,569,Coimbatore,0.5,-10.625
2024-06-24 12:40:00,569,Coimbatore,0.5,-10.625
2024-06-24 12:45:00,569,Coimbatore,0.5,-10.625
2024-06-24 12:50:00,569,Coimbatore,0.5,-10.625
2024-06-24 12:55:00,569,Coimbatore,0.5,-10.625
2024-06-24 13:00:00,569,Coimbatore,1.0,-10.625
2024-06-24 13:40:00,569,Coimbatore,1.0,-10.625
2024-06-24 13:45:00,569,Coimbatore,1.5,-10.625
2024-06-24 13:50:00,569,Coimbatore,2.0,-10.625
2024-06-24 13:55:00,569,Coimbatore,2.0,-10.625
2024-06-24 14:00:00,569,Coimbatore,2.125,-10.625
2024-06-24 14:05:00,569,Coimbatore,0.5,-10.625
2024-06-24 14:10:00,569,Coimbatore,0.5,-10.625
2024-06-24 14:15:00,569,Coimbatore,0.5,-10.625
2024-06-24 14:20:00,569,Coimbatore,0.5,-10.625
2024-06-24 14:25:00,569,Coimbatore,0.5,-10.625
2024-06-24 14:30:00,569,Coimbatore,0.5,-10.625
2024-06-24 14:35:00,569,Coimbatore,1.0,-10.625
2024-06-24 14:40:00,569,Coimbatore,1.0,-10.625
2024-06-24 14:45:00,569,Coimbatore,1.5,-10.625
2024-06-24 14:50:00,569,Coimbatore,2.0,-10.625
2024-06-24 14:55:00,569,Coimbatore,3.5,-10.625
2024-06-24 15:00:00,569,Coimbatore,4.5,-10.625
2024-06-24 15:10:00,569,Coimbatore,0.5,-10.586
2024-06-24 15:15:00,569,Coimbatore,1.5,-10.586
2024-06-24 15:20:00,569,Coimbatore,2.0,-10.586
2024-06-24 15:25:00,569,Coimbatore,2.0,-10.586
2024-06-24 15:30:00,569,Coimbatore,2.0,-10.586
2024-06-24 15:35:00,569,Coimbatore,2.0,-10.586
2024-06-24 15:40:00,569,Coimbatore,2.0,-10.586
2024-06-24 15:45:00,569,Coimbatore,2.0,-10.586
2024-06-24 15:50:00,569,Coimbatore,2.0,-10.586
2024-06-24 15:55:00,569,Coimbatore,2.0,-10.586
2024-06-24 16:00:00,569,Coimbatore,2.0,-10.586
2024-06-24 17:50:00,569,Coimbatore,0.5,-10.586
2024-06-24 17:55:00,569,Coimbatore,0.5,-10.586
2024-06-24 18:00:00,569,Coimbatore,0.5,-10.586
2024-06-24 19:00:00,569,Coimbatore,1.0,-10.586
2024-06-24 19:55:00,569,Coimbatore,1.0,-10.586
2024-06-24 20:00:00,569,Coimbatore,1.0,-10.586
2024-06-24 20:55:00,569,Coimbatore,0.5,-10.586
2024-06-24 21:00:00,569,Coimbatore,0.5,-10.586
2024-06-24 22:00:00,569,Coimbatore,3.8333333333333335,-10.448
2024-06-24 22:50:00,569,Coimbatore,0.5,-10.448
2024-06-24 22:55:00,569,Coimbatore,0.5,-10.448
2024-06-24 23:00:00,569,Coimbatore,0.5,-10.448
2024-06-25 00:00:00,569,Coimbatore,0.5,-10.448
2024-06-25 00:55:00,569,Coimbatore,0.5,-10.448
2024-06-25 01:00:00,569,Coimbatore,0.75,-10.448
2024-06-25 01:05:00,569,Coimbatore,0.5,-10.448
2024-06-25 01:10:00,569,Coimbatore,0.5,-10.448
2024-06-25 01:15:00,569,Coimbatore,0.5,-10.448
2024-06-25 01:20:00,569,Coimbatore,0.5,-10.448
2024-06-25 01:25:00,569,Coimbatore,0.5,-10.448
2024-06-25 01:30:00,569,Coimbatore,0.5,-10.448
2024-06-25 01:35:00,569,Coimbatore,0.5,-10.448
2024-06-25 01:40:00,569,Coimbatore,0.5,-10.448
2024-06-25 01:45:00,569,Coimbatore,1.0,-10.448
2024-06-25 01:50:00,569,Coimbatore,1.0,-10.448
2024-06-25 01:55:00,569,Coimbatore,1.0,-10.448
2024-06-25 02:00:00,569,Coimbatore,1.0,-10.448
2024-06-25 02:30:00,569,Coimbatore,0.5,-10.448
2024-06-25 02:35:00,569,Coimbatore,1.0,-10.448
2024-06-25 02:40:00,569,Coimbatore,1.0,-10.448
2024-06-25 02:45:00,569,Coimbatore,1.5,-10.448
2024-06-25 02:50:00,569,Coimbatore,2.5,-10.448
2024-06-25 02:55:00,569,Coimbatore,3.5,-10.448
2024-06-25 03:00:00,569,Coimbatore,4.0,-10.448
2024-06-25 04:00:00,569,Coimbatore,0.5,-10.4315
2024-06-25 04:05:00,569,Coimbatore,0.5,-10.4315
2024-06-25 04:10:00,569,Coimbatore,0.5,-10.4315
2024-06-25 04:15:00,569,Coimbatore,0.5,-10.4315
2024-06-25 04:20:00,569,Coimbatore,0.5,-10.4315
2024-06-25 04:25:00,569,Coimbatore,0.5,-10.4315
2024-06-25 04:30:00,569,Coimbatore,0.5,-10.4315
2024-06-25 04:35:00,569,Coimbatore,0.5,-10.4315
2024-06-25 04:40:00,569,Coimbatore,0.5,-10.4315
2024-06-25 04:45:00,569,Coimbatore,0.5,-10.4315
2024-06-25 04:50:00,569,Coimbatore,1.0,-10.4315
2024-06-25 04:55:00,569,Coimbatore,1.5,-10.4315
2024-06-25 05:00:00,569,Coimbatore,1.0,-10.4315
2024-06-25 05:15:00,569,Coimbatore,1.5,-10.4315
2024-06-25 05:20:00,569,Coimbatore,2.0,-10.4315
2024-06-25 05:25:00,569,Coimbatore,2.0,-10.4315
2024-06-25 05:30:00,569,Coimbatore,2.5,-10.4315
2024-06-25 05:35:00,569,Coimbatore,3.5,-10.4315
2024-06-25 05:40:00,569,Coimbatore,4.0,-10.4315
2024-06-25 05:45:00,569,Coimbatore,4.0,-10.4315
2024-06-25 05:50:00,569,Coimbatore,4.0,-10.4315
2024-06-25 05:55:00,569,Coimbatore,4.0,-10.4315
2024-06-25 06:00:00,569,Coimbatore,2.25,-10.4315
2024-06-25 06:15:00,569,Coimbatore,0.5,-10.4315
2024-06-25 06:20:00,569,Coimbatore,0.5,-10.4315
2024-06-25 06:25:00,569,Coimbatore,0.5,-10.4315
2024-06-25 06:30:00,569,Coimbatore,0.5,-10.4315
2024-06-25 06:35:00,569,Coimbatore,0.5,-10.4315
2024-06-25 06:40:00,569,Coimbatore,0.5,-10.4315
2024-06-25 06:45:00,569,Coimbatore,0.5,-10.4315
2024-06-25 06:50:00,569,Coimbatore,0.5,-10.4315
2024-06-25 06:55:00,569,Coimbatore,0.5,-10.4315
2024-06-25 07:00:00,569,Coimbatore,1.0,-10.4315
2024-06-25 08:00:00,569,Coimbatore,0.5,-10.4315
2024-06-25 09:35:00,569,Coimbatore,0.5,-10.463
2024-06-25 09:40:00,569,Coimbatore,0.5,-10.463
2024-06-25 09:45:00,569,Coimbatore,1.0,-10.463
2024-06-25 09:50:00,569,Coimbatore,1.5,-10.463
2024-06-25 09:55:00,569,Coimbatore,1.5,-10.463
2024-06-25 10:00:00,569,Coimbatore,1.0,-10.463
2024-06-25 11:25:00,569,Coimbatore,0.5,-10.463
2024-06-25 11:30:00,569,Coimbatore,1.0,-10.463
2024-06-25 11:35:00,569,Coimbatore,1.5,-10.463
2024-06-25 11:40:00,569,Coimbatore,2.0,-10.463
2024-06-25 11:45:00,569,Coimbatore,2.0,-10.463
2024-06-25 11:50:00,569,Coimbatore,2.0,-10.463
2024-06-25 11:55:00,569,Coimbatore,2.0,-10.463
2024-06-25 12:00:00,569,Coimbatore,1.0,-10.463
2024-06-25 12:20:00,569,Coimbatore,1.0,-10.463
2024-06-25 12:25:00,569,Coimbatore,1.5,-10.463
2024-06-25 12:30:00,569,Coimbatore,1.5,-10.463
2024-06-25 12:35:00,569,Coimbatore,1.5,-10.463
2024-06-25 12:40:00,569,Coimbatore,1.5,-10.463
2024-06-25 12:45:00,569,Coimbatore,2.0,-10.463
2024-06-25 12:50:00,569,Coimbatore,3.0,-10.463
2024-06-25 12:55:00,569,Coimbatore,3.0,-10.463
2024-06-25 13:00:00,569,Coimbatore,3.0,-10.463
2024-06-25 13:20:00,569,Coimbatore,1.0,-10.463
2024-06-25 13:25:00,569,Coimbatore,1.5,-10.463
2024-06-25 13:30:00,569,Coimbatore,2.0,-10.463
2024-06-25 13:35:00,569,Coimbatore,2.0,-10.463
2024-06-25 13:40:00,569,Coimbatore,2.0,-10.463
2024-06-25 13:45:00,569,Coimbatore,2.0,-10.463
2024-06-25 13:50:00,569,Coimbatore,2.0,-10.463
2024-06-25 13:55:00,569,Coimbatore,2.0,-10.463
2024-06-25 14:00:00,569,Coimbatore,3.6666666666666665,-10.463
2024-06-25 14:05:00,569,Coimbatore,0.5,-10.463
2024-06-25 14:10:00,569,Coimbatore,1.5,-10.463
2024-06-25 14:15:00,569,Coimbatore,2.0,-10.463
2024-06-25 14:20:00,569,Coimbatore,2.0,-10.463
2024-06-25 14:25:00,569,Coimbatore,2.0,-10.463
2024-06-25 14:30:00,569,Coimbatore,2.5,-10.463
2024-06-25 14:35:00,569,Coimbatore,4.5,-10.463
2024-06-25 14:40:00,569,Coimbatore,7.5,-10.463
2024-06-25 14:45:00,569,Coimbatore,12.0,-10.463
2024-06-25 14:50:00,569,Coimbatore,13.0,-10.463
2024-06-25 14:55:00,569,Coimbatore,13.5,-10.463
2024-06-25 15:00:00,569,Coimbatore,5.0,-10.463
2024-06-25 15:05:00,569,Coimbatore,0.5,-10.397
2024-06-25 15:10:00,569,Coimbatore,1.0,-10.397
2024-06-25 15:15:00,569,Coimbatore,1.0,-10.397
2024-06-25 15:20:00,569,Coimbatore,1.0,-10.397
2024-06-25 15:25:00,569,Coimbatore,1.5,-10.397
2024-06-25 15:30:00,569,Coimbatore,1.5,-10.397
2024-06-25 15:35:00,569,Coimbatore,1.5,-10.397
2024-06-25 15:40:00,569,Coimbatore,1.5,-10.397
2024-06-25 15:45:00,569,Coimbatore,2.0,-10.397
2024-06-25 15:50:00,569,Coimbatore,2.5,-10.397
2024-06-25 15:55:00,569,Coimbatore,4.0,-10.397
2024-06-25 16:00:00,569,Coimbatore,2.5,-10.397
2024-06-25 16:35:00,569,Coimbatore,0.5,-10.397
2024-06-25 16:40:00,569,Coimbatore,0.5,-10.397
2024-06-25 16:45:00,569,Coimbatore,0.5,-10.397
2024-06-25 16:50:00,569,Coimbatore,0.5,-10.397
2024-06-25 16:55:00,569,Coimbatore,1.5,-10.397
2024-06-25 17:00:00,569,Coimbatore,1.75,-10.397
2024-06-25 17:05:00,569,Coimbatore,0.5,-10.397
2024-06-25 17:10:00,569,Coimbatore,1.0,-10.397
2024-06-25 17:15:00,569,Coimbatore,1.0,-10.397
2024-06-25 17:20:00,569,Coimbatore,1.5,-10.397
2024-06-25 17:25:00,569,Coimbatore,1.5,-10.397
2024-06-25 17:30:00,569,Coimbatore,1.5,-10.397
2024-06-25 17:35:00,569,Coimbatore,4.0,-10.397
2024-06-25 17:40:00,569,Coimbatore,4.5,-10.397
2024-06-25 17:45:00,569,Coimbatore,10.0,-10.397
2024-06-25 17:50:00,569,Coimbatore,15.5,-10.397
2024-06-25 17:55:00,569,Coimbatore,20.0,-10.397
2024-06-25 18:00:00,569,Coimbatore,8.666666666666666,-10.397
2024-06-25 18:05:00,569,Coimbatore,1.0,-10.397
2024-06-25 18:10:00,569,Coimbatore,1.0,-10.397
2024-06-25 18:15:00,569,Coimbatore,1.5,-10.397
2024-06-25 18:20:00,569,Coimbatore,1.5,-10.397
2024-06-25 18:25:00,569,Coimbatore,2.0,-10.397
2024-06-25 18:30:00,569,Coimbatore,2.5,-10.397
2024-06-25 18:35:00,569,Coimbatore,4.0,-10.397
2024-06-25 18:40:00,569,Coimbatore,6.5,-10.397
2024-06-25 18:45:00,569,Coimbatore,8.0,-10.397
2024-06-25 18:50:00,569,Coimbatore,8.5,-10.397
2024-06-25 18:55:00,569,Coimbatore,11.0,-10.397
2024-06-25 19:00:00,569,Coimbatore,5.25,-10.397
2024-06-25 19:05:00,569,Coimbatore,6.5,-10.397
2024-06-25 19:10:00,569,Coimbatore,8.0,-10.397
2024-06-25 19:15:00,569,Coimbatore,9.0,-10.397
2024-06-25 19:20:00,569,Coimbatore,9.5,-10.397
2024-06-25 19:25:00,569,Coimbatore,10.5,-10.397
2024-06-25 19:30:00,569,Coimbatore,11.0,-10.397
2024-06-25 19:35:00,569,Coimbatore,12.0,-10.397
2024-06-25 19:40:00,569,Coimbatore,13.0,-10.397
2024-06-25 19:45:00,569,Coimbatore,13.0,-10.397
2024-06-25 19:50:00,569,Coimbatore,13.5,-10.397
2024-06-25 19:55:00,569,Coimbatore,15.0,-10.397
2024-06-25 20:00:00,569,Coimbatore,9.5,-10.397
2024-06-25 20:05:00,569,Coimbatore,1.0,-10.397
2024-06-25 20:10:00,569,Coimbatore,2.0,-10.397
2024-06-25 20:15:00,569,Coimbatore,2.5,-10.397
2024-06-25 20:20:00,569,Coimbatore,2.5,-10.397
2024-06-25 20:25:00,569,Coimbatore,2.5,-10.397
2024-06-25 20:30:00,569,Coimbatore,3.0,-10.397
2024-06-25 20:35:00,569,Coimbatore,3.0,-10.397
2024-06-25 20:40:00,569,Coimbatore,3.5,-10.397
2024-06-25 20:45:00,569,Coimbatore,3.5,-10.397
2024-06-25 20:50:00,569,Coimbatore,3.5,-10.397
2024-06-25 20:55:00,569,Coimbatore,3.5,-10.397
2024-06-25 21:00:00,569,Coimbatore,1.8333333333333333,-10.397
2024-06-25 22:00:00,569,Coimbatore,1.1666666666666667,-10.374
2024-06-25 22:05:00,569,Coimbatore,0.5,-10.374
2024-06-25 22:10:00,569,Coimbatore,0.5,-10.374
2024-06-25 22:15:00,569,Coimbatore,0.5,-10.374
2024-06-25 22:20:00,569,Coimbatore,1.0,-10.374
2024-06-25 22:25:00,569,Coimbatore,1.5,-10.374
2024-06-25 22:30:00,569,Coimbatore,3.5,-10.374
2024-06-25 22:35:00,569,Coimbatore,4.5,-10.374
2024-06-25 22:40:00,569,Coimbatore,5.0,-10.374
2024-06-25 22:45:00,569,Coimbatore,5.0,-10.374
2024-06-25 22:50:00,569,Coimbatore,6.0,-10.374
2024-06-25 22:55:00,569,Coimbatore,6.0,-10.374
2024-06-25 23:00:00,569,Coimbatore,6.5,-10.374
2024-06-25 23:10:00,569,Coimbatore,1.0,-10.374
2024-06-25 23:15:00,569,Coimbatore,1.5,-10.374
2024-06-25 23:20:00,569,Coimbatore,2.0,-10.374
2024-06-25 23:25:00,569,Coimbatore,2.0,-10.374
2024-06-25 23:30:00,569,Coimbatore,3.0,-10.374
2024-06-25 23:35:00,569,Coimbatore,4.0,-10.374
2024-06-25 23:40:00,569,Coimbatore,5.0,-10.374
2024-06-25 23:45:00,569,Coimbatore,5.0,-10.374
2024-06-25 23:50:00,569,Coimbatore,5.5,-10.374
2024-06-25 23:55:00,569,Coimbatore,5.5,-10.374
2024-06-26 00:00:00,569,Coimbatore,3.5,-10.374
2024-06-26 00:45:00,569,Coimbatore,0.5,-10.374
2024-06-26 00:50:00,569,Coimbatore,0.5,-10.374
2024-06-26 00:55:00,569,Coimbatore,0.5,-10.374
2024-06-26 01:00:00,569,Coimbatore,0.8333333333333334,-10.374
2024-06-26 01:20:00,569,Coimbatore,0.5,-10.374
2024-06-26 01:25:00,569,Coimbatore,2.0,-10.374
2024-06-26 01:30:00,569,Coimbatore,5.5,-10.374
2024-06-26 01:35:00,569,Coimbatore,6.0,-10.374
2024-06-26 01:40:00,569,Coimbatore,6.5,-10.374
2024-06-26 01:45:00,569,Coimbatore,7.0,-10.374
2024-06-26 01:50:00,569,Coimbatore,7.0,-10.374
2024-06-26 01:55:00,569,Coimbatore,7.5,-10.374
2024-06-26 02:00:00,569,Coimbatore,2.833333333333333,-10.374
2024-06-26 02:15:00,569,Coimbatore,0.5,-10.374
2024-06-26 02:20:00,569,Coimbatore,0.5,-10.374
2024-06-26 02:25:00,569,Coimbatore,0.5,-10.374
2024-06-26 02:30:00,569,Coimbatore,0.5,-10.374
2024-06-26 02:35:00,569,Coimbatore,1.0,-10.374
2024-06-26 02:40:00,569,Coimbatore,1.0,-10.374
2024-06-26 02:45:00,569,Coimbatore,1.0,-10.374
2024-06-26 02:50:00,569,Coimbatore,1.0,-10.374
2024-06-26 02:55:00,569,Coimbatore,1.5,-10.374
2024-06-26 03:00:00,569,Coimbatore,1.5,-10.374
2024-06-26 03:20:00,569,Coimbatore,0.5,-10.3505
2024-06-26 03:25:00,569,Coimbatore,1.0,-10.3505
2024-06-26 03:30:00,569,Coimbatore,1.0,-10.3505
2024-06-26 03:35:00,569,Coimbatore,1.0,-10.3505
2024-06-26 03:40:00,569,Coimbatore,1.0,-10.3505
2024-06-26 03:45:00,569,Coimbatore,1.5,-10.3505
2024-06-26 03:50:00,569,Coimbatore,1.5,-10.3505
2024-06-26 03:55:00,569,Coimbatore,1.5,-10.3505
2024-06-26 04:00:00,569,Coimbatore,1.0,-10.3505
2024-06-26 04:15:00,569,Coimbatore,0.5,-10.3505
2024-06-26 04:20:00,569,Coimbatore,0.5,-10.3505
2024-06-26 04:25:00,569,Coimbatore,0.5,-10.3505
2024-06-26 04:30:00,569,Coimbatore,1.0,-10.3505
2024-06-26 04:35:00,569,Coimbatore,2.0,-10.3505
2024-06-26 04:40:00,569,Coimbatore,3.0,-10.3505
2024-06-26 04:45:00,569,Coimbatore,5.5,-10.3505
2024-06-26 04:50:00,569,Coimbatore,6.5,-10.3505
2024-06-26 04:55:00,569,Coimbatore,7.0,-10.3505
2024-06-26 05:00:00,569,Coimbatore,3.375,-10.3505
2024-06-26 05:05:00,569,Coimbatore,1.0,-10.3505
2024-06-26 05:10:00,569,Coimbatore,2.0,-10.3505
2024-06-26 05:15:00,569,Coimbatore,4.0,-10.3505
2024-06-26 05:20:00,569,Coimbatore,6.0,-10.3505
2024-06-26 05:25:00,569,Coimbatore,7.0,-10.3505
2024-06-26 05:30:00,569,Coimbatore,8.5,-10.3505
2024-06-26 05:35:00,569,Coimbatore,9.0,-10.3505
2024-06-26 05:40:00,569,Coimbatore,9.5,-10.3505
2024-06-26 05:45:00,569,Coimbatore,10.5,-10.3505
2024-06-26 05:50:00,569,Coimbatore,11.5,-10.3505
2024-06-26 05:55:00,569,Coimbatore,12.0,-10.3505
2024-06-26 06:00:00,569,Coimbatore,4.5,-10.3505
2024-06-26 06:05:00,569,Coimbatore,0.5,-10.3505
2024-06-26 06:10:00,569,Coimbatore,0.5,-10.3505
2024-06-26 06:15:00,569,Coimbatore,1.0,-10.3505
2024-06-26 06:20:00,569,Coimbatore,1.5,-10.3505
2024-06-26 06:25:00,569,Coimbatore,2.0,-10.3505
2024-06-26 06:30:00,569,Coimbatore,2.0,-10.3505
2024-06-26 06:35:00,569,Coimbatore,2.5,-10.3505
2024-06-26 06:40:00,569,Coimbatore,2.5,-10.3505
2024-06-26 06:45:00,569,Coimbatore,2.5,-10.3505
2024-06-26 06:50:00,569,Coimbatore,3.0,-10.3505
2024-06-26 06:55:00,569,Coimbatore,3.0,-10.3505
2024-06-26 07:00:00,569,Coimbatore,1.5,-10.3505
2024-06-26 07:05:00,569,Coimbatore,0.5,-10.3505
2024-06-26 07:10:00,569,Coimbatore,0.5,-10.3505
2024-06-26 07:15:00,569,Coimbatore,0.5,-10.3505
2024-06-26 07:20:00,569,Coimbatore,0.5,-10.3505
2024-06-26 07:25:00,569,Coimbatore,0.5,-10.3505
2024-06-26 07:30:00,569,Coimbatore,0.5,-10.3505
2024-06-26 07:35:00,569,Coimbatore,0.5,-10.3505
2024-06-26 07:40:00,569,Coimbatore,1.0,-10.3505
2024-06-26 07:45:00,569,Coimbatore,1.0,-10.3505
2024-06-26 07:50:00,569,Coimbatore,1.0,-10.3505
2024-06-26 07:55:00,569,Coimbatore,1.0,-10.3505
2024-06-26 08:00:00,569,Coimbatore,1.0,-10.3505
2024-06-26 08:05:00,569,Coimbatore,0.5,-10.3505
2024-06-26 08:10:00,569,Coimbatore,0.5,-10.3505
2024-06-26 08:15:00,569,Coimbatore,0.5,-10.3505
2024-06-26 08:20:00,569,Coimbatore,0.5,-10.3505
2024-06-26 08:25:00,569,Coimbatore,0.5,-10.3505
2024-06-26 08:30:00,569,Coimbatore,0.5,-10.3505
2024-06-26 08:35:00,569,Coimbatore,0.5,-10.3505
2024-06-26 08:40:00,569,Coimbatore,1.0,-10.3505
2024-06-26 08:45:00,569,Coimbatore,1.0,-10.3505
2024-06-26 08:50:00,569,Coimbatore,1.0,-10.3505
2024-06-26 08:55:00,569,Coimbatore,1.0,-10.3505
2024-06-26 09:00:00,569,Coimbatore,0.75,-10.3505
2024-06-26 10:50:00,569,Coimbatore,0.5,-10.4385
2024-06-26 10:55:00,569,Coimbatore,0.5,-10.4385
2024-06-26 11:00:00,569,Coimbatore,0.5,-10.4385
2024-06-26 12:00:00,569,Coimbatore,0.5,-10.4385
2024-06-26 12:50:00,569,Coimbatore,0.5,-10.4385
2024-06-26 12:55:00,569,Coimbatore,0.5,-10.4385
2024-06-26 13:00:00,569,Coimbatore,0.5,-10.4385
2024-06-26 13:35:00,569,Coimbatore,0.5,-10.4385
2024-06-26 13:40:00,569,Coimbatore,2.0,-10.4385
2024-06-26 13:45:00,569,Coimbatore,2.0,-10.4385
2024-06-26 13:50:00,569,Coimbatore,2.0,-10.4385
2024-06-26 13:55:00,569,Coimbatore,2.5,-10.4385
2024-06-26 14:00:00,569,Coimbatore,1.5,-10.4385
2024-06-26 14:10:00,569,Coimbatore,0.5,-10.4385
2024-06-26 14:15:00,569,Coimbatore,1.0,-10.4385
2024-06-26 14:20:00,569,Coimbatore,1.0,-10.4385
2024-06-26 14:25:00,569,Coimbatore,1.0,-10.4385
2024-06-26 14:30:00,569,Coimbatore,1.0,-10.4385
2024-06-26 14:35:00,569,Coimbatore,1.0,-10.4385
2024-06-26 14:40:00,569,Coimbatore,1.0,-10.4385
2024-06-26 14:45:00,569,Coimbatore,2.5,-10.4385
2024-06-26 14:50:00,569,Coimbatore,3.5,-10.4385
2024-06-26 14:55:00,569,Coimbatore,4.0,-10.4385
2024-06-26 15:00:00,569,Coimbatore,2.5,-10.4385
2024-06-26 15:05:00,569,Coimbatore,1.0,-10.4405
2024-06-26 15:10:00,569,Coimbatore,2.0,-10.4405
2024-06-26 15:15:00,569,Coimbatore,2.5,-10.4405
2024-06-26 15:20:00,569,Coimbatore,2.5,-10.4405
2024-06-26 15:25:00,569,Coimbatore,2.5,-10.4405
2024-06-26 15:30:00,569,Coimbatore,3.0,-10.4405
2024-06-26 15:35:00,569,Coimbatore,3.5,-10.4405
2024-06-26 15:40:00,569,Coimbatore,4.0,-10.4405
2024-06-26 15:45:00,569,Coimbatore,4.0,-10.4405
2024-06-26 15:50:00,569,Coimbatore,4.5,-10.4405
2024-06-26 15:55:00,569,Coimbatore,5.0,-10.4405
2024-06-26 16:00:00,569,Coimbatore,2.5,-10.4405
2024-06-26 16:05:00,569,Coimbatore,1.0,-10.4405
2024-06-26 16:10:00,569,Coimbatore,2.0,-10.4405
2024-06-26 16:15:00,569,Coimbatore,3.0,-10.4405
2024-06-26 16:20:00,569,Coimbatore,4.0,-10.4405
2024-06-26 16:25:00,569,Coimbatore,5.5,-10.4405
2024-06-26 16:30:00,569,Coimbatore,6.0,-10.4405
2024-06-26 16:35:00,569,Coimbatore,6.0,-10.4405
2024-06-26 16:40:00,569,Coimbatore,6.5,-10.4405
2024-06-26 16:45:00,569,Coimbatore,6.5,-10.4405
2024-06-26 16:50:00,569,Coimbatore,6.5,-10.4405
2024-06-26 16:55:00,569,Coimbatore,7.0,-10.4405
2024-06-26 17:00:00,569,Coimbatore,3.75,-10.4405
2024-06-26 17:20:00,569,Coimbatore,0.5,-10.4405
2024-06-26 17:25:00,569,Coimbatore,0.5,-10.4405
2024-06-26 17:30:00,569,Coimbatore,0.5,-10.4405
2024-06-26 17:35:00,569,Coimbatore,1.0,-10.4405
2024-06-26 17:40:00,569,Coimbatore,1.0,-10.4405
2024-06-26 17:45:00,569,Coimbatore,1.0,-10.4405
2024-06-26 17:50:00,569,Coimbatore,1.5,-10.4405
2024-06-26 17:55:00,569,Coimbatore,1.5,-10.4405
2024-06-26 18:00:00,569,Coimbatore,1.3333333333333333,-10.4405
2024-06-26 18:20:00,569,Coimbatore,0.5,-10.4405
2024-06-26 18:25:00,569,Coimbatore,0.5,-10.4405
2024-06-26 18:30:00,569,Coimbatore,0.5,-10.4405
2024-06-26 18:35:00,569,Coimbatore,0.5,-10.4405
2024-06-26 18:40:00,569,Coimbatore,0.5,-10.4405
2024-06-26 18:45:00,569,Coimbatore,0.5,-10.4405
2024-06-26 18:50:00,569,Coimbatore,0.5,-10.4405
2024-06-26 18:55:00,569,Coimbatore,0.5,-10.4405
2024-06-26 19:00:00,569,Coimbatore,1.25,-10.4405
2024-06-26 19:15:00,569,Coimbatore,0.5,-10.4405
2024-06-26 19:20:00,569,Coimbatore,1.0,-10.4405
2024-06-26 19:25:00,569,Coimbatore,1.5,-10.4405
2024-06-26 19:30:00,569,Coimbatore,1.5,-10.4405
2024-06-26 19:35:00,569,Coimbatore,1.5,-10.4405
2024-06-26 19:40:00,569,Coimbatore,2.0,-10.4405
2024-06-26 19:45:00,569,Coimbatore,3.0,-10.4405
2024-06-26 19:50:00,569,Coimbatore,3.5,-10.4405
2024-06-26 19:55:00,569,Coimbatore,3.5,-10.4405
2024-06-26 20:00:00,569,Coimbatore,1.5,-10.4405
2024-06-26 20:10:00,569,Coimbatore,1.0,-10.4405
2024-06-26 20:15:00,569,Coimbatore,1.0,-10.4405
2024-06-26 20:20:00,569,Coimbatore,1.0,-10.4405
2024-06-26 20:25:00,569,Coimbatore,1.0,-10.4405
2024-06-26 20:30:00,569,Coimbatore,1.0,-10.4405
2024-06-26 20:35:00,569,Coimbatore,1.0,-10.4405
2024-06-26 20:40:00,569,Coimbatore,1.0,-10.4405
2024-06-26 20:45:00,569,Coimbatore,2.0,-10.4405
2024-06-26 20:50:00,569,Coimbatore,2.5,-10.4405
2024-06-26 20:55:00,569,Coimbatore,3.0,-10.4405
2024-06-26 21:00:00,569,Coimbatore,2.333333333333333,-10.4405
2024-06-26 21:10:00,569,Coimbatore,0.5,-10.3745
2024-06-26 21:15:00,569,Coimbatore,1.0,-10.3745
2024-06-26 21:20:00,569,Coimbatore,1.0,-10.3745
2024-06-26 21:25:00,569,Coimbatore,1.5,-10.3745
2024-06-26 21:30:00,569,Coimbatore,1.5,-10.3745
2024-06-26 21:35:00,569,Coimbatore,2.5,-10.3745
2024-06-26 21:40:00,569,Coimbatore,2.5,-10.3745
2024-06-26 21:45:00,569,Coimbatore,3.0,-10.3745
2024-06-26 21:50:00,569,Coimbatore,3.5,-10.3745
2024-06-26 21:55:00,569,Coimbatore,4.0,-10.3745
2024-06-26 22:00:00,569,Coimbatore,1.875,-10.3745
2024-06-26 22:05:00,569,Coimbatore,0.5,-10.3745
2024-06-26 22:10:00,569,Coimbatore,0.5,-10.3745
2024-06-26 22:15:00,569,Coimbatore,0.5,-10.3745
2024-06-26 22:20:00,569,Coimbatore,1.5,-10.3745
2024-06-26 22:25:00,569,Coimbatore,2.0,-10.3745
2024-06-26 22:30:00,569,Coimbatore,2.0,-10.3745
2024-06-26 22:35:00,569,Coimbatore,3.5,-10.3745
2024-06-26 22:40:00,569,Coimbatore,5.0,-10.3745
2024-06-26 22:45:00,569,Coimbatore,5.0,-10.3745
2024-06-26 22:50:00,569,Coimbatore,5.5,-10.3745
2024-06-26 22:55:00,569,Coimbatore,5.5,-10.3745
2024-06-26 23:00:00,569,Coimbatore,4.25,-10.3745
2024-06-26 23:10:00,569,Coimbatore,0.5,-10.3745
2024-06-26 23:15:00,569,Coimbatore,0.5,-10.3745
2024-06-26 23:20:00,569,Coimbatore,0.5,-10.3745
2024-06-26 23:25:00,569,Coimbatore,0.5,-10.3745
2024-06-26 23:30:00,569,Coimbatore,0.5,-10.3745
2024-06-26 23:35:00,569,Coimbatore,0.5,-10.3745
2024-06-26 23:40:00,569,Coimbatore,0.5,-10.3745
2024-06-26 23:45:00,569,Coimbatore,0.5,-10.3745
2024-06-26 23:50:00,569,Coimbatore,0.5,-10.3745
2024-06-26 23:55:00,569,Coimbatore,1.0,-10.3745
2024-06-27 00:00:00,569,Coimbatore,1.25,-10.3745
2024-06-27 01:00:00,569,Coimbatore,1.0,-10.3745
2024-06-27 01:15:00,569,Coimbatore,0.5,-10.3745
2024-06-27 01:20:00,569,Coimbatore,0.5,-10.3745
2024-06-27 01:25:00,569,Coimbatore,0.5,-10.3745
2024-06-27 01:30:00,569,Coimbatore,1.0,-10.3745
2024-06-27 01:35:00,569,Coimbatore,1.0,-10.3745
2024-06-27 01:40:00,569,Coimbatore,1.0,-10.3745
2024-06-27 01:45:00,569,Coimbatore,1.0,-10.3745
2024-06-27 01:50:00,569,Coimbatore,1.0,-10.3745
2024-06-27 01:55:00,569,Coimbatore,1.0,-10.3745
2024-06-27 02:00:00,569,Coimbatore,1.0,-10.3745
2024-06-27 02:15:00,569,Coimbatore,0.5,-10.3745
2024-06-27 02:20:00,569,Coimbatore,0.5,-10.3745
2024-06-27 02:25:00,569,Coimbatore,0.5,-10.3745
2024-06-27 02:30:00,569,Coimbatore,0.5,-10.3745
2024-06-27 02:35:00,569,Coimbatore,0.5,-10.3745
2024-06-27 02:40:00,569,Coimbatore,1.0,-10.3745
2024-06-27 02:45:00,569,Coimbatore,1.0,-10.3745
2024-06-27 02:50:00,569,Coimbatore,1.0,-10.3745
2024-06-27 02:55:00,569,Coimbatore,1.0,-10.3745
2024-06-27 03:00:00,569,Coimbatore,1.0,-10.3745
2024-06-27 03:40:00,569,Coimbatore,0.5,-10.3445
2024-06-27 03:45:00,569,Coimbatore,0.5,-10.3445
2024-06-27 03:50:00,569,Coimbatore,0.5,-10.3445
2024-06-27 03:55:00,569,Coimbatore,0.5,-10.3445
2024-06-27 04:00:00,569,Coimbatore,1.0,-10.3445
2024-06-27 04:20:00,569,Coimbatore,0.5,-10.3445
2024-06-27 04:25:00,569,Coimbatore,0.5,-10.3445
2024-06-27 04:30:00,569,Coimbatore,0.5,-10.3445
2024-06-27 04:35:00,569,Coimbatore,0.5,-10.3445
2024-06-27 04:40:00,569,Coimbatore,0.5,-10.3445
2024-06-27 04:45:00,569,Coimbatore,0.5,-10.3445
2024-06-27 04:50:00,569,Coimbatore,0.5,-10.3445
2024-06-27 04:55:00,569,Coimbatore,0.5,-10.3445
2024-06-27 05:00:00,569,Coimbatore,0.5,-10.3445
2024-06-27 06:00:00,569,Coimbatore,0.5,-10.3445
2024-06-27 06:25:00,569,Coimbatore,0.5,-10.3445
2024-06-27 06:30:00,569,Coimbatore,0.5,-10.3445
2024-06-27 06:35:00,569,Coimbatore,0.5,-10.3445
2024-06-27 06:40:00,569,Coimbatore,0.5,-10.3445
2024-06-27 06:45:00,569,Coimbatore,0.5,-10.3445
2024-06-27 06:50:00,569,Coimbatore,0.5,-10.3445
2024-06-27 06:55:00,569,Coimbatore,0.5,-10.3445
2024-06-27 07:00:00,569,Coimbatore,0.75,-10.3445
2024-06-27 07:15:00,569,Coimbatore,0.5,-10.3445
2024-06-27 07:20:00,569,Coimbatore,0.5,-10.3445
2024-06-27 07:25:00,569,Coimbatore,0.5,-10.3445
2024-06-27 07:30:00,569,Coimbatore,1.0,-10.3445
2024-06-27 07:35:00,569,Coimbatore,1.0,-10.3445
2024-06-27 07:40:00,569,Coimbatore,1.0,-10.3445
2024-06-27 07:45:00,569,Coimbatore,1.0,-10.3445
2024-06-27 07:50:00,569,Coimbatore,1.0,-10.3445
2024-06-27 07:55:00,569,Coimbatore,1.5,-10.3445
2024-06-27 08:00:00,569,Coimbatore,1.5,-10.3445
2024-06-27 08:20:00,569,Coimbatore,0.5,-10.3445
2024-06-27 08:25:00,569,Coimbatore,0.5,-10.3445
2024-06-27 08:30:00,569,Coimbatore,0.5,-10.3445
2024-06-27 08:35:00,569,Coimbatore,0.5,-10.3445
2024-06-27 08:40:00,569,Coimbatore,0.5,-10.3445
2024-06-27 08:45:00,569,Coimbatore,0.5,-10.3445
2024-06-27 08:50:00,569,Coimbatore,0.5,-10.3445
2024-06-27 08:55:00,569,Coimbatore,0.5,-10.3445
2024-06-27 09:00:00,569,Coimbatore,0.8333333333333334,-10.3445
2024-06-27 09:10:00,569,Coimbatore,0.5,-10.553
2024-06-27 09:15:00,569,Coimbatore,0.5,-10.553
2024-06-27 09:20:00,569,Coimbatore,0.5,-10.553
2024-06-27 09:25:00,569,Coimbatore,0.5,-10.553
2024-06-27 09:30:00,569,Coimbatore,0.5,-10.553
2024-06-27 09:35:00,569,Coimbatore,0.5,-10.553
2024-06-27 09:40:00,569,Coimbatore,0.5,-10.553
2024-06-27 09:45:00,569,Coimbatore,0.5,-10.553
2024-06-27 09:50:00,569,Coimbatore,0.5,-10.553
2024-06-27 09:55:00,569,Coimbatore,0.5,-10.553
2024-06-27 10:00:00,569,Coimbatore,0.5,-10.553
2024-06-27 10:20:00,569,Coimbatore,0.5,-10.553
2024-06-27 10:25:00,569,Coimbatore,1.0,-10.553
2024-06-27 10:30:00,569,Coimbatore,1.5,-10.553
2024-06-27 10:35:00,569,Coimbatore,2.5,-10.553
2024-06-27 10:40:00,569,Coimbatore,4.5,-10.553
2024-06-27 10:45:00,569,Coimbatore,5.5,-10.553
2024-06-27 10:50:00,569,Coimbatore,6.5,-10.553
2024-06-27 10:55:00,569,Coimbatore,7.0,-10.553
2024-06-27 11:00:00,569,Coimbatore,5.0,-10.553
2024-06-27 11:05:00,569,Coimbatore,0.5,-10.553
2024-06-27 11:10:00,569,Coimbatore,0.5,-10.553
2024-06-27 11:15:00,569,Coimbatore,1.0,-10.553
2024-06-27 11:20:00,569,Coimbatore,1.0,-10.553
2024-06-27 11:25:00,569,Coimbatore,1.0,-10.553
2024-06-27 11:30:00,569,Coimbatore,1.5,-10.553
2024-06-27 11:35:00,569,Coimbatore,1.5,-10.553
2024-06-27 11:40:00,569,Coimbatore,2.0,-10.553
2024-06-27 11:45:00,569,Coimbatore,2.5,-10.553
2024-06-27 11:50:00,569,Coimbatore,3.0,-10.553
2024-06-27 11:55:00,569,Coimbatore,3.0,-10.553
2024-06-27 12:00:00,569,Coimbatore,3.0,-10.553
2024-06-27 12:05:00,569,Coimbatore,0.5,-10.553
2024-06-27 12:10:00,569,Coimbatore,0.5,-10.553
2024-06-27 12:15:00,569,Coimbatore,1.0,-10.553
2024-06-27 12:20:00,569,Coimbatore,1.0,-10.553
2024-06-27 12:25:00,569,Coimbatore,1.0,-10.553
2024-06-27 12:30:00,569,Coimbatore,1.5,-10.553
2024-06-27 12:35:00,569,Coimbatore,1.5,-10.553
2024-06-27 12:40:00,569,Coimbatore,2.0,-10.553
2024-06-27 12:45:00,569,Coimbatore,2.0,-10.553
2024-06-27 12:50:00,569,Coimbatore,2.5,-10.553
2024-06-27 12:55:00,569,Coimbatore,2.5,-10.553
2024-06-27 13:00:00,569,Coimbatore,2.25,-10.553
2024-06-27 13:25:00,569,Coimbatore,0.5,-10.553
2024-06-27 13:30:00,569,Coimbatore,0.5,-10.553
2024-06-27 13:35:00,569,Coimbatore,0.5,-10.553
2024-06-27 13:40:00,569,Coimbatore,0.5,-10.553
2024-06-27 13:45:00,569,Coimbatore,0.5,-10.553
2024-06-27 13:50:00,569,Coimbatore,0.5,-10.553
2024-06-27 13:55:00,569,Coimbatore,1.0,-10.553
2024-06-27 14:00:00,569,Coimbatore,1.0,-10.553
2024-06-27 14:55:00,569,Coimbatore,0.5,-10.553
2024-06-27 15:00:00,569,Coimbatore,0.5,-10.553
2024-06-27 16:00:00,569,Coimbatore,1.0,-10.4165
2024-06-27 16:25:00,569,Coimbatore,0.5,-10.4165
2024-06-27 16:30:00,569,Coimbatore,1.5,-10.4165
2024-06-27 16:35:00,569,Coimbatore,2.0,-10.4165
2024-06-27 16:40:00,569,Coimbatore,2.0,-10.4165
2024-06-27 16:45:00,569,Coimbatore,2.5,-10.4165
2024-06-27 16:50:00,569,Coimbatore,2.5,-10.4165
2024-06-27 16:55:00,569,Coimbatore,2.5,-10.4165
2024-06-27 17:00:00,569,Coimbatore,1.8333333333333333,-10.4165
2024-06-27 19:05:00,569,Coimbatore,0.5,-10.4165
2024-06-27 19:10:00,569,Coimbatore,1.0,-10.4165
2024-06-27 19:15:00,569,Coimbatore,1.0,-10.4165
2024-06-27 19:20:00,569,Coimbatore,1.0,-10.4165
2024-06-27 19:25:00,569,Coimbatore,1.0,-10.4165
2024-06-27 19:30:00,569,Coimbatore,1.0,-10.4165
2024-06-27 19:35:00,569,Coimbatore,1.5,-10.4165
2024-06-27 19:40:00,569,Coimbatore,1.5,-10.4165
2024-06-27 19:45:00,569,Coimbatore,1.5,-10.4165
2024-06-27 19:50:00,569,Coimbatore,1.5,-10.4165
2024-06-27 19:55:00,569,Coimbatore,1.5,-10.4165
2024-06-27 20:00:00,569,Coimbatore,1.5,-10.4165
2024-06-27 20:40:00,569,Coimbatore,0.5,-10.4165
2024-06-27 20:45:00,569,Coimbatore,1.5,-10.4165
2024-06-27 20:50:00,569,Coimbatore,1.5,-10.4165
2024-06-27 20:55:00,569,Coimbatore,1.5,-10.4165
2024-06-27 21:00:00,569,Coimbatore,1.5,-10.4165
2024-06-27 21:05:00,569,Coimbatore,0.5,-10.372
2024-06-27 21:10:00,569,Coimbatore,1.0,-10.372
2024-06-27 21:15:00,569,Coimbatore,1.0,-10.372
2024-06-27 21:20:00,569,Coimbatore,1.0,-10.372
2024-06-27 21:25:00,569,Coimbatore,1.0,-10.372
2024-06-27 21:30:00,569,Coimbatore,1.0,-10.372
2024-06-27 21:35:00,569,Coimbatore,1.0,-10.372
2024-06-27 21:40:00,569,Coimbatore,2.0,-10.372
2024-06-27 21:45:00,569,Coimbatore,2.0,-10.372
2024-06-27 21:50:00,569,Coimbatore,2.5,-10.372
2024-06-27 21:55:00,569,Coimbatore,2.5,-10.372
2024-06-27 22:00:00,569,Coimbatore,2.5,-10.372
2024-06-27 22:55:00,569,Coimbatore,0.5,-10.372
2024-06-27 23:00:00,569,Coimbatore,0.5,-10.372
2024-06-28 00:05:00,569,Coimbatore,0.5,-10.372
2024-06-28 00:10:00,569,Coimbatore,0.5,-10.372
2024-06-28 00:15:00,569,Coimbatore,0.5,-10.372
2024-06-28 00:20:00,569,Coimbatore,0.5,-10.372
2024-06-28 00:25:00,569,Coimbatore,0.5,-10.372
2024-06-28 00:30:00,569,Coimbatore,0.5,-10.372
2024-06-28 00:35:00,569,Coimbatore,0.5,-10.372
2024-06-28 00:40:00,569,Coimbatore,0.5,-10.372
2024-06-28 00:45:00,569,Coimbatore,0.5,-10.372
2024-06-28 00:50:00,569,Coimbatore,0.5,-10.372
2024-06-28 00:55:00,569,Coimbatore,0.5,-10.372
2024-06-28 01:00:00,569,Coimbatore,0.5,-10.372
2024-06-28 01:15:00,569,Coimbatore,0.5,-10.372
2024-06-28 01:20:00,569,Coimbatore,0.5,-10.372
2024-06-28 01:25:00,569,Coimbatore,0.5,-10.372
2024-06-28 01:30:00,569,Coimbatore,0.5,-10.372
2024-06-28 01:35:00,569,Coimbatore,0.5,-10.372
2024-06-28 01:40:00,569,Coimbatore,0.5,-10.372
2024-06-28 01:45:00,569,Coimbatore,0.5,-10.372
2024-06-28 01:50:00,569,Coimbatore,0.5,-10.372
2024-06-28 01:55:00,569,Coimbatore,0.5,-10.372
2024-06-28 02:00:00,569,Coimbatore,0.75,-10.372
2024-06-28 02:45:00,569,Coimbatore,0.5,-10.372
2024-06-28 02:50:00,569,Coimbatore,0.5,-10.372
2024-06-28 02:55:00,569,Coimbatore,0.5,-10.372
2024-06-28 03:00:00,569,Coimbatore,0.5,-10.372
2024-06-28 03:25:00,569,Coimbatore,0.5,-10.4065
2024-06-28 03:30:00,569,Coimbatore,0.5,-10.4065
2024-06-28 03:35:00,569,Coimbatore,0.5,-10.4065
2024-06-28 03:40:00,569,Coimbatore,0.5,-10.4065
2024-06-28 03:45:00,569,Coimbatore,0.5,-10.4065
2024-06-28 03:50:00,569,Coimbatore,0.5,-10.4065
2024-06-28 03:55:00,569,Coimbatore,0.5,-10.4065
2024-06-28 04:00:00,569,Coimbatore,0.5,-10.4065
2024-06-28 05:20:00,569,Coimbatore,1.0,-10.4065
2024-06-28 05:25:00,569,Coimbatore,1.0,-10.4065
2024-06-28 05:30:00,569,Coimbatore,1.5,-10.4065
2024-06-28 05:35:00,569,Coimbatore,3.0,-10.4065
2024-06-28 05:40:00,569,Coimbatore,3.0,-10.4065
2024-06-28 05:45:00,569,Coimbatore,3.5,-10.4065
2024-06-28 05:50:00,569,Coimbatore,3.5,-10.4065
2024-06-28 05:55:00,569,Coimbatore,3.5,-10.4065
2024-06-28 06:00:00,569,Coimbatore,3.5,-10.4065
2024-06-28 06:05:00,569,Coimbatore,0.5,-10.4065
2024-06-28 06:10:00,569,Coimbatore,0.5,-10.4065
2024-06-28 06:15:00,569,Coimbatore,0.5,-10.4065
2024-06-28 06:20:00,569,Coimbatore,0.5,-10.4065
2024-06-28 06:25:00,569,Coimbatore,0.5,-10.4065
2024-06-28 06:30:00,569,Coimbatore,0.5,-10.4065
2024-06-28 06:35:00,569,Coimbatore,0.5,-10.4065
2024-06-28 06:40:00,569,Coimbatore,0.5,-10.4065
2024-06-28 06:45:00,569,Coimbatore,0.5,-10.4065
2024-06-28 06:50:00,569,Coimbatore,0.5,-10.4065
2024-06-28 06:55:00,569,Coimbatore,0.5,-10.4065
2024-06-28 07:00:00,569,Coimbatore,0.5,-10.4065
2024-06-28 07:05:00,569,Coimbatore,0.5,-10.4065
2024-06-28 07:10:00,569,Coimbatore,0.5,-10.4065
2024-06-28 07:15:00,569,Coimbatore,0.5,-10.4065
2024-06-28 07:20:00,569,Coimbatore,0.5,-10.4065
2024-06-28 07:25:00,569,Coimbatore,1.0,-10.4065
2024-06-28 07:30:00,569,Coimbatore,1.5,-10.4065
2024-06-28 07:35:00,569,Coimbatore,1.5,-10.4065
2024-06-28 07:40:00,569,Coimbatore,1.5,-10.4065
2024-06-28 07:45:00,569,Coimbatore,1.5,-10.4065
2024-06-28 07:50:00,569,Coimbatore,1.5,-10.4065
2024-06-28 07:55:00,569,Coimbatore,1.5,-10.4065
2024-06-28 08:00:00,569,Coimbatore,1.5,-10.4065
2024-06-28 08:05:00,569,Coimbatore,0.5,-10.4065
2024-06-28 08:10:00,569,Coimbatore,0.5,-10.4065
2024-06-28 08:15:00,569,Coimbatore,1.0,-10.4065
2024-06-28 08:20:00,569,Coimbatore,1.5,-10.4065
2024-06-28 08:25:00,569,Coimbatore,1.5,-10.4065
2024-06-28 08:30:00,569,Coimbatore,1.5,-10.4065
2024-06-28 08:35:00,569,Coimbatore,1.5,-10.4065
2024-06-28 08:40:00,569,Coimbatore,1.5,-10.4065
2024-06-28 08:45:00,569,Coimbatore,1.5,-10.4065
2024-06-28 08:50:00,569,Coimbatore,1.5,-10.4065
2024-06-28 08:55:00,569,Coimbatore,1.5,-10.4065
2024-06-28 09:00:00,569,Coimbatore,1.0,-10.4065
2024-06-28 13:25:00,569,Coimbatore,0.5,-10.7175
2024-06-28 13:30:00,569,Coimbatore,0.5,-10.7175
2024-06-28 13:35:00,569,Coimbatore,0.5,-10.7175
2024-06-28 13:40:00,569,Coimbatore,0.5,-10.7175
2024-06-28 13:45:00,569,Coimbatore,0.5,-10.7175
2024-06-28 13:50:00,569,Coimbatore,0.5,-10.7175
2024-06-28 13:55:00,569,Coimbatore,0.5,-10.7175
2024-06-28 14:00:00,569,Coimbatore,0.5,-10.7175
2024-06-28 16:15:00,569,Coimbatore,0.5,-10.535
2024-06-28 16:20:00,569,Coimbatore,0.5,-10.535
2024-06-28 16:25:00,569,Coimbatore,0.5,-10.535
2024-06-28 16:30:00,569,Coimbatore,0.5,-10.535
2024-06-28 16:35:00,569,Coimbatore,0.5,-10.535
2024-06-28 16:40:00,569,Coimbatore,0.5,-10.535
2024-06-28 16:45:00,569,Coimbatore,0.5,-10.535
2024-06-28 16:50:00,569,Coimbatore,0.5,-10.535
2024-06-28 16:55:00,569,Coimbatore,0.5,-10.535
2024-06-28 17:00:00,569,Coimbatore,0.5,-10.535
2024-06-28 19:20:00,569,Coimbatore,0.5,-10.535
2024-06-28 19:25:00,569,Coimbatore,0.5,-10.535
2024-06-28 19:30:00,569,Coimbatore,0.5,-10.535
2024-06-28 19:35:00,569,Coimbatore,1.0,-10.535
2024-06-28 19:40:00,569,Coimbatore,1.0,-10.535
2024-06-28 19:45:00,569,Coimbatore,1.0,-10.535
2024-06-28 19:50:00,569,Coimbatore,1.0,-10.535
2024-06-28 19:55:00,569,Coimbatore,1.0,-10.535
2024-06-28 20:00:00,569,Coimbatore,1.0,-10.535
2024-06-28 20:20:00,569,Coimbatore,0.5,-10.535
2024-06-28 20:25:00,569,Coimbatore,0.5,-10.535
2024-06-28 20:30:00,569,Coimbatore,0.5,-10.535
2024-06-28 20:35:00,569,Coimbatore,0.5,-10.535
2024-06-28 20:40:00,569,Coimbatore,0.5,-10.535
2024-06-28 20:45:00,569,Coimbatore,0.5,-10.535
2024-06-28 20:50:00,569,Coimbatore,0.5,-10.535
2024-06-28 20:55:00,569,Coimbatore,0.5,-10.535
2024-06-28 21:00:00,569,Coimbatore,0.5,-10.535
2024-06-28 22:20:00,569,Coimbatore,0.5,-10.47
2024-06-28 22:25:00,569,Coimbatore,0.5,-10.47
2024-06-28 22:30:00,569,Coimbatore,0.5,-10.47
2024-06-28 22:35:00,569,Coimbatore,0.5,-10.47
2024-06-28 22:40:00,569,Coimbatore,1.0,-10.47
2024-06-28 22:45:00,569,Coimbatore,1.0,-10.47
2024-06-28 22:50:00,569,Coimbatore,1.0,-10.47
2024-06-28 22:55:00,569,Coimbatore,1.0,-10.47
2024-06-28 23:00:00,569,Coimbatore,1.0,-10.47
2024-06-28 23:55:00,569,Coimbatore,1.0,-10.47
2024-06-29 00:00:00,569,Coimbatore,1.5,-10.47
2024-06-29 00:10:00,569,Coimbatore,0.5,-10.47
2024-06-29 00:15:00,569,Coimbatore,0.5,-10.47
2024-06-29 00:20:00,569,Coimbatore,1.0,-10.47
2024-06-29 00:25:00,569,Coimbatore,1.0,-10.47
2024-06-29 00:30:00,569,Coimbatore,1.0,-10.47
2024-06-29 00:35:00,569,Coimbatore,1.0,-10.47
2024-06-29 00:40:00,569,Coimbatore,1.0,-10.47
2024-06-29 00:45:00,569,Coimbatore,1.0,-10.47
2024-06-29 00:50:00,569,Coimbatore,1.0,-10.47
2024-06-29 00:55:00,569,Coimbatore,1.0,-10.47
2024-06-29 01:00:00,569,Coimbatore,1.0,-10.47
2024-06-29 01:40:00,569,Coimbatore,0.5,-10.47
2024-06-29 01:45:00,569,Coimbatore,0.5,-10.47
2024-06-29 01:50:00,569,Coimbatore,0.5,-10.47
2024-06-29 01:55:00,569,Coimbatore,0.5,-10.47
2024-06-29 02:00:00,569,Coimbatore,0.5,-10.47
2024-06-29 02:50:00,569,Coimbatore,0.5,-10.47
2024-06-29 02:55:00,569,Coimbatore,1.0,-10.47
2024-06-29 03:00:00,569,Coimbatore,1.5,-10.47
2024-06-29 04:45:00,569,Coimbatore,0.5,-10.4155
2024-06-29 04:50:00,569,Coimbatore,0.5,-10.4155
2024-06-29 04:55:00,569,Coimbatore,0.5,-10.4155
2024-06-29 05:00:00,569,Coimbatore,0.5,-10.4155
2024-06-29 05:10:00,569,Coimbatore,0.5,-10.4155
2024-06-29 05:15:00,569,Coimbatore,0.5,-10.4155
2024-06-29 05:20:00,569,Coimbatore,0.5,-10.4155
2024-06-29 05:25:00,569,Coimbatore,1.0,-10.4155
2024-06-29 05:30:00,569,Coimbatore,1.5,-10.4155
2024-06-29 05:35:00,569,Coimbatore,1.5,-10.4155
2024-06-29 05:40:00,569,Coimbatore,1.5,-10.4155
2024-06-29 05:45:00,569,Coimbatore,1.5,-10.4155
2024-06-29 05:50:00,569,Coimbatore,1.5,-10.4155
2024-06-29 05:55:00,569,Coimbatore,2.0,-10.4155
2024-06-29 06:00:00,569,Coimbatore,2.0,-10.4155
2024-06-29 07:50:00,569,Coimbatore,0.5,-10.4155
2024-06-29 07:55:00,569,Coimbatore,0.5,-10.4155
2024-06-29 08:00:00,569,Coimbatore,0.5,-10.4155
2024-06-29 08:10:00,569,Coimbatore,0.5,-10.4155
2024-06-29 08:15:00,569,Coimbatore,0.5,-10.4155
2024-06-29 08:20:00,569,Coimbatore,1.0,-10.4155
2024-06-29 08:25:00,569,Coimbatore,1.5,-10.4155
2024-06-29 08:30:00,569,Coimbatore,2.0,-10.4155
2024-06-29 08:35:00,569,Coimbatore,2.0,-10.4155
2024-06-29 08:40:00,569,Coimbatore,2.0,-10.4155
2024-06-29 08:45:00,569,Coimbatore,2.0,-10.4155
2024-06-29 08:50:00,569,Coimbatore,2.0,-10.4155
2024-06-29 08:55:00,569,Coimbatore,2.0,-10.4155
2024-06-29 09:00:00,569,Coimbatore,2.0,-10.4155
2024-06-29 11:00:00,569,Coimbatore,1.5,-10.5175
2024-06-29 12:10:00,569,Coimbatore,0.5,-10.5175
2024-06-29 12:15:00,569,Coimbatore,1.0,-10.5175
2024-06-29 12:20:00,569,Coimbatore,1.0,-10.5175
2024-06-29 12:25:00,569,Coimbatore,1.0,-10.5175
2024-06-29 12:30:00,569,Coimbatore,1.5,-10.5175
2024-06-29 12:35:00,569,Coimbatore,1.5,-10.5175
2024-06-29 12:40:00,569,Coimbatore,1.5,-10.5175
2024-06-29 12:45:00,569,Coimbatore,1.5,-10.5175
2024-06-29 12:50:00,569,Coimbatore,1.5,-10.5175
2024-06-29 12:55:00,569,Coimbatore,1.5,-10.5175
2024-06-29 13:00:00,569,Coimbatore,1.5,-10.5175
2024-06-29 14:40:00,569,Coimbatore,0.5,-10.5175
2024-06-29 14:45:00,569,Coimbatore,1.0,-10.5175
2024-06-29 14:50:00,569,Coimbatore,1.0,-10.5175
2024-06-29 14:55:00,569,Coimbatore,1.5,-10.5175
2024-06-29 15:00:00,569,Coimbatore,2.0,-10.5175
2024-06-29 21:45:00,569,Coimbatore,0.5,-10.488
2024-06-29 21:50:00,569,Coimbatore,0.5,-10.488
2024-06-29 21:55:00,569,Coimbatore,0.5,-10.488
2024-06-29 22:00:00,569,Coimbatore,0.5,-10.488
2024-06-29 22:55:00,569,Coimbatore,0.5,-10.488
2024-06-29 23:00:00,569,Coimbatore,2.5,-10.488
2024-06-29 23:05:00,569,Coimbatore,0.5,-10.488
2024-06-29 23:10:00,569,Coimbatore,0.5,-10.488
2024-06-29 23:15:00,569,Coimbatore,0.5,-10.488
2024-06-29 23:20:00,569,Coimbatore,0.5,-10.488
2024-06-29 23:25:00,569,Coimbatore,0.5,-10.488
2024-06-29 23:30:00,569,Coimbatore,1.0,-10.488
2024-06-29 23:35:00,569,Coimbatore,1.0,-10.488
2024-06-29 23:40:00,569,Coimbatore,1.0,-10.488
2024-06-29 23:45:00,569,Coimbatore,1.0,-10.488
2024-06-29 23:50:00,569,Coimbatore,1.0,-10.488
2024-06-29 23:55:00,569,Coimbatore,1.0,-10.488
2024-06-30 00:00:00,569,Coimbatore,1.0,-10.488
2024-06-30 01:30:00,569,Coimbatore,0.5,-10.488
2024-06-30 01:35:00,569,Coimbatore,0.5,-10.488
2024-06-30 01:40:00,569,Coimbatore,0.5,-10.488
2024-06-30 01:45:00,569,Coimbatore,0.5,-10.488
2024-06-30 01:50:00,569,Coimbatore,0.5,-10.488
2024-06-30 01:55:00,569,Coimbatore,0.5,-10.488
2024-06-30 02:00:00,569,Coimbatore,1.0,-10.488
2024-06-30 03:00:00,569,Coimbatore,1.0,-10.488
2024-06-30 03:15:00,569,Coimbatore,0.5,-10.4335
2024-06-30 03:20:00,569,Coimbatore,0.5,-10.4335
2024-06-30 03:25:00,569,Coimbatore,0.5,-10.4335
2024-06-30 03:30:00,569,Coimbatore,0.5,-10.4335
2024-06-30 03:35:00,569,Coimbatore,0.5,-10.4335
2024-06-30 03:40:00,569,Coimbatore,0.5,-10.4335
2024-06-30 03:45:00,569,Coimbatore,0.5,-10.4335
2024-06-30 03:50:00,569,Coimbatore,0.5,-10.4335
2024-06-30 03:55:00,569,Coimbatore,0.5,-10.4335
2024-06-30 04:00:00,569,Coimbatore,0.5,-10.4335
2024-06-30 06:10:00,569,Coimbatore,0.5,-10.4335
2024-06-30 06:15:00,569,Coimbatore,0.5,-10.4335
2024-06-30 06:20:00,569,Coimbatore,0.5,-10.4335
2024-06-30 06:25:00,569,Coimbatore,0.5,-10.4335
2024-06-30 06:30:00,569,Coimbatore,1.0,-10.4335
2024-06-30 06:35:00,569,Coimbatore,1.0,-10.4335
2024-06-30 06:40:00,569,Coimbatore,1.0,-10.4335
2024-06-30 06:45:00,569,Coimbatore,1.0,-10.4335
2024-06-30 06:50:00,569,Coimbatore,1.0,-10.4335
2024-06-30 06:55:00,569,Coimbatore,1.5,-10.4335
2024-06-30 07:00:00,569,Coimbatore,1.5,-10.4335
2024-06-30 08:20:00,569,Coimbatore,0.5,-10.4335
2024-06-30 08:25:00,569,Coimbatore,0.5,-10.4335
2024-06-30 08:30:00,569,Coimbatore,1.0,-10.4335
2024-06-30 08:35:00,569,Coimbatore,1.0,-10.4335
2024-06-30 08:40:00,569,Coimbatore,1.0,-10.4335
2024-06-30 08:45:00,569,Coimbatore,1.5,-10.4335
2024-06-30 08:50:00,569,Coimbatore,2.0,-10.4335
2024-06-30 08:55:00,569,Coimbatore,2.5,-10.4335
2024-06-30 09:00:00,569,Coimbatore,2.5,-10.4335
2024-06-30 09:05:00,569,Coimbatore,0.5,-10.428
2024-06-30 09:10:00,569,Coimbatore,0.5,-10.428
2024-06-30 09:15:00,569,Coimbatore,0.5,-10.428
2024-06-30 09:20:00,569,Coimbatore,0.5,-10.428
2024-06-30 09:25:00,569,Coimbatore,0.5,-10.428
2024-06-30 09:30:00,569,Coimbatore,0.5,-10.428
2024-06-30 09:35:00,569,Coimbatore,0.5,-10.428
2024-06-30 09:40:00,569,Coimbatore,0.5,-10.428
2024-06-30 09:45:00,569,Coimbatore,0.5,-10.428
2024-06-30 09:50:00,569,Coimbatore,0.5,-10.428
2024-06-30 09:55:00,569,Coimbatore,0.5,-10.428
2024-06-30 10:00:00,569,Coimbatore,0.5,-10.428
2024-06-30 10:50:00,569,Coimbatore,0.5,-10.428
2024-06-30 10:55:00,569,Coimbatore,0.5,-10.428
2024-06-30 11:00:00,569,Coimbatore,0.5,-10.428
2024-06-30 11:15:00,569,Coimbatore,0.5,-10.428
2024-06-30 11:20:00,569,Coimbatore,0.5,-10.428
2024-06-30 11:25:00,569,Coimbatore,0.5,-10.428
2024-06-30 11:30:00,569,Coimbatore,0.5,-10.428
2024-06-30 11:35:00,569,Coimbatore,0.5,-10.428
2024-06-30 11:40:00,569,Coimbatore,0.5,-10.428
2024-06-30 11:45:00,569,Coimbatore,0.5,-10.428
2024-06-30 11:50:00,569,Coimbatore,0.5,-10.428
2024-06-30 11:55:00,569,Coimbatore,0.5,-10.428
2024-06-30 12:00:00,569,Coimbatore,8.166666666666666,-10.428
2024-06-30 12:10:00,569,Coimbatore,0.5,-10.428
2024-06-30 12:15:00,569,Coimbatore,0.5,-10.428
2024-06-30 12:20:00,569,Coimbatore,0.5,-10.428
2024-06-30 12:25:00,569,Coimbatore,0.5,-10.428
2024-06-30 12:30:00,569,Coimbatore,0.5,-10.428
2024-06-30 12:35:00,569,Coimbatore,0.5,-10.428
2024-06-30 12:40:00,569,Coimbatore,0.5,-10.428
2024-06-30 12:45:00,569,Coimbatore,0.5,-10.428
2024-06-30 12:50:00,569,Coimbatore,0.5,-10.428
2024-06-30 12:55:00,569,Coimbatore,1.0,-10.428
2024-06-30 13:00:00,569,Coimbatore,2.75,-10.428
2024-06-30 13:15:00,569,Coimbatore,0.5,-10.428
2024-06-30 13:20:00,569,Coimbatore,0.5,-10.428
2024-06-30 13:25:00,569,Coimbatore,0.5,-10.428
2024-06-30 13:30:00,569,Coimbatore,0.5,-10.428
2024-06-30 13:35:00,569,Coimbatore,0.5,-10.428
2024-06-30 13:40:00,569,Coimbatore,0.5,-10.428
2024-06-30 13:45:00,569,Coimbatore,0.5,-10.428
2024-06-30 13:50:00,569,Coimbatore,0.5,-10.428
2024-06-30 13:55:00,569,Coimbatore,0.5,-10.428
2024-06-30 14:00:00,569,Coimbatore,0.5,-10.428
2024-06-30 15:20:00,569,Coimbatore,0.5,-10.4205
2024-06-30 15:25:00,569,Coimbatore,0.5,-10.4205
2024-06-30 15:30:00,569,Coimbatore,0.5,-10.4205
2024-06-30 15:35:00,569,Coimbatore,0.5,-10.4205
2024-06-30 15:40:00,569,Coimbatore,0.5,-10.4205
2024-06-30 15:45:00,569,Coimbatore,0.5,-10.4205
2024-06-30 15:50:00,569,Coimbatore,0.5,-10.4205
2024-06-30 15:55:00,569,Coimbatore,0.5,-10.4205
2024-06-30 16:00:00,569,Coimbatore,0.5,-10.4205
2024-06-30 16:05:00,569,Coimbatore,0.5,-10.4205
2024-06-30 16:10:00,569,Coimbatore,0.5,-10.4205
2024-06-30 16:15:00,569,Coimbatore,0.5,-10.4205
2024-06-30 16:20:00,569,Coimbatore,0.5,-10.4205
2024-06-30 16:25:00,569,Coimbatore,0.5,-10.4205
2024-06-30 16:30:00,569,Coimbatore,0.5,-10.4205
2024-06-30 16:35:00,569,Coimbatore,0.5,-10.4205
2024-06-30 16:40:00,569,Coimbatore,0.5,-10.4205
2024-06-30 16:45:00,569,Coimbatore,0.5,-10.4205
2024-06-30 16:50:00,569,Coimbatore,1.5,-10.4205
2024-06-30 16:55:00,569,Coimbatore,2.0,-10.4205
2024-06-30 17:00:00,569,Coimbatore,1.8333333333333333,-10.4205
2024-06-30 17:10:00,569,Coimbatore,0.5,-10.4205
2024-06-30 17:15:00,569,Coimbatore,0.5,-10.4205
2024-06-30 17:20:00,569,Coimbatore,0.5,-10.4205
2024-06-30 17:25:00,569,Coimbatore,0.5,-10.4205
2024-06-30 17:30:00,569,Coimbatore,0.5,-10.4205
2024-06-30 17:35:00,569,Coimbatore,0.5,-10.4205
2024-06-30 17:40:00,569,Coimbatore,0.5,-10.4205
2024-06-30 17:45:00,569,Coimbatore,0.5,-10.4205
2024-06-30 17:50:00,569,Coimbatore,0.5,-10.4205
2024-06-30 17:55:00,569,Coimbatore,0.5,-10.4205
2024-06-30 18:00:00,569,Coimbatore,0.5,-10.4205
2024-06-30 23:00:00,569,Coimbatore,0.5,-10.427
2024-06-30 23:35:00,569,Coimbatore,0.5,-10.427
2024-06-30 23:40:00,569,Coimbatore,0.5,-10.427
2024-06-30 23:45:00,569,Coimbatore,0.5,-10.427
2024-06-30 23:50:00,569,Coimbatore,0.5,-10.427
2024-06-30 23:55:00,569,Coimbatore,0.5,-10.427
2024-07-01 00:00:00,569,Coimbatore,0.5,-10.427
2024-07-01 02:10:00,569,Coimbatore,0.5,-10.427
2024-07-01 02:15:00,569,Coimbatore,0.5,-10.427
2024-07-01 02:20:00,569,Coimbatore,0.5,-10.427
2024-07-01 02:25:00,569,Coimbatore,0.5,-10.427
2024-07-01 02:30:00,569,Coimbatore,0.5,-10.427
2024-07-01 02:35:00,569,Coimbatore,0.5,-10.427
2024-07-01 02:40:00,569,Coimbatore,0.5,-10.427
2024-07-01 02:45:00,569,Coimbatore,0.5,-10.427
2024-07-01 02:50:00,569,Coimbatore,0.5,-10.427
2024-07-01 02:55:00,569,Coimbatore,0.5,-10.427
2024-07-01 03:00:00,569,Coimbatore,0.5,-10.427
2024-07-01 03:05:00,569,Coimbatore,0.5,-10.416
2024-07-01 03:10:00,569,Coimbatore,2.0,-10.416
2024-07-01 03:15:00,569,Coimbatore,2.0,-10.416
2024-07-01 03:20:00,569,Coimbatore,2.0,-10.416
2024-07-01 03:25:00,569,Coimbatore,2.0,-10.416
2024-07-01 03:30:00,569,Coimbatore,2.0,-10.416
2024-07-01 03:35:00,569,Coimbatore,2.0,-10.416
2024-07-01 03:40:00,569,Coimbatore,2.0,-10.416
2024-07-01 03:45:00,569,Coimbatore,2.0,-10.416
2024-07-01 03:50:00,569,Coimbatore,2.0,-10.416
2024-07-01 03:55:00,569,Coimbatore,2.0,-10.416
2024-07-01 04:00:00,569,Coimbatore,2.0,-10.416
2024-07-01 05:10:00,569,Coimbatore,0.5,-10.416
2024-07-01 05:15:00,569,Coimbatore,0.5,-10.416
2024-07-01 05:20:00,569,Coimbatore,1.0,-10.416
2024-07-01 05:25:00,569,Coimbatore,1.0,-10.416
2024-07-01 05:30:00,569,Coimbatore,1.0,-10.416
2024-07-01 05:35:00,569,Coimbatore,1.0,-10.416
2024-07-01 05:40:00,569,Coimbatore,1.0,-10.416
2024-07-01 05:45:00,569,Coimbatore,1.0,-10.416
2024-07-01 05:50:00,569,Coimbatore,1.5,-10.416
2024-07-01 05:55:00,569,Coimbatore,2.0,-10.416
2024-07-01 06:00:00,569,Coimbatore,3.5,-10.416
2024-07-01 06:05:00,569,Coimbatore,0.5,-10.416
2024-07-01 06:10:00,569,Coimbatore,0.5,-10.416
2024-07-01 06:15:00,569,Coimbatore,0.5,-10.416
2024-07-01 06:20:00,569,Coimbatore,0.5,-10.416
2024-07-01 06:25:00,569,Coimbatore,0.5,-10.416
2024-07-01 06:30:00,569,Coimbatore,0.5,-10.416
2024-07-01 06:35:00,569,Coimbatore,0.5,-10.416
2024-07-01 06:40:00,569,Coimbatore,0.5,-10.416
2024-07-01 06:45:00,569,Coimbatore,0.5,-10.416
2024-07-01 06:50:00,569,Coimbatore,0.5,-10.416
2024-07-01 06:55:00,569,Coimbatore,0.5,-10.416
2024-07-01 07:00:00,569,Coimbatore,0.5,-10.416
2024-07-01 07:40:00,569,Coimbatore,0.5,-10.416
2024-07-01 07:45:00,569,Coimbatore,0.5,-10.416
2024-07-01 07:50:00,569,Coimbatore,0.5,-10.416
2024-07-01 07:55:00,569,Coimbatore,0.5,-10.416
2024-07-01 08:00:00,569,Coimbatore,0.5,-10.416
2024-07-01 12:00:00,569,Coimbatore,0.5,-10.5915
2024-07-01 15:55:00,569,Coimbatore,0.5,-10.4545
2024-07-01 16:00:00,569,Coimbatore,0.5,-10.4545
2024-07-01 16:05:00,569,Coimbatore,1.0,-10.4545
2024-07-01 16:10:00,569,Coimbatore,2.0,-10.4545
2024-07-01 16:15:00,569,Coimbatore,3.0,-10.4545
2024-07-01 16:20:00,569,Coimbatore,4.0,-10.4545
2024-07-01 16:25:00,569,Coimbatore,4.5,-10.4545
2024-07-01 16:30:00,569,Coimbatore,5.0,-10.4545
2024-07-01 16:35:00,569,Coimbatore,5.0,-10.4545
2024-07-01 16:40:00,569,Coimbatore,5.5,-10.4545
2024-07-01 16:45:00,569,Coimbatore,5.5,-10.4545
2024-07-01 16:50:00,569,Coimbatore,5.5,-10.4545
2024-07-01 16:55:00,569,Coimbatore,5.5,-10.4545
2024-07-01 17:00:00,569,Coimbatore,5.5,-10.4545
2024-07-01 17:25:00,569,Coimbatore,0.5,-10.4545
2024-07-01 17:30:00,569,Coimbatore,0.5,-10.4545
2024-07-01 17:35:00,569,Coimbatore,0.5,-10.4545
2024-07-01 17:40:00,569,Coimbatore,0.5,-10.4545
2024-07-01 17:45:00,569,Coimbatore,0.5,-10.4545
2024-07-01 17:50:00,569,Coimbatore,0.5,-10.4545
2024-07-01 17:55:00,569,Coimbatore,0.5,-10.4545
2024-07-01 18:00:00,569,Coimbatore,0.5,-10.4545
2024-07-01 18:40:00,569,Coimbatore,0.5,-10.4545
2024-07-01 18:45:00,569,Coimbatore,0.5,-10.4545
2024-07-01 18:50:00,569,Coimbatore,0.5,-10.4545
2024-07-01 18:55:00,569,Coimbatore,0.5,-10.4545
2024-07-01 19:00:00,569,Coimbatore,0.5,-10.4545
2024-07-02 04:25:00,569,Coimbatore,0.5,-10.369
2024-07-02 04:30:00,569,Coimbatore,0.5,-10.369
2024-07-02 04:35:00,569,Coimbatore,0.5,-10.369
2024-07-02 04:40:00,569,Coimbatore,0.5,-10.369
2024-07-02 04:45:00,569,Coimbatore,0.5,-10.369
2024-07-02 04:50:00,569,Coimbatore,0.5,-10.369
2024-07-02 04:55:00,569,Coimbatore,0.5,-10.369
2024-07-02 05:00:00,569,Coimbatore,0.5,-10.369
2024-07-02 06:35:00,569,Coimbatore,0.5,-10.369
2024-07-02 06:45:00,569,Coimbatore,0.5,-10.369
2024-07-02 06:50:00,569,Coimbatore,0.5,-10.369
2024-07-02 06:55:00,569,Coimbatore,0.5,-10.369
2024-07-02 07:00:00,569,Coimbatore,0.5,-10.369
2024-07-02 11:35:00,569,Coimbatore,0.5,-10.5255
2024-07-02 11:50:00,569,Coimbatore,0.5,-10.5255
2024-07-02 11:55:00,569,Coimbatore,0.5,-10.5255
2024-07-02 12:30:00,569,Coimbatore,0.5,-10.5255
2024-07-02 12:35:00,569,Coimbatore,0.5,-10.5255
2024-07-02 12:40:00,569,Coimbatore,0.5,-10.5255
2024-07-02 12:45:00,569,Coimbatore,0.5,-10.5255
2024-07-02 12:50:00,569,Coimbatore,0.5,-10.5255
2024-07-02 12:55:00,569,Coimbatore,0.5,-10.5255
2024-07-02 13:00:00,569,Coimbatore,0.5,-10.5255
2024-07-03 02:00:00,569,Coimbatore,1.0,-10.406
2024-07-03 03:00:00,569,Coimbatore,1.0,-10.406
2024-07-03 05:00:00,569,Coimbatore,0.5,-10.383
2024-07-03 07:00:00,569,Coimbatore,3.0,-10.383
2024-07-03 08:00:00,569,Coimbatore,0.5,-10.383
2024-07-03 09:00:00,569,Coimbatore,0.5,-10.383
2024-07-03 09:10:00,569,Coimbatore,0.5,-10.4765
2024-07-03 09:15:00,569,Coimbatore,0.5,-10.4765
2024-07-03 09:20:00,569,Coimbatore,0.5,-10.4765
2024-07-03 09:25:00,569,Coimbatore,0.5,-10.4765
2024-07-03 09:30:00,569,Coimbatore,0.5,-10.4765
2024-07-03 09:35:00,569,Coimbatore,0.5,-10.4765
2024-07-03 09:40:00,569,Coimbatore,0.5,-10.4765
2024-07-03 09:45:00,569,Coimbatore,0.5,-10.4765
2024-07-03 09:50:00,569,Coimbatore,0.5,-10.4765
2024-07-03 09:55:00,569,Coimbatore,0.5,-10.4765
2024-07-03 10:00:00,569,Coimbatore,0.75,-10.4765
2024-07-03 10:10:00,569,Coimbatore,0.5,-10.4765
2024-07-03 10:15:00,569,Coimbatore,1.0,-10.4765
2024-07-03 10:20:00,569,Coimbatore,1.5,-10.4765
2024-07-03 10:25:00,569,Coimbatore,2.5,-10.4765
2024-07-03 10:30:00,569,Coimbatore,3.0,-10.4765
2024-07-03 10:35:00,569,Coimbatore,3.5,-10.4765
2024-07-03 10:40:00,569,Coimbatore,3.5,-10.4765
2024-07-03 10:50:00,569,Coimbatore,3.5,-10.4765
2024-07-03 10:55:00,569,Coimbatore,3.5,-10.4765
2024-07-03 11:00:00,569,Coimbatore,3.5,-10.4765
2024-07-03 14:50:00,569,Coimbatore,0.5,-10.4765
2024-07-03 14:55:00,569,Coimbatore,2.5,-10.4765
2024-07-03 15:00:00,569,Coimbatore,4.5,-10.4765
2024-07-03 15:10:00,569,Coimbatore,0.5,-10.552
2024-07-03 15:15:00,569,Coimbatore,0.5,-10.552
2024-07-03 15:20:00,569,Coimbatore,0.5,-10.552
2024-07-03 15:25:00,569,Coimbatore,1.5,-10.552
2024-07-03 15:30:00,569,Coimbatore,2.0,-10.552
2024-07-03 15:35:00,569,Coimbatore,2.0,-10.552
2024-07-03 15:40:00,569,Coimbatore,2.0,-10.552
2024-07-03 15:45:00,569,Coimbatore,2.0,-10.552
2024-07-03 15:50:00,569,Coimbatore,2.0,-10.552
2024-07-03 15:55:00,569,Coimbatore,2.0,-10.552
2024-07-03 16:00:00,569,Coimbatore,2.0,-10.552
2024-07-03 20:50:00,569,Coimbatore,0.5,-10.552
2024-07-03 20:55:00,569,Coimbatore,0.5,-10.552
2024-07-03 21:00:00,569,Coimbatore,0.5,-10.552
2024-07-03 21:55:00,569,Coimbatore,0.5,-10.4385
2024-07-03 22:00:00,569,Coimbatore,2.0,-10.4385
2024-07-03 22:05:00,569,Coimbatore,2.0,-10.4385
2024-07-03 22:10:00,569,Coimbatore,2.5,-10.4385
2024-07-03 22:15:00,569,Coimbatore,2.5,-10.4385
2024-07-03 22:20:00,569,Coimbatore,2.5,-10.4385
2024-07-03 22:25:00,569,Coimbatore,2.5,-10.4385
2024-07-03 22:30:00,569,Coimbatore,2.5,-10.4385
2024-07-03 22:35:00,569,Coimbatore,2.5,-10.4385
2024-07-03 22:40:00,569,Coimbatore,2.5,-10.4385
2024-07-03 22:45:00,569,Coimbatore,2.5,-10.4385
2024-07-03 22:50:00,569,Coimbatore,5.5,-10.4385
2024-07-03 22:55:00,569,Coimbatore,6.0,-10.4385
2024-07-03 23:00:00,569,Coimbatore,6.5,-10.4385
2024-07-04 01:20:00,569,Coimbatore,0.5,-10.4385
2024-07-04 01:25:00,569,Coimbatore,1.0,-10.4385
2024-07-04 01:30:00,569,Coimbatore,1.5,-10.4385
2024-07-04 01:35:00,569,Coimbatore,1.5,-10.4385
2024-07-04 01:40:00,569,Coimbatore,1.5,-10.4385
2024-07-04 01:45:00,569,Coimbatore,1.5,-10.4385
2024-07-04 01:50:00,569,Coimbatore,1.5,-10.4385
2024-07-04 01:55:00,569,Coimbatore,1.5,-10.4385
2024-07-04 02:00:00,569,Coimbatore,1.5,-10.4385
2024-07-05 05:10:00,569,Coimbatore,0.5,-10.4615
2024-07-05 05:15:00,569,Coimbatore,0.5,-10.4615
2024-07-05 05:25:00,569,Coimbatore,0.5,-10.4615
2024-07-05 05:30:00,569,Coimbatore,0.5,-10.4615
2024-07-05 05:40:00,569,Coimbatore,0.5,-10.4615
2024-07-05 05:45:00,569,Coimbatore,0.5,-10.4615
2024-07-05 07:30:00,569,Coimbatore,1.5,-10.4615
2024-07-05 07:35:00,569,Coimbatore,2.5,-10.4615
2024-07-05 07:50:00,569,Coimbatore,4.0,-10.4615
2024-07-05 07:55:00,569,Coimbatore,4.5,-10.4615
2024-07-05 08:45:00,569,Coimbatore,0.5,-10.4615
2024-07-05 08:50:00,569,Coimbatore,0.5,-10.4615
2024-07-05 08:55:00,569,Coimbatore,0.5,-10.4615
2024-07-05 09:00:00,569,Coimbatore,0.5,-10.4615
2024-07-05 10:15:00,569,Coimbatore,0.5,-10.7665
2024-07-05 10:20:00,569,Coimbatore,0.5,-10.7665
2024-07-05 10:35:00,569,Coimbatore,0.5,-10.7665
2024-07-05 10:40:00,569,Coimbatore,0.5,-10.7665
2024-07-05 10:45:00,569,Coimbatore,0.5,-10.7665
2024-07-05 10:50:00,569,Coimbatore,0.5,-10.7665
2024-07-05 10:55:00,569,Coimbatore,0.5,-10.7665
2024-07-05 11:00:00,569,Coimbatore,0.5,-10.7665
2024-07-05 13:00:00,569,Coimbatore,0.5,-10.7665
2024-07-05 14:45:00,569,Coimbatore,0.5,-10.7665
2024-07-05 14:50:00,569,Coimbatore,0.5,-10.7665
2024-07-05 14:55:00,569,Coimbatore,0.5,-10.7665
2024-07-05 15:00:00,569,Coimbatore,0.5,-10.7665
2024-07-06 00:20:00,569,Coimbatore,0.5,-10.5185
2024-07-06 00:25:00,569,Coimbatore,0.5,-10.5185
2024-07-06 00:30:00,569,Coimbatore,0.5,-10.5185
2024-07-06 00:35:00,569,Coimbatore,0.5,-10.5185
2024-07-06 00:40:00,569,Coimbatore,0.5,-10.5185
2024-07-06 00:45:00,569,Coimbatore,0.5,-10.5185
2024-07-06 00:50:00,569,Coimbatore,0.5,-10.5185
2024-07-06 00:55:00,569,Coimbatore,0.5,-10.5185
2024-07-06 01:00:00,569,Coimbatore,0.5,-10.5185
2024-07-06 05:40:00,569,Coimbatore,0.5,-10.514
2024-07-06 05:45:00,569,Coimbatore,0.5,-10.514
2024-07-06 05:50:00,569,Coimbatore,0.5,-10.514
2024-07-06 05:55:00,569,Coimbatore,0.5,-10.514
2024-07-06 06:00:00,569,Coimbatore,0.5,-10.514
2024-07-06 07:00:00,569,Coimbatore,0.5,-10.514
2024-07-06 07:10:00,569,Coimbatore,0.5,-10.514
2024-07-06 07:15:00,569,Coimbatore,0.5,-10.514
2024-07-06 07:20:00,569,Coimbatore,0.5,-10.514
2024-07-06 07:25:00,569,Coimbatore,0.5,-10.514
2024-07-06 07:30:00,569,Coimbatore,1.0,-10.514
2024-07-06 07:35:00,569,Coimbatore,1.0,-10.514
2024-07-06 07:40:00,569,Coimbatore,1.5,-10.514
2024-07-06 07:45:00,569,Coimbatore,1.5,-10.514
2024-07-06 07:50:00,569,Coimbatore,1.5,-10.514
2024-07-06 07:55:00,569,Coimbatore,1.5,-10.514
2024-07-06 08:00:00,569,Coimbatore,1.0,-10.514
2024-07-06 16:00:00,569,Coimbatore,0.5,-10.529
2024-07-06 16:05:00,569,Coimbatore,0.5,-10.529
2024-07-06 16:10:00,569,Coimbatore,0.5,-10.529
2024-07-06 16:15:00,569,Coimbatore,0.5,-10.529
2024-07-06 16:20:00,569,Coimbatore,0.5,-10.529
2024-07-06 16:25:00,569,Coimbatore,0.5,-10.529
2024-07-06 16:30:00,569,Coimbatore,0.5,-10.529
2024-07-06 16:35:00,569,Coimbatore,1.0,-10.529
2024-07-06 16:40:00,569,Coimbatore,1.0,-10.529
2024-07-06 16:45:00,569,Coimbatore,1.0,-10.529
2024-07-06 16:50:00,569,Coimbatore,1.0,-10.529
2024-07-06 16:55:00,569,Coimbatore,1.0,-10.529
2024-07-06 17:00:00,569,Coimbatore,1.0,-10.529
2024-07-06 17:05:00,569,Coimbatore,0.5,-10.529
2024-07-06 17:10:00,569,Coimbatore,0.5,-10.529
2024-07-06 17:15:00,569,Coimbatore,1.0,-10.529
2024-07-06 17:20:00,569,Coimbatore,1.0,-10.529
2024-07-06 17:25:00,569,Coimbatore,1.0,-10.529
2024-07-06 17:30:00,569,Coimbatore,1.0,-10.529
2024-07-06 17:35:00,569,Coimbatore,1.0,-10.529
2024-07-06 17:40:00,569,Coimbatore,1.0,-10.529
2024-07-06 17:45:00,569,Coimbatore,1.0,-10.529
2024-07-06 17:50:00,569,Coimbatore,1.0,-10.529
2024-07-06 17:55:00,569,Coimbatore,1.0,-10.529
2024-07-06 18:00:00,569,Coimbatore,1.0,-10.529
2024-07-06 19:00:00,569,Coimbatore,0.5,-10.529
2024-07-06 22:15:00,569,Coimbatore,0.5,-10.497
2024-07-06 22:20:00,569,Coimbatore,0.5,-10.497
2024-07-06 22:25:00,569,Coimbatore,0.5,-10.497
2024-07-06 22:30:00,569,Coimbatore,0.5,-10.497
2024-07-06 22:35:00,569,Coimbatore,0.5,-10.497
2024-07-06 22:40:00,569,Coimbatore,0.5,-10.497
2024-07-06 22:45:00,569,Coimbatore,0.5,-10.497
2024-07-06 22:50:00,569,Coimbatore,0.5,-10.497
2024-07-06 22:55:00,569,Coimbatore,0.5,-10.497
2024-07-06 23:00:00,569,Coimbatore,0.5,-10.497
2024-07-07 01:25:00,569,Coimbatore,0.5,-10.497
2024-07-07 01:30:00,569,Coimbatore,0.5,-10.497
2024-07-07 01:35:00,569,Coimbatore,0.5,-10.497
2024-07-07 01:40:00,569,Coimbatore,0.5,-10.497
2024-07-07 01:45:00,569,Coimbatore,0.5,-10.497
2024-07-07 01:50:00,569,Coimbatore,0.5,-10.497
2024-07-07 01:55:00,569,Coimbatore,0.5,-10.497
2024-07-07 02:00:00,569,Coimbatore,1.0,-10.497
2024-07-07 03:25:00,569,Coimbatore,0.5,-10.519
2024-07-07 03:30:00,569,Coimbatore,0.5,-10.519
2024-07-07 03:35:00,569,Coimbatore,0.5,-10.519
2024-07-07 03:40:00,569,Coimbatore,0.5,-10.519
2024-07-07 03:45:00,569,Coimbatore,0.5,-10.519
2024-07-07 03:50:00,569,Coimbatore,0.5,-10.519
2024-07-07 03:55:00,569,Coimbatore,1.0,-10.519
2024-07-07 04:00:00,569,Coimbatore,1.0,-10.519
2024-07-07 05:00:00,569,Coimbatore,1.5,-10.519
2024-07-07 05:40:00,569,Coimbatore,0.5,-10.519
2024-07-07 05:45:00,569,Coimbatore,0.5,-10.519
2024-07-07 05:50:00,569,Coimbatore,0.5,-10.519
2024-07-07 05:55:00,569,Coimbatore,0.5,-10.519
2024-07-07 06:00:00,569,Coimbatore,3.5,-10.519
2024-07-07 06:30:00,569,Coimbatore,0.5,-10.519
2024-07-07 06:35:00,569,Coimbatore,0.5,-10.519
2024-07-07 06:40:00,569,Coimbatore,1.0,-10.519
2024-07-07 06:45:00,569,Coimbatore,1.0,-10.519
2024-07-07 06:50:00,569,Coimbatore,1.0,-10.519
2024-07-07 06:55:00,569,Coimbatore,1.5,-10.519
2024-07-07 07:00:00,569,Coimbatore,1.5,-10.519
2024-07-07 07:05:00,569,Coimbatore,2.0,-10.519
2024-07-07 07:10:00,569,Coimbatore,3.0,-10.519
2024-07-07 07:15:00,569,Coimbatore,4.0,-10.519
2024-07-07 07:20:00,569,Coimbatore,4.5,-10.519
2024-07-07 07:25:00,569,Coimbatore,4.5,-10.519
2024-07-07 07:30:00,569,Coimbatore,5.0,-10.519
2024-07-07 07:35:00,569,Coimbatore,5.0,-10.519
2024-07-07 07:40:00,569,Coimbatore,5.5,-10.519
2024-07-07 07:45:00,569,Coimbatore,5.5,-10.519
2024-07-07 07:50:00,569,Coimbatore,5.5,-10.519
2024-07-07 07:55:00,569,Coimbatore,5.5,-10.519
2024-07-07 08:00:00,569,Coimbatore,2.7,-10.519
2024-07-07 08:15:00,569,Coimbatore,0.5,-10.519
2024-07-07 08:20:00,569,Coimbatore,1.5,-10.519
2024-07-07 08:25:00,569,Coimbatore,2.0,-10.519
2024-07-07 08:35:00,569,Coimbatore,2.5,-10.519
2024-07-07 08:40:00,569,Coimbatore,2.5,-10.519
2024-07-07 08:45:00,569,Coimbatore,2.5,-10.519
2024-07-07 08:50:00,569,Coimbatore,2.5,-10.519
2024-07-07 08:55:00,569,Coimbatore,2.5,-10.519
2024-07-07 09:00:00,569,Coimbatore,2.9,-10.519
2024-07-07 10:00:00,569,Coimbatore,0.5,-10.525
2024-07-07 11:00:00,569,Coimbatore,0.5,-10.525
2024-07-07 11:35:00,569,Coimbatore,0.5,-10.525
2024-07-07 11:40:00,569,Coimbatore,0.5,-10.525
2024-07-07 11:45:00,569,Coimbatore,0.5,-10.525
2024-07-07 11:50:00,569,Coimbatore,0.5,-10.525
2024-07-07 11:55:00,569,Coimbatore,0.5,-10.525
2024-07-07 12:00:00,569,Coimbatore,0.5,-10.525
2024-07-07 13:20:00,569,Coimbatore,0.5,-10.525
2024-07-07 13:25:00,569,Coimbatore,0.5,-10.525
2024-07-07 13:30:00,569,Coimbatore,2.0,-10.525
2024-07-07 13:35:00,569,Coimbatore,3.0,-10.525
2024-07-07 13:40:00,569,Coimbatore,3.0,-10.525
2024-07-07 13:45:00,569,Coimbatore,3.0,-10.525
2024-07-07 13:50:00,569,Coimbatore,3.0,-10.525
2024-07-07 13:55:00,569,Coimbatore,3.0,-10.525
2024-07-07 14:00:00,569,Coimbatore,3.0,-10.525
2024-07-07 17:00:00,569,Coimbatore,1.0,-10.5205
2024-07-07 17:10:00,569,Coimbatore,0.5,-10.5205
2024-07-07 17:15:00,569,Coimbatore,0.5,-10.5205
2024-07-07 17:20:00,569,Coimbatore,1.0,-10.5205
2024-07-07 17:25:00,569,Coimbatore,1.0,-10.5205
2024-07-07 17:30:00,569,Coimbatore,1.0,-10.5205
2024-07-07 17:35:00,569,Coimbatore,1.0,-10.5205
2024-07-07 17:40:00,569,Coimbatore,1.0,-10.5205
2024-07-07 17:45:00,569,Coimbatore,1.0,-10.5205
2024-07-07 17:50:00,569,Coimbatore,1.0,-10.5205
2024-07-07 17:55:00,569,Coimbatore,1.0,-10.5205
2024-07-07 18:00:00,569,Coimbatore,0.75,-10.5205
2024-07-08 03:00:00,569,Coimbatore,2.0,-10.5355
2024-07-08 05:00:00,569,Coimbatore,2.0,-10.489999999999998
2024-07-08 06:00:00,569,Coimbatore,3.5,-10.489999999999998
2024-07-08 06:50:00,569,Coimbatore,0.5,-10.489999999999998
2024-07-08 06:55:00,569,Coimbatore,0.5,-10.489999999999998
2024-07-08 07:00:00,569,Coimbatore,0.6666666666666666,-10.489999999999998
2024-07-08 07:10:00,569,Coimbatore,0.5,-10.489999999999998
2024-07-08 07:15:00,569,Coimbatore,0.5,-10.489999999999998
2024-07-08 07:20:00,569,Coimbatore,0.5,-10.489999999999998
2024-07-08 07:25:00,569,Coimbatore,0.5,-10.489999999999998
2024-07-08 07:30:00,569,Coimbatore,0.5,-10.489999999999998
2024-07-08 07:35:00,569,Coimbatore,0.5,-10.489999999999998
2024-07-08 07:40:00,569,Coimbatore,2.0,-10.489999999999998
2024-07-08 07:45:00,569,Coimbatore,3.0,-10.489999999999998
2024-07-08 07:55:00,569,Coimbatore,3.0,-10.489999999999998
2024-07-08 08:00:00,569,Coimbatore,2.125,-10.489999999999998
2024-07-08 09:00:00,569,Coimbatore,0.5,-10.489999999999998
2024-07-08 09:25:00,569,Coimbatore,1.0,-10.656
2024-07-08 09:30:00,569,Coimbatore,2.0,-10.656
2024-07-08 09:35:00,569,Coimbatore,3.0,-10.656
2024-07-08 09:40:00,569,Coimbatore,3.5,-10.656
2024-07-08 09:45:00,569,Coimbatore,3.5,-10.656
2024-07-08 09:50:00,569,Coimbatore,3.5,-10.656
2024-07-08 09:55:00,569,Coimbatore,3.5,-10.656
2024-07-08 10:00:00,569,Coimbatore,3.5,-10.656
2024-07-08 10:05:00,569,Coimbatore,0.5,-10.656
2024-07-08 10:10:00,569,Coimbatore,0.5,-10.656
2024-07-08 10:15:00,569,Coimbatore,0.5,-10.656
2024-07-08 10:20:00,569,Coimbatore,0.5,-10.656
2024-07-08 10:25:00,569,Coimbatore,0.5,-10.656
2024-07-08 10:30:00,569,Coimbatore,0.5,-10.656
2024-07-08 10:35:00,569,Coimbatore,0.5,-10.656
2024-07-08 10:40:00,569,Coimbatore,0.5,-10.656
2024-07-08 10:45:00,569,Coimbatore,0.5,-10.656
2024-07-08 10:50:00,569,Coimbatore,0.5,-10.656
2024-07-08 10:55:00,569,Coimbatore,0.5,-10.656
2024-07-08 11:00:00,569,Coimbatore,0.5,-10.656
2024-07-08 12:10:00,569,Coimbatore,0.5,-10.656
2024-07-08 12:15:00,569,Coimbatore,0.5,-10.656
2024-07-08 12:20:00,569,Coimbatore,0.5,-10.656
2024-07-08 12:25:00,569,Coimbatore,0.5,-10.656
2024-07-08 12:30:00,569,Coimbatore,0.5,-10.656
2024-07-08 12:35:00,569,Coimbatore,0.5,-10.656
2024-07-08 12:40:00,569,Coimbatore,0.5,-10.656
2024-07-08 12:45:00,569,Coimbatore,0.5,-10.656
2024-07-08 12:50:00,569,Coimbatore,0.5,-10.656
2024-07-08 12:55:00,569,Coimbatore,0.5,-10.656
2024-07-08 13:00:00,569,Coimbatore,0.5,-10.656
2024-07-08 16:30:00,569,Coimbatore,0.5,-10.578
2024-07-08 16:35:00,569,Coimbatore,0.5,-10.578
2024-07-08 16:40:00,569,Coimbatore,0.5,-10.578
2024-07-08 16:45:00,569,Coimbatore,0.5,-10.578
2024-07-08 16:50:00,569,Coimbatore,0.5,-10.578
2024-07-08 17:00:00,569,Coimbatore,3.5,-10.578
2024-07-08 17:05:00,569,Coimbatore,1.5,-10.578
2024-07-08 17:15:00,569,Coimbatore,2.5,-10.578
2024-07-08 17:20:00,569,Coimbatore,2.5,-10.578
2024-07-08 17:25:00,569,Coimbatore,2.5,-10.578
2024-07-08 17:35:00,569,Coimbatore,3.0,-10.578
2024-07-08 17:40:00,569,Coimbatore,3.0,-10.578
2024-07-08 17:45:00,569,Coimbatore,3.0,-10.578
2024-07-08 18:20:00,569,Coimbatore,0.5,-10.578
2024-07-08 18:55:00,569,Coimbatore,0.5,-10.578
2024-07-08 19:00:00,569,Coimbatore,0.5,-10.578
2024-07-08 21:00:00,569,Coimbatore,0.5,-10.578
2024-07-08 22:00:00,569,Coimbatore,0.5,-10.513000000000002
2024-07-08 23:35:00,569,Coimbatore,0.5,-10.513000000000002
2024-07-08 23:40:00,569,Coimbatore,1.0,-10.513000000000002
2024-07-08 23:45:00,569,Coimbatore,1.0,-10.513000000000002
2024-07-08 23:50:00,569,Coimbatore,1.0,-10.513000000000002
2024-07-08 23:55:00,569,Coimbatore,1.0,-10.513000000000002
2024-07-09 00:00:00,569,Coimbatore,1.0,-10.513000000000002
2024-07-09 00:40:00,569,Coimbatore,0.5,-10.513000000000002
2024-07-09 00:45:00,569,Coimbatore,1.0,-10.513000000000002
2024-07-09 00:55:00,569,Coimbatore,1.5,-10.513000000000002
2024-07-09 01:10:00,569,Coimbatore,0.5,-10.513000000000002
2024-07-09 01:15:00,569,Coimbatore,0.5,-10.513000000000002
2024-07-09 01:20:00,569,Coimbatore,0.5,-10.513000000000002
2024-07-09 01:25:00,569,Coimbatore,1.0,-10.513000000000002
2024-07-09 01:30:00,569,Coimbatore,1.0,-10.513000000000002
2024-07-09 01:50:00,569,Coimbatore,1.0,-10.513000000000002
2024-07-09 01:55:00,569,Coimbatore,1.0,-10.513000000000002
2024-07-09 02:00:00,569,Coimbatore,1.0,-10.513000000000002
2024-07-09 11:00:00,569,Coimbatore,1.0,-10.5355
2024-07-09 15:50:00,569,Coimbatore,0.5,-10.53
2024-07-09 15:55:00,569,Coimbatore,0.5,-10.53
2024-07-09 16:00:00,569,Coimbatore,0.5,-10.53
2024-07-10 00:45:00,569,Coimbatore,0.5,-10.54
2024-07-10 00:50:00,569,Coimbatore,0.5,-10.54
2024-07-10 00:55:00,569,Coimbatore,1.0,-10.54
2024-07-10 01:00:00,569,Coimbatore,1.0,-10.54
2024-07-10 01:05:00,569,Coimbatore,0.5,-10.54
2024-07-10 01:10:00,569,Coimbatore,0.5,-10.54
2024-07-10 01:15:00,569,Coimbatore,1.0,-10.54
2024-07-10 01:20:00,569,Coimbatore,1.0,-10.54
2024-07-10 01:25:00,569,Coimbatore,1.5,-10.54
2024-07-10 01:30:00,569,Coimbatore,1.5,-10.54
2024-07-10 01:35:00,569,Coimbatore,1.5,-10.54
2024-07-10 01:40:00,569,Coimbatore,2.0,-10.54
2024-07-10 01:45:00,569,Coimbatore,2.0,-10.54
2024-07-10 01:50:00,569,Coimbatore,2.0,-10.54
2024-07-10 01:55:00,569,Coimbatore,2.0,-10.54
2024-07-10 02:00:00,569,Coimbatore,2.0,-10.54
2024-07-10 16:00:00,569,Coimbatore,0.5,-10.8805
2024-07-10 23:05:00,569,Coimbatore,0.5,-10.6615
2024-07-10 23:10:00,569,Coimbatore,0.5,-10.6615
2024-07-10 23:15:00,569,Coimbatore,0.5,-10.6615
2024-07-10 23:20:00,569,Coimbatore,0.5,-10.6615
2024-07-10 23:25:00,569,Coimbatore,0.5,-10.6615
2024-07-10 23:30:00,569,Coimbatore,0.5,-10.6615
2024-07-10 23:35:00,569,Coimbatore,0.5,-10.6615
2024-07-10 23:40:00,569,Coimbatore,0.5,-10.6615
2024-07-10 23:45:00,569,Coimbatore,0.5,-10.6615
2024-07-10 23:50:00,569,Coimbatore,0.5,-10.6615
2024-07-10 23:55:00,569,Coimbatore,0.5,-10.6615
2024-07-11 00:00:00,569,Coimbatore,0.5,-10.6615
2024-07-11 11:00:00,569,Coimbatore,0.5,-10.8975
2024-07-11 11:25:00,569,Coimbatore,0.5,-10.8975
2024-07-11 11:30:00,569,Coimbatore,1.0,-10.8975
2024-07-11 11:35:00,569,Coimbatore,1.0,-10.8975
2024-07-11 11:40:00,569,Coimbatore,1.0,-10.8975
2024-07-11 11:45:00,569,Coimbatore,1.5,-10.8975
2024-07-11 11:50:00,569,Coimbatore,1.5,-10.8975
2024-07-11 11:55:00,569,Coimbatore,1.5,-10.8975
2024-07-11 12:00:00,569,Coimbatore,1.5,-10.8975
2024-07-12 13:20:00,569,Coimbatore,1.0,-10.581
2024-07-12 13:25:00,569,Coimbatore,1.5,-10.581
2024-07-12 13:30:00,569,Coimbatore,4.5,-10.581
2024-07-12 13:35:00,569,Coimbatore,6.5,-10.581
2024-07-12 13:40:00,569,Coimbatore,9.5,-10.581
2024-07-12 13:45:00,569,Coimbatore,11.5,-10.581
2024-07-12 13:50:00,569,Coimbatore,12.0,-10.581
2024-07-12 13:55:00,569,Coimbatore,12.0,-10.581
2024-07-12 14:00:00,569,Coimbatore,7.0,-10.581
2024-07-12 14:10:00,569,Coimbatore,0.5,-10.581
2024-07-12 14:15:00,569,Coimbatore,0.5,-10.581
2024-07-12 14:20:00,569,Coimbatore,0.5,-10.581
2024-07-12 14:25:00,569,Coimbatore,0.5,-10.581
2024-07-12 14:30:00,569,Coimbatore,0.5,-10.581
2024-07-12 14:35:00,569,Coimbatore,0.5,-10.581
2024-07-12 14:40:00,569,Coimbatore,0.5,-10.581
2024-07-12 14:45:00,569,Coimbatore,0.5,-10.581
2024-07-12 14:50:00,569,Coimbatore,1.0,-10.581
2024-07-12 14:55:00,569,Coimbatore,1.0,-10.581
2024-07-12 15:00:00,569,Coimbatore,1.5,-10.581
2024-07-12 15:10:00,569,Coimbatore,0.5,-10.596
2024-07-12 15:15:00,569,Coimbatore,0.5,-10.596
2024-07-12 15:20:00,569,Coimbatore,2.0,-10.596
2024-07-12 15:25:00,569,Coimbatore,3.0,-10.596
2024-07-12 15:30:00,569,Coimbatore,3.0,-10.596
2024-07-12 15:35:00,569,Coimbatore,3.5,-10.596
2024-07-12 15:40:00,569,Coimbatore,4.0,-10.596
2024-07-12 15:45:00,569,Coimbatore,4.5,-10.596
2024-07-12 15:50:00,569,Coimbatore,5.0,-10.596
2024-07-12 15:55:00,569,Coimbatore,5.5,-10.596
2024-07-12 16:00:00,569,Coimbatore,5.5,-10.596
2024-07-12 16:10:00,569,Coimbatore,0.5,-10.596
2024-07-12 16:15:00,569,Coimbatore,0.5,-10.596
2024-07-12 16:20:00,569,Coimbatore,0.5,-10.596
2024-07-12 16:25:00,569,Coimbatore,0.5,-10.596
2024-07-12 16:30:00,569,Coimbatore,1.0,-10.596
2024-07-12 16:35:00,569,Coimbatore,4.0,-10.596
2024-07-12 16:40:00,569,Coimbatore,6.0,-10.596
2024-07-12 16:45:00,569,Coimbatore,7.0,-10.596
2024-07-12 16:50:00,569,Coimbatore,10.0,-10.596
2024-07-12 16:55:00,569,Coimbatore,12.0,-10.596
2024-07-12 17:00:00,569,Coimbatore,10.75,-10.596
2024-07-12 17:05:00,569,Coimbatore,1.5,-10.596
2024-07-12 17:10:00,569,Coimbatore,2.5,-10.596
2024-07-12 17:15:00,569,Coimbatore,4.5,-10.596
2024-07-12 17:20:00,569,Coimbatore,6.0,-10.596
2024-07-12 17:25:00,569,Coimbatore,7.5,-10.596
2024-07-12 17:30:00,569,Coimbatore,8.0,-10.596
2024-07-12 17:35:00,569,Coimbatore,8.5,-10.596
2024-07-12 17:40:00,569,Coimbatore,8.5,-10.596
2024-07-12 17:45:00,569,Coimbatore,9.0,-10.596
2024-07-12 17:50:00,569,Coimbatore,9.0,-10.596
2024-07-12 17:55:00,569,Coimbatore,9.0,-10.596
2024-07-12 18:00:00,569,Coimbatore,7.0,-10.596
2024-07-12 19:00:00,569,Coimbatore,1.0,-10.596
2024-07-12 20:00:00,569,Coimbatore,0.5,-10.596
2024-07-12 21:05:00,569,Coimbatore,0.5,-10.556
2024-07-12 21:10:00,569,Coimbatore,0.5,-10.556
2024-07-12 21:15:00,569,Coimbatore,0.5,-10.556
2024-07-12 21:20:00,569,Coimbatore,0.5,-10.556
2024-07-12 21:25:00,569,Coimbatore,0.5,-10.556
2024-07-12 21:30:00,569,Coimbatore,0.5,-10.556
2024-07-12 21:35:00,569,Coimbatore,0.5,-10.556
2024-07-12 21:40:00,569,Coimbatore,0.5,-10.556
2024-07-12 21:45:00,569,Coimbatore,0.5,-10.556
2024-07-12 21:50:00,569,Coimbatore,0.5,-10.556
2024-07-12 21:55:00,569,Coimbatore,0.5,-10.556
2024-07-12 22:00:00,569,Coimbatore,0.5,-10.556
2024-07-12 23:00:00,569,Coimbatore,0.5,-10.556
2024-07-13 04:00:00,569,Coimbatore,1.5,-10.5225
2024-07-13 04:05:00,569,Coimbatore,0.5,-10.5225
2024-07-13 04:10:00,569,Coimbatore,0.5,-10.5225
2024-07-13 04:15:00,569,Coimbatore,0.5,-10.5225
2024-07-13 04:20:00,569,Coimbatore,0.5,-10.5225
2024-07-13 04:25:00,569,Coimbatore,0.5,-10.5225
2024-07-13 04:30:00,569,Coimbatore,0.5,-10.5225
2024-07-13 04:35:00,569,Coimbatore,0.5,-10.5225
2024-07-13 04:40:00,569,Coimbatore,0.5,-10.5225
2024-07-13 04:45:00,569,Coimbatore,0.5,-10.5225
2024-07-13 04:50:00,569,Coimbatore,0.5,-10.5225
2024-07-13 04:55:00,569,Coimbatore,0.5,-10.5225
2024-07-13 05:00:00,569,Coimbatore,1.75,-10.5225
2024-07-13 08:00:00,569,Coimbatore,0.5,-10.5225
2024-07-13 11:45:00,569,Coimbatore,0.5,-10.5675
2024-07-13 11:50:00,569,Coimbatore,0.5,-10.5675
2024-07-13 11:55:00,569,Coimbatore,0.5,-10.5675
2024-07-13 12:00:00,569,Coimbatore,0.5,-10.5675
2024-07-13 17:00:00,569,Coimbatore,0.75,-10.5445
2024-07-13 17:45:00,569,Coimbatore,0.5,-10.5445
2024-07-13 17:50:00,569,Coimbatore,0.5,-10.5445
2024-07-13 17:55:00,569,Coimbatore,0.5,-10.5445
2024-07-13 18:00:00,569,Coimbatore,0.5,-10.5445
2024-07-13 19:40:00,569,Coimbatore,0.5,-10.5445
2024-07-13 19:45:00,569,Coimbatore,1.0,-10.5445
2024-07-13 19:50:00,569,Coimbatore,1.0,-10.5445
2024-07-13 19:55:00,569,Coimbatore,1.0,-10.5445
2024-07-13 20:00:00,569,Coimbatore,4.75,-10.5445
2024-07-13 20:05:00,569,Coimbatore,3.0,-10.5445
2024-07-13 20:10:00,569,Coimbatore,6.0,-10.5445
2024-07-13 20:15:00,569,Coimbatore,6.5,-10.5445
2024-07-13 20:20:00,569,Coimbatore,6.5,-10.5445
2024-07-13 20:25:00,569,Coimbatore,6.5,-10.5445
2024-07-13 20:30:00,569,Coimbatore,6.5,-10.5445
2024-07-13 20:35:00,569,Coimbatore,6.5,-10.5445
2024-07-13 20:40:00,569,Coimbatore,6.5,-10.5445
2024-07-13 20:45:00,569,Coimbatore,6.5,-10.5445
2024-07-13 20:50:00,569,Coimbatore,6.5,-10.5445
2024-07-13 20:55:00,569,Coimbatore,6.5,-10.5445
2024-07-13 21:00:00,569,Coimbatore,2.0,-10.5445
2024-07-13 21:05:00,569,Coimbatore,0.5,-10.54
2024-07-13 21:10:00,569,Coimbatore,0.5,-10.54
2024-07-13 21:15:00,569,Coimbatore,1.0,-10.54
2024-07-13 21:20:00,569,Coimbatore,1.0,-10.54
2024-07-13 21:25:00,569,Coimbatore,2.0,-10.54
2024-07-13 21:30:00,569,Coimbatore,4.5,-10.54
2024-07-13 21:35:00,569,Coimbatore,4.5,-10.54
2024-07-13 21:40:00,569,Coimbatore,5.0,-10.54
2024-07-13 21:45:00,569,Coimbatore,5.0,-10.54
2024-07-13 21:50:00,569,Coimbatore,5.0,-10.54
2024-07-13 21:55:00,569,Coimbatore,5.0,-10.54
2024-07-13 22:00:00,569,Coimbatore,2.125,-10.54
2024-07-13 22:30:00,569,Coimbatore,0.5,-10.54
2024-07-13 22:35:00,569,Coimbatore,0.5,-10.54
2024-07-13 22:40:00,569,Coimbatore,0.5,-10.54
2024-07-13 22:45:00,569,Coimbatore,0.5,-10.54
2024-07-13 22:50:00,569,Coimbatore,1.0,-10.54
2024-07-13 22:55:00,569,Coimbatore,1.0,-10.54
2024-07-13 23:00:00,569,Coimbatore,6.375,-10.54
2024-07-13 23:05:00,569,Coimbatore,3.0,-10.54
2024-07-13 23:10:00,569,Coimbatore,7.0,-10.54
2024-07-13 23:15:00,569,Coimbatore,7.5,-10.54
2024-07-13 23:20:00,569,Coimbatore,8.0,-10.54
2024-07-13 23:25:00,569,Coimbatore,8.0,-10.54
2024-07-13 23:30:00,569,Coimbatore,8.5,-10.54
2024-07-13 23:35:00,569,Coimbatore,9.5,-10.54
2024-07-13 23:40:00,569,Coimbatore,9.5,-10.54
2024-07-13 23:45:00,569,Coimbatore,10.0,-10.54
2024-07-13 23:50:00,569,Coimbatore,10.5,-10.54
2024-07-13 23:55:00,569,Coimbatore,11.0,-10.54
2024-07-14 00:00:00,569,Coimbatore,5.166666666666667,-10.54
2024-07-14 00:15:00,569,Coimbatore,0.5,-10.54
2024-07-14 00:20:00,569,Coimbatore,0.5,-10.54
2024-07-14 00:25:00,569,Coimbatore,0.5,-10.54
2024-07-14 00:30:00,569,Coimbatore,0.5,-10.54
2024-07-14 00:35:00,569,Coimbatore,1.0,-10.54
2024-07-14 00:40:00,569,Coimbatore,1.0,-10.54
2024-07-14 00:45:00,569,Coimbatore,1.5,-10.54
2024-07-14 00:50:00,569,Coimbatore,1.5,-10.54
2024-07-14 00:55:00,569,Coimbatore,2.0,-10.54
2024-07-14 01:00:00,569,Coimbatore,3.333333333333333,-10.54
2024-07-14 01:05:00,569,Coimbatore,0.5,-10.54
2024-07-14 01:10:00,569,Coimbatore,1.0,-10.54
2024-07-14 01:15:00,569,Coimbatore,1.0,-10.54
2024-07-14 01:20:00,569,Coimbatore,1.0,-10.54
2024-07-14 01:25:00,569,Coimbatore,1.5,-10.54
2024-07-14 01:30:00,569,Coimbatore,2.0,-10.54
2024-07-14 01:35:00,569,Coimbatore,2.0,-10.54
2024-07-14 01:40:00,569,Coimbatore,2.0,-10.54
2024-07-14 01:45:00,569,Coimbatore,2.5,-10.54
2024-07-14 01:50:00,569,Coimbatore,2.5,-10.54
2024-07-14 01:55:00,569,Coimbatore,2.5,-10.54
2024-07-14 02:00:00,569,Coimbatore,2.0,-10.54
2024-07-14 03:00:00,569,Coimbatore,0.5,-10.54
2024-07-14 04:00:00,569,Coimbatore,0.75,-10.517
2024-07-14 11:50:00,569,Coimbatore,0.5,-10.543
2024-07-14 11:55:00,569,Coimbatore,1.0,-10.543
2024-07-14 12:00:00,569,Coimbatore,1.0,-10.543
2024-07-14 12:50:00,569,Coimbatore,0.5,-10.543
2024-07-14 12:55:00,569,Coimbatore,2.0,-10.543
2024-07-14 13:00:00,569,Coimbatore,2.75,-10.543
2024-07-14 13:05:00,569,Coimbatore,2.5,-10.543
2024-07-14 13:10:00,569,Coimbatore,2.5,-10.543
2024-07-14 13:15:00,569,Coimbatore,2.5,-10.543
2024-07-14 13:20:00,569,Coimbatore,2.5,-10.543
2024-07-14 13:25:00,569,Coimbatore,2.5,-10.543
2024-07-14 13:30:00,569,Coimbatore,2.5,-10.543
2024-07-14 13:35:00,569,Coimbatore,2.5,-10.543
2024-07-14 13:40:00,569,Coimbatore,2.5,-10.543
2024-07-14 13:45:00,569,Coimbatore,2.5,-10.543
2024-07-14 13:50:00,569,Coimbatore,3.0,-10.543
2024-07-14 13:55:00,569,Coimbatore,3.0,-10.543
2024-07-14 14:00:00,569,Coimbatore,1.5,-10.543
2024-07-14 14:05:00,569,Coimbatore,0.5,-10.543
2024-07-14 14:10:00,569,Coimbatore,0.5,-10.543
2024-07-14 14:15:00,569,Coimbatore,0.5,-10.543
2024-07-14 14:20:00,569,Coimbatore,0.5,-10.543
2024-07-14 14:25:00,569,Coimbatore,0.5,-10.543
2024-07-14 14:30:00,569,Coimbatore,0.5,-10.543
2024-07-14 14:35:00,569,Coimbatore,0.5,-10.543
2024-07-14 14:40:00,569,Coimbatore,1.0,-10.543
2024-07-14 14:45:00,569,Coimbatore,2.0,-10.543
2024-07-14 14:50:00,569,Coimbatore,3.5,-10.543
2024-07-14 14:55:00,569,Coimbatore,3.5,-10.543
2024-07-14 15:00:00,569,Coimbatore,2.0,-10.543
2024-07-14 15:40:00,569,Coimbatore,0.5,-10.5345
2024-07-14 15:45:00,569,Coimbatore,0.5,-10.5345
2024-07-14 15:50:00,569,Coimbatore,0.5,-10.5345
2024-07-14 15:55:00,569,Coimbatore,1.0,-10.5345
2024-07-14 16:00:00,569,Coimbatore,1.25,-10.5345
2024-07-14 16:25:00,569,Coimbatore,1.0,-10.5345
2024-07-14 16:30:00,569,Coimbatore,2.0,-10.5345
2024-07-14 16:35:00,569,Coimbatore,2.0,-10.5345
2024-07-14 16:40:00,569,Coimbatore,2.0,-10.5345
2024-07-14 16:45:00,569,Coimbatore,3.5,-10.5345
2024-07-14 16:50:00,569,Coimbatore,5.0,-10.5345
2024-07-14 16:55:00,569,Coimbatore,5.5,-10.5345
2024-07-14 17:00:00,569,Coimbatore,4.375,-10.5345
2024-07-14 17:05:00,569,Coimbatore,0.5,-10.5345
2024-07-14 17:10:00,569,Coimbatore,2.5,-10.5345
2024-07-14 17:15:00,569,Coimbatore,2.5,-10.5345
2024-07-14 17:20:00,569,Coimbatore,3.0,-10.5345
2024-07-14 17:25:00,569,Coimbatore,3.0,-10.5345
2024-07-14 17:30:00,569,Coimbatore,3.5,-10.5345
2024-07-14 17:35:00,569,Coimbatore,4.0,-10.5345
2024-07-14 17:40:00,569,Coimbatore,4.0,-10.5345
2024-07-14 17:45:00,569,Coimbatore,4.5,-10.5345
2024-07-14 17:50:00,569,Coimbatore,4.5,-10.5345
2024-07-14 17:55:00,569,Coimbatore,4.5,-10.5345
2024-07-14 18:00:00,569,Coimbatore,4.5,-10.5345
2024-07-14 18:05:00,569,Coimbatore,0.5,-10.5345
2024-07-14 18:10:00,569,Coimbatore,0.5,-10.5345
2024-07-14 18:15:00,569,Coimbatore,0.5,-10.5345
2024-07-14 18:20:00,569,Coimbatore,0.5,-10.5345
2024-07-14 18:25:00,569,Coimbatore,1.0,-10.5345
2024-07-14 18:30:00,569,Coimbatore,3.5,-10.5345
2024-07-14 18:35:00,569,Coimbatore,4.5,-10.5345
2024-07-14 18:40:00,569,Coimbatore,4.5,-10.5345
2024-07-14 18:45:00,569,Coimbatore,6.5,-10.5345
2024-07-14 18:50:00,569,Coimbatore,8.0,-10.5345
2024-07-14 18:55:00,569,Coimbatore,9.0,-10.5345
2024-07-14 19:00:00,569,Coimbatore,3.8333333333333335,-10.5345
2024-07-14 19:05:00,569,Coimbatore,0.5,-10.5345
2024-07-14 19:10:00,569,Coimbatore,1.0,-10.5345
2024-07-14 19:15:00,569,Coimbatore,1.5,-10.5345
2024-07-14 19:20:00,569,Coimbatore,1.5,-10.5345
2024-07-14 19:25:00,569,Coimbatore,2.0,-10.5345
2024-07-14 19:30:00,569,Coimbatore,2.0,-10.5345
2024-07-14 19:35:00,569,Coimbatore,2.0,-10.5345
2024-07-14 19:40:00,569,Coimbatore,2.0,-10.5345
2024-07-14 19:45:00,569,Coimbatore,2.0,-10.5345
2024-07-14 19:50:00,569,Coimbatore,2.0,-10.5345
2024-07-14 19:55:00,569,Coimbatore,2.0,-10.5345
2024-07-14 20:00:00,569,Coimbatore,1.5,-10.5345
2024-07-14 21:00:00,569,Coimbatore,1.0,-10.5345
2024-07-14 22:00:00,569,Coimbatore,0.5,-10.520499999999998
2024-07-14 22:05:00,569,Coimbatore,0.5,-10.520499999999998
2024-07-14 22:10:00,569,Coimbatore,0.5,-10.520499999999998
2024-07-14 22:15:00,569,Coimbatore,0.5,-10.520499999999998
2024-07-14 22:20:00,569,Coimbatore,0.5,-10.520499999999998
2024-07-14 22:25:00,569,Coimbatore,0.5,-10.520499999999998
2024-07-14 22:30:00,569,Coimbatore,0.5,-10.520499999999998
2024-07-14 22:35:00,569,Coimbatore,0.5,-10.520499999999998
2024-07-14 22:40:00,569,Coimbatore,0.5,-10.520499999999998
2024-07-14 22:45:00,569,Coimbatore,0.5,-10.520499999999998
2024-07-14 22:50:00,569,Coimbatore,0.5,-10.520499999999998
2024-07-14 22:55:00,569,Coimbatore,0.5,-10.520499999999998
2024-07-14 23:00:00,569,Coimbatore,0.5,-10.520499999999998
2024-07-14 23:40:00,569,Coimbatore,0.5,-10.520499999999998
2024-07-14 23:45:00,569,Coimbatore,0.5,-10.520499999999998
2024-07-14 23:50:00,569,Coimbatore,0.5,-10.520499999999998
2024-07-14 23:55:00,569,Coimbatore,1.0,-10.520499999999998
2024-07-15 00:00:00,569,Coimbatore,2.0,-10.520499999999998
2024-07-15 00:30:00,569,Coimbatore,0.5,-10.520499999999998
2024-07-15 00:35:00,569,Coimbatore,0.5,-10.520499999999998
2024-07-15 00:40:00,569,Coimbatore,0.5,-10.520499999999998
2024-07-15 00:45:00,569,Coimbatore,0.5,-10.520499999999998
2024-07-15 00:50:00,569,Coimbatore,0.5,-10.520499999999998
2024-07-15 00:55:00,569,Coimbatore,0.5,-10.520499999999998
2024-07-15 01:00:00,569,Coimbatore,0.5,-10.520499999999998
2024-07-15 02:25:00,569,Coimbatore,0.5,-10.520499999999998
2024-07-15 02:30:00,569,Coimbatore,0.5,-10.520499999999998
2024-07-15 02:35:00,569,Coimbatore,1.0,-10.520499999999998
2024-07-15 02:40:00,569,Coimbatore,1.0,-10.520499999999998
2024-07-15 02:45:00,569,Coimbatore,1.0,-10.520499999999998
2024-07-15 02:50:00,569,Coimbatore,1.0,-10.520499999999998
2024-07-15 02:55:00,569,Coimbatore,1.0,-10.520499999999998
2024-07-15 03:00:00,569,Coimbatore,2.1666666666666665,-10.520499999999998
2024-07-15 03:10:00,569,Coimbatore,1.0,-10.5135
2024-07-15 03:15:00,569,Coimbatore,1.0,-10.5135
2024-07-15 03:20:00,569,Coimbatore,1.0,-10.5135
2024-07-15 03:25:00,569,Coimbatore,1.5,-10.5135
2024-07-15 03:30:00,569,Coimbatore,1.5,-10.5135
2024-07-15 03:35:00,569,Coimbatore,1.5,-10.5135
2024-07-15 03:40:00,569,Coimbatore,1.5,-10.5135
2024-07-15 03:45:00,569,Coimbatore,1.5,-10.5135
2024-07-15 03:50:00,569,Coimbatore,1.5,-10.5135
2024-07-15 03:55:00,569,Coimbatore,1.5,-10.5135
2024-07-15 04:00:00,569,Coimbatore,1.0,-10.5135
2024-07-15 07:05:00,569,Coimbatore,1.5,-10.5135
2024-07-15 07:10:00,569,Coimbatore,2.5,-10.5135
2024-07-15 07:15:00,569,Coimbatore,2.5,-10.5135
2024-07-15 07:20:00,569,Coimbatore,3.0,-10.5135
2024-07-15 07:25:00,569,Coimbatore,3.5,-10.5135
2024-07-15 07:30:00,569,Coimbatore,3.5,-10.5135
2024-07-15 07:35:00,569,Coimbatore,3.5,-10.5135
2024-07-15 07:40:00,569,Coimbatore,3.5,-10.5135
2024-07-15 07:45:00,569,Coimbatore,4.0,-10.5135
2024-07-15 07:50:00,569,Coimbatore,4.0,-10.5135
2024-07-15 07:55:00,569,Coimbatore,4.0,-10.5135
2024-07-15 08:00:00,569,Coimbatore,2.75,-10.5135
2024-07-15 08:25:00,569,Coimbatore,0.5,-10.5135
2024-07-15 08:30:00,569,Coimbatore,0.5,-10.5135
2024-07-15 08:35:00,569,Coimbatore,0.5,-10.5135
2024-07-15 08:40:00,569,Coimbatore,1.0,-10.5135
2024-07-15 08:45:00,569,Coimbatore,1.0,-10.5135
2024-07-15 08:50:00,569,Coimbatore,1.0,-10.5135
2024-07-15 08:55:00,569,Coimbatore,1.0,-10.5135
2024-07-15 09:00:00,569,Coimbatore,3.125,-10.5135
2024-07-15 09:05:00,569,Coimbatore,0.5,-10.7145
2024-07-15 09:10:00,569,Coimbatore,0.5,-10.7145
2024-07-15 09:15:00,569,Coimbatore,0.5,-10.7145
2024-07-15 09:20:00,569,Coimbatore,0.5,-10.7145
2024-07-15 09:25:00,569,Coimbatore,1.0,-10.7145
2024-07-15 09:30:00,569,Coimbatore,1.5,-10.7145
2024-07-15 09:35:00,569,Coimbatore,2.5,-10.7145
2024-07-15 09:40:00,569,Coimbatore,3.5,-10.7145
2024-07-15 09:45:00,569,Coimbatore,4.0,-10.7145
2024-07-15 09:50:00,569,Coimbatore,5.0,-10.7145
2024-07-15 09:55:00,569,Coimbatore,6.0,-10.7145
2024-07-15 10:00:00,569,Coimbatore,4.5,-10.7145
2024-07-15 10:20:00,569,Coimbatore,0.5,-10.7145
2024-07-15 10:25:00,569,Coimbatore,1.0,-10.7145
2024-07-15 10:30:00,569,Coimbatore,1.5,-10.7145
2024-07-15 10:35:00,569,Coimbatore,1.5,-10.7145
2024-07-15 10:40:00,569,Coimbatore,2.0,-10.7145
2024-07-15 10:45:00,569,Coimbatore,2.0,-10.7145
2024-07-15 10:50:00,569,Coimbatore,2.0,-10.7145
2024-07-15 10:55:00,569,Coimbatore,2.0,-10.7145
2024-07-15 11:00:00,569,Coimbatore,2.0,-10.7145
2024-07-15 11:30:00,569,Coimbatore,0.5,-10.7145
2024-07-15 11:35:00,569,Coimbatore,0.5,-10.7145
2024-07-15 11:40:00,569,Coimbatore,0.5,-10.7145
2024-07-15 11:45:00,569,Coimbatore,0.5,-10.7145
2024-07-15 11:50:00,569,Coimbatore,1.0,-10.7145
2024-07-15 11:55:00,569,Coimbatore,2.0,-10.7145
2024-07-15 12:00:00,569,Coimbatore,4.0,-10.7145
2024-07-15 12:10:00,569,Coimbatore,0.5,-10.7145
2024-07-15 12:15:00,569,Coimbatore,0.5,-10.7145
2024-07-15 12:20:00,569,Coimbatore,1.5,-10.7145
2024-07-15 12:25:00,569,Coimbatore,2.0,-10.7145
2024-07-15 12:30:00,569,Coimbatore,3.0,-10.7145
2024-07-15 12:35:00,569,Coimbatore,3.5,-10.7145
2024-07-15 12:40:00,569,Coimbatore,3.5,-10.7145
2024-07-15 12:45:00,569,Coimbatore,4.0,-10.7145
2024-07-15 12:50:00,569,Coimbatore,4.5,-10.7145
2024-07-15 12:55:00,569,Coimbatore,5.0,-10.7145
2024-07-15 13:00:00,569,Coimbatore,2.333333333333333,-10.7145
2024-07-15 13:30:00,569,Coimbatore,0.5,-10.7145
2024-07-15 13:35:00,569,Coimbatore,0.5,-10.7145
2024-07-15 13:40:00,569,Coimbatore,0.5,-10.7145
2024-07-15 13:45:00,569,Coimbatore,0.5,-10.7145
2024-07-15 13:50:00,569,Coimbatore,0.5,-10.7145
2024-07-15 13:55:00,569,Coimbatore,0.5,-10.7145
2024-07-15 14:00:00,569,Coimbatore,2.333333333333333,-10.7145
2024-07-15 14:05:00,569,Coimbatore,1.0,-10.7145
2024-07-15 14:10:00,569,Coimbatore,2.0,-10.7145
2024-07-15 14:15:00,569,Coimbatore,2.5,-10.7145
2024-07-15 14:20:00,569,Coimbatore,3.0,-10.7145
2024-07-15 14:25:00,569,Coimbatore,4.5,-10.7145
2024-07-15 14:30:00,569,Coimbatore,5.0,-10.7145
2024-07-15 14:35:00,569,Coimbatore,6.0,-10.7145
2024-07-15 14:40:00,569,Coimbatore,6.5,-10.7145
2024-07-15 14:45:00,569,Coimbatore,6.5,-10.7145
2024-07-15 14:50:00,569,Coimbatore,6.5,-10.7145
2024-07-15 14:55:00,569,Coimbatore,6.5,-10.7145
2024-07-15 15:00:00,569,Coimbatore,2.5,-10.7145
2024-07-15 15:10:00,569,Coimbatore,0.5,-10.5675
2024-07-15 15:15:00,569,Coimbatore,0.5,-10.5675
2024-07-15 15:20:00,569,Coimbatore,0.5,-10.5675
2024-07-15 15:25:00,569,Coimbatore,1.0,-10.5675
2024-07-15 15:30:00,569,Coimbatore,1.5,-10.5675
2024-07-15 15:35:00,569,Coimbatore,1.5,-10.5675
2024-07-15 15:40:00,569,Coimbatore,2.0,-10.5675
2024-07-15 15:45:00,569,Coimbatore,4.5,-10.5675
2024-07-15 15:50:00,569,Coimbatore,6.0,-10.5675
2024-07-15 15:55:00,569,Coimbatore,6.5,-10.5675
2024-07-15 16:00:00,569,Coimbatore,2.4,-10.5675
2024-07-15 16:05:00,569,Coimbatore,0.5,-10.5675
2024-07-15 16:10:00,569,Coimbatore,0.5,-10.5675
2024-07-15 16:15:00,569,Coimbatore,1.0,-10.5675
2024-07-15 16:20:00,569,Coimbatore,2.5,-10.5675
2024-07-15 16:25:00,569,Coimbatore,4.5,-10.5675
2024-07-15 16:30:00,569,Coimbatore,6.0,-10.5675
2024-07-15 16:35:00,569,Coimbatore,7.0,-10.5675
2024-07-15 16:40:00,569,Coimbatore,8.5,-10.5675
2024-07-15 16:45:00,569,Coimbatore,10.0,-10.5675
2024-07-15 16:50:00,569,Coimbatore,10.5,-10.5675
2024-07-15 16:55:00,569,Coimbatore,11.0,-10.5675
2024-07-15 17:00:00,569,Coimbatore,7.375,-10.5675
2024-07-15 17:05:00,569,Coimbatore,0.5,-10.5675
2024-07-15 17:10:00,569,Coimbatore,1.0,-10.5675
2024-07-15 17:15:00,569,Coimbatore,1.0,-10.5675
2024-07-15 17:20:00,569,Coimbatore,2.0,-10.5675
2024-07-15 17:25:00,569,Coimbatore,2.5,-10.5675
2024-07-15 17:30:00,569,Coimbatore,3.0,-10.5675
2024-07-15 17:35:00,569,Coimbatore,4.0,-10.5675
2024-07-15 17:40:00,569,Coimbatore,4.0,-10.5675
2024-07-15 17:45:00,569,Coimbatore,4.0,-10.5675
2024-07-15 17:50:00,569,Coimbatore,4.5,-10.5675
2024-07-15 17:55:00,569,Coimbatore,4.5,-10.5675
2024-07-15 18:00:00,569,Coimbatore,4.5,-10.5675
2024-07-15 18:10:00,569,Coimbatore,0.5,-10.5675
2024-07-15 18:15:00,569,Coimbatore,0.5,-10.5675
2024-07-15 18:20:00,569,Coimbatore,0.5,-10.5675
2024-07-15 18:25:00,569,Coimbatore,2.0,-10.5675
2024-07-15 18:30:00,569,Coimbatore,3.5,-10.5675
2024-07-15 18:35:00,569,Coimbatore,4.0,-10.5675
2024-07-15 18:40:00,569,Coimbatore,4.0,-10.5675
2024-07-15 18:45:00,569,Coimbatore,4.0,-10.5675
2024-07-15 18:50:00,569,Coimbatore,4.5,-10.5675
2024-07-15 18:55:00,569,Coimbatore,4.5,-10.5675
2024-07-15 19:00:00,569,Coimbatore,4.5,-10.5675
2024-07-15 19:30:00,569,Coimbatore,2.0,-10.5675
2024-07-15 19:35:00,569,Coimbatore,2.5,-10.5675
2024-07-15 19:40:00,569,Coimbatore,3.5,-10.5675
2024-07-15 19:45:00,569,Coimbatore,4.0,-10.5675
2024-07-15 19:50:00,569,Coimbatore,5.0,-10.5675
2024-07-15 19:55:00,569,Coimbatore,5.5,-10.5675
2024-07-15 20:00:00,569,Coimbatore,5.75,-10.5675
2024-07-15 20:10:00,569,Coimbatore,0.5,-10.5675
2024-07-15 20:15:00,569,Coimbatore,0.5,-10.5675
2024-07-15 20:20:00,569,Coimbatore,1.0,-10.5675
2024-07-15 20:25:00,569,Coimbatore,2.5,-10.5675
2024-07-15 20:30:00,569,Coimbatore,5.0,-10.5675
2024-07-15 20:35:00,569,Coimbatore,7.5,-10.5675
2024-07-15 20:40:00,569,Coimbatore,8.5,-10.5675
2024-07-15 20:45:00,569,Coimbatore,9.5,-10.5675
2024-07-15 20:50:00,569,Coimbatore,9.5,-10.5675
2024-07-15 20:55:00,569,Coimbatore,10.0,-10.5675
2024-07-15 21:00:00,569,Coimbatore,4.333333333333333,-10.5675
2024-07-15 21:05:00,569,Coimbatore,1.0,-10.5705
2024-07-15 21:10:00,569,Coimbatore,1.5,-10.5705
2024-07-15 21:15:00,569,Coimbatore,1.5,-10.5705
2024-07-15 21:20:00,569,Coimbatore,2.0,-10.5705
2024-07-15 21:25:00,569,Coimbatore,2.0,-10.5705
2024-07-15 21:30:00,569,Coimbatore,2.0,-10.5705
2024-07-15 21:35:00,569,Coimbatore,2.0,-10.5705
2024-07-15 21:40:00,569,Coimbatore,2.0,-10.5705
2024-07-15 21:45:00,569,Coimbatore,3.0,-10.5705
2024-07-15 21:50:00,569,Coimbatore,7.0,-10.5705
2024-07-15 21:55:00,569,Coimbatore,9.5,-10.5705
2024-07-15 22:00:00,569,Coimbatore,6.625,-10.5705
2024-07-15 22:05:00,569,Coimbatore,2.0,-10.5705
2024-07-15 22:10:00,569,Coimbatore,3.0,-10.5705
2024-07-15 22:15:00,569,Coimbatore,4.0,-10.5705
2024-07-15 22:20:00,569,Coimbatore,5.0,-10.5705
2024-07-15 22:25:00,569,Coimbatore,5.5,-10.5705
2024-07-15 22:30:00,569,Coimbatore,6.0,-10.5705
2024-07-15 22:35:00,569,Coimbatore,6.5,-10.5705
2024-07-15 22:40:00,569,Coimbatore,6.5,-10.5705
2024-07-15 22:45:00,569,Coimbatore,7.0,-10.5705
2024-07-15 22:50:00,569,Coimbatore,7.0,-10.5705
2024-07-15 22:55:00,569,Coimbatore,7.0,-10.5705
2024-07-15 23:00:00,569,Coimbatore,3.25,-10.5705
2024-07-15 23:10:00,569,Coimbatore,0.5,-10.5705
2024-07-15 23:15:00,569,Coimbatore,0.5,-10.5705
2024-07-15 23:20:00,569,Coimbatore,0.5,-10.5705
2024-07-15 23:25:00,569,Coimbatore,0.5,-10.5705
2024-07-15 23:30:00,569,Coimbatore,0.5,-10.5705
2024-07-15 23:35:00,569,Coimbatore,0.5,-10.5705
2024-07-15 23:40:00,569,Coimbatore,0.5,-10.5705
2024-07-15 23:45:00,569,Coimbatore,0.5,-10.5705
2024-07-15 23:50:00,569,Coimbatore,0.5,-10.5705
2024-07-15 23:55:00,569,Coimbatore,0.5,-10.5705
2024-07-16 00:00:00,569,Coimbatore,1.5,-10.5705
2024-07-16 00:05:00,569,Coimbatore,0.5,-10.5705
2024-07-16 00:10:00,569,Coimbatore,0.5,-10.5705
2024-07-16 00:15:00,569,Coimbatore,0.5,-10.5705
2024-07-16 00:20:00,569,Coimbatore,0.5,-10.5705
2024-07-16 00:25:00,569,Coimbatore,0.5,-10.5705
2024-07-16 00:30:00,569,Coimbatore,1.0,-10.5705
2024-07-16 00:35:00,569,Coimbatore,1.0,-10.5705
2024-07-16 00:40:00,569,Coimbatore,1.5,-10.5705
2024-07-16 00:45:00,569,Coimbatore,2.0,-10.5705
2024-07-16 00:50:00,569,Coimbatore,3.5,-10.5705
2024-07-16 00:55:00,569,Coimbatore,4.5,-10.5705
2024-07-16 01:00:00,569,Coimbatore,3.8,-10.5705
2024-07-16 01:05:00,569,Coimbatore,3.0,-10.5705
2024-07-16 01:10:00,569,Coimbatore,5.5,-10.5705
2024-07-16 01:15:00,569,Coimbatore,7.0,-10.5705
2024-07-16 01:20:00,569,Coimbatore,10.0,-10.5705
2024-07-16 01:25:00,569,Coimbatore,11.0,-10.5705
2024-07-16 01:30:00,569,Coimbatore,12.0,-10.5705
2024-07-16 01:35:00,569,Coimbatore,14.0,-10.5705
2024-07-16 01:40:00,569,Coimbatore,16.0,-10.5705
2024-07-16 01:45:00,569,Coimbatore,17.5,-10.5705
2024-07-16 01:50:00,569,Coimbatore,17.5,-10.5705
2024-07-16 01:55:00,569,Coimbatore,17.5,-10.5705
2024-07-16 02:00:00,569,Coimbatore,6.625,-10.5705
2024-07-16 02:10:00,569,Coimbatore,1.0,-10.5705
2024-07-16 02:15:00,569,Coimbatore,1.5,-10.5705
2024-07-16 02:20:00,569,Coimbatore,1.5,-10.5705
2024-07-16 02:25:00,569,Coimbatore,1.5,-10.5705
2024-07-16 02:30:00,569,Coimbatore,1.5,-10.5705
2024-07-16 02:35:00,569,Coimbatore,2.0,-10.5705
2024-07-16 02:40:00,569,Coimbatore,3.0,-10.5705
2024-07-16 02:45:00,569,Coimbatore,3.0,-10.5705
2024-07-16 02:50:00,569,Coimbatore,5.0,-10.5705
2024-07-16 02:55:00,569,Coimbatore,7.0,-10.5705
2024-07-16 03:00:00,569,Coimbatore,3.4,-10.5705
2024-07-16 03:05:00,569,Coimbatore,0.5,-10.5275
2024-07-16 03:10:00,569,Coimbatore,0.5,-10.5275
2024-07-16 03:15:00,569,Coimbatore,1.0,-10.5275
2024-07-16 03:20:00,569,Coimbatore,1.5,-10.5275
2024-07-16 03:25:00,569,Coimbatore,2.0,-10.5275
2024-07-16 03:30:00,569,Coimbatore,2.5,-10.5275
2024-07-16 03:35:00,569,Coimbatore,2.5,-10.5275
2024-07-16 03:40:00,569,Coimbatore,3.0,-10.5275
2024-07-16 03:45:00,569,Coimbatore,3.0,-10.5275
2024-07-16 03:50:00,569,Coimbatore,3.0,-10.5275
2024-07-16 03:55:00,569,Coimbatore,3.0,-10.5275
2024-07-16 04:00:00,569,Coimbatore,2.0,-10.5275
2024-07-16 04:30:00,569,Coimbatore,0.5,-10.5275
2024-07-16 04:35:00,569,Coimbatore,0.5,-10.5275
2024-07-16 04:40:00,569,Coimbatore,0.5,-10.5275
2024-07-16 04:45:00,569,Coimbatore,0.5,-10.5275
2024-07-16 04:50:00,569,Coimbatore,0.5,-10.5275
2024-07-16 04:55:00,569,Coimbatore,0.5,-10.5275
2024-07-16 05:00:00,569,Coimbatore,0.5,-10.5275
2024-07-16 07:35:00,569,Coimbatore,0.5,-10.5275
2024-07-16 07:40:00,569,Coimbatore,0.5,-10.5275
2024-07-16 07:45:00,569,Coimbatore,0.5,-10.5275
2024-07-16 07:50:00,569,Coimbatore,0.5,-10.5275
2024-07-16 07:55:00,569,Coimbatore,0.5,-10.5275
2024-07-16 08:00:00,569,Coimbatore,0.5,-10.5275
2024-07-16 09:00:00,569,Coimbatore,0.5,-10.5275
2024-07-16 10:00:00,569,Coimbatore,2.4,-10.895499999999998
2024-07-16 10:05:00,569,Coimbatore,6.0,-10.895499999999998
2024-07-16 10:10:00,569,Coimbatore,8.0,-10.895499999999998
2024-07-16 10:15:00,569,Coimbatore,9.5,-10.895499999999998
2024-07-16 10:20:00,569,Coimbatore,10.0,-10.895499999999998
2024-07-16 10:25:00,569,Coimbatore,10.0,-10.895499999999998
2024-07-16 10:30:00,569,Coimbatore,10.5,-10.895499999999998
2024-07-16 10:35:00,569,Coimbatore,10.5,-10.895499999999998
2024-07-16 10:40:00,569,Coimbatore,10.5,-10.895499999999998
2024-07-16 10:45:00,569,Coimbatore,10.5,-10.895499999999998
2024-07-16 10:50:00,569,Coimbatore,10.5,-10.895499999999998
2024-07-16 10:55:00,569,Coimbatore,10.5,-10.895499999999998
2024-07-16 11:00:00,569,Coimbatore,4.0,-10.895499999999998
2024-07-16 11:05:00,569,Coimbatore,0.5,-10.895499999999998
2024-07-16 11:10:00,569,Coimbatore,0.5,-10.895499999999998
2024-07-16 11:15:00,569,Coimbatore,0.5,-10.895499999999998
2024-07-16 11:20:00,569,Coimbatore,0.5,-10.895499999999998
2024-07-16 11:25:00,569,Coimbatore,0.5,-10.895499999999998
2024-07-16 11:30:00,569,Coimbatore,0.5,-10.895499999999998
2024-07-16 11:35:00,569,Coimbatore,1.5,-10.895499999999998
2024-07-16 11:40:00,569,Coimbatore,2.0,-10.895499999999998
2024-07-16 11:45:00,569,Coimbatore,2.0,-10.895499999999998
2024-07-16 11:50:00,569,Coimbatore,2.5,-10.895499999999998
2024-07-16 11:55:00,569,Coimbatore,2.5,-10.895499999999998
2024-07-16 12:00:00,569,Coimbatore,1.1666666666666667,-10.895499999999998
2024-07-16 12:05:00,569,Coimbatore,0.5,-10.895499999999998
2024-07-16 12:10:00,569,Coimbatore,0.5,-10.895499999999998
2024-07-16 12:15:00,569,Coimbatore,0.5,-10.895499999999998
2024-07-16 12:20:00,569,Coimbatore,0.5,-10.895499999999998
2024-07-16 12:25:00,569,Coimbatore,0.5,-10.895499999999998
2024-07-16 12:30:00,569,Coimbatore,0.5,-10.895499999999998
2024-07-16 12:35:00,569,Coimbatore,0.5,-10.895499999999998
2024-07-16 12:40:00,569,Coimbatore,0.5,-10.895499999999998
2024-07-16 12:45:00,569,Coimbatore,0.5,-10.895499999999998
2024-07-16 12:50:00,569,Coimbatore,0.5,-10.895499999999998
2024-07-16 12:55:00,569,Coimbatore,0.5,-10.895499999999998
2024-07-16 13:00:00,569,Coimbatore,0.5,-10.895499999999998
2024-07-16 13:15:00,569,Coimbatore,0.5,-10.895499999999998
2024-07-16 13:20:00,569,Coimbatore,1.5,-10.895499999999998
2024-07-16 13:25:00,569,Coimbatore,1.5,-10.895499999999998
2024-07-16 13:30:00,569,Coimbatore,1.5,-10.895499999999998
2024-07-16 13:35:00,569,Coimbatore,2.5,-10.895499999999998
2024-07-16 13:40:00,569,Coimbatore,5.0,-10.895499999999998
2024-07-16 13:45:00,569,Coimbatore,6.5,-10.895499999999998
2024-07-16 13:50:00,569,Coimbatore,7.0,-10.895499999999998
2024-07-16 13:55:00,569,Coimbatore,7.5,-10.895499999999998
2024-07-16 14:00:00,569,Coimbatore,3.5,-10.895499999999998
2024-07-16 15:00:00,569,Coimbatore,0.75,-10.895499999999998
2024-07-16 16:00:00,569,Coimbatore,0.5,-10.669
2024-07-16 17:00:00,569,Coimbatore,0.5,-10.669
2024-07-16 17:15:00,569,Coimbatore,0.5,-10.669
2024-07-16 17:20:00,569,Coimbatore,0.5,-10.669
2024-07-16 17:25:00,569,Coimbatore,0.5,-10.669
2024-07-16 17:30:00,569,Coimbatore,0.5,-10.669
2024-07-16 17:35:00,569,Coimbatore,1.0,-10.669
2024-07-16 17:40:00,569,Coimbatore,1.0,-10.669
2024-07-16 17:45:00,569,Coimbatore,1.0,-10.669
2024-07-16 17:50:00,569,Coimbatore,1.0,-10.669
2024-07-16 17:55:00,569,Coimbatore,1.0,-10.669
2024-07-16 18:00:00,569,Coimbatore,1.3,-10.669
2024-07-16 18:20:00,569,Coimbatore,0.5,-10.669
2024-07-16 18:25:00,569,Coimbatore,2.0,-10.669
2024-07-16 18:30:00,569,Coimbatore,4.5,-10.669
2024-07-16 18:35:00,569,Coimbatore,8.0,-10.669
2024-07-16 18:40:00,569,Coimbatore,8.5,-10.669
2024-07-16 18:45:00,569,Coimbatore,8.5,-10.669
2024-07-16 18:50:00,569,Coimbatore,8.5,-10.669
2024-07-16 18:55:00,569,Coimbatore,9.0,-10.669
2024-07-16 22:30:00,569,Coimbatore,0.5,-10.578
2024-07-16 22:35:00,569,Coimbatore,0.5,-10.578
2024-07-16 22:40:00,569,Coimbatore,0.5,-10.578
2024-07-16 22:45:00,569,Coimbatore,0.5,-10.578
2024-07-16 22:50:00,569,Coimbatore,1.0,-10.578
2024-07-16 22:55:00,569,Coimbatore,1.0,-10.578
2024-07-16 23:00:00,569,Coimbatore,0.75,-10.578
2024-07-16 23:40:00,569,Coimbatore,0.5,-10.578
2024-07-16 23:45:00,569,Coimbatore,1.5,-10.578
2024-07-16 23:50:00,569,Coimbatore,2.0,-10.578
2024-07-16 23:55:00,569,Coimbatore,3.0,-10.578
2024-07-17 00:00:00,569,Coimbatore,2.5,-10.578
2024-07-17 00:05:00,569,Coimbatore,1.0,-10.578
2024-07-17 00:10:00,569,Coimbatore,1.5,-10.578
2024-07-17 00:15:00,569,Coimbatore,1.5,-10.578
2024-07-17 00:20:00,569,Coimbatore,2.0,-10.578
2024-07-17 00:25:00,569,Coimbatore,2.0,-10.578
2024-07-17 00:30:00,569,Coimbatore,2.0,-10.578
2024-07-17 00:35:00,569,Coimbatore,2.0,-10.578
2024-07-17 00:40:00,569,Coimbatore,2.0,-10.578
2024-07-17 00:45:00,569,Coimbatore,2.0,-10.578
2024-07-17 00:50:00,569,Coimbatore,2.0,-10.578
2024-07-17 00:55:00,569,Coimbatore,2.5,-10.578
2024-07-17 01:00:00,569,Coimbatore,2.125,-10.578
2024-07-17 01:05:00,569,Coimbatore,0.5,-10.578
2024-07-17 01:10:00,569,Coimbatore,0.5,-10.578
2024-07-17 01:15:00,569,Coimbatore,0.5,-10.578
2024-07-17 01:20:00,569,Coimbatore,0.5,-10.578
2024-07-17 01:25:00,569,Coimbatore,0.5,-10.578
2024-07-17 01:30:00,569,Coimbatore,1.0,-10.578
2024-07-17 01:35:00,569,Coimbatore,1.0,-10.578
2024-07-17 01:40:00,569,Coimbatore,1.0,-10.578
2024-07-17 01:45:00,569,Coimbatore,1.5,-10.578
2024-07-17 01:50:00,569,Coimbatore,1.5,-10.578
2024-07-17 01:55:00,569,Coimbatore,1.5,-10.578
2024-07-17 02:00:00,569,Coimbatore,1.5,-10.578
2024-07-17 03:20:00,569,Coimbatore,0.5,-10.5295
2024-07-17 03:25:00,569,Coimbatore,0.5,-10.5295
2024-07-17 03:30:00,569,Coimbatore,1.0,-10.5295
2024-07-17 03:35:00,569,Coimbatore,1.0,-10.5295
2024-07-17 03:40:00,569,Coimbatore,1.0,-10.5295
2024-07-17 03:45:00,569,Coimbatore,1.0,-10.5295
2024-07-17 03:50:00,569,Coimbatore,1.5,-10.5295
2024-07-17 03:55:00,569,Coimbatore,1.5,-10.5295
2024-07-17 04:00:00,569,Coimbatore,1.5,-10.5295
2024-07-17 04:15:00,569,Coimbatore,0.5,-10.5295
2024-07-17 04:20:00,569,Coimbatore,2.0,-10.5295
2024-07-17 04:25:00,569,Coimbatore,2.5,-10.5295
2024-07-17 04:30:00,569,Coimbatore,3.0,-10.5295
2024-07-17 04:35:00,569,Coimbatore,4.5,-10.5295
2024-07-17 04:40:00,569,Coimbatore,4.5,-10.5295
2024-07-17 04:45:00,569,Coimbatore,4.5,-10.5295
2024-07-17 04:50:00,569,Coimbatore,4.5,-10.5295
2024-07-17 04:55:00,569,Coimbatore,4.5,-10.5295
2024-07-17 05:00:00,569,Coimbatore,2.5,-10.5295
2024-07-17 06:00:00,569,Coimbatore,1.5,-10.5295
2024-07-17 06:05:00,569,Coimbatore,0.5,-10.5295
2024-07-17 06:10:00,569,Coimbatore,1.5,-10.5295
2024-07-17 06:15:00,569,Coimbatore,1.5,-10.5295
2024-07-17 06:20:00,569,Coimbatore,1.5,-10.5295
2024-07-17 06:25:00,569,Coimbatore,2.0,-10.5295
2024-07-17 06:30:00,569,Coimbatore,2.0,-10.5295
2024-07-17 06:35:00,569,Coimbatore,2.0,-10.5295
2024-07-17 06:40:00,569,Coimbatore,2.0,-10.5295
2024-07-17 06:45:00,569,Coimbatore,2.0,-10.5295
2024-07-17 06:50:00,569,Coimbatore,2.0,-10.5295
2024-07-17 06:55:00,569,Coimbatore,2.0,-10.5295
2024-07-17 07:00:00,569,Coimbatore,2.0,-10.5295
2024-07-17 07:05:00,569,Coimbatore,0.5,-10.5295
2024-07-17 07:10:00,569,Coimbatore,1.0,-10.5295
2024-07-17 07:15:00,569,Coimbatore,1.0,-10.5295
2024-07-17 07:20:00,569,Coimbatore,1.0,-10.5295
2024-07-17 07:25:00,569,Coimbatore,1.0,-10.5295
2024-07-17 07:30:00,569,Coimbatore,1.0,-10.5295
2024-07-17 07:35:00,569,Coimbatore,1.0,-10.5295
2024-07-17 07:40:00,569,Coimbatore,1.0,-10.5295
2024-07-17 07:45:00,569,Coimbatore,1.0,-10.5295
2024-07-17 07:50:00,569,Coimbatore,1.0,-10.5295
2024-07-17 07:55:00,569,Coimbatore,1.0,-10.5295
2024-07-17 08:00:00,569,Coimbatore,1.0,-10.5295
2024-07-17 08:05:00,569,Coimbatore,0.5,-10.5295
2024-07-17 08:10:00,569,Coimbatore,1.0,-10.5295
2024-07-17 08:15:00,569,Coimbatore,2.5,-10.5295
2024-07-17 08:20:00,569,Coimbatore,3.0,-10.5295
2024-07-17 08:25:00,569,Coimbatore,3.0,-10.5295
2024-07-17 08:30:00,569,Coimbatore,3.5,-10.5295
2024-07-17 08:35:00,569,Coimbatore,3.5,-10.5295
2024-07-17 08:40:00,569,Coimbatore,3.5,-10.5295
2024-07-17 08:45:00,569,Coimbatore,3.5,-10.5295
2024-07-17 08:50:00,569,Coimbatore,3.5,-10.5295
2024-07-17 08:55:00,569,Coimbatore,3.5,-10.5295
2024-07-17 09:00:00,569,Coimbatore,3.5,-10.5295
2024-07-17 09:15:00,569,Coimbatore,0.5,-10.573
2024-07-17 09:20:00,569,Coimbatore,0.5,-10.573
2024-07-17 09:25:00,569,Coimbatore,0.5,-10.573
2024-07-17 09:30:00,569,Coimbatore,0.5,-10.573
2024-07-17 09:35:00,569,Coimbatore,0.5,-10.573
2024-07-17 09:40:00,569,Coimbatore,1.0,-10.573
2024-07-17 09:45:00,569,Coimbatore,1.5,-10.573
2024-07-17 09:50:00,569,Coimbatore,4.5,-10.573
2024-07-17 09:55:00,569,Coimbatore,9.5,-10.573
2024-07-17 10:00:00,569,Coimbatore,7.0,-10.573
2024-07-17 10:05:00,569,Coimbatore,4.0,-10.573
2024-07-17 10:10:00,569,Coimbatore,5.0,-10.573
2024-07-17 10:15:00,569,Coimbatore,5.5,-10.573
2024-07-17 10:20:00,569,Coimbatore,5.5,-10.573
2024-07-17 10:25:00,569,Coimbatore,6.0,-10.573
2024-07-17 10:30:00,569,Coimbatore,6.5,-10.573
2024-07-17 10:35:00,569,Coimbatore,7.0,-10.573
2024-07-17 10:40:00,569,Coimbatore,7.0,-10.573
2024-07-17 10:45:00,569,Coimbatore,7.0,-10.573
2024-07-17 10:50:00,569,Coimbatore,7.5,-10.573
2024-07-17 10:55:00,569,Coimbatore,7.5,-10.573
2024-07-17 11:00:00,569,Coimbatore,7.5,-10.573
2024-07-17 11:10:00,569,Coimbatore,0.5,-10.573
2024-07-17 11:15:00,569,Coimbatore,0.5,-10.573
2024-07-17 11:20:00,569,Coimbatore,0.5,-10.573
2024-07-17 11:25:00,569,Coimbatore,1.0,-10.573
2024-07-17 11:30:00,569,Coimbatore,1.0,-10.573
2024-07-17 11:35:00,569,Coimbatore,1.5,-10.573
2024-07-17 11:40:00,569,Coimbatore,1.5,-10.573
2024-07-17 11:45:00,569,Coimbatore,1.5,-10.573
2024-07-17 11:50:00,569,Coimbatore,1.5,-10.573
2024-07-17 11:55:00,569,Coimbatore,1.5,-10.573
2024-07-17 12:00:00,569,Coimbatore,1.5,-10.573
2024-07-17 12:20:00,569,Coimbatore,0.5,-10.573
2024-07-17 12:25:00,569,Coimbatore,0.5,-10.573
2024-07-17 12:30:00,569,Coimbatore,0.5,-10.573
2024-07-17 12:35:00,569,Coimbatore,0.5,-10.573
2024-07-17 12:40:00,569,Coimbatore,0.5,-10.573
2024-07-17 12:45:00,569,Coimbatore,1.0,-10.573
2024-07-17 12:50:00,569,Coimbatore,3.5,-10.573
2024-07-17 12:55:00,569,Coimbatore,3.5,-10.573
2024-07-17 13:00:00,569,Coimbatore,3.5,-10.573
2024-07-17 13:10:00,569,Coimbatore,0.5,-10.573
2024-07-17 13:15:00,569,Coimbatore,0.5,-10.573
2024-07-17 13:20:00,569,Coimbatore,1.0,-10.573
2024-07-17 13:25:00,569,Coimbatore,2.5,-10.573
2024-07-17 13:30:00,569,Coimbatore,3.5,-10.573
2024-07-17 13:35:00,569,Coimbatore,5.5,-10.573
2024-07-17 13:40:00,569,Coimbatore,5.5,-10.573
2024-07-17 13:45:00,569,Coimbatore,5.5,-10.573
2024-07-17 13:50:00,569,Coimbatore,6.0,-10.573
2024-07-17 13:55:00,569,Coimbatore,10.0,-10.573
2024-07-17 14:00:00,569,Coimbatore,5.375,-10.573
2024-07-17 14:05:00,569,Coimbatore,2.0,-10.573
2024-07-17 14:10:00,569,Coimbatore,2.0,-10.573
2024-07-17 14:15:00,569,Coimbatore,2.5,-10.573
2024-07-17 14:20:00,569,Coimbatore,3.0,-10.573
2024-07-17 14:25:00,569,Coimbatore,3.0,-10.573
2024-07-17 14:30:00,569,Coimbatore,3.0,-10.573
2024-07-17 14:35:00,569,Coimbatore,3.0,-10.573
2024-07-17 14:40:00,569,Coimbatore,3.0,-10.573
2024-07-17 14:45:00,569,Coimbatore,3.0,-10.573
2024-07-17 14:50:00,569,Coimbatore,3.0,-10.573
2024-07-17 14:55:00,569,Coimbatore,3.0,-10.573
2024-07-17 15:00:00,569,Coimbatore,2.0,-10.573
2024-07-17 16:00:00,569,Coimbatore,0.5,-10.5245
2024-07-17 17:00:00,569,Coimbatore,0.5,-10.5245
2024-07-17 18:00:00,569,Coimbatore,1.0,-10.5245
2024-07-17 19:00:00,569,Coimbatore,0.5,-10.5245
2024-07-17 21:00:00,569,Coimbatore,1.0,-10.5245
2024-07-17 22:00:00,569,Coimbatore,1.5,-10.5075
2024-07-17 23:00:00,569,Coimbatore,0.5,-10.5075
2024-07-18 00:00:00,569,Coimbatore,0.5,-10.5075
2024-07-18 02:00:00,569,Coimbatore,3.0,-10.5075
2024-07-18 04:00:00,569,Coimbatore,1.5,-10.4745
2024-07-18 05:00:00,569,Coimbatore,0.6666666666666666,-10.4745
2024-07-18 06:00:00,569,Coimbatore,1.0,-10.4745
2024-07-18 07:00:00,569,Coimbatore,1.0,-10.4745
2024-07-18 08:00:00,569,Coimbatore,0.5,-10.4745
2024-07-18 10:00:00,569,Coimbatore,1.8333333333333333,-10.8265
2024-07-18 11:00:00,569,Coimbatore,0.8333333333333334,-10.8265
2024-07-18 11:20:00,569,Coimbatore,1.0,-10.8265
2024-07-18 11:25:00,569,Coimbatore,1.0,-10.8265
2024-07-18 12:00:00,569,Coimbatore,0.5,-10.8265
2024-07-18 12:25:00,569,Coimbatore,0.5,-10.8265
2024-07-18 12:45:00,569,Coimbatore,1.0,-10.8265
2024-07-18 12:50:00,569,Coimbatore,1.5,-10.8265
2024-07-18 12:55:00,569,Coimbatore,2.0,-10.8265
2024-07-18 13:00:00,569,Coimbatore,1.0,-10.8265
2024-07-18 16:00:00,569,Coimbatore,1.25,-10.599
2024-07-18 17:00:00,569,Coimbatore,3.0,-10.599
2024-07-18 21:00:00,569,Coimbatore,1.0,-10.599
2024-07-18 23:00:00,569,Coimbatore,1.0,-10.533
2024-07-19 05:00:00,569,Coimbatore,0.5,-10.4525
2024-07-19 06:00:00,569,Coimbatore,1.5,-10.4525
2024-07-19 08:00:00,569,Coimbatore,4.0,-10.4525
2024-07-19 09:00:00,569,Coimbatore,2.5,-10.4525
2024-07-19 10:00:00,569,Coimbatore,0.75,-10.808
2024-07-19 11:00:00,569,Coimbatore,0.5,-10.808
2024-07-19 13:00:00,569,Coimbatore,0.5,-10.808
2024-07-19 14:00:00,569,Coimbatore,1.3333333333333333,-10.808
2024-07-19 15:00:00,569,Coimbatore,3.5,-10.808
2024-07-19 16:00:00,569,Coimbatore,7.5,-10.547
2024-07-19 17:00:00,569,Coimbatore,3.25,-10.547
2024-07-19 18:00:00,569,Coimbatore,1.5,-10.547
2024-07-19 19:00:00,569,Coimbatore,1.8333333333333333,-10.547
2024-07-19 21:00:00,569,Coimbatore,0.5,-10.547
2024-07-20 01:00:00,569,Coimbatore,0.5,-10.44
2024-07-20 06:00:00,569,Coimbatore,0.5,-10.383
2024-07-20 07:00:00,569,Coimbatore,1.0,-10.383
2024-07-20 09:00:00,569,Coimbatore,1.5,-10.383
2024-07-20 10:00:00,569,Coimbatore,0.5,-10.456
2024-07-20 11:00:00,569,Coimbatore,1.0,-10.456
2024-07-20 12:00:00,569,Coimbatore,0.5,-10.456
2024-07-20 13:00:00,569,Coimbatore,4.0,-10.456
2024-07-20 14:00:00,569,Coimbatore,1.5,-10.456
2024-07-20 18:00:00,569,Coimbatore,1.0,-10.359
2024-07-20 19:00:00,569,Coimbatore,1.0,-10.359
2024-07-21 07:00:00,569,Coimbatore,3.0,-10.2845
2024-07-22 14:00:00,569,Coimbatore,7.5,-10.6765
2024-07-22 15:00:00,569,Coimbatore,2.833333333333333,-10.6765
2024-07-22 16:00:00,569,Coimbatore,0.5,-10.4045
2024-07-22 21:00:00,569,Coimbatore,1.5,-10.4045
2024-07-23 04:00:00,569,Coimbatore,0.5,-10.2395
2024-07-23 05:00:00,569,Coimbatore,0.5,-10.2395
2024-07-23 06:00:00,569,Coimbatore,1.0,-10.2395
2024-07-23 07:00:00,569,Coimbatore,0.5,-10.2395
2024-07-23 08:00:00,569,Coimbatore,1.0,-10.2395
2024-07-23 10:00:00,569,Coimbatore,0.5,-10.468
2024-07-23 13:00:00,569,Coimbatore,0.5,-10.468
2024-07-23 14:00:00,569,Coimbatore,1.0,-10.468
2024-07-23 15:00:00,569,Coimbatore,0.75,-10.468
2024-07-23 18:00:00,569,Coimbatore,0.5,-10.2925
2024-07-23 19:00:00,569,Coimbatore,0.5,-10.2925
2024-07-23 20:00:00,569,Coimbatore,0.5,-10.2925
2024-07-23 21:00:00,569,Coimbatore,1.25,-10.2925
2024-07-23 22:00:00,569,Coimbatore,3.8333333333333335,-10.244
2024-07-23 23:00:00,569,Coimbatore,0.75,-10.244
2024-07-24 01:00:00,569,Coimbatore,1.5,-10.244
2024-07-24 02:00:00,569,Coimbatore,1.75,-10.244
2024-07-24 04:00:00,569,Coimbatore,0.75,-10.2155
2024-07-24 06:00:00,569,Coimbatore,0.5,-10.2155
2024-07-24 07:00:00,569,Coimbatore,3.5,-10.2155
2024-07-24 08:00:00,569,Coimbatore,1.5,-10.2155
2024-07-24 13:00:00,569,Coimbatore,4.0,-10.4315
2024-07-24 14:00:00,569,Coimbatore,0.6666666666666666,-10.4315
2024-07-25 01:00:00,569,Coimbatore,4.5,-10.2875
2024-07-25 02:00:00,569,Coimbatore,3.0,-10.2875
2024-07-25 03:00:00,569,Coimbatore,2.5,-10.2875
2024-07-25 04:00:00,569,Coimbatore,7.8,-10.2195
2024-07-25 05:00:00,569,Coimbatore,1.8333333333333333,-10.2195
2024-07-25 06:00:00,569,Coimbatore,1.1666666666666667,-10.2195
2024-07-25 08:00:00,569,Coimbatore,0.75,-10.2195
2024-07-25 09:00:00,569,Coimbatore,0.5,-10.2195
2024-07-25 10:00:00,569,Coimbatore,2.0,-10.2315
2024-07-25 11:00:00,569,Coimbatore,1.0,-10.2315
2024-07-25 12:00:00,569,Coimbatore,1.0,-10.2315
2024-07-25 13:00:00,569,Coimbatore,0.5,-10.2315
2024-07-25 14:00:00,569,Coimbatore,6.625,-10.2315
2024-07-25 15:00:00,569,Coimbatore,1.625,-10.2315
2024-07-25 16:00:00,569,Coimbatore,0.5,-10.229
2024-07-25 20:00:00,569,Coimbatore,1.25,-10.229
2024-07-25 21:00:00,569,Coimbatore,2.0,-10.229
2024-07-25 22:00:00,569,Coimbatore,1.0,-10.2285
2024-07-25 23:00:00,569,Coimbatore,0.75,-10.2285
2024-07-26 00:00:00,569,Coimbatore,4.0,-10.2285
2024-07-26 01:00:00,569,Coimbatore,4.0,-10.2285
2024-07-26 02:00:00,569,Coimbatore,0.5,-10.2285
2024-07-26 04:00:00,569,Coimbatore,0.5,-10.1955
2024-07-26 11:00:00,569,Coimbatore,0.5,-10.18
2024-07-26 12:00:00,569,Coimbatore,0.5,-10.4775
2024-07-26 13:00:00,569,Coimbatore,0.5,-10.4775
2024-07-26 14:00:00,569,Coimbatore,3.5,-10.4775
2024-07-26 15:00:00,569,Coimbatore,3.5,-10.4775
2024-07-26 16:00:00,569,Coimbatore,1.0,-10.3495
2024-07-26 17:00:00,569,Coimbatore,1.0,-10.3495
2024-07-26 18:00:00,569,Coimbatore,1.5,-10.3495
2024-07-26 19:00:00,569,Coimbatore,5.5,-10.3495
2024-07-26 20:00:00,569,Coimbatore,1.25,-10.3495
2024-07-26 21:00:00,569,Coimbatore,0.5,-10.3495
2024-07-27 07:00:00,569,Coimbatore,0.5,-10.620666666666668
2024-07-27 08:00:00,569,Coimbatore,0.5,-10.620666666666668
2024-07-27 09:00:00,569,Coimbatore,0.5,-10.620666666666668
2024-07-27 10:00:00,569,Coimbatore,0.5,-10.720666666666666
2024-07-27 11:00:00,569,Coimbatore,0.5,-10.720666666666666
2024-07-27 12:00:00,569,Coimbatore,1.0,-10.720666666666666
2024-07-27 13:00:00,569,Coimbatore,0.5,-10.720666666666666
2024-07-27 14:00:00,569,Coimbatore,2.5,-10.720666666666666
2024-07-27 15:00:00,569,Coimbatore,1.5,-10.720666666666666
2024-07-27 16:00:00,569,Coimbatore,2.0,-10.706
2024-07-28 04:00:00,569,Coimbatore,1.1666666666666667,-10.619666666666667
2024-07-28 05:00:00,569,Coimbatore,0.5,-10.619666666666667
2024-07-28 06:00:00,569,Coimbatore,1.1666666666666667,-10.619666666666667
2024-07-28 07:00:00,569,Coimbatore,1.5,-10.619666666666667
2024-07-28 08:00:00,569,Coimbatore,1.0,-10.619666666666667
2024-07-28 09:00:00,569,Coimbatore,0.75,-10.619666666666667
2024-07-28 10:00:00,569,Coimbatore,0.5,-10.751333333333337
2024-07-28 11:00:00,569,Coimbatore,0.5,-10.751333333333337
2024-07-28 13:00:00,569,Coimbatore,0.5,-10.751333333333337
2024-07-28 16:00:00,569,Coimbatore,2.0,-10.673666666666668
2024-07-28 17:00:00,569,Coimbatore,2.5,-10.673666666666668
2024-07-28 19:00:00,569,Coimbatore,15.5,-10.673666666666668
2024-07-28 20:00:00,569,Coimbatore,2.6666666666666665,-10.673666666666668
2024-07-28 22:00:00,569,Coimbatore,1.1666666666666667,-10.642
2024-07-28 23:00:00,569,Coimbatore,1.0,-10.642
2024-07-29 00:00:00,569,Coimbatore,2.75,-10.642
2024-07-29 01:00:00,569,Coimbatore,1.125,-10.642
2024-07-29 02:00:00,569,Coimbatore,0.75,-10.642
2024-07-29 04:00:00,569,Coimbatore,1.3333333333333333,-10.638666666666667
2024-07-29 06:00:00,569,Coimbatore,0.5,-10.638666666666667
2024-07-29 07:00:00,569,Coimbatore,0.5,-10.638666666666667
2024-07-29 10:00:00,569,Coimbatore,0.5,-10.67
2024-07-29 12:00:00,569,Coimbatore,1.6666666666666667,-10.67
2024-07-29 13:00:00,569,Coimbatore,1.125,-10.67
2024-07-29 14:00:00,569,Coimbatore,2.625,-10.67
2024-07-29 15:00:00,569,Coimbatore,2.5,-10.67
2024-07-29 16:00:00,569,Coimbatore,3.5,-10.573
2024-07-29 17:00:00,569,Coimbatore,5.5,-10.573
2024-07-29 17:05:00,569,Coimbatore,0.5,-10.573
2024-07-29 17:10:00,569,Coimbatore,0.5,-10.573
2024-07-29 17:15:00,569,Coimbatore,0.5,-10.573
2024-07-29 17:20:00,569,Coimbatore,1.0,-10.573
2024-07-29 17:25:00,569,Coimbatore,1.0,-10.573
2024-07-29 17:30:00,569,Coimbatore,1.0,-10.573
2024-07-29 17:35:00,569,Coimbatore,1.0,-10.573
2024-07-29 17:40:00,569,Coimbatore,1.5,-10.573
2024-07-29 17:45:00,569,Coimbatore,1.5,-10.573
2024-07-29 17:50:00,569,Coimbatore,1.5,-10.573
2024-07-29 17:55:00,569,Coimbatore,2.0,-10.573
2024-07-29 18:00:00,569,Coimbatore,7.0,-10.573
2024-07-29 18:25:00,569,Coimbatore,0.5,-10.573
2024-07-29 18:30:00,569,Coimbatore,0.5,-10.573
2024-07-29 18:35:00,569,Coimbatore,0.5,-10.573
2024-07-29 18:40:00,569,Coimbatore,0.5,-10.573
2024-07-29 18:45:00,569,Coimbatore,0.5,-10.573
2024-07-29 18:50:00,569,Coimbatore,0.5,-10.573
2024-07-29 18:55:00,569,Coimbatore,0.5,-10.573
2024-07-29 19:00:00,569,Coimbatore,4.0,-10.573
2024-07-29 20:00:00,569,Coimbatore,0.8333333333333334,-10.573
2024-07-29 20:35:00,569,Coimbatore,0.5,-10.573
2024-07-29 20:40:00,569,Coimbatore,0.5,-10.573
2024-07-29 20:45:00,569,Coimbatore,0.5,-10.573
2024-07-29 20:50:00,569,Coimbatore,0.5,-10.573
2024-07-29 20:55:00,569,Coimbatore,0.5,-10.573
2024-07-29 21:00:00,569,Coimbatore,1.375,-10.573
2024-07-29 22:00:00,569,Coimbatore,3.6666666666666665,-10.688
2024-07-29 22:25:00,569,Coimbatore,0.5,-10.688
2024-07-29 22:30:00,569,Coimbatore,1.0,-10.688
2024-07-29 22:35:00,569,Coimbatore,2.0,-10.688
2024-07-29 22:40:00,569,Coimbatore,2.5,-10.688
2024-07-29 22:45:00,569,Coimbatore,3.0,-10.688
2024-07-29 22:50:00,569,Coimbatore,3.0,-10.688
2024-07-29 22:55:00,569,Coimbatore,3.0,-10.688
2024-07-29 23:00:00,569,Coimbatore,3.125,-10.688
2024-07-29 23:05:00,569,Coimbatore,0.5,-10.688
2024-07-29 23:10:00,569,Coimbatore,1.0,-10.688
2024-07-29 23:15:00,569,Coimbatore,1.5,-10.688
2024-07-29 23:20:00,569,Coimbatore,2.5,-10.688
2024-07-29 23:25:00,569,Coimbatore,3.0,-10.688
2024-07-29 23:30:00,569,Coimbatore,3.0,-10.688
2024-07-29 23:35:00,569,Coimbatore,3.0,-10.688
2024-07-29 23:40:00,569,Coimbatore,3.5,-10.688
2024-07-29 23:45:00,569,Coimbatore,3.5,-10.688
2024-07-29 23:50:00,569,Coimbatore,4.0,-10.688
2024-07-29 23:55:00,569,Coimbatore,4.0,-10.688
2024-07-30 00:00:00,569,Coimbatore,3.625,-10.688
2024-07-30 00:15:00,569,Coimbatore,0.5,-10.688
2024-07-30 00:20:00,569,Coimbatore,1.5,-10.688
2024-07-30 00:25:00,569,Coimbatore,2.0,-10.688
2024-07-30 00:30:00,569,Coimbatore,2.0,-10.688
2024-07-30 00:35:00,569,Coimbatore,2.5,-10.688
2024-07-30 00:40:00,569,Coimbatore,2.5,-10.688
2024-07-30 00:45:00,569,Coimbatore,2.5,-10.688
2024-07-30 00:50:00,569,Coimbatore,3.0,-10.688
2024-07-30 00:55:00,569,Coimbatore,3.0,-10.688
2024-07-30 01:00:00,569,Coimbatore,2.875,-10.688
2024-07-30 01:45:00,569,Coimbatore,0.5,-10.688
2024-07-30 01:50:00,569,Coimbatore,0.5,-10.688
2024-07-30 01:55:00,569,Coimbatore,0.5,-10.688
2024-07-30 02:00:00,569,Coimbatore,3.25,-10.688
2024-07-30 02:50:00,569,Coimbatore,0.5,-10.688
2024-07-30 02:55:00,569,Coimbatore,0.5,-10.688
2024-07-30 03:00:00,569,Coimbatore,2.333333333333333,-10.688
2024-07-30 03:05:00,569,Coimbatore,0.5,-10.609
2024-07-30 03:10:00,569,Coimbatore,0.5,-10.609
2024-07-30 03:15:00,569,Coimbatore,0.5,-10.609
2024-07-30 03:20:00,569,Coimbatore,0.5,-10.609
2024-07-30 03:25:00,569,Coimbatore,1.0,-10.609
2024-07-30 03:30:00,569,Coimbatore,1.0,-10.609
2024-07-30 03:35:00,569,Coimbatore,1.0,-10.609
2024-07-30 03:40:00,569,Coimbatore,1.0,-10.609
2024-07-30 03:45:00,569,Coimbatore,1.5,-10.609
2024-07-30 03:50:00,569,Coimbatore,1.5,-10.609
2024-07-30 03:55:00,569,Coimbatore,1.5,-10.609
2024-07-30 04:00:00,569,Coimbatore,1.375,-10.609
2024-07-30 05:00:00,569,Coimbatore,1.0,-10.609
2024-07-30 06:00:00,569,Coimbatore,1.5,-10.609
2024-07-30 07:00:00,569,Coimbatore,0.5,-10.609
2024-07-30 08:00:00,569,Coimbatore,5.0,-10.609
2024-07-30 09:00:00,569,Coimbatore,1.3333333333333333,-10.609
2024-07-30 10:00:00,569,Coimbatore,1.0,-10.814
2024-07-30 12:00:00,569,Coimbatore,2.5,-10.814
2024-07-30 13:00:00,569,Coimbatore,1.0,-10.814
2024-07-30 15:00:00,569,Coimbatore,0.5,-10.814
2024-07-30 18:00:00,569,Coimbatore,0.5,-10.652666666666669
2024-07-30 20:00:00,569,Coimbatore,0.5,-10.652666666666669
2024-07-31 06:00:00,569,Coimbatore,2.0,-10.514
2024-07-31 10:00:00,569,Coimbatore,2.25,-10.645666666666664
2024-07-31 11:00:00,569,Coimbatore,3.1666666666666665,-10.645666666666664
2024-07-31 12:00:00,569,Coimbatore,1.5,-10.645666666666664
2024-07-31 16:00:00,569,Coimbatore,1.75,-10.622
2024-07-31 17:00:00,569,Coimbatore,5.375,-10.622
2024-07-31 18:00:00,569,Coimbatore,2.625,-10.622
2024-07-31 19:00:00,569,Coimbatore,1.25,-10.622
2024-08-01 13:00:00,569,Coimbatore,1.0,-10.703666666666669
2024-08-01 14:00:00,569,Coimbatore,1.0,-10.703666666666669
2024-08-01 15:00:00,569,Coimbatore,1.0,-10.703666666666669
2024-08-01 18:00:00,569,Coimbatore,0.5,-10.694
2024-08-02 00:00:00,569,Coimbatore,0.5,-10.582333333333333
2024-08-02 09:00:00,569,Coimbatore,2.0,-10.603
2024-08-02 11:00:00,569,Coimbatore,0.5,-10.600333333333332
2024-08-02 12:00:00,569,Coimbatore,0.5,-10.600333333333332
2024-08-02 16:00:00,569,Coimbatore,0.5,-10.612333333333332
2024-08-03 16:00:00,569,Coimbatore,6.0,-10.415666666666668
2024-08-05 17:00:00,569,Coimbatore,0.5,-10.489666666666666
2024-08-05 21:00:00,569,Coimbatore,0.5,-10.489666666666666
2024-08-06 01:00:00,569,Coimbatore,0.5,-10.47
2024-08-06 02:00:00,569,Coimbatore,0.5,-10.47
2024-08-06 03:00:00,569,Coimbatore,0.5,-10.47
2024-08-06 07:00:00,569,Coimbatore,1.0,-10.485333333333337
2024-08-07 13:00:00,569,Coimbatore,1.5,-10.546333333333337
2024-08-07 14:00:00,569,Coimbatore,4.0,-10.546333333333337
2024-08-07 15:00:00,569,Coimbatore,2.5,-10.546333333333337
2024-08-07 16:00:00,569,Coimbatore,3.0,-10.43
2024-08-07 17:00:00,569,Coimbatore,0.5,-10.43
2024-08-08 05:00:00,569,Coimbatore,1.5,-10.479333333333331
2024-08-08 06:00:00,569,Coimbatore,0.5,-10.479333333333331
2024-08-08 16:00:00,569,Coimbatore,2.5,-10.445333333333332
2024-08-10 10:00:00,569,Coimbatore,0.5,-10.5075
2024-08-10 15:00:00,569,Coimbatore,11.5,-10.5075
2024-08-11 15:00:00,569,Coimbatore,0.5,-10.407333333333334
2024-08-11 16:00:00,569,Coimbatore,16.5,-10.405333333333331
2024-08-11 17:00:00,569,Coimbatore,0.5,-10.405333333333331
2024-08-11 21:00:00,569,Coimbatore,1.0,-10.405333333333331
2024-08-12 00:00:00,569,Coimbatore,0.5,-10.337333333333332
2024-08-12 01:00:00,569,Coimbatore,0.875,-10.337333333333332
2024-08-12 02:00:00,569,Coimbatore,0.5,-10.337333333333332
2024-08-12 03:00:00,569,Coimbatore,2.5,-10.337333333333332
2024-08-12 04:00:00,569,Coimbatore,0.5,-10.376
2024-08-12 17:00:00,569,Coimbatore,0.5,-10.460333333333333
2024-08-12 18:00:00,569,Coimbatore,11.5,-10.460333333333333
2024-08-12 20:00:00,569,Coimbatore,1.5,-10.460333333333333
2024-08-12 21:00:00,569,Coimbatore,1.0,-10.460333333333333
2024-08-12 23:00:00,569,Coimbatore,1.0,-10.332666666666666
2024-08-13 00:00:00,569,Coimbatore,0.5,-10.332666666666666
2024-08-13 01:00:00,569,Coimbatore,0.5,-10.332666666666666
2024-08-13 04:00:00,569,Coimbatore,0.5,-11.749
2024-08-13 06:00:00,569,Coimbatore,0.5,-11.749
2024-08-13 17:00:00,569,Coimbatore,0.5,-11.746
2024-08-13 22:00:00,569,Coimbatore,2.0,-11.561
2024-08-14 02:00:00,569,Coimbatore,4.5,-11.561
2024-08-14 12:00:00,569,Coimbatore,0.5,-10.390333333333333
2024-08-14 13:00:00,569,Coimbatore,0.5,-10.390333333333333
2024-08-14 15:00:00,569,Coimbatore,0.5,-10.390333333333333
2024-08-14 16:00:00,569,Coimbatore,0.5,-10.281666666666666
2024-08-14 17:00:00,569,Coimbatore,0.5,-10.281666666666666
2024-08-14 18:00:00,569,Coimbatore,0.5,-10.281666666666666
2024-08-15 00:00:00,569,Coimbatore,0.5,-10.281333333333334
2024-08-15 01:00:00,569,Coimbatore,2.0,-10.281333333333334
2024-08-15 02:00:00,569,Coimbatore,3.5,-10.281333333333334
2024-08-15 03:00:00,569,Coimbatore,8.5,-10.281333333333334
2024-08-15 04:00:00,569,Coimbatore,7.5,-10.239666666666666
2024-08-15 05:00:00,569,Coimbatore,0.5,-10.239666666666666
2024-08-15 14:00:00,569,Coimbatore,0.5,-10.375
2024-08-16 01:00:00,569,Coimbatore,0.5,-10.164666666666667
2024-08-16 02:00:00,569,Coimbatore,0.5,-10.164666666666667
2024-08-16 04:00:00,569,Coimbatore,1.0,-10.234666666666667
2024-08-16 08:00:00,569,Coimbatore,0.5,-10.234666666666667
2024-08-16 17:00:00,569,Coimbatore,0.5,-10.249333333333333
2024-08-16 20:00:00,569,Coimbatore,10.0,-10.249333333333333
2024-08-16 21:00:00,569,Coimbatore,8.0,-10.249333333333333
2024-08-16 22:00:00,569,Coimbatore,0.5,-10.196333333333332
2024-08-16 23:00:00,569,Coimbatore,9.0,-10.196333333333332
2024-08-17 00:00:00,569,Coimbatore,5.5,-10.196333333333332
2024-08-17 01:00:00,569,Coimbatore,1.3333333333333333,-10.196333333333332
2024-08-17 04:00:00,569,Coimbatore,0.5,-10.808
2024-08-17 07:00:00,569,Coimbatore,1.0,-10.808
2024-08-17 09:00:00,569,Coimbatore,0.5,-10.808
2024-08-17 13:00:00,569,Coimbatore,2.0,-10.775
2024-08-17 15:00:00,569,Coimbatore,0.5,-10.775
2024-08-18 03:00:00,569,Coimbatore,0.5,-10.8675
2024-08-19 05:00:00,569,Coimbatore,0.5,-10.6815
2024-08-19 09:00:00,569,Coimbatore,1.0,-10.6815
2024-08-19 16:00:00,569,Coimbatore,1.5,-10.7385
2024-08-19 18:20:00,569,Coimbatore,0.5,-10.7385
2024-08-19 18:25:00,569,Coimbatore,0.5,-10.7385
2024-08-19 18:30:00,569,Coimbatore,0.5,-10.7385
2024-08-19 18:35:00,569,Coimbatore,0.5,-10.7385
2024-08-19 18:40:00,569,Coimbatore,0.5,-10.7385
2024-08-19 18:45:00,569,Coimbatore,0.5,-10.7385
2024-08-19 18:50:00,569,Coimbatore,0.5,-10.7385
2024-08-19 18:55:00,569,Coimbatore,0.5,-10.7385
2024-08-19 19:00:00,569,Coimbatore,0.75,-10.7385
2024-08-19 19:50:00,569,Coimbatore,0.5,-10.7385
2024-08-19 19:55:00,569,Coimbatore,0.5,-10.7385
2024-08-19 20:00:00,569,Coimbatore,1.0,-10.7385
2024-08-19 21:00:00,569,Coimbatore,0.5,-10.7385
2024-08-19 21:15:00,569,Coimbatore,0.5,-10.847
2024-08-19 21:20:00,569,Coimbatore,0.5,-10.847
2024-08-19 21:25:00,569,Coimbatore,0.5,-10.847
2024-08-19 21:30:00,569,Coimbatore,0.5,-10.847
2024-08-19 21:35:00,569,Coimbatore,0.5,-10.847
2024-08-19 21:40:00,569,Coimbatore,0.5,-10.847
2024-08-19 21:45:00,569,Coimbatore,0.5,-10.847
2024-08-19 21:50:00,569,Coimbatore,0.5,-10.847
2024-08-19 21:55:00,569,Coimbatore,0.5,-10.847
2024-08-19 22:00:00,569,Coimbatore,0.5,-10.847
2024-08-20 16:00:00,569,Coimbatore,0.5,-10.7405
2024-08-20 16:15:00,569,Coimbatore,1.5,-10.7405
2024-08-20 16:20:00,569,Coimbatore,2.5,-10.7405
2024-08-20 16:25:00,569,Coimbatore,3.0,-10.7405
2024-08-20 16:50:00,569,Coimbatore,3.5,-10.7405
2024-08-20 17:00:00,569,Coimbatore,2.0,-10.7405
2024-08-20 18:00:00,569,Coimbatore,2.0,-10.7405
2024-08-20 19:00:00,569,Coimbatore,3.5,-10.7405
2024-08-20 20:00:00,569,Coimbatore,2.75,-10.7405
2024-08-20 20:15:00,569,Coimbatore,0.5,-10.7405
2024-08-20 20:20:00,569,Coimbatore,1.0,-10.7405
2024-08-20 20:25:00,569,Coimbatore,1.0,-10.7405
2024-08-20 20:30:00,569,Coimbatore,1.5,-10.7405
2024-08-20 20:35:00,569,Coimbatore,1.5,-10.7405
2024-08-20 20:40:00,569,Coimbatore,1.5,-10.7405
2024-08-20 20:45:00,569,Coimbatore,2.0,-10.7405
2024-08-20 20:50:00,569,Coimbatore,2.0,-10.7405
2024-08-20 20:55:00,569,Coimbatore,2.0,-10.7405
2024-08-20 21:00:00,569,Coimbatore,2.333333333333333,-10.7405
2024-08-20 21:35:00,569,Coimbatore,0.5,-10.8535
2024-08-20 21:40:00,569,Coimbatore,0.5,-10.8535
2024-08-20 21:45:00,569,Coimbatore,0.5,-10.8535
2024-08-20 21:50:00,569,Coimbatore,0.5,-10.8535
2024-08-20 21:55:00,569,Coimbatore,0.5,-10.8535
2024-08-20 22:00:00,569,Coimbatore,0.75,-10.8535
2024-08-20 22:05:00,569,Coimbatore,0.5,-10.8535
2024-08-20 22:10:00,569,Coimbatore,0.5,-10.8535
2024-08-20 22:15:00,569,Coimbatore,0.5,-10.8535
2024-08-20 22:20:00,569,Coimbatore,0.5,-10.8535
2024-08-20 22:25:00,569,Coimbatore,0.5,-10.8535
2024-08-20 22:30:00,569,Coimbatore,0.5,-10.8535
2024-08-20 22:35:00,569,Coimbatore,0.5,-10.8535
2024-08-20 22:40:00,569,Coimbatore,0.5,-10.8535
2024-08-20 22:45:00,569,Coimbatore,0.5,-10.8535
2024-08-20 22:50:00,569,Coimbatore,0.5,-10.8535
2024-08-20 22:55:00,569,Coimbatore,0.5,-10.8535
2024-08-20 23:00:00,569,Coimbatore,1.0,-10.8535
2024-08-21 01:00:00,569,Coimbatore,0.5,-10.8535
2024-08-21 05:00:00,569,Coimbatore,4.0,-10.045
2024-08-21 06:00:00,569,Coimbatore,4.5,-10.045
2024-08-21 06:45:00,569,Coimbatore,0.5,-10.045
2024-08-21 06:50:00,569,Coimbatore,1.0,-10.045
2024-08-21 06:55:00,569,Coimbatore,1.0,-10.045
2024-08-21 07:00:00,569,Coimbatore,2.5,-10.045
2024-08-21 07:05:00,569,Coimbatore,0.5,-10.045
2024-08-21 07:10:00,569,Coimbatore,0.5,-10.045
2024-08-21 07:15:00,569,Coimbatore,1.0,-10.045
2024-08-21 07:20:00,569,Coimbatore,1.0,-10.045
2024-08-21 07:25:00,569,Coimbatore,1.5,-10.045
2024-08-21 07:30:00,569,Coimbatore,1.5,-10.045
2024-08-21 07:35:00,569,Coimbatore,1.5,-10.045
2024-08-21 07:40:00,569,Coimbatore,1.5,-10.045
2024-08-21 07:45:00,569,Coimbatore,1.5,-10.045
2024-08-21 07:50:00,569,Coimbatore,1.5,-10.045
2024-08-21 07:55:00,569,Coimbatore,1.5,-10.045
2024-08-21 08:00:00,569,Coimbatore,1.75,-10.045
2024-08-21 09:00:00,569,Coimbatore,2.25,-10.045
2024-08-21 10:00:00,569,Coimbatore,0.5,-10.192333333333332
2024-08-22 00:00:00,569,Coimbatore,1.0,-10.081666666666669
2024-08-22 08:00:00,569,Coimbatore,0.5,-11.347
2024-08-22 09:00:00,569,Coimbatore,1.5,-11.347
2024-08-22 10:00:00,569,Coimbatore,1.5,-11.573
2024-08-22 22:20:00,569,Coimbatore,0.5,-10.755
2024-08-22 22:25:00,569,Coimbatore,0.5,-10.755
2024-08-22 22:30:00,569,Coimbatore,0.5,-10.755
2024-08-22 22:35:00,569,Coimbatore,0.5,-10.755
2024-08-22 22:40:00,569,Coimbatore,0.5,-10.755
2024-08-22 22:45:00,569,Coimbatore,0.5,-10.755
2024-08-22 22:50:00,569,Coimbatore,0.5,-10.755
2024-08-22 22:55:00,569,Coimbatore,0.5,-10.755
2024-08-22 23:00:00,569,Coimbatore,0.5,-10.755
2024-08-24 12:00:00,569,Coimbatore,1.5,-10.753
2024-08-24 13:00:00,569,Coimbatore,0.5,-10.753
2024-08-25 14:00:00,569,Coimbatore,0.5,-10.165
2024-08-26 04:00:00,569,Coimbatore,3.5,-10.103666666666667
2024-08-26 07:00:00,569,Coimbatore,0.5,-10.103666666666667
2024-08-26 19:00:00,569,Coimbatore,0.5,-10.116666666666667
2024-08-27 05:00:00,569,Coimbatore,0.5,-10.2375
2024-08-27 07:00:00,569,Coimbatore,0.5,-10.2375
2024-08-27 12:00:00,569,Coimbatore,0.5,-10.0575
2024-08-27 13:00:00,569,Coimbatore,2.5,-10.0575
2024-08-27 16:00:00,569,Coimbatore,0.5,-10.109
2024-08-28 08:05:00,569,Coimbatore,0.5,-10.224333333333334
2024-08-28 08:10:00,569,Coimbatore,0.5,-10.224333333333334
2024-08-28 08:15:00,569,Coimbatore,0.5,-10.224333333333334
2024-08-28 08:20:00,569,Coimbatore,0.5,-10.224333333333334
2024-08-28 08:25:00,569,Coimbatore,0.5,-10.224333333333334
2024-08-28 08:30:00,569,Coimbatore,1.0,-10.224333333333334
2024-08-28 08:35:00,569,Coimbatore,1.0,-10.224333333333334
2024-08-28 08:40:00,569,Coimbatore,1.0,-10.224333333333334
2024-08-28 08:45:00,569,Coimbatore,1.0,-10.224333333333334
2024-08-28 08:50:00,569,Coimbatore,1.0,-10.224333333333334
2024-08-28 08:55:00,569,Coimbatore,1.0,-10.224333333333334
2024-08-28 09:00:00,569,Coimbatore,1.0,-10.224333333333334
2024-08-28 14:00:00,569,Coimbatore,1.0,-10.211666666666666
2024-08-28 17:00:00,569,Coimbatore,1.25,-10.240666666666668
2024-08-28 18:00:00,569,Coimbatore,0.5,-10.240666666666668
2024-08-28 19:00:00,569,Coimbatore,0.8333333333333334,-10.240666666666668
2024-08-28 22:15:00,569,Coimbatore,0.5,-10.124666666666668
2024-08-28 22:20:00,569,Coimbatore,2.0,-10.124666666666668
2024-08-28 22:25:00,569,Coimbatore,2.5,-10.124666666666668
2024-08-28 22:30:00,569,Coimbatore,2.5,-10.124666666666668
2024-08-28 22:35:00,569,Coimbatore,2.5,-10.124666666666668
2024-08-28 22:40:00,569,Coimbatore,2.5,-10.124666666666668
2024-08-28 22:45:00,569,Coimbatore,2.5,-10.124666666666668
2024-08-28 22:50:00,569,Coimbatore,2.5,-10.124666666666668
2024-08-28 22:55:00,569,Coimbatore,2.5,-10.124666666666668
2024-08-28 23:00:00,569,Coimbatore,2.0,-10.124666666666668
2024-08-29 00:00:00,569,Coimbatore,1.75,-10.124666666666668
2024-08-29 01:00:00,569,Coimbatore,3.5,-10.124666666666668
2024-08-29 02:00:00,569,Coimbatore,1.5,-10.124666666666668
2024-08-29 04:00:00,569,Coimbatore,5.0,-10.128666666666666
2024-08-29 05:00:00,569,Coimbatore,2.5,-10.128666666666666
2024-08-29 06:00:00,569,Coimbatore,1.0,-10.128666666666666
2024-08-29 07:00:00,569,Coimbatore,1.0,-10.128666666666666
2024-08-29 08:00:00,569,Coimbatore,0.5,-10.128666666666666
2024-08-29 12:00:00,569,Coimbatore,2.0,-10.329333333333333
2024-08-29 13:00:00,569,Coimbatore,0.5,-10.329333333333333
2024-08-29 16:00:00,569,Coimbatore,3.0,-10.188333333333334
2024-08-29 17:00:00,569,Coimbatore,7.5,-10.188333333333334
2024-08-29 18:00:00,569,Coimbatore,0.5,-10.188333333333334
2024-08-29 19:00:00,569,Coimbatore,0.5,-10.188333333333334
2024-08-29 20:00:00,569,Coimbatore,3.1666666666666665,-10.188333333333334
2024-08-29 21:00:00,569,Coimbatore,1.0,-10.188333333333334
2024-08-29 23:00:00,569,Coimbatore,1.25,-10.257666666666664
2024-08-30 00:00:00,569,Coimbatore,0.5,-10.257666666666664
2024-08-30 02:15:00,569,Coimbatore,0.5,-10.257666666666664
2024-08-30 02:20:00,569,Coimbatore,0.5,-10.257666666666664
2024-08-30 02:25:00,569,Coimbatore,0.5,-10.257666666666664
2024-08-30 02:30:00,569,Coimbatore,0.5,-10.257666666666664
2024-08-30 02:35:00,569,Coimbatore,0.5,-10.257666666666664
2024-08-30 02:40:00,569,Coimbatore,0.5,-10.257666666666664
2024-08-30 02:45:00,569,Coimbatore,0.5,-10.257666666666664
2024-08-30 02:50:00,569,Coimbatore,0.5,-10.257666666666664
2024-08-30 02:55:00,569,Coimbatore,0.5,-10.257666666666664
2024-08-30 03:00:00,569,Coimbatore,0.5,-10.257666666666664
2024-08-30 04:00:00,569,Coimbatore,17.0,-10.253
2024-08-30 05:00:00,569,Coimbatore,2.5,-10.253
2024-08-30 05:10:00,569,Coimbatore,0.5,-10.253
2024-08-30 05:15:00,569,Coimbatore,0.5,-10.253
2024-08-30 05:20:00,569,Coimbatore,0.5,-10.253
2024-08-30 05:25:00,569,Coimbatore,0.5,-10.253
2024-08-30 05:30:00,569,Coimbatore,0.5,-10.253
2024-08-30 05:35:00,569,Coimbatore,1.0,-10.253
2024-08-30 05:40:00,569,Coimbatore,1.0,-10.253
2024-08-30 05:45:00,569,Coimbatore,1.0,-10.253
2024-08-30 05:50:00,569,Coimbatore,1.0,-10.253
2024-08-30 05:55:00,569,Coimbatore,1.0,-10.253
2024-08-30 06:00:00,569,Coimbatore,2.833333333333333,-10.253
2024-08-30 06:50:00,569,Coimbatore,0.5,-10.253
2024-08-30 06:55:00,569,Coimbatore,0.5,-10.253
2024-08-30 07:00:00,569,Coimbatore,1.5,-10.253
2024-08-30 08:00:00,569,Coimbatore,1.5,-10.253
2024-08-30 10:00:00,569,Coimbatore,2.5,-10.385666666666667
2024-08-30 11:00:00,569,Coimbatore,0.5,-10.385666666666667
2024-08-30 13:00:00,569,Coimbatore,0.5,-10.385666666666667
2024-08-30 17:00:00,569,Coimbatore,0.5,-10.303333333333336
2024-08-30 18:00:00,569,Coimbatore,3.0,-10.303333333333336
2024-08-30 20:00:00,569,Coimbatore,1.0,-10.303333333333336
2024-08-30 22:00:00,569,Coimbatore,0.5,-10.231666666666667
2024-08-30 23:00:00,569,Coimbatore,1.5,-10.231666666666667
2024-08-31 01:00:00,569,Coimbatore,0.5,-10.231666666666667
2024-08-31 04:00:00,569,Coimbatore,2.0,-10.146
2024-08-31 05:00:00,569,Coimbatore,0.5,-10.146
2024-08-31 07:00:00,569,Coimbatore,0.5,-10.146
2024-08-31 08:00:00,569,Coimbatore,1.0,-10.146
2024-08-31 13:00:00,569,Coimbatore,1.0,-10.164333333333332
2024-08-31 14:00:00,569,Coimbatore,2.5,-10.164333333333332
2024-08-31 15:00:00,569,Coimbatore,1.0,-10.164333333333332
2024-08-31 16:00:00,569,Coimbatore,1.0,-10.13
2024-09-01 00:00:00,569,Coimbatore,0.5,-10.245
2024-09-01 02:00:00,569,Coimbatore,0.5,-10.245
2024-09-01 12:00:00,569,Coimbatore,0.5,-10.182
2024-09-01 13:00:00,569,Coimbatore,0.5,-10.182
2024-09-01 21:00:00,569,Coimbatore,0.5,-10.131
2024-09-01 22:00:00,569,Coimbatore,1.0,-10.236666666666666
2024-09-01 23:00:00,569,Coimbatore,1.0,-10.236666666666666
2024-09-02 03:00:00,569,Coimbatore,0.5,-10.236666666666666
2024-09-02 08:00:00,569,Coimbatore,0.5,-10.176666666666668
2024-09-02 09:00:00,569,Coimbatore,0.5,-10.176666666666668
2024-09-02 11:00:00,569,Coimbatore,0.5,-10.391333333333334
2024-09-02 14:00:00,569,Coimbatore,2.1666666666666665,-10.391333333333334
2024-09-02 15:00:00,569,Coimbatore,1.5,-10.391333333333334
2024-09-02 16:00:00,569,Coimbatore,0.5,-10.151666666666666
2024-09-02 17:00:00,569,Coimbatore,0.5,-10.151666666666666
2024-09-02 18:00:00,569,Coimbatore,4.0,-10.151666666666666
2024-09-02 19:00:00,569,Coimbatore,0.5,-10.151666666666666
2024-09-02 21:00:00,569,Coimbatore,2.0,-10.151666666666666
2024-09-02 22:00:00,569,Coimbatore,1.0,-10.140666666666666
2024-09-02 23:00:00,569,Coimbatore,1.0,-10.140666666666666
2024-09-03 00:00:00,569,Coimbatore,7.0,-10.140666666666666
2024-09-03 01:00:00,569,Coimbatore,3.5,-10.140666666666666
2024-09-03 02:00:00,569,Coimbatore,1.6666666666666667,-10.140666666666666
2024-09-03 03:00:00,569,Coimbatore,1.3333333333333333,-10.140666666666666
2024-09-03 04:00:00,569,Coimbatore,1.0,-10.240333333333334
2024-09-03 05:00:00,569,Coimbatore,1.75,-10.240333333333334
2024-09-03 06:00:00,569,Coimbatore,1.5,-10.240333333333334
2024-09-03 10:00:00,569,Coimbatore,1.5,-10.314
2024-09-03 11:00:00,569,Coimbatore,1.0,-10.314
2024-09-03 12:00:00,569,Coimbatore,1.8333333333333333,-10.314
2024-09-03 13:00:00,569,Coimbatore,0.75,-10.314
2024-09-03 14:00:00,569,Coimbatore,5.0,-10.314
2024-09-03 15:00:00,569,Coimbatore,1.0,-10.314
2024-09-03 16:00:00,569,Coimbatore,0.5,-10.329
2024-09-03 17:00:00,569,Coimbatore,0.5,-10.329
2024-09-03 18:00:00,569,Coimbatore,2.0,-10.329
2024-09-03 20:00:00,569,Coimbatore,0.5,-10.329
2024-09-04 07:00:00,569,Coimbatore,1.0,-10.166666666666666
2024-09-04 08:00:00,569,Coimbatore,0.5,-10.166666666666666
2024-09-06 08:00:00,569,Coimbatore,0.5,-10.272666666666666
2024-09-06 09:00:00,569,Coimbatore,0.5,-10.272666666666666
2024-09-06 10:00:00,569,Coimbatore,2.5,-10.309333333333331
2024-09-06 13:00:00,569,Coimbatore,0.5,-10.309333333333331
2024-09-06 15:00:00,569,Coimbatore,0.5,-10.309333333333331
2024-09-07 09:00:00,569,Coimbatore,0.5,-10.145666666666664
2024-09-07 10:00:00,569,Coimbatore,0.5,-10.288
2024-09-07 16:00:00,569,Coimbatore,1.0,-10.195666666666666
2024-09-07 17:00:00,569,Coimbatore,19.0,-10.195666666666666
2024-09-08 09:00:00,569,Coimbatore,0.5,-10.216666666666669
2024-09-08 12:00:00,569,Coimbatore,1.5,-10.175
2024-09-08 14:00:00,569,Coimbatore,1.25,-10.175
2024-09-08 15:00:00,569,Coimbatore,0.5,-10.175
2024-09-08 16:00:00,569,Coimbatore,1.0,-10.259333333333332
2024-09-08 17:00:00,569,Coimbatore,0.5,-10.259333333333332
2024-09-08 18:00:00,569,Coimbatore,1.0,-10.259333333333332
2024-09-08 19:00:00,569,Coimbatore,3.5,-10.259333333333332
2024-09-09 00:00:00,569,Coimbatore,3.0,-10.152333333333331
2024-09-09 01:00:00,569,Coimbatore,0.5,-10.152333333333331
2024-09-09 02:00:00,569,Coimbatore,0.5,-10.152333333333331
2024-09-09 09:00:00,569,Coimbatore,1.0,-10.240666666666668
2024-09-09 10:00:00,569,Coimbatore,0.5,-10.547
2024-09-09 11:00:00,569,Coimbatore,0.75,-10.547
2024-09-09 12:00:00,569,Coimbatore,0.5,-10.547
2024-09-09 13:00:00,569,Coimbatore,0.5,-10.547
2024-09-09 14:00:00,569,Coimbatore,0.75,-10.547
2024-09-09 15:00:00,569,Coimbatore,0.75,-10.547
2024-09-09 16:00:00,569,Coimbatore,8.5,-10.363333333333337
2024-09-09 18:00:00,569,Coimbatore,1.75,-10.363333333333337
2024-09-09 19:00:00,569,Coimbatore,0.5,-10.363333333333337
2024-09-09 20:00:00,569,Coimbatore,2.0,-10.363333333333337
2024-09-09 21:00:00,569,Coimbatore,0.5,-10.363333333333337
2024-09-09 23:00:00,569,Coimbatore,0.5,-10.162333333333336
2024-09-10 00:00:00,569,Coimbatore,0.5,-10.162333333333336
2024-09-10 01:00:00,569,Coimbatore,0.5,-10.162333333333336
2024-09-10 05:00:00,569,Coimbatore,1.0,-10.311333333333332
2024-09-10 07:00:00,569,Coimbatore,1.5,-10.311333333333332
2024-09-10 10:00:00,569,Coimbatore,0.5,-10.498666666666669
2024-09-10 16:00:00,569,Coimbatore,2.5,-10.293666666666669
2024-09-10 19:00:00,569,Coimbatore,1.5,-10.293666666666669
2024-09-10 20:00:00,569,Coimbatore,1.0,-10.293666666666669
2024-09-10 22:00:00,569,Coimbatore,4.5,-10.329666666666666
2024-09-10 23:00:00,569,Coimbatore,4.0,-10.329666666666666
2024-09-11 07:00:00,569,Coimbatore,1.5,-9.583
2024-09-11 08:00:00,569,Coimbatore,0.5,-9.583
2024-09-11 11:00:00,569,Coimbatore,1.5,-9.726
2024-09-11 12:00:00,569,Coimbatore,0.5,-9.726
2024-09-11 13:00:00,569,Coimbatore,1.25,-9.726
2024-09-11 18:00:00,569,Coimbatore,0.5,-10.310333333333332
2024-09-11 19:00:00,569,Coimbatore,0.5,-10.310333333333332
2024-09-11 20:00:00,569,Coimbatore,3.0,-10.310333333333332
2024-09-11 21:00:00,569,Coimbatore,0.5,-10.310333333333332
2024-09-12 00:00:00,569,Coimbatore,1.25,-10.312666666666669
2024-09-12 05:00:00,569,Coimbatore,1.0,-10.307
2024-09-12 06:00:00,569,Coimbatore,2.5,-10.307
2024-09-12 07:00:00,569,Coimbatore,1.0,-10.307
2024-09-12 14:00:00,569,Coimbatore,1.0,-10.519
2024-09-13 14:00:00,569,Coimbatore,2.0,-10.612666666666668
2024-09-13 17:00:00,569,Coimbatore,0.5,-10.440333333333331
2024-09-13 18:00:00,569,Coimbatore,1.0,-10.440333333333331
2024-09-14 04:00:00,569,Coimbatore,0.5,-10.349666666666666
2024-09-14 05:00:00,569,Coimbatore,0.5,-10.349666666666666
2024-09-14 12:00:00,569,Coimbatore,1.0,-10.425333333333333
2024-09-14 13:00:00,569,Coimbatore,4.5,-10.425333333333333
2024-09-14 17:00:00,569,Coimbatore,1.0,-10.394333333333334
2024-09-21 15:00:00,569,Coimbatore,0.5,-10.527333333333331
2024-09-22 21:00:00,569,Coimbatore,1.0,-10.591333333333331
2024-09-23 07:00:00,569,Coimbatore,0.5,-10.537666666666668
2024-09-23 08:00:00,569,Coimbatore,1.0,-10.537666666666668
2024-09-23 17:00:00,569,Coimbatore,1.0,-10.696666666666667
2024-09-23 18:00:00,569,Coimbatore,2.0,-10.696666666666667
2024-09-23 19:00:00,569,Coimbatore,2.5,-10.696666666666667
2024-09-23 20:00:00,569,Coimbatore,2.0,-10.696666666666667
2024-09-24 01:00:00,569,Coimbatore,0.5,-10.596333333333334
2024-09-24 08:00:00,569,Coimbatore,0.5,-10.562666666666669
2024-09-25 06:00:00,569,Coimbatore,0.5,-10.579333333333333
2024-09-25 15:00:00,569,Coimbatore,2.0,-10.647333333333334
2024-09-25 16:00:00,569,Coimbatore,2.5,-10.657666666666666
2024-09-25 18:00:00,569,Coimbatore,3.5,-10.657666666666666
2024-09-26 11:00:00,569,Coimbatore,0.5,-10.684
2024-09-27 13:00:00,569,Coimbatore,0.5,-10.721666666666666
2024-09-28 16:00:00,569,Coimbatore,6.0,-10.721666666666666
2024-09-28 19:00:00,569,Coimbatore,0.5,-10.721666666666666
2024-09-28 23:00:00,569,Coimbatore,2.5,-10.710333333333333
2024-09-29 00:00:00,569,Coimbatore,3.5,-10.710333333333333
2024-09-29 01:00:00,569,Coimbatore,3.5,-10.710333333333333
2024-09-29 02:00:00,569,Coimbatore,1.5,-10.710333333333333
2024-09-29 07:00:00,569,Coimbatore,0.5,-10.707333333333333
2024-09-29 19:00:00,569,Coimbatore,5.0,-10.607
2024-09-29 20:00:00,569,Coimbatore,0.5,-10.607
2024-10-01 18:00:00,569,Coimbatore,2.5,-10.678
2024-10-01 19:00:00,569,Coimbatore,4.0,-10.678
2024-10-01 22:00:00,569,Coimbatore,0.5,-10.680333333333332
2024-10-02 01:00:00,569,Coimbatore,0.5,-10.680333333333332
2024-10-02 15:00:00,569,Coimbatore,1.0,-10.735666666666669
2024-10-02 16:00:00,569,Coimbatore,0.5,-10.696
2024-10-02 17:00:00,569,Coimbatore,1.0,-10.696
2024-10-04 18:00:00,569,Coimbatore,1.0,-10.732333333333337
2024-10-05 12:00:00,569,Coimbatore,0.5,-10.770666666666664
2024-10-05 14:00:00,569,Coimbatore,3.5,-10.770666666666664
2024-10-05 15:00:00,569,Coimbatore,15.5,-10.770666666666664
2024-10-05 16:00:00,569,Coimbatore,3.5,-10.774666666666668
2024-10-05 23:00:00,569,Coimbatore,4.0,-10.766333333333334
2024-10-06 17:00:00,569,Coimbatore,4.0,-10.848333333333334
2024-10-06 18:00:00,569,Coimbatore,0.5,-10.848333333333334
2024-10-06 20:00:00,569,Coimbatore,0.5,-10.848333333333334
2024-10-06 23:00:00,569,Coimbatore,2.333333333333333,-10.777666666666669
2024-10-07 00:00:00,569,Coimbatore,12.5,-10.777666666666669
2024-10-07 01:00:00,569,Coimbatore,4.3,-10.777666666666669
2024-10-07 02:00:00,569,Coimbatore,1.8333333333333333,-10.777666666666669
2024-10-07 03:00:00,569,Coimbatore,2.0,-10.777666666666669
2024-10-07 05:00:00,569,Coimbatore,0.5,-10.768666666666666
2024-10-07 08:00:00,569,Coimbatore,0.5,-10.768666666666666
2024-10-07 12:00:00,569,Coimbatore,0.5,-10.923
2024-10-07 13:00:00,569,Coimbatore,1.75,-10.923
2024-10-07 14:00:00,569,Coimbatore,1.1666666666666667,-10.923
2024-10-07 15:00:00,569,Coimbatore,1.0,-10.923
2024-10-07 17:00:00,569,Coimbatore,0.5,-10.804333333333332
2024-10-07 18:00:00,569,Coimbatore,1.0,-10.804333333333332
2024-10-07 19:00:00,569,Coimbatore,0.5,-10.804333333333332
2024-10-07 20:00:00,569,Coimbatore,2.1666666666666665,-10.804333333333332
2024-10-07 21:00:00,569,Coimbatore,5.7,-10.804333333333332
2024-10-07 22:00:00,569,Coimbatore,2.1666666666666665,-10.776000000000002
2024-10-07 23:00:00,569,Coimbatore,0.875,-10.776000000000002
2024-10-08 00:00:00,569,Coimbatore,0.5,-10.776000000000002
2024-10-08 19:00:00,569,Coimbatore,2.0,-10.804
2024-10-08 20:00:00,569,Coimbatore,1.25,-10.804
2024-10-08 21:00:00,569,Coimbatore,0.5,-10.804
2024-10-08 22:00:00,569,Coimbatore,0.75,-10.765
2024-10-08 23:00:00,569,Coimbatore,13.0,-10.765
2024-10-09 00:00:00,569,Coimbatore,4.0,-10.765
2024-10-09 01:00:00,569,Coimbatore,3.333333333333333,-10.765
2024-10-09 02:00:00,569,Coimbatore,0.5,-10.765
2024-10-09 03:00:00,569,Coimbatore,0.5,-10.765
2024-10-09 09:00:00,569,Coimbatore,17.5,-10.746333333333334
2024-10-09 10:00:00,569,Coimbatore,56.5,-10.76
2024-10-09 15:00:00,569,Coimbatore,2744.75,-10.76
2024-10-09 16:00:00,569,Coimbatore,1448.25,-10.725
2024-10-09 17:00:00,569,Coimbatore,87.8,-10.725
2024-10-09 18:00:00,569,Coimbatore,0.5,-10.725
2024-10-09 19:00:00,569,Coimbatore,1.0,-10.725
2024-10-09 20:00:00,569,Coimbatore,1.5,-10.725
2024-10-09 21:00:00,569,Coimbatore,0.8333333333333334,-10.725
2024-10-09 22:00:00,569,Coimbatore,0.5,-10.723
2024-10-09 23:00:00,569,Coimbatore,0.5,-10.723
2024-10-10 00:00:00,569,Coimbatore,1.0,-10.723
2024-10-10 09:00:00,569,Coimbatore,0.5,-10.638
2024-10-10 15:00:00,569,Coimbatore,5.5,-7.427333333333333
2024-10-10 17:00:00,569,Coimbatore,0.75,-7.405333333333334
2024-10-10 18:00:00,569,Coimbatore,0.75,-7.405333333333334
2024-10-10 19:00:00,569,Coimbatore,0.5,-7.405333333333334
2024-10-10 20:00:00,569,Coimbatore,0.5,-7.405333333333334
2024-10-11 12:00:00,569,Coimbatore,13.5,-10.65
2024-10-11 13:00:00,569,Coimbatore,2.5,-10.65
2024-10-11 14:00:00,569,Coimbatore,13.0,-10.65
2024-10-11 15:00:00,569,Coimbatore,4.0,-10.65
2024-10-11 17:00:00,569,Coimbatore,322.0,-10.632333333333332
2024-10-11 18:00:00,569,Coimbatore,1.0,-10.632333333333332
2024-10-11 19:00:00,569,Coimbatore,7.5,-10.632333333333332
2024-10-11 20:00:00,569,Coimbatore,16.5,-10.632333333333332
2024-10-11 21:00:00,569,Coimbatore,6.666666666666667,-10.632333333333332
2024-10-11 22:00:00,569,Coimbatore,4.75,-10.611666666666666
2024-10-11 23:00:00,569,Coimbatore,2.0,-10.611666666666666
2024-10-12 00:00:00,569,Coimbatore,1.0,-10.611666666666666
2024-10-12 01:00:00,569,Coimbatore,1.1666666666666667,-10.611666666666666
2024-10-12 02:00:00,569,Coimbatore,1.0,-10.611666666666666
2024-10-12 03:00:00,569,Coimbatore,1.75,-10.611666666666666
2024-10-12 04:00:00,569,Coimbatore,10.0,-10.594666666666669
2024-10-12 05:00:00,569,Coimbatore,2.0,-10.594666666666669
2024-10-12 06:00:00,569,Coimbatore,3.5,-10.594666666666669
2024-10-12 07:00:00,569,Coimbatore,1.0,-10.594666666666669
2024-10-12 08:00:00,569,Coimbatore,1.75,-10.594666666666669
2024-10-12 09:00:00,569,Coimbatore,1.5,-10.594666666666669
2024-10-12 11:00:00,569,Coimbatore,0.5,-7.310666666666667
2024-10-12 14:00:00,569,Coimbatore,14.5,-7.310666666666667
2024-10-12 15:00:00,569,Coimbatore,10.0,-7.310666666666667
2024-10-12 16:00:00,569,Coimbatore,10.25,-7.292999999999999
2024-10-12 17:00:00,569,Coimbatore,6.0,-7.292999999999999
2024-10-12 18:00:00,569,Coimbatore,1.0,-7.292999999999999
2024-10-12 19:00:00,569,Coimbatore,0.5,-7.292999999999999
2024-10-12 20:00:00,569,Coimbatore,0.75,-7.292999999999999
2024-10-13 01:00:00,569,Coimbatore,0.5,-7.272333333333333
2024-10-13 02:00:00,569,Coimbatore,1.0,-7.272333333333333
2024-10-13 03:00:00,569,Coimbatore,2.0,-7.272333333333333
2024-10-13 04:00:00,569,Coimbatore,0.5,-7.247666666666667
2024-10-13 05:00:00,569,Coimbatore,3.1666666666666665,-7.247666666666667
2024-10-13 06:00:00,569,Coimbatore,1.25,-7.247666666666667
2024-10-13 08:00:00,569,Coimbatore,0.5,-7.247666666666667
2024-10-13 09:00:00,569,Coimbatore,1.5,-7.247666666666667
2024-10-13 10:00:00,569,Coimbatore,0.5,-7.2426666666666675
2024-10-13 17:00:00,569,Coimbatore,0.5,-7.211333333333333
2024-10-13 18:00:00,569,Coimbatore,9.666666666666666,-7.211333333333333
2024-10-13 19:00:00,569,Coimbatore,6.166666666666667,-7.211333333333333
2024-10-13 20:00:00,569,Coimbatore,0.5,-7.211333333333333
2024-10-13 21:00:00,569,Coimbatore,0.5,-7.211333333333333
2024-10-13 23:00:00,569,Coimbatore,1.0,-7.189333333333334
2024-10-14 00:00:00,569,Coimbatore,1.3333333333333333,-7.189333333333334
2024-10-14 01:00:00,569,Coimbatore,0.5,-7.189333333333334
2024-10-14 02:00:00,569,Coimbatore,0.5,-7.189333333333334
2024-10-14 04:00:00,569,Coimbatore,0.5,-7.164999999999999
2024-10-14 13:00:00,569,Coimbatore,0.5,-10.575
2024-10-14 16:00:00,569,Coimbatore,0.5,-7.129333333333332
2024-10-14 18:00:00,569,Coimbatore,3.5,-7.129333333333332
2024-10-14 19:00:00,569,Coimbatore,3.0,-7.129333333333332
2024-10-14 20:00:00,569,Coimbatore,5.25,-7.129333333333332
2024-10-14 21:00:00,569,Coimbatore,4.25,-7.129333333333332
2024-10-14 22:00:00,569,Coimbatore,0.5,-7.114666666666667
2024-10-14 23:00:00,569,Coimbatore,0.5,-7.114666666666667
2024-10-15 00:00:00,569,Coimbatore,1.0,-7.114666666666667
2024-10-15 01:00:00,569,Coimbatore,0.5,-7.114666666666667
2024-10-15 03:00:00,569,Coimbatore,0.5,-7.114666666666667
2024-10-15 12:00:00,569,Coimbatore,0.5,-10.219333333333331
2024-10-15 14:00:00,569,Coimbatore,1.5,-10.219333333333331
2024-10-15 15:00:00,569,Coimbatore,0.5,-10.219333333333331
2024-10-15 16:00:00,569,Coimbatore,0.5,-10.148333333333332
2024-10-15 17:00:00,569,Coimbatore,5.0,-10.148333333333332
2024-10-15 18:00:00,569,Coimbatore,2.5,-10.148333333333332
2024-10-15 19:00:00,569,Coimbatore,0.5,-10.148333333333332
2024-10-15 20:00:00,569,Coimbatore,2.0,-10.148333333333332
2024-10-15 21:00:00,569,Coimbatore,0.5,-10.148333333333332
2024-10-16 04:00:00,569,Coimbatore,0.5,-10.043333333333331
2024-10-16 05:00:00,569,Coimbatore,1.5,-10.043333333333331
2024-10-16 10:00:00,569,Coimbatore,0.5,-10.149666666666668
2024-10-16 12:00:00,569,Coimbatore,1.5,-10.149666666666668
2024-10-16 13:00:00,569,Coimbatore,0.5,-10.149666666666668
2024-10-16 14:00:00,569,Coimbatore,2.0,-10.149666666666668
2024-10-16 15:00:00,569,Coimbatore,0.5,-10.149666666666668
2024-10-16 16:00:00,569,Coimbatore,6.0,-9.999333333333334
2024-10-16 17:00:00,569,Coimbatore,0.5,-9.999333333333334
2024-10-16 20:00:00,569,Coimbatore,0.5,-9.999333333333334
2024-10-16 23:00:00,569,Coimbatore,0.5,-9.911666666666669
2024-10-17 16:00:00,569,Coimbatore,4.5,-9.956333333333331
2024-10-17 17:00:00,569,Coimbatore,0.5,-9.956333333333331
2024-10-18 16:00:00,569,Coimbatore,22.0,-6.920333333333333
2024-10-18 17:00:00,569,Coimbatore,2.0,-6.920333333333333
2024-10-18 18:00:00,569,Coimbatore,3.5,-6.920333333333333
2024-10-19 03:00:00,569,Coimbatore,0.5,-6.902
2024-10-19 05:00:00,569,Coimbatore,0.5,-9.822333333333331
2024-10-19 06:00:00,569,Coimbatore,0.5,-9.822333333333331
2024-10-19 08:00:00,569,Coimbatore,0.5,-9.822333333333331
2024-10-19 16:00:00,569,Coimbatore,16.5,-6.880666666666667
2024-10-19 17:00:00,569,Coimbatore,0.5,-6.880666666666667
2024-10-19 21:00:00,569,Coimbatore,0.5,-6.880666666666667
2024-10-19 23:00:00,569,Coimbatore,0.5,-6.87
2024-10-20 13:00:00,569,Coimbatore,3.0,-9.771666666666668
2024-10-20 16:00:00,569,Coimbatore,3.5,-9.912333333333336
2024-10-20 18:00:00,569,Coimbatore,0.5,-9.912333333333336
2024-10-20 20:00:00,569,Coimbatore,0.5,-9.912333333333336
2024-10-20 21:00:00,569,Coimbatore,3.0,-9.912333333333336
2024-10-20 22:00:00,569,Coimbatore,5.5,-9.787666666666668
2024-10-20 23:00:00,569,Coimbatore,1.0,-9.787666666666668
2024-10-21 02:00:00,569,Coimbatore,14.5,-9.787666666666668
2024-10-21 03:00:00,569,Coimbatore,28.166666666666668,-9.787666666666668
2024-10-21 04:00:00,569,Coimbatore,7.0,-9.730333333333332
2024-10-21 05:00:00,569,Coimbatore,0.6666666666666666,-9.730333333333332
2024-10-21 06:00:00,569,Coimbatore,0.8333333333333334,-9.730333333333332
2024-10-21 07:00:00,569,Coimbatore,0.75,-9.730333333333332
2024-10-21 08:00:00,569,Coimbatore,3.0,-9.730333333333332
2024-10-21 09:00:00,569,Coimbatore,1.5,-9.730333333333332
2024-10-21 10:00:00,569,Coimbatore,1.0,-9.769666666666666
2024-10-21 12:00:00,569,Coimbatore,1.75,-9.769666666666666
2024-10-21 13:00:00,569,Coimbatore,0.5,-9.769666666666666
2024-10-21 14:00:00,569,Coimbatore,0.5,-9.769666666666666
2024-10-21 18:00:00,569,Coimbatore,5.5,-9.726
2024-10-22 15:00:00,569,Coimbatore,0.5,-9.838
2024-10-22 16:00:00,569,Coimbatore,12.0,-7.279333333333334
2024-10-22 17:00:00,569,Coimbatore,2.0,-7.279333333333334
2024-10-22 18:00:00,569,Coimbatore,13.75,-7.279333333333334
2024-10-22 19:00:00,569,Coimbatore,31.25,-7.279333333333334
2024-10-22 20:00:00,569,Coimbatore,2.0,-7.279333333333334
2024-10-22 21:00:00,569,Coimbatore,2.0,-7.279333333333334
2024-10-22 22:00:00,569,Coimbatore,1.6666666666666667,-9.644666666666666
2024-10-22 23:00:00,569,Coimbatore,1.1666666666666667,-9.644666666666666
2024-10-23 00:00:00,569,Coimbatore,0.625,-9.644666666666666
2024-10-23 01:00:00,569,Coimbatore,0.5,-9.644666666666666
2024-10-23 02:00:00,569,Coimbatore,0.5,-9.644666666666666
2024-10-23 03:00:00,569,Coimbatore,0.5,-9.644666666666666
2024-10-23 04:00:00,569,Coimbatore,0.5,-9.610666666666669
2024-10-23 12:00:00,569,Coimbatore,0.5,-9.638666666666667
2024-10-23 17:00:00,569,Coimbatore,0.5,-7.226666666666667
2024-10-23 19:00:00,569,Coimbatore,0.5,-7.226666666666667
2024-10-23 20:00:00,569,Coimbatore,1.0,-7.226666666666667
2024-10-23 21:00:00,569,Coimbatore,0.5,-7.226666666666667
2024-10-23 22:00:00,569,Coimbatore,0.5,-9.524333333333333
2024-10-24 00:00:00,569,Coimbatore,0.5,-9.524333333333333
2024-10-24 11:00:00,569,Coimbatore,88.0,-9.607
2024-10-24 13:00:00,569,Coimbatore,0.5,-9.607
2024-10-24 14:00:00,569,Coimbatore,0.5,-9.607
2024-10-24 20:00:00,569,Coimbatore,7.5,-9.415666666666668
2024-10-25 11:00:00,569,Coimbatore,0.5,-9.387333333333332
2024-10-25 13:00:00,569,Coimbatore,1.0,-9.387333333333332
2024-10-25 14:00:00,569,Coimbatore,0.5,-9.387333333333332
2024-10-25 15:00:00,569,Coimbatore,6.833333333333333,-9.387333333333332
2024-10-25 16:00:00,569,Coimbatore,20.5,-9.3
2024-10-25 17:00:00,569,Coimbatore,1.0,-9.3
2024-10-25 19:00:00,569,Coimbatore,0.5,-9.3
2024-10-26 09:00:00,569,Coimbatore,0.5,-9.213
2024-10-26 21:00:00,569,Coimbatore,0.5,-9.174666666666669
2024-10-26 22:00:00,569,Coimbatore,0.5,-4.6113333333333335
2024-10-27 02:00:00,569,Coimbatore,0.5,-4.6113333333333335
2024-10-27 08:00:00,569,Coimbatore,0.5,-9.069
2024-11-01 00:00:00,569,Coimbatore,9.833333333333334,-7.274
2024-11-01 01:00:00,569,Coimbatore,17.5,-7.274
2024-11-01 02:00:00,569,Coimbatore,8.0,-7.274
2024-11-01 03:00:00,569,Coimbatore,1.5,-7.274
2024-11-01 04:00:00,569,Coimbatore,0.5,-5.963
2024-11-01 05:00:00,569,Coimbatore,0.5,-5.963
2024-11-01 08:00:00,569,Coimbatore,0.5,-5.963
2024-11-01 15:00:00,569,Coimbatore,0.5,-8.625333333333334
2024-11-01 16:00:00,569,Coimbatore,12.75,-8.440666666666667
2024-11-01 17:00:00,569,Coimbatore,2.25,-8.440666666666667
2024-11-01 18:00:00,569,Coimbatore,0.5,-8.440666666666667
2024-11-01 23:00:00,569,Coimbatore,9.75,-8.232666666666667
2024-11-02 00:00:00,569,Coimbatore,1.0,-8.232666666666667
2024-11-02 10:00:00,569,Coimbatore,0.5,-2.840333333333333
2024-11-02 13:00:00,569,Coimbatore,1.5,-2.840333333333333
2024-11-02 14:00:00,569,Coimbatore,3.0,-2.840333333333333
2024-11-02 19:00:00,569,Coimbatore,2.5,-7.636333333333334
2024-11-02 20:00:00,569,Coimbatore,6.666666666666667,-7.636333333333334
2024-11-02 21:00:00,569,Coimbatore,0.5,-7.636333333333334
2024-11-02 22:00:00,569,Coimbatore,8.5,-7.474333333333333
2024-11-02 23:00:00,569,Coimbatore,6.5,-7.474333333333333
2024-11-03 14:00:00,569,Coimbatore,0.5,-2.1785
2024-11-03 16:00:00,569,Coimbatore,2.0,-4.597666666666667
2024-11-03 18:00:00,569,Coimbatore,1.0,-4.597666666666667
2024-11-03 19:00:00,569,Coimbatore,8.75,-4.597666666666667
2024-11-03 20:00:00,569,Coimbatore,8.0,-4.597666666666667
2024-11-03 21:00:00,569,Coimbatore,0.5,-4.597666666666667
2024-11-03 23:00:00,569,Coimbatore,1.5,-4.571666666666666
2024-11-04 00:00:00,569,Coimbatore,1.0,-4.571666666666666
2024-11-04 02:00:00,569,Coimbatore,0.5,-4.571666666666666
2024-11-04 08:00:00,569,Coimbatore,0.5,-4.2415
2024-11-04 23:00:00,569,Coimbatore,1.0,-4.991666666666666
2024-11-05 00:00:00,569,Coimbatore,2.0,-4.991666666666666
2024-11-05 01:00:00,569,Coimbatore,0.5,-4.991666666666666
2024-11-05 09:00:00,569,Coimbatore,0.5,-7.113333333333333
2024-11-07 16:00:00,569,Coimbatore,1.0,-4.359666666666667
2024-11-13 08:00:00,569,Coimbatore,1.0,-4.320666666666667
2024-11-13 16:00:00,569,Coimbatore,8.5,-4.331
2024-11-13 17:00:00,569,Coimbatore,2.5,-4.331
2024-11-14 16:00:00,569,Coimbatore,10.0,-4.349666666666667
2024-11-14 18:00:00,569,Coimbatore,0.5,-4.349666666666667
2024-11-14 19:00:00,569,Coimbatore,2.0,-4.349666666666667
2024-11-14 22:00:00,569,Coimbatore,0.5,-4.351999999999999
2024-11-15 19:00:00,569,Coimbatore,2.5,-4.342666666666667
2024-11-15 20:00:00,569,Coimbatore,0.75,-4.342666666666667
2024-11-15 21:00:00,569,Coimbatore,0.5,-4.342666666666667
2024-11-16 09:00:00,569,Coimbatore,0.5,-4.328333333333333
2024-11-16 11:00:00,569,Coimbatore,0.5,-4.349333333333333
2024-11-16 13:00:00,569,Coimbatore,4.5,-4.349333333333333
2024-11-16 14:00:00,569,Coimbatore,3.25,-4.349333333333333
2024-11-16 15:00:00,569,Coimbatore,0.625,-4.349333333333333
2024-11-16 16:00:00,569,Coimbatore,0.5,-4.341
2024-11-16 18:00:00,569,Coimbatore,2.75,-4.341
2024-11-16 19:00:00,569,Coimbatore,3.8333333333333335,-4.341
2024-11-16 22:00:00,569,Coimbatore,0.5,-4.355666666666667
2024-11-17 20:00:00,569,Coimbatore,0.5,-4.355
2024-11-17 21:00:00,569,Coimbatore,0.5,-4.355
2024-11-18 00:00:00,569,Coimbatore,3.0,-4.360333333333334
2024-11-18 02:00:00,569,Coimbatore,3.5,-4.360333333333334
2024-11-18 03:00:00,569,Coimbatore,9.0,-4.360333333333334
2024-11-18 10:00:00,569,Coimbatore,38.5,-4.367666666666668
2024-11-18 11:00:00,569,Coimbatore,135.0,-4.367666666666668
2024-11-18 15:00:00,569,Coimbatore,3.5,-4.367666666666668
2024-11-18 16:00:00,569,Coimbatore,0.5,-1.9405
2024-11-19 06:00:00,569,Coimbatore,0.5,-4.359
2024-11-22 08:00:00,569,Coimbatore,0.5,-4.4046666666666665
2024-11-22 15:00:00,569,Coimbatore,1.5,-4.421
2024-11-22 16:00:00,569,Coimbatore,1.5,-4.426666666666667
2024-11-27 03:00:00,569,Coimbatore,0.5,-4.4910000000000005
2024-11-27 06:00:00,569,Coimbatore,0.5,-4.482666666666667
2024-11-27 08:00:00,569,Coimbatore,0.5,-4.482666666666667
2024-11-27 10:00:00,569,Coimbatore,0.5,-4.504
2024-11-30 15:00:00,569,Coimbatore,0.5,-4.584
2024-12-01 02:00:00,569,Coimbatore,0.5,-4.575333333333334
2024-12-01 17:00:00,569,Coimbatore,1.0,-4.564666666666667
2024-12-02 00:00:00,569,Coimbatore,0.5,-4.576666666666666
2024-12-02 01:00:00,569,Coimbatore,0.5,-4.576666666666666
2024-12-02 02:00:00,569,Coimbatore,0.8333333333333334,-4.576666666666666
2024-12-02 03:00:00,569,Coimbatore,0.5,-4.576666666666666
2024-12-02 04:00:00,569,Coimbatore,0.5,-4.571000000000001
2024-12-02 05:00:00,569,Coimbatore,0.5,-4.571000000000001
2024-12-02 06:00:00,569,Coimbatore,0.5,-4.571000000000001
2024-12-02 07:00:00,569,Coimbatore,0.5,-4.571000000000001
2024-12-02 08:00:00,569,Coimbatore,0.5,-4.571000000000001
2024-12-02 09:00:00,569,Coimbatore,0.5,-4.571000000000001
2024-12-02 11:00:00,569,Coimbatore,0.5,-4.586666666666667
2024-12-02 12:00:00,569,Coimbatore,0.5,-4.586666666666667
2024-12-02 14:00:00,569,Coimbatore,0.5,-4.586666666666667
2024-12-02 15:00:00,569,Coimbatore,0.5,-4.586666666666667
2024-12-02 16:00:00,569,Coimbatore,0.5,-2.166
2024-12-02 18:00:00,569,Coimbatore,0.5,-2.166
2024-12-02 19:00:00,569,Coimbatore,0.5,-2.166
2024-12-02 21:00:00,569,Coimbatore,0.5,-2.166
2024-12-02 22:00:00,569,Coimbatore,0.5,-5.936
2024-12-02 23:00:00,569,Coimbatore,0.5,-5.936
2024-12-03 00:00:00,569,Coimbatore,0.8333333333333334,-5.936
2024-12-03 01:00:00,569,Coimbatore,1.0,-5.936
2024-12-03 02:00:00,569,Coimbatore,1.75,-5.936
2024-12-03 03:00:00,569,Coimbatore,1.3333333333333333,-5.936
2024-12-03 04:00:00,569,Coimbatore,1.0,-2.1575
2024-12-03 05:00:00,569,Coimbatore,1.0,-2.1575
2024-12-03 06:00:00,569,Coimbatore,2.0,-2.1575
2024-12-03 07:00:00,569,Coimbatore,1.5,-2.1575
2024-12-03 08:00:00,569,Coimbatore,1.0,-2.1575
2024-12-03 10:00:00,569,Coimbatore,1.0,-2.193
2024-12-03 13:00:00,569,Coimbatore,1.5,-2.193
2024-12-03 14:00:00,569,Coimbatore,1.5,-2.193
2024-12-03 15:00:00,569,Coimbatore,2.0,-2.193
2024-12-03 16:00:00,569,Coimbatore,1.0,-5.074000000000001
2024-12-03 17:00:00,569,Coimbatore,2.0,-5.074000000000001
2024-12-03 18:00:00,569,Coimbatore,1.5,-5.074000000000001
2024-12-03 19:00:00,569,Coimbatore,1.5,-5.074000000000001
2024-12-03 20:00:00,569,Coimbatore,1.0,-5.074000000000001
2024-12-03 21:00:00,569,Coimbatore,1.0,-5.074000000000001
2024-12-03 22:00:00,569,Coimbatore,0.5,-7.222333333333334
2024-12-03 23:00:00,569,Coimbatore,1.0,-7.222333333333334
2024-12-04 00:00:00,569,Coimbatore,0.5,-7.222333333333334
2024-12-04 01:00:00,569,Coimbatore,0.5,-7.222333333333334
2024-12-04 02:00:00,569,Coimbatore,0.5,-7.222333333333334
2024-12-04 03:00:00,569,Coimbatore,0.75,-7.222333333333334
2024-12-04 04:00:00,569,Coimbatore,0.5,-4.577
2024-12-04 05:00:00,569,Coimbatore,0.5,-4.577
2024-12-04 06:00:00,569,Coimbatore,0.5,-4.577
2024-12-04 08:00:00,569,Coimbatore,0.5,-4.577
2024-12-04 10:00:00,569,Coimbatore,0.5,-4.590333333333334
2024-12-04 11:00:00,569,Coimbatore,0.5,-4.590333333333334
2024-12-04 12:00:00,569,Coimbatore,0.5,-4.590333333333334
2024-12-04 13:00:00,569,Coimbatore,1.0,-4.590333333333334
2024-12-04 14:00:00,569,Coimbatore,0.5,-4.590333333333334
2024-12-04 15:00:00,569,Coimbatore,0.5,-4.590333333333334
2024-12-04 16:00:00,569,Coimbatore,1.0,-4.584666666666666
2024-12-04 17:00:00,569,Coimbatore,0.5,-4.584666666666666
2024-12-04 18:00:00,569,Coimbatore,0.5,-4.584666666666666
2024-12-04 19:00:00,569,Coimbatore,0.5,-4.584666666666666
2024-12-04 20:00:00,569,Coimbatore,0.5,-4.584666666666666
2024-12-04 22:00:00,569,Coimbatore,0.5,-4.586333333333333
2024-12-04 23:00:00,569,Coimbatore,0.5,-4.586333333333333
2024-12-05 00:00:00,569,Coimbatore,0.5,-4.586333333333333
2024-12-05 01:00:00,569,Coimbatore,0.5,-4.586333333333333
2024-12-05 03:00:00,569,Coimbatore,0.5,-4.586333333333333
2024-12-05 04:00:00,569,Coimbatore,0.5,-4.575
2024-12-05 06:00:00,569,Coimbatore,0.5,-4.575
2024-12-05 07:00:00,569,Coimbatore,0.5,-4.575
2024-12-05 09:00:00,569,Coimbatore,0.5,-4.575
2024-12-05 10:00:00,569,Coimbatore,0.5,-4.591333333333334
2024-12-05 12:00:00,569,Coimbatore,0.5,-4.591333333333334
2024-12-05 13:00:00,569,Coimbatore,0.5,-4.591333333333334
2024-12-05 14:00:00,569,Coimbatore,0.5,-4.591333333333334
2024-12-05 16:00:00,569,Coimbatore,0.5,-4.580666666666667
2024-12-05 17:00:00,569,Coimbatore,0.5,-4.580666666666667
2024-12-06 18:00:00,569,Coimbatore,0.5,-4.596666666666667
2024-12-06 19:00:00,569,Coimbatore,1.0,-4.596666666666667
2024-12-06 20:00:00,569,Coimbatore,1.0,-4.596666666666667
2024-12-06 22:00:00,569,Coimbatore,0.5,-4.5953333333333335
2024-12-07 02:00:00,569,Coimbatore,0.5,-4.5953333333333335
2024-12-07 21:00:00,569,Coimbatore,0.5,-4.620333333333334
2024-12-12 00:00:00,569,Coimbatore,0.5,-2.4005
2024-12-12 06:00:00,569,Coimbatore,0.5,-4.714
2024-12-12 07:00:00,569,Coimbatore,0.5,-4.714
2024-12-12 09:00:00,569,Coimbatore,0.5,-4.714
2024-12-12 10:00:00,569,Coimbatore,0.75,-4.736000000000001
2024-12-12 11:00:00,569,Coimbatore,2.6666666666666665,-4.736000000000001
2024-12-12 12:00:00,569,Coimbatore,1.0,-4.736000000000001
2024-12-12 13:00:00,569,Coimbatore,0.6666666666666666,-4.736000000000001
2024-12-12 14:00:00,569,Coimbatore,2.0,-4.736000000000001
2024-12-12 15:00:00,569,Coimbatore,2.875,-4.736000000000001
2024-12-12 16:00:00,569,Coimbatore,1.5,-4.726999999999999
2024-12-12 17:00:00,569,Coimbatore,0.875,-4.726999999999999
2024-12-12 18:00:00,569,Coimbatore,0.8333333333333334,-4.726999999999999
2024-12-12 19:00:00,569,Coimbatore,1.75,-4.726999999999999
2024-12-12 20:00:00,569,Coimbatore,1.0,-4.726999999999999
2024-12-12 21:00:00,569,Coimbatore,1.0,-4.726999999999999
2024-12-12 22:00:00,569,Coimbatore,0.5,-4.725666666666666
2024-12-12 23:00:00,569,Coimbatore,0.5,-4.725666666666666
2024-12-13 00:00:00,569,Coimbatore,3.0,-4.725666666666666
2024-12-13 01:00:00,569,Coimbatore,2.75,-4.725666666666666
2024-12-13 02:00:00,569,Coimbatore,2.1,-4.725666666666666
2024-12-13 03:00:00,569,Coimbatore,0.5,-4.725666666666666
2024-12-13 04:00:00,569,Coimbatore,2.75,-4.717333333333333
2024-12-13 05:00:00,569,Coimbatore,1.875,-4.717333333333333
2024-12-13 06:00:00,569,Coimbatore,1.5,-4.717333333333333
2024-12-13 07:00:00,569,Coimbatore,0.875,-4.717333333333333
2024-12-13 08:00:00,569,Coimbatore,2.75,-4.717333333333333
2024-12-13 09:00:00,569,Coimbatore,1.8,-4.717333333333333
2024-12-13 10:00:00,569,Coimbatore,0.5,-4.721333333333333
2024-12-13 11:00:00,569,Coimbatore,0.75,-4.721333333333333
2024-12-13 12:00:00,569,Coimbatore,0.5,-4.721333333333333
2024-12-13 13:00:00,569,Coimbatore,0.5,-4.721333333333333
2024-12-13 14:00:00,569,Coimbatore,0.75,-4.721333333333333
2024-12-13 15:00:00,569,Coimbatore,0.75,-4.721333333333333
2024-12-13 16:00:00,569,Coimbatore,0.6666666666666666,-4.725666666666666
2024-12-13 17:00:00,569,Coimbatore,0.5,-4.725666666666666
2024-12-13 18:00:00,569,Coimbatore,0.5,-4.725666666666666
2024-12-13 19:00:00,569,Coimbatore,0.5,-4.725666666666666
2024-12-13 20:00:00,569,Coimbatore,0.5,-4.725666666666666
2024-12-13 22:00:00,569,Coimbatore,1.0,-4.7410000000000005
2024-12-13 23:00:00,569,Coimbatore,1.6666666666666667,-4.7410000000000005
2024-12-14 00:00:00,569,Coimbatore,1.875,-4.7410000000000005
2024-12-14 01:00:00,569,Coimbatore,0.875,-4.7410000000000005
2024-12-14 02:00:00,569,Coimbatore,1.25,-4.7410000000000005
2024-12-14 03:00:00,569,Coimbatore,1.625,-4.7410000000000005
2024-12-14 04:00:00,569,Coimbatore,1.3,-4.723
2024-12-14 05:00:00,569,Coimbatore,2.25,-4.723
2024-12-14 06:00:00,569,Coimbatore,0.5,-4.723
2024-12-14 08:00:00,569,Coimbatore,0.5,-4.723
2024-12-14 09:00:00,569,Coimbatore,0.5,-4.723
2024-12-14 10:00:00,569,Coimbatore,0.5,-4.737
2024-12-14 11:00:00,569,Coimbatore,0.5,-4.737
2024-12-14 12:00:00,569,Coimbatore,0.75,-4.737
2024-12-14 13:00:00,569,Coimbatore,1.25,-4.737
2024-12-14 14:00:00,569,Coimbatore,0.75,-4.737
2024-12-14 15:00:00,569,Coimbatore,0.5,-4.737
2024-12-14 16:00:00,569,Coimbatore,0.5,-4.744666666666666
2024-12-14 21:00:00,569,Coimbatore,0.5,-4.744666666666666
2024-12-15 01:00:00,569,Coimbatore,0.5,-4.744000000000001
2024-12-15 02:00:00,569,Coimbatore,0.5,-4.744000000000001
2024-12-15 08:00:00,569,Coimbatore,0.5,-4.7250000000000005
2024-12-15 13:00:00,569,Coimbatore,0.5,-4.742333333333334
2024-12-15 14:00:00,569,Coimbatore,0.5,-4.742333333333334
2024-12-15 19:00:00,569,Coimbatore,0.5,-4.729333333333334
2024-12-16 01:00:00,569,Coimbatore,0.5,-4.740666666666667
2024-12-16 11:00:00,569,Coimbatore,0.5,-7.606
2024-12-16 16:00:00,569,Coimbatore,0.5,-7.602
2024-12-16 21:00:00,569,Coimbatore,0.5,-7.602
2024-12-17 14:00:00,569,Coimbatore,0.5,-4.76
2024-12-17 18:00:00,569,Coimbatore,1.0,-4.748666666666666
2024-12-17 20:00:00,569,Coimbatore,0.5,-4.748666666666666
2024-12-18 07:00:00,569,Coimbatore,0.5,-2.355
2024-12-18 16:00:00,569,Coimbatore,0.5,-4.766333333333334
2024-12-19 03:00:00,569,Coimbatore,0.5,-4.774333333333333
2024-12-19 13:00:00,569,Coimbatore,0.5,-4.757000000000001
2024-12-19 23:00:00,569,Coimbatore,0.5,-7.475
2024-12-20 10:00:00,569,Coimbatore,0.5,-7.644000000000001
2024-12-21 00:00:00,569,Coimbatore,0.5,-7.520333333333333
2024-12-21 15:00:00,569,Coimbatore,0.5,-7.673999999999999
2024-12-25 09:00:00,569,Coimbatore,0.5,-7.600666666666666
2024-12-26 19:00:00,569,Coimbatore,1.5,-7.664333333333334
2024-12-26 21:00:00,569,Coimbatore,0.5,-7.664333333333334
2024-12-27 01:00:00,569,Coimbatore,0.5,-7.692333333333333
2024-12-29 10:00:00,569,Coimbatore,0.5,-7.750666666666667
2024-12-30 14:00:00,569,Coimbatore,0.5,-7.831333333333333
2024-12-30 19:00:00,569,Coimbatore,0.5,-7.866333333333332
2024-12-30 20:00:00,569,Coimbatore,4.5,-7.866333333333332
2024-12-30 21:00:00,569,Coimbatore,3.0,-7.866333333333332
2024-12-30 22:00:00,569,Coimbatore,2.0,-7.765000000000001
2024-12-30 23:00:00,569,Coimbatore,0.5,-7.765000000000001
2024-12-31 01:00:00,569,Coimbatore,0.5,-7.765000000000001
2024-12-31 02:00:00,569,Coimbatore,0.5,-7.765000000000001
2024-12-31 03:00:00,569,Coimbatore,0.5,-7.765000000000001
2025-01-07 09:00:00,569,Coimbatore,0.5,-7.929666666666667
2025-01-08 10:00:00,569,Coimbatore,0.5,-7.991333333333333
2025-01-18 20:00:00,569,Coimbatore,1.5,-8.201
2025-01-18 21:00:00,569,Coimbatore,0.5,-8.201
2025-01-19 02:00:00,569,Coimbatore,1.0,-8.213666666666667
2025-01-19 04:00:00,569,Coimbatore,1.5,-8.252333333333333
2025-01-19 05:00:00,569,Coimbatore,0.5,-8.252333333333333
2025-01-19 06:30:00,569,Coimbatore,0.5,-8.252333333333333
2025-01-19 07:00:00,569,Coimbatore,1.25,-8.252333333333333
2025-01-19 07:30:00,569,Coimbatore,0.5,-8.252333333333333
2025-01-19 08:00:00,569,Coimbatore,0.5,-8.252333333333333
2025-01-19 09:00:00,569,Coimbatore,0.5,-8.252333333333333
2025-01-19 10:00:00,569,Coimbatore,0.5,-8.241999999999999
2025-01-19 11:00:00,569,Coimbatore,0.8333333333333334,-8.241999999999999
2025-01-19 12:00:00,569,Coimbatore,0.5,-8.241999999999999
2025-01-19 13:00:00,569,Coimbatore,0.5,-8.241999999999999
2025-01-19 17:00:00,569,Coimbatore,1.0,-8.256666666666666
2025-01-20 01:00:00,569,Coimbatore,0.5,-8.260666666666667
2025-01-20 06:00:00,569,Coimbatore,0.5,-5.335000000000001
2025-01-20 07:00:00,569,Coimbatore,0.5,-5.335000000000001
2025-01-31 09:00:00,569,Coimbatore,0.5,-8.582
2025-03-01 06:00:00,569,Coimbatore,1.5,-8.4955
2025-03-01 07:00:00,569,Coimbatore,3.0,-8.4955
2025-03-01 10:00:00,569,Coimbatore,0.5,-8.538499999999999
2025-03-01 10:30:00,569,Coimbatore,0.5,-8.538499999999999
2025-03-01 11:00:00,569,Coimbatore,0.5,-8.538499999999999
2025-03-01 18:00:00,569,Coimbatore,0.5,-8.4825
2025-03-11 10:00:00,569,Coimbatore,0.5,-8.6645
2025-03-11 12:00:00,569,Coimbatore,8.5,-8.6645
2025-03-11 13:00:00,569,Coimbatore,2.5,-8.6645
2025-03-11 15:00:00,569,Coimbatore,1.0,-8.6645
2025-03-11 16:00:00,569,Coimbatore,0.5,-8.7985
2025-03-11 18:00:00,569,Coimbatore,11.0,-8.7985
2025-03-11 19:00:00,569,Coimbatore,0.75,-8.7985
2025-03-11 21:00:00,569,Coimbatore,0.5,-8.7985
2025-03-12 00:00:00,569,Coimbatore,0.5,-8.8045
2025-03-12 14:30:00,569,Coimbatore,0.5,-8.715
2025-03-12 15:00:00,569,Coimbatore,1.5,-8.715
2025-03-12 15:30:00,569,Coimbatore,1.5,-8.7745
2025-03-12 16:00:00,569,Coimbatore,1.5,-8.7745
2025-03-12 17:00:00,569,Coimbatore,2.0,-8.7745
2025-03-12 19:00:00,569,Coimbatore,0.5,-8.7745
2025-03-12 20:00:00,569,Coimbatore,0.5,-8.7745
2025-03-16 18:30:00,569,Coimbatore,1.0,-3.743
2025-03-16 19:00:00,569,Coimbatore,1.0,-3.743
2025-03-16 23:30:00,569,Coimbatore,0.5,-3.73
2025-03-17 00:00:00,569,Coimbatore,0.5,-3.73
2025-03-17 14:30:00,569,Coimbatore,0.5,-8.485
2025-03-17 15:00:00,569,Coimbatore,1.0,-8.485
2025-03-17 18:30:00,569,Coimbatore,0.5,-3.717
2025-03-17 19:00:00,569,Coimbatore,0.5,-3.717
2025-03-23 14:00:00,569,Coimbatore,0.5,-8.797
2025-03-23 22:00:00,569,Coimbatore,0.5,-8.779499999999999
2025-03-24 13:00:00,569,Coimbatore,0.5,-8.5015
2025-03-25 12:30:00,569,Coimbatore,0.5,-8.98
2025-03-25 13:00:00,569,Coimbatore,0.5,-8.98
2025-03-27 01:00:00,569,Coimbatore,0.5,-9.09
2025-03-27 14:00:00,569,Coimbatore,0.5,-8.84
2025-03-28 17:30:00,569,Coimbatore,0.5,-9.3
2025-03-28 18:00:00,569,Coimbatore,0.5,-9.3
2025-04-01 22:30:00,569,Coimbatore,2.5,-9.27
2025-04-01 23:00:00,569,Coimbatore,2.5,-9.27
2025-04-02 00:00:00,569,Coimbatore,0.5,-9.27
2025-04-02 02:00:00,569,Coimbatore,1.0,-9.27
2025-04-02 04:00:00,569,Coimbatore,0.5,-9.23
2025-04-02 06:00:00,569,Coimbatore,0.5,-9.23
2025-04-02 07:00:00,569,Coimbatore,0.5,-9.23
2025-04-02 09:30:00,569,Coimbatore,0.5,-9.23
2025-04-03 15:00:00,569,Coimbatore,0.5,-9.55
2025-04-03 18:30:00,569,Coimbatore,0.5,-9.34
2025-04-03 19:00:00,569,Coimbatore,0.8333333333333334,-9.34
2025-04-03 19:30:00,569,Coimbatore,0.5,-9.34
2025-04-03 20:00:00,569,Coimbatore,0.5,-9.34
2025-04-03 21:00:00,569,Coimbatore,0.5,-9.34
2025-04-04 04:00:00,569,Coimbatore,0.5,-9.26
2025-04-04 12:00:00,569,Coimbatore,0.5,-9.5
2025-04-04 18:00:00,569,Coimbatore,2.5,-9.52
2025-04-04 19:00:00,569,Coimbatore,10.0,-9.52
2025-04-04 20:30:00,569,Coimbatore,0.5,-9.52
2025-04-04 21:00:00,569,Coimbatore,0.5,-9.52
2025-04-04 21:30:00,569,Coimbatore,0.5,-9.31
2025-04-04 22:00:00,569,Coimbatore,0.5,-9.31
2025-04-04 23:00:00,569,Coimbatore,0.5,-9.31
2025-04-05 00:00:00,569,Coimbatore,0.5,-9.31
2025-04-05 02:00:00,569,Coimbatore,3.5,-9.31
2025-04-05 02:30:00,569,Coimbatore,0.5,-9.31
2025-04-05 03:00:00,569,Coimbatore,0.5,-9.31
2025-04-05 05:00:00,569,Coimbatore,0.75,-9.26
2025-04-05 06:00:00,569,Coimbatore,1.0,-9.26
2025-04-05 06:30:00,569,Coimbatore,0.5,-9.26
2025-04-05 17:00:00,569,Coimbatore,0.5,-9.31
2025-04-06 11:30:00,569,Coimbatore,0.5,-9.25
2025-04-06 12:00:00,569,Coimbatore,0.5,-9.25
2025-04-06 18:00:00,569,Coimbatore,0.5,-9.26
2025-04-06 19:00:00,569,Coimbatore,4.5,-9.26
2025-04-06 22:00:00,569,Coimbatore,3.5,-9.24
2025-04-06 22:30:00,569,Coimbatore,0.5,-9.24
2025-04-06 23:00:00,569,Coimbatore,1.0,-9.24
2025-04-07 11:00:00,569,Coimbatore,0.5,-9.33
2025-04-07 15:30:00,569,Coimbatore,15.0,-9.22
2025-04-07 16:00:00,569,Coimbatore,15.0,-9.22
2025-04-12 04:00:00,569,Coimbatore,1.0,-9.08
2025-04-12 05:00:00,569,Coimbatore,2.5,-9.08
2025-04-12 06:00:00,569,Coimbatore,1.5,-9.08
2025-04-12 07:00:00,569,Coimbatore,0.5,-9.08
2025-04-13 19:00:00,569,Coimbatore,0.5,-9.05
2025-04-13 20:00:00,569,Coimbatore,1.0,-9.05
2025-04-13 21:00:00,569,Coimbatore,0.5,-9.05
2025-04-14 15:00:00,569,Coimbatore,5.0,-9.08
2025-04-14 15:30:00,569,Coimbatore,2.0,-9.05
2025-04-14 16:00:00,569,Coimbatore,2.0,-9.05
2025-04-14 17:00:00,569,Coimbatore,0.5,-9.05
2025-04-14 18:00:00,569,Coimbatore,0.5,-9.05
2025-04-14 19:00:00,569,Coimbatore,0.5,-9.05
2025-04-15 02:00:00,569,Coimbatore,0.5,-9.04
2025-04-15 04:00:00,569,Coimbatore,1.75,-9.03
2025-04-15 05:00:00,569,Coimbatore,0.5,-9.03
2025-04-15 06:00:00,569,Coimbatore,0.5,-9.03
2025-04-15 08:00:00,569,Coimbatore,0.5,-9.03
2025-04-15 10:00:00,569,Coimbatore,0.5,-9.56
2025-04-15 13:00:00,569,Coimbatore,0.5,-9.56
2025-04-15 17:00:00,569,Coimbatore,0.5,-9.17
2025-04-15 23:00:00,569,Coimbatore,0.5,-9.08
2025-04-16 13:00:00,569,Coimbatore,0.5,-9.17
2025-04-17 15:30:00,569,Coimbatore,4.5,-9.15
2025-04-17 16:00:00,569,Coimbatore,6.0,-9.15
2025-04-18 02:00:00,569,Coimbatore,0.5,-9.06
2025-04-21 18:30:00,569,Coimbatore,0.5,-9.07
2025-04-21 19:00:00,569,Coimbatore,0.75,-9.07
2025-04-21 22:00:00,569,Coimbatore,0.5,-9.05
2025-04-22 05:00:00,569,Coimbatore,0.5,-9.06
2025-04-22 19:00:00,569,Coimbatore,0.5,-9.28
2025-04-23 16:30:00,569,Coimbatore,7.5,-9.16
2025-04-23 17:00:00,569,Coimbatore,7.5,-9.16
2025-04-24 09:00:00,569,Coimbatore,0.5,-9.11
2025-04-24 12:00:00,569,Coimbatore,0.5,-9.21
2025-04-24 17:00:00,569,Coimbatore,6.5,-9.2
2025-04-24 17:30:00,569,Coimbatore,1.0,-9.2
2025-04-24 18:00:00,569,Coimbatore,1.0,-9.2
2025-04-25 17:00:00,569,Coimbatore,5.0,-9.14
2025-04-25 18:30:00,569,Coimbatore,0.5,-9.14
2025-04-25 19:00:00,569,Coimbatore,0.5,-9.14
2025-04-26 16:30:00,569,Coimbatore,11.5,-9.19
2025-04-26 17:00:00,569,Coimbatore,11.5,-9.19
2025-04-28 14:00:00,569,Coimbatore,1.5,-9.27
2025-04-28 14:30:00,569,Coimbatore,27.0,-9.27
2025-04-28 15:00:00,569,Coimbatore,28.5,-9.27
2025-04-28 18:00:00,569,Coimbatore,0.5,-9.15
2025-04-28 19:00:00,569,Coimbatore,0.5,-9.15
2025-04-28 22:00:00,569,Coimbatore,0.5,-9.14
2025-04-29 03:00:00,569,Coimbatore,0.5,-9.14
2025-04-29 13:00:00,569,Coimbatore,0.5,-9.11
2025-04-29 16:00:00,569,Coimbatore,3.5,-9.29
2025-04-29 19:00:00,569,Coimbatore,0.5,-9.29
2025-04-30 06:00:00,569,Coimbatore,0.5,-9.18
2025-04-30 17:00:00,569,Coimbatore,0.5,-9.31
2025-04-30 22:00:00,569,Coimbatore,0.5,-9.21
2025-05-01 03:00:00,569,Coimbatore,0.5,-9.21
2025-05-01 06:00:00,569,Coimbatore,0.5,-9.19
2025-05-01 09:00:00,569,Coimbatore,0.5,-9.19
2025-05-01 12:00:00,569,Coimbatore,0.5,-9.19
2025-05-01 13:00:00,569,Coimbatore,0.5,-9.19
2025-05-01 14:00:00,569,Coimbatore,0.5,-9.19
2025-05-01 16:00:00,569,Coimbatore,0.5,-9.19
2025-05-01 17:00:00,569,Coimbatore,0.5,-9.19
2025-05-01 18:00:00,569,Coimbatore,0.5,-9.19
2025-05-01 19:00:00,569,Coimbatore,0.5,-9.19
2025-05-01 20:00:00,569,Coimbatore,0.5,-9.19
2025-05-01 21:00:00,569,Coimbatore,0.5,-9.19
2025-05-01 22:00:00,569,Coimbatore,0.5,-9.19
2025-05-01 23:00:00,569,Coimbatore,0.5,-9.19
2025-05-02 00:00:00,569,Coimbatore,0.5,-9.19
2025-05-02 02:00:00,569,Coimbatore,0.5,-9.19
2025-05-02 03:00:00,569,Coimbatore,0.5,-9.19
2025-05-02 05:00:00,569,Coimbatore,0.5,-9.19
2025-05-02 06:00:00,569,Coimbatore,0.5,-9.19
2025-05-02 08:00:00,569,Coimbatore,0.5,-9.19
2025-05-02 10:00:00,569,Coimbatore,0.5,-9.29
2025-05-02 14:00:00,569,Coimbatore,2.5,-9.29
2025-05-02 14:30:00,569,Coimbatore,2.0,-9.29
2025-05-02 15:00:00,569,Coimbatore,2.0,-9.29
2025-05-02 18:30:00,569,Coimbatore,0.5,-9.22
2025-05-02 19:00:00,569,Coimbatore,7.0,-9.22
2025-05-02 19:30:00,569,Coimbatore,0.5,-9.22
2025-05-02 20:00:00,569,Coimbatore,0.5,-9.22
2025-05-02 20:30:00,569,Coimbatore,0.5,-9.22
2025-05-02 21:00:00,569,Coimbatore,1.0,-9.22
2025-05-02 21:30:00,569,Coimbatore,1.0,-9.19
2025-05-02 22:00:00,569,Coimbatore,1.0,-9.19
2025-05-03 02:00:00,569,Coimbatore,0.5,-9.19
2025-05-03 08:00:00,569,Coimbatore,0.5,-9.19
2025-05-05 07:00:00,569,Coimbatore,0.5,-9.23
2025-05-05 11:00:00,569,Coimbatore,0.5,-9.25
2025-05-05 12:00:00,569,Coimbatore,0.5,-9.25
2025-05-05 16:00:00,569,Coimbatore,0.5,-9.24
2025-05-05 19:00:00,569,Coimbatore,0.5,-9.24
2025-05-05 22:00:00,569,Coimbatore,0.5,-9.22
2025-05-06 01:00:00,569,Coimbatore,0.5,-9.22
2025-05-06 09:00:00,569,Coimbatore,0.5,-9.23
2025-05-06 13:00:00,569,Coimbatore,0.5,-9.25
2025-05-06 15:00:00,569,Coimbatore,1.5,-9.25
2025-05-06 15:30:00,569,Coimbatore,1.0,-9.22
2025-05-06 16:00:00,569,Coimbatore,3.8333333333333335,-9.22
2025-05-06 17:30:00,569,Coimbatore,0.5,-9.22
2025-05-06 18:00:00,569,Coimbatore,0.5,-9.22
2025-05-06 19:00:00,569,Coimbatore,0.5,-9.22
2025-05-07 01:00:00,569,Coimbatore,0.5,-9.2
2025-05-07 04:00:00,569,Coimbatore,0.5,-9.21
2025-05-07 07:00:00,569,Coimbatore,0.5,-9.21
2025-05-07 10:00:00,569,Coimbatore,0.5,-9.44
2025-05-07 15:00:00,569,Coimbatore,7.0,-9.44
2025-05-07 15:30:00,569,Coimbatore,3.5,-9.37
2025-05-07 16:00:00,569,Coimbatore,10.75,-9.37
2025-05-07 17:00:00,569,Coimbatore,2.75,-9.37
2025-05-07 18:30:00,569,Coimbatore,0.5,-9.37
2025-05-07 19:00:00,569,Coimbatore,0.5,-9.37
2025-05-08 10:15:00,569,Coimbatore,7.5,-9.35
2025-05-08 11:00:00,569,Coimbatore,7.5,-9.35
2025-05-08 13:00:00,569,Coimbatore,1.0,-9.35
2025-05-08 16:00:00,569,Coimbatore,4.5,-9.24
2025-05-15 15:00:00,569,Coimbatore,3.5,-9.46
2025-05-15 16:00:00,569,Coimbatore,0.5,-9.38
2025-05-17 23:00:00,569,Coimbatore,0.5,-9.3
2025-05-18 00:00:00,569,Coimbatore,0.5,-9.3
2025-05-18 03:00:00,569,Coimbatore,0.5,-9.3
2025-05-18 14:00:00,569,Coimbatore,3.25,-9.31
2025-05-18 15:00:00,569,Coimbatore,1.25,-9.31
2025-05-19 02:00:00,569,Coimbatore,0.5,-9.33
2025-05-20 14:00:00,569,Coimbatore,1.0,-9.61
2025-05-21 19:00:00,569,Coimbatore,0.5,-9.42
2025-05-23 08:00:00,569,Coimbatore,0.5,-9.43
2025-05-23 09:00:00,569,Coimbatore,1.5,-9.43
2025-05-23 15:00:00,569,Coimbatore,2.0,-9.51
2025-05-23 16:00:00,569,Coimbatore,7.5,-9.46
2025-05-23 18:00:00,569,Coimbatore,2.0,-9.46
2025-05-23 19:00:00,569,Coimbatore,2.25,-9.46
2025-05-23 23:00:00,569,Coimbatore,0.5,-9.42
2025-05-24 01:00:00,569,Coimbatore,0.5,-9.42
2025-05-24 02:00:00,569,Coimbatore,5.0,-9.42
2025-05-24 03:00:00,569,Coimbatore,2.0,-9.42
2025-05-24 04:00:00,569,Coimbatore,5.75,-9.42
2025-05-24 05:00:00,569,Coimbatore,1.5,-9.42
2025-05-24 06:00:00,569,Coimbatore,1.5,-9.42
2025-05-24 07:00:00,569,Coimbatore,0.75,-9.42
2025-05-24 08:00:00,569,Coimbatore,0.5,-9.42
2025-05-24 10:00:00,569,Coimbatore,0.5,-9.43
2025-05-24 11:00:00,569,Coimbatore,0.5,-9.43
2025-05-24 16:00:00,569,Coimbatore,0.5,-9.41
2025-05-24 18:00:00,569,Coimbatore,2.25,-9.41
2025-05-24 19:00:00,569,Coimbatore,5.25,-9.41
2025-05-24 20:00:00,569,Coimbatore,0.8333333333333334,-9.41
2025-05-24 21:00:00,569,Coimbatore,1.75,-9.41
2025-05-24 22:00:00,569,Coimbatore,3.25,-9.41
2025-05-24 23:00:00,569,Coimbatore,2.25,-9.41
2025-05-25 00:00:00,569,Coimbatore,1.3333333333333333,-9.41
2025-05-25 01:00:00,569,Coimbatore,6.333333333333333,-9.41
2025-05-25 02:00:00,569,Coimbatore,2.25,-9.41
2025-05-25 03:00:00,569,Coimbatore,1.0,-9.41
2025-05-25 04:00:00,569,Coimbatore,2.5,-9.41
2025-05-25 05:00:00,569,Coimbatore,1.0,-9.41
2025-05-25 06:00:00,569,Coimbatore,2.0,-9.41
2025-05-25 07:00:00,569,Coimbatore,0.5,-9.41
2025-05-25 09:00:00,569,Coimbatore,0.8333333333333334,-9.41
2025-05-25 11:00:00,569,Coimbatore,3.0,-9.43
2025-05-25 12:00:00,569,Coimbatore,3.25,-9.43
2025-05-25 13:00:00,569,Coimbatore,1.0,-9.43
2025-05-25 15:00:00,569,Coimbatore,2.0,-9.43
2025-05-25 16:00:00,569,Coimbatore,1.0,-9.42
2025-05-25 17:00:00,569,Coimbatore,1.1666666666666667,-9.42
2025-05-25 18:00:00,569,Coimbatore,0.5,-9.42
2025-05-25 19:00:00,569,Coimbatore,1.0,-9.42
2025-05-25 20:00:00,569,Coimbatore,3.75,-9.42
2025-05-25 21:00:00,569,Coimbatore,0.75,-9.42
2025-05-25 22:00:00,569,Coimbatore,5.75,-9.38
2025-05-25 23:00:00,569,Coimbatore,0.5,-9.38
2025-05-26 00:00:00,569,Coimbatore,5.833333333333333,-9.38
2025-05-26 01:00:00,569,Coimbatore,1.8333333333333333,-9.38
2025-05-26 02:00:00,569,Coimbatore,0.5,-9.38
2025-05-26 03:00:00,569,Coimbatore,4.75,-9.38
2025-05-26 04:00:00,569,Coimbatore,2.5,-9.37
2025-05-26 05:00:00,569,Coimbatore,6.125,-9.37
2025-05-26 06:00:00,569,Coimbatore,2.5,-9.37
2025-05-26 07:00:00,569,Coimbatore,0.5,-9.37
2025-05-26 08:00:00,569,Coimbatore,1.0,-9.37
2025-05-26 09:00:00,569,Coimbatore,0.5,-9.37
2025-05-26 10:00:00,569,Coimbatore,3.5,-9.38
2025-05-26 11:00:00,569,Coimbatore,4.0,-9.38
2025-05-26 12:00:00,569,Coimbatore,0.5,-9.38
2025-05-26 13:00:00,569,Coimbatore,5.0,-9.38
2025-05-26 14:00:00,569,Coimbatore,3.0,-9.38
2025-05-26 15:00:00,569,Coimbatore,0.5,-9.38
2025-05-26 16:00:00,569,Coimbatore,2.0,-9.39
2025-05-26 17:00:00,569,Coimbatore,0.5,-9.39
2025-05-26 18:00:00,569,Coimbatore,2.5,-9.39
2025-05-26 19:00:00,569,Coimbatore,1.5,-9.39
2025-05-26 20:00:00,569,Coimbatore,8.166666666666666,-9.39
2025-05-26 21:00:00,569,Coimbatore,7.75,-9.39
2025-05-26 22:00:00,569,Coimbatore,4.125,-9.31
2025-05-26 23:00:00,569,Coimbatore,0.5,-9.31
2025-05-27 02:00:00,569,Coimbatore,1.5,-9.31
2025-05-27 03:00:00,569,Coimbatore,0.75,-9.31
2025-05-27 05:00:00,569,Coimbatore,0.5,-9.23
2025-05-27 06:00:00,569,Coimbatore,0.5,-9.23
2025-05-27 07:00:00,569,Coimbatore,1.75,-9.23
2025-05-27 08:00:00,569,Coimbatore,1.0,-9.23
2025-05-27 09:00:00,569,Coimbatore,1.25,-9.23
2025-05-27 10:00:00,569,Coimbatore,3.0,-9.13
2025-05-27 11:00:00,569,Coimbatore,3.75,-9.13
2025-05-27 12:00:00,569,Coimbatore,0.75,-9.13
2025-05-27 13:00:00,569,Coimbatore,3.25,-9.13
2025-05-27 14:00:00,569,Coimbatore,1.75,-9.13
2025-05-27 15:00:00,569,Coimbatore,0.75,-9.13
2025-05-27 16:00:00,569,Coimbatore,3.25,-9.03
2025-05-27 17:00:00,569,Coimbatore,3.75,-9.03
2025-05-27 18:00:00,569,Coimbatore,2.75,-9.03
2025-05-27 19:00:00,569,Coimbatore,4.5,-9.03
2025-05-27 20:00:00,569,Coimbatore,4.75,-9.03
2025-05-27 21:00:00,569,Coimbatore,0.5,-9.03
2025-05-27 22:00:00,569,Coimbatore,1.0,-8.83
2025-05-27 23:00:00,569,Coimbatore,1.0,-8.83
2025-05-28 00:00:00,569,Coimbatore,0.5,-8.83
2025-05-28 01:00:00,569,Coimbatore,6.0,-8.83
2025-05-28 02:00:00,569,Coimbatore,2.5,-8.83
2025-05-28 03:00:00,569,Coimbatore,0.5,-8.83
2025-05-28 04:00:00,569,Coimbatore,4.75,-8.67
2025-05-28 05:00:00,569,Coimbatore,2.5,-8.67
2025-05-28 06:00:00,569,Coimbatore,2.5,-8.67
2025-05-28 07:00:00,569,Coimbatore,4.75,-8.67
2025-05-28 08:00:00,569,Coimbatore,3.1666666666666665,-8.67
2025-05-28 09:00:00,569,Coimbatore,0.5,-8.67
2025-05-28 10:00:00,569,Coimbatore,1.5,-8.51
2025-05-28 11:00:00,569,Coimbatore,2.0,-8.51
2025-05-28 12:00:00,569,Coimbatore,2.0,-8.51
2025-05-28 13:00:00,569,Coimbatore,0.5,-8.51
2025-05-28 14:00:00,569,Coimbatore,3.75,-8.51
2025-05-28 15:00:00,569,Coimbatore,2.0,-8.51
2025-05-28 16:00:00,569,Coimbatore,5.25,-8.08
2025-05-28 17:00:00,569,Coimbatore,6.5,-8.08
2025-05-28 18:00:00,569,Coimbatore,1.0,-8.08
2025-05-28 19:00:00,569,Coimbatore,4.25,-8.08
2025-05-28 20:00:00,569,Coimbatore,0.6666666666666666,-8.08
2025-05-28 21:00:00,569,Coimbatore,5.25,-8.08
2025-05-28 22:00:00,569,Coimbatore,0.5,-7.74
2025-05-28 23:00:00,569,Coimbatore,2.25,-7.74
2025-05-29 00:00:00,569,Coimbatore,0.5,-7.74
2025-05-29 01:00:00,569,Coimbatore,0.5,-7.74
2025-05-29 02:00:00,569,Coimbatore,0.75,-7.74
2025-05-29 03:00:00,569,Coimbatore,1.5,-7.74
2025-05-29 04:00:00,569,Coimbatore,1.0,-7.42
2025-05-29 05:00:00,569,Coimbatore,0.5,-7.42
2025-05-29 06:00:00,569,Coimbatore,1.25,-7.42
2025-05-29 07:00:00,569,Coimbatore,2.0,-7.42
2025-05-29 08:00:00,569,Coimbatore,4.0,-7.42
2025-05-29 09:00:00,569,Coimbatore,0.5,-7.42
2025-05-29 10:00:00,569,Coimbatore,2.1666666666666665,-7.12
2025-05-29 12:00:00,569,Coimbatore,1.75,-7.12
2025-05-29 13:00:00,569,Coimbatore,2.0,-7.12
2025-05-29 14:00:00,569,Coimbatore,2.0,-7.12
2025-05-29 15:00:00,569,Coimbatore,1.0,-7.12
2025-05-29 16:00:00,569,Coimbatore,1.8333333333333333,-6.75
2025-05-29 17:00:00,569,Coimbatore,1.0,-6.75
2025-05-29 18:00:00,569,Coimbatore,0.5,-6.75
2025-05-29 19:00:00,569,Coimbatore,1.0,-6.75
2025-05-29 20:00:00,569,Coimbatore,3.0,-6.75
2025-05-30 04:00:00,569,Coimbatore,0.5,-6.04
2025-05-30 05:00:00,569,Coimbatore,1.5,-6.04
2025-05-30 06:00:00,569,Coimbatore,1.75,-6.04
2025-05-30 07:00:00,569,Coimbatore,0.75,-6.04
2025-05-30 08:00:00,569,Coimbatore,0.5,-6.04
2025-05-30 09:00:00,569,Coimbatore,3.0,-6.04
2025-05-30 10:00:00,569,Coimbatore,4.125,-5.83
2025-05-30 11:00:00,569,Coimbatore,2.0,-5.83
2025-05-31 07:00:00,569,Coimbatore,0.5,-5.39
2025-06-01 11:00:00,569,Coimbatore,0.5,-5.07
2025-06-02 11:00:00,569,Coimbatore,0.5,-5.25
2025-06-03 09:00:00,569,Coimbatore,1.0,-4.88
2025-06-03 19:00:00,569,Coimbatore,0.5,-4.89
2025-06-04 07:00:00,569,Coimbatore,0.5,-4.89
2025-06-04 09:00:00,569,Coimbatore,0.5,-4.89
2025-06-07 17:00:00,569,Coimbatore,0.5,-5.05
2025-06-11 18:00:00,569,Coimbatore,0.5,-4.97
2025-06-11 19:00:00,569,Coimbatore,1.0,-4.97
2025-06-12 19:00:00,569,Coimbatore,1.5,-5.05
2025-06-13 11:00:00,569,Coimbatore,0.5,-4.89
2025-06-13 12:00:00,569,Coimbatore,4.5,-4.89
2025-06-13 13:00:00,569,Coimbatore,0.75,-4.89
2025-06-13 14:00:00,569,Coimbatore,2.333333333333333,-4.89
2025-06-13 15:00:00,569,Coimbatore,1.0,-4.89
2025-06-13 16:00:00,569,Coimbatore,0.5,-5.39
2025-06-13 20:00:00,569,Coimbatore,0.5,-5.39
2025-06-14 01:00:00,569,Coimbatore,0.5,-5.01
2025-06-14 13:00:00,569,Coimbatore,0.5,-4.96
2025-06-14 15:00:00,569,Coimbatore,5.666666666666667,-4.96
2025-06-14 16:00:00,569,Coimbatore,3.25,-4.99
2025-06-14 17:00:00,569,Coimbatore,1.0,-4.99
2025-06-14 18:00:00,569,Coimbatore,0.5,-4.99
2025-06-14 21:00:00,569,Coimbatore,0.5,-4.99
2025-06-14 23:00:00,569,Coimbatore,0.5,-5.01
2025-06-15 01:00:00,569,Coimbatore,0.5,-5.01
2025-06-15 02:00:00,569,Coimbatore,0.5,-5.01
2025-06-15 05:00:00,569,Coimbatore,2.0,-4.99
2025-06-15 06:00:00,569,Coimbatore,1.25,-4.99
2025-06-15 07:00:00,569,Coimbatore,0.5,-4.99
2025-06-15 08:00:00,569,Coimbatore,1.25,-4.99
2025-06-15 09:00:00,569,Coimbatore,0.5,-4.99
2025-06-15 10:00:00,569,Coimbatore,0.6666666666666666,-5.02
2025-06-15 12:00:00,569,Coimbatore,1.0,-5.02
2025-06-15 13:00:00,569,Coimbatore,2.0,-5.02
2025-06-15 14:00:00,569,Coimbatore,0.8333333333333334,-5.02
2025-06-15 15:00:00,569,Coimbatore,1.5,-5.02
2025-06-15 16:00:00,569,Coimbatore,0.5,-5.01
2025-06-15 17:00:00,569,Coimbatore,0.5,-5.01
2025-06-15 19:00:00,569,Coimbatore,1.1666666666666667,-5.01
2025-06-15 20:00:00,569,Coimbatore,1.0,-5.01
2025-06-15 21:00:00,569,Coimbatore,0.75,-5.01
2025-06-15 22:00:00,569,Coimbatore,0.6666666666666666,-5.02
2025-06-15 23:00:00,569,Coimbatore,2.25,-5.02
2025-06-16 00:00:00,569,Coimbatore,0.5,-5.02
2025-06-16 01:00:00,569,Coimbatore,0.5,-5.02
2025-06-16 02:00:00,569,Coimbatore,0.5,-5.02
2025-06-16 04:00:00,569,Coimbatore,3.1666666666666665,-5.02
2025-06-16 05:00:00,569,Coimbatore,0.5,-5.02
2025-06-16 08:00:00,569,Coimbatore,0.5,-5.02
2025-06-16 10:00:00,569,Coimbatore,0.5,-5.2
2025-06-16 11:00:00,569,Coimbatore,3.1666666666666665,-5.2
2025-06-16 12:00:00,569,Coimbatore,0.5,-5.2
2025-06-16 13:00:00,569,Coimbatore,1.0,-5.2
2025-06-16 14:00:00,569,Coimbatore,1.0,-5.2
2025-06-16 17:00:00,569,Coimbatore,1.25,-4.97
2025-06-16 20:00:00,569,Coimbatore,1.6666666666666667,-4.97
2025-06-16 21:00:00,569,Coimbatore,0.5,-4.97
2025-06-17 00:00:00,569,Coimbatore,2.0,-6.6515
2025-06-17 01:00:00,569,Coimbatore,2.875,-6.6515
2025-06-17 02:00:00,569,Coimbatore,0.5,-6.6515
2025-06-17 04:00:00,569,Coimbatore,1.5,-6.6505
2025-06-17 05:00:00,569,Coimbatore,0.5,-6.6505
2025-06-17 06:00:00,569,Coimbatore,0.5,-6.6505
2025-06-17 07:00:00,569,Coimbatore,0.8333333333333334,-6.6505
2025-06-17 08:00:00,569,Coimbatore,0.5,-6.6505
2025-06-17 10:00:00,569,Coimbatore,1.5,-6.681
2025-06-17 11:00:00,569,Coimbatore,0.75,-6.681
2025-06-17 13:00:00,569,Coimbatore,2.0,-6.681
2025-06-17 14:00:00,569,Coimbatore,0.5,-6.681
2025-06-17 16:00:00,569,Coimbatore,0.5,-6.4865
2025-06-17 17:00:00,569,Coimbatore,0.5,-6.4865
2025-06-17 20:00:00,569,Coimbatore,0.5,-6.4865
2025-06-17 21:00:00,569,Coimbatore,1.5,-6.4865
2025-06-17 22:00:00,569,Coimbatore,0.5,-6.6235
2025-06-18 01:00:00,569,Coimbatore,0.6666666666666666,-6.6235
2025-06-18 04:00:00,569,Coimbatore,0.5,-6.640000000000001
2025-06-18 05:00:00,569,Coimbatore,0.5,-6.640000000000001
2025-06-18 07:00:00,569,Coimbatore,0.5,-6.640000000000001
2025-06-18 09:00:00,569,Coimbatore,0.5,-8.25
2025-06-18 13:00:00,569,Coimbatore,0.5,-6.677999999999999
2025-06-18 14:00:00,569,Coimbatore,0.5,-6.677999999999999
2025-06-18 15:00:00,569,Coimbatore,1.3333333333333333,-6.677999999999999
2025-06-18 20:00:00,569,Coimbatore,1.5,-6.635
2025-06-19 03:00:00,569,Coimbatore,0.5,-6.6165
2025-06-19 04:00:00,569,Coimbatore,0.5,-6.6165
2025-06-19 06:00:00,569,Coimbatore,1.5,-6.6165
2025-06-19 07:00:00,569,Coimbatore,0.5,-6.6165
2025-06-19 08:00:00,569,Coimbatore,0.5,-6.6165
2025-06-19 09:00:00,569,Coimbatore,2.75,-6.6165
2025-06-19 12:00:00,569,Coimbatore,0.5,-6.6165
2025-06-19 13:00:00,569,Coimbatore,3.0,-6.6615
2025-06-19 19:00:00,569,Coimbatore,0.5,-6.6615
2025-06-20 16:00:00,569,Coimbatore,0.5,-6.6735
2025-06-20 17:00:00,569,Coimbatore,0.5,-6.6735
2025-06-20 19:00:00,569,Coimbatore,1.0,-6.6735
2025-06-20 22:00:00,569,Coimbatore,0.5,-6.664
2025-06-21 02:00:00,569,Coimbatore,0.75,-6.664
2025-06-21 03:00:00,569,Coimbatore,0.5,-6.664
2025-06-21 15:00:00,569,Coimbatore,2.25,-6.698
2025-06-22 12:00:00,569,Coimbatore,0.5,-6.7535
2025-06-22 14:00:00,569,Coimbatore,2.0,-6.7535
2025-06-22 16:00:00,569,Coimbatore,1.0,-6.7185
2025-06-22 17:00:00,569,Coimbatore,1.0,-6.7185
2025-06-22 18:00:00,569,Coimbatore,3.0,-6.7185
2025-06-22 19:00:00,569,Coimbatore,1.0,-6.7185
2025-06-22 20:00:00,569,Coimbatore,14.25,-6.7185
2025-06-22 21:00:00,569,Coimbatore,4.5,-6.7185
2025-06-22 22:00:00,569,Coimbatore,5.833333333333333,-6.7135
2025-06-22 23:00:00,569,Coimbatore,13.0,-6.7135
2025-06-23 00:00:00,569,Coimbatore,0.8333333333333334,-6.7135
2025-06-23 01:00:00,569,Coimbatore,0.5,-6.7135
2025-06-23 03:00:00,569,Coimbatore,0.5,-6.7135
2025-06-23 04:00:00,569,Coimbatore,0.6666666666666666,-6.698499999999999
2025-06-23 05:00:00,569,Coimbatore,0.6666666666666666,-6.698499999999999
2025-06-23 06:00:00,569,Coimbatore,1.0,-6.698499999999999
2025-06-23 09:00:00,569,Coimbatore,0.5,-6.698499999999999
2025-06-23 16:00:00,569,Coimbatore,0.5,-6.724500000000001
2025-06-23 18:00:00,569,Coimbatore,0.5,-6.724500000000001
2025-06-23 21:00:00,569,Coimbatore,1.0,-6.724500000000001
2025-06-23 22:00:00,569,Coimbatore,0.5,-6.722
2025-06-24 03:00:00,569,Coimbatore,0.5,-6.722
2025-06-24 04:00:00,569,Coimbatore,1.0,-8.555
2025-06-24 05:00:00,569,Coimbatore,1.5,-8.555
2025-06-24 06:00:00,569,Coimbatore,2.5,-8.555
2025-06-24 07:00:00,569,Coimbatore,0.5,-8.555
2025-06-24 10:00:00,569,Coimbatore,0.5,-8.628
2025-06-24 11:00:00,569,Coimbatore,3.5,-8.628
2025-06-24 12:00:00,569,Coimbatore,2.0,-8.628
2025-06-24 15:00:00,569,Coimbatore,0.5,-8.628
2025-06-24 17:00:00,569,Coimbatore,1.5,-8.626
2025-06-24 18:00:00,569,Coimbatore,1.5,-8.626
2025-06-24 19:00:00,569,Coimbatore,1.0,-8.626
2025-06-24 20:00:00,569,Coimbatore,2.0,-8.626
2025-06-24 21:00:00,569,Coimbatore,1.5,-8.626
2025-06-24 22:00:00,569,Coimbatore,0.5,-6.7355
2025-06-24 23:00:00,569,Coimbatore,5.5,-6.7355
2025-06-25 00:00:00,569,Coimbatore,0.5,-6.7355
2025-06-25 01:00:00,569,Coimbatore,1.75,-6.7355
2025-06-25 03:00:00,569,Coimbatore,0.5,-6.7355
2025-06-25 04:00:00,569,Coimbatore,3.0,-6.72
2025-06-25 05:00:00,569,Coimbatore,4.0,-6.72
2025-06-25 06:00:00,569,Coimbatore,1.0,-6.72
2025-06-25 07:00:00,569,Coimbatore,3.5,-6.72
2025-06-25 08:00:00,569,Coimbatore,1.25,-6.72
2025-06-25 11:00:00,569,Coimbatore,2.0,-6.79
2025-06-25 13:00:00,569,Coimbatore,1.5,-6.79
2025-06-25 14:00:00,569,Coimbatore,5.5,-6.79
2025-06-25 15:00:00,569,Coimbatore,3.0,-6.79
2025-06-25 16:00:00,569,Coimbatore,1.6666666666666667,-6.7295
2025-06-25 17:00:00,569,Coimbatore,2.75,-6.7295
2025-06-25 18:00:00,569,Coimbatore,2.75,-6.7295
2025-06-25 19:00:00,569,Coimbatore,1.8333333333333333,-6.7295
2025-06-25 20:00:00,569,Coimbatore,0.5,-6.7295
2025-06-25 21:00:00,569,Coimbatore,4.333333333333333,-6.7295
2025-06-25 22:00:00,569,Coimbatore,3.25,-6.693
2025-06-25 23:00:00,569,Coimbatore,0.5,-6.693
2025-06-26 01:00:00,569,Coimbatore,2.0,-6.693
2025-06-26 03:00:00,569,Coimbatore,2.0,-6.693
2025-06-26 04:00:00,569,Coimbatore,1.0,-6.6695
2025-06-26 05:00:00,569,Coimbatore,1.0,-6.6695
2025-06-26 06:00:00,569,Coimbatore,0.5,-6.6695
2025-06-26 07:00:00,569,Coimbatore,0.75,-6.6695
2025-06-26 08:00:00,569,Coimbatore,2.0,-6.6695
2025-06-26 09:00:00,569,Coimbatore,0.5,-6.6695
2025-06-26 12:00:00,569,Coimbatore,0.5,-6.729
2025-06-26 13:00:00,569,Coimbatore,4.5,-6.729
2025-06-26 14:00:00,569,Coimbatore,2.0,-6.729
2025-06-26 15:00:00,569,Coimbatore,0.75,-6.729
2025-06-26 16:00:00,569,Coimbatore,1.0,-6.676499999999999
2025-06-26 17:00:00,569,Coimbatore,1.75,-6.676499999999999
2025-06-26 18:00:00,569,Coimbatore,1.0,-6.676499999999999
2025-06-26 19:00:00,569,Coimbatore,2.5,-6.676499999999999
2025-06-26 20:00:00,569,Coimbatore,5.5,-6.676499999999999
2025-06-26 21:00:00,569,Coimbatore,1.0,-6.676499999999999
2025-06-26 22:00:00,569,Coimbatore,3.5,-6.6465000000000005
2025-06-26 23:00:00,569,Coimbatore,2.5,-6.6465000000000005
2025-06-27 00:00:00,569,Coimbatore,0.8333333333333334,-6.6465000000000005
2025-06-27 01:00:00,569,Coimbatore,0.5,-6.6465000000000005
2025-06-27 04:00:00,569,Coimbatore,3.1666666666666665,-6.609500000000001
2025-06-27 05:00:00,569,Coimbatore,0.5,-6.609500000000001
2025-06-27 06:00:00,569,Coimbatore,0.5,-6.609500000000001
2025-06-27 08:00:00,569,Coimbatore,0.5,-6.609500000000001
2025-06-27 21:00:00,569,Coimbatore,0.5,-6.5905000000000005
2025-06-28 05:00:00,569,Coimbatore,0.5,-6.563
2025-06-28 06:00:00,569,Coimbatore,1.25,-6.563
2025-06-28 07:00:00,569,Coimbatore,1.0,-6.563
2025-06-28 08:00:00,569,Coimbatore,0.5,-6.563
2025-06-28 12:00:00,569,Coimbatore,2.0,-6.5875
2025-06-28 13:00:00,569,Coimbatore,0.5,-6.5875
2025-06-28 14:00:00,569,Coimbatore,2.0,-6.5875
2025-06-28 17:00:00,569,Coimbatore,1.75,-6.593
2025-06-28 18:00:00,569,Coimbatore,1.5,-6.593
2025-06-28 23:00:00,569,Coimbatore,0.5,-6.566
2025-06-29 00:00:00,569,Coimbatore,2.5,-6.566
2025-06-29 04:00:00,569,Coimbatore,1.0,-6.545999999999999
2025-06-30 12:00:00,569,Coimbatore,0.5,-6.552
2025-06-30 18:00:00,569,Coimbatore,0.75,-6.5725
2025-07-01 02:00:00,569,Coimbatore,0.5,-6.5275
2025-07-01 03:00:00,569,Coimbatore,0.5,-6.5275
2025-07-01 09:00:00,569,Coimbatore,0.5,-6.5175
2025-07-01 13:00:00,569,Coimbatore,0.5,-6.6775
2025-07-01 17:00:00,569,Coimbatore,1.5,-6.539999999999999
2025-07-01 20:00:00,569,Coimbatore,1.5,-6.539999999999999
2025-07-02 03:00:00,569,Coimbatore,0.75,-6.5065
2025-07-02 04:00:00,569,Coimbatore,0.5,-6.4725
2025-07-02 05:00:00,569,Coimbatore,0.5,-6.4725
2025-07-02 09:00:00,569,Coimbatore,0.5,-6.4725
2025-07-02 11:00:00,569,Coimbatore,0.75,-6.4030000000000005
2025-07-02 14:00:00,569,Coimbatore,2.5,-6.4030000000000005
2025-07-02 15:00:00,569,Coimbatore,0.5,-6.4030000000000005
2025-07-02 16:00:00,569,Coimbatore,4.333333333333333,-6.44
2025-07-02 17:00:00,569,Coimbatore,0.5,-6.44
2025-07-02 18:00:00,569,Coimbatore,1.5,-6.44
2025-07-02 20:00:00,569,Coimbatore,1.0,-6.44
2025-07-02 21:00:00,569,Coimbatore,0.5,-6.44
2025-07-02 23:00:00,569,Coimbatore,1.0,-6.4855
2025-07-03 00:00:00,569,Coimbatore,0.5,-6.4855
2025-07-03 06:00:00,569,Coimbatore,1.3333333333333333,-6.480499999999999
2025-07-03 07:00:00,569,Coimbatore,1.0,-6.480499999999999
2025-07-03 18:00:00,569,Coimbatore,1.0,-6.458
2025-07-03 21:00:00,569,Coimbatore,1.0,-6.458
2025-07-04 02:00:00,569,Coimbatore,2.0,-6.488
2025-07-04 04:00:00,569,Coimbatore,0.6666666666666666,-6.4815000000000005
2025-07-04 12:00:00,569,Coimbatore,4.0,-6.797
2025-07-04 13:00:00,569,Coimbatore,0.5,-6.797
2025-07-05 02:00:00,569,Coimbatore,0.75,-6.518000000000001
2025-07-05 03:00:00,569,Coimbatore,1.1666666666666667,-6.518000000000001
2025-07-05 04:00:00,569,Coimbatore,0.5,-6.5025
2025-07-05 08:00:00,569,Coimbatore,0.5,-6.5025
2025-07-05 14:00:00,569,Coimbatore,0.5,-6.5335
2025-07-05 16:00:00,569,Coimbatore,3.5,-6.526
2025-07-05 22:00:00,569,Coimbatore,1.0,-6.531000000000001
2025-07-06 00:00:00,569,Coimbatore,0.5,-6.531000000000001
2025-07-06 08:00:00,569,Coimbatore,1.5,-6.526999999999999
2025-07-06 11:00:00,569,Coimbatore,1.5,-6.5665
2025-07-06 15:00:00,569,Coimbatore,1.0,-6.5665
2025-07-06 17:00:00,569,Coimbatore,4.0,-4.15
2025-07-06 18:00:00,569,Coimbatore,0.75,-4.15
2025-07-06 21:00:00,569,Coimbatore,0.75,-4.15
2025-07-06 22:00:00,569,Coimbatore,1.0,-6.563000000000001
2025-07-06 23:00:00,569,Coimbatore,0.5,-6.563000000000001
2025-07-07 08:00:00,569,Coimbatore,1.0,-6.5755
2025-07-07 11:00:00,569,Coimbatore,0.5,-6.6205
2025-07-07 15:00:00,569,Coimbatore,1.0,-6.6205
2025-07-07 18:00:00,569,Coimbatore,1.5,-6.5665
2025-07-07 21:00:00,569,Coimbatore,1.0,-6.5665
2025-07-08 00:00:00,569,Coimbatore,0.5,-6.5615
2025-07-08 01:00:00,569,Coimbatore,0.5,-6.5615
2025-07-08 02:00:00,569,Coimbatore,0.5,-6.5615
2025-07-08 03:00:00,569,Coimbatore,0.5,-6.5615
2025-07-08 09:00:00,569,Coimbatore,0.5,-6.5785
2025-07-08 18:00:00,569,Coimbatore,1.5,-6.6065000000000005
2025-07-08 23:00:00,569,Coimbatore,3.75,-6.583
2025-07-09 01:00:00,569,Coimbatore,0.5,-6.583
2025-07-09 14:00:00,569,Coimbatore,2.5,-6.638999999999999
2025-07-09 15:00:00,569,Coimbatore,3.0,-6.638999999999999
2025-07-09 19:00:00,569,Coimbatore,0.5,-6.606
2025-07-10 00:00:00,569,Coimbatore,0.5,-6.598000000000001
2025-07-10 02:00:00,569,Coimbatore,1.0,-6.598000000000001
2025-07-10 16:00:00,569,Coimbatore,2.0,-6.6435
2025-07-10 17:00:00,569,Coimbatore,0.5,-6.6435
2025-07-13 15:00:00,569,Coimbatore,0.5,-6.7735
2025-07-13 17:00:00,569,Coimbatore,3.0,-6.774
2025-07-13 18:00:00,569,Coimbatore,1.0,-6.774
2025-07-14 08:00:00,569,Coimbatore,3.0,-6.7845
2025-07-14 17:00:00,569,Coimbatore,0.5,-6.751
2025-07-14 21:00:00,569,Coimbatore,2.5,-6.751
2025-07-14 22:00:00,569,Coimbatore,0.5,-6.79
2025-07-16 12:00:00,569,Coimbatore,1.0,-9.321
2025-07-16 13:00:00,569,Coimbatore,6.5,-9.321
2025-07-16 14:00:00,569,Coimbatore,3.0,-9.321
2025-07-16 15:00:00,569,Coimbatore,0.5,-9.321
2025-07-16 18:00:00,569,Coimbatore,1.0,-9.307
2025-07-16 21:00:00,569,Coimbatore,1.0,-9.307
2025-07-16 22:00:00,569,Coimbatore,8.0,-9.307
2025-07-16 23:00:00,569,Coimbatore,0.5,-9.307
2025-07-20 08:00:00,569,Coimbatore,0.5,-6.9265
2025-07-20 14:00:00,569,Coimbatore,0.5,-6.954
2025-07-20 15:00:00,569,Coimbatore,1.5,-6.954
2025-07-20 16:00:00,569,Coimbatore,14.5,-6.9455
2025-07-20 17:00:00,569,Coimbatore,4.25,-6.9455
2025-07-20 18:00:00,569,Coimbatore,0.6666666666666666,-6.9455
2025-07-21 05:00:00,569,Coimbatore,0.5,-6.943
2025-07-21 08:00:00,569,Coimbatore,0.5,-6.943
2025-07-21 11:00:00,569,Coimbatore,1.0,-7.0015
2025-07-21 12:00:00,569,Coimbatore,2.0,-7.0015
2025-07-21 13:00:00,569,Coimbatore,0.5,-7.0015
2025-07-21 15:00:00,569,Coimbatore,0.5,-7.0015
2025-07-21 17:00:00,569,Coimbatore,0.5,-6.977499999999999
2025-07-21 18:00:00,569,Coimbatore,0.5,-6.977499999999999
2025-07-21 20:00:00,569,Coimbatore,0.5,-6.977499999999999
2025-07-21 22:00:00,569,Coimbatore,1.5,-6.9670000000000005
2025-07-22 02:00:00,569,Coimbatore,0.5,-6.9670000000000005
2025-07-22 05:00:00,569,Coimbatore,0.5,-6.967499999999999
2025-07-22 09:00:00,569,Coimbatore,0.8333333333333334,-6.967499999999999
2025-07-22 10:00:00,569,Coimbatore,0.5,-6.991
2025-07-22 12:00:00,569,Coimbatore,0.5,-6.991
2025-07-22 15:00:00,569,Coimbatore,2.0,-6.991
2025-07-22 17:00:00,569,Coimbatore,0.5,-7.004
2025-07-22 18:00:00,569,Coimbatore,1.5,-7.004
2025-07-22 19:00:00,569,Coimbatore,0.75,-7.004
2025-07-23 00:00:00,569,Coimbatore,0.5,-6.9990000000000006
2025-07-23 08:00:00,569,Coimbatore,0.5,-7.0085
2025-07-24 00:00:00,569,Coimbatore,0.5,-7.014
2025-07-24 03:00:00,569,Coimbatore,0.5,-7.014
2025-07-24 05:00:00,569,Coimbatore,0.5,-6.9885
2025-07-24 10:00:00,569,Coimbatore,0.5,-7.250999999999999
2025-07-24 14:00:00,569,Coimbatore,1.0,-7.250999999999999
2025-07-24 15:00:00,569,Coimbatore,2.0,-7.250999999999999
2025-07-24 16:00:00,569,Coimbatore,0.5,-7.029
2025-07-24 20:00:00,569,Coimbatore,0.5,-7.029
2025-07-24 23:00:00,569,Coimbatore,0.5,-7.029
2025-07-27 03:00:00,569,Coimbatore,1.5,-9.418
2025-07-27 04:00:00,569,Coimbatore,1.0,-9.4
2025-07-27 05:00:00,569,Coimbatore,1.5,-9.4
2025-07-27 06:00:00,569,Coimbatore,1.0,-9.4
2025-07-27 07:00:00,569,Coimbatore,1.25,-9.4
2025-07-27 08:00:00,569,Coimbatore,1.5,-9.4
2025-07-27 09:00:00,569,Coimbatore,1.75,-9.4
2025-07-27 10:00:00,569,Coimbatore,0.5,-9.421
2025-07-27 12:00:00,569,Coimbatore,1.75,-9.421
2025-07-27 18:00:00,569,Coimbatore,1.5,-9.441
2025-08-04 02:00:00,569,Coimbatore,1.5,-7.2105
2025-08-04 03:00:00,569,Coimbatore,0.5,-7.2105
2025-08-04 04:00:00,569,Coimbatore,0.5,-7.2085
2025-08-05 16:00:00,569,Coimbatore,0.5,-7.2615
2025-08-07 14:00:00,569,Coimbatore,132.0,-7.454499999999999
2025-08-07 15:00:00,569,Coimbatore,27.0,-7.454499999999999
2025-08-07 16:00:00,569,Coimbatore,11.0,-7.2
2025-08-11 14:00:00,569,Coimbatore,3.5,-7.404
2025-08-13 13:00:00,569,Coimbatore,0.5,-7.317
2025-08-13 14:00:00,569,Coimbatore,0.5,-7.317
2025-08-13 16:00:00,569,Coimbatore,0.5,-7.291
2025-08-14 11:00:00,569,Coimbatore,0.5,-7.5175
2025-08-14 12:00:00,569,Coimbatore,3.0,-7.5175
2025-08-14 13:00:00,569,Coimbatore,2.25,-7.5175
2025-08-14 19:00:00,569,Coimbatore,0.5,-7.5845
2025-08-15 07:00:00,569,Coimbatore,0.5,-7.279999999999999
2025-08-15 08:00:00,569,Coimbatore,2.5,-7.279999999999999
2025-08-15 09:00:00,569,Coimbatore,1.0,-7.279999999999999
2025-08-15 10:00:00,569,Coimbatore,1.0,-7.364
2025-08-15 12:00:00,569,Coimbatore,0.5,-7.364
2025-08-15 13:00:00,569,Coimbatore,2.0,-7.364
2025-08-15 14:00:00,569,Coimbatore,11.0,-7.364
2025-08-15 15:00:00,569,Coimbatore,5.0,-7.364
2025-08-15 16:00:00,569,Coimbatore,0.5,-7.318999999999999
2025-08-15 17:00:00,569,Coimbatore,0.5,-7.318999999999999
2025-08-15 22:00:00,569,Coimbatore,0.5,-7.304500000000001
2025-08-16 04:00:00,569,Coimbatore,0.5,-7.298
2025-08-16 06:00:00,569,Coimbatore,1.0,-7.298
2025-08-16 07:00:00,569,Coimbatore,2.5,-7.298
2025-08-16 10:00:00,569,Coimbatore,0.75,-7.3115
2025-08-16 11:00:00,569,Coimbatore,0.5,-7.3115
2025-08-16 15:00:00,569,Coimbatore,0.5,-7.3115
2025-08-16 16:00:00,569,Coimbatore,3.0,-7.313
2025-08-16 18:00:00,569,Coimbatore,1.5,-7.313
2025-08-17 03:00:00,569,Coimbatore,0.5,-7.3055
2025-08-17 04:00:00,569,Coimbatore,1.0,-7.294499999999999
2025-08-17 05:00:00,569,Coimbatore,2.0,-7.294499999999999
2025-08-17 06:00:00,569,Coimbatore,1.0,-7.294499999999999
2025-08-17 07:00:00,569,Coimbatore,0.5,-7.294499999999999
2025-08-17 14:00:00,569,Coimbatore,4.0,-7.317500000000001
2025-08-17 15:00:00,569,Coimbatore,2.0,-7.317500000000001
2025-08-17 16:00:00,569,Coimbatore,1.5,-7.317
2025-08-17 17:00:00,569,Coimbatore,0.75,-7.317
2025-08-17 18:00:00,569,Coimbatore,0.5,-7.317
2025-08-18 01:00:00,569,Coimbatore,0.5,-7.327500000000001
2025-08-18 08:00:00,569,Coimbatore,0.5,-7.326499999999999
2025-08-18 09:00:00,569,Coimbatore,7.5,-7.326499999999999
2025-08-18 10:00:00,569,Coimbatore,1.5,-7.438000000000001
2025-08-18 14:00:00,569,Coimbatore,3.0,-7.438000000000001
2025-08-18 15:00:00,569,Coimbatore,0.5,-7.438000000000001
2025-08-18 18:00:00,569,Coimbatore,0.5,-7.179499999999999
2025-08-18 22:00:00,569,Coimbatore,1.5,-7.179499999999999
2025-08-24 12:00:00,569,Coimbatore,0.5,-7.336
2025-08-27 08:00:00,569,Coimbatore,0.5,-7.4035
2025-08-27 17:00:00,569,Coimbatore,6.0,-7.443
2025-08-27 20:00:00,569,Coimbatore,0.5,-7.443
2025-08-28 04:00:00,569,Coimbatore,1.5,-7.410500000000001
2025-08-28 05:00:00,569,Coimbatore,0.75,-7.410500000000001
2025-08-28 06:00:00,569,Coimbatore,0.5,-7.410500000000001
2025-08-28 07:00:00,569,Coimbatore,0.5,-7.410500000000001
2025-08-28 08:00:00,569,Coimbatore,1.25,-7.410500000000001
2025-08-28 10:00:00,569,Coimbatore,1.0,-7.5275
2025-08-28 18:00:00,569,Coimbatore,0.8333333333333334,-7.6395
2025-08-28 19:00:00,569,Coimbatore,0.5,-7.6395
2025-08-28 23:00:00,569,Coimbatore,0.5,-7.6395
2025-09-01 19:00:00,569,Coimbatore,2.0,-7.483
2025-09-03 19:00:00,569,Coimbatore,0.5,-7.414999999999999
2025-09-03 20:00:00,569,Coimbatore,3.5,-7.414999999999999
2025-09-04 08:00:00,569,Coimbatore,2.5,-7.3995
2025-09-04 09:00:00,569,Coimbatore,2.75,-7.3995
2025-09-09 23:00:00,569,Coimbatore,16.5,-4.3705
2025-09-10 21:00:00,569,Coimbatore,0.5,-7.359
2025-09-10 22:00:00,569,Coimbatore,0.5,-7.356999999999999
2025-09-17 21:00:00,569,Coimbatore,0.5,-7.6705
2025-09-17 22:00:00,569,Coimbatore,0.5,-7.584
2025-09-18 00:00:00,569,Coimbatore,0.5,-7.584
2025-09-25 08:40:00,569,Coimbatore,2.5,-4.53
2025-09-25 08:45:00,569,Coimbatore,2.5,-4.53
2025-09-25 08:50:00,569,Coimbatore,2.5,-4.53
2025-09-25 08:55:00,569,Coimbatore,2.5,-4.53
2025-09-25 09:00:00,569,Coimbatore,2.5,-4.53
2025-09-25 11:00:00,569,Coimbatore,1.0,-4.5585
2025-09-25 12:40:00,569,Coimbatore,2.5,-4.5585
2025-09-25 13:00:00,569,Coimbatore,2.5,-4.5585
2025-09-27 08:00:00,569,Coimbatore,0.5,-4.5605
2025-09-27 09:00:00,569,Coimbatore,0.5,-4.5605
2025-09-27 13:00:00,569,Coimbatore,8.0,-4.595
2025-09-27 15:00:00,569,Coimbatore,3.0,-4.595
2025-09-27 16:00:00,569,Coimbatore,0.5,-4.5905
2025-09-27 17:00:00,569,Coimbatore,2.5,-4.5905
2025-09-27 21:00:00,569,Coimbatore,3.0,-4.5905
2025-09-27 22:00:00,569,Coimbatore,0.5,-4.5825
2025-09-27 23:00:00,569,Coimbatore,1.0,-4.5825
2025-09-28 00:00:00,569,Coimbatore,0.5,-4.5825
2025-09-28 01:00:00,569,Coimbatore,1.25,-4.5825
2025-09-28 02:00:00,569,Coimbatore,0.75,-4.5825
2025-09-28 03:00:00,569,Coimbatore,1.0,-4.5825
2025-09-28 04:00:00,569,Coimbatore,0.5,-4.5715
2025-09-28 16:00:00,569,Coimbatore,0.5,-4.607
2025-09-28 17:00:00,569,Coimbatore,2.5,-4.607
2025-09-28 18:00:00,569,Coimbatore,2.0,-4.607
2025-09-28 19:00:00,569,Coimbatore,0.5,-4.607
2025-09-29 05:00:00,569,Coimbatore,0.5,-4.589
2025-09-29 06:00:00,569,Coimbatore,0.5,-4.589
2025-09-29 07:00:00,569,Coimbatore,2.0,-4.589
2025-09-29 09:00:00,569,Coimbatore,0.5,-4.589
2025-09-29 15:00:00,569,Coimbatore,0.5,-4.63
2025-09-29 16:00:00,569,Coimbatore,0.5,-4.615
2025-10-01 04:00:00,569,Coimbatore,1.0,-4.628
2025-10-03 15:00:00,569,Coimbatore,3.0,-4.685
2025-10-03 16:00:00,569,Coimbatore,0.5,1.0
2025-10-05 19:00:00,569,Coimbatore,0.5,-4.6815
2025-10-05 20:00:00,569,Coimbatore,0.5,-4.6815
2025-10-16 00:00:00,569,Coimbatore,2.0,-8.848
2025-10-16 01:00:00,569,Coimbatore,4.0,-8.848
2025-10-16 02:00:00,569,Coimbatore,0.5,-8.848
2025-10-16 14:00:00,569,Coimbatore,0.5,-8.848
2025-10-16 16:00:00,569,Coimbatore,11.0,-8.848
2025-10-16 17:00:00,569,Coimbatore,17.5,-8.848
2025-10-16 18:00:00,569,Coimbatore,0.5,-8.848
2025-10-16 20:00:00,569,Coimbatore,11.5,-8.848
2025-10-17 05:00:00,569,Coimbatore,0.5,-8.848
2025-10-17 09:00:00,569,Coimbatore,0.5,-8.848
2025-10-17 16:00:00,569,Coimbatore,0.5,-8.848
2025-10-17 19:00:00,569,Coimbatore,2.0,-8.848
2025-10-17 20:00:00,569,Coimbatore,7.0,-8.848
2025-10-17 21:00:00,569,Coimbatore,0.5,-8.848
2025-10-17 22:00:00,569,Coimbatore,2.0,-8.848
2025-10-18 00:00:00,569,Coimbatore,0.5,-8.848
2025-10-18 01:00:00,569,Coimbatore,1.5,-8.848
2025-10-18 17:00:00,569,Coimbatore,0.5,-8.848
2025-10-18 18:00:00,569,Coimbatore,5.0,-8.848
2025-10-18 19:00:00,569,Coimbatore,7.5,-8.848
2025-10-18 20:00:00,569,Coimbatore,0.5,-8.848
2025-10-18 21:00:00,569,Coimbatore,18.5,-8.848
2025-10-18 22:00:00,569,Coimbatore,2.0,-8.848
2025-10-18 23:00:00,569,Coimbatore,8.5,-8.848
2025-10-19 00:00:00,569,Coimbatore,0.75,-8.848
2025-10-19 01:00:00,569,Coimbatore,1.25,-8.848
2025-10-19 02:00:00,569,Coimbatore,3.0,-8.848
2025-10-19 03:00:00,569,Coimbatore,1.25,-8.848
2025-10-19 07:00:00,569,Coimbatore,0.5,-8.848
2025-10-19 08:00:00,569,Coimbatore,1.0,-8.848
2025-10-19 09:00:00,569,Coimbatore,0.5,-8.848
2025-10-19 16:00:00,569,Coimbatore,2.0,-8.848
2025-10-19 17:00:00,569,Coimbatore,5.0,-8.848
2025-10-19 22:00:00,569,Coimbatore,8.5,-8.848
2025-10-19 23:00:00,569,Coimbatore,14.5,-8.848
2025-10-20 00:00:00,569,Coimbatore,6.5,-8.848
2025-10-20 04:00:00,569,Coimbatore,0.5,-8.848
2025-10-20 18:00:00,569,Coimbatore,0.5,-8.848
2025-10-21 04:00:00,569,Coimbatore,1.0,-8.848
2025-10-21 05:00:00,569,Coimbatore,2.5,-8.848
2025-10-21 06:00:00,569,Coimbatore,6.5,-8.848
2025-10-21 12:00:00,569,Coimbatore,0.5,-8.848
2025-10-21 13:00:00,569,Coimbatore,0.75,-8.848
2025-10-21 14:00:00,569,Coimbatore,0.5,-8.848
2025-10-21 16:00:00,569,Coimbatore,0.5,-8.848
2025-10-21 18:00:00,569,Coimbatore,0.5,-8.848
2025-10-21 20:00:00,569,Coimbatore,0.5,-8.848
2025-10-21 21:00:00,569,Coimbatore,0.5,-8.848
2025-10-21 23:00:00,569,Coimbatore,0.5,-8.848
2025-10-22 00:00:00,569,Coimbatore,1.5,-8.848
2025-10-22 01:00:00,569,Coimbatore,1.5,-8.848
2025-10-22 02:00:00,569,Coimbatore,16.0,-8.848
2025-10-22 03:00:00,569,Coimbatore,2.0,-8.848
2025-10-22 04:00:00,569,Coimbatore,0.5,-8.848
2025-10-22 05:00:00,569,Coimbatore,0.5,-8.848
2025-10-22 09:00:00,569,Coimbatore,0.5,-8.848
2025-10-22 10:00:00,569,Coimbatore,0.5,-8.848
2025-10-23 08:00:00,569,Coimbatore,0.5,-8.803
2025-10-24 04:00:00,569,Coimbatore,1.0,-8.712
2025-10-24 05:00:00,569,Coimbatore,1.5,-8.712
2025-10-24 06:00:00,569,Coimbatore,0.5,-8.712
2025-10-24 07:00:00,569,Coimbatore,1.0,-8.712
2025-10-24 18:00:00,569,Coimbatore,1.0,-8.697
2025-10-24 20:00:00,569,Coimbatore,0.5,-8.697
2025-10-27 10:00:00,569,Coimbatore,4.5,-8.585
2025-10-27 11:00:00,569,Coimbatore,0.75,-8.585
2025-10-27 12:00:00,569,Coimbatore,1.0,-8.585
2025-10-27 13:00:00,569,Coimbatore,0.75,-8.585
2025-10-27 17:00:00,569,Coimbatore,0.5,-8.556
2025-10-28 05:00:00,569,Coimbatore,0.5,-8.5
2025-10-28 14:00:00,569,Coimbatore,0.5,-8.545
2025-10-28 17:00:00,569,Coimbatore,1.0,-8.527
2025-10-28 18:00:00,569,Coimbatore,0.5,-8.527
2025-10-28 23:00:00,569,Coimbatore,0.5,-8.495
2025-10-29 05:00:00,569,Coimbatore,1.5,-8.474
2025-10-29 07:00:00,569,Coimbatore,0.5,-8.474
2025-10-29 13:00:00,569,Coimbatore,0.5,-8.558
2025-11-05 15:00:00,569,Coimbatore,1.0,-8.686
2025-11-05 16:00:00,569,Coimbatore,0.5,-8.664
2025-11-08 22:00:00,569,Coimbatore,5.0,-8.69
2025-11-11 22:00:00,569,Coimbatore,0.5,-8.655
2025-11-14 12:00:00,569,Coimbatore,0.5,-8.649
2025-11-14 16:00:00,569,Coimbatore,0.5,-8.664
2025-11-18 20:00:00,569,Coimbatore,0.5,-8.676
2025-11-18 22:00:00,569,Coimbatore,0.5,-8.676
2025-11-22 09:00:00,569,Coimbatore,2.5,-7.167
2025-11-22 12:00:00,569,Coimbatore,0.5,-7.1775
2025-11-22 21:00:00,569,Coimbatore,1.5,-7.177
2025-11-23 14:00:00,569,Coimbatore,0.5,-5.5
2025-11-23 16:00:00,569,Coimbatore,1.5,-7.17
2025-11-23 17:00:00,569,Coimbatore,4.5,-7.17
2025-11-23 18:00:00,569,Coimbatore,0.5,-7.17
2025-11-23 19:00:00,569,Coimbatore,1.0,-7.17
2025-11-24 01:00:00,569,Coimbatore,0.5,-7.157
2025-11-24 03:00:00,569,Coimbatore,0.5,-7.157
2025-11-24 04:00:00,569,Coimbatore,5.0,-7.1335
2025-11-24 12:00:00,569,Coimbatore,0.5,-7.145
2025-11-25 00:00:00,569,Coimbatore,1.5,-7.0865
2025-11-25 01:00:00,569,Coimbatore,2.0,-7.0865
2025-11-25 02:00:00,569,Coimbatore,0.5,-7.0865
2025-11-25 05:00:00,569,Coimbatore,0.5,-5.41
2025-11-30 05:00:00,569,Coimbatore,1.5,-8.56
2025-11-30 06:00:00,569,Coimbatore,1.0,-8.56
2025-11-30 07:00:00,569,Coimbatore,0.5,-8.56
2025-12-01 16:00:00,569,Coimbatore,0.5,-5.59
2025-12-01 21:00:00,569,Coimbatore,0.5,-5.59
2025-12-02 23:00:00,569,Coimbatore,2.5,-6.997
2025-12-03 00:00:00,569,Coimbatore,6.5,-6.997
2025-12-03 08:00:00,569,Coimbatore,0.5,-6.967499999999999
2025-12-04 10:00:00,569,Coimbatore,0.5,-6.9905
2025-12-16 12:00:00,569,Coimbatore,4.0,-4.0205
2025-12-16 13:00:00,569,Coimbatore,1.0,-4.0205
2025-12-16 13:10:00,569,Coimbatore,11.5,-4.0205
2025-12-16 13:15:00,569,Coimbatore,11.5,-4.0205
2025-12-16 13:20:00,569,Coimbatore,11.5,-4.0205
2025-12-16 13:25:00,569,Coimbatore,11.5,-4.0205
2025-12-16 13:30:00,569,Coimbatore,12.5,-4.0205
2025-12-16 13:35:00,569,Coimbatore,14.0,-4.0205
2025-12-16 21:00:00,569,Coimbatore,0.5,1.0
2025-12-17 03:00:00,569,Coimbatore,0.5,-4.029
2026-01-02 01:00:00,569,Coimbatore,1.5,-9.13675
2026-01-02 02:00:00,569,Coimbatore,1.5,-9.13675
2026-01-02 08:00:00,569,Coimbatore,2.0,-9.01675
2026-01-02 09:00:00,569,Coimbatore,4.0,-9.01675
2026-01-11 06:00:00,569,Coimbatore,0.5,-9.371
2026-01-11 08:00:00,569,Coimbatore,1.0,-9.371
2026-01-11 09:00:00,569,Coimbatore,0.5,-9.371
2026-01-11 10:00:00,569,Coimbatore,1.0,-9.2555
2026-01-11 11:00:00,569,Coimbatore,0.5,-9.2555
2026-01-27 00:00:00,569,Coimbatore,0.5,-10.384666666666666
2026-02-25 15:00:00,569,Coimbatore,0.5,-15.795000000000002
2026-03-17 18:00:00,569,Coimbatore,0.5,-15.445
2021-12-30 04:00:00,570,Cuddalore,1.75,-14.105166666666667
2021-12-30 05:00:00,570,Cuddalore,0.5,-14.105166666666667
2021-12-30 10:00:00,570,Cuddalore,2.0,-14.122833333333332
2021-12-30 12:00:00,570,Cuddalore,4.5,-14.122833333333332
2021-12-30 14:00:00,570,Cuddalore,0.75,-14.122833333333332
2021-12-31 09:00:00,570,Cuddalore,3.0,-14.0235
2021-12-31 13:00:00,570,Cuddalore,1.3333333333333333,-14.016166666666669
2021-12-31 14:00:00,570,Cuddalore,2.0,-14.016166666666669
2021-12-31 15:00:00,570,Cuddalore,2.5,-14.016166666666669
2021-12-31 16:00:00,570,Cuddalore,2.0,-13.966166666666666
2022-01-01 02:00:00,570,Cuddalore,3.5,-13.949333333333334
2022-01-01 03:00:00,570,Cuddalore,1.0,-13.949333333333334
2022-01-01 05:00:00,570,Cuddalore,14.0,-13.892166666666668
2022-01-01 09:00:00,570,Cuddalore,1.5,-13.892166666666668
2022-01-01 12:00:00,570,Cuddalore,2.5,-13.862
2022-01-01 19:00:00,570,Cuddalore,0.5,-13.7885
2022-01-01 21:00:00,570,Cuddalore,1.0,-13.7885
2022-01-17 01:00:00,570,Cuddalore,4.0,-13.456833333333334
2022-01-24 15:00:00,570,Cuddalore,1.0,-13.335333333333333
2022-01-24 16:00:00,570,Cuddalore,1.0,-13.339666666666666
2022-02-11 11:00:00,570,Cuddalore,1.0,-12.815
2022-02-11 12:00:00,570,Cuddalore,0.5,-12.815
2022-02-11 13:00:00,570,Cuddalore,2.5,-12.815
2022-02-11 14:00:00,570,Cuddalore,0.6666666666666666,-12.815
2022-02-11 15:00:00,570,Cuddalore,1.0,-12.815
2022-02-11 17:00:00,570,Cuddalore,0.5,-12.786857142857142
2022-02-11 18:00:00,570,Cuddalore,15.0,-12.786857142857142
2022-02-11 19:00:00,570,Cuddalore,18.0,-12.786857142857142
2022-02-11 21:00:00,570,Cuddalore,3.0,-12.786857142857142
2022-02-11 22:00:00,570,Cuddalore,3.0,-12.752
2022-02-11 23:00:00,570,Cuddalore,1.0,-12.752
2022-02-12 00:00:00,570,Cuddalore,0.5,-12.752
2022-02-12 05:00:00,570,Cuddalore,0.5,-12.733285714285714
2022-02-12 06:00:00,570,Cuddalore,0.5,-12.733285714285714
2022-02-28 11:20:00,570,Cuddalore,4.0,-12.923
2022-02-28 11:30:00,570,Cuddalore,4.0,-12.923
2022-02-28 12:00:00,570,Cuddalore,4.0,-12.923
2022-03-01 11:30:00,570,Cuddalore,1.0,-12.952571428571428
2022-03-01 11:35:00,570,Cuddalore,3.5,-12.952571428571428
2022-03-01 11:40:00,570,Cuddalore,3.5,-12.952571428571428
2022-03-04 13:00:00,570,Cuddalore,1.0,-12.994285714285716
2022-03-06 19:00:00,570,Cuddalore,1.0,-12.958142857142857
2022-03-06 20:00:00,570,Cuddalore,1.1666666666666667,-12.958142857142857
2022-03-06 21:00:00,570,Cuddalore,0.5,-12.958142857142857
2022-03-06 22:00:00,570,Cuddalore,0.5,-12.912285714285716
2022-03-06 23:00:00,570,Cuddalore,1.0,-12.912285714285716
2022-03-07 01:00:00,570,Cuddalore,0.5,-12.912285714285716
2022-03-07 02:00:00,570,Cuddalore,0.8333333333333334,-12.912285714285716
2022-03-07 03:00:00,570,Cuddalore,2.1666666666666665,-12.912285714285716
2022-03-07 04:00:00,570,Cuddalore,0.5,-12.890285714285714
2022-03-07 05:00:00,570,Cuddalore,1.25,-12.890285714285714
2022-03-07 06:00:00,570,Cuddalore,1.8333333333333333,-12.890285714285714
2022-03-07 07:00:00,570,Cuddalore,1.5,-12.890285714285714
2022-03-07 08:00:00,570,Cuddalore,1.8333333333333333,-12.890285714285714
2022-03-07 09:00:00,570,Cuddalore,6.333333333333333,-12.890285714285714
2022-03-07 10:00:00,570,Cuddalore,2.833333333333333,-12.877142857142855
2022-03-07 11:00:00,570,Cuddalore,0.6666666666666666,-12.877142857142855
2022-03-07 12:00:00,570,Cuddalore,1.25,-12.877142857142855
2022-03-07 13:00:00,570,Cuddalore,3.0,-12.877142857142855
2022-03-07 14:00:00,570,Cuddalore,0.5,-12.877142857142855
2022-03-07 15:00:00,570,Cuddalore,7.0,-12.877142857142855
2022-03-07 16:00:00,570,Cuddalore,1.5,-12.880714285714284
2022-03-22 09:00:00,570,Cuddalore,0.5,-13.395
2022-03-29 10:55:00,570,Cuddalore,2.0,-13.55414285714286
2022-03-29 11:00:00,570,Cuddalore,2.0,-13.55414285714286
2022-04-09 02:00:00,570,Cuddalore,5.5,-14.514333333333331
2022-04-09 03:00:00,570,Cuddalore,2.0,-14.514333333333331
2022-04-10 01:00:00,570,Cuddalore,7.5,-14.570166666666664
2022-04-10 02:00:00,570,Cuddalore,2.833333333333333,-14.570166666666664
2022-04-10 03:00:00,570,Cuddalore,6.25,-14.570166666666664
2022-04-10 04:00:00,570,Cuddalore,0.5,-14.564833333333333
2022-04-10 05:00:00,570,Cuddalore,0.5,-14.564833333333333
2022-04-11 03:00:00,570,Cuddalore,0.5,-14.528333333333334
2022-04-11 04:00:00,570,Cuddalore,1.0,-14.519666666666666
2022-04-11 06:00:00,570,Cuddalore,1.1666666666666667,-14.519666666666666
2022-04-11 07:00:00,570,Cuddalore,1.0,-14.519666666666666
2022-04-11 10:00:00,570,Cuddalore,0.5,-14.5125
2022-04-11 11:00:00,570,Cuddalore,3.0,-14.5125
2022-04-11 13:00:00,570,Cuddalore,0.5,-14.5125
2022-04-12 16:00:00,570,Cuddalore,3.0,-14.442166666666669
2022-04-13 11:00:00,570,Cuddalore,9.5,-14.433666666666667
2022-04-13 12:00:00,570,Cuddalore,4.0,-14.433666666666667
2022-04-17 02:00:00,570,Cuddalore,2.0,-14.456833333333334
2022-04-17 03:00:00,570,Cuddalore,4.0,-14.456833333333334
2022-04-17 04:00:00,570,Cuddalore,10.0,-14.450666666666663
2022-04-17 05:00:00,570,Cuddalore,0.5,-14.450666666666663
2022-04-17 06:00:00,570,Cuddalore,0.75,-14.450666666666663
2022-04-17 22:00:00,570,Cuddalore,7.0,-14.511
2022-04-18 01:00:00,570,Cuddalore,0.5,-14.511
2022-04-23 13:00:00,570,Cuddalore,2.0,-14.803833333333335
2022-06-05 21:00:00,570,Cuddalore,0.5,-13.934666666666669
2022-06-07 00:00:00,570,Cuddalore,7.5,-14.006833333333333
2022-06-07 01:00:00,570,Cuddalore,6.0,-14.006833333333333
2022-06-07 02:00:00,570,Cuddalore,0.5,-14.006833333333333
2022-06-07 12:00:00,570,Cuddalore,0.5,-14.009166666666667
2022-06-08 13:00:00,570,Cuddalore,0.5,-13.841
2022-06-14 18:00:00,570,Cuddalore,0.5,-14.374333333333333
2022-06-14 20:00:00,570,Cuddalore,0.5,-14.374333333333333
2022-06-15 23:00:00,570,Cuddalore,6.5,-14.563666666666665
2022-06-16 00:00:00,570,Cuddalore,0.8333333333333334,-14.563666666666665
2022-06-16 01:00:00,570,Cuddalore,0.5,-14.563666666666665
2022-06-16 02:00:00,570,Cuddalore,0.5,-14.563666666666665
2022-06-16 03:00:00,570,Cuddalore,0.5,-14.563666666666665
2022-06-19 23:00:00,570,Cuddalore,1.0,-14.1215
2022-06-26 06:00:00,570,Cuddalore,0.5,-14.104
2022-06-30 03:00:00,570,Cuddalore,0.5,-14.464666666666666
2022-06-30 17:00:00,570,Cuddalore,3.0,-14.459799999999998
2022-07-01 17:00:00,570,Cuddalore,3.5,-14.4968
2022-07-01 18:00:00,570,Cuddalore,0.5,-14.4968
2022-07-01 21:00:00,570,Cuddalore,1.0,-14.4968
2022-07-01 23:00:00,570,Cuddalore,0.5,-14.5016
2022-07-02 17:00:00,570,Cuddalore,2.25,-14.633333333333333
2022-07-02 18:00:00,570,Cuddalore,2.5,-14.633333333333333
2022-07-03 01:00:00,570,Cuddalore,0.5,-14.622333333333332
2022-07-03 19:00:00,570,Cuddalore,5.5,-14.5615
2022-07-07 09:00:00,570,Cuddalore,0.5,-14.3884
2022-07-07 18:00:00,570,Cuddalore,13.5,-14.400166666666664
2022-07-07 19:00:00,570,Cuddalore,0.5,-14.400166666666664
2022-07-10 18:00:00,570,Cuddalore,6.5,-14.5875
2022-07-11 03:00:00,570,Cuddalore,0.5,-14.6255
2022-07-27 01:00:00,570,Cuddalore,26.5,-14.472833333333334
2022-07-27 02:00:00,570,Cuddalore,23.0,-14.472833333333334
2022-07-27 03:00:00,570,Cuddalore,6.333333333333333,-14.472833333333334
2022-07-27 04:00:00,570,Cuddalore,9.375,-14.417500000000002
2022-07-27 05:00:00,570,Cuddalore,9.833333333333334,-14.417500000000002
2022-07-27 06:00:00,570,Cuddalore,4.833333333333333,-14.417500000000002
2022-07-27 07:00:00,570,Cuddalore,2.5,-14.417500000000002
2022-07-27 08:00:00,570,Cuddalore,0.5,-14.417500000000002
2022-07-30 15:00:00,570,Cuddalore,8.0,-14.108666666666666
2022-07-30 16:00:00,570,Cuddalore,8.0,-14.091
2022-07-31 11:00:00,570,Cuddalore,0.5,-14.2948
2022-08-01 01:00:00,570,Cuddalore,9.5,-14.033499999999998
2022-08-01 02:00:00,570,Cuddalore,2.0,-14.033499999999998
2022-08-01 03:00:00,570,Cuddalore,0.5,-14.033499999999998
2022-08-01 04:00:00,570,Cuddalore,1.5,-14.015
2022-08-01 16:00:00,570,Cuddalore,4.5,-14.2368
2022-08-01 17:00:00,570,Cuddalore,10.25,-14.2368
2022-08-01 18:00:00,570,Cuddalore,24.0,-14.2368
2022-08-01 19:00:00,570,Cuddalore,2.5,-14.2368
2022-08-03 17:00:00,570,Cuddalore,14.0,-13.827333333333334
2022-08-03 19:00:00,570,Cuddalore,0.5,-13.827333333333334
2022-08-04 08:00:00,570,Cuddalore,0.5,-14.0832
2022-08-04 09:00:00,570,Cuddalore,0.5,-14.0832
2022-08-04 17:00:00,570,Cuddalore,2.5,-13.732666666666669
2022-08-04 18:00:00,570,Cuddalore,1.75,-13.732666666666669
2022-08-04 19:00:00,570,Cuddalore,1.0,-13.732666666666669
2022-08-05 23:00:00,570,Cuddalore,0.5,-15.61285714285714
2022-08-12 20:00:00,570,Cuddalore,3.0,-15.626714285714286
2022-08-12 21:00:00,570,Cuddalore,0.5,-15.626714285714286
2022-08-16 15:00:00,570,Cuddalore,0.5,-15.713142857142856
2022-08-16 17:00:00,570,Cuddalore,1.5,-15.715857142857145
2022-08-18 01:00:00,570,Cuddalore,7.0,-15.704285714285716
2022-08-18 04:00:00,570,Cuddalore,0.5,-15.688571428571429
2022-08-19 03:00:00,570,Cuddalore,0.5,-15.669142857142855
2022-08-19 04:00:00,570,Cuddalore,12.0,-15.654142857142856
2022-08-19 05:00:00,570,Cuddalore,3.5,-15.654142857142856
2022-08-19 06:00:00,570,Cuddalore,20.5,-15.654142857142856
2022-08-19 07:00:00,570,Cuddalore,1.75,-15.654142857142856
2022-08-19 08:00:00,570,Cuddalore,1.3333333333333333,-15.654142857142856
2022-08-19 09:00:00,570,Cuddalore,1.25,-15.654142857142856
2022-08-19 10:00:00,570,Cuddalore,10.5,-15.638142857142856
2022-08-21 21:00:00,570,Cuddalore,4.5,-16.162666666666667
2022-08-21 22:00:00,570,Cuddalore,0.5,-16.161833333333334
2022-08-21 23:00:00,570,Cuddalore,20.5,-16.161833333333334
2022-08-22 00:00:00,570,Cuddalore,5.5,-16.161833333333334
2022-08-22 02:00:00,570,Cuddalore,0.5,-16.161833333333334
2022-08-22 06:00:00,570,Cuddalore,0.5,-15.529
2022-08-22 16:00:00,570,Cuddalore,0.5,-16.1375
2022-08-23 16:00:00,570,Cuddalore,3.0,-15.477428571428572
2022-08-23 17:00:00,570,Cuddalore,18.0,-15.477428571428572
2022-08-23 18:00:00,570,Cuddalore,2.75,-15.477428571428572
2022-08-23 19:00:00,570,Cuddalore,1.0,-15.477428571428572
2022-08-23 20:00:00,570,Cuddalore,0.5,-15.477428571428572
2022-08-23 21:00:00,570,Cuddalore,0.5,-15.477428571428572
2022-08-23 22:00:00,570,Cuddalore,0.5,-15.477714285714285
2022-08-24 01:00:00,570,Cuddalore,11.0,-15.477714285714285
2022-08-24 02:00:00,570,Cuddalore,1.25,-15.477714285714285
2022-08-24 04:00:00,570,Cuddalore,1.0,-15.451714285714289
2022-08-25 14:00:00,570,Cuddalore,26.25,-16.048666666666666
2022-08-25 15:00:00,570,Cuddalore,12.0,-16.048666666666666
2022-08-25 19:00:00,570,Cuddalore,0.5,-15.36957142857143
2022-08-26 16:00:00,570,Cuddalore,6.0,-15.9945
2022-08-26 17:00:00,570,Cuddalore,0.5,-15.9945
2022-08-26 18:00:00,570,Cuddalore,2.5,-15.9945
2022-08-26 19:00:00,570,Cuddalore,1.5,-15.9945
2022-08-26 20:00:00,570,Cuddalore,2.0,-15.9945
2022-08-27 18:00:00,570,Cuddalore,6.5,-15.269428571428572
2022-08-27 19:00:00,570,Cuddalore,3.0,-15.269428571428572
2022-08-27 20:00:00,570,Cuddalore,1.0,-15.269428571428572
2022-08-27 22:00:00,570,Cuddalore,1.0,-15.259285714285712
2022-08-28 03:00:00,570,Cuddalore,0.5,-15.259285714285712
2022-08-28 21:00:00,570,Cuddalore,0.5,-15.179
2022-08-29 14:00:00,570,Cuddalore,0.5,-15.122142857142856
2022-08-29 15:00:00,570,Cuddalore,0.5,-15.122142857142856
2022-08-30 09:00:00,570,Cuddalore,3.5,-15.037571428571429
2022-08-30 10:00:00,570,Cuddalore,0.5,-15.033
2022-08-31 06:00:00,570,Cuddalore,0.5,-15.712166666666668
2022-08-31 09:00:00,570,Cuddalore,1.75,-15.712166666666668
2022-08-31 11:00:00,570,Cuddalore,0.5,-15.713333333333331
2022-08-31 12:00:00,570,Cuddalore,0.5,-15.713333333333331
2022-08-31 13:00:00,570,Cuddalore,0.5,-15.713333333333331
2022-08-31 14:00:00,570,Cuddalore,0.5,-15.713333333333331
2022-08-31 15:00:00,570,Cuddalore,8.0,-15.713333333333331
2022-08-31 16:00:00,570,Cuddalore,0.75,-14.977285714285712
2022-09-01 08:00:00,570,Cuddalore,0.5,-14.952857142857145
2022-09-01 09:00:00,570,Cuddalore,0.5,-14.952857142857145
2022-09-01 10:00:00,570,Cuddalore,4.666666666666667,-14.938
2022-09-01 11:00:00,570,Cuddalore,7.333333333333333,-14.938
2022-09-01 12:00:00,570,Cuddalore,12.666666666666666,-14.938
2022-09-01 13:00:00,570,Cuddalore,1.1666666666666667,-14.938
2022-09-01 14:00:00,570,Cuddalore,1.0,-14.938
2022-09-01 15:00:00,570,Cuddalore,1.0,-14.938
2022-09-01 16:00:00,570,Cuddalore,0.5,-14.909857142857144
2022-09-01 17:00:00,570,Cuddalore,0.5,-14.909857142857144
2022-09-01 19:00:00,570,Cuddalore,0.5,-14.909857142857144
2022-09-01 22:00:00,570,Cuddalore,0.5,-14.878857142857145
2022-09-04 15:00:00,570,Cuddalore,2.5,-14.861714285714283
2022-09-04 16:00:00,570,Cuddalore,12.0,-14.853285714285716
2022-09-04 17:00:00,570,Cuddalore,6.5,-14.853285714285716
2022-09-04 18:00:00,570,Cuddalore,3.5,-14.853285714285716
2022-09-04 19:00:00,570,Cuddalore,2.5,-14.853285714285716
2022-09-04 20:00:00,570,Cuddalore,2.5,-14.853285714285716
2022-09-04 21:00:00,570,Cuddalore,1.5,-14.853285714285716
2022-09-04 22:00:00,570,Cuddalore,1.5,-14.851571428571429
2022-09-04 23:00:00,570,Cuddalore,1.0,-14.851571428571429
2022-09-05 00:00:00,570,Cuddalore,0.5,-14.851571428571429
2022-09-05 01:00:00,570,Cuddalore,0.5,-14.851571428571429
2022-09-05 03:00:00,570,Cuddalore,0.5,-14.851571428571429
2022-09-05 07:00:00,570,Cuddalore,0.5,-14.836714285714285
2022-09-05 10:00:00,570,Cuddalore,0.5,-14.842
2022-09-05 14:00:00,570,Cuddalore,0.5,-14.842
2022-09-06 01:00:00,570,Cuddalore,0.5,-14.825571428571427
2022-09-06 16:00:00,570,Cuddalore,0.5,-15.520833333333334
2022-09-06 19:00:00,570,Cuddalore,0.5,-15.520833333333334
2022-09-06 22:00:00,570,Cuddalore,0.5,-15.518
2022-09-07 12:00:00,570,Cuddalore,0.5,-15.516166666666663
2022-09-07 17:00:00,570,Cuddalore,9.0,-14.797
2022-09-07 18:00:00,570,Cuddalore,10.0,-14.797
2022-09-07 19:00:00,570,Cuddalore,0.5,-14.797
2022-09-07 21:00:00,570,Cuddalore,21.0,-14.797
2022-09-07 22:00:00,570,Cuddalore,4.0,-14.79257142857143
2022-09-07 23:00:00,570,Cuddalore,3.0,-14.79257142857143
2022-09-08 03:00:00,570,Cuddalore,0.5,-14.79257142857143
2022-09-08 04:00:00,570,Cuddalore,0.5,-14.750714285714285
2022-09-08 13:00:00,570,Cuddalore,0.5,-14.75914285714286
2022-09-10 02:00:00,570,Cuddalore,0.5,-15.453833333333334
2022-09-13 03:00:00,570,Cuddalore,0.5,-14.923857142857145
2022-09-14 20:00:00,570,Cuddalore,0.5,-15.711
2022-09-14 21:00:00,570,Cuddalore,1.0,-15.711
2022-09-14 23:00:00,570,Cuddalore,2.0,-15.718166666666669
2022-09-17 04:00:00,570,Cuddalore,0.5,-15.818166666666668
2022-09-18 12:00:00,570,Cuddalore,0.5,-15.422571428571429
2022-09-18 21:00:00,570,Cuddalore,1.0,-15.475285714285716
2022-09-18 23:00:00,570,Cuddalore,1.0,-15.452285714285711
2022-09-19 00:00:00,570,Cuddalore,0.5,-15.452285714285711
2022-09-19 01:00:00,570,Cuddalore,0.5,-15.452285714285711
2022-09-19 02:00:00,570,Cuddalore,0.5,-15.452285714285711
2022-09-19 03:00:00,570,Cuddalore,0.5,-15.452285714285711
2022-09-19 04:00:00,570,Cuddalore,0.5,-15.899833333333332
2022-09-19 06:00:00,570,Cuddalore,0.5,-15.899833333333332
2022-09-19 10:00:00,570,Cuddalore,0.5,-15.900333333333334
2022-09-19 12:00:00,570,Cuddalore,1.0,-15.900333333333334
2022-09-19 14:00:00,570,Cuddalore,1.0,-15.900333333333334
2022-09-25 01:00:00,570,Cuddalore,0.5,-16.00283333333333
2022-09-25 22:00:00,570,Cuddalore,24.0,-15.574142857142858
2022-09-26 02:00:00,570,Cuddalore,0.5,-15.574142857142858
2022-09-26 07:00:00,570,Cuddalore,0.5,-15.581428571428573
2022-09-26 09:00:00,570,Cuddalore,0.5,-15.581428571428573
2022-09-26 11:00:00,570,Cuddalore,7.0,-15.610285714285714
2022-09-26 12:20:00,570,Cuddalore,1.0,-15.610285714285714
2022-09-26 12:25:00,570,Cuddalore,1.0,-15.610285714285714
2022-09-26 12:30:00,570,Cuddalore,1.0,-15.610285714285714
2022-09-27 03:00:00,570,Cuddalore,21.0,-15.554
2022-09-27 04:00:00,570,Cuddalore,11.0,-15.538428571428572
2022-09-27 06:00:00,570,Cuddalore,1.5,-15.538428571428572
2022-09-29 00:00:00,570,Cuddalore,1.0,-15.904000000000002
2022-09-29 01:00:00,570,Cuddalore,10.0,-15.904000000000002
2022-09-29 03:00:00,570,Cuddalore,2.0,-15.904000000000002
2022-09-29 05:00:00,570,Cuddalore,1.0,-15.889666666666669
2022-09-29 06:00:00,570,Cuddalore,1.0,-15.889666666666669
2022-09-29 07:00:00,570,Cuddalore,0.5,-15.889666666666669
2022-09-29 08:00:00,570,Cuddalore,1.0,-15.889666666666669
2022-09-29 09:00:00,570,Cuddalore,0.5,-15.889666666666669
2022-09-29 10:00:00,570,Cuddalore,1.0,-15.914833333333332
2022-09-29 11:00:00,570,Cuddalore,0.5,-15.914833333333332
2022-09-29 12:00:00,570,Cuddalore,0.5,-15.914833333333332
2022-09-29 13:00:00,570,Cuddalore,0.5,-15.914833333333332
2022-09-29 14:00:00,570,Cuddalore,0.5,-15.914833333333332
2022-09-29 15:00:00,570,Cuddalore,0.5,-15.914833333333332
2022-10-01 02:00:00,570,Cuddalore,0.5,-15.347285714285714
2022-10-01 04:00:00,570,Cuddalore,0.5,-15.336285714285712
2022-10-02 06:00:00,570,Cuddalore,0.5,-15.295428571428571
2022-10-03 01:00:00,570,Cuddalore,0.5,-15.322571428571427
2022-10-03 09:00:00,570,Cuddalore,0.5,-15.338714285714286
2022-10-03 10:00:00,570,Cuddalore,1.0,-15.346285714285717
2022-10-03 11:00:00,570,Cuddalore,1.0,-15.346285714285717
2022-10-03 12:00:00,570,Cuddalore,2.0,-15.346285714285717
2022-10-03 13:00:00,570,Cuddalore,1.0,-15.346285714285717
2022-10-03 14:00:00,570,Cuddalore,2.0,-15.346285714285717
2022-10-03 17:00:00,570,Cuddalore,3.0,-15.368285714285715
2022-10-03 18:00:00,570,Cuddalore,3.5,-15.368285714285715
2022-10-03 22:00:00,570,Cuddalore,1.0,-15.32942857142857
2022-10-04 02:00:00,570,Cuddalore,1.0,-15.32942857142857
2022-10-04 04:00:00,570,Cuddalore,1.0,-15.329285714285716
2022-10-04 06:00:00,570,Cuddalore,1.5,-15.329285714285716
2022-10-04 09:00:00,570,Cuddalore,2.0,-15.329285714285716
2022-10-04 11:00:00,570,Cuddalore,4.0,-15.343
2022-10-04 12:00:00,570,Cuddalore,1.0,-15.343
2022-10-08 08:00:00,570,Cuddalore,0.5,-15.888
2022-10-08 15:00:00,570,Cuddalore,0.5,-15.905833333333334
2022-10-08 18:00:00,570,Cuddalore,8.5,-15.920666666666667
2022-10-08 19:00:00,570,Cuddalore,0.75,-15.920666666666667
2022-10-08 20:00:00,570,Cuddalore,8.0,-15.920666666666667
2022-10-08 21:00:00,570,Cuddalore,8.0,-15.920666666666667
2022-10-09 00:00:00,570,Cuddalore,0.5,-15.872833333333332
2022-10-09 13:00:00,570,Cuddalore,10.166666666666666,-15.340714285714286
2022-10-09 14:00:00,570,Cuddalore,7.0,-15.340714285714286
2022-10-09 16:00:00,570,Cuddalore,0.5,-15.286428571428573
2022-10-09 23:00:00,570,Cuddalore,32.75,-15.275285714285712
2022-10-10 00:00:00,570,Cuddalore,78.25,-15.275285714285712
2022-10-10 01:00:00,570,Cuddalore,1.0,-15.275285714285712
2022-10-10 02:00:00,570,Cuddalore,460.3333333333333,-15.275285714285712
2022-10-10 03:00:00,570,Cuddalore,1302.5,-15.275285714285712
2022-10-10 04:00:00,570,Cuddalore,159.0,-15.225714285714286
2022-10-10 05:00:00,570,Cuddalore,0.5,-15.225714285714286
2022-10-10 09:00:00,570,Cuddalore,0.5,-15.225714285714286
2022-10-10 12:00:00,570,Cuddalore,0.5,-15.218714285714285
2022-10-10 15:00:00,570,Cuddalore,1.0,-15.218714285714285
2022-10-10 16:00:00,570,Cuddalore,0.5,-15.166
2022-10-10 17:00:00,570,Cuddalore,0.5,-15.166
2022-10-10 19:00:00,570,Cuddalore,203.0,-15.166
2022-10-10 21:00:00,570,Cuddalore,33.5,-15.166
2022-10-10 22:00:00,570,Cuddalore,24.5,-15.126714285714286
2022-10-10 23:00:00,570,Cuddalore,6.5,-15.126714285714286
2022-10-11 00:00:00,570,Cuddalore,22.5,-15.126714285714286
2022-10-11 01:00:00,570,Cuddalore,1.5,-15.126714285714286
2022-10-11 02:00:00,570,Cuddalore,0.5,-15.126714285714286
2022-10-11 03:00:00,570,Cuddalore,0.5,-15.126714285714286
2022-10-14 17:00:00,570,Cuddalore,1.25,-14.981285714285717
2022-10-14 18:00:00,570,Cuddalore,3.5,-14.981285714285717
2022-10-14 19:00:00,570,Cuddalore,1.0,-14.981285714285717
2022-10-14 23:00:00,570,Cuddalore,31.5,-14.950571428571427
2022-10-15 00:00:00,570,Cuddalore,46.5,-14.950571428571427
2022-10-15 01:00:00,570,Cuddalore,11.75,-14.950571428571427
2022-10-15 02:00:00,570,Cuddalore,0.75,-14.950571428571427
2022-10-15 03:00:00,570,Cuddalore,2.5,-14.950571428571427
2022-10-15 04:00:00,570,Cuddalore,0.5,-14.939714285714286
2022-10-16 03:00:00,570,Cuddalore,0.5,-14.893857142857144
2022-10-17 15:00:00,570,Cuddalore,0.5,-14.776142857142856
2022-10-18 08:00:00,570,Cuddalore,0.5,-14.679999999999998
2022-10-18 23:00:00,570,Cuddalore,12.5,-14.633285714285716
2022-10-20 15:00:00,570,Cuddalore,4.0,-14.593857142857145
2022-10-20 19:00:00,570,Cuddalore,17.0,-15.222666666666669
2022-10-20 23:00:00,570,Cuddalore,0.5,-15.218833333333334
2022-10-21 00:00:00,570,Cuddalore,3.5,-15.218833333333334
2022-10-21 01:00:00,570,Cuddalore,8.0,-15.218833333333334
2022-10-21 02:00:00,570,Cuddalore,7.5,-15.218833333333334
2022-10-21 03:00:00,570,Cuddalore,0.5,-15.218833333333334
2022-10-21 05:00:00,570,Cuddalore,4.5,-14.565
2022-10-21 06:00:00,570,Cuddalore,3.75,-14.565
2022-10-21 08:00:00,570,Cuddalore,2.75,-14.565
2022-10-21 09:00:00,570,Cuddalore,0.75,-14.565
2022-10-21 16:00:00,570,Cuddalore,0.5,-15.180166666666668
2022-10-21 23:00:00,570,Cuddalore,0.5,-15.171166666666666
2022-10-22 01:00:00,570,Cuddalore,2.0,-15.171166666666666
2022-10-22 10:00:00,570,Cuddalore,0.5,-14.510714285714286
2022-10-22 14:00:00,570,Cuddalore,4.25,-14.510714285714286
2022-10-22 16:00:00,570,Cuddalore,2.5,-15.1125
2022-10-22 17:00:00,570,Cuddalore,3.0,-15.1125
2022-10-22 18:00:00,570,Cuddalore,15.5,-15.1125
2022-10-24 01:00:00,570,Cuddalore,0.5,-14.390428571428572
2022-10-25 16:00:00,570,Cuddalore,0.5,-15.013833333333332
2022-10-28 02:00:00,570,Cuddalore,0.5,-14.538428571428572
2022-10-28 04:00:00,570,Cuddalore,1.5,-14.536428571428573
2022-10-28 09:00:00,570,Cuddalore,0.5,-14.536428571428573
2022-10-29 00:00:00,570,Cuddalore,9.0,-14.525857142857143
2022-10-29 01:00:00,570,Cuddalore,3.5,-14.525857142857143
2022-10-29 02:00:00,570,Cuddalore,2.0,-14.525857142857143
2022-10-29 03:00:00,570,Cuddalore,16.5,-14.525857142857143
2022-10-29 04:00:00,570,Cuddalore,14.75,-12.665666666666668
2022-10-29 05:00:00,570,Cuddalore,2.1666666666666665,-12.665666666666668
2022-10-29 06:00:00,570,Cuddalore,1.5,-12.665666666666668
2022-10-29 07:00:00,570,Cuddalore,2.0,-12.665666666666668
2022-10-29 10:00:00,570,Cuddalore,6.0,-12.655666666666669
2022-10-29 11:00:00,570,Cuddalore,2.0,-12.655666666666669
2022-10-29 12:00:00,570,Cuddalore,0.5,-12.655666666666669
2022-10-29 15:00:00,570,Cuddalore,0.5,-12.655666666666669
2022-10-29 16:00:00,570,Cuddalore,0.5,-12.636833333333334
2022-10-29 18:00:00,570,Cuddalore,1.0,-12.636833333333334
2022-10-29 19:00:00,570,Cuddalore,0.5,-12.636833333333334
2022-10-29 20:00:00,570,Cuddalore,0.5,-12.636833333333334
2022-10-29 21:00:00,570,Cuddalore,0.5,-12.636833333333334
2022-10-29 22:00:00,570,Cuddalore,1.0,-12.6115
2022-10-29 23:00:00,570,Cuddalore,0.6666666666666666,-12.6115
2022-10-30 00:00:00,570,Cuddalore,0.5,-12.6115
2022-10-30 02:00:00,570,Cuddalore,0.5,-12.6115
2022-10-30 03:00:00,570,Cuddalore,5.5,-12.6115
2022-10-30 04:00:00,570,Cuddalore,0.5,-10.651
2022-10-30 06:00:00,570,Cuddalore,0.5,-10.651
2022-10-30 08:00:00,570,Cuddalore,0.5,-10.651
2022-10-30 09:00:00,570,Cuddalore,0.5,-10.651
2022-10-30 10:00:00,570,Cuddalore,0.5,-10.62125
2022-10-30 11:00:00,570,Cuddalore,1.5,-10.62125
2022-10-30 12:00:00,570,Cuddalore,1.0,-10.62125
2022-10-30 13:00:00,570,Cuddalore,1.0,-10.62125
2022-10-30 14:00:00,570,Cuddalore,0.5,-10.62125
2022-10-30 15:00:00,570,Cuddalore,0.5,-10.62125
2022-10-30 18:00:00,570,Cuddalore,0.5,-14.436571428571428
2022-10-30 20:00:00,570,Cuddalore,0.5,-14.436571428571428
2022-10-30 21:00:00,570,Cuddalore,0.5,-14.436571428571428
2022-10-30 22:00:00,570,Cuddalore,0.5,-14.397142857142857
2022-10-30 23:00:00,570,Cuddalore,1.5,-14.397142857142857
2022-10-31 00:00:00,570,Cuddalore,0.5,-14.397142857142857
2022-10-31 01:00:00,570,Cuddalore,0.5,-14.397142857142857
2022-10-31 02:00:00,570,Cuddalore,3.0,-14.397142857142857
2022-10-31 03:00:00,570,Cuddalore,4.0,-14.397142857142857
2022-10-31 04:00:00,570,Cuddalore,1.5,-16.306800000000003
2022-10-31 05:00:00,570,Cuddalore,1.5,-16.306800000000003
2022-10-31 06:00:00,570,Cuddalore,3.0,-16.306800000000003
2022-10-31 07:00:00,570,Cuddalore,1.5,-16.306800000000003
2022-10-31 09:00:00,570,Cuddalore,0.5,-16.306800000000003
2022-10-31 10:00:00,570,Cuddalore,0.5,-16.2976
2022-10-31 11:00:00,570,Cuddalore,1.5,-16.2976
2022-10-31 12:00:00,570,Cuddalore,1.0,-16.2976
2022-10-31 13:00:00,570,Cuddalore,1.5,-16.2976
2022-10-31 14:00:00,570,Cuddalore,2.0,-16.2976
2022-10-31 15:00:00,570,Cuddalore,3.5,-16.2976
2022-10-31 16:00:00,570,Cuddalore,3.0,-14.358571428571429
2022-10-31 17:00:00,570,Cuddalore,3.0,-14.358571428571429
2022-11-01 04:00:00,570,Cuddalore,4.75,-14.295142857142858
2022-11-01 05:00:00,570,Cuddalore,1.5,-14.295142857142858
2022-11-01 06:00:00,570,Cuddalore,0.5,-14.295142857142858
2022-11-01 07:00:00,570,Cuddalore,0.5,-14.295142857142858
2022-11-01 10:00:00,570,Cuddalore,0.5,-14.279714285714286
2022-11-01 11:00:00,570,Cuddalore,0.5,-14.279714285714286
2022-11-01 15:00:00,570,Cuddalore,0.5,-14.279714285714286
2022-11-01 16:00:00,570,Cuddalore,0.5,-14.260000000000002
2022-11-01 17:00:00,570,Cuddalore,0.5,-14.260000000000002
2022-11-01 18:00:00,570,Cuddalore,1.0,-14.260000000000002
2022-11-01 19:00:00,570,Cuddalore,0.5,-14.260000000000002
2022-11-01 20:00:00,570,Cuddalore,0.5,-14.260000000000002
2022-11-01 21:00:00,570,Cuddalore,0.5,-14.260000000000002
2022-11-01 22:00:00,570,Cuddalore,0.5,-14.239714285714284
2022-11-02 00:00:00,570,Cuddalore,0.5,-14.239714285714284
2022-11-02 01:00:00,570,Cuddalore,0.5,-14.239714285714284
2022-11-02 04:00:00,570,Cuddalore,0.5,-14.218285714285717
2022-11-02 05:00:00,570,Cuddalore,0.5,-14.218285714285717
2022-11-02 06:00:00,570,Cuddalore,0.5,-14.218285714285717
2022-11-02 07:00:00,570,Cuddalore,0.5,-14.218285714285717
2022-11-02 08:00:00,570,Cuddalore,0.5,-14.218285714285717
2022-11-02 10:00:00,570,Cuddalore,0.5,-14.210714285714284
2022-11-02 11:00:00,570,Cuddalore,0.5,-14.210714285714284
2022-11-02 12:00:00,570,Cuddalore,1.0,-14.210714285714284
2022-11-02 17:00:00,570,Cuddalore,0.5,-14.7795
2022-11-02 18:00:00,570,Cuddalore,0.8333333333333334,-14.7795
2022-11-02 19:00:00,570,Cuddalore,6.0,-14.7795
2022-11-02 20:00:00,570,Cuddalore,1.0,-14.7795
2022-11-02 22:00:00,570,Cuddalore,3.6666666666666665,-14.749166666666667
2022-11-02 23:00:00,570,Cuddalore,4.5,-14.749166666666667
2022-11-03 00:00:00,570,Cuddalore,1.6666666666666667,-14.749166666666667
2022-11-03 01:00:00,570,Cuddalore,2.5,-14.749166666666667
2022-11-03 02:00:00,570,Cuddalore,3.0,-14.749166666666667
2022-11-03 03:00:00,570,Cuddalore,3.0,-14.749166666666667
2022-11-03 04:00:00,570,Cuddalore,4.75,-14.10742857142857
2022-11-03 05:00:00,570,Cuddalore,8.166666666666666,-14.10742857142857
2022-11-03 06:00:00,570,Cuddalore,6.333333333333333,-14.10742857142857
2022-11-03 07:00:00,570,Cuddalore,7.5,-14.10742857142857
2022-11-03 08:00:00,570,Cuddalore,5.625,-14.10742857142857
2022-11-03 09:00:00,570,Cuddalore,1.8333333333333333,-14.10742857142857
2022-11-03 10:00:00,570,Cuddalore,2.833333333333333,-14.102428571428572
2022-11-03 11:00:00,570,Cuddalore,7.5,-14.102428571428572
2022-11-03 12:00:00,570,Cuddalore,3.25,-14.102428571428572
2022-11-03 13:00:00,570,Cuddalore,3.5,-14.102428571428572
2022-11-03 14:00:00,570,Cuddalore,3.0,-14.102428571428572
2022-11-03 15:00:00,570,Cuddalore,1.0,-14.102428571428572
2022-11-03 16:00:00,570,Cuddalore,1.0,-14.072428571428572
2022-11-03 17:00:00,570,Cuddalore,0.5,-14.072428571428572
2022-11-03 18:00:00,570,Cuddalore,0.5,-14.072428571428572
2022-11-03 19:00:00,570,Cuddalore,1.5,-14.072428571428572
2022-11-04 16:00:00,570,Cuddalore,5.0,-13.987857142857145
2022-11-04 17:00:00,570,Cuddalore,3.0,-13.987857142857145
2022-11-04 18:00:00,570,Cuddalore,1.0,-13.987857142857145
2022-11-04 23:00:00,570,Cuddalore,6.0,-13.975142857142858
2022-11-05 00:00:00,570,Cuddalore,0.5,-13.975142857142858
2022-11-05 01:00:00,570,Cuddalore,3.0,-13.975142857142858
2022-11-05 03:00:00,570,Cuddalore,3.5,-13.975142857142858
2022-11-05 06:00:00,570,Cuddalore,0.5,-13.92842857142857
2022-11-05 07:00:00,570,Cuddalore,3.0,-13.92842857142857
2022-11-05 08:00:00,570,Cuddalore,6.0,-13.92842857142857
2022-11-09 14:00:00,570,Cuddalore,0.5,-13.745142857142858
2022-11-09 15:00:00,570,Cuddalore,3.5,-13.745142857142858
2022-11-10 16:00:00,570,Cuddalore,0.5,-13.683857142857144
2022-11-10 17:00:00,570,Cuddalore,0.5,-13.683857142857144
2022-11-10 21:00:00,570,Cuddalore,2.0,-13.683857142857144
2022-11-10 22:00:00,570,Cuddalore,3.0,-13.663285714285715
2022-11-10 23:00:00,570,Cuddalore,1.0,-13.663285714285715
2022-11-11 02:00:00,570,Cuddalore,0.5,-13.663285714285715
2022-11-11 04:00:00,570,Cuddalore,2.5,-13.63114285714286
2022-11-11 05:00:00,570,Cuddalore,6.5,-13.63114285714286
2022-11-11 06:00:00,570,Cuddalore,3.375,-13.63114285714286
2022-11-11 07:00:00,570,Cuddalore,9.25,-13.63114285714286
2022-11-11 08:00:00,570,Cuddalore,4.25,-13.63114285714286
2022-11-11 09:00:00,570,Cuddalore,3.25,-13.63114285714286
2022-11-11 10:00:00,570,Cuddalore,8.166666666666666,-13.589857142857142
2022-11-11 11:00:00,570,Cuddalore,3.1666666666666665,-13.589857142857142
2022-11-11 12:00:00,570,Cuddalore,3.75,-13.589857142857142
2022-11-11 13:00:00,570,Cuddalore,4.25,-13.589857142857142
2022-11-11 14:00:00,570,Cuddalore,1.625,-13.589857142857142
2022-11-11 15:00:00,570,Cuddalore,4.0,-13.589857142857142
2022-11-11 16:00:00,570,Cuddalore,1.75,-14.209333333333332
2022-11-11 17:00:00,570,Cuddalore,2.1666666666666665,-14.209333333333332
2022-11-11 18:00:00,570,Cuddalore,1.0,-14.209333333333332
2022-11-11 19:00:00,570,Cuddalore,2.25,-14.209333333333332
2022-11-11 20:00:00,570,Cuddalore,4.0,-14.209333333333332
2022-11-11 21:00:00,570,Cuddalore,1.5,-14.209333333333332
2022-11-11 22:00:00,570,Cuddalore,2.1666666666666665,-14.149833333333332
2022-11-11 23:00:00,570,Cuddalore,1.8333333333333333,-14.149833333333332
2022-11-12 00:00:00,570,Cuddalore,21.0,-14.149833333333332
2022-11-12 01:00:00,570,Cuddalore,10.0,-14.149833333333332
2022-11-12 02:00:00,570,Cuddalore,1.75,-14.149833333333332
2022-11-12 03:00:00,570,Cuddalore,1.1666666666666667,-14.149833333333332
2022-11-12 04:00:00,570,Cuddalore,1.3333333333333333,-13.473285714285714
2022-11-12 05:00:00,570,Cuddalore,3.25,-13.473285714285714
2022-11-12 06:00:00,570,Cuddalore,8.5,-13.473285714285714
2022-11-12 07:00:00,570,Cuddalore,4.25,-13.473285714285714
2022-11-12 08:00:00,570,Cuddalore,0.5,-13.473285714285714
2022-11-12 09:00:00,570,Cuddalore,0.5,-13.473285714285714
2022-11-12 12:00:00,570,Cuddalore,1.0,-13.461857142857143
2022-11-12 13:00:00,570,Cuddalore,1.0,-13.461857142857143
2022-11-12 14:00:00,570,Cuddalore,0.5,-13.461857142857143
2022-11-12 15:00:00,570,Cuddalore,1.0,-13.461857142857143
2022-11-12 16:00:00,570,Cuddalore,1.0,-13.435285714285714
2022-11-12 17:00:00,570,Cuddalore,0.5,-13.435285714285714
2022-11-12 23:00:00,570,Cuddalore,0.5,-13.409
2022-11-13 00:00:00,570,Cuddalore,0.5,-13.409
2022-11-13 04:00:00,570,Cuddalore,2.25,-13.37857142857143
2022-11-13 05:00:00,570,Cuddalore,0.5,-13.37857142857143
2022-11-13 06:00:00,570,Cuddalore,0.5,-13.37857142857143
2022-11-13 10:00:00,570,Cuddalore,3.25,-13.360142857142858
2022-11-13 11:00:00,570,Cuddalore,2.5,-13.360142857142858
2022-11-13 12:00:00,570,Cuddalore,0.6666666666666666,-13.360142857142858
2022-11-13 14:00:00,570,Cuddalore,0.5,-13.360142857142858
2022-11-13 23:00:00,570,Cuddalore,0.5,-13.314000000000002
2022-11-14 02:00:00,570,Cuddalore,0.5,-13.314000000000002
2022-11-14 05:00:00,570,Cuddalore,0.5,-13.292428571428571
2022-11-14 08:00:00,570,Cuddalore,0.5,-13.292428571428571
2022-11-14 11:00:00,570,Cuddalore,0.5,-13.293857142857144
2022-11-14 14:00:00,570,Cuddalore,0.5,-13.293857142857144
2022-11-14 16:00:00,570,Cuddalore,0.5,-13.277571428571427
2022-11-14 18:00:00,570,Cuddalore,0.5,-13.277571428571427
2022-11-14 21:00:00,570,Cuddalore,0.5,-13.277571428571427
2022-11-14 23:00:00,570,Cuddalore,1.5,-13.244142857142858
2022-11-15 01:00:00,570,Cuddalore,0.5,-13.244142857142858
2022-11-15 03:00:00,570,Cuddalore,0.5,-13.244142857142858
2022-11-15 06:00:00,570,Cuddalore,0.5,-13.22342857142857
2022-11-15 08:00:00,570,Cuddalore,0.5,-13.22342857142857
2022-11-15 10:00:00,570,Cuddalore,0.5,-13.217714285714283
2022-11-15 11:00:00,570,Cuddalore,0.5,-13.217714285714283
2022-11-15 13:00:00,570,Cuddalore,0.5,-13.217714285714283
2022-11-15 15:00:00,570,Cuddalore,0.5,-13.217714285714283
2022-11-15 16:00:00,570,Cuddalore,0.5,-13.882333333333332
2022-11-15 18:00:00,570,Cuddalore,0.5,-13.882333333333332
2022-11-15 20:00:00,570,Cuddalore,0.5,-13.882333333333332
2022-11-15 21:00:00,570,Cuddalore,0.5,-13.882333333333332
2022-11-15 23:00:00,570,Cuddalore,0.5,-13.860333333333331
2022-11-16 01:00:00,570,Cuddalore,0.5,-13.860333333333331
2022-11-16 03:00:00,570,Cuddalore,0.5,-13.860333333333331
2022-11-16 04:00:00,570,Cuddalore,0.5,-13.844833333333334
2022-11-16 06:00:00,570,Cuddalore,0.5,-13.844833333333334
2022-11-16 08:00:00,570,Cuddalore,0.5,-13.844833333333334
2022-11-16 09:00:00,570,Cuddalore,0.5,-13.844833333333334
2022-11-16 11:00:00,570,Cuddalore,0.5,-13.864
2022-11-16 13:00:00,570,Cuddalore,0.5,-13.864
2022-11-16 15:00:00,570,Cuddalore,0.5,-13.864
2022-11-16 17:00:00,570,Cuddalore,0.5,-13.165285714285714
2022-11-16 19:00:00,570,Cuddalore,0.5,-13.165285714285714
2022-11-16 21:00:00,570,Cuddalore,0.5,-13.165285714285714
2022-11-17 00:00:00,570,Cuddalore,0.5,-13.153142857142855
2022-11-17 02:00:00,570,Cuddalore,0.5,-13.153142857142855
2022-11-17 05:00:00,570,Cuddalore,0.5,-13.139142857142858
2022-11-17 08:00:00,570,Cuddalore,0.5,-13.139142857142858
2022-11-17 11:00:00,570,Cuddalore,0.5,-13.154571428571428
2022-11-17 13:00:00,570,Cuddalore,0.5,-13.154571428571428
2022-11-17 16:00:00,570,Cuddalore,0.5,-13.819833333333332
2022-11-17 18:00:00,570,Cuddalore,0.5,-13.819833333333332
2022-11-17 21:00:00,570,Cuddalore,0.5,-13.819833333333332
2022-11-17 23:00:00,570,Cuddalore,0.5,-13.804
2022-11-18 01:00:00,570,Cuddalore,0.5,-13.804
2022-11-18 03:00:00,570,Cuddalore,0.5,-13.804
2022-11-18 07:00:00,570,Cuddalore,0.5,-13.120142857142858
2022-11-18 09:00:00,570,Cuddalore,0.5,-13.120142857142858
2022-11-18 12:00:00,570,Cuddalore,0.5,-13.149857142857142
2022-11-18 13:00:00,570,Cuddalore,0.5,-13.149857142857142
2022-11-18 16:00:00,570,Cuddalore,0.5,-13.145
2022-11-18 18:00:00,570,Cuddalore,0.5,-13.145
2022-11-18 19:00:00,570,Cuddalore,0.5,-13.145
2022-11-18 21:00:00,570,Cuddalore,0.5,-13.145
2022-11-18 23:00:00,570,Cuddalore,0.5,-13.121
2022-11-19 00:00:00,570,Cuddalore,0.5,-13.121
2022-11-19 02:00:00,570,Cuddalore,0.5,-13.121
2022-11-19 04:00:00,570,Cuddalore,0.5,-13.754333333333332
2022-11-19 06:00:00,570,Cuddalore,0.5,-13.754333333333332
2022-11-19 08:00:00,570,Cuddalore,0.5,-13.754333333333332
2022-11-19 09:00:00,570,Cuddalore,0.5,-13.754333333333332
2022-11-19 11:00:00,570,Cuddalore,0.5,-13.770666666666664
2022-11-19 13:00:00,570,Cuddalore,0.5,-13.770666666666664
2022-11-19 14:00:00,570,Cuddalore,0.5,-13.770666666666664
2022-11-19 16:00:00,570,Cuddalore,0.5,-13.119428571428571
2022-11-19 18:00:00,570,Cuddalore,0.5,-13.119428571428571
2022-11-19 19:00:00,570,Cuddalore,0.5,-13.119428571428571
2022-11-19 21:00:00,570,Cuddalore,0.5,-13.119428571428571
2022-11-19 23:00:00,570,Cuddalore,0.5,-13.093428571428571
2022-11-20 00:00:00,570,Cuddalore,0.5,-13.093428571428571
2022-11-20 02:00:00,570,Cuddalore,0.5,-13.093428571428571
2022-11-20 04:00:00,570,Cuddalore,0.5,-13.072428571428572
2022-11-20 06:00:00,570,Cuddalore,0.5,-13.072428571428572
2022-11-20 08:00:00,570,Cuddalore,0.5,-13.072428571428572
2022-11-20 10:00:00,570,Cuddalore,0.5,-13.105714285714283
2022-11-20 11:00:00,570,Cuddalore,0.5,-13.105714285714283
2022-11-20 12:00:00,570,Cuddalore,0.5,-13.105714285714283
2022-11-20 13:00:00,570,Cuddalore,0.5,-13.105714285714283
2022-11-20 14:00:00,570,Cuddalore,0.5,-13.105714285714283
2022-11-20 15:00:00,570,Cuddalore,0.5,-13.105714285714283
2022-11-20 16:00:00,570,Cuddalore,0.5,-13.082571428571429
2022-11-20 18:00:00,570,Cuddalore,0.5,-13.082571428571429
2022-11-20 19:00:00,570,Cuddalore,0.5,-13.082571428571429
2022-11-20 20:00:00,570,Cuddalore,1.0,-13.082571428571429
2022-11-20 21:00:00,570,Cuddalore,0.5,-13.082571428571429
2022-11-20 22:00:00,570,Cuddalore,0.5,-13.07514285714286
2022-11-20 23:00:00,570,Cuddalore,0.5,-13.07514285714286
2022-11-21 00:00:00,570,Cuddalore,0.5,-13.07514285714286
2022-11-21 01:00:00,570,Cuddalore,0.5,-13.07514285714286
2022-11-21 02:00:00,570,Cuddalore,0.5,-13.07514285714286
2022-11-21 03:00:00,570,Cuddalore,0.5,-13.07514285714286
2022-11-21 04:00:00,570,Cuddalore,1.0,-13.051142857142858
2022-11-21 05:00:00,570,Cuddalore,0.5,-13.051142857142858
2022-11-21 06:00:00,570,Cuddalore,0.5,-13.051142857142858
2022-11-21 07:00:00,570,Cuddalore,0.5,-13.051142857142858
2022-11-21 08:00:00,570,Cuddalore,0.5,-13.051142857142858
2022-11-21 09:00:00,570,Cuddalore,1.0,-13.051142857142858
2022-11-21 10:00:00,570,Cuddalore,0.5,-13.103285714285716
2022-11-21 11:00:00,570,Cuddalore,1.0,-13.103285714285716
2022-11-21 12:00:00,570,Cuddalore,0.5,-13.103285714285716
2022-11-21 13:00:00,570,Cuddalore,1.0,-13.103285714285716
2022-11-21 14:00:00,570,Cuddalore,1.0,-13.103285714285716
2022-11-21 15:00:00,570,Cuddalore,0.5,-13.103285714285716
2022-11-21 16:00:00,570,Cuddalore,0.5,-13.064428571428572
2022-11-21 17:00:00,570,Cuddalore,0.5,-13.064428571428572
2022-11-21 18:00:00,570,Cuddalore,1.0,-13.064428571428572
2022-11-21 19:00:00,570,Cuddalore,1.0,-13.064428571428572
2022-11-21 20:00:00,570,Cuddalore,0.5,-13.064428571428572
2022-11-21 21:00:00,570,Cuddalore,1.0,-13.064428571428572
2022-11-21 22:00:00,570,Cuddalore,0.5,-13.056857142857142
2022-11-21 23:00:00,570,Cuddalore,0.5,-13.056857142857142
2022-11-22 00:00:00,570,Cuddalore,0.5,-13.056857142857142
2022-11-22 01:00:00,570,Cuddalore,1.0,-13.056857142857142
2022-11-22 02:00:00,570,Cuddalore,0.5,-13.056857142857142
2022-11-22 03:00:00,570,Cuddalore,1.0,-13.056857142857142
2022-11-22 04:00:00,570,Cuddalore,1.0,-13.041857142857143
2022-11-22 05:00:00,570,Cuddalore,0.5,-13.041857142857143
2022-11-22 06:00:00,570,Cuddalore,1.0,-13.041857142857143
2022-11-22 07:00:00,570,Cuddalore,0.5,-13.041857142857143
2022-11-22 08:00:00,570,Cuddalore,1.0,-13.041857142857143
2022-11-22 09:00:00,570,Cuddalore,0.5,-13.041857142857143
2022-11-22 10:00:00,570,Cuddalore,0.5,-13.099142857142857
2022-11-22 11:00:00,570,Cuddalore,0.5,-13.099142857142857
2022-11-22 12:00:00,570,Cuddalore,1.0,-13.099142857142857
2022-11-22 13:00:00,570,Cuddalore,0.5,-13.099142857142857
2022-11-22 14:00:00,570,Cuddalore,0.5,-13.099142857142857
2022-11-22 15:00:00,570,Cuddalore,0.5,-13.099142857142857
2022-11-22 16:00:00,570,Cuddalore,0.5,-13.075
2022-11-22 17:00:00,570,Cuddalore,0.5,-13.075
2022-11-22 18:00:00,570,Cuddalore,0.5,-13.075
2022-11-22 19:00:00,570,Cuddalore,0.5,-13.075
2022-11-22 20:00:00,570,Cuddalore,0.5,-13.075
2022-11-22 21:00:00,570,Cuddalore,0.5,-13.075
2022-11-22 22:00:00,570,Cuddalore,0.5,-13.068142857142858
2022-11-22 23:00:00,570,Cuddalore,0.5,-13.068142857142858
2022-11-23 00:00:00,570,Cuddalore,0.5,-13.068142857142858
2022-11-23 02:00:00,570,Cuddalore,0.5,-13.068142857142858
2022-11-23 03:00:00,570,Cuddalore,0.5,-13.068142857142858
2022-11-23 04:00:00,570,Cuddalore,0.5,-13.054857142857143
2022-11-23 05:00:00,570,Cuddalore,1.0,-13.054857142857143
2022-11-23 06:00:00,570,Cuddalore,0.75,-13.054857142857143
2022-11-23 07:00:00,570,Cuddalore,0.75,-13.054857142857143
2022-11-23 09:00:00,570,Cuddalore,0.5,-13.054857142857143
2022-11-23 10:00:00,570,Cuddalore,0.5,-13.122857142857145
2022-11-23 11:00:00,570,Cuddalore,1.0,-13.122857142857145
2022-11-23 12:00:00,570,Cuddalore,0.5,-13.122857142857145
2022-11-23 13:00:00,570,Cuddalore,0.5,-13.122857142857145
2022-11-23 14:00:00,570,Cuddalore,1.0,-13.122857142857145
2022-11-23 16:00:00,570,Cuddalore,0.5,-13.12142857142857
2022-11-23 17:00:00,570,Cuddalore,0.5,-13.12142857142857
2022-11-23 18:00:00,570,Cuddalore,1.25,-13.12142857142857
2022-11-23 19:00:00,570,Cuddalore,0.5,-13.12142857142857
2022-11-23 20:00:00,570,Cuddalore,0.5,-13.12142857142857
2022-11-23 21:00:00,570,Cuddalore,1.0,-13.12142857142857
2022-11-23 22:00:00,570,Cuddalore,0.5,-13.107285714285714
2022-11-23 23:00:00,570,Cuddalore,1.0,-13.107285714285714
2022-11-24 00:00:00,570,Cuddalore,0.5,-13.107285714285714
2022-11-24 01:00:00,570,Cuddalore,0.5,-13.107285714285714
2022-11-24 02:00:00,570,Cuddalore,1.0,-13.107285714285714
2022-11-24 03:00:00,570,Cuddalore,1.5,-13.107285714285714
2022-11-24 04:00:00,570,Cuddalore,1.0,-13.094857142857142
2022-11-24 05:00:00,570,Cuddalore,0.75,-13.094857142857142
2022-11-24 06:00:00,570,Cuddalore,0.5,-13.094857142857142
2022-11-27 02:00:00,570,Cuddalore,2.5,-13.13642857142857
2022-11-28 08:00:00,570,Cuddalore,0.5,-13.121142857142855
2022-11-28 16:00:00,570,Cuddalore,0.5,-13.726166666666666
2022-12-01 03:00:00,570,Cuddalore,1.0,-15.0388
2022-12-01 04:00:00,570,Cuddalore,2.0,-11.9795
2022-12-02 11:40:00,570,Cuddalore,0.5,-13.09442857142857
2022-12-02 11:45:00,570,Cuddalore,0.5,-13.09442857142857
2022-12-02 11:50:00,570,Cuddalore,0.5,-13.09442857142857
2022-12-02 11:55:00,570,Cuddalore,1.0,-13.09442857142857
2022-12-02 12:00:00,570,Cuddalore,1.0,-13.09442857142857
2022-12-03 10:00:00,570,Cuddalore,1.0,-13.672666666666666
2022-12-03 16:00:00,570,Cuddalore,0.5,-13.124857142857143
2022-12-04 02:00:00,570,Cuddalore,1.0,-13.100714285714286
2022-12-04 03:00:00,570,Cuddalore,5.5,-13.100714285714286
2022-12-04 04:00:00,570,Cuddalore,1.75,-13.082714285714284
2022-12-04 06:00:00,570,Cuddalore,3.5,-13.082714285714284
2022-12-04 07:00:00,570,Cuddalore,5.5,-13.082714285714284
2022-12-04 08:00:00,570,Cuddalore,1.0,-13.082714285714284
2022-12-04 09:00:00,570,Cuddalore,1.0,-13.082714285714284
2022-12-04 10:00:00,570,Cuddalore,1.0,-13.135142857142856
2022-12-04 11:00:00,570,Cuddalore,1.5,-13.135142857142856
2022-12-04 12:00:00,570,Cuddalore,1.0,-13.135142857142856
2022-12-04 13:00:00,570,Cuddalore,15.0,-13.135142857142856
2022-12-04 14:00:00,570,Cuddalore,1.0,-13.135142857142856
2022-12-04 15:00:00,570,Cuddalore,0.5,-13.135142857142856
2022-12-04 16:00:00,570,Cuddalore,1.0,-13.078714285714286
2022-12-04 17:00:00,570,Cuddalore,0.5,-13.078714285714286
2022-12-04 18:00:00,570,Cuddalore,0.75,-13.078714285714286
2022-12-04 19:00:00,570,Cuddalore,1.0,-13.078714285714286
2022-12-04 20:00:00,570,Cuddalore,0.6666666666666666,-13.078714285714286
2022-12-04 21:00:00,570,Cuddalore,0.5,-13.078714285714286
2022-12-04 22:00:00,570,Cuddalore,1.0,-13.032428571428571
2022-12-04 23:00:00,570,Cuddalore,0.75,-13.032428571428571
2022-12-05 00:00:00,570,Cuddalore,0.5,-13.032428571428571
2022-12-05 01:00:00,570,Cuddalore,0.5,-13.032428571428571
2022-12-05 02:00:00,570,Cuddalore,0.5,-13.032428571428571
2022-12-05 03:00:00,570,Cuddalore,1.0,-13.032428571428571
2022-12-05 04:00:00,570,Cuddalore,0.5,-12.986428571428572
2022-12-05 05:00:00,570,Cuddalore,0.5,-12.986428571428572
2022-12-05 06:00:00,570,Cuddalore,1.0,-12.986428571428572
2022-12-05 07:00:00,570,Cuddalore,0.5,-12.986428571428572
2022-12-05 08:00:00,570,Cuddalore,0.5,-12.986428571428572
2022-12-05 09:00:00,570,Cuddalore,0.5,-12.986428571428572
2022-12-05 10:00:00,570,Cuddalore,0.5,-12.997142857142858
2022-12-05 11:00:00,570,Cuddalore,0.5,-12.997142857142858
2022-12-05 12:00:00,570,Cuddalore,0.5,-12.997142857142858
2022-12-05 13:00:00,570,Cuddalore,0.5,-12.997142857142858
2022-12-05 14:00:00,570,Cuddalore,0.5,-12.997142857142858
2022-12-05 16:00:00,570,Cuddalore,0.5,-12.952428571428571
2022-12-05 17:00:00,570,Cuddalore,0.5,-12.952428571428571
2022-12-05 18:00:00,570,Cuddalore,0.5,-12.952428571428571
2022-12-05 19:00:00,570,Cuddalore,0.5,-12.952428571428571
2022-12-05 20:00:00,570,Cuddalore,0.5,-12.952428571428571
2022-12-05 22:00:00,570,Cuddalore,0.5,-12.93557142857143
2022-12-05 23:00:00,570,Cuddalore,0.5,-12.93557142857143
2022-12-06 00:00:00,570,Cuddalore,0.5,-12.93557142857143
2022-12-06 01:00:00,570,Cuddalore,0.5,-12.93557142857143
2022-12-06 02:00:00,570,Cuddalore,0.5,-12.93557142857143
2022-12-06 03:00:00,570,Cuddalore,0.5,-12.93557142857143
2022-12-06 04:00:00,570,Cuddalore,0.5,-12.895
2022-12-06 05:00:00,570,Cuddalore,0.5,-12.895
2022-12-06 06:00:00,570,Cuddalore,0.5,-12.895
2022-12-06 07:00:00,570,Cuddalore,0.5,-12.895
2022-12-06 08:00:00,570,Cuddalore,0.5,-12.895
2022-12-06 09:00:00,570,Cuddalore,0.5,-12.895
2022-12-06 11:00:00,570,Cuddalore,0.5,-12.911
2022-12-06 12:00:00,570,Cuddalore,0.5,-12.911
2022-12-06 13:00:00,570,Cuddalore,0.5,-12.911
2022-12-06 15:00:00,570,Cuddalore,0.5,-12.911
2022-12-06 17:00:00,570,Cuddalore,0.5,-12.856285714285717
2022-12-06 18:00:00,570,Cuddalore,0.5,-12.856285714285717
2022-12-06 20:00:00,570,Cuddalore,0.5,-12.856285714285717
2022-12-06 22:00:00,570,Cuddalore,0.5,-12.837285714285716
2022-12-07 00:00:00,570,Cuddalore,0.5,-12.837285714285716
2022-12-07 01:00:00,570,Cuddalore,0.5,-12.837285714285716
2022-12-07 03:00:00,570,Cuddalore,0.5,-12.837285714285716
2022-12-07 05:00:00,570,Cuddalore,0.5,-12.802285714285714
2022-12-07 07:00:00,570,Cuddalore,0.5,-12.802285714285714
2022-12-07 09:00:00,570,Cuddalore,0.5,-12.802285714285714
2022-12-07 13:00:00,570,Cuddalore,0.5,-12.809285714285716
2022-12-08 16:00:00,570,Cuddalore,1.0,-12.701285714285715
2022-12-08 18:00:00,570,Cuddalore,0.5,-12.701285714285715
2022-12-08 21:00:00,570,Cuddalore,0.75,-12.701285714285715
2022-12-08 22:00:00,570,Cuddalore,0.5,-12.668857142857144
2022-12-08 23:00:00,570,Cuddalore,0.5,-12.668857142857144
2022-12-09 00:00:00,570,Cuddalore,1.0,-12.668857142857144
2022-12-09 02:00:00,570,Cuddalore,0.5,-12.668857142857144
2022-12-09 04:00:00,570,Cuddalore,0.5,-12.629857142857144
2022-12-09 05:00:00,570,Cuddalore,0.5,-12.629857142857144
2022-12-09 09:00:00,570,Cuddalore,0.5,-12.629857142857144
2022-12-09 12:00:00,570,Cuddalore,1.0,-12.617428571428572
2022-12-09 13:00:00,570,Cuddalore,0.75,-12.617428571428572
2022-12-09 14:00:00,570,Cuddalore,0.5,-12.617428571428572
2022-12-09 15:00:00,570,Cuddalore,0.5,-12.617428571428572
2022-12-09 16:00:00,570,Cuddalore,0.5,-12.588142857142858
2022-12-09 20:00:00,570,Cuddalore,0.5,-12.588142857142858
2022-12-09 21:00:00,570,Cuddalore,0.5,-12.588142857142858
2022-12-09 22:00:00,570,Cuddalore,2.5,-12.569428571428572
2022-12-09 23:00:00,570,Cuddalore,4.75,-12.569428571428572
2022-12-10 00:00:00,570,Cuddalore,10.75,-12.569428571428572
2022-12-10 01:00:00,570,Cuddalore,3.0,-12.569428571428572
2022-12-10 02:00:00,570,Cuddalore,0.75,-12.569428571428572
2022-12-10 03:00:00,570,Cuddalore,2.0,-12.569428571428572
2022-12-10 04:00:00,570,Cuddalore,3.5,-12.548714285714285
2022-12-10 05:00:00,570,Cuddalore,1.8333333333333333,-12.548714285714285
2022-12-10 06:00:00,570,Cuddalore,3.0,-12.548714285714285
2022-12-10 07:00:00,570,Cuddalore,0.5,-12.548714285714285
2022-12-10 08:00:00,570,Cuddalore,0.5,-12.548714285714285
2022-12-10 12:00:00,570,Cuddalore,0.5,-12.552428571428573
2022-12-10 14:00:00,570,Cuddalore,0.5,-12.552428571428573
2022-12-10 16:00:00,570,Cuddalore,0.5,-12.533142857142858
2022-12-10 18:00:00,570,Cuddalore,0.5,-12.533142857142858
2022-12-11 01:00:00,570,Cuddalore,0.5,-12.515142857142855
2022-12-11 09:00:00,570,Cuddalore,0.5,-12.503857142857145
2022-12-11 15:00:00,570,Cuddalore,0.5,-12.502714285714283
2022-12-11 20:00:00,570,Cuddalore,0.5,-13.081166666666666
2022-12-12 02:00:00,570,Cuddalore,0.5,-13.051166666666669
2022-12-12 04:00:00,570,Cuddalore,2.6666666666666665,-13.044
2022-12-12 07:00:00,570,Cuddalore,0.5,-13.044
2022-12-12 12:00:00,570,Cuddalore,0.5,-13.034
2022-12-12 13:00:00,570,Cuddalore,2.25,-13.034
2022-12-12 14:00:00,570,Cuddalore,11.75,-13.034
2022-12-12 18:00:00,570,Cuddalore,0.5,-12.413
2022-12-12 21:00:00,570,Cuddalore,0.5,-12.413
2022-12-12 22:00:00,570,Cuddalore,5.0,-12.402142857142858
2022-12-12 23:00:00,570,Cuddalore,0.5,-12.402142857142858
2022-12-13 01:00:00,570,Cuddalore,0.5,-12.402142857142858
2022-12-13 03:00:00,570,Cuddalore,1.0,-12.402142857142858
2022-12-13 05:00:00,570,Cuddalore,0.5,-12.39257142857143
2022-12-13 06:00:00,570,Cuddalore,0.5,-12.39257142857143
2022-12-13 07:00:00,570,Cuddalore,1.5,-12.39257142857143
2022-12-13 08:00:00,570,Cuddalore,6.25,-12.39257142857143
2022-12-13 09:00:00,570,Cuddalore,3.25,-12.39257142857143
2022-12-13 11:00:00,570,Cuddalore,2.0,-12.379571428571428
2022-12-13 12:00:00,570,Cuddalore,0.5,-12.379571428571428
2022-12-13 13:00:00,570,Cuddalore,13.0,-12.379571428571428
2022-12-13 17:00:00,570,Cuddalore,0.5,-12.368428571428572
2022-12-13 20:00:00,570,Cuddalore,0.5,-12.368428571428572
2022-12-14 01:00:00,570,Cuddalore,0.5,-12.345571428571429
2022-12-14 05:00:00,570,Cuddalore,0.5,-12.331714285714286
2022-12-14 09:00:00,570,Cuddalore,0.5,-12.331714285714286
2022-12-14 14:00:00,570,Cuddalore,0.5,-12.31857142857143
2022-12-14 18:00:00,570,Cuddalore,0.5,-12.307714285714283
2022-12-14 21:00:00,570,Cuddalore,0.5,-12.307714285714283
2022-12-15 00:00:00,570,Cuddalore,0.5,-12.285571428571428
2022-12-15 03:00:00,570,Cuddalore,0.5,-12.285571428571428
2022-12-15 07:00:00,570,Cuddalore,0.5,-12.271
2022-12-15 09:00:00,570,Cuddalore,0.5,-12.271
2022-12-15 12:00:00,570,Cuddalore,0.5,-12.274571428571427
2022-12-15 15:00:00,570,Cuddalore,0.5,-12.274571428571427
2022-12-15 18:00:00,570,Cuddalore,0.5,-12.266
2022-12-15 22:00:00,570,Cuddalore,0.5,-12.237142857142857
2022-12-16 06:00:00,570,Cuddalore,0.5,-12.222142857142856
2022-12-16 12:00:00,570,Cuddalore,0.5,-12.226
2022-12-16 18:00:00,570,Cuddalore,0.5,-12.225857142857144
2022-12-16 22:00:00,570,Cuddalore,0.5,-12.231428571428571
2022-12-17 05:00:00,570,Cuddalore,0.5,-12.230714285714283
2022-12-17 12:00:00,570,Cuddalore,0.5,-12.258142857142856
2022-12-17 22:00:00,570,Cuddalore,0.5,-12.249285714285715
2022-12-18 07:00:00,570,Cuddalore,0.5,-12.240142857142857
2022-12-18 13:00:00,570,Cuddalore,0.5,-12.280142857142858
2022-12-18 17:00:00,570,Cuddalore,0.5,-12.287285714285716
2022-12-18 23:00:00,570,Cuddalore,0.5,-12.308285714285716
2022-12-19 03:00:00,570,Cuddalore,0.5,-12.308285714285716
2022-12-19 05:00:00,570,Cuddalore,0.5,-12.294571428571428
2022-12-19 06:00:00,570,Cuddalore,0.5,-12.294571428571428
2022-12-19 08:00:00,570,Cuddalore,0.5,-12.294571428571428
2022-12-19 09:00:00,570,Cuddalore,0.5,-12.294571428571428
2022-12-19 11:00:00,570,Cuddalore,0.5,-12.330714285714285
2022-12-19 13:00:00,570,Cuddalore,0.5,-12.330714285714285
2022-12-19 15:00:00,570,Cuddalore,0.5,-12.330714285714285
2022-12-19 17:00:00,570,Cuddalore,0.5,-12.877
2022-12-19 20:00:00,570,Cuddalore,0.5,-12.877
2022-12-20 00:00:00,570,Cuddalore,0.5,-12.860833333333334
2022-12-20 03:00:00,570,Cuddalore,0.5,-12.860833333333334
2022-12-20 07:00:00,570,Cuddalore,0.5,-12.263
2022-12-20 11:00:00,570,Cuddalore,0.5,-12.289
2022-12-20 13:00:00,570,Cuddalore,0.5,-12.289
2022-12-20 14:00:00,570,Cuddalore,0.5,-12.289
2022-12-20 15:00:00,570,Cuddalore,0.5,-12.289
2022-12-20 17:00:00,570,Cuddalore,0.5,-12.274571428571427
2022-12-20 18:00:00,570,Cuddalore,0.5,-12.274571428571427
2022-12-20 21:00:00,570,Cuddalore,0.5,-12.274571428571427
2022-12-20 23:00:00,570,Cuddalore,0.5,-12.269000000000002
2022-12-21 02:00:00,570,Cuddalore,0.5,-12.269000000000002
2022-12-21 05:00:00,570,Cuddalore,0.5,-12.791666666666666
2022-12-21 08:00:00,570,Cuddalore,0.5,-12.791666666666666
2022-12-21 10:00:00,570,Cuddalore,0.5,-12.860166666666666
2022-12-21 11:00:00,570,Cuddalore,1.0,-12.860166666666666
2022-12-21 12:00:00,570,Cuddalore,1.0,-12.860166666666666
2022-12-21 13:00:00,570,Cuddalore,0.5,-12.860166666666666
2022-12-21 14:00:00,570,Cuddalore,0.5,-12.860166666666666
2022-12-21 15:00:00,570,Cuddalore,0.5,-12.860166666666666
2022-12-21 17:00:00,570,Cuddalore,0.5,-12.271857142857144
2022-12-21 18:00:00,570,Cuddalore,0.5,-12.271857142857144
2022-12-21 19:00:00,570,Cuddalore,0.5,-12.271857142857144
2022-12-21 21:00:00,570,Cuddalore,0.5,-12.271857142857144
2022-12-21 23:00:00,570,Cuddalore,0.5,-12.276142857142858
2022-12-22 01:00:00,570,Cuddalore,0.5,-12.276142857142858
2022-12-22 03:00:00,570,Cuddalore,0.5,-12.276142857142858
2022-12-22 05:00:00,570,Cuddalore,0.5,-12.248285714285714
2022-12-22 06:00:00,570,Cuddalore,0.5,-12.248285714285714
2022-12-22 07:00:00,570,Cuddalore,1.0,-12.248285714285714
2022-12-22 08:00:00,570,Cuddalore,0.5,-12.248285714285714
2022-12-22 09:00:00,570,Cuddalore,0.5,-12.248285714285714
2022-12-22 10:00:00,570,Cuddalore,1.0,-12.275428571428572
2022-12-22 11:00:00,570,Cuddalore,0.5,-12.275428571428572
2022-12-22 12:00:00,570,Cuddalore,1.0,-12.275428571428572
2022-12-22 13:00:00,570,Cuddalore,0.5,-12.275428571428572
2022-12-22 14:00:00,570,Cuddalore,0.5,-12.275428571428572
2022-12-22 15:00:00,570,Cuddalore,0.5,-12.275428571428572
2022-12-22 16:00:00,570,Cuddalore,1.0,-12.264857142857142
2022-12-22 17:00:00,570,Cuddalore,0.5,-12.264857142857142
2022-12-22 18:00:00,570,Cuddalore,0.5,-12.264857142857142
2022-12-22 19:00:00,570,Cuddalore,0.5,-12.264857142857142
2022-12-22 20:00:00,570,Cuddalore,0.5,-12.264857142857142
2022-12-22 22:00:00,570,Cuddalore,0.5,-12.306571428571427
2022-12-22 23:00:00,570,Cuddalore,0.5,-12.306571428571427
2022-12-23 00:00:00,570,Cuddalore,0.5,-12.306571428571427
2022-12-23 01:00:00,570,Cuddalore,0.5,-12.306571428571427
2022-12-23 02:00:00,570,Cuddalore,0.5,-12.306571428571427
2022-12-23 03:00:00,570,Cuddalore,0.5,-12.306571428571427
2022-12-23 04:00:00,570,Cuddalore,0.5,-12.308142857142856
2022-12-23 05:00:00,570,Cuddalore,0.5,-12.308142857142856
2022-12-23 07:00:00,570,Cuddalore,0.5,-12.308142857142856
2022-12-25 07:00:00,570,Cuddalore,0.5,-12.520142857142858
2022-12-25 08:00:00,570,Cuddalore,0.5,-12.520142857142858
2022-12-25 09:00:00,570,Cuddalore,1.1666666666666667,-12.520142857142858
2022-12-25 10:00:00,570,Cuddalore,1.8333333333333333,-12.506
2022-12-25 11:00:00,570,Cuddalore,2.333333333333333,-12.506
2022-12-25 12:00:00,570,Cuddalore,2.0,-12.506
2022-12-25 13:00:00,570,Cuddalore,1.8333333333333333,-12.506
2022-12-25 14:00:00,570,Cuddalore,0.75,-12.506
2022-12-25 15:00:00,570,Cuddalore,0.5,-12.506
2022-12-25 16:00:00,570,Cuddalore,1.0,-12.495
2022-12-25 17:00:00,570,Cuddalore,0.5,-12.495
2022-12-25 19:00:00,570,Cuddalore,0.5,-12.495
2022-12-25 22:00:00,570,Cuddalore,0.5,-12.440285714285713
2022-12-25 23:00:00,570,Cuddalore,0.5,-12.440285714285713
2022-12-26 00:00:00,570,Cuddalore,3.0,-12.440285714285713
2022-12-26 02:00:00,570,Cuddalore,0.5,-12.440285714285713
2022-12-26 06:00:00,570,Cuddalore,0.5,-12.408857142857142
2022-12-26 12:00:00,570,Cuddalore,0.5,-12.386142857142858
2022-12-26 14:00:00,570,Cuddalore,1.0,-12.386142857142858
2022-12-26 16:00:00,570,Cuddalore,1.0,-12.38
2022-12-26 17:00:00,570,Cuddalore,0.5,-12.38
2022-12-26 18:00:00,570,Cuddalore,0.5,-12.38
2022-12-26 20:00:00,570,Cuddalore,0.5,-12.38
2022-12-26 22:00:00,570,Cuddalore,0.5,-12.348
2022-12-27 03:00:00,570,Cuddalore,1.0,-12.348
2022-12-27 04:00:00,570,Cuddalore,0.5,-12.329285714285714
2022-12-27 05:00:00,570,Cuddalore,0.5,-12.329285714285714
2022-12-27 06:00:00,570,Cuddalore,1.5,-12.329285714285714
2022-12-27 07:00:00,570,Cuddalore,0.5,-12.329285714285714
2022-12-27 08:00:00,570,Cuddalore,1.0,-12.329285714285714
2022-12-27 09:00:00,570,Cuddalore,0.5,-12.329285714285714
2022-12-27 10:00:00,570,Cuddalore,0.5,-12.332857142857142
2022-12-27 11:00:00,570,Cuddalore,0.5,-12.332857142857142
2022-12-27 13:00:00,570,Cuddalore,1.5,-12.332857142857142
2022-12-27 19:00:00,570,Cuddalore,0.5,-12.8205
2022-12-28 01:00:00,570,Cuddalore,0.5,-12.781166666666666
2022-12-28 10:00:00,570,Cuddalore,0.5,-12.763833333333332
2022-12-28 17:00:00,570,Cuddalore,0.5,-12.230857142857143
2022-12-29 05:00:00,570,Cuddalore,0.5,-12.200428571428573
2022-12-29 13:00:00,570,Cuddalore,0.5,-12.19
2022-12-29 20:00:00,570,Cuddalore,0.5,-10.750166666666669
2022-12-30 01:00:00,570,Cuddalore,0.5,-10.718833333333334
2022-12-30 06:00:00,570,Cuddalore,0.5,-10.28
2022-12-30 12:00:00,570,Cuddalore,0.5,-10.2888
2022-12-30 18:00:00,570,Cuddalore,0.5,-6.9855
2022-12-31 01:00:00,570,Cuddalore,0.5,-7.0055000000000005
2022-12-31 10:00:00,570,Cuddalore,0.5,-6.999
2022-12-31 18:00:00,570,Cuddalore,0.5,-8.39075
2023-01-01 03:00:00,570,Cuddalore,0.5,-8.43
2023-01-01 11:00:00,570,Cuddalore,0.5,-12.335857142857142
2023-01-01 18:00:00,570,Cuddalore,0.5,-11.514
2023-01-02 09:00:00,570,Cuddalore,0.5,-12.313714285714283
2023-01-02 16:00:00,570,Cuddalore,0.5,-12.337428571428571
2023-01-05 10:00:00,570,Cuddalore,1.0,-12.315
2023-01-05 11:00:00,570,Cuddalore,1.5,-12.315
2023-01-08 04:00:00,570,Cuddalore,0.5,-13.202166666666663
2023-01-08 06:00:00,570,Cuddalore,0.5,-13.202166666666663
2023-01-08 09:00:00,570,Cuddalore,0.5,-13.202166666666663
2023-01-08 10:00:00,570,Cuddalore,0.5,-13.2235
2023-01-08 17:00:00,570,Cuddalore,0.5,-12.810333333333332
2023-01-09 00:00:00,570,Cuddalore,0.5,-12.773666666666664
2023-01-30 09:00:00,570,Cuddalore,1.5,-12.242571428571429
2023-01-30 10:00:00,570,Cuddalore,2.5,-12.274285714285714
2023-01-30 11:00:00,570,Cuddalore,2.5,-12.274285714285714
2023-01-30 12:00:00,570,Cuddalore,3.25,-12.274285714285714
2023-01-30 13:00:00,570,Cuddalore,1.25,-12.274285714285714
2023-01-30 14:00:00,570,Cuddalore,1.5,-12.274285714285714
2023-01-30 15:00:00,570,Cuddalore,0.5,-12.274285714285714
2023-01-30 16:00:00,570,Cuddalore,1.0,-12.242714285714284
2023-01-30 17:00:00,570,Cuddalore,0.5,-12.242714285714284
2023-01-30 18:00:00,570,Cuddalore,1.0,-12.242714285714284
2023-01-30 19:00:00,570,Cuddalore,0.5,-12.242714285714284
2023-01-30 20:00:00,570,Cuddalore,3.0,-12.242714285714284
2023-02-01 15:00:00,570,Cuddalore,0.5,-12.215428571428571
2023-02-01 16:00:00,570,Cuddalore,0.5,-12.178857142857142
2023-02-01 17:00:00,570,Cuddalore,1.5,-12.178857142857142
2023-02-01 20:00:00,570,Cuddalore,0.5,-12.178857142857142
2023-02-02 02:00:00,570,Cuddalore,1.0,-12.16457142857143
2023-02-02 06:00:00,570,Cuddalore,0.5,-12.148428571428571
2023-02-02 07:00:00,570,Cuddalore,0.5,-12.148428571428571
2023-02-02 08:00:00,570,Cuddalore,2.5,-12.148428571428571
2023-02-02 09:00:00,570,Cuddalore,0.75,-12.148428571428571
2023-02-02 10:00:00,570,Cuddalore,0.5,-12.172
2023-02-02 12:00:00,570,Cuddalore,0.5,-12.172
2023-02-02 13:00:00,570,Cuddalore,0.5,-12.172
2023-02-02 15:00:00,570,Cuddalore,0.5,-12.172
2023-02-02 17:00:00,570,Cuddalore,0.5,-12.133714285714284
2023-02-03 00:00:00,570,Cuddalore,0.5,-12.122142857142858
2023-02-03 01:00:00,570,Cuddalore,1.0,-12.122142857142858
2023-02-03 13:00:00,570,Cuddalore,6.0,-12.126857142857144
2023-02-03 16:00:00,570,Cuddalore,1.5,-12.07942857142857
2023-02-03 18:00:00,570,Cuddalore,0.5,-12.07942857142857
2023-02-03 23:00:00,570,Cuddalore,0.5,-12.064285714285717
2023-02-04 00:00:00,570,Cuddalore,0.5,-12.064285714285717
2023-02-04 01:00:00,570,Cuddalore,0.5,-12.064285714285717
2023-02-04 02:00:00,570,Cuddalore,0.5,-12.064285714285717
2023-02-04 03:00:00,570,Cuddalore,0.5,-12.064285714285717
2023-02-04 04:00:00,570,Cuddalore,0.5,-12.035428571428572
2023-02-04 06:00:00,570,Cuddalore,0.5,-12.035428571428572
2023-02-04 07:00:00,570,Cuddalore,0.5,-12.035428571428572
2023-02-04 09:00:00,570,Cuddalore,0.5,-12.035428571428572
2023-02-04 10:00:00,570,Cuddalore,0.5,-12.065
2023-02-04 13:00:00,570,Cuddalore,0.5,-12.065
2023-02-05 06:00:00,570,Cuddalore,0.5,-12.011571428571427
2023-02-07 07:00:00,570,Cuddalore,0.5,-11.939000000000002
2023-02-08 23:00:00,570,Cuddalore,0.5,-12.519666666666666
2023-02-11 10:00:00,570,Cuddalore,0.5,-12.557166666666667
2023-03-19 17:00:00,570,Cuddalore,1.0,-13.274857142857144
2023-03-19 18:00:00,570,Cuddalore,0.5,-13.274857142857144
2023-03-19 20:00:00,570,Cuddalore,2.25,-13.274857142857144
2023-03-19 21:00:00,570,Cuddalore,2.5,-13.274857142857144
2023-03-19 22:00:00,570,Cuddalore,5.75,-13.256
2023-03-19 23:00:00,570,Cuddalore,6.0,-13.256
2023-03-20 00:00:00,570,Cuddalore,0.5,-13.256
2023-03-20 01:00:00,570,Cuddalore,1.0,-13.256
2023-03-20 02:00:00,570,Cuddalore,0.5,-13.256
2023-03-20 03:00:00,570,Cuddalore,0.5,-13.256
2023-03-20 04:00:00,570,Cuddalore,0.5,-13.189285714285717
2023-03-20 09:00:00,570,Cuddalore,0.5,-13.189285714285717
2023-03-20 11:00:00,570,Cuddalore,0.5,-13.191571428571429
2023-03-20 14:00:00,570,Cuddalore,0.5,-13.191571428571429
2023-03-20 19:00:00,570,Cuddalore,0.5,-13.146714285714284
2023-03-20 23:00:00,570,Cuddalore,0.5,-13.117
2023-03-21 03:00:00,570,Cuddalore,0.5,-13.117
2023-03-21 11:00:00,570,Cuddalore,0.5,-13.098142857142856
2023-03-21 16:00:00,570,Cuddalore,0.5,-13.574666666666666
2023-03-21 18:00:00,570,Cuddalore,0.5,-13.574666666666666
2023-03-22 00:00:00,570,Cuddalore,0.5,-13.557
2023-03-22 06:00:00,570,Cuddalore,0.5,-13.039857142857144
2023-03-22 10:00:00,570,Cuddalore,0.5,-13.043857142857144
2023-03-22 14:00:00,570,Cuddalore,0.5,-13.043857142857144
2023-03-22 19:00:00,570,Cuddalore,0.5,-13.564166666666669
2023-03-23 03:00:00,570,Cuddalore,0.5,-13.5285
2023-03-23 10:00:00,570,Cuddalore,0.5,-13.536166666666666
2023-03-25 18:00:00,570,Cuddalore,0.5,-13.538666666666666
2023-03-26 06:00:00,570,Cuddalore,0.5,-14.315
2023-03-26 16:00:00,570,Cuddalore,0.5,-11.225333333333332
2023-03-27 06:00:00,570,Cuddalore,0.5,-12.92842857142857
2023-03-27 16:00:00,570,Cuddalore,0.5,-12.941285714285714
2023-03-28 04:00:00,570,Cuddalore,0.5,-12.924571428571427
2023-03-28 07:00:00,570,Cuddalore,0.5,-12.924571428571427
2023-03-28 17:00:00,570,Cuddalore,0.5,-12.957714285714289
2023-04-01 18:00:00,570,Cuddalore,7.5,-13.037142857142856
2023-04-22 15:00:00,570,Cuddalore,0.5,-14.716714285714286
2023-04-22 17:00:00,570,Cuddalore,0.5,-14.72042857142857
2023-04-22 23:00:00,570,Cuddalore,0.5,-14.782285714285717
2023-04-23 07:00:00,570,Cuddalore,0.5,-14.761142857142858
2023-04-23 12:00:00,570,Cuddalore,0.5,-14.802857142857144
2023-04-23 21:00:00,570,Cuddalore,2.0,-14.816285714285714
2023-04-23 22:00:00,570,Cuddalore,0.5,-14.837428571428571
2023-04-23 23:00:00,570,Cuddalore,0.5,-14.837428571428571
2023-04-25 10:00:00,570,Cuddalore,1.0,-12.9126
2023-04-25 11:00:00,570,Cuddalore,0.5,-12.9126
2023-04-25 14:00:00,570,Cuddalore,0.5,-12.9126
2023-04-26 04:00:00,570,Cuddalore,0.5,-14.901428571428571
2023-04-26 09:00:00,570,Cuddalore,0.5,-14.901428571428571
2023-04-26 16:00:00,570,Cuddalore,0.5,-14.867571428571429
2023-04-27 09:00:00,570,Cuddalore,0.5,-14.873714285714286
2023-04-29 22:00:00,570,Cuddalore,0.5,-15.220666666666666
2023-04-29 23:00:00,570,Cuddalore,0.5,-15.220666666666666
2023-04-30 09:00:00,570,Cuddalore,0.5,-16.19066666666667
2023-04-30 12:00:00,570,Cuddalore,0.5,-16.17083333333333
2023-04-30 16:00:00,570,Cuddalore,0.5,-15.243166666666667
2023-04-30 21:00:00,570,Cuddalore,0.5,-15.243166666666667
2023-05-01 04:00:00,570,Cuddalore,0.5,-14.91342857142857
2023-05-01 10:00:00,570,Cuddalore,0.5,-14.945285714285712
2023-05-01 12:00:00,570,Cuddalore,0.5,-14.945285714285712
2023-05-01 13:00:00,570,Cuddalore,0.5,-14.945285714285712
2023-05-01 15:00:00,570,Cuddalore,0.5,-14.945285714285712
2023-05-01 20:00:00,570,Cuddalore,0.5,-14.958857142857145
2023-05-01 22:00:00,570,Cuddalore,1.5,-14.992857142857144
2023-05-01 23:00:00,570,Cuddalore,9.5,-14.992857142857144
2023-05-02 00:00:00,570,Cuddalore,3.0,-14.992857142857144
2023-05-02 01:00:00,570,Cuddalore,0.5,-14.992857142857144
2023-05-02 02:00:00,570,Cuddalore,16.5,-14.992857142857144
2023-05-02 03:00:00,570,Cuddalore,43.5,-14.992857142857144
2023-05-02 04:00:00,570,Cuddalore,65.0,-14.930571428571428
2023-05-02 05:00:00,570,Cuddalore,8.5,-14.930571428571428
2023-05-02 06:00:00,570,Cuddalore,11.25,-14.930571428571428
2023-05-02 07:00:00,570,Cuddalore,4.5,-14.930571428571428
2023-05-02 08:00:00,570,Cuddalore,2.75,-14.930571428571428
2023-05-02 09:00:00,570,Cuddalore,0.75,-14.930571428571428
2023-05-02 14:00:00,570,Cuddalore,0.5,-14.891571428571428
2023-05-02 20:00:00,570,Cuddalore,0.5,-14.848714285714284
2023-05-03 04:00:00,570,Cuddalore,0.5,-14.801
2023-05-03 10:00:00,570,Cuddalore,0.5,-14.835571428571429
2023-05-03 17:00:00,570,Cuddalore,0.5,-14.821714285714284
2023-05-03 18:00:00,570,Cuddalore,17.0,-14.821714285714284
2023-05-03 19:00:00,570,Cuddalore,11.0,-14.821714285714284
2023-05-03 20:00:00,570,Cuddalore,1.5,-14.821714285714284
2023-05-03 21:00:00,570,Cuddalore,2.5,-14.821714285714284
2023-05-03 23:00:00,570,Cuddalore,0.5,-14.83542857142857
2023-05-04 00:00:00,570,Cuddalore,0.5,-14.83542857142857
2023-05-04 02:00:00,570,Cuddalore,0.5,-14.83542857142857
2023-05-04 10:00:00,570,Cuddalore,0.5,-14.850142857142856
2023-05-04 11:50:00,570,Cuddalore,2.0,-14.850142857142856
2023-05-04 12:00:00,570,Cuddalore,2.0,-14.850142857142856
2023-05-04 14:10:00,570,Cuddalore,5.0,-14.850142857142856
2023-05-04 14:15:00,570,Cuddalore,12.5,-14.850142857142856
2023-05-04 14:20:00,570,Cuddalore,16.0,-14.850142857142856
2023-05-04 14:25:00,570,Cuddalore,16.0,-14.850142857142856
2023-05-04 15:00:00,570,Cuddalore,16.0,-14.850142857142856
2023-05-04 16:00:00,570,Cuddalore,0.5,-15.104833333333334
2023-05-04 22:00:00,570,Cuddalore,21.5,-15.105166666666667
2023-05-04 23:00:00,570,Cuddalore,106.0,-15.105166666666667
2023-05-05 00:00:00,570,Cuddalore,14.25,-15.105166666666667
2023-05-05 02:00:00,570,Cuddalore,0.5,-15.105166666666667
2023-05-05 08:00:00,570,Cuddalore,0.5,-14.798857142857145
2023-05-05 14:00:00,570,Cuddalore,0.5,-14.846571428571428
2023-05-05 20:00:00,570,Cuddalore,0.5,-15.116666666666667
2023-05-06 03:00:00,570,Cuddalore,0.5,-15.102833333333333
2023-05-06 09:00:00,570,Cuddalore,0.5,-15.085666666666668
2023-05-06 14:00:00,570,Cuddalore,0.5,-15.117833333333335
2023-05-06 18:00:00,570,Cuddalore,1.0,-15.1445
2023-05-06 19:00:00,570,Cuddalore,5.5,-15.1445
2023-05-06 20:00:00,570,Cuddalore,5.5,-15.1445
2023-05-06 21:00:00,570,Cuddalore,2.0,-15.1445
2023-05-06 22:00:00,570,Cuddalore,1.0,-15.109166666666669
2023-05-06 23:00:00,570,Cuddalore,0.5,-15.109166666666669
2023-05-07 01:00:00,570,Cuddalore,0.5,-15.109166666666669
2023-05-07 04:00:00,570,Cuddalore,0.5,-14.832
2023-05-07 07:00:00,570,Cuddalore,0.5,-14.832
2023-05-07 09:00:00,570,Cuddalore,0.5,-14.832
2023-05-07 12:00:00,570,Cuddalore,0.5,-14.850285714285716
2023-05-07 14:00:00,570,Cuddalore,0.5,-14.850285714285716
2023-05-07 16:00:00,570,Cuddalore,0.5,-14.814285714285717
2023-05-07 19:00:00,570,Cuddalore,0.5,-14.814285714285717
2023-05-07 20:00:00,570,Cuddalore,17.0,-14.814285714285717
2023-05-07 21:00:00,570,Cuddalore,2.1666666666666665,-14.814285714285717
2023-05-07 22:00:00,570,Cuddalore,1.6666666666666667,-14.770285714285714
2023-05-07 23:00:00,570,Cuddalore,1.75,-14.770285714285714
2023-05-08 01:00:00,570,Cuddalore,0.5,-14.770285714285714
2023-05-08 04:00:00,570,Cuddalore,0.5,-14.709714285714286
2023-05-08 08:00:00,570,Cuddalore,0.5,-14.709714285714286
2023-05-08 10:00:00,570,Cuddalore,0.5,-14.686714285714286
2023-05-08 13:00:00,570,Cuddalore,0.5,-14.686714285714286
2023-05-08 15:00:00,570,Cuddalore,0.5,-14.686714285714286
2023-05-08 17:00:00,570,Cuddalore,0.5,-14.646714285714284
2023-05-08 20:00:00,570,Cuddalore,0.5,-14.646714285714284
2023-05-08 23:00:00,570,Cuddalore,0.5,-14.621
2023-05-09 02:00:00,570,Cuddalore,0.5,-14.621
2023-05-09 06:00:00,570,Cuddalore,0.5,-14.605428571428572
2023-05-09 09:00:00,570,Cuddalore,0.5,-14.605428571428572
2023-05-09 12:00:00,570,Cuddalore,0.5,-14.628857142857145
2023-05-09 14:00:00,570,Cuddalore,0.5,-14.628857142857145
2023-05-09 18:00:00,570,Cuddalore,0.5,-14.627571428571429
2023-05-09 22:00:00,570,Cuddalore,0.5,-14.613142857142858
2023-05-10 02:00:00,570,Cuddalore,0.5,-14.613142857142858
2023-05-10 07:00:00,570,Cuddalore,0.5,-14.817833333333336
2023-05-10 12:00:00,570,Cuddalore,0.5,-14.833666666666666
2023-05-10 16:00:00,570,Cuddalore,0.5,-14.818
2023-05-10 22:00:00,570,Cuddalore,0.5,-14.794833333333337
2023-05-11 03:00:00,570,Cuddalore,0.5,-14.794833333333337
2023-05-11 09:00:00,570,Cuddalore,0.5,-14.547285714285715
2023-05-11 14:00:00,570,Cuddalore,0.5,-14.58614285714286
2023-05-11 19:00:00,570,Cuddalore,0.5,-14.580428571428572
2023-05-12 02:00:00,570,Cuddalore,0.5,-14.552
2023-05-12 10:00:00,570,Cuddalore,0.5,-14.597857142857142
2023-05-12 15:00:00,570,Cuddalore,0.5,-14.597857142857142
2023-05-13 01:00:00,570,Cuddalore,0.5,-14.6125
2023-05-14 03:00:00,570,Cuddalore,0.5,-14.677666666666669
2023-06-05 17:00:00,570,Cuddalore,12.5,-16.676
2023-06-05 18:00:00,570,Cuddalore,0.5,-16.676
2023-06-05 20:00:00,570,Cuddalore,8.5,-16.676
2023-06-05 21:00:00,570,Cuddalore,4.0,-16.676
2023-06-05 22:00:00,570,Cuddalore,1.0,-16.677714285714284
2023-06-05 23:00:00,570,Cuddalore,0.5,-16.677714285714284
2023-06-06 02:00:00,570,Cuddalore,0.5,-16.677714285714284
2023-06-06 03:00:00,570,Cuddalore,1.75,-16.677714285714284
2023-06-06 04:00:00,570,Cuddalore,0.5,-16.661714285714286
2023-06-06 07:00:00,570,Cuddalore,0.5,-16.661714285714286
2023-06-06 23:00:00,570,Cuddalore,2.5,-16.676714285714286
2023-06-07 02:00:00,570,Cuddalore,2.0,-16.676714285714286
2023-06-07 16:00:00,570,Cuddalore,15.5,-16.785285714285713
2023-06-11 18:00:00,570,Cuddalore,2.5,-17.296857142857142
2023-06-11 19:00:00,570,Cuddalore,0.5,-17.296857142857142
2023-06-12 19:00:00,570,Cuddalore,2.75,-16.80033333333333
2023-06-12 20:00:00,570,Cuddalore,9.833333333333334,-16.80033333333333
2023-06-12 21:00:00,570,Cuddalore,2.0,-16.80033333333333
2023-06-12 22:00:00,570,Cuddalore,0.5,-16.776
2023-06-13 01:00:00,570,Cuddalore,0.5,-16.776
2023-06-13 20:00:00,570,Cuddalore,0.5,-17.373
2023-06-13 21:00:00,570,Cuddalore,5.5,-17.373
2023-06-13 22:00:00,570,Cuddalore,0.5,-17.354
2023-06-13 23:00:00,570,Cuddalore,1.0,-17.354
2023-06-18 12:00:00,570,Cuddalore,1.5,-16.986666666666668
2023-06-18 13:00:00,570,Cuddalore,4.0,-16.986666666666668
2023-06-18 14:00:00,570,Cuddalore,0.5,-16.986666666666668
2023-06-18 15:00:00,570,Cuddalore,0.5,-16.986666666666668
2023-06-18 16:00:00,570,Cuddalore,1.0,-16.944333333333333
2023-06-18 22:00:00,570,Cuddalore,0.5,-16.912333333333333
2023-06-18 23:00:00,570,Cuddalore,2.5,-16.912333333333333
2023-06-19 00:00:00,570,Cuddalore,0.5,-16.912333333333333
2023-06-19 01:00:00,570,Cuddalore,3.0,-16.912333333333333
2023-06-19 02:00:00,570,Cuddalore,1.0,-16.912333333333333
2023-06-19 03:00:00,570,Cuddalore,0.5,-16.912333333333333
2023-06-19 04:00:00,570,Cuddalore,1.3333333333333333,-16.862333333333332
2023-06-19 05:00:00,570,Cuddalore,2.1666666666666665,-16.862333333333332
2023-06-19 06:00:00,570,Cuddalore,0.8333333333333334,-16.862333333333332
2023-06-19 08:00:00,570,Cuddalore,0.5,-16.862333333333332
2023-06-19 09:00:00,570,Cuddalore,0.5,-16.862333333333332
2023-06-19 11:00:00,570,Cuddalore,0.5,-16.830833333333334
2023-06-19 22:00:00,570,Cuddalore,0.5,-16.726000000000003
2023-06-20 03:00:00,570,Cuddalore,1.5,-16.726000000000003
2023-06-20 04:00:00,570,Cuddalore,0.5,-16.6735
2023-06-20 05:00:00,570,Cuddalore,1.25,-16.6735
2023-06-20 06:00:00,570,Cuddalore,0.5,-16.6735
2023-06-20 07:00:00,570,Cuddalore,0.5,-16.6735
2023-06-21 04:00:00,570,Cuddalore,0.5,-16.585666666666665
2023-06-22 17:00:00,570,Cuddalore,31.0,-16.654500000000002
2023-06-22 18:00:00,570,Cuddalore,1.0,-16.654500000000002
2023-06-26 17:00:00,570,Cuddalore,3.5,-16.8475
2023-06-26 18:00:00,570,Cuddalore,1.5,-16.8475
2023-06-26 22:00:00,570,Cuddalore,1.5,-16.808
2023-06-29 17:00:00,570,Cuddalore,1.0,-17.737
2023-06-29 19:00:00,570,Cuddalore,4.5,-17.737
2023-06-29 22:00:00,570,Cuddalore,0.5,-17.75157142857143
2023-06-30 21:00:00,570,Cuddalore,1.0,-17.73242857142857
2023-06-30 22:00:00,570,Cuddalore,15.0,-17.690142857142856
2023-06-30 23:00:00,570,Cuddalore,1.0,-17.690142857142856
2023-07-01 00:00:00,570,Cuddalore,0.5,-17.690142857142856
2023-07-01 22:00:00,570,Cuddalore,0.5,-17.740142857142857
2023-07-02 02:00:00,570,Cuddalore,0.5,-17.740142857142857
2023-07-02 03:00:00,570,Cuddalore,0.5,-17.740142857142857
2023-07-03 06:00:00,570,Cuddalore,0.5,-17.713714285714286
2023-07-03 21:00:00,570,Cuddalore,8.25,-17.722857142857144
2023-07-03 22:00:00,570,Cuddalore,1.0,-17.719285714285714
2023-07-03 23:00:00,570,Cuddalore,0.5,-17.719285714285714
2023-07-04 00:00:00,570,Cuddalore,0.5,-17.719285714285714
2023-07-04 01:00:00,570,Cuddalore,0.5,-17.719285714285714
2023-07-09 21:00:00,570,Cuddalore,1.5,-17.0305
2023-07-09 22:00:00,570,Cuddalore,2.5,-17.014666666666667
2023-07-09 23:00:00,570,Cuddalore,4.75,-17.014666666666667
2023-07-10 01:00:00,570,Cuddalore,1.0,-17.014666666666667
2023-07-10 02:00:00,570,Cuddalore,0.5,-17.014666666666667
2023-07-10 16:00:00,570,Cuddalore,17.5,-16.967333333333332
2023-07-10 17:00:00,570,Cuddalore,6.25,-16.967333333333332
2023-07-10 18:00:00,570,Cuddalore,11.666666666666666,-16.967333333333332
2023-07-10 19:00:00,570,Cuddalore,0.5,-16.967333333333332
2023-07-10 20:00:00,570,Cuddalore,1.0,-16.967333333333332
2023-07-10 21:00:00,570,Cuddalore,1.25,-16.967333333333332
2023-07-10 22:00:00,570,Cuddalore,2.5,-16.885
2023-07-10 23:00:00,570,Cuddalore,1.8333333333333333,-16.885
2023-07-11 00:00:00,570,Cuddalore,2.5,-16.885
2023-07-11 01:00:00,570,Cuddalore,0.5,-16.885
2023-07-11 02:00:00,570,Cuddalore,0.6666666666666666,-16.885
2023-07-11 03:00:00,570,Cuddalore,0.5,-16.885
2023-07-11 04:00:00,570,Cuddalore,0.5,-16.8185
2023-07-11 19:00:00,570,Cuddalore,0.5,-16.70116666666667
2023-07-11 21:00:00,570,Cuddalore,5.5,-16.70116666666667
2023-07-11 22:00:00,570,Cuddalore,19.5,-16.654500000000002
2023-07-16 01:00:00,570,Cuddalore,0.5,-16.393
2023-07-23 18:00:00,570,Cuddalore,10.0,-17.375571428571426
2023-07-23 19:00:00,570,Cuddalore,3.0,-17.375571428571426
2023-07-23 20:00:00,570,Cuddalore,1.0,-17.375571428571426
2023-07-23 21:00:00,570,Cuddalore,0.5,-17.375571428571426
2023-07-24 18:00:00,570,Cuddalore,0.5,-16.1225
2023-07-24 20:00:00,570,Cuddalore,1.0,-16.1225
2023-07-24 22:00:00,570,Cuddalore,0.5,-16.046833333333336
2023-07-25 01:00:00,570,Cuddalore,0.5,-16.046833333333336
2023-07-25 03:00:00,570,Cuddalore,0.5,-16.046833333333336
2023-07-25 04:00:00,570,Cuddalore,0.5,-16.00766666666667
2023-07-25 10:00:00,570,Cuddalore,0.5,-15.973333333333334
2023-08-04 21:00:00,570,Cuddalore,2.0,-17.383857142857142
2023-08-06 18:00:00,570,Cuddalore,8.0,-17.398285714285713
2023-08-06 19:00:00,570,Cuddalore,2.75,-17.398285714285713
2023-08-06 21:00:00,570,Cuddalore,0.5,-17.398285714285713
2023-08-06 23:00:00,570,Cuddalore,5.0,-17.394142857142857
2023-08-07 00:00:00,570,Cuddalore,5.5,-17.394142857142857
2023-08-07 01:00:00,570,Cuddalore,6.5,-17.394142857142857
2023-08-07 02:00:00,570,Cuddalore,1.0,-17.394142857142857
2023-08-07 06:00:00,570,Cuddalore,0.5,-17.433714285714284
2023-08-07 23:00:00,570,Cuddalore,17.5,-17.12033333333333
2023-08-08 00:00:00,570,Cuddalore,2.5,-17.12033333333333
2023-08-08 03:00:00,570,Cuddalore,2.5,-17.12033333333333
2023-08-08 04:00:00,570,Cuddalore,0.5,-17.1015
2023-08-08 22:00:00,570,Cuddalore,0.5,-17.026500000000002
2023-08-09 17:00:00,570,Cuddalore,0.5,-16.982
2023-08-09 18:00:00,570,Cuddalore,0.5,-16.982
2023-08-09 21:00:00,570,Cuddalore,1.0,-16.982
2023-08-09 23:00:00,570,Cuddalore,10.5,-16.937166666666666
2023-08-10 00:00:00,570,Cuddalore,65.0,-16.937166666666666
2023-08-10 01:00:00,570,Cuddalore,11.666666666666666,-16.937166666666666
2023-08-10 02:00:00,570,Cuddalore,4.333333333333333,-16.937166666666666
2023-08-10 03:00:00,570,Cuddalore,2.333333333333333,-16.937166666666666
2023-08-10 04:00:00,570,Cuddalore,3.25,-16.889833333333332
2023-08-10 05:00:00,570,Cuddalore,1.5,-16.889833333333332
2023-08-10 06:00:00,570,Cuddalore,1.0,-16.889833333333332
2023-08-10 13:00:00,570,Cuddalore,0.5,-16.8815
2023-08-10 22:00:00,570,Cuddalore,22.5,-16.814
2023-08-10 23:00:00,570,Cuddalore,1.0,-16.814
2023-08-11 00:00:00,570,Cuddalore,1.25,-16.814
2023-08-11 01:00:00,570,Cuddalore,1.0,-16.814
2023-08-11 02:00:00,570,Cuddalore,0.5,-16.814
2023-08-11 18:00:00,570,Cuddalore,4.0,-16.745166666666666
2023-08-11 19:00:00,570,Cuddalore,7.75,-16.745166666666666
2023-08-11 20:00:00,570,Cuddalore,0.5,-16.745166666666666
2023-08-11 21:00:00,570,Cuddalore,0.5,-16.745166666666666
2023-08-12 00:00:00,570,Cuddalore,18.0,-16.7115
2023-08-12 01:00:00,570,Cuddalore,47.0,-16.7115
2023-08-12 02:00:00,570,Cuddalore,2.0,-16.7115
2023-08-12 03:00:00,570,Cuddalore,2.0,-16.7115
2023-08-12 18:00:00,570,Cuddalore,8.0,-16.652833333333334
2023-08-12 19:00:00,570,Cuddalore,0.5,-16.652833333333334
2023-08-12 23:00:00,570,Cuddalore,10.0,-16.62933333333333
2023-08-13 00:00:00,570,Cuddalore,7.0,-16.62933333333333
2023-08-13 01:00:00,570,Cuddalore,0.5,-16.62933333333333
2023-08-13 02:00:00,570,Cuddalore,0.5,-16.62933333333333
2023-08-13 19:00:00,570,Cuddalore,44.0,-16.56
2023-08-21 05:00:00,570,Cuddalore,12.0,-16.651166666666665
2023-08-23 19:00:00,570,Cuddalore,2.0,-16.739
2023-08-24 19:00:00,570,Cuddalore,11.0,-16.747833333333332
2023-08-24 20:00:00,570,Cuddalore,0.5,-16.747833333333332
2023-08-24 21:00:00,570,Cuddalore,18.0,-16.747833333333332
2023-08-24 22:00:00,570,Cuddalore,0.5,-16.720833333333335
2023-08-25 12:00:00,570,Cuddalore,3.5,-16.759
2023-08-28 03:00:00,570,Cuddalore,14.0,-16.790333333333333
2023-08-28 04:00:00,570,Cuddalore,2.0,-16.777833333333334
2023-08-28 05:00:00,570,Cuddalore,0.5,-16.777833333333334
2023-08-28 06:00:00,570,Cuddalore,0.5,-16.777833333333334
2023-08-28 07:00:00,570,Cuddalore,0.5,-16.777833333333334
2023-08-29 17:00:00,570,Cuddalore,2.0,-16.7672
2023-08-29 18:00:00,570,Cuddalore,0.5,-16.7672
2023-08-29 19:00:00,570,Cuddalore,24.5,-16.7672
2023-08-29 20:00:00,570,Cuddalore,0.5,-16.7672
2023-08-29 21:00:00,570,Cuddalore,0.5,-16.7672
2023-08-30 23:00:00,570,Cuddalore,6.5,-16.7628
2023-08-31 01:00:00,570,Cuddalore,39.0,-16.7628
2023-08-31 02:00:00,570,Cuddalore,20.5,-16.7628
2023-08-31 18:00:00,570,Cuddalore,2.0,-16.7338
2023-08-31 19:00:00,570,Cuddalore,0.5,-16.7338
2023-09-01 08:00:00,570,Cuddalore,0.5,-16.682
2023-09-01 20:00:00,570,Cuddalore,13.0,-16.6964
2023-09-01 21:00:00,570,Cuddalore,9.0,-16.6964
2023-09-02 01:00:00,570,Cuddalore,9.0,-16.6774
2023-09-02 02:00:00,570,Cuddalore,19.0,-16.6774
2023-09-02 06:00:00,570,Cuddalore,0.5,-18.143
2023-09-03 15:00:00,570,Cuddalore,0.5,-16.6292
2023-09-04 22:00:00,570,Cuddalore,2.25,-16.5994
2023-09-04 23:00:00,570,Cuddalore,3.5,-16.5994
2023-09-05 05:00:00,570,Cuddalore,0.5,-16.6126
2023-09-05 23:00:00,570,Cuddalore,4.0,-16.5232
2023-09-06 01:00:00,570,Cuddalore,0.5,-16.5232
2023-09-06 16:00:00,570,Cuddalore,0.5,-16.549
2023-09-07 18:00:00,570,Cuddalore,0.5,-16.549
2023-09-07 19:00:00,570,Cuddalore,0.5,-16.549
2023-09-07 20:00:00,570,Cuddalore,1.5,-16.549
2023-09-07 21:00:00,570,Cuddalore,0.5,-16.549
2023-09-07 22:00:00,570,Cuddalore,0.5,-16.5644
2023-09-09 21:00:00,570,Cuddalore,4.0,-16.6642
2023-09-11 23:00:00,570,Cuddalore,7.5,-16.721600000000002
2023-09-12 22:00:00,570,Cuddalore,10.0,-16.7368
2023-09-12 23:00:00,570,Cuddalore,2.6666666666666665,-16.7368
2023-09-13 00:00:00,570,Cuddalore,1.25,-16.7368
2023-09-13 01:00:00,570,Cuddalore,1.0,-16.7368
2023-09-13 02:00:00,570,Cuddalore,0.5,-16.7368
2023-09-13 03:00:00,570,Cuddalore,0.5,-16.7368
2023-09-16 21:00:00,570,Cuddalore,0.5,-16.776
2023-09-17 01:00:00,570,Cuddalore,1.0,-16.7556
2023-09-17 02:00:00,570,Cuddalore,2.0,-16.7556
2023-09-17 03:00:00,570,Cuddalore,3.0,-16.7556
2023-09-17 19:00:00,570,Cuddalore,1.5,-16.758599999999998
2023-09-17 22:00:00,570,Cuddalore,14.0,-16.7494
2023-09-17 23:00:00,570,Cuddalore,9.5,-16.7494
2023-09-18 00:00:00,570,Cuddalore,2.25,-16.7494
2023-09-18 01:00:00,570,Cuddalore,0.8333333333333334,-16.7494
2023-09-18 02:00:00,570,Cuddalore,1.0,-16.7494
2023-09-18 03:00:00,570,Cuddalore,0.5,-16.7494
2023-09-18 17:00:00,570,Cuddalore,3.0,-16.986166666666666
2023-09-18 23:00:00,570,Cuddalore,3.0,-16.983833333333333
2023-09-19 00:00:00,570,Cuddalore,0.5,-16.983833333333333
2023-09-23 18:00:00,570,Cuddalore,21.5,-17.192333333333334
2023-09-23 19:00:00,570,Cuddalore,8.0,-17.192333333333334
2023-09-25 17:00:00,570,Cuddalore,16.0,-17.286333333333335
2023-09-25 18:00:00,570,Cuddalore,11.5,-17.286333333333335
2023-09-25 22:00:00,570,Cuddalore,9.0,-17.263333333333332
2023-09-25 23:00:00,570,Cuddalore,2.25,-17.263333333333332
2023-09-26 00:00:00,570,Cuddalore,12.5,-17.263333333333332
2023-09-26 06:00:00,570,Cuddalore,1.5,-17.237
2023-09-26 07:00:00,570,Cuddalore,1.75,-17.237
2023-09-26 08:00:00,570,Cuddalore,0.75,-17.237
2023-09-26 09:00:00,570,Cuddalore,4.25,-17.237
2023-09-26 10:00:00,570,Cuddalore,0.5,-17.226333333333333
2023-09-27 12:40:00,570,Cuddalore,1.0,-17.197
2023-09-27 13:00:00,570,Cuddalore,1.0,-17.197
2023-09-29 16:00:00,570,Cuddalore,1.0,-17.168
2023-09-30 17:00:00,570,Cuddalore,3.0,-17.1775
2023-10-06 03:00:00,570,Cuddalore,4.0,-17.326
2023-10-06 04:00:00,570,Cuddalore,1.0,-17.320666666666668
2023-10-08 15:00:00,570,Cuddalore,0.5,-17.2865
2023-10-08 16:00:00,570,Cuddalore,4.0,-17.298833333333334
2023-10-11 15:00:00,570,Cuddalore,0.5,-17.456666666666667
2023-10-13 16:00:00,570,Cuddalore,13.5,-17.510166666666667
2023-10-16 14:00:00,570,Cuddalore,0.5,-17.577499999999997
2023-10-16 16:00:00,570,Cuddalore,13.5,-17.587
2023-10-16 18:00:00,570,Cuddalore,0.5,-17.587
2023-10-16 19:00:00,570,Cuddalore,0.5,-17.587
2023-10-16 21:00:00,570,Cuddalore,0.5,-17.587
2023-10-21 17:00:00,570,Cuddalore,0.5,-18.351
2023-10-25 03:00:00,570,Cuddalore,3.5,-17.602666666666668
2023-10-25 04:00:00,570,Cuddalore,13.5,-17.602
2023-10-25 05:00:00,570,Cuddalore,0.5,-17.602
2023-10-29 04:00:00,570,Cuddalore,0.5,-17.837833333333332
2023-10-29 06:00:00,570,Cuddalore,9.0,-17.837833333333332
2023-10-29 07:00:00,570,Cuddalore,0.5,-17.837833333333332
2023-10-29 12:00:00,570,Cuddalore,3.5,-17.862833333333334
2023-10-29 13:00:00,570,Cuddalore,3.0,-17.862833333333334
2023-10-29 14:00:00,570,Cuddalore,0.5,-17.862833333333334
2023-10-29 15:00:00,570,Cuddalore,1.0,-17.862833333333334
2023-10-29 23:00:00,570,Cuddalore,8.166666666666666,-17.846
2023-10-30 00:00:00,570,Cuddalore,5.75,-17.846
2023-10-30 01:00:00,570,Cuddalore,4.25,-17.846
2023-10-30 02:00:00,570,Cuddalore,2.6666666666666665,-17.846
2023-10-30 03:00:00,570,Cuddalore,4.0,-17.846
2023-10-30 04:00:00,570,Cuddalore,0.5,-17.820833333333333
2023-10-30 05:00:00,570,Cuddalore,0.5,-17.820833333333333
2023-10-30 06:00:00,570,Cuddalore,0.5,-17.820833333333333
2023-10-30 09:00:00,570,Cuddalore,4.0,-17.820833333333333
2023-10-30 10:00:00,570,Cuddalore,5.0,-17.820666666666668
2023-10-30 11:00:00,570,Cuddalore,1.1666666666666667,-17.820666666666668
2023-10-30 12:00:00,570,Cuddalore,1.1666666666666667,-17.820666666666668
2023-10-30 13:00:00,570,Cuddalore,0.5,-17.820666666666668
2023-10-30 14:10:00,570,Cuddalore,2.5,-17.820666666666668
2023-10-30 15:00:00,570,Cuddalore,2.5,-17.820666666666668
2023-11-01 00:00:00,570,Cuddalore,0.5,-17.653666666666666
2023-11-01 12:00:00,570,Cuddalore,0.5,-17.650333333333332
2023-11-01 14:00:00,570,Cuddalore,15.0,-17.650333333333332
2023-11-01 15:00:00,570,Cuddalore,2.0,-17.650333333333332
2023-11-01 19:00:00,570,Cuddalore,8.0,-17.623166666666666
2023-11-01 20:00:00,570,Cuddalore,1.0,-17.623166666666666
2023-11-02 02:00:00,570,Cuddalore,11.0,-17.593833333333333
2023-11-02 03:00:00,570,Cuddalore,0.5,-17.593833333333333
2023-11-02 04:00:00,570,Cuddalore,0.5,-17.568166666666666
2023-11-02 15:00:00,570,Cuddalore,2.0,-17.573
2023-11-02 21:00:00,570,Cuddalore,0.5,-17.564833333333336
2023-11-02 22:00:00,570,Cuddalore,2.25,-17.5525
2023-11-02 23:00:00,570,Cuddalore,1.5,-17.5525
2023-11-03 00:00:00,570,Cuddalore,2.833333333333333,-17.5525
2023-11-03 01:00:00,570,Cuddalore,0.5,-17.5525
2023-11-03 02:00:00,570,Cuddalore,0.5,-17.5525
2023-11-03 03:00:00,570,Cuddalore,3.25,-17.5525
2023-11-03 04:00:00,570,Cuddalore,0.75,-17.537666666666667
2023-11-03 05:00:00,570,Cuddalore,0.5,-17.537666666666667
2023-11-03 08:00:00,570,Cuddalore,0.5,-17.537666666666667
2023-11-03 11:00:00,570,Cuddalore,0.5,-15.698857142857142
2023-11-03 13:00:00,570,Cuddalore,2.6666666666666665,-15.698857142857142
2023-11-03 14:00:00,570,Cuddalore,0.5,-0.03
2023-11-03 21:00:00,570,Cuddalore,0.5,-16.40275
2023-11-03 22:00:00,570,Cuddalore,3.0,-16.331125
2023-11-03 23:00:00,570,Cuddalore,3.5,-16.331125
2023-11-04 00:00:00,570,Cuddalore,1.5,-16.331125
2023-11-04 01:00:00,570,Cuddalore,9.833333333333334,-16.331125
2023-11-04 02:00:00,570,Cuddalore,2.25,-16.331125
2023-11-04 03:00:00,570,Cuddalore,0.5,-16.331125
2023-11-04 04:00:00,570,Cuddalore,1.0,-16.22475
2023-11-04 06:00:00,570,Cuddalore,0.5,-16.22475
2023-11-04 07:00:00,570,Cuddalore,2.5,-16.22475
2023-11-04 08:00:00,570,Cuddalore,0.75,-16.22475
2023-11-04 09:00:00,570,Cuddalore,0.5,-16.22475
2023-11-04 12:00:00,570,Cuddalore,0.5,-16.2285
2023-11-04 14:00:00,570,Cuddalore,1.5,-16.2285
2023-11-04 22:00:00,570,Cuddalore,4.5,-16.09775
2023-11-05 04:00:00,570,Cuddalore,0.5,-17.387333333333334
2023-11-06 04:00:00,570,Cuddalore,19.5,-17.801
2023-11-07 00:00:00,570,Cuddalore,4.25,-18.115
2023-11-07 02:00:00,570,Cuddalore,1.25,-18.115
2023-11-07 03:00:00,570,Cuddalore,1.5,-18.115
2023-11-07 07:00:00,570,Cuddalore,0.5,-14.76477777777778
2023-11-07 08:00:00,570,Cuddalore,0.5,-14.76477777777778
2023-11-07 09:00:00,570,Cuddalore,0.5,-16.385
2023-11-07 10:00:00,570,Cuddalore,0.5,-16.385
2023-11-07 11:00:00,570,Cuddalore,0.5,-16.385
2023-11-07 12:00:00,570,Cuddalore,0.5,-14.78022222222222
2023-11-07 13:00:00,570,Cuddalore,0.75,-14.78022222222222
2023-11-07 14:00:00,570,Cuddalore,0.5,-14.78022222222222
2023-11-07 20:00:00,570,Cuddalore,5.75,-14.668
2023-11-07 23:00:00,570,Cuddalore,10.0,-14.60388888888889
2023-11-08 00:00:00,570,Cuddalore,13.0,-14.60388888888889
2023-11-08 01:00:00,570,Cuddalore,4.0,-14.60388888888889
2023-11-08 02:00:00,570,Cuddalore,0.875,-14.60388888888889
2023-11-08 03:00:00,570,Cuddalore,1.25,-14.60388888888889
2023-11-08 04:00:00,570,Cuddalore,0.5,-14.515
2023-11-08 05:00:00,570,Cuddalore,0.75,-14.515
2023-11-08 06:00:00,570,Cuddalore,0.5,-14.515
2023-11-08 07:00:00,570,Cuddalore,0.5,-14.515
2023-11-08 08:00:00,570,Cuddalore,0.5,-14.515
2023-11-08 09:00:00,570,Cuddalore,0.5,-14.515
2023-11-08 10:00:00,570,Cuddalore,0.5,-14.71211111111111
2023-11-08 11:00:00,570,Cuddalore,0.5,-14.71211111111111
2023-11-08 12:00:00,570,Cuddalore,0.5,-14.71211111111111
2023-11-08 13:00:00,570,Cuddalore,10.5,-14.71211111111111
2023-11-08 14:00:00,570,Cuddalore,7.5,-14.71211111111111
2023-11-08 15:00:00,570,Cuddalore,0.5,-14.71211111111111
2023-11-08 16:00:00,570,Cuddalore,1.0,-14.591111111111111
2023-11-08 18:00:00,570,Cuddalore,8.0,-14.591111111111111
2023-11-08 21:00:00,570,Cuddalore,5.5,-14.591111111111111
2023-11-08 22:00:00,570,Cuddalore,23.0,-14.503333333333334
2023-11-08 23:00:00,570,Cuddalore,8.0,-14.503333333333334
2023-11-09 00:00:00,570,Cuddalore,296.5,-14.503333333333334
2023-11-09 01:00:00,570,Cuddalore,16.166666666666668,-14.503333333333334
2023-11-09 02:00:00,570,Cuddalore,95.0,-14.503333333333334
2023-11-09 03:00:00,570,Cuddalore,110.5,-14.503333333333334
2023-11-09 04:00:00,570,Cuddalore,98.16666666666669,-14.405444444444443
2023-11-09 05:00:00,570,Cuddalore,469.0,-14.405444444444443
2023-11-09 06:00:00,570,Cuddalore,113.0,-14.405444444444443
2023-11-09 07:00:00,570,Cuddalore,8.25,-14.405444444444443
2023-11-09 08:00:00,570,Cuddalore,73.5,-14.405444444444443
2023-11-09 09:00:00,570,Cuddalore,81.5,-14.405444444444443
2023-11-09 10:00:00,570,Cuddalore,25.75,-14.500777777777778
2023-11-09 11:00:00,570,Cuddalore,10.5,-14.500777777777778
2023-11-09 12:00:00,570,Cuddalore,0.5,-14.500777777777778
2023-11-09 13:00:00,570,Cuddalore,3.0,-14.500777777777778
2023-11-09 14:00:00,570,Cuddalore,1.0,-14.500777777777778
2023-11-09 15:00:00,570,Cuddalore,4.5,-14.500777777777778
2023-11-09 17:00:00,570,Cuddalore,0.5,-14.452888888888888
2023-11-09 18:00:00,570,Cuddalore,56.5,-14.452888888888888
2023-11-09 19:00:00,570,Cuddalore,6.0,-14.452888888888888
2023-11-09 20:00:00,570,Cuddalore,3.0,-14.452888888888888
2023-11-09 21:00:00,570,Cuddalore,28.0,-14.452888888888888
2023-11-09 23:00:00,570,Cuddalore,15.0,-14.398666666666664
2023-11-10 00:00:00,570,Cuddalore,5.5,-14.398666666666664
2023-11-10 01:00:00,570,Cuddalore,0.5,-14.398666666666664
2023-11-10 02:00:00,570,Cuddalore,1.0,-14.398666666666664
2023-11-10 03:00:00,570,Cuddalore,4.0,-14.398666666666664
2023-11-10 04:00:00,570,Cuddalore,0.5,-14.310333333333334
2023-11-10 07:00:00,570,Cuddalore,5.0,-14.310333333333334
2023-11-10 08:00:00,570,Cuddalore,3.5,-14.310333333333334
2023-11-10 09:00:00,570,Cuddalore,0.5,-14.310333333333334
2023-11-10 11:00:00,570,Cuddalore,31.75,-14.400222222222222
2023-11-10 12:00:00,570,Cuddalore,28.0,-14.400222222222222
2023-11-10 13:00:00,570,Cuddalore,0.5,-14.400222222222222
2023-11-10 16:00:00,570,Cuddalore,1.0,-14.326666666666666
2023-11-10 19:00:00,570,Cuddalore,0.5,-14.326666666666666
2023-11-10 22:00:00,570,Cuddalore,0.5,-14.261555555555557
2023-11-10 23:00:00,570,Cuddalore,0.5,-14.261555555555557
2023-11-11 00:00:00,570,Cuddalore,0.5,-14.261555555555557
2023-11-11 02:00:00,570,Cuddalore,1.6666666666666667,-14.261555555555557
2023-11-11 03:00:00,570,Cuddalore,0.5,-14.261555555555557
2023-11-11 04:00:00,570,Cuddalore,1.0,-14.183444444444444
2023-11-11 07:00:00,570,Cuddalore,0.5,-14.183444444444444
2023-11-11 10:00:00,570,Cuddalore,11.5,-14.236555555555556
2023-11-11 11:00:00,570,Cuddalore,7.5,-14.236555555555556
2023-11-11 18:00:00,570,Cuddalore,10.0,-14.216
2023-11-11 19:00:00,570,Cuddalore,97.5,-14.216
2023-11-11 20:00:00,570,Cuddalore,128.0,-14.216
2023-11-11 21:00:00,570,Cuddalore,87.5,-14.216
2023-11-11 22:00:00,570,Cuddalore,38.0,-14.181333333333336
2023-11-11 23:00:00,570,Cuddalore,32.0,-14.181333333333336
2023-11-12 00:00:00,570,Cuddalore,17.5,-14.181333333333336
2023-11-12 01:00:00,570,Cuddalore,1.0,-14.181333333333336
2023-11-12 02:00:00,570,Cuddalore,0.5,-14.181333333333336
2023-11-12 03:00:00,570,Cuddalore,6.0,-14.181333333333336
2023-11-12 04:00:00,570,Cuddalore,2.5,-14.113777777777775
2023-11-12 05:00:00,570,Cuddalore,1.0,-14.113777777777775
2023-11-12 06:00:00,570,Cuddalore,32.0,-14.113777777777775
2023-11-12 07:00:00,570,Cuddalore,10.0,-14.113777777777775
2023-11-12 08:00:00,570,Cuddalore,26.5,-14.113777777777775
2023-11-12 09:00:00,570,Cuddalore,5.5,-14.113777777777775
2023-11-12 10:00:00,570,Cuddalore,13.5,-14.272555555555556
2023-11-12 11:00:00,570,Cuddalore,9.5,-14.272555555555556
2023-11-12 12:00:00,570,Cuddalore,23.0,-14.272555555555556
2023-11-12 13:00:00,570,Cuddalore,66.0,-14.272555555555556
2023-11-12 14:00:00,570,Cuddalore,127.0,-14.272555555555556
2023-11-12 15:00:00,570,Cuddalore,37.0,-14.272555555555556
2023-11-12 16:00:00,570,Cuddalore,32.0,-14.372777777777776
2023-11-12 17:00:00,570,Cuddalore,32.0,-14.372777777777776
2023-11-12 18:00:00,570,Cuddalore,15.0,-14.372777777777776
2023-11-12 19:00:00,570,Cuddalore,28.0,-14.372777777777776
2023-11-12 20:00:00,570,Cuddalore,13.5,-14.372777777777776
2023-11-12 21:00:00,570,Cuddalore,27.0,-14.372777777777776
2023-11-12 22:00:00,570,Cuddalore,32.5,-14.44277777777778
2023-11-12 23:00:00,570,Cuddalore,8.0,-14.44277777777778
2023-11-13 00:00:00,570,Cuddalore,18.0,-14.44277777777778
2023-11-13 01:00:00,570,Cuddalore,32.5,-14.44277777777778
2023-11-13 02:00:00,570,Cuddalore,94.0,-14.44277777777778
2023-11-13 03:00:00,570,Cuddalore,34.0,-14.44277777777778
2023-11-13 15:00:00,570,Cuddalore,4.5,-16.075125
2023-11-13 16:00:00,570,Cuddalore,1.5,-15.966625
2023-11-13 17:00:00,570,Cuddalore,1.0,-15.966625
2023-11-13 18:00:00,570,Cuddalore,1.0,-15.966625
2023-11-13 19:00:00,570,Cuddalore,0.5,-15.966625
2023-11-13 20:00:00,570,Cuddalore,1.75,-15.966625
2023-11-13 21:00:00,570,Cuddalore,0.5,-15.966625
2023-11-13 22:00:00,570,Cuddalore,12.0,-14.30488888888889
2023-11-13 23:00:00,570,Cuddalore,2.0,-14.30488888888889
2023-11-14 00:00:00,570,Cuddalore,3.5,-14.30488888888889
2023-11-14 01:00:00,570,Cuddalore,6.666666666666667,-14.30488888888889
2023-11-14 02:00:00,570,Cuddalore,12.625,-14.30488888888889
2023-11-14 03:00:00,570,Cuddalore,4.0,-14.30488888888889
2023-11-14 04:00:00,570,Cuddalore,6.625,-14.160111111111112
2023-11-14 05:00:00,570,Cuddalore,3.125,-14.160111111111112
2023-11-14 06:00:00,570,Cuddalore,6.625,-14.160111111111112
2023-11-14 07:00:00,570,Cuddalore,4.375,-14.160111111111112
2023-11-14 08:00:00,570,Cuddalore,4.25,-14.160111111111112
2023-11-14 09:00:00,570,Cuddalore,4.25,-14.160111111111112
2023-11-14 10:00:00,570,Cuddalore,2.333333333333333,-14.09688888888889
2023-11-14 11:00:00,570,Cuddalore,8.5,-14.09688888888889
2023-11-14 12:00:00,570,Cuddalore,2.833333333333333,-14.09688888888889
2023-11-14 13:00:00,570,Cuddalore,126.0,-14.09688888888889
2023-11-14 14:00:00,570,Cuddalore,13.833333333333334,-14.09688888888889
2023-11-14 15:00:00,570,Cuddalore,15.5,-14.09688888888889
2023-11-14 16:00:00,570,Cuddalore,2.833333333333333,-14.034222222222224
2023-11-14 17:00:00,570,Cuddalore,3.0,-14.034222222222224
2023-11-14 18:00:00,570,Cuddalore,4.5,-14.034222222222224
2023-11-14 19:00:00,570,Cuddalore,2.5,-14.034222222222224
2023-11-14 20:00:00,570,Cuddalore,32.0,-14.034222222222224
2023-11-14 21:00:00,570,Cuddalore,35.25,-14.034222222222224
2023-11-14 22:00:00,570,Cuddalore,2.0,-13.949666666666666
2023-11-14 23:00:00,570,Cuddalore,152.25,-13.949666666666666
2023-11-15 00:00:00,570,Cuddalore,4.0,-13.949666666666666
2023-11-15 01:00:00,570,Cuddalore,4.5,-13.949666666666666
2023-11-15 02:00:00,570,Cuddalore,4.0,-13.949666666666666
2023-11-15 03:00:00,570,Cuddalore,5.0,-13.949666666666666
2023-11-15 04:00:00,570,Cuddalore,4.5,-13.869
2023-11-15 05:00:00,570,Cuddalore,4.5,-13.869
2023-11-15 06:00:00,570,Cuddalore,4.5,-13.869
2023-11-15 07:00:00,570,Cuddalore,3.5,-13.869
2023-11-15 08:00:00,570,Cuddalore,3.5,-13.869
2023-11-15 09:00:00,570,Cuddalore,3.0,-13.869
2023-11-15 10:00:00,570,Cuddalore,2.5,-13.851888888888888
2023-11-15 11:00:00,570,Cuddalore,1.5,-13.851888888888888
2023-11-15 12:00:00,570,Cuddalore,1.0,-13.851888888888888
2023-11-15 15:00:00,570,Cuddalore,0.5,-13.851888888888888
2023-11-15 16:00:00,570,Cuddalore,0.5,-13.822555555555557
2023-11-16 17:00:00,570,Cuddalore,5.0,-13.806222222222225
2023-11-16 18:00:00,570,Cuddalore,0.5,-13.806222222222225
2023-11-17 16:00:00,570,Cuddalore,0.5,-13.760333333333334
2023-11-18 00:00:00,570,Cuddalore,1.0,-13.717222222222222
2023-11-18 01:00:00,570,Cuddalore,1.0,-13.717222222222222
2023-11-18 02:00:00,570,Cuddalore,0.75,-13.717222222222222
2023-11-18 03:00:00,570,Cuddalore,0.5,-13.717222222222222
2023-11-18 06:00:00,570,Cuddalore,0.5,-13.651111111111112
2023-11-18 13:00:00,570,Cuddalore,0.5,-13.713111111111113
2023-11-18 16:00:00,570,Cuddalore,23.0,-13.78077777777778
2023-11-18 17:00:00,570,Cuddalore,9.5,-13.78077777777778
2023-11-19 02:00:00,570,Cuddalore,3.0,-13.768444444444444
2023-11-19 03:00:00,570,Cuddalore,2.0,-13.768444444444444
2023-11-19 04:00:00,570,Cuddalore,0.5,-13.724222222222222
2023-11-19 11:00:00,570,Cuddalore,4.0,-13.782
2023-11-20 18:00:00,570,Cuddalore,15.5,-15.192
2023-11-21 09:00:00,570,Cuddalore,0.5,-13.550777777777776
2023-11-21 19:00:00,570,Cuddalore,4.0,-13.598555555555556
2023-11-21 20:00:00,570,Cuddalore,1.5,-13.598555555555556
2023-11-22 00:00:00,570,Cuddalore,11.0,-13.550444444444445
2023-11-22 01:00:00,570,Cuddalore,1.5,-13.550444444444445
2023-11-22 02:00:00,570,Cuddalore,17.0,-13.550444444444445
2023-11-22 03:00:00,570,Cuddalore,24.0,-13.550444444444445
2023-11-22 04:00:00,570,Cuddalore,8.0,-13.481666666666666
2023-11-22 05:00:00,570,Cuddalore,1.8333333333333333,-13.481666666666666
2023-11-22 06:00:00,570,Cuddalore,1.0,-13.481666666666666
2023-11-22 07:00:00,570,Cuddalore,1.5,-13.481666666666666
2023-11-22 08:00:00,570,Cuddalore,1.8333333333333333,-13.481666666666666
2023-11-22 10:00:00,570,Cuddalore,2.25,-13.485666666666669
2023-11-22 11:00:00,570,Cuddalore,0.5,-13.485666666666669
2023-11-22 12:00:00,570,Cuddalore,2.25,-13.485666666666669
2023-11-22 13:00:00,570,Cuddalore,5.166666666666667,-13.485666666666669
2023-11-22 14:00:00,570,Cuddalore,5.125,-13.485666666666669
2023-11-22 15:00:00,570,Cuddalore,0.5,-13.485666666666669
2023-11-22 23:00:00,570,Cuddalore,1.0,-13.402
2023-11-23 00:00:00,570,Cuddalore,0.5,-13.402
2023-11-23 10:00:00,570,Cuddalore,0.5,-13.384333333333332
2023-11-23 19:00:00,570,Cuddalore,10.0,-13.371444444444442
2023-11-24 11:00:00,570,Cuddalore,2.5,-13.496111111111112
2023-11-24 12:00:00,570,Cuddalore,0.5,-13.496111111111112
2023-11-24 14:00:00,570,Cuddalore,0.5,-13.496111111111112
2023-11-24 16:00:00,570,Cuddalore,1.5,-13.456333333333331
2023-11-24 17:00:00,570,Cuddalore,0.5,-13.456333333333331
2023-11-24 20:00:00,570,Cuddalore,3.0,-13.456333333333331
2023-11-25 01:00:00,570,Cuddalore,2.0,-13.412888888888888
2023-11-25 02:00:00,570,Cuddalore,1.5,-13.412888888888888
2023-11-25 03:00:00,570,Cuddalore,3.25,-13.412888888888888
2023-11-25 04:00:00,570,Cuddalore,12.0,-13.322444444444445
2023-11-25 05:00:00,570,Cuddalore,8.0,-13.322444444444445
2023-11-25 06:00:00,570,Cuddalore,3.5,-13.322444444444445
2023-11-25 14:00:00,570,Cuddalore,0.5,-13.330555555555556
2023-11-25 15:00:00,570,Cuddalore,1.1666666666666667,-13.330555555555556
2023-11-25 16:00:00,570,Cuddalore,0.5,-13.279222222222224
2023-11-25 17:00:00,570,Cuddalore,1.5,-13.279222222222224
2023-11-25 19:00:00,570,Cuddalore,1.5,-13.279222222222224
2023-11-25 20:00:00,570,Cuddalore,22.5,-13.279222222222224
2023-11-25 21:00:00,570,Cuddalore,18.75,-13.279222222222224
2023-11-25 22:00:00,570,Cuddalore,13.166666666666666,-13.176777777777778
2023-11-25 23:00:00,570,Cuddalore,14.625,-13.176777777777778
2023-11-26 00:00:00,570,Cuddalore,11.666666666666666,-13.176777777777778
2023-11-26 01:00:00,570,Cuddalore,9.166666666666666,-13.176777777777778
2023-11-26 02:00:00,570,Cuddalore,12.0,-13.176777777777778
2023-11-26 03:00:00,570,Cuddalore,4.75,-13.176777777777778
2023-11-26 04:00:00,570,Cuddalore,3.333333333333333,-13.098444444444446
2023-11-26 05:00:00,570,Cuddalore,0.5,-13.098444444444446
2023-11-26 06:00:00,570,Cuddalore,1.5,-13.098444444444446
2023-11-26 07:00:00,570,Cuddalore,0.5,-13.098444444444446
2023-11-26 11:00:00,570,Cuddalore,0.5,-13.11
2023-11-26 13:00:00,570,Cuddalore,0.75,-13.11
2023-11-26 14:00:00,570,Cuddalore,4.25,-13.11
2023-11-26 15:00:00,570,Cuddalore,1.0,-13.11
2023-11-26 20:00:00,570,Cuddalore,0.5,-13.044444444444444
2023-11-26 22:00:00,570,Cuddalore,0.75,-13.00422222222222
2023-11-26 23:00:00,570,Cuddalore,2.0,-13.00422222222222
2023-11-27 00:00:00,570,Cuddalore,0.5,-13.00422222222222
2023-11-27 01:00:00,570,Cuddalore,5.5,-13.00422222222222
2023-11-27 02:00:00,570,Cuddalore,0.5,-13.00422222222222
2023-11-27 08:00:00,570,Cuddalore,0.5,-12.947222222222225
2023-11-28 04:00:00,570,Cuddalore,1.25,-12.829444444444444
2023-11-28 05:00:00,570,Cuddalore,17.0,-12.829444444444444
2023-11-28 06:00:00,570,Cuddalore,21.0,-12.829444444444444
2023-11-28 07:00:00,570,Cuddalore,3.333333333333333,-12.829444444444444
2023-11-28 08:00:00,570,Cuddalore,1.8333333333333333,-12.829444444444444
2023-11-28 09:00:00,570,Cuddalore,7.75,-12.829444444444444
2023-11-28 10:00:00,570,Cuddalore,3.75,-12.850111111111111
2023-11-28 11:00:00,570,Cuddalore,1.5,-12.850111111111111
2023-11-28 12:00:00,570,Cuddalore,1.0,-12.850111111111111
2023-11-28 18:00:00,570,Cuddalore,5.0,-12.815333333333337
2023-11-28 20:00:00,570,Cuddalore,0.5,-12.815333333333337
2023-11-28 21:00:00,570,Cuddalore,1.0,-12.815333333333337
2023-11-28 23:00:00,570,Cuddalore,4.0,-12.762
2023-11-29 00:00:00,570,Cuddalore,7.0,-12.762
2023-11-29 02:00:00,570,Cuddalore,0.5,-12.762
2023-11-29 03:00:00,570,Cuddalore,1.75,-12.762
2023-11-29 04:00:00,570,Cuddalore,0.5,-12.712333333333332
2023-11-29 06:00:00,570,Cuddalore,0.5,-12.712333333333332
2023-11-29 10:00:00,570,Cuddalore,0.5,-12.772333333333334
2023-11-29 11:00:00,570,Cuddalore,0.5,-12.772333333333334
2023-11-29 15:00:00,570,Cuddalore,2.1666666666666665,-12.772333333333334
2023-11-29 16:00:00,570,Cuddalore,1.5,-12.730777777777778
2023-11-29 17:00:00,570,Cuddalore,1.0,-12.730777777777778
2023-11-29 19:00:00,570,Cuddalore,4.5,-12.730777777777778
2023-11-29 20:00:00,570,Cuddalore,4.0,-12.730777777777778
2023-11-29 21:00:00,570,Cuddalore,1.5,-12.730777777777778
2023-11-29 22:00:00,570,Cuddalore,0.6666666666666666,-12.667222222222222
2023-11-29 23:00:00,570,Cuddalore,0.5,-12.667222222222222
2023-11-30 07:00:00,570,Cuddalore,1.5,-12.608666666666666
2023-11-30 08:00:00,570,Cuddalore,1.75,-12.608666666666666
2023-11-30 14:00:00,570,Cuddalore,0.5,-12.615333333333332
2023-11-30 23:00:00,570,Cuddalore,2.0,-12.555
2023-12-01 15:00:00,570,Cuddalore,0.5,-12.547777777777778
2023-12-01 16:00:00,570,Cuddalore,0.5,-12.581666666666669
2023-12-01 19:00:00,570,Cuddalore,1.5,-12.581666666666669
2023-12-02 15:00:00,570,Cuddalore,1.0,-12.506555555555556
2023-12-02 16:00:00,570,Cuddalore,3.5,-12.490555555555556
2023-12-02 19:00:00,570,Cuddalore,0.5,-12.490555555555556
2023-12-02 20:00:00,570,Cuddalore,1.0,-12.490555555555556
2023-12-02 22:00:00,570,Cuddalore,0.5,-12.445
2023-12-03 00:00:00,570,Cuddalore,0.5,-12.445
2023-12-03 01:00:00,570,Cuddalore,1.5,-12.445
2023-12-03 02:00:00,570,Cuddalore,1.5,-12.445
2023-12-03 03:00:00,570,Cuddalore,0.75,-12.445
2023-12-03 04:00:00,570,Cuddalore,1.0,-12.395
2023-12-03 05:00:00,570,Cuddalore,0.5,-12.395
2023-12-03 07:00:00,570,Cuddalore,0.5,-12.395
2023-12-03 09:00:00,570,Cuddalore,0.5,-12.395
2023-12-03 11:00:00,570,Cuddalore,0.5,-12.40311111111111
2023-12-03 12:00:00,570,Cuddalore,0.6666666666666666,-12.40311111111111
2023-12-03 13:00:00,570,Cuddalore,0.5,-12.40311111111111
2023-12-03 19:00:00,570,Cuddalore,1.0,-10.626
2023-12-03 20:00:00,570,Cuddalore,1.0,-10.626
2023-12-04 02:00:00,570,Cuddalore,1.0,-10.6025
2023-12-04 03:00:00,570,Cuddalore,0.5,-10.6025
2023-12-04 04:00:00,570,Cuddalore,0.5,-13.2446
2023-12-06 06:00:00,570,Cuddalore,1.5,-15.3375
2023-12-07 16:00:00,570,Cuddalore,5.5,-15.3185
2023-12-07 17:00:00,570,Cuddalore,1.0,-15.3185
2023-12-08 04:00:00,570,Cuddalore,1.0,-15.318333333333332
2023-12-08 05:00:00,570,Cuddalore,14.5,-15.318333333333332
2023-12-08 06:00:00,570,Cuddalore,8.5,-15.318333333333332
2023-12-08 07:00:00,570,Cuddalore,1.5,-15.318333333333332
2023-12-08 09:00:00,570,Cuddalore,32.0,-15.318333333333332
2023-12-09 02:00:00,570,Cuddalore,3.5,-15.311833333333333
2023-12-09 03:00:00,570,Cuddalore,3.0,-15.311833333333333
2023-12-09 04:00:00,570,Cuddalore,1.0,-15.280833333333334
2023-12-09 23:00:00,570,Cuddalore,35.5,-15.267166666666666
2023-12-10 02:00:00,570,Cuddalore,0.5,-15.267166666666666
2023-12-11 22:00:00,570,Cuddalore,0.5,-15.175
2023-12-15 08:00:00,570,Cuddalore,0.5,-15.149333333333333
2023-12-15 09:00:00,570,Cuddalore,0.5,-15.149333333333333
2023-12-15 13:00:00,570,Cuddalore,1.5,-15.155
2023-12-15 19:00:00,570,Cuddalore,7.25,-15.149666666666668
2023-12-15 23:00:00,570,Cuddalore,0.5,-15.1225
2023-12-16 10:00:00,570,Cuddalore,1.5,-15.122333333333332
2023-12-16 11:00:00,570,Cuddalore,1.0,-15.122333333333332
2023-12-16 12:00:00,570,Cuddalore,1.0,-15.122333333333332
2023-12-16 13:00:00,570,Cuddalore,1.0,-15.122333333333332
2023-12-16 15:00:00,570,Cuddalore,0.5,-15.122333333333332
2023-12-16 16:00:00,570,Cuddalore,1.25,-15.103666666666667
2023-12-16 18:00:00,570,Cuddalore,0.5,-15.103666666666667
2023-12-16 23:00:00,570,Cuddalore,69.5,-15.082833333333332
2023-12-17 00:00:00,570,Cuddalore,149.5,-15.082833333333332
2023-12-17 01:00:00,570,Cuddalore,20.0,-15.082833333333332
2023-12-17 03:00:00,570,Cuddalore,372.5,-15.082833333333332
2023-12-17 05:00:00,570,Cuddalore,0.5,-15.0665
2023-12-17 06:00:00,570,Cuddalore,0.5,-15.0665
2023-12-17 07:00:00,570,Cuddalore,1.0,-15.0665
2023-12-17 10:00:00,570,Cuddalore,0.5,-15.065
2023-12-17 11:00:00,570,Cuddalore,6.25,-15.065
2023-12-17 13:00:00,570,Cuddalore,0.5,-15.065
2023-12-17 17:00:00,570,Cuddalore,0.5,-15.046
2023-12-17 18:00:00,570,Cuddalore,0.5,-15.046
2023-12-17 19:00:00,570,Cuddalore,1.0,-15.046
2023-12-17 21:00:00,570,Cuddalore,0.5,-15.046
2023-12-17 22:00:00,570,Cuddalore,2.0,-15.031166666666666
2023-12-18 01:00:00,570,Cuddalore,0.5,-15.031166666666666
2023-12-20 22:00:00,570,Cuddalore,7.5,-14.970166666666666
2023-12-20 23:00:00,570,Cuddalore,736.0,-14.970166666666666
2023-12-21 00:00:00,570,Cuddalore,513.0,-14.970166666666666
2023-12-22 20:00:00,570,Cuddalore,112.5,-13.046428571428573
2023-12-22 22:00:00,570,Cuddalore,1.0,-13.031142857142855
2023-12-24 23:00:00,570,Cuddalore,0.5,-12.518888888888888
2023-12-25 00:00:00,570,Cuddalore,2.0,-12.518888888888888
2023-12-25 01:00:00,570,Cuddalore,0.5,-12.518888888888888
2023-12-25 02:00:00,570,Cuddalore,0.75,-12.518888888888888
2023-12-25 03:00:00,570,Cuddalore,0.5,-12.518888888888888
2023-12-25 12:00:00,570,Cuddalore,0.5,-12.523222222222223
2023-12-29 04:00:00,570,Cuddalore,3.0,-12.710555555555556
2023-12-29 08:00:00,570,Cuddalore,0.5,-12.710555555555556
2023-12-29 10:00:00,570,Cuddalore,0.5,-12.767777777777775
2023-12-29 22:00:00,570,Cuddalore,0.5,-12.674888888888889
2023-12-30 00:00:00,570,Cuddalore,0.5,-12.674888888888889
2023-12-30 01:00:00,570,Cuddalore,2.0,-12.674888888888889
2024-01-04 00:00:00,570,Cuddalore,0.5,-13.13811111111111
2024-01-04 01:00:00,570,Cuddalore,1.0,-13.13811111111111
2024-01-04 04:00:00,570,Cuddalore,0.5,-13.071444444444444
2024-01-04 05:00:00,570,Cuddalore,1.5,-13.071444444444444
2024-01-04 06:00:00,570,Cuddalore,2.0,-13.071444444444444
2024-01-04 07:00:00,570,Cuddalore,0.5,-13.071444444444444
2024-01-04 08:00:00,570,Cuddalore,0.5,-13.071444444444444
2024-01-04 09:00:00,570,Cuddalore,0.5,-13.071444444444444
2024-01-04 13:00:00,570,Cuddalore,0.5,-13.158555555555555
2024-01-04 14:00:00,570,Cuddalore,0.5,-13.158555555555555
2024-01-04 15:00:00,570,Cuddalore,0.5,-13.158555555555555
2024-01-06 16:00:00,570,Cuddalore,0.5,-13.188444444444444
2024-01-06 18:00:00,570,Cuddalore,1.5,-13.188444444444444
2024-01-06 22:00:00,570,Cuddalore,0.5,-13.049
2024-01-06 23:00:00,570,Cuddalore,0.5,-13.049
2024-01-07 00:00:00,570,Cuddalore,2.75,-13.049
2024-01-07 02:00:00,570,Cuddalore,2.5,-13.049
2024-01-07 03:00:00,570,Cuddalore,1.1666666666666667,-13.049
2024-01-07 05:00:00,570,Cuddalore,4.5,-12.90988888888889
2024-01-07 06:00:00,570,Cuddalore,3.5,-12.90988888888889
2024-01-07 07:00:00,570,Cuddalore,2.25,-12.90988888888889
2024-01-07 08:00:00,570,Cuddalore,1.25,-12.90988888888889
2024-01-07 09:00:00,570,Cuddalore,0.5,-12.90988888888889
2024-01-07 14:00:00,570,Cuddalore,1.0,-12.864
2024-01-07 15:00:00,570,Cuddalore,1.5,-12.864
2024-01-07 16:00:00,570,Cuddalore,1.1666666666666667,-12.796666666666669
2024-01-07 17:00:00,570,Cuddalore,0.5,-12.796666666666669
2024-01-07 18:00:00,570,Cuddalore,0.5,-12.796666666666669
2024-01-07 20:00:00,570,Cuddalore,7.0,-12.796666666666669
2024-01-07 21:00:00,570,Cuddalore,4.666666666666667,-12.796666666666669
2024-01-07 22:00:00,570,Cuddalore,14.5,-12.675222222222224
2024-01-07 23:00:00,570,Cuddalore,8.833333333333334,-12.675222222222224
2024-01-08 00:00:00,570,Cuddalore,7.875,-12.675222222222224
2024-01-08 01:00:00,570,Cuddalore,6.125,-12.675222222222224
2024-01-08 02:00:00,570,Cuddalore,8.125,-12.675222222222224
2024-01-08 03:00:00,570,Cuddalore,3.8333333333333335,-12.675222222222224
2024-01-08 04:00:00,570,Cuddalore,25.5,-12.554
2024-01-08 05:00:00,570,Cuddalore,14.5,-12.554
2024-01-08 06:00:00,570,Cuddalore,9.25,-12.554
2024-01-08 07:00:00,570,Cuddalore,4.75,-12.554
2024-01-08 08:00:00,570,Cuddalore,1.0,-12.554
2024-01-08 10:00:00,570,Cuddalore,19.25,-12.494222222222223
2024-01-08 11:00:00,570,Cuddalore,1.0,-12.494222222222223
2024-01-08 12:00:00,570,Cuddalore,4.0,-12.494222222222223
2024-01-08 14:00:00,570,Cuddalore,0.5,-12.494222222222223
2024-01-09 00:00:00,570,Cuddalore,2.0,-12.32922222222222
2024-01-09 01:00:00,570,Cuddalore,0.5,-12.32922222222222
2024-01-09 02:00:00,570,Cuddalore,1.0,-12.32922222222222
2024-01-09 03:00:00,570,Cuddalore,0.5,-12.32922222222222
2024-01-09 04:00:00,570,Cuddalore,11.0,-12.252
2024-01-09 05:00:00,570,Cuddalore,1.5,-12.252
2024-01-09 07:00:00,570,Cuddalore,0.5,-12.252
2024-01-09 08:00:00,570,Cuddalore,0.5,-12.252
2024-01-09 09:00:00,570,Cuddalore,1.0,-12.252
2024-01-15 18:00:00,570,Cuddalore,0.5,-11.923111111111112
2024-01-19 09:00:00,570,Cuddalore,5.0,-11.921444444444443
2024-01-19 13:00:00,570,Cuddalore,0.5,-12.035222222222224
2024-01-19 16:00:00,570,Cuddalore,4.0,-11.976
2024-01-19 17:00:00,570,Cuddalore,0.5,-11.976
2024-01-20 10:00:00,570,Cuddalore,11.5,-11.954555555555554
2024-01-20 12:00:00,570,Cuddalore,11.0,-11.954555555555554
2024-01-20 14:00:00,570,Cuddalore,3.0,-11.954555555555554
2024-01-20 16:00:00,570,Cuddalore,0.5,-11.96888888888889
2024-01-22 02:00:00,570,Cuddalore,0.5,-12.028
2024-01-22 03:00:00,570,Cuddalore,15.0,-12.028
2024-01-22 09:00:00,570,Cuddalore,24.5,-11.998666666666669
2024-01-22 12:00:00,570,Cuddalore,1.0,-12.080222222222222
2024-01-22 14:00:00,570,Cuddalore,108.5,-12.080222222222222
2024-01-22 15:00:00,570,Cuddalore,1.0,-12.080222222222222
2024-01-22 16:00:00,570,Cuddalore,0.5,-11.959555555555555
2024-01-23 10:00:00,570,Cuddalore,0.5,-11.852666666666668
2024-01-23 16:00:00,570,Cuddalore,0.5,-11.854
2024-01-23 17:00:00,570,Cuddalore,1.0,-11.854
2024-01-23 19:00:00,570,Cuddalore,0.5,-11.854
2024-01-23 20:00:00,570,Cuddalore,1.5,-11.854
2024-01-23 23:00:00,570,Cuddalore,2.5,-11.817777777777778
2024-01-24 00:00:00,570,Cuddalore,2.5,-11.817777777777778
2024-01-24 02:00:00,570,Cuddalore,3.0,-11.817777777777778
2024-01-24 05:00:00,570,Cuddalore,3.0,-11.805333333333332
2024-01-24 10:00:00,570,Cuddalore,0.5,-11.872888888888887
2024-01-24 12:00:00,570,Cuddalore,1.0,-11.872888888888887
2024-01-24 14:00:00,570,Cuddalore,1.0,-11.872888888888887
2024-01-24 17:00:00,570,Cuddalore,2.0,-11.831666666666669
2024-01-24 18:00:00,570,Cuddalore,1.0,-11.831666666666669
2024-01-24 21:00:00,570,Cuddalore,0.5,-11.831666666666669
2024-01-24 22:00:00,570,Cuddalore,2.0,-11.795222222222222
2024-01-24 23:00:00,570,Cuddalore,0.5,-11.795222222222222
2024-01-25 00:00:00,570,Cuddalore,0.5,-11.795222222222222
2024-01-25 01:00:00,570,Cuddalore,1.0,-11.795222222222222
2024-01-25 02:00:00,570,Cuddalore,0.5,-11.795222222222222
2024-01-25 07:00:00,570,Cuddalore,0.5,-11.775444444444444
2024-01-25 08:00:00,570,Cuddalore,0.5,-11.775444444444444
2024-01-25 09:00:00,570,Cuddalore,2.5,-11.775444444444444
2024-01-27 07:00:00,570,Cuddalore,0.5,-12.02811111111111
2024-01-29 13:00:00,570,Cuddalore,6.5,-12.002333333333333
2024-01-30 19:00:00,570,Cuddalore,7.5,-11.92211111111111
2024-02-02 13:00:00,570,Cuddalore,0.5,-12.035111111111112
2024-02-04 05:00:00,570,Cuddalore,0.5,-11.857333333333331
2024-02-04 13:00:00,570,Cuddalore,3.0,-12.072777777777778
2024-05-08 07:00:00,570,Cuddalore,0.5,-16.34311111111111
2024-05-08 08:00:00,570,Cuddalore,22.5,-16.34311111111111
2024-05-08 09:00:00,570,Cuddalore,6.5,-16.34311111111111
2024-05-09 12:00:00,570,Cuddalore,6.5,-16.39911111111111
2024-05-09 15:00:00,570,Cuddalore,0.5,-16.39911111111111
2024-05-12 13:00:00,570,Cuddalore,12.5,-16.467222222222222
2024-05-12 14:00:00,570,Cuddalore,2.0,-16.467222222222222
2024-05-14 03:00:00,570,Cuddalore,0.5,-16.120111111111115
2024-05-14 11:00:00,570,Cuddalore,7.0,-16.169555555555558
2024-05-14 12:00:00,570,Cuddalore,5.5,-16.169555555555558
2024-05-14 13:00:00,570,Cuddalore,6.5,-16.169555555555558
2024-05-14 14:00:00,570,Cuddalore,2.0,-16.169555555555558
2024-05-16 02:00:00,570,Cuddalore,6.0,-16.088
2024-05-16 03:00:00,570,Cuddalore,0.5,-16.088
2024-05-16 05:00:00,570,Cuddalore,2.75,-16.052444444444447
2024-05-16 06:00:00,570,Cuddalore,1.6666666666666667,-16.052444444444447
2024-05-16 07:00:00,570,Cuddalore,2.333333333333333,-16.052444444444447
2024-05-16 08:00:00,570,Cuddalore,2.5,-16.052444444444447
2024-05-16 09:00:00,570,Cuddalore,1.6666666666666667,-16.052444444444447
2024-05-16 10:00:00,570,Cuddalore,1.0,-15.969444444444443
2024-05-17 08:00:00,570,Cuddalore,0.5,-15.61422222222222
2024-05-17 09:00:00,570,Cuddalore,0.75,-15.61422222222222
2024-05-17 13:00:00,570,Cuddalore,0.5,-15.728777777777776
2024-05-17 15:00:00,570,Cuddalore,7.0,-15.728777777777776
2024-05-17 18:00:00,570,Cuddalore,0.5,-15.69611111111111
2024-05-17 19:00:00,570,Cuddalore,0.5,-15.69611111111111
2024-05-18 13:00:00,570,Cuddalore,0.5,-15.670111111111112
2024-05-18 14:00:00,570,Cuddalore,17.0,-15.670111111111112
2024-05-18 16:00:00,570,Cuddalore,0.5,-15.704888888888888
2024-05-19 14:00:00,570,Cuddalore,0.5,-15.695222222222222
2024-05-19 18:00:00,570,Cuddalore,0.5,-15.885666666666667
2024-05-20 14:00:00,570,Cuddalore,6.0,-15.765222222222222
2024-05-20 15:00:00,570,Cuddalore,5.25,-15.765222222222222
2024-05-20 17:00:00,570,Cuddalore,0.5,-15.72577777777778
2024-05-20 18:00:00,570,Cuddalore,1.0,-15.72577777777778
2024-05-20 19:00:00,570,Cuddalore,0.5,-15.72577777777778
2024-05-20 20:00:00,570,Cuddalore,1.0,-15.72577777777778
2024-05-20 21:00:00,570,Cuddalore,0.5,-15.72577777777778
2024-05-21 00:00:00,570,Cuddalore,0.5,-15.744333333333332
2024-05-21 00:25:00,570,Cuddalore,0.5,-15.744333333333332
2024-05-21 00:30:00,570,Cuddalore,0.5,-15.744333333333332
2024-05-21 00:35:00,570,Cuddalore,0.5,-15.744333333333332
2024-05-21 00:40:00,570,Cuddalore,1.0,-15.744333333333332
2024-05-21 00:45:00,570,Cuddalore,1.0,-15.744333333333332
2024-05-21 00:50:00,570,Cuddalore,1.5,-15.744333333333332
2024-05-21 00:55:00,570,Cuddalore,1.5,-15.744333333333332
2024-05-21 01:00:00,570,Cuddalore,2.25,-15.744333333333332
2024-05-21 01:40:00,570,Cuddalore,0.5,-15.744333333333332
2024-05-21 01:45:00,570,Cuddalore,0.5,-15.744333333333332
2024-05-21 01:50:00,570,Cuddalore,0.5,-15.744333333333332
2024-05-21 01:55:00,570,Cuddalore,0.5,-15.744333333333332
2024-05-21 02:00:00,570,Cuddalore,0.8333333333333334,-15.744333333333332
2024-05-21 03:00:00,570,Cuddalore,0.5,-15.744333333333332
2024-05-21 04:00:00,570,Cuddalore,0.5,-15.705
2024-05-21 06:45:00,570,Cuddalore,0.5,-15.705
2024-05-21 06:50:00,570,Cuddalore,0.5,-15.705
2024-05-21 06:55:00,570,Cuddalore,0.5,-15.705
2024-05-21 07:00:00,570,Cuddalore,0.5,-15.705
2024-05-21 13:30:00,570,Cuddalore,0.5,-15.80888888888889
2024-05-21 13:35:00,570,Cuddalore,0.5,-15.80888888888889
2024-05-21 13:40:00,570,Cuddalore,0.5,-15.80888888888889
2024-05-21 13:45:00,570,Cuddalore,0.5,-15.80888888888889
2024-05-21 13:50:00,570,Cuddalore,0.5,-15.80888888888889
2024-05-21 13:55:00,570,Cuddalore,0.5,-15.80888888888889
2024-05-21 14:00:00,570,Cuddalore,0.5,-15.80888888888889
2024-05-21 15:10:00,570,Cuddalore,0.5,-15.76622222222222
2024-05-21 15:15:00,570,Cuddalore,0.5,-15.76622222222222
2024-05-21 15:20:00,570,Cuddalore,0.5,-15.76622222222222
2024-05-21 15:25:00,570,Cuddalore,0.5,-15.76622222222222
2024-05-21 15:30:00,570,Cuddalore,0.5,-15.76622222222222
2024-05-21 15:35:00,570,Cuddalore,0.5,-15.76622222222222
2024-05-21 15:40:00,570,Cuddalore,0.5,-15.76622222222222
2024-05-21 15:45:00,570,Cuddalore,0.5,-15.76622222222222
2024-05-21 15:50:00,570,Cuddalore,0.5,-15.76622222222222
2024-05-21 15:55:00,570,Cuddalore,0.5,-15.76622222222222
2024-05-21 16:00:00,570,Cuddalore,0.5,-15.76622222222222
2024-05-22 17:00:00,570,Cuddalore,1.5,-13.89475
2024-05-22 18:00:00,570,Cuddalore,6.5,-13.89475
2024-05-22 19:00:00,570,Cuddalore,19.0,-13.89475
2024-05-22 20:00:00,570,Cuddalore,1.0,-13.89475
2024-05-23 17:00:00,570,Cuddalore,0.5,-11.033333333333331
2024-05-23 17:05:00,570,Cuddalore,1.0,-11.033333333333331
2024-05-23 17:10:00,570,Cuddalore,1.0,-11.033333333333331
2024-05-23 17:15:00,570,Cuddalore,1.0,-11.033333333333331
2024-05-23 17:20:00,570,Cuddalore,1.0,-11.033333333333331
2024-05-23 17:25:00,570,Cuddalore,1.0,-11.033333333333331
2024-05-23 17:30:00,570,Cuddalore,1.0,-11.033333333333331
2024-05-23 17:35:00,570,Cuddalore,1.0,-11.033333333333331
2024-05-23 17:40:00,570,Cuddalore,1.0,-11.033333333333331
2024-05-23 17:45:00,570,Cuddalore,1.0,-11.033333333333331
2024-05-23 17:50:00,570,Cuddalore,1.0,-11.033333333333331
2024-05-23 17:55:00,570,Cuddalore,1.0,-11.033333333333331
2024-05-23 18:00:00,570,Cuddalore,1.0,-11.033333333333331
2024-05-23 21:00:00,570,Cuddalore,0.5,-11.033333333333331
2024-06-01 20:00:00,570,Cuddalore,5.5,-16.329444444444444
2024-06-01 20:10:00,570,Cuddalore,0.5,-16.329444444444444
2024-06-01 20:15:00,570,Cuddalore,4.0,-16.329444444444444
2024-06-01 20:20:00,570,Cuddalore,7.5,-16.329444444444444
2024-06-01 20:25:00,570,Cuddalore,10.5,-16.329444444444444
2024-06-01 20:30:00,570,Cuddalore,13.5,-16.329444444444444
2024-06-01 20:35:00,570,Cuddalore,13.5,-16.329444444444444
2024-06-01 20:40:00,570,Cuddalore,13.5,-16.329444444444444
2024-06-01 20:45:00,570,Cuddalore,13.5,-16.329444444444444
2024-06-01 20:50:00,570,Cuddalore,13.5,-16.329444444444444
2024-06-01 20:55:00,570,Cuddalore,13.5,-16.329444444444444
2024-06-01 21:00:00,570,Cuddalore,17.166666666666668,-16.329444444444444
2024-06-01 21:45:00,570,Cuddalore,0.5,-16.119444444444444
2024-06-01 21:50:00,570,Cuddalore,0.5,-16.119444444444444
2024-06-01 21:55:00,570,Cuddalore,0.5,-16.119444444444444
2024-06-01 22:00:00,570,Cuddalore,0.6666666666666666,-16.119444444444444
2024-06-02 21:00:00,570,Cuddalore,1.0,-15.904222222222224
2024-06-02 22:00:00,570,Cuddalore,0.5,-15.874888888888888
2024-06-05 18:40:00,570,Cuddalore,0.5,-15.911444444444443
2024-06-05 18:45:00,570,Cuddalore,5.5,-15.911444444444443
2024-06-05 18:50:00,570,Cuddalore,8.5,-15.911444444444443
2024-06-05 18:55:00,570,Cuddalore,9.0,-15.911444444444443
2024-06-05 19:00:00,570,Cuddalore,5.25,-15.911444444444443
2024-06-05 19:55:00,570,Cuddalore,0.5,-15.911444444444443
2024-06-05 20:00:00,570,Cuddalore,0.5,-15.911444444444443
2024-06-05 20:15:00,570,Cuddalore,3.5,-15.911444444444443
2024-06-05 20:20:00,570,Cuddalore,5.0,-15.911444444444443
2024-06-05 20:25:00,570,Cuddalore,7.0,-15.911444444444443
2024-06-05 20:30:00,570,Cuddalore,7.5,-15.911444444444443
2024-06-05 20:35:00,570,Cuddalore,15.5,-15.911444444444443
2024-06-05 20:40:00,570,Cuddalore,23.0,-15.911444444444443
2024-06-05 20:45:00,570,Cuddalore,27.5,-15.911444444444443
2024-06-05 20:50:00,570,Cuddalore,31.0,-15.911444444444443
2024-06-05 20:55:00,570,Cuddalore,33.0,-15.911444444444443
2024-06-05 21:00:00,570,Cuddalore,28.5,-15.911444444444443
2024-06-05 21:05:00,570,Cuddalore,0.5,-15.771333333333336
2024-06-05 21:10:00,570,Cuddalore,1.0,-15.771333333333336
2024-06-05 21:15:00,570,Cuddalore,1.5,-15.771333333333336
2024-06-05 21:20:00,570,Cuddalore,1.5,-15.771333333333336
2024-06-05 21:25:00,570,Cuddalore,1.5,-15.771333333333336
2024-06-05 21:30:00,570,Cuddalore,1.5,-15.771333333333336
2024-06-05 21:35:00,570,Cuddalore,2.0,-15.771333333333336
2024-06-05 21:40:00,570,Cuddalore,2.0,-15.771333333333336
2024-06-05 21:45:00,570,Cuddalore,2.0,-15.771333333333336
2024-06-05 21:50:00,570,Cuddalore,2.0,-15.771333333333336
2024-06-05 21:55:00,570,Cuddalore,2.0,-15.771333333333336
2024-06-05 22:00:00,570,Cuddalore,1.25,-15.771333333333336
2024-06-05 22:50:00,570,Cuddalore,0.5,-15.771333333333336
2024-06-05 22:55:00,570,Cuddalore,0.5,-15.771333333333336
2024-06-05 23:00:00,570,Cuddalore,1.5,-15.771333333333336
2024-06-06 00:00:00,570,Cuddalore,0.75,-15.771333333333336
2024-06-06 14:00:00,570,Cuddalore,0.5,-15.678666666666668
2024-06-06 15:00:00,570,Cuddalore,1.5,-15.678666666666668
2024-06-06 16:00:00,570,Cuddalore,2.0,-15.608111111111112
2024-06-06 16:35:00,570,Cuddalore,0.5,-15.608111111111112
2024-06-06 16:40:00,570,Cuddalore,0.5,-15.608111111111112
2024-06-06 16:45:00,570,Cuddalore,0.5,-15.608111111111112
2024-06-06 16:50:00,570,Cuddalore,0.5,-15.608111111111112
2024-06-06 16:55:00,570,Cuddalore,1.0,-15.608111111111112
2024-06-06 17:00:00,570,Cuddalore,0.75,-15.608111111111112
2024-06-06 21:45:00,570,Cuddalore,0.5,-15.503777777777778
2024-06-06 21:50:00,570,Cuddalore,1.0,-15.503777777777778
2024-06-06 21:55:00,570,Cuddalore,3.0,-15.503777777777778
2024-06-06 22:00:00,570,Cuddalore,2.25,-15.503777777777778
2024-06-06 22:10:00,570,Cuddalore,0.5,-15.503777777777778
2024-06-06 22:15:00,570,Cuddalore,0.5,-15.503777777777778
2024-06-06 22:20:00,570,Cuddalore,0.5,-15.503777777777778
2024-06-06 22:25:00,570,Cuddalore,0.5,-15.503777777777778
2024-06-06 22:30:00,570,Cuddalore,0.5,-15.503777777777778
2024-06-06 22:35:00,570,Cuddalore,0.5,-15.503777777777778
2024-06-06 22:40:00,570,Cuddalore,0.5,-15.503777777777778
2024-06-06 22:45:00,570,Cuddalore,0.5,-15.503777777777778
2024-06-06 22:50:00,570,Cuddalore,0.5,-15.503777777777778
2024-06-06 22:55:00,570,Cuddalore,0.5,-15.503777777777778
2024-06-06 23:00:00,570,Cuddalore,0.5,-15.503777777777778
2024-06-07 00:00:00,570,Cuddalore,0.5,-15.503777777777778
2024-06-07 00:20:00,570,Cuddalore,0.5,-15.503777777777778
2024-06-07 00:25:00,570,Cuddalore,0.5,-15.503777777777778
2024-06-07 00:30:00,570,Cuddalore,0.5,-15.503777777777778
2024-06-07 00:35:00,570,Cuddalore,0.5,-15.503777777777778
2024-06-07 00:40:00,570,Cuddalore,0.5,-15.503777777777778
2024-06-07 00:45:00,570,Cuddalore,0.5,-15.503777777777778
2024-06-07 00:50:00,570,Cuddalore,0.5,-15.503777777777778
2024-06-07 00:55:00,570,Cuddalore,0.5,-15.503777777777778
2024-06-07 01:00:00,570,Cuddalore,0.5,-15.503777777777778
2024-06-07 01:05:00,570,Cuddalore,0.5,-15.503777777777778
2024-06-07 01:10:00,570,Cuddalore,0.5,-15.503777777777778
2024-06-07 01:15:00,570,Cuddalore,0.5,-15.503777777777778
2024-06-07 01:20:00,570,Cuddalore,0.5,-15.503777777777778
2024-06-07 01:25:00,570,Cuddalore,0.5,-15.503777777777778
2024-06-07 01:30:00,570,Cuddalore,0.5,-15.503777777777778
2024-06-07 01:35:00,570,Cuddalore,0.5,-15.503777777777778
2024-06-07 01:40:00,570,Cuddalore,0.5,-15.503777777777778
2024-06-07 01:45:00,570,Cuddalore,0.5,-15.503777777777778
2024-06-07 01:50:00,570,Cuddalore,0.5,-15.503777777777778
2024-06-07 01:55:00,570,Cuddalore,0.5,-15.503777777777778
2024-06-07 02:00:00,570,Cuddalore,0.5,-15.503777777777778
2024-06-07 21:00:00,570,Cuddalore,5.5,-15.352222222222224
2024-06-07 22:00:00,570,Cuddalore,3.1666666666666665,-15.30888888888889
2024-06-07 23:00:00,570,Cuddalore,0.5,-15.30888888888889
2024-06-08 00:00:00,570,Cuddalore,0.5,-15.30888888888889
2024-06-08 16:05:00,570,Cuddalore,0.5,-15.244666666666667
2024-06-08 16:10:00,570,Cuddalore,2.0,-15.244666666666667
2024-06-08 16:15:00,570,Cuddalore,5.0,-15.244666666666667
2024-06-08 16:20:00,570,Cuddalore,7.0,-15.244666666666667
2024-06-08 16:25:00,570,Cuddalore,7.5,-15.244666666666667
2024-06-08 16:30:00,570,Cuddalore,7.5,-15.244666666666667
2024-06-08 16:35:00,570,Cuddalore,7.5,-15.244666666666667
2024-06-08 16:40:00,570,Cuddalore,7.5,-15.244666666666667
2024-06-08 16:45:00,570,Cuddalore,7.5,-15.244666666666667
2024-06-08 16:50:00,570,Cuddalore,7.5,-15.244666666666667
2024-06-08 16:55:00,570,Cuddalore,7.5,-15.244666666666667
2024-06-08 17:00:00,570,Cuddalore,7.5,-15.244666666666667
2024-06-11 19:00:00,570,Cuddalore,1.0,-15.667333333333334
2024-06-18 18:00:00,570,Cuddalore,11.0,-16.294555555555558
2024-06-18 19:00:00,570,Cuddalore,3.0,-16.294555555555558
2024-06-18 20:00:00,570,Cuddalore,18.5,-16.294555555555558
2024-06-18 21:00:00,570,Cuddalore,1.0,-16.294555555555558
2024-06-18 22:00:00,570,Cuddalore,0.5,-16.124777777777776
2024-06-18 23:00:00,570,Cuddalore,0.5,-16.124777777777776
2024-06-19 19:00:00,570,Cuddalore,8.0,-15.992666666666668
2024-06-19 20:00:00,570,Cuddalore,1.5,-15.992666666666668
2024-06-20 17:00:00,570,Cuddalore,14.0,-15.852
2024-06-22 18:00:00,570,Cuddalore,2.5,-16.015555555555554
2024-06-25 16:40:00,570,Cuddalore,0.5,-14.11325
2024-06-25 17:00:00,570,Cuddalore,0.5,-14.11325
2024-06-25 20:30:00,570,Cuddalore,3.5,-14.11325
2024-06-25 21:00:00,570,Cuddalore,4.25,-14.11325
2024-06-25 21:30:00,570,Cuddalore,0.5,-14.029625
2024-06-25 22:00:00,570,Cuddalore,0.75,-14.029625
2024-06-25 23:00:00,570,Cuddalore,0.5,-14.029625
2024-06-26 19:00:00,570,Cuddalore,0.5,-16.05811111111111
2024-06-30 20:00:00,570,Cuddalore,2.0,-16.403666666666666
2024-06-30 21:00:00,570,Cuddalore,0.5,-16.403666666666666
2024-07-03 18:30:00,570,Cuddalore,0.5,-16.36622222222222
2024-07-03 19:00:00,570,Cuddalore,6.5,-16.36622222222222
2024-07-04 20:00:00,570,Cuddalore,1.5,-11.733333333333334
2024-07-05 16:00:00,570,Cuddalore,13.0,-16.435555555555553
2024-07-05 17:00:00,570,Cuddalore,0.5,-16.435555555555553
2024-07-05 21:00:00,570,Cuddalore,1.0,-16.435555555555553
2024-07-05 21:30:00,570,Cuddalore,0.5,-16.351333333333333
2024-07-05 22:00:00,570,Cuddalore,0.5,-16.351333333333333
2024-07-05 22:30:00,570,Cuddalore,0.5,-16.351333333333333
2024-07-05 23:00:00,570,Cuddalore,1.0,-16.351333333333333
2024-07-05 23:30:00,570,Cuddalore,0.5,-16.351333333333333
2024-07-06 00:00:00,570,Cuddalore,0.5,-16.351333333333333
2024-07-06 01:00:00,570,Cuddalore,0.5,-16.351333333333333
2024-07-06 02:30:00,570,Cuddalore,0.5,-16.351333333333333
2024-07-06 03:00:00,570,Cuddalore,0.5,-16.351333333333333
2024-07-06 05:30:00,570,Cuddalore,0.5,-16.35066666666667
2024-07-06 06:00:00,570,Cuddalore,0.5,-16.35066666666667
2024-07-09 19:00:00,570,Cuddalore,0.5,-16.736777777777778
2024-07-09 20:00:00,570,Cuddalore,0.5,-16.736777777777778
2024-07-12 17:00:00,570,Cuddalore,3.5,-17.629625
2024-07-12 18:00:00,570,Cuddalore,3.75,-17.629625
2024-07-12 19:00:00,570,Cuddalore,28.5,-17.629625
2024-07-12 20:00:00,570,Cuddalore,20.5,-17.629625
2024-07-12 20:30:00,570,Cuddalore,16.5,-17.629625
2024-07-12 21:00:00,570,Cuddalore,7.25,-17.629625
2024-07-12 21:30:00,570,Cuddalore,0.5,-17.3825
2024-07-12 22:00:00,570,Cuddalore,0.8333333333333334,-17.3825
2024-07-12 23:00:00,570,Cuddalore,2.25,-17.3825
2024-07-12 23:30:00,570,Cuddalore,1.5,-17.3825
2024-07-13 00:00:00,570,Cuddalore,1.6666666666666667,-17.3825
2024-07-13 01:00:00,570,Cuddalore,0.6666666666666666,-17.3825
2024-07-13 04:00:00,570,Cuddalore,0.5,-17.150875
2024-07-15 05:00:00,570,Cuddalore,0.5,-16.893625
2024-07-15 20:00:00,570,Cuddalore,0.5,-16.931
2024-07-16 00:00:00,570,Cuddalore,0.5,-16.88475
2024-07-16 03:00:00,570,Cuddalore,0.5,-16.88475
2024-07-16 04:00:00,570,Cuddalore,0.5,-16.814375000000002
2024-07-16 05:00:00,570,Cuddalore,0.5,-16.814375000000002
2024-07-16 06:00:00,570,Cuddalore,0.5,-16.814375000000002
2024-07-16 08:00:00,570,Cuddalore,0.5,-16.814375000000002
2024-07-16 09:00:00,570,Cuddalore,0.5,-16.814375000000002
2024-07-16 10:00:00,570,Cuddalore,0.5,-16.856125
2024-07-16 11:00:00,570,Cuddalore,0.5,-16.856125
2024-07-17 01:30:00,570,Cuddalore,0.5,-16.791375000000002
2024-07-17 02:00:00,570,Cuddalore,0.5,-16.791375000000002
2024-07-17 06:00:00,570,Cuddalore,0.5,-16.711375
2024-07-17 18:00:00,570,Cuddalore,0.5,-16.8985
2024-07-18 09:00:00,570,Cuddalore,0.5,-16.59325
2024-07-18 17:30:00,570,Cuddalore,0.5,-16.62775
2024-07-18 18:00:00,570,Cuddalore,1.0,-16.62775
2024-07-18 19:00:00,570,Cuddalore,0.5,-16.62775
2024-07-18 20:00:00,570,Cuddalore,0.5,-16.62775
2024-07-25 17:30:00,570,Cuddalore,1.5,-17.420749999999998
2024-07-25 18:00:00,570,Cuddalore,5.333333333333333,-17.420749999999998
2024-07-25 19:00:00,570,Cuddalore,0.5,-17.420749999999998
2024-07-31 16:00:00,570,Cuddalore,0.5,-17.496
2024-07-31 23:00:00,570,Cuddalore,0.5,-17.42775
2024-08-01 19:00:00,570,Cuddalore,1.0,-17.443749999999998
2024-08-01 21:00:00,570,Cuddalore,3.0,-17.443749999999998
2024-08-01 22:00:00,570,Cuddalore,10.75,-17.38075
2024-08-01 23:00:00,570,Cuddalore,0.5,-17.38075
2024-08-04 15:30:00,570,Cuddalore,3.0,-16.451555555555554
2024-08-04 16:00:00,570,Cuddalore,2.75,-16.451555555555554
2024-08-04 17:00:00,570,Cuddalore,2.5,-16.451555555555554
2024-08-04 20:00:00,570,Cuddalore,3.5,-16.451555555555554
2024-08-04 21:00:00,570,Cuddalore,3.0,-16.451555555555554
2024-08-04 22:00:00,570,Cuddalore,1.5,-16.31088888888889
2024-08-04 23:00:00,570,Cuddalore,1.0,-16.31088888888889
2024-08-04 23:30:00,570,Cuddalore,0.5,-16.31088888888889
2024-08-05 00:00:00,570,Cuddalore,5.0,-16.31088888888889
2024-08-05 00:30:00,570,Cuddalore,8.0,-16.31088888888889
2024-08-05 01:00:00,570,Cuddalore,8.0,-16.31088888888889
2024-08-05 01:30:00,570,Cuddalore,4.5,-16.31088888888889
2024-08-05 02:00:00,570,Cuddalore,2.833333333333333,-16.31088888888889
2024-08-05 03:00:00,570,Cuddalore,5.0,-16.31088888888889
2024-08-05 04:00:00,570,Cuddalore,0.5,-16.182333333333332
2024-08-05 05:00:00,570,Cuddalore,0.5,-16.182333333333332
2024-08-05 06:00:00,570,Cuddalore,0.6666666666666666,-16.182333333333332
2024-08-05 07:00:00,570,Cuddalore,1.0,-16.182333333333332
2024-08-06 03:00:00,570,Cuddalore,0.5,-16.215111111111113
2024-08-06 21:00:00,570,Cuddalore,11.5,-16.094111111111108
2024-08-06 22:00:00,570,Cuddalore,20.0,-15.962777777777776
2024-08-06 23:00:00,570,Cuddalore,6.0,-15.962777777777776
2024-08-06 23:30:00,570,Cuddalore,2.0,-15.962777777777776
2024-08-07 00:00:00,570,Cuddalore,0.5,-15.962777777777776
2024-08-07 00:30:00,570,Cuddalore,0.5,-15.962777777777776
2024-08-07 01:00:00,570,Cuddalore,0.5,-15.962777777777776
2024-08-07 23:00:00,570,Cuddalore,6.0,-15.941333333333334
2024-08-08 00:00:00,570,Cuddalore,1.25,-15.941333333333334
2024-08-08 01:00:00,570,Cuddalore,1.0,-15.941333333333334
2024-08-08 02:00:00,570,Cuddalore,0.5,-15.941333333333334
2024-08-08 18:00:00,570,Cuddalore,26.0,-15.934111111111111
2024-08-08 21:00:00,570,Cuddalore,33.0,-15.934111111111111
2024-08-08 22:00:00,570,Cuddalore,5.25,-15.78022222222222
2024-08-08 23:00:00,570,Cuddalore,5.0,-15.78022222222222
2024-08-09 00:00:00,570,Cuddalore,1.8333333333333333,-15.78022222222222
2024-08-09 01:00:00,570,Cuddalore,2.25,-15.78022222222222
2024-08-09 03:00:00,570,Cuddalore,1.5,-15.78022222222222
2024-08-09 04:00:00,570,Cuddalore,0.5,-17.12475
2024-08-09 05:00:00,570,Cuddalore,0.5,-17.12475
2024-08-09 10:00:00,570,Cuddalore,1.0,-17.114250000000002
2024-08-09 11:00:00,570,Cuddalore,0.5,-17.114250000000002
2024-08-09 12:00:00,570,Cuddalore,0.5,-17.114250000000002
2024-08-09 19:00:00,570,Cuddalore,0.5,-15.616666666666667
2024-08-09 21:00:00,570,Cuddalore,1.5,-15.616666666666667
2024-08-09 22:00:00,570,Cuddalore,6.0,-15.57311111111111
2024-08-09 22:30:00,570,Cuddalore,1.0,-15.57311111111111
2024-08-09 23:00:00,570,Cuddalore,1.5,-15.57311111111111
2024-08-09 23:30:00,570,Cuddalore,16.5,-15.57311111111111
2024-08-10 00:00:00,570,Cuddalore,11.5,-15.57311111111111
2024-08-10 01:00:00,570,Cuddalore,23.25,-15.57311111111111
2024-08-10 05:00:00,570,Cuddalore,1.0,-15.38977777777778
2024-08-11 23:00:00,570,Cuddalore,0.5,-15.285375
2024-08-12 00:00:00,570,Cuddalore,0.5,-15.285375
2024-08-12 02:00:00,570,Cuddalore,0.5,-15.285375
2024-08-12 03:00:00,570,Cuddalore,0.5,-15.285375
2024-08-12 06:00:00,570,Cuddalore,0.5,-13.289375
2024-08-15 05:00:00,570,Cuddalore,0.5,-15.181111111111113
2024-08-15 13:00:00,570,Cuddalore,0.5,-15.306
2024-08-15 14:00:00,570,Cuddalore,6.0,-15.306
2024-08-15 14:30:00,570,Cuddalore,1.5,-15.306
2024-08-15 15:00:00,570,Cuddalore,7.0,-15.306
2024-08-15 16:00:00,570,Cuddalore,12.0,-15.371
2024-08-16 09:00:00,570,Cuddalore,0.5,-15.174777777777775
2024-08-16 23:00:00,570,Cuddalore,198.5,-15.23322222222222
2024-08-17 00:00:00,570,Cuddalore,307.5,-15.23322222222222
2024-08-17 01:00:00,570,Cuddalore,22.5,-15.23322222222222
2024-08-17 10:00:00,570,Cuddalore,0.5,-15.24911111111111
2024-08-17 19:00:00,570,Cuddalore,3.5,-15.088
2024-08-17 20:00:00,570,Cuddalore,51.5,-15.088
2024-08-17 21:00:00,570,Cuddalore,5.0,-15.088
2024-08-19 17:00:00,570,Cuddalore,0.5,-14.716
2024-08-19 18:00:00,570,Cuddalore,4.5,-14.716
2024-08-19 20:00:00,570,Cuddalore,30.0,-14.716
2024-08-20 15:00:00,570,Cuddalore,3.0,-13.984799999999998
2024-08-20 16:00:00,570,Cuddalore,0.5,-14.392625
2024-08-20 19:00:00,570,Cuddalore,0.5,-14.392625
2024-08-21 13:00:00,570,Cuddalore,0.5,-16.4515
2024-08-21 15:30:00,570,Cuddalore,0.5,-16.477375
2024-08-21 16:00:00,570,Cuddalore,0.5,-16.477375
2024-08-21 19:30:00,570,Cuddalore,0.5,-16.477375
2024-08-21 20:00:00,570,Cuddalore,0.5,-16.477375
2024-08-22 23:00:00,570,Cuddalore,13.5,-15.756
2024-08-23 07:00:00,570,Cuddalore,0.5,-15.78075
2024-08-23 08:00:00,570,Cuddalore,6.5,-15.78075
2024-08-23 09:00:00,570,Cuddalore,48.5,-15.78075
2024-08-23 23:00:00,570,Cuddalore,85.0,-15.16788888888889
2024-08-24 00:00:00,570,Cuddalore,69.5,-15.16788888888889
2024-08-24 01:00:00,570,Cuddalore,53.0,-15.16788888888889
2024-08-27 18:00:00,570,Cuddalore,4.0,-14.6115
2024-08-27 19:00:00,570,Cuddalore,0.5,-14.6115
2024-08-29 01:00:00,570,Cuddalore,0.5,-15.257222222222222
2024-08-29 18:00:00,570,Cuddalore,17.5,-15.239888888888888
2024-08-29 19:00:00,570,Cuddalore,1.625,-15.239888888888888
2024-08-29 20:00:00,570,Cuddalore,1.8333333333333333,-15.239888888888888
2024-08-29 20:30:00,570,Cuddalore,1.0,-15.239888888888888
2024-08-29 21:00:00,570,Cuddalore,1.75,-15.239888888888888
2024-08-29 22:00:00,570,Cuddalore,1.25,-15.161555555555555
2024-08-29 23:00:00,570,Cuddalore,0.5,-15.161555555555555
2024-08-29 23:30:00,570,Cuddalore,0.5,-15.161555555555555
2024-08-30 00:00:00,570,Cuddalore,0.5,-15.161555555555555
2024-08-30 08:00:00,570,Cuddalore,0.5,-15.133333333333333
2024-08-30 18:30:00,570,Cuddalore,0.5,-15.177222222222222
2024-08-30 19:00:00,570,Cuddalore,0.5,-15.177222222222222
2024-08-30 20:00:00,570,Cuddalore,4.0,-15.177222222222222
2024-08-30 21:00:00,570,Cuddalore,4.333333333333333,-15.177222222222222
2024-08-30 21:30:00,570,Cuddalore,0.5,-15.104666666666668
2024-08-30 22:00:00,570,Cuddalore,2.5,-15.104666666666668
2024-08-30 23:00:00,570,Cuddalore,1.3333333333333333,-15.104666666666668
2024-08-31 00:00:00,570,Cuddalore,0.75,-15.104666666666668
2024-08-31 01:00:00,570,Cuddalore,0.5,-15.104666666666668
2024-08-31 02:00:00,570,Cuddalore,0.5,-15.104666666666668
2024-08-31 09:30:00,570,Cuddalore,0.5,-15.01388888888889
2024-08-31 10:00:00,570,Cuddalore,0.5,-15.01388888888889
2024-09-01 20:30:00,570,Cuddalore,0.5,-14.916333333333334
2024-09-01 21:00:00,570,Cuddalore,0.5,-14.916333333333334
2024-09-02 00:30:00,570,Cuddalore,0.5,-14.892666666666663
2024-09-02 01:00:00,570,Cuddalore,0.5,-14.892666666666663
2024-09-02 19:00:00,570,Cuddalore,0.5,-14.975444444444443
2024-09-02 20:00:00,570,Cuddalore,8.75,-14.975444444444443
2024-09-02 21:00:00,570,Cuddalore,5.5,-14.975444444444443
2024-09-02 22:00:00,570,Cuddalore,1.75,-14.917444444444444
2024-09-02 23:00:00,570,Cuddalore,2.0,-14.917444444444444
2024-09-03 00:00:00,570,Cuddalore,2.0,-14.917444444444444
2024-09-03 01:00:00,570,Cuddalore,1.5,-14.917444444444444
2024-09-03 02:00:00,570,Cuddalore,1.0,-14.917444444444444
2024-09-03 03:00:00,570,Cuddalore,1.0,-14.917444444444444
2024-09-03 04:00:00,570,Cuddalore,1.0,-14.866888888888887
2024-09-03 05:00:00,570,Cuddalore,1.0,-14.866888888888887
2024-09-03 06:00:00,570,Cuddalore,0.5,-14.866888888888887
2024-09-03 07:00:00,570,Cuddalore,0.5,-14.866888888888887
2024-09-03 08:00:00,570,Cuddalore,1.0,-14.866888888888887
2024-09-03 09:00:00,570,Cuddalore,0.5,-14.866888888888887
2024-09-03 10:00:00,570,Cuddalore,1.0,-14.883555555555557
2024-09-03 11:00:00,570,Cuddalore,1.0,-14.883555555555557
2024-09-03 12:00:00,570,Cuddalore,0.5,-14.883555555555557
2024-09-03 14:00:00,570,Cuddalore,0.5,-14.883555555555557
2024-09-03 15:00:00,570,Cuddalore,1.0,-14.883555555555557
2024-09-03 16:00:00,570,Cuddalore,1.0,-12.777125
2024-09-03 17:00:00,570,Cuddalore,1.0,-12.777125
2024-09-03 17:30:00,570,Cuddalore,0.5,-12.777125
2024-09-03 18:00:00,570,Cuddalore,0.5,-12.777125
2024-09-03 19:00:00,570,Cuddalore,1.5,-12.777125
2024-09-03 20:00:00,570,Cuddalore,3.0,-12.777125
2024-09-05 20:00:00,570,Cuddalore,3.0,-14.990666666666666
2024-09-07 22:00:00,570,Cuddalore,0.5,-15.297333333333334
2024-09-17 19:00:00,570,Cuddalore,4.0,-16.224888888888888
2024-09-20 02:00:00,570,Cuddalore,3.0,-15.0385
2024-09-21 06:00:00,570,Cuddalore,0.5,-16.198555555555558
2024-09-21 07:00:00,570,Cuddalore,2.0,-16.198555555555558
2024-09-21 18:30:00,570,Cuddalore,1.0,-16.282888888888888
2024-09-21 19:00:00,570,Cuddalore,1.0,-16.282888888888888
2024-09-21 21:00:00,570,Cuddalore,0.5,-16.282888888888888
2024-09-22 00:00:00,570,Cuddalore,1.1666666666666667,-16.25788888888889
2024-09-22 00:30:00,570,Cuddalore,0.5,-16.25788888888889
2024-09-22 01:00:00,570,Cuddalore,1.5,-16.25788888888889
2024-09-22 01:30:00,570,Cuddalore,0.5,-16.25788888888889
2024-09-22 02:00:00,570,Cuddalore,1.125,-16.25788888888889
2024-09-22 03:00:00,570,Cuddalore,1.0,-16.25788888888889
2024-09-22 04:00:00,570,Cuddalore,0.5,-16.256777777777778
2024-09-22 13:00:00,570,Cuddalore,0.5,-16.251777777777775
2024-09-23 19:00:00,570,Cuddalore,4.0,-16.154333333333334
2024-09-23 20:00:00,570,Cuddalore,7.0,-16.154333333333334
2024-09-23 21:00:00,570,Cuddalore,8.0,-16.154333333333334
2024-09-23 22:00:00,570,Cuddalore,8.5,-16.07188888888889
2024-09-23 23:00:00,570,Cuddalore,1.25,-16.07188888888889
2024-09-24 01:00:00,570,Cuddalore,0.5,-16.07188888888889
2024-09-24 11:00:00,570,Cuddalore,2.5,-16.14288888888889
2024-09-24 19:30:00,570,Cuddalore,23.5,-16.172222222222224
2024-09-24 20:00:00,570,Cuddalore,30.0,-16.172222222222224
2024-09-25 17:00:00,570,Cuddalore,3.0,-16.147000000000002
2024-09-25 18:30:00,570,Cuddalore,1.0,-16.147000000000002
2024-09-25 19:00:00,570,Cuddalore,1.0,-16.147000000000002
2024-09-26 04:00:00,570,Cuddalore,0.5,-15.98088888888889
2024-09-28 13:00:00,570,Cuddalore,4.5,-16.31533333333333
2024-09-28 14:00:00,570,Cuddalore,2.0,-16.31533333333333
2024-09-28 15:00:00,570,Cuddalore,0.5,-16.31533333333333
2024-09-29 10:00:00,570,Cuddalore,3.0,-16.35077777777778
2024-09-29 12:00:00,570,Cuddalore,12.0,-16.35077777777778
2024-09-29 13:00:00,570,Cuddalore,2.0,-16.35077777777778
2024-09-30 11:00:00,570,Cuddalore,3.25,-16.447111111111113
2024-09-30 13:00:00,570,Cuddalore,1.0,-16.447111111111113
2024-09-30 14:00:00,570,Cuddalore,15.0,-16.447111111111113
2024-10-02 23:30:00,570,Cuddalore,0.5,-14.907
2024-10-03 00:00:00,570,Cuddalore,0.5,-14.907
2024-10-03 00:30:00,570,Cuddalore,2.5,-14.907
2024-10-03 01:00:00,570,Cuddalore,1.5,-14.907
2024-10-03 01:30:00,570,Cuddalore,0.5,-14.907
2024-10-03 02:00:00,570,Cuddalore,0.5,-14.907
2024-10-03 22:00:00,570,Cuddalore,1.0,-16.78342857142857
2024-10-03 23:00:00,570,Cuddalore,1.5,-16.78342857142857
2024-10-04 00:00:00,570,Cuddalore,0.5,-16.78342857142857
2024-10-04 18:00:00,570,Cuddalore,1.75,-16.485333333333333
2024-10-04 19:00:00,570,Cuddalore,2.5,-16.485333333333333
2024-10-04 20:00:00,570,Cuddalore,0.5,-16.485333333333333
2024-10-04 21:30:00,570,Cuddalore,0.5,-16.281666666666666
2024-10-04 22:00:00,570,Cuddalore,2.5,-16.281666666666666
2024-10-04 22:30:00,570,Cuddalore,1.5,-16.281666666666666
2024-10-04 23:00:00,570,Cuddalore,11.375,-16.281666666666666
2024-10-04 23:30:00,570,Cuddalore,2.5,-16.281666666666666
2024-10-05 00:00:00,570,Cuddalore,2.75,-16.281666666666666
2024-10-05 00:30:00,570,Cuddalore,2.0,-16.281666666666666
2024-10-05 01:00:00,570,Cuddalore,2.625,-16.281666666666666
2024-10-05 01:30:00,570,Cuddalore,0.5,-16.281666666666666
2024-10-05 02:00:00,570,Cuddalore,1.6666666666666667,-16.281666666666666
2024-10-05 02:30:00,570,Cuddalore,1.0,-16.281666666666666
2024-10-05 03:00:00,570,Cuddalore,1.0,-16.281666666666666
2024-10-05 03:30:00,570,Cuddalore,0.5,-16.177777777777777
2024-10-05 04:00:00,570,Cuddalore,0.75,-16.177777777777777
2024-10-05 19:00:00,570,Cuddalore,5.0,-16.315
2024-10-05 20:00:00,570,Cuddalore,15.0,-16.315
2024-10-05 22:00:00,570,Cuddalore,0.5,-16.233444444444444
2024-10-06 04:00:00,570,Cuddalore,2.0,-16.282333333333334
2024-10-06 05:00:00,570,Cuddalore,13.5,-16.282333333333334
2024-10-06 06:00:00,570,Cuddalore,2.0,-16.282333333333334
2024-10-06 07:00:00,570,Cuddalore,0.5,-16.282333333333334
2024-10-07 10:00:00,570,Cuddalore,0.5,-16.042444444444445
2024-10-07 10:30:00,570,Cuddalore,0.5,-16.042444444444445
2024-10-07 11:00:00,570,Cuddalore,0.5,-16.042444444444445
2024-10-07 13:00:00,570,Cuddalore,1.5,-16.042444444444445
2024-10-07 14:00:00,570,Cuddalore,0.5,-16.042444444444445
2024-10-08 00:00:00,570,Cuddalore,9.0,-16.183666666666667
2024-10-08 23:00:00,570,Cuddalore,0.5,-16.145555555555557
2024-10-09 01:00:00,570,Cuddalore,0.5,-16.145555555555557
2024-10-09 13:00:00,570,Cuddalore,1.0,-16.098
2024-10-09 15:00:00,570,Cuddalore,7.0,-16.098
2024-10-09 16:00:00,570,Cuddalore,1.5,-16.205222222222222
2024-10-10 12:00:00,570,Cuddalore,0.5,-16.180666666666667
2024-10-10 13:00:00,570,Cuddalore,1.0,-16.180666666666667
2024-10-11 07:00:00,570,Cuddalore,0.5,-15.97222222222222
2024-10-11 08:30:00,570,Cuddalore,2.0,-15.97222222222222
2024-10-11 09:00:00,570,Cuddalore,2.0,-15.97222222222222
2024-10-11 09:30:00,570,Cuddalore,0.5,-15.95611111111111
2024-10-11 10:00:00,570,Cuddalore,0.5,-15.95611111111111
2024-10-11 13:00:00,570,Cuddalore,1.0,-15.95611111111111
2024-10-12 00:00:00,570,Cuddalore,6.5,-15.961222222222224
2024-10-12 01:00:00,570,Cuddalore,1.0,-15.961222222222224
2024-10-12 01:30:00,570,Cuddalore,0.5,-15.961222222222224
2024-10-12 02:00:00,570,Cuddalore,0.5,-15.961222222222224
2024-10-12 03:30:00,570,Cuddalore,0.5,-15.858888888888888
2024-10-12 04:00:00,570,Cuddalore,9.25,-15.858888888888888
2024-10-12 05:00:00,570,Cuddalore,5.0,-15.858888888888888
2024-10-12 11:00:00,570,Cuddalore,8.25,-15.94
2024-10-12 11:30:00,570,Cuddalore,1.5,-15.94
2024-10-12 12:00:00,570,Cuddalore,1.5,-15.94
2024-10-12 15:00:00,570,Cuddalore,21.5,-15.94
2024-10-12 16:00:00,570,Cuddalore,9.5,-16.083
2024-10-12 17:00:00,570,Cuddalore,2.0,-16.083
2024-10-12 18:00:00,570,Cuddalore,0.5,-16.083
2024-10-12 19:00:00,570,Cuddalore,7.0,-16.083
2024-10-12 20:00:00,570,Cuddalore,1.0,-16.083
2024-10-13 04:00:00,570,Cuddalore,0.5,-15.948888888888888
2024-10-13 05:30:00,570,Cuddalore,0.5,-15.948888888888888
2024-10-13 06:00:00,570,Cuddalore,3.0,-15.948888888888888
2024-10-13 07:00:00,570,Cuddalore,1.0,-15.948888888888888
2024-10-14 05:00:00,570,Cuddalore,1.25,-15.901444444444444
2024-10-14 06:00:00,570,Cuddalore,0.8333333333333334,-15.901444444444444
2024-10-14 06:30:00,570,Cuddalore,2.5,-15.901444444444444
2024-10-14 07:00:00,570,Cuddalore,2.875,-15.901444444444444
2024-10-14 08:00:00,570,Cuddalore,2.25,-15.901444444444444
2024-10-14 09:00:00,570,Cuddalore,1.0,-15.901444444444444
2024-10-14 11:30:00,570,Cuddalore,0.5,-15.806222222222225
2024-10-14 12:00:00,570,Cuddalore,0.75,-15.806222222222225
2024-10-14 13:00:00,570,Cuddalore,0.5,-15.806222222222225
2024-10-14 14:00:00,570,Cuddalore,1.0,-15.806222222222225
2024-10-14 14:30:00,570,Cuddalore,0.5,-15.806222222222225
2024-10-14 15:00:00,570,Cuddalore,1.5,-15.806222222222225
2024-10-14 15:30:00,570,Cuddalore,3.0,-13.67388888888889
2024-10-14 16:00:00,570,Cuddalore,4.333333333333333,-13.67388888888889
2024-10-14 16:30:00,570,Cuddalore,3.5,-13.67388888888889
2024-10-14 17:00:00,570,Cuddalore,4.0,-13.67388888888889
2024-10-14 17:30:00,570,Cuddalore,2.5,-13.67388888888889
2024-10-14 18:00:00,570,Cuddalore,3.375,-13.67388888888889
2024-10-14 18:30:00,570,Cuddalore,2.5,-13.67388888888889
2024-10-14 19:00:00,570,Cuddalore,2.75,-13.67388888888889
2024-10-14 19:30:00,570,Cuddalore,2.5,-13.67388888888889
2024-10-14 20:00:00,570,Cuddalore,2.875,-13.67388888888889
2024-10-14 20:30:00,570,Cuddalore,4.0,-13.67388888888889
2024-10-14 21:00:00,570,Cuddalore,2.5,-13.67388888888889
2024-10-14 21:30:00,570,Cuddalore,1.0,-15.322125
2024-10-14 22:00:00,570,Cuddalore,1.125,-15.322125
2024-10-14 23:00:00,570,Cuddalore,0.5,-15.322125
2024-10-15 00:00:00,570,Cuddalore,0.5,-15.322125
2024-10-15 00:30:00,570,Cuddalore,0.5,-15.322125
2024-10-15 07:30:00,570,Cuddalore,0.5,-15.259625
2024-10-15 08:00:00,570,Cuddalore,0.5,-15.259625
2024-10-15 14:00:00,570,Cuddalore,3.0,-15.3225
2024-10-15 14:30:00,570,Cuddalore,7.0,-15.3225
2024-10-15 15:00:00,570,Cuddalore,6.0,-15.3225
2024-10-15 15:30:00,570,Cuddalore,3.0,-15.142625
2024-10-15 16:00:00,570,Cuddalore,10.375,-15.142625
2024-10-15 16:30:00,570,Cuddalore,1.0,-15.142625
2024-10-15 17:00:00,570,Cuddalore,2.25,-15.142625
2024-10-15 17:30:00,570,Cuddalore,0.5,-15.142625
2024-10-15 18:00:00,570,Cuddalore,1.25,-15.142625
2024-10-15 19:00:00,570,Cuddalore,1.1666666666666667,-15.142625
2024-10-15 20:00:00,570,Cuddalore,0.5,-15.142625
2024-10-15 20:30:00,570,Cuddalore,0.5,-15.142625
2024-10-15 21:00:00,570,Cuddalore,0.5,-15.142625
2024-10-15 22:00:00,570,Cuddalore,0.5,-15.0265
2024-10-16 15:30:00,570,Cuddalore,0.5,-14.99925
2024-10-16 16:00:00,570,Cuddalore,0.5,-14.99925
2024-10-19 07:00:00,570,Cuddalore,0.5,-14.936
2024-10-19 07:30:00,570,Cuddalore,0.5,-14.936
2024-10-19 08:00:00,570,Cuddalore,3.333333333333333,-14.936
2024-10-19 08:30:00,570,Cuddalore,7.5,-14.936
2024-10-19 09:00:00,570,Cuddalore,12.833333333333334,-14.936
2024-10-19 09:30:00,570,Cuddalore,1.0,-14.941
2024-10-19 10:00:00,570,Cuddalore,2.0,-14.941
2024-10-19 10:30:00,570,Cuddalore,1.0,-14.941
2024-10-19 11:00:00,570,Cuddalore,1.0,-14.941
2024-10-20 08:30:00,570,Cuddalore,0.5,-14.851875
2024-10-20 09:00:00,570,Cuddalore,0.5,-14.851875
2024-10-21 05:00:00,570,Cuddalore,1.0,-14.983625
2024-10-24 16:00:00,570,Cuddalore,3.0,-15.31825
2024-10-24 17:00:00,570,Cuddalore,16.5,-15.31825
2024-10-24 18:00:00,570,Cuddalore,1.0,-15.31825
2024-10-24 19:00:00,570,Cuddalore,1.25,-15.31825
2024-10-24 20:00:00,570,Cuddalore,1.0,-15.31825
2024-10-24 21:00:00,570,Cuddalore,4.0,-15.31825
2024-10-25 00:00:00,570,Cuddalore,8.0,-15.122125
2024-10-25 01:00:00,570,Cuddalore,14.0,-15.122125
2024-10-25 02:00:00,570,Cuddalore,2.25,-15.122125
2024-10-25 03:00:00,570,Cuddalore,1.5,-15.122125
2024-10-25 12:30:00,570,Cuddalore,0.5,-15.776714285714286
2024-10-25 13:00:00,570,Cuddalore,0.5,-15.776714285714286
2024-10-25 17:00:00,570,Cuddalore,3.0,-14.918625
2024-10-25 18:00:00,570,Cuddalore,0.75,-14.918625
2024-10-26 16:00:00,570,Cuddalore,14.0,-14.955375
2024-10-26 17:00:00,570,Cuddalore,7.0,-14.955375
2024-10-26 18:00:00,570,Cuddalore,0.5,-14.955375
2024-10-31 11:30:00,570,Cuddalore,0.5,-16.502285714285716
2024-10-31 12:00:00,570,Cuddalore,0.5,-16.502285714285716
2024-11-02 03:00:00,570,Cuddalore,22.5,-15.493
2024-11-02 04:00:00,570,Cuddalore,7.5,-14.648375
2024-11-02 05:00:00,570,Cuddalore,1.25,-14.648375
2024-11-02 07:00:00,570,Cuddalore,4.5,-14.648375
2024-11-02 13:00:00,570,Cuddalore,0.5,-14.7075
2024-11-03 03:00:00,570,Cuddalore,10.5,-14.598125
2024-11-03 04:00:00,570,Cuddalore,0.5,-14.51475
2024-11-07 14:00:00,570,Cuddalore,0.5,-34.18
2024-11-07 15:00:00,570,Cuddalore,0.5,-34.18
2024-11-12 14:00:00,570,Cuddalore,2.0,-15.30075
2024-11-12 15:00:00,570,Cuddalore,2.5,-15.30075
2024-11-12 20:00:00,570,Cuddalore,1.0,-15.296875
2024-11-12 21:00:00,570,Cuddalore,2.0,-15.296875
2024-11-12 22:00:00,570,Cuddalore,0.75,-15.1215
2024-11-12 23:00:00,570,Cuddalore,2.5,-15.1215
2024-11-13 00:00:00,570,Cuddalore,1.5,-15.1215
2024-11-13 01:00:00,570,Cuddalore,1.0,-15.1215
2024-11-13 02:00:00,570,Cuddalore,1.0,-15.1215
2024-11-13 03:00:00,570,Cuddalore,4.666666666666667,-15.1215
2024-11-13 04:00:00,570,Cuddalore,7.5,-14.970375
2024-11-13 05:00:00,570,Cuddalore,1.1666666666666667,-14.970375
2024-11-13 06:00:00,570,Cuddalore,1.8333333333333333,-14.970375
2024-11-13 07:00:00,570,Cuddalore,3.8333333333333335,-14.970375
2024-11-13 08:00:00,570,Cuddalore,2.1666666666666665,-14.970375
2024-11-13 09:00:00,570,Cuddalore,0.75,-14.970375
2024-11-13 10:00:00,570,Cuddalore,1.1666666666666667,-14.914875
2024-11-13 11:00:00,570,Cuddalore,1.0,-14.914875
2024-11-13 12:00:00,570,Cuddalore,0.6666666666666666,-14.914875
2024-11-13 16:00:00,570,Cuddalore,0.5,-14.849375
2024-11-13 23:00:00,570,Cuddalore,3.0,-14.739125
2024-11-14 00:00:00,570,Cuddalore,5.0,-14.739125
2024-11-14 01:00:00,570,Cuddalore,1.5,-14.739125
2024-11-14 02:00:00,570,Cuddalore,8.5,-14.739125
2024-11-14 03:00:00,570,Cuddalore,1.0,-14.739125
2024-11-14 06:00:00,570,Cuddalore,0.5,-14.646375
2024-11-14 09:00:00,570,Cuddalore,1.0,-14.646375
2024-11-14 10:00:00,570,Cuddalore,0.8333333333333334,-14.66925
2024-11-14 11:00:00,570,Cuddalore,1.5,-14.66925
2024-11-14 12:00:00,570,Cuddalore,7.5,-14.66925
2024-11-14 13:00:00,570,Cuddalore,11.25,-14.66925
2024-11-14 14:00:00,570,Cuddalore,0.5,-14.66925
2024-11-14 15:00:00,570,Cuddalore,0.5,-14.66925
2024-11-14 18:00:00,570,Cuddalore,0.5,-14.604875
2024-11-14 23:00:00,570,Cuddalore,1.0,-14.52325
2024-11-15 00:00:00,570,Cuddalore,3.0,-14.52325
2024-11-15 01:00:00,570,Cuddalore,4.0,-14.52325
2024-11-15 02:00:00,570,Cuddalore,9.5,-14.52325
2024-11-15 03:00:00,570,Cuddalore,2.1666666666666665,-14.52325
2024-11-15 05:00:00,570,Cuddalore,1.25,-14.4385
2024-11-15 06:00:00,570,Cuddalore,1.5,-14.4385
2024-11-15 07:00:00,570,Cuddalore,1.0,-14.4385
2024-11-15 10:00:00,570,Cuddalore,0.5,-14.47625
2024-11-15 15:00:00,570,Cuddalore,1.0,-14.47625
2024-11-15 19:00:00,570,Cuddalore,0.6666666666666666,-14.42125
2024-11-15 20:00:00,570,Cuddalore,5.0,-14.42125
2024-11-15 21:00:00,570,Cuddalore,0.5,-14.42125
2024-11-16 01:00:00,570,Cuddalore,7.0,-14.344875
2024-11-16 02:00:00,570,Cuddalore,12.25,-14.344875
2024-11-16 03:00:00,570,Cuddalore,7.5,-14.344875
2024-11-16 04:00:00,570,Cuddalore,1.0,-14.268
2024-11-16 05:00:00,570,Cuddalore,3.75,-14.268
2024-11-16 06:00:00,570,Cuddalore,0.5,-14.268
2024-11-16 10:00:00,570,Cuddalore,3.5,-14.256625
2024-11-16 11:00:00,570,Cuddalore,6.5,-14.256625
2024-11-16 12:00:00,570,Cuddalore,6.0,-14.256625
2024-11-16 13:00:00,570,Cuddalore,2.833333333333333,-14.256625
2024-11-16 14:00:00,570,Cuddalore,1.25,-14.256625
2024-11-16 21:00:00,570,Cuddalore,3.75,-14.22275
2024-11-17 00:00:00,570,Cuddalore,7.0,-14.15825
2024-11-17 01:00:00,570,Cuddalore,0.5,-14.15825
2024-11-17 04:00:00,570,Cuddalore,5.5,-14.10175
2024-11-17 05:00:00,570,Cuddalore,6.5,-14.10175
2024-11-17 07:00:00,570,Cuddalore,0.5,-14.10175
2024-11-17 10:00:00,570,Cuddalore,4.5,-14.148625
2024-11-17 11:00:00,570,Cuddalore,0.5,-14.148625
2024-11-17 12:00:00,570,Cuddalore,0.5,-14.148625
2024-11-25 23:00:00,570,Cuddalore,0.5,-14.38925
2024-11-26 02:00:00,570,Cuddalore,0.5,-14.38925
2024-11-26 09:00:00,570,Cuddalore,0.5,-14.253625
2024-11-26 10:00:00,570,Cuddalore,4.166666666666667,-14.2495
2024-11-26 11:00:00,570,Cuddalore,1.75,-14.2495
2024-11-26 13:00:00,570,Cuddalore,0.5,-14.2495
2024-11-26 15:00:00,570,Cuddalore,1.75,-14.2495
2024-11-26 16:00:00,570,Cuddalore,6.5,-14.181875
2024-11-26 17:00:00,570,Cuddalore,12.0,-14.181875
2024-11-26 18:00:00,570,Cuddalore,7.0,-14.181875
2024-11-26 19:00:00,570,Cuddalore,1.5,-14.181875
2024-11-26 20:00:00,570,Cuddalore,1.75,-14.181875
2024-11-26 21:00:00,570,Cuddalore,1.5,-14.181875
2024-11-26 22:00:00,570,Cuddalore,0.5,-14.103125
2024-11-27 01:00:00,570,Cuddalore,0.5,-14.103125
2024-11-27 02:00:00,570,Cuddalore,0.5,-14.103125
2024-11-27 03:00:00,570,Cuddalore,0.75,-14.103125
2024-11-27 04:00:00,570,Cuddalore,3.75,-14.013
2024-11-27 05:00:00,570,Cuddalore,1.0,-14.013
2024-11-27 06:00:00,570,Cuddalore,3.75,-14.013
2024-11-27 07:00:00,570,Cuddalore,6.75,-14.013
2024-11-27 08:00:00,570,Cuddalore,1.1666666666666667,-14.013
2024-11-27 09:00:00,570,Cuddalore,0.5,-14.013
2024-11-27 10:00:00,570,Cuddalore,2.0,-13.966
2024-11-27 11:00:00,570,Cuddalore,1.1666666666666667,-13.966
2024-11-27 17:00:00,570,Cuddalore,0.5,-13.919555555555554
2024-11-27 18:00:00,570,Cuddalore,0.5,-13.919555555555554
2024-11-28 09:00:00,570,Cuddalore,0.5,-13.793
2024-11-30 04:00:00,570,Cuddalore,0.5,-13.571857142857144
2024-11-30 04:35:00,570,Cuddalore,1.0,-13.571857142857144
2024-11-30 04:40:00,570,Cuddalore,2.5,-13.571857142857144
2024-11-30 04:45:00,570,Cuddalore,4.0,-13.571857142857144
2024-11-30 04:50:00,570,Cuddalore,4.0,-13.571857142857144
2024-11-30 04:55:00,570,Cuddalore,4.5,-13.571857142857144
2024-11-30 05:00:00,570,Cuddalore,5.0,-13.571857142857144
2024-11-30 05:05:00,570,Cuddalore,1.0,-13.571857142857144
2024-11-30 05:10:00,570,Cuddalore,1.0,-13.571857142857144
2024-11-30 05:15:00,570,Cuddalore,1.0,-13.571857142857144
2024-11-30 05:20:00,570,Cuddalore,1.0,-13.571857142857144
2024-11-30 05:25:00,570,Cuddalore,2.0,-13.571857142857144
2024-11-30 05:30:00,570,Cuddalore,2.0,-13.571857142857144
2024-11-30 05:35:00,570,Cuddalore,3.0,-13.571857142857144
2024-11-30 05:40:00,570,Cuddalore,3.0,-13.571857142857144
2024-11-30 05:45:00,570,Cuddalore,3.0,-13.571857142857144
2024-11-30 05:50:00,570,Cuddalore,3.5,-13.571857142857144
2024-11-30 05:55:00,570,Cuddalore,4.0,-13.571857142857144
2024-11-30 06:00:00,570,Cuddalore,4.0,-13.571857142857144
2024-11-30 15:00:00,570,Cuddalore,1.0,-13.530714285714286
2024-11-30 16:00:00,570,Cuddalore,0.5,-13.474285714285717
2024-11-30 17:00:00,570,Cuddalore,2.25,-13.474285714285717
2024-11-30 18:00:00,570,Cuddalore,1.25,-13.474285714285717
2024-11-30 19:00:00,570,Cuddalore,1.8333333333333333,-13.474285714285717
2024-11-30 20:00:00,570,Cuddalore,2.833333333333333,-13.474285714285717
2024-11-30 21:00:00,570,Cuddalore,2.0,-13.474285714285717
2024-11-30 22:00:00,570,Cuddalore,0.5,-13.431
2024-11-30 23:00:00,570,Cuddalore,1.25,-13.431
2024-12-01 00:00:00,570,Cuddalore,2.5,-13.431
2024-12-01 01:00:00,570,Cuddalore,1.75,-13.431
2024-12-01 02:00:00,570,Cuddalore,2.5,-13.431
2024-12-01 03:00:00,570,Cuddalore,5.75,-13.431
2024-12-01 04:00:00,570,Cuddalore,7.25,-14.798625
2024-12-01 05:00:00,570,Cuddalore,7.5,-14.798625
2024-12-01 06:00:00,570,Cuddalore,10.75,-14.798625
2024-12-01 06:15:00,570,Cuddalore,0.5,-14.798625
2024-12-01 06:20:00,570,Cuddalore,1.0,-14.798625
2024-12-01 06:25:00,570,Cuddalore,1.0,-14.798625
2024-12-01 06:30:00,570,Cuddalore,1.0,-14.798625
2024-12-01 06:35:00,570,Cuddalore,1.0,-14.798625
2024-12-01 06:40:00,570,Cuddalore,1.0,-14.798625
2024-12-01 06:45:00,570,Cuddalore,1.0,-14.798625
2024-12-01 06:50:00,570,Cuddalore,1.0,-14.798625
2024-12-01 06:55:00,570,Cuddalore,1.0,-14.798625
2024-12-01 07:00:00,570,Cuddalore,5.0,-14.798625
2024-12-01 08:00:00,570,Cuddalore,19.5,-14.798625
2024-12-01 08:05:00,570,Cuddalore,1.0,-14.798625
2024-12-01 08:10:00,570,Cuddalore,1.0,-14.798625
2024-12-01 08:15:00,570,Cuddalore,1.0,-14.798625
2024-12-01 08:20:00,570,Cuddalore,1.0,-14.798625
2024-12-01 08:25:00,570,Cuddalore,1.0,-14.798625
2024-12-01 08:30:00,570,Cuddalore,1.0,-14.798625
2024-12-01 08:35:00,570,Cuddalore,1.0,-14.798625
2024-12-01 08:40:00,570,Cuddalore,1.0,-14.798625
2024-12-01 08:45:00,570,Cuddalore,1.0,-14.798625
2024-12-01 08:50:00,570,Cuddalore,1.0,-14.798625
2024-12-01 08:55:00,570,Cuddalore,1.0,-14.798625
2024-12-01 09:00:00,570,Cuddalore,6.5,-14.798625
2024-12-01 10:00:00,570,Cuddalore,14.5,-14.624
2024-12-01 11:00:00,570,Cuddalore,12.25,-14.624
2024-12-01 12:00:00,570,Cuddalore,6.5,-14.624
2024-12-01 13:00:00,570,Cuddalore,4.75,-14.624
2024-12-01 14:00:00,570,Cuddalore,2.0,-14.624
2024-12-01 15:00:00,570,Cuddalore,1.75,-14.624
2024-12-01 17:00:00,570,Cuddalore,1.0,-14.51375
2024-12-01 21:00:00,570,Cuddalore,0.5,-14.51375
2024-12-01 22:00:00,570,Cuddalore,2.0,-14.427125
2024-12-01 23:00:00,570,Cuddalore,3.0,-14.427125
2024-12-02 00:00:00,570,Cuddalore,3.0,-14.427125
2024-12-02 01:00:00,570,Cuddalore,0.5,-14.427125
2024-12-02 13:00:00,570,Cuddalore,0.5,-12.41325
2024-12-02 14:00:00,570,Cuddalore,7.0,-12.41325
2024-12-02 16:00:00,570,Cuddalore,2.5,-12.360625
2024-12-02 17:00:00,570,Cuddalore,3.5,-12.360625
2024-12-04 10:00:00,570,Cuddalore,9.0,-12.983444444444444
2024-12-04 11:00:00,570,Cuddalore,1.0,-12.983444444444444
2024-12-10 11:25:00,570,Cuddalore,3.0,-14.435
2024-12-10 11:55:00,570,Cuddalore,8.0,-14.435
2024-12-10 12:00:00,570,Cuddalore,8.0,-14.435
2024-12-11 09:00:00,570,Cuddalore,3.1666666666666665,-12.160125
2024-12-11 10:00:00,570,Cuddalore,4.5,-12.166375
2024-12-11 11:00:00,570,Cuddalore,2.5,-12.166375
2024-12-11 12:00:00,570,Cuddalore,1.5,-12.166375
2024-12-11 13:00:00,570,Cuddalore,2.25,-12.166375
2024-12-11 14:00:00,570,Cuddalore,1.8333333333333333,-12.166375
2024-12-11 15:00:00,570,Cuddalore,2.6666666666666665,-12.166375
2024-12-11 16:00:00,570,Cuddalore,1.6666666666666667,-9.102857142857143
2024-12-11 17:00:00,570,Cuddalore,1.0,-9.102857142857143
2024-12-11 19:00:00,570,Cuddalore,0.5,-9.102857142857143
2024-12-11 20:00:00,570,Cuddalore,1.0,-9.102857142857143
2024-12-11 21:00:00,570,Cuddalore,4.666666666666667,-9.102857142857143
2024-12-11 22:00:00,570,Cuddalore,0.5,-9.064857142857145
2024-12-11 23:00:00,570,Cuddalore,1.0,-9.064857142857145
2024-12-12 00:00:00,570,Cuddalore,7.666666666666667,-9.064857142857145
2024-12-12 01:00:00,570,Cuddalore,2.333333333333333,-9.064857142857145
2024-12-12 02:00:00,570,Cuddalore,3.0,-9.064857142857145
2024-12-12 03:00:00,570,Cuddalore,9.833333333333334,-9.064857142857145
2024-12-12 04:00:00,570,Cuddalore,11.666666666666666,-11.9865
2024-12-12 05:00:00,570,Cuddalore,2.5,-11.9865
2024-12-12 06:00:00,570,Cuddalore,1.6666666666666667,-11.9865
2024-12-12 07:00:00,570,Cuddalore,1.5,-11.9865
2024-12-12 09:00:00,570,Cuddalore,0.5,-11.9865
2024-12-12 10:00:00,570,Cuddalore,1.5,-11.966625
2024-12-12 11:00:00,570,Cuddalore,2.0,-11.966625
2024-12-12 12:00:00,570,Cuddalore,1.0,-11.966625
2024-12-12 13:00:00,570,Cuddalore,5.833333333333333,-11.966625
2024-12-12 14:00:00,570,Cuddalore,3.0,-11.966625
2024-12-12 15:00:00,570,Cuddalore,5.0,-11.966625
2024-12-12 16:00:00,570,Cuddalore,1.0,-11.86225
2024-12-12 17:00:00,570,Cuddalore,2.25,-11.86225
2024-12-12 18:00:00,570,Cuddalore,3.5,-11.86225
2024-12-12 19:00:00,570,Cuddalore,7.0,-11.86225
2024-12-12 20:00:00,570,Cuddalore,7.333333333333333,-11.86225
2024-12-12 21:00:00,570,Cuddalore,9.333333333333334,-11.86225
2024-12-12 22:00:00,570,Cuddalore,4.0,-11.807625
2024-12-12 23:00:00,570,Cuddalore,10.5,-11.807625
2024-12-13 00:00:00,570,Cuddalore,27.75,-11.807625
2024-12-13 01:00:00,570,Cuddalore,7.0,-11.807625
2024-12-13 02:00:00,570,Cuddalore,5.666666666666667,-11.807625
2024-12-13 03:00:00,570,Cuddalore,8.166666666666666,-11.807625
2024-12-13 04:00:00,570,Cuddalore,3.1666666666666665,-11.7065
2024-12-13 05:00:00,570,Cuddalore,4.5,-11.7065
2024-12-13 14:00:00,570,Cuddalore,1.0,-11.716125
2024-12-17 12:00:00,570,Cuddalore,0.5,-11.454625
2024-12-18 02:00:00,570,Cuddalore,0.5,-11.4095
2024-12-18 16:00:00,570,Cuddalore,3.0,-11.41
2024-12-18 17:00:00,570,Cuddalore,2.5,-11.41
2024-12-26 04:00:00,570,Cuddalore,0.5,-11.2355
2024-12-26 05:00:00,570,Cuddalore,0.5,-11.2355
2024-12-26 06:00:00,570,Cuddalore,0.5,-11.2355
2024-12-26 07:00:00,570,Cuddalore,0.5,-11.2355
2024-12-26 08:00:00,570,Cuddalore,1.0,-11.2355
2024-12-26 12:00:00,570,Cuddalore,0.5,-11.251625
2024-12-26 20:00:00,570,Cuddalore,0.5,-11.233428571428572
2024-12-27 06:00:00,570,Cuddalore,10.5,-11.15725
2024-12-27 07:00:00,570,Cuddalore,3.0,-11.15725
2024-12-27 08:00:00,570,Cuddalore,4.0,-11.15725
2024-12-27 10:00:00,570,Cuddalore,2.75,-11.1895
2024-12-27 11:00:00,570,Cuddalore,3.5,-11.1895
2024-12-27 14:00:00,570,Cuddalore,0.5,-11.1895
2024-12-28 12:00:00,570,Cuddalore,0.5,-11.133125
2024-12-28 13:00:00,570,Cuddalore,0.5,-11.133125
2024-12-29 15:00:00,570,Cuddalore,1.0,-11.093
2024-12-29 16:00:00,570,Cuddalore,0.5,-11.09325
2024-12-29 18:00:00,570,Cuddalore,4.0,-11.09325
2024-12-29 19:00:00,570,Cuddalore,0.5,-11.09325
2024-12-29 21:00:00,570,Cuddalore,6.0,-11.09325
2024-12-29 22:00:00,570,Cuddalore,0.5,-11.0395
2024-12-29 23:00:00,570,Cuddalore,2.0,-11.0395
2024-12-30 00:00:00,570,Cuddalore,1.0,-11.0395
2024-12-30 03:00:00,570,Cuddalore,0.5,-11.0395
2024-12-30 05:00:00,570,Cuddalore,0.5,-11.000875
2024-12-30 11:00:00,570,Cuddalore,0.5,-11.028125
2024-12-30 14:00:00,570,Cuddalore,7.0,-11.028125
2025-01-18 16:00:00,570,Cuddalore,0.5,-10.84375
2025-01-19 09:00:00,570,Cuddalore,6.0,-10.78225
2025-01-19 10:00:00,570,Cuddalore,1.75,-10.791
2025-01-19 12:00:00,570,Cuddalore,1.0,-10.791
2025-02-01 09:00:00,570,Cuddalore,13.0,-10.6555
2025-02-01 10:00:00,570,Cuddalore,1.0,-10.670125
2025-02-18 13:00:00,570,Cuddalore,1.5,-11.69075
2025-02-19 09:35:00,570,Cuddalore,1.0,-11.729625
2025-02-19 10:00:00,570,Cuddalore,1.0,-11.729625
2025-03-01 02:00:00,570,Cuddalore,13.0,-10.845714285714283
2025-03-01 03:00:00,570,Cuddalore,10.666666666666666,-10.845714285714283
2025-03-01 04:00:00,570,Cuddalore,23.5,-10.10985714285714
2025-03-01 05:00:00,570,Cuddalore,1.0,-10.10985714285714
2025-03-01 06:00:00,570,Cuddalore,1.5,-10.10985714285714
2025-03-01 09:00:00,570,Cuddalore,0.5,-10.10985714285714
2025-03-11 08:00:00,570,Cuddalore,10.5,-10.176285714285711
2025-03-11 09:00:00,570,Cuddalore,1.5,-10.176285714285711
2025-03-11 09:30:00,570,Cuddalore,0.5,-10.203714285714286
2025-03-11 10:00:00,570,Cuddalore,2.25,-10.203714285714286
2025-03-11 11:00:00,570,Cuddalore,3.0,-10.203714285714286
2025-03-11 12:00:00,570,Cuddalore,6.25,-10.203714285714286
2025-03-11 12:30:00,570,Cuddalore,5.5,-10.203714285714286
2025-03-11 13:00:00,570,Cuddalore,5.833333333333333,-10.203714285714286
2025-03-11 14:00:00,570,Cuddalore,1.25,-10.203714285714286
2025-03-11 15:00:00,570,Cuddalore,11.666666666666666,-10.203714285714286
2025-03-11 16:00:00,570,Cuddalore,10.833333333333334,-9.4905
2025-03-11 17:00:00,570,Cuddalore,2.5,-9.4905
2025-03-11 18:00:00,570,Cuddalore,7.5,-9.4905
2025-03-11 19:00:00,570,Cuddalore,7.25,-9.4905
2025-03-11 20:00:00,570,Cuddalore,2.0,-9.4905
2025-03-11 21:00:00,570,Cuddalore,0.5,-9.4905
2025-03-12 02:00:00,570,Cuddalore,0.5,-9.441
2025-03-12 06:00:00,570,Cuddalore,0.5,-10.097142857142858
2025-03-12 11:00:00,570,Cuddalore,2.5,-10.108142857142855
2025-03-12 12:00:00,570,Cuddalore,6.0,-10.108142857142855
2025-03-12 13:00:00,570,Cuddalore,11.25,-10.108142857142855
2025-03-12 14:00:00,570,Cuddalore,2.0,-10.108142857142855
2025-03-12 16:00:00,570,Cuddalore,1.0,-10.047714285714289
2025-03-12 17:00:00,570,Cuddalore,1.5,-10.047714285714289
2025-04-03 06:00:00,570,Cuddalore,6.5,-12.940142857142858
2025-04-03 11:00:00,570,Cuddalore,12.0,-12.941428571428572
2025-04-03 12:00:00,570,Cuddalore,15.0,-12.941428571428572
2025-04-03 13:00:00,570,Cuddalore,15.5,-12.941428571428572
2025-04-03 14:00:00,570,Cuddalore,0.5,-12.941428571428572
2025-04-03 15:00:00,570,Cuddalore,2.25,-12.941428571428572
2025-04-11 09:00:00,570,Cuddalore,0.5,-11.566625
2025-04-11 17:00:00,570,Cuddalore,3.5,-11.626375
2025-04-11 18:00:00,570,Cuddalore,0.5,-11.626375
2025-04-27 12:00:00,570,Cuddalore,3.0,-0.904
2025-04-28 14:00:00,570,Cuddalore,0.5,-9.318666666666669
2025-04-28 15:00:00,570,Cuddalore,1.5,-9.318666666666669
2025-05-04 20:00:00,570,Cuddalore,13.0,-8.564
2025-05-04 21:00:00,570,Cuddalore,18.875,-8.564
2025-05-04 22:00:00,570,Cuddalore,11.0,-8.303999999999998
2025-05-04 23:00:00,570,Cuddalore,1.0,-8.303999999999998
2025-05-05 00:00:00,570,Cuddalore,1.0,-8.303999999999998
2025-05-05 01:00:00,570,Cuddalore,0.5,-8.303999999999998
2025-05-05 03:00:00,570,Cuddalore,0.5,-8.303999999999998
2025-05-07 19:00:00,570,Cuddalore,9.0,-8.95125
2025-05-07 23:00:00,570,Cuddalore,0.5,-8.894
2025-05-08 00:00:00,570,Cuddalore,0.5,-8.894
2025-05-12 23:00:00,570,Cuddalore,8.5,-12.91425
2025-05-13 01:00:00,570,Cuddalore,4.0,-12.91425
2025-05-13 17:00:00,570,Cuddalore,6.5,-12.991
2025-05-16 15:00:00,570,Cuddalore,1.0,-13.147625
2025-05-17 01:00:00,570,Cuddalore,5.0,-13.1315
2025-05-17 02:00:00,570,Cuddalore,2.1666666666666665,-13.1315
2025-05-17 03:00:00,570,Cuddalore,5.0,-13.1315
2025-05-17 04:00:00,570,Cuddalore,1.5,-13.0645
2025-05-17 17:00:00,570,Cuddalore,14.0,-13.055125
2025-05-17 18:00:00,570,Cuddalore,2.0,-13.055125
2025-05-17 19:00:00,570,Cuddalore,2.375,-13.055125
2025-05-17 20:00:00,570,Cuddalore,1.5,-13.055125
2025-05-17 21:00:00,570,Cuddalore,0.75,-13.055125
2025-05-18 02:00:00,570,Cuddalore,1.0,-12.96
2025-05-18 03:00:00,570,Cuddalore,1.5,-12.96
2025-05-18 20:00:00,570,Cuddalore,0.5,-12.880875
2025-05-18 21:00:00,570,Cuddalore,1.0,-12.880875
2025-05-18 22:00:00,570,Cuddalore,1.5,-12.71025
2025-05-18 23:00:00,570,Cuddalore,7.0,-12.71025
2025-05-19 01:00:00,570,Cuddalore,3.1666666666666665,-12.71025
2025-05-19 02:00:00,570,Cuddalore,2.333333333333333,-12.71025
2025-05-19 03:00:00,570,Cuddalore,1.0,-12.71025
2025-05-19 07:00:00,570,Cuddalore,0.5,-12.625625
2025-05-19 19:00:00,570,Cuddalore,5.0,-12.584625
2025-05-19 20:00:00,570,Cuddalore,29.0,-12.584625
2025-05-20 20:00:00,570,Cuddalore,0.5,-12.498625
2025-05-20 21:00:00,570,Cuddalore,0.5,-12.498625
2025-05-20 22:00:00,570,Cuddalore,14.0,-12.4505
2025-05-20 23:00:00,570,Cuddalore,0.5,-12.4505
2025-05-23 20:00:00,570,Cuddalore,6.0,-7.4635
2025-05-23 21:00:00,570,Cuddalore,0.5,-7.4635
2025-05-26 23:00:00,570,Cuddalore,0.5,-11.5956
2025-05-28 16:00:00,570,Cuddalore,0.5,-11.643
2025-05-28 19:00:00,570,Cuddalore,3.0,-11.643
2025-06-01 20:00:00,570,Cuddalore,1.0,-11.6744
2025-06-01 21:00:00,570,Cuddalore,1.0,-11.6744
2025-06-02 16:00:00,570,Cuddalore,0.5,-11.696000000000002
2025-06-03 22:00:00,570,Cuddalore,16.5,-8.8875
2025-06-08 16:00:00,570,Cuddalore,1.0,-8.9705
2025-06-08 21:00:00,570,Cuddalore,1.0,-8.9705
2025-06-08 23:00:00,570,Cuddalore,1.0,-8.93775
2025-06-09 03:00:00,570,Cuddalore,0.5,-8.93775
2025-06-09 17:00:00,570,Cuddalore,20.0,-8.9765
2025-06-09 18:00:00,570,Cuddalore,15.25,-8.9765
2025-06-09 21:00:00,570,Cuddalore,2.0,-8.9765
2025-06-09 22:00:00,570,Cuddalore,11.0,-11.677
2025-06-09 23:00:00,570,Cuddalore,8.5,-11.677
2025-06-10 00:00:00,570,Cuddalore,1.25,-11.677
2025-06-10 01:00:00,570,Cuddalore,1.0,-11.677
2025-06-10 02:00:00,570,Cuddalore,0.5,-11.677
2025-06-10 03:00:00,570,Cuddalore,0.5,-11.677
2025-06-10 05:00:00,570,Cuddalore,0.5,-11.63
2025-06-10 20:00:00,570,Cuddalore,16.5,-11.6538
2025-06-10 21:00:00,570,Cuddalore,14.5,-11.6538
2025-06-10 23:00:00,570,Cuddalore,1.6666666666666667,-11.5734
2025-06-11 00:00:00,570,Cuddalore,0.75,-11.5734
2025-06-11 01:00:00,570,Cuddalore,1.1666666666666667,-11.5734
2025-06-11 02:00:00,570,Cuddalore,0.5,-11.5734
2025-06-11 03:00:00,570,Cuddalore,2.5,-11.5734
2025-06-11 04:00:00,570,Cuddalore,3.0,-11.5406
2025-06-11 21:00:00,570,Cuddalore,0.5,-11.576
2025-06-12 00:00:00,570,Cuddalore,0.5,-11.5526
2025-06-12 18:00:00,570,Cuddalore,0.5,-11.6214
2025-06-19 21:00:00,570,Cuddalore,1.0,-8.9595
2025-06-22 19:00:00,570,Cuddalore,19.25,-9.0575
2025-06-22 20:00:00,570,Cuddalore,7.5,-9.0575
2025-06-22 21:00:00,570,Cuddalore,2.75,-9.0575
2025-06-22 22:00:00,570,Cuddalore,0.5,-8.996
2025-06-22 23:00:00,570,Cuddalore,0.5,-8.996
2025-06-28 21:00:00,570,Cuddalore,8.0,-9.10625
2025-06-28 22:00:00,570,Cuddalore,1.75,-9.068
2025-06-29 00:00:00,570,Cuddalore,0.5,-9.068
2025-07-08 20:00:00,570,Cuddalore,1.0,-9.40425
2025-07-10 20:00:00,570,Cuddalore,4.0,-9.434
2025-07-10 21:00:00,570,Cuddalore,5.5,-9.434
2025-07-11 18:00:00,570,Cuddalore,8.0,-9.45475
2025-07-11 19:00:00,570,Cuddalore,0.5,-9.45475
2025-07-13 16:00:00,570,Cuddalore,0.75,-9.518
2025-07-13 17:00:00,570,Cuddalore,3.0,-9.518
2025-07-13 18:00:00,570,Cuddalore,1.0,-9.518
2025-07-13 19:00:00,570,Cuddalore,0.75,-9.518
2025-07-13 20:00:00,570,Cuddalore,0.75,-9.518
2025-07-13 21:00:00,570,Cuddalore,0.5,-9.518
2025-07-13 22:00:00,570,Cuddalore,1.0,-9.47725
2025-07-13 23:00:00,570,Cuddalore,0.5,-9.47725
2025-07-14 00:00:00,570,Cuddalore,0.5,-9.47725
2025-07-14 01:00:00,570,Cuddalore,0.5,-9.47725
2025-07-14 02:00:00,570,Cuddalore,0.5,-9.47725
2025-07-14 03:00:00,570,Cuddalore,0.5,-9.47725
2025-07-14 04:00:00,570,Cuddalore,0.5,-9.4275
2025-07-20 07:00:00,570,Cuddalore,0.5,-9.54075
2025-07-20 08:00:00,570,Cuddalore,0.5,-9.54075
2025-07-23 20:00:00,570,Cuddalore,2.25,-9.69525
2025-07-23 21:00:00,570,Cuddalore,2.0,-9.69525
2025-07-23 22:00:00,570,Cuddalore,2.1666666666666665,-9.6375
2025-07-23 23:00:00,570,Cuddalore,1.5,-9.6375
2025-07-24 00:00:00,570,Cuddalore,1.0,-9.6375
2025-07-24 01:00:00,570,Cuddalore,0.5,-9.6375
2025-07-24 17:00:00,570,Cuddalore,4.0,-9.6735
2025-07-24 18:00:00,570,Cuddalore,1.0,-9.6735
2025-07-27 05:00:00,570,Cuddalore,0.5,-9.635
2025-07-31 17:00:00,570,Cuddalore,2.0,-12.212666666666664
2025-07-31 18:00:00,570,Cuddalore,1.0,-12.212666666666664
2025-07-31 19:00:00,570,Cuddalore,7.5,-12.212666666666664
2025-07-31 20:00:00,570,Cuddalore,14.5,-12.212666666666664
2025-07-31 21:00:00,570,Cuddalore,3.5,-12.212666666666664
2025-07-31 22:00:00,570,Cuddalore,1.0,-12.131333333333336
2025-07-31 23:00:00,570,Cuddalore,0.5,-12.131333333333336
2025-08-01 02:00:00,570,Cuddalore,3.0,-12.131333333333336
2025-08-01 03:00:00,570,Cuddalore,0.5,-12.131333333333336
2025-08-01 21:00:00,570,Cuddalore,0.5,-9.8745
2025-08-01 22:00:00,570,Cuddalore,0.5,-9.84025
2025-08-01 23:00:00,570,Cuddalore,15.5,-9.84025
2025-08-02 00:00:00,570,Cuddalore,18.33333333333333,-9.84025
2025-08-02 01:00:00,570,Cuddalore,10.5,-9.84025
2025-08-02 02:00:00,570,Cuddalore,7.0,-9.84025
2025-08-02 03:00:00,570,Cuddalore,1.5,-9.84025
2025-08-02 04:00:00,570,Cuddalore,0.8333333333333334,-9.66725
2025-08-02 05:00:00,570,Cuddalore,0.75,-9.66725
2025-08-02 06:00:00,570,Cuddalore,0.5,-9.66725
2025-08-02 07:00:00,570,Cuddalore,0.5,-9.66725
2025-08-02 08:00:00,570,Cuddalore,0.5,-9.66725
2025-08-02 09:00:00,570,Cuddalore,0.5,-9.66725
2025-08-02 10:00:00,570,Cuddalore,0.5,-9.68975
2025-08-02 11:00:00,570,Cuddalore,0.5,-9.68975
2025-08-02 12:00:00,570,Cuddalore,0.5,-9.68975
2025-08-02 13:00:00,570,Cuddalore,0.5,-9.68975
2025-08-02 14:00:00,570,Cuddalore,1.0,-9.68975
2025-08-02 15:00:00,570,Cuddalore,0.5,-9.68975
2025-08-02 16:00:00,570,Cuddalore,0.5,-9.67475
2025-08-02 17:00:00,570,Cuddalore,1.0,-9.67475
2025-08-02 18:00:00,570,Cuddalore,0.5,-9.67475
2025-08-02 19:00:00,570,Cuddalore,0.5,-9.67475
2025-08-02 20:00:00,570,Cuddalore,1.0,-9.67475
2025-08-02 22:00:00,570,Cuddalore,0.5,-9.64025
2025-08-02 23:00:00,570,Cuddalore,0.5,-9.64025
2025-08-03 00:00:00,570,Cuddalore,0.5,-9.64025
2025-08-03 01:00:00,570,Cuddalore,0.5,-9.64025
2025-08-03 02:00:00,570,Cuddalore,0.5,-9.64025
2025-08-03 04:00:00,570,Cuddalore,0.5,-9.59975
2025-08-03 06:00:00,570,Cuddalore,0.5,-9.59975
2025-08-03 09:00:00,570,Cuddalore,0.5,-9.59975
2025-08-03 13:00:00,570,Cuddalore,0.5,-9.66775
2025-08-04 15:00:00,570,Cuddalore,0.5,-12.3902
2025-08-04 16:00:00,570,Cuddalore,0.5,-12.3768
2025-08-04 19:00:00,570,Cuddalore,1.0,-12.3768
2025-08-04 20:00:00,570,Cuddalore,1.0,-12.3768
2025-08-04 22:00:00,570,Cuddalore,0.5,-12.4474
2025-08-04 23:00:00,570,Cuddalore,0.5,-12.4474
2025-08-05 00:00:00,570,Cuddalore,2.0,-12.4474
2025-08-05 01:00:00,570,Cuddalore,0.5,-12.4474
2025-08-05 02:00:00,570,Cuddalore,0.5,-12.4474
2025-08-05 04:00:00,570,Cuddalore,1.0,-12.4548
2025-08-05 05:00:00,570,Cuddalore,1.25,-12.4548
2025-08-05 06:00:00,570,Cuddalore,0.5,-12.4548
2025-08-05 07:00:00,570,Cuddalore,0.5,-12.4548
2025-08-05 08:00:00,570,Cuddalore,0.5,-12.4548
2025-08-05 09:00:00,570,Cuddalore,0.5,-12.4548
2025-08-05 10:00:00,570,Cuddalore,0.5,-12.4002
2025-08-05 11:00:00,570,Cuddalore,0.5,-12.4002
2025-08-05 12:00:00,570,Cuddalore,0.5,-12.4002
2025-08-05 13:00:00,570,Cuddalore,0.5,-12.4002
2025-08-05 14:00:00,570,Cuddalore,1.0,-12.4002
2025-08-05 15:00:00,570,Cuddalore,0.5,-12.4002
2025-08-05 16:00:00,570,Cuddalore,1.25,-12.284
2025-08-05 18:00:00,570,Cuddalore,0.5,-12.284
2025-08-05 19:00:00,570,Cuddalore,0.5,-12.284
2025-08-05 20:00:00,570,Cuddalore,0.5,-12.284
2025-08-05 21:00:00,570,Cuddalore,1.0,-12.284
2025-08-05 22:00:00,570,Cuddalore,2.5,-12.0724
2025-08-06 01:00:00,570,Cuddalore,0.5,-12.0724
2025-08-06 06:00:00,570,Cuddalore,0.5,-11.9096
2025-08-06 12:00:00,570,Cuddalore,0.5,-11.9982
2025-08-06 16:00:00,570,Cuddalore,0.5,-11.4385
2025-08-06 19:00:00,570,Cuddalore,0.5,-11.4385
2025-08-06 20:00:00,570,Cuddalore,0.5,-11.4385
2025-08-07 00:00:00,570,Cuddalore,0.5,-13.558571428571428
2025-08-07 05:00:00,570,Cuddalore,0.5,-12.2615
2025-08-07 10:00:00,570,Cuddalore,0.5,-12.785285714285717
2025-08-07 12:00:00,570,Cuddalore,0.5,-12.785285714285717
2025-08-09 00:00:00,570,Cuddalore,4.5,-14.24
2025-08-09 01:00:00,570,Cuddalore,5.25,-14.24
2025-08-09 02:00:00,570,Cuddalore,2.875,-14.24
2025-08-09 03:00:00,570,Cuddalore,2.0,-14.24
2025-08-09 04:00:00,570,Cuddalore,1.0,-15.364375
2025-08-09 05:00:00,570,Cuddalore,0.8333333333333334,-15.364375
2025-08-09 06:00:00,570,Cuddalore,1.25,-15.364375
2025-08-09 07:00:00,570,Cuddalore,1.5,-15.364375
2025-08-09 08:00:00,570,Cuddalore,1.0,-15.364375
2025-08-09 09:00:00,570,Cuddalore,1.0,-15.364375
2025-08-09 10:00:00,570,Cuddalore,1.5,-15.3795
2025-08-09 11:00:00,570,Cuddalore,1.0,-15.3795
2025-08-09 12:00:00,570,Cuddalore,1.5,-15.3795
2025-08-09 13:00:00,570,Cuddalore,1.5,-15.3795
2025-08-09 14:00:00,570,Cuddalore,2.0,-15.3795
2025-08-09 15:00:00,570,Cuddalore,1.0,-15.3795
2025-08-09 16:00:00,570,Cuddalore,1.5,-15.361875
2025-08-09 17:00:00,570,Cuddalore,0.75,-15.361875
2025-08-09 18:00:00,570,Cuddalore,1.75,-15.361875
2025-08-09 19:00:00,570,Cuddalore,0.5,-15.361875
2025-08-09 20:00:00,570,Cuddalore,1.0,-15.361875
2025-08-09 21:00:00,570,Cuddalore,0.5,-15.361875
2025-08-09 22:00:00,570,Cuddalore,0.5,-15.234
2025-08-09 23:00:00,570,Cuddalore,0.5,-15.234
2025-08-10 00:00:00,570,Cuddalore,0.5,-15.234
2025-08-10 01:00:00,570,Cuddalore,1.0,-15.234
2025-08-10 03:00:00,570,Cuddalore,0.5,-15.234
2025-08-10 04:00:00,570,Cuddalore,0.5,-13.949
2025-08-10 05:00:00,570,Cuddalore,0.5,-13.949
2025-08-10 08:00:00,570,Cuddalore,0.5,-13.949
2025-08-10 12:00:00,570,Cuddalore,0.5,-14.001555555555557
2025-08-10 15:00:00,570,Cuddalore,17.0,-14.001555555555557
2025-08-10 16:00:00,570,Cuddalore,7.5,-13.943888888888887
2025-08-10 17:00:00,570,Cuddalore,11.0,-13.943888888888887
2025-08-10 18:00:00,570,Cuddalore,1.0,-13.943888888888887
2025-08-10 19:00:00,570,Cuddalore,0.5,-13.943888888888887
2025-08-10 21:00:00,570,Cuddalore,1.75,-13.943888888888887
2025-08-10 22:00:00,570,Cuddalore,1.6666666666666667,-13.851555555555557
2025-08-10 23:00:00,570,Cuddalore,2.25,-13.851555555555557
2025-08-11 00:00:00,570,Cuddalore,1.25,-13.851555555555557
2025-08-11 01:00:00,570,Cuddalore,0.6666666666666666,-13.851555555555557
2025-08-11 02:00:00,570,Cuddalore,0.5,-13.851555555555557
2025-08-11 03:00:00,570,Cuddalore,0.5,-13.851555555555557
2025-08-11 04:00:00,570,Cuddalore,0.5,-13.786
2025-08-11 05:00:00,570,Cuddalore,0.5,-13.786
2025-08-11 06:00:00,570,Cuddalore,0.5,-13.786
2025-08-11 09:00:00,570,Cuddalore,0.5,-13.786
2025-08-11 12:00:00,570,Cuddalore,0.5,-13.750666666666667
2025-08-11 15:00:00,570,Cuddalore,0.5,-13.750666666666667
2025-08-11 18:00:00,570,Cuddalore,0.5,-13.729111111111113
2025-08-11 23:00:00,570,Cuddalore,0.5,-13.69488888888889
2025-08-12 04:00:00,570,Cuddalore,0.5,-11.662125
2025-08-12 10:00:00,570,Cuddalore,0.5,-11.71875
2025-08-12 17:00:00,570,Cuddalore,0.5,-11.755
2025-08-13 04:00:00,570,Cuddalore,0.5,-11.053
2025-08-13 11:25:00,570,Cuddalore,0.5,-11.103142857142858
2025-08-13 12:00:00,570,Cuddalore,0.5,-11.103142857142858
2025-08-13 16:00:00,570,Cuddalore,0.5,-11.118714285714288
2025-08-14 10:00:00,570,Cuddalore,1.0,-13.613333333333337
2025-08-14 18:00:00,570,Cuddalore,3.0,-13.56088888888889
2025-08-15 13:00:00,570,Cuddalore,0.5,-13.537333333333333
2025-08-17 05:00:00,570,Cuddalore,0.5,-13.478111111111112
2025-08-18 17:00:00,570,Cuddalore,1.5,-13.515222222222222
2025-08-18 18:00:00,570,Cuddalore,1.0,-13.515222222222222
2025-08-22 05:00:00,570,Cuddalore,2.5,-13.519444444444444
2025-08-22 06:00:00,570,Cuddalore,6.25,-13.519444444444444
2025-08-22 07:00:00,570,Cuddalore,6.5,-13.519444444444444
2025-08-24 11:00:00,570,Cuddalore,0.5,-13.492666666666668
2025-08-24 21:00:00,570,Cuddalore,2.0,-13.505555555555556
2025-08-28 10:00:00,570,Cuddalore,0.5,-13.468666666666667
2025-09-05 18:00:00,570,Cuddalore,2.0,-13.503555555555556
2025-09-05 19:00:00,570,Cuddalore,2.25,-13.503555555555556
2025-09-05 21:00:00,570,Cuddalore,0.5,-13.503555555555556
2025-09-06 17:00:00,570,Cuddalore,1.0,-13.417333333333334
2025-09-07 15:00:00,570,Cuddalore,1.5,-13.459555555555555
2025-09-07 18:00:00,570,Cuddalore,1.0,-13.441
2025-09-07 19:00:00,570,Cuddalore,6.0,-13.441
2025-09-08 00:00:00,570,Cuddalore,0.5,-13.346444444444444
2025-09-08 02:00:00,570,Cuddalore,4.0,-13.346444444444444
2025-09-08 03:00:00,570,Cuddalore,15.75,-13.346444444444444
2025-09-08 04:00:00,570,Cuddalore,0.5,-13.266777777777778
2025-09-08 05:00:00,570,Cuddalore,1.0,-13.266777777777778
2025-09-08 06:00:00,570,Cuddalore,1.0,-13.266777777777778
2025-09-09 04:00:00,570,Cuddalore,6.0,-13.347
2025-09-09 05:00:00,570,Cuddalore,1.0,-13.347
2025-09-10 16:00:00,570,Cuddalore,5.5,-13.413111111111112
2025-09-10 17:00:00,570,Cuddalore,0.5,-13.413111111111112
2025-09-10 18:00:00,570,Cuddalore,2.5,-13.413111111111112
2025-09-10 19:00:00,570,Cuddalore,0.5,-13.413111111111112
2025-09-10 20:00:00,570,Cuddalore,0.5,-13.413111111111112
2025-09-10 21:00:00,570,Cuddalore,0.5,-13.413111111111112
2025-09-11 15:00:00,570,Cuddalore,4.0,-13.326666666666666
2025-09-11 16:00:00,570,Cuddalore,23.0,-13.343333333333334
2025-09-11 17:00:00,570,Cuddalore,6.25,-13.343333333333334
2025-09-11 18:00:00,570,Cuddalore,0.8333333333333334,-13.343333333333334
2025-09-11 19:00:00,570,Cuddalore,2.0,-13.343333333333334
2025-09-11 20:00:00,570,Cuddalore,1.5,-13.343333333333334
2025-09-11 21:00:00,570,Cuddalore,1.5,-13.343333333333334
2025-09-11 22:00:00,570,Cuddalore,0.5,-13.264222222222225
2025-09-11 23:00:00,570,Cuddalore,0.5,-13.264222222222225
2025-09-12 04:00:00,570,Cuddalore,0.5,-13.256555555555556
2025-09-12 06:00:00,570,Cuddalore,0.5,-13.256555555555556
2025-09-12 16:00:00,570,Cuddalore,0.5,-13.287555555555556
2025-09-12 22:00:00,570,Cuddalore,10.5,-13.208444444444444
2025-09-13 00:00:00,570,Cuddalore,0.5,-13.208444444444444
2025-09-13 01:00:00,570,Cuddalore,10.0,-13.208444444444444
2025-09-13 02:00:00,570,Cuddalore,4.5,-13.208444444444444
2025-09-13 06:00:00,570,Cuddalore,0.5,-13.156
2025-09-13 07:00:00,570,Cuddalore,0.5,-13.156
2025-09-16 16:00:00,570,Cuddalore,2.0,-14.68925
2025-09-17 02:00:00,570,Cuddalore,1.5,-14.62425
2025-09-17 17:00:00,570,Cuddalore,1.0,-14.79225
2025-09-17 18:00:00,570,Cuddalore,0.5,-14.79225
2025-09-18 16:00:00,570,Cuddalore,24.0,-12.184333333333331
2025-09-18 17:00:00,570,Cuddalore,6.5,-12.184333333333331
2025-09-18 18:00:00,570,Cuddalore,0.5,-12.184333333333331
2025-09-18 19:00:00,570,Cuddalore,0.75,-12.184333333333331
2025-09-18 21:00:00,570,Cuddalore,0.5,-12.184333333333331
2025-09-18 23:00:00,570,Cuddalore,12.0,-12.184333333333331
2025-09-20 01:00:00,570,Cuddalore,0.5,-14.65775
2025-09-20 07:00:00,570,Cuddalore,0.5,-14.425714285714289
2025-09-20 08:00:00,570,Cuddalore,0.5,-14.425714285714289
2025-09-20 09:00:00,570,Cuddalore,3.0,-14.425714285714289
2025-09-20 23:00:00,570,Cuddalore,1.0,-14.559714285714287
2025-09-21 02:00:00,570,Cuddalore,0.5,-14.559714285714287
2025-09-21 03:00:00,570,Cuddalore,0.5,-14.559714285714287
2025-09-21 05:00:00,570,Cuddalore,0.5,-14.514285714285714
2025-09-21 17:00:00,570,Cuddalore,0.5,-14.978571428571428
2025-09-21 23:00:00,570,Cuddalore,4.0,-15.05
2025-09-22 00:00:00,570,Cuddalore,3.0,-15.05
2025-09-22 04:00:00,570,Cuddalore,0.5,-15.107285714285714
2025-09-23 14:00:00,570,Cuddalore,2.5,-15.37142857142857
2025-09-23 15:00:00,570,Cuddalore,5.5,-15.37142857142857
2025-09-24 20:00:00,570,Cuddalore,0.5,-15.373428571428573
2025-09-24 21:00:00,570,Cuddalore,11.5,-15.373428571428573
2025-09-24 22:00:00,570,Cuddalore,0.5,-15.281285714285714
2025-09-25 16:00:00,570,Cuddalore,7.5,-15.29957142857143
2025-09-25 19:00:00,570,Cuddalore,6.0,-15.29957142857143
2025-09-25 20:00:00,570,Cuddalore,48.75,-15.29957142857143
2025-09-25 21:00:00,570,Cuddalore,19.166666666666668,-15.29957142857143
2025-09-25 22:00:00,570,Cuddalore,1.25,-15.082857142857142
2025-09-25 23:00:00,570,Cuddalore,0.6666666666666666,-15.082857142857142
2025-09-26 00:00:00,570,Cuddalore,0.5,-15.082857142857142
2025-09-26 18:00:00,570,Cuddalore,2.5,-14.821428571428571
2025-09-27 18:00:00,570,Cuddalore,9.5,-15.038714285714288
2025-09-27 19:00:00,570,Cuddalore,2.0,-15.038714285714288
2025-09-27 20:00:00,570,Cuddalore,1.5,-15.038714285714288
2025-10-02 03:00:00,570,Cuddalore,2.0,-15.251857142857144
2025-10-04 04:00:00,570,Cuddalore,0.75,-13.0135
2025-10-04 05:00:00,570,Cuddalore,0.5,-13.0135
2025-10-04 06:00:00,570,Cuddalore,2.1666666666666665,-13.0135
2025-10-04 07:00:00,570,Cuddalore,1.25,-13.0135
2025-10-04 08:00:00,570,Cuddalore,0.75,-13.0135
2025-10-04 15:00:00,570,Cuddalore,0.5,-13.227833333333333
2025-10-05 14:00:00,570,Cuddalore,0.5,-13.362666666666668
2025-10-05 15:00:00,570,Cuddalore,4.0,-13.362666666666668
2025-10-05 18:00:00,570,Cuddalore,5.0,-13.290166666666666
2025-10-05 19:00:00,570,Cuddalore,2.5,-13.290166666666666
2025-10-05 20:00:00,570,Cuddalore,1.0,-13.290166666666666
2025-10-05 21:00:00,570,Cuddalore,1.0,-13.290166666666666
2025-10-05 22:00:00,570,Cuddalore,0.5,-13.002666666666665
2025-10-05 23:00:00,570,Cuddalore,0.5,-13.002666666666665
2025-10-16 01:00:00,570,Cuddalore,0.5,-15.507
2025-10-16 04:00:00,570,Cuddalore,1.0,-15.507
2025-10-16 05:00:00,570,Cuddalore,3.0,-15.507
2025-10-16 06:00:00,570,Cuddalore,0.5,-15.507
2025-10-16 07:00:00,570,Cuddalore,0.75,-15.507
2025-10-16 08:00:00,570,Cuddalore,6.0,-15.507
2025-10-16 09:00:00,570,Cuddalore,0.5,-15.507
2025-10-16 11:00:00,570,Cuddalore,0.5,-15.507
2025-10-16 12:00:00,570,Cuddalore,5.25,-15.507
2025-10-16 13:00:00,570,Cuddalore,12.5,-15.507
2025-10-16 14:00:00,570,Cuddalore,5.0,-15.507
2025-10-16 15:00:00,570,Cuddalore,2.5,-15.507
2025-10-16 23:00:00,570,Cuddalore,1.0,-15.507
2025-10-17 03:00:00,570,Cuddalore,0.5,-15.507
2025-10-17 04:00:00,570,Cuddalore,4.0,-15.507
2025-10-17 05:00:00,570,Cuddalore,1.75,-15.507
2025-10-17 07:00:00,570,Cuddalore,1.5,-15.507
2025-10-17 10:00:00,570,Cuddalore,0.5,-15.507
2025-10-17 11:00:00,570,Cuddalore,0.5,-15.507
2025-10-17 12:00:00,570,Cuddalore,0.5,-15.507
2025-10-17 13:00:00,570,Cuddalore,9.5,-15.507
2025-10-17 14:00:00,570,Cuddalore,0.5,-15.507
2025-10-17 20:00:00,570,Cuddalore,4.166666666666667,-15.507
2025-10-17 21:00:00,570,Cuddalore,0.5,-15.507
2025-10-17 22:00:00,570,Cuddalore,0.5,-15.507
2025-10-17 23:00:00,570,Cuddalore,1.5,-15.507
2025-10-18 00:00:00,570,Cuddalore,1.5,-15.507
2025-10-18 02:00:00,570,Cuddalore,0.5,-15.507
2025-10-18 03:00:00,570,Cuddalore,13.0,-15.507
2025-10-18 04:00:00,570,Cuddalore,14.5,-15.507
2025-10-18 05:00:00,570,Cuddalore,0.5,-15.507
2025-10-18 06:00:00,570,Cuddalore,1.5,-15.507
2025-10-18 07:00:00,570,Cuddalore,1.1666666666666667,-15.507
2025-10-18 08:00:00,570,Cuddalore,0.5,-15.507
2025-10-18 13:00:00,570,Cuddalore,3.5,-15.507
2025-10-18 21:00:00,570,Cuddalore,12.5,-15.507
2025-10-18 22:00:00,570,Cuddalore,3.0,-15.507
2025-10-18 23:00:00,570,Cuddalore,1.0,-15.507
2025-10-19 02:00:00,570,Cuddalore,0.5,-15.507
2025-10-19 04:00:00,570,Cuddalore,4.0,-15.507
2025-10-19 05:00:00,570,Cuddalore,4.5,-15.507
2025-10-19 06:00:00,570,Cuddalore,0.5,-15.507
2025-10-19 07:00:00,570,Cuddalore,0.5,-15.507
2025-10-19 10:00:00,570,Cuddalore,0.5,-15.507
2025-10-19 11:00:00,570,Cuddalore,1.0,-15.507
2025-10-20 05:00:00,570,Cuddalore,0.5,-15.507
2025-10-20 06:00:00,570,Cuddalore,12.0,-15.507
2025-10-20 07:00:00,570,Cuddalore,1.0,-15.507
2025-10-20 08:00:00,570,Cuddalore,2.25,-15.507
2025-10-20 09:00:00,570,Cuddalore,1.0,-15.507
2025-10-20 10:00:00,570,Cuddalore,3.0,-15.507
2025-10-20 14:00:00,570,Cuddalore,1.0,-15.507
2025-10-20 15:00:00,570,Cuddalore,0.75,-15.507
2025-10-20 16:00:00,570,Cuddalore,0.5,-15.507
2025-10-20 17:00:00,570,Cuddalore,1.0,-15.507
2025-10-20 18:00:00,570,Cuddalore,0.5,-15.507
2025-10-20 22:00:00,570,Cuddalore,3.0,-15.507
2025-10-20 23:00:00,570,Cuddalore,3.0,-15.507
2025-10-21 00:00:00,570,Cuddalore,1.0,-15.507
2025-10-21 02:00:00,570,Cuddalore,0.5,-15.507
2025-10-21 03:00:00,570,Cuddalore,3.5,-15.507
2025-10-21 04:00:00,570,Cuddalore,0.8333333333333334,-15.507
2025-10-21 05:00:00,570,Cuddalore,11.25,-15.507
2025-10-21 06:00:00,570,Cuddalore,19.0,-15.507
2025-10-21 07:00:00,570,Cuddalore,15.5,-15.507
2025-10-21 08:00:00,570,Cuddalore,4.5,-15.507
2025-10-21 09:00:00,570,Cuddalore,5.5,-15.507
2025-10-21 10:00:00,570,Cuddalore,10.125,-15.507
2025-10-21 11:00:00,570,Cuddalore,6.75,-15.507
2025-10-21 12:00:00,570,Cuddalore,1.25,-15.507
2025-10-21 13:00:00,570,Cuddalore,1.0,-15.507
2025-10-21 14:00:00,570,Cuddalore,2.0,-15.507
2025-10-21 15:00:00,570,Cuddalore,1.6666666666666667,-15.507
2025-10-21 16:00:00,570,Cuddalore,0.5,-15.507
2025-10-21 17:00:00,570,Cuddalore,3.0,-15.507
2025-10-21 18:00:00,570,Cuddalore,12.5,-15.507
2025-10-21 19:00:00,570,Cuddalore,10.75,-15.507
2025-10-21 20:00:00,570,Cuddalore,17.625,-15.507
2025-10-21 21:00:00,570,Cuddalore,12.5,-15.507
2025-10-21 22:00:00,570,Cuddalore,2.5,-15.507
2025-10-21 23:00:00,570,Cuddalore,4.875,-15.507
2025-10-22 00:00:00,570,Cuddalore,1.25,-15.507
2025-10-22 01:00:00,570,Cuddalore,4.75,-15.507
2025-10-22 02:00:00,570,Cuddalore,4.75,-15.507
2025-10-22 03:00:00,570,Cuddalore,3.5,-15.507
2025-10-22 04:00:00,570,Cuddalore,2.25,-15.507
2025-10-22 05:00:00,570,Cuddalore,1.0,-15.507
2025-10-22 07:00:00,570,Cuddalore,0.5,-15.507
2025-10-22 19:00:00,570,Cuddalore,3.5,-15.507
2025-10-22 21:00:00,570,Cuddalore,0.5,-15.507
2025-10-25 15:00:00,570,Cuddalore,8.25,-15.418
2025-10-25 16:00:00,570,Cuddalore,8.5,-15.411
2025-10-28 01:00:00,570,Cuddalore,0.5,-15.266333333333334
2025-11-06 03:00:00,570,Cuddalore,0.5,-14.73675
2025-11-06 05:00:00,570,Cuddalore,0.5,-14.719
2025-11-06 06:00:00,570,Cuddalore,0.5,-14.719
2025-11-06 07:00:00,570,Cuddalore,0.5,-14.719
2025-11-06 08:00:00,570,Cuddalore,1.0,-14.719
2025-11-06 10:00:00,570,Cuddalore,1.0,-14.72925
2025-11-07 12:00:00,570,Cuddalore,22.5,-14.641
2025-11-07 16:00:00,570,Cuddalore,11.5,-14.659
2025-11-07 17:00:00,570,Cuddalore,19.5,-14.659
2025-11-07 18:00:00,570,Cuddalore,1.0,-14.659
2025-11-07 19:00:00,570,Cuddalore,0.5,-14.659
2025-11-13 16:00:00,570,Cuddalore,8.5,-14.75425
2025-11-16 11:00:00,570,Cuddalore,0.5,-15.143
2025-11-16 12:00:00,570,Cuddalore,0.5,-15.143
2025-11-16 23:00:00,570,Cuddalore,1.5,-15.021333333333333
2025-11-17 00:00:00,570,Cuddalore,1.75,-15.021333333333333
2025-11-17 02:00:00,570,Cuddalore,3.0,-15.021333333333333
2025-11-17 03:00:00,570,Cuddalore,1.25,-15.021333333333333
2025-11-17 04:00:00,570,Cuddalore,1.0,-14.963666666666668
2025-11-17 05:00:00,570,Cuddalore,2.75,-14.963666666666668
2025-11-17 06:00:00,570,Cuddalore,4.0,-14.963666666666668
2025-11-17 07:00:00,570,Cuddalore,1.75,-14.963666666666668
2025-11-17 08:00:00,570,Cuddalore,0.75,-14.963666666666668
2025-11-17 17:00:00,570,Cuddalore,4.0,-14.917333333333332
2025-11-17 18:00:00,570,Cuddalore,3.5,-14.917333333333332
2025-11-17 19:00:00,570,Cuddalore,2.0,-14.917333333333332
2025-11-17 21:00:00,570,Cuddalore,1.0,-14.917333333333332
2025-11-17 22:00:00,570,Cuddalore,0.5,-14.912333333333333
2025-11-18 04:00:00,570,Cuddalore,0.5,-14.864333333333336
2025-11-18 06:00:00,570,Cuddalore,2.0,-14.864333333333336
2025-11-18 07:00:00,570,Cuddalore,6.25,-14.864333333333336
2025-11-18 08:00:00,570,Cuddalore,5.5,-14.864333333333336
2025-11-18 09:00:00,570,Cuddalore,1.5,-14.864333333333336
2025-11-18 13:00:00,570,Cuddalore,0.5,-14.867
2025-11-18 21:00:00,570,Cuddalore,2.75,-14.814666666666668
2025-11-19 00:00:00,570,Cuddalore,0.5,-14.33225
2025-11-19 04:00:00,570,Cuddalore,0.5,-14.2855
2025-11-19 06:00:00,570,Cuddalore,1.5,-14.2855
2025-11-19 08:00:00,570,Cuddalore,0.5,-14.2855
2025-11-20 10:00:00,570,Cuddalore,0.5,-14.2395
2025-11-21 15:00:00,570,Cuddalore,2.5,-15.8165
2025-11-22 00:00:00,570,Cuddalore,5.25,-15.5295
2025-11-22 01:00:00,570,Cuddalore,0.5,-15.5295
2025-11-22 02:00:00,570,Cuddalore,1.0,-15.5295
2025-11-22 03:00:00,570,Cuddalore,8.5,-15.5295
2025-11-22 04:00:00,570,Cuddalore,0.5,-15.381
2025-11-22 05:00:00,570,Cuddalore,0.5,-15.381
2025-11-22 15:00:00,570,Cuddalore,5.5,-15.452
2025-11-22 18:00:00,570,Cuddalore,10.25,-15.41175
2025-11-22 19:00:00,570,Cuddalore,0.5,-15.41175
2025-11-22 20:00:00,570,Cuddalore,5.5,-15.41175
2025-11-22 21:00:00,570,Cuddalore,0.5,-15.41175
2025-11-22 22:00:00,570,Cuddalore,15.0,-15.1805
2025-11-22 23:00:00,570,Cuddalore,1.5,-15.1805
2025-11-23 00:00:00,570,Cuddalore,9.0,-15.1805
2025-11-23 01:00:00,570,Cuddalore,4.75,-15.1805
2025-11-23 02:00:00,570,Cuddalore,1.5,-15.1805
2025-11-23 08:00:00,570,Cuddalore,2.5,-12.615333333333334
2025-11-23 09:00:00,570,Cuddalore,7.0,-12.615333333333334
2025-11-23 10:00:00,570,Cuddalore,0.5,-12.648666666666664
2025-11-23 11:00:00,570,Cuddalore,0.75,-12.648666666666664
2025-11-23 12:00:00,570,Cuddalore,8.0,-12.648666666666664
2025-11-23 17:00:00,570,Cuddalore,0.5,-12.485
2025-11-23 22:00:00,570,Cuddalore,7.0,-14.73325
2025-11-23 23:00:00,570,Cuddalore,34.0,-14.73325
2025-11-24 00:00:00,570,Cuddalore,20.5,-14.73325
2025-11-24 01:00:00,570,Cuddalore,18.0,-14.73325
2025-11-24 02:00:00,570,Cuddalore,3.5,-14.73325
2025-11-24 03:00:00,570,Cuddalore,3.5,-14.73325
2025-11-24 04:00:00,570,Cuddalore,8.5,-14.62225
2025-11-24 05:00:00,570,Cuddalore,4.25,-14.62225
2025-11-24 06:00:00,570,Cuddalore,22.75,-14.62225
2025-11-24 07:00:00,570,Cuddalore,7.75,-14.62225
2025-11-24 08:00:00,570,Cuddalore,9.75,-14.62225
2025-11-24 09:00:00,570,Cuddalore,7.75,-14.62225
2025-11-24 10:00:00,570,Cuddalore,2.0,-14.54125
2025-11-24 11:00:00,570,Cuddalore,11.0,-14.54125
2025-11-24 14:00:00,570,Cuddalore,2.5,-14.54125
2025-11-30 00:00:00,570,Cuddalore,2.5,-21.517
2025-11-30 00:30:00,570,Cuddalore,0.5,-21.517
2025-11-30 01:00:00,570,Cuddalore,1.5,-21.517
2025-11-30 01:30:00,570,Cuddalore,1.0,-21.517
2025-11-30 02:00:00,570,Cuddalore,1.0,-21.517
2025-11-30 02:30:00,570,Cuddalore,0.5,-21.517
2025-11-30 03:00:00,570,Cuddalore,0.75,-21.517
2025-11-30 03:30:00,570,Cuddalore,0.5,-10.0125
2025-11-30 04:00:00,570,Cuddalore,0.5,-10.0125
2025-11-30 05:00:00,570,Cuddalore,0.5,-10.0125
2025-11-30 08:30:00,570,Cuddalore,0.5,-10.0125
2025-11-30 09:00:00,570,Cuddalore,0.5,-10.0125
2025-11-30 09:30:00,570,Cuddalore,0.5,-9.8975
2025-11-30 10:00:00,570,Cuddalore,0.5,-9.8975
2025-11-30 11:00:00,570,Cuddalore,0.5,-9.8975
2025-11-30 17:00:00,570,Cuddalore,1.0,-9.858
2025-11-30 20:00:00,570,Cuddalore,0.5,-9.858
2025-11-30 21:00:00,570,Cuddalore,1.5,-9.858
2025-11-30 22:00:00,570,Cuddalore,1.0,-13.6895
2025-12-01 08:00:00,570,Cuddalore,0.5,-13.61175
2025-12-01 16:00:00,570,Cuddalore,0.5,-13.65125
2025-12-02 06:00:00,570,Cuddalore,0.75,-13.46
2025-12-02 07:00:00,570,Cuddalore,0.75,-13.46
2025-12-02 08:00:00,570,Cuddalore,0.5,-13.46
2025-12-02 10:00:00,570,Cuddalore,2.0,-13.531
2025-12-02 16:00:00,570,Cuddalore,0.5,-13.53
2025-12-02 17:00:00,570,Cuddalore,0.5,-13.53
2025-12-02 20:30:00,570,Cuddalore,0.5,-13.53
2025-12-02 21:00:00,570,Cuddalore,4.5,-13.53
2025-12-02 21:30:00,570,Cuddalore,1.0,-13.4985
2025-12-02 22:00:00,570,Cuddalore,2.25,-13.4985
2025-12-02 23:00:00,570,Cuddalore,1.25,-13.4985
2025-12-02 23:30:00,570,Cuddalore,3.0,-13.4985
2025-12-03 00:00:00,570,Cuddalore,5.75,-13.4985
2025-12-03 00:30:00,570,Cuddalore,0.5,-13.4985
2025-12-03 01:00:00,570,Cuddalore,1.0,-13.4985
2025-12-03 01:30:00,570,Cuddalore,1.0,-13.4985
2025-12-03 02:00:00,570,Cuddalore,3.1666666666666665,-13.4985
2025-12-03 02:30:00,570,Cuddalore,0.5,-13.4985
2025-12-03 03:00:00,570,Cuddalore,6.0,-13.4985
2025-12-03 04:00:00,570,Cuddalore,7.75,-13.38775
2025-12-03 05:00:00,570,Cuddalore,2.333333333333333,-13.38775
2025-12-03 06:00:00,570,Cuddalore,0.5,-13.38775
2025-12-03 07:00:00,570,Cuddalore,1.0,-13.38775
2025-12-03 08:00:00,570,Cuddalore,7.5,-13.38775
2025-12-03 09:00:00,570,Cuddalore,1.0,-13.38775
2025-12-03 10:00:00,570,Cuddalore,0.5,-13.39975
2025-12-03 11:00:00,570,Cuddalore,2.5,-13.39975
2025-12-03 16:00:00,570,Cuddalore,2.5,-13.349
2025-12-03 17:00:00,570,Cuddalore,0.5,-13.349
2025-12-04 17:00:00,570,Cuddalore,1.0,-11.831
2025-12-05 10:00:00,570,Cuddalore,0.5,-10.226
2025-12-05 12:00:00,570,Cuddalore,1.0,-10.226
2025-12-05 23:00:00,570,Cuddalore,0.5,-10.2005
2025-12-06 04:00:00,570,Cuddalore,2.75,-10.178
2025-12-06 05:00:00,570,Cuddalore,2.5,-10.178
2025-12-06 10:00:00,570,Cuddalore,1.5,-10.1635
2025-12-16 07:00:00,570,Cuddalore,1.0,-13.28925
2025-12-16 08:00:00,570,Cuddalore,0.5,-13.28925
2025-12-16 11:00:00,570,Cuddalore,2.0,-13.28925
2025-12-16 12:00:00,570,Cuddalore,3.25,-13.28925
2025-12-16 13:00:00,570,Cuddalore,1.75,-13.2335
2025-12-16 14:00:00,570,Cuddalore,10.5,-13.2335
2025-12-16 15:00:00,570,Cuddalore,1.25,-13.2335
2025-12-16 16:00:00,570,Cuddalore,3.5,-13.2335
2025-12-16 17:00:00,570,Cuddalore,1.0,-13.2335
2025-12-16 20:00:00,570,Cuddalore,0.75,-13.2335
2025-12-16 21:00:00,570,Cuddalore,0.5,-13.2335
2025-12-16 22:00:00,570,Cuddalore,8.0,-13.2335
2025-12-16 23:00:00,570,Cuddalore,13.0,-13.2335
2025-12-17 00:00:00,570,Cuddalore,3.0,-13.2335
2025-12-17 02:00:00,570,Cuddalore,0.5,-13.2335
2025-12-17 07:00:00,570,Cuddalore,0.5,-13.18175
2025-12-17 09:00:00,570,Cuddalore,0.5,-13.18175
2025-12-30 10:00:00,570,Cuddalore,0.5,-13.127
2026-01-10 01:00:00,570,Cuddalore,0.5,-17.315272727272728
2026-01-10 04:00:00,570,Cuddalore,0.5,-17.315272727272728
2026-01-12 02:00:00,570,Cuddalore,0.5,-20.059
2026-01-12 06:00:00,570,Cuddalore,2.0,-14.643666666666668
2026-01-12 07:00:00,570,Cuddalore,1.0,-19.972
2026-01-12 09:00:00,570,Cuddalore,1.0,-19.972
2026-01-12 10:00:00,570,Cuddalore,1.5,-14.69588888888889
2026-01-12 11:00:00,570,Cuddalore,0.75,-14.69588888888889
2026-01-12 12:00:00,570,Cuddalore,1.5,-14.69588888888889
2026-01-12 13:00:00,570,Cuddalore,1.0,-19.954
2026-01-12 14:00:00,570,Cuddalore,1.5,-19.954
2026-01-12 15:00:00,570,Cuddalore,0.5,-19.954
2026-01-12 16:00:00,570,Cuddalore,0.5,-14.644722222222224
2026-01-12 19:00:00,570,Cuddalore,0.5,-19.893
2026-01-12 20:00:00,570,Cuddalore,2.25,-19.893
2026-01-12 21:00:00,570,Cuddalore,0.5,-19.893
2026-01-12 23:00:00,570,Cuddalore,0.75,-14.5455
2026-01-13 01:00:00,570,Cuddalore,0.5,-19.735
2026-01-13 02:00:00,570,Cuddalore,1.0,-19.735
2026-01-13 03:00:00,570,Cuddalore,0.75,-19.735
2026-01-13 04:00:00,570,Cuddalore,0.5,-14.0316
2026-01-13 06:00:00,570,Cuddalore,0.5,-14.0316
2026-01-13 07:00:00,570,Cuddalore,0.5,-19.733
2026-01-14 13:00:00,570,Cuddalore,0.5,-20.322
2026-01-20 19:00:00,570,Cuddalore,0.5,-14.05805882352941
2026-01-23 21:00:00,570,Cuddalore,1.5,-14.749058823529412
2026-01-23 22:00:00,570,Cuddalore,0.5,-13.521736842105264
2026-01-23 23:00:00,570,Cuddalore,0.5,-13.521736842105264
2026-01-24 00:00:00,570,Cuddalore,0.5,-13.521736842105264
2026-01-24 02:00:00,570,Cuddalore,0.5,-13.521736842105264
2026-01-24 10:00:00,570,Cuddalore,1.0,-13.51357894736842
2026-01-24 11:00:00,570,Cuddalore,1.5,-13.51357894736842
2026-01-24 13:00:00,570,Cuddalore,0.5,-13.51357894736842
2026-01-24 14:00:00,570,Cuddalore,0.5,-13.51357894736842
2026-01-24 16:00:00,570,Cuddalore,0.5,-13.478894736842104
2026-01-24 17:00:00,570,Cuddalore,1.5,-13.478894736842104
2026-01-24 22:00:00,570,Cuddalore,0.5,-13.405157894736842
2026-01-25 03:00:00,570,Cuddalore,0.5,-13.405157894736842
2026-01-25 06:00:00,570,Cuddalore,0.75,-6.165
2026-01-25 10:00:00,570,Cuddalore,1.25,-6.19825
2026-01-25 13:00:00,570,Cuddalore,2.0,-6.19825
2026-01-25 14:00:00,570,Cuddalore,0.5,-6.19825
2026-01-25 16:00:00,570,Cuddalore,1.0,-6.849285714285714
2026-01-25 17:00:00,570,Cuddalore,0.5,-6.849285714285714
2026-01-25 18:00:00,570,Cuddalore,1.75,-6.849285714285714
2026-01-25 19:00:00,570,Cuddalore,8.0,-6.849285714285714
2026-01-25 20:00:00,570,Cuddalore,4.0,-6.849285714285714
2026-01-25 21:00:00,570,Cuddalore,2.0,-6.849285714285714
2026-01-26 02:00:00,570,Cuddalore,0.5,-13.322368421052632
2026-01-27 01:00:00,570,Cuddalore,0.5,-14.24935294117647
2026-03-19 01:30:00,570,Cuddalore,20.5,-16.140652173913043
2026-03-19 02:00:00,570,Cuddalore,10.0,-16.140652173913043
2026-03-19 03:00:00,570,Cuddalore,7.833333333333333,-16.140652173913043
2026-03-19 04:00:00,570,Cuddalore,12.5,-16.07913043478261
2026-03-19 05:00:00,570,Cuddalore,0.5,-16.07913043478261
2026-03-19 17:00:00,570,Cuddalore,0.5,-16.133652173913045
2026-03-20 04:00:00,570,Cuddalore,0.5,-15.676666666666668
2021-09-30 22:00:00,571,Dharmapuri,0.5,-11.09053846153846
2021-10-01 17:00:00,571,Dharmapuri,2.5,-11.300153846153846
2021-10-02 06:00:00,571,Dharmapuri,2.0,-11.054923076923076
2021-10-02 14:00:00,571,Dharmapuri,0.5,-11.076230769230769
2021-10-25 15:00:00,571,Dharmapuri,3.5,-13.669214285714286
2021-12-30 21:00:00,571,Dharmapuri,0.5,-5.1601
2021-12-31 12:00:00,571,Dharmapuri,0.5,-5.262700000000001
2021-12-31 13:00:00,571,Dharmapuri,5.5,-5.262700000000001
2021-12-31 15:00:00,571,Dharmapuri,1.0,-5.262700000000001
2021-12-31 18:00:00,571,Dharmapuri,4.0,-5.122999999999999
2021-12-31 19:00:00,571,Dharmapuri,0.5,-5.122999999999999
2021-12-31 20:00:00,571,Dharmapuri,0.5,-5.122999999999999
2021-12-31 21:00:00,571,Dharmapuri,0.5,-5.122999999999999
2021-12-31 22:00:00,571,Dharmapuri,0.5,-5.1196
2022-01-01 05:00:00,571,Dharmapuri,0.5,-5.114
2022-01-01 16:00:00,571,Dharmapuri,0.5,-5.0798000000000005
2022-01-28 11:00:00,571,Dharmapuri,1.25,-6.314
2022-01-28 12:00:00,571,Dharmapuri,0.5,-6.314
2022-01-28 13:00:00,571,Dharmapuri,0.5,-6.314
2022-03-07 03:00:00,571,Dharmapuri,0.5,-8.092333333333332
2022-03-19 23:00:00,571,Dharmapuri,1.25,-9.433083333333334
2022-03-20 00:00:00,571,Dharmapuri,1.0,-9.433083333333334
2022-03-20 01:00:00,571,Dharmapuri,0.5,-9.433083333333334
2022-03-20 02:00:00,571,Dharmapuri,0.5,-9.433083333333334
2022-03-20 20:00:00,571,Dharmapuri,0.5,-9.553666666666668
2022-03-20 22:00:00,571,Dharmapuri,0.5,-9.575166666666666
2022-03-21 21:00:00,571,Dharmapuri,4.0,-9.555
2022-03-21 22:00:00,571,Dharmapuri,0.5,-9.5565
2022-03-21 23:00:00,571,Dharmapuri,0.5,-9.5565
2022-03-22 00:00:00,571,Dharmapuri,6.5,-9.5565
2022-03-22 01:00:00,571,Dharmapuri,2.5,-9.5565
2022-03-22 02:00:00,571,Dharmapuri,0.5,-9.5565
2022-03-22 03:00:00,571,Dharmapuri,0.5,-9.5565
2022-03-22 04:00:00,571,Dharmapuri,2.0,-9.429083333333333
2022-03-22 05:00:00,571,Dharmapuri,1.0,-9.429083333333333
2022-03-23 15:00:00,571,Dharmapuri,7.0,-9.531153846153844
2022-03-23 16:00:00,571,Dharmapuri,2.0,-9.598538461538462
2022-03-25 17:00:00,571,Dharmapuri,7.0,-9.542615384615384
2022-04-13 14:00:00,571,Dharmapuri,7.0,-10.965307692307691
2022-04-13 15:00:00,571,Dharmapuri,11.0,-10.965307692307691
2022-04-14 17:00:00,571,Dharmapuri,2.75,-10.969307692307693
2022-04-14 18:00:00,571,Dharmapuri,1.0,-10.969307692307693
2022-04-14 19:00:00,571,Dharmapuri,1.75,-10.969307692307693
2022-04-14 21:00:00,571,Dharmapuri,1.0,-10.969307692307693
2022-04-14 22:00:00,571,Dharmapuri,0.5,-10.898538461538465
2022-04-15 00:00:00,571,Dharmapuri,0.5,-10.898538461538465
2022-04-15 01:00:00,571,Dharmapuri,1.0,-10.898538461538465
2022-04-15 02:00:00,571,Dharmapuri,1.1666666666666667,-10.898538461538465
2022-04-15 03:00:00,571,Dharmapuri,0.5,-10.898538461538465
2022-04-16 22:00:00,571,Dharmapuri,9.5,-10.53730769230769
2022-04-16 23:00:00,571,Dharmapuri,0.5,-10.53730769230769
2022-04-17 00:00:00,571,Dharmapuri,8.5,-10.53730769230769
2022-04-17 01:00:00,571,Dharmapuri,6.0,-10.53730769230769
2022-04-17 02:00:00,571,Dharmapuri,3.0,-10.53730769230769
2022-04-17 03:00:00,571,Dharmapuri,0.5,-10.53730769230769
2022-04-17 19:00:00,571,Dharmapuri,5.0,-10.550846153846154
2022-04-17 20:00:00,571,Dharmapuri,9.75,-10.550846153846154
2022-04-17 21:00:00,571,Dharmapuri,0.5,-10.550846153846154
2022-04-17 22:00:00,571,Dharmapuri,0.5,-10.498
2022-04-17 23:00:00,571,Dharmapuri,1.1666666666666667,-10.498
2022-04-18 00:00:00,571,Dharmapuri,1.6666666666666667,-10.498
2022-04-18 01:00:00,571,Dharmapuri,0.5,-10.498
2022-04-18 03:00:00,571,Dharmapuri,0.5,-10.498
2022-05-01 16:00:00,571,Dharmapuri,8.0,-7.456
2022-05-01 17:00:00,571,Dharmapuri,25.0,-7.456
2022-05-01 18:00:00,571,Dharmapuri,0.75,-10.964555555555556
2022-05-01 19:00:00,571,Dharmapuri,0.5,-10.964555555555556
2022-06-05 17:00:00,571,Dharmapuri,1.0,-8.165
2022-06-06 11:00:00,571,Dharmapuri,0.5,-8.187
2022-06-06 22:00:00,571,Dharmapuri,3.0,-8.209
2022-06-07 00:00:00,571,Dharmapuri,1.5,-9.21225
2022-06-07 01:00:00,571,Dharmapuri,0.5,-9.21225
2022-06-14 22:00:00,571,Dharmapuri,5.5,-8.394
2022-06-14 23:00:00,571,Dharmapuri,2.5,-8.394
2022-06-15 00:00:00,571,Dharmapuri,1.0,-9.608923076923077
2022-06-15 12:00:00,571,Dharmapuri,0.5,-9.566384615384615
2022-06-16 00:00:00,571,Dharmapuri,20.0,-9.394307692307692
2022-06-18 14:00:00,571,Dharmapuri,7.0,-9.8345
2022-06-19 15:00:00,571,Dharmapuri,0.5,-8.391
2022-06-20 11:00:00,571,Dharmapuri,0.5,-8.417
2022-06-20 23:00:00,571,Dharmapuri,1.0,-8.43
2022-06-21 03:00:00,571,Dharmapuri,0.5,-8.417
2022-06-21 10:00:00,571,Dharmapuri,0.5,-8.433
2022-06-21 18:00:00,571,Dharmapuri,0.5,-9.33276923076923
2022-06-21 20:00:00,571,Dharmapuri,0.5,-9.33276923076923
2022-06-26 02:00:00,571,Dharmapuri,0.5,-9.417307692307691
2022-06-29 19:00:00,571,Dharmapuri,1.5,-9.69076923076923
2022-06-30 16:00:00,571,Dharmapuri,1.5,-8.575
2022-07-04 23:00:00,571,Dharmapuri,0.5,-8.677
2022-07-07 17:00:00,571,Dharmapuri,1.0,-8.746
2022-07-07 20:00:00,571,Dharmapuri,2.0,-9.413285714285715
2022-07-07 21:00:00,571,Dharmapuri,0.5,-8.755
2022-07-07 22:00:00,571,Dharmapuri,0.5,-8.755
2022-07-08 14:00:00,571,Dharmapuri,1.0,-9.378928571428572
2022-07-09 15:00:00,571,Dharmapuri,0.5,-8.788
2022-07-11 15:00:00,571,Dharmapuri,1.5,-8.844
2022-07-11 16:00:00,571,Dharmapuri,0.5,-8.844
2022-07-13 18:00:00,571,Dharmapuri,2.0,-9.265142857142855
2022-07-26 22:00:00,571,Dharmapuri,1.5,-8.891
2022-07-26 23:00:00,571,Dharmapuri,1.5,-8.891
2022-07-27 00:00:00,571,Dharmapuri,1.0,-9.265857142857143
2022-07-27 01:00:00,571,Dharmapuri,1.0,-9.265857142857143
2022-07-27 02:00:00,571,Dharmapuri,7.0,-9.265857142857143
2022-07-27 03:00:00,571,Dharmapuri,2.5,-8.873
2022-07-27 04:00:00,571,Dharmapuri,2.5,-8.873
2022-07-27 05:00:00,571,Dharmapuri,3.5,-8.873
2022-07-27 06:00:00,571,Dharmapuri,4.5,-8.862
2022-07-27 07:00:00,571,Dharmapuri,0.5,-8.862
2022-07-27 08:00:00,571,Dharmapuri,0.5,-8.862
2022-07-27 09:00:00,571,Dharmapuri,0.5,-8.862
2022-07-27 16:00:00,571,Dharmapuri,0.5,-8.822
2022-07-27 17:00:00,571,Dharmapuri,1.25,-8.822
2022-07-27 18:00:00,571,Dharmapuri,3.5,-8.704571428571429
2022-07-27 19:00:00,571,Dharmapuri,0.5,-8.704571428571429
2022-07-27 20:00:00,571,Dharmapuri,0.5,-8.704571428571429
2022-07-27 21:00:00,571,Dharmapuri,1.75,-8.799
2022-07-27 23:00:00,571,Dharmapuri,0.5,-8.799
2022-07-28 01:00:00,571,Dharmapuri,0.5,-8.656142857142857
2022-07-28 05:00:00,571,Dharmapuri,0.5,-8.759
2022-07-28 09:00:00,571,Dharmapuri,0.5,-8.739
2022-07-28 10:00:00,571,Dharmapuri,0.5,-8.739
2022-07-28 19:00:00,571,Dharmapuri,0.5,-8.528142857142857
2022-07-28 21:00:00,571,Dharmapuri,0.5,-8.693
2022-07-29 01:00:00,571,Dharmapuri,0.5,-8.5625
2022-07-29 06:00:00,571,Dharmapuri,0.5,-8.564714285714285
2022-07-30 04:00:00,571,Dharmapuri,0.5,-8.603
2022-07-30 20:00:00,571,Dharmapuri,2.5,-8.592285714285714
2022-07-30 21:00:00,571,Dharmapuri,1.5,-8.579
2022-07-30 22:00:00,571,Dharmapuri,3.5,-8.579
2022-07-30 23:00:00,571,Dharmapuri,0.5,-8.579
2022-07-31 01:00:00,571,Dharmapuri,7.0,-8.583285714285713
2022-07-31 02:00:00,571,Dharmapuri,0.75,-8.583285714285713
2022-07-31 03:00:00,571,Dharmapuri,2.0,-8.556
2022-07-31 04:00:00,571,Dharmapuri,1.5,-8.556
2022-07-31 05:00:00,571,Dharmapuri,0.5,-8.556
2022-07-31 08:00:00,571,Dharmapuri,0.5,-8.680615384615384
2022-07-31 13:00:00,571,Dharmapuri,0.5,-8.72
2022-07-31 15:00:00,571,Dharmapuri,4.0,-8.522
2022-07-31 16:00:00,571,Dharmapuri,15.5,-8.522
2022-07-31 18:00:00,571,Dharmapuri,22.0,-8.5275
2022-07-31 19:00:00,571,Dharmapuri,2.5,-8.5275
2022-07-31 20:00:00,571,Dharmapuri,0.5,-8.5275
2022-08-01 04:00:00,571,Dharmapuri,1.5,-8.482
2022-08-01 19:00:00,571,Dharmapuri,14.0,-8.649384615384616
2022-08-01 20:00:00,571,Dharmapuri,10.0,-8.649384615384616
2022-08-01 22:00:00,571,Dharmapuri,0.5,-8.447
2022-08-02 01:00:00,571,Dharmapuri,1.5,-8.53076923076923
2022-08-02 02:00:00,571,Dharmapuri,1.0,-8.53076923076923
2022-08-02 17:00:00,571,Dharmapuri,1.0,-8.388
2022-08-02 18:00:00,571,Dharmapuri,20.0,-8.201857142857142
2022-08-02 23:00:00,571,Dharmapuri,3.5,-8.393
2022-08-03 00:00:00,571,Dharmapuri,3.0,-8.230285714285715
2022-08-03 01:00:00,571,Dharmapuri,2.5,-8.230285714285715
2022-08-03 10:00:00,571,Dharmapuri,0.5,-8.367
2022-08-03 19:00:00,571,Dharmapuri,0.5,-8.042285714285715
2022-08-03 20:00:00,571,Dharmapuri,1.0,-8.042285714285715
2022-08-04 00:00:00,571,Dharmapuri,0.5,-8.01457142857143
2022-08-04 12:00:00,571,Dharmapuri,0.5,-8.164461538461538
2022-08-04 13:00:00,571,Dharmapuri,12.5,-8.164461538461538
2022-08-04 14:00:00,571,Dharmapuri,2.5,-8.164461538461538
2022-08-04 15:00:00,571,Dharmapuri,2.25,-8.302
2022-08-04 16:00:00,571,Dharmapuri,6.5,-8.302
2022-08-04 17:00:00,571,Dharmapuri,0.5,-8.302
2022-08-04 18:00:00,571,Dharmapuri,0.5,-8.135384615384616
2022-08-04 21:00:00,571,Dharmapuri,0.5,-8.287
2022-08-04 22:00:00,571,Dharmapuri,0.5,-8.287
2022-08-05 02:00:00,571,Dharmapuri,0.5,-8.093
2022-08-05 09:00:00,571,Dharmapuri,0.5,-8.212
2022-08-05 16:00:00,571,Dharmapuri,0.5,-8.155
2022-08-06 10:00:00,571,Dharmapuri,0.5,-8.044
2022-08-07 06:00:00,571,Dharmapuri,0.5,-7.846857142857142
2022-08-08 02:00:00,571,Dharmapuri,0.5,-7.758357142857143
2022-08-11 15:00:00,571,Dharmapuri,0.5,-7.621
2022-08-12 23:00:00,571,Dharmapuri,0.5,-7.604
2022-08-13 17:00:00,571,Dharmapuri,0.5,-7.566
2022-08-14 06:00:00,571,Dharmapuri,0.5,-7.969769230769231
2022-08-14 20:00:00,571,Dharmapuri,0.5,-7.956785714285715
2022-08-15 09:00:00,571,Dharmapuri,0.5,-7.536
2022-08-16 09:00:00,571,Dharmapuri,0.5,-7.509
2022-08-16 21:00:00,571,Dharmapuri,0.5,-7.499
2022-08-17 06:00:00,571,Dharmapuri,0.5,-7.965642857142858
2022-08-17 10:00:00,571,Dharmapuri,0.5,-7.487
2022-08-17 16:00:00,571,Dharmapuri,0.5,-7.473
2022-08-19 00:00:00,571,Dharmapuri,1.0,-8.083071428571428
2022-08-19 02:00:00,571,Dharmapuri,0.5,-8.083071428571428
2022-08-19 04:00:00,571,Dharmapuri,0.5,-7.458
2022-08-20 11:00:00,571,Dharmapuri,0.5,-7.472
2022-08-21 17:00:00,571,Dharmapuri,0.5,-7.452
2022-08-21 18:00:00,571,Dharmapuri,1.5,-8.015142857142857
2022-08-21 23:00:00,571,Dharmapuri,0.5,-7.467
2022-08-22 19:00:00,571,Dharmapuri,6.0,-7.991428571428571
2022-08-22 20:00:00,571,Dharmapuri,1.5,-7.991428571428571
2022-08-22 22:00:00,571,Dharmapuri,0.5,-7.474
2022-08-23 00:00:00,571,Dharmapuri,0.5,-7.931857142857143
2022-08-24 22:00:00,571,Dharmapuri,20.5,-7.484
2022-08-24 23:00:00,571,Dharmapuri,31.0,-7.484
2022-08-25 00:00:00,571,Dharmapuri,2.25,-7.770642857142858
2022-08-25 02:00:00,571,Dharmapuri,0.5,-7.770642857142858
2022-08-25 07:00:00,571,Dharmapuri,0.5,-7.688285714285715
2022-08-25 16:00:00,571,Dharmapuri,0.5,-7.427
2022-08-25 17:00:00,571,Dharmapuri,2.5,-7.427
2022-08-25 18:00:00,571,Dharmapuri,0.5,-8.00307142857143
2022-08-25 20:00:00,571,Dharmapuri,0.5,-8.00307142857143
2022-08-26 00:00:00,571,Dharmapuri,7.5,-7.841714285714285
2022-08-26 01:00:00,571,Dharmapuri,23.0,-7.841714285714285
2022-08-26 02:00:00,571,Dharmapuri,15.0,-7.841714285714285
2022-08-26 04:00:00,571,Dharmapuri,7.5,-7.408
2022-08-26 05:00:00,571,Dharmapuri,1.0,-7.408
2022-08-26 08:00:00,571,Dharmapuri,0.5,-7.609076923076923
2022-08-26 16:00:00,571,Dharmapuri,1.5,-7.404
2022-08-26 17:00:00,571,Dharmapuri,16.0,-7.404
2022-08-26 18:00:00,571,Dharmapuri,0.75,-7.677
2022-08-26 19:00:00,571,Dharmapuri,1.0,-7.677
2022-08-26 20:00:00,571,Dharmapuri,1.25,-7.677
2022-08-26 21:00:00,571,Dharmapuri,2.75,-7.408
2022-08-26 22:00:00,571,Dharmapuri,1.0,-7.408
2022-08-26 23:00:00,571,Dharmapuri,1.0,-7.408
2022-08-27 00:00:00,571,Dharmapuri,0.75,-7.656538461538461
2022-08-27 01:00:00,571,Dharmapuri,0.5,-7.656538461538461
2022-08-27 02:00:00,571,Dharmapuri,0.5,-7.656538461538461
2022-08-27 04:00:00,571,Dharmapuri,3.0,-7.386
2022-08-27 05:00:00,571,Dharmapuri,0.5,-7.386
2022-08-27 18:00:00,571,Dharmapuri,0.5,-7.501230769230769
2022-08-27 19:00:00,571,Dharmapuri,0.5,-7.501230769230769
2022-08-28 10:00:00,571,Dharmapuri,0.5,-7.396
2022-08-28 13:00:00,571,Dharmapuri,0.5,-7.356214285714286
2022-08-28 16:00:00,571,Dharmapuri,0.5,-7.374
2022-08-28 18:00:00,571,Dharmapuri,0.5,-7.273357142857143
2022-08-28 21:00:00,571,Dharmapuri,13.5,-7.398
2022-08-28 22:00:00,571,Dharmapuri,0.5,-7.398
2022-08-28 23:00:00,571,Dharmapuri,0.5,-7.398
2022-08-29 02:00:00,571,Dharmapuri,1.25,-7.3695
2022-08-29 03:00:00,571,Dharmapuri,1.25,-7.383
2022-08-29 04:00:00,571,Dharmapuri,1.0,-7.383
2022-08-29 05:00:00,571,Dharmapuri,4.0,-7.383
2022-08-29 06:00:00,571,Dharmapuri,3.0,-7.324538461538462
2022-08-29 15:00:00,571,Dharmapuri,0.5,-7.372
2022-08-29 19:00:00,571,Dharmapuri,0.5,-7.286
2022-08-29 23:00:00,571,Dharmapuri,0.5,-7.385
2022-08-30 01:00:00,571,Dharmapuri,4.5,-7.256615384615385
2022-08-30 02:00:00,571,Dharmapuri,1.5,-7.256615384615385
2022-08-30 03:00:00,571,Dharmapuri,1.5,-7.371
2022-08-30 04:00:00,571,Dharmapuri,5.5,-7.371
2022-08-30 10:00:00,571,Dharmapuri,0.5,-7.392
2022-08-30 11:00:00,571,Dharmapuri,0.5,-7.392
2022-08-30 12:00:00,571,Dharmapuri,2.5,-7.106357142857143
2022-08-30 13:00:00,571,Dharmapuri,2.75,-7.106357142857143
2022-08-30 14:00:00,571,Dharmapuri,4.0,-7.106357142857143
2022-08-30 15:00:00,571,Dharmapuri,10.5,-7.371
2022-08-30 16:00:00,571,Dharmapuri,7.5,-7.371
2022-08-30 17:00:00,571,Dharmapuri,4.0,-7.371
2022-08-30 18:00:00,571,Dharmapuri,3.0,-7.073071428571429
2022-08-30 19:00:00,571,Dharmapuri,3.5,-7.073071428571429
2022-08-30 20:00:00,571,Dharmapuri,3.5,-7.073071428571429
2022-08-30 21:00:00,571,Dharmapuri,3.0,-7.386
2022-08-30 22:00:00,571,Dharmapuri,3.0,-7.386
2022-08-30 23:00:00,571,Dharmapuri,2.5,-7.386
2022-08-31 00:00:00,571,Dharmapuri,2.5,-7.081714285714285
2022-08-31 01:00:00,571,Dharmapuri,2.0,-7.081714285714285
2022-08-31 02:00:00,571,Dharmapuri,1.5,-7.081714285714285
2022-08-31 03:00:00,571,Dharmapuri,1.5,-7.368
2022-08-31 04:00:00,571,Dharmapuri,1.0,-7.368
2022-08-31 05:00:00,571,Dharmapuri,1.5,-7.368
2022-08-31 06:00:00,571,Dharmapuri,1.5,-7.083285714285714
2022-08-31 07:00:00,571,Dharmapuri,1.5,-7.083285714285714
2022-08-31 08:00:00,571,Dharmapuri,1.5,-7.083285714285714
2022-08-31 09:00:00,571,Dharmapuri,1.5,-7.386
2022-08-31 10:00:00,571,Dharmapuri,2.5,-7.386
2022-08-31 11:00:00,571,Dharmapuri,2.0,-7.386
2022-08-31 12:00:00,571,Dharmapuri,1.5,-7.053642857142856
2022-08-31 13:00:00,571,Dharmapuri,1.0,-7.053642857142856
2022-08-31 14:00:00,571,Dharmapuri,0.5,-7.053642857142856
2022-08-31 15:00:00,571,Dharmapuri,0.5,-7.377
2022-08-31 16:00:00,571,Dharmapuri,0.5,-7.377
2022-08-31 17:00:00,571,Dharmapuri,0.5,-7.377
2022-08-31 18:00:00,571,Dharmapuri,4.5,-7.085642857142857
2022-08-31 20:00:00,571,Dharmapuri,0.5,-7.085642857142857
2022-09-01 02:00:00,571,Dharmapuri,0.5,-7.036499999999999
2022-09-01 11:00:00,571,Dharmapuri,0.5,-7.389
2022-09-01 13:00:00,571,Dharmapuri,2.0,-6.923642857142857
2022-09-01 14:00:00,571,Dharmapuri,0.5,-6.923642857142857
2022-09-01 15:00:00,571,Dharmapuri,3.6666666666666665,-7.356
2022-09-01 16:00:00,571,Dharmapuri,2.0,-7.356
2022-09-02 17:00:00,571,Dharmapuri,2.0,-7.010928571428572
2022-09-02 18:00:00,571,Dharmapuri,0.5,-7.010928571428572
2022-09-03 17:00:00,571,Dharmapuri,1.0,-6.832400000000001
2022-09-04 04:00:00,571,Dharmapuri,3.0,-6.756
2022-09-04 07:00:00,571,Dharmapuri,0.5,-6.756
2022-09-04 18:00:00,571,Dharmapuri,3.0,-7.117714285714285
2022-09-04 19:00:00,571,Dharmapuri,4.5,-7.117714285714285
2022-09-04 20:00:00,571,Dharmapuri,23.5,-7.117714285714285
2022-09-04 21:00:00,571,Dharmapuri,4.5,-7.117714285714285
2022-09-04 22:00:00,571,Dharmapuri,2.0,-7.047571428571429
2022-09-05 01:00:00,571,Dharmapuri,1.5,-7.047571428571429
2022-09-05 02:00:00,571,Dharmapuri,3.0,-7.047571428571429
2022-09-05 03:00:00,571,Dharmapuri,1.5,-7.047571428571429
2022-09-05 04:00:00,571,Dharmapuri,0.5,-6.7986
2022-09-05 05:00:00,571,Dharmapuri,0.5,-6.7986
2022-09-05 07:00:00,571,Dharmapuri,0.5,-6.7986
2022-09-05 09:00:00,571,Dharmapuri,0.5,-6.7986
2022-09-05 11:00:00,571,Dharmapuri,0.5,-6.849933333333333
2022-09-05 13:00:00,571,Dharmapuri,0.5,-6.849933333333333
2022-09-05 18:00:00,571,Dharmapuri,0.5,-6.8234
2022-09-06 00:00:00,571,Dharmapuri,28.0,-6.8537333333333335
2022-09-06 01:00:00,571,Dharmapuri,4.5,-6.8537333333333335
2022-09-06 02:00:00,571,Dharmapuri,0.5,-6.8537333333333335
2022-09-06 10:00:00,571,Dharmapuri,0.5,-6.723066666666667
2022-09-06 17:00:00,571,Dharmapuri,0.5,-6.779857142857144
2022-09-06 22:00:00,571,Dharmapuri,0.5,-6.881214285714286
2022-09-07 00:00:00,571,Dharmapuri,0.5,-6.881214285714286
2022-09-07 01:00:00,571,Dharmapuri,0.5,-6.881214285714286
2022-09-07 08:00:00,571,Dharmapuri,0.5,-6.734
2022-09-07 19:00:00,571,Dharmapuri,20.0,-6.7172
2022-09-07 20:00:00,571,Dharmapuri,1.5,-6.7172
2022-09-07 21:00:00,571,Dharmapuri,1.0,-6.7172
2022-09-07 23:00:00,571,Dharmapuri,1.0,-6.382071428571429
2022-09-08 02:00:00,571,Dharmapuri,0.5,-6.382071428571429
2022-09-08 04:00:00,571,Dharmapuri,0.5,-6.341142857142857
2022-09-08 09:00:00,571,Dharmapuri,0.5,-6.341142857142857
2022-09-09 07:00:00,571,Dharmapuri,0.5,-6.285357142857143
2022-09-09 18:00:00,571,Dharmapuri,3.0,-6.5574
2022-09-09 19:00:00,571,Dharmapuri,4.0,-6.5574
2022-09-14 21:00:00,571,Dharmapuri,0.5,-6.7785
2022-09-24 21:00:00,571,Dharmapuri,5.5,-7.0826
2022-09-25 21:00:00,571,Dharmapuri,2.0,-7.215
2022-09-26 00:00:00,571,Dharmapuri,0.5,-7.107857142857143
2022-09-26 02:00:00,571,Dharmapuri,0.5,-7.107857142857143
2022-09-26 16:00:00,571,Dharmapuri,0.5,-7.470923076923077
2022-09-26 18:00:00,571,Dharmapuri,0.5,-7.470923076923077
2022-09-26 21:00:00,571,Dharmapuri,0.5,-7.470923076923077
2022-09-27 00:00:00,571,Dharmapuri,0.5,-7.249923076923077
2022-09-27 08:00:00,571,Dharmapuri,0.5,-7.068857142857143
2022-09-27 20:00:00,571,Dharmapuri,0.5,-7.298214285714286
2022-09-29 03:00:00,571,Dharmapuri,1.5,-7.307571428571428
2022-09-30 21:00:00,571,Dharmapuri,0.5,-7.402500000000001
2022-10-01 03:00:00,571,Dharmapuri,0.5,-7.294692307692308
2022-10-01 18:00:00,571,Dharmapuri,2.0,-7.327846153846154
2022-10-01 20:00:00,571,Dharmapuri,4.5,-7.327846153846154
2022-10-01 23:00:00,571,Dharmapuri,0.5,-7.247230769230769
2022-10-03 01:00:00,571,Dharmapuri,0.5,-7.396583333333333
2022-10-04 18:00:00,571,Dharmapuri,4.0,-7.1867857142857146
2022-10-04 19:00:00,571,Dharmapuri,1.0,-7.1867857142857146
2022-10-08 21:00:00,571,Dharmapuri,1.25,-7.406071428571429
2022-10-08 22:00:00,571,Dharmapuri,12.0,-7.223428571428571
2022-10-08 23:00:00,571,Dharmapuri,5.0,-7.223428571428571
2022-10-09 00:00:00,571,Dharmapuri,0.5,-7.223428571428571
2022-10-09 01:00:00,571,Dharmapuri,0.5,-7.223428571428571
2022-10-10 01:00:00,571,Dharmapuri,2.5,-7.354142857142857
2022-10-10 02:00:00,571,Dharmapuri,0.5,-7.354142857142857
2022-10-10 03:00:00,571,Dharmapuri,0.5,-7.354142857142857
2022-10-10 04:00:00,571,Dharmapuri,1.0,-7.342785714285713
2022-10-10 18:00:00,571,Dharmapuri,0.5,-7.439615384615385
2022-10-11 01:00:00,571,Dharmapuri,0.5,-7.613769230769231
2022-10-11 05:00:00,571,Dharmapuri,0.5,-7.347733333333333
2022-10-11 07:00:00,571,Dharmapuri,1.0,-7.347733333333333
2022-10-11 08:00:00,571,Dharmapuri,1.0,-7.347733333333333
2022-10-11 09:00:00,571,Dharmapuri,0.5,-7.347733333333333
2022-10-12 15:00:00,571,Dharmapuri,12.0,-5.034
2022-10-14 13:00:00,571,Dharmapuri,0.5,-7.352571428571429
2022-10-14 18:00:00,571,Dharmapuri,2.0,-7.445
2022-10-14 19:00:00,571,Dharmapuri,1.5,-7.445
2022-10-15 05:00:00,571,Dharmapuri,2.0,-7.502923076923077
2022-10-15 10:00:00,571,Dharmapuri,0.5,-7.267769230769231
2022-10-15 22:00:00,571,Dharmapuri,0.5,-7.305153846153846
2022-10-16 00:00:00,571,Dharmapuri,0.5,-7.305153846153846
2022-10-16 06:00:00,571,Dharmapuri,0.5,-7.121214285714286
2022-10-16 08:00:00,571,Dharmapuri,0.5,-7.121214285714286
2022-10-16 10:00:00,571,Dharmapuri,0.5,-7.113785714285714
2022-10-16 17:00:00,571,Dharmapuri,0.5,-7.127428571428572
2022-10-16 18:00:00,571,Dharmapuri,0.5,-7.127428571428572
2022-10-16 19:00:00,571,Dharmapuri,0.5,-7.127428571428572
2022-10-16 22:00:00,571,Dharmapuri,54.75,-6.942785714285714
2022-10-17 00:00:00,571,Dharmapuri,0.5,-6.942785714285714
2022-10-17 01:00:00,571,Dharmapuri,2.25,-6.942785714285714
2022-10-17 02:00:00,571,Dharmapuri,0.5,-6.942785714285714
2022-10-17 03:00:00,571,Dharmapuri,2.75,-6.942785714285714
2022-10-17 09:00:00,571,Dharmapuri,0.5,-6.300461538461539
2022-10-17 12:00:00,571,Dharmapuri,1.0,-6.254461538461539
2022-10-17 14:00:00,571,Dharmapuri,1.0,-6.254461538461539
2022-10-17 15:00:00,571,Dharmapuri,0.5,-6.254461538461539
2022-10-17 17:00:00,571,Dharmapuri,0.5,-6.111230769230769
2022-10-17 18:00:00,571,Dharmapuri,1.0,-6.111230769230769
2022-10-17 19:00:00,571,Dharmapuri,0.5,-6.111230769230769
2022-10-17 20:00:00,571,Dharmapuri,0.5,-6.111230769230769
2022-10-18 02:00:00,571,Dharmapuri,0.5,-6.155384615384615
2022-10-18 05:00:00,571,Dharmapuri,0.5,-6.10976923076923
2022-10-18 11:00:00,571,Dharmapuri,0.5,-6.099857142857142
2022-10-18 14:00:00,571,Dharmapuri,0.5,-6.099857142857142
2022-10-18 17:00:00,571,Dharmapuri,0.5,-6.326692307692308
2022-10-18 23:00:00,571,Dharmapuri,0.5,-6.326153846153845
2022-10-19 13:00:00,571,Dharmapuri,0.5,-5.988933333333334
2022-10-20 06:00:00,571,Dharmapuri,0.5,-5.818466666666667
2022-10-20 19:00:00,571,Dharmapuri,1.75,-6.015000000000001
2022-10-20 20:00:00,571,Dharmapuri,0.5,-6.015000000000001
2022-10-21 02:00:00,571,Dharmapuri,0.5,-6.060214285714286
2022-10-21 18:00:00,571,Dharmapuri,1.0,-5.820357142857143
2022-10-22 03:00:00,571,Dharmapuri,0.5,-5.968071428571428
2022-10-22 10:00:00,571,Dharmapuri,0.5,-5.835066666666666
2022-10-22 19:00:00,571,Dharmapuri,0.5,-5.896066666666667
2022-10-23 04:00:00,571,Dharmapuri,0.5,-5.896133333333333
2022-10-23 11:00:00,571,Dharmapuri,0.5,-5.900733333333333
2022-10-23 17:00:00,571,Dharmapuri,0.5,-5.7912
2022-10-23 23:00:00,571,Dharmapuri,0.5,-5.915466666666666
2022-10-24 08:00:00,571,Dharmapuri,0.5,-5.969533333333333
2022-10-24 18:00:00,571,Dharmapuri,0.5,-6.073285714285714
2022-10-26 15:00:00,571,Dharmapuri,0.5,-6.0004
2022-10-27 07:00:00,571,Dharmapuri,0.5,-6.032466666666666
2022-10-28 00:00:00,571,Dharmapuri,0.5,-6.0642
2022-10-29 00:00:00,571,Dharmapuri,0.75,-6.123933333333333
2022-10-29 04:00:00,571,Dharmapuri,0.5,-6.0986
2022-10-29 18:00:00,571,Dharmapuri,0.5,-6.192692307692307
2022-10-29 19:00:00,571,Dharmapuri,1.25,-6.192692307692307
2022-10-31 08:00:00,571,Dharmapuri,0.5,-6.197692307692308
2022-10-31 12:00:00,571,Dharmapuri,2.0,-6.151538461538461
2022-10-31 13:00:00,571,Dharmapuri,2.0,-6.151538461538461
2022-10-31 14:00:00,571,Dharmapuri,0.5,-6.151538461538461
2022-10-31 17:00:00,571,Dharmapuri,0.5,-6.271
2022-11-01 00:00:00,571,Dharmapuri,0.5,-6.332928571428572
2022-11-01 03:00:00,571,Dharmapuri,0.5,-6.332928571428572
2022-11-01 04:00:00,571,Dharmapuri,0.5,-6.335857142857143
2022-11-01 05:00:00,571,Dharmapuri,0.5,-6.335857142857143
2022-11-01 07:00:00,571,Dharmapuri,0.5,-6.335857142857143
2022-11-01 10:00:00,571,Dharmapuri,0.5,-6.203
2022-11-01 11:00:00,571,Dharmapuri,0.5,-6.203
2022-11-01 12:00:00,571,Dharmapuri,1.5,-6.203
2022-11-01 13:00:00,571,Dharmapuri,0.75,-6.203
2022-11-01 14:00:00,571,Dharmapuri,1.0,-6.203
2022-11-01 15:00:00,571,Dharmapuri,2.0,-6.203
2022-11-01 16:00:00,571,Dharmapuri,0.5,-6.0506
2022-11-01 17:00:00,571,Dharmapuri,0.5,-6.0506
2022-11-01 19:00:00,571,Dharmapuri,5.166666666666667,-6.0506
2022-11-01 20:00:00,571,Dharmapuri,1.1666666666666667,-6.0506
2022-11-01 21:00:00,571,Dharmapuri,0.5,-6.0506
2022-11-01 22:00:00,571,Dharmapuri,1.5,-6.036133333333334
2022-11-01 23:00:00,571,Dharmapuri,1.0,-6.036133333333334
2022-11-02 00:00:00,571,Dharmapuri,1.0,-6.036133333333334
2022-11-02 01:00:00,571,Dharmapuri,1.0,-6.036133333333334
2022-11-02 02:00:00,571,Dharmapuri,3.5,-6.036133333333334
2022-11-02 03:00:00,571,Dharmapuri,2.5,-6.036133333333334
2022-11-02 04:00:00,571,Dharmapuri,1.5,-6.1635
2022-11-02 05:00:00,571,Dharmapuri,2.0,-6.1635
2022-11-02 06:00:00,571,Dharmapuri,1.25,-6.1635
2022-11-02 07:00:00,571,Dharmapuri,1.0,-6.1635
2022-11-02 08:00:00,571,Dharmapuri,1.5,-6.1635
2022-11-02 09:00:00,571,Dharmapuri,1.0,-6.1635
2022-11-02 10:00:00,571,Dharmapuri,1.0,-6.175857142857143
2022-11-02 11:00:00,571,Dharmapuri,0.5,-6.175857142857143
2022-11-02 12:00:00,571,Dharmapuri,1.5,-6.175857142857143
2022-11-02 13:00:00,571,Dharmapuri,1.8333333333333333,-6.175857142857143
2022-11-02 15:00:00,571,Dharmapuri,5.666666666666667,-6.175857142857143
2022-11-02 16:00:00,571,Dharmapuri,2.0,-5.8728
2022-11-02 16:05:00,571,Dharmapuri,6.5,-5.8728
2022-11-02 17:00:00,571,Dharmapuri,3.75,-5.8728
2022-11-02 18:00:00,571,Dharmapuri,3.25,-5.8728
2022-11-02 19:00:00,571,Dharmapuri,3.5,-5.8728
2022-11-02 20:00:00,571,Dharmapuri,0.5,-5.8728
2022-11-02 21:00:00,571,Dharmapuri,1.0,-5.8728
2022-11-02 22:00:00,571,Dharmapuri,0.5,-5.944
2022-11-02 23:00:00,571,Dharmapuri,0.5,-5.944
2022-11-03 00:00:00,571,Dharmapuri,1.0,-5.944
2022-11-03 01:00:00,571,Dharmapuri,0.5,-5.944
2022-11-03 02:00:00,571,Dharmapuri,0.5,-5.944
2022-11-03 03:00:00,571,Dharmapuri,1.5,-5.944
2022-11-03 04:00:00,571,Dharmapuri,0.5,-5.865733333333333
2022-11-03 07:00:00,571,Dharmapuri,0.5,-5.865733333333333
2022-11-03 10:00:00,571,Dharmapuri,0.5,-5.973533333333333
2022-11-03 11:00:00,571,Dharmapuri,1.0,-5.973533333333333
2022-11-03 12:00:00,571,Dharmapuri,1.0,-5.973533333333333
2022-11-03 13:00:00,571,Dharmapuri,0.5,-5.973533333333333
2022-11-03 14:00:00,571,Dharmapuri,0.5,-5.973533333333333
2022-11-03 15:00:00,571,Dharmapuri,1.25,-5.973533333333333
2022-11-03 16:00:00,571,Dharmapuri,1.0,-5.8344
2022-11-03 17:00:00,571,Dharmapuri,0.5,-5.8344
2022-11-03 18:00:00,571,Dharmapuri,0.5,-5.8344
2022-11-03 19:00:00,571,Dharmapuri,0.5,-5.8344
2022-11-03 20:00:00,571,Dharmapuri,1.0,-5.8344
2022-11-04 03:00:00,571,Dharmapuri,0.5,-5.712266666666666
2022-11-04 04:00:00,571,Dharmapuri,1.5,-5.807733333333333
2022-11-04 08:00:00,571,Dharmapuri,1.75,-5.807733333333333
2022-11-04 09:00:00,571,Dharmapuri,0.5,-5.807733333333333
2022-11-04 10:00:00,571,Dharmapuri,0.5,-5.851933333333333
2022-11-04 12:00:00,571,Dharmapuri,0.5,-5.851933333333333
2022-11-04 13:00:00,571,Dharmapuri,0.75,-4.87
2022-11-04 14:00:00,571,Dharmapuri,7.0,-4.87
2022-11-04 15:00:00,571,Dharmapuri,1.5,-4.87
2022-11-04 16:00:00,571,Dharmapuri,1.0,-5.8852
2022-11-04 17:00:00,571,Dharmapuri,1.75,-5.8852
2022-11-04 18:00:00,571,Dharmapuri,1.0,-5.8852
2022-11-04 22:00:00,571,Dharmapuri,0.5,-5.8458
2022-11-05 14:00:00,571,Dharmapuri,0.5,-6.311285714285715
2022-11-10 17:00:00,571,Dharmapuri,5.5,-6.071066666666667
2022-11-10 18:00:00,571,Dharmapuri,0.5,-6.071066666666667
2022-11-11 05:00:00,571,Dharmapuri,0.5,-5.9976666666666665
2022-11-11 06:00:00,571,Dharmapuri,0.5,-5.9976666666666665
2022-11-11 07:00:00,571,Dharmapuri,1.0,-5.9976666666666665
2022-11-11 08:00:00,571,Dharmapuri,1.5,-5.9976666666666665
2022-11-11 10:00:00,571,Dharmapuri,2.5,-5.842266666666666
2022-11-11 11:00:00,571,Dharmapuri,2.0,-5.842266666666666
2022-11-11 12:00:00,571,Dharmapuri,4.166666666666667,-5.842266666666666
2022-11-11 13:00:00,571,Dharmapuri,1.5,-5.842266666666666
2022-11-11 14:00:00,571,Dharmapuri,2.6666666666666665,-5.842266666666666
2022-11-11 16:00:00,571,Dharmapuri,1.1666666666666667,-6.176
2022-11-11 17:00:00,571,Dharmapuri,1.5,-6.176
2022-11-11 22:00:00,571,Dharmapuri,1.0,-6.2077857142857145
2022-11-11 23:00:00,571,Dharmapuri,2.0,-6.2077857142857145
2022-11-12 00:00:00,571,Dharmapuri,2.0,-6.2077857142857145
2022-11-12 03:00:00,571,Dharmapuri,3.0,-6.2077857142857145
2022-11-12 04:00:00,571,Dharmapuri,6.333333333333333,-6.305384615384615
2022-11-12 05:00:00,571,Dharmapuri,2.833333333333333,-6.305384615384615
2022-11-12 06:00:00,571,Dharmapuri,1.25,-6.305384615384615
2022-11-12 07:00:00,571,Dharmapuri,0.5,-6.305384615384615
2022-11-12 08:00:00,571,Dharmapuri,2.0,-6.305384615384615
2022-11-12 09:00:00,571,Dharmapuri,2.0,-6.305384615384615
2022-11-12 10:00:00,571,Dharmapuri,0.75,-6.204461538461539
2022-11-12 11:00:00,571,Dharmapuri,0.5,-6.204461538461539
2022-11-12 12:00:00,571,Dharmapuri,0.5,-6.204461538461539
2022-11-12 14:00:00,571,Dharmapuri,0.5,-6.204461538461539
2022-11-12 17:00:00,571,Dharmapuri,0.5,-5.995071428571428
2022-11-12 18:00:00,571,Dharmapuri,2.5,-5.995071428571428
2022-11-12 19:00:00,571,Dharmapuri,0.5,-5.995071428571428
2022-11-12 23:00:00,571,Dharmapuri,2.5,-6.039
2022-11-13 02:00:00,571,Dharmapuri,4.5,-6.039
2022-11-13 03:00:00,571,Dharmapuri,1.25,-6.039
2022-11-13 05:00:00,571,Dharmapuri,0.5,-6.036071428571428
2022-11-13 06:00:00,571,Dharmapuri,0.5,-6.036071428571428
2022-11-13 07:00:00,571,Dharmapuri,0.5,-6.036071428571428
2022-11-13 10:00:00,571,Dharmapuri,4.0,-5.996928571428571
2022-11-13 11:00:00,571,Dharmapuri,0.5,-5.996928571428571
2022-11-14 01:00:00,571,Dharmapuri,0.5,-5.852857142857142
2022-11-14 20:00:00,571,Dharmapuri,2.5,-6.057384615384615
2022-11-14 21:00:00,571,Dharmapuri,2.5,-6.057384615384615
2022-11-14 22:00:00,571,Dharmapuri,1.0,-6.014923076923077
2022-11-14 23:00:00,571,Dharmapuri,3.0,-6.014923076923077
2022-11-15 03:00:00,571,Dharmapuri,0.5,-6.014923076923077
2022-11-22 10:00:00,571,Dharmapuri,0.5,-6.1070714285714285
2022-11-22 18:00:00,571,Dharmapuri,5.0,-6.207076923076924
2022-11-22 19:00:00,571,Dharmapuri,0.5,-6.207076923076924
2022-11-23 13:00:00,571,Dharmapuri,0.5,-6.012357142857143
2022-11-23 15:00:00,571,Dharmapuri,3.5,-6.012357142857143
2022-11-23 16:00:00,571,Dharmapuri,14.5,-6.0755
2022-11-23 17:00:00,571,Dharmapuri,4.5,-6.0755
2022-11-23 18:00:00,571,Dharmapuri,4.75,-6.0755
2022-11-23 19:00:00,571,Dharmapuri,2.0,-6.0755
2022-11-23 21:00:00,571,Dharmapuri,0.5,-6.0755
2022-11-23 22:00:00,571,Dharmapuri,1.0,-6.144285714285714
2022-11-23 23:00:00,571,Dharmapuri,0.5,-6.144285714285714
2022-11-24 00:00:00,571,Dharmapuri,5.0,-6.144285714285714
2022-11-24 01:00:00,571,Dharmapuri,1.5,-6.144285714285714
2022-11-24 02:00:00,571,Dharmapuri,0.5,-6.144285714285714
2022-11-24 04:00:00,571,Dharmapuri,1.25,-6.137071428571429
2022-11-24 05:00:00,571,Dharmapuri,3.6666666666666665,-6.137071428571429
2022-11-24 06:00:00,571,Dharmapuri,4.25,-6.137071428571429
2022-11-24 07:00:00,571,Dharmapuri,0.5,-6.137071428571429
2022-11-24 08:00:00,571,Dharmapuri,0.5,-6.137071428571429
2022-11-24 10:00:00,571,Dharmapuri,1.0,-5.6694
2022-11-24 11:00:00,571,Dharmapuri,0.5,-5.6694
2022-11-24 13:00:00,571,Dharmapuri,0.5,-5.6694
2022-11-24 19:00:00,571,Dharmapuri,1.5,-6.274307692307692
2022-11-25 02:00:00,571,Dharmapuri,0.5,-6.208538461538462
2022-11-27 05:00:00,571,Dharmapuri,4.5,-5.9835
2022-12-02 00:00:00,571,Dharmapuri,1.0,-6.288307692307693
2022-12-02 01:00:00,571,Dharmapuri,3.5,-6.288307692307693
2022-12-02 02:00:00,571,Dharmapuri,1.0,-6.288307692307693
2022-12-03 20:00:00,571,Dharmapuri,0.5,-5.694533333333334
2022-12-03 21:00:00,571,Dharmapuri,0.5,-5.694533333333334
2022-12-04 16:00:00,571,Dharmapuri,0.5,-5.672933333333333
2022-12-04 19:00:00,571,Dharmapuri,0.5,-5.672933333333333
2022-12-08 16:00:00,571,Dharmapuri,0.5,-5.798133333333333
2022-12-08 21:00:00,571,Dharmapuri,0.5,-5.798133333333333
2022-12-09 07:00:00,571,Dharmapuri,1.25,-5.703066666666667
2022-12-09 08:00:00,571,Dharmapuri,2.0,-5.703066666666667
2022-12-09 09:00:00,571,Dharmapuri,2.5,-5.703066666666667
2022-12-09 10:00:00,571,Dharmapuri,0.5,-5.7528
2022-12-09 12:00:00,571,Dharmapuri,0.5,-5.7528
2022-12-09 13:00:00,571,Dharmapuri,0.5,-5.7528
2022-12-09 16:00:00,571,Dharmapuri,0.5,-5.898571428571429
2022-12-09 17:00:00,571,Dharmapuri,0.5,-5.898571428571429
2022-12-09 21:00:00,571,Dharmapuri,0.5,-5.898571428571429
2022-12-09 22:00:00,571,Dharmapuri,0.5,-5.887642857142857
2022-12-09 23:00:00,571,Dharmapuri,0.5,-5.887642857142857
2022-12-10 00:00:00,571,Dharmapuri,0.5,-5.887642857142857
2022-12-10 02:00:00,571,Dharmapuri,1.0,-5.887642857142857
2022-12-10 03:00:00,571,Dharmapuri,0.75,-5.887642857142857
2022-12-10 04:00:00,571,Dharmapuri,1.0,-5.6967333333333325
2022-12-10 05:00:00,571,Dharmapuri,4.0,-5.6967333333333325
2022-12-10 06:00:00,571,Dharmapuri,0.5,-5.6967333333333325
2022-12-10 09:00:00,571,Dharmapuri,0.5,-5.6967333333333325
2022-12-10 10:00:00,571,Dharmapuri,0.5,-5.7238
2022-12-10 11:00:00,571,Dharmapuri,0.5,-5.7238
2022-12-10 13:00:00,571,Dharmapuri,0.5,-5.7238
2022-12-10 14:00:00,571,Dharmapuri,0.5,-5.7238
2022-12-10 15:00:00,571,Dharmapuri,1.0,-5.7238
2022-12-10 16:00:00,571,Dharmapuri,0.5,-6.1425
2022-12-10 17:00:00,571,Dharmapuri,1.5,-6.1425
2022-12-10 18:00:00,571,Dharmapuri,2.0,-6.1425
2022-12-10 19:00:00,571,Dharmapuri,0.8333333333333334,-6.1425
2022-12-10 20:00:00,571,Dharmapuri,0.5,-6.1425
2022-12-10 22:00:00,571,Dharmapuri,0.5,-6.128642857142857
2022-12-11 03:00:00,571,Dharmapuri,0.5,-6.128642857142857
2022-12-11 11:00:00,571,Dharmapuri,0.5,-6.383615384615386
2022-12-11 21:00:00,571,Dharmapuri,0.5,-6.161785714285714
2022-12-11 23:00:00,571,Dharmapuri,2.5,-6.141357142857143
2022-12-12 00:00:00,571,Dharmapuri,6.75,-6.141357142857143
2022-12-12 01:00:00,571,Dharmapuri,5.25,-6.141357142857143
2022-12-12 02:00:00,571,Dharmapuri,6.5,-6.141357142857143
2022-12-12 03:00:00,571,Dharmapuri,2.5,-6.141357142857143
2022-12-12 05:00:00,571,Dharmapuri,1.0,-6.350076923076923
2022-12-12 06:00:00,571,Dharmapuri,0.5,-6.350076923076923
2022-12-12 08:00:00,571,Dharmapuri,0.5,-6.350076923076923
2022-12-12 14:00:00,571,Dharmapuri,1.25,-6.404230769230769
2022-12-12 15:00:00,571,Dharmapuri,9.5,-6.404230769230769
2022-12-12 16:00:00,571,Dharmapuri,2.0,-6.158142857142857
2022-12-13 01:00:00,571,Dharmapuri,0.5,-6.108071428571429
2022-12-13 02:00:00,571,Dharmapuri,0.5,-6.108071428571429
2022-12-13 06:00:00,571,Dharmapuri,0.5,-6.051142857142857
2022-12-13 08:00:00,571,Dharmapuri,0.5,-6.051142857142857
2022-12-13 13:00:00,571,Dharmapuri,1.0,-6.073642857142858
2022-12-13 15:00:00,571,Dharmapuri,1.5,-6.073642857142858
2022-12-13 16:00:00,571,Dharmapuri,1.5,-6.097571428571428
2022-12-13 17:00:00,571,Dharmapuri,0.5,-6.097571428571428
2022-12-13 19:00:00,571,Dharmapuri,0.5,-6.097571428571428
2022-12-25 10:00:00,571,Dharmapuri,0.5,-6.391
2022-12-25 11:00:00,571,Dharmapuri,0.5,-6.391
2022-12-25 12:00:00,571,Dharmapuri,1.0,-6.391
2022-12-25 13:00:00,571,Dharmapuri,0.5,-6.391
2022-12-25 14:00:00,571,Dharmapuri,0.5,-6.391
2022-12-25 15:00:00,571,Dharmapuri,2.0,-6.391
2022-12-25 16:00:00,571,Dharmapuri,2.0,-6.156714285714286
2022-12-25 17:00:00,571,Dharmapuri,4.5,-6.156714285714286
2022-12-25 18:00:00,571,Dharmapuri,0.6666666666666666,-6.156714285714286
2022-12-25 19:00:00,571,Dharmapuri,3.6666666666666665,-6.156714285714286
2022-12-25 20:00:00,571,Dharmapuri,1.3333333333333333,-6.156714285714286
2022-12-25 21:00:00,571,Dharmapuri,0.75,-6.156714285714286
2022-12-25 22:00:00,571,Dharmapuri,0.5,-6.095928571428572
2022-12-25 23:00:00,571,Dharmapuri,0.5,-6.095928571428572
2022-12-26 01:00:00,571,Dharmapuri,1.0,-6.095928571428572
2022-12-26 02:00:00,571,Dharmapuri,0.5,-6.095928571428572
2022-12-26 03:00:00,571,Dharmapuri,2.5,-6.095928571428572
2022-12-26 04:00:00,571,Dharmapuri,0.5,-6.0576428571428576
2022-12-26 07:00:00,571,Dharmapuri,0.5,-6.0576428571428576
2022-12-26 12:00:00,571,Dharmapuri,0.5,-6.102357142857144
2022-12-26 13:00:00,571,Dharmapuri,0.5,-6.102357142857144
2022-12-26 14:00:00,571,Dharmapuri,0.5,-6.102357142857144
2022-12-26 15:00:00,571,Dharmapuri,1.75,-6.102357142857144
2022-12-26 16:00:00,571,Dharmapuri,0.8333333333333334,-6.318461538461539
2022-12-26 18:00:00,571,Dharmapuri,0.5,-6.318461538461539
2022-12-26 20:00:00,571,Dharmapuri,2.5,-6.318461538461539
2022-12-27 04:00:00,571,Dharmapuri,0.5,-6.246076923076923
2022-12-27 05:00:00,571,Dharmapuri,4.5,-6.246076923076923
2022-12-27 06:00:00,571,Dharmapuri,2.0,-6.246076923076923
2022-12-27 08:00:00,571,Dharmapuri,2.0,-6.246076923076923
2022-12-27 09:00:00,571,Dharmapuri,1.0,-6.246076923076923
2022-12-27 12:00:00,571,Dharmapuri,0.5,-6.28
2022-12-27 13:00:00,571,Dharmapuri,0.5,-6.28
2022-12-27 14:00:00,571,Dharmapuri,0.5,-6.28
2022-12-27 15:00:00,571,Dharmapuri,1.0,-6.28
2022-12-27 17:00:00,571,Dharmapuri,0.5,-6.060714285714285
2022-12-27 18:00:00,571,Dharmapuri,1.0,-6.060714285714285
2022-12-27 19:00:00,571,Dharmapuri,0.5,-6.060714285714285
2022-12-27 20:00:00,571,Dharmapuri,1.0,-6.060714285714285
2023-02-03 12:00:00,571,Dharmapuri,0.5,-6.091933333333333
2023-02-03 13:10:00,571,Dharmapuri,4.0,-6.091933333333333
2023-02-03 13:15:00,571,Dharmapuri,4.0,-6.091933333333333
2023-02-03 13:20:00,571,Dharmapuri,4.0,-6.091933333333333
2023-02-03 13:25:00,571,Dharmapuri,4.0,-6.091933333333333
2023-02-03 13:30:00,571,Dharmapuri,4.0,-6.091933333333333
2023-02-03 13:35:00,571,Dharmapuri,4.0,-6.091933333333333
2023-02-03 13:40:00,571,Dharmapuri,4.0,-6.091933333333333
2023-02-03 13:45:00,571,Dharmapuri,4.0,-6.091933333333333
2023-02-03 13:50:00,571,Dharmapuri,4.0,-6.091933333333333
2023-02-03 13:55:00,571,Dharmapuri,4.0,-6.091933333333333
2023-02-03 14:00:00,571,Dharmapuri,0.75,-6.091933333333333
2023-02-03 15:00:00,571,Dharmapuri,0.75,-6.091933333333333
2023-02-03 16:00:00,571,Dharmapuri,0.5,-3.643666666666667
2023-02-03 20:00:00,571,Dharmapuri,1.0,-3.643666666666667
2023-03-16 17:00:00,571,Dharmapuri,1.5,-8.561
2023-03-16 18:00:00,571,Dharmapuri,2.1666666666666665,-8.561
2023-03-16 19:00:00,571,Dharmapuri,0.6666666666666666,-8.561
2023-03-17 15:00:00,571,Dharmapuri,0.5,-8.746615384615385
2023-03-19 02:00:00,571,Dharmapuri,5.0,-8.852214285714286
2023-03-19 03:00:00,571,Dharmapuri,12.0,-8.852214285714286
2023-03-19 04:00:00,571,Dharmapuri,0.6666666666666666,-8.722142857142858
2023-03-19 05:00:00,571,Dharmapuri,0.5,-8.722142857142858
2023-03-19 22:00:00,571,Dharmapuri,1.5,-8.678857142857144
2023-03-20 02:00:00,571,Dharmapuri,0.5,-8.678857142857144
2023-03-20 03:00:00,571,Dharmapuri,0.5,-8.678857142857144
2023-03-20 22:00:00,571,Dharmapuri,1.5,-8.503285714285715
2023-03-22 02:00:00,571,Dharmapuri,1.5,-8.523285714285715
2023-03-22 03:00:00,571,Dharmapuri,0.5,-8.523285714285715
2023-03-26 20:00:00,571,Dharmapuri,5.5,-9.054
2023-03-27 02:00:00,571,Dharmapuri,0.5,-8.979555555555557
2023-03-27 03:00:00,571,Dharmapuri,2.0,-8.979555555555557
2023-03-30 21:00:00,571,Dharmapuri,3.5,-9.9243
2023-03-30 22:00:00,571,Dharmapuri,1.5,-9.7706
2023-03-30 23:00:00,571,Dharmapuri,0.5,-9.7706
2023-03-31 17:00:00,571,Dharmapuri,1.5,-9.404307692307691
2023-03-31 18:00:00,571,Dharmapuri,0.5,-9.404307692307691
2023-03-31 19:00:00,571,Dharmapuri,0.5,-9.404307692307691
2023-04-01 05:00:00,571,Dharmapuri,0.5,-8.731714285714286
2023-04-01 16:00:00,571,Dharmapuri,0.5,-9.305076923076925
2023-04-01 17:00:00,571,Dharmapuri,5.0,-9.305076923076925
2023-04-02 00:00:00,571,Dharmapuri,6.5,-19.166714285714285
2023-04-02 01:00:00,571,Dharmapuri,14.5,-19.166714285714285
2023-04-02 02:00:00,571,Dharmapuri,11.0,-19.166714285714285
2023-04-02 03:00:00,571,Dharmapuri,1.0,-19.166714285714285
2023-04-02 05:00:00,571,Dharmapuri,23.0,-8.787642857142858
2023-04-02 06:00:00,571,Dharmapuri,2.0,-8.787642857142858
2023-04-04 17:00:00,571,Dharmapuri,0.5,-9.233076923076924
2023-04-21 15:00:00,571,Dharmapuri,3.25,-10.1365
2023-04-21 16:00:00,571,Dharmapuri,3.5,-10.068214285714284
2023-04-22 07:00:00,571,Dharmapuri,0.5,-10.085
2023-04-23 23:00:00,571,Dharmapuri,0.5,-10.055357142857144
2023-04-24 16:00:00,571,Dharmapuri,10.0,-10.276
2023-04-24 17:00:00,571,Dharmapuri,12.0,-10.276
2023-04-24 18:00:00,571,Dharmapuri,2.0,-10.276
2023-04-24 19:00:00,571,Dharmapuri,0.5,-10.276
2023-04-30 18:00:00,571,Dharmapuri,2.5,-18.87838461538461
2023-04-30 19:00:00,571,Dharmapuri,0.5,-18.87838461538461
2023-05-01 19:00:00,571,Dharmapuri,13.5,-10.654153846153845
2023-05-01 20:00:00,571,Dharmapuri,9.5,-10.654153846153845
2023-05-01 21:00:00,571,Dharmapuri,2.0,-10.654153846153845
2023-05-01 22:00:00,571,Dharmapuri,2.5,-10.594846153846154
2023-05-01 23:00:00,571,Dharmapuri,0.5,-10.594846153846154
2023-05-02 00:00:00,571,Dharmapuri,0.5,-10.594846153846154
2023-05-02 01:00:00,571,Dharmapuri,0.5,-10.594846153846154
2023-05-02 02:00:00,571,Dharmapuri,1.0,-10.594846153846154
2023-05-02 03:00:00,571,Dharmapuri,1.0,-10.594846153846154
2023-05-02 04:00:00,571,Dharmapuri,0.5,-10.42576923076923
2023-05-03 16:20:00,571,Dharmapuri,0.5,-10.374692307692309
2023-05-03 16:25:00,571,Dharmapuri,0.5,-10.374692307692309
2023-05-03 16:30:00,571,Dharmapuri,0.5,-10.374692307692309
2023-05-03 16:35:00,571,Dharmapuri,0.5,-10.374692307692309
2023-05-03 16:40:00,571,Dharmapuri,0.5,-10.374692307692309
2023-05-03 16:45:00,571,Dharmapuri,0.5,-10.374692307692309
2023-05-03 16:50:00,571,Dharmapuri,0.5,-10.374692307692309
2023-05-03 16:55:00,571,Dharmapuri,0.5,-10.374692307692309
2023-05-03 17:00:00,571,Dharmapuri,0.5,-10.374692307692309
2023-05-04 02:35:00,571,Dharmapuri,1.0,-10.222153846153846
2023-05-04 02:40:00,571,Dharmapuri,1.5,-10.222153846153846
2023-05-04 02:45:00,571,Dharmapuri,3.0,-10.222153846153846
2023-05-04 02:50:00,571,Dharmapuri,4.5,-10.222153846153846
2023-05-04 02:55:00,571,Dharmapuri,6.0,-10.222153846153846
2023-05-04 03:00:00,571,Dharmapuri,6.5,-10.222153846153846
2023-05-04 03:15:00,571,Dharmapuri,0.5,-10.11046153846154
2023-05-04 03:20:00,571,Dharmapuri,0.5,-10.11046153846154
2023-05-04 03:25:00,571,Dharmapuri,1.0,-10.11046153846154
2023-05-04 03:30:00,571,Dharmapuri,1.0,-10.11046153846154
2023-05-04 03:35:00,571,Dharmapuri,1.0,-10.11046153846154
2023-05-04 03:40:00,571,Dharmapuri,1.0,-10.11046153846154
2023-05-04 03:45:00,571,Dharmapuri,1.5,-10.11046153846154
2023-05-04 03:50:00,571,Dharmapuri,1.5,-10.11046153846154
2023-05-04 03:55:00,571,Dharmapuri,1.5,-10.11046153846154
2023-05-04 04:00:00,571,Dharmapuri,1.5,-10.11046153846154
2023-05-04 06:00:00,571,Dharmapuri,0.5,-10.11046153846154
2023-05-04 23:00:00,571,Dharmapuri,2.5,-9.928384615384614
2023-05-05 00:00:00,571,Dharmapuri,1.5,-9.928384615384614
2023-05-05 01:00:00,571,Dharmapuri,0.5,-9.928384615384614
2023-05-05 02:00:00,571,Dharmapuri,0.5,-9.928384615384614
2023-05-05 14:00:00,571,Dharmapuri,18.25,-9.834
2023-05-05 15:00:00,571,Dharmapuri,4.5,-9.834
2023-05-06 15:00:00,571,Dharmapuri,22.5,-9.702692307692308
2023-05-06 16:00:00,571,Dharmapuri,1.0,-9.794615384615383
2023-05-06 18:00:00,571,Dharmapuri,6.75,-9.794615384615383
2023-05-06 19:00:00,571,Dharmapuri,3.0,-9.794615384615383
2023-05-06 20:00:00,571,Dharmapuri,1.0,-9.794615384615383
2023-05-06 21:00:00,571,Dharmapuri,0.5,-9.794615384615383
2023-05-06 22:00:00,571,Dharmapuri,3.25,-9.629153846153846
2023-05-06 23:00:00,571,Dharmapuri,2.0,-9.629153846153846
2023-05-07 00:00:00,571,Dharmapuri,0.5,-9.629153846153846
2023-05-07 01:00:00,571,Dharmapuri,0.5,-9.629153846153846
2023-05-07 02:00:00,571,Dharmapuri,0.5,-9.629153846153846
2023-05-07 16:00:00,571,Dharmapuri,0.5,-9.76153846153846
2023-05-07 17:00:00,571,Dharmapuri,1.0,-9.76153846153846
2023-05-07 18:00:00,571,Dharmapuri,20.0,-9.76153846153846
2023-05-07 19:00:00,571,Dharmapuri,2.75,-9.76153846153846
2023-05-07 20:00:00,571,Dharmapuri,2.75,-9.76153846153846
2023-05-07 21:00:00,571,Dharmapuri,2.25,-9.76153846153846
2023-05-07 22:00:00,571,Dharmapuri,2.0,-9.306076923076922
2023-05-07 23:00:00,571,Dharmapuri,1.5,-9.306076923076922
2023-05-08 00:00:00,571,Dharmapuri,0.5,-9.306076923076922
2023-05-08 01:00:00,571,Dharmapuri,0.5,-9.306076923076922
2023-05-08 03:00:00,571,Dharmapuri,0.5,-9.306076923076922
2023-05-08 05:00:00,571,Dharmapuri,0.5,-9.24423076923077
2023-05-08 12:00:00,571,Dharmapuri,0.5,-9.558846153846154
2023-05-08 14:00:00,571,Dharmapuri,3.5,-9.558846153846154
2023-05-08 15:00:00,571,Dharmapuri,8.0,-9.558846153846154
2023-05-08 17:00:00,571,Dharmapuri,0.5,-9.478769230769233
2023-05-08 20:00:00,571,Dharmapuri,0.5,-9.478769230769233
2023-05-08 22:00:00,571,Dharmapuri,0.5,-9.550307692307692
2023-05-10 01:00:00,571,Dharmapuri,12.5,-9.697416666666667
2023-05-10 09:00:00,571,Dharmapuri,0.5,-9.467416666666669
2023-05-10 15:00:00,571,Dharmapuri,1.0,-9.553583333333334
2023-05-10 16:00:00,571,Dharmapuri,0.5,-9.606583333333331
2023-05-10 17:00:00,571,Dharmapuri,0.5,-9.606583333333331
2023-05-10 18:00:00,571,Dharmapuri,0.5,-9.606583333333331
2023-05-10 19:00:00,571,Dharmapuri,0.5,-9.606583333333331
2023-05-11 09:00:00,571,Dharmapuri,0.5,-8.93609090909091
2023-06-07 18:00:00,571,Dharmapuri,24.0,-9.086714285714285
2023-06-12 22:00:00,571,Dharmapuri,0.5,-9.566357142857145
2023-06-13 00:00:00,571,Dharmapuri,0.5,-9.566357142857145
2023-06-13 19:00:00,571,Dharmapuri,0.5,-9.75657142857143
2023-06-13 20:00:00,571,Dharmapuri,1.0,-9.75657142857143
2023-06-13 21:00:00,571,Dharmapuri,3.5,-9.75657142857143
2023-06-13 22:00:00,571,Dharmapuri,1.5,-9.564714285714286
2023-06-20 01:00:00,571,Dharmapuri,0.5,-10.217066666666666
2023-06-20 02:00:00,571,Dharmapuri,6.0,-10.217066666666666
2023-06-20 03:00:00,571,Dharmapuri,2.5,-10.217066666666666
2023-06-20 11:00:00,571,Dharmapuri,0.5,-10.095066666666666
2023-06-22 20:00:00,571,Dharmapuri,2.0,-10.396214285714285
2023-06-22 21:00:00,571,Dharmapuri,9.0,-10.396214285714285
2023-06-23 01:00:00,571,Dharmapuri,1.5,-10.454928571428573
2023-06-23 02:00:00,571,Dharmapuri,2.5,-10.454928571428573
2023-06-23 04:00:00,571,Dharmapuri,0.5,-10.0418
2023-06-23 05:00:00,571,Dharmapuri,0.5,-10.0418
2023-06-23 07:00:00,571,Dharmapuri,0.5,-10.0418
2023-06-29 17:00:00,571,Dharmapuri,2.0,-10.092466666666668
2023-07-03 20:00:00,571,Dharmapuri,1.5,-10.3316
2023-07-03 21:00:00,571,Dharmapuri,1.5,-10.3316
2023-07-03 22:00:00,571,Dharmapuri,0.5,-10.135333333333334
2023-07-03 23:00:00,571,Dharmapuri,0.5,-10.135333333333334
2023-07-04 17:00:00,571,Dharmapuri,2.5,-11.045
2023-07-04 19:00:00,571,Dharmapuri,0.5,-11.045
2023-07-06 02:00:00,571,Dharmapuri,0.5,-10.461666666666668
2023-07-06 07:00:00,571,Dharmapuri,0.5,-10.895642857142857
2023-07-06 08:00:00,571,Dharmapuri,0.5,-10.895642857142857
2023-07-06 09:00:00,571,Dharmapuri,1.5,-10.895642857142857
2023-07-06 10:00:00,571,Dharmapuri,0.5,-10.526533333333331
2023-07-06 11:00:00,571,Dharmapuri,0.5,-10.526533333333331
2023-07-06 16:00:00,571,Dharmapuri,0.5,-10.5552
2023-07-07 17:00:00,571,Dharmapuri,2.5,-10.891571428571428
2023-07-07 18:00:00,571,Dharmapuri,0.5,-10.891571428571428
2023-07-08 15:00:00,571,Dharmapuri,2.0,-10.5046
2023-07-08 16:00:00,571,Dharmapuri,2.0,-10.460533333333332
2023-07-08 17:00:00,571,Dharmapuri,0.5,-10.460533333333332
2023-07-10 20:00:00,571,Dharmapuri,1.0,-10.652266666666666
2023-07-10 21:00:00,571,Dharmapuri,2.75,-10.652266666666666
2023-07-10 22:00:00,571,Dharmapuri,2.0,-10.4626
2023-07-10 23:00:00,571,Dharmapuri,1.25,-10.4626
2023-07-11 00:00:00,571,Dharmapuri,0.5,-10.4626
2023-07-11 01:00:00,571,Dharmapuri,0.5,-10.4626
2023-07-11 21:00:00,571,Dharmapuri,4.0,-10.465933333333334
2023-07-11 22:00:00,571,Dharmapuri,3.0,-10.598133333333331
2023-07-11 23:00:00,571,Dharmapuri,1.5,-10.598133333333331
2023-07-12 00:00:00,571,Dharmapuri,0.5,-10.598133333333331
2023-07-12 20:00:00,571,Dharmapuri,1.0,-10.634266666666663
2023-07-13 16:00:00,571,Dharmapuri,0.5,-10.642428571428573
2023-07-13 17:00:00,571,Dharmapuri,5.5,-10.642428571428573
2023-07-15 20:00:00,571,Dharmapuri,2.0,-10.620866666666666
2023-07-15 21:00:00,571,Dharmapuri,2.0,-10.620866666666666
2023-07-15 23:00:00,571,Dharmapuri,0.5,-10.760266666666666
2023-07-16 00:00:00,571,Dharmapuri,0.5,-10.760266666666666
2023-07-16 01:00:00,571,Dharmapuri,0.5,-10.760266666666666
2023-07-16 07:00:00,571,Dharmapuri,0.5,-11.141714285714286
2023-07-17 03:00:00,571,Dharmapuri,0.5,-10.837466666666668
2023-07-17 04:00:00,571,Dharmapuri,0.5,-10.789133333333332
2023-07-17 05:00:00,571,Dharmapuri,0.5,-10.789133333333332
2023-07-17 06:00:00,571,Dharmapuri,1.0,-10.789133333333332
2023-07-17 08:00:00,571,Dharmapuri,1.0,-10.789133333333332
2023-07-17 09:00:00,571,Dharmapuri,1.0,-10.789133333333332
2023-07-17 10:00:00,571,Dharmapuri,2.0,-10.8276
2023-07-17 12:00:00,571,Dharmapuri,0.5,-10.8276
2023-07-19 18:00:00,571,Dharmapuri,2.5,-11.265266666666664
2023-07-23 17:00:00,571,Dharmapuri,12.0,-11.302466666666668
2023-07-23 18:00:00,571,Dharmapuri,1.0,-11.302466666666668
2023-07-23 20:00:00,571,Dharmapuri,0.5,-11.302466666666668
2023-07-24 00:00:00,571,Dharmapuri,0.5,-11.304866666666666
2023-07-24 14:00:00,571,Dharmapuri,0.5,-11.3088
2023-07-24 16:00:00,571,Dharmapuri,1.0,-11.316066666666668
2023-07-24 17:00:00,571,Dharmapuri,2.833333333333333,-11.316066666666668
2023-07-24 18:00:00,571,Dharmapuri,0.5,-11.316066666666668
2023-07-24 19:00:00,571,Dharmapuri,0.5,-11.316066666666668
2023-07-24 20:00:00,571,Dharmapuri,0.5,-11.316066666666668
2023-07-24 21:00:00,571,Dharmapuri,0.6666666666666666,-11.316066666666668
2023-07-24 23:00:00,571,Dharmapuri,0.5,-11.3028
2023-07-25 00:00:00,571,Dharmapuri,0.75,-11.3028
2023-07-25 01:00:00,571,Dharmapuri,0.5,-11.3028
2023-07-25 02:00:00,571,Dharmapuri,0.5,-11.3028
2023-07-25 04:00:00,571,Dharmapuri,0.5,-11.575785714285717
2023-07-25 10:00:00,571,Dharmapuri,0.5,-11.74464285714286
2023-07-25 18:00:00,571,Dharmapuri,1.0,-11.824714285714284
2023-07-25 19:00:00,571,Dharmapuri,0.5,-11.824714285714284
2023-07-25 20:00:00,571,Dharmapuri,0.5,-11.824714285714284
2023-07-25 21:00:00,571,Dharmapuri,0.5,-11.824714285714284
2023-07-25 22:00:00,571,Dharmapuri,1.0,-11.80757142857143
2023-07-25 23:00:00,571,Dharmapuri,0.5,-11.80757142857143
2023-07-26 00:00:00,571,Dharmapuri,0.5,-11.80757142857143
2023-07-26 01:00:00,571,Dharmapuri,0.5,-11.80757142857143
2023-07-26 02:00:00,571,Dharmapuri,0.5,-11.80757142857143
2023-07-26 03:00:00,571,Dharmapuri,0.5,-11.80757142857143
2023-07-26 04:00:00,571,Dharmapuri,1.0,-11.3198
2023-08-09 20:00:00,571,Dharmapuri,0.5,-11.993357142857144
2023-08-09 21:00:00,571,Dharmapuri,3.5,-11.993357142857144
2023-08-09 22:00:00,571,Dharmapuri,2.0,-12.0035
2023-08-09 23:00:00,571,Dharmapuri,1.0,-12.0035
2023-08-10 00:00:00,571,Dharmapuri,1.0,-12.0035
2023-08-10 01:00:00,571,Dharmapuri,1.0,-12.0035
2023-08-10 02:00:00,571,Dharmapuri,0.75,-12.0035
2023-08-10 03:00:00,571,Dharmapuri,0.75,-12.0035
2023-08-10 04:00:00,571,Dharmapuri,0.5,-11.848928571428573
2023-08-10 06:00:00,571,Dharmapuri,0.5,-11.848928571428573
2023-08-10 07:00:00,571,Dharmapuri,0.5,-11.848928571428573
2023-08-10 09:00:00,571,Dharmapuri,0.5,-11.848928571428573
2023-08-10 11:00:00,571,Dharmapuri,0.5,-12.036785714285712
2023-08-10 13:00:00,571,Dharmapuri,0.5,-12.036785714285712
2023-08-10 16:00:00,571,Dharmapuri,0.5,-12.022
2023-08-10 18:00:00,571,Dharmapuri,1.5,-12.022
2023-08-10 19:00:00,571,Dharmapuri,0.5,-12.022
2023-08-10 21:00:00,571,Dharmapuri,0.5,-12.022
2023-08-10 22:00:00,571,Dharmapuri,0.5,-11.863857142857142
2023-08-10 23:00:00,571,Dharmapuri,0.5,-11.863857142857142
2023-08-11 00:00:00,571,Dharmapuri,1.0,-11.863857142857142
2023-08-11 01:00:00,571,Dharmapuri,0.5,-11.863857142857142
2023-08-11 04:00:00,571,Dharmapuri,0.5,-11.661142857142858
2023-08-11 10:00:00,571,Dharmapuri,0.5,-9.822
2023-08-11 13:00:00,571,Dharmapuri,1.0,-9.822
2023-08-11 16:00:00,571,Dharmapuri,1.0,-9.88523076923077
2023-08-11 21:00:00,571,Dharmapuri,0.5,-9.88523076923077
2023-08-12 02:00:00,571,Dharmapuri,1.5,-9.925307692307692
2023-08-12 03:00:00,571,Dharmapuri,1.0,-9.925307692307692
2023-08-12 04:00:00,571,Dharmapuri,0.5,-9.788230769230768
2023-08-12 06:00:00,571,Dharmapuri,0.5,-9.788230769230768
2023-08-12 15:00:00,571,Dharmapuri,0.5,-9.879846153846152
2023-08-12 23:00:00,571,Dharmapuri,0.5,-9.964
2023-08-16 21:00:00,571,Dharmapuri,0.5,-12.266428571428571
2023-08-22 16:00:00,571,Dharmapuri,0.5,-12.595714285714283
2023-08-23 00:00:00,571,Dharmapuri,30.5,-12.598857142857142
2023-08-23 01:00:00,571,Dharmapuri,20.0,-12.598857142857142
2023-08-23 02:00:00,571,Dharmapuri,3.0,-12.598857142857142
2023-08-23 03:00:00,571,Dharmapuri,0.75,-12.598857142857142
2023-08-23 04:00:00,571,Dharmapuri,0.5,-12.530785714285717
2023-08-23 13:00:00,571,Dharmapuri,2.5,-9.325
2023-08-23 14:00:00,571,Dharmapuri,0.5,-9.325
2023-08-27 06:00:00,571,Dharmapuri,3.5,-12.289266666666666
2023-08-27 07:00:00,571,Dharmapuri,2.0,-12.289266666666666
2023-08-27 22:00:00,571,Dharmapuri,3.5,-12.844642857142857
2023-08-27 23:00:00,571,Dharmapuri,0.5,-12.844642857142857
2023-08-28 00:00:00,571,Dharmapuri,1.5,-12.844642857142857
2023-08-28 01:00:00,571,Dharmapuri,3.5,-12.844642857142857
2023-08-28 02:00:00,571,Dharmapuri,0.5,-12.844642857142857
2023-08-28 03:00:00,571,Dharmapuri,0.5,-12.844642857142857
2023-08-28 04:00:00,571,Dharmapuri,0.5,-12.568785714285712
2023-08-28 05:00:00,571,Dharmapuri,0.5,-12.568785714285712
2023-08-29 05:00:00,571,Dharmapuri,0.5,-12.643785714285714
2023-08-29 17:00:00,571,Dharmapuri,0.5,-12.679214285714286
2023-08-29 18:00:00,571,Dharmapuri,4.0,-12.679214285714286
2023-08-29 22:00:00,571,Dharmapuri,1.0,-12.805285714285716
2023-08-30 00:00:00,571,Dharmapuri,2.5,-12.805285714285716
2023-08-30 01:00:00,571,Dharmapuri,2.75,-12.805285714285716
2023-08-30 02:00:00,571,Dharmapuri,2.0,-12.805285714285716
2023-08-30 03:00:00,571,Dharmapuri,1.75,-12.805285714285716
2023-08-30 04:00:00,571,Dharmapuri,1.25,-12.344214285714289
2023-08-30 05:00:00,571,Dharmapuri,1.0,-12.344214285714289
2023-08-30 06:00:00,571,Dharmapuri,1.0,-12.344214285714289
2023-08-30 07:00:00,571,Dharmapuri,0.5,-12.344214285714289
2023-08-30 08:00:00,571,Dharmapuri,1.0,-12.344214285714289
2023-08-30 09:00:00,571,Dharmapuri,1.0,-12.344214285714289
2023-08-30 10:00:00,571,Dharmapuri,0.5,-12.506214285714284
2023-08-30 11:00:00,571,Dharmapuri,0.5,-12.506214285714284
2023-08-30 14:00:00,571,Dharmapuri,0.5,-12.506214285714284
2023-08-30 22:00:00,571,Dharmapuri,0.5,-12.646214285714285
2023-08-30 23:00:00,571,Dharmapuri,6.5,-12.646214285714285
2023-08-31 00:00:00,571,Dharmapuri,3.0,-12.646214285714285
2023-08-31 01:00:00,571,Dharmapuri,1.0,-12.646214285714285
2023-08-31 02:00:00,571,Dharmapuri,0.75,-12.646214285714285
2023-08-31 04:00:00,571,Dharmapuri,0.5,-12.196642857142855
2023-08-31 05:00:00,571,Dharmapuri,0.5,-12.196642857142855
2023-08-31 08:00:00,571,Dharmapuri,0.5,-12.196642857142855
2023-09-01 02:00:00,571,Dharmapuri,1.0,-12.398857142857144
2023-09-01 03:00:00,571,Dharmapuri,0.5,-12.398857142857144
2023-09-01 04:00:00,571,Dharmapuri,0.5,-12.384214285714284
2023-09-01 05:00:00,571,Dharmapuri,0.5,-12.384214285714284
2023-09-01 10:00:00,571,Dharmapuri,0.5,-12.331714285714286
2023-09-01 12:00:00,571,Dharmapuri,0.5,-12.331714285714286
2023-09-01 15:00:00,571,Dharmapuri,1.0,-12.331714285714286
2023-09-01 16:00:00,571,Dharmapuri,0.5,-12.699615384615385
2023-09-01 18:00:00,571,Dharmapuri,0.5,-12.699615384615385
2023-09-01 19:00:00,571,Dharmapuri,0.5,-12.699615384615385
2023-09-01 21:00:00,571,Dharmapuri,0.5,-12.699615384615385
2023-09-01 22:00:00,571,Dharmapuri,0.5,-12.769769230769231
2023-09-01 23:00:00,571,Dharmapuri,8.25,-12.769769230769231
2023-09-02 00:00:00,571,Dharmapuri,2.5,-12.769769230769231
2023-09-02 01:00:00,571,Dharmapuri,0.5,-12.769769230769231
2023-09-02 02:00:00,571,Dharmapuri,1.0,-12.769769230769231
2023-09-02 03:00:00,571,Dharmapuri,4.25,-12.769769230769231
2023-09-02 04:00:00,571,Dharmapuri,1.75,-12.817
2023-09-02 05:00:00,571,Dharmapuri,1.5,-12.817
2023-09-02 06:00:00,571,Dharmapuri,0.5,-12.817
2023-09-02 09:00:00,571,Dharmapuri,0.5,-12.817
2023-09-02 16:00:00,571,Dharmapuri,0.5,-11.96492857142857
2023-09-02 18:00:00,571,Dharmapuri,0.5,-11.96492857142857
2023-09-02 19:00:00,571,Dharmapuri,1.5,-11.96492857142857
2023-09-02 20:00:00,571,Dharmapuri,1.0,-11.96492857142857
2023-09-02 22:00:00,571,Dharmapuri,0.5,-11.545785714285715
2023-09-02 23:00:00,571,Dharmapuri,0.75,-11.545785714285715
2023-09-03 00:00:00,571,Dharmapuri,2.5,-11.545785714285715
2023-09-03 01:00:00,571,Dharmapuri,1.5,-11.545785714285715
2023-09-03 02:00:00,571,Dharmapuri,0.5,-11.545785714285715
2023-09-03 05:00:00,571,Dharmapuri,0.5,-11.307214285714284
2023-09-03 21:00:00,571,Dharmapuri,5.75,-11.37435714285714
2023-09-03 22:00:00,571,Dharmapuri,1.0,-11.209357142857144
2023-09-04 00:00:00,571,Dharmapuri,0.5,-11.209357142857144
2023-09-04 05:00:00,571,Dharmapuri,0.5,-11.082214285714286
2023-09-04 10:00:00,571,Dharmapuri,0.5,-11.155
2023-09-04 13:00:00,571,Dharmapuri,0.5,-11.155
2023-09-04 16:00:00,571,Dharmapuri,0.5,-11.199642857142855
2023-09-04 22:00:00,571,Dharmapuri,0.5,-11.069785714285716
2023-09-05 17:00:00,571,Dharmapuri,0.5,-11.150357142857144
2023-09-05 21:00:00,571,Dharmapuri,0.5,-11.150357142857144
2023-09-06 13:00:00,571,Dharmapuri,0.5,-11.1715
2023-09-06 18:00:00,571,Dharmapuri,0.5,-11.019714285714286
2023-09-07 06:00:00,571,Dharmapuri,0.5,-10.965642857142855
2023-09-07 07:00:00,571,Dharmapuri,0.5,-10.965642857142855
2023-09-07 19:00:00,571,Dharmapuri,0.5,-11.101571428571429
2023-09-11 21:00:00,571,Dharmapuri,0.5,-10.981285714285717
2023-09-11 22:00:00,571,Dharmapuri,1.0,-10.935
2023-09-12 18:00:00,571,Dharmapuri,0.5,-11.108428571428572
2023-09-12 19:00:00,571,Dharmapuri,8.5,-11.108428571428572
2023-09-12 20:00:00,571,Dharmapuri,1.0,-11.108428571428572
2023-09-12 21:00:00,571,Dharmapuri,1.0,-11.108428571428572
2023-09-12 22:00:00,571,Dharmapuri,0.5,-10.9035
2023-09-12 23:00:00,571,Dharmapuri,0.5,-10.9035
2023-09-13 00:00:00,571,Dharmapuri,0.5,-10.9035
2023-09-13 02:00:00,571,Dharmapuri,0.5,-10.9035
2023-09-14 16:00:00,571,Dharmapuri,2.5,-11.228
2023-09-14 17:00:00,571,Dharmapuri,8.0,-11.228
2023-09-14 18:00:00,571,Dharmapuri,0.5,-11.228
2023-09-14 19:00:00,571,Dharmapuri,1.0,-11.228
2023-09-14 20:00:00,571,Dharmapuri,0.5,-11.228
2023-09-14 21:00:00,571,Dharmapuri,0.5,-11.228
2023-09-14 23:00:00,571,Dharmapuri,0.5,-11.192714285714288
2023-09-15 20:00:00,571,Dharmapuri,3.0,-11.105642857142856
2023-09-15 21:00:00,571,Dharmapuri,2.5,-11.105642857142856
2023-09-16 00:00:00,571,Dharmapuri,0.5,-11.082
2023-09-16 22:00:00,571,Dharmapuri,0.5,-11.210928571428571
2023-09-17 06:00:00,571,Dharmapuri,0.5,-11.193857142857144
2023-09-17 21:00:00,571,Dharmapuri,15.5,-11.102214285714286
2023-09-17 23:00:00,571,Dharmapuri,1.0,-10.9815
2023-09-18 00:00:00,571,Dharmapuri,2.0,-10.9815
2023-09-18 01:00:00,571,Dharmapuri,2.0,-10.9815
2023-09-18 02:00:00,571,Dharmapuri,2.5,-10.9815
2023-09-18 05:00:00,571,Dharmapuri,0.5,-10.802428571428573
2023-09-19 00:00:00,571,Dharmapuri,1.5,-10.668357142857143
2023-09-19 01:00:00,571,Dharmapuri,0.5,-10.668357142857143
2023-09-19 02:00:00,571,Dharmapuri,0.5,-10.668357142857143
2023-09-19 06:00:00,571,Dharmapuri,0.5,-10.571714285714284
2023-09-23 18:00:00,571,Dharmapuri,0.5,-10.53
2023-09-24 02:00:00,571,Dharmapuri,0.5,-10.60742857142857
2023-09-24 03:00:00,571,Dharmapuri,0.5,-10.60742857142857
2023-09-24 22:00:00,571,Dharmapuri,11.5,-10.366142857142858
2023-09-25 01:00:00,571,Dharmapuri,0.5,-10.366142857142858
2023-09-25 02:00:00,571,Dharmapuri,0.5,-10.366142857142858
2023-09-25 03:00:00,571,Dharmapuri,1.0,-10.366142857142858
2023-09-25 04:00:00,571,Dharmapuri,0.5,-10.365357142857144
2023-09-28 19:00:00,571,Dharmapuri,1.0,-10.459928571428572
2023-09-28 20:00:00,571,Dharmapuri,0.5,-10.459928571428572
2023-09-28 21:00:00,571,Dharmapuri,0.5,-10.459928571428572
2023-09-30 17:00:00,571,Dharmapuri,0.5,-10.463214285714288
2023-09-30 18:00:00,571,Dharmapuri,0.5,-10.463214285714288
2023-10-01 15:00:00,571,Dharmapuri,0.5,-10.423214285714286
2023-10-02 20:00:00,571,Dharmapuri,0.5,-10.289071428571429
2023-10-06 18:00:00,571,Dharmapuri,8.0,-10.6645
2023-10-06 19:00:00,571,Dharmapuri,6.0,-10.6645
2023-10-09 15:00:00,571,Dharmapuri,2.0,-10.705142857142858
2023-10-09 18:00:00,571,Dharmapuri,4.0,-10.702142857142857
2023-10-09 19:00:00,571,Dharmapuri,5.5,-10.702142857142857
2023-10-09 20:00:00,571,Dharmapuri,2.0,-10.702142857142857
2023-10-09 21:00:00,571,Dharmapuri,0.5,-10.702142857142857
2023-10-10 16:00:00,571,Dharmapuri,0.5,-10.644142857142857
2023-10-10 17:00:00,571,Dharmapuri,0.5,-10.644142857142857
2023-10-10 18:00:00,571,Dharmapuri,0.5,-10.644142857142857
2023-10-12 20:00:00,571,Dharmapuri,773.0,-10.785714285714286
2023-10-14 23:00:00,571,Dharmapuri,0.5,-10.712142857142856
2023-10-15 00:00:00,571,Dharmapuri,1.5,-10.712142857142856
2023-10-15 01:00:00,571,Dharmapuri,3.5,-10.712142857142856
2023-10-15 02:00:00,571,Dharmapuri,2.0,-10.712142857142856
2023-10-15 03:00:00,571,Dharmapuri,0.5,-10.712142857142856
2023-10-16 19:00:00,571,Dharmapuri,0.5,-10.691642857142856
2023-10-16 20:00:00,571,Dharmapuri,0.5,-10.691642857142856
2023-10-16 21:00:00,571,Dharmapuri,0.5,-10.691642857142856
2023-10-16 23:00:00,571,Dharmapuri,0.5,-10.639857142857142
2023-10-28 14:00:00,571,Dharmapuri,0.5,-7.981
2023-10-28 16:00:00,571,Dharmapuri,1.0,-10.964642857142858
2023-10-28 17:00:00,571,Dharmapuri,1.0,-10.964642857142858
2023-10-29 15:00:00,571,Dharmapuri,9.5,-11.163714285714288
2023-10-29 16:00:00,571,Dharmapuri,665.0,-10.970642857142858
2023-10-29 17:00:00,571,Dharmapuri,1798.0,-10.970642857142858
2023-10-30 00:00:00,571,Dharmapuri,1.5,-11.170928571428572
2023-10-30 16:00:00,571,Dharmapuri,1.0,-11.018642857142856
2023-10-30 17:00:00,571,Dharmapuri,0.75,-11.018642857142856
2023-10-30 18:00:00,571,Dharmapuri,0.5,-11.018642857142856
2023-10-31 15:00:00,571,Dharmapuri,2.0,-11.034642857142858
2023-10-31 16:00:00,571,Dharmapuri,1.0,-10.994
2023-10-31 17:00:00,571,Dharmapuri,28.0,-10.994
2023-10-31 18:00:00,571,Dharmapuri,1.5,-10.994
2023-11-01 11:00:00,571,Dharmapuri,2.0,-11.160357142857142
2023-11-01 12:00:00,571,Dharmapuri,7.5,-11.160357142857142
2023-11-01 13:00:00,571,Dharmapuri,2.5,-11.160357142857142
2023-11-01 14:00:00,571,Dharmapuri,1.0,-11.160357142857142
2023-11-01 17:00:00,571,Dharmapuri,1.0,-11.046142857142856
2023-11-01 20:00:00,571,Dharmapuri,2.5,-11.046142857142856
2023-11-02 12:00:00,571,Dharmapuri,58.0,-11.202714285714285
2023-11-02 13:00:00,571,Dharmapuri,14.5,-11.202714285714285
2023-11-03 00:00:00,571,Dharmapuri,6.0,-11.358142857142855
2023-11-03 01:00:00,571,Dharmapuri,2.0,-11.358142857142855
2023-11-04 00:00:00,571,Dharmapuri,1.5,-11.417785714285714
2023-11-04 01:00:00,571,Dharmapuri,0.5,-11.417785714285714
2023-11-04 04:00:00,571,Dharmapuri,1.0,-11.393571428571429
2023-11-04 05:00:00,571,Dharmapuri,4.5,-11.393571428571429
2023-11-04 06:00:00,571,Dharmapuri,1.0,-11.393571428571429
2023-11-04 07:00:00,571,Dharmapuri,1.0,-11.393571428571429
2023-11-04 08:00:00,571,Dharmapuri,0.5,-11.393571428571429
2023-11-04 09:00:00,571,Dharmapuri,0.5,-11.393571428571429
2023-11-04 14:00:00,571,Dharmapuri,1.5,-11.361857142857144
2023-11-04 15:00:00,571,Dharmapuri,1.5,-11.361857142857144
2023-11-04 16:00:00,571,Dharmapuri,0.5,-11.241142857142858
2023-11-04 17:00:00,571,Dharmapuri,4.5,-11.241142857142858
2023-11-04 19:00:00,571,Dharmapuri,1.5,-11.241142857142858
2023-11-04 20:00:00,571,Dharmapuri,1.75,-11.241142857142858
2023-11-04 21:00:00,571,Dharmapuri,0.5,-11.241142857142858
2023-11-04 22:00:00,571,Dharmapuri,0.5,-11.199285714285711
2023-11-05 00:00:00,571,Dharmapuri,0.5,-11.199285714285711
2023-11-05 01:00:00,571,Dharmapuri,4.5,-11.199285714285711
2023-11-05 02:00:00,571,Dharmapuri,2.0,-11.199285714285711
2023-11-05 03:00:00,571,Dharmapuri,0.5,-11.199285714285711
2023-11-05 05:00:00,571,Dharmapuri,0.5,-11.2335
2023-11-05 06:00:00,571,Dharmapuri,0.5,-11.2335
2023-11-06 05:00:00,571,Dharmapuri,7.0,-11.2625
2023-11-06 21:00:00,571,Dharmapuri,1.0,-11.351
2023-11-06 22:00:00,571,Dharmapuri,0.5,-11.177857142857144
2023-11-06 23:00:00,571,Dharmapuri,0.5,-11.177857142857144
2023-11-07 00:00:00,571,Dharmapuri,1.5,-11.177857142857144
2023-11-07 01:00:00,571,Dharmapuri,0.5,-11.177857142857144
2023-11-07 02:00:00,571,Dharmapuri,0.5,-11.177857142857144
2023-11-07 03:00:00,571,Dharmapuri,3.25,-11.177857142857144
2023-11-07 04:00:00,571,Dharmapuri,2.0,-10.999071428571428
2023-11-07 05:00:00,571,Dharmapuri,5.0,-10.999071428571428
2023-11-07 06:00:00,571,Dharmapuri,0.5,-10.999071428571428
2023-11-07 07:00:00,571,Dharmapuri,0.5,-10.999071428571428
2023-11-07 22:00:00,571,Dharmapuri,4.0,-11.020928571428572
2023-11-07 23:00:00,571,Dharmapuri,4.5,-11.020928571428572
2023-11-08 00:00:00,571,Dharmapuri,3.0,-11.020928571428572
2023-11-08 01:00:00,571,Dharmapuri,1.0,-11.020928571428572
2023-11-08 05:00:00,571,Dharmapuri,0.5,-10.99292857142857
2023-11-08 17:00:00,571,Dharmapuri,0.5,-11.010071428571427
2023-11-09 21:00:00,571,Dharmapuri,0.5,-11.201214285714286
2023-11-09 23:00:00,571,Dharmapuri,0.5,-10.995142857142856
2023-11-10 02:00:00,571,Dharmapuri,0.5,-10.995142857142856
2023-11-11 13:00:00,571,Dharmapuri,2.5,-11.010000000000002
2023-11-14 03:00:00,571,Dharmapuri,1.0,-10.924142857142856
2023-11-14 04:00:00,571,Dharmapuri,0.5,-10.876142857142856
2023-11-14 05:00:00,571,Dharmapuri,0.5,-10.876142857142856
2023-11-14 07:00:00,571,Dharmapuri,0.5,-10.876142857142856
2023-11-14 08:00:00,571,Dharmapuri,0.5,-10.876142857142856
2023-11-14 10:00:00,571,Dharmapuri,0.5,-11.040642857142856
2023-11-14 12:00:00,571,Dharmapuri,0.5,-11.040642857142856
2023-11-14 15:00:00,571,Dharmapuri,0.5,-11.040642857142856
2023-11-22 13:00:00,571,Dharmapuri,0.5,-11.126071428571429
2023-11-22 15:00:00,571,Dharmapuri,0.5,-11.126071428571429
2023-11-22 16:00:00,571,Dharmapuri,2.0,-11.256857142857143
2023-11-22 20:00:00,571,Dharmapuri,0.5,-11.256857142857143
2023-11-23 11:00:00,571,Dharmapuri,1.0,-11.256785714285714
2023-11-24 15:00:00,571,Dharmapuri,0.5,-11.403857142857143
2023-11-24 16:00:00,571,Dharmapuri,0.5,-9.163846153846151
2023-11-24 17:00:00,571,Dharmapuri,0.5,-9.163846153846151
2023-11-24 18:00:00,571,Dharmapuri,0.5,-9.163846153846151
2023-11-24 20:00:00,571,Dharmapuri,0.5,-9.163846153846151
2023-11-25 07:00:00,571,Dharmapuri,0.5,-11.386071428571428
2023-11-25 10:00:00,571,Dharmapuri,0.5,-11.405714285714286
2023-11-25 14:00:00,571,Dharmapuri,0.5,-11.405714285714286
2023-11-25 20:00:00,571,Dharmapuri,1.0,-11.203214285714283
2023-11-25 22:00:00,571,Dharmapuri,0.5,-11.298
2023-11-26 01:00:00,571,Dharmapuri,0.5,-11.298
2023-11-26 08:00:00,571,Dharmapuri,3.0,-11.372642857142855
2023-11-26 10:00:00,571,Dharmapuri,0.5,-11.3465
2023-11-26 11:00:00,571,Dharmapuri,1.0,-11.3465
2023-11-26 13:00:00,571,Dharmapuri,0.5,-11.3465
2023-11-26 15:00:00,571,Dharmapuri,1.5,-11.3465
2023-11-26 16:00:00,571,Dharmapuri,0.5,-11.218714285714286
2023-11-26 22:00:00,571,Dharmapuri,0.5,-11.266642857142855
2023-11-27 16:55:00,571,Dharmapuri,5.0,-11.237785714285716
2023-11-27 17:00:00,571,Dharmapuri,5.0,-11.237785714285716
2023-11-28 17:00:00,571,Dharmapuri,1.5,-11.359285714285717
2023-12-03 05:00:00,571,Dharmapuri,0.5,-11.516071428571427
2023-12-03 06:00:00,571,Dharmapuri,0.5,-11.516071428571427
2023-12-03 20:00:00,571,Dharmapuri,1.5,-11.507571428571428
2023-12-09 00:00:00,571,Dharmapuri,0.5,-11.653857142857143
2023-12-16 20:00:00,571,Dharmapuri,0.5,-11.738785714285711
2023-12-17 19:00:00,571,Dharmapuri,0.5,-11.776928571428572
2023-12-18 01:00:00,571,Dharmapuri,0.5,-11.7375
2023-12-25 06:00:00,571,Dharmapuri,0.5,-11.905357142857143
2023-12-25 07:00:00,571,Dharmapuri,1.0,-11.905357142857143
2023-12-25 10:00:00,571,Dharmapuri,0.5,-11.91
2023-12-25 14:00:00,571,Dharmapuri,0.5,-11.91
2023-12-29 03:00:00,571,Dharmapuri,0.5,-12.0625
2023-12-29 04:00:00,571,Dharmapuri,0.5,-12.031714285714283
2023-12-29 06:00:00,571,Dharmapuri,0.5,-12.031714285714283
2024-01-06 05:00:00,571,Dharmapuri,0.5,-12.381928571428572
2024-01-08 01:00:00,571,Dharmapuri,0.5,-12.5165
2024-01-08 02:00:00,571,Dharmapuri,4.5,-12.5165
2024-01-08 03:00:00,571,Dharmapuri,0.5,-12.5165
2024-01-08 05:00:00,571,Dharmapuri,1.5,-12.382
2024-01-08 06:00:00,571,Dharmapuri,0.5,-12.382
2024-01-08 07:00:00,571,Dharmapuri,0.5,-12.382
2024-01-08 08:00:00,571,Dharmapuri,0.5,-12.382
2024-01-08 09:00:00,571,Dharmapuri,0.5,-12.382
2024-01-08 10:00:00,571,Dharmapuri,0.5,-12.385571428571428
2024-01-08 12:00:00,571,Dharmapuri,0.5,-12.385571428571428
2024-01-08 14:00:00,571,Dharmapuri,2.5,-12.385571428571428
2024-01-08 15:00:00,571,Dharmapuri,1.0,-12.385571428571428
2024-01-08 19:00:00,571,Dharmapuri,0.5,-12.23242857142857
2024-01-09 01:00:00,571,Dharmapuri,1.5,-12.344142857142856
2024-01-09 02:00:00,571,Dharmapuri,1.0,-12.344142857142856
2024-01-09 03:00:00,571,Dharmapuri,2.0,-12.344142857142856
2024-01-09 05:00:00,571,Dharmapuri,2.5,-12.151
2024-01-09 06:00:00,571,Dharmapuri,1.0,-12.151
2024-01-09 07:00:00,571,Dharmapuri,0.5,-12.151
2024-01-09 10:00:00,571,Dharmapuri,0.5,-12.237785714285716
2024-01-09 11:00:00,571,Dharmapuri,0.5,-12.237785714285716
2024-01-09 12:00:00,571,Dharmapuri,0.5,-12.237785714285716
2024-01-12 12:00:00,571,Dharmapuri,9.5,-12.641285714285717
2024-01-12 13:00:00,571,Dharmapuri,4.0,-12.641285714285717
2024-01-12 14:00:00,571,Dharmapuri,4.5,-12.641285714285717
2024-01-12 15:00:00,571,Dharmapuri,0.5,-12.641285714285717
2024-01-12 16:00:00,571,Dharmapuri,0.5,-12.682285714285712
2024-01-12 18:00:00,571,Dharmapuri,0.5,-12.682285714285712
2024-01-12 19:00:00,571,Dharmapuri,0.5,-12.682285714285712
2024-01-13 13:00:00,571,Dharmapuri,11.5,-12.793785714285717
2024-01-13 14:00:00,571,Dharmapuri,2.5,-12.793785714285717
2024-01-13 15:00:00,571,Dharmapuri,2.0,-12.793785714285717
2024-01-13 16:00:00,571,Dharmapuri,1.5,-12.754
2024-01-13 17:00:00,571,Dharmapuri,6.0,-12.754
2024-01-13 18:00:00,571,Dharmapuri,1.5,-12.754
2024-01-13 19:00:00,571,Dharmapuri,10.5,-12.754
2024-01-13 20:00:00,571,Dharmapuri,2.0,-12.754
2024-01-13 21:00:00,571,Dharmapuri,2.5,-12.754
2024-01-13 22:00:00,571,Dharmapuri,4.5,-12.81192857142857
2024-01-13 23:00:00,571,Dharmapuri,3.0,-12.81192857142857
2024-01-14 00:00:00,571,Dharmapuri,3.0,-12.81192857142857
2024-01-14 01:00:00,571,Dharmapuri,10.5,-12.81192857142857
2024-01-14 02:00:00,571,Dharmapuri,7.0,-12.81192857142857
2024-01-14 14:00:00,571,Dharmapuri,6.0,-13.383923076923075
2024-01-14 16:00:00,571,Dharmapuri,1.0,-13.375153846153848
2024-01-14 19:00:00,571,Dharmapuri,1.0,-13.375153846153848
2024-01-14 20:00:00,571,Dharmapuri,1.5,-13.375153846153848
2024-01-15 01:00:00,571,Dharmapuri,0.5,-13.329307692307692
2024-01-15 04:00:00,571,Dharmapuri,0.5,-13.300307692307692
2024-01-15 05:00:00,571,Dharmapuri,1.0,-13.300307692307692
2024-01-15 06:00:00,571,Dharmapuri,0.5,-13.300307692307692
2024-01-15 11:00:00,571,Dharmapuri,3.0,-13.211846153846151
2024-01-15 12:00:00,571,Dharmapuri,1.5,-13.211846153846151
2024-01-15 15:00:00,571,Dharmapuri,0.5,-13.211846153846151
2024-01-15 16:00:00,571,Dharmapuri,0.5,-13.302846153846152
2024-01-15 17:00:00,571,Dharmapuri,1.0,-13.302846153846152
2024-01-15 21:00:00,571,Dharmapuri,2.0,-13.302846153846152
2024-01-15 22:00:00,571,Dharmapuri,0.5,-13.30646153846154
2024-01-15 23:00:00,571,Dharmapuri,1.5,-13.30646153846154
2024-01-16 03:00:00,571,Dharmapuri,0.5,-13.30646153846154
2024-01-16 07:00:00,571,Dharmapuri,1.0,-13.282307692307691
2024-01-16 12:00:00,571,Dharmapuri,7.5,-13.250923076923076
2024-01-16 13:00:00,571,Dharmapuri,2.0,-13.250923076923076
2024-01-16 14:00:00,571,Dharmapuri,3.0,-13.250923076923076
2024-01-16 15:00:00,571,Dharmapuri,1.0,-13.250923076923076
2024-01-16 16:00:00,571,Dharmapuri,1.0,-13.13253846153846
2024-01-16 18:00:00,571,Dharmapuri,0.5,-13.13253846153846
2024-01-16 20:00:00,571,Dharmapuri,0.5,-13.13253846153846
2024-01-17 14:00:00,571,Dharmapuri,1.0,-13.076307692307692
2024-01-17 15:00:00,571,Dharmapuri,1.0,-13.076307692307692
2024-01-17 21:00:00,571,Dharmapuri,1.0,-13.083230769230768
2024-01-17 22:00:00,571,Dharmapuri,1.0,-12.92123076923077
2024-01-18 06:00:00,571,Dharmapuri,0.5,-12.489
2024-01-18 12:00:00,571,Dharmapuri,0.5,-12.627583333333334
2024-01-18 19:00:00,571,Dharmapuri,0.5,-13.001083333333334
2024-01-19 06:00:00,571,Dharmapuri,0.5,-13.062076923076924
2024-01-19 11:00:00,571,Dharmapuri,3.0,-13.126384615384616
2024-01-19 12:00:00,571,Dharmapuri,3.0,-13.126384615384616
2024-01-19 13:00:00,571,Dharmapuri,1.5,-13.126384615384616
2024-01-19 16:00:00,571,Dharmapuri,0.5,-12.985153846153846
2024-01-19 18:00:00,571,Dharmapuri,0.5,-12.985153846153846
2024-01-20 14:00:00,571,Dharmapuri,0.5,-13.008307692307692
2024-01-21 11:00:00,571,Dharmapuri,0.5,-13.077846153846156
2024-01-22 15:00:00,571,Dharmapuri,1.0,-13.153538461538462
2024-01-23 12:00:00,571,Dharmapuri,1.0,-12.580142857142858
2024-01-23 13:00:00,571,Dharmapuri,4.0,-12.61
2024-01-23 15:00:00,571,Dharmapuri,3.0,-12.61
2024-01-23 16:00:00,571,Dharmapuri,9.5,-12.697928571428571
2024-01-24 11:00:00,571,Dharmapuri,1.0,-12.675142857142855
2024-01-24 15:00:00,571,Dharmapuri,0.5,-9.002
2024-01-25 03:00:00,571,Dharmapuri,0.5,-12.778714285714283
2024-01-25 09:00:00,571,Dharmapuri,1.0,-12.774928571428571
2024-01-25 10:00:00,571,Dharmapuri,0.5,-12.63714285714286
2024-01-25 12:00:00,571,Dharmapuri,5.0,-12.63714285714286
2024-01-25 13:00:00,571,Dharmapuri,18.0,-12.63714285714286
2024-01-25 14:00:00,571,Dharmapuri,0.5,-12.63714285714286
2024-01-25 17:00:00,571,Dharmapuri,0.5,-12.784
2024-01-25 23:00:00,571,Dharmapuri,0.5,-12.749785714285713
2024-01-26 00:00:00,571,Dharmapuri,0.5,-12.749785714285713
2024-01-26 02:00:00,571,Dharmapuri,0.5,-12.749785714285713
2024-01-26 09:00:00,571,Dharmapuri,0.5,-12.75842857142857
2024-01-26 12:00:00,571,Dharmapuri,0.5,-12.618785714285712
2024-01-26 13:00:00,571,Dharmapuri,1.0,-12.618785714285712
2024-01-27 06:00:00,571,Dharmapuri,0.5,-12.837571428571428
2024-01-27 13:00:00,571,Dharmapuri,1.0,-12.68385714285714
2024-01-27 14:00:00,571,Dharmapuri,1.0,-12.68385714285714
2024-01-27 16:00:00,571,Dharmapuri,0.5,-12.844357142857143
2024-01-27 23:00:00,571,Dharmapuri,0.5,-12.826357142857145
2024-01-28 03:00:00,571,Dharmapuri,0.5,-12.826357142857145
2024-01-28 05:00:00,571,Dharmapuri,0.5,-12.811357142857144
2024-01-28 13:00:00,571,Dharmapuri,0.5,-16.269
2024-01-28 14:00:00,571,Dharmapuri,0.5,-16.269
2024-01-28 15:00:00,571,Dharmapuri,0.5,-16.269
2024-01-29 03:00:00,571,Dharmapuri,0.5,-12.812
2024-01-29 14:00:00,571,Dharmapuri,12.5,-12.914857142857144
2024-01-29 15:00:00,571,Dharmapuri,3.0,-12.914857142857144
2024-01-29 16:00:00,571,Dharmapuri,1.5,-12.74457142857143
2024-01-30 10:00:00,571,Dharmapuri,0.5,-12.847571428571428
2024-01-30 14:00:00,571,Dharmapuri,0.5,-12.847571428571428
2024-01-30 15:00:00,571,Dharmapuri,1.5,-12.847571428571428
2024-01-30 16:00:00,571,Dharmapuri,1.0,-12.80942857142857
2024-01-31 12:00:00,571,Dharmapuri,0.5,-13.097285714285714
2024-02-01 12:00:00,571,Dharmapuri,1.0,-13.158142857142858
2024-03-04 13:00:00,571,Dharmapuri,27.0,-14.473153846153847
2024-05-02 10:45:00,571,Dharmapuri,8.0,-16.95392307692308
2024-05-02 11:00:00,571,Dharmapuri,8.0,-16.95392307692308
2024-05-02 15:45:00,571,Dharmapuri,6.5,-16.77215384615385
2024-05-02 15:50:00,571,Dharmapuri,6.5,-16.77215384615385
2024-05-02 16:00:00,571,Dharmapuri,6.5,-16.77215384615385
2024-05-02 17:00:00,571,Dharmapuri,1.0,-16.77215384615385
2024-05-02 19:00:00,571,Dharmapuri,3.5,-16.77215384615385
2024-05-03 16:00:00,571,Dharmapuri,1.0,-16.820076923076922
2024-05-03 17:00:00,571,Dharmapuri,2.5,-16.820076923076922
2024-05-03 18:00:00,571,Dharmapuri,1.0,-16.820076923076922
2024-05-03 19:00:00,571,Dharmapuri,1.0,-16.820076923076922
2024-05-03 20:00:00,571,Dharmapuri,0.5,-16.820076923076922
2024-05-03 21:00:00,571,Dharmapuri,0.5,-16.820076923076922
2024-05-04 19:00:00,571,Dharmapuri,0.5,-16.835307692307694
2024-05-04 20:00:00,571,Dharmapuri,2.0,-16.835307692307694
2024-05-06 18:00:00,571,Dharmapuri,0.5,-16.754461538461538
2024-05-06 19:00:00,571,Dharmapuri,0.5,-16.754461538461538
2024-05-06 20:00:00,571,Dharmapuri,0.5,-16.754461538461538
2024-05-07 00:00:00,571,Dharmapuri,0.5,-16.80969230769231
2024-05-07 01:00:00,571,Dharmapuri,24.5,-16.80969230769231
2024-05-07 02:00:00,571,Dharmapuri,0.5,-16.80969230769231
2024-05-07 03:00:00,571,Dharmapuri,0.5,-16.80969230769231
2024-05-07 04:00:00,571,Dharmapuri,3.5,-16.770384615384614
2024-05-07 05:00:00,571,Dharmapuri,0.5,-16.770384615384614
2024-05-07 07:00:00,571,Dharmapuri,0.5,-16.770384615384614
2024-05-07 09:00:00,571,Dharmapuri,0.5,-16.770384615384614
2024-05-07 12:00:00,571,Dharmapuri,0.5,-17.001384615384616
2024-05-07 14:00:00,571,Dharmapuri,0.5,-17.001384615384616
2024-05-07 16:00:00,571,Dharmapuri,0.5,-16.907384615384615
2024-05-07 19:00:00,571,Dharmapuri,0.5,-16.907384615384615
2024-05-07 23:00:00,571,Dharmapuri,0.5,-16.742307692307694
2024-05-08 04:00:00,571,Dharmapuri,0.5,-16.668307692307692
2024-05-08 09:00:00,571,Dharmapuri,0.5,-16.668307692307692
2024-05-08 13:00:00,571,Dharmapuri,0.5,-16.676384615384617
2024-05-08 19:00:00,571,Dharmapuri,0.5,-16.790384615384617
2024-05-09 01:00:00,571,Dharmapuri,0.5,-16.755
2024-05-11 18:00:00,571,Dharmapuri,0.5,-17.042846153846156
2024-05-12 19:00:00,571,Dharmapuri,0.5,-16.189857142857143
2024-05-14 06:00:00,571,Dharmapuri,0.5,-16.1475
2024-05-16 00:00:00,571,Dharmapuri,4.5,-16.229142857142858
2024-05-16 01:00:00,571,Dharmapuri,2.0,-16.229142857142858
2024-05-16 02:00:00,571,Dharmapuri,1.0,-16.229142857142858
2024-05-16 03:00:00,571,Dharmapuri,0.5,-16.229142857142858
2024-05-16 14:00:00,571,Dharmapuri,0.5,-16.0515
2024-05-17 15:00:00,571,Dharmapuri,6.0,-6.77
2024-05-17 16:00:00,571,Dharmapuri,1.0,-6.77
2024-05-17 17:00:00,571,Dharmapuri,1.0,-16.0865
2024-05-17 18:00:00,571,Dharmapuri,0.5,-16.0865
2024-05-18 08:00:00,571,Dharmapuri,0.5,-16.09992857142857
2024-05-18 11:00:00,571,Dharmapuri,0.5,-16.211357142857143
2024-05-19 05:00:00,571,Dharmapuri,0.5,-41.16635714285714
2024-05-19 06:00:00,571,Dharmapuri,0.5,-41.16635714285714
2024-05-19 15:00:00,571,Dharmapuri,0.5,-16.07992857142857
2024-05-19 16:00:00,571,Dharmapuri,2.0,-16.114
2024-05-19 17:00:00,571,Dharmapuri,1.0,-16.114
2024-05-19 22:00:00,571,Dharmapuri,3.0,-41.181357142857145
2024-05-20 02:00:00,571,Dharmapuri,0.5,-41.181357142857145
2024-05-20 07:00:00,571,Dharmapuri,0.5,-16.046142857142858
2024-05-20 15:00:00,571,Dharmapuri,3.5,-16.060642857142856
2024-05-20 18:00:00,571,Dharmapuri,7.0,-16.260785714285714
2024-05-20 19:00:00,571,Dharmapuri,4.0,-16.260785714285714
2024-05-20 20:00:00,571,Dharmapuri,12.5,-16.260785714285714
2024-05-20 21:00:00,571,Dharmapuri,6.0,-16.260785714285714
2024-05-20 22:00:00,571,Dharmapuri,4.0,-41.02528571428572
2024-05-21 03:00:00,571,Dharmapuri,0.5,-41.02528571428572
2024-05-21 14:00:00,571,Dharmapuri,11.0,-16.010214285714287
2024-05-21 15:00:00,571,Dharmapuri,0.5,-16.010214285714287
2024-05-21 18:00:00,571,Dharmapuri,0.75,-15.904857142857145
2024-05-22 12:00:00,571,Dharmapuri,0.5,-15.831428571428573
2024-05-22 13:00:00,571,Dharmapuri,0.5,-15.831428571428573
2024-05-22 20:00:00,571,Dharmapuri,3.5,-15.861642857142856
2024-05-22 21:00:00,571,Dharmapuri,1.0,-15.861642857142856
2024-05-22 23:00:00,571,Dharmapuri,0.5,-15.518142857142855
2024-05-23 00:00:00,571,Dharmapuri,1.0,-15.518142857142855
2024-05-23 08:00:00,571,Dharmapuri,0.5,-15.582857142857142
2024-05-23 11:00:00,571,Dharmapuri,0.5,-15.6005
2024-05-24 06:00:00,571,Dharmapuri,0.5,-15.635285714285716
2024-05-24 08:00:00,571,Dharmapuri,0.5,-15.635285714285716
2024-05-25 09:00:00,571,Dharmapuri,0.5,-15.575
2024-05-26 13:00:00,571,Dharmapuri,0.5,-15.440357142857142
2024-05-28 22:00:00,571,Dharmapuri,0.5,-15.397785714285716
2024-05-31 23:00:00,571,Dharmapuri,19.5,-15.245642857142856
2024-06-01 00:00:00,571,Dharmapuri,1.5,-15.245642857142856
2024-06-01 08:00:00,571,Dharmapuri,0.5,-15.138928571428574
2024-06-01 17:00:00,571,Dharmapuri,0.5,-15.337142857142856
2024-06-02 02:00:00,571,Dharmapuri,0.5,-15.340785714285714
2024-06-02 23:00:00,571,Dharmapuri,0.5,-15.284071428571428
2024-06-03 00:00:00,571,Dharmapuri,0.5,-15.284071428571428
2024-06-03 01:00:00,571,Dharmapuri,1.5,-15.284071428571428
2024-06-03 07:00:00,571,Dharmapuri,0.5,-15.096214285714286
2024-06-04 06:00:00,571,Dharmapuri,0.5,-15.044571428571428
2024-06-04 14:00:00,571,Dharmapuri,12.5,-15.158928571428572
2024-06-04 16:00:00,571,Dharmapuri,0.5,-15.251214285714283
2024-06-05 02:00:00,571,Dharmapuri,0.5,-15.262071428571428
2024-06-05 18:00:00,571,Dharmapuri,0.5,-15.049357142857144
2024-06-06 00:00:00,571,Dharmapuri,0.5,-15.068071428571429
2024-06-06 02:00:00,571,Dharmapuri,0.5,-15.068071428571429
2024-06-06 06:00:00,571,Dharmapuri,0.5,-14.7735
2024-06-06 15:00:00,571,Dharmapuri,0.5,-14.958928571428572
2024-06-08 01:00:00,571,Dharmapuri,0.5,-22.24535714285714
2024-06-10 15:00:00,571,Dharmapuri,17.5,-15.170214285714284
2024-06-12 19:00:00,571,Dharmapuri,6.5,-15.259928571428572
2024-06-12 20:00:00,571,Dharmapuri,1.0,-15.259928571428572
2024-06-12 21:00:00,571,Dharmapuri,0.5,-15.259928571428572
2024-06-13 08:00:00,571,Dharmapuri,0.5,-15.158214285714283
2024-06-13 17:00:00,571,Dharmapuri,3.0,-15.104214285714288
2024-06-13 18:00:00,571,Dharmapuri,1.5,-15.104214285714288
2024-06-18 19:00:00,571,Dharmapuri,9.0,-15.165714285714284
2024-06-18 20:00:00,571,Dharmapuri,7.0,-15.165714285714284
2024-06-20 17:00:00,571,Dharmapuri,0.5,-15.315714285714288
2024-06-20 18:00:00,571,Dharmapuri,0.5,-15.315714285714288
2024-06-20 19:00:00,571,Dharmapuri,0.5,-15.315714285714288
2024-06-23 19:00:00,571,Dharmapuri,1.5,-14.768923076923077
2024-06-23 20:00:00,571,Dharmapuri,4.5,-14.768923076923077
2024-06-23 21:00:00,571,Dharmapuri,0.5,-14.768923076923077
2024-06-23 22:00:00,571,Dharmapuri,0.5,-22.456615384615382
2024-06-25 18:00:00,571,Dharmapuri,3.5,-23.54446153846154
2024-06-29 22:00:00,571,Dharmapuri,2.5,-15.685571428571428
2024-06-29 23:00:00,571,Dharmapuri,8.0,-15.685571428571428
2024-06-30 19:00:00,571,Dharmapuri,2.5,-15.703142857142856
2024-06-30 20:00:00,571,Dharmapuri,0.5,-15.703142857142856
2024-06-30 21:00:00,571,Dharmapuri,0.5,-15.703142857142856
2024-07-01 01:00:00,571,Dharmapuri,0.5,-15.671214285714283
2024-07-01 20:00:00,571,Dharmapuri,0.5,-15.712928571428572
2024-07-01 23:00:00,571,Dharmapuri,0.5,-15.715928571428572
2024-07-08 21:00:00,571,Dharmapuri,9.0,-15.796142857142858
2024-07-08 22:00:00,571,Dharmapuri,3.0,-15.940642857142858
2024-07-09 00:00:00,571,Dharmapuri,0.5,-15.940642857142858
2024-07-12 19:00:00,571,Dharmapuri,1.0,-16.00464285714286
2024-07-12 20:00:00,571,Dharmapuri,4.0,-16.00464285714286
2024-07-12 21:00:00,571,Dharmapuri,7.5,-16.00464285714286
2024-07-12 22:00:00,571,Dharmapuri,0.5,-15.99992857142857
2024-07-13 00:00:00,571,Dharmapuri,0.5,-15.99992857142857
2024-07-13 01:00:00,571,Dharmapuri,0.5,-15.99992857142857
2024-07-13 02:00:00,571,Dharmapuri,0.5,-15.99992857142857
2024-07-13 03:00:00,571,Dharmapuri,0.5,-15.99992857142857
2024-07-14 18:00:00,571,Dharmapuri,14.0,-16.0335
2024-07-14 19:00:00,571,Dharmapuri,0.5,-16.0335
2024-07-15 04:00:00,571,Dharmapuri,0.5,-15.928714285714287
2024-07-15 05:00:00,571,Dharmapuri,0.5,-15.928714285714287
2024-07-15 06:00:00,571,Dharmapuri,0.5,-15.928714285714287
2024-07-15 20:00:00,571,Dharmapuri,0.5,-16.12407142857143
2024-07-15 21:00:00,571,Dharmapuri,0.5,-16.12407142857143
2024-07-16 03:00:00,571,Dharmapuri,0.5,-16.120857142857144
2024-07-16 05:00:00,571,Dharmapuri,0.5,-16.028214285714288
2024-07-16 08:00:00,571,Dharmapuri,0.5,-16.028214285714288
2024-07-16 15:00:00,571,Dharmapuri,0.5,-16.1565
2024-07-16 16:00:00,571,Dharmapuri,2.5,-16.20057142857143
2024-07-16 17:00:00,571,Dharmapuri,0.5,-16.20057142857143
2024-07-16 21:00:00,571,Dharmapuri,0.5,-16.20057142857143
2024-07-16 23:00:00,571,Dharmapuri,1.0,-16.178285714285714
2024-07-17 02:00:00,571,Dharmapuri,0.5,-16.178285714285714
2024-07-17 04:00:00,571,Dharmapuri,0.5,-16.078500000000002
2024-07-17 20:00:00,571,Dharmapuri,0.5,-16.13207142857143
2024-07-18 11:00:00,571,Dharmapuri,0.5,-16.253357142857144
2024-07-18 16:00:00,571,Dharmapuri,5.0,-16.112142857142857
2024-07-18 17:00:00,571,Dharmapuri,2.75,-16.112142857142857
2024-07-18 18:00:00,571,Dharmapuri,1.0,-16.112142857142857
2024-07-18 19:00:00,571,Dharmapuri,0.5,-16.112142857142857
2024-07-18 20:00:00,571,Dharmapuri,0.5,-16.112142857142857
2024-07-18 21:00:00,571,Dharmapuri,0.5,-16.112142857142857
2024-07-19 09:00:00,571,Dharmapuri,0.5,-16.209714285714288
2024-08-01 16:00:00,571,Dharmapuri,2.0,-16.231714285714286
2024-08-01 18:00:00,571,Dharmapuri,5.75,-16.231714285714286
2024-08-01 19:00:00,571,Dharmapuri,2.5,-16.231714285714286
2024-08-01 20:00:00,571,Dharmapuri,1.0,-16.231714285714286
2024-08-01 22:00:00,571,Dharmapuri,0.5,-16.24657142857143
2024-08-02 02:00:00,571,Dharmapuri,0.5,-16.24657142857143
2024-08-04 05:00:00,571,Dharmapuri,1.0,-16.194642857142856
2024-08-04 06:00:00,571,Dharmapuri,0.5,-16.194642857142856
2024-08-05 04:00:00,571,Dharmapuri,0.5,-15.832357142857145
2024-08-05 05:00:00,571,Dharmapuri,0.5,-15.832357142857145
2024-08-05 07:00:00,571,Dharmapuri,0.5,-15.832357142857145
2024-08-06 03:00:00,571,Dharmapuri,0.5,-15.853071428571427
2024-08-06 04:00:00,571,Dharmapuri,0.5,-15.439785714285716
2024-08-06 05:00:00,571,Dharmapuri,0.5,-15.439785714285716
2024-08-06 06:00:00,571,Dharmapuri,0.5,-15.439785714285716
2024-08-06 17:00:00,571,Dharmapuri,1.5,-15.695071428571428
2024-08-06 18:00:00,571,Dharmapuri,0.5,-15.695071428571428
2024-08-06 22:00:00,571,Dharmapuri,0.5,-15.354928571428571
2024-08-06 23:00:00,571,Dharmapuri,1.5,-15.354928571428571
2024-08-07 00:00:00,571,Dharmapuri,1.0,-15.354928571428571
2024-08-07 01:00:00,571,Dharmapuri,0.5,-15.354928571428571
2024-08-07 02:00:00,571,Dharmapuri,0.5,-15.354928571428571
2024-08-07 03:00:00,571,Dharmapuri,0.5,-15.354928571428571
2024-08-07 05:00:00,571,Dharmapuri,0.5,-15.3655
2024-08-07 19:00:00,571,Dharmapuri,0.5,-15.524142857142856
2024-08-09 21:00:00,571,Dharmapuri,3.0,-16.444583333333334
2024-08-09 23:00:00,571,Dharmapuri,2.5,-15.107
2024-08-10 00:00:00,571,Dharmapuri,3.75,-15.107
2024-08-10 01:00:00,571,Dharmapuri,3.75,-15.107
2024-08-10 02:00:00,571,Dharmapuri,5.5,-15.107
2024-08-10 03:00:00,571,Dharmapuri,3.5,-15.107
2024-08-10 04:00:00,571,Dharmapuri,1.25,-14.131
2024-08-10 05:00:00,571,Dharmapuri,0.5,-14.131
2024-08-10 06:00:00,571,Dharmapuri,0.5,-14.131
2024-08-11 02:00:00,571,Dharmapuri,7.5,-11.748
2024-08-11 03:00:00,571,Dharmapuri,0.5,-11.748
2024-08-11 05:00:00,571,Dharmapuri,1.5,-15.851777777777777
2024-08-11 06:00:00,571,Dharmapuri,1.0,-15.851777777777777
2024-08-11 22:00:00,571,Dharmapuri,3.0,-13.938444444444444
2024-08-11 23:00:00,571,Dharmapuri,13.0,-13.938444444444444
2024-08-12 00:00:00,571,Dharmapuri,8.0,-13.938444444444444
2024-08-12 01:00:00,571,Dharmapuri,8.5,-13.938444444444444
2024-08-12 02:00:00,571,Dharmapuri,7.0,-13.938444444444444
2024-08-13 15:00:00,571,Dharmapuri,1.5,-17.3554
2024-08-13 16:00:00,571,Dharmapuri,1.5,-16.081636363636363
2024-08-14 02:00:00,571,Dharmapuri,0.5,-15.1087
2024-08-14 17:00:00,571,Dharmapuri,1.0,-14.445571428571428
2024-08-15 15:00:00,571,Dharmapuri,0.5,-14.584214285714284
2024-08-16 14:00:00,571,Dharmapuri,12.5,-14.531
2024-08-16 17:00:00,571,Dharmapuri,3.0,-13.469692307692307
2024-08-16 18:00:00,571,Dharmapuri,2.5,-13.469692307692307
2024-08-17 08:00:00,571,Dharmapuri,0.5,-13.614272727272729
2024-08-17 20:00:00,571,Dharmapuri,2.5,-14.502916666666666
2024-08-18 07:00:00,571,Dharmapuri,0.5,-15.404111111111112
2024-08-18 14:00:00,571,Dharmapuri,1.0,-16.854400000000002
2024-08-19 15:00:00,571,Dharmapuri,1.5,-15.504181818181818
2024-08-19 19:00:00,571,Dharmapuri,10.5,-14.046444444444443
2024-08-19 20:00:00,571,Dharmapuri,0.5,-14.046444444444443
2024-08-19 21:00:00,571,Dharmapuri,0.5,-14.046444444444443
2024-08-20 00:00:00,571,Dharmapuri,0.5,-12.266625
2024-08-20 16:00:00,571,Dharmapuri,1.0,-13.863
2024-08-20 20:00:00,571,Dharmapuri,0.5,-13.863
2024-08-20 21:00:00,571,Dharmapuri,3.0,-13.863
2024-08-20 22:00:00,571,Dharmapuri,6.5,-12.581307692307693
2024-08-20 23:00:00,571,Dharmapuri,0.5,-12.581307692307693
2024-08-21 00:00:00,571,Dharmapuri,0.5,-12.581307692307693
2024-08-24 17:00:00,571,Dharmapuri,2.5,-14.339636363636366
2024-08-27 20:00:00,571,Dharmapuri,2.0,-13.582916666666668
2024-08-28 17:00:00,571,Dharmapuri,0.5,-13.3045
2024-08-29 16:00:00,571,Dharmapuri,3.5,-13.179928571428572
2024-08-29 17:00:00,571,Dharmapuri,0.5,-13.179928571428572
2024-08-29 18:00:00,571,Dharmapuri,9.0,-13.179928571428572
2024-08-29 19:00:00,571,Dharmapuri,12.5,-13.179928571428572
2024-08-29 20:00:00,571,Dharmapuri,1.5,-13.179928571428572
2024-08-29 21:00:00,571,Dharmapuri,0.5,-13.179928571428572
2024-08-30 04:00:00,571,Dharmapuri,0.5,-11.84653846153846
2024-08-30 18:00:00,571,Dharmapuri,2.5,-13.001642857142857
2024-08-30 19:00:00,571,Dharmapuri,3.75,-13.001642857142857
2024-08-30 20:00:00,571,Dharmapuri,2.0,-13.001642857142857
2024-08-30 21:00:00,571,Dharmapuri,0.5,-13.001642857142857
2024-08-31 02:00:00,571,Dharmapuri,0.5,-11.653
2024-09-01 18:00:00,571,Dharmapuri,13.0,-13.06857142857143
2024-09-01 19:00:00,571,Dharmapuri,4.0,-13.06857142857143
2024-09-01 20:00:00,571,Dharmapuri,0.5,-13.06857142857143
2024-09-07 18:00:00,571,Dharmapuri,0.5,-13.119857142857144
2024-09-08 18:00:00,571,Dharmapuri,0.5,-13.147714285714285
2024-09-08 23:00:00,571,Dharmapuri,0.5,-11.710153846153846
2024-09-11 11:00:00,571,Dharmapuri,1.0,-13.478928571428572
2024-09-11 14:05:00,571,Dharmapuri,0.5,-13.478928571428572
2024-09-11 14:10:00,571,Dharmapuri,1.0,-13.478928571428572
2024-09-11 14:15:00,571,Dharmapuri,1.0,-13.478928571428572
2024-09-11 14:20:00,571,Dharmapuri,1.0,-13.478928571428572
2024-09-11 14:25:00,571,Dharmapuri,1.0,-13.478928571428572
2024-09-11 14:30:00,571,Dharmapuri,1.0,-13.478928571428572
2024-09-11 14:35:00,571,Dharmapuri,1.0,-13.478928571428572
2024-09-11 14:40:00,571,Dharmapuri,1.0,-13.478928571428572
2024-09-11 14:45:00,571,Dharmapuri,1.0,-13.478928571428572
2024-09-11 14:50:00,571,Dharmapuri,1.0,-13.478928571428572
2024-09-11 14:55:00,571,Dharmapuri,1.0,-13.478928571428572
2024-09-11 15:00:00,571,Dharmapuri,1.0,-13.478928571428572
2024-09-20 19:00:00,571,Dharmapuri,1.0,-13.736285714285714
2024-09-20 20:00:00,571,Dharmapuri,0.5,-13.736285714285714
2024-09-20 21:00:00,571,Dharmapuri,1.0,-13.736285714285714
2024-09-21 20:00:00,571,Dharmapuri,0.5,-13.828214285714283
2024-09-21 21:00:00,571,Dharmapuri,5.25,-13.828214285714283
2024-09-21 22:00:00,571,Dharmapuri,2.5,-12.305769230769233
2024-09-21 23:00:00,571,Dharmapuri,0.5,-12.305769230769233
2024-09-22 10:00:00,571,Dharmapuri,0.5,-14.216923076923075
2024-09-24 17:00:00,571,Dharmapuri,0.5,-14.158071428571429
2024-09-27 15:00:00,571,Dharmapuri,1.0,-14.198142857142855
2024-09-27 16:00:00,571,Dharmapuri,0.5,-14.249857142857142
2024-09-28 04:00:00,571,Dharmapuri,0.5,-12.527538461538462
2024-09-28 05:00:00,571,Dharmapuri,1.5,-12.527538461538462
2024-09-28 07:00:00,571,Dharmapuri,0.5,-12.527538461538462
2024-09-29 00:00:00,571,Dharmapuri,6.5,-12.618307692307694
2024-10-01 19:00:00,571,Dharmapuri,2.0,-14.251071428571429
2024-10-04 21:00:00,571,Dharmapuri,16.5,-14.154571428571428
2024-10-04 22:00:00,571,Dharmapuri,1.0,-12.613307692307693
2024-10-04 23:00:00,571,Dharmapuri,2.6666666666666665,-12.613307692307693
2024-10-05 00:00:00,571,Dharmapuri,10.833333333333334,-12.613307692307693
2024-10-05 01:00:00,571,Dharmapuri,3.0,-12.613307692307693
2024-10-05 02:00:00,571,Dharmapuri,0.5,-12.613307692307693
2024-10-05 03:00:00,571,Dharmapuri,0.6666666666666666,-12.613307692307693
2024-10-05 04:00:00,571,Dharmapuri,1.25,-12.170666666666667
2024-10-05 05:00:00,571,Dharmapuri,0.5,-12.170666666666667
2024-10-05 06:00:00,571,Dharmapuri,0.8333333333333334,-12.170666666666667
2024-10-05 07:00:00,571,Dharmapuri,1.0,-12.170666666666667
2024-10-05 10:00:00,571,Dharmapuri,0.5,-12.332230769230769
2024-10-05 18:00:00,571,Dharmapuri,1.5,-13.971384615384617
2024-10-05 21:00:00,571,Dharmapuri,8.0,-13.971384615384617
2024-10-05 22:00:00,571,Dharmapuri,10.25,-14.12223076923077
2024-10-06 00:00:00,571,Dharmapuri,27.75,-14.12223076923077
2024-10-06 01:00:00,571,Dharmapuri,5.5,-14.12223076923077
2024-10-06 02:00:00,571,Dharmapuri,3.333333333333333,-14.12223076923077
2024-10-06 03:00:00,571,Dharmapuri,1.6666666666666667,-14.12223076923077
2024-10-06 04:00:00,571,Dharmapuri,0.8333333333333334,-14.195384615384617
2024-10-06 05:00:00,571,Dharmapuri,1.0,-14.195384615384617
2024-10-06 06:00:00,571,Dharmapuri,0.5,-14.195384615384617
2024-10-06 17:00:00,571,Dharmapuri,0.5,-14.236307692307692
2024-10-07 14:00:00,571,Dharmapuri,0.5,-12.337
2024-10-07 17:00:00,571,Dharmapuri,0.5,-13.879153846153846
2024-10-07 21:00:00,571,Dharmapuri,0.5,-13.879153846153846
2024-10-07 23:00:00,571,Dharmapuri,1.5,-13.968307692307691
2024-10-08 02:00:00,571,Dharmapuri,0.5,-13.968307692307691
2024-10-08 10:00:00,571,Dharmapuri,0.5,-13.762692307692308
2024-10-08 15:00:00,571,Dharmapuri,0.5,-9.755
2024-10-08 20:00:00,571,Dharmapuri,0.5,-14.069833333333332
2024-10-08 21:00:00,571,Dharmapuri,2.25,-14.069833333333332
2024-10-08 22:00:00,571,Dharmapuri,3.25,-14.26525
2024-10-08 23:00:00,571,Dharmapuri,2.0,-14.26525
2024-10-09 00:00:00,571,Dharmapuri,0.5,-14.26525
2024-10-09 07:00:00,571,Dharmapuri,0.5,-14.276166666666668
2024-10-09 11:00:00,571,Dharmapuri,0.5,-14.171333333333331
2024-10-10 15:00:00,571,Dharmapuri,0.5,-14.0405
2024-10-10 16:00:00,571,Dharmapuri,1.0,-14.006333333333332
2024-10-10 17:00:00,571,Dharmapuri,7.5,-14.006333333333332
2024-10-10 18:00:00,571,Dharmapuri,0.5,-14.006333333333332
2024-10-11 00:00:00,571,Dharmapuri,1.0,-14.169416666666663
2024-10-11 01:00:00,571,Dharmapuri,10.5,-14.169416666666663
2024-10-11 02:00:00,571,Dharmapuri,9.0,-14.169416666666663
2024-10-11 05:00:00,571,Dharmapuri,1.5,-14.20475
2024-10-11 16:00:00,571,Dharmapuri,0.5,-14.1905
2024-10-11 19:00:00,571,Dharmapuri,2.0,-14.1905
2024-10-11 23:00:00,571,Dharmapuri,0.5,-14.156583333333332
2024-10-12 14:00:00,571,Dharmapuri,1.5,-13.99225
2024-10-12 15:00:00,571,Dharmapuri,0.5,-13.99225
2024-10-13 01:00:00,571,Dharmapuri,1.0,-13.92125
2024-10-13 02:00:00,571,Dharmapuri,0.5,-13.92125
2024-10-13 03:00:00,571,Dharmapuri,9.0,-13.92125
2024-10-13 04:00:00,571,Dharmapuri,20.0,-13.658833333333334
2024-10-13 05:00:00,571,Dharmapuri,43.0,-13.658833333333334
2024-10-13 06:00:00,571,Dharmapuri,2.5,-13.658833333333334
2024-10-13 08:00:00,571,Dharmapuri,0.5,-13.658833333333334
2024-10-13 14:00:00,571,Dharmapuri,9.5,-13.545916666666669
2024-10-13 16:00:00,571,Dharmapuri,1.25,-13.598916666666668
2024-10-13 17:00:00,571,Dharmapuri,20.5,-13.598916666666668
2024-10-14 06:00:00,571,Dharmapuri,0.5,-13.561166666666669
2024-10-14 07:00:00,571,Dharmapuri,0.5,-13.561166666666669
2024-10-14 08:00:00,571,Dharmapuri,1.25,-13.561166666666669
2024-10-14 09:00:00,571,Dharmapuri,0.5,-13.561166666666669
2024-10-14 16:00:00,571,Dharmapuri,1.0,-13.567083333333333
2024-10-14 17:00:00,571,Dharmapuri,6.0,-13.567083333333333
2024-10-14 18:00:00,571,Dharmapuri,0.5,-13.567083333333333
2024-10-14 19:00:00,571,Dharmapuri,0.5,-13.567083333333333
2024-10-14 20:00:00,571,Dharmapuri,0.5,-13.567083333333333
2024-10-14 22:00:00,571,Dharmapuri,0.5,-13.50775
2024-10-14 23:00:00,571,Dharmapuri,0.75,-13.50775
2024-10-15 00:00:00,571,Dharmapuri,0.5,-13.50775
2024-10-15 01:00:00,571,Dharmapuri,0.5,-13.50775
2024-10-15 02:00:00,571,Dharmapuri,0.5,-13.50775
2024-10-15 03:00:00,571,Dharmapuri,0.5,-13.50775
2024-10-15 04:00:00,571,Dharmapuri,0.75,-13.40825
2024-10-15 05:00:00,571,Dharmapuri,2.5,-13.40825
2024-10-15 06:00:00,571,Dharmapuri,6.0,-13.40825
2024-10-15 07:00:00,571,Dharmapuri,1.5,-13.40825
2024-10-15 08:00:00,571,Dharmapuri,0.5,-13.40825
2024-10-15 09:00:00,571,Dharmapuri,0.5,-13.40825
2024-10-15 15:00:00,571,Dharmapuri,0.5,-13.409916666666668
2024-10-15 16:00:00,571,Dharmapuri,6.0,-12.995833333333332
2024-10-15 17:00:00,571,Dharmapuri,7.5,-12.995833333333332
2024-10-15 18:00:00,571,Dharmapuri,3.0,-12.995833333333332
2024-10-15 19:00:00,571,Dharmapuri,2.0,-12.995833333333332
2024-10-15 20:00:00,571,Dharmapuri,0.5,-12.995833333333332
2024-10-15 22:00:00,571,Dharmapuri,0.5,-12.814750000000002
2024-10-15 23:00:00,571,Dharmapuri,0.5,-12.814750000000002
2024-10-16 13:00:00,571,Dharmapuri,0.5,-12.829916666666668
2024-10-19 03:00:00,571,Dharmapuri,1.5,-12.481769230769231
2024-10-19 04:00:00,571,Dharmapuri,6.0,-12.41830769230769
2024-10-19 05:00:00,571,Dharmapuri,0.75,-12.41830769230769
2024-10-19 06:00:00,571,Dharmapuri,1.5,-12.41830769230769
2024-10-19 07:00:00,571,Dharmapuri,1.8333333333333333,-12.41830769230769
2024-10-19 08:00:00,571,Dharmapuri,2.1666666666666665,-12.41830769230769
2024-10-19 09:00:00,571,Dharmapuri,2.5,-12.41830769230769
2024-10-19 10:00:00,571,Dharmapuri,4.5,-12.09623076923077
2024-10-19 11:00:00,571,Dharmapuri,2.333333333333333,-12.09623076923077
2024-10-19 12:00:00,571,Dharmapuri,1.3333333333333333,-12.09623076923077
2024-10-19 13:00:00,571,Dharmapuri,0.5,-12.09623076923077
2024-10-19 16:00:00,571,Dharmapuri,0.5,-12.050538461538462
2024-10-20 04:00:00,571,Dharmapuri,0.5,-11.888384615384616
2024-10-21 06:00:00,571,Dharmapuri,0.5,-19.75853846153846
2024-10-22 06:00:00,571,Dharmapuri,0.5,-11.483923076923077
2024-10-22 15:00:00,571,Dharmapuri,1.0,-19.68138461538461
2024-10-22 16:00:00,571,Dharmapuri,1.0,-11.482615384615384
2024-10-22 21:00:00,571,Dharmapuri,0.5,-11.482615384615384
2024-10-23 17:00:00,571,Dharmapuri,0.5,-11.44076923076923
2024-10-24 00:00:00,571,Dharmapuri,0.5,-11.382846153846154
2024-10-24 01:00:00,571,Dharmapuri,0.75,-11.382846153846154
2024-10-24 02:00:00,571,Dharmapuri,3.25,-11.382846153846154
2024-10-24 03:00:00,571,Dharmapuri,4.5,-11.382846153846154
2024-10-24 04:00:00,571,Dharmapuri,2.5,-11.303846153846154
2024-10-24 05:00:00,571,Dharmapuri,0.5,-11.303846153846154
2024-10-24 06:00:00,571,Dharmapuri,0.5,-11.303846153846154
2024-10-24 07:00:00,571,Dharmapuri,0.5,-11.303846153846154
2024-10-24 19:00:00,571,Dharmapuri,8.0,-11.232615384615384
2024-10-24 21:00:00,571,Dharmapuri,21.5,-11.232615384615384
2024-10-24 22:00:00,571,Dharmapuri,8.75,-11.093615384615386
2024-10-24 23:00:00,571,Dharmapuri,1.0,-11.093615384615386
2024-10-25 00:00:00,571,Dharmapuri,0.5,-11.093615384615386
2024-10-25 04:00:00,571,Dharmapuri,0.5,-10.83242857142857
2024-10-25 11:00:00,571,Dharmapuri,0.5,-10.811357142857144
2024-10-27 16:00:00,571,Dharmapuri,1.5,-10.491857142857144
2024-11-02 15:00:00,571,Dharmapuri,0.5,-9.343428571428571
2024-11-02 16:00:00,571,Dharmapuri,1.5,-9.326285714285715
2024-11-02 18:00:00,571,Dharmapuri,3.0,-9.326285714285715
2024-11-02 19:00:00,571,Dharmapuri,0.5,-9.326285714285715
2024-11-02 22:00:00,571,Dharmapuri,0.5,-9.299214285714283
2024-11-03 01:00:00,571,Dharmapuri,2.5,-9.299214285714283
2024-11-03 02:00:00,571,Dharmapuri,0.5,-9.299214285714283
2024-11-03 20:00:00,571,Dharmapuri,0.5,-9.308285714285716
2024-11-04 03:00:00,571,Dharmapuri,0.5,-9.299214285714283
2024-11-04 17:00:00,571,Dharmapuri,1.0,-9.45923076923077
2024-11-07 13:00:00,571,Dharmapuri,1.5,-9.563615384615384
2024-11-07 14:00:00,571,Dharmapuri,1.0,-9.563615384615384
2024-11-07 15:00:00,571,Dharmapuri,0.5,-9.563615384615384
2024-11-12 11:00:00,571,Dharmapuri,0.5,-10.029714285714286
2024-11-12 12:00:00,571,Dharmapuri,0.5,-10.029714285714286
2024-11-12 22:00:00,571,Dharmapuri,0.5,-10.247833333333334
2024-11-12 23:00:00,571,Dharmapuri,0.75,-10.247833333333334
2024-11-13 00:00:00,571,Dharmapuri,2.5,-10.247833333333334
2024-11-13 01:00:00,571,Dharmapuri,1.0,-10.247833333333334
2024-11-13 02:00:00,571,Dharmapuri,0.5,-10.247833333333334
2024-11-13 03:30:00,571,Dharmapuri,0.5,-10.075214285714283
2024-11-13 04:00:00,571,Dharmapuri,0.5,-10.075214285714283
2024-11-13 23:00:00,571,Dharmapuri,0.5,-10.278571428571428
2024-11-14 00:00:00,571,Dharmapuri,0.5,-10.278571428571428
2024-11-14 04:00:00,571,Dharmapuri,1.0,-10.259357142857144
2024-11-14 05:00:00,571,Dharmapuri,2.0,-10.259357142857144
2024-11-14 06:00:00,571,Dharmapuri,0.5,-10.259357142857144
2024-11-14 06:30:00,571,Dharmapuri,0.5,-10.259357142857144
2024-11-14 07:00:00,571,Dharmapuri,0.75,-10.259357142857144
2024-11-14 07:30:00,571,Dharmapuri,0.5,-10.259357142857144
2024-11-14 08:00:00,571,Dharmapuri,1.25,-10.259357142857144
2024-11-14 08:30:00,571,Dharmapuri,0.5,-10.259357142857144
2024-11-14 09:00:00,571,Dharmapuri,2.0,-10.259357142857144
2024-11-14 10:00:00,571,Dharmapuri,0.5,-10.248
2024-11-14 11:00:00,571,Dharmapuri,5.0,-10.248
2024-11-14 11:30:00,571,Dharmapuri,0.5,-10.248
2024-11-14 12:00:00,571,Dharmapuri,0.5,-10.248
2024-11-14 13:00:00,571,Dharmapuri,15.0,-10.248
2024-11-14 14:00:00,571,Dharmapuri,1.0,-10.248
2024-11-14 14:30:00,571,Dharmapuri,1.5,-10.248
2024-11-14 15:00:00,571,Dharmapuri,1.75,-10.248
2024-11-14 15:30:00,571,Dharmapuri,0.5,-10.132769230769233
2024-11-14 16:00:00,571,Dharmapuri,0.5,-10.132769230769233
2024-11-14 17:00:00,571,Dharmapuri,2.5,-10.132769230769233
2024-11-14 17:30:00,571,Dharmapuri,0.5,-10.132769230769233
2024-11-14 18:00:00,571,Dharmapuri,1.5,-10.132769230769233
2024-11-14 23:00:00,571,Dharmapuri,0.5,-10.110307692307693
2024-11-15 02:00:00,571,Dharmapuri,0.5,-10.110307692307693
2024-11-15 04:00:00,571,Dharmapuri,0.5,-10.079142857142855
2024-11-15 05:00:00,571,Dharmapuri,0.5,-10.079142857142855
2024-11-15 08:00:00,571,Dharmapuri,0.5,-10.079142857142855
2024-11-15 09:00:00,571,Dharmapuri,0.5,-10.079142857142855
2024-11-15 14:00:00,571,Dharmapuri,2.0,-10.068142857142858
2024-11-15 14:30:00,571,Dharmapuri,1.0,-10.068142857142858
2024-11-15 15:00:00,571,Dharmapuri,1.0,-10.068142857142858
2024-11-15 16:00:00,571,Dharmapuri,0.5,-10.087928571428572
2024-11-15 17:00:00,571,Dharmapuri,0.5,-10.087928571428572
2024-11-15 17:30:00,571,Dharmapuri,12.5,-10.087928571428572
2024-11-15 18:00:00,571,Dharmapuri,8.5,-10.087928571428572
2024-11-15 19:00:00,571,Dharmapuri,1.0,-10.087928571428572
2024-11-15 22:00:00,571,Dharmapuri,0.75,-9.967714285714283
2024-11-16 02:00:00,571,Dharmapuri,1.5,-9.967714285714283
2024-11-16 04:00:00,571,Dharmapuri,1.0,-9.9495
2024-11-16 05:00:00,571,Dharmapuri,1.5,-9.9495
2024-11-16 05:30:00,571,Dharmapuri,1.5,-9.9495
2024-11-16 06:00:00,571,Dharmapuri,2.5,-9.9495
2024-11-16 08:30:00,571,Dharmapuri,7.0,-9.9495
2024-11-16 09:30:00,571,Dharmapuri,4.0,-9.949785714285714
2024-11-16 12:00:00,571,Dharmapuri,1.0,-9.949785714285714
2024-11-16 12:30:00,571,Dharmapuri,0.5,-9.949785714285714
2024-11-16 13:00:00,571,Dharmapuri,0.5,-9.949785714285714
2024-11-16 15:30:00,571,Dharmapuri,0.5,-9.839714285714283
2024-11-16 16:00:00,571,Dharmapuri,0.5,-9.839714285714283
2024-11-16 17:00:00,571,Dharmapuri,6.0,-9.839714285714283
2024-11-16 18:00:00,571,Dharmapuri,0.5,-9.839714285714283
2024-11-16 19:00:00,571,Dharmapuri,2.0,-9.839714285714283
2024-11-16 21:00:00,571,Dharmapuri,0.75,-9.839714285714283
2024-11-16 22:00:00,571,Dharmapuri,0.5,-9.810928571428573
2024-11-16 22:30:00,571,Dharmapuri,1.0,-9.810928571428573
2024-11-16 23:00:00,571,Dharmapuri,1.25,-9.810928571428573
2024-11-16 23:30:00,571,Dharmapuri,0.5,-9.810928571428573
2024-11-17 00:00:00,571,Dharmapuri,4.0,-9.810928571428573
2024-11-17 04:00:00,571,Dharmapuri,0.5,-9.692142857142857
2024-11-17 06:00:00,571,Dharmapuri,0.5,-9.692142857142857
2024-11-17 06:30:00,571,Dharmapuri,0.5,-9.692142857142857
2024-11-17 07:00:00,571,Dharmapuri,0.5,-9.692142857142857
2024-11-17 07:30:00,571,Dharmapuri,0.5,-9.692142857142857
2024-11-17 08:00:00,571,Dharmapuri,1.0,-9.692142857142857
2024-11-17 09:00:00,571,Dharmapuri,1.0,-9.692142857142857
2024-11-17 11:00:00,571,Dharmapuri,0.5,-9.715
2024-11-18 04:00:00,571,Dharmapuri,0.5,-9.626714285714286
2024-11-26 14:00:00,571,Dharmapuri,0.5,-9.982153846153846
2024-11-26 14:30:00,571,Dharmapuri,0.5,-9.982153846153846
2024-11-26 15:00:00,571,Dharmapuri,0.5,-9.982153846153846
2024-11-26 15:30:00,571,Dharmapuri,0.5,-10.024923076923075
2024-11-26 16:00:00,571,Dharmapuri,0.75,-10.024923076923075
2024-11-26 16:30:00,571,Dharmapuri,0.5,-10.024923076923075
2024-11-26 17:00:00,571,Dharmapuri,0.5,-10.024923076923075
2024-11-26 18:00:00,571,Dharmapuri,0.5,-10.024923076923075
2024-11-26 20:00:00,571,Dharmapuri,0.5,-10.024923076923075
2024-11-26 21:00:00,571,Dharmapuri,0.5,-10.024923076923075
2024-11-26 22:00:00,571,Dharmapuri,1.0,-10.027923076923075
2024-11-27 02:00:00,571,Dharmapuri,1.5,-10.027923076923075
2024-11-27 14:00:00,571,Dharmapuri,0.5,-10.091615384615384
2024-11-30 10:00:00,571,Dharmapuri,0.5,-10.45590909090909
2024-11-30 14:00:00,571,Dharmapuri,1.0,-10.45590909090909
2024-11-30 15:00:00,571,Dharmapuri,1.5,-10.45590909090909
2024-11-30 16:00:00,571,Dharmapuri,2.0,-10.22009090909091
2024-11-30 17:00:00,571,Dharmapuri,4.0,-10.22009090909091
2024-11-30 18:00:00,571,Dharmapuri,3.5,-10.22009090909091
2024-11-30 19:00:00,571,Dharmapuri,3.0,-10.22009090909091
2024-11-30 20:00:00,571,Dharmapuri,1.5,-10.22009090909091
2024-11-30 21:00:00,571,Dharmapuri,3.5,-10.22009090909091
2024-11-30 22:00:00,571,Dharmapuri,8.0,-9.855727272727272
2024-11-30 23:00:00,571,Dharmapuri,1.5,-9.855727272727272
2024-12-01 00:00:00,571,Dharmapuri,1.5,-9.855727272727272
2024-12-01 01:00:00,571,Dharmapuri,3.0,-9.855727272727272
2024-12-01 02:00:00,571,Dharmapuri,2.0,-9.855727272727272
2024-12-01 03:00:00,571,Dharmapuri,5.0,-9.855727272727272
2024-12-01 04:00:00,571,Dharmapuri,3.75,-7.664833333333333
2024-12-01 05:00:00,571,Dharmapuri,3.25,-7.664833333333333
2024-12-01 06:00:00,571,Dharmapuri,2.5,-7.664833333333333
2024-12-01 07:00:00,571,Dharmapuri,3.0,-7.664833333333333
2024-12-01 08:00:00,571,Dharmapuri,1.0,-7.664833333333333
2024-12-01 09:00:00,571,Dharmapuri,0.5,-7.664833333333333
2024-12-01 11:00:00,571,Dharmapuri,0.5,-7.522666666666667
2024-12-01 13:00:00,571,Dharmapuri,3.5,-7.522666666666667
2024-12-01 14:00:00,571,Dharmapuri,3.0,-7.522666666666667
2024-12-01 15:00:00,571,Dharmapuri,0.75,-7.522666666666667
2024-12-01 16:00:00,571,Dharmapuri,5.0,-7.172333333333333
2024-12-01 17:00:00,571,Dharmapuri,2.75,-7.172333333333333
2024-12-01 18:00:00,571,Dharmapuri,2.75,-7.172333333333333
2024-12-01 19:00:00,571,Dharmapuri,4.0,-7.172333333333333
2024-12-01 20:00:00,571,Dharmapuri,4.75,-7.172333333333333
2024-12-01 21:00:00,571,Dharmapuri,11.75,-7.172333333333333
2024-12-01 22:00:00,571,Dharmapuri,10.75,-6.884083333333333
2024-12-01 23:00:00,571,Dharmapuri,9.25,-6.884083333333333
2024-12-02 00:00:00,571,Dharmapuri,7.5,-6.884083333333333
2024-12-02 01:00:00,571,Dharmapuri,2.5,-6.884083333333333
2024-12-02 03:00:00,571,Dharmapuri,9.75,-6.884083333333333
2024-12-02 04:00:00,571,Dharmapuri,4.25,-6.072833333333333
2024-12-02 06:00:00,571,Dharmapuri,0.5,-6.072833333333333
2024-12-02 07:00:00,571,Dharmapuri,0.5,-6.072833333333333
2024-12-02 08:00:00,571,Dharmapuri,2.5,-6.072833333333333
2024-12-02 10:00:00,571,Dharmapuri,0.75,-5.310909090909092
2024-12-02 11:00:00,571,Dharmapuri,1.0,-5.310909090909092
2024-12-02 12:00:00,571,Dharmapuri,0.5,-5.310909090909092
2024-12-02 13:00:00,571,Dharmapuri,0.5,-5.310909090909092
2024-12-02 15:00:00,571,Dharmapuri,3.5,-5.310909090909092
2024-12-02 16:00:00,571,Dharmapuri,2.25,-6.991846153846154
2024-12-02 17:00:00,571,Dharmapuri,0.5,-6.991846153846154
2024-12-02 18:00:00,571,Dharmapuri,1.5,-6.991846153846154
2024-12-02 19:00:00,571,Dharmapuri,2.0,-6.991846153846154
2024-12-02 20:00:00,571,Dharmapuri,1.0,-6.991846153846154
2024-12-02 21:00:00,571,Dharmapuri,1.75,-6.991846153846154
2024-12-02 22:00:00,571,Dharmapuri,2.25,-6.762583333333333
2024-12-02 23:00:00,571,Dharmapuri,6.5,-6.762583333333333
2024-12-03 00:00:00,571,Dharmapuri,9.0,-6.762583333333333
2024-12-03 01:00:00,571,Dharmapuri,2.0,-6.762583333333333
2024-12-03 02:00:00,571,Dharmapuri,0.5,-6.762583333333333
2024-12-03 03:00:00,571,Dharmapuri,0.5,-6.762583333333333
2024-12-03 12:00:00,571,Dharmapuri,0.5,-6.573600000000001
2024-12-03 14:00:00,571,Dharmapuri,0.5,-6.573600000000001
2024-12-03 17:00:00,571,Dharmapuri,2.5,-6.348
2024-12-03 18:00:00,571,Dharmapuri,1.0,-6.348
2024-12-03 19:00:00,571,Dharmapuri,2.5,-6.348
2024-12-05 06:00:00,571,Dharmapuri,2.0,-16.4391
2024-12-05 07:00:00,571,Dharmapuri,1.0,-16.4391
2024-12-05 14:00:00,571,Dharmapuri,0.5,-5.7297
2024-12-06 19:00:00,571,Dharmapuri,0.5,-5.397636363636364
2024-12-12 05:00:00,571,Dharmapuri,0.5,-5.407181818181818
2024-12-12 06:00:00,571,Dharmapuri,0.5,-5.407181818181818
2024-12-12 07:00:00,571,Dharmapuri,5.5,-5.407181818181818
2024-12-12 08:00:00,571,Dharmapuri,6.5,-5.407181818181818
2024-12-12 09:00:00,571,Dharmapuri,1.5,-5.407181818181818
2024-12-12 10:00:00,571,Dharmapuri,1.0,-5.324272727272727
2024-12-12 11:00:00,571,Dharmapuri,0.5,-5.324272727272727
2024-12-12 12:00:00,571,Dharmapuri,0.5,-5.324272727272727
2024-12-12 13:00:00,571,Dharmapuri,1.0,-5.324272727272727
2024-12-12 14:00:00,571,Dharmapuri,0.5,-5.324272727272727
2024-12-12 15:00:00,571,Dharmapuri,0.5,-5.324272727272727
2024-12-12 16:00:00,571,Dharmapuri,6.5,-5.332272727272727
2024-12-12 17:00:00,571,Dharmapuri,2.5,-5.332272727272727
2024-12-12 18:00:00,571,Dharmapuri,1.0,-5.332272727272727
2024-12-12 19:00:00,571,Dharmapuri,1.0,-5.332272727272727
2024-12-12 20:00:00,571,Dharmapuri,0.5,-5.332272727272727
2024-12-12 21:00:00,571,Dharmapuri,0.5,-5.332272727272727
2024-12-12 22:00:00,571,Dharmapuri,0.5,-5.246545454545454
2024-12-13 00:00:00,571,Dharmapuri,0.5,-5.246545454545454
2024-12-13 01:00:00,571,Dharmapuri,1.0,-5.246545454545454
2024-12-13 02:00:00,571,Dharmapuri,3.0,-5.246545454545454
2024-12-13 03:00:00,571,Dharmapuri,3.5,-5.246545454545454
2024-12-13 04:00:00,571,Dharmapuri,4.25,-5.124636363636363
2024-12-13 05:00:00,571,Dharmapuri,1.5,-5.124636363636363
2024-12-13 06:00:00,571,Dharmapuri,3.5,-5.124636363636363
2024-12-13 08:00:00,571,Dharmapuri,0.5,-5.124636363636363
2024-12-13 09:00:00,571,Dharmapuri,0.5,-5.124636363636363
2024-12-13 23:00:00,571,Dharmapuri,1.5,-5.014909090909091
2024-12-14 10:00:00,571,Dharmapuri,0.5,-5.022818181818182
2024-12-19 09:30:00,571,Dharmapuri,2.0,-5.0722000000000005
2024-12-19 10:00:00,571,Dharmapuri,2.0,-5.0722000000000005
2024-12-20 21:00:00,571,Dharmapuri,0.5,-5.3815
2024-12-20 23:00:00,571,Dharmapuri,0.5,-5.2961
2024-12-21 23:00:00,571,Dharmapuri,0.5,-5.022545454545455
2024-12-22 02:00:00,571,Dharmapuri,3.5,-5.022545454545455
2024-12-22 02:30:00,571,Dharmapuri,3.5,-5.022545454545455
2024-12-22 03:00:00,571,Dharmapuri,4.0,-5.022545454545455
2024-12-22 04:00:00,571,Dharmapuri,0.5,-4.934
2024-12-22 05:00:00,571,Dharmapuri,0.5,-4.934
2024-12-22 06:00:00,571,Dharmapuri,0.5,-4.934
2024-12-22 06:30:00,571,Dharmapuri,0.5,-4.934
2024-12-22 07:00:00,571,Dharmapuri,0.5,-4.934
2024-12-22 13:00:00,571,Dharmapuri,0.5,-5.063636363636364
2024-12-26 08:30:00,571,Dharmapuri,0.5,-5.787333333333333
2024-12-26 09:00:00,571,Dharmapuri,2.0,-5.787333333333333
2024-12-26 09:30:00,571,Dharmapuri,1.0,-5.880444444444445
2024-12-26 10:00:00,571,Dharmapuri,2.0,-5.880444444444445
2024-12-26 10:30:00,571,Dharmapuri,5.0,-5.880444444444445
2024-12-26 11:00:00,571,Dharmapuri,5.0,-5.880444444444445
2024-12-26 11:30:00,571,Dharmapuri,0.5,-5.880444444444445
2024-12-26 12:00:00,571,Dharmapuri,1.0,-5.880444444444445
2024-12-26 12:30:00,571,Dharmapuri,0.5,-5.880444444444445
2024-12-26 13:00:00,571,Dharmapuri,1.0,-5.880444444444445
2024-12-26 13:30:00,571,Dharmapuri,0.5,-5.880444444444445
2024-12-26 14:00:00,571,Dharmapuri,1.0,-5.880444444444445
2024-12-26 14:30:00,571,Dharmapuri,1.0,-5.880444444444445
2024-12-26 15:00:00,571,Dharmapuri,0.75,-5.880444444444445
2024-12-26 15:30:00,571,Dharmapuri,0.5,-5.111727272727273
2024-12-26 16:00:00,571,Dharmapuri,0.5,-5.111727272727273
2024-12-26 17:00:00,571,Dharmapuri,0.5,-5.111727272727273
2024-12-26 18:00:00,571,Dharmapuri,0.5,-5.111727272727273
2024-12-26 20:30:00,571,Dharmapuri,3.0,-5.111727272727273
2024-12-26 21:00:00,571,Dharmapuri,6.5,-5.111727272727273
2024-12-26 22:00:00,571,Dharmapuri,0.5,-32.74918181818182
2024-12-26 23:00:00,571,Dharmapuri,0.5,-32.74918181818182
2024-12-27 00:00:00,571,Dharmapuri,0.5,-32.74918181818182
2024-12-27 08:00:00,571,Dharmapuri,0.5,-4.956181818181818
2024-12-27 10:30:00,571,Dharmapuri,0.5,-5.075545454545455
2024-12-27 11:00:00,571,Dharmapuri,0.5,-5.075545454545455
2024-12-27 11:30:00,571,Dharmapuri,0.5,-5.075545454545455
2024-12-27 12:00:00,571,Dharmapuri,1.5,-5.075545454545455
2024-12-27 13:00:00,571,Dharmapuri,1.5,-5.075545454545455
2024-12-27 16:00:00,571,Dharmapuri,3.25,-5.048909090909091
2024-12-27 17:00:00,571,Dharmapuri,1.5,-5.048909090909091
2024-12-27 17:30:00,571,Dharmapuri,0.5,-5.048909090909091
2024-12-27 18:00:00,571,Dharmapuri,0.75,-5.048909090909091
2024-12-27 19:00:00,571,Dharmapuri,0.5,-5.048909090909091
2024-12-27 21:00:00,571,Dharmapuri,0.5,-5.048909090909091
2024-12-27 22:00:00,571,Dharmapuri,0.5,-5.008181818181818
2024-12-28 13:00:00,571,Dharmapuri,0.5,-5.084909090909091
2024-12-30 07:00:00,571,Dharmapuri,1.0,-4.986090909090908
2024-12-30 08:00:00,571,Dharmapuri,2.0,-4.986090909090908
2024-12-30 08:30:00,571,Dharmapuri,1.5,-4.986090909090908
2024-12-30 09:00:00,571,Dharmapuri,2.5,-4.986090909090908
2024-12-30 09:30:00,571,Dharmapuri,0.5,-5.056272727272727
2024-12-30 10:00:00,571,Dharmapuri,0.5,-5.056272727272727
2024-12-30 14:00:00,571,Dharmapuri,0.5,-5.056272727272727
2024-12-31 16:00:00,571,Dharmapuri,0.5,-5.1431818181818185
2025-01-13 19:00:00,571,Dharmapuri,0.5,-5.305615384615384
2025-01-13 22:00:00,571,Dharmapuri,5.0,-5.291384615384615
2025-01-13 23:00:00,571,Dharmapuri,0.5,-5.291384615384615
2025-01-14 01:00:00,571,Dharmapuri,1.0,-5.291384615384615
2025-01-14 06:30:00,571,Dharmapuri,0.5,-5.149583333333333
2025-01-14 07:00:00,571,Dharmapuri,0.5,-5.149583333333333
2025-01-14 08:00:00,571,Dharmapuri,1.5,-5.149583333333333
2025-01-19 05:00:00,571,Dharmapuri,2.0,-5.436230769230769
2025-01-19 06:30:00,571,Dharmapuri,0.5,-5.436230769230769
2025-01-19 07:00:00,571,Dharmapuri,0.5,-5.436230769230769
2025-01-19 11:00:00,571,Dharmapuri,1.5,-5.494
2025-01-19 13:30:00,571,Dharmapuri,0.5,-5.494
2025-01-19 14:00:00,571,Dharmapuri,2.5,-5.494
2025-01-19 15:00:00,571,Dharmapuri,0.5,-5.494
2025-01-19 16:00:00,571,Dharmapuri,1.0,-5.491692307692308
2025-01-19 17:00:00,571,Dharmapuri,0.5,-5.491692307692308
2025-01-20 02:00:00,571,Dharmapuri,0.5,-5.456846153846154
2025-03-11 15:00:00,571,Dharmapuri,1.5,-6.3113636363636365
2025-03-11 16:00:00,571,Dharmapuri,4.0,-6.260909090909092
2025-03-11 17:00:00,571,Dharmapuri,7.5,-6.260909090909092
2025-03-11 18:00:00,571,Dharmapuri,1.5,-6.260909090909092
2025-03-11 18:30:00,571,Dharmapuri,2.5,-6.260909090909092
2025-03-11 19:00:00,571,Dharmapuri,7.0,-6.260909090909092
2025-03-11 19:30:00,571,Dharmapuri,1.5,-6.260909090909092
2025-03-11 20:00:00,571,Dharmapuri,3.5,-6.260909090909092
2025-03-11 21:00:00,571,Dharmapuri,4.0,-6.260909090909092
2025-03-11 21:30:00,571,Dharmapuri,7.0,-6.191999999999999
2025-03-11 22:00:00,571,Dharmapuri,3.333333333333333,-6.191999999999999
2025-03-12 01:00:00,571,Dharmapuri,0.5,-6.191999999999999
2025-03-12 11:00:00,571,Dharmapuri,0.5,-6.303999999999999
2025-03-12 15:00:00,571,Dharmapuri,0.5,-6.303999999999999
2025-03-12 16:00:00,571,Dharmapuri,1.5,-5.576625
2025-03-12 18:00:00,571,Dharmapuri,8.0,-5.576625
2025-03-12 19:00:00,571,Dharmapuri,0.5,-5.576625
2025-03-12 20:00:00,571,Dharmapuri,0.5,-5.576625
2025-03-18 15:00:00,571,Dharmapuri,0.5,-6.297555555555555
2025-03-18 17:00:00,571,Dharmapuri,6.5,-6.302
2025-04-03 10:30:00,571,Dharmapuri,0.5,-7.295399999999999
2025-04-03 12:00:00,571,Dharmapuri,0.5,-7.295399999999999
2025-04-03 16:00:00,571,Dharmapuri,14.5,-7.1693
2025-04-03 17:00:00,571,Dharmapuri,1.5,-7.1693
2025-04-03 18:00:00,571,Dharmapuri,0.5,-7.1693
2025-04-04 22:00:00,571,Dharmapuri,4.5,-7.1761
2025-04-04 23:00:00,571,Dharmapuri,1.5,-7.1761
2025-04-05 00:00:00,571,Dharmapuri,1.5,-7.1761
2025-04-05 01:00:00,571,Dharmapuri,1.0,-7.1761
2025-04-10 18:00:00,571,Dharmapuri,7.5,-7.871
2025-04-10 19:30:00,571,Dharmapuri,4.0,-7.871
2025-04-10 20:00:00,571,Dharmapuri,4.0,-7.871
2025-04-11 06:00:00,571,Dharmapuri,0.5,-7.391272727272727
2025-04-11 18:00:00,571,Dharmapuri,4.0,-7.339545454545455
2025-04-11 20:00:00,571,Dharmapuri,0.5,-7.339545454545455
2025-04-11 20:30:00,571,Dharmapuri,0.5,-7.339545454545455
2025-04-11 21:00:00,571,Dharmapuri,0.5,-7.339545454545455
2025-04-11 22:00:00,571,Dharmapuri,0.5,-7.310454545454545
2025-04-11 23:00:00,571,Dharmapuri,2.5,-7.310454545454545
2025-04-12 00:00:00,571,Dharmapuri,1.5,-7.310454545454545
2025-04-12 01:00:00,571,Dharmapuri,0.5,-7.310454545454545
2025-04-12 09:30:00,571,Dharmapuri,0.5,-7.544
2025-04-12 10:00:00,571,Dharmapuri,0.5,-7.544
2025-04-12 22:00:00,571,Dharmapuri,0.5,-7.489545454545455
2025-04-13 00:00:00,571,Dharmapuri,0.5,-7.489545454545455
2025-04-14 04:00:00,571,Dharmapuri,6.5,-7.464909090909091
2025-04-14 05:00:00,571,Dharmapuri,2.0,-7.464909090909091
2025-04-14 07:00:00,571,Dharmapuri,0.5,-7.464909090909091
2025-04-14 21:00:00,571,Dharmapuri,4.0,-7.409090909090909
2025-04-14 22:00:00,571,Dharmapuri,0.5,-7.341363636363636
2025-04-14 23:00:00,571,Dharmapuri,0.5,-7.341363636363636
2025-04-15 00:00:00,571,Dharmapuri,0.5,-7.341363636363636
2025-04-15 00:30:00,571,Dharmapuri,0.5,-7.341363636363636
2025-04-15 01:00:00,571,Dharmapuri,0.5,-7.341363636363636
2025-04-15 02:00:00,571,Dharmapuri,0.5,-7.341363636363636
2025-04-16 03:00:00,571,Dharmapuri,4.5,-7.485545454545456
2025-04-16 04:00:00,571,Dharmapuri,24.0,-7.457727272727272
2025-04-16 05:00:00,571,Dharmapuri,0.5,-7.457727272727272
2025-04-18 14:00:00,571,Dharmapuri,1.0,-6.5388
2025-04-18 15:00:00,571,Dharmapuri,0.5,-6.5388
2025-04-18 16:00:00,571,Dharmapuri,1.0,-6.2410000000000005
2025-04-18 16:30:00,571,Dharmapuri,0.5,-6.2410000000000005
2025-04-18 17:00:00,571,Dharmapuri,0.5,-6.2410000000000005
2025-04-18 21:00:00,571,Dharmapuri,15.0,-6.2410000000000005
2025-04-18 22:00:00,571,Dharmapuri,0.5,-6.8665
2025-04-18 23:00:00,571,Dharmapuri,0.5,-6.8665
2025-05-01 16:00:00,571,Dharmapuri,3.0,-8.117333333333333
2025-05-02 21:00:00,571,Dharmapuri,1.25,-5.129
2025-05-02 22:00:00,571,Dharmapuri,0.5,-5.13
2025-05-03 01:00:00,571,Dharmapuri,0.5,-5.13
2025-05-04 20:00:00,571,Dharmapuri,1.5,-7.813333333333333
2025-05-04 21:00:00,571,Dharmapuri,31.0,-7.813333333333333
2025-05-04 22:00:00,571,Dharmapuri,8.5,-8.080333333333334
2025-05-04 23:00:00,571,Dharmapuri,1.0,-8.080333333333334
2025-05-04 23:30:00,571,Dharmapuri,0.5,-8.080333333333334
2025-05-05 00:00:00,571,Dharmapuri,1.25,-8.080333333333334
2025-05-05 02:00:00,571,Dharmapuri,0.5,-8.080333333333334
2025-05-05 10:00:00,571,Dharmapuri,0.5,-8.2655
2025-05-05 17:00:00,571,Dharmapuri,0.5,-7.156
2025-05-06 03:00:00,571,Dharmapuri,48.0,-7.16
2025-05-06 05:00:00,571,Dharmapuri,0.75,-7.466666666666668
2025-05-06 10:00:00,571,Dharmapuri,0.5,-8.093
2025-05-06 18:10:00,571,Dharmapuri,3.5,-7.71825
2025-05-07 22:00:00,571,Dharmapuri,1.0,-6.9004
2025-05-07 23:00:00,571,Dharmapuri,0.75,-6.9004
2025-05-08 00:00:00,571,Dharmapuri,0.5,-6.9004
2025-05-08 03:00:00,571,Dharmapuri,0.5,-6.9004
2025-05-08 18:00:00,571,Dharmapuri,1.0,-7.223000000000001
2025-05-08 19:00:00,571,Dharmapuri,4.5,-7.223000000000001
2025-05-08 21:00:00,571,Dharmapuri,1.0,-7.223000000000001
2025-05-10 01:00:00,571,Dharmapuri,3.0,-6.4945
2025-05-10 14:00:00,571,Dharmapuri,0.5,-7.129599999999999
2025-05-10 15:00:00,571,Dharmapuri,0.5,-7.129599999999999
2025-05-10 16:00:00,571,Dharmapuri,1.5,-7.7428
2025-05-10 18:00:00,571,Dharmapuri,8.0,-7.7428
2025-05-10 19:00:00,571,Dharmapuri,0.5,-7.7428
2025-05-12 22:00:00,571,Dharmapuri,16.5,-6.68
2025-05-12 23:00:00,571,Dharmapuri,33.0,-6.68
2025-05-13 00:00:00,571,Dharmapuri,2.5,-6.68
2025-05-13 18:00:00,571,Dharmapuri,9.0,-6.703
2025-05-13 19:00:00,571,Dharmapuri,14.75,-6.703
2025-05-13 20:00:00,571,Dharmapuri,4.5,-6.703
2025-05-13 22:00:00,571,Dharmapuri,0.5,-6.357
2025-05-14 18:00:00,571,Dharmapuri,9.0,-6.438666666666666
2025-05-14 19:00:00,571,Dharmapuri,18.0,-6.438666666666666
2025-05-14 20:00:00,571,Dharmapuri,1.5,-6.438666666666666
2025-05-14 21:00:00,571,Dharmapuri,12.75,-6.438666666666666
2025-05-14 22:00:00,571,Dharmapuri,0.5,-6.446333333333333
2025-05-14 23:00:00,571,Dharmapuri,4.5,-6.446333333333333
2025-05-15 00:00:00,571,Dharmapuri,6.333333333333333,-6.446333333333333
2025-05-15 01:00:00,571,Dharmapuri,2.5,-6.446333333333333
2025-05-15 02:00:00,571,Dharmapuri,0.5,-6.446333333333333
2025-05-15 03:00:00,571,Dharmapuri,0.5,-6.446333333333333
2025-05-15 10:00:00,571,Dharmapuri,0.5,-6.445250000000001
2025-05-16 21:00:00,571,Dharmapuri,1.0,-6.45275
2025-05-16 23:00:00,571,Dharmapuri,1.5,-6.47575
2025-05-17 00:00:00,571,Dharmapuri,2.6666666666666665,-6.47575
2025-05-17 01:00:00,571,Dharmapuri,4.75,-6.47575
2025-05-17 02:00:00,571,Dharmapuri,4.5,-6.47575
2025-05-17 03:00:00,571,Dharmapuri,2.5,-6.47575
2025-05-17 04:00:00,571,Dharmapuri,1.0,-6.45725
2025-05-17 06:00:00,571,Dharmapuri,0.5,-6.45725
2025-05-17 07:00:00,571,Dharmapuri,0.5,-6.45725
2025-05-17 14:00:00,571,Dharmapuri,4.5,-6.486
2025-05-17 16:00:00,571,Dharmapuri,8.0,-6.480499999999999
2025-05-17 17:00:00,571,Dharmapuri,2.25,-6.480499999999999
2025-05-17 18:00:00,571,Dharmapuri,0.5,-6.480499999999999
2025-05-17 19:00:00,571,Dharmapuri,0.6666666666666666,-6.480499999999999
2025-05-17 20:00:00,571,Dharmapuri,0.75,-6.480499999999999
2025-05-17 21:00:00,571,Dharmapuri,7.166666666666667,-6.480499999999999
2025-05-17 22:00:00,571,Dharmapuri,8.333333333333334,-6.47775
2025-05-17 23:00:00,571,Dharmapuri,8.75,-6.47775
2025-05-18 00:00:00,571,Dharmapuri,1.6666666666666667,-6.47775
2025-05-18 01:00:00,571,Dharmapuri,0.5,-6.47775
2025-05-18 15:00:00,571,Dharmapuri,0.5,-6.4715
2025-05-18 17:00:00,571,Dharmapuri,3.0,-6.46175
2025-05-18 18:00:00,571,Dharmapuri,0.5,-6.46175
2025-05-18 19:00:00,571,Dharmapuri,1.5,-6.46175
2025-05-18 21:00:00,571,Dharmapuri,1.5,-6.46175
2025-05-18 22:00:00,571,Dharmapuri,3.25,-6.399500000000001
2025-05-18 23:00:00,571,Dharmapuri,1.1666666666666667,-6.399500000000001
2025-05-19 00:00:00,571,Dharmapuri,1.25,-6.399500000000001
2025-05-19 01:00:00,571,Dharmapuri,2.25,-6.399500000000001
2025-05-19 02:00:00,571,Dharmapuri,8.833333333333334,-6.399500000000001
2025-05-19 03:00:00,571,Dharmapuri,10.5,-6.399500000000001
2025-05-19 04:00:00,571,Dharmapuri,2.25,-6.3765
2025-05-19 05:00:00,571,Dharmapuri,0.75,-6.3765
2025-05-19 09:00:00,571,Dharmapuri,0.5,-6.3765
2025-05-19 15:00:00,571,Dharmapuri,10.5,-6.3845
2025-05-19 16:00:00,571,Dharmapuri,5.5,-6.349
2025-05-19 18:00:00,571,Dharmapuri,0.5,-6.349
2025-05-19 19:00:00,571,Dharmapuri,4.666666666666667,-6.349
2025-05-19 20:00:00,571,Dharmapuri,22.5,-6.349
2025-05-19 21:00:00,571,Dharmapuri,0.5,-6.349
2025-05-20 03:00:00,571,Dharmapuri,1.0,-6.33575
2025-05-20 04:00:00,571,Dharmapuri,0.5,-6.32275
2025-05-20 05:00:00,571,Dharmapuri,0.5,-6.32275
2025-05-20 06:00:00,571,Dharmapuri,0.5,-6.32275
2025-05-20 07:00:00,571,Dharmapuri,1.0,-6.32275
2025-05-20 22:00:00,571,Dharmapuri,0.5,-6.3055
2025-05-20 23:00:00,571,Dharmapuri,1.0,-6.3055
2025-05-23 18:00:00,571,Dharmapuri,1.5,-6.87425
2025-05-23 19:00:00,571,Dharmapuri,21.5,-6.87425
2025-05-23 20:00:00,571,Dharmapuri,1.0,-6.87425
2025-05-25 18:00:00,571,Dharmapuri,1.75,-5.735
2025-05-25 19:00:00,571,Dharmapuri,4.25,-5.735
2025-05-25 23:00:00,571,Dharmapuri,0.5,-6.5252
2025-05-26 17:00:00,571,Dharmapuri,1.0,-6.638
2025-05-27 13:00:00,571,Dharmapuri,1.5,-6.577
2025-05-27 16:00:00,571,Dharmapuri,1.5,-6.4744
2025-05-28 15:00:00,571,Dharmapuri,0.5,-6.5962000000000005
2025-05-28 17:00:00,571,Dharmapuri,0.5,-6.613
2025-05-29 17:00:00,571,Dharmapuri,1.0,-6.606199999999999
2025-05-29 20:00:00,571,Dharmapuri,0.5,-6.606199999999999
2025-06-02 19:00:00,571,Dharmapuri,1.5,-6.646800000000001
2025-06-02 20:00:00,571,Dharmapuri,2.5,-6.646800000000001
2025-06-02 21:00:00,571,Dharmapuri,2.25,-6.646800000000001
2025-06-02 22:00:00,571,Dharmapuri,0.5,-6.319
2025-06-02 23:00:00,571,Dharmapuri,0.5,-6.319
2025-06-03 18:00:00,571,Dharmapuri,4.5,-6.619400000000001
2025-06-03 19:00:00,571,Dharmapuri,1.0,-6.619400000000001
2025-06-03 22:00:00,571,Dharmapuri,0.5,-7.042
2025-06-08 22:00:00,571,Dharmapuri,2.5,-7.56025
2025-06-08 23:00:00,571,Dharmapuri,0.5,-7.56025
2025-06-09 00:00:00,571,Dharmapuri,0.5,-7.56025
2025-06-11 19:00:00,571,Dharmapuri,0.5,-6.7780000000000005
2025-06-13 16:00:00,571,Dharmapuri,2.0,-7.415333333333334
2025-06-13 17:00:00,571,Dharmapuri,11.5,-7.415333333333334
2025-06-13 18:00:00,571,Dharmapuri,1.0,-7.415333333333334
2025-06-13 19:00:00,571,Dharmapuri,1.5,-7.415333333333334
2025-06-13 21:00:00,571,Dharmapuri,0.5,-7.415333333333334
2025-06-14 18:00:00,571,Dharmapuri,4.0,-7.573
2025-06-14 19:00:00,571,Dharmapuri,5.5,-7.573
2025-06-15 18:00:00,571,Dharmapuri,0.5,-9.0635
2025-06-15 19:00:00,571,Dharmapuri,0.5,-9.0635
2025-07-10 20:00:00,571,Dharmapuri,9.0,-8.763
2025-07-10 21:00:00,571,Dharmapuri,0.5,-8.763
2025-07-20 02:00:00,571,Dharmapuri,0.5,-8.30925
2025-07-20 19:00:00,571,Dharmapuri,0.5,-11.098
2025-07-20 20:00:00,571,Dharmapuri,1.0,-11.098
2025-07-20 21:00:00,571,Dharmapuri,0.5,-11.098
2025-07-21 13:00:00,571,Dharmapuri,0.5,-7.92025
2025-07-21 16:00:00,571,Dharmapuri,5.5,-8.00075
2025-07-21 17:00:00,571,Dharmapuri,0.5,-8.00075
2025-07-21 18:00:00,571,Dharmapuri,1.0,-8.00075
2025-07-21 21:00:00,571,Dharmapuri,0.5,-8.00075
2025-07-22 16:00:00,571,Dharmapuri,0.5,-9.268333333333333
2025-07-22 17:00:00,571,Dharmapuri,6.5,-9.268333333333333
2025-07-22 18:00:00,571,Dharmapuri,0.5,-9.268333333333333
2025-08-03 00:00:00,571,Dharmapuri,0.5,-9.75675
2025-08-03 06:00:00,571,Dharmapuri,0.5,-11.338333333333331
2025-08-04 04:00:00,571,Dharmapuri,0.5,-11.139
2025-08-04 21:00:00,571,Dharmapuri,1.5,-11.156666666666666
2025-08-04 22:00:00,571,Dharmapuri,1.0,-9.62275
2025-08-04 23:00:00,571,Dharmapuri,0.5,-9.62275
2025-08-05 00:00:00,571,Dharmapuri,0.5,-9.62275
2025-08-05 01:00:00,571,Dharmapuri,0.5,-9.62275
2025-08-05 20:00:00,571,Dharmapuri,6.5,-9.6635
2025-08-05 21:00:00,571,Dharmapuri,18.0,-9.6635
2025-08-05 22:00:00,571,Dharmapuri,0.5,-9.6755
2025-08-08 23:00:00,571,Dharmapuri,1.0,-9.86575
2025-08-09 02:00:00,571,Dharmapuri,0.5,-9.86575
2025-08-09 04:00:00,571,Dharmapuri,0.5,-9.872
2025-08-09 06:00:00,571,Dharmapuri,0.5,-9.872
2025-08-09 07:00:00,571,Dharmapuri,2.0,-9.872
2025-08-09 08:00:00,571,Dharmapuri,2.0,-9.872
2025-08-09 09:00:00,571,Dharmapuri,0.5,-9.872
2025-08-09 17:00:00,571,Dharmapuri,2.0,-9.84375
2025-08-09 18:00:00,571,Dharmapuri,0.5,-9.84375
2025-08-09 19:00:00,571,Dharmapuri,0.5,-9.84375
2025-08-10 17:00:00,571,Dharmapuri,15.5,-11.208
2025-08-10 18:00:00,571,Dharmapuri,1.0,-11.208
2025-08-10 19:00:00,571,Dharmapuri,17.0,-11.208
2025-08-10 20:00:00,571,Dharmapuri,5.5,-11.208
2025-08-10 21:00:00,571,Dharmapuri,1.0,-11.208
2025-08-10 22:00:00,571,Dharmapuri,0.5,-9.679
2025-08-11 01:00:00,571,Dharmapuri,0.5,-9.679
2025-08-11 02:00:00,571,Dharmapuri,0.5,-9.679
2025-08-11 03:00:00,571,Dharmapuri,0.5,-9.679
2025-08-11 04:00:00,571,Dharmapuri,28.5,-9.583
2025-08-11 06:00:00,571,Dharmapuri,0.5,-9.583
2025-08-12 19:00:00,571,Dharmapuri,6.5,-11.193
2025-08-12 20:00:00,571,Dharmapuri,1.5,-11.193
2025-08-14 18:00:00,571,Dharmapuri,0.5,-11.306333333333331
2025-08-17 15:00:00,571,Dharmapuri,1.5,-11.003666666666668
2025-08-17 16:00:00,571,Dharmapuri,2.5,-10.896333333333333
2025-08-17 17:00:00,571,Dharmapuri,0.5,-10.896333333333333
2025-08-17 18:00:00,571,Dharmapuri,3.0,-10.896333333333333
2025-08-17 19:00:00,571,Dharmapuri,1.5,-10.896333333333333
2025-08-17 20:00:00,571,Dharmapuri,0.5,-10.896333333333333
2025-08-17 21:00:00,571,Dharmapuri,0.5,-10.896333333333333
2025-08-17 23:00:00,571,Dharmapuri,0.5,-10.84366666666667
2025-08-23 02:00:00,571,Dharmapuri,1.0,-9.297375
2025-08-23 03:00:00,571,Dharmapuri,1.0,-9.297375
2025-08-23 04:00:00,571,Dharmapuri,1.5,-9.315375
2025-08-23 05:00:00,571,Dharmapuri,0.5,-9.315375
2025-08-28 16:00:00,571,Dharmapuri,0.5,-10.8118
2025-08-28 17:00:00,571,Dharmapuri,0.5,-10.8118
2025-08-28 19:00:00,571,Dharmapuri,0.5,-10.8118
2025-09-01 18:00:00,571,Dharmapuri,1.5,-10.6092
2025-09-01 19:00:00,571,Dharmapuri,0.5,-10.6092
2025-09-01 20:00:00,571,Dharmapuri,1.0,-10.6092
2025-09-01 21:00:00,571,Dharmapuri,0.5,-10.6092
2025-09-07 02:00:00,571,Dharmapuri,0.5,-7.756857142857143
2025-09-09 20:00:00,571,Dharmapuri,2.5,-10.308000000000002
2025-09-09 21:00:00,571,Dharmapuri,4.5,-10.308000000000002
2025-09-09 22:00:00,571,Dharmapuri,0.5,-9.72475
2025-09-10 00:00:00,571,Dharmapuri,0.5,-9.72475
2025-09-10 01:00:00,571,Dharmapuri,28.0,-9.72475
2025-09-10 02:00:00,571,Dharmapuri,3.5,-9.72475
2025-09-10 05:00:00,571,Dharmapuri,1.0,-9.768375
2025-09-10 06:00:00,571,Dharmapuri,0.5,-9.768375
2025-09-10 15:00:00,571,Dharmapuri,1.0,-9.806375
2025-09-10 20:00:00,571,Dharmapuri,1.0,-9.81825
2025-09-10 22:00:00,571,Dharmapuri,1.25,-9.816625
2025-09-10 23:00:00,571,Dharmapuri,0.5,-9.816625
2025-09-11 00:00:00,571,Dharmapuri,5.75,-9.816625
2025-09-11 01:00:00,571,Dharmapuri,5.5,-9.816625
2025-09-11 02:00:00,571,Dharmapuri,3.5,-9.816625
2025-09-11 03:00:00,571,Dharmapuri,1.0,-9.816625
2025-09-16 23:00:00,571,Dharmapuri,5.0,-9.969625
2025-09-17 00:00:00,571,Dharmapuri,3.0,-9.969625
2025-09-17 01:00:00,571,Dharmapuri,0.5,-9.969625
2025-09-17 02:00:00,571,Dharmapuri,0.5,-9.969625
2025-09-17 16:00:00,571,Dharmapuri,2.0,-10.802142857142856
2025-09-17 17:00:00,571,Dharmapuri,0.5,-10.802142857142856
2025-09-17 19:00:00,571,Dharmapuri,17.5,-10.802142857142856
2025-09-17 20:00:00,571,Dharmapuri,3.5,-10.802142857142856
2025-09-17 21:00:00,571,Dharmapuri,2.0,-10.802142857142856
2025-09-17 22:00:00,571,Dharmapuri,1.5,-10.800857142857144
2025-09-17 23:00:00,571,Dharmapuri,4.5,-10.800857142857144
2025-09-18 00:00:00,571,Dharmapuri,4.0,-10.800857142857144
2025-09-18 01:00:00,571,Dharmapuri,1.0,-10.800857142857144
2025-09-18 02:00:00,571,Dharmapuri,0.5,-10.800857142857144
2025-09-18 21:00:00,571,Dharmapuri,16.0,-10.789333333333332
2025-09-18 22:00:00,571,Dharmapuri,4.5,-10.789333333333332
2025-09-18 23:00:00,571,Dharmapuri,2.25,-10.789333333333332
2025-09-20 10:00:00,571,Dharmapuri,0.5,-10.88
2025-09-21 09:00:00,571,Dharmapuri,0.5,-10.788571428571428
2025-09-22 18:00:00,571,Dharmapuri,0.5,-9.96825
2025-09-22 19:00:00,571,Dharmapuri,1.5,-9.96825
2025-09-23 06:00:00,571,Dharmapuri,0.5,-9.924875
2025-09-23 13:00:00,571,Dharmapuri,5.0,-9.935125
2025-09-24 16:00:00,571,Dharmapuri,0.5,-10.67
2025-09-24 17:00:00,571,Dharmapuri,0.5,-10.67
2025-09-25 15:00:00,571,Dharmapuri,3.0,-10.734714285714286
2025-09-25 18:00:00,571,Dharmapuri,0.5,-10.743714285714288
2025-09-25 21:00:00,571,Dharmapuri,0.5,-10.743714285714288
2025-09-27 18:00:00,571,Dharmapuri,5.5,-10.897142857142857
2025-09-27 19:00:00,571,Dharmapuri,0.5,-10.897142857142857
2025-09-29 07:00:00,571,Dharmapuri,0.5,-8.404833333333334
2025-09-29 19:00:00,571,Dharmapuri,0.5,-8.4195
2025-10-04 00:00:00,571,Dharmapuri,5.5,-8.040714285714285
2025-10-04 01:00:00,571,Dharmapuri,10.5,-8.040714285714285
2025-10-04 02:00:00,571,Dharmapuri,7.0,-8.040714285714285
2025-10-04 03:00:00,571,Dharmapuri,2.75,-8.040714285714285
2025-10-04 04:00:00,571,Dharmapuri,4.0,-9.1306
2025-10-04 05:00:00,571,Dharmapuri,3.25,-9.1306
2025-10-04 06:00:00,571,Dharmapuri,2.0,-9.1306
2025-10-04 07:00:00,571,Dharmapuri,1.25,-9.1306
2025-10-04 08:00:00,571,Dharmapuri,1.0,-9.1306
2025-10-04 09:00:00,571,Dharmapuri,0.5,-9.1306
2025-10-04 15:00:00,571,Dharmapuri,1.5,-9.1034
2025-10-04 15:15:00,571,Dharmapuri,4.5,-8.9688
2025-10-04 15:30:00,571,Dharmapuri,4.5,-8.9688
2025-10-04 15:45:00,571,Dharmapuri,4.5,-8.9688
2025-10-04 16:00:00,571,Dharmapuri,4.5,-8.9688
2025-10-05 21:00:00,571,Dharmapuri,1.0,-8.828399999999998
2025-10-05 21:15:00,571,Dharmapuri,5.0,-8.78
2025-10-05 21:30:00,571,Dharmapuri,5.5,-8.78
2025-10-05 21:45:00,571,Dharmapuri,5.5,-8.78
2025-10-05 22:00:00,571,Dharmapuri,5.5,-8.78
2025-10-05 23:00:00,571,Dharmapuri,0.5,-8.78
2025-10-16 16:00:00,571,Dharmapuri,1.5,-9.196285714285713
2025-10-16 23:00:00,571,Dharmapuri,2.5,-9.196285714285713
2025-10-17 00:00:00,571,Dharmapuri,0.5,-9.196285714285713
2025-10-17 12:00:00,571,Dharmapuri,0.5,-9.196285714285713
2025-10-20 16:00:00,571,Dharmapuri,2.0,-9.196285714285713
2025-10-20 17:00:00,571,Dharmapuri,3.5,-9.196285714285713
2025-10-20 18:00:00,571,Dharmapuri,0.5,-9.196285714285713
2025-10-21 08:00:00,571,Dharmapuri,0.5,-9.196285714285713
2025-10-21 20:00:00,571,Dharmapuri,0.5,-9.196285714285713
2025-10-22 00:00:00,571,Dharmapuri,0.5,-9.196285714285713
2025-10-22 01:00:00,571,Dharmapuri,2.0,-9.196285714285713
2025-10-22 02:00:00,571,Dharmapuri,1.0,-9.196285714285713
2025-10-22 03:00:00,571,Dharmapuri,1.5,-9.196285714285713
2025-10-22 04:00:00,571,Dharmapuri,1.0,-9.196285714285713
2025-10-22 05:00:00,571,Dharmapuri,0.5,-9.196285714285713
2025-10-22 06:00:00,571,Dharmapuri,0.5,-9.196285714285713
2025-10-22 12:00:00,571,Dharmapuri,0.75,-9.196285714285713
2025-10-22 15:00:00,571,Dharmapuri,0.5,-9.196285714285713
2025-10-22 16:00:00,571,Dharmapuri,2.5,-9.196285714285713
2025-10-22 17:00:00,571,Dharmapuri,2.0,-9.196285714285713
2025-10-22 18:00:00,571,Dharmapuri,2.0,-9.196285714285713
2025-10-22 19:00:00,571,Dharmapuri,2.0,-9.196285714285713
2025-10-22 20:00:00,571,Dharmapuri,0.5,-9.196285714285713
2025-10-22 23:00:00,571,Dharmapuri,2.0,-9.196285714285713
2025-11-06 11:00:00,571,Dharmapuri,0.5,-7.1575
2025-12-26 05:15:00,571,Dharmapuri,0.5,-8.134833333333333
2025-12-26 05:20:00,571,Dharmapuri,0.5,-8.134833333333333
2025-12-26 05:25:00,571,Dharmapuri,0.5,-8.134833333333333
2025-12-26 05:30:00,571,Dharmapuri,0.5,-8.134833333333333
2025-12-26 05:35:00,571,Dharmapuri,0.5,-8.134833333333333
2025-12-26 05:40:00,571,Dharmapuri,0.5,-8.134833333333333
2025-12-26 05:45:00,571,Dharmapuri,0.5,-8.134833333333333
2025-12-26 05:50:00,571,Dharmapuri,0.5,-8.134833333333333
2025-12-26 05:55:00,571,Dharmapuri,0.5,-8.134833333333333
2025-12-26 06:00:00,571,Dharmapuri,0.5,-8.134833333333333
2026-01-12 06:50:00,571,Dharmapuri,0.5,-7.275363636363636
2026-01-12 06:55:00,571,Dharmapuri,0.5,-7.275363636363636
2026-01-12 07:00:00,571,Dharmapuri,0.5,-7.275363636363636
2026-01-12 14:55:00,571,Dharmapuri,0.5,-7.402500000000001
2026-01-12 15:00:00,571,Dharmapuri,0.5,-7.402500000000001
2026-01-12 15:15:00,571,Dharmapuri,0.5,-7.318636363636363
2026-01-12 15:20:00,571,Dharmapuri,0.5,-7.318636363636363
2026-01-12 15:25:00,571,Dharmapuri,0.5,-7.318636363636363
2026-01-12 15:30:00,571,Dharmapuri,1.0,-7.318636363636363
2026-01-12 15:35:00,571,Dharmapuri,1.5,-7.318636363636363
2026-01-12 15:40:00,571,Dharmapuri,1.5,-7.318636363636363
2026-01-12 15:45:00,571,Dharmapuri,1.5,-7.318636363636363
2026-01-12 15:50:00,571,Dharmapuri,1.5,-7.318636363636363
2026-01-12 15:55:00,571,Dharmapuri,1.5,-7.318636363636363
2026-01-12 16:00:00,571,Dharmapuri,1.5,-7.318636363636363
2026-03-18 16:40:00,571,Dharmapuri,0.5,-13.223076923076924
2026-03-18 16:45:00,571,Dharmapuri,0.5,-13.223076923076924
2026-03-18 16:50:00,571,Dharmapuri,0.5,-13.223076923076924
2026-03-18 16:55:00,571,Dharmapuri,1.0,-13.223076923076924
2026-03-18 17:00:00,571,Dharmapuri,1.0,-13.223076923076924
2026-03-18 17:20:00,571,Dharmapuri,0.5,-13.223076923076924
2026-03-18 17:25:00,571,Dharmapuri,1.5,-13.223076923076924
2026-03-18 17:30:00,571,Dharmapuri,2.0,-13.223076923076924
2026-03-18 17:35:00,571,Dharmapuri,2.5,-13.223076923076924
2026-03-18 17:40:00,571,Dharmapuri,3.0,-13.223076923076924
2026-03-18 17:45:00,571,Dharmapuri,6.0,-13.223076923076924
2026-03-18 17:50:00,571,Dharmapuri,8.5,-13.223076923076924
2026-03-18 17:55:00,571,Dharmapuri,8.5,-13.223076923076924
2026-03-18 18:00:00,571,Dharmapuri,9.0,-13.223076923076924
2026-03-18 18:10:00,571,Dharmapuri,0.5,-13.223076923076924
2026-03-18 18:15:00,571,Dharmapuri,0.5,-13.223076923076924
2026-03-18 18:20:00,571,Dharmapuri,0.5,-13.223076923076924
2026-03-18 18:25:00,571,Dharmapuri,0.5,-13.223076923076924
2026-03-18 18:30:00,571,Dharmapuri,0.5,-13.223076923076924
2026-03-18 18:35:00,571,Dharmapuri,0.5,-13.223076923076924
2026-03-18 18:40:00,571,Dharmapuri,0.5,-13.223076923076924
2026-03-18 18:45:00,571,Dharmapuri,0.5,-13.223076923076924
2026-03-18 18:50:00,571,Dharmapuri,0.5,-13.223076923076924
2026-03-18 18:55:00,571,Dharmapuri,0.5,-13.223076923076924
2026-03-18 19:00:00,571,Dharmapuri,0.5,-13.223076923076924
2026-03-18 21:30:00,571,Dharmapuri,2.0,-12.980230769230769
2026-03-18 21:35:00,571,Dharmapuri,4.0,-12.980230769230769
2026-03-18 21:40:00,571,Dharmapuri,6.0,-12.980230769230769
2026-03-18 21:45:00,571,Dharmapuri,7.0,-12.980230769230769
2026-03-18 21:50:00,571,Dharmapuri,7.5,-12.980230769230769
2026-03-18 21:55:00,571,Dharmapuri,7.5,-12.980230769230769
2026-03-18 22:00:00,571,Dharmapuri,8.0,-12.980230769230769
2026-03-18 23:15:00,571,Dharmapuri,0.5,-12.980230769230769
2026-03-18 23:20:00,571,Dharmapuri,0.5,-12.980230769230769
2026-03-18 23:25:00,571,Dharmapuri,0.5,-12.980230769230769
2026-03-18 23:30:00,571,Dharmapuri,0.5,-12.980230769230769
2026-03-18 23:35:00,571,Dharmapuri,1.0,-12.980230769230769
2026-03-18 23:40:00,571,Dharmapuri,1.0,-12.980230769230769
2026-03-18 23:45:00,571,Dharmapuri,1.0,-12.980230769230769
2026-03-18 23:50:00,571,Dharmapuri,1.5,-12.980230769230769
2026-03-18 23:55:00,571,Dharmapuri,1.5,-12.980230769230769
2026-03-19 00:00:00,571,Dharmapuri,1.5,-12.980230769230769
2026-03-19 00:10:00,571,Dharmapuri,0.5,-12.980230769230769
2026-03-19 00:15:00,571,Dharmapuri,1.0,-12.980230769230769
2026-03-19 00:20:00,571,Dharmapuri,1.5,-12.980230769230769
2026-03-19 00:25:00,571,Dharmapuri,2.5,-12.980230769230769
2026-03-19 00:30:00,571,Dharmapuri,3.0,-12.980230769230769
2026-03-19 00:35:00,571,Dharmapuri,4.0,-12.980230769230769
2026-03-19 00:40:00,571,Dharmapuri,4.5,-12.980230769230769
2026-03-19 00:45:00,571,Dharmapuri,4.5,-12.980230769230769
2026-03-19 00:50:00,571,Dharmapuri,5.0,-12.980230769230769
2026-03-19 00:55:00,571,Dharmapuri,5.5,-12.980230769230769
2026-03-19 01:00:00,571,Dharmapuri,5.5,-12.980230769230769
2026-03-19 01:05:00,571,Dharmapuri,0.5,-12.980230769230769
2026-03-19 01:10:00,571,Dharmapuri,1.0,-12.980230769230769
2026-03-19 01:15:00,571,Dharmapuri,1.0,-12.980230769230769
2026-03-19 01:20:00,571,Dharmapuri,1.5,-12.980230769230769
2026-03-19 01:25:00,571,Dharmapuri,1.5,-12.980230769230769
2026-03-19 01:30:00,571,Dharmapuri,2.0,-12.980230769230769
2026-03-19 01:35:00,571,Dharmapuri,2.0,-12.980230769230769
2026-03-19 01:40:00,571,Dharmapuri,2.0,-12.980230769230769
2026-03-19 01:45:00,571,Dharmapuri,2.0,-12.980230769230769
2026-03-19 01:50:00,571,Dharmapuri,2.0,-12.980230769230769
2026-03-19 01:55:00,571,Dharmapuri,2.0,-12.980230769230769
2026-03-19 02:00:00,571,Dharmapuri,2.0,-12.980230769230769
2021-09-29 19:00:00,572,Dindigul,0.5,-10.730846153846157
2021-10-03 06:00:00,572,Dindigul,1.0,-10.718000000000002
2021-10-03 07:00:00,572,Dindigul,6.5,-10.718000000000002
2021-10-03 08:00:00,572,Dindigul,0.5,-10.718000000000002
2021-10-24 18:00:00,572,Dindigul,11.5,-10.13575
2021-10-24 19:00:00,572,Dindigul,5.0,-10.13575
2021-11-05 21:00:00,572,Dindigul,1.0,-7.11925
2021-11-08 09:00:00,572,Dindigul,0.5,-6.520583333333334
2021-11-09 14:00:00,572,Dindigul,0.5,-6.384333333333333
2021-11-10 01:00:00,572,Dindigul,0.5,-6.351
2021-11-11 18:00:00,572,Dindigul,0.5,-6.311916666666666
2021-11-16 17:00:00,572,Dindigul,2.0,-5.953083333333333
2021-11-16 18:00:00,572,Dindigul,3.0,-5.953083333333333
2021-11-17 18:00:00,572,Dindigul,25.0,-5.762666666666667
2021-11-17 19:00:00,572,Dindigul,4.5,-5.762666666666667
2021-11-17 20:00:00,572,Dindigul,0.5,-5.762666666666667
2021-11-17 22:00:00,572,Dindigul,1.5,-5.676166666666667
2021-11-23 19:00:00,572,Dindigul,0.5,-5.25725
2021-11-25 16:00:00,572,Dindigul,10.0,-5.235916666666667
2021-11-25 17:00:00,572,Dindigul,6.5,-5.235916666666667
2021-11-25 18:00:00,572,Dindigul,3.0,-5.235916666666667
2021-11-25 19:00:00,572,Dindigul,20.0,-5.235916666666667
2021-11-25 20:00:00,572,Dindigul,7.5,-5.235916666666667
2021-11-25 22:00:00,572,Dindigul,1.0,-5.065166666666666
2021-12-30 22:00:00,572,Dindigul,3.5,-87.38983333333334
2021-12-30 23:00:00,572,Dindigul,1.5,-87.38983333333334
2021-12-31 07:00:00,572,Dindigul,1.5,-87.38483333333333
2021-12-31 09:00:00,572,Dindigul,0.5,-87.38483333333333
2021-12-31 17:00:00,572,Dindigul,7.0,-87.38141666666667
2021-12-31 18:00:00,572,Dindigul,0.75,-87.38141666666667
2021-12-31 19:00:00,572,Dindigul,1.0,-87.38141666666667
2021-12-31 21:00:00,572,Dindigul,0.5,-87.38141666666667
2022-01-01 15:00:00,572,Dindigul,4.5,-87.33608333333332
2022-01-01 16:00:00,572,Dindigul,0.5,-87.30250000000001
2022-01-01 17:00:00,572,Dindigul,0.5,-87.30250000000001
2022-01-01 18:00:00,572,Dindigul,0.5,-87.30250000000001
2022-01-01 20:00:00,572,Dindigul,21.0,-87.30250000000001
2022-01-01 21:00:00,572,Dindigul,2.5,-87.30250000000001
2022-01-01 22:00:00,572,Dindigul,8.5,-87.28266666666667
2022-01-01 23:00:00,572,Dindigul,0.5,-87.28266666666667
2022-01-02 00:00:00,572,Dindigul,6.75,-87.28266666666667
2022-01-02 01:00:00,572,Dindigul,3.25,-87.28266666666667
2022-01-02 02:00:00,572,Dindigul,10.5,-87.28266666666667
2022-01-02 03:00:00,572,Dindigul,0.5,-87.28266666666667
2022-01-02 04:00:00,572,Dindigul,11.25,-87.23375
2022-01-02 05:00:00,572,Dindigul,10.0,-87.23375
2022-01-02 06:00:00,572,Dindigul,0.5,-87.23375
2022-01-08 21:00:00,572,Dindigul,5.5,-87.19283333333334
2022-02-28 15:00:00,572,Dindigul,0.5,-81.77015384615386
2022-03-08 00:00:00,572,Dindigul,0.5,-88.62966666666667
2022-03-08 01:00:00,572,Dindigul,2.5,-88.62966666666667
2022-03-08 04:00:00,572,Dindigul,0.5,-88.62925
2022-03-12 11:00:00,572,Dindigul,2.5,-82.13546153846154
2022-03-12 11:20:00,572,Dindigul,1.0,-82.13546153846154
2022-03-12 11:25:00,572,Dindigul,1.0,-82.13546153846154
2022-03-12 11:30:00,572,Dindigul,1.0,-82.13546153846154
2022-03-12 11:35:00,572,Dindigul,1.0,-82.13546153846154
2022-03-12 12:00:00,572,Dindigul,1.0,-82.13546153846154
2022-03-20 15:00:00,572,Dindigul,1.0,-6.208333333333333
2022-03-20 16:00:00,572,Dindigul,11.0,-6.215166666666666
2022-03-23 20:00:00,572,Dindigul,22.0,-5.955454545454546
2022-03-23 21:00:00,572,Dindigul,18.5,-5.955454545454546
2022-03-25 18:00:00,572,Dindigul,4.5,-6.650454545454545
2022-04-08 16:00:00,572,Dindigul,1.5,-90.39558333333332
2022-04-08 17:00:00,572,Dindigul,0.5,-90.39558333333332
2022-04-08 18:00:00,572,Dindigul,0.5,-90.39558333333332
2022-04-08 20:00:00,572,Dindigul,0.5,-90.39558333333332
2022-04-09 15:00:00,572,Dindigul,10.25,-97.579
2022-04-09 16:00:00,572,Dindigul,1.5,-90.43725
2022-04-09 17:00:00,572,Dindigul,15.0,-90.43725
2022-04-09 18:00:00,572,Dindigul,19.83333333333333,-90.43725
2022-04-09 19:00:00,572,Dindigul,4.0,-90.43725
2022-04-09 20:00:00,572,Dindigul,0.6666666666666666,-90.43725
2022-04-09 21:00:00,572,Dindigul,0.5,-90.43725
2022-04-09 22:00:00,572,Dindigul,0.75,-90.44266666666668
2022-04-11 00:00:00,572,Dindigul,0.5,-90.22925
2022-04-11 04:00:00,572,Dindigul,6.5,-90.10908333333332
2022-04-11 05:00:00,572,Dindigul,0.5,-90.10908333333332
2022-04-11 08:00:00,572,Dindigul,1.0,-90.10908333333332
2022-04-11 10:00:00,572,Dindigul,0.5,-90.07066666666667
2022-04-11 15:00:00,572,Dindigul,5.0,-90.07066666666667
2022-04-11 17:00:00,572,Dindigul,1.0,-90.00441666666667
2022-04-11 18:00:00,572,Dindigul,1.0,-90.00441666666667
2022-04-11 19:00:00,572,Dindigul,0.5,-90.00441666666667
2022-04-11 20:00:00,572,Dindigul,1.0,-90.00441666666667
2022-04-11 21:00:00,572,Dindigul,0.5,-90.00441666666667
2022-04-12 00:00:00,572,Dindigul,0.5,-90.00033333333333
2022-04-12 04:00:00,572,Dindigul,0.5,-89.96300000000001
2022-04-12 13:00:00,572,Dindigul,0.5,-89.98591666666668
2022-04-12 14:00:00,572,Dindigul,1.0,-89.98591666666668
2022-04-12 16:00:00,572,Dindigul,14.5,-89.935
2022-04-12 17:00:00,572,Dindigul,0.5,-89.935
2022-04-12 19:00:00,572,Dindigul,0.5,-89.935
2022-04-12 20:00:00,572,Dindigul,16.0,-89.935
2022-04-12 21:00:00,572,Dindigul,0.5,-89.935
2022-04-12 22:00:00,572,Dindigul,8.875,-89.91250000000001
2022-04-12 23:00:00,572,Dindigul,27.5,-89.91250000000001
2022-04-13 00:00:00,572,Dindigul,2.0,-89.91250000000001
2022-04-13 17:00:00,572,Dindigul,0.5,-89.94900000000001
2022-04-13 18:00:00,572,Dindigul,0.6666666666666666,-89.94900000000001
2022-04-13 19:00:00,572,Dindigul,1.25,-89.94900000000001
2022-04-13 20:00:00,572,Dindigul,0.5,-89.94900000000001
2022-04-15 21:00:00,572,Dindigul,0.5,-89.39049999999999
2022-04-17 18:00:00,572,Dindigul,5.5,-89.36891666666666
2022-04-17 21:00:00,572,Dindigul,7.5,-89.36891666666666
2022-04-17 22:00:00,572,Dindigul,2.0,-89.38775
2022-04-23 15:00:00,572,Dindigul,23.0,-6.429181818181818
2022-04-23 21:00:00,572,Dindigul,0.5,-6.384181818181818
2022-04-24 09:00:00,572,Dindigul,7.0,-6.358545454545455
2022-05-01 20:00:00,572,Dindigul,1.0,-5.482625
2022-05-01 21:00:00,572,Dindigul,0.5,-5.482625
2022-06-05 16:00:00,572,Dindigul,1.0,-8.126636363636363
2022-06-05 17:00:00,572,Dindigul,15.0,-8.126636363636363
2022-06-05 18:00:00,572,Dindigul,2.0,-8.126636363636363
2022-06-06 22:00:00,572,Dindigul,0.5,-8.20309090909091
2022-06-09 22:00:00,572,Dindigul,1.0,-8.684909090909091
2022-06-10 20:00:00,572,Dindigul,1.0,-9.222
2022-06-10 23:00:00,572,Dindigul,0.5,-9.2122
2022-06-15 17:00:00,572,Dindigul,0.5,-8.698583333333334
2022-06-15 18:00:00,572,Dindigul,16.5,-8.698583333333334
2022-06-15 19:00:00,572,Dindigul,0.5,-8.698583333333334
2022-06-15 22:00:00,572,Dindigul,2.0,-9.269636363636364
2022-06-15 23:00:00,572,Dindigul,0.5,-9.269636363636364
2022-06-17 19:00:00,572,Dindigul,21.5,-8.537090909090908
2022-06-17 20:00:00,572,Dindigul,9.5,-8.537090909090908
2022-06-17 21:00:00,572,Dindigul,0.5,-8.537090909090908
2022-06-17 22:00:00,572,Dindigul,0.5,-8.356
2022-06-18 01:00:00,572,Dindigul,0.5,-8.356
2022-06-18 16:00:00,572,Dindigul,2.5,-8.106
2022-06-18 18:00:00,572,Dindigul,0.5,-8.106
2022-06-19 16:00:00,572,Dindigul,0.5,-7.977454545454545
2022-06-20 15:00:00,572,Dindigul,8.0,-7.956333333333333
2022-06-20 18:00:00,572,Dindigul,4.0,-7.922333333333333
2022-06-21 19:00:00,572,Dindigul,5.0,-7.959833333333333
2022-06-22 08:00:00,572,Dindigul,11.0,-7.920999999999999
2022-06-24 19:00:00,572,Dindigul,5.0,-8.105083333333333
2022-06-30 16:00:00,572,Dindigul,1.0,-8.259615384615385
2022-06-30 17:00:00,572,Dindigul,1.0,-8.259615384615385
2022-07-01 09:00:00,572,Dindigul,55.0,-8.305307692307693
2022-07-01 10:00:00,572,Dindigul,35.5,-8.810416666666667
2022-07-03 17:00:00,572,Dindigul,6.5,-9.009333333333332
2022-07-06 06:00:00,572,Dindigul,1.5,-8.652846153846154
2022-07-06 10:00:00,572,Dindigul,1.0,-9.135916666666668
2022-07-06 23:00:00,572,Dindigul,2.0,-9.197666666666668
2022-07-07 09:00:00,572,Dindigul,0.5,-9.198416666666668
2022-07-07 14:00:00,572,Dindigul,0.5,-9.205166666666669
2022-07-07 15:00:00,572,Dindigul,1.0,-9.205166666666669
2022-07-07 16:00:00,572,Dindigul,1.0,-8.753769230769231
2022-07-26 12:00:00,572,Dindigul,7.0,-7.724
2022-07-26 13:00:00,572,Dindigul,0.5,-7.724
2022-07-26 14:00:00,572,Dindigul,0.5,-7.724
2022-07-26 18:00:00,572,Dindigul,2.75,-7.62775
2022-07-26 19:00:00,572,Dindigul,7.333333333333333,-7.62775
2022-07-26 20:00:00,572,Dindigul,1.5,-7.62775
2022-07-26 21:00:00,572,Dindigul,1.0,-7.62775
2022-07-26 22:00:00,572,Dindigul,0.5,-7.634250000000001
2022-07-26 23:00:00,572,Dindigul,0.5,-7.634250000000001
2022-07-27 00:00:00,572,Dindigul,0.5,-7.634250000000001
2022-07-27 02:00:00,572,Dindigul,1.0,-7.634250000000001
2022-07-27 03:00:00,572,Dindigul,1.0,-7.634250000000001
2022-07-27 04:00:00,572,Dindigul,0.5,-7.641583333333333
2022-07-27 06:00:00,572,Dindigul,0.5,-7.641583333333333
2022-07-27 12:00:00,572,Dindigul,0.5,-7.722583333333334
2022-07-27 21:00:00,572,Dindigul,15.5,-7.65575
2022-07-27 22:00:00,572,Dindigul,39.5,-7.654083333333333
2022-07-27 23:00:00,572,Dindigul,5.25,-7.654083333333333
2022-07-28 00:00:00,572,Dindigul,7.0,-7.654083333333333
2022-07-28 01:00:00,572,Dindigul,3.0,-7.654083333333333
2022-07-28 04:00:00,572,Dindigul,2.5,-7.65275
2022-07-28 06:00:00,572,Dindigul,1983.0,-7.65275
2022-07-28 07:00:00,572,Dindigul,107.5,-7.65275
2022-07-28 08:00:00,572,Dindigul,1.0,-7.65275
2022-07-28 09:00:00,572,Dindigul,30.75,-7.65275
2022-07-28 10:00:00,572,Dindigul,991.0,-7.650333333333333
2022-07-28 11:00:00,572,Dindigul,1832.0,-7.650333333333333
2022-07-28 12:00:00,572,Dindigul,552.0,-7.650333333333333
2022-07-28 13:00:00,572,Dindigul,123.0,-7.650333333333333
2022-07-28 21:00:00,572,Dindigul,0.5,-7.695083333333333
2022-07-29 05:00:00,572,Dindigul,0.5,-7.574000000000001
2022-07-30 02:00:00,572,Dindigul,0.5,-7.583833333333334
2022-07-30 06:00:00,572,Dindigul,0.5,-7.580000000000001
2022-07-30 14:00:00,572,Dindigul,0.5,-7.670166666666667
2022-07-30 15:00:00,572,Dindigul,2.0,-7.670166666666667
2022-07-30 18:00:00,572,Dindigul,8.5,-7.588166666666667
2022-07-30 19:00:00,572,Dindigul,5.5,-7.588166666666667
2022-07-31 08:00:00,572,Dindigul,0.5,-7.574833333333333
2022-07-31 09:00:00,572,Dindigul,1.0,-7.574833333333333
2022-07-31 14:00:00,572,Dindigul,0.5,-7.553250000000001
2022-07-31 18:00:00,572,Dindigul,4.75,-7.452416666666667
2022-07-31 19:00:00,572,Dindigul,8.0,-7.452416666666667
2022-07-31 20:00:00,572,Dindigul,0.5,-7.452416666666667
2022-07-31 23:00:00,572,Dindigul,1.0,-7.490083333333334
2022-08-01 00:00:00,572,Dindigul,0.5,-7.490083333333334
2022-08-01 10:00:00,572,Dindigul,1.5,-7.487333333333333
2022-08-01 15:00:00,572,Dindigul,0.5,-7.487333333333333
2022-08-01 17:00:00,572,Dindigul,1.5,-7.455416666666667
2022-08-01 18:00:00,572,Dindigul,0.5,-7.455416666666667
2022-08-01 19:00:00,572,Dindigul,0.5,-7.455416666666667
2022-08-01 21:00:00,572,Dindigul,0.5,-7.455416666666667
2022-08-02 00:00:00,572,Dindigul,0.5,-7.427666666666667
2022-08-02 07:00:00,572,Dindigul,0.5,-7.407583333333334
2022-08-02 09:00:00,572,Dindigul,0.5,-7.407583333333334
2022-08-02 16:00:00,572,Dindigul,0.5,-7.908
2022-08-02 20:00:00,572,Dindigul,0.5,-7.485166666666667
2022-08-03 01:00:00,572,Dindigul,370.0,-7.53675
2022-08-03 02:00:00,572,Dindigul,153.5,-7.53675
2022-08-03 03:00:00,572,Dindigul,111.5,-7.53675
2022-08-03 04:00:00,572,Dindigul,53.5,-7.573416666666667
2022-08-03 05:00:00,572,Dindigul,295.5,-7.573416666666667
2022-08-03 06:00:00,572,Dindigul,21.0,-7.573416666666667
2022-08-03 11:00:00,572,Dindigul,0.5,-7.661083333333333
2022-08-03 18:00:00,572,Dindigul,11.5,-7.669
2022-08-03 19:00:00,572,Dindigul,0.5,-7.669
2022-08-03 23:00:00,572,Dindigul,0.5,-7.68025
2022-08-04 03:00:00,572,Dindigul,0.5,-7.68025
2022-08-04 07:00:00,572,Dindigul,0.5,-7.670083333333333
2022-08-04 08:00:00,572,Dindigul,1.25,-7.670083333333333
2022-08-04 09:00:00,572,Dindigul,2.75,-7.670083333333333
2022-08-04 10:00:00,572,Dindigul,2.5,-7.754416666666667
2022-08-04 11:00:00,572,Dindigul,1.5,-7.754416666666667
2022-08-04 12:00:00,572,Dindigul,0.75,-7.754416666666667
2022-08-04 13:00:00,572,Dindigul,0.5,-7.754416666666667
2022-08-04 16:00:00,572,Dindigul,237.0,-7.697500000000001
2022-08-04 17:00:00,572,Dindigul,8.0,-7.697500000000001
2022-08-04 19:00:00,572,Dindigul,0.5,-7.697500000000001
2022-08-04 20:00:00,572,Dindigul,7.0,-7.697500000000001
2022-08-04 22:00:00,572,Dindigul,76.5,-7.703416666666667
2022-08-04 23:00:00,572,Dindigul,55.5,-7.703416666666667
2022-08-05 00:00:00,572,Dindigul,8.5,-7.703416666666667
2022-08-05 01:00:00,572,Dindigul,15.0,-7.703416666666667
2022-08-05 04:00:00,572,Dindigul,42.0,-7.65925
2022-08-05 08:00:00,572,Dindigul,37.5,-7.65925
2022-08-05 09:00:00,572,Dindigul,80.0,-7.65925
2022-08-05 10:00:00,572,Dindigul,6.5,-7.672583333333333
2022-08-05 15:00:00,572,Dindigul,0.5,-7.672583333333333
2022-08-05 18:00:00,572,Dindigul,0.5,-7.710999999999999
2022-08-05 20:00:00,572,Dindigul,0.5,-7.710999999999999
2022-08-06 00:00:00,572,Dindigul,0.5,-7.705416666666667
2022-08-06 02:00:00,572,Dindigul,0.5,-7.705416666666667
2022-08-06 09:00:00,572,Dindigul,0.5,-7.682166666666667
2022-08-07 07:00:00,572,Dindigul,38.5,-7.709
2022-08-07 08:00:00,572,Dindigul,27.25,-7.709
2022-08-07 09:00:00,572,Dindigul,113.5,-7.709
2022-08-07 10:00:00,572,Dindigul,5.5,-7.759583333333333
2022-08-10 18:00:00,572,Dindigul,0.5,-7.916666666666667
2022-08-11 14:00:00,572,Dindigul,1.5,-7.981083333333333
2022-08-11 15:00:00,572,Dindigul,0.5,-7.981083333333333
2022-08-11 21:00:00,572,Dindigul,0.5,-7.979166666666667
2022-08-12 09:00:00,572,Dindigul,0.5,-7.91125
2022-08-13 05:00:00,572,Dindigul,0.5,-7.936666666666666
2022-08-13 10:00:00,572,Dindigul,0.5,-7.952249999999999
2022-08-13 14:00:00,572,Dindigul,0.5,-7.952249999999999
2022-08-13 17:00:00,572,Dindigul,0.5,-8.014000000000001
2022-08-14 03:00:00,572,Dindigul,0.5,-7.992999999999999
2022-08-14 11:00:00,572,Dindigul,0.5,-8.005416666666667
2022-08-14 20:00:00,572,Dindigul,0.5,-8.059166666666666
2022-08-14 23:00:00,572,Dindigul,0.5,-8.0375
2022-08-15 00:00:00,572,Dindigul,0.5,-8.0375
2022-08-15 07:00:00,572,Dindigul,1.0,-8.04125
2022-08-15 12:00:00,572,Dindigul,0.5,-8.110583333333333
2022-08-18 19:00:00,572,Dindigul,5.0,-8.153166666666666
2022-08-18 20:00:00,572,Dindigul,11.25,-8.153166666666666
2022-08-18 21:00:00,572,Dindigul,1.0,-8.153166666666666
2022-08-18 22:00:00,572,Dindigul,0.5,-8.085
2022-08-18 23:00:00,572,Dindigul,1.5,-8.085
2022-08-19 00:00:00,572,Dindigul,6.0,-8.085
2022-08-19 05:00:00,572,Dindigul,0.5,-8.056333333333333
2022-08-19 08:00:00,572,Dindigul,4.25,-8.056333333333333
2022-08-20 00:00:00,572,Dindigul,0.5,-15.1845
2022-08-20 01:00:00,572,Dindigul,24.5,-15.1845
2022-08-20 02:00:00,572,Dindigul,38.75,-15.1845
2022-08-20 03:00:00,572,Dindigul,140.0,-15.1845
2022-08-20 04:00:00,572,Dindigul,74.25,-8.0565
2022-08-20 05:00:00,572,Dindigul,68.0,-8.0565
2022-08-20 06:00:00,572,Dindigul,107.5,-8.0565
2022-08-20 07:00:00,572,Dindigul,182.0,-8.0565
2022-08-20 08:00:00,572,Dindigul,82.25,-8.0565
2022-08-20 09:00:00,572,Dindigul,19.75,-8.0565
2022-08-21 09:00:00,572,Dindigul,0.5,-8.048083333333333
2022-08-21 10:00:00,572,Dindigul,9.5,-8.115833333333333
2022-08-21 11:00:00,572,Dindigul,7.5,-8.115833333333333
2022-08-21 12:00:00,572,Dindigul,1.0,-8.115833333333333
2022-08-21 13:00:00,572,Dindigul,1.5,-8.115833333333333
2022-08-21 14:00:00,572,Dindigul,0.5,-8.115833333333333
2022-08-21 17:00:00,572,Dindigul,0.5,-8.12425
2022-08-21 18:00:00,572,Dindigul,10.5,-8.12425
2022-08-21 20:00:00,572,Dindigul,6.5,-8.12425
2022-08-21 23:00:00,572,Dindigul,20.5,-8.10125
2022-08-22 00:00:00,572,Dindigul,50.5,-8.10125
2022-08-22 02:00:00,572,Dindigul,1.0,-8.10125
2022-08-22 04:00:00,572,Dindigul,277.0,-8.089916666666667
2022-08-22 05:00:00,572,Dindigul,204.5,-8.089916666666667
2022-08-22 06:00:00,572,Dindigul,106.0,-8.089916666666667
2022-08-22 07:00:00,572,Dindigul,7.0,-8.089916666666667
2022-08-22 08:00:00,572,Dindigul,79.5,-8.089916666666667
2022-08-22 09:00:00,572,Dindigul,305.5,-8.089916666666667
2022-08-22 10:00:00,572,Dindigul,65.75,-8.149833333333333
2022-08-22 11:00:00,572,Dindigul,291.5,-8.149833333333333
2022-08-22 12:00:00,572,Dindigul,1.0,-8.149833333333333
2022-08-22 13:00:00,572,Dindigul,138.0,-8.149833333333333
2022-08-22 14:00:00,572,Dindigul,1.0,-8.149833333333333
2022-08-22 15:00:00,572,Dindigul,74.0,-8.149833333333333
2022-08-22 16:00:00,572,Dindigul,37.75,-15.244583333333331
2022-08-22 17:00:00,572,Dindigul,14.0,-15.244583333333331
2022-08-22 18:00:00,572,Dindigul,45.5,-15.244583333333331
2022-08-22 19:00:00,572,Dindigul,148.5,-15.244583333333331
2022-08-22 20:00:00,572,Dindigul,218.5,-15.244583333333331
2022-08-22 21:00:00,572,Dindigul,119.5,-15.244583333333331
2022-08-22 22:00:00,572,Dindigul,521.5,-8.116249999999999
2022-08-22 23:00:00,572,Dindigul,246.5,-8.116249999999999
2022-08-23 00:00:00,572,Dindigul,70.0,-8.116249999999999
2022-08-23 01:00:00,572,Dindigul,51.0,-8.116249999999999
2022-08-23 02:00:00,572,Dindigul,442.5,-8.116249999999999
2022-08-23 03:00:00,572,Dindigul,92.0,-8.116249999999999
2022-08-23 04:00:00,572,Dindigul,51.0,-8.111083333333333
2022-08-23 05:00:00,572,Dindigul,497.0,-8.111083333333333
2022-08-23 06:00:00,572,Dindigul,583.5,-8.111083333333333
2022-08-23 07:00:00,572,Dindigul,89.0,-8.111083333333333
2022-08-23 09:00:00,572,Dindigul,173.5,-8.111083333333333
2022-08-23 10:00:00,572,Dindigul,212.0,-8.170499999999999
2022-08-23 11:00:00,572,Dindigul,877.0,-8.170499999999999
2022-08-23 12:00:00,572,Dindigul,1886.25,-8.170499999999999
2022-08-23 13:00:00,572,Dindigul,1.5,-8.170499999999999
2022-08-23 14:00:00,572,Dindigul,1.0,-8.170499999999999
2022-08-23 15:00:00,572,Dindigul,10.0,-8.170499999999999
2022-08-23 16:00:00,572,Dindigul,10.5,-15.293333333333331
2022-08-23 17:00:00,572,Dindigul,4.0,-15.293333333333331
2022-08-23 18:00:00,572,Dindigul,11.5,-15.293333333333331
2022-08-23 19:00:00,572,Dindigul,5.75,-15.293333333333331
2022-08-23 20:00:00,572,Dindigul,59.5,-15.293333333333331
2022-08-24 01:00:00,572,Dindigul,10.0,-8.146583333333334
2022-08-24 02:00:00,572,Dindigul,9.5,-8.146583333333334
2022-08-24 03:00:00,572,Dindigul,2.0,-8.146583333333334
2022-08-24 04:00:00,572,Dindigul,47.0,-8.140083333333333
2022-08-24 07:00:00,572,Dindigul,36.5,-8.140083333333333
2022-08-24 08:00:00,572,Dindigul,46.5,-8.140083333333333
2022-08-24 09:00:00,572,Dindigul,84.5,-8.140083333333333
2022-08-24 10:00:00,572,Dindigul,55.0,-8.15625
2022-08-24 11:00:00,572,Dindigul,10.75,-8.15625
2022-08-24 13:00:00,572,Dindigul,28.0,-8.15625
2022-08-24 14:00:00,572,Dindigul,28.5,-8.15625
2022-08-24 15:00:00,572,Dindigul,14.0,-8.15625
2022-08-24 18:00:00,572,Dindigul,17.0,-8.16525
2022-08-24 19:00:00,572,Dindigul,22.5,-8.16525
2022-08-24 20:00:00,572,Dindigul,12.5,-8.16525
2022-08-25 07:00:00,572,Dindigul,48.5,-8.162666666666667
2022-08-25 21:00:00,572,Dindigul,1.0,-8.225333333333333
2022-08-25 22:00:00,572,Dindigul,2.333333333333333,-8.193333333333333
2022-08-25 23:00:00,572,Dindigul,1.0,-8.193333333333333
2022-08-26 02:00:00,572,Dindigul,0.5,-8.193333333333333
2022-08-26 08:00:00,572,Dindigul,124.5,-8.219083333333334
2022-08-26 09:00:00,572,Dindigul,183.5,-8.219083333333334
2022-08-26 10:00:00,572,Dindigul,271.5,-8.281083333333333
2022-08-26 11:00:00,572,Dindigul,151.5,-8.281083333333333
2022-08-26 12:00:00,572,Dindigul,104.0,-8.281083333333333
2022-08-26 14:00:00,572,Dindigul,1.0,-8.281083333333333
2022-08-26 15:00:00,572,Dindigul,6.25,-8.281083333333333
2022-08-26 16:00:00,572,Dindigul,4.666666666666667,-8.253
2022-08-26 17:00:00,572,Dindigul,0.5,-8.253
2022-08-26 18:00:00,572,Dindigul,6.5,-8.253
2022-08-26 19:00:00,572,Dindigul,27.5,-8.253
2022-08-26 20:00:00,572,Dindigul,19.0,-8.253
2022-08-26 21:00:00,572,Dindigul,48.25,-8.253
2022-08-26 22:00:00,572,Dindigul,12.0,-8.210666666666667
2022-08-26 23:00:00,572,Dindigul,19.666666666666668,-8.210666666666667
2022-08-27 00:00:00,572,Dindigul,125.75,-8.210666666666667
2022-08-27 01:00:00,572,Dindigul,123.5,-8.210666666666667
2022-08-27 02:00:00,572,Dindigul,25.75,-8.210666666666667
2022-08-27 03:00:00,572,Dindigul,31.0,-8.210666666666667
2022-08-27 04:00:00,572,Dindigul,49.0,-8.163333333333334
2022-08-27 05:00:00,572,Dindigul,90.0,-8.163333333333334
2022-08-27 06:00:00,572,Dindigul,17.0,-8.163333333333334
2022-08-27 07:00:00,572,Dindigul,34.0,-8.163333333333334
2022-08-27 08:00:00,572,Dindigul,87.5,-8.163333333333334
2022-08-27 09:00:00,572,Dindigul,27.0,-8.163333333333334
2022-08-27 10:00:00,572,Dindigul,134.5,-8.200583333333332
2022-08-27 11:00:00,572,Dindigul,24.0,-8.200583333333332
2022-08-27 12:00:00,572,Dindigul,141.5,-8.200583333333332
2022-08-27 13:00:00,572,Dindigul,179.0,-8.200583333333332
2022-08-27 14:00:00,572,Dindigul,142.0,-8.200583333333332
2022-08-27 15:00:00,572,Dindigul,117.5,-8.200583333333332
2022-08-27 16:00:00,572,Dindigul,152.0,-8.135833333333332
2022-08-27 17:00:00,572,Dindigul,32.5,-8.135833333333332
2022-08-27 18:00:00,572,Dindigul,19.25,-8.135833333333332
2022-08-27 19:00:00,572,Dindigul,43.5,-8.135833333333332
2022-08-27 20:00:00,572,Dindigul,47.0,-8.135833333333332
2022-08-27 21:00:00,572,Dindigul,37.5,-8.135833333333332
2022-08-27 22:00:00,572,Dindigul,65.0,-8.099166666666667
2022-08-27 23:00:00,572,Dindigul,55.0,-8.099166666666667
2022-08-28 00:00:00,572,Dindigul,4.0,-8.099166666666667
2022-08-28 01:00:00,572,Dindigul,0.5,-8.099166666666667
2022-08-28 02:00:00,572,Dindigul,52.0,-8.099166666666667
2022-08-28 03:00:00,572,Dindigul,18.0,-8.099166666666667
2022-08-28 04:00:00,572,Dindigul,80.5,-15.17775
2022-08-28 05:00:00,572,Dindigul,9.5,-15.17775
2022-08-28 06:00:00,572,Dindigul,27.5,-15.17775
2022-08-28 07:00:00,572,Dindigul,227.0,-15.17775
2022-08-28 08:00:00,572,Dindigul,123.0,-15.17775
2022-08-28 09:00:00,572,Dindigul,205.0,-15.17775
2022-08-28 10:00:00,572,Dindigul,240.5,-8.050083333333333
2022-08-28 11:00:00,572,Dindigul,78.5,-8.050083333333333
2022-08-28 12:00:00,572,Dindigul,54.75,-8.050083333333333
2022-08-28 13:00:00,572,Dindigul,20.0,-8.050083333333333
2022-08-28 14:00:00,572,Dindigul,43.75,-8.050083333333333
2022-08-28 15:00:00,572,Dindigul,85.0,-8.050083333333333
2022-08-28 16:00:00,572,Dindigul,5.0,-7.996666666666667
2022-08-28 17:00:00,572,Dindigul,0.5,-7.996666666666667
2022-08-28 18:00:00,572,Dindigul,0.5,-7.996666666666667
2022-08-28 19:00:00,572,Dindigul,0.75,-7.996666666666667
2022-08-28 20:00:00,572,Dindigul,0.75,-7.996666666666667
2022-08-28 21:00:00,572,Dindigul,1.6666666666666667,-7.996666666666667
2022-08-28 22:00:00,572,Dindigul,2.0,-7.96925
2022-08-28 23:00:00,572,Dindigul,2.5,-7.96925
2022-08-29 00:00:00,572,Dindigul,0.5,-7.96925
2022-08-29 01:00:00,572,Dindigul,0.5,-7.96925
2022-08-29 02:00:00,572,Dindigul,0.5,-7.96925
2022-08-29 03:00:00,572,Dindigul,1.0,-7.96925
2022-08-29 04:00:00,572,Dindigul,0.5,-7.910916666666666
2022-08-29 05:00:00,572,Dindigul,1.0,-7.910916666666666
2022-08-29 06:00:00,572,Dindigul,0.5,-7.910916666666666
2022-08-29 07:00:00,572,Dindigul,0.5,-7.910916666666666
2022-08-29 08:00:00,572,Dindigul,0.5,-7.910916666666666
2022-08-29 09:00:00,572,Dindigul,9.666666666666666,-7.910916666666666
2022-08-29 10:00:00,572,Dindigul,8.0,-15.040333333333336
2022-08-29 11:00:00,572,Dindigul,4.0,-15.040333333333336
2022-08-29 12:00:00,572,Dindigul,1.0,-15.040333333333336
2022-08-29 13:00:00,572,Dindigul,18.83333333333333,-15.040333333333336
2022-08-29 14:00:00,572,Dindigul,104.0,-15.040333333333336
2022-08-29 15:00:00,572,Dindigul,1.1666666666666667,-15.040333333333336
2022-08-29 16:00:00,572,Dindigul,1.0,-7.859666666666667
2022-08-29 17:00:00,572,Dindigul,10.0,-7.859666666666667
2022-08-29 18:00:00,572,Dindigul,2.1666666666666665,-7.859666666666667
2022-08-29 19:00:00,572,Dindigul,1.5,-7.859666666666667
2022-08-29 20:00:00,572,Dindigul,0.5,-7.859666666666667
2022-08-29 21:00:00,572,Dindigul,5.5,-7.859666666666667
2022-08-29 22:00:00,572,Dindigul,2.5,-7.810583333333334
2022-08-29 23:00:00,572,Dindigul,0.5,-7.810583333333334
2022-08-30 00:00:00,572,Dindigul,0.5,-7.810583333333334
2022-08-30 01:00:00,572,Dindigul,0.5,-7.810583333333334
2022-08-30 02:00:00,572,Dindigul,0.5,-7.810583333333334
2022-08-30 03:00:00,572,Dindigul,0.5,-7.810583333333334
2022-08-30 04:00:00,572,Dindigul,0.5,-7.736999999999999
2022-08-30 05:00:00,572,Dindigul,0.5,-7.736999999999999
2022-08-30 07:00:00,572,Dindigul,0.5,-7.736999999999999
2022-08-30 08:00:00,572,Dindigul,0.75,-7.736999999999999
2022-08-30 09:00:00,572,Dindigul,1.25,-7.736999999999999
2022-08-30 10:00:00,572,Dindigul,2.0,-7.73
2022-08-30 11:00:00,572,Dindigul,0.5,-7.73
2022-08-30 12:00:00,572,Dindigul,2.0,-7.73
2022-08-30 13:00:00,572,Dindigul,4.5,-7.73
2022-08-30 14:00:00,572,Dindigul,37.0,-7.73
2022-08-30 15:00:00,572,Dindigul,33.75,-7.73
2022-08-30 16:00:00,572,Dindigul,105.75,-7.702583333333333
2022-08-30 17:00:00,572,Dindigul,64.75,-7.702583333333333
2022-08-30 18:00:00,572,Dindigul,129.0,-7.702583333333333
2022-08-30 19:00:00,572,Dindigul,142.5,-7.702583333333333
2022-08-30 20:00:00,572,Dindigul,54.25,-7.702583333333333
2022-08-30 21:00:00,572,Dindigul,93.5,-7.702583333333333
2022-08-30 22:00:00,572,Dindigul,108.5,-7.674166666666667
2022-08-30 23:00:00,572,Dindigul,27.5,-7.674166666666667
2022-08-31 00:00:00,572,Dindigul,8.0,-7.674166666666667
2022-08-31 01:00:00,572,Dindigul,32.0,-7.674166666666667
2022-08-31 02:00:00,572,Dindigul,121.75,-7.674166666666667
2022-08-31 03:00:00,572,Dindigul,48.0,-7.674166666666667
2022-08-31 04:00:00,572,Dindigul,3.5,-7.614833333333333
2022-08-31 05:00:00,572,Dindigul,4.25,-7.614833333333333
2022-08-31 06:00:00,572,Dindigul,5.5,-7.614833333333333
2022-08-31 07:00:00,572,Dindigul,3.0,-7.614833333333333
2022-08-31 08:00:00,572,Dindigul,11.0,-7.614833333333333
2022-08-31 09:00:00,572,Dindigul,6.25,-7.614833333333333
2022-08-31 10:00:00,572,Dindigul,18.25,-7.562833333333334
2022-08-31 11:00:00,572,Dindigul,5.0,-7.562833333333334
2022-08-31 12:00:00,572,Dindigul,4.0,-7.562833333333334
2022-08-31 13:00:00,572,Dindigul,17.75,-7.562833333333334
2022-08-31 14:00:00,572,Dindigul,9.0,-7.562833333333334
2022-08-31 15:00:00,572,Dindigul,4.5,-7.562833333333334
2022-08-31 16:00:00,572,Dindigul,2.0,-7.468833333333333
2022-08-31 17:00:00,572,Dindigul,2.5,-7.468833333333333
2022-08-31 18:00:00,572,Dindigul,4.25,-7.468833333333333
2022-08-31 19:00:00,572,Dindigul,0.75,-7.468833333333333
2022-08-31 20:00:00,572,Dindigul,1.0,-7.468833333333333
2022-08-31 21:00:00,572,Dindigul,0.5,-7.468833333333333
2022-08-31 22:00:00,572,Dindigul,0.75,-7.412666666666666
2022-09-01 01:00:00,572,Dindigul,0.5,-7.412666666666666
2022-09-01 02:00:00,572,Dindigul,1.0,-7.412666666666666
2022-09-01 03:00:00,572,Dindigul,0.5,-7.412666666666666
2022-09-01 10:00:00,572,Dindigul,1.0,-7.326166666666666
2022-09-01 12:00:00,572,Dindigul,1.0,-7.326166666666666
2022-09-01 13:00:00,572,Dindigul,0.5,-7.326166666666666
2022-09-01 14:00:00,572,Dindigul,2.0,-7.326166666666666
2022-09-01 15:00:00,572,Dindigul,1.0,-7.326166666666666
2022-09-01 16:00:00,572,Dindigul,2.0,-7.258
2022-09-01 17:00:00,572,Dindigul,0.5,-7.258
2022-09-01 20:00:00,572,Dindigul,0.5,-7.258
2022-09-01 21:00:00,572,Dindigul,9.0,-7.258
2022-09-01 22:00:00,572,Dindigul,0.5,-7.198583333333333
2022-09-01 23:00:00,572,Dindigul,0.5,-7.198583333333333
2022-09-02 00:00:00,572,Dindigul,0.5,-7.198583333333333
2022-09-02 04:00:00,572,Dindigul,0.5,-7.148583333333334
2022-09-02 06:00:00,572,Dindigul,0.5,-7.148583333333334
2022-09-02 08:00:00,572,Dindigul,0.5,-7.148583333333334
2022-09-02 09:00:00,572,Dindigul,0.5,-7.148583333333334
2022-09-02 10:00:00,572,Dindigul,1.0,-7.131
2022-09-02 12:00:00,572,Dindigul,1.0,-7.131
2022-09-02 13:00:00,572,Dindigul,2.0,-7.131
2022-09-02 14:00:00,572,Dindigul,15.0,-7.131
2022-09-02 16:00:00,572,Dindigul,8.0,-7.078916666666667
2022-09-02 17:00:00,572,Dindigul,5.0,-7.078916666666667
2022-09-02 18:00:00,572,Dindigul,3.75,-7.078916666666667
2022-09-02 19:00:00,572,Dindigul,13.5,-7.078916666666667
2022-09-02 20:00:00,572,Dindigul,6.5,-7.078916666666667
2022-09-02 21:00:00,572,Dindigul,24.0,-7.078916666666667
2022-09-02 22:00:00,572,Dindigul,19.0,-6.946166666666667
2022-09-02 23:00:00,572,Dindigul,133.5,-6.946166666666667
2022-09-03 00:00:00,572,Dindigul,56.5,-6.946166666666667
2022-09-03 01:00:00,572,Dindigul,60.5,-6.946166666666667
2022-09-03 02:00:00,572,Dindigul,120.0,-6.946166666666667
2022-09-03 03:00:00,572,Dindigul,51.5,-6.946166666666667
2022-09-03 04:00:00,572,Dindigul,106.0,-6.972416666666667
2022-09-03 05:00:00,572,Dindigul,86.0,-6.972416666666667
2022-09-03 06:00:00,572,Dindigul,187.0,-6.972416666666667
2022-09-03 07:00:00,572,Dindigul,142.5,-6.972416666666667
2022-09-03 08:00:00,572,Dindigul,48.0,-6.972416666666667
2022-09-03 09:00:00,572,Dindigul,63.0,-6.972416666666667
2022-09-03 10:00:00,572,Dindigul,57.5,-6.960666666666666
2022-09-03 11:00:00,572,Dindigul,68.0,-6.960666666666666
2022-09-03 12:00:00,572,Dindigul,91.5,-6.960666666666666
2022-09-03 13:00:00,572,Dindigul,164.0,-6.960666666666666
2022-09-03 14:00:00,572,Dindigul,42.5,-6.960666666666666
2022-09-03 15:00:00,572,Dindigul,14.5,-6.960666666666666
2022-09-03 16:00:00,572,Dindigul,20.0,-6.792416666666667
2022-09-03 17:00:00,572,Dindigul,3.0,-6.792416666666667
2022-09-04 08:00:00,572,Dindigul,179.0,-6.73975
2022-09-04 09:00:00,572,Dindigul,251.5,-6.73975
2022-09-04 10:00:00,572,Dindigul,102.0,-6.699166666666667
2022-09-04 11:00:00,572,Dindigul,86.5,-6.699166666666667
2022-09-04 12:00:00,572,Dindigul,299.0,-6.699166666666667
2022-09-04 13:00:00,572,Dindigul,8.5,-6.699166666666667
2022-09-04 17:00:00,572,Dindigul,29.5,-6.576666666666667
2022-09-04 19:00:00,572,Dindigul,0.5,-6.576666666666667
2022-09-04 20:00:00,572,Dindigul,5.25,-6.576666666666667
2022-09-04 21:00:00,572,Dindigul,25.75,-6.576666666666667
2022-09-04 22:00:00,572,Dindigul,2.6666666666666665,-6.446000000000001
2022-09-04 23:00:00,572,Dindigul,1.6666666666666667,-6.446000000000001
2022-09-05 00:00:00,572,Dindigul,1.1666666666666667,-6.446000000000001
2022-09-05 18:00:00,572,Dindigul,44.5,-6.0425
2022-09-05 19:00:00,572,Dindigul,2.75,-6.0425
2022-09-05 20:00:00,572,Dindigul,2.0,-6.0425
2022-09-05 21:00:00,572,Dindigul,4.166666666666667,-6.0425
2022-09-05 22:00:00,572,Dindigul,0.5,-13.197
2022-09-06 00:00:00,572,Dindigul,3.5,-13.197
2022-09-06 11:00:00,572,Dindigul,1.0,-5.788166666666666
2022-09-06 12:00:00,572,Dindigul,10.0,-5.788166666666666
2022-09-06 13:00:00,572,Dindigul,10.0,-5.788166666666666
2022-09-06 14:00:00,572,Dindigul,3.0,-5.788166666666666
2022-09-06 19:00:00,572,Dindigul,1.0,-5.44175
2022-09-06 20:00:00,572,Dindigul,2.5,-5.44175
2022-09-07 10:00:00,572,Dindigul,3.0,-22.050750000000004
2022-09-07 14:00:00,572,Dindigul,1.5,-22.050750000000004
2022-09-07 15:00:00,572,Dindigul,11.5,-22.050750000000004
2022-09-07 16:00:00,572,Dindigul,138.0,-22.000416666666663
2022-09-07 17:00:00,572,Dindigul,0.5,-22.000416666666663
2022-09-07 18:00:00,572,Dindigul,1.5,-22.000416666666663
2022-09-07 19:00:00,572,Dindigul,2.0,-22.000416666666663
2022-09-08 10:00:00,572,Dindigul,0.5,-22.053
2022-09-08 11:00:00,572,Dindigul,3.0,-22.053
2022-09-08 14:00:00,572,Dindigul,1.0,-22.053
2022-09-08 15:00:00,572,Dindigul,0.5,-22.053
2022-09-08 21:00:00,572,Dindigul,0.5,-21.833916666666667
2022-09-09 01:00:00,572,Dindigul,0.5,-6.403666666666666
2022-09-09 02:00:00,572,Dindigul,0.5,-6.403666666666666
2022-09-09 04:00:00,572,Dindigul,1.0,-6.282333333333334
2022-09-09 07:00:00,572,Dindigul,4.5,-6.282333333333334
2022-09-09 08:00:00,572,Dindigul,0.5,-6.282333333333334
2022-09-09 09:00:00,572,Dindigul,1.0,-6.282333333333334
2022-09-09 10:00:00,572,Dindigul,11.5,-6.152083333333334
2022-09-09 11:00:00,572,Dindigul,0.5,-6.152083333333334
2022-09-09 14:00:00,572,Dindigul,8.5,-6.152083333333334
2022-09-09 15:00:00,572,Dindigul,4.5,-6.152083333333334
2022-09-09 16:00:00,572,Dindigul,28.5,-6.191583333333334
2022-09-09 18:00:00,572,Dindigul,41.5,-6.191583333333334
2022-09-09 19:00:00,572,Dindigul,21.0,-6.191583333333334
2022-09-10 09:00:00,572,Dindigul,0.5,-5.829916666666667
2022-09-10 12:00:00,572,Dindigul,2.0,-6.124916666666667
2022-09-10 13:00:00,572,Dindigul,49.5,-6.124916666666667
2022-09-10 18:00:00,572,Dindigul,0.5,-5.953083333333333
2022-09-10 19:00:00,572,Dindigul,2.5,-5.953083333333333
2022-09-10 22:00:00,572,Dindigul,0.5,-5.6922500000000005
2022-09-11 08:00:00,572,Dindigul,7.0,-5.591583333333333
2022-09-11 10:00:00,572,Dindigul,1.0,-5.797250000000001
2022-09-12 17:00:00,572,Dindigul,2.0,-5.578083333333333
2022-09-13 08:00:00,572,Dindigul,0.5,-5.314166666666666
2022-09-13 18:00:00,572,Dindigul,0.5,-12.623
2022-09-14 13:00:00,572,Dindigul,0.5,-5.337916666666668
2022-09-14 21:00:00,572,Dindigul,1.0,-5.332833333333333
2022-09-15 00:00:00,572,Dindigul,2.0,-5.339916666666667
2022-09-15 03:00:00,572,Dindigul,0.5,-5.339916666666667
2022-09-15 07:00:00,572,Dindigul,0.5,-5.3510833333333325
2022-09-15 08:00:00,572,Dindigul,2.5,-5.3510833333333325
2022-09-16 10:00:00,572,Dindigul,4.0,-3.752
2022-09-16 11:00:00,572,Dindigul,4.0,-3.752
2022-09-16 12:00:00,572,Dindigul,0.5,-13.48718181818182
2022-09-16 14:00:00,572,Dindigul,2.5,-13.48718181818182
2022-09-16 15:00:00,572,Dindigul,2.5,-13.48718181818182
2022-09-16 20:00:00,572,Dindigul,0.5,-13.470454545454546
2022-09-16 23:00:00,572,Dindigul,0.5,-13.472727272727274
2022-09-17 00:00:00,572,Dindigul,3.0,-13.472727272727274
2022-09-17 01:00:00,572,Dindigul,12.0,-13.472727272727274
2022-09-17 02:00:00,572,Dindigul,8.5,-13.472727272727274
2022-09-17 03:00:00,572,Dindigul,10.5,-13.472727272727274
2022-09-17 04:00:00,572,Dindigul,20.5,-5.7553636363636365
2022-09-17 05:00:00,572,Dindigul,122.0,-5.7553636363636365
2022-09-17 06:00:00,572,Dindigul,103.5,-5.7553636363636365
2022-09-17 11:00:00,572,Dindigul,11.0,-5.763909090909091
2022-09-17 12:00:00,572,Dindigul,2.0,-5.763909090909091
2022-09-17 20:00:00,572,Dindigul,8.0,-5.742727272727273
2022-09-17 21:00:00,572,Dindigul,16.5,-5.742727272727273
2022-09-17 22:00:00,572,Dindigul,26.0,-5.749
2022-09-17 23:00:00,572,Dindigul,249.0,-5.749
2022-09-18 02:00:00,572,Dindigul,6.0,-5.749
2022-09-18 05:00:00,572,Dindigul,19.0,-5.7629090909090905
2022-09-18 09:00:00,572,Dindigul,1.5,-5.7629090909090905
2022-09-18 10:00:00,572,Dindigul,0.5,-5.756909090909091
2022-09-18 14:00:00,572,Dindigul,1.0,-5.756909090909091
2022-09-18 15:00:00,572,Dindigul,21.0,-5.756909090909091
2022-09-18 16:00:00,572,Dindigul,3.0,-5.753636363636364
2022-09-18 18:00:00,572,Dindigul,5.5,-5.753636363636364
2022-09-18 19:00:00,572,Dindigul,396.0,-5.753636363636364
2022-09-18 23:00:00,572,Dindigul,1999.5,-5.7633636363636365
2022-09-19 00:00:00,572,Dindigul,216.5,-5.7633636363636365
2022-09-19 01:00:00,572,Dindigul,502.5,-5.7633636363636365
2022-09-19 03:00:00,572,Dindigul,1.5,-5.7633636363636365
2022-09-19 04:00:00,572,Dindigul,26.0,-5.790727272727273
2022-09-19 06:00:00,572,Dindigul,3.5,-5.790727272727273
2022-09-19 10:00:00,572,Dindigul,168.0,-5.776363636363636
2022-09-20 09:00:00,572,Dindigul,39.0,-1.553
2022-09-20 11:00:00,572,Dindigul,1.0,-5.736909090909091
2022-09-20 12:00:00,572,Dindigul,1.5,-5.736909090909091
2022-09-20 13:00:00,572,Dindigul,7.0,-5.736909090909091
2022-09-20 14:00:00,572,Dindigul,2.5,-5.736909090909091
2022-09-20 17:00:00,572,Dindigul,1.5,-5.7478181818181815
2022-09-21 07:00:00,572,Dindigul,2.5,-5.769454545454545
2022-09-21 08:00:00,572,Dindigul,1.0,-5.769454545454545
2022-09-21 09:00:00,572,Dindigul,16.5,-5.769454545454545
2022-09-21 10:00:00,572,Dindigul,11.5,-5.751545454545454
2022-09-21 11:00:00,572,Dindigul,1.0,-5.751545454545454
2022-09-21 12:00:00,572,Dindigul,50.5,-5.751545454545454
2022-09-21 13:00:00,572,Dindigul,17.0,-5.751545454545454
2022-09-21 15:00:00,572,Dindigul,25.5,-5.751545454545454
2022-09-21 17:00:00,572,Dindigul,49.0,-5.768363636363636
2022-09-22 02:00:00,572,Dindigul,5.0,-5.777545454545455
2022-09-22 03:00:00,572,Dindigul,1.5,-5.777545454545455
2022-09-22 04:00:00,572,Dindigul,5.0,-5.790181818181818
2022-09-22 09:00:00,572,Dindigul,41.0,-5.790181818181818
2022-09-22 10:00:00,572,Dindigul,17.0,-5.78390909090909
2022-09-22 11:00:00,572,Dindigul,6.0,-5.78390909090909
2022-09-22 12:00:00,572,Dindigul,71.0,-5.78390909090909
2022-09-22 13:00:00,572,Dindigul,48.5,-5.78390909090909
2022-09-22 14:00:00,572,Dindigul,9.0,-5.78390909090909
2022-09-22 16:00:00,572,Dindigul,0.5,-5.804727272727273
2022-09-23 07:00:00,572,Dindigul,24.0,-5.3577
2022-09-23 09:00:00,572,Dindigul,1.0,-5.3577
2022-09-23 10:00:00,572,Dindigul,0.5,-5.795909090909091
2022-09-24 00:00:00,572,Dindigul,1.0,-5.3784
2022-09-24 10:00:00,572,Dindigul,5.5,-5.4553
2022-09-24 11:00:00,572,Dindigul,0.5,-5.4553
2022-09-24 14:00:00,572,Dindigul,0.5,-5.4553
2022-09-24 20:00:00,572,Dindigul,44.0,-5.442
2022-09-24 21:00:00,572,Dindigul,81.0,-5.442
2022-09-24 22:00:00,572,Dindigul,157.0,-5.4151
2022-09-25 01:00:00,572,Dindigul,200.5,-5.4151
2022-09-25 02:00:00,572,Dindigul,58.5,-5.4151
2022-09-25 22:00:00,572,Dindigul,3.5,-5.470000000000001
2022-09-26 01:00:00,572,Dindigul,73.5,-5.470000000000001
2022-09-26 02:00:00,572,Dindigul,67.0,-5.470000000000001
2022-09-26 06:00:00,572,Dindigul,34.0,-5.4724
2022-09-26 07:00:00,572,Dindigul,3.5,-5.4724
2022-09-26 08:00:00,572,Dindigul,0.5,-5.4724
2022-09-26 09:00:00,572,Dindigul,1.0,-5.4724
2022-09-26 19:00:00,572,Dindigul,0.5,-23.8024
2022-09-27 02:00:00,572,Dindigul,62.0,-5.4679
2022-09-27 04:00:00,572,Dindigul,79.5,-23.8126
2022-09-27 05:00:00,572,Dindigul,148.0,-23.8126
2022-09-27 06:00:00,572,Dindigul,281.5,-23.8126
2022-09-27 07:00:00,572,Dindigul,692.0,-23.8126
2022-09-27 08:00:00,572,Dindigul,315.5,-23.8126
2022-09-27 09:00:00,572,Dindigul,404.5,-23.8126
2022-09-27 10:00:00,572,Dindigul,372.0,-23.8164
2022-09-27 11:00:00,572,Dindigul,117.5,-23.8164
2022-09-27 12:00:00,572,Dindigul,101.0,-23.8164
2022-09-27 13:00:00,572,Dindigul,2.0,-23.8164
2022-09-27 18:00:00,572,Dindigul,11.0,-23.8213
2022-09-27 19:00:00,572,Dindigul,92.0,-23.8213
2022-09-28 01:00:00,572,Dindigul,2.5,-23.8627
2022-09-28 09:00:00,572,Dindigul,33.0,-23.8459
2022-09-28 11:00:00,572,Dindigul,2.0,-5.5183
2022-09-28 12:00:00,572,Dindigul,1.0,-5.5183
2022-09-28 18:00:00,572,Dindigul,2.0,-5.5004
2022-09-28 21:00:00,572,Dindigul,144.5,-5.5004
2022-09-28 22:00:00,572,Dindigul,242.0,-5.5353
2022-09-28 23:00:00,572,Dindigul,375.5,-5.5353
2022-09-29 00:00:00,572,Dindigul,12.5,-5.5353
2022-09-29 01:00:00,572,Dindigul,43.0,-5.5353
2022-09-29 03:00:00,572,Dindigul,8.0,-5.5353
2022-09-29 05:00:00,572,Dindigul,138.5,-14.0802
2022-09-29 07:00:00,572,Dindigul,53.5,-14.0802
2022-09-29 08:00:00,572,Dindigul,243.0,-14.0802
2022-09-29 09:00:00,572,Dindigul,106.5,-14.0802
2022-09-29 10:00:00,572,Dindigul,390.5,-5.5363
2022-09-29 11:00:00,572,Dindigul,1270.0,-5.5363
2022-09-29 12:00:00,572,Dindigul,127.0,-5.5363
2022-10-02 16:00:00,572,Dindigul,2.0,-5.6303
2022-10-02 20:00:00,572,Dindigul,1.5,-5.6303
2022-10-03 12:00:00,572,Dindigul,0.5,-5.6442
2022-10-04 11:00:00,572,Dindigul,1.0,-5.6613
2022-10-04 12:00:00,572,Dindigul,1.5,-5.6613
2022-10-05 07:00:00,572,Dindigul,2.5,-5.6762
2022-10-06 12:00:00,572,Dindigul,0.5,-5.7199
2022-10-07 07:00:00,572,Dindigul,0.5,-5.7091
2022-10-07 09:00:00,572,Dindigul,0.5,-5.7091
2022-10-07 18:00:00,572,Dindigul,0.5,-5.7284
2022-10-09 03:00:00,572,Dindigul,1.0,-5.7525
2022-10-09 04:00:00,572,Dindigul,1.5,-5.7490000000000006
2022-10-09 05:00:00,572,Dindigul,0.5,-5.7490000000000006
2022-10-09 22:00:00,572,Dindigul,1.0,-5.748900000000001
2022-10-09 23:00:00,572,Dindigul,9.25,-5.748900000000001
2022-10-10 00:00:00,572,Dindigul,22.5,-5.748900000000001
2022-10-10 01:00:00,572,Dindigul,7.166666666666667,-5.748900000000001
2022-10-10 02:00:00,572,Dindigul,3.6666666666666665,-5.748900000000001
2022-10-10 03:00:00,572,Dindigul,1.5,-5.748900000000001
2022-10-10 04:00:00,572,Dindigul,0.8333333333333334,-5.7323
2022-10-10 05:00:00,572,Dindigul,0.5,-5.7323
2022-10-10 06:00:00,572,Dindigul,0.5,-5.7323
2022-10-10 08:00:00,572,Dindigul,0.5,-5.7323
2022-10-10 19:00:00,572,Dindigul,0.5,-5.621181818181818
2022-10-10 20:00:00,572,Dindigul,1.5,-5.621181818181818
2022-10-10 22:00:00,572,Dindigul,0.5,-5.598727272727273
2022-10-10 23:00:00,572,Dindigul,2.0,-5.598727272727273
2022-10-11 00:00:00,572,Dindigul,2.5,-5.598727272727273
2022-10-11 01:00:00,572,Dindigul,25.5,-5.598727272727273
2022-10-11 02:00:00,572,Dindigul,68.0,-5.598727272727273
2022-10-11 03:00:00,572,Dindigul,139.0,-5.598727272727273
2022-10-11 04:00:00,572,Dindigul,74.5,-5.560272727272727
2022-10-11 05:00:00,572,Dindigul,17.5,-5.560272727272727
2022-10-11 06:00:00,572,Dindigul,46.25,-5.560272727272727
2022-10-11 07:00:00,572,Dindigul,22.5,-5.560272727272727
2022-10-11 08:00:00,572,Dindigul,2.5,-5.560272727272727
2022-10-11 09:00:00,572,Dindigul,3.0,-5.560272727272727
2022-10-11 10:00:00,572,Dindigul,0.5,-5.535818181818183
2022-10-11 14:00:00,572,Dindigul,26.0,-4.196
2022-10-11 15:00:00,572,Dindigul,18.5,-4.196
2022-10-11 22:00:00,572,Dindigul,17.0,-5.154
2022-10-11 23:00:00,572,Dindigul,2.5,-5.154
2022-10-12 01:00:00,572,Dindigul,5.0,-5.154
2022-10-12 03:00:00,572,Dindigul,31.5,-5.154
2022-10-12 12:00:00,572,Dindigul,0.5,-5.156153846153846
2022-10-12 13:00:00,572,Dindigul,0.5,-1.77
2022-10-12 21:00:00,572,Dindigul,14.0,-11.693923076923078
2022-10-12 22:00:00,572,Dindigul,6.0,-5.065307692307693
2022-10-12 23:00:00,572,Dindigul,2.5,-5.065307692307693
2022-10-13 00:00:00,572,Dindigul,8.0,-5.065307692307693
2022-10-13 01:00:00,572,Dindigul,1.0,-5.065307692307693
2022-10-13 11:45:00,572,Dindigul,1.0,-5.143307692307692
2022-10-13 12:00:00,572,Dindigul,1.0,-5.143307692307692
2022-10-14 11:10:00,572,Dindigul,2.5,-5.053230769230769
2022-10-14 11:15:00,572,Dindigul,3.5,-5.053230769230769
2022-10-14 11:20:00,572,Dindigul,5.5,-5.053230769230769
2022-10-14 20:00:00,572,Dindigul,3.5,-4.928692307692307
2022-10-15 01:00:00,572,Dindigul,0.5,-4.919
2022-10-15 03:00:00,572,Dindigul,244.5,-4.919
2022-10-15 19:00:00,572,Dindigul,0.5,-4.905692307692307
2022-10-15 22:00:00,572,Dindigul,2.0,-4.877384615384615
2022-10-16 02:00:00,572,Dindigul,15.5,-4.877384615384615
2022-10-16 19:00:00,572,Dindigul,5.0,-4.493916666666666
2022-10-16 20:00:00,572,Dindigul,3.5,-4.493916666666666
2022-10-16 21:00:00,572,Dindigul,1.5,-4.493916666666666
2022-10-16 22:00:00,572,Dindigul,3.0,-4.438416666666666
2022-10-17 17:00:00,572,Dindigul,0.5,-0.753
2022-10-17 19:00:00,572,Dindigul,8.75,-4.5575
2022-10-17 21:00:00,572,Dindigul,0.5,-4.5575
2022-10-18 14:00:00,572,Dindigul,24.0,-4.581928571428571
2022-10-18 15:00:00,572,Dindigul,0.5,-4.581928571428571
2022-10-19 08:00:00,572,Dindigul,0.5,-4.489142857142857
2022-10-19 23:00:00,572,Dindigul,0.5,-4.456928571428572
2022-10-20 01:00:00,572,Dindigul,1.0,-4.456928571428572
2022-10-20 02:00:00,572,Dindigul,0.5,-4.456928571428572
2022-10-20 21:00:00,572,Dindigul,3.0,-4.433285714285715
2022-10-20 22:00:00,572,Dindigul,17.5,-4.392928571428572
2022-10-20 23:00:00,572,Dindigul,5.75,-4.392928571428572
2022-10-21 00:00:00,572,Dindigul,7.833333333333333,-4.392928571428572
2022-10-21 01:00:00,572,Dindigul,2.5,-4.392928571428572
2022-10-21 02:00:00,572,Dindigul,0.75,-4.392928571428572
2022-10-21 12:00:00,572,Dindigul,0.5,-4.5474
2022-10-21 14:00:00,572,Dindigul,1.0,-4.407
2022-10-21 17:00:00,572,Dindigul,0.5,-4.467466666666667
2022-10-23 21:00:00,572,Dindigul,1.5,-4.307066666666667
2022-10-23 22:00:00,572,Dindigul,3.25,-4.285266666666667
2022-10-23 23:00:00,572,Dindigul,1.0,-4.285266666666667
2022-10-24 00:00:00,572,Dindigul,0.5,-4.285266666666667
2022-10-24 03:00:00,572,Dindigul,0.5,-4.285266666666667
2022-10-24 09:00:00,572,Dindigul,1.0,-4.269133333333333
2022-10-24 10:00:00,572,Dindigul,5.5,-4.285733333333334
2022-10-24 12:00:00,572,Dindigul,4.0,-4.285733333333334
2022-10-24 13:00:00,572,Dindigul,17.0,-4.285733333333334
2022-10-24 14:00:00,572,Dindigul,130.5,-4.285733333333334
2022-10-24 15:00:00,572,Dindigul,24.5,-4.285733333333334
2022-10-24 16:00:00,572,Dindigul,8.0,-4.265666666666666
2022-10-24 17:00:00,572,Dindigul,18.0,-4.265666666666666
2022-10-24 18:00:00,572,Dindigul,45.5,-4.265666666666666
2022-10-24 19:00:00,572,Dindigul,18.5,-4.265666666666666
2022-10-24 20:00:00,572,Dindigul,13.0,-4.265666666666666
2022-10-24 21:00:00,572,Dindigul,121.5,-4.265666666666666
2022-10-24 22:00:00,572,Dindigul,56.0,-4.257266666666667
2022-10-25 00:00:00,572,Dindigul,18.5,-4.257266666666667
2022-10-25 08:00:00,572,Dindigul,1.5,-4.2448
2022-10-27 09:00:00,572,Dindigul,11.0,-4.264
2022-10-27 10:00:00,572,Dindigul,21.5,-4.281666666666666
2022-10-27 11:00:00,572,Dindigul,57.0,-4.281666666666666
2022-10-27 12:00:00,572,Dindigul,13.5,-4.281666666666666
2022-10-27 13:00:00,572,Dindigul,11.5,-4.281666666666666
2022-10-27 14:00:00,572,Dindigul,2.0,-4.281666666666666
2022-10-27 15:00:00,572,Dindigul,0.5,-4.281666666666666
2022-10-27 17:00:00,572,Dindigul,1.5,-4.0342142857142855
2022-10-27 19:00:00,572,Dindigul,4.5,-4.0342142857142855
2022-10-27 21:00:00,572,Dindigul,8.5,-4.0342142857142855
2022-10-27 22:00:00,572,Dindigul,0.5,-4.015428571428571
2022-10-27 23:00:00,572,Dindigul,2.5,-4.015428571428571
2022-10-28 03:00:00,572,Dindigul,0.5,-4.015428571428571
2022-10-28 09:00:00,572,Dindigul,2.0,-4.002857142857143
2022-10-28 10:00:00,572,Dindigul,11.5,-4.0565
2022-10-28 11:00:00,572,Dindigul,140.0,-4.0565
2022-10-28 12:00:00,572,Dindigul,88.5,-4.0565
2022-10-28 13:00:00,572,Dindigul,77.5,-4.0565
2022-10-28 14:00:00,572,Dindigul,13.0,-4.0565
2022-10-28 16:00:00,572,Dindigul,0.5,-4.042857142857143
2022-10-28 17:00:00,572,Dindigul,1.5,-4.042857142857143
2022-10-28 18:00:00,572,Dindigul,1.0,-4.042857142857143
2022-10-28 19:00:00,572,Dindigul,4.0,-4.042857142857143
2022-10-29 08:00:00,572,Dindigul,16.0,-4.039142857142857
2022-10-29 09:00:00,572,Dindigul,79.0,-4.039142857142857
2022-10-29 16:00:00,572,Dindigul,5.5,-4.057857142857143
2022-10-29 17:00:00,572,Dindigul,0.5,-4.057857142857143
2022-10-29 18:00:00,572,Dindigul,8.0,-4.057857142857143
2022-10-30 08:00:00,572,Dindigul,2.0,-3.715923076923077
2022-10-30 09:00:00,572,Dindigul,4.5,-3.715923076923077
2022-10-30 10:00:00,572,Dindigul,3.0,-3.731538461538461
2022-10-30 11:00:00,572,Dindigul,6.0,-3.731538461538461
2022-10-30 12:00:00,572,Dindigul,4.5,-3.731538461538461
2022-10-30 13:00:00,572,Dindigul,3.5,-3.731538461538461
2022-10-30 14:00:00,572,Dindigul,1.0,-3.731538461538461
2022-10-30 15:00:00,572,Dindigul,25.0,-3.731538461538461
2022-10-30 16:00:00,572,Dindigul,18.5,-4.0635
2022-10-30 17:00:00,572,Dindigul,4.0,-4.0635
2022-10-31 01:00:00,572,Dindigul,5.0,-4.0670714285714284
2022-10-31 03:00:00,572,Dindigul,0.5,-4.0670714285714284
2022-10-31 12:00:00,572,Dindigul,1.0,-4.214384615384615
2022-10-31 13:00:00,572,Dindigul,0.5,-4.214384615384615
2022-10-31 14:00:00,572,Dindigul,1.0,-4.214384615384615
2022-10-31 15:00:00,572,Dindigul,1.5,-4.214384615384615
2022-10-31 16:00:00,572,Dindigul,2.0,-4.329
2022-11-02 08:00:00,572,Dindigul,0.5,-4.349066666666667
2022-11-02 09:00:00,572,Dindigul,48.0,-4.349066666666667
2022-11-02 17:00:00,572,Dindigul,47.0,-4.352666666666667
2022-11-02 19:00:00,572,Dindigul,0.5,-4.352666666666667
2022-11-02 23:00:00,572,Dindigul,3.0,-4.330466666666666
2022-11-03 00:00:00,572,Dindigul,4.75,-4.330466666666666
2022-11-03 01:00:00,572,Dindigul,3.25,-4.330466666666666
2022-11-03 02:00:00,572,Dindigul,4.25,-4.330466666666666
2022-11-03 03:00:00,572,Dindigul,5.0,-4.330466666666666
2022-11-03 04:00:00,572,Dindigul,3.25,-4.297266666666667
2022-11-03 05:00:00,572,Dindigul,0.6666666666666666,-4.297266666666667
2022-11-03 07:00:00,572,Dindigul,0.5,-4.297266666666667
2022-11-03 10:00:00,572,Dindigul,0.5,-4.306666666666667
2022-11-03 16:00:00,572,Dindigul,4.5,-4.2696
2022-11-03 17:00:00,572,Dindigul,0.5,-4.2696
2022-11-04 01:00:00,572,Dindigul,12.5,-4.2372
2022-11-04 02:00:00,572,Dindigul,2.5,-4.2372
2022-11-04 03:00:00,572,Dindigul,6.5,-4.2372
2022-11-04 04:00:00,572,Dindigul,3.0,-4.220066666666667
2022-11-04 15:00:00,572,Dindigul,14.5,-4.2508
2022-11-04 17:00:00,572,Dindigul,0.5,-4.220133333333333
2022-11-04 20:00:00,572,Dindigul,5.5,-4.220133333333333
2022-11-04 21:00:00,572,Dindigul,4.0,-4.220133333333333
2022-11-04 22:00:00,572,Dindigul,3.5,-4.2132
2022-11-04 23:00:00,572,Dindigul,1.0,-4.2132
2022-11-05 13:00:00,572,Dindigul,3.5,-4.235266666666666
2022-11-10 08:00:00,572,Dindigul,35.5,-3.758266666666666
2022-11-11 08:00:00,572,Dindigul,0.75,-3.751733333333333
2022-11-11 09:00:00,572,Dindigul,1.25,-3.751733333333333
2022-11-11 10:00:00,572,Dindigul,2.0,-3.762933333333333
2022-11-11 11:00:00,572,Dindigul,1.0,-3.762933333333333
2022-11-11 12:00:00,572,Dindigul,1.0,-3.762933333333333
2022-11-11 13:00:00,572,Dindigul,2.0,-3.762933333333333
2022-11-11 14:00:00,572,Dindigul,1.5,-3.762933333333333
2022-11-11 15:00:00,572,Dindigul,0.5,-3.762933333333333
2022-11-11 16:00:00,572,Dindigul,1.25,-3.737133333333333
2022-11-11 17:00:00,572,Dindigul,7.0,-3.737133333333333
2022-11-11 18:00:00,572,Dindigul,2.75,-3.737133333333333
2022-11-11 19:00:00,572,Dindigul,2.833333333333333,-3.737133333333333
2022-11-11 20:00:00,572,Dindigul,6.0,-3.737133333333333
2022-11-11 21:00:00,572,Dindigul,4.0,-3.737133333333333
2022-11-11 22:00:00,572,Dindigul,1.5,-3.6635333333333335
2022-11-11 23:00:00,572,Dindigul,4.0,-3.6635333333333335
2022-11-12 00:00:00,572,Dindigul,2.75,-3.6635333333333335
2022-11-12 03:00:00,572,Dindigul,3.0,-3.6635333333333335
2022-11-12 04:00:00,572,Dindigul,2.6666666666666665,-3.4904
2022-11-12 05:00:00,572,Dindigul,1.0,-3.4904
2022-11-12 06:00:00,572,Dindigul,0.5,-3.4904
2022-11-12 07:00:00,572,Dindigul,0.5,-3.4904
2022-11-12 09:00:00,572,Dindigul,0.5,-3.4904
2022-11-12 10:00:00,572,Dindigul,1.5,-3.3638
2022-11-12 11:00:00,572,Dindigul,0.5,-3.3638
2022-11-12 14:00:00,572,Dindigul,0.5,-3.3638
2022-11-12 15:00:00,572,Dindigul,1.5,-3.3638
2022-11-12 19:00:00,572,Dindigul,0.5,-3.296133333333333
2022-11-12 20:00:00,572,Dindigul,11.0,-3.296133333333333
2022-11-12 21:00:00,572,Dindigul,1.0,-3.296133333333333
2022-11-12 22:00:00,572,Dindigul,0.5,-3.2261333333333337
2022-11-13 00:00:00,572,Dindigul,3.0,-3.2261333333333337
2022-11-13 02:00:00,572,Dindigul,0.5,-3.2261333333333337
2022-11-13 03:00:00,572,Dindigul,1.0,-3.2261333333333337
2022-11-13 04:00:00,572,Dindigul,2.5,-3.1730666666666663
2022-11-13 05:00:00,572,Dindigul,6.5,-3.1730666666666663
2022-11-13 06:00:00,572,Dindigul,0.5,-3.1730666666666663
2022-11-14 02:00:00,572,Dindigul,0.5,-3.105933333333333
2022-11-14 12:00:00,572,Dindigul,0.5,-3.098266666666667
2022-11-14 13:00:00,572,Dindigul,0.5,-3.098266666666667
2022-11-14 14:00:00,572,Dindigul,6.5,-3.098266666666667
2022-11-15 02:00:00,572,Dindigul,4.0,-3.0498
2022-11-15 03:00:00,572,Dindigul,0.5,-3.0498
2022-11-22 12:00:00,572,Dindigul,16.5,-2.7480714285714285
2022-11-22 13:00:00,572,Dindigul,0.5,-2.7480714285714285
2022-12-01 19:00:00,572,Dindigul,0.5,-2.9955
2022-12-01 22:00:00,572,Dindigul,3.0,-2.969642857142857
2022-12-02 08:00:00,572,Dindigul,0.5,-2.9685
2022-12-02 22:00:00,572,Dindigul,2.0,-2.9899285714285715
2022-12-03 16:00:00,572,Dindigul,8.0,-3.031
2022-12-03 17:00:00,572,Dindigul,5.5,-3.031
2022-12-03 18:00:00,572,Dindigul,2.1666666666666665,-3.031
2022-12-03 19:00:00,572,Dindigul,0.5,-3.031
2022-12-04 06:00:00,572,Dindigul,0.5,-2.993428571428572
2022-12-04 11:00:00,572,Dindigul,2.5,-3.007857142857143
2022-12-04 12:00:00,572,Dindigul,11.5,-3.007857142857143
2022-12-04 13:00:00,572,Dindigul,2.5,-3.007857142857143
2022-12-04 14:00:00,572,Dindigul,3.0,-3.007857142857143
2022-12-04 15:00:00,572,Dindigul,37.333333333333336,-3.007857142857143
2022-12-04 16:00:00,572,Dindigul,0.5,-3.126769230769231
2022-12-04 18:00:00,572,Dindigul,3.5,-3.126769230769231
2022-12-04 19:00:00,572,Dindigul,6.25,-3.126769230769231
2022-12-04 20:00:00,572,Dindigul,3.75,-3.126769230769231
2022-12-04 21:00:00,572,Dindigul,1.5,-3.126769230769231
2022-12-04 22:00:00,572,Dindigul,3.0,-3.121
2022-12-04 23:00:00,572,Dindigul,2.5,-3.121
2022-12-05 00:00:00,572,Dindigul,0.5,-3.121
2022-12-05 02:00:00,572,Dindigul,0.5,-3.121
2022-12-05 10:00:00,572,Dindigul,0.5,-3.105923076923077
2022-12-05 11:00:00,572,Dindigul,2.0,-3.105923076923077
2022-12-05 16:00:00,572,Dindigul,1.5,-3.0945384615384617
2022-12-05 17:00:00,572,Dindigul,0.5,-3.0945384615384617
2022-12-06 09:00:00,572,Dindigul,46.5,-3.0835384615384616
2022-12-07 09:00:00,572,Dindigul,0.5,-3.0881538461538462
2022-12-08 20:00:00,572,Dindigul,0.75,-3.097384615384615
2022-12-08 21:00:00,572,Dindigul,1.0,-3.097384615384615
2022-12-08 23:00:00,572,Dindigul,1.25,-3.092461538461538
2022-12-09 00:00:00,572,Dindigul,0.5,-3.092461538461538
2022-12-09 01:00:00,572,Dindigul,0.5,-3.092461538461538
2022-12-09 02:00:00,572,Dindigul,1.5,-3.092461538461538
2022-12-09 04:00:00,572,Dindigul,0.5,-3.261384615384616
2022-12-09 09:00:00,572,Dindigul,1.0,-3.261384615384616
2022-12-09 10:00:00,572,Dindigul,1.5,-3.097923076923077
2022-12-09 11:00:00,572,Dindigul,0.5,-3.097923076923077
2022-12-09 12:00:00,572,Dindigul,1.0,-3.097923076923077
2022-12-09 15:00:00,572,Dindigul,0.5,-3.097923076923077
2022-12-09 20:00:00,572,Dindigul,0.5,-3.0974166666666663
2022-12-11 10:00:00,572,Dindigul,22.0,-3.1154999999999995
2022-12-11 16:00:00,572,Dindigul,0.5,-3.109083333333333
2022-12-11 17:00:00,572,Dindigul,0.5,-3.109083333333333
2022-12-12 18:00:00,572,Dindigul,3.0,-3.1634166666666665
2022-12-12 19:00:00,572,Dindigul,0.5,-3.1634166666666665
2022-12-12 20:00:00,572,Dindigul,0.5,-3.1634166666666665
2022-12-12 21:00:00,572,Dindigul,2.75,-3.1634166666666665
2022-12-12 22:00:00,572,Dindigul,3.5,-3.074
2022-12-12 23:00:00,572,Dindigul,1.25,-3.074
2022-12-13 00:00:00,572,Dindigul,1.0,-3.074
2022-12-13 12:00:00,572,Dindigul,4.5,-3.067
2022-12-13 16:00:00,572,Dindigul,5.5,-3.142
2022-12-13 17:00:00,572,Dindigul,0.5,-3.142
2022-12-13 18:00:00,572,Dindigul,21.75,-3.142
2022-12-13 19:00:00,572,Dindigul,2.1666666666666665,-3.142
2022-12-13 20:00:00,572,Dindigul,1.75,-3.142
2022-12-14 02:00:00,572,Dindigul,0.5,-3.0293333333333337
2022-12-14 03:00:00,572,Dindigul,7.5,-3.0293333333333337
2022-12-14 04:00:00,572,Dindigul,2.0,-2.994
2022-12-14 05:00:00,572,Dindigul,0.5,-2.994
2022-12-14 06:00:00,572,Dindigul,4.0,-2.994
2022-12-14 07:00:00,572,Dindigul,1.0,-2.994
2022-12-14 13:00:00,572,Dindigul,1.0,-2.982083333333333
2022-12-14 15:00:00,572,Dindigul,0.5,-2.982083333333333
2022-12-14 18:00:00,572,Dindigul,0.5,-2.967166666666667
2022-12-14 20:00:00,572,Dindigul,2.0,-2.967166666666667
2022-12-25 17:00:00,572,Dindigul,1.5,-3.0055
2022-12-25 18:00:00,572,Dindigul,0.5,-3.0055
2022-12-25 19:00:00,572,Dindigul,1.25,-3.0055
2022-12-25 20:00:00,572,Dindigul,1.1666666666666667,-3.0055
2022-12-25 21:00:00,572,Dindigul,0.5,-3.0055
2022-12-25 22:00:00,572,Dindigul,1.5,-2.991928571428572
2022-12-25 23:00:00,572,Dindigul,0.5,-2.991928571428572
2022-12-26 03:00:00,572,Dindigul,9.0,-2.991928571428572
2022-12-26 04:00:00,572,Dindigul,7.5,-2.980857142857143
2022-12-26 05:00:00,572,Dindigul,31.0,-2.980857142857143
2022-12-26 06:00:00,572,Dindigul,9.0,-2.980857142857143
2022-12-26 15:00:00,572,Dindigul,1.0,-3.012857142857143
2022-12-26 16:00:00,572,Dindigul,5.0,-2.969785714285714
2022-12-26 18:00:00,572,Dindigul,2.0,-2.969785714285714
2022-12-27 07:00:00,572,Dindigul,3.5,-2.954214285714286
2022-12-27 08:00:00,572,Dindigul,8.0,-2.954214285714286
2022-12-27 09:00:00,572,Dindigul,0.75,-2.954214285714286
2022-12-27 14:00:00,572,Dindigul,0.5,-2.9699285714285715
2022-12-27 19:00:00,572,Dindigul,1.5,-2.9426428571428573
2022-12-28 09:00:00,572,Dindigul,2.5,-2.937142857142857
2022-12-28 21:00:00,572,Dindigul,7.5,-2.954928571428572
2022-12-29 00:00:00,572,Dindigul,17.0,-2.952857142857144
2022-12-29 04:00:00,572,Dindigul,0.5,-2.9332857142857143
2022-12-29 09:00:00,572,Dindigul,99.0,-2.9332857142857143
2022-12-30 04:00:00,572,Dindigul,21.0,-3.6525
2022-12-30 05:00:00,572,Dindigul,2.5,-3.6525
2022-12-30 06:00:00,572,Dindigul,2.5,-3.6525
2023-01-02 08:00:00,572,Dindigul,15.5,-2.9815
2023-01-03 07:00:00,572,Dindigul,0.5,-3.0969230769230767
2023-01-03 09:00:00,572,Dindigul,2.5,-3.0969230769230767
2023-01-09 07:00:00,572,Dindigul,56.0,-3.6716
2023-01-09 12:00:00,572,Dindigul,8.5,-3.725400000000001
2023-01-31 01:00:00,572,Dindigul,13.0,-3.738
2023-01-31 02:00:00,572,Dindigul,0.5,-3.738
2023-01-31 03:00:00,572,Dindigul,3.5,-3.738
2023-01-31 04:00:00,572,Dindigul,0.5,-3.7292
2023-02-02 11:00:00,572,Dindigul,0.75,-3.753533333333333
2023-02-02 12:00:00,572,Dindigul,1.0,-3.753533333333333
2023-02-02 13:00:00,572,Dindigul,1.6666666666666667,-3.753533333333333
2023-02-02 14:00:00,572,Dindigul,0.5,-3.753533333333333
2023-02-02 18:00:00,572,Dindigul,1.0,-3.7445333333333335
2023-02-02 19:00:00,572,Dindigul,3.5,-3.7445333333333335
2023-02-02 20:00:00,572,Dindigul,0.8333333333333334,-3.7445333333333335
2023-02-03 01:00:00,572,Dindigul,0.5,-3.7489333333333335
2023-02-03 14:00:00,572,Dindigul,0.5,-3.770533333333333
2023-02-03 16:00:00,572,Dindigul,0.5,-3.746533333333333
2023-02-03 17:00:00,572,Dindigul,3.0,-3.746533333333333
2023-02-03 18:00:00,572,Dindigul,0.5,-3.746533333333333
2023-02-03 19:00:00,572,Dindigul,2.0,-3.746533333333333
2023-02-03 20:00:00,572,Dindigul,3.25,-3.746533333333333
2023-02-03 21:00:00,572,Dindigul,2.0,-3.746533333333333
2023-02-03 22:00:00,572,Dindigul,0.6666666666666666,-3.738266666666666
2023-02-03 23:00:00,572,Dindigul,1.1666666666666667,-3.738266666666666
2023-02-04 00:00:00,572,Dindigul,1.5,-3.738266666666666
2023-02-04 01:00:00,572,Dindigul,1.5,-3.738266666666666
2023-02-04 02:00:00,572,Dindigul,3.25,-3.738266666666666
2023-02-04 03:00:00,572,Dindigul,2.0,-3.738266666666666
2023-02-04 04:00:00,572,Dindigul,0.5,-3.7206
2023-03-01 08:00:00,572,Dindigul,0.5,-4.353666666666667
2023-03-01 09:00:00,572,Dindigul,1.5,-4.353666666666667
2023-03-09 18:00:00,572,Dindigul,23.0,-4.908769230769231
2023-03-09 19:00:00,572,Dindigul,8.5,-4.908769230769231
2023-03-09 20:00:00,572,Dindigul,4.0,-4.908769230769231
2023-03-10 10:00:00,572,Dindigul,8.0,-4.938461538461539
2023-03-11 11:00:00,572,Dindigul,1.5,-4.965384615384616
2023-03-16 21:00:00,572,Dindigul,3.0,-4.2765
2023-03-16 22:00:00,572,Dindigul,1.5,-4.296200000000001
2023-03-18 20:00:00,572,Dindigul,3.0,-4.860214285714286
2023-03-18 21:00:00,572,Dindigul,3.75,-4.860214285714286
2023-03-18 22:00:00,572,Dindigul,6.5,-4.867214285714286
2023-03-18 23:00:00,572,Dindigul,11.25,-4.867214285714286
2023-03-19 00:00:00,572,Dindigul,3.0,-4.867214285714286
2023-03-19 01:00:00,572,Dindigul,2.333333333333333,-4.867214285714286
2023-03-19 02:00:00,572,Dindigul,7.5,-4.867214285714286
2023-03-19 06:00:00,572,Dindigul,188.0,-4.850642857142858
2023-03-19 08:00:00,572,Dindigul,62.5,-4.850642857142858
2023-03-19 09:00:00,572,Dindigul,2.5,-4.850642857142858
2023-03-19 18:00:00,572,Dindigul,0.5,-4.8325000000000005
2023-03-19 19:00:00,572,Dindigul,1.0,-4.8325000000000005
2023-03-19 20:00:00,572,Dindigul,1.0,-4.8325000000000005
2023-03-19 21:00:00,572,Dindigul,0.5,-4.8325000000000005
2023-03-20 14:00:00,572,Dindigul,0.5,-4.848285714285715
2023-03-20 15:00:00,572,Dindigul,1.5,-4.848285714285715
2023-03-20 16:00:00,572,Dindigul,2.0,-4.826
2023-03-20 17:00:00,572,Dindigul,2.0,-4.826
2023-03-20 18:00:00,572,Dindigul,2.5,-4.826
2023-03-20 19:00:00,572,Dindigul,1.0,-4.826
2023-03-20 20:00:00,572,Dindigul,0.5,-4.826
2023-03-23 08:00:00,572,Dindigul,0.5,-4.846214285714285
2023-03-23 13:00:00,572,Dindigul,1.5,-4.874357142857143
2023-03-28 17:00:00,572,Dindigul,2.0,-5.0925
2023-03-29 01:00:00,572,Dindigul,1.5,-5.094928571428572
2023-03-29 14:00:00,572,Dindigul,1.0,-7.688
2023-03-29 16:00:00,572,Dindigul,0.5,-7.688
2023-03-30 03:00:00,572,Dindigul,0.5,-5.163692307692307
2023-03-30 12:00:00,572,Dindigul,0.5,-5.287
2023-03-31 09:00:00,572,Dindigul,1.0,-5.124636363636363
2023-03-31 10:00:00,572,Dindigul,0.5,-5.182727272727273
2023-04-01 21:00:00,572,Dindigul,63.0,-4.977533333333333
2023-04-01 22:00:00,572,Dindigul,27.5,-4.966266666666667
2023-04-01 23:00:00,572,Dindigul,1.0,-4.966266666666667
2023-04-03 19:00:00,572,Dindigul,1.0,-4.990399999999999
2023-04-03 20:00:00,572,Dindigul,15.5,-4.990399999999999
2023-04-03 21:00:00,572,Dindigul,0.5,-4.990399999999999
2023-04-18 12:00:00,572,Dindigul,3.5,-5.348133333333333
2023-04-21 06:00:00,572,Dindigul,1.0,-5.347357142857143
2023-04-22 15:00:00,572,Dindigul,2.0,-5.3887857142857145
2023-04-22 16:00:00,572,Dindigul,1.0,-11.49635714285714
2023-04-22 19:00:00,572,Dindigul,2.0,-11.49635714285714
2023-04-22 20:00:00,572,Dindigul,1.0,-11.49635714285714
2023-04-22 22:00:00,572,Dindigul,2.5,-5.376357142857144
2023-04-22 23:00:00,572,Dindigul,4.0,-5.376357142857144
2023-04-23 00:00:00,572,Dindigul,0.5,-5.376357142857144
2023-04-23 08:00:00,572,Dindigul,13.0,-4.745
2023-04-23 09:00:00,572,Dindigul,21.5,-4.745
2023-04-23 10:00:00,572,Dindigul,0.5,-4.774
2023-04-23 11:00:00,572,Dindigul,2.0,-4.774
2023-04-23 12:00:00,572,Dindigul,0.5,-4.774
2023-04-23 18:00:00,572,Dindigul,0.5,-5.371142857142857
2023-04-23 19:00:00,572,Dindigul,15.5,-5.371142857142857
2023-04-23 20:00:00,572,Dindigul,24.5,-5.371142857142857
2023-04-23 21:00:00,572,Dindigul,5.0,-5.371142857142857
2023-04-23 22:00:00,572,Dindigul,7.25,-5.335214285714286
2023-04-23 23:00:00,572,Dindigul,9.666666666666666,-5.335214285714286
2023-04-24 00:00:00,572,Dindigul,2.0,-5.335214285714286
2023-04-24 01:00:00,572,Dindigul,0.5,-5.335214285714286
2023-04-24 11:00:00,572,Dindigul,9.0,-5.315714285714286
2023-04-24 12:00:00,572,Dindigul,11.0,-5.315714285714286
2023-04-24 13:00:00,572,Dindigul,3.0,-5.315714285714286
2023-04-24 15:00:00,572,Dindigul,0.5,-5.315714285714286
2023-04-24 17:00:00,572,Dindigul,1.5,-5.588916666666666
2023-04-24 19:00:00,572,Dindigul,12.25,-5.588916666666666
2023-04-24 20:00:00,572,Dindigul,9.5,-5.588916666666666
2023-04-24 22:00:00,572,Dindigul,2.5,-5.550583333333333
2023-04-24 23:00:00,572,Dindigul,1.5,-5.550583333333333
2023-04-25 10:00:00,572,Dindigul,0.5,-5.027545454545455
2023-04-25 15:00:00,572,Dindigul,3.0,-5.027545454545455
2023-04-25 16:00:00,572,Dindigul,13.0,-5.278428571428571
2023-04-25 17:00:00,572,Dindigul,0.5,-5.278428571428571
2023-04-26 20:00:00,572,Dindigul,0.5,-10.549333333333331
2023-04-26 21:00:00,572,Dindigul,24.0,-10.549333333333331
2023-04-26 22:00:00,572,Dindigul,0.75,-5.205
2023-04-27 20:00:00,572,Dindigul,1.0,-5.18
2023-04-27 21:00:00,572,Dindigul,0.5,-5.18
2023-04-27 23:00:00,572,Dindigul,0.5,-5.096428571428571
2023-04-28 17:00:00,572,Dindigul,2.0,-5.115714285714286
2023-04-29 14:00:00,572,Dindigul,1.0,-11.262
2023-04-30 13:00:00,572,Dindigul,0.5,-5.082
2023-05-01 14:00:00,572,Dindigul,6.0,-5.254714285714286
2023-05-01 16:00:00,572,Dindigul,3.0,-5.238285714285714
2023-05-01 19:00:00,572,Dindigul,0.5,-5.238285714285714
2023-05-01 20:00:00,572,Dindigul,2.0,-5.238285714285714
2023-05-01 21:00:00,572,Dindigul,2.5,-5.238285714285714
2023-05-01 22:00:00,572,Dindigul,0.5,-5.162285714285714
2023-05-01 23:00:00,572,Dindigul,0.5,-5.162285714285714
2023-05-02 01:00:00,572,Dindigul,2.0,-5.162285714285714
2023-05-02 03:00:00,572,Dindigul,19.75,-5.162285714285714
2023-05-02 04:00:00,572,Dindigul,45.5,-5.130857142857143
2023-05-02 05:00:00,572,Dindigul,20.0,-5.130857142857143
2023-05-02 15:00:00,572,Dindigul,3.5,-5.110214285714286
2023-05-02 16:00:00,572,Dindigul,30.5,-5.084071428571429
2023-05-02 17:00:00,572,Dindigul,2.0,-5.084071428571429
2023-05-03 21:00:00,572,Dindigul,3.0,-5.054785714285714
2023-05-03 22:00:00,572,Dindigul,1.75,-5.054928571428571
2023-05-03 23:00:00,572,Dindigul,1.25,-5.054928571428571
2023-05-04 00:00:00,572,Dindigul,1.0,-5.054928571428571
2023-05-04 01:00:00,572,Dindigul,0.5,-5.054928571428571
2023-05-04 17:00:00,572,Dindigul,1.0,-5.791
2023-05-04 18:00:00,572,Dindigul,2.0,-4.991846153846154
2023-05-04 19:00:00,572,Dindigul,16.5,-4.991846153846154
2023-05-04 20:00:00,572,Dindigul,8.5,-4.991846153846154
2023-05-04 21:00:00,572,Dindigul,5.75,-4.991846153846154
2023-05-04 22:00:00,572,Dindigul,3.25,-5.041285714285714
2023-05-04 23:00:00,572,Dindigul,0.5,-5.041285714285714
2023-05-05 01:00:00,572,Dindigul,0.5,-5.041285714285714
2023-05-06 20:00:00,572,Dindigul,1.5,-5.028846153846154
2023-05-06 21:00:00,572,Dindigul,8.5,-5.028846153846154
2023-05-06 22:00:00,572,Dindigul,2.0,-5.000615384615385
2023-05-06 23:00:00,572,Dindigul,2.5,-5.000615384615385
2023-05-07 00:00:00,572,Dindigul,3.0,-5.000615384615385
2023-05-07 01:00:00,572,Dindigul,1.5,-5.000615384615385
2023-05-07 02:00:00,572,Dindigul,1.75,-5.000615384615385
2023-05-07 03:00:00,572,Dindigul,0.75,-5.000615384615385
2023-05-07 12:00:00,572,Dindigul,1.5,-4.979230769230769
2023-05-07 13:00:00,572,Dindigul,130.5,-4.979230769230769
2023-05-07 14:00:00,572,Dindigul,1.0,-4.979230769230769
2023-05-08 17:00:00,572,Dindigul,5.5,-5.038153846153847
2023-05-08 21:00:00,572,Dindigul,2.0,-5.038153846153847
2023-05-09 21:00:00,572,Dindigul,16.5,-4.957076923076924
2023-05-09 22:00:00,572,Dindigul,0.5,-4.932307692307693
2023-05-09 23:00:00,572,Dindigul,1.5,-4.932307692307693
2023-05-10 04:00:00,572,Dindigul,0.5,-4.914461538461539
2023-05-11 20:00:00,572,Dindigul,27.5,-4.901857142857144
2023-05-11 21:00:00,572,Dindigul,8.0,-4.901857142857144
2023-06-02 08:00:00,572,Dindigul,8.0,-4.8804
2023-06-02 09:00:00,572,Dindigul,0.5,-4.8804
2023-06-03 08:00:00,572,Dindigul,3.5,-4.879733333333333
2023-06-03 13:00:00,572,Dindigul,1.5,-4.9232
2023-06-03 14:00:00,572,Dindigul,0.5,-4.9232
2023-06-03 21:00:00,572,Dindigul,10.0,-4.919533333333334
2023-06-04 08:00:00,572,Dindigul,9.5,-4.913399999999999
2023-06-05 08:00:00,572,Dindigul,2.0,-4.944999999999999
2023-06-05 17:00:00,572,Dindigul,3.5,-5.010933333333333
2023-06-05 18:00:00,572,Dindigul,2.5,-5.010933333333333
2023-06-06 08:00:00,572,Dindigul,4.5,-4.983733333333333
2023-06-07 08:00:00,572,Dindigul,2.0,-5.0304
2023-06-07 18:00:00,572,Dindigul,0.5,-5.040933333333333
2023-06-10 08:00:00,572,Dindigul,3.0,-5.035266666666667
2023-06-11 07:00:00,572,Dindigul,1.0,-5.063866666666667
2023-06-11 16:00:00,572,Dindigul,1.0,-5.141733333333333
2023-06-11 17:00:00,572,Dindigul,1.0,-5.141733333333333
2023-06-12 08:00:00,572,Dindigul,3.0,-5.259857142857143
2023-06-12 16:00:00,572,Dindigul,4.25,-5.172666666666667
2023-06-12 17:00:00,572,Dindigul,5.5,-5.172666666666667
2023-06-12 18:00:00,572,Dindigul,1.0,-5.172666666666667
2023-06-12 19:00:00,572,Dindigul,1.5,-5.172666666666667
2023-06-12 21:00:00,572,Dindigul,0.5,-5.172666666666667
2023-06-13 00:00:00,572,Dindigul,0.5,-5.165333333333334
2023-06-13 01:00:00,572,Dindigul,424.5,-5.165333333333334
2023-06-13 02:00:00,572,Dindigul,48.0,-5.165333333333334
2023-06-13 03:00:00,572,Dindigul,39.5,-5.165333333333334
2023-06-13 04:00:00,572,Dindigul,34.5,-5.156866666666667
2023-06-13 05:00:00,572,Dindigul,138.5,-5.156866666666667
2023-06-13 06:00:00,572,Dindigul,12.5,-5.156866666666667
2023-06-13 07:00:00,572,Dindigul,53.0,-5.156866666666667
2023-06-13 08:00:00,572,Dindigul,42.0,-5.156866666666667
2023-06-13 09:00:00,572,Dindigul,69.5,-5.156866666666667
2023-06-14 07:00:00,572,Dindigul,1.5,-5.179066666666667
2023-06-14 08:00:00,572,Dindigul,239.0,-5.179066666666667
2023-06-14 16:00:00,572,Dindigul,1.5,-6.131
2023-06-14 17:00:00,572,Dindigul,0.75,-5.181933333333333
2023-06-14 21:00:00,572,Dindigul,0.5,-5.181933333333333
2023-06-14 22:00:00,572,Dindigul,0.5,-5.169666666666667
2023-06-14 23:00:00,572,Dindigul,0.5,-5.169666666666667
2023-06-15 03:00:00,572,Dindigul,0.5,-5.169666666666667
2023-06-15 07:00:00,572,Dindigul,1.0,-5.1564000000000005
2023-06-15 08:00:00,572,Dindigul,0.5,-5.1564000000000005
2023-06-15 10:00:00,572,Dindigul,1.0,-5.217866666666667
2023-06-15 12:00:00,572,Dindigul,1.5,-5.217866666666667
2023-06-15 13:00:00,572,Dindigul,0.5,-5.217866666666667
2023-06-15 14:00:00,572,Dindigul,2.5,-5.217866666666667
2023-06-15 15:00:00,572,Dindigul,10.0,-5.217866666666667
2023-06-15 16:00:00,572,Dindigul,6.0,-5.205066666666666
2023-06-16 08:00:00,572,Dindigul,0.5,-5.186066666666666
2023-06-16 09:00:00,572,Dindigul,2.25,-5.186066666666666
2023-06-16 10:00:00,572,Dindigul,50.5,-5.234666666666667
2023-06-16 11:00:00,572,Dindigul,1.5,-5.234666666666667
2023-06-16 12:00:00,572,Dindigul,1.75,-5.234666666666667
2023-06-16 13:00:00,572,Dindigul,4.25,-5.234666666666667
2023-06-16 14:00:00,572,Dindigul,1.25,-5.234666666666667
2023-06-16 15:00:00,572,Dindigul,1.5,-5.234666666666667
2023-06-16 16:00:00,572,Dindigul,0.5,-5.217666666666667
2023-06-16 17:00:00,572,Dindigul,0.5,-5.217666666666667
2023-06-16 18:00:00,572,Dindigul,1.5,-5.217666666666667
2023-06-17 03:00:00,572,Dindigul,1.0,-5.210733333333334
2023-06-17 07:00:00,572,Dindigul,1.5,-5.1994
2023-06-17 09:00:00,572,Dindigul,2.0,-5.1994
2023-06-17 10:00:00,572,Dindigul,2.0,-5.245
2023-06-17 11:00:00,572,Dindigul,0.5,-5.245
2023-06-17 12:00:00,572,Dindigul,14.5,-5.245
2023-06-17 13:00:00,572,Dindigul,20.5,-5.245
2023-06-17 14:00:00,572,Dindigul,9.5,-5.245
2023-06-17 15:00:00,572,Dindigul,3.0,-5.245
2023-06-17 16:00:00,572,Dindigul,2.5,-5.243266666666667
2023-06-17 17:00:00,572,Dindigul,1.5,-5.243266666666667
2023-06-17 18:00:00,572,Dindigul,1.0,-5.243266666666667
2023-06-17 19:00:00,572,Dindigul,0.5,-5.243266666666667
2023-06-17 20:00:00,572,Dindigul,6.0,-5.243266666666667
2023-06-17 21:00:00,572,Dindigul,0.5,-5.243266666666667
2023-06-18 03:00:00,572,Dindigul,0.5,-5.232066666666666
2023-06-18 08:00:00,572,Dindigul,3.0,-5.220466666666667
2023-06-18 12:00:00,572,Dindigul,472.0,-5.2645333333333335
2023-06-18 13:00:00,572,Dindigul,80.75,-5.2645333333333335
2023-06-18 14:00:00,572,Dindigul,22.0,-5.2645333333333335
2023-06-18 15:00:00,572,Dindigul,32.0,-5.2645333333333335
2023-06-18 16:00:00,572,Dindigul,61.0,-5.265933333333334
2023-06-18 17:00:00,572,Dindigul,9.75,-5.265933333333334
2023-06-18 18:00:00,572,Dindigul,308.0,-5.265933333333334
2023-06-18 19:00:00,572,Dindigul,70.0,-5.265933333333334
2023-06-19 04:00:00,572,Dindigul,5.0,-5.235799999999999
2023-06-19 05:00:00,572,Dindigul,3.5,-5.235799999999999
2023-06-19 06:00:00,572,Dindigul,4.5,-5.235799999999999
2023-06-19 08:00:00,572,Dindigul,4.5,-5.235799999999999
2023-06-19 10:00:00,572,Dindigul,1.0,-5.2738
2023-06-19 12:00:00,572,Dindigul,0.5,-5.2738
2023-06-19 13:00:00,572,Dindigul,206.5,-5.2738
2023-06-19 14:00:00,572,Dindigul,19.5,-5.2738
2023-06-19 15:00:00,572,Dindigul,82.0,-5.2738
2023-06-19 16:00:00,572,Dindigul,36.5,-5.2828
2023-06-19 17:00:00,572,Dindigul,55.0,-5.2828
2023-06-19 18:00:00,572,Dindigul,5.5,-5.2828
2023-06-19 19:00:00,572,Dindigul,28.0,-5.2828
2023-06-19 20:00:00,572,Dindigul,61.5,-5.2828
2023-06-19 21:00:00,572,Dindigul,10.5,-5.2828
2023-06-19 22:00:00,572,Dindigul,1.5,-5.274933333333333
2023-06-19 23:00:00,572,Dindigul,3.5,-5.274933333333333
2023-06-20 00:00:00,572,Dindigul,7.0,-5.274933333333333
2023-06-20 01:00:00,572,Dindigul,40.0,-5.274933333333333
2023-06-20 02:00:00,572,Dindigul,35.0,-5.274933333333333
2023-06-20 03:00:00,572,Dindigul,70.5,-5.274933333333333
2023-06-20 04:00:00,572,Dindigul,16.5,-5.265133333333334
2023-06-20 05:00:00,572,Dindigul,1.5,-5.265133333333334
2023-06-20 06:00:00,572,Dindigul,1.5,-5.265133333333334
2023-06-20 07:00:00,572,Dindigul,7.0,-5.265133333333334
2023-06-20 08:00:00,572,Dindigul,13.5,-5.265133333333334
2023-06-20 09:00:00,572,Dindigul,8.5,-5.265133333333334
2023-06-20 10:00:00,572,Dindigul,36.0,-5.351066666666667
2023-06-20 11:00:00,572,Dindigul,9.0,-5.351066666666667
2023-06-20 12:00:00,572,Dindigul,7.5,-5.351066666666667
2023-06-20 13:00:00,572,Dindigul,66.0,-5.351066666666667
2023-06-20 15:00:00,572,Dindigul,0.75,-5.351066666666667
2023-06-20 16:00:00,572,Dindigul,1.5,-5.353133333333333
2023-06-20 17:00:00,572,Dindigul,2.5,-5.353133333333333
2023-06-20 18:00:00,572,Dindigul,1.0,-5.353133333333333
2023-06-20 19:00:00,572,Dindigul,12.5,-5.353133333333333
2023-06-20 21:00:00,572,Dindigul,1.0,-5.353133333333333
2023-06-20 22:00:00,572,Dindigul,21.5,-5.3076
2023-06-20 23:00:00,572,Dindigul,3.5,-5.3076
2023-06-21 00:00:00,572,Dindigul,6.0,-5.3076
2023-06-21 01:00:00,572,Dindigul,9.5,-5.3076
2023-06-21 02:00:00,572,Dindigul,12.5,-5.3076
2023-06-21 03:00:00,572,Dindigul,1.5,-5.3076
2023-06-21 04:00:00,572,Dindigul,9.0,-5.247466666666667
2023-06-21 05:00:00,572,Dindigul,12.5,-5.247466666666667
2023-06-21 06:00:00,572,Dindigul,0.5,-5.247466666666667
2023-06-21 07:00:00,572,Dindigul,0.5,-5.247466666666667
2023-06-21 08:00:00,572,Dindigul,10.75,-5.247466666666667
2023-06-21 09:00:00,572,Dindigul,4.0,-5.247466666666667
2023-06-21 10:00:00,572,Dindigul,61.75,-5.3100000000000005
2023-06-21 11:00:00,572,Dindigul,32.5,-5.3100000000000005
2023-06-21 13:00:00,572,Dindigul,1.0,-5.3100000000000005
2023-06-21 14:00:00,572,Dindigul,1.0,-5.3100000000000005
2023-06-21 16:00:00,572,Dindigul,6.0,-5.3453333333333335
2023-06-21 17:00:00,572,Dindigul,30.0,-5.3453333333333335
2023-06-21 21:00:00,572,Dindigul,2.5,-5.3453333333333335
2023-06-22 08:00:00,572,Dindigul,5.25,-5.273933333333333
2023-06-22 09:00:00,572,Dindigul,6.5,-5.273933333333333
2023-06-22 10:00:00,572,Dindigul,8.0,-5.3822
2023-06-22 11:00:00,572,Dindigul,1.0,-5.3822
2023-06-22 12:00:00,572,Dindigul,12.5,-5.3822
2023-06-22 13:00:00,572,Dindigul,7.5,-5.3822
2023-06-22 14:00:00,572,Dindigul,5.5,-5.3822
2023-06-22 15:00:00,572,Dindigul,1.0,-5.3822
2023-06-22 17:00:00,572,Dindigul,51.5,-5.355333333333333
2023-06-22 18:00:00,572,Dindigul,54.0,-5.355333333333333
2023-06-22 19:00:00,572,Dindigul,13.0,-5.355333333333333
2023-06-22 20:00:00,572,Dindigul,77.5,-5.355333333333333
2023-06-22 21:00:00,572,Dindigul,74.5,-5.355333333333333
2023-06-22 22:00:00,572,Dindigul,11.75,-5.353666666666667
2023-06-22 23:00:00,572,Dindigul,19.5,-5.353666666666667
2023-06-23 00:00:00,572,Dindigul,82.0,-5.353666666666667
2023-06-24 08:00:00,572,Dindigul,2.5,-5.3596
2023-06-25 07:00:00,572,Dindigul,6.5,-5.385533333333333
2023-06-25 12:00:00,572,Dindigul,174.5,-5.4448
2023-06-25 22:00:00,572,Dindigul,0.5,-5.422666666666667
2023-06-26 01:00:00,572,Dindigul,0.5,-5.422666666666667
2023-06-26 02:00:00,572,Dindigul,0.5,-5.422666666666667
2023-06-26 03:00:00,572,Dindigul,0.5,-5.422666666666667
2023-06-26 08:00:00,572,Dindigul,1.5,-5.412000000000001
2023-06-26 11:00:00,572,Dindigul,0.5,-5.4886
2023-06-27 08:00:00,572,Dindigul,1.0,-5.437733333333333
2023-06-27 15:00:00,572,Dindigul,1.0,-5.571466666666667
2023-06-28 07:00:00,572,Dindigul,4.5,-5.4776
2023-06-28 11:00:00,572,Dindigul,0.5,-5.5534
2023-06-29 08:00:00,572,Dindigul,1.5,-5.506066666666666
2023-06-29 18:00:00,572,Dindigul,0.5,-5.549857142857142
2023-06-30 07:00:00,572,Dindigul,2.0,-5.518933333333334
2023-06-30 09:00:00,572,Dindigul,13.5,-5.518933333333334
2023-06-30 10:00:00,572,Dindigul,0.5,-5.6012
2023-07-01 08:00:00,572,Dindigul,1.5,-5.571933333333333
2023-07-01 16:00:00,572,Dindigul,4.0,-5.6282000000000005
2023-07-01 17:00:00,572,Dindigul,2.0,-5.6282000000000005
2023-07-01 19:00:00,572,Dindigul,0.5,-5.6282000000000005
2023-07-02 08:00:00,572,Dindigul,0.5,-5.575933333333334
2023-07-03 08:00:00,572,Dindigul,7.0,-5.628333333333333
2023-07-03 12:00:00,572,Dindigul,0.5,-5.670333333333334
2023-07-03 14:00:00,572,Dindigul,0.5,-5.670333333333334
2023-07-03 17:00:00,572,Dindigul,8.0,-6.517
2023-07-03 18:00:00,572,Dindigul,1.0,-5.681666666666667
2023-07-04 07:00:00,572,Dindigul,6.5,-5.670266666666667
2023-07-04 08:00:00,572,Dindigul,1.0,-3.157
2023-07-05 00:00:00,572,Dindigul,0.5,-5.704933333333333
2023-07-05 08:00:00,572,Dindigul,3.5,-5.6883333333333335
2023-07-05 17:00:00,572,Dindigul,0.5,-5.808866666666666
2023-07-07 08:00:00,572,Dindigul,6.5,-5.7204
2023-07-08 07:00:00,572,Dindigul,0.5,-5.718266666666667
2023-07-08 15:00:00,572,Dindigul,0.5,-5.7616000000000005
2023-07-08 18:00:00,572,Dindigul,1.0,-5.7414
2023-07-08 19:00:00,572,Dindigul,4.0,-5.7414
2023-07-10 08:00:00,572,Dindigul,1.0,-5.784266666666666
2023-07-10 17:00:00,572,Dindigul,0.5,-5.814333333333334
2023-07-10 18:00:00,572,Dindigul,1.0,-5.814333333333334
2023-07-10 19:00:00,572,Dindigul,0.5,-5.814333333333334
2023-07-10 20:00:00,572,Dindigul,0.75,-5.814333333333334
2023-07-10 21:00:00,572,Dindigul,1.5,-5.814333333333334
2023-07-10 22:00:00,572,Dindigul,1.25,-5.821266666666667
2023-07-10 23:00:00,572,Dindigul,0.5,-5.821266666666667
2023-07-11 01:00:00,572,Dindigul,0.5,-5.821266666666667
2023-07-11 22:00:00,572,Dindigul,0.5,-5.842933333333334
2023-07-13 19:00:00,572,Dindigul,2.0,-5.697416666666666
2023-07-17 09:00:00,572,Dindigul,22.5,-5.964666666666667
2023-07-17 10:00:00,572,Dindigul,0.5,-6.017533333333334
2023-07-17 12:00:00,572,Dindigul,1.5,-6.017533333333334
2023-07-17 13:00:00,572,Dindigul,1.0,-6.017533333333334
2023-07-18 10:00:00,572,Dindigul,5.5,-6.0994
2023-07-19 08:00:00,572,Dindigul,1.5,-6.0008
2023-07-19 11:00:00,572,Dindigul,72.5,-6.054333333333333
2023-07-19 12:00:00,572,Dindigul,119.5,-6.054333333333333
2023-07-19 13:00:00,572,Dindigul,143.5,-6.054333333333333
2023-07-19 14:00:00,572,Dindigul,16.0,-6.054333333333333
2023-07-19 15:00:00,572,Dindigul,9.0,-6.054333333333333
2023-07-19 16:00:00,572,Dindigul,27.0,-6.040533333333333
2023-07-19 17:00:00,572,Dindigul,5.0,-6.040533333333333
2023-07-19 18:00:00,572,Dindigul,1.0,-6.040533333333333
2023-07-20 08:00:00,572,Dindigul,2.0,-6.03
2023-07-20 10:00:00,572,Dindigul,91.5,-6.107
2023-07-20 11:00:00,572,Dindigul,127.0,-6.107
2023-07-20 12:00:00,572,Dindigul,510.5,-6.107
2023-07-20 15:00:00,572,Dindigul,27.0,-6.107
2023-07-20 19:00:00,572,Dindigul,82.5,-6.1180666666666665
2023-07-20 20:00:00,572,Dindigul,11.0,-6.1180666666666665
2023-07-21 08:00:00,572,Dindigul,14.5,-6.053933333333333
2023-07-21 10:00:00,572,Dindigul,158.5,-6.138066666666666
2023-07-21 13:00:00,572,Dindigul,4.5,-6.138066666666666
2023-07-21 15:00:00,572,Dindigul,6.0,-6.138066666666666
2023-07-21 16:00:00,572,Dindigul,24.0,-6.123466666666667
2023-07-21 17:00:00,572,Dindigul,4.5,-6.123466666666667
2023-07-22 08:00:00,572,Dindigul,14.5,-6.092866666666667
2023-07-22 09:00:00,572,Dindigul,44.5,-6.092866666666667
2023-07-22 10:00:00,572,Dindigul,50.5,-6.159800000000001
2023-07-22 13:00:00,572,Dindigul,1.0,-6.159800000000001
2023-07-22 16:00:00,572,Dindigul,53.5,-6.1374
2023-07-22 17:00:00,572,Dindigul,0.5,-6.1374
2023-07-23 10:00:00,572,Dindigul,35.0,-6.154333333333333
2023-07-23 11:00:00,572,Dindigul,552.5,-6.154333333333333
2023-07-23 13:00:00,572,Dindigul,136.5,-6.154333333333333
2023-07-23 14:00:00,572,Dindigul,19.0,-6.154333333333333
2023-07-24 08:00:00,572,Dindigul,1.0,-6.140733333333333
2023-07-25 08:00:00,572,Dindigul,10.0,-6.171933333333333
2023-07-25 13:00:00,572,Dindigul,50.0,-6.218066666666667
2023-07-26 08:00:00,572,Dindigul,4.0,-6.190266666666667
2023-07-26 09:00:00,572,Dindigul,3.5,-6.190266666666667
2023-07-26 13:00:00,572,Dindigul,0.5,-6.308466666666666
2023-07-27 07:00:00,572,Dindigul,14.0,-6.246733333333333
2023-07-28 00:00:00,572,Dindigul,0.5,-6.256466666666667
2023-07-28 08:00:00,572,Dindigul,6.0,-6.252666666666666
2023-07-28 11:00:00,572,Dindigul,201.5,-6.281533333333333
2023-07-29 11:00:00,572,Dindigul,0.5,-6.335999999999999
2023-07-29 14:00:00,572,Dindigul,0.5,-6.335999999999999
2023-07-30 11:00:00,572,Dindigul,2.5,-6.371466666666667
2023-07-30 13:00:00,572,Dindigul,0.5,-6.371466666666667
2023-08-01 11:00:00,572,Dindigul,0.5,-6.4696
2023-08-01 12:00:00,572,Dindigul,1.5,-6.4696
2023-08-02 10:00:00,572,Dindigul,0.5,-12.141666666666667
2023-08-02 13:00:00,572,Dindigul,37.0,-12.141666666666667
2023-08-03 11:00:00,572,Dindigul,1.5,-6.510266666666666
2023-08-03 12:00:00,572,Dindigul,1.5,-6.510266666666666
2023-08-03 13:00:00,572,Dindigul,3.0,-6.510266666666666
2023-08-03 15:00:00,572,Dindigul,1.0,-6.510266666666666
2023-08-04 11:00:00,572,Dindigul,1.0,-12.2332
2023-08-04 12:00:00,572,Dindigul,2.0,-12.2332
2023-08-04 13:00:00,572,Dindigul,26.0,-12.2332
2023-08-04 15:00:00,572,Dindigul,15.0,-12.2332
2023-08-04 19:00:00,572,Dindigul,2.0,-12.2514
2023-08-05 11:00:00,572,Dindigul,1.0,-12.249133333333331
2023-08-05 12:00:00,572,Dindigul,1.5,-12.249133333333331
2023-08-05 13:00:00,572,Dindigul,0.5,-12.249133333333331
2023-08-06 09:00:00,572,Dindigul,1.0,-13.09423076923077
2023-08-06 11:00:00,572,Dindigul,1.5,-6.578230769230769
2023-08-09 12:00:00,572,Dindigul,0.5,-6.7028
2023-08-09 13:00:00,572,Dindigul,1.0,-6.7028
2023-08-10 13:00:00,572,Dindigul,0.5,-6.677733333333333
2023-08-10 17:00:00,572,Dindigul,2.5,-12.372933333333332
2023-08-11 18:00:00,572,Dindigul,37.0,-12.379333333333332
2023-08-11 19:00:00,572,Dindigul,0.5,-12.379333333333332
2023-08-11 20:00:00,572,Dindigul,5.25,-12.379333333333332
2023-08-11 21:00:00,572,Dindigul,2.75,-12.379333333333332
2023-08-11 22:00:00,572,Dindigul,1.25,-6.525266666666667
2023-08-11 23:00:00,572,Dindigul,1.0,-6.525266666666667
2023-08-12 06:00:00,572,Dindigul,0.5,-6.473466666666667
2023-08-13 09:00:00,572,Dindigul,2.0,-6.413133333333334
2023-08-13 10:00:00,572,Dindigul,6.0,-6.444
2023-08-13 17:00:00,572,Dindigul,0.5,-6.458266666666666
2023-08-13 22:00:00,572,Dindigul,0.5,-6.431466666666666
2023-08-14 13:00:00,572,Dindigul,0.5,-12.172
2023-08-14 19:00:00,572,Dindigul,0.5,-6.454466666666667
2023-08-14 20:00:00,572,Dindigul,1.5,-6.454466666666667
2023-08-14 21:00:00,572,Dindigul,1.0,-6.454466666666667
2023-08-14 22:00:00,572,Dindigul,1.0,-6.462000000000001
2023-08-15 18:00:00,572,Dindigul,17.0,-6.410733333333334
2023-08-15 19:00:00,572,Dindigul,0.5,-6.410733333333334
2023-08-16 09:00:00,572,Dindigul,3.0,-12.063
2023-08-17 08:00:00,572,Dindigul,0.5,-6.4084666666666665
2023-08-17 16:00:00,572,Dindigul,0.5,-6.457866666666666
2023-08-18 10:00:00,572,Dindigul,0.5,-6.466066666666666
2023-08-22 09:00:00,572,Dindigul,4.5,-6.586
2023-08-22 19:00:00,572,Dindigul,3.0,-5.792285714285714
2023-08-23 00:00:00,572,Dindigul,0.5,-5.594214285714286
2023-08-23 02:00:00,572,Dindigul,0.5,-5.594214285714286
2023-08-29 09:00:00,572,Dindigul,1.0,-12.345285714285714
2023-08-29 16:00:00,572,Dindigul,2.5,-12.389357142857142
2023-08-29 17:00:00,572,Dindigul,15.0,-12.389357142857142
2023-08-29 18:00:00,572,Dindigul,24.0,-12.389357142857142
2023-08-29 19:00:00,572,Dindigul,10.0,-12.389357142857142
2023-08-29 20:00:00,572,Dindigul,12.5,-12.389357142857142
2023-08-29 21:00:00,572,Dindigul,3.5,-12.389357142857142
2023-08-29 22:00:00,572,Dindigul,1.5,-6.283214285714286
2023-08-30 19:00:00,572,Dindigul,776.75,-6.279714285714285
2023-08-30 20:00:00,572,Dindigul,1.5,-6.279714285714285
2023-08-30 21:00:00,572,Dindigul,0.5,-6.279714285714285
2023-08-31 20:00:00,572,Dindigul,2.5,-6.216428571428572
2023-08-31 21:00:00,572,Dindigul,2.5,-6.216428571428572
2023-08-31 22:00:00,572,Dindigul,1.5,-6.1945
2023-08-31 23:00:00,572,Dindigul,1.5,-6.1945
2023-09-01 00:00:00,572,Dindigul,1.0,-6.1945
2023-09-01 20:00:00,572,Dindigul,33.0,-6.1935714285714285
2023-09-01 21:00:00,572,Dindigul,8.0,-6.1935714285714285
2023-09-01 22:00:00,572,Dindigul,4.75,-6.185499999999999
2023-09-01 23:00:00,572,Dindigul,2.25,-6.185499999999999
2023-09-02 00:00:00,572,Dindigul,1.0,-6.185499999999999
2023-09-02 16:00:00,572,Dindigul,1.25,-6.000357142857142
2023-09-02 17:00:00,572,Dindigul,1.75,-6.000357142857142
2023-09-02 18:00:00,572,Dindigul,0.5,-6.000357142857142
2023-09-02 20:00:00,572,Dindigul,0.5,-6.000357142857142
2023-09-02 21:00:00,572,Dindigul,0.5,-6.000357142857142
2023-09-03 18:00:00,572,Dindigul,0.5,-6.003571428571428
2023-09-07 22:00:00,572,Dindigul,0.5,-6.323071428571429
2023-09-08 15:00:00,572,Dindigul,3.5,-6.367285714285714
2023-09-08 17:00:00,572,Dindigul,0.5,-6.368285714285714
2023-09-09 18:00:00,572,Dindigul,2.5,-6.420857142857143
2023-09-10 01:00:00,572,Dindigul,6.0,-6.385714285714286
2023-09-10 02:00:00,572,Dindigul,1.5,-6.385714285714286
2023-09-10 03:00:00,572,Dindigul,2.0,-6.385714285714286
2023-09-10 05:00:00,572,Dindigul,0.5,-6.337428571428572
2023-09-10 07:00:00,572,Dindigul,0.5,-6.337428571428572
2023-09-10 09:00:00,572,Dindigul,1.0,-6.337428571428572
2023-09-10 10:00:00,572,Dindigul,4.0,-6.450428571428572
2023-09-10 11:00:00,572,Dindigul,2.0,-6.450428571428572
2023-09-10 15:00:00,572,Dindigul,1.0,-6.450428571428572
2023-09-10 16:00:00,572,Dindigul,0.5,-6.5452
2023-09-10 17:00:00,572,Dindigul,1.0,-6.5452
2023-09-11 13:00:00,572,Dindigul,1.5,-6.662266666666667
2023-09-11 14:00:00,572,Dindigul,3.0,-6.662266666666667
2023-09-11 15:00:00,572,Dindigul,1.0,-6.662266666666667
2023-09-11 17:00:00,572,Dindigul,0.5,-6.6584
2023-09-11 20:00:00,572,Dindigul,0.5,-6.6584
2023-09-12 11:00:00,572,Dindigul,0.75,-6.751866666666667
2023-09-12 13:00:00,572,Dindigul,0.5,-6.751866666666667
2023-09-12 14:00:00,572,Dindigul,0.5,-6.751866666666667
2023-09-13 05:00:00,572,Dindigul,0.5,-6.647357142857143
2023-09-13 09:00:00,572,Dindigul,25.5,-6.647357142857143
2023-09-13 10:00:00,572,Dindigul,0.5,-6.778071428571429
2023-09-13 14:00:00,572,Dindigul,0.5,-6.778071428571429
2023-09-13 15:00:00,572,Dindigul,6.0,-6.778071428571429
2023-09-13 16:00:00,572,Dindigul,0.5,-6.764642857142857
2023-09-13 17:00:00,572,Dindigul,4.5,-6.764642857142857
2023-09-13 20:00:00,572,Dindigul,4.0,-6.764642857142857
2023-09-13 21:00:00,572,Dindigul,1.5,-6.764642857142857
2023-09-13 22:00:00,572,Dindigul,0.5,-6.723
2023-09-14 12:00:00,572,Dindigul,0.5,-6.823428571428571
2023-09-14 14:00:00,572,Dindigul,1.5,-6.823428571428571
2023-09-14 15:00:00,572,Dindigul,1.0,-6.823428571428571
2023-09-14 17:00:00,572,Dindigul,1.0,-6.813071428571428
2023-09-15 12:00:00,572,Dindigul,0.5,-6.907642857142856
2023-09-15 14:00:00,572,Dindigul,2.5,-6.907642857142856
2023-09-15 15:00:00,572,Dindigul,1.5,-6.907642857142856
2023-09-16 15:00:00,572,Dindigul,5.0,-6.9557142857142855
2023-09-16 18:00:00,572,Dindigul,20.0,-6.959642857142858
2023-09-16 21:00:00,572,Dindigul,1.0,-6.959642857142858
2023-09-16 23:00:00,572,Dindigul,0.5,-6.963
2023-09-17 01:00:00,572,Dindigul,0.5,-6.963
2023-09-17 02:00:00,572,Dindigul,1.0,-6.963
2023-09-17 05:00:00,572,Dindigul,0.5,-7.020933333333333
2023-09-17 06:00:00,572,Dindigul,0.5,-7.020933333333333
2023-09-17 07:00:00,572,Dindigul,0.5,-7.020933333333333
2023-09-17 08:00:00,572,Dindigul,0.5,-7.020933333333333
2023-09-17 15:00:00,572,Dindigul,5.0,-7.064266666666667
2023-09-17 17:00:00,572,Dindigul,0.5,-7.053333333333333
2023-09-17 19:00:00,572,Dindigul,1.25,-7.053333333333333
2023-09-17 20:00:00,572,Dindigul,1.5,-7.053333333333333
2023-09-17 22:00:00,572,Dindigul,2.0,-7.053266666666668
2023-09-17 23:00:00,572,Dindigul,0.5,-7.053266666666668
2023-09-18 00:00:00,572,Dindigul,0.75,-7.053266666666668
2023-09-18 01:00:00,572,Dindigul,1.0,-7.053266666666668
2023-09-18 02:00:00,572,Dindigul,1.0,-7.053266666666668
2023-09-18 03:00:00,572,Dindigul,1.5,-7.053266666666668
2023-09-18 04:00:00,572,Dindigul,1.5,-7.049866666666667
2023-09-18 05:00:00,572,Dindigul,1.0,-7.049866666666667
2023-09-18 06:00:00,572,Dindigul,1.0,-7.049866666666667
2023-09-18 07:00:00,572,Dindigul,0.5,-7.049866666666667
2023-09-18 08:00:00,572,Dindigul,2.0,-7.049866666666667
2023-09-18 09:00:00,572,Dindigul,4.0,-7.049866666666667
2023-09-18 10:00:00,572,Dindigul,1.5,-7.133866666666666
2023-09-18 11:00:00,572,Dindigul,1.5,-7.133866666666666
2023-09-18 12:00:00,572,Dindigul,0.5,-7.133866666666666
2023-09-18 13:00:00,572,Dindigul,3.0,-7.133866666666666
2023-09-18 14:00:00,572,Dindigul,0.5,-7.133866666666666
2023-09-18 15:00:00,572,Dindigul,2.75,-7.133866666666666
2023-09-18 16:00:00,572,Dindigul,1.0,-7.1162
2023-09-18 17:00:00,572,Dindigul,1.0,-7.1162
2023-09-19 11:00:00,572,Dindigul,0.5,-7.1795333333333335
2023-09-19 13:00:00,572,Dindigul,0.5,-7.1795333333333335
2023-09-19 14:00:00,572,Dindigul,0.5,-7.1795333333333335
2023-09-19 16:00:00,572,Dindigul,16.5,-7.165533333333333
2023-09-19 18:00:00,572,Dindigul,0.5,-7.165533333333333
2023-09-19 19:00:00,572,Dindigul,0.5,-7.165533333333333
2023-09-19 22:00:00,572,Dindigul,1.0,-7.165733333333334
2023-09-20 21:00:00,572,Dindigul,8.0,-7.224133333333333
2023-09-21 20:00:00,572,Dindigul,4.0,-7.303466666666666
2023-09-21 21:00:00,572,Dindigul,3.5,-7.303466666666666
2023-09-21 22:00:00,572,Dindigul,1.0,-7.222066666666667
2023-09-21 23:00:00,572,Dindigul,1.0,-7.222066666666667
2023-09-23 07:00:00,572,Dindigul,0.5,-7.239133333333333
2023-09-23 19:00:00,572,Dindigul,0.5,-7.317466666666666
2023-09-23 20:00:00,572,Dindigul,0.5,-7.317466666666666
2023-09-27 16:00:00,572,Dindigul,0.5,-7.436928571428572
2023-09-27 17:00:00,572,Dindigul,1.0,-7.436928571428572
2023-09-28 14:00:00,572,Dindigul,3.0,-7.628285714285715
2023-09-30 14:00:00,572,Dindigul,1.0,-7.701428571428572
2023-10-04 18:00:00,572,Dindigul,8.5,-14.023642857142857
2023-10-04 19:00:00,572,Dindigul,0.5,-14.023642857142857
2023-10-08 19:00:00,572,Dindigul,2.5,-8.039785714285715
2023-10-08 20:00:00,572,Dindigul,14.0,-8.039785714285715
2023-10-09 18:00:00,572,Dindigul,1.0,-14.296714285714286
2023-10-09 19:00:00,572,Dindigul,4.0,-14.296714285714286
2023-10-09 20:00:00,572,Dindigul,2.5,-14.296714285714286
2023-10-10 07:00:00,572,Dindigul,10.5,-8.0265
2023-10-10 09:00:00,572,Dindigul,1.0,-8.0265
2023-10-11 19:00:00,572,Dindigul,3.5,-14.067571428571428
2023-10-11 20:00:00,572,Dindigul,9.5,-14.067571428571428
2023-10-11 21:00:00,572,Dindigul,6.25,-14.067571428571428
2023-10-11 22:00:00,572,Dindigul,1.75,-7.961857142857142
2023-10-12 00:00:00,572,Dindigul,2.0,-7.961857142857142
2023-10-12 01:00:00,572,Dindigul,0.5,-7.961857142857142
2023-10-12 03:00:00,572,Dindigul,0.5,-7.961857142857142
2023-10-12 04:00:00,572,Dindigul,0.5,-7.937214285714286
2023-10-12 07:00:00,572,Dindigul,0.5,-7.937214285714286
2023-10-15 01:00:00,572,Dindigul,0.5,-7.856785714285714
2023-10-15 02:00:00,572,Dindigul,11.5,-7.856785714285714
2023-10-15 03:00:00,572,Dindigul,1.5,-7.856785714285714
2023-10-15 04:00:00,572,Dindigul,0.5,-7.832714285714286
2023-10-16 03:00:00,572,Dindigul,1.5,-7.779642857142856
2023-10-16 05:00:00,572,Dindigul,7.0,-7.750071428571429
2023-10-16 06:00:00,572,Dindigul,1.5,-7.750071428571429
2023-10-16 07:00:00,572,Dindigul,1.0,-7.750071428571429
2023-10-16 08:00:00,572,Dindigul,2.0,-7.750071428571429
2023-10-16 09:00:00,572,Dindigul,0.5,-7.750071428571429
2023-10-16 10:00:00,572,Dindigul,0.5,-7.7325
2023-10-16 22:00:00,572,Dindigul,1.0,-7.663928571428571
2023-10-17 23:00:00,572,Dindigul,1.0,-7.561428571428571
2023-10-19 09:00:00,572,Dindigul,30.0,-7.733642857142857
2023-10-19 10:00:00,572,Dindigul,4.0,-7.772642857142856
2023-10-23 13:00:00,572,Dindigul,3.5,-4.612
2023-10-23 14:00:00,572,Dindigul,1.0,-4.612
2023-10-25 07:00:00,572,Dindigul,2.5,-7.674285714285714
2023-10-25 18:00:00,572,Dindigul,0.5,-7.696
2023-10-26 12:00:00,572,Dindigul,0.5,-7.705
2023-10-27 04:00:00,572,Dindigul,0.5,-7.647785714285715
2023-10-27 13:00:00,572,Dindigul,1.5,-7.686714285714286
2023-10-27 16:00:00,572,Dindigul,1.5,-7.641285714285714
2023-10-27 17:00:00,572,Dindigul,2.5,-7.641285714285714
2023-10-27 18:00:00,572,Dindigul,0.5,-7.641285714285714
2023-10-27 19:00:00,572,Dindigul,2.0,-7.641285714285714
2023-10-27 21:00:00,572,Dindigul,0.5,-7.641285714285714
2023-10-27 23:00:00,572,Dindigul,1.0,-7.663928571428571
2023-10-28 00:00:00,572,Dindigul,1.0,-7.663928571428571
2023-10-28 01:00:00,572,Dindigul,0.5,-7.663928571428571
2023-10-28 03:00:00,572,Dindigul,0.5,-7.663928571428571
2023-10-28 04:00:00,572,Dindigul,0.5,-7.676285714285714
2023-10-28 05:00:00,572,Dindigul,1.5,-7.676285714285714
2023-10-28 06:00:00,572,Dindigul,3.5,-7.676285714285714
2023-10-28 07:00:00,572,Dindigul,2.5,-7.676285714285714
2023-10-28 08:00:00,572,Dindigul,0.5,-7.676285714285714
2023-10-28 11:00:00,572,Dindigul,0.5,-7.750571428571429
2023-10-28 13:00:00,572,Dindigul,0.5,-7.750571428571429
2023-10-28 16:00:00,572,Dindigul,0.5,-7.715285714285714
2023-10-28 19:00:00,572,Dindigul,1.0,-7.715285714285714
2023-10-28 20:00:00,572,Dindigul,0.5,-7.715285714285714
2023-10-28 22:00:00,572,Dindigul,2.0,-7.720785714285715
2023-10-28 23:00:00,572,Dindigul,1.5,-7.720785714285715
2023-10-29 00:00:00,572,Dindigul,1.5,-7.720785714285715
2023-10-29 02:00:00,572,Dindigul,1.5,-7.720785714285715
2023-10-29 03:00:00,572,Dindigul,2.5,-7.720785714285715
2023-10-29 04:00:00,572,Dindigul,0.5,-7.708571428571429
2023-10-29 05:00:00,572,Dindigul,4.0,-7.708571428571429
2023-10-29 06:00:00,572,Dindigul,0.5,-7.708571428571429
2023-10-29 07:00:00,572,Dindigul,1.0,-7.708571428571429
2023-10-29 08:00:00,572,Dindigul,2.0,-7.708571428571429
2023-10-29 12:00:00,572,Dindigul,0.5,-7.764285714285714
2023-10-29 13:00:00,572,Dindigul,1.0,-7.764285714285714
2023-10-29 14:00:00,572,Dindigul,2.0,-7.764285714285714
2023-10-29 22:00:00,572,Dindigul,3.0,-7.735857142857143
2023-10-31 20:00:00,572,Dindigul,2.5,-7.8177142857142865
2023-11-01 01:00:00,572,Dindigul,0.5,-7.826214285714286
2023-11-01 22:00:00,572,Dindigul,0.5,-7.884357142857143
2023-11-01 23:00:00,572,Dindigul,0.5,-7.884357142857143
2023-11-02 19:00:00,572,Dindigul,1.0,-7.902857142857143
2023-11-02 20:00:00,572,Dindigul,1.5,-7.902857142857143
2023-11-02 21:00:00,572,Dindigul,0.5,-7.902857142857143
2023-11-03 13:00:00,572,Dindigul,0.5,-7.935285714285714
2023-11-03 14:00:00,572,Dindigul,3.5,-7.935285714285714
2023-11-03 15:00:00,572,Dindigul,1.5,-7.935285714285714
2023-11-03 16:00:00,572,Dindigul,3.5,-7.8606428571428575
2023-11-04 00:00:00,572,Dindigul,0.5,-7.845
2023-11-04 05:00:00,572,Dindigul,3.5,-7.813857142857143
2023-11-04 06:00:00,572,Dindigul,1.5,-7.813857142857143
2023-11-04 12:00:00,572,Dindigul,3.5,-7.8365
2023-11-04 16:00:00,572,Dindigul,7.0,-7.764642857142857
2023-11-06 22:00:00,572,Dindigul,1.5,-7.587214285714286
2023-11-07 00:00:00,572,Dindigul,2.0,-7.587214285714286
2023-11-07 02:00:00,572,Dindigul,1.0,-7.587214285714286
2023-11-07 07:00:00,572,Dindigul,0.5,-7.573285714285714
2023-11-07 08:00:00,572,Dindigul,0.5,-7.573285714285714
2023-11-07 13:00:00,572,Dindigul,1.0,-7.582928571428572
2023-11-07 18:00:00,572,Dindigul,2.5,-7.5677142857142865
2023-11-07 19:00:00,572,Dindigul,2.5,-7.5677142857142865
2023-11-07 22:00:00,572,Dindigul,38.0,-7.543928571428571
2023-11-07 23:00:00,572,Dindigul,8.0,-7.543928571428571
2023-11-10 17:00:00,572,Dindigul,6.0,-7.2545
2023-11-10 18:00:00,572,Dindigul,0.5,-7.2545
2023-11-12 17:00:00,572,Dindigul,26.0,-19.1806
2023-11-13 04:00:00,572,Dindigul,0.5,-19.12633333333333
2023-11-13 05:00:00,572,Dindigul,1.0,-19.12633333333333
2023-11-13 06:00:00,572,Dindigul,0.5,-19.12633333333333
2023-11-13 09:00:00,572,Dindigul,0.5,-19.12633333333333
2023-11-13 12:00:00,572,Dindigul,0.5,-6.918266666666667
2023-11-13 13:00:00,572,Dindigul,1.0,-6.918266666666667
2023-11-13 14:00:00,572,Dindigul,4.5,-6.918266666666667
2023-11-13 16:00:00,572,Dindigul,0.5,-6.9341333333333335
2023-11-14 01:00:00,572,Dindigul,3.0,-6.9276
2023-11-14 03:00:00,572,Dindigul,0.5,-6.9276
2023-11-14 04:00:00,572,Dindigul,0.75,-6.847133333333333
2023-11-14 06:00:00,572,Dindigul,0.5,-6.847133333333333
2023-11-14 08:00:00,572,Dindigul,1.0,-6.847133333333333
2023-11-14 16:00:00,572,Dindigul,0.5,-19.05973333333333
2023-11-14 18:00:00,572,Dindigul,2.5,-19.05973333333333
2023-11-14 19:00:00,572,Dindigul,1.75,-19.05973333333333
2023-11-14 20:00:00,572,Dindigul,0.5,-19.05973333333333
2023-11-14 21:00:00,572,Dindigul,0.5,-19.05973333333333
2023-11-16 05:00:00,572,Dindigul,1.5,-6.794533333333334
2023-11-16 11:00:00,572,Dindigul,0.5,-6.879466666666668
2023-11-16 12:00:00,572,Dindigul,1.0,-6.879466666666668
2023-11-16 13:00:00,572,Dindigul,3.0,-6.879466666666668
2023-11-16 14:00:00,572,Dindigul,0.5,-6.879466666666668
2023-11-16 15:00:00,572,Dindigul,0.5,-0.985
2023-11-16 17:00:00,572,Dindigul,5.25,-0.985
2023-11-16 19:00:00,572,Dindigul,0.5,-6.8802666666666665
2023-11-16 20:00:00,572,Dindigul,2.0,-6.8802666666666665
2023-11-16 22:00:00,572,Dindigul,0.5,-6.885066666666666
2023-11-16 23:00:00,572,Dindigul,1.0,-6.885066666666666
2023-11-17 00:00:00,572,Dindigul,0.5,-6.885066666666666
2023-11-17 03:00:00,572,Dindigul,0.5,-6.885066666666666
2023-11-17 04:00:00,572,Dindigul,0.5,-6.874466666666666
2023-11-17 05:00:00,572,Dindigul,1.0,-6.874466666666666
2023-11-17 11:00:00,572,Dindigul,0.5,-6.881066666666666
2023-11-17 12:00:00,572,Dindigul,0.5,-6.881066666666666
2023-11-17 13:00:00,572,Dindigul,0.5,-6.881066666666666
2023-11-17 14:00:00,572,Dindigul,1.5,-6.881066666666666
2023-11-17 23:00:00,572,Dindigul,0.5,-6.808000000000001
2023-11-18 00:00:00,572,Dindigul,0.5,-6.808000000000001
2023-11-18 03:00:00,572,Dindigul,1.0,-6.808000000000001
2023-11-18 10:00:00,572,Dindigul,9.0,-6.9951428571428576
2023-11-18 11:00:00,572,Dindigul,2.5,-6.9951428571428576
2023-11-18 17:00:00,572,Dindigul,1.0,-6.7864
2023-11-18 20:00:00,572,Dindigul,0.5,-6.7864
2023-11-19 01:00:00,572,Dindigul,0.5,-6.760866666666667
2023-11-19 02:00:00,572,Dindigul,0.5,-6.760866666666667
2023-11-20 09:00:00,572,Dindigul,0.5,-6.705733333333333
2023-11-20 23:00:00,572,Dindigul,0.5,-19.043
2023-11-21 10:00:00,572,Dindigul,1.0,-19.084466666666668
2023-11-21 11:00:00,572,Dindigul,7.0,-19.084466666666668
2023-11-21 12:00:00,572,Dindigul,8.5,-19.084466666666668
2023-11-21 13:00:00,572,Dindigul,5.0,-19.084466666666668
2023-11-21 14:00:00,572,Dindigul,4.0,-19.084466666666668
2023-11-21 15:00:00,572,Dindigul,7.0,-19.084466666666668
2023-11-21 16:00:00,572,Dindigul,1.0,-19.043866666666663
2023-11-21 21:00:00,572,Dindigul,0.5,-19.043866666666663
2023-11-21 22:00:00,572,Dindigul,1.0,-19.048333333333336
2023-11-22 03:00:00,572,Dindigul,0.5,-19.048333333333336
2023-11-22 04:00:00,572,Dindigul,0.5,-19.0438
2023-11-22 05:00:00,572,Dindigul,1.0,-19.0438
2023-11-22 07:00:00,572,Dindigul,2.0,-19.0438
2023-11-22 08:00:00,572,Dindigul,1.5,-19.0438
2023-11-22 09:00:00,572,Dindigul,0.5,-19.0438
2023-11-22 10:00:00,572,Dindigul,0.5,-19.0638
2023-11-22 11:00:00,572,Dindigul,0.75,-19.0638
2023-11-22 12:00:00,572,Dindigul,14.5,-19.0638
2023-11-22 13:00:00,572,Dindigul,2.25,-19.0638
2023-11-22 14:00:00,572,Dindigul,1.5,-19.0638
2023-11-22 15:00:00,572,Dindigul,1.0,-19.0638
2023-11-22 16:00:00,572,Dindigul,3.75,-6.8537333333333335
2023-11-22 18:00:00,572,Dindigul,2.5,-6.8537333333333335
2023-11-22 19:00:00,572,Dindigul,1.5,-6.8537333333333335
2023-11-23 03:00:00,572,Dindigul,0.5,-6.8272
2023-11-23 04:00:00,572,Dindigul,1.0,-6.815666666666667
2023-11-23 05:00:00,572,Dindigul,0.5,-6.815666666666667
2023-11-23 07:00:00,572,Dindigul,10.0,-6.815666666666667
2023-11-23 09:00:00,572,Dindigul,0.5,-6.815666666666667
2023-11-23 10:00:00,572,Dindigul,2.75,-6.855933333333334
2023-11-23 11:00:00,572,Dindigul,4.5,-6.855933333333334
2023-11-23 12:00:00,572,Dindigul,1.0,-6.855933333333334
2023-11-23 15:00:00,572,Dindigul,1.0,-6.855933333333334
2023-11-23 16:00:00,572,Dindigul,0.5,-6.843
2023-11-24 08:00:00,572,Dindigul,0.5,-19.026666666666664
2023-11-24 09:00:00,572,Dindigul,1.5,-19.026666666666664
2023-11-24 10:00:00,572,Dindigul,0.5,-19.0838
2023-11-24 11:00:00,572,Dindigul,4.0,-19.0838
2023-11-24 12:00:00,572,Dindigul,2.5,-19.0838
2023-11-24 13:00:00,572,Dindigul,0.5,-19.0838
2023-11-24 14:00:00,572,Dindigul,4.5,-19.0838
2023-11-24 15:00:00,572,Dindigul,1.5,-19.0838
2023-11-24 16:00:00,572,Dindigul,1.5,-20.106357142857146
2023-11-24 17:00:00,572,Dindigul,1.5,-20.106357142857146
2023-11-25 12:00:00,572,Dindigul,2.5,-19.016466666666663
2023-11-25 17:00:00,572,Dindigul,17.5,-18.9872
2023-11-25 18:00:00,572,Dindigul,1.0,-18.9872
2023-11-25 21:00:00,572,Dindigul,1.0,-18.9872
2023-11-25 22:00:00,572,Dindigul,0.5,-18.86393333333333
2023-11-26 00:00:00,572,Dindigul,3.0,-18.86393333333333
2023-11-26 01:00:00,572,Dindigul,12.0,-18.86393333333333
2023-11-26 06:00:00,572,Dindigul,0.5,-18.80013333333333
2023-11-26 07:00:00,572,Dindigul,0.5,-18.80013333333333
2023-11-26 11:00:00,572,Dindigul,0.5,-18.826266666666665
2023-11-26 16:00:00,572,Dindigul,0.5,-18.766133333333336
2023-11-28 16:00:00,572,Dindigul,8.5,-6.5016
2023-12-01 10:00:00,572,Dindigul,14.0,-18.6882
2023-12-01 10:15:00,572,Dindigul,0.5,-18.6882
2023-12-01 10:25:00,572,Dindigul,5.0,-18.6882
2023-12-01 10:30:00,572,Dindigul,6.5,-18.6882
2023-12-01 10:35:00,572,Dindigul,8.5,-18.6882
2023-12-01 11:00:00,572,Dindigul,8.5,-18.6882
2023-12-02 07:00:00,572,Dindigul,0.5,-6.014666666666667
2023-12-02 11:00:00,572,Dindigul,0.5,-6.028
2023-12-02 12:00:00,572,Dindigul,1.0,-6.028
2023-12-03 21:00:00,572,Dindigul,0.5,-6.309692307692307
2023-12-03 22:00:00,572,Dindigul,2.5,-6.296384615384615
2023-12-05 20:00:00,572,Dindigul,1.0,-6.455933333333333
2023-12-05 21:00:00,572,Dindigul,18.5,-6.455933333333333
2023-12-08 21:00:00,572,Dindigul,19.0,-6.528666666666667
2023-12-08 22:00:00,572,Dindigul,1.0,-6.549266666666667
2023-12-08 23:00:00,572,Dindigul,15.0,-6.549266666666667
2023-12-09 00:00:00,572,Dindigul,12.25,-6.549266666666667
2023-12-09 01:00:00,572,Dindigul,3.5,-6.549266666666667
2023-12-09 02:00:00,572,Dindigul,12.0,-6.549266666666667
2023-12-09 03:00:00,572,Dindigul,6.0,-6.549266666666667
2023-12-09 04:00:00,572,Dindigul,9.0,-6.523866666666667
2023-12-09 09:00:00,572,Dindigul,0.5,-6.523866666666667
2023-12-10 12:00:00,572,Dindigul,0.5,-6.645133333333334
2023-12-11 00:00:00,572,Dindigul,0.5,-6.558199999999999
2023-12-16 20:00:00,572,Dindigul,0.5,-6.6698
2023-12-16 22:00:00,572,Dindigul,0.5,-7.036214285714286
2023-12-17 00:00:00,572,Dindigul,0.5,-7.036214285714286
2023-12-17 16:00:00,572,Dindigul,1.3333333333333333,-7.094428571428572
2023-12-17 17:00:00,572,Dindigul,1.0,-7.094428571428572
2023-12-17 18:00:00,572,Dindigul,4.166666666666667,-7.094428571428572
2023-12-17 19:00:00,572,Dindigul,0.5,-7.094428571428572
2023-12-17 20:00:00,572,Dindigul,1.25,-7.094428571428572
2023-12-17 21:00:00,572,Dindigul,1.0,-7.094428571428572
2023-12-17 22:00:00,572,Dindigul,4.666666666666667,-7.060642857142857
2023-12-17 23:00:00,572,Dindigul,4.5,-7.060642857142857
2023-12-18 00:00:00,572,Dindigul,3.5,-7.060642857142857
2023-12-18 01:00:00,572,Dindigul,1.25,-7.060642857142857
2023-12-18 02:00:00,572,Dindigul,3.0,-7.060642857142857
2023-12-18 03:00:00,572,Dindigul,2.6666666666666665,-7.060642857142857
2023-12-18 04:00:00,572,Dindigul,4.25,-7.068714285714286
2023-12-18 05:00:00,572,Dindigul,2.333333333333333,-7.068714285714286
2023-12-18 06:00:00,572,Dindigul,3.5,-7.068714285714286
2023-12-18 07:00:00,572,Dindigul,3.0,-7.068714285714286
2023-12-18 08:00:00,572,Dindigul,2.0,-7.068714285714286
2023-12-18 09:00:00,572,Dindigul,3.5,-7.068714285714286
2023-12-18 10:00:00,572,Dindigul,2.0,-7.074714285714286
2023-12-18 13:00:00,572,Dindigul,1.0,-7.074714285714286
2023-12-18 14:00:00,572,Dindigul,0.5,-7.074714285714286
2023-12-18 15:00:00,572,Dindigul,0.5,-7.074714285714286
2023-12-21 06:00:00,572,Dindigul,0.5,-6.941714285714285
2023-12-21 08:00:00,572,Dindigul,1.0,-6.941714285714285
2023-12-21 09:00:00,572,Dindigul,1.0,-6.941714285714285
2023-12-21 14:00:00,572,Dindigul,0.5,-6.985285714285715
2023-12-22 14:00:00,572,Dindigul,2.5,-6.9432857142857145
2023-12-22 15:00:00,572,Dindigul,1.5,-6.9432857142857145
2023-12-24 14:00:00,572,Dindigul,0.5,-6.990571428571428
2023-12-25 11:00:00,572,Dindigul,0.5,-7.025285714285714
2023-12-25 13:00:00,572,Dindigul,0.5,-7.025285714285714
2023-12-25 15:00:00,572,Dindigul,0.5,-7.025285714285714
2023-12-27 15:00:00,572,Dindigul,0.5,-6.977428571428571
2023-12-27 18:00:00,572,Dindigul,0.5,-6.964571428571428
2023-12-27 19:00:00,572,Dindigul,1.0,-6.964571428571428
2023-12-28 13:00:00,572,Dindigul,4.0,-7.031071428571429
2023-12-28 15:00:00,572,Dindigul,2.0,-7.031071428571429
2023-12-28 16:00:00,572,Dindigul,1.0,-7.003
2023-12-29 03:00:00,572,Dindigul,0.5,-7.027571428571428
2023-12-29 04:00:00,572,Dindigul,0.5,-7.0065
2023-12-29 09:00:00,572,Dindigul,0.5,-7.0065
2023-12-29 10:00:00,572,Dindigul,0.5,-7.024428571428572
2023-12-29 12:00:00,572,Dindigul,0.5,-7.024428571428572
2023-12-29 14:00:00,572,Dindigul,2.0,-7.024428571428572
2023-12-29 16:00:00,572,Dindigul,0.5,-7.009571428571428
2023-12-29 19:00:00,572,Dindigul,0.8333333333333334,-7.009571428571428
2023-12-30 22:00:00,572,Dindigul,0.5,-7.13246153846154
2023-12-31 11:00:00,572,Dindigul,0.5,-7.0629285714285714
2024-01-01 00:00:00,572,Dindigul,0.5,-7.060714285714285
2024-01-01 03:00:00,572,Dindigul,0.5,-7.060714285714285
2024-01-01 10:00:00,572,Dindigul,1.0,-7.021928571428572
2024-01-01 18:00:00,572,Dindigul,0.5,-6.988428571428571
2024-01-02 00:00:00,572,Dindigul,0.5,-6.998214285714286
2024-01-03 17:00:00,572,Dindigul,0.5,-7.033928571428571
2024-01-03 20:00:00,572,Dindigul,1.0,-7.033928571428571
2024-01-04 18:00:00,572,Dindigul,1.0,-7.035000000000001
2024-01-04 19:00:00,572,Dindigul,0.5,-7.035000000000001
2024-01-04 20:00:00,572,Dindigul,1.5,-7.035000000000001
2024-01-04 21:00:00,572,Dindigul,2.75,-7.035000000000001
2024-01-04 22:00:00,572,Dindigul,3.75,-7.038461538461538
2024-01-04 23:00:00,572,Dindigul,3.75,-7.038461538461538
2024-01-05 00:00:00,572,Dindigul,2.25,-7.038461538461538
2024-01-05 01:00:00,572,Dindigul,11.0,-7.038461538461538
2024-01-05 02:00:00,572,Dindigul,3.0,-7.038461538461538
2024-01-05 03:00:00,572,Dindigul,6.5,-7.038461538461538
2024-01-05 04:00:00,572,Dindigul,1.5,-7.034857142857143
2024-01-05 05:00:00,572,Dindigul,0.6666666666666666,-7.034857142857143
2024-01-05 06:00:00,572,Dindigul,0.75,-7.034857142857143
2024-01-05 07:00:00,572,Dindigul,0.5,-7.034857142857143
2024-01-05 09:00:00,572,Dindigul,0.5,-7.034857142857143
2024-01-05 15:00:00,572,Dindigul,0.5,-7.043500000000001
2024-01-06 12:00:00,572,Dindigul,0.5,-7.026428571428572
2024-01-06 17:00:00,572,Dindigul,0.5,-7.013071428571428
2024-01-06 20:00:00,572,Dindigul,2.5,-7.013071428571428
2024-01-06 21:00:00,572,Dindigul,3.25,-7.013071428571428
2024-01-06 22:00:00,572,Dindigul,32.0,-6.997285714285714
2024-01-06 23:00:00,572,Dindigul,5.0,-6.997285714285714
2024-01-07 00:00:00,572,Dindigul,0.5,-6.997285714285714
2024-01-07 01:00:00,572,Dindigul,0.5,-6.997285714285714
2024-01-07 04:00:00,572,Dindigul,0.5,-7.114923076923077
2024-01-07 06:00:00,572,Dindigul,0.5,-7.114923076923077
2024-01-07 10:00:00,572,Dindigul,1.0,-7.159307692307692
2024-01-08 13:00:00,572,Dindigul,0.5,-7.126928571428572
2024-01-08 20:00:00,572,Dindigul,0.5,-7.118428571428572
2024-01-09 07:00:00,572,Dindigul,2.5,-7.0925
2024-01-09 08:00:00,572,Dindigul,2.5,-7.0925
2024-01-09 09:00:00,572,Dindigul,2.0,-7.0925
2024-01-09 10:00:00,572,Dindigul,4.5,-6.999285714285714
2024-01-09 11:00:00,572,Dindigul,2.25,-6.999285714285714
2024-01-09 12:00:00,572,Dindigul,1.25,-6.999285714285714
2024-01-09 13:00:00,572,Dindigul,0.75,-6.999285714285714
2024-01-09 14:00:00,572,Dindigul,0.5,-6.999285714285714
2024-01-09 15:00:00,572,Dindigul,2.1666666666666665,-6.999285714285714
2024-01-09 16:00:00,572,Dindigul,1.0,-6.941571428571429
2024-01-10 10:00:00,572,Dindigul,0.5,-6.859285714285714
2024-01-11 12:00:00,572,Dindigul,0.5,-6.913428571428573
2024-01-11 17:00:00,572,Dindigul,0.5,-6.819857142857144
2024-01-12 20:00:00,572,Dindigul,0.5,-6.725928571428571
2024-01-14 08:00:00,572,Dindigul,0.5,-6.710928571428572
2024-01-14 14:00:00,572,Dindigul,0.5,-6.509
2024-01-15 12:00:00,572,Dindigul,0.5,-6.4432307692307695
2024-01-19 14:00:00,572,Dindigul,0.5,-6.398538461538461
2024-01-26 13:00:00,572,Dindigul,1.0,-6.546076923076923
2024-01-28 02:00:00,572,Dindigul,0.5,-6.449846153846154
2024-01-28 11:00:00,572,Dindigul,0.5,-6.464363636363637
2024-01-28 12:00:00,572,Dindigul,1.0,-6.464363636363637
2024-01-28 18:00:00,572,Dindigul,0.5,-6.360076923076923
2024-02-03 14:00:00,572,Dindigul,0.5,-6.733538461538462
2024-02-03 15:00:00,572,Dindigul,0.5,-6.733538461538462
2024-02-03 18:00:00,572,Dindigul,0.5,-6.763000000000001
2024-02-12 13:00:00,572,Dindigul,0.5,-6.977461538461538
2024-02-13 01:00:00,572,Dindigul,0.5,-6.9910000000000005
2024-02-21 14:00:00,572,Dindigul,0.5,-7.129
2024-02-27 14:00:00,572,Dindigul,0.5,-7.782307692307692
2024-03-02 12:00:00,572,Dindigul,0.5,-7.431714285714285
2024-03-11 16:00:00,572,Dindigul,0.5,-7.660142857142858
2024-03-21 23:00:00,572,Dindigul,4.5,-7.915142857142857
2024-04-12 13:00:00,572,Dindigul,0.5,-8.6206
2024-04-12 14:00:00,572,Dindigul,2.5,-8.6206
2024-04-12 15:00:00,572,Dindigul,0.75,-8.6206
2024-04-12 16:00:00,572,Dindigul,3.75,-8.610733333333334
2024-04-12 17:00:00,572,Dindigul,20.5,-8.610733333333334
2024-04-12 19:00:00,572,Dindigul,0.5,-8.610733333333334
2024-04-12 20:00:00,572,Dindigul,0.5,-8.610733333333334
2024-04-13 18:00:00,572,Dindigul,0.5,-8.661733333333332
2024-05-05 16:00:00,572,Dindigul,1.0,-9.271533333333334
2024-05-05 17:00:00,572,Dindigul,3.0,-9.271533333333334
2024-05-05 18:00:00,572,Dindigul,29.0,-9.271533333333334
2024-05-05 19:00:00,572,Dindigul,14.5,-9.271533333333334
2024-05-08 21:00:00,572,Dindigul,1.25,-9.395466666666666
2024-05-09 23:00:00,572,Dindigul,0.5,-9.310933333333333
2024-05-10 00:00:00,572,Dindigul,0.75,-9.310933333333333
2024-05-10 01:00:00,572,Dindigul,5.0,-9.310933333333333
2024-05-10 02:00:00,572,Dindigul,1.6666666666666667,-9.310933333333333
2024-05-10 03:00:00,572,Dindigul,0.5,-9.310933333333333
2024-05-10 04:00:00,572,Dindigul,0.5,-9.290466666666669
2024-05-10 18:00:00,572,Dindigul,5.5,-9.372733333333334
2024-05-10 21:00:00,572,Dindigul,0.5,-9.372733333333334
2024-05-11 09:00:00,572,Dindigul,0.5,-9.331933333333334
2024-05-11 14:00:00,572,Dindigul,40.5,-9.386133333333332
2024-05-11 15:00:00,572,Dindigul,1.0,-9.386133333333332
2024-05-12 09:00:00,572,Dindigul,33.0,-9.311
2024-05-12 17:00:00,572,Dindigul,0.5,-9.361133333333331
2024-05-12 18:00:00,572,Dindigul,17.25,-9.361133333333331
2024-05-12 19:00:00,572,Dindigul,6.0,-9.361133333333331
2024-05-12 20:00:00,572,Dindigul,1.0,-9.361133333333331
2024-05-12 21:00:00,572,Dindigul,2.0,-9.361133333333331
2024-05-12 22:00:00,572,Dindigul,0.75,-9.347866666666668
2024-05-12 23:00:00,572,Dindigul,1.25,-9.347866666666668
2024-05-13 00:00:00,572,Dindigul,1.5,-9.347866666666668
2024-05-13 01:00:00,572,Dindigul,0.5,-9.347866666666668
2024-05-13 14:00:00,572,Dindigul,5.5,-9.393133333333331
2024-05-13 15:00:00,572,Dindigul,64.5,-9.393133333333331
2024-05-13 16:00:00,572,Dindigul,6.0,-9.393266666666667
2024-05-13 17:00:00,572,Dindigul,2.5,-9.393266666666667
2024-05-13 18:00:00,572,Dindigul,0.6666666666666666,-9.393266666666667
2024-05-13 19:00:00,572,Dindigul,0.8333333333333334,-9.393266666666667
2024-05-14 01:00:00,572,Dindigul,0.5,-9.3514
2024-05-14 22:00:00,572,Dindigul,0.5,-9.347933333333334
2024-05-15 13:00:00,572,Dindigul,0.5,-9.376333333333331
2024-05-15 14:00:00,572,Dindigul,2.5,-9.376333333333331
2024-05-15 15:00:00,572,Dindigul,0.5,-9.376333333333331
2024-05-15 18:00:00,572,Dindigul,4.0,-9.366533333333331
2024-05-15 19:00:00,572,Dindigul,3.0,-9.366533333333331
2024-05-15 20:00:00,572,Dindigul,15.25,-9.366533333333331
2024-05-15 21:00:00,572,Dindigul,2.0,-9.366533333333331
2024-05-15 22:00:00,572,Dindigul,8.75,-9.341733333333334
2024-05-15 23:00:00,572,Dindigul,2.0,-9.341733333333334
2024-05-16 00:00:00,572,Dindigul,0.5,-9.341733333333334
2024-05-17 03:00:00,572,Dindigul,5.5,-9.373533333333334
2024-05-17 04:00:00,572,Dindigul,1.0,-9.362333333333334
2024-05-17 12:00:00,572,Dindigul,1.0,-9.407
2024-05-17 17:00:00,572,Dindigul,0.5,-9.3854
2024-05-17 18:00:00,572,Dindigul,4.25,-9.3854
2024-05-17 19:00:00,572,Dindigul,1.5,-9.3854
2024-05-17 20:00:00,572,Dindigul,1.25,-9.3854
2024-05-17 21:00:00,572,Dindigul,1.5,-9.3854
2024-05-18 15:00:00,572,Dindigul,0.5,-9.402933333333332
2024-05-19 14:00:00,572,Dindigul,16.5,-9.3588
2024-05-19 15:00:00,572,Dindigul,3.5,-9.3588
2024-05-19 16:00:00,572,Dindigul,0.5,-9.371466666666668
2024-05-19 17:00:00,572,Dindigul,20.75,-9.371466666666668
2024-05-19 18:00:00,572,Dindigul,5.75,-9.371466666666668
2024-05-19 19:00:00,572,Dindigul,1.75,-9.371466666666668
2024-05-19 20:00:00,572,Dindigul,3.125,-9.371466666666668
2024-05-19 21:00:00,572,Dindigul,0.5,-9.371466666666668
2024-05-20 13:00:00,572,Dindigul,0.5,-9.305733333333334
2024-05-20 14:00:00,572,Dindigul,2.0,-9.305733333333334
2024-05-20 15:00:00,572,Dindigul,2.25,-9.305733333333334
2024-05-20 16:00:00,572,Dindigul,10.0,-9.308666666666666
2024-05-20 17:00:00,572,Dindigul,3.5,-9.308666666666666
2024-05-20 19:00:00,572,Dindigul,2.0,-9.308666666666666
2024-05-20 20:00:00,572,Dindigul,0.6666666666666666,-9.308666666666666
2024-05-20 21:00:00,572,Dindigul,1.0,-9.308666666666666
2024-05-20 22:00:00,572,Dindigul,0.625,-9.241666666666667
2024-05-20 23:00:00,572,Dindigul,0.5,-9.241666666666667
2024-05-21 22:00:00,572,Dindigul,0.5,-9.152
2024-05-22 00:00:00,572,Dindigul,0.5,-9.152
2024-05-22 17:00:00,572,Dindigul,0.5,-9.119933333333334
2024-05-22 18:00:00,572,Dindigul,7.0,-9.119933333333334
2024-05-22 19:00:00,572,Dindigul,2.5,-9.119933333333334
2024-05-22 20:00:00,572,Dindigul,0.6666666666666666,-9.119933333333334
2024-05-22 21:00:00,572,Dindigul,0.5,-9.119933333333334
2024-05-22 23:00:00,572,Dindigul,0.5,-9.0818
2024-05-23 01:00:00,572,Dindigul,0.5,-9.0818
2024-05-23 13:00:00,572,Dindigul,0.5,-9.246857142857142
2024-05-23 16:00:00,572,Dindigul,2.5,-6.569799999999999
2024-05-23 17:00:00,572,Dindigul,9.0,-6.569799999999999
2024-05-23 21:00:00,572,Dindigul,0.5,-6.569799999999999
2024-05-24 11:00:00,572,Dindigul,1.5,-8.779266666666667
2024-05-24 12:00:00,572,Dindigul,0.5,-8.779266666666667
2024-05-24 13:00:00,572,Dindigul,0.5,-8.779266666666667
2024-06-01 16:00:00,572,Dindigul,2.5,-8.464599999999999
2024-06-01 17:00:00,572,Dindigul,0.5,-8.464599999999999
2024-06-01 20:20:00,572,Dindigul,0.5,-8.464599999999999
2024-06-01 20:25:00,572,Dindigul,0.5,-8.464599999999999
2024-06-01 20:30:00,572,Dindigul,0.5,-8.464599999999999
2024-06-01 20:35:00,572,Dindigul,1.0,-8.464599999999999
2024-06-01 20:40:00,572,Dindigul,1.0,-8.464599999999999
2024-06-01 20:45:00,572,Dindigul,1.0,-8.464599999999999
2024-06-01 20:50:00,572,Dindigul,1.0,-8.464599999999999
2024-06-01 20:55:00,572,Dindigul,1.0,-8.464599999999999
2024-06-01 21:00:00,572,Dindigul,1.0,-8.464599999999999
2024-06-01 21:10:00,572,Dindigul,0.5,-8.3782
2024-06-01 21:15:00,572,Dindigul,0.5,-8.3782
2024-06-01 21:20:00,572,Dindigul,0.5,-8.3782
2024-06-01 21:25:00,572,Dindigul,0.5,-8.3782
2024-06-01 21:30:00,572,Dindigul,0.5,-8.3782
2024-06-01 21:35:00,572,Dindigul,0.5,-8.3782
2024-06-01 21:40:00,572,Dindigul,0.5,-8.3782
2024-06-01 21:45:00,572,Dindigul,0.5,-8.3782
2024-06-01 21:50:00,572,Dindigul,0.5,-8.3782
2024-06-01 21:55:00,572,Dindigul,0.5,-8.3782
2024-06-01 22:00:00,572,Dindigul,0.5,-8.3782
2024-06-02 17:00:00,572,Dindigul,21.0,-8.3858
2024-06-04 19:00:00,572,Dindigul,1.5,-8.307066666666666
2024-06-05 16:00:00,572,Dindigul,26.0,-8.289533333333333
2024-06-05 17:00:00,572,Dindigul,0.5,-8.289533333333333
2024-06-06 17:00:00,572,Dindigul,9.0,-8.243933333333334
2024-06-06 18:00:00,572,Dindigul,3.6666666666666665,-8.243933333333334
2024-06-06 19:00:00,572,Dindigul,0.5,-8.243933333333334
2024-06-06 20:00:00,572,Dindigul,0.5,-8.243933333333334
2024-06-06 21:00:00,572,Dindigul,2.5,-8.243933333333334
2024-06-06 22:00:00,572,Dindigul,1.0,-8.228466666666668
2024-06-07 16:00:00,572,Dindigul,1.0,-8.157133333333332
2024-06-07 17:00:00,572,Dindigul,1.0,-8.157133333333332
2024-06-07 18:00:00,572,Dindigul,3.0,-8.157133333333332
2024-06-07 19:00:00,572,Dindigul,16.0,-8.157133333333332
2024-06-08 18:00:00,572,Dindigul,2.0,-8.120066666666666
2024-06-08 19:00:00,572,Dindigul,1.5,-8.120066666666666
2024-06-13 14:00:00,572,Dindigul,16.0,-8.0452
2024-06-13 14:15:00,572,Dindigul,2.5,-8.0452
2024-06-13 14:20:00,572,Dindigul,2.5,-8.0452
2024-06-13 15:00:00,572,Dindigul,3.5,-8.0452
2024-06-17 16:00:00,572,Dindigul,0.5,-8.3716875
2024-06-17 17:00:00,572,Dindigul,8.0,-8.3716875
2024-06-17 18:00:00,572,Dindigul,2.5,-8.3716875
2024-06-18 14:00:00,572,Dindigul,0.5,-8.3519375
2024-06-18 15:00:00,572,Dindigul,1.0,-8.3519375
2024-06-25 23:00:00,572,Dindigul,0.5,-6.780538461538462
2024-06-26 00:00:00,572,Dindigul,0.5,-6.780538461538462
2024-06-26 03:00:00,572,Dindigul,0.5,-6.780538461538462
2024-06-27 10:00:00,572,Dindigul,0.5,-8.5480625
2024-07-10 17:00:00,572,Dindigul,1.5,-8.9392
2024-07-12 15:00:00,572,Dindigul,3.0,-9.0246
2024-07-12 16:00:00,572,Dindigul,1.5,-9.016333333333334
2024-07-12 17:00:00,572,Dindigul,1.0,-9.016333333333334
2024-07-12 21:00:00,572,Dindigul,0.5,-9.016333333333334
2024-07-14 02:00:00,572,Dindigul,0.5,-9.1455
2024-07-14 03:00:00,572,Dindigul,0.5,-9.1455
2024-07-14 04:45:00,572,Dindigul,0.5,-9.1341875
2024-07-14 04:50:00,572,Dindigul,0.5,-9.1341875
2024-07-14 04:55:00,572,Dindigul,0.5,-9.1341875
2024-07-14 05:00:00,572,Dindigul,0.5,-9.1341875
2024-07-15 04:00:00,572,Dindigul,0.5,-9.049266666666666
2024-07-15 13:00:00,572,Dindigul,0.75,-9.1156
2024-07-15 15:25:00,572,Dindigul,0.5,-9.126933333333334
2024-07-15 15:30:00,572,Dindigul,0.5,-9.126933333333334
2024-07-15 15:35:00,572,Dindigul,0.5,-9.126933333333334
2024-07-15 15:40:00,572,Dindigul,0.5,-9.126933333333334
2024-07-15 15:45:00,572,Dindigul,1.0,-9.126933333333334
2024-07-15 15:50:00,572,Dindigul,1.0,-9.126933333333334
2024-07-15 15:55:00,572,Dindigul,1.0,-9.126933333333334
2024-07-15 16:00:00,572,Dindigul,0.75,-9.126933333333334
2024-07-15 19:00:00,572,Dindigul,0.5,-9.126933333333334
2024-07-15 21:40:00,572,Dindigul,0.5,-9.228066666666669
2024-07-15 21:45:00,572,Dindigul,0.5,-9.228066666666669
2024-07-15 21:50:00,572,Dindigul,0.5,-9.228066666666669
2024-07-15 21:55:00,572,Dindigul,0.5,-9.228066666666669
2024-07-15 22:00:00,572,Dindigul,0.5,-9.228066666666669
2024-07-15 22:10:00,572,Dindigul,0.5,-9.228066666666669
2024-07-15 22:15:00,572,Dindigul,0.5,-9.228066666666669
2024-07-16 00:00:00,572,Dindigul,0.5,-9.228066666666669
2024-07-16 01:00:00,572,Dindigul,0.5,-9.228066666666669
2024-07-16 02:00:00,572,Dindigul,0.5,-9.228066666666669
2024-07-16 05:00:00,572,Dindigul,0.5,-9.057266666666669
2024-07-16 06:00:00,572,Dindigul,0.5,-9.057266666666669
2024-07-18 01:00:00,572,Dindigul,0.5,-9.737153846153848
2024-07-18 02:00:00,572,Dindigul,0.5,-9.737153846153848
2024-07-18 06:00:00,572,Dindigul,1.25,-9.735076923076925
2024-07-18 07:00:00,572,Dindigul,0.75,-9.735076923076925
2024-07-18 15:00:00,572,Dindigul,0.5,-9.772076923076924
2024-07-18 18:00:00,572,Dindigul,0.5,-9.753307692307692
2024-07-25 05:00:00,572,Dindigul,0.5,-9.755857142857142
2024-07-25 16:00:00,572,Dindigul,3.0,-9.819785714285716
2024-07-25 17:00:00,572,Dindigul,1.25,-9.819785714285716
2024-07-29 21:00:00,572,Dindigul,1.25,-9.966071428571428
2024-07-30 00:00:00,572,Dindigul,0.5,-9.899285714285714
2024-07-30 01:00:00,572,Dindigul,0.5,-9.899285714285714
2024-07-30 05:00:00,572,Dindigul,0.5,-9.875428571428571
2024-07-30 19:20:00,572,Dindigul,2.0,-9.934571428571427
2024-07-30 20:00:00,572,Dindigul,2.0,-9.934571428571427
2024-08-03 17:00:00,572,Dindigul,18.0,-10.099928571428572
2024-08-03 18:00:00,572,Dindigul,1.0,-10.099928571428572
2024-08-03 20:00:00,572,Dindigul,0.5,-10.099928571428572
2024-08-04 20:00:00,572,Dindigul,17.5,-10.428769230769232
2024-08-04 21:00:00,572,Dindigul,0.5,-10.428769230769232
2024-08-05 21:50:00,572,Dindigul,0.5,-10.102357142857144
2024-08-05 21:55:00,572,Dindigul,0.5,-10.102357142857144
2024-08-05 22:00:00,572,Dindigul,0.75,-10.102357142857144
2024-08-05 22:40:00,572,Dindigul,0.5,-10.102357142857144
2024-08-05 22:45:00,572,Dindigul,0.5,-10.102357142857144
2024-08-05 22:50:00,572,Dindigul,0.5,-10.102357142857144
2024-08-05 22:55:00,572,Dindigul,0.5,-10.102357142857144
2024-08-05 23:00:00,572,Dindigul,0.5,-10.102357142857144
2024-08-05 23:10:00,572,Dindigul,0.5,-10.102357142857144
2024-08-05 23:15:00,572,Dindigul,0.5,-10.102357142857144
2024-08-05 23:20:00,572,Dindigul,0.5,-10.102357142857144
2024-08-05 23:25:00,572,Dindigul,0.5,-10.102357142857144
2024-08-05 23:30:00,572,Dindigul,0.5,-10.102357142857144
2024-08-05 23:35:00,572,Dindigul,0.5,-10.102357142857144
2024-08-05 23:40:00,572,Dindigul,0.5,-10.102357142857144
2024-08-05 23:45:00,572,Dindigul,0.5,-10.102357142857144
2024-08-05 23:50:00,572,Dindigul,0.5,-10.102357142857144
2024-08-05 23:55:00,572,Dindigul,0.5,-10.102357142857144
2024-08-06 00:00:00,572,Dindigul,0.5,-10.102357142857144
2024-08-06 16:00:00,572,Dindigul,3.5,-10.139785714285711
2024-08-06 17:00:00,572,Dindigul,0.5,-10.139785714285711
2024-08-06 20:00:00,572,Dindigul,1.0,-10.139785714285711
2024-08-06 21:00:00,572,Dindigul,0.8333333333333334,-10.139785714285711
2024-08-06 22:00:00,572,Dindigul,0.5,-10.115785714285716
2024-08-06 23:00:00,572,Dindigul,0.5,-10.115785714285716
2024-08-07 22:00:00,572,Dindigul,0.5,-10.165928571428571
2024-08-08 15:00:00,572,Dindigul,1.5,-10.211
2024-08-08 19:00:00,572,Dindigul,0.5,-10.227928571428572
2024-08-08 20:00:00,572,Dindigul,4.5,-10.227928571428572
2024-08-08 21:00:00,572,Dindigul,0.5,-10.227928571428572
2024-08-09 07:00:00,572,Dindigul,0.5,-10.636
2024-08-09 17:00:00,572,Dindigul,2.5,-7.695384615384616
2024-08-09 18:00:00,572,Dindigul,0.5,-7.695384615384616
2024-08-09 19:00:00,572,Dindigul,2.5,-7.695384615384616
2024-08-09 20:00:00,572,Dindigul,2.0,-7.695384615384616
2024-08-09 23:00:00,572,Dindigul,0.5,-7.6977692307692305
2024-08-10 17:00:00,572,Dindigul,2.0,-10.317615384615385
2024-08-10 19:00:00,572,Dindigul,1.0,-10.317615384615385
2024-08-10 23:00:00,572,Dindigul,0.5,-10.295230769230768
2024-08-11 00:00:00,572,Dindigul,0.5,-10.295230769230768
2024-08-11 01:00:00,572,Dindigul,0.75,-10.295230769230768
2024-08-11 12:00:00,572,Dindigul,0.5,-10.627384615384615
2024-08-11 19:00:00,572,Dindigul,63.0,-11.50690909090909
2024-08-11 20:00:00,572,Dindigul,23.0,-11.50690909090909
2024-08-11 23:00:00,572,Dindigul,1.5,-11.492363636363637
2024-08-12 00:00:00,572,Dindigul,0.5,-11.492363636363637
2024-08-12 01:00:00,572,Dindigul,0.5,-11.492363636363637
2024-08-12 04:00:00,572,Dindigul,0.5,-10.3615
2024-08-12 05:00:00,572,Dindigul,0.5,-10.3615
2024-08-12 08:00:00,572,Dindigul,0.5,-10.3615
2024-08-12 10:00:00,572,Dindigul,0.5,-10.334928571428572
2024-08-12 13:00:00,572,Dindigul,1.0,-10.334928571428572
2024-08-12 14:00:00,572,Dindigul,0.5,-10.334928571428572
2024-08-12 15:00:00,572,Dindigul,0.5,-10.334928571428572
2024-08-12 16:00:00,572,Dindigul,1.0,-7.299846153846153
2024-08-12 18:00:00,572,Dindigul,0.5,-7.299846153846153
2024-08-12 19:00:00,572,Dindigul,0.5,-7.299846153846153
2024-08-12 22:00:00,572,Dindigul,0.5,-7.276384615384615
2024-08-13 01:00:00,572,Dindigul,0.5,-7.276384615384615
2024-08-13 02:00:00,572,Dindigul,9.5,-7.276384615384615
2024-08-13 03:00:00,572,Dindigul,10.25,-7.276384615384615
2024-08-13 04:00:00,572,Dindigul,0.5,-10.282076923076923
2024-08-13 06:00:00,572,Dindigul,0.5,-10.282076923076923
2024-08-13 07:00:00,572,Dindigul,0.5,-10.282076923076923
2024-08-13 10:00:00,572,Dindigul,0.5,-10.292461538461538
2024-08-13 12:00:00,572,Dindigul,0.5,-10.292461538461538
2024-08-13 13:00:00,572,Dindigul,0.5,-10.292461538461538
2024-08-13 15:00:00,572,Dindigul,0.5,-10.292461538461538
2024-08-13 17:00:00,572,Dindigul,0.5,-7.135375
2024-08-13 18:00:00,572,Dindigul,0.5,-7.135375
2024-08-13 20:00:00,572,Dindigul,0.5,-7.135375
2024-08-13 21:00:00,572,Dindigul,0.75,-7.135375
2024-08-13 23:00:00,572,Dindigul,0.5,-7.09325
2024-08-14 00:00:00,572,Dindigul,0.5,-7.09325
2024-08-14 02:00:00,572,Dindigul,0.5,-7.09325
2024-08-14 04:00:00,572,Dindigul,0.5,-10.4
2024-08-14 05:00:00,572,Dindigul,0.5,-10.4
2024-08-14 07:00:00,572,Dindigul,0.5,-10.4
2024-08-14 08:00:00,572,Dindigul,0.5,-10.4
2024-08-14 09:00:00,572,Dindigul,0.5,-10.4
2024-08-14 11:00:00,572,Dindigul,0.5,-10.43425
2024-08-14 12:00:00,572,Dindigul,0.5,-10.43425
2024-08-14 13:00:00,572,Dindigul,0.5,-10.43425
2024-08-14 14:00:00,572,Dindigul,0.5,-10.43425
2024-08-14 15:00:00,572,Dindigul,0.5,-10.43425
2024-08-14 16:00:00,572,Dindigul,0.5,-9.897625
2024-08-14 17:00:00,572,Dindigul,0.5,-9.897625
2024-08-14 18:00:00,572,Dindigul,0.5,-9.897625
2024-08-14 19:00:00,572,Dindigul,0.5,-9.897625
2024-08-14 20:00:00,572,Dindigul,0.5,-9.897625
2024-08-14 21:00:00,572,Dindigul,1.0,-9.897625
2024-08-14 22:00:00,572,Dindigul,4.25,-9.89725
2024-08-14 23:00:00,572,Dindigul,0.5,-9.89725
2024-08-15 00:00:00,572,Dindigul,1.0,-9.89725
2024-08-15 02:00:00,572,Dindigul,0.5,-9.89725
2024-08-15 03:00:00,572,Dindigul,0.5,-9.89725
2024-08-15 04:00:00,572,Dindigul,0.5,-9.791133333333333
2024-08-15 05:00:00,572,Dindigul,0.5,-9.791133333333333
2024-08-15 07:00:00,572,Dindigul,0.5,-9.791133333333333
2024-08-15 08:00:00,572,Dindigul,0.5,-9.791133333333333
2024-08-15 09:00:00,572,Dindigul,0.5,-9.791133333333333
2024-08-15 10:00:00,572,Dindigul,0.5,-9.772799999999998
2024-08-15 11:00:00,572,Dindigul,0.5,-9.772799999999998
2024-08-15 12:00:00,572,Dindigul,0.5,-9.772799999999998
2024-08-15 13:00:00,572,Dindigul,0.5,-9.772799999999998
2024-08-15 14:00:00,572,Dindigul,0.5,-9.772799999999998
2024-08-15 16:00:00,572,Dindigul,1.0,-9.7832
2024-08-15 18:00:00,572,Dindigul,1.0,-9.7832
2024-08-15 20:00:00,572,Dindigul,0.5,-9.7832
2024-08-15 21:00:00,572,Dindigul,0.5,-9.7832
2024-08-15 22:00:00,572,Dindigul,0.5,-9.794
2024-08-16 00:00:00,572,Dindigul,0.5,-9.794
2024-08-16 02:00:00,572,Dindigul,0.5,-9.794
2024-08-16 03:00:00,572,Dindigul,0.5,-9.794
2024-08-16 06:00:00,572,Dindigul,0.5,-9.7796
2024-08-16 08:00:00,572,Dindigul,0.5,-9.7796
2024-08-16 15:00:00,572,Dindigul,0.5,-9.779733333333333
2024-08-16 20:00:00,572,Dindigul,1.5,-9.781
2024-08-16 21:00:00,572,Dindigul,1.5,-9.781
2024-08-16 22:00:00,572,Dindigul,0.5,-9.778071428571428
2024-08-17 15:00:00,572,Dindigul,26.0,-9.93923076923077
2024-08-17 16:00:00,572,Dindigul,4.0,-10.913727272727272
2024-08-17 17:00:00,572,Dindigul,1.0,-10.913727272727272
2024-08-17 18:00:00,572,Dindigul,1.0,-10.913727272727272
2024-08-18 19:00:00,572,Dindigul,3.0,-9.661933333333334
2024-08-19 15:00:00,572,Dindigul,31.5,-10.596583333333331
2024-08-19 16:00:00,572,Dindigul,3.25,-10.353727272727271
2024-08-20 07:00:00,572,Dindigul,0.5,-10.217272727272729
2024-08-20 18:00:00,572,Dindigul,12.0,-9.682866666666666
2024-08-20 19:00:00,572,Dindigul,8.0,-9.682866666666666
2024-08-20 21:00:00,572,Dindigul,0.5,-9.682866666666666
2024-08-20 22:00:00,572,Dindigul,0.5,-9.5928
2024-08-24 15:00:00,572,Dindigul,5.0,-10.036857142857142
2024-08-24 17:00:00,572,Dindigul,3.0,-10.50625
2024-08-29 21:00:00,572,Dindigul,0.5,-9.576866666666666
2024-08-30 00:00:00,572,Dindigul,0.5,-9.549133333333334
2024-08-31 16:00:00,572,Dindigul,1.0,-9.643625
2024-08-31 17:00:00,572,Dindigul,5.0,-9.643625
2024-08-31 18:00:00,572,Dindigul,1.5,-9.643625
2024-09-01 15:00:00,572,Dindigul,0.5,-9.6509375
2024-09-14 15:00:00,572,Dindigul,1.0,-9.945466666666668
2024-09-14 16:00:00,572,Dindigul,0.5,-9.9310625
2024-09-28 21:00:00,572,Dindigul,9.0,-10.155266666666668
2024-09-28 22:00:00,572,Dindigul,25.666666666666668,-10.1106
2024-09-28 23:00:00,572,Dindigul,1.8333333333333333,-10.1106
2024-09-29 07:00:00,572,Dindigul,0.5,-10.127999999999998
2024-09-29 18:00:00,572,Dindigul,7.5,-10.1128
2024-09-29 20:00:00,572,Dindigul,1.5,-10.1128
2024-10-01 21:00:00,572,Dindigul,0.5,-10.037066666666668
2024-10-03 16:00:00,572,Dindigul,9.0,-10.027066666666666
2024-10-03 17:00:00,572,Dindigul,9.0,-10.027066666666666
2024-10-04 23:00:00,572,Dindigul,2.0,-10.049
2024-10-04 23:30:00,572,Dindigul,0.5,-10.049
2024-10-05 00:00:00,572,Dindigul,0.5,-10.049
2024-10-05 01:00:00,572,Dindigul,14.0,-10.049
2024-10-05 02:00:00,572,Dindigul,1.0,-10.049
2024-10-05 04:00:00,572,Dindigul,0.75,-10.040333333333333
2024-10-05 18:00:00,572,Dindigul,0.5,-10.053066666666666
2024-10-05 19:00:00,572,Dindigul,3.0,-10.053066666666666
2024-10-05 21:30:00,572,Dindigul,3.0,-10.058733333333333
2024-10-05 22:00:00,572,Dindigul,3.0,-10.058733333333333
2024-10-05 23:00:00,572,Dindigul,0.5,-10.058733333333333
2024-10-06 01:30:00,572,Dindigul,4.0,-10.058733333333333
2024-10-06 02:00:00,572,Dindigul,5.0,-10.058733333333333
2024-10-06 02:30:00,572,Dindigul,3.5,-10.058733333333333
2024-10-06 03:00:00,572,Dindigul,10.5,-10.058733333333333
2024-10-06 03:30:00,572,Dindigul,3.0,-10.038333333333332
2024-10-06 04:00:00,572,Dindigul,4.0,-10.038333333333332
2024-10-06 05:00:00,572,Dindigul,0.5,-10.038333333333332
2024-10-06 06:00:00,572,Dindigul,0.5,-10.038333333333332
2024-10-06 06:30:00,572,Dindigul,0.5,-10.038333333333332
2024-10-06 07:00:00,572,Dindigul,1.0,-10.038333333333332
2024-10-07 15:00:00,572,Dindigul,15.5,-10.012875
2024-10-07 15:30:00,572,Dindigul,10.0,-9.993
2024-10-07 16:00:00,572,Dindigul,10.25,-9.993
2024-10-07 18:00:00,572,Dindigul,0.5,-9.993
2024-10-08 17:00:00,572,Dindigul,1.5,-9.9574
2024-10-08 17:30:00,572,Dindigul,5.0,-9.9574
2024-10-08 18:00:00,572,Dindigul,11.5,-9.9574
2024-10-08 18:30:00,572,Dindigul,1.5,-9.9574
2024-10-08 19:00:00,572,Dindigul,1.375,-9.9574
2024-10-08 19:30:00,572,Dindigul,0.5,-9.9574
2024-10-08 20:00:00,572,Dindigul,1.25,-9.9574
2024-10-08 20:30:00,572,Dindigul,0.5,-9.9574
2024-10-08 21:00:00,572,Dindigul,1.3333333333333333,-9.9574
2024-10-08 22:00:00,572,Dindigul,0.75,-9.943533333333331
2024-10-08 23:00:00,572,Dindigul,0.5,-9.943533333333331
2024-10-09 16:00:00,572,Dindigul,0.5,-9.8024
2024-10-09 18:00:00,572,Dindigul,3.0,-9.8024
2024-10-09 19:00:00,572,Dindigul,7.5,-9.8024
2024-10-09 20:00:00,572,Dindigul,6.333333333333333,-9.8024
2024-10-09 20:30:00,572,Dindigul,0.5,-9.8024
2024-10-09 21:00:00,572,Dindigul,5.5,-9.8024
2024-10-09 22:00:00,572,Dindigul,0.75,-9.759666666666668
2024-10-10 16:30:00,572,Dindigul,0.5,-9.572333333333336
2024-10-10 17:00:00,572,Dindigul,0.5,-9.572333333333336
2024-10-10 18:00:00,572,Dindigul,3.5,-9.572333333333336
2024-10-10 19:00:00,572,Dindigul,0.5,-9.572333333333336
2024-10-10 21:00:00,572,Dindigul,0.5,-9.572333333333336
2024-10-10 22:30:00,572,Dindigul,0.5,-9.462666666666667
2024-10-10 23:00:00,572,Dindigul,0.5,-9.462666666666667
2024-10-11 00:00:00,572,Dindigul,1.5,-9.462666666666667
2024-10-11 01:00:00,572,Dindigul,0.5,-9.462666666666667
2024-10-11 05:00:00,572,Dindigul,0.5,-9.587866666666669
2024-10-11 06:00:00,572,Dindigul,0.5,-9.587866666666669
2024-10-11 12:00:00,572,Dindigul,0.5,-9.522533333333334
2024-10-11 14:00:00,572,Dindigul,0.5,-9.522533333333334
2024-10-11 17:00:00,572,Dindigul,0.5,-9.565666666666669
2024-10-11 19:00:00,572,Dindigul,0.5,-9.565666666666669
2024-10-12 00:00:00,572,Dindigul,0.5,-9.382933333333334
2024-10-12 08:00:00,572,Dindigul,0.5,-9.409866666666666
2024-10-12 16:00:00,572,Dindigul,0.5,-9.464266666666669
2024-10-12 17:00:00,572,Dindigul,11.0,-9.464266666666669
2024-10-12 19:00:00,572,Dindigul,2.5,-9.464266666666669
2024-10-12 23:00:00,572,Dindigul,1.0,-9.432
2024-10-13 00:00:00,572,Dindigul,2.5,-9.432
2024-10-13 01:00:00,572,Dindigul,2.5,-9.432
2024-10-13 02:00:00,572,Dindigul,4.5,-9.432
2024-10-13 03:00:00,572,Dindigul,2.0,-9.432
2024-10-13 04:00:00,572,Dindigul,0.75,-9.425142857142855
2024-10-13 07:00:00,572,Dindigul,0.5,-9.425142857142855
2024-10-13 19:00:00,572,Dindigul,1.0,-9.191266666666667
2024-10-13 20:00:00,572,Dindigul,16.5,-9.191266666666667
2024-10-13 21:00:00,572,Dindigul,0.5,-9.191266666666667
2024-10-13 22:00:00,572,Dindigul,0.75,-9.2148
2024-10-14 00:00:00,572,Dindigul,1.0,-9.2148
2024-10-14 03:30:00,572,Dindigul,0.5,-9.106066666666669
2024-10-14 04:00:00,572,Dindigul,0.5,-9.106066666666669
2024-10-14 19:30:00,572,Dindigul,13.0,-9.141666666666667
2024-10-14 20:00:00,572,Dindigul,13.5,-9.141666666666667
2024-10-14 20:30:00,572,Dindigul,2.5,-9.141666666666667
2024-10-14 21:00:00,572,Dindigul,4.0,-9.141666666666667
2024-10-14 21:30:00,572,Dindigul,2.5,-9.004533333333335
2024-10-14 22:00:00,572,Dindigul,10.666666666666666,-9.004533333333335
2024-10-14 22:30:00,572,Dindigul,1.5,-9.004533333333335
2024-10-14 23:00:00,572,Dindigul,3.0,-9.004533333333335
2024-10-15 00:00:00,572,Dindigul,2.5,-9.004533333333335
2024-10-15 00:30:00,572,Dindigul,0.5,-9.004533333333335
2024-10-15 01:00:00,572,Dindigul,0.75,-9.004533333333335
2024-10-16 15:00:00,572,Dindigul,0.5,-8.893933333333333
2024-10-18 23:30:00,572,Dindigul,16.5,-8.705533333333333
2024-10-19 00:00:00,572,Dindigul,32.0,-8.705533333333333
2024-10-19 00:30:00,572,Dindigul,4.5,-8.705533333333333
2024-10-19 01:00:00,572,Dindigul,4.5,-8.705533333333333
2024-10-19 13:00:00,572,Dindigul,0.5,-8.384666666666666
2024-10-19 20:30:00,572,Dindigul,1.0,-8.671866666666666
2024-10-19 21:00:00,572,Dindigul,5.0,-8.671866666666666
2024-10-19 22:00:00,572,Dindigul,16.0,-8.573333333333332
2024-10-19 23:00:00,572,Dindigul,4.833333333333333,-8.573333333333332
2024-10-20 00:00:00,572,Dindigul,4.166666666666667,-8.573333333333332
2024-10-20 00:30:00,572,Dindigul,3.5,-8.573333333333332
2024-10-20 01:00:00,572,Dindigul,3.0,-8.573333333333332
2024-10-20 02:00:00,572,Dindigul,2.1666666666666665,-8.573333333333332
2024-10-20 05:00:00,572,Dindigul,1.0,-8.623866666666666
2024-10-20 06:00:00,572,Dindigul,11.5,-8.623866666666666
2024-10-20 07:00:00,572,Dindigul,0.5,-8.623866666666666
2024-10-20 08:00:00,572,Dindigul,0.5,-8.623866666666666
2024-10-20 15:30:00,572,Dindigul,0.5,-8.142733333333334
2024-10-20 16:00:00,572,Dindigul,1.5,-8.142733333333334
2024-10-20 16:30:00,572,Dindigul,0.5,-8.142733333333334
2024-10-20 17:00:00,572,Dindigul,0.5,-8.142733333333334
2024-10-20 21:00:00,572,Dindigul,7.0,-8.142733333333334
2024-10-20 22:00:00,572,Dindigul,6.333333333333333,-8.531333333333333
2024-10-20 22:30:00,572,Dindigul,1.0,-8.531333333333333
2024-10-20 23:00:00,572,Dindigul,1.8333333333333333,-8.531333333333333
2024-10-21 00:00:00,572,Dindigul,3.0,-8.531333333333333
2024-10-21 00:30:00,572,Dindigul,0.5,-8.531333333333333
2024-10-21 01:00:00,572,Dindigul,1.3333333333333333,-8.531333333333333
2024-10-21 02:00:00,572,Dindigul,1.75,-8.531333333333333
2024-10-21 03:00:00,572,Dindigul,1.75,-8.531333333333333
2024-10-21 04:00:00,572,Dindigul,0.5,-8.425
2024-10-22 00:00:00,572,Dindigul,14.0,-8.4268
2024-10-22 01:00:00,572,Dindigul,9.5,-8.4268
2024-10-22 03:00:00,572,Dindigul,0.5,-8.4268
2024-10-22 05:00:00,572,Dindigul,1.0,-8.408
2024-10-22 05:30:00,572,Dindigul,1.0,-8.408
2024-10-22 06:00:00,572,Dindigul,1.5,-8.408
2024-10-22 06:30:00,572,Dindigul,0.5,-8.408
2024-10-22 07:00:00,572,Dindigul,7.5,-8.408
2024-10-22 07:30:00,572,Dindigul,1.0,-8.408
2024-10-22 08:00:00,572,Dindigul,1.0,-8.408
2024-10-22 09:00:00,572,Dindigul,6.0,-8.408
2024-10-22 12:30:00,572,Dindigul,13.0,-8.423333333333334
2024-10-22 13:00:00,572,Dindigul,42.0,-8.423333333333334
2024-10-22 13:30:00,572,Dindigul,0.5,-8.423333333333334
2024-10-22 14:00:00,572,Dindigul,0.5,-8.423333333333334
2024-10-22 21:00:00,572,Dindigul,0.75,-8.422333333333333
2024-10-22 21:30:00,572,Dindigul,1.0,-8.367133333333333
2024-10-22 22:00:00,572,Dindigul,1.0,-8.367133333333333
2024-10-22 23:00:00,572,Dindigul,9.5,-8.367133333333333
2024-10-23 00:00:00,572,Dindigul,24.0,-8.367133333333333
2024-10-23 01:00:00,572,Dindigul,1.8333333333333333,-8.367133333333333
2024-10-23 01:30:00,572,Dindigul,14.5,-8.367133333333333
2024-10-23 02:00:00,572,Dindigul,11.0,-8.367133333333333
2024-10-23 02:30:00,572,Dindigul,0.5,-8.367133333333333
2024-10-23 03:00:00,572,Dindigul,0.5,-8.367133333333333
2024-10-24 16:00:00,572,Dindigul,2.0,-8.1296
2024-10-24 20:00:00,572,Dindigul,3.0,-8.1296
2024-10-24 20:30:00,572,Dindigul,18.5,-8.1296
2024-10-24 21:00:00,572,Dindigul,13.0,-8.1296
2024-10-24 21:30:00,572,Dindigul,14.0,-8.070266666666667
2024-10-24 22:00:00,572,Dindigul,26.5,-8.070266666666667
2024-10-24 22:30:00,572,Dindigul,1.0,-8.070266666666667
2024-10-24 23:00:00,572,Dindigul,1.0,-8.070266666666667
2024-10-24 23:30:00,572,Dindigul,1.0,-8.070266666666667
2024-10-25 00:00:00,572,Dindigul,1.25,-8.070266666666667
2024-10-25 01:00:00,572,Dindigul,0.5,-8.070266666666667
2024-10-25 09:00:00,572,Dindigul,0.5,-8.000133333333332
2024-10-25 14:00:00,572,Dindigul,1.25,-7.998866666666667
2024-10-25 15:00:00,572,Dindigul,2.75,-7.998866666666667
2024-10-25 15:30:00,572,Dindigul,2.0,-7.920866666666667
2024-10-25 16:00:00,572,Dindigul,8.5,-7.920866666666667
2024-10-25 16:30:00,572,Dindigul,0.5,-7.920866666666667
2024-10-25 17:00:00,572,Dindigul,7.666666666666667,-7.920866666666667
2024-10-25 17:30:00,572,Dindigul,5.0,-7.920866666666667
2024-10-25 18:00:00,572,Dindigul,4.0,-7.920866666666667
2024-10-25 18:30:00,572,Dindigul,1.5,-7.920866666666667
2024-10-25 19:00:00,572,Dindigul,4.0,-7.920866666666667
2024-10-25 20:00:00,572,Dindigul,4.5,-7.920866666666667
2024-10-25 21:00:00,572,Dindigul,3.5,-7.920866666666667
2024-10-25 22:00:00,572,Dindigul,0.5,-7.8244
2024-10-28 22:30:00,572,Dindigul,0.5,-7.4618
2024-10-28 23:00:00,572,Dindigul,0.5,-7.4618
2024-10-30 15:00:00,572,Dindigul,0.5,-7.264071428571428
2024-10-31 20:00:00,572,Dindigul,2.0,-8.274363636363637
2024-10-31 20:30:00,572,Dindigul,0.5,-8.274363636363637
2024-10-31 21:00:00,572,Dindigul,0.5,-8.274363636363637
2024-10-31 22:00:00,572,Dindigul,4.5,-8.242090909090908
2024-10-31 22:30:00,572,Dindigul,10.0,-8.242090909090908
2024-10-31 23:00:00,572,Dindigul,13.25,-8.242090909090908
2024-10-31 23:30:00,572,Dindigul,2.5,-8.242090909090908
2024-11-01 00:00:00,572,Dindigul,2.5,-8.242090909090908
2024-11-01 13:30:00,572,Dindigul,6.5,-7.354642857142857
2024-11-01 14:00:00,572,Dindigul,6.5,-7.354642857142857
2024-11-01 14:30:00,572,Dindigul,3.0,-7.354642857142857
2024-11-01 15:00:00,572,Dindigul,5.0,-7.354642857142857
2024-11-01 15:30:00,572,Dindigul,7.0,-7.800499999999999
2024-11-01 16:00:00,572,Dindigul,20.5,-7.800499999999999
2024-11-01 16:30:00,572,Dindigul,1.5,-7.800499999999999
2024-11-01 17:00:00,572,Dindigul,2.0,-7.800499999999999
2024-11-01 18:00:00,572,Dindigul,2.0,-7.800499999999999
2024-11-01 21:00:00,572,Dindigul,1.5,-7.800499999999999
2024-11-02 13:00:00,572,Dindigul,4.5,-7.3177142857142865
2024-11-02 14:30:00,572,Dindigul,13.5,-7.3177142857142865
2024-11-02 15:00:00,572,Dindigul,9.25,-7.3177142857142865
2024-11-02 15:30:00,572,Dindigul,0.5,-7.290642857142857
2024-11-02 16:00:00,572,Dindigul,1.75,-7.290642857142857
2024-11-02 17:00:00,572,Dindigul,6.5,-7.290642857142857
2024-11-02 18:00:00,572,Dindigul,3.0,-7.290642857142857
2024-11-02 18:30:00,572,Dindigul,2.5,-7.290642857142857
2024-11-02 19:00:00,572,Dindigul,4.0,-7.290642857142857
2024-11-02 21:00:00,572,Dindigul,0.75,-7.290642857142857
2024-11-02 22:00:00,572,Dindigul,0.5,-7.246571428571428
2024-11-02 23:00:00,572,Dindigul,1.0,-7.246571428571428
2024-11-03 00:00:00,572,Dindigul,6.5,-7.246571428571428
2024-11-03 01:00:00,572,Dindigul,0.75,-7.246571428571428
2024-11-03 02:00:00,572,Dindigul,0.5,-7.246571428571428
2024-11-03 17:00:00,572,Dindigul,0.75,-7.246714285714286
2024-11-04 05:30:00,572,Dindigul,0.5,-4.03425
2024-11-04 06:00:00,572,Dindigul,0.5,-4.03425
2024-11-04 12:00:00,572,Dindigul,0.5,-4.096
2024-11-04 14:00:00,572,Dindigul,8.5,-4.096
2024-11-04 18:00:00,572,Dindigul,0.5,-4.051727272727273
2024-11-04 19:00:00,572,Dindigul,1.0,-4.051727272727273
2024-11-13 07:00:00,572,Dindigul,0.5,-7.701846153846153
2024-11-14 13:00:00,572,Dindigul,0.5,-7.726571428571428
2024-11-14 15:00:00,572,Dindigul,18.5,-7.726571428571428
2024-11-14 16:30:00,572,Dindigul,17.5,-7.934230769230769
2024-11-14 17:00:00,572,Dindigul,17.5,-7.934230769230769
2024-11-15 17:00:00,572,Dindigul,0.5,-7.658428571428572
2024-11-15 17:30:00,572,Dindigul,0.5,-7.658428571428572
2024-11-15 18:00:00,572,Dindigul,0.5,-7.658428571428572
2024-11-16 02:00:00,572,Dindigul,0.5,-7.641928571428572
2024-11-16 04:00:00,572,Dindigul,2.5,-7.740384615384615
2024-11-16 09:00:00,572,Dindigul,0.5,-7.740384615384615
2024-11-16 14:30:00,572,Dindigul,1.0,-7.737769230769231
2024-11-16 15:00:00,572,Dindigul,0.75,-7.737769230769231
2024-11-16 15:20:00,572,Dindigul,1.5,-7.6621538461538465
2024-11-16 15:25:00,572,Dindigul,3.5,-7.6621538461538465
2024-11-16 15:30:00,572,Dindigul,4.5,-7.6621538461538465
2024-11-16 15:35:00,572,Dindigul,5.0,-7.6621538461538465
2024-11-16 15:40:00,572,Dindigul,5.0,-7.6621538461538465
2024-11-16 15:45:00,572,Dindigul,5.0,-7.6621538461538465
2024-11-16 15:50:00,572,Dindigul,5.0,-7.6621538461538465
2024-11-16 15:55:00,572,Dindigul,5.0,-7.6621538461538465
2024-11-16 16:00:00,572,Dindigul,3.1666666666666665,-7.6621538461538465
2024-11-16 17:00:00,572,Dindigul,3.0,-7.6621538461538465
2024-11-16 18:00:00,572,Dindigul,1.0,-7.6621538461538465
2024-11-17 14:30:00,572,Dindigul,1.0,-8.143833333333333
2024-11-17 15:00:00,572,Dindigul,3.5,-8.143833333333333
2024-11-17 15:30:00,572,Dindigul,1.5,-8.199666666666667
2024-11-17 16:00:00,572,Dindigul,1.5,-8.199666666666667
2024-11-17 17:00:00,572,Dindigul,3.5,-8.199666666666667
2024-11-17 17:30:00,572,Dindigul,0.5,-8.199666666666667
2024-11-17 18:00:00,572,Dindigul,0.75,-8.199666666666667
2024-11-18 16:00:00,572,Dindigul,1.5,-7.459769230769231
2024-11-18 16:30:00,572,Dindigul,0.5,-7.459769230769231
2024-11-18 17:00:00,572,Dindigul,0.5,-7.459769230769231
2024-11-18 21:00:00,572,Dindigul,1.5,-7.459769230769231
2024-11-18 22:00:00,572,Dindigul,0.5,-7.451384615384615
2024-11-18 23:00:00,572,Dindigul,0.5,-7.451384615384615
2024-11-18 23:30:00,572,Dindigul,1.0,-7.451384615384615
2024-11-19 00:00:00,572,Dindigul,1.0,-7.451384615384615
2024-11-19 05:30:00,572,Dindigul,0.5,-7.413
2024-11-19 06:00:00,572,Dindigul,0.5,-7.413
2024-11-21 09:00:00,572,Dindigul,0.5,-8.214
2024-11-26 13:30:00,572,Dindigul,1.0,-7.366461538461538
2024-11-26 14:00:00,572,Dindigul,1.5,-7.366461538461538
2024-11-26 15:00:00,572,Dindigul,2.0,-7.366461538461538
2024-11-26 16:00:00,572,Dindigul,3.5,-7.3730769230769235
2024-11-26 16:30:00,572,Dindigul,0.5,-7.3730769230769235
2024-11-26 17:00:00,572,Dindigul,0.5,-7.3730769230769235
2024-11-26 17:30:00,572,Dindigul,0.5,-7.3730769230769235
2024-11-26 18:00:00,572,Dindigul,0.5,-7.3730769230769235
2024-11-26 19:00:00,572,Dindigul,0.5,-7.3730769230769235
2024-11-26 20:00:00,572,Dindigul,1.0,-7.3730769230769235
2024-11-26 21:00:00,572,Dindigul,0.5,-7.3730769230769235
2024-11-26 21:30:00,572,Dindigul,0.5,-7.313769230769231
2024-11-26 22:00:00,572,Dindigul,0.5,-7.313769230769231
2024-11-26 23:00:00,572,Dindigul,0.5,-7.313769230769231
2024-11-27 00:00:00,572,Dindigul,0.5,-7.313769230769231
2024-11-27 00:30:00,572,Dindigul,0.5,-7.313769230769231
2024-11-27 01:00:00,572,Dindigul,0.5,-7.313769230769231
2024-11-27 02:30:00,572,Dindigul,0.5,-7.313769230769231
2024-11-27 03:00:00,572,Dindigul,0.5,-7.313769230769231
2024-11-27 04:00:00,572,Dindigul,0.5,-6.851214285714286
2024-11-27 06:30:00,572,Dindigul,0.5,-6.851214285714286
2024-11-27 07:00:00,572,Dindigul,0.5,-6.851214285714286
2024-11-27 11:00:00,572,Dindigul,0.5,-6.912
2024-11-27 14:00:00,572,Dindigul,0.5,-6.912
2024-11-29 12:00:00,572,Dindigul,1.0,-6.883928571428571
2024-11-29 13:00:00,572,Dindigul,0.5,-6.883928571428571
2024-12-01 00:00:00,572,Dindigul,0.5,-6.860785714285714
2024-12-01 01:00:00,572,Dindigul,2.0,-6.860785714285714
2024-12-01 02:00:00,572,Dindigul,0.5,-6.860785714285714
2024-12-01 23:00:00,572,Dindigul,0.5,-7.34876923076923
2024-12-02 21:00:00,572,Dindigul,1.0,-6.946076923076924
2024-12-02 21:30:00,572,Dindigul,4.0,-6.808076923076923
2024-12-02 22:00:00,572,Dindigul,5.0,-6.808076923076923
2024-12-02 23:30:00,572,Dindigul,1.5,-6.808076923076923
2024-12-03 00:00:00,572,Dindigul,3.5,-6.808076923076923
2024-12-03 22:30:00,572,Dindigul,0.5,-7.339461538461538
2024-12-03 23:00:00,572,Dindigul,0.5,-7.339461538461538
2024-12-04 03:00:00,572,Dindigul,0.5,-7.339461538461538
2024-12-04 04:00:00,572,Dindigul,0.5,-6.7544
2024-12-05 08:30:00,572,Dindigul,0.5,-6.709933333333334
2024-12-05 09:00:00,572,Dindigul,0.5,-6.709933333333334
2024-12-07 17:30:00,572,Dindigul,1.0,-4.146769230769231
2024-12-07 18:00:00,572,Dindigul,1.0,-4.146769230769231
2024-12-12 04:00:00,572,Dindigul,0.5,-7.250230769230769
2024-12-12 04:30:00,572,Dindigul,0.5,-7.250230769230769
2024-12-12 05:00:00,572,Dindigul,1.0,-7.250230769230769
2024-12-12 05:30:00,572,Dindigul,7.0,-7.250230769230769
2024-12-12 06:00:00,572,Dindigul,5.0,-7.250230769230769
2024-12-12 06:30:00,572,Dindigul,1.5,-7.250230769230769
2024-12-12 07:00:00,572,Dindigul,1.5,-7.250230769230769
2024-12-12 10:00:00,572,Dindigul,1.5,-7.264769230769231
2024-12-12 10:30:00,572,Dindigul,0.5,-7.264769230769231
2024-12-12 11:00:00,572,Dindigul,3.0,-7.264769230769231
2024-12-12 11:30:00,572,Dindigul,0.5,-7.264769230769231
2024-12-12 12:00:00,572,Dindigul,1.5,-7.264769230769231
2024-12-12 12:30:00,572,Dindigul,3.0,-7.264769230769231
2024-12-12 13:00:00,572,Dindigul,3.5,-7.264769230769231
2024-12-12 13:30:00,572,Dindigul,0.5,-7.264769230769231
2024-12-12 14:00:00,572,Dindigul,1.5,-7.264769230769231
2024-12-12 14:30:00,572,Dindigul,1.0,-7.264769230769231
2024-12-12 15:00:00,572,Dindigul,2.0,-7.264769230769231
2024-12-12 16:00:00,572,Dindigul,1.75,-7.226615384615385
2024-12-12 16:05:00,572,Dindigul,1.0,-7.226615384615385
2024-12-12 16:10:00,572,Dindigul,3.0,-7.226615384615385
2024-12-12 16:30:00,572,Dindigul,0.5,-7.226615384615385
2024-12-12 17:00:00,572,Dindigul,4.5,-7.226615384615385
2024-12-12 17:30:00,572,Dindigul,0.5,-7.226615384615385
2024-12-12 18:00:00,572,Dindigul,1.5,-7.226615384615385
2024-12-12 18:30:00,572,Dindigul,0.5,-7.226615384615385
2024-12-12 19:00:00,572,Dindigul,0.5,-7.226615384615385
2024-12-12 20:00:00,572,Dindigul,1.25,-7.226615384615385
2024-12-12 21:00:00,572,Dindigul,5.5,-7.226615384615385
2024-12-12 22:00:00,572,Dindigul,0.5,-7.107615384615385
2024-12-12 23:00:00,572,Dindigul,2.5,-7.107615384615385
2024-12-13 01:00:00,572,Dindigul,1.5,-7.107615384615385
2024-12-13 01:30:00,572,Dindigul,0.5,-7.107615384615385
2024-12-13 02:00:00,572,Dindigul,3.75,-7.107615384615385
2024-12-13 02:30:00,572,Dindigul,1.0,-7.107615384615385
2024-12-13 03:00:00,572,Dindigul,1.25,-7.107615384615385
2024-12-13 04:00:00,572,Dindigul,1.25,-7.010692307692308
2024-12-13 04:30:00,572,Dindigul,1.0,-7.010692307692308
2024-12-13 05:00:00,572,Dindigul,3.25,-7.010692307692308
2024-12-13 05:30:00,572,Dindigul,4.5,-7.010692307692308
2024-12-13 06:00:00,572,Dindigul,10.5,-7.010692307692308
2024-12-13 06:30:00,572,Dindigul,4.0,-7.010692307692308
2024-12-13 07:00:00,572,Dindigul,6.5,-7.010692307692308
2024-12-13 08:00:00,572,Dindigul,3.25,-7.010692307692308
2024-12-13 08:30:00,572,Dindigul,6.5,-7.010692307692308
2024-12-13 09:00:00,572,Dindigul,8.25,-7.010692307692308
2024-12-13 10:00:00,572,Dindigul,7.5,-6.869384615384616
2024-12-13 10:30:00,572,Dindigul,1.5,-6.869384615384616
2024-12-13 11:00:00,572,Dindigul,1.5,-6.869384615384616
2024-12-13 11:30:00,572,Dindigul,0.5,-6.869384615384616
2024-12-13 12:00:00,572,Dindigul,0.5,-6.869384615384616
2024-12-13 15:00:00,572,Dindigul,1.0,-6.869384615384616
2024-12-13 21:00:00,572,Dindigul,1.0,-6.695769230769231
2024-12-13 21:30:00,572,Dindigul,1.5,-6.319384615384616
2024-12-13 22:00:00,572,Dindigul,1.5,-6.319384615384616
2024-12-13 22:30:00,572,Dindigul,1.0,-6.319384615384616
2024-12-13 23:00:00,572,Dindigul,1.0,-6.319384615384616
2024-12-14 00:30:00,572,Dindigul,0.5,-6.319384615384616
2024-12-14 01:00:00,572,Dindigul,0.5,-6.319384615384616
2024-12-14 04:30:00,572,Dindigul,1.0,-5.777071428571428
2024-12-14 05:00:00,572,Dindigul,1.5,-5.777071428571428
2024-12-14 05:30:00,572,Dindigul,1.5,-5.777071428571428
2024-12-14 06:00:00,572,Dindigul,2.0,-5.777071428571428
2024-12-14 07:00:00,572,Dindigul,0.5,-5.777071428571428
2024-12-14 08:00:00,572,Dindigul,0.5,-5.777071428571428
2024-12-14 09:30:00,572,Dindigul,1.25,-5.719571428571428
2024-12-14 10:00:00,572,Dindigul,2.5,-5.719571428571428
2024-12-14 10:30:00,572,Dindigul,1.75,-5.719571428571428
2024-12-14 11:00:00,572,Dindigul,1.75,-5.719571428571428
2024-12-14 12:30:00,572,Dindigul,0.5,-5.719571428571428
2024-12-14 13:00:00,572,Dindigul,1.5,-5.719571428571428
2024-12-14 13:30:00,572,Dindigul,1.5,-5.719571428571428
2024-12-14 14:00:00,572,Dindigul,1.5,-5.719571428571428
2024-12-20 23:30:00,572,Dindigul,3.0,-5.308666666666667
2024-12-21 00:00:00,572,Dindigul,9.5,-5.308666666666667
2024-12-22 02:00:00,572,Dindigul,0.5,-4.937846153846153
2024-12-23 00:30:00,572,Dindigul,0.5,-4.963153846153846
2024-12-23 01:00:00,572,Dindigul,4.5,-4.963153846153846
2024-12-23 01:30:00,572,Dindigul,1.0,-4.963153846153846
2024-12-23 02:00:00,572,Dindigul,1.0,-4.963153846153846
2024-12-27 03:00:00,572,Dindigul,2.5,-4.528307692307692
2024-12-27 05:00:00,572,Dindigul,0.5,-4.524923076923077
2024-12-27 17:00:00,572,Dindigul,2.0,-4.7003076923076925
2024-12-27 17:30:00,572,Dindigul,0.5,-4.7003076923076925
2024-12-27 18:00:00,572,Dindigul,4.833333333333333,-4.7003076923076925
2024-12-27 18:30:00,572,Dindigul,0.5,-4.7003076923076925
2024-12-27 19:00:00,572,Dindigul,1.75,-4.7003076923076925
2024-12-27 19:30:00,572,Dindigul,1.5,-4.7003076923076925
2024-12-27 20:00:00,572,Dindigul,4.25,-4.7003076923076925
2024-12-27 20:30:00,572,Dindigul,1.0,-4.7003076923076925
2024-12-27 21:00:00,572,Dindigul,1.0,-4.7003076923076925
2024-12-27 22:00:00,572,Dindigul,0.5,-4.528307692307693
2024-12-30 05:00:00,572,Dindigul,0.5,-4.273461538461539
2024-12-30 08:00:00,572,Dindigul,3.0,-4.273461538461539
2024-12-30 08:30:00,572,Dindigul,1.0,-4.273461538461539
2024-12-30 09:00:00,572,Dindigul,1.0,-4.273461538461539
2024-12-30 09:30:00,572,Dindigul,0.5,-4.243846153846154
2024-12-30 10:00:00,572,Dindigul,0.5,-4.243846153846154
2024-12-30 16:00:00,572,Dindigul,1.0,-4.204076923076924
2024-12-30 18:30:00,572,Dindigul,0.5,-4.204076923076924
2024-12-30 19:00:00,572,Dindigul,0.5,-4.204076923076924
2025-01-10 17:30:00,572,Dindigul,0.5,-4.235538461538462
2025-01-10 18:00:00,572,Dindigul,0.5,-4.235538461538462
2025-01-13 22:00:00,572,Dindigul,1.5,-4.3385384615384615
2025-01-14 18:30:00,572,Dindigul,0.5,-4.295153846153847
2025-01-14 19:00:00,572,Dindigul,0.5,-4.295153846153847
2025-01-14 20:30:00,572,Dindigul,5.5,-4.295153846153847
2025-01-14 21:00:00,572,Dindigul,2.0,-4.295153846153847
2025-01-14 21:30:00,572,Dindigul,1.0,-4.288692307692307
2025-01-14 22:00:00,572,Dindigul,1.0,-4.288692307692307
2025-01-15 04:00:00,572,Dindigul,0.5,-4.251
2025-01-19 04:00:00,572,Dindigul,1.5,-4.265076923076923
2025-01-19 05:30:00,572,Dindigul,1.5,-4.265076923076923
2025-01-19 06:00:00,572,Dindigul,3.0,-4.265076923076923
2025-01-19 06:30:00,572,Dindigul,1.5,-4.265076923076923
2025-01-19 07:00:00,572,Dindigul,1.5,-4.265076923076923
2025-01-19 08:00:00,572,Dindigul,0.5,-4.265076923076923
2025-01-19 08:30:00,572,Dindigul,1.0,-4.265076923076923
2025-01-19 09:00:00,572,Dindigul,1.0,-4.265076923076923
2025-01-19 11:30:00,572,Dindigul,0.5,-4.322846153846154
2025-01-19 12:00:00,572,Dindigul,0.75,-4.322846153846154
2025-01-19 17:00:00,572,Dindigul,0.5,-4.275
2025-01-19 17:30:00,572,Dindigul,1.0,-4.275
2025-01-19 18:00:00,572,Dindigul,1.0,-4.275
2025-01-31 19:30:00,572,Dindigul,1.0,-4.507214285714285
2025-01-31 20:00:00,572,Dindigul,1.0,-4.507214285714285
2025-02-25 19:00:00,572,Dindigul,1.0,-5.8316
2025-02-28 05:00:00,572,Dindigul,2.5,-5.874466666666667
2025-02-28 14:00:00,572,Dindigul,1.5,-5.9528
2025-02-28 15:00:00,572,Dindigul,0.5,-5.9528
2025-03-01 03:30:00,572,Dindigul,0.5,-5.949466666666667
2025-03-01 04:00:00,572,Dindigul,1.0,-5.949466666666667
2025-03-01 05:00:00,572,Dindigul,1.0,-5.949466666666667
2025-03-01 07:00:00,572,Dindigul,0.5,-5.949466666666667
2025-03-01 08:00:00,572,Dindigul,5.0,-5.949466666666667
2025-03-01 10:30:00,572,Dindigul,0.5,-5.970533333333334
2025-03-01 11:00:00,572,Dindigul,0.5,-5.970533333333334
2025-03-01 18:30:00,572,Dindigul,0.5,-5.972466666666667
2025-03-01 19:00:00,572,Dindigul,0.5,-5.972466666666667
2025-03-11 13:00:00,572,Dindigul,0.5,-6.647916666666666
2025-03-11 13:30:00,572,Dindigul,2.0,-6.647916666666666
2025-03-11 14:00:00,572,Dindigul,2.0,-6.647916666666666
2025-03-11 14:30:00,572,Dindigul,0.5,-6.647916666666666
2025-03-11 15:00:00,572,Dindigul,1.0,-6.647916666666666
2025-03-11 15:30:00,572,Dindigul,1.5,-6.636833333333333
2025-03-11 16:00:00,572,Dindigul,7.0,-6.636833333333333
2025-03-11 16:30:00,572,Dindigul,0.5,-6.636833333333333
2025-03-11 17:00:00,572,Dindigul,0.5,-6.636833333333333
2025-03-11 19:00:00,572,Dindigul,15.5,-6.636833333333333
2025-03-11 19:30:00,572,Dindigul,3.0,-6.636833333333333
2025-03-11 20:00:00,572,Dindigul,5.333333333333333,-6.636833333333333
2025-03-11 20:30:00,572,Dindigul,1.0,-6.636833333333333
2025-03-11 21:00:00,572,Dindigul,1.25,-6.636833333333333
2025-03-11 22:00:00,572,Dindigul,0.5,-6.6306666666666665
2025-03-12 06:30:00,572,Dindigul,0.5,-6.614250000000001
2025-03-12 07:00:00,572,Dindigul,0.5,-6.614250000000001
2025-03-12 12:30:00,572,Dindigul,2.0,-6.645916666666667
2025-03-12 13:00:00,572,Dindigul,1.0,-6.645916666666667
2025-03-12 13:30:00,572,Dindigul,9.0,-6.645916666666667
2025-03-12 14:00:00,572,Dindigul,17.833333333333332,-6.645916666666667
2025-03-12 14:30:00,572,Dindigul,2.0,-6.645916666666667
2025-03-12 15:00:00,572,Dindigul,2.875,-6.645916666666667
2025-03-12 15:30:00,572,Dindigul,0.5,-7.185600000000001
2025-03-12 16:00:00,572,Dindigul,1.5,-7.185600000000001
2025-03-21 17:30:00,572,Dindigul,2.0,-6.871153846153846
2025-03-21 18:00:00,572,Dindigul,2.5,-6.871153846153846
2025-03-22 17:00:00,572,Dindigul,0.5,-6.923692307692307
2025-04-03 01:00:00,572,Dindigul,0.5,-7.457153846153846
2025-04-03 06:00:00,572,Dindigul,4.0,-7.458923076923077
2025-04-03 07:00:00,572,Dindigul,0.5,-7.458923076923077
2025-04-03 08:00:00,572,Dindigul,4.5,-7.458923076923077
2025-04-03 19:00:00,572,Dindigul,6.5,-7.475153846153846
2025-04-03 20:00:00,572,Dindigul,1.0,-7.475153846153846
2025-04-03 21:00:00,572,Dindigul,0.5,-7.475153846153846
2025-04-03 22:00:00,572,Dindigul,0.5,-7.254214285714285
2025-04-04 20:00:00,572,Dindigul,18.0,-7.263285714285714
2025-04-04 20:30:00,572,Dindigul,0.5,-7.263285714285714
2025-04-04 21:00:00,572,Dindigul,12.833333333333334,-7.263285714285714
2025-04-04 22:00:00,572,Dindigul,1.5,-7.256071428571428
2025-04-05 20:00:00,572,Dindigul,0.5,-7.213857142857143
2025-04-05 22:30:00,572,Dindigul,0.5,-7.182857142857143
2025-04-05 23:00:00,572,Dindigul,0.5,-7.182857142857143
2025-04-06 20:00:00,572,Dindigul,2.75,-7.293285714285714
2025-04-06 20:30:00,572,Dindigul,1.0,-7.293285714285714
2025-04-06 21:00:00,572,Dindigul,1.0,-7.293285714285714
2025-04-06 22:00:00,572,Dindigul,6.75,-7.207857142857143
2025-04-06 22:30:00,572,Dindigul,4.5,-7.207857142857143
2025-04-06 23:00:00,572,Dindigul,5.333333333333333,-7.207857142857143
2025-04-06 23:30:00,572,Dindigul,0.5,-7.207857142857143
2025-04-07 00:00:00,572,Dindigul,2.25,-7.207857142857143
2025-04-07 01:00:00,572,Dindigul,4.666666666666667,-7.207857142857143
2025-04-07 02:00:00,572,Dindigul,0.75,-7.207857142857143
2025-04-07 05:30:00,572,Dindigul,0.5,-7.1532857142857145
2025-04-07 06:00:00,572,Dindigul,0.5,-7.1532857142857145
2025-04-07 08:00:00,572,Dindigul,19.5,-7.1532857142857145
2025-04-07 12:30:00,572,Dindigul,1.0,-7.162214285714286
2025-04-07 13:30:00,572,Dindigul,1.5,-7.162214285714286
2025-04-07 15:00:00,572,Dindigul,0.5,-7.162214285714286
2025-04-11 22:00:00,572,Dindigul,6.5,-7.259142857142857
2025-04-11 22:30:00,572,Dindigul,1.0,-7.259142857142857
2025-04-11 23:00:00,572,Dindigul,1.5,-7.259142857142857
2025-04-12 17:00:00,572,Dindigul,0.5,-7.337285714285714
2025-04-13 22:00:00,572,Dindigul,0.5,-7.297142857142857
2025-04-13 22:30:00,572,Dindigul,1.0,-7.297142857142857
2025-04-13 23:00:00,572,Dindigul,1.0,-7.297142857142857
2025-04-14 03:00:00,572,Dindigul,0.5,-7.297142857142857
2025-04-14 04:00:00,572,Dindigul,0.5,-7.279857142857142
2025-04-15 01:30:00,572,Dindigul,2.0,-7.527076923076923
2025-04-15 02:00:00,572,Dindigul,2.5,-7.527076923076923
2025-04-15 03:00:00,572,Dindigul,0.5,-7.527076923076923
2025-04-16 23:00:00,572,Dindigul,2.0,-8.422777777777778
2025-04-18 19:00:00,572,Dindigul,5.0,-8.1684
2025-04-18 19:30:00,572,Dindigul,1.5,-8.1684
2025-04-18 20:00:00,572,Dindigul,1.5,-8.1684
2025-04-18 22:00:00,572,Dindigul,1.0,-8.521999999999998
2025-04-18 23:00:00,572,Dindigul,1.5,-8.521999999999998
2025-04-19 21:30:00,572,Dindigul,6.0,-8.101099999999999
2025-04-19 22:00:00,572,Dindigul,3.25,-8.101099999999999
2025-04-19 23:00:00,572,Dindigul,0.5,-8.101099999999999
2025-04-21 14:30:00,572,Dindigul,2.0,-8.1675
2025-04-21 15:00:00,572,Dindigul,1.5,-8.1675
2025-04-24 20:00:00,572,Dindigul,2.0,-8.609444444444444
2025-04-27 16:00:00,572,Dindigul,1.0,-8.749111111111112
2025-04-27 17:00:00,572,Dindigul,0.5,-8.749111111111112
2025-04-27 20:00:00,572,Dindigul,16.0,-8.749111111111112
2025-04-27 21:00:00,572,Dindigul,1.5,-8.749111111111112
2025-05-02 15:30:00,572,Dindigul,0.5,-9.480125
2025-05-02 16:00:00,572,Dindigul,2.25,-9.480125
2025-05-04 20:00:00,572,Dindigul,2.5,-4.704428571428571
2025-05-04 21:00:00,572,Dindigul,2.0,-4.704428571428571
2025-05-05 18:00:00,572,Dindigul,5.5,-9.065333333333331
2025-05-05 19:00:00,572,Dindigul,0.5,-9.065333333333331
2025-05-06 15:30:00,572,Dindigul,5.5,-9.050888888888888
2025-05-06 16:30:00,572,Dindigul,3.5,-9.050888888888888
2025-05-06 17:00:00,572,Dindigul,0.75,-9.050888888888888
2025-05-06 17:30:00,572,Dindigul,0.5,-9.050888888888888
2025-05-06 18:00:00,572,Dindigul,1.25,-9.050888888888888
2025-05-06 18:30:00,572,Dindigul,0.5,-9.050888888888888
2025-05-06 19:00:00,572,Dindigul,4.666666666666667,-9.050888888888888
2025-05-06 20:00:00,572,Dindigul,1.5,-9.050888888888888
2025-05-06 21:00:00,572,Dindigul,1.0,-9.050888888888888
2025-05-06 22:00:00,572,Dindigul,0.5,-9.028666666666666
2025-05-07 09:00:00,572,Dindigul,0.5,-9.040666666666668
2025-05-07 16:30:00,572,Dindigul,0.5,-8.945333333333334
2025-05-07 17:00:00,572,Dindigul,14.0,-8.945333333333334
2025-05-07 17:30:00,572,Dindigul,6.5,-8.945333333333334
2025-05-07 18:00:00,572,Dindigul,4.75,-8.945333333333334
2025-05-07 19:00:00,572,Dindigul,0.5,-8.945333333333334
2025-05-07 20:30:00,572,Dindigul,0.5,-8.945333333333334
2025-05-07 21:00:00,572,Dindigul,0.5,-8.945333333333334
2025-05-08 16:00:00,572,Dindigul,0.5,-8.947
2025-05-08 16:30:00,572,Dindigul,1.5,-8.947
2025-05-08 17:00:00,572,Dindigul,1.5,-8.947
2025-05-12 17:00:00,572,Dindigul,0.5,-9.106
2025-05-12 18:00:00,572,Dindigul,0.5,-9.106
2025-05-14 21:30:00,572,Dindigul,0.5,-9.01
2025-05-14 22:00:00,572,Dindigul,0.5,-9.01
2025-05-14 22:30:00,572,Dindigul,0.5,-9.01
2025-05-14 23:00:00,572,Dindigul,0.5,-9.01
2025-05-15 16:00:00,572,Dindigul,1.5,-9.022666666666668
2025-05-15 17:00:00,572,Dindigul,2.0,-9.022666666666668
2025-05-15 17:30:00,572,Dindigul,5.0,-9.022666666666668
2025-05-15 18:00:00,572,Dindigul,5.0,-9.022666666666668
2025-05-15 20:00:00,572,Dindigul,0.5,-9.022666666666668
2025-05-15 20:30:00,572,Dindigul,0.5,-9.022666666666668
2025-05-15 21:00:00,572,Dindigul,0.5,-9.022666666666668
2025-05-15 22:00:00,572,Dindigul,0.5,-9.003888888888888
2025-05-16 16:30:00,572,Dindigul,2.0,-9.030333333333331
2025-05-16 17:00:00,572,Dindigul,12.25,-9.030333333333331
2025-05-17 08:00:00,572,Dindigul,0.5,-9.008555555555557
2025-05-17 23:00:00,572,Dindigul,1.0,-9.035777777777778
2025-05-17 23:30:00,572,Dindigul,0.5,-9.035777777777778
2025-05-18 00:00:00,572,Dindigul,1.5,-9.035777777777778
2025-05-18 00:30:00,572,Dindigul,0.5,-9.035777777777778
2025-05-18 01:30:00,572,Dindigul,0.5,-9.035777777777778
2025-05-18 02:00:00,572,Dindigul,0.5,-9.035777777777778
2025-05-18 07:30:00,572,Dindigul,0.5,-9.038444444444444
2025-05-18 08:00:00,572,Dindigul,0.5,-9.038444444444444
2025-05-18 15:00:00,572,Dindigul,7.0,-9.067777777777778
2025-05-18 16:00:00,572,Dindigul,1.0,-9.103000000000002
2025-05-18 17:30:00,572,Dindigul,4.75,-9.103000000000002
2025-05-18 18:00:00,572,Dindigul,5.25,-9.103000000000002
2025-05-18 18:30:00,572,Dindigul,0.5,-9.103000000000002
2025-05-18 19:00:00,572,Dindigul,0.5,-9.103000000000002
2025-05-18 20:00:00,572,Dindigul,12.5,-9.103000000000002
2025-05-18 21:00:00,572,Dindigul,2.0,-9.103000000000002
2025-05-18 21:30:00,572,Dindigul,1.0,-9.072555555555557
2025-05-18 22:00:00,572,Dindigul,1.0,-9.072555555555557
2025-05-18 22:30:00,572,Dindigul,0.5,-9.072555555555557
2025-05-18 23:00:00,572,Dindigul,0.6666666666666666,-9.072555555555557
2025-05-19 00:00:00,572,Dindigul,0.5,-9.072555555555557
2025-05-19 01:00:00,572,Dindigul,0.5,-9.072555555555557
2025-05-19 15:00:00,572,Dindigul,12.5,-9.097888888888887
2025-05-19 16:00:00,572,Dindigul,1.0,-9.101777777777777
2025-05-19 18:30:00,572,Dindigul,1.0,-9.101777777777777
2025-05-19 19:00:00,572,Dindigul,1.0,-9.101777777777777
2025-05-19 19:30:00,572,Dindigul,0.5,-9.101777777777777
2025-05-19 20:00:00,572,Dindigul,6.5,-9.101777777777777
2025-05-19 20:30:00,572,Dindigul,2.5,-9.101777777777777
2025-05-19 21:00:00,572,Dindigul,3.0,-9.101777777777777
2025-05-20 19:00:00,572,Dindigul,1.0,-9.292111111111112
2025-05-24 03:00:00,572,Dindigul,0.5,-9.693875
2025-05-24 04:30:00,572,Dindigul,0.5,-9.946714285714288
2025-05-24 05:00:00,572,Dindigul,0.5,-9.946714285714288
2025-05-25 01:00:00,572,Dindigul,0.5,-9.41775
2025-05-25 02:00:00,572,Dindigul,1.0,-9.41775
2025-05-25 03:00:00,572,Dindigul,0.5,-9.41775
2025-05-25 04:00:00,572,Dindigul,0.75,-9.148888888888887
2025-05-25 05:00:00,572,Dindigul,0.5,-9.148888888888887
2025-05-25 06:30:00,572,Dindigul,1.0,-9.148888888888887
2025-05-25 07:00:00,572,Dindigul,0.5,-9.148888888888887
2025-05-25 08:00:00,572,Dindigul,0.5,-9.148888888888887
2025-05-25 09:00:00,572,Dindigul,0.5,-9.148888888888887
2025-05-25 21:00:00,572,Dindigul,0.5,-9.18811111111111
2025-05-26 00:00:00,572,Dindigul,0.5,-9.225333333333332
2025-05-26 02:00:00,572,Dindigul,0.5,-9.225333333333332
2025-05-26 06:00:00,572,Dindigul,2.5,-9.224444444444444
2025-05-26 06:30:00,572,Dindigul,1.0,-9.224444444444444
2025-05-26 07:00:00,572,Dindigul,0.8333333333333334,-9.224444444444444
2025-05-26 08:30:00,572,Dindigul,0.5,-9.224444444444444
2025-05-26 09:00:00,572,Dindigul,0.5,-9.224444444444444
2025-05-26 11:00:00,572,Dindigul,0.5,-9.193222222222223
2025-05-26 11:30:00,572,Dindigul,0.5,-9.193222222222223
2025-05-26 12:00:00,572,Dindigul,1.25,-9.193222222222223
2025-05-26 14:00:00,572,Dindigul,0.5,-9.193222222222223
2025-05-26 22:00:00,572,Dindigul,0.5,-9.131222222222222
2025-05-26 22:30:00,572,Dindigul,0.5,-9.131222222222222
2025-05-26 23:00:00,572,Dindigul,0.5,-9.131222222222222
2025-05-27 00:00:00,572,Dindigul,0.75,-9.131222222222222
2025-05-27 04:00:00,572,Dindigul,0.5,-9.11122222222222
2025-05-27 05:00:00,572,Dindigul,0.5,-9.11122222222222
2025-05-30 06:00:00,572,Dindigul,0.5,-9.116666666666667
2025-05-30 09:00:00,572,Dindigul,0.5,-9.116666666666667
2025-06-01 19:00:00,572,Dindigul,0.5,-9.397777777777778
2025-06-02 17:00:00,572,Dindigul,0.5,-9.588111111111113
2025-06-07 10:00:00,572,Dindigul,0.5,-10.000625
2025-06-11 18:00:00,572,Dindigul,0.5,-10.38575
2025-06-22 15:00:00,572,Dindigul,1.25,-10.566
2025-06-22 15:30:00,572,Dindigul,2.0,-11.346428571428572
2025-06-22 16:00:00,572,Dindigul,3.75,-11.346428571428572
2025-06-22 16:30:00,572,Dindigul,0.5,-11.346428571428572
2025-06-22 17:00:00,572,Dindigul,1.25,-11.346428571428572
2025-06-22 18:00:00,572,Dindigul,1.0,-11.346428571428572
2025-06-22 19:00:00,572,Dindigul,0.5,-11.346428571428572
2025-06-23 09:30:00,572,Dindigul,0.5,-11.359571428571428
2025-06-23 10:00:00,572,Dindigul,0.5,-11.359571428571428
2025-06-27 19:00:00,572,Dindigul,0.5,-11.478428571428571
2025-07-09 18:00:00,572,Dindigul,0.5,-11.910857142857145
2025-07-11 15:00:00,572,Dindigul,0.5,-11.962428571428571
2025-07-16 16:00:00,572,Dindigul,0.5,-12.076857142857142
2025-07-16 17:00:00,572,Dindigul,0.5,-12.076857142857142
2025-07-16 18:00:00,572,Dindigul,1.0,-12.076857142857142
2025-07-20 17:00:00,572,Dindigul,0.5,-12.179428571428572
2025-07-22 13:00:00,572,Dindigul,0.5,-12.1285
2025-08-01 16:00:00,572,Dindigul,0.5,-12.4775
2025-08-02 23:00:00,572,Dindigul,1.0,-12.389714285714286
2025-08-03 00:00:00,572,Dindigul,0.5,-12.389714285714286
2025-08-04 16:00:00,572,Dindigul,1.5,-12.665857142857144
2025-08-04 17:00:00,572,Dindigul,0.5,-12.665857142857144
2025-08-04 18:00:00,572,Dindigul,0.5,-12.665857142857144
2025-08-04 19:00:00,572,Dindigul,1.0,-12.665857142857144
2025-08-05 14:00:00,572,Dindigul,0.5,-12.708
2025-08-05 15:00:00,572,Dindigul,5.0,-12.708
2025-08-05 18:00:00,572,Dindigul,1.5,-13.366666666666667
2025-08-05 19:00:00,572,Dindigul,0.5,-13.366666666666667
2025-08-05 20:00:00,572,Dindigul,0.75,-13.366666666666667
2025-08-05 21:00:00,572,Dindigul,0.5,-13.366666666666667
2025-08-06 03:00:00,572,Dindigul,0.5,-12.608857142857143
2025-08-07 19:00:00,572,Dindigul,2.0,-13.257714285714286
2025-08-07 20:00:00,572,Dindigul,1.0,-13.257714285714286
2025-08-08 16:00:00,572,Dindigul,1.0,-13.459833333333334
2025-08-08 17:00:00,572,Dindigul,1.0,-13.459833333333334
2025-08-08 19:00:00,572,Dindigul,0.5,-13.459833333333334
2025-08-08 21:00:00,572,Dindigul,0.5,-13.459833333333334
2025-08-09 00:00:00,572,Dindigul,0.5,-12.66
2025-08-09 19:00:00,572,Dindigul,0.5,-12.660857142857145
2025-08-09 20:00:00,572,Dindigul,0.5,-12.660857142857145
2025-08-09 21:00:00,572,Dindigul,0.5,-12.660857142857145
2025-08-10 16:00:00,572,Dindigul,1.0,-12.520142857142856
2025-08-10 22:00:00,572,Dindigul,0.5,-12.12925
2025-08-13 15:00:00,572,Dindigul,0.5,-12.67485714285714
2025-08-23 21:00:00,572,Dindigul,0.5,-12.838714285714287
2025-08-28 07:00:00,572,Dindigul,0.5,-12.846142857142857
2025-09-03 19:00:00,572,Dindigul,0.5,-13.071714285714288
2025-09-05 17:00:00,572,Dindigul,0.5,-13.105285714285715
2025-09-08 19:00:00,572,Dindigul,1.5,-14.404333333333334
2025-09-08 20:00:00,572,Dindigul,1.0,-14.404333333333334
2025-09-08 21:00:00,572,Dindigul,0.5,-14.404333333333334
2025-09-09 05:00:00,572,Dindigul,0.5,-13.204142857142855
2025-09-09 06:00:00,572,Dindigul,1.5,-13.204142857142855
2025-09-09 07:00:00,572,Dindigul,0.5,-13.204142857142855
2025-09-09 08:00:00,572,Dindigul,0.5,-13.204142857142855
2025-09-09 13:00:00,572,Dindigul,1.0,-13.246571428571428
2025-09-09 16:00:00,572,Dindigul,0.5,-14.610833333333332
2025-09-09 19:00:00,572,Dindigul,2.5,-14.610833333333332
2025-09-09 20:00:00,572,Dindigul,7.75,-14.610833333333332
2025-09-09 21:00:00,572,Dindigul,3.5,-14.610833333333332
2025-09-10 18:00:00,572,Dindigul,0.5,-12.65875
2025-09-10 21:00:00,572,Dindigul,0.5,-12.65875
2025-09-11 09:00:00,572,Dindigul,17.0,-13.519857142857145
2025-09-11 15:00:00,572,Dindigul,2.0,-13.609285714285717
2025-09-13 21:00:00,572,Dindigul,0.5,-13.741857142857144
2025-09-15 19:00:00,572,Dindigul,0.5,-14.461833333333333
2025-09-16 15:00:00,572,Dindigul,0.5,-14.222500000000002
2025-09-16 17:00:00,572,Dindigul,0.5,-14.235166666666666
2025-09-17 15:00:00,572,Dindigul,0.5,-4.264
2025-09-17 16:00:00,572,Dindigul,1.0,-12.596625
2025-09-17 17:00:00,572,Dindigul,0.5,-12.596625
2025-09-17 19:00:00,572,Dindigul,0.5,-12.596625
2025-09-17 20:00:00,572,Dindigul,2.5,-12.596625
2025-09-17 21:00:00,572,Dindigul,1.5,-12.596625
2025-09-17 22:00:00,572,Dindigul,0.8333333333333334,-12.562
2025-09-18 00:00:00,572,Dindigul,0.5,-12.562
2025-09-18 01:00:00,572,Dindigul,0.5,-12.562
2025-09-20 16:00:00,572,Dindigul,1.0,-11.877777777777778
2025-09-21 17:00:00,572,Dindigul,2.5,-12.714125
2025-09-21 18:00:00,572,Dindigul,0.5,-12.714125
2025-09-25 14:00:00,572,Dindigul,1.5,-12.252666666666666
2025-09-25 15:00:00,572,Dindigul,0.75,-12.252666666666666
2025-09-25 16:00:00,572,Dindigul,0.5,-12.105
2025-10-03 19:00:00,572,Dindigul,16.5,-23.19066666666667
2025-10-03 20:00:00,572,Dindigul,4.833333333333333,-23.19066666666667
2025-10-03 21:00:00,572,Dindigul,1.0,-23.19066666666667
2025-10-03 22:00:00,572,Dindigul,1.25,-12.869888888888887
2025-10-03 23:00:00,572,Dindigul,1.25,-12.869888888888887
2025-10-04 03:00:00,572,Dindigul,2.0,-12.869888888888887
2025-10-04 04:00:00,572,Dindigul,2.0,-12.85388888888889
2025-10-04 05:00:00,572,Dindigul,0.5,-12.85388888888889
2025-10-04 19:00:00,572,Dindigul,1.5,-14.00175
2025-10-04 20:00:00,572,Dindigul,1.0,-14.00175
2025-10-05 13:00:00,572,Dindigul,3.5,-12.3781
2025-10-05 14:00:00,572,Dindigul,2.75,-12.3781
2025-10-05 16:00:00,572,Dindigul,21.0,-12.3401
2025-10-05 17:00:00,572,Dindigul,2.0,-12.3401
2025-10-05 18:00:00,572,Dindigul,4.5,-12.3401
2025-10-05 19:00:00,572,Dindigul,1.5,-12.3401
2025-10-05 20:00:00,572,Dindigul,0.5,-12.3401
2025-10-16 11:00:00,572,Dindigul,3.5,-11.008500000000002
2025-10-16 13:00:00,572,Dindigul,0.5,-11.008500000000002
2025-10-16 15:00:00,572,Dindigul,0.5,-11.008500000000002
2025-10-16 16:00:00,572,Dindigul,4.5,-11.008500000000002
2025-10-17 08:00:00,572,Dindigul,3.5,-11.008500000000002
2025-10-17 09:00:00,572,Dindigul,0.5,-11.008500000000002
2025-10-17 11:00:00,572,Dindigul,2.0,-11.008500000000002
2025-10-17 15:00:00,572,Dindigul,2.25,-11.008500000000002
2025-10-17 16:00:00,572,Dindigul,3.5,-11.008500000000002
2025-10-18 02:00:00,572,Dindigul,0.5,-11.008500000000002
2025-10-18 03:00:00,572,Dindigul,1.0,-11.008500000000002
2025-10-18 04:00:00,572,Dindigul,1.0,-11.008500000000002
2025-10-18 05:00:00,572,Dindigul,0.5,-11.008500000000002
2025-10-18 06:00:00,572,Dindigul,0.5,-11.008500000000002
2025-10-18 09:00:00,572,Dindigul,0.5,-11.008500000000002
2025-10-18 15:00:00,572,Dindigul,2.0,-11.008500000000002
2025-10-18 20:00:00,572,Dindigul,0.5,-11.008500000000002
2025-10-19 09:00:00,572,Dindigul,2.5,-11.008500000000002
2025-10-19 10:00:00,572,Dindigul,2.5,-11.008500000000002
2025-10-19 11:00:00,572,Dindigul,0.5,-11.008500000000002
2025-10-19 12:00:00,572,Dindigul,7.0,-11.008500000000002
2025-10-19 18:00:00,572,Dindigul,2.0,-11.008500000000002
2025-10-19 22:00:00,572,Dindigul,3.0,-11.008500000000002
2025-10-19 23:00:00,572,Dindigul,2.5,-11.008500000000002
2025-10-20 00:00:00,572,Dindigul,1.0,-11.008500000000002
2025-10-20 09:00:00,572,Dindigul,2.5,-11.008500000000002
2025-10-21 07:00:00,572,Dindigul,0.5,-11.008500000000002
2025-10-21 08:00:00,572,Dindigul,2.5,-11.008500000000002
2025-10-21 09:00:00,572,Dindigul,4.333333333333333,-11.008500000000002
2025-10-21 10:00:00,572,Dindigul,0.8333333333333334,-11.008500000000002
2025-10-21 11:00:00,572,Dindigul,1.0,-11.008500000000002
2025-10-21 12:00:00,572,Dindigul,1.5,-11.008500000000002
2025-10-21 13:00:00,572,Dindigul,1.75,-11.008500000000002
2025-10-21 14:00:00,572,Dindigul,1.5,-11.008500000000002
2025-10-21 15:00:00,572,Dindigul,3.25,-11.008500000000002
2025-10-21 16:00:00,572,Dindigul,4.75,-11.008500000000002
2025-10-21 17:00:00,572,Dindigul,2.0,-11.008500000000002
2025-10-21 19:00:00,572,Dindigul,0.75,-11.008500000000002
2025-10-21 20:00:00,572,Dindigul,0.5,-11.008500000000002
2025-10-21 21:00:00,572,Dindigul,0.5,-11.008500000000002
2025-10-21 23:00:00,572,Dindigul,1.5,-11.008500000000002
2025-10-22 00:00:00,572,Dindigul,2.5,-11.008500000000002
2025-10-22 01:00:00,572,Dindigul,1.0,-11.008500000000002
2025-10-22 02:00:00,572,Dindigul,3.0,-11.008500000000002
2025-10-22 03:00:00,572,Dindigul,4.0,-11.008500000000002
2025-10-22 04:00:00,572,Dindigul,0.5,-11.008500000000002
2025-10-22 05:00:00,572,Dindigul,0.5,-11.008500000000002
2025-10-22 06:00:00,572,Dindigul,0.5,-11.008500000000002
2025-10-22 07:00:00,572,Dindigul,0.5,-11.008500000000002
2025-10-22 09:00:00,572,Dindigul,0.5,-11.008500000000002
2025-10-22 12:00:00,572,Dindigul,1.5,-11.008500000000002
2025-10-22 13:00:00,572,Dindigul,1.0,-11.008500000000002
2025-10-22 17:00:00,572,Dindigul,0.5,-11.008500000000002
2025-10-22 18:00:00,572,Dindigul,3.5,-11.008500000000002
2025-10-22 19:00:00,572,Dindigul,2.0,-11.008500000000002
2025-10-23 03:00:00,572,Dindigul,5.5,-11.008500000000002
2025-10-23 07:00:00,572,Dindigul,1.5,-10.9679
2025-10-23 08:00:00,572,Dindigul,45.0,-10.9679
2025-10-23 09:00:00,572,Dindigul,8.5,-10.9679
2025-10-23 10:00:00,572,Dindigul,8.5,-10.9709
2025-10-23 12:00:00,572,Dindigul,1.0,-10.9709
2025-10-24 15:00:00,572,Dindigul,5.0,-10.9718
2025-10-24 17:00:00,572,Dindigul,0.5,-11.0131
2025-10-27 18:00:00,572,Dindigul,0.5,-11.1373
2025-11-05 15:00:00,572,Dindigul,0.5,-11.3724
2025-11-05 16:00:00,572,Dindigul,3.5,-11.3311
2025-11-05 17:00:00,572,Dindigul,2.5,-11.3311
2025-11-05 19:00:00,572,Dindigul,9.5,-11.3311
2025-11-05 20:00:00,572,Dindigul,3.25,-11.3311
2025-11-05 22:00:00,572,Dindigul,0.5,-11.006
2025-11-06 00:00:00,572,Dindigul,0.5,-11.006
2025-11-06 03:00:00,572,Dindigul,2.0,-11.006
2025-11-06 04:00:00,572,Dindigul,9.5,-11.2123
2025-11-06 05:00:00,572,Dindigul,0.5,-11.2123
2025-11-06 11:00:00,572,Dindigul,0.5,-11.1374
2025-11-09 01:00:00,572,Dindigul,4.0,-7.153555555555556
2025-11-09 02:00:00,572,Dindigul,3.0,-7.153555555555556
2025-11-12 00:00:00,572,Dindigul,3.0,-11.610111111111111
2025-11-12 01:00:00,572,Dindigul,0.5,-11.610111111111111
2025-11-14 04:00:00,572,Dindigul,1.5,-11.1806
2025-11-14 09:00:00,572,Dindigul,0.5,-11.1806
2025-11-17 21:00:00,572,Dindigul,1.5,-11.4403
2025-11-17 22:00:00,572,Dindigul,0.5,-11.253
2025-11-17 23:00:00,572,Dindigul,0.75,-11.253
2025-11-18 04:00:00,572,Dindigul,0.5,-11.2218
2025-11-18 07:00:00,572,Dindigul,0.5,-11.2218
2025-11-18 09:00:00,572,Dindigul,2.0,-11.2218
2025-11-18 10:00:00,572,Dindigul,0.5,-11.2116
2025-11-18 15:00:00,572,Dindigul,1.0,-11.2116
2025-11-18 16:00:00,572,Dindigul,0.5,-11.4032
2025-11-18 18:00:00,572,Dindigul,10.5,-11.4032
2025-11-21 11:00:00,572,Dindigul,0.5,-11.178363636363637
2025-11-21 18:00:00,572,Dindigul,1.25,-27.93145454545455
2025-11-21 19:00:00,572,Dindigul,1.5,-27.93145454545455
2025-11-22 04:00:00,572,Dindigul,9.0,-27.67109090909091
2025-11-22 05:00:00,572,Dindigul,4.0,-27.67109090909091
2025-11-22 11:00:00,572,Dindigul,1.5,-27.66118181818182
2025-11-22 12:00:00,572,Dindigul,0.75,-27.66118181818182
2025-11-22 17:00:00,572,Dindigul,7.25,-30.1061
2025-11-22 18:00:00,572,Dindigul,1.5,-30.1061
2025-11-22 19:00:00,572,Dindigul,0.5,-30.1061
2025-11-22 20:00:00,572,Dindigul,2.25,-30.1061
2025-11-22 21:00:00,572,Dindigul,0.5,-30.1061
2025-11-23 00:00:00,572,Dindigul,0.5,-11.5589
2025-11-23 14:00:00,572,Dindigul,6.0,-11.6262
2025-11-23 15:00:00,572,Dindigul,2.0,-11.6262
2025-11-23 16:00:00,572,Dindigul,17.333333333333332,-10.7025
2025-11-23 17:00:00,572,Dindigul,45.25,-10.7025
2025-11-23 18:00:00,572,Dindigul,3.25,-10.7025
2025-11-23 19:00:00,572,Dindigul,3.0,-10.7025
2025-11-23 20:00:00,572,Dindigul,1.0,-10.7025
2025-11-23 21:00:00,572,Dindigul,4.5,-10.7025
2025-11-23 22:00:00,572,Dindigul,2.5,-10.6712
2025-11-23 23:00:00,572,Dindigul,0.75,-10.6712
2025-11-24 00:00:00,572,Dindigul,5.0,-10.6712
2025-11-24 01:00:00,572,Dindigul,0.75,-10.6712
2025-11-24 02:00:00,572,Dindigul,0.5,-10.6712
2025-11-24 03:00:00,572,Dindigul,0.5,-10.6712
2025-11-24 04:00:00,572,Dindigul,0.5,-6.928375
2025-11-24 05:00:00,572,Dindigul,2.0,-6.928375
2025-11-24 06:00:00,572,Dindigul,1.0,-6.928375
2025-11-24 07:00:00,572,Dindigul,2.0,-6.928375
2025-11-24 08:00:00,572,Dindigul,2.5,-6.928375
2025-11-24 09:00:00,572,Dindigul,1.0,-6.928375
2025-11-24 10:00:00,572,Dindigul,0.5,-6.895625
2025-11-24 11:00:00,572,Dindigul,0.5,-6.895625
2025-11-24 14:00:00,572,Dindigul,0.5,-6.895625
2025-11-24 16:00:00,572,Dindigul,1.0,-11.171777777777775
2025-11-24 17:00:00,572,Dindigul,5.0,-11.171777777777775
2025-11-24 18:00:00,572,Dindigul,2.25,-11.171777777777775
2025-11-24 19:00:00,572,Dindigul,1.5,-11.171777777777775
2025-11-24 20:00:00,572,Dindigul,134.0,-11.171777777777775
2025-11-24 21:00:00,572,Dindigul,1.0,-11.171777777777775
2025-11-24 22:00:00,572,Dindigul,3.0,-11.152333333333337
2025-11-24 23:00:00,572,Dindigul,2.0,-11.152333333333337
2025-11-25 00:00:00,572,Dindigul,1.5,-11.152333333333337
2025-11-25 01:00:00,572,Dindigul,0.5,-11.152333333333337
2025-11-25 08:00:00,572,Dindigul,0.5,-11.676625
2025-11-25 11:00:00,572,Dindigul,9.5,-11.68775
2025-11-26 14:00:00,572,Dindigul,3.0,-10.606818181818182
2025-11-26 15:00:00,572,Dindigul,0.5,-10.606818181818182
2025-11-30 00:00:00,572,Dindigul,0.5,-8.36
2025-11-30 01:00:00,572,Dindigul,1.75,-8.36
2025-11-30 02:00:00,572,Dindigul,0.5,-8.36
2025-11-30 03:00:00,572,Dindigul,2.0,-8.36
2025-11-30 04:00:00,572,Dindigul,1.5,-6.564
2025-11-30 05:00:00,572,Dindigul,1.0,-6.564
2025-11-30 06:00:00,572,Dindigul,0.5,-6.564
2025-12-01 04:00:00,572,Dindigul,0.5,-10.1089
2025-12-01 13:00:00,572,Dindigul,0.5,-10.1188
2025-12-02 06:00:00,572,Dindigul,7.0,-10.10609090909091
2025-12-02 10:00:00,572,Dindigul,17.5,-10.157272727272726
2025-12-02 12:00:00,572,Dindigul,1.0,-10.157272727272726
2025-12-02 13:00:00,572,Dindigul,1.0,-10.157272727272726
2025-12-03 01:00:00,572,Dindigul,20.75,-10.127454545454546
2025-12-03 02:00:00,572,Dindigul,6.5,-10.127454545454546
2025-12-03 03:00:00,572,Dindigul,8.0,-10.127454545454546
2025-12-03 07:00:00,572,Dindigul,9.0,-10.104454545454546
2025-12-03 08:00:00,572,Dindigul,1.0,-10.104454545454546
2025-12-03 09:00:00,572,Dindigul,1.5,-10.104454545454546
2025-12-03 10:00:00,572,Dindigul,1.0,-10.101454545454546
2025-12-03 13:00:00,572,Dindigul,4.5,-10.101454545454546
2025-12-03 17:00:00,572,Dindigul,0.5,-10.694
2025-12-04 18:00:00,572,Dindigul,13.0,-8.27
2025-12-05 07:00:00,572,Dindigul,0.5,-9.93281818181818
2025-12-05 11:00:00,572,Dindigul,2.5,-9.931181818181818
2025-12-05 12:00:00,572,Dindigul,5.0,-9.931181818181818
2025-12-05 20:00:00,572,Dindigul,1.5,-9.913636363636364
2025-12-05 23:00:00,572,Dindigul,1.0,-9.867909090909093
2025-12-06 03:00:00,572,Dindigul,0.5,-9.867909090909093
2025-12-09 01:00:00,572,Dindigul,0.5,-9.40081818181818
2025-12-16 21:00:00,572,Dindigul,0.5,-8.14
2025-12-16 23:00:00,572,Dindigul,1.8333333333333333,-9.457272727272729
2025-12-17 02:00:00,572,Dindigul,0.5,-9.457272727272729
2025-12-17 04:00:00,572,Dindigul,0.5,-9.43890909090909
2025-12-17 06:00:00,572,Dindigul,1.25,-9.43890909090909
2025-12-17 07:00:00,572,Dindigul,0.5,-9.43890909090909
2026-01-11 03:00:00,572,Dindigul,1.0,-12.736
2026-01-11 04:00:00,572,Dindigul,1.0,-8.344277777777778
2026-01-11 05:00:00,572,Dindigul,1.0,-8.344277777777778
2026-01-11 06:00:00,572,Dindigul,1.0,-8.344277777777778
2026-01-11 07:00:00,572,Dindigul,0.5,-8.344277777777778
2026-01-11 10:00:00,572,Dindigul,0.5,-8.422055555555556
2026-01-11 17:00:00,572,Dindigul,0.5,-10.725653846153849
2026-01-11 18:00:00,572,Dindigul,0.5,-10.725653846153849
2026-01-12 21:00:00,572,Dindigul,0.5,-10.90937037037037
2026-01-12 22:00:00,572,Dindigul,0.5,-17.274535714285715
2026-01-12 23:00:00,572,Dindigul,0.75,-17.274535714285715
2026-01-13 00:00:00,572,Dindigul,0.5,-17.274535714285715
2026-01-13 12:00:00,572,Dindigul,2.5,-17.490000000000002
2026-01-13 15:00:00,572,Dindigul,0.5,-17.490000000000002
2026-01-14 06:00:00,572,Dindigul,0.5,-20.9422
2026-01-25 20:00:00,572,Dindigul,0.5,-10.227645161290322
2026-01-26 07:00:00,572,Dindigul,0.5,-10.20767741935484
2026-01-26 08:00:00,572,Dindigul,0.75,-10.20767741935484
2026-01-26 09:00:00,572,Dindigul,1.8333333333333333,-10.20767741935484
2026-01-26 10:00:00,572,Dindigul,0.75,-10.491548387096774
2026-02-25 23:00:00,572,Dindigul,2.5,-13.654411764705882
2026-03-17 21:00:00,572,Dindigul,1.0,-13.488588235294117
2026-03-18 01:00:00,572,Dindigul,0.5,-12.571181818181818
2026-03-18 15:00:00,572,Dindigul,23.0,-12.951727272727272
2026-03-18 16:00:00,572,Dindigul,16.0,-12.1666875
2026-03-18 17:00:00,572,Dindigul,0.5,-12.1666875
2026-03-18 18:00:00,572,Dindigul,0.5,-12.1666875
2026-03-18 20:00:00,572,Dindigul,0.5,-12.1666875
2026-03-19 02:00:00,572,Dindigul,1.5,-12.08015625
2021-12-31 21:00:00,573,Erode,0.5,-6.05775
2022-01-01 12:00:00,573,Erode,0.5,-5.80175
2022-01-01 13:00:00,573,Erode,0.5,-5.80175
2022-01-01 17:30:00,573,Erode,1.5,-5.9935
2022-01-01 17:35:00,573,Erode,3.0,-5.9935
2022-01-01 17:40:00,573,Erode,3.5,-5.9935
2022-01-01 17:45:00,573,Erode,3.5,-5.9935
2022-01-01 17:50:00,573,Erode,3.5,-5.9935
2022-01-01 17:55:00,573,Erode,3.5,-5.9935
2022-01-01 18:00:00,573,Erode,3.5,-5.9935
2022-01-01 21:00:00,573,Erode,2.5,-5.9935
2022-01-01 23:00:00,573,Erode,0.5,-5.5935
2022-01-16 21:50:00,573,Erode,1.0,-5.584
2022-01-16 21:55:00,573,Erode,1.0,-5.584
2022-01-28 03:00:00,573,Erode,1.0,-7.82275
2022-04-08 21:00:00,573,Erode,1.5,-12.94475
2022-04-08 22:00:00,573,Erode,5.0,-12.91275
2022-04-08 23:00:00,573,Erode,1.5,-12.91275
2022-04-09 16:00:00,573,Erode,7.5,-11.458749999999998
2022-04-12 17:00:00,573,Erode,0.5,-9.77975
2022-04-12 20:00:00,573,Erode,0.5,-9.77975
2022-04-13 07:00:00,573,Erode,0.5,-9.253
2022-04-13 18:00:00,573,Erode,0.5,-9.234
2022-04-13 19:00:00,573,Erode,1.0,-9.234
2022-04-13 20:00:00,573,Erode,0.5,-9.234
2022-04-13 21:00:00,573,Erode,0.5,-9.234
2022-04-13 22:00:00,573,Erode,1.5,-9.134
2022-04-13 23:00:00,573,Erode,1.0,-9.134
2022-04-14 00:00:00,573,Erode,0.5,-9.134
2022-04-14 19:00:00,573,Erode,0.5,-9.5795
2022-04-14 20:00:00,573,Erode,1.75,-9.5795
2022-04-14 21:00:00,573,Erode,13.0,-9.5795
2022-04-14 22:00:00,573,Erode,3.0,-9.225
2022-04-14 23:00:00,573,Erode,1.5,-9.225
2022-04-15 00:00:00,573,Erode,0.5,-9.225
2022-04-15 01:00:00,573,Erode,0.5,-9.225
2022-04-15 02:00:00,573,Erode,0.5,-9.225
2022-04-15 03:00:00,573,Erode,0.5,-9.225
2022-04-15 08:00:00,573,Erode,0.5,-8.9815
2022-04-15 14:00:00,573,Erode,0.5,-9.1145
2022-04-15 18:00:00,573,Erode,11.0,-8.9825
2022-04-15 22:00:00,573,Erode,0.5,-8.7165
2022-04-16 05:00:00,573,Erode,0.5,-8.57
2022-04-17 22:00:00,573,Erode,4.0,-8.713249999999999
2022-04-17 23:00:00,573,Erode,7.0,-8.713249999999999
2022-04-18 00:00:00,573,Erode,10.0,-8.713249999999999
2022-04-18 06:00:00,573,Erode,0.5,-8.41575
2022-04-18 15:00:00,573,Erode,0.5,-8.38825
2022-04-20 13:00:00,573,Erode,0.5,-8.7205
2022-04-23 09:00:00,573,Erode,0.5,-8.255500000000001
2022-04-23 18:00:00,573,Erode,3.5,-10.19225
2022-04-23 20:00:00,573,Erode,3.0,-10.19225
2022-04-23 21:00:00,573,Erode,5.0,-10.19225
2022-04-23 22:00:00,573,Erode,1.75,-9.53675
2022-04-23 23:00:00,573,Erode,1.0,-9.53675
2022-04-24 00:00:00,573,Erode,0.5,-9.53675
2022-04-24 03:00:00,573,Erode,0.5,-9.53675
2022-04-25 08:00:00,573,Erode,0.5,-9.17075
2022-04-27 06:00:00,573,Erode,0.5,-10.42775
2022-05-01 19:00:00,573,Erode,1.5,-12.47775
2022-05-01 20:00:00,573,Erode,1.5,-12.47775
2022-05-01 21:00:00,573,Erode,0.5,-12.47775
2022-05-01 22:00:00,573,Erode,0.5,-12.821666666666667
2022-06-05 02:00:00,573,Erode,5.5,-11.69575
2022-06-05 18:00:00,573,Erode,1.5,-12.73675
2022-06-05 19:00:00,573,Erode,1.5,-12.73675
2022-06-05 20:00:00,573,Erode,1.0,-12.73675
2022-06-05 21:00:00,573,Erode,0.5,-12.73675
2022-06-05 22:00:00,573,Erode,0.75,-12.577
2022-06-05 23:00:00,573,Erode,0.5,-12.577
2022-06-06 19:00:00,573,Erode,0.5,-11.91425
2022-06-06 22:00:00,573,Erode,3.0,-11.8035
2022-06-07 06:00:00,573,Erode,0.5,-11.49575
2022-06-07 16:00:00,573,Erode,0.5,-11.2905
2022-06-08 07:00:00,573,Erode,0.5,-11.03475
2022-06-09 04:00:00,573,Erode,0.5,-10.671
2022-06-10 00:00:00,573,Erode,0.5,-11.3835
2022-06-11 15:00:00,573,Erode,0.5,-41.21275
2022-06-14 12:00:00,573,Erode,0.5,-16.495
2022-06-14 18:00:00,573,Erode,2.5,-16.57525
2022-06-14 19:00:00,573,Erode,5.0,-16.57525
2022-06-14 20:00:00,573,Erode,0.5,-16.57525
2022-06-14 21:00:00,573,Erode,3.0,-16.57525
2022-06-14 22:00:00,573,Erode,1.0,-15.97825
2022-06-14 23:00:00,573,Erode,0.5,-15.97825
2022-06-15 15:00:00,573,Erode,0.5,-15.457
2022-06-17 15:00:00,573,Erode,1.0,-14.2395
2022-06-17 19:00:00,573,Erode,0.5,-14.985
2022-06-18 01:00:00,573,Erode,0.5,-14.735
2022-06-18 03:00:00,573,Erode,0.5,-14.735
2022-06-18 09:00:00,573,Erode,0.5,-14.21825
2022-06-18 16:00:00,573,Erode,1.0,-14.4085
2022-06-18 18:00:00,573,Erode,0.5,-14.4085
2022-06-18 21:00:00,573,Erode,1.0,-14.4085
2022-06-18 22:00:00,573,Erode,1.5,-13.88275
2022-06-18 23:00:00,573,Erode,1.5,-13.88275
2022-06-19 00:00:00,573,Erode,1.5,-13.88275
2022-06-19 01:00:00,573,Erode,1.5,-13.88275
2022-06-19 02:00:00,573,Erode,7.0,-13.88275
2022-06-29 18:00:00,573,Erode,3.5,-16.58575
2022-06-30 14:00:00,573,Erode,1.0,-18.0805
2022-06-30 15:00:00,573,Erode,4.75,-18.0805
2022-06-30 16:00:00,573,Erode,1.0,-18.09175
2022-06-30 17:00:00,573,Erode,0.5,-18.09175
2022-07-05 16:00:00,573,Erode,3.5,-15.00275
2022-07-05 17:00:00,573,Erode,0.5,-15.00275
2022-07-07 16:00:00,573,Erode,0.5,-18.05025
2022-07-07 17:00:00,573,Erode,1.0,-18.05025
2022-07-07 18:00:00,573,Erode,1.0,-18.05025
2022-07-09 10:00:00,573,Erode,0.5,-16.93425
2022-07-09 17:00:00,573,Erode,0.5,-17.43175
2022-07-09 19:00:00,573,Erode,0.5,-17.43175
2022-07-09 20:00:00,573,Erode,0.5,-17.43175
2022-07-10 00:00:00,573,Erode,0.5,-17.04825
2022-07-26 22:00:00,573,Erode,0.5,-13.8365
2022-07-26 23:00:00,573,Erode,0.5,-13.8365
2022-07-27 02:00:00,573,Erode,1.0,-13.8365
2022-07-27 05:00:00,573,Erode,1.0,-13.48425
2022-07-27 15:00:00,573,Erode,0.5,-13.25325
2022-07-27 23:00:00,573,Erode,0.5,-13.22575
2022-07-28 00:00:00,573,Erode,0.5,-13.22575
2022-07-28 01:00:00,573,Erode,2.0,-13.22575
2022-07-28 02:00:00,573,Erode,3.5,-13.22575
2022-07-28 14:25:00,573,Erode,1.5,-12.9005
2022-07-29 00:00:00,573,Erode,0.5,-12.45975
2022-07-29 01:00:00,573,Erode,1.5,-12.45975
2022-07-29 02:00:00,573,Erode,5.0,-12.45975
2022-07-29 03:00:00,573,Erode,2.5,-12.45975
2022-07-29 04:00:00,573,Erode,2.5,-12.15925
2022-07-29 05:00:00,573,Erode,6.5,-12.15925
2022-07-30 06:00:00,573,Erode,1.5,-11.88525
2022-07-30 07:00:00,573,Erode,0.5,-11.88525
2022-07-30 22:00:00,573,Erode,7.5,-13.642
2022-07-31 01:00:00,573,Erode,0.5,-13.642
2022-07-31 23:00:00,573,Erode,6.0,-13.60875
2022-08-01 00:00:00,573,Erode,1.25,-13.60875
2022-08-01 01:00:00,573,Erode,3.0,-13.60875
2022-08-01 02:00:00,573,Erode,2.0,-13.60875
2022-08-01 03:00:00,573,Erode,0.8333333333333334,-13.60875
2022-08-01 20:00:00,573,Erode,1.0,-12.41225
2022-08-01 21:00:00,573,Erode,1.5,-12.41225
2022-08-01 22:00:00,573,Erode,0.5,-12.106000000000002
2022-08-01 23:00:00,573,Erode,1.0,-12.106000000000002
2022-08-02 00:00:00,573,Erode,0.5,-12.106000000000002
2022-08-02 16:00:00,573,Erode,0.5,-13.1455
2022-08-04 09:00:00,573,Erode,17.5,-12.56025
2022-08-04 10:00:00,573,Erode,8.5,-12.2015
2022-08-04 11:00:00,573,Erode,1.0,-12.2015
2022-08-04 12:00:00,573,Erode,3.5,-12.2015
2022-08-04 13:00:00,573,Erode,0.5,-12.2015
2022-08-04 14:00:00,573,Erode,0.5,-12.2015
2022-08-04 15:00:00,573,Erode,0.5,-12.2015
2022-08-04 20:00:00,573,Erode,0.5,-12.10275
2022-08-04 21:00:00,573,Erode,0.5,-12.10275
2022-08-04 22:00:00,573,Erode,0.5,-11.69025
2022-08-05 16:00:00,573,Erode,0.5,-11.98225
2022-08-05 17:00:00,573,Erode,1.0,-11.98225
2022-08-05 18:00:00,573,Erode,0.5,-11.98225
2022-08-08 14:00:00,573,Erode,0.5,-13.362666666666664
2022-08-19 19:00:00,573,Erode,2.0,-13.9455
2022-08-21 16:00:00,573,Erode,1.5,-14.03925
2022-08-22 15:00:00,573,Erode,31.0,-13.2255
2022-08-22 16:00:00,573,Erode,0.5,-13.13475
2022-08-24 14:00:00,573,Erode,4.5,-14.5265
2022-08-24 15:00:00,573,Erode,23.0,-14.5265
2022-08-24 16:00:00,573,Erode,2.0,-14.0165
2022-08-25 16:00:00,573,Erode,2.5,-13.276
2022-08-25 17:00:00,573,Erode,6.5,-13.276
2022-08-25 18:00:00,573,Erode,22.0,-13.276
2022-08-25 19:00:00,573,Erode,3.0,-13.276
2022-08-25 20:00:00,573,Erode,1.5,-13.276
2022-08-25 22:00:00,573,Erode,1.5,-12.7735
2022-08-26 00:00:00,573,Erode,2.0,-12.7735
2022-08-26 01:00:00,573,Erode,2.75,-12.7735
2022-08-26 02:00:00,573,Erode,2.5,-12.7735
2022-08-26 03:00:00,573,Erode,0.75,-12.7735
2022-08-26 04:00:00,573,Erode,0.5,-12.36075
2022-08-26 20:00:00,573,Erode,18.0,-14.2245
2022-08-26 21:00:00,573,Erode,19.5,-14.2245
2022-08-26 22:00:00,573,Erode,14.0,-13.726
2022-08-26 23:00:00,573,Erode,6.5,-13.726
2022-08-27 00:00:00,573,Erode,16.0,-13.726
2022-08-27 01:00:00,573,Erode,3.5,-13.726
2022-08-27 02:00:00,573,Erode,2.5,-13.726
2022-08-27 03:00:00,573,Erode,2.5,-13.726
2022-08-27 04:00:00,573,Erode,3.0,-13.1415
2022-08-27 05:00:00,573,Erode,2.5,-13.1415
2022-08-27 06:00:00,573,Erode,2.0,-13.1415
2022-08-27 07:00:00,573,Erode,1.0,-13.1415
2022-08-27 08:00:00,573,Erode,1.0,-13.1415
2022-08-27 20:00:00,573,Erode,0.5,-14.31575
2022-08-27 21:00:00,573,Erode,0.5,-14.31575
2022-08-28 22:00:00,573,Erode,4.0,-13.718
2022-08-28 23:00:00,573,Erode,1.25,-13.718
2022-08-29 00:00:00,573,Erode,2.0,-13.718
2022-08-29 01:00:00,573,Erode,1.75,-13.718
2022-08-29 02:00:00,573,Erode,1.25,-13.718
2022-08-29 03:00:00,573,Erode,1.25,-13.718
2022-08-29 05:00:00,573,Erode,0.75,-13.20625
2022-08-29 12:00:00,573,Erode,0.5,-12.81075
2022-08-29 23:00:00,573,Erode,0.5,-12.38925
2022-08-30 11:00:00,573,Erode,0.5,-11.83925
2022-08-30 23:00:00,573,Erode,6.0,-11.43825
2022-08-31 00:00:00,573,Erode,54.5,-11.43825
2022-08-31 01:00:00,573,Erode,12.0,-11.43825
2022-08-31 04:00:00,573,Erode,0.5,-11.165
2022-08-31 17:00:00,573,Erode,2.5,-11.034
2022-08-31 18:00:00,573,Erode,0.5,-11.034
2022-09-01 08:00:00,573,Erode,0.5,-10.61225
2022-09-02 03:00:00,573,Erode,1.0,-10.62325
2022-09-02 04:00:00,573,Erode,2.5,-10.3275
2022-09-02 20:00:00,573,Erode,0.5,-10.0895
2022-09-05 00:00:00,573,Erode,6.5,-9.11075
2022-09-05 01:00:00,573,Erode,21.0,-9.11075
2022-09-05 02:00:00,573,Erode,0.5,-9.11075
2022-09-05 09:00:00,573,Erode,0.5,-8.9015
2022-09-06 15:00:00,573,Erode,12.5,-9.219
2022-09-07 20:00:00,573,Erode,0.5,-8.6145
2022-09-07 22:00:00,573,Erode,0.5,-8.60025
2022-09-10 14:00:00,573,Erode,2.5,-8.813
2022-09-10 15:00:00,573,Erode,1.0,-8.813
2022-09-11 17:00:00,573,Erode,0.5,-9.5755
2022-09-11 22:00:00,573,Erode,0.5,-9.07075
2022-09-12 02:00:00,573,Erode,0.5,-9.07075
2022-09-12 03:00:00,573,Erode,3.5,-9.07075
2022-09-12 04:00:00,573,Erode,2.0,-8.746
2022-09-14 18:00:00,573,Erode,6.0,-9.58025
2022-09-14 19:00:00,573,Erode,6.0,-9.58025
2022-09-26 02:00:00,573,Erode,4.0,-10.16625
2022-09-28 18:00:00,573,Erode,0.5,-11.16225
2022-09-28 19:00:00,573,Erode,42.0,-11.16225
2022-09-28 20:00:00,573,Erode,1.5,-11.16225
2022-10-02 19:00:00,573,Erode,7.0,-10.39225
2022-10-05 02:00:00,573,Erode,4.5,-8.943
2022-10-05 03:00:00,573,Erode,5.0,-8.943
2022-10-05 18:00:00,573,Erode,1.0,-8.558
2022-10-09 20:00:00,573,Erode,1.0,-7.51525
2022-10-09 21:00:00,573,Erode,3.6666666666666665,-7.51525
2022-10-09 22:00:00,573,Erode,7.25,-7.354
2022-10-10 00:00:00,573,Erode,3.333333333333333,-7.354
2022-10-10 01:00:00,573,Erode,2.333333333333333,-7.354
2022-10-10 02:00:00,573,Erode,1.6666666666666667,-7.354
2022-10-10 03:00:00,573,Erode,2.5,-7.354
2022-10-10 04:00:00,573,Erode,0.6666666666666666,-7.15625
2022-10-10 05:00:00,573,Erode,2.0,-7.15625
2022-10-10 06:00:00,573,Erode,1.0,-7.15625
2022-10-10 07:00:00,573,Erode,1.1666666666666667,-7.15625
2022-10-10 09:00:00,573,Erode,1.0,-7.15625
2022-10-10 11:00:00,573,Erode,1.0,-7.233499999999999
2022-10-10 12:00:00,573,Erode,1.0,-7.233499999999999
2022-10-10 14:00:00,573,Erode,1.0,-7.233499999999999
2022-10-11 00:00:00,573,Erode,1.5,-6.8187500000000005
2022-10-11 01:00:00,573,Erode,0.5,-6.8187500000000005
2022-10-11 03:00:00,573,Erode,16.0,-6.8187500000000005
2022-10-11 04:00:00,573,Erode,2.5,-6.65025
2022-10-11 05:00:00,573,Erode,0.5,-6.65025
2022-10-11 06:00:00,573,Erode,3.0,-6.65025
2022-10-11 07:00:00,573,Erode,1.25,-6.65025
2022-10-11 08:00:00,573,Erode,2.5,-6.65025
2022-10-11 09:00:00,573,Erode,10.75,-6.65025
2022-10-11 10:00:00,573,Erode,2.5,-6.5205
2022-10-11 22:00:00,573,Erode,0.5,-6.33175
2022-10-11 23:00:00,573,Erode,12.5,-6.33175
2022-10-12 07:00:00,573,Erode,0.5,-6.16175
2022-10-13 19:00:00,573,Erode,0.5,-5.8725000000000005
2022-10-14 05:00:00,573,Erode,5.25,-5.4735000000000005
2022-10-14 07:00:00,573,Erode,0.5,-5.4735000000000005
2022-10-15 01:00:00,573,Erode,5.5,-5.25075
2022-10-15 02:00:00,573,Erode,5.0,-5.25075
2022-10-15 03:00:00,573,Erode,5.0,-5.25075
2022-10-15 05:00:00,573,Erode,0.5,-6.142666666666667
2022-10-15 06:00:00,573,Erode,0.5,-6.142666666666667
2022-10-15 21:00:00,573,Erode,1.5,-6.192
2022-10-15 22:00:00,573,Erode,9.5,-5.822666666666667
2022-10-16 22:00:00,573,Erode,1.0,-5.433666666666666
2022-10-17 00:00:00,573,Erode,1.5,-5.433666666666666
2022-10-17 01:00:00,573,Erode,2.0,-5.433666666666666
2022-10-17 03:00:00,573,Erode,1.5,-5.433666666666666
2022-10-18 23:00:00,573,Erode,0.5,-4.695333333333333
2022-10-20 00:00:00,573,Erode,0.5,-4.00225
2022-10-20 22:00:00,573,Erode,0.5,-3.6875
2022-10-20 23:00:00,573,Erode,18.5,-3.6875
2022-10-21 00:00:00,573,Erode,2.5,-3.6875
2022-10-21 01:00:00,573,Erode,2.5,-3.6875
2022-10-21 02:00:00,573,Erode,1.5,-3.6875
2022-10-21 13:00:00,573,Erode,15.0,-3.5737500000000004
2022-10-21 14:00:00,573,Erode,2.5,-3.5737500000000004
2022-10-21 15:00:00,573,Erode,0.5,-3.5737500000000004
2022-10-21 16:00:00,573,Erode,1.0,-3.5015
2022-10-21 21:00:00,573,Erode,0.5,-3.5015
2022-10-21 22:00:00,573,Erode,6.5,-3.479
2022-10-21 23:00:00,573,Erode,1.0,-3.479
2022-10-22 06:00:00,573,Erode,0.5,-3.393
2022-10-22 22:00:00,573,Erode,1.0,-3.29125
2022-10-22 23:00:00,573,Erode,0.5,-3.29125
2022-10-23 01:00:00,573,Erode,0.5,-3.29125
2022-10-23 16:00:00,573,Erode,1.0,-3.21925
2022-10-23 17:00:00,573,Erode,1.0,-3.21925
2022-10-23 20:00:00,573,Erode,0.5,-3.21925
2022-10-23 22:00:00,573,Erode,0.5,-3.204
2022-10-24 01:00:00,573,Erode,0.5,-3.204
2022-10-24 03:00:00,573,Erode,0.5,-3.204
2022-10-24 07:00:00,573,Erode,0.5,-3.16475
2022-10-24 10:00:00,573,Erode,0.5,-3.228
2022-10-24 12:00:00,573,Erode,0.5,-3.228
2022-10-24 13:00:00,573,Erode,0.5,-3.228
2022-10-24 14:00:00,573,Erode,1.0,-3.228
2022-10-24 15:00:00,573,Erode,0.5,-3.228
2022-10-24 16:00:00,573,Erode,0.5,-3.1705
2022-10-24 17:00:00,573,Erode,1.5,-3.1705
2022-10-24 18:00:00,573,Erode,1.5,-3.1705
2022-10-24 19:00:00,573,Erode,1.0,-3.1705
2022-10-24 20:00:00,573,Erode,1.0,-3.1705
2022-10-24 21:00:00,573,Erode,0.5,-3.1705
2022-10-24 23:00:00,573,Erode,0.5,-3.15225
2022-10-25 02:00:00,573,Erode,0.5,-3.15225
2022-10-25 03:00:00,573,Erode,0.5,-3.15225
2022-10-25 05:00:00,573,Erode,0.5,-3.13725
2022-10-25 08:00:00,573,Erode,1.0,-3.13725
2022-10-25 09:00:00,573,Erode,1.0,-3.13725
2022-10-25 10:00:00,573,Erode,0.5,-3.229
2022-10-25 12:00:00,573,Erode,0.5,-3.229
2022-10-25 13:00:00,573,Erode,1.0,-3.229
2022-10-25 14:00:00,573,Erode,1.5,-3.229
2022-10-25 15:00:00,573,Erode,0.5,-3.229
2022-10-25 16:00:00,573,Erode,0.5,-3.29725
2022-10-25 17:00:00,573,Erode,0.5,-3.29725
2022-10-25 18:00:00,573,Erode,0.5,-3.29725
2022-10-25 20:00:00,573,Erode,1.0,-3.29725
2022-10-25 22:00:00,573,Erode,0.5,-3.2045
2022-10-26 00:00:00,573,Erode,0.5,-3.2045
2022-10-26 01:00:00,573,Erode,0.5,-3.2045
2022-10-26 02:00:00,573,Erode,0.5,-3.2045
2022-10-26 03:00:00,573,Erode,2.0,-3.2045
2022-10-26 04:00:00,573,Erode,1.0,-3.15925
2022-10-26 05:00:00,573,Erode,1.5,-3.15925
2022-10-26 06:00:00,573,Erode,0.5,-3.15925
2022-10-26 07:00:00,573,Erode,0.5,-3.15925
2022-10-26 09:00:00,573,Erode,0.5,-3.15925
2022-10-26 11:00:00,573,Erode,0.5,-3.23325
2022-10-26 12:00:00,573,Erode,0.5,-3.23325
2022-10-26 14:00:00,573,Erode,0.5,-3.23325
2022-10-26 16:00:00,573,Erode,0.5,-3.25275
2022-10-26 18:00:00,573,Erode,1.0,-3.25275
2022-10-26 20:00:00,573,Erode,0.5,-3.25275
2022-10-26 23:00:00,573,Erode,2.5,-3.25
2022-10-27 00:00:00,573,Erode,1.5,-3.25
2022-10-27 01:00:00,573,Erode,0.5,-3.25
2022-10-27 02:00:00,573,Erode,0.5,-3.25
2022-10-27 03:00:00,573,Erode,0.5,-3.25
2022-10-27 04:00:00,573,Erode,1.5,-3.21075
2022-10-27 05:00:00,573,Erode,0.5,-3.21075
2022-10-27 06:00:00,573,Erode,0.5,-3.21075
2022-10-27 07:00:00,573,Erode,1.0,-3.21075
2022-10-27 08:00:00,573,Erode,2.0,-3.21075
2022-10-27 09:00:00,573,Erode,1.0,-0.315
2022-10-27 10:00:00,573,Erode,1.0,-0.315
2022-10-27 11:00:00,573,Erode,0.5,-0.315
2022-10-27 12:00:00,573,Erode,0.5,-3.21475
2022-10-27 13:00:00,573,Erode,0.5,-6.514
2022-10-27 14:00:00,573,Erode,1.0,-6.514
2022-10-27 15:00:00,573,Erode,0.5,-6.514
2022-10-27 16:00:00,573,Erode,0.5,-3.25125
2022-10-27 17:00:00,573,Erode,0.5,-3.25125
2022-10-27 18:00:00,573,Erode,1.5,-3.25125
2022-10-27 19:00:00,573,Erode,1.0,-3.25125
2022-10-27 20:00:00,573,Erode,1.0,-3.25125
2022-10-27 21:00:00,573,Erode,0.5,-3.25125
2022-10-27 23:00:00,573,Erode,0.5,-3.13225
2022-10-28 01:00:00,573,Erode,1.0,-3.13225
2022-10-28 02:00:00,573,Erode,0.5,-3.13225
2022-10-28 05:00:00,573,Erode,0.5,-3.14575
2022-10-28 08:00:00,573,Erode,0.5,-3.14575
2022-10-28 09:00:00,573,Erode,1.5,-3.14575
2022-10-28 10:00:00,573,Erode,0.5,-3.084
2022-10-28 11:00:00,573,Erode,0.5,-3.084
2022-10-28 12:00:00,573,Erode,1.0,-3.084
2022-10-28 13:00:00,573,Erode,0.5,-3.084
2022-10-28 14:00:00,573,Erode,1.5,-3.084
2022-10-28 15:00:00,573,Erode,0.5,-3.084
2022-10-28 16:00:00,573,Erode,0.5,-3.039
2022-10-28 17:00:00,573,Erode,0.5,-3.039
2022-10-28 18:00:00,573,Erode,1.0,-3.039
2022-10-28 19:00:00,573,Erode,1.0,-3.039
2022-10-28 20:00:00,573,Erode,0.5,-3.039
2022-10-28 21:00:00,573,Erode,0.5,-3.039
2022-10-28 22:00:00,573,Erode,1.0,-3.0595
2022-10-28 23:00:00,573,Erode,1.0,-3.0595
2022-10-29 01:00:00,573,Erode,0.5,-3.0595
2022-10-29 16:00:00,573,Erode,1.0,-3.42275
2022-10-30 16:00:00,573,Erode,0.5,-3.07325
2022-10-30 18:00:00,573,Erode,1.0,-3.07325
2022-10-30 19:00:00,573,Erode,3.0,-3.07325
2022-10-30 20:00:00,573,Erode,1.0,-3.07325
2022-11-01 22:00:00,573,Erode,0.5,-3.3069999999999995
2022-11-02 16:00:00,573,Erode,1.0,-3.2925
2022-11-02 17:00:00,573,Erode,15.5,-3.2925
2022-11-02 20:00:00,573,Erode,0.5,-3.2925
2022-11-03 00:00:00,573,Erode,0.5,-3.16125
2022-11-03 05:00:00,573,Erode,0.5,-3.0940000000000003
2022-11-03 15:00:00,573,Erode,0.5,-3.123
2022-11-03 16:00:00,573,Erode,28.0,-3.72875
2022-11-03 17:00:00,573,Erode,0.5,-3.72875
2022-11-04 16:00:00,573,Erode,14.5,-3.2445
2022-11-04 17:00:00,573,Erode,3.75,-3.2445
2022-11-04 22:00:00,573,Erode,7.25,-3.061
2022-11-05 05:00:00,573,Erode,0.5,-2.99
2022-11-10 18:00:00,573,Erode,3.0,-3.50925
2022-11-11 09:00:00,573,Erode,3.0,-3.1145
2022-11-11 10:00:00,573,Erode,2.5,-3.075
2022-11-11 11:00:00,573,Erode,3.6666666666666665,-3.075
2022-11-11 12:00:00,573,Erode,2.6666666666666665,-3.075
2022-11-11 13:00:00,573,Erode,2.333333333333333,-3.075
2022-11-11 14:00:00,573,Erode,3.1666666666666665,-3.075
2022-11-11 15:00:00,573,Erode,2.0,-3.075
2022-11-11 16:00:00,573,Erode,3.0,-2.998
2022-11-11 17:00:00,573,Erode,2.5,-2.998
2022-11-11 18:00:00,573,Erode,3.8333333333333335,-2.998
2022-11-11 19:00:00,573,Erode,8.5,-2.998
2022-11-11 20:00:00,573,Erode,0.5,-2.998
2022-11-11 21:00:00,573,Erode,3.0,-2.998
2022-11-11 22:00:00,573,Erode,1.3333333333333333,-2.8245
2022-11-11 23:00:00,573,Erode,1.3333333333333333,-2.8245
2022-11-12 00:00:00,573,Erode,0.8333333333333334,-2.8245
2022-11-12 04:00:00,573,Erode,1.0,-2.5852500000000003
2022-11-12 05:00:00,573,Erode,1.0,-2.5852500000000003
2022-11-12 06:00:00,573,Erode,0.5,-2.5852500000000003
2022-11-12 12:00:00,573,Erode,0.6666666666666666,-2.60025
2022-11-12 13:00:00,573,Erode,1.5,-2.60025
2022-11-12 14:00:00,573,Erode,0.5,-2.60025
2022-11-12 16:00:00,573,Erode,2.5,-2.4795
2022-11-12 17:00:00,573,Erode,0.5,-2.4795
2022-11-12 19:00:00,573,Erode,13.5,-2.4795
2022-11-12 21:00:00,573,Erode,0.5,-2.4795
2022-11-15 00:00:00,573,Erode,13.0,-2.26525
2022-11-15 01:00:00,573,Erode,0.5,-2.26525
2022-11-15 02:00:00,573,Erode,0.5,-2.26525
2022-11-27 05:00:00,573,Erode,12.5,-2.401
2022-11-27 06:00:00,573,Erode,13.5,-2.401
2022-11-27 07:00:00,573,Erode,17.5,-2.401
2022-11-27 08:00:00,573,Erode,3.0,-2.401
2022-11-27 10:00:00,573,Erode,8.5,-2.43425
2022-11-27 11:00:00,573,Erode,1.0,-2.43425
2022-11-28 01:00:00,573,Erode,1.5,-2.43575
2022-11-28 03:00:00,573,Erode,6.0,-2.43575
2022-11-29 04:00:00,573,Erode,19.0,-2.282
2022-11-29 06:00:00,573,Erode,0.5,-2.282
2022-11-29 07:00:00,573,Erode,0.5,-2.282
2022-12-03 19:00:00,573,Erode,5.5,-2.34075
2022-12-03 20:00:00,573,Erode,6.5,-2.34075
2022-12-04 15:00:00,573,Erode,1.5,-2.333
2022-12-04 18:00:00,573,Erode,0.5,-2.322
2022-12-07 11:00:00,573,Erode,0.5,-2.31725
2022-12-08 17:00:00,573,Erode,0.5,-2.35225
2022-12-08 23:00:00,573,Erode,0.5,-2.3200000000000003
2022-12-09 05:00:00,573,Erode,0.5,-2.29575
2022-12-09 08:00:00,573,Erode,0.5,-2.29575
2022-12-09 09:00:00,573,Erode,0.5,-2.29575
2022-12-09 10:00:00,573,Erode,0.5,-2.33575
2022-12-09 11:00:00,573,Erode,0.5,-2.33575
2022-12-09 12:00:00,573,Erode,0.5,-2.33575
2022-12-09 15:00:00,573,Erode,0.5,-2.33575
2022-12-09 17:00:00,573,Erode,0.5,-2.31975
2022-12-09 20:00:00,573,Erode,0.5,-2.31975
2022-12-10 09:00:00,573,Erode,0.5,-2.296
2022-12-10 19:00:00,573,Erode,0.5,-2.3425
2022-12-10 21:00:00,573,Erode,1.5,-2.3425
2022-12-11 15:00:00,573,Erode,2.5,-2.356
2022-12-11 16:00:00,573,Erode,2.6666666666666665,-2.363
2022-12-11 17:00:00,573,Erode,2.5,-2.363
2022-12-11 20:00:00,573,Erode,0.5,-2.363
2022-12-12 09:00:00,573,Erode,0.5,-2.32325
2022-12-12 10:00:00,573,Erode,5.0,-2.3185
2022-12-12 11:00:00,573,Erode,7.0,-2.3185
2022-12-12 14:00:00,573,Erode,0.5,-2.3185
2022-12-13 05:00:00,573,Erode,0.5,-2.3115
2022-12-13 06:00:00,573,Erode,1.0,-2.3115
2022-12-13 20:00:00,573,Erode,1.0,-2.3795
2022-12-13 21:00:00,573,Erode,2.0,-2.3795
2022-12-15 00:00:00,573,Erode,2.0,-2.3305
2022-12-25 18:00:00,573,Erode,3.5,-2.70625
2022-12-25 19:00:00,573,Erode,1.8333333333333333,-2.70625
2022-12-25 20:00:00,573,Erode,1.3333333333333333,-2.70625
2022-12-25 21:00:00,573,Erode,1.25,-2.70625
2022-12-25 22:00:00,573,Erode,1.5,-2.65475
2022-12-25 23:00:00,573,Erode,2.0,-2.65475
2022-12-26 12:00:00,573,Erode,1.5,-2.5885
2022-12-26 13:00:00,573,Erode,0.5,-2.5885
2022-12-26 16:00:00,573,Erode,4.5,-2.5535
2022-12-26 18:00:00,573,Erode,0.5,-2.5535
2022-12-27 13:00:00,573,Erode,1.5,-2.4985
2022-12-27 14:00:00,573,Erode,0.5,-2.4985
2022-12-27 16:00:00,573,Erode,1.5,-2.517
2023-02-03 20:00:00,573,Erode,1.0,-3.3835
2023-02-03 22:00:00,573,Erode,0.5,-3.2755
2023-02-19 18:00:00,573,Erode,32.0,-3.48
2023-02-19 19:00:00,573,Erode,22.5,-3.48
2023-02-19 21:00:00,573,Erode,994.5,-3.48
2023-02-20 00:00:00,573,Erode,2.5,-3.4373333333333336
2023-02-20 01:00:00,573,Erode,1.0,-3.4373333333333336
2023-02-20 02:00:00,573,Erode,13.0,-3.4373333333333336
2023-02-20 13:00:00,573,Erode,1.5,-3.4553333333333334
2023-03-16 21:00:00,573,Erode,9.5,-5.51
2023-03-17 04:00:00,573,Erode,0.5,-6.49525
2023-03-18 21:00:00,573,Erode,5.5,-5.218249999999999
2023-03-18 22:00:00,573,Erode,0.5,-5.09075
2023-03-19 00:00:00,573,Erode,1.5,-5.09075
2023-03-19 01:00:00,573,Erode,5.0,-5.09075
2023-03-20 19:00:00,573,Erode,9.0,-5.31125
2023-03-20 20:00:00,573,Erode,19.5,-5.31125
2023-03-27 00:00:00,573,Erode,4.0,-4.0735
2023-03-27 02:00:00,573,Erode,0.5,-4.0735
2023-04-03 23:00:00,573,Erode,2.5,-5.568
2023-04-04 00:00:00,573,Erode,4.5,-5.568
2023-04-06 19:00:00,573,Erode,0.5,-5.640000000000001
2023-04-07 19:00:00,573,Erode,0.5,-6.055666666666667
2023-04-23 14:00:00,573,Erode,0.5,-5.93825
2023-04-23 15:00:00,573,Erode,5.0,-5.93825
2023-04-26 17:00:00,573,Erode,10.0,-6.91
2023-04-26 18:00:00,573,Erode,0.5,-6.91
2023-04-29 20:00:00,573,Erode,6.0,-9.653333333333334
2023-04-29 21:00:00,573,Erode,8.5,-9.653333333333334
2023-04-29 22:00:00,573,Erode,1.0,-9.413666666666666
2023-04-29 23:00:00,573,Erode,1.0,-9.413666666666666
2023-05-01 17:00:00,573,Erode,8.0,-6.56125
2023-05-01 18:00:00,573,Erode,24.25,-6.56125
2023-05-01 19:00:00,573,Erode,9.75,-6.56125
2023-05-01 20:00:00,573,Erode,2.75,-6.56125
2023-05-01 21:00:00,573,Erode,1.6666666666666667,-6.56125
2023-05-01 22:00:00,573,Erode,1.8333333333333333,-6.146750000000001
2023-05-01 23:00:00,573,Erode,1.6666666666666667,-6.146750000000001
2023-05-02 00:00:00,573,Erode,1.0,-6.146750000000001
2023-05-02 01:00:00,573,Erode,1.0,-6.146750000000001
2023-05-02 02:00:00,573,Erode,0.5,-6.146750000000001
2023-05-02 07:00:00,573,Erode,0.5,-5.80425
2023-05-02 11:00:00,573,Erode,0.5,-5.80725
2023-05-02 20:00:00,573,Erode,12.5,-6.4915
2023-05-02 21:00:00,573,Erode,9.5,-6.4915
2023-05-02 22:00:00,573,Erode,1.5,-5.74425
2023-05-02 23:00:00,573,Erode,29.0,-5.74425
2023-05-03 00:00:00,573,Erode,18.5,-5.74425
2023-05-03 01:00:00,573,Erode,1.5,-5.74425
2023-05-03 02:00:00,573,Erode,0.5,-5.74425
2023-05-03 04:00:00,573,Erode,2.0,-5.4695
2023-05-03 05:00:00,573,Erode,2.0,-5.4695
2023-05-03 06:00:00,573,Erode,3.0,-5.4695
2023-05-03 18:00:00,573,Erode,0.5,-6.026
2023-05-04 17:00:00,573,Erode,5.75,-5.30325
2023-05-04 18:00:00,573,Erode,16.333333333333332,-5.30325
2023-05-04 19:00:00,573,Erode,6.333333333333333,-5.30325
2023-05-04 20:00:00,573,Erode,1.0,-5.30325
2023-05-04 21:00:00,573,Erode,1.75,-5.30325
2023-05-04 22:00:00,573,Erode,1.75,-5.08875
2023-05-04 23:00:00,573,Erode,0.75,-5.08875
2023-05-05 01:00:00,573,Erode,0.5,-5.08875
2023-05-05 03:00:00,573,Erode,0.5,-5.08875
2023-05-06 16:00:00,573,Erode,3.75,-4.95075
2023-05-06 19:00:00,573,Erode,0.75,-4.95075
2023-05-06 20:00:00,573,Erode,1.0,-4.95075
2023-05-06 21:00:00,573,Erode,9.5,-4.95075
2023-05-06 22:00:00,573,Erode,11.0,-4.80275
2023-05-06 23:00:00,573,Erode,0.5,-4.80275
2023-05-07 00:00:00,573,Erode,0.5,-4.80275
2023-05-07 01:00:00,573,Erode,2.0,-4.80275
2023-05-07 02:00:00,573,Erode,1.25,-4.80275
2023-05-07 03:00:00,573,Erode,0.5,-4.80275
2023-05-07 04:00:00,573,Erode,0.5,-4.6645
2023-05-07 23:00:00,573,Erode,0.75,-4.51825
2023-05-08 00:00:00,573,Erode,0.5,-4.51825
2023-05-08 18:00:00,573,Erode,2.5,-4.455
2023-05-08 19:00:00,573,Erode,11.75,-4.455
2023-05-08 20:00:00,573,Erode,2.25,-4.455
2023-05-08 21:00:00,573,Erode,1.0,-4.455
2023-05-08 22:00:00,573,Erode,1.0,-4.374750000000001
2023-05-08 23:00:00,573,Erode,0.5,-4.374750000000001
2023-05-09 00:00:00,573,Erode,1.0,-4.374750000000001
2023-05-09 01:00:00,573,Erode,1.0,-4.374750000000001
2023-05-09 19:00:00,573,Erode,1.0,-4.42825
2023-05-09 20:00:00,573,Erode,0.5,-4.42825
2023-05-09 22:00:00,573,Erode,4.75,-4.32175
2023-05-09 23:00:00,573,Erode,2.1666666666666665,-4.32175
2023-05-11 00:00:00,573,Erode,0.5,-4.31325
2023-05-11 20:00:00,573,Erode,0.5,-4.361
2023-05-11 23:00:00,573,Erode,0.5,-6.92625
2023-05-12 00:00:00,573,Erode,1.5,-6.92625
2023-06-03 22:00:00,573,Erode,29.5,-6.3505
2023-06-03 23:00:00,573,Erode,2.5,-6.3505
2023-06-05 17:00:00,573,Erode,4.5,-4.943
2023-06-05 18:00:00,573,Erode,0.5,-4.943
2023-06-07 17:00:00,573,Erode,0.5,-4.82475
2023-06-11 16:00:00,573,Erode,4.5,-6.666
2023-06-13 17:00:00,573,Erode,12.0,-5.731000000000001
2023-06-13 18:00:00,573,Erode,1.0,-5.731000000000001
2023-06-13 19:00:00,573,Erode,0.5,-5.731000000000001
2023-06-13 20:00:00,573,Erode,1.0,-5.731000000000001
2023-06-13 21:00:00,573,Erode,0.5,-5.731000000000001
2023-06-19 20:00:00,573,Erode,14.5,-7.138000000000001
2023-06-19 21:00:00,573,Erode,1.0,-7.138000000000001
2023-06-19 22:00:00,573,Erode,0.5,-6.520666666666666
2023-06-25 17:00:00,573,Erode,0.5,-8.596
2023-07-05 01:00:00,573,Erode,0.5,-7.513666666666666
2023-07-05 02:00:00,573,Erode,1.0,-7.513666666666666
2023-07-05 08:00:00,573,Erode,0.5,-7.437
2023-07-05 17:00:00,573,Erode,0.5,-7.110666666666667
2023-07-05 21:00:00,573,Erode,0.5,-7.110666666666667
2023-07-06 07:00:00,573,Erode,0.75,-9.971666666666666
2023-07-06 08:00:00,573,Erode,0.5,-9.971666666666666
2023-07-10 15:00:00,573,Erode,0.5,-2.3305
2023-07-11 02:00:00,573,Erode,0.5,-2.356
2023-07-11 03:00:00,573,Erode,0.5,-2.356
2023-07-11 04:00:00,573,Erode,0.5,-9.396333333333333
2023-07-11 20:00:00,573,Erode,0.5,-8.357999999999999
2023-07-13 17:00:00,573,Erode,12.75,-11.185
2023-07-13 18:00:00,573,Erode,1.5,-11.185
2023-07-16 18:00:00,573,Erode,5.5,-9.846333333333334
2023-07-19 02:00:00,573,Erode,5.5,-7.181333333333334
2023-07-19 04:00:00,573,Erode,1.0,-7.219
2023-07-19 05:00:00,573,Erode,20.5,-7.219
2023-07-19 06:00:00,573,Erode,0.5,-7.219
2023-07-19 07:00:00,573,Erode,2.0,-7.219
2023-07-19 08:00:00,573,Erode,2.0,-7.219
2023-07-19 09:00:00,573,Erode,5.0,-7.219
2023-07-19 10:00:00,573,Erode,1.5,-6.989999999999999
2023-07-19 11:00:00,573,Erode,13.0,-6.989999999999999
2023-07-21 11:10:00,573,Erode,19.0,-8.588333333333333
2023-07-21 12:00:00,573,Erode,19.0,-8.588333333333333
2023-07-22 02:00:00,573,Erode,2.0,-9.422333333333333
2023-07-23 23:00:00,573,Erode,0.5,-8.879333333333333
2023-07-24 02:00:00,573,Erode,0.5,-8.879333333333333
2023-07-24 05:00:00,573,Erode,0.5,-8.441333333333333
2023-07-24 20:00:00,573,Erode,0.5,-7.941333333333334
2023-07-24 21:00:00,573,Erode,1.25,-7.941333333333334
2023-07-24 22:00:00,573,Erode,1.5,-7.560333333333333
2023-07-24 23:00:00,573,Erode,0.5,-7.560333333333333
2023-07-25 03:00:00,573,Erode,0.5,-7.560333333333333
2023-07-25 18:00:00,573,Erode,0.5,-7.843666666666667
2023-07-25 19:00:00,573,Erode,0.5,-7.843666666666667
2023-07-25 20:00:00,573,Erode,1.0,-7.843666666666667
2023-07-30 23:00:00,573,Erode,3.0,-8.015333333333333
2023-08-09 18:00:00,573,Erode,0.5,-2.4625
2023-08-09 19:00:00,573,Erode,1.0,-2.4625
2023-08-10 15:00:00,573,Erode,1.0,-2.426
2023-08-10 16:00:00,573,Erode,7.25,-3.634
2023-08-10 17:00:00,573,Erode,0.5,-3.634
2023-08-11 23:00:00,573,Erode,0.5,-2.4445
2023-08-12 00:00:00,573,Erode,1.0,-2.4445
2023-08-12 01:00:00,573,Erode,0.5,-2.4445
2023-08-12 02:00:00,573,Erode,0.5,-2.4445
2023-08-20 06:00:00,573,Erode,24.0,-2.497
2023-08-20 20:00:00,573,Erode,16.25,-2.4905
2023-08-21 00:00:00,573,Erode,0.5,-2.4965
2023-08-21 07:00:00,573,Erode,1.5,-2.4755000000000003
2023-08-21 09:00:00,573,Erode,0.5,-2.4755000000000003
2023-08-21 10:00:00,573,Erode,0.5,-2.48
2023-08-22 00:00:00,573,Erode,0.5,-2.5035
2023-08-22 01:00:00,573,Erode,0.5,-2.5035
2023-08-22 19:00:00,573,Erode,160.0,-2.496
2023-08-22 20:00:00,573,Erode,5.0,-2.496
2023-08-23 11:00:00,573,Erode,0.5,-2.4495
2023-08-23 12:00:00,573,Erode,3.0,-2.4495
2023-08-23 13:00:00,573,Erode,1.5,-2.4495
2023-08-23 14:00:00,573,Erode,2.0,-2.4495
2023-08-23 17:00:00,573,Erode,1.0,-2.454
2023-08-23 19:00:00,573,Erode,3.0,-2.454
2023-08-23 20:00:00,573,Erode,1.0,-2.454
2023-08-23 21:00:00,573,Erode,0.5,-2.454
2023-08-24 03:00:00,573,Erode,0.5,-2.468
2023-08-24 07:00:00,573,Erode,0.5,-2.4665
2023-08-24 10:00:00,573,Erode,0.5,-2.478
2023-08-24 11:00:00,573,Erode,1.5,-2.478
2023-08-24 12:00:00,573,Erode,0.5,-2.478
2023-08-24 14:00:00,573,Erode,1.5,-2.478
2023-08-24 15:00:00,573,Erode,1.0,-2.478
2023-08-24 16:00:00,573,Erode,2.5,-2.4825
2023-08-24 18:00:00,573,Erode,0.5,-2.4825
2023-08-24 19:00:00,573,Erode,2.5,-2.4825
2023-08-24 20:00:00,573,Erode,0.5,-2.4825
2023-08-24 21:00:00,573,Erode,2.5,-2.4825
2023-08-24 22:00:00,573,Erode,1.5,-2.488
2023-08-24 23:00:00,573,Erode,0.5,-2.488
2023-08-25 05:00:00,573,Erode,0.5,-2.4825
2023-08-25 08:00:00,573,Erode,7.5,-2.4825
2023-08-25 09:00:00,573,Erode,2.5,-2.4825
2023-08-25 10:00:00,573,Erode,16.5,-2.49
2023-08-25 11:00:00,573,Erode,4.5,-2.49
2023-08-25 12:00:00,573,Erode,2.5,-2.49
2023-08-25 13:00:00,573,Erode,0.5,-2.49
2023-08-25 14:00:00,573,Erode,2.0,-2.49
2023-08-25 18:00:00,573,Erode,2.0,-2.4935
2023-08-25 21:00:00,573,Erode,0.5,-2.4935
2023-08-26 00:00:00,573,Erode,1.0,-2.5145
2023-08-26 04:00:00,573,Erode,8.0,-2.4985
2023-08-26 05:00:00,573,Erode,8.5,-2.4985
2023-08-26 08:00:00,573,Erode,15.5,-2.4985
2023-08-26 11:00:00,573,Erode,0.5,-2.5005
2023-08-26 12:00:00,573,Erode,4.5,-2.5005
2023-08-26 13:00:00,573,Erode,0.5,-2.5005
2023-08-26 14:00:00,573,Erode,1.0,-2.5005
2023-08-26 15:00:00,573,Erode,1.0,-2.5005
2023-08-26 17:00:00,573,Erode,1.0,-2.4935
2023-08-26 20:00:00,573,Erode,1.0,-2.4935
2023-08-26 22:00:00,573,Erode,9.0,-2.5075000000000003
2023-08-26 23:00:00,573,Erode,5.5,-2.5075000000000003
2023-08-27 00:00:00,573,Erode,1.0,-2.5075000000000003
2023-08-27 04:00:00,573,Erode,0.5,-2.4995
2023-08-27 05:00:00,573,Erode,0.5,-2.4995
2023-08-27 09:00:00,573,Erode,0.5,-2.4995
2023-08-27 10:00:00,573,Erode,0.5,-2.514
2023-08-27 23:00:00,573,Erode,2.0,-2.517
2023-08-28 07:00:00,573,Erode,1.5,-2.492
2023-08-28 08:00:00,573,Erode,2.5,-2.492
2023-08-28 11:00:00,573,Erode,20.0,-2.491
2023-08-28 13:00:00,573,Erode,4.0,-2.491
2023-08-28 14:00:00,573,Erode,2.5,-2.491
2023-08-28 15:00:00,573,Erode,3.0,-2.491
2023-08-28 16:00:00,573,Erode,5.0,-2.488
2023-08-28 17:00:00,573,Erode,2.0,-2.488
2023-08-29 03:00:00,573,Erode,1.0,-2.494
2023-08-29 06:00:00,573,Erode,1.0,-2.4655
2023-08-29 08:00:00,573,Erode,0.5,-2.4655
2023-08-29 10:00:00,573,Erode,0.5,-2.4530000000000003
2023-08-29 11:00:00,573,Erode,22.0,-2.4530000000000003
2023-08-29 12:00:00,573,Erode,5.5,-2.4530000000000003
2023-08-29 14:00:00,573,Erode,1.5,-2.4530000000000003
2023-08-29 20:00:00,573,Erode,0.5,-2.446
2023-08-29 21:00:00,573,Erode,1.25,-2.446
2023-08-29 22:00:00,573,Erode,0.5,-2.4725
2023-08-30 18:00:00,573,Erode,4.5,-2.4805
2023-08-30 19:00:00,573,Erode,3.5,-2.4805
2023-09-01 00:00:00,573,Erode,17.0,-2.477
2023-09-01 01:00:00,573,Erode,7.5,-2.477
2023-09-01 02:00:00,573,Erode,2.5,-2.477
2023-09-01 03:00:00,573,Erode,1.5,-2.477
2023-09-01 04:00:00,573,Erode,0.5,-2.413
2023-09-01 05:00:00,573,Erode,0.5,-2.413
2023-09-02 00:00:00,573,Erode,1.5,-2.3775
2023-09-02 01:00:00,573,Erode,0.5,-2.3775
2023-09-02 02:00:00,573,Erode,0.5,-2.3775
2023-09-02 03:00:00,573,Erode,1.0,-2.3775
2023-09-02 04:00:00,573,Erode,0.5,-2.3775
2023-09-02 05:00:00,573,Erode,0.5,-2.3775
2023-09-02 19:00:00,573,Erode,2.5,-2.376
2023-09-03 07:00:00,573,Erode,3.0,-2.361
2023-09-03 18:00:00,573,Erode,7.5,-1.344
2023-09-03 19:00:00,573,Erode,2.0,-1.344
2023-09-03 20:00:00,573,Erode,1.0,-1.344
2023-09-03 21:00:00,573,Erode,1.5,-1.344
2023-09-03 22:00:00,573,Erode,0.5,-1.338
2023-09-07 14:00:00,573,Erode,0.5,-2.3295
2023-09-07 15:00:00,573,Erode,3.0,-2.3295
2023-09-07 16:00:00,573,Erode,1.0,-2.3345
2023-09-07 17:00:00,573,Erode,0.5,-2.3345
2023-09-10 18:00:00,573,Erode,1.0,-2.3235
2023-09-13 14:00:00,573,Erode,1.0,-2.316
2023-09-15 23:00:00,573,Erode,1.5,-2.3205
2023-09-17 16:00:00,573,Erode,0.5,-2.302
2023-09-17 17:00:00,573,Erode,20.5,-2.302
2023-09-17 18:00:00,573,Erode,7.0,-2.302
2023-09-17 19:00:00,573,Erode,10.5,-2.302
2023-09-17 20:00:00,573,Erode,1.0,-2.302
2023-09-17 21:00:00,573,Erode,0.5,-2.302
2023-09-18 04:00:00,573,Erode,0.5,-2.2785
2023-09-18 16:00:00,573,Erode,7.5,-2.2885
2023-09-18 21:00:00,573,Erode,0.5,-2.2885
2023-09-19 04:00:00,573,Erode,0.5,-2.2945
2023-09-20 20:00:00,573,Erode,3.0,-2.2885
2023-09-20 21:00:00,573,Erode,1.5,-2.2885
2023-09-21 02:00:00,573,Erode,0.5,-2.3115
2023-09-22 18:00:00,573,Erode,1.5,-2.3025
2023-09-23 22:00:00,573,Erode,8.0,-2.319
2023-09-23 23:00:00,573,Erode,2.5,-2.319
2023-09-24 01:00:00,573,Erode,0.5,-2.319
2023-09-24 02:00:00,573,Erode,0.5,-2.319
2023-09-24 03:00:00,573,Erode,1.0,-2.319
2023-09-24 06:00:00,573,Erode,0.5,-2.326
2023-09-24 07:00:00,573,Erode,0.5,-2.326
2023-09-24 21:00:00,573,Erode,1.0,-2.33
2023-09-25 17:00:00,573,Erode,2.0,-2.337
2023-09-25 18:00:00,573,Erode,3.0,-2.337
2023-09-25 20:00:00,573,Erode,0.5,-2.337
2023-09-25 22:00:00,573,Erode,0.5,-2.3315
2023-09-26 16:00:00,573,Erode,16.5,-2.2835
2023-09-26 18:00:00,573,Erode,2.0,-2.2835
2023-09-27 17:00:00,573,Erode,20.0,-2.279
2023-09-27 20:00:00,573,Erode,0.5,-2.279
2023-09-28 16:00:00,573,Erode,15.0,-2.276
2023-09-28 17:00:00,573,Erode,2.5,-2.276
2023-09-28 19:00:00,573,Erode,1.0,-2.276
2023-10-08 00:00:00,573,Erode,0.5,-2.321
2023-10-09 18:00:00,573,Erode,2.0,-2.318
2023-10-09 19:00:00,573,Erode,2.0,-2.318
2023-10-09 20:00:00,573,Erode,2.0,-2.318
2023-10-09 21:00:00,573,Erode,3.5,-2.318
2023-10-09 22:00:00,573,Erode,13.25,-2.303
2023-10-09 23:00:00,573,Erode,3.0,-2.303
2023-10-10 00:00:00,573,Erode,0.5,-2.303
2023-10-10 01:00:00,573,Erode,0.5,-2.303
2023-10-11 17:00:00,573,Erode,5.0,-10.8285
2023-10-12 11:00:00,573,Erode,0.5,-10.259250000000002
2023-10-14 22:00:00,573,Erode,3.5,-13.59725
2023-10-14 23:00:00,573,Erode,65.0,-13.59725
2023-10-15 00:00:00,573,Erode,20.0,-13.59725
2023-10-15 01:00:00,573,Erode,4.5,-13.59725
2023-10-15 02:00:00,573,Erode,3.25,-13.59725
2023-10-15 03:00:00,573,Erode,0.5,-13.59725
2023-10-15 04:00:00,573,Erode,0.5,-12.84425
2023-10-16 19:00:00,573,Erode,1.0,-10.152
2023-10-16 20:00:00,573,Erode,1.0,-10.152
2023-10-16 22:00:00,573,Erode,1.0,-10.0395
2023-10-16 23:00:00,573,Erode,1.0,-10.0395
2023-10-18 18:00:00,573,Erode,1.0,-10.16175
2023-10-18 19:00:00,573,Erode,0.5,-10.16175
2023-10-19 01:00:00,573,Erode,0.5,-9.84875
2023-10-20 18:00:00,573,Erode,2.0,-4.0145
2023-10-21 18:00:00,573,Erode,1.5,-4.0075
2023-10-22 17:00:00,573,Erode,21.5,-4.115
2023-10-23 10:00:00,573,Erode,0.5,-4.102
2023-10-24 05:00:00,573,Erode,2.0,-4.09
2023-10-24 09:00:00,573,Erode,0.5,-4.09
2023-10-24 11:00:00,573,Erode,0.5,-4.0865
2023-10-24 13:00:00,573,Erode,1.0,-4.0865
2023-10-24 16:00:00,573,Erode,1.5,-9.0235
2023-10-24 17:00:00,573,Erode,0.5,-9.0235
2023-10-24 18:00:00,573,Erode,0.5,-9.0235
2023-10-25 07:00:00,573,Erode,3.5,-8.68925
2023-10-25 09:00:00,573,Erode,0.5,-8.68925
2023-10-25 17:00:00,573,Erode,11.0,-9.93375
2023-10-26 07:00:00,573,Erode,2.0,-9.289
2023-10-29 07:00:00,573,Erode,1.0,-10.36725
2023-10-29 08:00:00,573,Erode,1.0,-10.36725
2023-10-29 16:00:00,573,Erode,14.5,-9.729
2023-10-29 17:00:00,573,Erode,0.5,-9.729
2023-10-29 18:00:00,573,Erode,1.5,-9.729
2023-10-29 23:00:00,573,Erode,0.5,-9.3975
2023-10-30 21:00:00,573,Erode,0.5,-8.998999999999999
2023-10-30 22:00:00,573,Erode,0.5,-9.033
2023-11-01 21:00:00,573,Erode,0.5,-9.81825
2023-11-02 03:00:00,573,Erode,5.5,-9.455
2023-11-03 01:00:00,573,Erode,1.0,-10.405
2023-11-03 02:00:00,573,Erode,0.5,-10.405
2023-11-03 21:00:00,573,Erode,0.5,-9.282166666666669
2023-11-03 22:00:00,573,Erode,0.5,-9.164
2023-11-04 00:00:00,573,Erode,11.0,-9.164
2023-11-04 01:00:00,573,Erode,2.5,-9.164
2023-11-04 02:00:00,573,Erode,1.0,-9.164
2023-11-04 03:00:00,573,Erode,12.0,-9.164
2023-11-04 04:00:00,573,Erode,0.5,-7.704857142857143
2023-11-04 08:00:00,573,Erode,0.5,-7.704857142857143
2023-11-04 14:00:00,573,Erode,3.0,-7.692
2023-11-04 15:00:00,573,Erode,0.5,-7.692
2023-11-04 17:00:00,573,Erode,5.5,-7.647571428571429
2023-11-04 18:00:00,573,Erode,2.5,-7.647571428571429
2023-11-04 22:00:00,573,Erode,23.5,-7.544428571428571
2023-11-04 23:00:00,573,Erode,13.5,-7.544428571428571
2023-11-05 00:00:00,573,Erode,14.5,-7.544428571428571
2023-11-05 01:00:00,573,Erode,3.25,-7.544428571428571
2023-11-05 02:00:00,573,Erode,2.5,-7.544428571428571
2023-11-05 03:00:00,573,Erode,0.5,-7.544428571428571
2023-11-05 04:00:00,573,Erode,0.5,-7.376285714285714
2023-11-06 05:00:00,573,Erode,1.0,-7.411666666666666
2023-11-06 06:00:00,573,Erode,2.0,-7.411666666666666
2023-11-06 16:00:00,573,Erode,2.5,-9.2768
2023-11-06 20:00:00,573,Erode,11.5,-9.2768
2023-11-06 21:00:00,573,Erode,20.75,-9.2768
2023-11-06 22:00:00,573,Erode,15.0,-9.0692
2023-11-06 23:00:00,573,Erode,15.5,-9.0692
2023-11-07 00:00:00,573,Erode,2.75,-9.0692
2023-11-07 01:00:00,573,Erode,1.5,-9.0692
2023-11-07 02:00:00,573,Erode,3.5,-9.0692
2023-11-07 03:00:00,573,Erode,2.5,-9.0692
2023-11-07 16:00:00,573,Erode,31.0,-7.788833333333334
2023-11-07 17:00:00,573,Erode,3.5,-7.788833333333334
2023-11-07 23:00:00,573,Erode,1.0,-7.727499999999999
2023-11-08 00:00:00,573,Erode,2.75,-7.727499999999999
2023-11-08 01:00:00,573,Erode,3.0,-7.727499999999999
2023-11-08 02:00:00,573,Erode,2.5,-7.727499999999999
2023-11-08 03:00:00,573,Erode,0.5,-7.727499999999999
2023-11-09 00:00:00,573,Erode,1.0,-7.396666666666667
2023-11-09 01:00:00,573,Erode,43.0,-7.396666666666667
2023-11-09 02:00:00,573,Erode,19.5,-7.396666666666667
2023-11-09 03:00:00,573,Erode,7.0,-7.396666666666667
2023-11-09 04:00:00,573,Erode,4.0,-7.254166666666666
2023-11-09 05:00:00,573,Erode,3.5,-7.254166666666666
2023-11-09 06:00:00,573,Erode,1.5,-7.254166666666666
2023-11-09 18:00:00,573,Erode,11.0,-7.052666666666667
2023-11-09 20:00:00,573,Erode,6.0,-7.052666666666667
2023-11-09 21:00:00,573,Erode,6.0,-7.052666666666667
2023-11-09 22:00:00,573,Erode,0.5,-6.891000000000001
2023-11-10 01:00:00,573,Erode,0.5,-6.891000000000001
2023-11-21 18:00:00,573,Erode,4.5,-5.472714285714285
2023-11-21 19:00:00,573,Erode,17.0,-5.472714285714285
2023-11-21 20:00:00,573,Erode,10.5,-5.472714285714285
2023-11-21 21:00:00,573,Erode,2.75,-5.472714285714285
2023-11-21 22:00:00,573,Erode,0.5,-5.253714285714286
2023-11-21 23:00:00,573,Erode,0.5,-5.253714285714286
2023-11-22 00:00:00,573,Erode,0.5,-5.253714285714286
2023-11-22 01:00:00,573,Erode,0.5,-5.253714285714286
2023-11-22 02:00:00,573,Erode,1.0,-5.253714285714286
2023-11-22 04:00:00,573,Erode,0.75,-5.115
2023-11-22 08:00:00,573,Erode,0.5,-5.115
2023-11-22 13:00:00,573,Erode,0.5,-5.068142857142858
2023-11-22 21:00:00,573,Erode,0.5,-5.010285714285715
2023-11-22 22:00:00,573,Erode,4.75,-4.919142857142857
2023-11-22 23:00:00,573,Erode,8.25,-4.919142857142857
2023-11-23 00:00:00,573,Erode,1.0,-4.919142857142857
2023-11-23 03:00:00,573,Erode,5.75,-4.919142857142857
2023-11-23 04:00:00,573,Erode,15.0,-4.807857142857143
2023-11-23 05:00:00,573,Erode,8.5,-4.807857142857143
2023-11-23 06:00:00,573,Erode,2.75,-4.807857142857143
2023-11-23 07:00:00,573,Erode,20.0,-4.807857142857143
2023-11-23 08:00:00,573,Erode,5.5,-4.807857142857143
2023-11-23 09:00:00,573,Erode,0.5,-4.807857142857143
2023-11-23 12:00:00,573,Erode,0.5,-5.063857142857144
2023-11-23 13:00:00,573,Erode,1.0,-5.063857142857144
2023-11-23 14:00:00,573,Erode,1.5,-5.063857142857144
2023-11-25 17:00:00,573,Erode,33.5,-4.618571428571428
2023-11-25 18:00:00,573,Erode,17.5,-4.618571428571428
2023-11-25 19:00:00,573,Erode,1.5,-4.618571428571428
2023-11-25 20:00:00,573,Erode,0.5,-4.618571428571428
2023-11-25 22:00:00,573,Erode,0.5,-4.541714285714286
2023-11-26 12:00:00,573,Erode,1.5,-4.698285714285714
2023-11-26 15:00:00,573,Erode,14.5,-4.698285714285714
2023-11-26 16:00:00,573,Erode,3.5,-4.517142857142857
2023-11-26 17:00:00,573,Erode,3.5,-4.517142857142857
2023-11-26 18:00:00,573,Erode,0.5,-4.517142857142857
2023-11-27 11:00:00,573,Erode,0.5,-4.451428571428571
2023-11-28 19:00:00,573,Erode,5.5,-4.49
2023-11-28 20:00:00,573,Erode,0.5,-4.49
2023-11-29 16:00:00,573,Erode,0.5,-4.561428571428571
2023-11-29 18:00:00,573,Erode,1.0,-4.561428571428571
2023-11-29 19:00:00,573,Erode,1.0,-4.561428571428571
2023-11-30 15:00:00,573,Erode,2.5,-4.532428571428572
2023-11-30 16:00:00,573,Erode,1.0,-4.697571428571429
2023-11-30 18:00:00,573,Erode,0.5,-4.697571428571429
2023-12-01 14:00:00,573,Erode,0.5,-4.487857142857143
2023-12-08 22:00:00,573,Erode,5.0,-4.55825
2023-12-08 23:00:00,573,Erode,7.0,-4.55825
2023-12-09 16:00:00,573,Erode,0.5,-5.05175
2023-12-25 04:00:00,573,Erode,1.0,-7.364142857142857
2023-12-25 06:00:00,573,Erode,0.5,-7.364142857142857
2023-12-25 14:00:00,573,Erode,0.5,-7.405
2024-01-04 05:00:00,573,Erode,0.5,-7.843285714285714
2024-01-04 22:00:00,573,Erode,0.5,-7.200285714285714
2024-01-04 23:00:00,573,Erode,0.5,-7.200285714285714
2024-01-05 00:00:00,573,Erode,0.5,-7.200285714285714
2024-01-05 04:00:00,573,Erode,1.25,-7.003428571428572
2024-01-05 05:00:00,573,Erode,2.5,-7.003428571428572
2024-01-05 06:00:00,573,Erode,0.75,-7.003428571428572
2024-01-05 07:00:00,573,Erode,0.5,-7.003428571428572
2024-01-07 21:00:00,573,Erode,0.5,-8.713571428571429
2024-01-07 22:00:00,573,Erode,1.0,-8.615714285714287
2024-01-08 09:00:00,573,Erode,0.5,-8.620857142857142
2024-01-09 07:00:00,573,Erode,0.5,-8.060142857142857
2024-01-09 08:00:00,573,Erode,0.5,-8.060142857142857
2024-01-09 09:00:00,573,Erode,0.5,-8.060142857142857
2024-01-09 12:00:00,573,Erode,7.0,-8.101857142857144
2024-01-09 13:00:00,573,Erode,0.5,-8.101857142857144
2024-01-09 14:00:00,573,Erode,0.5,-8.101857142857144
2024-02-02 06:00:00,573,Erode,17.5,-8.169428571428572
2024-02-02 07:00:00,573,Erode,9.0,-8.169428571428572
2024-02-02 08:00:00,573,Erode,1.0,-8.169428571428572
2024-02-02 10:00:00,573,Erode,0.5,-8.083142857142857
2024-04-26 00:00:00,573,Erode,4.0,-18.976714285714284
2024-04-26 02:00:00,573,Erode,6.0,-18.976714285714284
2024-04-26 15:00:00,573,Erode,3.0,-15.531571428571429
2024-04-26 15:55:00,573,Erode,2.5,-14.395142857142858
2024-04-26 16:00:00,573,Erode,2.5,-14.395142857142858
2024-04-26 23:00:00,573,Erode,1.0,-14.713571428571427
2024-04-27 00:00:00,573,Erode,15.5,-14.713571428571427
2024-05-04 15:00:00,573,Erode,1.0,-14.841285714285714
2024-05-04 17:00:00,573,Erode,1.0,-16.781166666666667
2024-05-04 18:00:00,573,Erode,0.5,-16.781166666666667
2024-05-05 00:00:00,573,Erode,0.5,-16.147
2024-05-07 03:00:00,573,Erode,1.0,-15.845714285714283
2024-05-07 04:00:00,573,Erode,1.5,-15.791142857142855
2024-05-10 01:00:00,573,Erode,35.0,-14.632571428571428
2024-05-10 02:00:00,573,Erode,5.5,-14.632571428571428
2024-05-11 00:00:00,573,Erode,0.5,-18.376571428571427
2024-05-11 16:00:00,573,Erode,1.5,-16.315857142857144
2024-05-11 17:00:00,573,Erode,15.0,-16.315857142857144
2024-05-12 17:00:00,573,Erode,6.0,-14.775714285714288
2024-05-12 20:00:00,573,Erode,0.5,-14.775714285714288
2024-05-13 00:00:00,573,Erode,0.5,-15.706285714285714
2024-05-13 16:00:00,573,Erode,0.5,-16.466166666666666
2024-05-13 17:00:00,573,Erode,3.0,-16.466166666666666
2024-05-14 06:00:00,573,Erode,15.0,-16.843
2024-05-14 07:00:00,573,Erode,4.5,-16.843
2024-05-15 17:00:00,573,Erode,1.0,-14.459
2024-05-15 22:00:00,573,Erode,2.0,-16.204428571428572
2024-05-15 23:00:00,573,Erode,0.75,-16.204428571428572
2024-05-16 00:00:00,573,Erode,1.0,-16.204428571428572
2024-05-16 01:00:00,573,Erode,0.5,-16.204428571428572
2024-05-16 02:00:00,573,Erode,0.5,-16.204428571428572
2024-05-16 03:00:00,573,Erode,0.5,-16.204428571428572
2024-05-16 10:00:00,573,Erode,103.5,-14.294857142857142
2024-05-17 15:00:00,573,Erode,3.0,-14.636
2024-05-17 16:00:00,573,Erode,1.0,-13.93657142857143
2024-05-17 18:00:00,573,Erode,1.5,-13.93657142857143
2024-05-17 19:00:00,573,Erode,1.0,-13.93657142857143
2024-05-17 20:00:00,573,Erode,0.75,-13.93657142857143
2024-05-18 10:00:00,573,Erode,0.5,-13.827857142857145
2024-05-18 15:00:00,573,Erode,1.0,-13.827857142857145
2024-05-18 16:00:00,573,Erode,0.5,-13.997857142857145
2024-05-18 22:00:00,573,Erode,7.0,-15.473142857142856
2024-05-18 23:00:00,573,Erode,7.0,-15.473142857142856
2024-05-19 16:00:00,573,Erode,12.0,-16.058857142857143
2024-05-19 17:00:00,573,Erode,0.5,-16.058857142857143
2024-05-19 18:00:00,573,Erode,1.5,-16.058857142857143
2024-05-19 19:00:00,573,Erode,0.5,-16.058857142857143
2024-05-19 20:00:00,573,Erode,2.5,-16.058857142857143
2024-05-20 03:00:00,573,Erode,3.0,-14.142
2024-05-20 04:00:00,573,Erode,0.5,-14.389285714285714
2024-05-20 15:00:00,573,Erode,2.5,-15.553285714285712
2024-05-20 18:00:00,573,Erode,3.5,-14.561714285714285
2024-05-20 19:00:00,573,Erode,1.5,-14.561714285714285
2024-05-20 20:00:00,573,Erode,3.6666666666666665,-14.561714285714285
2024-05-20 21:00:00,573,Erode,7.25,-14.561714285714285
2024-05-20 22:00:00,573,Erode,2.5,-16.0215
2024-05-20 23:00:00,573,Erode,4.0,-16.0215
2024-05-21 01:00:00,573,Erode,1.0,-16.0215
2024-05-21 02:00:00,573,Erode,0.5,-16.0215
2024-05-21 19:00:00,573,Erode,0.5,-14.217571428571429
2024-05-21 20:00:00,573,Erode,0.5,-14.217571428571429
2024-05-22 09:00:00,573,Erode,0.5,-13.847857142857142
2024-05-22 17:00:00,573,Erode,1.25,-14.136571428571427
2024-05-22 18:00:00,573,Erode,13.5,-14.136571428571427
2024-05-22 19:00:00,573,Erode,2.5,-14.136571428571427
2024-05-22 20:00:00,573,Erode,3.5,-14.136571428571427
2024-05-22 21:00:00,573,Erode,7.5,-14.136571428571427
2024-05-22 22:00:00,573,Erode,3.25,-17.671285714285712
2024-05-22 23:00:00,573,Erode,4.0,-17.671285714285712
2024-05-23 00:00:00,573,Erode,4.25,-17.671285714285712
2024-05-23 01:00:00,573,Erode,0.5,-17.671285714285712
2024-05-23 13:00:00,573,Erode,0.5,-15.517
2024-05-23 14:00:00,573,Erode,1.5,-15.517
2024-05-23 17:00:00,573,Erode,1.5,-15.744333333333335
2024-05-23 19:00:00,573,Erode,3.5,-15.744333333333335
2024-05-23 22:00:00,573,Erode,0.5,-16.724333333333334
2024-05-23 23:00:00,573,Erode,1.0,-16.724333333333334
2024-05-24 00:00:00,573,Erode,4.5,-16.724333333333334
2024-05-24 01:00:00,573,Erode,2.5,-16.724333333333334
2024-05-24 02:00:00,573,Erode,1.0,-16.724333333333334
2024-05-24 10:00:00,573,Erode,1.0,-15.001
2024-05-24 11:00:00,573,Erode,3.0,-15.001
2024-05-24 12:00:00,573,Erode,5.5,-15.001
2024-05-24 13:00:00,573,Erode,1.0,-15.001
2024-05-24 16:00:00,573,Erode,1.0,-13.467714285714283
2024-05-25 00:00:00,573,Erode,0.5,-15.018285714285714
2024-05-25 05:00:00,573,Erode,2.0,-13.632571428571428
2024-05-25 06:00:00,573,Erode,1.0,-13.632571428571428
2024-05-25 10:00:00,573,Erode,1.5,-15.100333333333332
2024-05-25 11:00:00,573,Erode,4.0,-15.100333333333332
2024-05-25 15:00:00,573,Erode,0.5,-15.100333333333332
2024-05-25 22:00:00,573,Erode,0.5,-13.272142857142857
2024-05-26 07:00:00,573,Erode,0.5,-15.03
2024-05-26 10:00:00,573,Erode,0.5,-14.837166666666668
2024-05-26 12:00:00,573,Erode,0.5,-14.837166666666668
2024-05-27 00:00:00,573,Erode,1.5,-15.690666666666669
2024-05-27 01:00:00,573,Erode,1.0,-15.690666666666669
2024-05-27 06:00:00,573,Erode,1.0,-14.7565
2024-05-27 20:00:00,573,Erode,0.5,-14.069333333333333
2024-05-28 00:00:00,573,Erode,1.0,-16.126166666666666
2024-05-28 09:00:00,573,Erode,1.5,-15.749333333333334
2024-05-28 10:00:00,573,Erode,1.5,-14.317833333333333
2024-05-28 11:00:00,573,Erode,0.5,-14.317833333333333
2024-05-28 12:00:00,573,Erode,8.0,-14.317833333333333
2024-05-28 13:00:00,573,Erode,3.0,-14.317833333333333
2024-05-28 14:00:00,573,Erode,4.0,-14.317833333333333
2024-05-28 15:00:00,573,Erode,1.0,-14.317833333333333
2024-05-28 17:00:00,573,Erode,1.0,-14.170833333333334
2024-05-28 18:00:00,573,Erode,1.0,-14.170833333333334
2024-05-29 00:00:00,573,Erode,1.0,-16.089666666666666
2024-05-29 02:00:00,573,Erode,2.5,-16.089666666666666
2024-05-29 03:00:00,573,Erode,1.0,-16.089666666666666
2024-05-29 09:00:00,573,Erode,1.0,-15.0175
2024-05-29 22:00:00,573,Erode,1.0,-16.794833333333333
2024-05-29 23:00:00,573,Erode,4.0,-16.794833333333333
2024-05-30 08:00:00,573,Erode,4.5,-15.757833333333332
2024-05-31 15:00:00,573,Erode,4.0,-18.10483333333333
2024-05-31 16:00:00,573,Erode,0.5,-23.0255
2024-06-01 16:00:00,573,Erode,5.5,-15.511333333333337
2024-06-01 17:00:00,573,Erode,4.75,-15.511333333333337
2024-06-01 18:00:00,573,Erode,0.5,-15.511333333333337
2024-06-01 19:00:00,573,Erode,0.5,-15.511333333333337
2024-06-01 21:00:00,573,Erode,0.5,-15.511333333333337
2024-06-02 08:00:00,573,Erode,0.5,-15.942833333333333
2024-06-02 09:00:00,573,Erode,7.0,-15.942833333333333
2024-06-02 11:00:00,573,Erode,1.0,-16.449666666666666
2024-06-02 12:00:00,573,Erode,4.5,-16.449666666666666
2024-06-02 13:00:00,573,Erode,0.5,-16.449666666666666
2024-06-02 14:00:00,573,Erode,1.0,-16.449666666666666
2024-06-02 16:00:00,573,Erode,4.5,-15.584
2024-06-02 18:00:00,573,Erode,1.0,-15.584
2024-06-02 19:00:00,573,Erode,17.0,-15.584
2024-06-02 20:00:00,573,Erode,1.0,-15.584
2024-06-02 22:00:00,573,Erode,0.5,-16.803166666666666
2024-06-02 23:00:00,573,Erode,1.5,-16.803166666666666
2024-06-03 00:00:00,573,Erode,0.5,-16.803166666666666
2024-06-03 01:00:00,573,Erode,0.5,-16.803166666666666
2024-06-03 10:00:00,573,Erode,0.5,-14.569166666666666
2024-06-03 12:00:00,573,Erode,1.0,-14.569166666666666
2024-06-03 13:00:00,573,Erode,10.5,-14.569166666666666
2024-06-03 14:00:00,573,Erode,1.5,-14.569166666666666
2024-06-03 15:00:00,573,Erode,3.75,-14.569166666666666
2024-06-03 16:00:00,573,Erode,2.0,-15.905499999999998
2024-06-03 17:00:00,573,Erode,1.0,-15.905499999999998
2024-06-03 18:00:00,573,Erode,1.0,-15.905499999999998
2024-06-03 19:00:00,573,Erode,0.5,-15.905499999999998
2024-06-04 16:00:00,573,Erode,2.0,-15.132
2024-06-04 17:00:00,573,Erode,18.5,-15.132
2024-06-05 18:00:00,573,Erode,0.5,-14.899500000000002
2024-06-06 17:00:00,573,Erode,7.0,-15.271
2024-06-06 18:00:00,573,Erode,4.5,-15.271
2024-06-06 19:00:00,573,Erode,1.0,-15.271
2024-06-06 20:00:00,573,Erode,0.5,-15.271
2024-06-06 21:00:00,573,Erode,0.5,-15.271
2024-06-06 22:00:00,573,Erode,1.0,-14.934166666666668
2024-06-06 23:00:00,573,Erode,0.5,-14.934166666666668
2024-06-08 23:00:00,573,Erode,0.75,-16.428166666666666
2024-06-10 13:00:00,573,Erode,0.5,-16.9986
2024-06-10 16:00:00,573,Erode,0.5,-15.136666666666663
2024-06-14 10:00:00,573,Erode,1.5,-18.522
2024-06-14 16:00:00,573,Erode,1.5,-17.031799999999997
2024-06-14 23:00:00,573,Erode,0.5,-14.6055
2024-06-15 00:00:00,573,Erode,0.5,-14.6055
2024-06-15 01:00:00,573,Erode,1.0,-14.6055
2024-06-15 02:00:00,573,Erode,0.5,-14.6055
2024-06-15 07:00:00,573,Erode,0.5,-14.228666666666667
2024-06-15 08:00:00,573,Erode,0.5,-14.228666666666667
2024-06-16 01:00:00,573,Erode,0.5,-14.867666666666668
2024-06-16 15:00:00,573,Erode,2.5,-17.2392
2024-06-16 16:00:00,573,Erode,0.5,-14.31
2024-06-16 18:00:00,573,Erode,0.75,-14.31
2024-06-17 09:00:00,573,Erode,1.0,-17.3076
2024-06-17 10:00:00,573,Erode,0.5,-17.331400000000002
2024-06-17 11:00:00,573,Erode,0.5,-17.331400000000002
2024-06-17 23:00:00,573,Erode,0.5,-14.940666666666669
2024-06-19 13:00:00,573,Erode,0.5,-14.921166666666666
2024-06-20 07:00:00,573,Erode,0.5,-17.334200000000003
2024-06-20 09:00:00,573,Erode,0.5,-17.334200000000003
2024-06-20 15:00:00,573,Erode,17.5,-17.3594
2024-06-20 16:00:00,573,Erode,76.25,-14.635333333333335
2024-06-20 17:00:00,573,Erode,74.0,-14.635333333333335
2024-06-21 10:00:00,573,Erode,2.5,-17.305
2024-06-21 11:00:00,573,Erode,2.5,-17.305
2024-06-21 14:00:00,573,Erode,0.5,-17.305
2024-06-23 14:00:00,573,Erode,0.5,-17.3414
2024-06-23 15:00:00,573,Erode,2.0,-17.3414
2024-06-23 16:00:00,573,Erode,0.5,-17.3458
2024-06-23 17:00:00,573,Erode,1.0,-17.3458
2024-06-25 15:00:00,573,Erode,0.5,-14.783666666666669
2024-06-25 16:00:00,573,Erode,0.5,-15.5344
2024-06-25 17:00:00,573,Erode,3.0,-15.5344
2024-06-25 18:00:00,573,Erode,0.5,-15.5344
2024-06-26 05:00:00,573,Erode,106.0,-17.3764
2024-06-26 07:00:00,573,Erode,36.0,-17.3764
2024-06-26 08:00:00,573,Erode,3.0,-17.3764
2024-06-26 09:00:00,573,Erode,0.5,-17.3764
2024-06-26 10:00:00,573,Erode,0.5,-17.4998
2024-06-26 12:00:00,573,Erode,0.5,-17.4998
2024-06-26 22:00:00,573,Erode,0.5,-14.6755
2024-06-27 12:00:00,573,Erode,0.5,-14.459166666666668
2024-06-30 17:00:00,573,Erode,2.5,-17.7322
2024-07-01 07:00:00,573,Erode,0.5,-17.7112
2024-07-03 20:00:00,573,Erode,2.0,-14.253666666666666
2024-07-04 10:00:00,573,Erode,3.0,-19.41125
2024-07-04 11:00:00,573,Erode,2.0,-19.41125
2024-07-04 12:00:00,573,Erode,3.0,-19.41125
2024-07-04 14:00:00,573,Erode,0.5,-19.41125
2024-07-04 15:00:00,573,Erode,2.0,-19.41125
2024-07-04 16:00:00,573,Erode,1.5,-19.44875
2024-07-05 15:00:00,573,Erode,1.0,-17.3036
2024-07-05 16:00:00,573,Erode,5.0,-16.954166666666666
2024-07-05 18:00:00,573,Erode,2.0,-16.954166666666666
2024-07-05 20:00:00,573,Erode,1.0,-16.954166666666666
2024-07-05 23:00:00,573,Erode,1.0,-14.572833333333334
2024-07-06 17:00:00,573,Erode,2.5,-17.291
2024-07-07 06:00:00,573,Erode,1.0,-17.2732
2024-07-07 07:00:00,573,Erode,3.0,-17.2732
2024-07-07 08:00:00,573,Erode,0.5,-17.2732
2024-07-07 23:00:00,573,Erode,0.5,-15.221166666666669
2024-07-08 19:00:00,573,Erode,0.5,-17.2712
2024-07-09 06:00:00,573,Erode,1.5,-17.256400000000003
2024-07-11 02:00:00,573,Erode,3.5,-8.5312
2024-07-12 17:00:00,573,Erode,1.5,-14.711666666666666
2024-07-12 18:00:00,573,Erode,0.5,-14.711666666666666
2024-07-12 19:00:00,573,Erode,1.0,-14.711666666666666
2024-07-12 20:00:00,573,Erode,0.5,-14.711666666666666
2024-07-12 22:00:00,573,Erode,0.5,-15.210333333333333
2024-07-13 10:00:00,573,Erode,1.0,-15.371
2024-07-13 11:00:00,573,Erode,3.0,-15.371
2024-07-13 12:00:00,573,Erode,2.0,-15.371
2024-07-13 13:00:00,573,Erode,1.5,-15.371
2024-07-13 15:00:00,573,Erode,1.5,-15.371
2024-07-13 17:00:00,573,Erode,7.0,-14.820833333333336
2024-07-14 11:00:00,573,Erode,0.5,-15.034666666666666
2024-07-14 15:00:00,573,Erode,1.5,-15.034666666666666
2024-07-14 19:00:00,573,Erode,0.5,-14.770166666666668
2024-07-14 20:00:00,573,Erode,0.5,-14.770166666666668
2024-07-14 22:00:00,573,Erode,1.0,-14.537166666666666
2024-07-14 23:00:00,573,Erode,1.0,-14.537166666666666
2024-07-15 00:00:00,573,Erode,0.5,-14.537166666666666
2024-07-15 03:00:00,573,Erode,0.5,-14.537166666666666
2024-07-15 05:00:00,573,Erode,1.25,-14.548833333333334
2024-07-15 06:00:00,573,Erode,0.5,-14.548833333333334
2024-07-15 07:00:00,573,Erode,0.5,-14.548833333333334
2024-07-15 19:00:00,573,Erode,0.5,-14.942666666666668
2024-07-15 20:00:00,573,Erode,0.5,-14.942666666666668
2024-07-15 21:00:00,573,Erode,1.0,-14.942666666666668
2024-07-15 22:00:00,573,Erode,0.5,-14.987666666666668
2024-07-15 23:00:00,573,Erode,0.5,-14.987666666666668
2024-07-16 00:00:00,573,Erode,0.5,-14.987666666666668
2024-07-16 02:00:00,573,Erode,0.5,-14.987666666666668
2024-07-16 04:00:00,573,Erode,1.0,-14.555333333333332
2024-07-16 07:00:00,573,Erode,1.0,-14.555333333333332
2024-07-16 10:00:00,573,Erode,0.5,-14.879166666666668
2024-07-17 04:00:00,573,Erode,0.5,-14.4445
2024-07-17 06:00:00,573,Erode,1.0,-14.4445
2024-07-17 08:00:00,573,Erode,0.5,-14.4445
2024-07-17 14:00:00,573,Erode,3.5,-15.586833333333333
2024-07-17 15:00:00,573,Erode,0.5,-15.586833333333333
2024-07-17 17:00:00,573,Erode,1.0,-14.791333333333332
2024-07-17 18:00:00,573,Erode,1.0,-14.791333333333332
2024-07-17 20:00:00,573,Erode,0.5,-14.791333333333332
2024-07-17 21:00:00,573,Erode,1.5,-14.791333333333332
2024-07-17 23:00:00,573,Erode,1.0,-14.724833333333336
2024-07-18 00:00:00,573,Erode,1.0,-14.724833333333336
2024-07-18 05:00:00,573,Erode,0.5,-14.580999999999998
2024-07-18 06:00:00,573,Erode,1.0,-14.580999999999998
2024-07-18 07:00:00,573,Erode,0.5,-14.580999999999998
2024-07-18 10:00:00,573,Erode,1.0,-15.005
2024-07-18 13:00:00,573,Erode,1.0,-15.005
2024-07-18 14:00:00,573,Erode,0.5,-15.005
2024-07-18 18:00:00,573,Erode,0.5,-15.445
2024-07-18 19:00:00,573,Erode,0.5,-15.445
2024-07-19 04:00:00,573,Erode,1.0,-14.5695
2024-07-19 15:00:00,573,Erode,0.5,-17.607
2024-07-20 04:00:00,573,Erode,1.0,-21.636
2024-07-20 09:00:00,573,Erode,2.0,-21.636
2024-07-20 10:00:00,573,Erode,0.5,-18.3036
2024-07-20 11:00:00,573,Erode,0.5,-18.3036
2024-07-20 15:00:00,573,Erode,0.5,-18.3036
2024-07-21 01:00:00,573,Erode,3.5,-17.6316
2024-07-21 12:00:00,573,Erode,0.5,-17.3504
2024-07-21 14:00:00,573,Erode,1.0,-17.3504
2024-07-21 15:00:00,573,Erode,1.0,-17.3504
2024-07-22 10:00:00,573,Erode,1.0,-17.135399999999997
2024-07-22 11:00:00,573,Erode,0.5,-17.135399999999997
2024-07-23 03:00:00,573,Erode,1.0,-17.6042
2024-07-23 09:00:00,573,Erode,0.5,-17.401400000000002
2024-07-23 10:00:00,573,Erode,0.5,-10.431
2024-07-23 13:00:00,573,Erode,0.5,-10.431
2024-07-23 15:00:00,573,Erode,1.0,-10.431
2024-07-23 19:00:00,573,Erode,1.0,-17.4972
2024-07-24 06:00:00,573,Erode,1.0,-10.598666666666666
2024-07-24 07:00:00,573,Erode,0.5,-10.598666666666666
2024-07-24 13:00:00,573,Erode,1.0,-8.71725
2024-07-24 14:00:00,573,Erode,0.5,-8.71725
2024-07-24 15:00:00,573,Erode,0.5,-8.71725
2024-07-25 04:00:00,573,Erode,1.0,-17.5664
2024-07-25 05:00:00,573,Erode,0.5,-17.5664
2024-07-25 08:00:00,573,Erode,0.5,-17.5664
2024-07-25 13:00:00,573,Erode,0.5,-22.159
2024-07-25 14:00:00,573,Erode,0.5,-22.159
2024-07-25 17:00:00,573,Erode,0.5,-17.830599999999997
2024-07-25 19:00:00,573,Erode,0.5,-17.830599999999997
2024-07-26 08:00:00,573,Erode,0.5,-17.6886
2024-07-26 15:00:00,573,Erode,0.5,-17.5368
2024-07-27 01:00:00,573,Erode,0.5,-17.8394
2024-07-27 07:00:00,573,Erode,5.0,-17.6606
2024-07-27 08:00:00,573,Erode,1.0,-17.6606
2024-07-27 15:00:00,573,Erode,0.5,-17.811200000000003
2024-07-29 09:00:00,573,Erode,0.5,-17.770999999999997
2024-07-29 11:00:00,573,Erode,0.5,-17.7842
2024-07-30 01:00:00,573,Erode,0.5,-18.0778
2024-07-30 03:00:00,573,Erode,2.25,-18.0778
2024-07-30 04:00:00,573,Erode,10.25,-18.3712
2024-07-30 05:00:00,573,Erode,0.5,-18.3712
2024-07-30 19:00:00,573,Erode,0.5,-22.32075
2024-07-31 00:00:00,573,Erode,1.0,-17.556800000000003
2024-07-31 08:00:00,573,Erode,0.5,-11.067333333333332
2024-07-31 09:00:00,573,Erode,0.5,-11.067333333333332
2024-07-31 11:00:00,573,Erode,2.5,-11.103333333333332
2024-07-31 15:00:00,573,Erode,1.0,-11.103333333333332
2024-07-31 17:00:00,573,Erode,1.0,-17.6886
2024-07-31 20:00:00,573,Erode,3.5,-17.6886
2024-07-31 21:00:00,573,Erode,0.5,-17.6886
2024-07-31 22:00:00,573,Erode,0.5,-17.8568
2024-07-31 23:00:00,573,Erode,1.0,-17.8568
2024-08-01 00:00:00,573,Erode,1.0,-17.8568
2024-08-01 01:00:00,573,Erode,1.0,-17.8568
2024-08-01 02:00:00,573,Erode,0.5,-17.8568
2024-08-01 16:00:00,573,Erode,0.5,-17.766399999999997
2024-08-02 23:00:00,573,Erode,3.5,-17.732400000000002
2024-08-03 08:00:00,573,Erode,2.5,-17.7816
2024-08-04 19:00:00,573,Erode,1.0,-22.07925
2024-08-04 23:00:00,573,Erode,0.5,-18.4188
2024-08-05 01:00:00,573,Erode,0.5,-18.4188
2024-08-05 12:00:00,573,Erode,0.5,-17.3462
2024-08-06 18:00:00,573,Erode,0.5,-15.243166666666667
2024-08-08 12:00:00,573,Erode,3.5,-15.131166666666669
2024-08-12 01:00:00,573,Erode,1.0,-15.0375
2024-08-14 01:00:00,573,Erode,1.0,-19.6635
2024-08-14 02:00:00,573,Erode,1.0,-19.6635
2024-08-15 01:00:00,573,Erode,10.0,-6.847399999999999
2024-08-15 02:00:00,573,Erode,0.5,-6.847399999999999
2024-08-15 03:00:00,573,Erode,0.5,-6.847399999999999
2024-08-15 04:00:00,573,Erode,2.0,-6.8282
2024-08-15 05:00:00,573,Erode,0.5,-6.8282
2024-08-15 21:00:00,573,Erode,0.5,-6.8118
2024-08-16 18:00:00,573,Erode,2.0,-6.754599999999999
2024-08-17 09:00:00,573,Erode,3.5,-6.7044
2024-08-18 18:00:00,573,Erode,4.5,-8.00675
2024-08-18 19:00:00,573,Erode,1.0,-8.00675
2024-08-19 00:00:00,573,Erode,0.5,-8.022
2024-08-19 17:00:00,573,Erode,1.0,-8.520000000000001
2024-08-19 18:00:00,573,Erode,0.5,-8.520000000000001
2024-08-19 19:00:00,573,Erode,1.5,-8.520000000000001
2024-08-21 10:00:00,573,Erode,3.5,-6.7605
2024-08-29 13:00:00,573,Erode,0.5,-7.248399999999999
2024-08-29 16:00:00,573,Erode,0.5,-7.2184
2024-08-29 17:00:00,573,Erode,0.5,-7.2184
2024-08-29 19:00:00,573,Erode,0.5,-7.2184
2024-09-04 09:00:00,573,Erode,1.0,-6.774
2024-09-10 19:00:00,573,Erode,0.5,-7.324
2024-09-10 20:00:00,573,Erode,0.5,-7.324
2024-09-11 00:00:00,573,Erode,0.5,-7.3394
2024-09-12 12:00:00,573,Erode,1.0,-7.4764
2024-09-14 15:20:00,573,Erode,0.5,-7.540999999999999
2024-09-14 15:30:00,573,Erode,2.0,-7.540999999999999
2024-09-14 16:00:00,573,Erode,1.5,-7.540999999999999
2024-09-20 08:00:00,573,Erode,0.5,-7.8038
2024-09-26 13:00:00,573,Erode,0.5,-8.0024
2024-09-26 19:00:00,573,Erode,3.0,-7.960800000000001
2024-09-26 20:00:00,573,Erode,6.5,-7.960800000000001
2024-09-27 22:00:00,573,Erode,1.0,-7.92
2024-09-29 00:00:00,573,Erode,16.5,-7.8576
2024-09-29 02:00:00,573,Erode,1.0,-7.8576
2024-09-29 21:00:00,573,Erode,0.5,-7.8122
2024-09-30 03:00:00,573,Erode,1.0,-7.8006
2024-09-30 04:00:00,573,Erode,1.0,-7.773000000000001
2024-10-01 21:00:00,573,Erode,0.5,-7.6638
2024-10-01 22:00:00,573,Erode,10.0,-7.6606
2024-10-03 02:00:00,573,Erode,26.0,-7.635
2024-10-03 03:00:00,573,Erode,12.0,-7.635
2024-10-03 04:00:00,573,Erode,0.5,-7.5872
2024-10-05 01:00:00,573,Erode,0.5,-7.4524
2024-10-05 02:00:00,573,Erode,0.5,-7.4524
2024-10-05 03:00:00,573,Erode,0.5,-7.4524
2024-10-05 09:00:00,573,Erode,2.0,-7.4218
2024-10-05 10:00:00,573,Erode,0.5,-7.3962
2024-10-05 18:00:00,573,Erode,7.5,-7.425399999999999
2024-10-05 19:00:00,573,Erode,1.5,-7.425399999999999
2024-10-05 21:00:00,573,Erode,0.5,-7.425399999999999
2024-10-06 02:00:00,573,Erode,17.0,-7.359199999999999
2024-10-06 03:00:00,573,Erode,1.75,-7.359199999999999
2024-10-06 04:00:00,573,Erode,0.5,-7.322
2024-10-06 07:00:00,573,Erode,0.5,-7.322
2024-10-07 18:00:00,573,Erode,3.0,-7.277799999999999
2024-10-07 21:00:00,573,Erode,1.0,-7.277799999999999
2024-10-07 22:00:00,573,Erode,2.5,-7.2208
2024-10-07 23:00:00,573,Erode,2.0,-7.2208
2024-10-08 00:00:00,573,Erode,5.75,-7.2208
2024-10-08 01:00:00,573,Erode,0.5,-7.2208
2024-10-08 02:00:00,573,Erode,1.0,-7.2208
2024-10-08 04:00:00,573,Erode,1.0,-7.171000000000001
2024-10-08 08:00:00,573,Erode,1.0,-7.171000000000001
2024-10-08 09:00:00,573,Erode,0.5,-7.171000000000001
2024-10-08 11:00:00,573,Erode,0.5,-7.1454
2024-10-08 17:00:00,573,Erode,0.5,-7.1202
2024-10-08 22:00:00,573,Erode,8.5,-7.0904
2024-10-08 23:00:00,573,Erode,2.0,-7.0904
2024-10-09 00:00:00,573,Erode,5.0,-7.0904
2024-10-09 01:00:00,573,Erode,4.0,-7.0904
2024-10-09 02:00:00,573,Erode,0.5,-7.0904
2024-10-09 22:00:00,573,Erode,0.5,-6.976999999999999
2024-10-09 23:00:00,573,Erode,5.0,-6.976999999999999
2024-10-10 02:00:00,573,Erode,0.5,-6.976999999999999
2024-10-10 03:00:00,573,Erode,3.5,-6.976999999999999
2024-10-10 19:00:00,573,Erode,1.0,-6.944800000000001
2024-10-10 21:00:00,573,Erode,0.5,-6.944800000000001
2024-10-10 23:00:00,573,Erode,1.0,-6.8744
2024-10-11 01:00:00,573,Erode,0.5,-6.8744
2024-10-11 14:00:00,573,Erode,0.5,-6.7952
2024-10-11 22:00:00,573,Erode,4.0,-6.7792
2024-10-12 00:00:00,573,Erode,0.5,-6.7792
2024-10-12 01:00:00,573,Erode,2.0,-6.7792
2024-10-12 02:00:00,573,Erode,22.5,-6.7792
2024-10-12 03:00:00,573,Erode,6.0,-6.7792
2024-10-12 04:00:00,573,Erode,0.5,-6.7218
2024-10-12 06:00:00,573,Erode,0.5,-6.7218
2024-10-12 07:00:00,573,Erode,0.5,-6.7218
2024-10-12 08:00:00,573,Erode,1.0,-6.7218
2024-10-12 09:00:00,573,Erode,0.5,-6.7218
2024-10-12 12:00:00,573,Erode,1.0,-6.6964
2024-10-12 16:00:00,573,Erode,0.5,-6.648000000000001
2024-10-12 19:00:00,573,Erode,0.5,-6.648000000000001
2024-10-12 20:00:00,573,Erode,0.5,-6.648000000000001
2024-10-13 06:00:00,573,Erode,0.5,-6.5772
2024-10-13 09:00:00,573,Erode,0.5,-6.5772
2024-10-13 14:00:00,573,Erode,1.5,-6.5760000000000005
2024-10-13 15:00:00,573,Erode,1.0,-6.5760000000000005
2024-10-14 15:00:00,573,Erode,0.5,-6.4024
2024-10-14 16:00:00,573,Erode,4.0,-6.381600000000001
2024-10-14 17:00:00,573,Erode,0.5,-6.381600000000001
2024-10-14 18:00:00,573,Erode,1.0,-6.381600000000001
2024-10-14 20:00:00,573,Erode,1.75,-6.381600000000001
2024-10-14 22:00:00,573,Erode,13.0,-6.326
2024-10-14 23:00:00,573,Erode,1.0,-6.326
2024-10-15 00:00:00,573,Erode,0.5,-6.326
2024-10-15 01:00:00,573,Erode,0.5,-6.326
2024-10-15 02:00:00,573,Erode,0.5,-6.326
2024-10-15 03:00:00,573,Erode,0.5,-6.326
2024-10-15 09:00:00,573,Erode,0.5,-6.276
2024-10-15 10:00:00,573,Erode,0.5,-6.2946
2024-10-15 11:00:00,573,Erode,4.5,-6.2946
2024-10-15 16:00:00,573,Erode,0.5,-6.224
2024-10-15 17:00:00,573,Erode,5.0,-6.224
2024-10-15 18:00:00,573,Erode,10.5,-6.224
2024-10-15 19:00:00,573,Erode,7.0,-6.224
2024-10-15 20:00:00,573,Erode,1.5,-6.224
2024-10-15 21:00:00,573,Erode,0.5,-6.224
2024-10-15 23:00:00,573,Erode,0.5,-6.1822
2024-10-17 17:00:00,573,Erode,1.0,-6.0378
2024-10-18 16:00:00,573,Erode,3.0,-6.0048
2024-10-18 17:00:00,573,Erode,15.0,-6.0048
2024-10-19 13:00:00,573,Erode,7.0,-5.9442
2024-10-20 20:00:00,573,Erode,1.0,-5.9166
2024-10-20 21:00:00,573,Erode,3.0,-5.9166
2024-10-20 22:00:00,573,Erode,3.0,-5.8936
2024-10-21 00:00:00,573,Erode,1.0,-5.8936
2024-10-22 18:00:00,573,Erode,0.5,-5.7564
2024-10-22 20:00:00,573,Erode,1.0,-5.7564
2024-10-23 00:00:00,573,Erode,0.5,-5.741
2024-10-23 01:00:00,573,Erode,1.0,-5.741
2024-10-23 20:00:00,573,Erode,44.0,-5.7156
2024-10-23 21:00:00,573,Erode,30.5,-5.7156
2024-10-23 22:00:00,573,Erode,0.5,-5.6902
2024-10-23 23:00:00,573,Erode,1.0,-5.6902
2024-10-25 12:00:00,573,Erode,0.5,-5.609
2024-10-25 16:00:00,573,Erode,2.5,-5.604
2024-10-25 17:00:00,573,Erode,10.5,-5.604
2024-10-25 18:00:00,573,Erode,9.5,-5.604
2024-10-25 19:00:00,573,Erode,1.5,-5.604
2024-10-26 12:00:00,573,Erode,0.5,-5.555400000000001
2024-10-28 08:00:00,573,Erode,0.5,-5.5052
2024-10-28 11:00:00,573,Erode,0.5,-5.517200000000001
2024-10-29 11:00:00,573,Erode,0.5,-5.5068
2024-10-30 15:00:00,573,Erode,1.0,-5.583
2024-10-31 04:00:00,573,Erode,3.5,-3.3685
2024-10-31 05:00:00,573,Erode,3.0,-3.3685
2024-10-31 07:00:00,573,Erode,0.5,-3.3685
2024-11-01 23:00:00,573,Erode,7.0,-5.4724
2024-11-02 04:00:00,573,Erode,0.5,-5.4602
2024-11-02 17:00:00,573,Erode,1.0,-5.4896
2024-11-02 19:00:00,573,Erode,1.0,-5.4896
2024-11-02 22:00:00,573,Erode,6.75,-5.5102
2024-11-02 23:00:00,573,Erode,9.0,-5.5102
2024-11-03 00:00:00,573,Erode,15.5,-5.5102
2024-11-03 06:00:00,573,Erode,0.5,-5.7056
2024-11-03 18:00:00,573,Erode,5.0,-5.4874
2024-11-03 23:00:00,573,Erode,1.0,-5.4936
2024-11-04 03:00:00,573,Erode,1.5,-5.4936
2024-11-04 06:00:00,573,Erode,16.5,-6.70025
2024-11-04 09:00:00,573,Erode,1.0,-6.70025
2024-11-04 10:00:00,573,Erode,0.5,-6.67575
2024-11-04 11:00:00,573,Erode,5.5,-6.67575
2024-11-04 13:00:00,573,Erode,0.5,-6.67575
2024-11-04 15:00:00,573,Erode,0.5,-6.67575
2024-11-04 21:00:00,573,Erode,0.5,-7.073666666666667
2024-11-07 08:00:00,573,Erode,0.5,-5.471
2024-11-07 09:00:00,573,Erode,0.5,-5.471
2024-11-07 10:00:00,573,Erode,0.5,-5.5044
2024-11-07 14:00:00,573,Erode,0.5,-5.5044
2024-11-07 19:00:00,573,Erode,5.5,-5.5374
2024-11-08 10:00:00,573,Erode,0.5,-5.5536
2024-11-13 05:00:00,573,Erode,0.5,-5.8176000000000005
2024-11-13 11:00:00,573,Erode,0.5,-5.8394
2024-11-14 00:00:00,573,Erode,0.5,-5.8340000000000005
2024-11-14 08:00:00,573,Erode,0.5,-5.824800000000001
2024-11-14 12:00:00,573,Erode,0.5,-5.854
2024-11-14 14:00:00,573,Erode,2.0,-5.854
2024-11-14 15:00:00,573,Erode,3.5,-5.854
2024-11-14 16:00:00,573,Erode,0.5,-5.7884
2024-11-14 17:00:00,573,Erode,1.0,-5.7884
2024-11-15 01:00:00,573,Erode,0.5,-5.7696
2024-11-15 16:00:00,573,Erode,13.0,-5.715999999999999
2024-11-15 17:00:00,573,Erode,1.5,-5.715999999999999
2024-11-15 18:00:00,573,Erode,3.5,-5.715999999999999
2024-11-15 19:00:00,573,Erode,0.5,-5.715999999999999
2024-11-16 11:00:00,573,Erode,1.0,-5.6684
2024-11-16 12:00:00,573,Erode,0.5,-5.6684
2024-11-16 13:00:00,573,Erode,1.0,-5.6684
2024-11-16 18:00:00,573,Erode,10.0,-5.6452
2024-11-16 19:00:00,573,Erode,0.5,-5.6452
2024-11-17 09:00:00,573,Erode,0.5,-5.6054
2024-11-17 10:00:00,573,Erode,0.5,-5.6052
2024-11-17 12:00:00,573,Erode,30.0,-5.6052
2024-11-17 13:00:00,573,Erode,0.5,-5.6052
2024-11-18 05:00:00,573,Erode,4.0,-5.3525
2024-11-18 06:00:00,573,Erode,6.0,-5.3525
2024-11-18 07:00:00,573,Erode,44.0,-5.3525
2024-11-18 08:00:00,573,Erode,3.5,-5.3525
2024-11-18 09:00:00,573,Erode,47.0,-5.3525
2024-11-18 10:00:00,573,Erode,63.5,-5.382750000000001
2024-11-18 11:00:00,573,Erode,40.5,-5.382750000000001
2024-11-18 12:00:00,573,Erode,136.0,-5.382750000000001
2024-11-18 13:00:00,573,Erode,59.0,-5.382750000000001
2024-11-18 15:00:00,573,Erode,14.0,-5.382750000000001
2024-11-18 16:00:00,573,Erode,15.5,-5.37625
2024-11-18 17:00:00,573,Erode,3.0,-5.37625
2024-11-18 18:00:00,573,Erode,1.0,-5.37625
2024-11-18 19:00:00,573,Erode,1.5,-5.37625
2024-11-18 20:00:00,573,Erode,0.5,-5.37625
2024-11-18 22:00:00,573,Erode,5.0,-5.375249999999999
2024-11-18 23:00:00,573,Erode,86.5,-5.375249999999999
2024-11-19 00:00:00,573,Erode,70.5,-5.375249999999999
2024-11-19 01:00:00,573,Erode,44.5,-5.375249999999999
2024-11-19 02:00:00,573,Erode,3.0,-5.375249999999999
2024-11-19 03:00:00,573,Erode,0.5,-5.375249999999999
2024-11-19 04:00:00,573,Erode,19.5,-5.5482
2024-11-19 05:00:00,573,Erode,2.5,-5.5482
2024-11-19 06:00:00,573,Erode,4.0,-5.5482
2024-11-19 07:00:00,573,Erode,17.5,-5.5482
2024-11-19 08:00:00,573,Erode,41.5,-5.5482
2024-11-19 09:00:00,573,Erode,458.0,-5.5482
2024-11-19 10:00:00,573,Erode,106.0,-5.5606
2024-11-19 11:00:00,573,Erode,101.5,-5.5606
2024-11-19 12:00:00,573,Erode,417.0,-5.5606
2024-11-19 13:00:00,573,Erode,65.0,-5.5606
2024-11-19 14:00:00,573,Erode,275.5,-5.5606
2024-11-19 15:00:00,573,Erode,57.5,-5.5606
2024-11-19 16:00:00,573,Erode,37.0,-5.5558
2024-11-19 17:00:00,573,Erode,8.5,-5.5558
2024-11-19 19:00:00,573,Erode,0.5,-5.5558
2024-11-19 21:00:00,573,Erode,25.5,-5.5558
2024-11-19 22:00:00,573,Erode,2.0,-5.5486
2024-11-19 23:00:00,573,Erode,2.5,-5.5486
2024-11-20 00:00:00,573,Erode,4.5,-5.5486
2024-11-20 01:00:00,573,Erode,0.5,-5.5486
2024-11-20 02:00:00,573,Erode,2.5,-5.5486
2024-11-20 03:00:00,573,Erode,5.5,-5.5486
2024-11-20 04:00:00,573,Erode,0.5,-5.5316
2024-11-20 05:00:00,573,Erode,12.0,-5.5316
2024-11-20 06:00:00,573,Erode,19.5,-5.5316
2024-11-20 07:00:00,573,Erode,43.5,-5.5316
2024-11-20 08:00:00,573,Erode,30.5,-5.5316
2024-11-20 10:00:00,573,Erode,0.5,-5.5578
2024-11-20 12:00:00,573,Erode,0.5,-5.5578
2024-11-20 14:00:00,573,Erode,4.0,-5.5578
2024-11-20 15:00:00,573,Erode,6.5,-5.5578
2024-11-20 16:00:00,573,Erode,18.0,-5.5542
2024-11-26 15:00:00,573,Erode,0.5,-5.8354
2024-11-27 02:00:00,573,Erode,0.5,-5.8638
2024-11-27 03:00:00,573,Erode,0.5,-5.8638
2024-11-27 09:00:00,573,Erode,1.0,-5.848
2024-11-27 10:00:00,573,Erode,0.5,-5.8578
2024-11-27 13:00:00,573,Erode,0.5,-5.8578
2024-11-27 17:00:00,573,Erode,0.5,-5.862
2024-11-28 00:00:00,573,Erode,1.0,-5.875
2024-11-28 08:00:00,573,Erode,0.5,-5.8506
2024-11-28 10:00:00,573,Erode,0.5,-5.8582
2024-11-28 11:00:00,573,Erode,2.0,-5.8582
2024-11-28 13:00:00,573,Erode,0.5,-5.8582
2024-11-28 22:00:00,573,Erode,0.5,-5.87
2024-11-29 01:00:00,573,Erode,0.5,-5.87
2024-11-29 14:00:00,573,Erode,0.5,-5.8648
2024-11-29 17:00:00,573,Erode,0.5,-19.302666666666667
2024-11-29 18:00:00,573,Erode,0.5,-19.302666666666667
2024-11-29 19:00:00,573,Erode,0.5,-19.302666666666667
2024-11-30 09:00:00,573,Erode,0.5,-3.75825
2024-11-30 14:00:00,573,Erode,1.0,-3.7645
2024-11-30 17:00:00,573,Erode,0.5,-2.5126666666666666
2024-12-01 00:00:00,573,Erode,1.25,-2.5046666666666666
2024-12-01 01:00:00,573,Erode,0.5,-2.5046666666666666
2024-12-01 06:00:00,573,Erode,0.5,-7.004
2024-12-01 09:00:00,573,Erode,1.0,-7.004
2024-12-01 10:00:00,573,Erode,0.5,-7.008333333333333
2024-12-01 11:00:00,573,Erode,0.5,-7.008333333333333
2024-12-01 12:00:00,573,Erode,1.0,-7.008333333333333
2024-12-01 15:00:00,573,Erode,0.5,-7.008333333333333
2024-12-01 16:00:00,573,Erode,0.5,-7.054250000000001
2024-12-01 17:00:00,573,Erode,0.5,-7.054250000000001
2024-12-01 19:00:00,573,Erode,0.75,-7.054250000000001
2024-12-01 20:00:00,573,Erode,1.0,-7.054250000000001
2024-12-01 21:00:00,573,Erode,2.0,-7.054250000000001
2024-12-01 23:00:00,573,Erode,2.5,-7.055750000000001
2024-12-02 00:00:00,573,Erode,3.5,-7.055750000000001
2024-12-02 04:00:00,573,Erode,0.5,-5.954400000000001
2024-12-02 05:00:00,573,Erode,2.0,-5.954400000000001
2024-12-02 07:00:00,573,Erode,1.0,-5.954400000000001
2024-12-02 08:00:00,573,Erode,0.5,-5.954400000000001
2024-12-02 09:00:00,573,Erode,1.0,-5.954400000000001
2024-12-02 12:00:00,573,Erode,1.0,-5.725
2024-12-02 23:00:00,573,Erode,1.5,-5.668
2024-12-03 01:00:00,573,Erode,1.5,-5.668
2024-12-03 02:00:00,573,Erode,0.5,-5.668
2024-12-03 03:00:00,573,Erode,1.0,-5.668
2024-12-03 04:00:00,573,Erode,3.0,-6.1035
2024-12-03 05:00:00,573,Erode,1.0,-6.1035
2024-12-03 10:00:00,573,Erode,1.0,-6.117
2024-12-03 11:00:00,573,Erode,0.5,-6.117
2024-12-04 00:00:00,573,Erode,1.0,-6.081
2024-12-04 04:00:00,573,Erode,3.0,-5.582800000000001
2024-12-04 05:00:00,573,Erode,0.5,-5.582800000000001
2024-12-04 06:00:00,573,Erode,0.5,-5.582800000000001
2024-12-04 11:00:00,573,Erode,0.5,-5.5938
2024-12-04 13:00:00,573,Erode,0.5,-5.5938
2024-12-04 18:00:00,573,Erode,0.5,-5.5466
2024-12-05 11:00:00,573,Erode,0.5,-5.5120000000000005
2024-12-07 20:00:00,573,Erode,1.5,-8.3895
2024-12-07 21:00:00,573,Erode,0.5,-8.3895
2024-12-09 00:00:00,573,Erode,1.0,-8.350833333333334
2024-12-09 19:00:00,573,Erode,2.0,-7.638666666666666
2024-12-09 23:00:00,573,Erode,0.5,-8.6075
2024-12-11 12:00:00,573,Erode,0.5,-8.573500000000001
2024-12-11 13:00:00,573,Erode,14.0,-8.573500000000001
2024-12-11 14:00:00,573,Erode,2.5,-8.573500000000001
2024-12-11 16:00:00,573,Erode,4.0,-8.704333333333333
2024-12-11 17:00:00,573,Erode,1.0,-8.704333333333333
2024-12-12 00:00:00,573,Erode,0.5,-5.6850000000000005
2024-12-12 02:00:00,573,Erode,1.0,-5.6850000000000005
2024-12-12 08:00:00,573,Erode,2.0,-8.768833333333333
2024-12-12 09:00:00,573,Erode,1.25,-8.768833333333333
2024-12-12 10:00:00,573,Erode,4.0,-8.654166666666667
2024-12-12 11:00:00,573,Erode,0.5,-8.654166666666667
2024-12-12 12:00:00,573,Erode,0.5,-8.654166666666667
2024-12-12 13:00:00,573,Erode,0.5,-8.654166666666667
2024-12-12 14:00:00,573,Erode,1.0,-8.654166666666667
2024-12-12 15:00:00,573,Erode,0.5,-8.654166666666667
2024-12-12 16:00:00,573,Erode,0.5,-8.640166666666667
2024-12-13 05:00:00,573,Erode,0.5,-8.414333333333333
2024-12-13 06:00:00,573,Erode,1.0,-8.414333333333333
2024-12-13 07:00:00,573,Erode,0.5,-8.414333333333333
2024-12-13 08:00:00,573,Erode,1.0,-8.414333333333333
2024-12-13 09:00:00,573,Erode,0.5,-8.414333333333333
2024-12-13 10:00:00,573,Erode,0.5,-8.546833333333334
2024-12-13 20:00:00,573,Erode,0.5,-8.507666666666667
2024-12-14 03:00:00,573,Erode,1.0,-8.302
2024-12-14 04:00:00,573,Erode,1.0,-5.602200000000001
2024-12-14 06:00:00,573,Erode,0.5,-5.602200000000001
2024-12-14 11:00:00,573,Erode,1.0,-8.253166666666667
2024-12-14 12:00:00,573,Erode,0.5,-8.253166666666667
2024-12-14 13:00:00,573,Erode,1.0,-8.253166666666667
2024-12-14 14:00:00,573,Erode,2.5,-8.253166666666667
2024-12-14 15:00:00,573,Erode,6.0,-8.253166666666667
2024-12-14 16:00:00,573,Erode,8.5,-8.450666666666667
2024-12-14 17:00:00,573,Erode,5.5,-8.450666666666667
2024-12-15 07:00:00,573,Erode,0.5,-8.059
2024-12-15 11:00:00,573,Erode,0.5,-8.0685
2024-12-16 11:00:00,573,Erode,1.0,-8.127
2024-12-16 23:00:00,573,Erode,1.0,-8.063
2024-12-17 01:00:00,573,Erode,1.0,-8.063
2024-12-17 08:00:00,573,Erode,0.5,-9.4956
2024-12-17 13:00:00,573,Erode,0.5,-9.8014
2024-12-17 18:00:00,573,Erode,1.0,-10.1828
2024-12-18 00:00:00,573,Erode,0.5,-10.4448
2024-12-18 10:00:00,573,Erode,0.5,-10.444
2024-12-18 11:00:00,573,Erode,0.5,-10.444
2024-12-18 18:00:00,573,Erode,0.5,-9.0415
2024-12-18 20:00:00,573,Erode,0.5,-9.0415
2024-12-19 13:00:00,573,Erode,0.5,-8.890333333333333
2024-12-19 17:00:00,573,Erode,1.0,-9.152
2024-12-19 18:00:00,573,Erode,0.5,-9.152
2024-12-19 21:00:00,573,Erode,0.5,-9.152
2024-12-19 22:00:00,573,Erode,1.5,-8.892166666666666
2024-12-20 02:00:00,573,Erode,1.0,-8.892166666666666
2024-12-20 03:00:00,573,Erode,0.5,-8.892166666666666
2024-12-20 05:00:00,573,Erode,0.5,-8.9028
2024-12-20 06:00:00,573,Erode,0.5,-8.9028
2024-12-20 07:00:00,573,Erode,0.5,-8.9028
2024-12-20 08:00:00,573,Erode,0.5,-8.9028
2024-12-20 17:00:00,573,Erode,0.5,-7.055833333333333
2024-12-20 19:00:00,573,Erode,1.0,-7.055833333333333
2024-12-20 20:00:00,573,Erode,9.5,-7.055833333333333
2024-12-21 09:00:00,573,Erode,3.5,-5.24375
2024-12-23 03:00:00,573,Erode,0.5,-8.631166666666667
2024-12-23 12:00:00,573,Erode,2.5,-9.8118
2024-12-24 11:00:00,573,Erode,0.5,-8.552
2024-12-24 15:00:00,573,Erode,1.5,-8.552
2024-12-26 20:00:00,573,Erode,1.0,-5.9724
2024-12-26 21:00:00,573,Erode,2.0,-5.9724
2024-12-27 00:00:00,573,Erode,0.5,-8.710666666666667
2024-12-27 01:00:00,573,Erode,13.5,-8.710666666666667
2024-12-27 02:00:00,573,Erode,13.5,-8.710666666666667
2024-12-27 03:00:00,573,Erode,0.5,-8.710666666666667
2024-12-27 20:00:00,573,Erode,0.5,-8.7615
2024-12-28 21:00:00,573,Erode,0.5,-5.8534
2025-01-15 14:30:00,573,Erode,0.5,-6.2512
2025-01-15 15:00:00,573,Erode,1.0,-6.2512
2025-01-16 09:30:00,573,Erode,1.0,-6.256600000000001
2025-01-16 10:00:00,573,Erode,53.5,-6.256600000000001
2025-01-16 10:30:00,573,Erode,13.0,-6.256600000000001
2025-01-16 11:00:00,573,Erode,14.5,-6.256600000000001
2025-01-16 11:30:00,573,Erode,2.0,-6.256600000000001
2025-01-16 12:00:00,573,Erode,24.5,-6.256600000000001
2025-01-16 12:30:00,573,Erode,14.0,-6.256600000000001
2025-01-16 13:00:00,573,Erode,58.5,-6.256600000000001
2025-01-16 15:00:00,573,Erode,1.5,-6.256600000000001
2025-01-16 15:30:00,573,Erode,23.0,-6.2586
2025-01-16 16:00:00,573,Erode,103.0,-6.2586
2025-01-16 16:30:00,573,Erode,80.5,-6.2586
2025-01-16 17:00:00,573,Erode,80.5,-6.2586
2025-01-17 10:00:00,573,Erode,0.5,-5.72475
2025-01-17 10:30:00,573,Erode,2.0,-5.72475
2025-01-17 11:00:00,573,Erode,9.0,-5.72475
2025-01-17 11:30:00,573,Erode,2.0,-5.72475
2025-01-17 12:00:00,573,Erode,5.5,-5.72475
2025-01-17 13:00:00,573,Erode,1.0,-5.72475
2025-01-17 13:30:00,573,Erode,0.5,-5.72475
2025-01-17 14:00:00,573,Erode,0.5,-5.72475
2025-01-18 13:30:00,573,Erode,0.5,-6.3272
2025-01-18 14:00:00,573,Erode,0.5,-6.3272
2025-01-18 14:30:00,573,Erode,3.0,-6.3272
2025-01-18 15:00:00,573,Erode,8.0,-6.3272
2025-01-19 12:00:00,573,Erode,2.5,-6.3298000000000005
2025-01-19 12:30:00,573,Erode,13.5,-6.3298000000000005
2025-01-19 13:00:00,573,Erode,35.5,-6.3298000000000005
2025-01-19 13:30:00,573,Erode,47.5,-6.3298000000000005
2025-01-19 14:00:00,573,Erode,87.0,-6.3298000000000005
2025-01-19 16:00:00,573,Erode,2.5,-6.3282
2025-01-19 17:00:00,573,Erode,1.0,-6.3282
2025-01-19 19:30:00,573,Erode,9.0,-6.3282
2025-01-19 20:00:00,573,Erode,11.0,-6.3282
2025-01-19 20:30:00,573,Erode,0.5,-6.3282
2025-01-19 21:00:00,573,Erode,1.0,-6.3282
2025-01-19 22:00:00,573,Erode,1.5,-6.311400000000001
2025-01-19 22:30:00,573,Erode,0.5,-6.311400000000001
2025-01-19 23:00:00,573,Erode,0.5,-6.311400000000001
2025-01-21 09:00:00,573,Erode,0.5,-6.2414000000000005
2025-01-27 08:00:00,573,Erode,0.5,-6.376
2025-01-27 21:30:00,573,Erode,0.5,-6.3974
2025-01-27 22:00:00,573,Erode,0.5,-6.3974
2025-01-27 23:30:00,573,Erode,0.5,-6.3974
2025-01-28 00:00:00,573,Erode,0.5,-6.3974
2025-01-28 22:30:00,573,Erode,0.5,-6.421200000000001
2025-01-28 23:00:00,573,Erode,0.5,-6.421200000000001
2025-01-31 00:00:00,573,Erode,1.5,-6.462000000000001
2025-01-31 16:30:00,573,Erode,0.5,-6.5086
2025-01-31 17:00:00,573,Erode,0.5,-6.5086
2025-01-31 19:00:00,573,Erode,1.0,-6.5086
2025-02-01 16:30:00,573,Erode,0.5,-6.4988
2025-02-01 17:00:00,573,Erode,0.5,-6.4988
2025-02-02 15:30:00,573,Erode,1.5,-6.498399999999999
2025-02-02 16:00:00,573,Erode,1.5,-6.498399999999999
2025-02-03 09:00:00,573,Erode,2.5,-6.501600000000001
2025-02-03 18:30:00,573,Erode,1.0,-6.527800000000001
2025-02-03 19:00:00,573,Erode,1.0,-6.527800000000001
2025-02-07 05:00:00,573,Erode,0.5,-7.3755
2025-02-09 23:00:00,573,Erode,1.0,-7.48625
2025-02-10 06:30:00,573,Erode,0.5,-7.46625
2025-02-10 07:00:00,573,Erode,0.5,-7.46625
2025-02-11 03:55:00,573,Erode,4.0,-7.52575
2025-02-11 04:00:00,573,Erode,4.0,-7.52575
2025-02-11 12:30:00,573,Erode,0.5,-7.505
2025-02-11 22:00:00,573,Erode,0.5,-7.52225
2025-02-11 22:30:00,573,Erode,0.5,-7.52225
2025-02-11 23:00:00,573,Erode,0.5,-7.52225
2025-02-12 02:00:00,573,Erode,0.5,-7.52225
2025-02-12 08:00:00,573,Erode,0.5,-7.50825
2025-02-12 15:00:00,573,Erode,0.5,-7.49125
2025-02-13 04:30:00,573,Erode,0.5,-7.511
2025-02-13 05:00:00,573,Erode,0.5,-7.511
2025-02-13 05:30:00,573,Erode,0.5,-7.511
2025-02-13 06:00:00,573,Erode,0.5,-7.511
2025-02-13 12:00:00,573,Erode,1.5,-7.5145
2025-02-14 02:00:00,573,Erode,0.5,-7.552
2025-02-14 06:30:00,573,Erode,0.5,-7.544
2025-02-14 07:00:00,573,Erode,1.0,-7.544
2025-02-16 09:30:00,573,Erode,0.5,-7.655749999999999
2025-02-16 10:00:00,573,Erode,0.5,-7.655749999999999
2025-02-16 13:30:00,573,Erode,0.5,-7.655749999999999
2025-02-16 14:00:00,573,Erode,0.5,-7.655749999999999
2025-02-16 15:00:00,573,Erode,0.5,-7.655749999999999
2025-02-17 10:00:00,573,Erode,0.5,-6.8024
2025-02-17 10:30:00,573,Erode,0.5,-6.8024
2025-02-17 11:00:00,573,Erode,1.5,-6.8024
2025-02-17 12:30:00,573,Erode,0.5,-6.8024
2025-02-17 13:00:00,573,Erode,0.5,-6.8024
2025-02-17 22:00:00,573,Erode,0.5,-6.617400000000001
2025-02-18 10:00:00,573,Erode,0.5,-6.586
2025-02-18 13:30:00,573,Erode,1.0,-6.586
2025-02-18 14:00:00,573,Erode,1.0,-6.586
2025-02-18 14:30:00,573,Erode,2.0,-6.586
2025-02-18 15:00:00,573,Erode,2.0,-6.586
2025-02-19 09:00:00,573,Erode,0.5,-6.5842
2025-02-20 10:30:00,573,Erode,0.5,-6.621599999999999
2025-02-20 11:00:00,573,Erode,0.5,-6.621599999999999
2025-02-20 12:30:00,573,Erode,0.5,-6.621599999999999
2025-02-20 13:00:00,573,Erode,1.0,-6.621599999999999
2025-02-20 13:30:00,573,Erode,0.5,-6.621599999999999
2025-02-20 14:00:00,573,Erode,0.5,-6.621599999999999
2025-02-21 11:30:00,573,Erode,0.5,-6.633
2025-02-21 12:00:00,573,Erode,1.0,-6.633
2025-02-22 08:30:00,573,Erode,0.5,-6.6694
2025-02-22 09:00:00,573,Erode,0.5,-6.6694
2025-02-22 14:00:00,573,Erode,21.0,-6.6744
2025-02-22 14:30:00,573,Erode,3.5,-6.6744
2025-02-22 15:00:00,573,Erode,3.5,-6.6744
2025-02-22 22:00:00,573,Erode,0.5,-6.691199999999999
2025-02-23 01:00:00,573,Erode,1.5,-6.691199999999999
2025-02-23 03:30:00,573,Erode,0.5,-6.667
2025-02-23 04:00:00,573,Erode,0.5,-6.667
2025-02-23 06:00:00,573,Erode,63.0,-6.667
2025-02-23 06:30:00,573,Erode,2.5,-6.667
2025-02-23 07:00:00,573,Erode,63.0,-6.667
2025-02-23 07:30:00,573,Erode,2.5,-6.667
2025-02-23 08:00:00,573,Erode,4.0,-6.667
2025-02-23 08:30:00,573,Erode,0.5,-6.667
2025-02-23 09:00:00,573,Erode,0.5,-6.667
2025-02-24 06:30:00,573,Erode,0.5,-6.691
2025-02-24 07:00:00,573,Erode,0.5,-6.691
2025-02-28 10:00:00,573,Erode,0.5,-7.997999999999999
2025-03-01 09:00:00,573,Erode,0.5,-8.00375
2025-03-01 09:30:00,573,Erode,0.5,-8.0215
2025-03-01 10:00:00,573,Erode,1.5,-8.0215
2025-03-01 11:00:00,573,Erode,0.5,-8.0215
2025-03-01 11:30:00,573,Erode,1.0,-8.0215
2025-03-01 12:00:00,573,Erode,1.5,-8.0215
2025-03-01 13:30:00,573,Erode,0.5,-8.0215
2025-03-01 14:00:00,573,Erode,0.5,-8.0215
2025-03-02 09:00:00,573,Erode,0.5,-7.989000000000001
2025-03-02 10:00:00,573,Erode,1.5,-8.0115
2025-03-02 13:30:00,573,Erode,0.5,-8.0115
2025-03-02 14:00:00,573,Erode,0.5,-8.0115
2025-03-02 14:30:00,573,Erode,0.5,-8.0115
2025-03-02 15:00:00,573,Erode,0.5,-8.0115
2025-03-03 10:00:00,573,Erode,0.5,-8.06775
2025-03-03 10:30:00,573,Erode,1.0,-8.06775
2025-03-03 11:00:00,573,Erode,1.5,-8.06775
2025-03-03 12:30:00,573,Erode,0.5,-8.06775
2025-03-03 13:00:00,573,Erode,0.5,-8.06775
2025-03-03 13:30:00,573,Erode,0.5,-8.06775
2025-03-03 14:00:00,573,Erode,1.5,-8.06775
2025-03-04 09:30:00,573,Erode,0.5,-8.0725
2025-03-04 10:00:00,573,Erode,0.5,-8.0725
2025-03-04 10:30:00,573,Erode,1.0,-8.0725
2025-03-04 11:00:00,573,Erode,1.5,-8.0725
2025-03-04 11:30:00,573,Erode,1.0,-8.0725
2025-03-04 12:00:00,573,Erode,1.5,-8.0725
2025-03-04 13:00:00,573,Erode,0.5,-8.0725
2025-03-04 13:30:00,573,Erode,0.5,-8.0725
2025-03-04 14:00:00,573,Erode,0.5,-8.0725
2025-03-05 12:00:00,573,Erode,0.5,-8.20075
2025-03-11 15:00:00,573,Erode,0.5,-10.344666666666669
2025-03-11 17:00:00,573,Erode,1.0,-10.344333333333331
2025-03-11 17:30:00,573,Erode,0.5,-10.344333333333331
2025-03-11 18:00:00,573,Erode,0.5,-10.344333333333331
2025-03-11 19:00:00,573,Erode,1.5,-10.344333333333331
2025-03-11 21:00:00,573,Erode,4.0,-10.344333333333331
2025-03-11 22:00:00,573,Erode,1.0,-10.368666666666668
2025-03-12 00:00:00,573,Erode,3.0,-10.368666666666668
2025-03-12 05:00:00,573,Erode,0.5,-10.340333333333332
2025-03-12 12:00:00,573,Erode,0.5,-10.31
2025-03-12 17:00:00,573,Erode,2.5,-10.280333333333331
2025-03-12 18:00:00,573,Erode,4.5,-10.280333333333331
2025-03-12 19:00:00,573,Erode,1.5,-10.280333333333331
2025-03-13 13:30:00,573,Erode,0.5,-7.85975
2025-03-13 14:00:00,573,Erode,1.0,-7.85975
2025-03-13 15:30:00,573,Erode,0.5,-7.824
2025-03-13 16:00:00,573,Erode,0.5,-7.824
2025-03-13 22:30:00,573,Erode,0.5,-7.785
2025-03-13 23:00:00,573,Erode,0.5,-7.785
2025-03-14 13:30:00,573,Erode,0.5,-7.955999999999999
2025-03-14 14:00:00,573,Erode,0.5,-7.955999999999999
2025-03-15 08:30:00,573,Erode,0.5,-7.603
2025-03-15 09:00:00,573,Erode,0.5,-7.603
2025-03-16 13:00:00,573,Erode,0.5,-7.45575
2025-03-17 16:00:00,573,Erode,7.0,-7.502
2025-03-17 17:05:00,573,Erode,2.0,-7.502
2025-03-17 18:00:00,573,Erode,2.0,-7.502
2025-03-18 07:30:00,573,Erode,0.5,-7.576
2025-03-18 08:00:00,573,Erode,0.5,-7.576
2025-04-03 11:30:00,573,Erode,0.5,-11.0326
2025-04-03 12:00:00,573,Erode,0.5,-11.0326
2025-04-03 22:30:00,573,Erode,1.5,-10.9914
2025-04-03 23:00:00,573,Erode,1.5,-10.9914
2025-04-04 01:30:00,573,Erode,0.5,-10.9914
2025-04-04 02:00:00,573,Erode,0.5,-10.9914
2025-04-04 23:00:00,573,Erode,0.5,-10.2865
2025-04-04 23:30:00,573,Erode,0.5,-10.2865
2025-04-05 00:00:00,573,Erode,1.0,-10.2865
2025-04-05 00:30:00,573,Erode,0.5,-10.2865
2025-04-05 01:00:00,573,Erode,0.5,-10.2865
2025-04-05 02:00:00,573,Erode,13.25,-10.2865
2025-04-05 03:00:00,573,Erode,10.5,-10.2865
2025-04-05 09:30:00,573,Erode,0.5,-9.766666666666667
2025-04-05 10:00:00,573,Erode,0.5,-9.766666666666667
2025-04-05 17:00:00,573,Erode,0.5,-9.806833333333334
2025-04-06 21:00:00,573,Erode,2.0,-9.693166666666666
2025-04-06 22:00:00,573,Erode,0.5,-8.514999999999999
2025-04-09 13:00:00,573,Erode,0.5,-7.23
2025-04-09 13:30:00,573,Erode,0.5,-7.23
2025-04-09 14:00:00,573,Erode,0.5,-7.23
2025-04-09 16:00:00,573,Erode,0.5,-7.015000000000001
2025-04-12 06:30:00,573,Erode,0.5,-8.372714285714286
2025-04-12 07:00:00,573,Erode,0.5,-8.372714285714286
2025-04-12 08:00:00,573,Erode,1.0,-8.372714285714286
2025-04-12 09:30:00,573,Erode,1.5,-8.522571428571428
2025-04-12 10:00:00,573,Erode,3.5,-8.522571428571428
2025-04-12 10:30:00,573,Erode,2.0,-8.522571428571428
2025-04-12 11:00:00,573,Erode,4.5,-8.522571428571428
2025-04-12 11:30:00,573,Erode,3.5,-8.522571428571428
2025-04-12 12:00:00,573,Erode,5.0,-8.522571428571428
2025-04-12 13:00:00,573,Erode,1.0,-8.522571428571428
2025-04-14 23:00:00,573,Erode,1.0,-8.342571428571429
2025-04-15 00:00:00,573,Erode,4.0,-8.342571428571429
2025-04-15 01:00:00,573,Erode,2.0,-8.342571428571429
2025-04-15 02:00:00,573,Erode,0.5,-8.342571428571429
2025-04-15 03:00:00,573,Erode,0.5,-8.342571428571429
2025-04-16 00:30:00,573,Erode,2.5,-5.7575
2025-04-16 01:00:00,573,Erode,2.5,-5.7575
2025-04-16 07:00:00,573,Erode,0.5,-5.753166666666666
2025-04-18 22:30:00,573,Erode,0.5,-9.006
2025-04-18 23:00:00,573,Erode,0.5,-9.006
2025-04-19 04:30:00,573,Erode,0.5,-8.987
2025-04-19 05:00:00,573,Erode,0.5,-8.987
2025-04-19 06:00:00,573,Erode,0.5,-8.987
2025-04-19 18:00:00,573,Erode,0.5,-9.8
2025-04-19 20:00:00,573,Erode,0.5,-9.8
2025-04-20 16:30:00,573,Erode,2.0,-11.122
2025-04-20 17:00:00,573,Erode,3.5,-11.122
2025-04-20 17:30:00,573,Erode,1.0,-11.122
2025-04-20 18:00:00,573,Erode,1.0,-11.122
2025-04-20 23:00:00,573,Erode,0.5,-11.3594
2025-04-21 00:00:00,573,Erode,0.5,-11.3594
2025-04-21 04:00:00,573,Erode,0.5,-11.404
2025-04-21 04:30:00,573,Erode,1.0,-11.404
2025-04-21 05:00:00,573,Erode,1.0,-11.404
2025-04-21 14:00:00,573,Erode,3.0,-11.4786
2025-04-21 18:30:00,573,Erode,0.5,-11.3008
2025-04-21 19:00:00,573,Erode,0.5,-11.3008
2025-04-21 22:30:00,573,Erode,1.0,-11.1154
2025-04-21 23:00:00,573,Erode,1.0,-11.1154
2025-04-22 07:00:00,573,Erode,2.5,-11.1532
2025-04-22 07:30:00,573,Erode,0.5,-11.1532
2025-04-22 08:00:00,573,Erode,0.5,-11.1532
2025-04-22 08:30:00,573,Erode,1.0,-11.1532
2025-04-22 09:00:00,573,Erode,1.0,-11.1532
2025-04-22 09:30:00,573,Erode,1.0,-11.393
2025-04-22 10:00:00,573,Erode,1.0,-11.393
2025-04-22 10:30:00,573,Erode,1.0,-11.393
2025-04-22 11:00:00,573,Erode,2.5,-11.393
2025-04-22 11:30:00,573,Erode,1.5,-11.393
2025-04-22 12:00:00,573,Erode,4.0,-11.393
2025-04-22 12:30:00,573,Erode,1.5,-11.393
2025-04-22 13:00:00,573,Erode,3.0,-11.393
2025-04-22 13:30:00,573,Erode,0.5,-11.393
2025-04-22 14:00:00,573,Erode,1.5,-11.393
2025-04-22 15:00:00,573,Erode,1.5,-11.393
2025-04-22 15:30:00,573,Erode,3.0,-11.265
2025-04-22 16:00:00,573,Erode,4.0,-11.265
2025-04-23 09:00:00,573,Erode,0.5,-16.907666666666668
2025-04-23 09:30:00,573,Erode,0.5,-17.578666666666667
2025-04-23 10:00:00,573,Erode,1.5,-17.578666666666667
2025-04-23 11:00:00,573,Erode,1.0,-17.578666666666667
2025-04-23 11:30:00,573,Erode,2.0,-17.578666666666667
2025-04-23 12:00:00,573,Erode,2.0,-17.578666666666667
2025-04-23 12:30:00,573,Erode,2.0,-17.578666666666667
2025-04-23 13:00:00,573,Erode,2.5,-17.578666666666667
2025-04-23 13:30:00,573,Erode,0.5,-17.578666666666667
2025-04-23 14:00:00,573,Erode,0.5,-17.578666666666667
2025-04-23 15:30:00,573,Erode,1.0,-18.013
2025-04-23 16:00:00,573,Erode,1.0,-18.013
2025-04-23 17:30:00,573,Erode,0.5,-18.013
2025-04-23 18:00:00,573,Erode,2.0,-18.013
2025-04-23 19:00:00,573,Erode,0.5,-18.013
2025-04-23 20:00:00,573,Erode,0.5,-18.013
2025-04-23 21:30:00,573,Erode,0.5,-18.650333333333336
2025-04-23 22:00:00,573,Erode,0.5,-18.650333333333336
2025-04-24 01:00:00,573,Erode,0.5,-18.650333333333336
2025-04-24 02:30:00,573,Erode,4.5,-18.650333333333336
2025-04-24 03:00:00,573,Erode,4.5,-18.650333333333336
2025-04-24 05:30:00,573,Erode,1.0,-15.06025
2025-04-24 06:00:00,573,Erode,1.0,-15.06025
2025-04-24 17:30:00,573,Erode,0.5,-14.4955
2025-04-24 18:00:00,573,Erode,0.5,-14.4955
2025-05-02 16:00:00,573,Erode,0.5,-17.200499999999998
2025-05-03 07:30:00,573,Erode,0.5,-16.33
2025-05-04 18:00:00,573,Erode,1.5,-16.91325
2025-05-06 16:00:00,573,Erode,4.5,-14.534
2025-05-07 11:25:00,573,Erode,2.5,-14.2494
2025-05-07 12:00:00,573,Erode,3.5,-14.2494
2025-05-07 13:00:00,573,Erode,2.0,-14.2494
2025-05-08 18:00:00,573,Erode,3.25,-14.0226
2025-05-08 19:00:00,573,Erode,1.5,-14.0226
2025-05-08 20:00:00,573,Erode,1.5,-14.0226
2025-05-08 21:00:00,573,Erode,1.0,-14.0226
2025-05-08 22:00:00,573,Erode,0.5,-14.0916
2025-05-08 23:00:00,573,Erode,0.5,-14.0916
2025-05-09 11:00:00,573,Erode,1.0,-13.786600000000002
2025-05-09 12:00:00,573,Erode,1.5,-13.786600000000002
2025-05-09 14:00:00,573,Erode,1.0,-13.786600000000002
2025-05-09 15:00:00,573,Erode,1.5,-13.786600000000002
2025-05-09 16:00:00,573,Erode,2.5,-14.59275
2025-05-09 17:00:00,573,Erode,1.0,-14.59275
2025-05-09 19:00:00,573,Erode,0.5,-14.59275
2025-05-10 04:00:00,573,Erode,3.5,-12.859
2025-05-10 07:00:00,573,Erode,1.0,-12.859
2025-05-10 08:00:00,573,Erode,0.5,-12.859
2025-05-14 20:00:00,573,Erode,0.5,-14.8042
2025-05-14 21:00:00,573,Erode,0.5,-14.8042
2025-05-14 22:00:00,573,Erode,0.5,-14.6832
2025-05-14 23:00:00,573,Erode,0.5,-14.6832
2025-05-15 00:00:00,573,Erode,2.0,-14.6832
2025-05-15 11:00:00,573,Erode,0.5,-16.903
2025-05-15 12:00:00,573,Erode,0.5,-16.903
2025-05-15 15:00:00,573,Erode,1.5,-16.903
2025-05-15 17:00:00,573,Erode,0.5,-16.987333333333336
2025-05-15 18:00:00,573,Erode,0.5,-16.987333333333336
2025-05-16 10:00:00,573,Erode,0.5,-13.7212
2025-05-16 11:00:00,573,Erode,1.0,-13.7212
2025-05-17 16:00:00,573,Erode,4.0,-13.150200000000002
2025-05-17 20:00:00,573,Erode,0.5,-13.150200000000002
2025-05-17 21:00:00,573,Erode,2.0,-13.150200000000002
2025-05-17 22:00:00,573,Erode,1.0,-12.8252
2025-05-17 23:00:00,573,Erode,0.5,-12.8252
2025-05-18 01:00:00,573,Erode,0.5,-12.8252
2025-05-18 04:00:00,573,Erode,0.5,-12.6234
2025-05-18 17:00:00,573,Erode,0.5,-13.3664
2025-05-18 22:00:00,573,Erode,0.5,-14.014
2025-05-19 09:00:00,573,Erode,0.5,-13.8166
2025-05-19 11:00:00,573,Erode,1.0,-13.6604
2025-05-19 14:00:00,573,Erode,0.5,-13.6604
2025-05-19 15:00:00,573,Erode,0.5,-13.6604
2025-05-19 16:00:00,573,Erode,0.5,-14.412
2025-05-19 20:00:00,573,Erode,5.0,-14.412
2025-05-19 21:00:00,573,Erode,3.5,-14.412
2025-05-19 22:00:00,573,Erode,1.0,-14.7584
2025-05-20 10:00:00,573,Erode,0.5,-14.54275
2025-05-20 21:00:00,573,Erode,2.0,-14.2415
2025-05-20 22:00:00,573,Erode,144.5,-13.8655
2025-05-20 23:00:00,573,Erode,9.5,-13.8655
2025-05-21 00:00:00,573,Erode,0.5,-13.8655
2025-05-21 01:00:00,573,Erode,1.0,-13.8655
2025-05-21 02:00:00,573,Erode,0.5,-13.8655
2025-05-21 04:00:00,573,Erode,1.0,-13.5958
2025-05-21 05:00:00,573,Erode,1.0,-13.5958
2025-05-21 06:00:00,573,Erode,1.0,-13.5958
2025-05-21 07:00:00,573,Erode,1.0,-13.5958
2025-05-21 08:00:00,573,Erode,0.5,-13.5958
2025-05-21 10:00:00,573,Erode,0.5,-14.168
2025-05-21 16:00:00,573,Erode,0.5,-16.55725
2025-05-21 17:00:00,573,Erode,4.5,-16.55725
2025-05-22 01:00:00,573,Erode,0.5,-16.547
2025-05-22 11:00:00,573,Erode,0.5,-8.223666666666666
2025-05-22 15:00:00,573,Erode,1.5,-8.223666666666666
2025-05-22 17:00:00,573,Erode,0.5,-8.216
2025-05-23 01:00:00,573,Erode,0.5,-8.22
2025-05-23 07:00:00,573,Erode,5.5,-5.131333333333333
2025-05-23 09:00:00,573,Erode,0.5,-5.131333333333333
2025-05-23 10:00:00,573,Erode,7.0,-5.1066666666666665
2025-05-23 15:00:00,573,Erode,0.5,-5.1066666666666665
2025-05-23 16:00:00,573,Erode,1.0,-14.87375
2025-05-23 20:00:00,573,Erode,0.5,-14.87375
2025-05-24 02:00:00,573,Erode,0.5,-14.8635
2025-05-24 04:00:00,573,Erode,0.5,-3.675
2025-05-24 11:00:00,573,Erode,0.5,-3.643
2025-05-24 12:00:00,573,Erode,0.5,-3.643
2025-05-24 13:00:00,573,Erode,0.5,-3.643
2025-05-24 19:00:00,573,Erode,0.75,-17.164666666666665
2025-05-24 22:00:00,573,Erode,3.5,-14.792
2025-05-24 23:00:00,573,Erode,0.5,-14.792
2025-05-25 00:00:00,573,Erode,1.0,-14.792
2025-05-25 01:00:00,573,Erode,0.5,-14.792
2025-05-25 02:00:00,573,Erode,1.0,-14.792
2025-05-25 03:00:00,573,Erode,1.5,-14.792
2025-05-25 04:00:00,573,Erode,0.5,-14.7008
2025-05-25 05:00:00,573,Erode,0.5,-14.7008
2025-05-25 07:00:00,573,Erode,0.5,-14.7008
2025-05-25 10:00:00,573,Erode,0.5,-14.6784
2025-05-25 12:00:00,573,Erode,0.5,-14.6784
2025-05-25 19:00:00,573,Erode,0.5,-14.656
2025-05-25 20:00:00,573,Erode,1.0,-14.656
2025-05-25 22:00:00,573,Erode,0.5,-14.628199999999998
2025-05-25 23:00:00,573,Erode,1.0,-14.628199999999998
2025-05-26 00:00:00,573,Erode,1.0,-14.628199999999998
2025-05-26 05:00:00,573,Erode,0.5,-14.601400000000002
2025-05-26 13:00:00,573,Erode,1.0,-14.6036
2025-05-26 16:00:00,573,Erode,1.0,-14.453
2025-05-27 07:00:00,573,Erode,0.5,-7.11675
2025-05-28 16:00:00,573,Erode,0.5,-7.063750000000001
2025-05-30 02:00:00,573,Erode,2.0,-7.072
2025-05-30 03:00:00,573,Erode,1.5,-7.072
2025-05-30 04:00:00,573,Erode,0.5,-7.054
2025-05-30 13:00:00,573,Erode,0.5,-7.06425
2025-06-05 21:00:00,573,Erode,0.5,-9.304
2025-06-10 17:00:00,573,Erode,0.5,-8.03425
2025-06-10 19:00:00,573,Erode,0.5,-8.03425
2025-06-10 20:00:00,573,Erode,0.5,-8.03425
2025-06-10 21:00:00,573,Erode,0.5,-8.03425
2025-06-12 19:00:00,573,Erode,0.5,-15.262200000000002
2025-06-13 14:00:00,573,Erode,0.5,-18.44225
2025-06-13 17:00:00,573,Erode,0.5,-18.423
2025-06-14 16:00:00,573,Erode,0.5,-18.33675
2025-06-14 18:00:00,573,Erode,2.0,-18.33675
2025-06-15 20:00:00,573,Erode,0.5,-18.25025
2025-06-15 23:00:00,573,Erode,0.5,-18.2345
2025-06-16 17:00:00,573,Erode,1.0,-18.16875
2025-06-16 18:00:00,573,Erode,0.5,-18.16875
2025-06-17 09:00:00,573,Erode,2.5,-18.14325
2025-06-17 10:00:00,573,Erode,0.5,-18.13275
2025-06-17 14:00:00,573,Erode,0.5,-18.13275
2025-06-17 15:00:00,573,Erode,0.5,-18.13275
2025-06-17 19:00:00,573,Erode,0.5,-9.319
2025-06-17 20:00:00,573,Erode,1.5,-9.319
2025-06-17 21:00:00,573,Erode,0.5,-9.319
2025-06-18 05:00:00,573,Erode,20.5,-9.324333333333334
2025-06-18 06:00:00,573,Erode,8.0,-9.324333333333334
2025-06-18 07:00:00,573,Erode,8.0,-9.324333333333334
2025-06-22 18:00:00,573,Erode,5.0,-10.045
2025-06-23 02:00:00,573,Erode,0.5,-10.106
2025-06-23 06:00:00,573,Erode,0.5,-10.099
2025-06-23 11:00:00,573,Erode,0.5,-10.094
2025-06-23 13:00:00,573,Erode,0.5,-10.094
2025-06-23 14:00:00,573,Erode,3.0,-10.094
2025-06-23 15:00:00,573,Erode,1.0,-10.094
2025-06-25 14:00:00,573,Erode,0.5,-10.300333333333333
2025-06-26 17:00:00,573,Erode,0.5,-10.451333333333332
2025-06-27 08:00:00,573,Erode,0.5,-10.457333333333333
2025-06-27 10:00:00,573,Erode,0.5,-10.472
2025-06-27 11:00:00,573,Erode,8.0,-10.472
2025-06-27 15:00:00,573,Erode,1.0,-10.472
2025-07-10 18:00:00,573,Erode,1.0,-11.133
2025-07-11 08:00:00,573,Erode,1.5,-11.117666666666668
2025-07-11 09:00:00,573,Erode,27.0,-11.117666666666668
2025-07-11 10:00:00,573,Erode,46.5,-11.098
2025-07-11 15:00:00,573,Erode,0.5,-11.098
2025-07-11 21:00:00,573,Erode,3.0,-11.079333333333333
2025-07-12 00:00:00,573,Erode,0.5,-11.078333333333331
2025-07-12 09:00:00,573,Erode,1.0,-11.042000000000002
2025-07-13 19:00:00,573,Erode,2.5,-10.930666666666667
2025-07-13 20:00:00,573,Erode,6.0,-10.930666666666667
2025-07-13 21:00:00,573,Erode,6.5,-10.930666666666667
2025-07-13 22:00:00,573,Erode,14.5,-10.934666666666669
2025-07-13 23:00:00,573,Erode,3.0,-10.934666666666669
2025-07-14 00:00:00,573,Erode,8.5,-10.934666666666669
2025-07-16 16:00:00,573,Erode,2.5,-11.105333333333334
2025-07-16 17:00:00,573,Erode,4.0,-11.105333333333334
2025-07-16 18:00:00,573,Erode,1.0,-11.105333333333334
2025-07-20 10:00:00,573,Erode,0.5,-11.040333333333336
2025-07-20 13:00:00,573,Erode,2.0,-11.040333333333336
2025-07-20 15:00:00,573,Erode,4.0,-11.040333333333336
2025-07-20 17:00:00,573,Erode,2.0,-11.058666666666667
2025-07-20 19:00:00,573,Erode,0.5,-11.058666666666667
2025-07-21 08:00:00,573,Erode,1.0,-11.038666666666666
2025-07-21 09:00:00,573,Erode,1.5,-11.038666666666666
2025-07-21 10:00:00,573,Erode,3.0,-11.053
2025-07-21 11:00:00,573,Erode,17.0,-11.053
2025-07-21 12:00:00,573,Erode,25.5,-11.053
2025-07-21 13:00:00,573,Erode,1.5,-11.053
2025-07-21 14:00:00,573,Erode,2.5,-11.053
2025-07-21 15:00:00,573,Erode,2.0,-11.053
2025-07-21 16:00:00,573,Erode,0.5,-11.103
2025-07-21 17:00:00,573,Erode,1.5,-11.103
2025-07-21 18:00:00,573,Erode,3.5,-11.103
2025-07-22 02:00:00,573,Erode,0.5,-11.089333333333334
2025-07-22 08:00:00,573,Erode,5.0,-11.051
2025-07-22 09:00:00,573,Erode,1.25,-11.051
2025-07-22 10:00:00,573,Erode,0.5,-11.044
2025-07-22 14:00:00,573,Erode,0.5,-11.044
2025-07-22 15:00:00,573,Erode,6.0,-11.044
2025-07-22 16:00:00,573,Erode,1.5,-11.051333333333332
2025-07-22 17:00:00,573,Erode,1.0,-11.051333333333332
2025-07-27 02:00:00,573,Erode,1.0,-11.019
2025-07-27 03:00:00,573,Erode,2.5,-11.019
2025-07-27 05:00:00,573,Erode,0.5,-11.021666666666668
2025-07-27 06:00:00,573,Erode,3.5,-11.021666666666668
2025-07-27 09:00:00,573,Erode,3.0,-11.021666666666668
2025-07-27 10:00:00,573,Erode,0.5,-11.118666666666668
2025-08-01 17:00:00,573,Erode,2.0,-19.75575
2025-08-01 18:00:00,573,Erode,12.0,-19.75575
2025-08-03 18:00:00,573,Erode,5.0,-19.781
2025-08-03 20:00:00,573,Erode,0.5,-19.781
2025-08-04 00:00:00,573,Erode,0.5,-19.7765
2025-08-04 01:00:00,573,Erode,0.5,-19.7765
2025-08-05 01:00:00,573,Erode,34.0,-19.729
2025-08-05 02:00:00,573,Erode,4.5,-19.729
2025-08-05 03:00:00,573,Erode,3.5,-19.729
2025-08-05 04:00:00,573,Erode,0.5,-19.6795
2025-08-05 06:00:00,573,Erode,0.5,-19.6795
2025-08-05 15:00:00,573,Erode,25.5,-19.664
2025-08-05 16:00:00,573,Erode,2.5,-19.63625
2025-08-06 00:00:00,573,Erode,0.5,-19.58725
2025-08-09 10:00:00,573,Erode,0.5,-11.063
2025-08-09 14:00:00,573,Erode,0.5,-11.063
2025-08-09 15:00:00,573,Erode,0.5,-11.063
2025-08-09 16:00:00,573,Erode,3.5,-11.014666666666663
2025-08-09 17:00:00,573,Erode,0.5,-11.014666666666663
2025-08-09 19:00:00,573,Erode,0.5,-11.014666666666663
2025-08-10 03:00:00,573,Erode,0.5,-10.983333333333333
2025-08-10 10:00:00,573,Erode,0.5,-10.888666666666667
2025-08-10 16:00:00,573,Erode,0.5,-10.879
2025-08-11 04:00:00,573,Erode,0.5,-10.831666666666663
2025-08-11 18:00:00,573,Erode,0.5,-10.838
2025-08-12 01:00:00,573,Erode,0.5,-10.832
2025-08-12 04:00:00,573,Erode,0.5,-10.775999999999998
2025-08-13 02:00:00,573,Erode,0.5,-10.745333333333331
2025-08-14 02:00:00,573,Erode,0.5,-10.803333333333333
2025-08-14 09:00:00,573,Erode,0.5,-10.758333333333333
2025-08-15 10:00:00,573,Erode,0.5,-10.714333333333334
2025-08-15 22:00:00,573,Erode,0.5,-10.659
2025-08-17 19:00:00,573,Erode,0.5,-10.598
2025-08-17 23:00:00,573,Erode,1.5,-10.593666666666666
2025-08-18 11:00:00,573,Erode,0.5,-10.590000000000002
2025-08-18 12:00:00,573,Erode,1.5,-10.590000000000002
2025-08-18 19:00:00,573,Erode,32.0,-10.565
2025-08-18 20:00:00,573,Erode,8.5,-10.565
2025-08-21 19:00:00,573,Erode,0.5,-11.170666666666667
2025-08-22 18:00:00,573,Erode,0.5,-11.36
2025-08-23 00:00:00,573,Erode,0.5,-11.408
2025-08-23 01:00:00,573,Erode,0.5,-11.408
2025-08-23 04:00:00,573,Erode,0.5,-9.2975
2025-08-23 05:00:00,573,Erode,0.5,-9.2975
2025-08-23 06:00:00,573,Erode,0.5,-9.2975
2025-08-23 09:00:00,573,Erode,0.5,-9.2975
2025-08-23 11:00:00,573,Erode,0.5,-9.3175
2025-08-23 12:00:00,573,Erode,1.0,-9.3175
2025-08-23 14:00:00,573,Erode,0.5,-9.3175
2025-08-23 19:00:00,573,Erode,0.5,-9.343
2025-08-24 15:00:00,573,Erode,1.5,-9.3815
2025-08-25 00:00:00,573,Erode,1.0,-9.4695
2025-08-25 06:00:00,573,Erode,0.5,-11.499
2025-08-25 07:00:00,573,Erode,0.5,-11.499
2025-08-25 16:00:00,573,Erode,0.5,-11.82
2025-08-25 23:00:00,573,Erode,0.5,-11.82
2025-08-28 03:00:00,573,Erode,0.5,-19.84625
2025-08-28 10:00:00,573,Erode,0.5,-19.83775
2025-08-28 13:00:00,573,Erode,0.5,-19.83775
2025-08-28 15:00:00,573,Erode,1.5,-19.83775
2025-08-28 16:00:00,573,Erode,0.5,-19.8155
2025-08-28 17:00:00,573,Erode,1.5,-19.8155
2025-08-28 18:00:00,573,Erode,0.5,-19.8155
2025-08-28 23:00:00,573,Erode,0.5,-19.8155
2025-09-01 09:00:00,573,Erode,1.0,-11.865
2025-09-01 12:00:00,573,Erode,9.5,-11.91
2025-09-01 13:00:00,573,Erode,5.0,-11.91
2025-09-01 14:00:00,573,Erode,13.0,-11.91
2025-09-01 15:00:00,573,Erode,6.5,-11.91
2025-09-01 16:00:00,573,Erode,25.0,-11.937
2025-09-01 17:00:00,573,Erode,16.5,-11.937
2025-09-03 02:00:00,573,Erode,0.5,-11.931
2025-09-03 07:00:00,573,Erode,0.5,-11.907000000000002
2025-09-03 16:00:00,573,Erode,0.5,-11.913666666666666
2025-09-03 17:00:00,573,Erode,0.5,-11.913666666666666
2025-09-03 18:00:00,573,Erode,0.5,-11.913666666666666
2025-09-03 22:00:00,573,Erode,0.5,-11.887333333333332
2025-09-04 00:00:00,573,Erode,0.5,-11.887333333333332
2025-09-04 07:00:00,573,Erode,1.0,-11.850666666666667
2025-09-06 08:00:00,573,Erode,10.0,-11.889666666666663
2025-09-06 09:00:00,573,Erode,18.0,-11.889666666666663
2025-09-06 10:00:00,573,Erode,5.0,-11.901333333333334
2025-09-07 01:00:00,573,Erode,1.0,-11.827666666666667
2025-09-07 04:00:00,573,Erode,2.5,-11.788000000000002
2025-09-07 05:00:00,573,Erode,0.5,-11.788000000000002
2025-09-07 07:00:00,573,Erode,8.5,-11.788000000000002
2025-09-07 10:00:00,573,Erode,0.5,-11.781
2025-09-07 12:00:00,573,Erode,1.0,-11.781
2025-09-07 13:00:00,573,Erode,0.5,-11.781
2025-09-07 16:00:00,573,Erode,0.5,-11.794
2025-09-07 17:00:00,573,Erode,0.5,-11.794
2025-09-07 18:00:00,573,Erode,1.0,-11.794
2025-09-07 19:00:00,573,Erode,1.0,-11.794
2025-09-08 10:00:00,573,Erode,1.0,-19.8875
2025-09-08 11:00:00,573,Erode,0.5,-19.8875
2025-09-08 13:00:00,573,Erode,9.5,-19.8875
2025-09-08 14:00:00,573,Erode,4.5,-19.8875
2025-09-08 15:00:00,573,Erode,0.5,-19.8875
2025-09-08 16:00:00,573,Erode,3.5,-19.907
2025-09-08 18:00:00,573,Erode,0.5,-19.907
2025-09-08 20:00:00,573,Erode,17.5,-19.907
2025-09-08 21:00:00,573,Erode,3.0,-19.907
2025-09-08 22:00:00,573,Erode,1.0,-19.90875
2025-09-09 00:00:00,573,Erode,0.5,-19.90875
2025-09-09 01:00:00,573,Erode,9.5,-19.90875
2025-09-09 02:00:00,573,Erode,4.5,-19.90875
2025-09-09 03:00:00,573,Erode,0.5,-19.90875
2025-09-09 04:00:00,573,Erode,6.0,-19.89675
2025-09-09 05:00:00,573,Erode,7.5,-19.89675
2025-09-09 06:00:00,573,Erode,2.0,-19.89675
2025-09-09 07:00:00,573,Erode,8.0,-19.89675
2025-09-09 08:00:00,573,Erode,4.5,-19.89675
2025-09-09 09:00:00,573,Erode,2.5,-19.89675
2025-09-09 13:00:00,573,Erode,0.5,-19.9065
2025-09-09 14:00:00,573,Erode,4.0,-19.9065
2025-09-09 21:00:00,573,Erode,1.0,-19.89125
2025-09-10 04:00:00,573,Erode,13.5,-11.797000000000002
2025-09-10 12:00:00,573,Erode,0.5,-11.819333333333333
2025-09-10 21:00:00,573,Erode,1.5,-11.817333333333332
2025-09-17 21:00:00,573,Erode,0.5,-19.7815
2025-09-18 01:00:00,573,Erode,0.5,-19.78075
2025-09-23 09:00:00,573,Erode,0.5,-15.205000000000002
2025-09-24 13:35:00,573,Erode,2.0,-15.107500000000002
2025-09-24 14:00:00,573,Erode,2.5,-15.107500000000002
2025-09-24 15:00:00,573,Erode,4.0,-15.107500000000002
2025-09-24 17:55:00,573,Erode,1.0,-15.36325
2025-09-24 18:00:00,573,Erode,1.5,-15.36325
2025-09-25 15:00:00,573,Erode,4.0,-10.798666666666664
2025-09-26 07:00:00,573,Erode,0.5,-10.747666666666667
2025-09-26 09:00:00,573,Erode,1.5,-10.747666666666667
2025-09-26 10:00:00,573,Erode,1.5,-10.758666666666668
2025-09-26 11:00:00,573,Erode,1.0,-10.758666666666668
2025-09-26 12:00:00,573,Erode,0.5,-10.758666666666668
2025-09-26 14:00:00,573,Erode,0.5,-10.758666666666668
2025-09-26 15:00:00,573,Erode,2.0,-10.758666666666668
2025-09-26 21:00:00,573,Erode,1.0,-10.735666666666669
2025-09-26 22:00:00,573,Erode,4.0,-10.715333333333334
2025-09-27 00:00:00,573,Erode,2.0,-10.715333333333334
2025-09-27 02:00:00,573,Erode,4.5,-10.715333333333334
2025-09-27 05:00:00,573,Erode,1.0,-10.668333333333337
2025-09-27 06:00:00,573,Erode,0.5,-10.668333333333337
2025-09-27 08:00:00,573,Erode,1.0,-10.668333333333337
2025-09-27 09:00:00,573,Erode,3.5,-10.668333333333337
2025-09-27 10:00:00,573,Erode,2.5,-10.658666666666669
2025-09-27 11:00:00,573,Erode,2.5,-10.658666666666669
2025-09-27 12:00:00,573,Erode,4.5,-10.658666666666669
2025-09-27 14:00:00,573,Erode,0.5,-10.658666666666669
2025-09-27 15:00:00,573,Erode,1.5,-10.658666666666669
2025-09-28 02:00:00,573,Erode,0.5,-10.698
2025-09-28 03:00:00,573,Erode,2.0,-10.698
2025-09-28 04:00:00,573,Erode,1.5,-10.628666666666666
2025-09-28 05:00:00,573,Erode,3.5,-10.628666666666666
2025-09-28 06:00:00,573,Erode,0.5,-10.628666666666666
2025-09-28 07:00:00,573,Erode,1.0,-10.628666666666666
2025-09-28 08:00:00,573,Erode,1.0,-10.628666666666666
2025-09-28 09:00:00,573,Erode,2.0,-10.628666666666666
2025-09-28 13:00:00,573,Erode,1.0,-10.626333333333331
2025-09-28 14:00:00,573,Erode,1.5,-10.626333333333331
2025-09-28 22:00:00,573,Erode,2.5,-10.618666666666668
2025-09-29 00:00:00,573,Erode,1.0,-10.618666666666668
2025-09-29 03:00:00,573,Erode,0.5,-10.618666666666668
2025-09-29 05:00:00,573,Erode,1.5,-10.573
2025-09-29 06:00:00,573,Erode,1.5,-10.573
2025-09-29 08:00:00,573,Erode,1.5,-10.573
2025-09-29 09:00:00,573,Erode,0.5,-10.573
2025-09-29 16:00:00,573,Erode,2.0,-10.594666666666669
2025-09-29 18:00:00,573,Erode,0.5,-10.594666666666669
2025-09-29 20:00:00,573,Erode,0.5,-10.594666666666669
2025-09-29 22:00:00,573,Erode,0.5,-10.626
2025-09-29 23:00:00,573,Erode,1.0,-10.626
2025-09-30 02:00:00,573,Erode,4.0,-10.626
2025-09-30 06:00:00,573,Erode,1.0,-10.606
2025-09-30 09:00:00,573,Erode,0.5,-10.606
2025-09-30 10:00:00,573,Erode,0.5,-10.623
2025-09-30 11:00:00,573,Erode,1.5,-10.623
2025-09-30 12:00:00,573,Erode,0.5,-10.623
2025-09-30 13:00:00,573,Erode,0.5,-10.623
2025-09-30 14:00:00,573,Erode,0.5,-10.623
2025-09-30 15:00:00,573,Erode,0.5,-10.623
2025-09-30 20:00:00,573,Erode,0.5,-15.19375
2025-10-01 07:00:00,573,Erode,0.5,-14.697
2025-10-01 13:00:00,573,Erode,0.5,-15.089
2025-10-01 17:00:00,573,Erode,2.5,-15.06825
2025-10-02 00:00:00,573,Erode,0.5,-15.01775
2025-10-02 04:00:00,573,Erode,0.75,-14.97425
2025-10-02 06:00:00,573,Erode,1.5,-14.97425
2025-10-02 08:00:00,573,Erode,0.5,-14.97425
2025-10-02 10:00:00,573,Erode,2.0,-15.24825
2025-10-02 11:00:00,573,Erode,0.5,-15.24825
2025-10-02 14:00:00,573,Erode,1.0,-15.24825
2025-10-02 17:00:00,573,Erode,3.5,-11.051333333333332
2025-10-02 18:00:00,573,Erode,11.5,-11.051333333333332
2025-10-03 17:00:00,573,Erode,8.0,-11.15933333333333
2025-10-03 18:00:00,573,Erode,1.0,-11.15933333333333
2025-10-03 19:00:00,573,Erode,1.5,-11.15933333333333
2025-10-03 21:00:00,573,Erode,0.5,-11.15933333333333
2025-10-03 22:00:00,573,Erode,0.5,-15.115
2025-10-03 23:00:00,573,Erode,0.5,-15.115
2025-10-04 00:00:00,573,Erode,0.5,-15.115
2025-10-04 01:00:00,573,Erode,0.5,-15.115
2025-10-04 04:00:00,573,Erode,0.5,-14.875
2025-10-04 07:00:00,573,Erode,0.5,-14.875
2025-10-04 21:00:00,573,Erode,2.5,-14.8585
2025-10-04 22:00:00,573,Erode,7.5,-14.68075
2025-10-05 01:00:00,573,Erode,0.5,-14.68075
2025-10-05 15:00:00,573,Erode,9.5,-14.6575
2025-10-05 16:00:00,573,Erode,1.5,-14.56275
2025-10-05 18:00:00,573,Erode,1.0,-14.56275
2025-10-05 20:00:00,573,Erode,0.5,-14.56275
2025-10-13 11:00:00,573,Erode,11.5,-10.326
2025-10-13 12:00:00,573,Erode,23.5,-10.326
2025-10-16 00:00:00,573,Erode,1.0,-16.247500000000002
2025-10-16 01:00:00,573,Erode,0.5,-16.247500000000002
2025-10-17 20:00:00,573,Erode,0.5,-16.247500000000002
2025-10-17 21:00:00,573,Erode,1.0,-16.247500000000002
2025-10-17 22:00:00,573,Erode,3.5,-16.247500000000002
2025-10-17 23:00:00,573,Erode,13.5,-16.247500000000002
2025-10-18 00:00:00,573,Erode,7.5,-16.247500000000002
2025-10-18 01:00:00,573,Erode,1.0,-16.247500000000002
2025-10-18 02:00:00,573,Erode,0.5,-16.247500000000002
2025-10-19 02:00:00,573,Erode,5.0,-16.247500000000002
2025-10-19 03:00:00,573,Erode,31.5,-16.247500000000002
2025-10-19 04:00:00,573,Erode,37.0,-16.247500000000002
2025-10-19 06:00:00,573,Erode,7.0,-16.247500000000002
2025-10-19 07:00:00,573,Erode,5.5,-16.247500000000002
2025-10-19 08:00:00,573,Erode,3.5,-16.247500000000002
2025-10-19 09:00:00,573,Erode,0.5,-16.247500000000002
2025-10-20 00:00:00,573,Erode,0.5,-16.247500000000002
2025-10-20 03:00:00,573,Erode,2.0,-16.247500000000002
2025-10-20 04:00:00,573,Erode,2.0,-16.247500000000002
2025-10-20 05:00:00,573,Erode,4.0,-16.247500000000002
2025-10-20 06:00:00,573,Erode,0.5,-16.247500000000002
2025-10-21 00:00:00,573,Erode,1.5,-16.247500000000002
2025-10-21 03:00:00,573,Erode,0.5,-16.247500000000002
2025-10-21 14:00:00,573,Erode,0.5,-16.247500000000002
2025-10-22 06:00:00,573,Erode,2.5,-16.247500000000002
2025-10-22 07:00:00,573,Erode,8.0,-16.247500000000002
2025-10-22 08:00:00,573,Erode,0.5,-16.247500000000002
2025-10-22 09:00:00,573,Erode,0.5,-16.247500000000002
2025-10-22 13:00:00,573,Erode,1.5,-16.247500000000002
2025-10-22 18:00:00,573,Erode,0.5,-16.247500000000002
2025-10-23 00:00:00,573,Erode,0.5,-16.247500000000002
2025-11-01 04:00:00,573,Erode,0.5,-5.988
2025-11-05 20:00:00,573,Erode,1.0,-6.384
2025-11-06 12:00:00,573,Erode,0.5,-6.178
2025-11-06 14:00:00,573,Erode,23.5,-6.178
2025-11-06 15:00:00,573,Erode,51.5,-6.178
2025-11-06 16:00:00,573,Erode,170.5,-6.139
2025-11-06 17:00:00,573,Erode,237.5,-6.139
2025-11-06 18:00:00,573,Erode,113.5,-6.139
2025-11-06 19:00:00,573,Erode,84.5,-6.139
2025-11-06 20:00:00,573,Erode,8.0,-6.139
2025-11-06 21:00:00,573,Erode,65.5,-6.139
2025-11-06 22:00:00,573,Erode,14.0,-6.092
2025-11-07 11:00:00,573,Erode,4.5,-5.943
2025-11-07 12:00:00,573,Erode,4.0,-5.943
2025-11-07 13:00:00,573,Erode,2.5,-5.943
2025-11-07 14:00:00,573,Erode,15.0,-5.943
2025-11-07 15:00:00,573,Erode,11.5,-5.943
2025-11-07 16:00:00,573,Erode,12.0,-5.91
2025-11-07 17:00:00,573,Erode,12.0,-5.91
2025-11-07 18:00:00,573,Erode,2.5,-5.91
2025-11-07 19:00:00,573,Erode,0.5,-5.91
2025-11-07 20:00:00,573,Erode,1.0,-5.91
2025-11-07 21:00:00,573,Erode,1.5,-5.91
2025-11-07 22:00:00,573,Erode,2.5,-5.893
2025-11-07 23:00:00,573,Erode,4.0,-5.893
2025-11-08 02:00:00,573,Erode,2.0,-5.893
2025-11-08 10:00:00,573,Erode,3.5,-5.85
2025-11-08 11:00:00,573,Erode,80.0,-5.85
2025-11-08 12:00:00,573,Erode,6.0,-5.85
2025-11-08 13:00:00,573,Erode,10.5,-5.85
2025-11-08 14:00:00,573,Erode,16.5,-5.85
2025-11-08 15:00:00,573,Erode,24.0,-5.85
2025-11-08 19:00:00,573,Erode,4.5,-5.814
2025-11-08 20:00:00,573,Erode,0.5,-5.814
2025-11-08 21:00:00,573,Erode,0.5,-5.814
2025-11-09 01:00:00,573,Erode,0.5,-5.82
2025-11-09 02:00:00,573,Erode,1.5,-5.82
2025-11-09 04:00:00,573,Erode,1.5,-5.766
2025-11-10 09:00:00,573,Erode,0.5,-5.675
2025-11-10 10:00:00,573,Erode,0.5,-5.683
2025-11-10 11:00:00,573,Erode,19.5,-5.683
2025-11-10 12:00:00,573,Erode,8.0,-5.683
2025-11-10 13:00:00,573,Erode,6.0,-5.683
2025-11-10 14:00:00,573,Erode,95.0,-5.683
2025-11-10 15:00:00,573,Erode,48.0,-5.683
2025-11-10 16:00:00,573,Erode,13.0,-5.69
2025-11-10 20:00:00,573,Erode,3.0,-5.69
2025-11-10 21:00:00,573,Erode,0.5,-5.69
2025-11-10 22:00:00,573,Erode,0.5,-5.729
2025-11-11 09:00:00,573,Erode,0.5,-5.708
2025-11-11 11:00:00,573,Erode,11.0,-5.732
2025-11-11 12:00:00,573,Erode,8.0,-5.732
2025-11-11 13:00:00,573,Erode,12.5,-5.732
2025-11-11 14:00:00,573,Erode,20.0,-5.732
2025-11-11 15:00:00,573,Erode,5.5,-5.732
2025-11-11 16:00:00,573,Erode,2.0,-5.816
2025-11-11 17:00:00,573,Erode,0.5,-5.816
2025-11-11 18:00:00,573,Erode,0.5,-5.816
2025-11-11 19:00:00,573,Erode,1.0,-5.816
2025-11-11 21:00:00,573,Erode,1.0,-5.816
2025-11-11 23:00:00,573,Erode,0.5,-5.863
2025-11-12 02:00:00,573,Erode,1.0,-5.863
2025-11-12 03:00:00,573,Erode,1.5,-5.863
2025-11-12 04:00:00,573,Erode,4.0,-5.817
2025-11-12 05:00:00,573,Erode,2.0,-5.817
2025-11-12 08:00:00,573,Erode,5.0,-5.817
2025-11-12 10:00:00,573,Erode,1.5,-5.863
2025-11-12 11:00:00,573,Erode,0.5,-5.863
2025-11-12 13:00:00,573,Erode,2.0,-5.863
2025-11-12 14:00:00,573,Erode,6.5,-5.863
2025-11-12 19:00:00,573,Erode,0.5,-5.825
2025-11-12 20:00:00,573,Erode,6.0,-5.825
2025-11-12 21:00:00,573,Erode,1.0,-5.825
2025-11-13 09:00:00,573,Erode,3.0,-5.845
2025-11-13 10:00:00,573,Erode,1.0,-5.949
2025-11-13 11:00:00,573,Erode,31.0,-5.949
2025-11-13 12:00:00,573,Erode,65.0,-5.949
2025-11-13 13:00:00,573,Erode,19.0,-5.949
2025-11-13 14:00:00,573,Erode,2.5,-5.949
2025-11-14 00:00:00,573,Erode,0.5,-6.389
2025-11-14 01:00:00,573,Erode,4.5,-6.389
2025-11-14 02:00:00,573,Erode,0.5,-6.389
2025-11-14 03:00:00,573,Erode,0.5,-6.389
2025-11-14 04:00:00,573,Erode,0.5,-6.293
2025-11-14 05:00:00,573,Erode,1.0,-6.293
2025-11-14 06:00:00,573,Erode,0.5,-6.293
2025-11-14 07:00:00,573,Erode,1.0,-6.293
2025-11-14 08:00:00,573,Erode,7.0,-6.293
2025-11-14 09:00:00,573,Erode,54.0,-6.293
2025-11-14 10:00:00,573,Erode,7.0,-6.29
2025-11-14 23:00:00,573,Erode,7.5,-6.493
2025-11-15 06:00:00,573,Erode,2.0,-6.459
2025-11-15 07:00:00,573,Erode,1.0,-6.459
2025-11-15 08:00:00,573,Erode,2.0,-6.459
2025-11-15 09:00:00,573,Erode,4.5,-6.459
2025-11-15 10:00:00,573,Erode,5.5,-6.575
2025-11-15 11:00:00,573,Erode,8.5,-6.575
2025-11-15 12:00:00,573,Erode,17.0,-6.575
2025-11-15 13:00:00,573,Erode,33.5,-6.575
2025-11-15 14:00:00,573,Erode,11.5,-6.575
2025-11-16 01:00:00,573,Erode,3.5,-6.818
2025-11-16 02:00:00,573,Erode,1.0,-6.818
2025-11-16 03:00:00,573,Erode,1.0,-6.818
2025-11-16 12:00:00,573,Erode,0.5,-6.653
2025-11-16 13:00:00,573,Erode,1.0,-6.653
2025-11-16 14:00:00,573,Erode,11.5,-6.653
2025-11-16 16:00:00,573,Erode,4.5,-6.704
2025-11-16 22:00:00,573,Erode,0.5,-6.717
2025-11-16 23:00:00,573,Erode,3.0,-6.717
2025-11-17 01:00:00,573,Erode,1.0,-6.717
2025-11-17 02:00:00,573,Erode,0.5,-6.717
2025-11-17 05:00:00,573,Erode,0.5,-6.689
2025-11-17 06:00:00,573,Erode,0.5,-6.689
2025-11-17 09:00:00,573,Erode,1.5,-6.689
2025-11-17 11:00:00,573,Erode,0.5,-6.757
2025-11-17 12:00:00,573,Erode,1.5,-6.757
2025-11-17 13:00:00,573,Erode,3.0,-6.757
2025-11-18 00:00:00,573,Erode,2.5,-6.883
2025-11-18 10:00:00,573,Erode,0.5,-6.812
2025-11-18 11:00:00,573,Erode,1.0,-6.812
2025-11-18 12:00:00,573,Erode,13.5,-6.812
2025-11-18 13:00:00,573,Erode,42.5,-6.812
2025-11-18 14:00:00,573,Erode,32.5,-6.812
2025-11-18 15:00:00,573,Erode,6.5,-6.812
2025-11-18 21:00:00,573,Erode,1.0,-6.823
2025-11-19 00:00:00,573,Erode,1.0,-6.819
2025-11-19 01:00:00,573,Erode,0.5,-6.819
2025-11-22 11:00:00,573,Erode,0.5,-7.877333333333333
2025-11-22 22:00:00,573,Erode,1.0,-7.939666666666667
2025-11-23 01:00:00,573,Erode,6.0,-7.939666666666667
2025-11-23 02:00:00,573,Erode,0.5,-7.939666666666667
2025-11-23 03:00:00,573,Erode,3.5,-7.939666666666667
2025-11-23 05:00:00,573,Erode,0.5,-7.894333333333333
2025-11-23 08:00:00,573,Erode,1.5,-7.894333333333333
2025-11-23 09:00:00,573,Erode,5.5,-7.894333333333333
2025-11-23 10:00:00,573,Erode,8.5,-7.875333333333333
2025-11-23 11:00:00,573,Erode,0.5,-7.875333333333333
2025-11-23 14:00:00,573,Erode,1.0,-7.875333333333333
2025-11-23 16:00:00,573,Erode,2.0,-7.862000000000001
2025-11-23 17:00:00,573,Erode,2.0,-7.862000000000001
2025-11-24 10:00:00,573,Erode,1.0,-7.8066666666666675
2025-11-24 12:00:00,573,Erode,3.0,-7.8066666666666675
2025-11-24 14:00:00,573,Erode,1.0,-7.8066666666666675
2025-11-24 15:00:00,573,Erode,1.5,-7.8066666666666675
2025-11-24 16:00:00,573,Erode,1.0,-7.786666666666666
2025-11-24 17:00:00,573,Erode,11.5,-7.786666666666666
2025-11-24 18:00:00,573,Erode,66.0,-7.786666666666666
2025-11-24 19:00:00,573,Erode,215.5,-7.786666666666666
2025-11-24 20:00:00,573,Erode,51.0,-7.786666666666666
2025-11-24 21:00:00,573,Erode,4.0,-7.786666666666666
2025-11-24 22:00:00,573,Erode,1.0,-7.799666666666667
2025-11-24 23:00:00,573,Erode,7.0,-7.799666666666667
2025-11-25 00:00:00,573,Erode,14.5,-7.799666666666667
2025-11-25 01:00:00,573,Erode,18.5,-7.799666666666667
2025-11-25 02:00:00,573,Erode,0.5,-7.799666666666667
2025-11-25 03:00:00,573,Erode,0.5,-7.799666666666667
2025-11-25 04:00:00,573,Erode,2.0,-7.747
2025-11-25 08:00:00,573,Erode,26.5,-7.747
2025-11-25 09:00:00,573,Erode,34.5,-7.747
2025-11-25 10:00:00,573,Erode,56.5,-7.747666666666666
2025-11-25 23:00:00,573,Erode,4.0,-7.731666666666666
2025-11-26 00:00:00,573,Erode,23.5,-7.731666666666666
2025-11-26 01:00:00,573,Erode,120.5,-7.731666666666666
2025-11-26 02:00:00,573,Erode,39.0,-7.731666666666666
2025-11-26 03:00:00,573,Erode,8.0,-7.731666666666666
2025-11-26 04:00:00,573,Erode,20.0,-7.728000000000001
2025-11-26 06:00:00,573,Erode,2.5,-7.728000000000001
2025-11-26 07:00:00,573,Erode,1.0,-7.728000000000001
2025-11-26 08:00:00,573,Erode,4.5,-7.728000000000001
2025-11-26 09:00:00,573,Erode,35.0,-7.728000000000001
2025-11-26 10:00:00,573,Erode,10.5,-7.730333333333334
2025-11-26 11:00:00,573,Erode,16.0,-7.730333333333334
2025-11-27 02:00:00,573,Erode,0.5,-7.736999999999999
2025-11-27 04:00:00,573,Erode,5.5,-5.981
2025-11-27 05:00:00,573,Erode,1.0,-5.981
2025-11-27 06:00:00,573,Erode,0.5,-5.981
2025-11-27 08:00:00,573,Erode,0.5,-5.981
2025-11-27 09:00:00,573,Erode,2.5,-5.981
2025-11-27 10:00:00,573,Erode,19.0,-5.948
2025-11-27 11:00:00,573,Erode,14.5,-5.948
2025-11-27 14:00:00,573,Erode,0.5,-5.948
2025-11-30 03:00:00,573,Erode,0.5,-3.6020000000000003
2025-11-30 06:00:00,573,Erode,0.5,-3.574
2025-12-01 11:00:00,573,Erode,10.5,-7.665
2025-12-01 12:00:00,573,Erode,2.0,-7.665
2025-12-01 14:00:00,573,Erode,0.5,-7.665
2025-12-03 09:00:00,573,Erode,1.0,-7.745666666666668
2025-12-03 11:00:00,573,Erode,2.0,-7.783
2025-12-03 12:00:00,573,Erode,1.0,-7.783
2025-12-03 14:00:00,573,Erode,0.5,-7.783
2025-12-03 19:00:00,573,Erode,0.5,-7.753666666666667
2025-12-03 22:00:00,573,Erode,1.5,-7.739999999999999
2025-12-03 23:00:00,573,Erode,1.5,-7.739999999999999
2025-12-04 00:00:00,573,Erode,1.0,-7.739999999999999
2025-12-04 11:00:00,573,Erode,0.5,-7.725666666666668
2025-12-04 12:00:00,573,Erode,1.0,-7.725666666666668
2025-12-04 13:00:00,573,Erode,22.0,-7.725666666666668
2025-12-04 14:00:00,573,Erode,10.5,-7.725666666666668
2025-12-04 15:00:00,573,Erode,1.0,-7.725666666666668
2025-12-04 16:00:00,573,Erode,3.0,-8.665000000000001
2025-12-04 17:00:00,573,Erode,14.0,-8.665000000000001
2025-12-05 10:00:00,573,Erode,0.5,-7.700666666666667
2025-12-05 12:00:00,573,Erode,12.5,-7.700666666666667
2025-12-05 13:00:00,573,Erode,18.5,-7.700666666666667
2025-12-05 14:00:00,573,Erode,15.5,-7.700666666666667
2025-12-05 15:00:00,573,Erode,4.5,-7.700666666666667
2025-12-05 16:00:00,573,Erode,2.0,-7.693
2025-12-05 17:00:00,573,Erode,4.5,-7.693
2025-12-05 18:00:00,573,Erode,13.0,-7.693
2025-12-05 19:00:00,573,Erode,9.0,-7.693
2025-12-05 20:00:00,573,Erode,24.5,-7.693
2025-12-05 21:00:00,573,Erode,48.5,-7.693
2025-12-05 22:00:00,573,Erode,71.0,-7.681
2025-12-05 23:00:00,573,Erode,0.5,-7.681
2025-12-06 01:00:00,573,Erode,0.5,-7.681
2025-12-06 06:00:00,573,Erode,0.5,-7.657
2025-12-06 07:00:00,573,Erode,3.5,-7.657
2025-12-06 08:00:00,573,Erode,0.5,-7.657
2025-12-06 09:00:00,573,Erode,5.0,-7.657
2025-12-06 10:00:00,573,Erode,2.5,-7.670666666666666
2025-12-06 11:00:00,573,Erode,4.5,-7.670666666666666
2025-12-06 12:00:00,573,Erode,15.5,-7.670666666666666
2025-12-06 15:00:00,573,Erode,0.5,-7.670666666666666
2025-12-06 17:00:00,573,Erode,3.0,-7.678999999999999
2025-12-06 20:00:00,573,Erode,0.5,-7.678999999999999
2025-12-07 02:00:00,573,Erode,0.5,-7.665666666666667
2025-12-07 09:00:00,573,Erode,0.5,-7.665666666666667
2025-12-07 12:00:00,573,Erode,4.5,-7.665666666666667
2025-12-08 00:00:00,573,Erode,0.5,-7.80775
2025-12-08 02:00:00,573,Erode,1.0,-7.80775
2025-12-08 06:00:00,573,Erode,0.5,-5.695
2025-12-08 11:00:00,573,Erode,0.5,-5.776
2025-12-08 12:00:00,573,Erode,0.5,-5.776
2025-12-08 14:00:00,573,Erode,0.5,-5.776
2025-12-08 17:00:00,573,Erode,45.5,-5.776
2025-12-08 18:00:00,573,Erode,88.0,-5.776
2025-12-08 19:00:00,573,Erode,12.0,-7.771999999999999
2025-12-08 20:00:00,573,Erode,0.5,-7.771999999999999
2025-12-09 00:00:00,573,Erode,1.0,-7.771999999999999
2025-12-09 01:00:00,573,Erode,5.0,-7.771999999999999
2025-12-09 02:00:00,573,Erode,2.5,-7.771999999999999
2025-12-09 05:00:00,573,Erode,1.0,-10.929
2025-12-09 06:00:00,573,Erode,0.5,-10.929
2025-12-09 10:00:00,573,Erode,0.5,-11.0335
2025-12-09 11:00:00,573,Erode,73.5,-11.0335
2025-12-09 12:00:00,573,Erode,8.0,-11.0335
2025-12-09 13:00:00,573,Erode,13.0,-11.0335
2025-12-09 14:00:00,573,Erode,5.0,-11.0335
2025-12-09 15:00:00,573,Erode,4.5,-11.0335
2025-12-09 16:00:00,573,Erode,13.5,-15.95
2025-12-09 17:00:00,573,Erode,7.0,-15.95
2025-12-09 18:00:00,573,Erode,7.0,-15.95
2025-12-09 19:00:00,573,Erode,1.5,-15.95
2025-12-09 20:00:00,573,Erode,0.5,-15.95
2025-12-09 21:00:00,573,Erode,12.0,-15.95
2025-12-09 22:00:00,573,Erode,14.5,-8.49125
2025-12-09 23:00:00,573,Erode,9.0,-8.49125
2025-12-10 01:00:00,573,Erode,34.0,-8.49125
2025-12-10 02:00:00,573,Erode,26.0,-8.49125
2025-12-10 03:00:00,573,Erode,1.0,-8.49125
2025-12-10 04:00:00,573,Erode,13.0,-6.359
2025-12-10 05:00:00,573,Erode,4.5,-6.359
2025-12-10 06:00:00,573,Erode,0.5,-6.359
2025-12-10 07:00:00,573,Erode,0.5,-6.359
2025-12-10 08:00:00,573,Erode,2.0,-6.359
2025-12-10 09:00:00,573,Erode,2.5,-6.359
2025-12-10 10:00:00,573,Erode,0.5,-6.507
2025-12-10 11:00:00,573,Erode,12.0,-6.507
2025-12-10 12:00:00,573,Erode,21.0,-6.507
2025-12-10 13:00:00,573,Erode,23.0,-6.507
2025-12-10 14:00:00,573,Erode,5.0,-6.507
2025-12-10 15:00:00,573,Erode,2.5,-6.507
2025-12-11 00:00:00,573,Erode,0.5,-8.020666666666667
2025-12-11 01:00:00,573,Erode,0.5,-8.020666666666667
2025-12-11 03:00:00,573,Erode,0.5,-8.020666666666667
2025-12-11 04:00:00,573,Erode,2.0,-7.990333333333333
2025-12-11 05:00:00,573,Erode,3.0,-7.990333333333333
2025-12-11 06:00:00,573,Erode,1.0,-7.990333333333333
2025-12-11 08:00:00,573,Erode,3.0,-7.990333333333333
2025-12-11 10:00:00,573,Erode,12.5,-8.028333333333332
2025-12-11 11:00:00,573,Erode,14.0,-8.028333333333332
2025-12-11 12:00:00,573,Erode,0.5,-8.028333333333332
2025-12-11 13:00:00,573,Erode,0.5,-8.028333333333332
2025-12-11 14:00:00,573,Erode,5.5,-8.028333333333332
2025-12-12 07:00:00,573,Erode,2.0,-8.051333333333334
2025-12-12 08:00:00,573,Erode,12.0,-8.051333333333334
2025-12-12 09:00:00,573,Erode,41.5,-8.051333333333334
2025-12-12 10:00:00,573,Erode,2.5,-8.093666666666667
2025-12-12 11:00:00,573,Erode,5.5,-8.093666666666667
2025-12-12 12:00:00,573,Erode,14.5,-8.093666666666667
2025-12-13 09:00:00,573,Erode,0.5,-8.048333333333334
2025-12-13 10:00:00,573,Erode,6.5,-8.1
2025-12-13 11:00:00,573,Erode,2.5,-8.1
2025-12-14 08:00:00,573,Erode,0.5,-8.101666666666667
2025-12-15 05:00:00,573,Erode,0.5,-8.123333333333333
2025-12-15 11:00:00,573,Erode,1.0,-8.143666666666666
2025-12-15 12:00:00,573,Erode,1.0,-8.143666666666666
2025-12-15 13:00:00,573,Erode,0.5,-8.143666666666666
2025-12-15 23:00:00,573,Erode,1.0,-8.213333333333333
2025-12-16 00:00:00,573,Erode,1.0,-8.213333333333333
2025-12-16 09:00:00,573,Erode,0.5,-8.141666666666666
2025-12-16 11:00:00,573,Erode,0.5,-8.173333333333334
2025-12-16 12:00:00,573,Erode,2.0,-8.173333333333334
2025-12-16 21:00:00,573,Erode,0.5,-8.735000000000001
2025-12-17 01:00:00,573,Erode,0.5,-9.369
2025-12-17 02:00:00,573,Erode,1.5,-9.369
2025-12-17 14:00:00,573,Erode,0.5,-9.93425
2025-12-17 16:00:00,573,Erode,3.0,-8.131666666666666
2025-12-17 17:00:00,573,Erode,0.5,-8.131666666666666
2025-12-17 18:00:00,573,Erode,1.0,-8.131666666666666
2025-12-17 19:00:00,573,Erode,0.5,-8.131666666666666
2025-12-17 20:00:00,573,Erode,0.5,-8.131666666666666
2025-12-18 03:00:00,573,Erode,0.5,-8.141
2025-12-18 05:00:00,573,Erode,1.0,-8.101333333333335
2025-12-18 06:00:00,573,Erode,0.5,-8.101333333333335
2025-12-18 09:00:00,573,Erode,1.0,-8.101333333333335
2025-12-18 10:00:00,573,Erode,3.5,-8.096
2025-12-18 11:00:00,573,Erode,0.5,-8.096
2025-12-18 12:00:00,573,Erode,1.5,-8.096
2025-12-18 13:00:00,573,Erode,2.5,-8.096
2025-12-18 14:00:00,573,Erode,1.0,-8.096
2025-12-18 15:00:00,573,Erode,0.5,-8.096
2025-12-18 16:00:00,573,Erode,0.5,-8.119666666666667
2025-12-18 17:00:00,573,Erode,1.0,-8.119666666666667
2025-12-18 18:00:00,573,Erode,2.0,-8.119666666666667
2025-12-18 19:00:00,573,Erode,4.5,-8.119666666666667
2025-12-18 22:00:00,573,Erode,0.5,-8.133666666666668
2025-12-19 01:00:00,573,Erode,0.5,-8.133666666666668
2025-12-19 03:00:00,573,Erode,2.0,-8.133666666666668
2025-12-19 04:00:00,573,Erode,1.0,-8.093666666666667
2025-12-19 10:00:00,573,Erode,2.0,-8.127666666666666
2025-12-19 11:00:00,573,Erode,2.0,-8.127666666666666
2025-12-19 12:00:00,573,Erode,0.5,-8.127666666666666
2025-12-19 13:00:00,573,Erode,2.0,-8.127666666666666
2025-12-19 14:00:00,573,Erode,2.5,-8.127666666666666
2025-12-19 15:00:00,573,Erode,0.5,-8.127666666666666
2025-12-19 16:00:00,573,Erode,0.5,-8.158
2025-12-19 17:00:00,573,Erode,2.0,-8.158
2025-12-19 19:00:00,573,Erode,0.5,-8.158
2025-12-19 20:00:00,573,Erode,5.0,-8.158
2025-12-19 21:00:00,573,Erode,6.5,-8.158
2025-12-19 22:00:00,573,Erode,0.5,-8.206
2025-12-20 00:00:00,573,Erode,7.5,-8.206
2025-12-20 01:00:00,573,Erode,1.5,-8.206
2025-12-20 02:00:00,573,Erode,0.5,-8.206
2025-12-20 04:00:00,573,Erode,1.5,-8.188333333333334
2025-12-20 05:00:00,573,Erode,2.0,-8.188333333333334
2025-12-20 06:00:00,573,Erode,0.5,-8.188333333333334
2025-12-20 07:00:00,573,Erode,0.5,-8.188333333333334
2025-12-20 09:00:00,573,Erode,1.0,-8.188333333333334
2025-12-20 10:00:00,573,Erode,2.0,-8.216666666666667
2025-12-20 11:00:00,573,Erode,1.0,-8.216666666666667
2025-12-20 13:00:00,573,Erode,1.5,-8.216666666666667
2025-12-20 14:00:00,573,Erode,0.5,-8.216666666666667
2025-12-20 15:00:00,573,Erode,0.5,-8.216666666666667
2025-12-20 16:00:00,573,Erode,1.0,-8.237333333333334
2025-12-20 17:00:00,573,Erode,1.0,-8.237333333333334
2025-12-20 18:00:00,573,Erode,2.5,-8.237333333333334
2025-12-20 19:00:00,573,Erode,0.5,-8.237333333333334
2025-12-20 20:00:00,573,Erode,0.5,-8.237333333333334
2025-12-20 21:00:00,573,Erode,2.0,-8.237333333333334
2025-12-20 22:00:00,573,Erode,1.5,-8.251333333333333
2025-12-21 09:00:00,573,Erode,1.0,-11.5705
2025-12-21 10:00:00,573,Erode,0.5,-11.6455
2025-12-21 11:00:00,573,Erode,0.5,-11.6455
2025-12-21 12:00:00,573,Erode,0.5,-11.6455
2025-12-21 13:00:00,573,Erode,1.5,-11.6455
2025-12-21 14:00:00,573,Erode,0.5,-11.6455
2025-12-21 15:00:00,573,Erode,2.0,-11.6455
2025-12-21 16:00:00,573,Erode,3.0,-11.7755
2025-12-21 17:00:00,573,Erode,18.5,-11.7755
2025-12-21 18:00:00,573,Erode,4.0,-11.7755
2025-12-21 19:00:00,573,Erode,5.5,-11.7755
2025-12-21 20:00:00,573,Erode,2.5,-11.7755
2025-12-21 21:00:00,573,Erode,6.5,-11.7755
2025-12-21 22:00:00,573,Erode,0.5,-11.8565
2025-12-22 01:00:00,573,Erode,0.5,-11.8565
2025-12-22 02:00:00,573,Erode,0.5,-11.8565
2025-12-22 06:00:00,573,Erode,0.5,-8.403333333333334
2025-12-22 09:00:00,573,Erode,0.5,-8.403333333333334
2025-12-22 11:00:00,573,Erode,0.5,-8.404
2025-12-22 17:00:00,573,Erode,1.0,-8.437
2025-12-22 18:00:00,573,Erode,0.5,-8.437
2025-12-23 01:00:00,573,Erode,0.5,-8.465000000000002
2025-12-23 02:00:00,573,Erode,2.0,-8.465000000000002
2025-12-23 04:00:00,573,Erode,0.5,-8.425333333333333
2025-12-23 09:00:00,573,Erode,1.0,-8.425333333333333
2025-12-23 10:00:00,573,Erode,0.5,-8.421666666666667
2025-12-23 11:00:00,573,Erode,1.0,-8.421666666666667
2025-12-23 16:00:00,573,Erode,2.0,-8.403333333333334
2025-12-23 21:00:00,573,Erode,1.0,-8.403333333333334
2025-12-23 23:00:00,573,Erode,2.0,-8.394333333333334
2025-12-24 00:00:00,573,Erode,0.5,-8.394333333333334
2025-12-24 02:00:00,573,Erode,0.5,-8.394333333333334
2025-12-24 10:00:00,573,Erode,4.0,-8.369333333333334
2025-12-24 11:00:00,573,Erode,4.5,-8.369333333333334
2025-12-24 12:00:00,573,Erode,2.5,-8.369333333333334
2025-12-24 13:00:00,573,Erode,0.5,-8.369333333333334
2025-12-24 15:00:00,573,Erode,1.5,-8.369333333333334
2025-12-25 06:00:00,573,Erode,1.5,-8.419333333333334
2025-12-25 07:00:00,573,Erode,0.5,-8.419333333333334
2025-12-25 08:00:00,573,Erode,0.5,-8.419333333333334
2025-12-25 09:00:00,573,Erode,2.0,-8.419333333333334
2025-12-25 10:00:00,573,Erode,2.0,-8.432333333333334
2025-12-25 11:00:00,573,Erode,0.5,-8.432333333333334
2025-12-25 12:00:00,573,Erode,0.5,-8.432333333333334
2025-12-25 13:00:00,573,Erode,1.5,-8.432333333333334
2025-12-25 14:00:00,573,Erode,0.5,-8.432333333333334
2025-12-26 05:00:00,573,Erode,0.5,-7.5
2025-12-26 06:00:00,573,Erode,0.5,-7.5
2025-12-26 11:00:00,573,Erode,1.0,-7.533
2025-12-26 13:00:00,573,Erode,0.5,-7.533
2025-12-26 14:00:00,573,Erode,0.5,-7.533
2025-12-27 04:00:00,573,Erode,0.5,-8.503333333333332
2025-12-27 05:00:00,573,Erode,1.5,-8.503333333333332
2025-12-27 07:00:00,573,Erode,0.5,-8.503333333333332
2025-12-27 08:00:00,573,Erode,2.0,-8.503333333333332
2025-12-27 09:00:00,573,Erode,4.0,-8.503333333333332
2025-12-27 10:00:00,573,Erode,5.0,-8.509666666666666
2025-12-27 11:00:00,573,Erode,0.5,-8.509666666666666
2025-12-27 12:00:00,573,Erode,1.5,-8.509666666666666
2025-12-27 13:00:00,573,Erode,4.5,-8.509666666666666
2025-12-27 14:00:00,573,Erode,3.5,-8.509666666666666
2025-12-27 15:00:00,573,Erode,1.0,-8.509666666666666
2025-12-28 09:00:00,573,Erode,0.5,-8.523
2025-12-28 11:00:00,573,Erode,0.5,-8.531333333333333
2025-12-29 08:00:00,573,Erode,0.5,-7.702
2025-12-29 13:00:00,573,Erode,3.0,-7.659
2025-12-29 14:00:00,573,Erode,4.0,-7.659
2025-12-30 09:00:00,573,Erode,0.5,-8.597
2025-12-30 11:00:00,573,Erode,1.0,-8.595
2025-12-30 12:00:00,573,Erode,1.0,-8.595
2025-12-31 08:00:00,573,Erode,0.5,-8.623000000000001
2025-12-31 10:00:00,573,Erode,0.5,-8.632666666666667
2025-12-31 11:00:00,573,Erode,1.0,-8.632666666666667
2025-12-31 12:00:00,573,Erode,13.5,-8.632666666666667
2025-12-31 13:00:00,573,Erode,6.0,-8.632666666666667
2025-12-31 14:00:00,573,Erode,4.5,-8.632666666666667
2026-01-01 12:00:00,573,Erode,0.5,-13.274428571428572
2026-01-01 13:00:00,573,Erode,1.5,-13.274428571428572
2026-01-01 14:00:00,573,Erode,2.5,-13.274428571428572
2026-01-01 15:00:00,573,Erode,3.5,-13.274428571428572
2026-01-01 16:00:00,573,Erode,0.5,-12.65157142857143
2026-01-01 17:00:00,573,Erode,1.5,-12.65157142857143
2026-01-01 18:00:00,573,Erode,1.0,-12.65157142857143
2026-01-01 19:00:00,573,Erode,0.5,-12.65157142857143
2026-01-01 20:00:00,573,Erode,0.5,-12.65157142857143
2026-01-02 07:00:00,573,Erode,0.5,-15.22675
2026-01-02 08:00:00,573,Erode,11.5,-15.22675
2026-01-02 11:00:00,573,Erode,0.75,-15.952375
2026-01-02 12:00:00,573,Erode,2.0,-15.952375
2026-01-02 13:00:00,573,Erode,1.0,-15.952375
2026-01-02 15:00:00,573,Erode,1.0,-15.952375
2026-01-02 16:00:00,573,Erode,0.5,-15.583625
2026-01-02 17:00:00,573,Erode,1.0,-15.583625
2026-01-02 18:00:00,573,Erode,1.0,-15.583625
2026-01-02 19:00:00,573,Erode,1.0,-15.583625
2026-01-03 13:00:00,573,Erode,4.5,-15.652
2026-01-03 15:00:00,573,Erode,0.5,-15.652
2026-01-03 16:00:00,573,Erode,0.5,-16.002125
2026-01-03 17:00:00,573,Erode,0.5,-16.002125
2026-01-03 18:00:00,573,Erode,0.5,-16.002125
2026-01-03 19:00:00,573,Erode,0.5,-16.002125
2026-01-03 20:00:00,573,Erode,1.0,-16.002125
2026-01-03 21:00:00,573,Erode,1.5,-16.002125
2026-01-03 22:00:00,573,Erode,1.0,-15.966875
2026-01-03 23:00:00,573,Erode,5.5,-15.966875
2026-01-04 00:00:00,573,Erode,6.0,-15.966875
2026-01-04 01:00:00,573,Erode,1.5,-15.966875
2026-01-04 02:00:00,573,Erode,3.5,-15.966875
2026-01-04 03:00:00,573,Erode,1.5,-15.966875
2026-01-04 06:00:00,573,Erode,0.5,-15.844
2026-01-04 07:00:00,573,Erode,0.5,-15.844
2026-01-04 08:00:00,573,Erode,0.5,-15.844
2026-01-04 09:00:00,573,Erode,5.5,-15.844
2026-01-04 10:00:00,573,Erode,0.5,-16.3545
2026-01-04 11:00:00,573,Erode,0.5,-16.3545
2026-01-04 12:00:00,573,Erode,1.5,-16.3545
2026-01-04 13:00:00,573,Erode,1.0,-16.3545
2026-01-04 15:00:00,573,Erode,1.0,-16.3545
2026-01-04 16:00:00,573,Erode,1.5,-16.203125
2026-01-04 17:00:00,573,Erode,1.5,-16.203125
2026-01-04 18:00:00,573,Erode,0.5,-16.203125
2026-01-04 19:00:00,573,Erode,2.5,-16.203125
2026-01-04 20:00:00,573,Erode,4.0,-16.203125
2026-01-04 21:00:00,573,Erode,6.0,-16.203125
2026-01-04 22:00:00,573,Erode,6.5,-15.966125
2026-01-04 23:00:00,573,Erode,7.5,-15.966125
2026-01-05 00:00:00,573,Erode,0.5,-15.966125
2026-01-05 02:00:00,573,Erode,0.5,-15.966125
2026-01-05 03:00:00,573,Erode,1.0,-15.966125
2026-01-05 04:00:00,573,Erode,2.0,-15.8135
2026-01-05 05:00:00,573,Erode,2.0,-15.8135
2026-01-05 06:00:00,573,Erode,0.5,-15.8135
2026-01-05 07:00:00,573,Erode,2.0,-15.8135
2026-01-05 09:00:00,573,Erode,1.5,-15.8135
2026-01-05 10:00:00,573,Erode,4.0,-16.4605
2026-01-05 11:00:00,573,Erode,2.0,-16.4605
2026-01-05 12:00:00,573,Erode,5.5,-16.4605
2026-01-05 13:00:00,573,Erode,1.5,-16.4605
2026-01-05 14:00:00,573,Erode,4.0,-16.4605
2026-01-05 15:00:00,573,Erode,5.0,-16.4605
2026-01-05 16:00:00,573,Erode,4.5,-7.721875
2026-01-05 17:00:00,573,Erode,2.0,-7.721875
2026-01-05 18:00:00,573,Erode,3.0,-7.721875
2026-01-05 19:00:00,573,Erode,1.0,-7.721875
2026-01-05 20:00:00,573,Erode,4.5,-7.721875
2026-01-05 21:00:00,573,Erode,4.0,-7.721875
2026-01-05 22:00:00,573,Erode,4.5,-7.66275
2026-01-05 23:00:00,573,Erode,1.5,-7.66275
2026-01-06 00:00:00,573,Erode,1.0,-7.66275
2026-01-06 04:00:00,573,Erode,4.0,-8.104142857142858
2026-01-06 05:00:00,573,Erode,4.5,-8.104142857142858
2026-01-06 06:00:00,573,Erode,1.5,-8.104142857142858
2026-01-06 08:00:00,573,Erode,0.5,-8.104142857142858
2026-01-06 09:00:00,573,Erode,0.5,-8.104142857142858
2026-01-06 15:00:00,573,Erode,0.5,-18.32842857142857
2026-01-06 17:00:00,573,Erode,0.5,-19.495
2026-01-06 19:00:00,573,Erode,2.5,-19.495
2026-01-06 20:00:00,573,Erode,2.5,-19.495
2026-01-06 21:00:00,573,Erode,3.5,-19.495
2026-01-06 22:00:00,573,Erode,4.5,-16.136125
2026-01-06 23:00:00,573,Erode,4.5,-16.136125
2026-01-07 00:00:00,573,Erode,2.5,-16.136125
2026-01-07 01:00:00,573,Erode,1.0,-16.136125
2026-01-07 02:00:00,573,Erode,19.0,-16.136125
2026-01-07 03:00:00,573,Erode,7.0,-16.136125
2026-01-07 04:00:00,573,Erode,33.5,-16.014499999999998
2026-01-07 05:00:00,573,Erode,11.5,-16.014499999999998
2026-01-07 06:00:00,573,Erode,0.5,-16.014499999999998
2026-01-07 07:00:00,573,Erode,0.5,-16.014499999999998
2026-01-07 08:00:00,573,Erode,0.5,-16.014499999999998
2026-01-07 10:00:00,573,Erode,1.5,-16.575625
2026-01-07 11:00:00,573,Erode,3.5,-16.575625
2026-01-07 12:00:00,573,Erode,3.5,-16.575625
2026-01-07 13:00:00,573,Erode,0.5,-16.575625
2026-01-07 14:00:00,573,Erode,0.5,-16.575625
2026-01-07 15:00:00,573,Erode,1.0,-16.575625
2026-01-07 16:00:00,573,Erode,1.0,-19.71333333333333
2026-01-07 17:00:00,573,Erode,1.0,-19.71333333333333
2026-01-07 18:00:00,573,Erode,1.0,-19.71333333333333
2026-01-07 19:00:00,573,Erode,0.5,-19.71333333333333
2026-01-08 04:00:00,573,Erode,0.5,-7.700875
2026-01-08 05:00:00,573,Erode,1.5,-7.700875
2026-01-08 07:00:00,573,Erode,0.5,-7.700875
2026-01-08 08:00:00,573,Erode,0.5,-7.700875
2026-01-08 12:00:00,573,Erode,3.5,-16.651
2026-01-08 13:00:00,573,Erode,2.0,-16.651
2026-01-08 14:00:00,573,Erode,1.5,-16.651
2026-01-08 15:00:00,573,Erode,0.5,-16.651
2026-01-08 16:00:00,573,Erode,5.5,-18.382857142857144
2026-01-08 17:00:00,573,Erode,1.0,-18.382857142857144
2026-01-08 18:00:00,573,Erode,0.5,-18.382857142857144
2026-01-08 19:00:00,573,Erode,0.5,-18.382857142857144
2026-01-08 20:00:00,573,Erode,1.0,-18.382857142857144
2026-01-08 22:00:00,573,Erode,2.0,-19.62666666666667
2026-01-08 23:00:00,573,Erode,5.5,-19.62666666666667
2026-01-09 00:00:00,573,Erode,1.0,-19.62666666666667
2026-01-09 01:00:00,573,Erode,1.5,-19.62666666666667
2026-01-09 02:00:00,573,Erode,0.5,-19.62666666666667
2026-01-09 05:00:00,573,Erode,1.5,-19.62666666666667
2026-01-09 13:00:00,573,Erode,1.5,-19.62666666666667
2026-01-09 14:00:00,573,Erode,0.5,-19.62666666666667
2026-01-09 15:00:00,573,Erode,0.5,-19.62666666666667
2026-01-10 17:00:00,573,Erode,0.5,-10.42
2026-01-10 19:00:00,573,Erode,0.5,-10.42
2026-01-10 20:00:00,573,Erode,1.0,-10.42
2026-01-11 03:00:00,573,Erode,0.5,-10.42
2026-01-11 06:00:00,573,Erode,0.5,-17.158714285714286
2026-01-11 08:00:00,573,Erode,1.5,-17.158714285714286
2026-01-11 09:00:00,573,Erode,2.0,-17.158714285714286
2026-01-11 10:00:00,573,Erode,0.5,-17.706714285714288
2026-01-11 12:00:00,573,Erode,1.0,-17.706714285714288
2026-01-11 15:00:00,573,Erode,0.5,-17.706714285714288
2026-01-12 13:00:00,573,Erode,5.5,-18.450166666666664
2026-01-12 14:00:00,573,Erode,7.5,-18.450166666666664
2026-01-12 18:00:00,573,Erode,0.5,-18.87483333333333
2026-01-12 20:00:00,573,Erode,0.5,-18.87483333333333
2026-01-13 00:00:00,573,Erode,0.5,-17.7905
2026-01-13 04:00:00,573,Erode,1.0,-15.969666666666663
2026-01-13 05:00:00,573,Erode,0.5,-15.969666666666663
2026-01-14 11:00:00,573,Erode,0.5,-5.9865
2026-01-14 22:00:00,573,Erode,0.5,-17.939714285714285
2026-01-15 00:00:00,573,Erode,0.5,-17.939714285714285
2026-01-15 01:00:00,573,Erode,0.5,-17.939714285714285
2026-01-15 02:00:00,573,Erode,1.0,-17.939714285714285
2026-01-15 05:00:00,573,Erode,0.5,-19.523333333333333
2026-01-15 10:00:00,573,Erode,0.5,-20.22833333333333
2026-01-15 11:00:00,573,Erode,6.0,-20.22833333333333
2026-01-15 12:00:00,573,Erode,0.5,-20.22833333333333
2026-01-16 00:00:00,573,Erode,0.5,-17.654714285714284
2026-01-16 02:00:00,573,Erode,0.5,-17.654714285714284
2026-01-16 03:00:00,573,Erode,1.5,-17.654714285714284
2026-01-16 04:00:00,573,Erode,0.5,-7.787
2026-01-16 05:00:00,573,Erode,1.0,-7.787
2026-01-16 11:00:00,573,Erode,0.5,-7.884
2026-01-16 13:00:00,573,Erode,1.0,-7.884
2026-01-16 16:00:00,573,Erode,3.0,-7.884
2026-01-16 17:00:00,573,Erode,7.0,-7.884
2026-01-16 18:00:00,573,Erode,14.5,-7.884
2026-01-16 19:00:00,573,Erode,2.0,-16.338375
2026-01-16 22:00:00,573,Erode,9.0,-16.338375
2026-01-16 23:00:00,573,Erode,0.5,-16.338375
2026-01-17 01:00:00,573,Erode,1.0,-16.338375
2026-01-17 02:00:00,573,Erode,0.5,-16.338375
2026-01-17 03:00:00,573,Erode,1.0,-16.338375
2026-01-17 09:00:00,573,Erode,1.0,-16.189625
2026-01-17 10:00:00,573,Erode,0.5,-16.74725
2026-01-17 11:00:00,573,Erode,3.0,-16.74725
2026-01-17 12:00:00,573,Erode,0.5,-16.74725
2026-01-17 13:00:00,573,Erode,1.5,-16.74725
2026-01-17 14:00:00,573,Erode,0.5,-16.74725
2026-01-17 15:00:00,573,Erode,0.5,-16.74725
2026-01-17 16:00:00,573,Erode,1.0,-16.36825
2026-01-17 17:00:00,573,Erode,3.0,-16.36825
2026-01-17 18:00:00,573,Erode,6.5,-16.36825
2026-01-17 19:00:00,573,Erode,5.0,-16.36825
2026-01-17 20:00:00,573,Erode,10.5,-16.36825
2026-01-17 21:00:00,573,Erode,17.5,-16.36825
2026-01-17 22:00:00,573,Erode,12.5,-16.114375
2026-01-17 23:00:00,573,Erode,5.5,-16.114375
2026-01-18 00:00:00,573,Erode,1.5,-16.114375
2026-01-18 01:00:00,573,Erode,0.5,-16.114375
2026-01-18 02:00:00,573,Erode,1.5,-16.114375
2026-01-18 03:00:00,573,Erode,1.5,-16.114375
2026-01-18 11:00:00,573,Erode,8.0,-37.0715
2026-01-18 12:00:00,573,Erode,20.5,-37.0715
2026-01-18 13:00:00,573,Erode,4.5,-37.0715
2026-01-18 14:00:00,573,Erode,6.5,-37.0715
2026-01-18 16:00:00,573,Erode,7.5,-35.6095
2026-01-18 17:00:00,573,Erode,3.0,-35.6095
2026-01-18 18:00:00,573,Erode,11.0,-35.6095
2026-01-18 19:00:00,573,Erode,1.0,-35.6095
2026-01-18 20:00:00,573,Erode,2.5,-35.6095
2026-01-19 00:00:00,573,Erode,1.0,-34.729
2026-01-19 01:00:00,573,Erode,1.0,-34.729
2026-01-19 02:00:00,573,Erode,1.0,-34.729
2026-01-19 05:00:00,573,Erode,7.5,-6.841
2026-01-19 06:00:00,573,Erode,3.0,-6.841
2026-01-19 07:00:00,573,Erode,1.5,-6.841
2026-01-19 08:00:00,573,Erode,1.0,-6.841
2026-01-19 09:00:00,573,Erode,1.5,-6.841
2026-01-19 10:00:00,573,Erode,4.5,-6.877
2026-01-19 11:00:00,573,Erode,2.5,-6.877
2026-01-19 12:00:00,573,Erode,4.5,-6.877
2026-01-19 14:00:00,573,Erode,11.5,-6.877
2026-01-19 15:00:00,573,Erode,2.0,-6.877
2026-01-19 16:00:00,573,Erode,1.5,-8.291333333333332
2026-01-19 17:00:00,573,Erode,12.0,-8.291333333333332
2026-01-19 18:00:00,573,Erode,8.5,-8.291333333333332
2026-01-19 19:00:00,573,Erode,61.5,-8.291333333333332
2026-01-19 20:00:00,573,Erode,62.0,-8.291333333333332
2026-01-19 21:00:00,573,Erode,20.5,-8.291333333333332
2026-01-19 22:00:00,573,Erode,7.0,-8.322000000000001
2026-01-19 23:00:00,573,Erode,7.0,-8.322000000000001
2026-01-20 00:00:00,573,Erode,2.0,-8.322000000000001
2026-01-20 02:00:00,573,Erode,6.0,-8.322000000000001
2026-01-20 03:00:00,573,Erode,0.5,-8.322000000000001
2026-01-20 07:00:00,573,Erode,4.0,-8.322000000000001
2026-01-20 08:00:00,573,Erode,28.0,-8.322000000000001
2026-01-20 10:00:00,573,Erode,28.5,-8.322000000000001
2026-01-20 12:00:00,573,Erode,1.5,-8.322000000000001
2026-01-20 15:00:00,573,Erode,1.5,-16.712222222222223
2026-01-20 17:00:00,573,Erode,2.5,-16.712222222222223
2026-01-20 18:00:00,573,Erode,11.5,-16.712222222222223
2026-01-20 19:00:00,573,Erode,13.0,-16.712222222222223
2026-01-20 20:00:00,573,Erode,2.5,-16.712222222222223
2026-01-20 22:00:00,573,Erode,2.0,-16.712222222222223
2026-01-21 05:00:00,573,Erode,1.0,-9.6625
2026-01-21 07:00:00,573,Erode,0.5,-9.6625
2026-01-21 09:00:00,573,Erode,1.5,-9.6625
2026-01-21 10:00:00,573,Erode,1.5,-9.4695
2026-01-21 11:00:00,573,Erode,1.5,-9.4695
2026-01-21 12:00:00,573,Erode,14.5,-9.4695
2026-01-21 15:00:00,573,Erode,4.0,-14.636
2026-01-21 16:00:00,573,Erode,4.5,-5.014
2026-01-21 17:00:00,573,Erode,19.5,-5.014
2026-01-21 18:00:00,573,Erode,10.0,-5.014
2026-01-21 19:00:00,573,Erode,1.0,-5.014
2026-01-21 20:00:00,573,Erode,3.0,-5.014
2026-01-21 21:00:00,573,Erode,2.0,-12.4831
2026-01-21 23:00:00,573,Erode,3.0,-12.4831
2026-01-22 13:00:00,573,Erode,0.5,-9.004
2026-01-22 15:00:00,573,Erode,2.0,-3.327
2026-01-22 21:00:00,573,Erode,0.5,-13.467833333333331
2026-01-22 22:00:00,573,Erode,2.5,-13.032461538461538
2026-01-22 23:00:00,573,Erode,2.5,-13.032461538461538
2026-01-23 00:00:00,573,Erode,1.0,-13.032461538461538
2026-01-23 01:00:00,573,Erode,2.0,-13.032461538461538
2026-01-23 02:00:00,573,Erode,5.0,-13.032461538461538
2026-01-23 03:00:00,573,Erode,0.5,-13.032461538461538
2026-01-23 04:00:00,573,Erode,5.0,-12.381857142857143
2026-01-23 05:00:00,573,Erode,3.0,-12.381857142857143
2026-01-23 06:00:00,573,Erode,3.5,-12.381857142857143
2026-01-23 07:00:00,573,Erode,19.5,-12.381857142857143
2026-01-23 08:00:00,573,Erode,21.5,-12.381857142857143
2026-01-23 09:00:00,573,Erode,1.0,-1.484
2026-01-23 11:00:00,573,Erode,1.5,-1.484
2026-01-23 12:00:00,573,Erode,2.5,-11.539333333333332
2026-01-23 14:00:00,573,Erode,2.0,-1.115
2026-01-23 15:00:00,573,Erode,4.0,-1.115
2026-01-23 16:00:00,573,Erode,2.0,-10.8340625
2026-01-23 17:00:00,573,Erode,0.5,-10.8340625
2026-01-23 18:00:00,573,Erode,3.0,-10.8340625
2026-01-23 19:00:00,573,Erode,2.0,-10.8340625
2026-01-23 20:00:00,573,Erode,3.0,-10.8340625
2026-01-23 21:00:00,573,Erode,1.5,-10.8340625
2026-01-23 22:00:00,573,Erode,1.0,-12.6305
2026-01-23 23:00:00,573,Erode,0.5,-12.6305
2026-01-24 01:00:00,573,Erode,0.5,-12.6305
2026-01-24 02:00:00,573,Erode,0.5,-12.6305
2026-01-24 05:00:00,573,Erode,0.5,-11.0430625
2026-01-24 06:00:00,573,Erode,2.5,-11.0430625
2026-01-24 07:00:00,573,Erode,2.5,-11.0430625
2026-01-24 08:00:00,573,Erode,0.5,-11.0430625
2026-01-24 11:00:00,573,Erode,3.0,-11.591
2026-01-24 12:00:00,573,Erode,0.5,-11.591
2026-01-24 14:00:00,573,Erode,0.5,-11.591
2026-01-24 20:00:00,573,Erode,0.5,-11.68175
2026-01-24 22:00:00,573,Erode,2.5,-11.217875
2026-01-25 02:00:00,573,Erode,1.5,-11.217875
2026-01-25 04:00:00,573,Erode,1.0,-7.249875
2026-01-25 05:00:00,573,Erode,0.5,-7.249875
2026-01-25 07:00:00,573,Erode,0.5,-7.249875
2026-01-25 10:00:00,573,Erode,0.5,-7.276
2026-01-25 12:00:00,573,Erode,0.5,-7.276
2026-01-25 14:00:00,573,Erode,9.5,-7.276
2026-01-25 15:00:00,573,Erode,12.5,-7.276
2026-01-25 16:00:00,573,Erode,9.5,-13.03
2026-01-25 17:00:00,573,Erode,9.5,-13.03
2026-01-25 18:00:00,573,Erode,16.0,-13.03
2026-01-25 19:00:00,573,Erode,1.5,-13.03
2026-01-25 20:00:00,573,Erode,7.0,-13.03
2026-01-25 21:00:00,573,Erode,12.5,-13.03
2026-01-26 00:00:00,573,Erode,5.0,-11.1739375
2026-01-26 05:00:00,573,Erode,0.5,-11.222600000000002
2026-01-26 06:00:00,573,Erode,0.5,-11.222600000000002
2026-01-26 08:00:00,573,Erode,1.0,-11.222600000000002
2026-01-26 09:00:00,573,Erode,1.0,-11.222600000000002
2026-01-26 17:00:00,573,Erode,1.5,-11.435466666666668
2026-01-26 20:00:00,573,Erode,0.5,-11.435466666666668
2026-01-27 00:00:00,573,Erode,1.0,-11.1065625
2026-01-27 04:00:00,573,Erode,2.25,-11.188470588235294
2026-01-27 09:00:00,573,Erode,1.0,-11.188470588235294
2026-01-27 10:00:00,573,Erode,0.5,-11.601176470588236
2026-01-27 12:00:00,573,Erode,2.0,-11.601176470588236
2026-01-27 13:00:00,573,Erode,3.5,-11.601176470588236
2026-01-27 14:00:00,573,Erode,10.0,-11.601176470588236
2026-01-27 15:00:00,573,Erode,14.0,-11.601176470588236
2026-01-27 16:00:00,573,Erode,3.5,-11.880125
2026-01-27 17:00:00,573,Erode,11.0,-11.880125
2026-01-27 18:00:00,573,Erode,7.0,-11.880125
2026-01-27 19:00:00,573,Erode,3.5,-11.880125
2026-01-27 21:00:00,573,Erode,3.5,-11.880125
2026-01-27 23:00:00,573,Erode,0.5,-11.7170625
2026-01-28 09:00:00,573,Erode,1.5,-5.5116
2026-01-28 10:00:00,573,Erode,3.5,-5.5216
2026-01-28 12:00:00,573,Erode,0.5,-5.5216
2026-01-28 13:00:00,573,Erode,2.0,-5.5216
2026-01-28 14:00:00,573,Erode,1.0,-5.5216
2026-01-28 15:00:00,573,Erode,1.0,-5.5216
2026-01-28 16:00:00,573,Erode,3.0,-5.5216
2026-01-28 17:00:00,573,Erode,1.5,-5.5216
2026-01-28 18:00:00,573,Erode,3.5,-5.5216
2026-01-28 19:00:00,573,Erode,1.5,-14.334
2026-01-28 20:00:00,573,Erode,5.0,-14.334
2026-01-28 21:00:00,573,Erode,2.5,-14.334
2026-01-29 08:00:00,573,Erode,0.5,-14.671300000000002
2026-01-29 17:00:00,573,Erode,0.5,-12.070133333333333
2026-01-29 18:00:00,573,Erode,1.0,-12.070133333333333
2026-01-29 19:00:00,573,Erode,4.5,-12.070133333333333
2026-01-30 09:00:00,573,Erode,0.5,-11.496333333333332
2026-01-30 10:00:00,573,Erode,0.5,-12.219733333333332
2026-01-30 11:00:00,573,Erode,1.5,-12.219733333333332
2026-01-30 12:00:00,573,Erode,1.0,-12.219733333333332
2026-01-30 13:00:00,573,Erode,9.5,-12.219733333333332
2026-01-30 14:00:00,573,Erode,5.5,-12.219733333333332
2026-01-30 15:00:00,573,Erode,1.5,-12.219733333333332
2026-01-30 16:00:00,573,Erode,6.5,-12.3456
2026-01-30 17:00:00,573,Erode,4.0,-12.3456
2026-01-30 18:00:00,573,Erode,4.5,-12.3456
2026-01-30 19:00:00,573,Erode,2.5,-12.3456
2026-01-30 20:00:00,573,Erode,0.5,-12.3456
2026-01-30 22:00:00,573,Erode,3.5,-11.663266666666669
2026-01-30 23:00:00,573,Erode,6.5,-11.663266666666669
2026-01-31 01:00:00,573,Erode,4.5,-11.663266666666669
2026-01-31 02:00:00,573,Erode,1.0,-11.663266666666669
2026-01-31 04:00:00,573,Erode,0.5,-11.244866666666669
2026-01-31 08:00:00,573,Erode,1.5,-11.244866666666669
2026-01-31 09:00:00,573,Erode,2.0,-11.244866666666669
2026-01-31 10:00:00,573,Erode,6.0,-11.811466666666666
2026-01-31 11:00:00,573,Erode,4.0,-11.811466666666666
2026-01-31 12:00:00,573,Erode,2.0,-11.811466666666666
2026-01-31 13:00:00,573,Erode,0.5,-11.811466666666666
2026-01-31 14:00:00,573,Erode,1.5,-11.811466666666666
2026-01-31 15:00:00,573,Erode,1.0,-11.811466666666666
2026-01-31 16:00:00,573,Erode,8.5,-11.5964
2026-01-31 17:00:00,573,Erode,21.0,-11.5964
2026-02-01 04:00:00,573,Erode,0.5,-11.786588235294118
2026-02-01 08:00:00,573,Erode,2.0,-11.786588235294118
2026-02-01 09:00:00,573,Erode,4.0,-11.786588235294118
2026-02-01 10:00:00,573,Erode,3.5,-12.109823529411765
2026-02-01 11:00:00,573,Erode,1.5,-12.109823529411765
2026-02-01 12:00:00,573,Erode,2.5,-12.109823529411765
2026-02-01 13:00:00,573,Erode,4.0,-12.109823529411765
2026-02-25 06:00:00,573,Erode,12.0,-15.998875
2026-02-25 22:00:00,573,Erode,11.0,-20.723
2026-02-26 01:00:00,573,Erode,0.5,-20.723
2026-02-26 11:00:00,573,Erode,1.5,-10.38
2026-02-26 12:00:00,573,Erode,4.0,-10.38
2026-02-27 11:00:00,573,Erode,0.5,-8.283375
2026-02-27 14:00:00,573,Erode,1.0,-8.283375
2026-02-27 17:00:00,573,Erode,0.5,-12.79
2026-02-27 18:00:00,573,Erode,13.5,-12.79
2026-02-27 19:00:00,573,Erode,0.5,-12.79
2026-02-28 09:00:00,573,Erode,1.5,-11.065235294117644
2026-02-28 19:00:00,573,Erode,1.0,-11.734625
2026-02-28 21:00:00,573,Erode,1.0,-11.734625
2026-02-28 22:00:00,573,Erode,1.0,-11.443875
2026-03-01 01:00:00,573,Erode,1.5,-11.443875
2026-03-01 02:00:00,573,Erode,0.5,-11.443875
2026-03-01 03:00:00,573,Erode,1.0,-11.443875
2026-03-01 04:00:00,573,Erode,0.5,-5.2164
2026-03-01 08:00:00,573,Erode,2.5,-5.2164
2026-03-18 19:00:00,573,Erode,0.5,-12.557833333333337
2026-03-19 01:00:00,573,Erode,0.5,-12.049722222222222
2026-03-19 02:00:00,573,Erode,7.5,-12.049722222222222
2026-03-20 05:00:00,573,Erode,1.5,-7.304900000000001
2026-03-20 06:00:00,573,Erode,75.5,-7.304900000000001
2026-03-20 07:00:00,573,Erode,11.5,-7.304900000000001
2026-03-22 05:00:00,573,Erode,0.5,-25.337200000000003
2023-10-29 08:00:00,729,Kallakurichi,2.0,-1.42
2023-10-29 09:00:00,729,Kallakurichi,0.5,-1.42
2023-10-30 02:00:00,729,Kallakurichi,11.5,-1.42
2023-10-30 03:00:00,729,Kallakurichi,13.5,-1.42
2023-10-30 04:00:00,729,Kallakurichi,1.0,-1.42
2023-10-30 05:00:00,729,Kallakurichi,0.5,-1.42
2023-10-30 06:00:00,729,Kallakurichi,0.5,-1.42
2023-10-30 12:00:00,729,Kallakurichi,0.5,-1.42
2023-10-30 13:00:00,729,Kallakurichi,1.0,-1.42
2023-10-30 14:00:00,729,Kallakurichi,1.0,-1.42
2023-10-30 17:00:00,729,Kallakurichi,0.5,-1.42
2023-10-31 15:00:00,729,Kallakurichi,0.5,-1.42
2023-10-31 16:00:00,729,Kallakurichi,0.5,-1.42
2023-10-31 19:00:00,729,Kallakurichi,0.5,-1.42
2023-11-01 18:00:00,729,Kallakurichi,1.5,-1.42
2023-11-01 22:00:00,729,Kallakurichi,0.5,-1.42
2023-11-03 12:00:00,729,Kallakurichi,1.5,-2.09
2023-11-03 13:00:00,729,Kallakurichi,4.5,-2.09
2023-11-03 14:00:00,729,Kallakurichi,11.5,-2.09
2023-11-03 15:00:00,729,Kallakurichi,0.5,-2.09
2023-11-03 20:00:00,729,Kallakurichi,0.5,-1.4
2023-11-04 05:00:00,729,Kallakurichi,0.5,-1.31
2023-11-04 06:00:00,729,Kallakurichi,1.0,-1.31
2023-11-04 07:00:00,729,Kallakurichi,0.5,-1.31
2023-11-04 08:00:00,729,Kallakurichi,0.5,-1.31
2023-11-04 20:00:00,729,Kallakurichi,0.5,-1.17
2023-11-04 21:00:00,729,Kallakurichi,0.5,-1.17
2023-11-05 00:00:00,729,Kallakurichi,0.5,-1.08
2023-11-06 10:00:00,729,Kallakurichi,0.5,-1.11
2023-11-08 00:00:00,729,Kallakurichi,13.0,-0.91
2023-11-08 02:00:00,729,Kallakurichi,3.0,-0.91
2023-11-08 03:00:00,729,Kallakurichi,8.5,-0.91
2023-11-08 04:00:00,729,Kallakurichi,2.0,-0.665
2023-11-08 05:00:00,729,Kallakurichi,1.5,-0.665
2023-11-08 06:00:00,729,Kallakurichi,0.5,-0.665
2023-11-09 02:00:00,729,Kallakurichi,1.0,-0.595
2023-11-09 03:00:00,729,Kallakurichi,1.0,-0.595
2023-11-09 17:00:00,729,Kallakurichi,1.0,-0.625
2023-11-10 02:00:00,729,Kallakurichi,4.5,-0.5249999999999999
2023-11-10 03:00:00,729,Kallakurichi,0.5,-0.5249999999999999
2023-11-10 04:00:00,729,Kallakurichi,3.5,-0.515
2023-11-10 17:00:00,729,Kallakurichi,20.5,-0.59
2023-11-10 18:00:00,729,Kallakurichi,2850.5,-0.59
2023-11-10 19:00:00,729,Kallakurichi,466.0,-0.59
2023-11-10 20:00:00,729,Kallakurichi,25.0,-0.59
2023-11-10 21:00:00,729,Kallakurichi,16.0,-0.59
2023-11-10 22:00:00,729,Kallakurichi,7.5,-0.495
2023-11-10 23:00:00,729,Kallakurichi,11.5,-0.495
2023-11-11 00:00:00,729,Kallakurichi,6.5,-0.495
2023-11-11 01:00:00,729,Kallakurichi,22.0,-0.495
2023-11-11 02:00:00,729,Kallakurichi,4.0,-0.495
2023-11-11 03:00:00,729,Kallakurichi,0.5,-0.495
2023-11-11 04:00:00,729,Kallakurichi,68.0,-0.515
2023-11-11 05:00:00,729,Kallakurichi,2.0,-0.515
2023-11-11 06:00:00,729,Kallakurichi,1.0,-0.515
2023-11-20 19:00:00,729,Kallakurichi,0.5,-0.665
2023-11-21 10:00:00,729,Kallakurichi,0.5,-0.7949999999999999
2023-11-21 17:00:00,729,Kallakurichi,12.5,-0.6950000000000001
2023-11-21 18:00:00,729,Kallakurichi,6.5,-0.6950000000000001
2023-11-21 23:00:00,729,Kallakurichi,0.5,-0.635
2023-11-22 13:00:00,729,Kallakurichi,2.0,-0.875
2023-11-23 15:00:00,729,Kallakurichi,7.0,-0.65
2023-11-24 01:00:00,729,Kallakurichi,0.5,-0.52
2023-11-24 18:00:00,729,Kallakurichi,0.5,-0.485
2023-11-24 19:00:00,729,Kallakurichi,1.0,-0.485
2023-11-25 11:00:00,729,Kallakurichi,0.5,-0.54
2023-11-25 13:00:00,729,Kallakurichi,1.0,-0.54
2023-11-25 14:00:00,729,Kallakurichi,0.5,-0.54
2023-11-25 16:00:00,729,Kallakurichi,2.0,-0.455
2023-11-25 17:00:00,729,Kallakurichi,0.5,-0.455
2023-11-25 19:00:00,729,Kallakurichi,1.5,-0.455
2023-11-26 08:00:00,729,Kallakurichi,0.5,-0.455
2023-11-26 13:00:00,729,Kallakurichi,3.0,-0.52
2023-11-26 15:00:00,729,Kallakurichi,1.0,-0.52
2023-11-26 16:00:00,729,Kallakurichi,0.5,-0.315
2023-11-26 17:00:00,729,Kallakurichi,12.5,-0.315
2023-11-27 02:00:00,729,Kallakurichi,0.5,-0.31
2023-11-27 18:00:00,729,Kallakurichi,0.5,-0.385
2023-11-28 14:00:00,729,Kallakurichi,5.0,-0.555
2023-11-28 15:00:00,729,Kallakurichi,0.5,-0.555
2023-11-29 00:00:00,729,Kallakurichi,1.0,-0.26
2023-11-29 01:00:00,729,Kallakurichi,1.0,-0.26
2023-11-29 04:00:00,729,Kallakurichi,1.0,-0.24
2023-11-29 05:00:00,729,Kallakurichi,12.5,-0.24
2023-11-29 06:00:00,729,Kallakurichi,1.5,-0.24
2023-11-29 07:00:00,729,Kallakurichi,0.5,-0.24
2023-11-29 13:00:00,729,Kallakurichi,3.0,-0.35
2023-11-29 14:00:00,729,Kallakurichi,17.5,-0.35
2023-11-29 15:00:00,729,Kallakurichi,0.5,-0.35
2023-11-29 16:00:00,729,Kallakurichi,0.5,-0.245
2023-11-29 19:00:00,729,Kallakurichi,0.5,-0.245
2023-11-29 22:00:00,729,Kallakurichi,1.5,-0.215
2023-11-30 00:00:00,729,Kallakurichi,0.5,-0.215
2023-12-01 04:00:00,729,Kallakurichi,0.5,-0.265
2023-12-01 06:00:00,729,Kallakurichi,1.5,-0.265
2023-12-01 14:00:00,729,Kallakurichi,13.5,-0.39
2023-12-02 16:00:00,729,Kallakurichi,2.0,-0.325
2023-12-02 17:00:00,729,Kallakurichi,2.5,-0.325
2023-12-03 01:00:00,729,Kallakurichi,0.5,-0.3
2023-12-03 08:00:00,729,Kallakurichi,0.5,-0.31
2023-12-03 10:00:00,729,Kallakurichi,1.5,-0.34
2023-12-03 11:00:00,729,Kallakurichi,0.5,-0.34
2023-12-03 13:00:00,729,Kallakurichi,0.5,-0.34
2023-12-03 19:00:00,729,Kallakurichi,0.5,-0.325
2023-12-04 02:00:00,729,Kallakurichi,0.5,-0.305
2023-12-08 14:55:00,729,Kallakurichi,1.5,-0.305
2023-12-08 15:00:00,729,Kallakurichi,1.5,-0.305
2024-01-15 08:00:00,729,Kallakurichi,0.5,-0.79
2024-01-15 14:00:00,729,Kallakurichi,1015.0,-0.91
2024-01-15 15:00:00,729,Kallakurichi,17.5,-0.91
2024-01-15 16:00:00,729,Kallakurichi,72.0,-0.8500000000000001
2024-01-16 14:00:00,729,Kallakurichi,185.5,-0.885
2024-01-17 17:00:00,729,Kallakurichi,0.5,-0.94
2024-01-20 21:00:00,729,Kallakurichi,0.5,-0.995
2024-01-25 09:00:00,729,Kallakurichi,0.5,-1.105
2024-01-27 08:50:00,729,Kallakurichi,2.0,-1.14
2024-01-27 09:05:00,729,Kallakurichi,2.0,-1.255
2024-01-27 09:10:00,729,Kallakurichi,2.0,-1.255
2024-01-27 09:15:00,729,Kallakurichi,2.0,-1.255
2024-01-27 09:20:00,729,Kallakurichi,2.0,-1.255
2024-01-27 09:25:00,729,Kallakurichi,2.0,-1.255
2024-01-27 09:30:00,729,Kallakurichi,2.0,-1.255
2024-01-27 09:35:00,729,Kallakurichi,2.0,-1.255
2024-01-27 11:00:00,729,Kallakurichi,1.0,-1.255
2024-03-26 14:20:00,729,Kallakurichi,1.5,-2.56
2024-03-26 14:25:00,729,Kallakurichi,1.5,-2.56
2024-03-26 14:30:00,729,Kallakurichi,1.5,-2.56
2024-03-26 14:35:00,729,Kallakurichi,1.5,-2.56
2024-03-26 14:40:00,729,Kallakurichi,1.5,-2.56
2024-03-26 14:45:00,729,Kallakurichi,1.5,-2.56
2024-03-26 14:50:00,729,Kallakurichi,1.5,-2.56
2024-03-26 14:55:00,729,Kallakurichi,1.5,-2.56
2024-05-08 06:00:00,729,Kallakurichi,6.0,-4.84
2024-05-08 07:00:00,729,Kallakurichi,6.5,-4.84
2024-05-08 08:00:00,729,Kallakurichi,6.5,-4.84
2024-05-08 09:00:00,729,Kallakurichi,6.0,-4.84
2024-05-08 10:00:00,729,Kallakurichi,4.5,-4.87
2024-05-08 11:00:00,729,Kallakurichi,3.5,-4.87
2024-05-08 12:00:00,729,Kallakurichi,2.5,-4.87
2024-05-08 13:00:00,729,Kallakurichi,3.0,-4.87
2024-05-08 14:00:00,729,Kallakurichi,3.5,-4.87
2024-05-08 15:00:00,729,Kallakurichi,3.5,-4.87
2024-05-08 16:00:00,729,Kallakurichi,3.5,-4.79
2024-05-08 17:00:00,729,Kallakurichi,4.5,-4.79
2024-05-08 18:00:00,729,Kallakurichi,4.0,-4.79
2024-05-08 19:00:00,729,Kallakurichi,4.5,-4.79
2024-05-08 20:00:00,729,Kallakurichi,3.0,-4.79
2024-05-08 21:00:00,729,Kallakurichi,1.5,-4.79
2024-05-08 22:00:00,729,Kallakurichi,1.0,-4.62
2024-05-08 23:00:00,729,Kallakurichi,1.0,-4.62
2024-05-09 00:00:00,729,Kallakurichi,0.5,-4.62
2024-05-09 01:00:00,729,Kallakurichi,0.5,-4.62
2024-05-09 02:00:00,729,Kallakurichi,0.5,-4.62
2024-05-09 03:00:00,729,Kallakurichi,0.5,-4.62
2024-05-09 05:00:00,729,Kallakurichi,0.5,-4.6
2024-05-09 06:00:00,729,Kallakurichi,0.5,-4.6
2024-05-09 08:00:00,729,Kallakurichi,0.5,-4.6
2024-05-09 10:00:00,729,Kallakurichi,0.5,-4.73
2024-05-09 12:00:00,729,Kallakurichi,0.5,-4.73
2024-05-09 14:00:00,729,Kallakurichi,0.5,-4.73
2024-05-09 16:00:00,729,Kallakurichi,0.5,-4.56
2024-05-10 20:00:00,729,Kallakurichi,0.5,-4.34
2024-05-14 03:00:00,729,Kallakurichi,0.5,-4.34
2024-05-14 04:00:00,729,Kallakurichi,0.5,-4.37
2024-05-14 05:00:00,729,Kallakurichi,0.5,-4.37
2024-05-14 07:00:00,729,Kallakurichi,0.5,-4.37
2024-05-14 08:00:00,729,Kallakurichi,0.5,-4.37
2024-05-14 10:00:00,729,Kallakurichi,0.5,-4.54
2024-05-14 12:00:00,729,Kallakurichi,0.5,-4.54
2024-05-14 15:00:00,729,Kallakurichi,0.5,-4.54
2024-05-14 20:00:00,729,Kallakurichi,0.5,-4.34
2024-05-15 04:00:00,729,Kallakurichi,0.5,-4.33
2024-05-15 17:00:00,729,Kallakurichi,0.5,-4.24
2024-05-16 01:00:00,729,Kallakurichi,1.5,-4.26
2024-05-16 02:00:00,729,Kallakurichi,0.5,-4.26
2024-05-16 08:00:00,729,Kallakurichi,1.5,-4.28
2024-05-16 09:00:00,729,Kallakurichi,0.5,-4.28
2024-05-16 10:00:00,729,Kallakurichi,0.5,-4.38
2024-05-16 12:00:00,729,Kallakurichi,0.5,-4.38
2024-05-17 12:00:00,729,Kallakurichi,0.5,-3.725
2024-05-17 18:00:00,729,Kallakurichi,7.5,-3.605
2024-05-17 19:00:00,729,Kallakurichi,7.0,-3.605
2024-05-17 20:00:00,729,Kallakurichi,0.5,-3.605
2024-05-17 21:00:00,729,Kallakurichi,0.5,-3.605
2024-05-18 17:00:00,729,Kallakurichi,0.5,-3.635
2024-05-20 08:00:00,729,Kallakurichi,0.5,-3.765
2024-05-20 17:00:00,729,Kallakurichi,0.5,-3.705
2024-05-20 18:00:00,729,Kallakurichi,5.0,-3.705
2024-05-20 20:00:00,729,Kallakurichi,0.5,-3.705
2024-05-21 04:00:00,729,Kallakurichi,1.0,-3.755
2024-05-22 04:00:00,729,Kallakurichi,0.5,-3.735
2024-05-22 22:00:00,729,Kallakurichi,0.5,-3.765
2024-05-24 05:00:00,729,Kallakurichi,0.5,-3.735
2024-05-25 20:00:00,729,Kallakurichi,0.5,-3.745
2024-05-28 02:00:00,729,Kallakurichi,0.5,-3.685000000000001
2024-05-31 10:00:00,729,Kallakurichi,0.5,-7.492500000000001
2024-06-01 17:00:00,729,Kallakurichi,1.0,-7.93
2024-06-01 21:00:00,729,Kallakurichi,5.5,-7.93
2024-06-01 23:00:00,729,Kallakurichi,0.5,-7.9
2024-06-02 03:00:00,729,Kallakurichi,0.5,-7.9
2024-06-02 18:00:00,729,Kallakurichi,1.5,-7.967999999999999
2024-06-02 19:00:00,729,Kallakurichi,0.5,-7.967999999999999
2024-06-02 21:00:00,729,Kallakurichi,29.0,-7.967999999999999
2024-06-02 22:00:00,729,Kallakurichi,38.5,-7.946
2024-06-03 21:00:00,729,Kallakurichi,48.5,-7.973999999999999
2024-06-03 22:00:00,729,Kallakurichi,10.0,-7.976000000000001
2024-06-03 23:00:00,729,Kallakurichi,2.0,-7.976000000000001
2024-06-04 06:00:00,729,Kallakurichi,0.5,-8.383333333333333
2024-06-04 08:00:00,729,Kallakurichi,0.5,-8.383333333333333
2024-06-04 10:00:00,729,Kallakurichi,0.5,-8.413333333333332
2024-06-04 22:00:00,729,Kallakurichi,0.5,-8.368333333333334
2024-06-04 23:00:00,729,Kallakurichi,0.5,-8.368333333333334
2024-06-05 15:00:00,729,Kallakurichi,1.0,-7.798571428571429
2024-06-05 21:00:00,729,Kallakurichi,1.0,-7.767142857142857
2024-06-05 22:00:00,729,Kallakurichi,3.5,-7.758571428571428
2024-06-05 23:00:00,729,Kallakurichi,6.5,-7.758571428571428
2024-06-06 00:00:00,729,Kallakurichi,1.5,-7.758571428571428
2024-06-06 01:00:00,729,Kallakurichi,0.5,-7.758571428571428
2024-06-07 12:00:00,729,Kallakurichi,0.5,-7.424285714285714
2024-06-07 21:00:00,729,Kallakurichi,23.0,-7.409999999999999
2024-06-07 22:00:00,729,Kallakurichi,2.5,-7.355714285714286
2024-06-07 23:00:00,729,Kallakurichi,0.75,-7.355714285714286
2024-06-08 00:00:00,729,Kallakurichi,0.5,-7.355714285714286
2024-06-08 01:00:00,729,Kallakurichi,0.5,-7.355714285714286
2024-06-12 10:00:00,729,Kallakurichi,0.5,-7.247142857142857
2024-06-18 20:00:00,729,Kallakurichi,4.0,-7.522857142857143
2024-06-18 21:00:00,729,Kallakurichi,2.0,-7.522857142857143
2024-06-19 18:00:00,729,Kallakurichi,0.5,-7.572857142857143
2024-06-20 14:00:00,729,Kallakurichi,0.5,-7.652857142857143
2024-06-20 18:00:00,729,Kallakurichi,16.0,-7.585714285714286
2024-06-22 17:00:00,729,Kallakurichi,0.5,-7.595714285714286
2024-06-25 19:00:00,729,Kallakurichi,5.0,-7.685714285714285
2024-06-25 20:00:00,729,Kallakurichi,14.5,-7.685714285714285
2024-06-25 21:00:00,729,Kallakurichi,0.5,-7.685714285714285
2024-06-25 22:00:00,729,Kallakurichi,0.5,-7.6571428571428575
2024-06-26 03:00:00,729,Kallakurichi,0.5,-7.6571428571428575
2024-06-26 04:00:00,729,Kallakurichi,0.5,-7.647142857142858
2024-06-26 09:00:00,729,Kallakurichi,0.5,-7.647142857142858
2024-06-26 13:00:00,729,Kallakurichi,0.5,-7.75
2024-07-12 21:00:00,729,Kallakurichi,0.5,-8.08
2024-07-12 22:00:00,729,Kallakurichi,0.5,-8.044285714285715
2024-07-12 23:00:00,729,Kallakurichi,2.5,-8.044285714285715
2024-07-13 00:00:00,729,Kallakurichi,1.0,-8.044285714285715
2024-07-13 02:00:00,729,Kallakurichi,0.5,-8.044285714285715
2024-07-15 06:00:00,729,Kallakurichi,0.5,-7.975714285714285
2024-07-15 10:00:00,729,Kallakurichi,0.5,-8.002857142857142
2024-07-15 22:00:00,729,Kallakurichi,1.5,-7.941428571428572
2024-07-15 23:00:00,729,Kallakurichi,0.5,-7.941428571428572
2024-07-16 01:00:00,729,Kallakurichi,0.5,-7.941428571428572
2024-07-16 03:00:00,729,Kallakurichi,0.5,-7.941428571428572
2024-07-16 04:00:00,729,Kallakurichi,1.0,-7.928571428571429
2024-07-16 05:00:00,729,Kallakurichi,0.5,-7.928571428571429
2024-07-16 07:00:00,729,Kallakurichi,0.5,-7.928571428571429
2024-07-16 08:00:00,729,Kallakurichi,1.5,-7.928571428571429
2024-07-16 13:00:00,729,Kallakurichi,0.5,-8.015714285714285
2024-07-17 02:00:00,729,Kallakurichi,0.5,-7.95
2024-07-17 03:00:00,729,Kallakurichi,0.5,-7.95
2024-07-17 04:00:00,729,Kallakurichi,0.5,-7.932857142857143
2024-07-17 15:00:00,729,Kallakurichi,1.0,-7.957142857142857
2024-07-18 07:00:00,729,Kallakurichi,0.5,-7.921428571428571
2024-07-18 17:00:00,729,Kallakurichi,5.0,-7.92
2024-07-18 18:00:00,729,Kallakurichi,1.5,-7.92
2024-07-18 19:00:00,729,Kallakurichi,0.5,-7.92
2024-07-18 23:00:00,729,Kallakurichi,0.5,-7.915714285714285
2024-07-19 03:00:00,729,Kallakurichi,0.5,-7.915714285714285
2024-07-19 04:00:00,729,Kallakurichi,0.5,-7.895714285714286
2024-07-19 12:00:00,729,Kallakurichi,0.5,-7.944285714285714
2024-07-19 13:00:00,729,Kallakurichi,0.5,-7.944285714285714
2024-07-25 04:00:00,729,Kallakurichi,1.5,-8.031428571428572
2024-07-25 05:00:00,729,Kallakurichi,1.5,-8.031428571428572
2024-07-25 15:00:00,729,Kallakurichi,0.5,-8.127142857142857
2024-07-25 17:00:00,729,Kallakurichi,0.5,-8.06
2024-08-04 21:00:00,729,Kallakurichi,0.5,-8.334285714285715
2024-08-04 22:00:00,729,Kallakurichi,2.0,-8.30857142857143
2024-08-04 23:00:00,729,Kallakurichi,0.5,-8.30857142857143
2024-08-05 00:00:00,729,Kallakurichi,0.5,-8.30857142857143
2024-08-05 01:00:00,729,Kallakurichi,0.5,-8.30857142857143
2024-08-05 02:00:00,729,Kallakurichi,0.5,-8.30857142857143
2024-08-05 04:00:00,729,Kallakurichi,0.5,-8.327142857142857
2024-08-05 06:00:00,729,Kallakurichi,0.5,-8.327142857142857
2024-08-05 13:00:00,729,Kallakurichi,0.5,-8.404285714285715
2024-08-06 09:00:00,729,Kallakurichi,0.5,-8.209999999999999
2024-08-06 12:00:00,729,Kallakurichi,0.5,-8.301428571428572
2024-08-06 15:00:00,729,Kallakurichi,0.5,-8.301428571428572
2024-08-06 19:00:00,729,Kallakurichi,0.5,-8.17
2024-08-07 00:00:00,729,Kallakurichi,0.5,-8.131428571428572
2024-08-07 04:00:00,729,Kallakurichi,0.5,-8.111428571428572
2024-08-07 08:00:00,729,Kallakurichi,0.5,-8.111428571428572
2024-08-07 11:00:00,729,Kallakurichi,0.5,-8.205714285714285
2024-08-07 15:00:00,729,Kallakurichi,0.5,-8.205714285714285
2024-08-07 18:00:00,729,Kallakurichi,0.5,-8.09142857142857
2024-08-08 00:00:00,729,Kallakurichi,0.5,-8.05857142857143
2024-08-08 06:00:00,729,Kallakurichi,0.5,-8.054285714285715
2024-08-08 12:00:00,729,Kallakurichi,0.5,-8.161428571428571
2024-08-08 21:00:00,729,Kallakurichi,0.5,-8.07
2024-08-09 07:00:00,729,Kallakurichi,0.5,-6.401999999999999
2024-08-09 15:00:00,729,Kallakurichi,0.5,-6.386
2024-08-10 01:00:00,729,Kallakurichi,0.5,-6.188
2024-08-10 14:00:00,729,Kallakurichi,0.5,-8.171666666666667
2024-08-29 18:00:00,729,Kallakurichi,1.5,-6.784285714285715
2024-08-29 19:00:00,729,Kallakurichi,0.5,-6.784285714285715
2024-08-29 20:00:00,729,Kallakurichi,0.5,-6.784285714285715
2024-08-30 00:00:00,729,Kallakurichi,0.5,-6.79
2024-08-30 09:00:00,729,Kallakurichi,0.5,-6.792857142857143
2024-08-31 04:00:00,729,Kallakurichi,0.5,-6.7700000000000005
2024-09-01 12:00:00,729,Kallakurichi,0.5,-6.747142857142857
2024-09-03 00:00:00,729,Kallakurichi,0.5,-6.738571428571428
2024-09-04 14:00:00,729,Kallakurichi,0.5,-6.844285714285713
2024-09-06 03:00:00,729,Kallakurichi,0.5,-6.771428571428571
2024-09-08 06:00:00,729,Kallakurichi,0.5,-6.801428571428572
2024-09-21 05:00:00,729,Kallakurichi,0.5,-7.237142857142857
2024-09-21 06:00:00,729,Kallakurichi,0.5,-7.237142857142857
2024-09-21 08:00:00,729,Kallakurichi,0.5,-7.237142857142857
2024-09-21 21:00:00,729,Kallakurichi,1.5,-7.282857142857142
2024-09-21 22:00:00,729,Kallakurichi,1.5,-7.281428571428571
2024-09-21 23:00:00,729,Kallakurichi,1.0,-7.281428571428571
2024-09-22 00:00:00,729,Kallakurichi,1.0,-7.281428571428571
2024-09-22 01:00:00,729,Kallakurichi,0.5,-7.281428571428571
2024-09-22 02:00:00,729,Kallakurichi,0.5,-7.281428571428571
2024-09-22 04:00:00,729,Kallakurichi,0.5,-7.257142857142857
2024-09-22 06:00:00,729,Kallakurichi,0.5,-7.257142857142857
2024-09-22 09:00:00,729,Kallakurichi,0.5,-7.257142857142857
2024-09-22 12:00:00,729,Kallakurichi,0.5,-7.268571428571428
2024-09-22 17:00:00,729,Kallakurichi,0.5,-7.274285714285715
2024-09-23 03:00:00,729,Kallakurichi,0.5,-7.255714285714285
2024-09-23 15:00:00,729,Kallakurichi,1.5,-7.418571428571428
2024-09-23 16:00:00,729,Kallakurichi,3.5,-7.361428571428571
2024-09-23 17:00:00,729,Kallakurichi,0.5,-7.361428571428571
2024-09-24 12:00:00,729,Kallakurichi,0.5,-7.415714285714285
2024-09-24 21:30:00,729,Kallakurichi,0.5,-7.378571428571429
2024-09-24 22:00:00,729,Kallakurichi,0.5,-7.378571428571429
2024-09-25 09:00:00,729,Kallakurichi,0.5,-7.367142857142857
2024-09-25 16:30:00,729,Kallakurichi,2.0,-7.402857142857143
2024-09-25 17:00:00,729,Kallakurichi,4.5,-7.402857142857143
2024-09-25 18:00:00,729,Kallakurichi,1.5,-7.402857142857143
2024-09-25 18:30:00,729,Kallakurichi,2.5,-7.402857142857143
2024-09-25 19:00:00,729,Kallakurichi,3.0,-7.402857142857143
2024-09-26 05:00:00,729,Kallakurichi,0.5,-7.372857142857143
2024-09-27 02:00:00,729,Kallakurichi,0.5,-7.362857142857143
2024-09-27 02:30:00,729,Kallakurichi,8.0,-7.362857142857143
2024-09-27 03:00:00,729,Kallakurichi,11.0,-7.362857142857143
2024-09-27 03:30:00,729,Kallakurichi,1.0,-7.327142857142857
2024-09-27 04:00:00,729,Kallakurichi,3.0,-7.327142857142857
2024-09-27 04:30:00,729,Kallakurichi,0.5,-7.327142857142857
2024-09-27 05:00:00,729,Kallakurichi,1.0,-7.327142857142857
2024-09-27 20:00:00,729,Kallakurichi,0.5,-7.291428571428571
2024-09-28 14:00:00,729,Kallakurichi,4.0,-7.2628571428571425
2024-09-28 14:30:00,729,Kallakurichi,0.5,-7.2628571428571425
2024-09-28 15:00:00,729,Kallakurichi,0.5,-7.2628571428571425
2024-09-29 10:00:00,729,Kallakurichi,0.5,-7.065
2024-09-30 08:00:00,729,Kallakurichi,0.5,-7.181428571428572
2024-10-01 02:00:00,729,Kallakurichi,0.5,-7.175714285714285
2024-10-02 22:30:00,729,Kallakurichi,22.0,-7.188571428571429
2024-10-02 23:00:00,729,Kallakurichi,33.0,-7.188571428571429
2024-10-02 23:30:00,729,Kallakurichi,0.5,-7.188571428571429
2024-10-03 00:00:00,729,Kallakurichi,0.5,-7.188571428571429
2024-10-03 23:00:00,729,Kallakurichi,2.5,-7.88
2024-10-03 23:30:00,729,Kallakurichi,0.5,-7.88
2024-10-04 00:00:00,729,Kallakurichi,1.5,-7.88
2024-10-04 01:30:00,729,Kallakurichi,0.5,-7.88
2024-10-04 02:00:00,729,Kallakurichi,0.5,-7.88
2024-10-04 08:00:00,729,Kallakurichi,0.5,-7.137142857142857
2024-10-04 21:30:00,729,Kallakurichi,1.5,-7.088571428571428
2024-10-04 22:00:00,729,Kallakurichi,9.5,-7.088571428571428
2024-10-04 22:30:00,729,Kallakurichi,19.5,-7.088571428571428
2024-10-04 23:00:00,729,Kallakurichi,21.5,-7.088571428571428
2024-10-05 01:30:00,729,Kallakurichi,0.5,-7.088571428571428
2024-10-05 02:00:00,729,Kallakurichi,1.0,-7.088571428571428
2024-10-05 03:00:00,729,Kallakurichi,0.5,-7.088571428571428
2024-10-05 07:00:00,729,Kallakurichi,0.5,-7.711666666666667
2024-10-05 20:00:00,729,Kallakurichi,0.5,-7.705000000000001
2024-10-06 02:30:00,729,Kallakurichi,0.5,-7.696666666666666
2024-10-06 03:00:00,729,Kallakurichi,13.0,-7.696666666666666
2024-10-06 03:30:00,729,Kallakurichi,3.0,-6.972857142857143
2024-10-06 04:00:00,729,Kallakurichi,8.5,-6.972857142857143
2024-10-06 04:30:00,729,Kallakurichi,1.0,-6.972857142857143
2024-10-06 05:00:00,729,Kallakurichi,1.5,-6.972857142857143
2024-10-06 11:00:00,729,Kallakurichi,0.5,-6.978571428571429
2024-10-07 02:00:00,729,Kallakurichi,0.5,-6.927142857142857
2024-10-07 12:30:00,729,Kallakurichi,0.5,-7.014285714285714
2024-10-07 13:00:00,729,Kallakurichi,1.0,-7.014285714285714
2024-10-07 15:00:00,729,Kallakurichi,0.5,-7.014285714285714
2024-10-07 16:00:00,729,Kallakurichi,9.5,-7.194285714285714
2024-10-07 23:30:00,729,Kallakurichi,1.0,-6.9471428571428575
2024-10-08 00:00:00,729,Kallakurichi,1.0,-6.9471428571428575
2024-10-08 04:00:00,729,Kallakurichi,0.5,-6.938571428571429
2024-10-08 16:00:00,729,Kallakurichi,0.5,-6.93
2024-10-09 05:00:00,729,Kallakurichi,0.5,-6.912857142857143
2024-10-09 16:00:00,729,Kallakurichi,0.5,-6.924285714285714
2024-10-10 04:00:00,729,Kallakurichi,0.5,-6.9071428571428575
2024-10-10 14:00:00,729,Kallakurichi,0.5,-7.027142857142857
2024-10-11 04:00:00,729,Kallakurichi,0.5,-6.968571428571429
2024-10-11 14:00:00,729,Kallakurichi,0.5,-6.985714285714286
2024-10-12 01:00:00,729,Kallakurichi,0.5,-6.961428571428571
2024-10-12 10:00:00,729,Kallakurichi,0.5,-6.964285714285714
2024-10-12 12:30:00,729,Kallakurichi,2.0,-6.964285714285714
2024-10-12 13:00:00,729,Kallakurichi,5.5,-6.964285714285714
2024-10-12 13:30:00,729,Kallakurichi,0.5,-6.964285714285714
2024-10-12 14:00:00,729,Kallakurichi,0.5,-6.964285714285714
2024-10-12 19:00:00,729,Kallakurichi,0.5,-6.885714285714286
2024-10-13 01:30:00,729,Kallakurichi,0.5,-6.865714285714285
2024-10-13 02:00:00,729,Kallakurichi,1.0,-6.865714285714285
2024-10-13 07:00:00,729,Kallakurichi,0.5,-6.855714285714286
2024-10-13 18:00:00,729,Kallakurichi,0.5,-6.832857142857143
2024-10-14 05:00:00,729,Kallakurichi,0.5,-6.8185714285714285
2024-10-14 05:30:00,729,Kallakurichi,0.5,-6.8185714285714285
2024-10-14 06:00:00,729,Kallakurichi,2.0,-6.8185714285714285
2024-10-14 06:30:00,729,Kallakurichi,2.0,-6.8185714285714285
2024-10-14 07:00:00,729,Kallakurichi,2.5,-6.8185714285714285
2024-10-14 07:30:00,729,Kallakurichi,1.5,-6.8185714285714285
2024-10-14 08:00:00,729,Kallakurichi,2.5,-6.8185714285714285
2024-10-14 11:30:00,729,Kallakurichi,0.5,-6.9071428571428575
2024-10-14 12:00:00,729,Kallakurichi,0.5,-6.9071428571428575
2024-10-14 13:00:00,729,Kallakurichi,0.5,-6.9071428571428575
2024-10-14 15:30:00,729,Kallakurichi,0.5,-6.827142857142857
2024-10-14 16:00:00,729,Kallakurichi,0.5,-6.827142857142857
2024-10-14 17:00:00,729,Kallakurichi,1.0,-6.827142857142857
2024-10-14 17:30:00,729,Kallakurichi,1.5,-6.827142857142857
2024-10-14 18:00:00,729,Kallakurichi,2.5,-6.827142857142857
2024-10-14 18:30:00,729,Kallakurichi,1.0,-6.827142857142857
2024-10-14 19:00:00,729,Kallakurichi,1.0,-6.827142857142857
2024-10-14 19:30:00,729,Kallakurichi,1.0,-6.827142857142857
2024-10-14 20:00:00,729,Kallakurichi,2.5,-6.827142857142857
2024-10-14 20:30:00,729,Kallakurichi,1.5,-6.827142857142857
2024-10-14 21:00:00,729,Kallakurichi,3.0,-6.827142857142857
2024-10-14 21:30:00,729,Kallakurichi,1.5,-6.791428571428571
2024-10-14 22:00:00,729,Kallakurichi,3.5,-6.791428571428571
2024-10-14 23:00:00,729,Kallakurichi,0.5,-6.791428571428571
2024-10-15 00:00:00,729,Kallakurichi,0.5,-6.791428571428571
2024-10-15 02:30:00,729,Kallakurichi,1.0,-6.791428571428571
2024-10-15 03:00:00,729,Kallakurichi,1.0,-6.791428571428571
2024-10-15 04:00:00,729,Kallakurichi,0.5,-6.758571428571429
2024-10-15 08:00:00,729,Kallakurichi,0.5,-6.758571428571429
2024-10-15 15:00:00,729,Kallakurichi,0.5,-6.774285714285715
2024-10-15 15:30:00,729,Kallakurichi,2.5,-6.7371428571428575
2024-10-15 16:00:00,729,Kallakurichi,3.5,-6.7371428571428575
2024-10-15 16:30:00,729,Kallakurichi,0.5,-6.7371428571428575
2024-10-15 17:00:00,729,Kallakurichi,1.0,-6.7371428571428575
2024-10-15 18:30:00,729,Kallakurichi,0.5,-6.7371428571428575
2024-10-15 19:00:00,729,Kallakurichi,0.5,-6.7371428571428575
2024-10-15 20:00:00,729,Kallakurichi,0.5,-6.7371428571428575
2024-10-15 22:30:00,729,Kallakurichi,0.5,-6.701428571428571
2024-10-15 23:00:00,729,Kallakurichi,0.5,-6.701428571428571
2024-10-16 06:00:00,729,Kallakurichi,0.5,-6.678571428571429
2024-10-16 16:00:00,729,Kallakurichi,0.5,-6.618571428571428
2024-10-17 02:00:00,729,Kallakurichi,0.5,-6.611428571428571
2024-10-17 13:00:00,729,Kallakurichi,0.5,-6.731428571428571
2024-10-18 12:00:00,729,Kallakurichi,0.5,-6.627142857142857
2024-10-18 23:00:00,729,Kallakurichi,0.5,-6.574285714285714
2024-10-19 07:00:00,729,Kallakurichi,0.5,-6.555714285714286
2024-10-19 13:00:00,729,Kallakurichi,0.5,-6.561428571428571
2024-10-19 16:00:00,729,Kallakurichi,0.5,-6.51
2024-10-19 19:00:00,729,Kallakurichi,0.5,-6.51
2024-10-19 23:00:00,729,Kallakurichi,0.5,-6.46
2024-10-20 03:00:00,729,Kallakurichi,0.5,-6.46
2024-10-20 07:00:00,729,Kallakurichi,0.5,-6.428571428571429
2024-10-20 11:00:00,729,Kallakurichi,0.5,-6.411428571428572
2024-10-20 18:00:00,729,Kallakurichi,0.5,-6.365714285714286
2024-10-21 01:00:00,729,Kallakurichi,0.5,-6.3585714285714285
2024-10-21 10:00:00,729,Kallakurichi,0.5,-6.372857142857143
2024-10-22 04:00:00,729,Kallakurichi,0.5,-6.324285714285714
2024-10-23 09:00:00,729,Kallakurichi,0.5,-6.308571428571428
2024-10-24 00:30:00,729,Kallakurichi,0.5,-6.311428571428571
2024-10-24 01:00:00,729,Kallakurichi,2.0,-6.311428571428571
2024-10-24 01:30:00,729,Kallakurichi,0.5,-6.311428571428571
2024-10-24 02:00:00,729,Kallakurichi,1.5,-6.311428571428571
2024-10-24 02:30:00,729,Kallakurichi,1.0,-6.311428571428571
2024-10-24 03:00:00,729,Kallakurichi,1.0,-6.311428571428571
2024-10-24 04:00:00,729,Kallakurichi,0.5,-6.148571428571429
2024-10-24 14:00:00,729,Kallakurichi,0.5,-6.127142857142857
2024-10-24 15:00:00,729,Kallakurichi,0.5,-6.127142857142857
2024-10-25 00:00:00,729,Kallakurichi,0.5,-6.061428571428571
2024-10-25 11:00:00,729,Kallakurichi,0.5,-6.1
2024-10-25 20:00:00,729,Kallakurichi,0.5,-6.03
2024-10-26 07:00:00,729,Kallakurichi,0.5,-6.028571428571428
2024-10-26 17:00:00,729,Kallakurichi,0.5,-6.028571428571428
2024-10-27 04:00:00,729,Kallakurichi,0.5,-6.005714285714285
2024-10-27 15:00:00,729,Kallakurichi,0.5,-6.027142857142857
2024-10-28 01:00:00,729,Kallakurichi,0.5,-6.0
2024-10-28 10:00:00,729,Kallakurichi,0.5,-6.142857142857143
2024-10-28 15:00:00,729,Kallakurichi,0.5,-6.142857142857143
2024-10-29 00:00:00,729,Kallakurichi,0.5,-6.0442857142857145
2024-10-29 14:00:00,729,Kallakurichi,0.5,-6.072857142857143
2024-10-30 02:00:00,729,Kallakurichi,0.5,-6.048571428571428
2024-10-31 05:00:00,729,Kallakurichi,0.5,-6.331666666666667
2024-10-31 15:00:00,729,Kallakurichi,0.5,-6.353333333333333
2024-11-01 02:00:00,729,Kallakurichi,0.5,-6.323333333333333
2024-11-01 12:00:00,729,Kallakurichi,3.75,-6.034285714285715
2024-11-02 00:00:00,729,Kallakurichi,0.5,-6.01
2024-11-02 05:30:00,729,Kallakurichi,0.5,-6.0
2024-11-02 06:00:00,729,Kallakurichi,0.5,-6.0
2024-11-02 11:00:00,729,Kallakurichi,0.5,-6.011428571428572
2024-11-02 14:30:00,729,Kallakurichi,4.0,-6.011428571428572
2024-11-02 15:00:00,729,Kallakurichi,7.5,-6.011428571428572
2024-11-02 15:30:00,729,Kallakurichi,0.5,-5.93
2024-11-02 16:00:00,729,Kallakurichi,1.0,-5.93
2024-11-03 00:00:00,729,Kallakurichi,0.5,-5.910000000000001
2024-11-03 01:00:00,729,Kallakurichi,14.0,-5.910000000000001
2024-11-04 01:00:00,729,Kallakurichi,0.5,-5.875714285714286
2024-11-04 12:00:00,729,Kallakurichi,0.5,-5.0442857142857145
2024-11-04 13:00:00,729,Kallakurichi,0.5,-5.0442857142857145
2024-11-05 00:00:00,729,Kallakurichi,0.5,-5.875714285714285
2024-11-05 11:00:00,729,Kallakurichi,0.5,-5.892857142857143
2024-11-05 22:00:00,729,Kallakurichi,0.5,-5.851428571428571
2024-11-06 07:00:00,729,Kallakurichi,0.5,-6.178333333333334
2024-11-06 15:00:00,729,Kallakurichi,0.5,-6.243333333333333
2024-11-07 03:00:00,729,Kallakurichi,0.5,-5.847142857142857
2024-11-07 14:00:00,729,Kallakurichi,0.5,-5.905714285714287
2024-11-07 14:30:00,729,Kallakurichi,4.5,-5.905714285714287
2024-11-07 15:00:00,729,Kallakurichi,5.0,-5.905714285714287
2024-11-07 16:00:00,729,Kallakurichi,0.5,-5.88
2024-11-08 16:30:00,729,Kallakurichi,0.5,-5.191666666666667
2024-11-08 17:00:00,729,Kallakurichi,0.5,-5.191666666666667
2024-11-12 01:00:00,729,Kallakurichi,0.5,-5.965714285714285
2024-11-12 12:00:00,729,Kallakurichi,0.5,-6.017142857142857
2024-11-12 23:00:00,729,Kallakurichi,0.5,-5.982857142857142
2024-11-13 01:00:00,729,Kallakurichi,0.5,-5.982857142857142
2024-11-13 02:00:00,729,Kallakurichi,0.5,-5.982857142857142
2024-11-13 06:00:00,729,Kallakurichi,0.5,-5.981428571428571
2024-11-13 06:30:00,729,Kallakurichi,2.5,-5.981428571428571
2024-11-13 07:00:00,729,Kallakurichi,2.5,-5.981428571428571
2024-11-13 07:30:00,729,Kallakurichi,0.5,-5.981428571428571
2024-11-13 08:00:00,729,Kallakurichi,1.5,-5.981428571428571
2024-11-13 08:30:00,729,Kallakurichi,0.5,-5.981428571428571
2024-11-13 09:00:00,729,Kallakurichi,1.0,-5.981428571428571
2024-11-13 09:30:00,729,Kallakurichi,0.5,-5.99
2024-11-13 10:00:00,729,Kallakurichi,0.75,-5.99
2024-11-13 11:00:00,729,Kallakurichi,0.5,-5.99
2024-11-13 11:30:00,729,Kallakurichi,0.5,-5.99
2024-11-13 12:00:00,729,Kallakurichi,0.5,-5.99
2024-11-13 22:00:00,729,Kallakurichi,0.5,-5.9557142857142855
2024-11-14 01:00:00,729,Kallakurichi,0.5,-5.9557142857142855
2024-11-14 03:30:00,729,Kallakurichi,0.5,-5.25
2024-11-14 04:00:00,729,Kallakurichi,0.5,-5.25
2024-11-14 05:30:00,729,Kallakurichi,0.5,-5.25
2024-11-14 06:00:00,729,Kallakurichi,0.5,-5.25
2024-11-14 07:30:00,729,Kallakurichi,1.0,-5.25
2024-11-14 08:00:00,729,Kallakurichi,1.0,-5.25
2024-11-14 10:00:00,729,Kallakurichi,0.5,-5.323333333333333
2024-11-14 14:30:00,729,Kallakurichi,5.5,-5.323333333333333
2024-11-14 15:00:00,729,Kallakurichi,7.0,-5.323333333333333
2024-11-14 16:30:00,729,Kallakurichi,0.5,-5.238333333333333
2024-11-14 17:00:00,729,Kallakurichi,0.5,-5.238333333333333
2024-11-14 21:00:00,729,Kallakurichi,0.5,-5.238333333333333
2024-11-14 23:30:00,729,Kallakurichi,0.5,-5.211666666666667
2024-11-15 00:00:00,729,Kallakurichi,0.5,-5.211666666666667
2024-11-15 03:00:00,729,Kallakurichi,0.5,-5.211666666666667
2024-11-15 10:00:00,729,Kallakurichi,0.5,-5.22
2024-11-15 13:30:00,729,Kallakurichi,0.5,-5.22
2024-11-15 14:00:00,729,Kallakurichi,0.5,-5.22
2024-11-15 14:30:00,729,Kallakurichi,5.0,-5.22
2024-11-15 15:00:00,729,Kallakurichi,5.0,-5.22
2024-11-15 15:30:00,729,Kallakurichi,0.5,-5.173333333333333
2024-11-15 16:00:00,729,Kallakurichi,0.5,-5.173333333333333
2024-11-15 20:00:00,729,Kallakurichi,0.5,-5.173333333333333
2024-11-16 01:30:00,729,Kallakurichi,0.5,-5.1466666666666665
2024-11-16 02:00:00,729,Kallakurichi,0.5,-5.1466666666666665
2024-11-16 06:00:00,729,Kallakurichi,0.5,-5.131666666666667
2024-11-16 06:30:00,729,Kallakurichi,0.5,-5.131666666666667
2024-11-16 07:00:00,729,Kallakurichi,0.5,-5.131666666666667
2024-11-16 07:30:00,729,Kallakurichi,0.5,-5.131666666666667
2024-11-16 08:00:00,729,Kallakurichi,0.5,-5.131666666666667
2024-11-16 10:00:00,729,Kallakurichi,4.5,-5.131666666666667
2024-11-16 10:30:00,729,Kallakurichi,1.5,-5.131666666666667
2024-11-16 11:00:00,729,Kallakurichi,3.5,-5.131666666666667
2024-11-16 12:30:00,729,Kallakurichi,3.5,-5.131666666666667
2024-11-16 13:00:00,729,Kallakurichi,4.0,-5.131666666666667
2024-11-16 19:00:00,729,Kallakurichi,0.5,-5.098333333333334
2024-11-17 06:00:00,729,Kallakurichi,0.5,-5.053333333333334
2024-11-17 17:00:00,729,Kallakurichi,0.5,-5.015
2024-11-18 03:00:00,729,Kallakurichi,0.5,-5.0183333333333335
2024-11-18 14:00:00,729,Kallakurichi,0.5,-5.163333333333333
2024-11-19 01:00:00,729,Kallakurichi,0.5,-5.011666666666667
2024-11-19 11:00:00,729,Kallakurichi,0.5,-5.0616666666666665
2024-11-19 22:00:00,729,Kallakurichi,0.5,-5.031666666666666
2024-11-20 10:00:00,729,Kallakurichi,0.5,-5.586
2024-11-20 21:00:00,729,Kallakurichi,0.5,-5.548
2024-11-21 03:00:00,729,Kallakurichi,0.5,-5.548
2024-11-21 09:00:00,729,Kallakurichi,0.5,-5.053333333333334
2024-11-21 14:00:00,729,Kallakurichi,0.5,-5.101666666666667
2024-11-21 20:00:00,729,Kallakurichi,0.5,-5.078333333333333
2024-11-22 03:00:00,729,Kallakurichi,0.5,-5.073333333333333
2024-11-22 10:00:00,729,Kallakurichi,0.5,-5.153333333333333
2024-11-22 21:00:00,729,Kallakurichi,0.5,-5.101666666666667
2024-11-23 04:00:00,729,Kallakurichi,0.5,-5.116666666666666
2024-11-23 11:00:00,729,Kallakurichi,0.5,-5.136666666666667
2024-11-23 17:00:00,729,Kallakurichi,0.5,-5.11
2024-11-24 00:00:00,729,Kallakurichi,0.5,-5.113333333333333
2024-11-24 08:00:00,729,Kallakurichi,0.5,-5.786
2024-11-24 15:00:00,729,Kallakurichi,0.5,-5.766
2024-11-24 22:00:00,729,Kallakurichi,0.5,-5.7620000000000005
2024-11-25 06:00:00,729,Kallakurichi,0.5,-5.0633333333333335
2024-11-25 14:00:00,729,Kallakurichi,0.5,-5.166666666666666
2024-11-25 22:00:00,729,Kallakurichi,0.5,-5.07
2024-11-26 07:00:00,729,Kallakurichi,0.5,-5.048333333333333
2024-11-26 11:30:00,729,Kallakurichi,1.0,-5.083333333333333
2024-11-26 12:00:00,729,Kallakurichi,1.5,-5.083333333333333
2024-11-26 12:30:00,729,Kallakurichi,0.5,-5.083333333333333
2024-11-26 13:00:00,729,Kallakurichi,1.5,-5.083333333333333
2024-11-26 16:30:00,729,Kallakurichi,0.5,-5.06
2024-11-26 17:00:00,729,Kallakurichi,2.0,-5.06
2024-11-26 17:30:00,729,Kallakurichi,1.5,-5.06
2024-11-26 18:00:00,729,Kallakurichi,2.0,-5.06
2024-11-26 18:30:00,729,Kallakurichi,0.5,-5.06
2024-11-26 19:00:00,729,Kallakurichi,1.0,-5.06
2024-11-26 19:30:00,729,Kallakurichi,0.5,-5.06
2024-11-26 21:30:00,729,Kallakurichi,0.5,-5.031666666666666
2024-11-26 22:00:00,729,Kallakurichi,0.5,-5.031666666666666
2024-11-27 00:30:00,729,Kallakurichi,0.5,-5.031666666666666
2024-11-27 01:00:00,729,Kallakurichi,1.0,-5.031666666666666
2024-11-27 01:30:00,729,Kallakurichi,0.5,-5.031666666666666
2024-11-27 02:00:00,729,Kallakurichi,0.5,-5.031666666666666
2024-11-27 02:30:00,729,Kallakurichi,1.0,-5.031666666666666
2024-11-27 03:00:00,729,Kallakurichi,2.0,-5.031666666666666
2024-11-27 03:30:00,729,Kallakurichi,0.5,-4.998333333333334
2024-11-27 04:00:00,729,Kallakurichi,0.5,-4.998333333333334
2024-11-27 05:00:00,729,Kallakurichi,0.5,-4.998333333333334
2024-11-27 10:00:00,729,Kallakurichi,0.5,-5.011666666666667
2024-11-27 19:00:00,729,Kallakurichi,0.5,-4.968333333333334
2024-11-28 12:00:00,729,Kallakurichi,0.5,-4.9816666666666665
2024-11-29 06:00:00,729,Kallakurichi,0.5,-4.925
2024-11-29 15:00:00,729,Kallakurichi,0.5,-4.95
2024-11-30 01:00:00,729,Kallakurichi,0.5,-4.933333333333334
2024-11-30 08:00:00,729,Kallakurichi,0.5,-4.925
2024-11-30 09:30:00,729,Kallakurichi,0.5,-4.94
2024-11-30 10:00:00,729,Kallakurichi,0.5,-4.94
2024-11-30 11:00:00,729,Kallakurichi,0.75,-4.94
2024-11-30 11:30:00,729,Kallakurichi,2.0,-4.94
2024-11-30 12:00:00,729,Kallakurichi,4.5,-4.94
2024-11-30 12:30:00,729,Kallakurichi,2.5,-4.94
2024-11-30 13:00:00,729,Kallakurichi,3.5,-4.94
2024-11-30 13:30:00,729,Kallakurichi,1.0,-4.94
2024-11-30 14:00:00,729,Kallakurichi,1.5,-4.94
2024-11-30 14:30:00,729,Kallakurichi,1.0,-4.94
2024-11-30 15:30:00,729,Kallakurichi,2.5,-4.86
2024-11-30 16:00:00,729,Kallakurichi,6.0,-4.86
2024-11-30 16:30:00,729,Kallakurichi,3.0,-4.86
2024-11-30 17:00:00,729,Kallakurichi,6.5,-4.86
2024-11-30 17:30:00,729,Kallakurichi,2.5,-4.86
2024-11-30 18:00:00,729,Kallakurichi,5.0,-4.86
2024-11-30 18:30:00,729,Kallakurichi,3.5,-4.86
2024-11-30 19:00:00,729,Kallakurichi,5.5,-4.86
2024-11-30 19:30:00,729,Kallakurichi,2.0,-4.86
2024-11-30 20:00:00,729,Kallakurichi,4.0,-4.86
2024-11-30 20:30:00,729,Kallakurichi,2.5,-4.86
2024-11-30 21:00:00,729,Kallakurichi,2.75,-4.86
2024-11-30 21:30:00,729,Kallakurichi,2.5,-4.656666666666666
2024-11-30 22:30:00,729,Kallakurichi,5.0,-4.656666666666666
2024-11-30 23:00:00,729,Kallakurichi,7.5,-4.656666666666666
2024-11-30 23:30:00,729,Kallakurichi,4.0,-4.656666666666666
2024-12-01 00:00:00,729,Kallakurichi,7.0,-4.656666666666666
2024-12-01 00:30:00,729,Kallakurichi,2.5,-4.656666666666666
2024-12-01 02:00:00,729,Kallakurichi,6.5,-4.656666666666666
2024-12-01 02:30:00,729,Kallakurichi,3.5,-4.656666666666666
2024-12-01 03:00:00,729,Kallakurichi,6.0,-4.656666666666666
2024-12-01 03:30:00,729,Kallakurichi,5.0,-4.401666666666666
2024-12-01 04:00:00,729,Kallakurichi,6.25,-4.401666666666666
2024-12-01 04:30:00,729,Kallakurichi,6.0,-4.401666666666666
2024-12-01 05:00:00,729,Kallakurichi,13.5,-4.401666666666666
2024-12-01 05:30:00,729,Kallakurichi,9.0,-4.401666666666666
2024-12-01 06:00:00,729,Kallakurichi,16.0,-4.401666666666666
2024-12-01 06:30:00,729,Kallakurichi,7.5,-4.401666666666666
2024-12-01 07:00:00,729,Kallakurichi,12.5,-4.401666666666666
2024-12-01 07:30:00,729,Kallakurichi,11.0,-4.401666666666666
2024-12-01 08:00:00,729,Kallakurichi,20.0,-4.401666666666666
2024-12-01 08:30:00,729,Kallakurichi,15.0,-4.401666666666666
2024-12-01 09:00:00,729,Kallakurichi,22.0,-4.401666666666666
2024-12-01 09:30:00,729,Kallakurichi,6.5,-4.091666666666667
2024-12-01 10:00:00,729,Kallakurichi,5.25,-4.091666666666667
2024-12-01 10:30:00,729,Kallakurichi,7.0,-4.091666666666667
2024-12-01 11:00:00,729,Kallakurichi,17.0,-4.091666666666667
2024-12-01 11:30:00,729,Kallakurichi,5.0,-4.091666666666667
2024-12-01 12:00:00,729,Kallakurichi,10.0,-4.091666666666667
2024-12-01 12:30:00,729,Kallakurichi,7.5,-4.091666666666667
2024-12-01 13:00:00,729,Kallakurichi,18.0,-4.091666666666667
2024-12-01 13:30:00,729,Kallakurichi,9.0,-4.091666666666667
2024-12-01 14:00:00,729,Kallakurichi,15.5,-4.091666666666667
2024-12-01 14:30:00,729,Kallakurichi,3.5,-4.091666666666667
2024-12-01 15:00:00,729,Kallakurichi,4.5,-4.091666666666667
2024-12-01 15:30:00,729,Kallakurichi,4.5,-3.716666666666667
2024-12-01 16:00:00,729,Kallakurichi,8.5,-3.716666666666667
2024-12-01 16:30:00,729,Kallakurichi,3.5,-3.716666666666667
2024-12-01 17:00:00,729,Kallakurichi,9.5,-3.716666666666667
2024-12-01 17:30:00,729,Kallakurichi,5.0,-3.716666666666667
2024-12-01 18:00:00,729,Kallakurichi,7.0,-3.716666666666667
2024-12-01 18:30:00,729,Kallakurichi,3.5,-3.716666666666667
2024-12-01 19:00:00,729,Kallakurichi,10.5,-3.716666666666667
2024-12-01 19:30:00,729,Kallakurichi,2.5,-3.716666666666667
2024-12-01 20:00:00,729,Kallakurichi,3.5,-3.716666666666667
2024-12-01 20:30:00,729,Kallakurichi,1.0,-3.716666666666667
2024-12-01 21:00:00,729,Kallakurichi,2.5,-3.716666666666667
2024-12-01 21:30:00,729,Kallakurichi,0.5,-3.35
2024-12-01 22:00:00,729,Kallakurichi,2.0,-3.35
2024-12-01 22:30:00,729,Kallakurichi,1.5,-3.35
2024-12-01 23:00:00,729,Kallakurichi,3.5,-3.35
2024-12-01 23:30:00,729,Kallakurichi,1.0,-3.35
2024-12-02 00:00:00,729,Kallakurichi,2.0,-3.35
2024-12-02 00:30:00,729,Kallakurichi,1.0,-3.35
2024-12-02 01:00:00,729,Kallakurichi,1.0,-3.35
2024-12-02 01:30:00,729,Kallakurichi,0.5,-3.35
2024-12-02 02:00:00,729,Kallakurichi,0.5,-3.35
2024-12-02 02:30:00,729,Kallakurichi,0.5,-3.35
2024-12-02 03:00:00,729,Kallakurichi,0.5,-3.35
2024-12-02 08:00:00,729,Kallakurichi,0.75,-2.8
2024-12-02 11:00:00,729,Kallakurichi,67.0,-2.62
2024-12-02 11:30:00,729,Kallakurichi,52.0,-2.62
2024-12-02 12:00:00,729,Kallakurichi,74.0,-2.62
2024-12-02 12:30:00,729,Kallakurichi,29.0,-2.62
2024-12-02 13:00:00,729,Kallakurichi,67.0,-2.62
2024-12-02 13:30:00,729,Kallakurichi,366.5,-2.62
2024-12-02 14:00:00,729,Kallakurichi,262.5,-2.62
2024-12-02 14:30:00,729,Kallakurichi,152.5,-2.62
2024-12-02 15:00:00,729,Kallakurichi,191.0,-2.62
2024-12-02 15:30:00,729,Kallakurichi,66.5,-2.486
2024-12-02 16:00:00,729,Kallakurichi,128.0,-2.486
2024-12-02 19:00:00,729,Kallakurichi,0.5,-2.486
2024-12-03 03:00:00,729,Kallakurichi,0.5,-2.384
2024-12-03 11:00:00,729,Kallakurichi,0.5,-2.478333333333333
2024-12-03 12:00:00,729,Kallakurichi,259.5,-2.478333333333333
2024-12-03 12:30:00,729,Kallakurichi,1932.5,-2.478333333333333
2024-12-03 13:00:00,729,Kallakurichi,2338.5,-2.478333333333333
2024-12-03 13:30:00,729,Kallakurichi,331.5,-2.478333333333333
2024-12-03 14:00:00,729,Kallakurichi,331.5,-2.478333333333333
2024-12-03 14:30:00,729,Kallakurichi,51.0,-2.478333333333333
2024-12-03 15:00:00,729,Kallakurichi,53.5,-2.478333333333333
2024-12-03 15:30:00,729,Kallakurichi,10.0,-2.435
2024-12-03 16:00:00,729,Kallakurichi,346.0,-2.435
2024-12-03 16:30:00,729,Kallakurichi,14.5,-2.435
2024-12-03 17:00:00,729,Kallakurichi,15.0,-2.435
2024-12-03 18:00:00,729,Kallakurichi,2.5,-2.435
2024-12-03 19:00:00,729,Kallakurichi,6.0,-2.435
2024-12-03 19:30:00,729,Kallakurichi,5.5,-2.435
2024-12-03 20:00:00,729,Kallakurichi,9.5,-2.435
2024-12-03 20:30:00,729,Kallakurichi,1.5,-2.435
2024-12-03 21:00:00,729,Kallakurichi,1.5,-2.435
2024-12-03 22:00:00,729,Kallakurichi,1.0,-2.4066666666666667
2024-12-03 22:30:00,729,Kallakurichi,1.0,-2.4066666666666667
2024-12-03 23:00:00,729,Kallakurichi,5.0,-2.4066666666666667
2024-12-03 23:30:00,729,Kallakurichi,0.5,-2.4066666666666667
2024-12-04 00:00:00,729,Kallakurichi,2.5,-2.4066666666666667
2024-12-04 00:30:00,729,Kallakurichi,5.0,-2.4066666666666667
2024-12-04 01:00:00,729,Kallakurichi,3.5,-2.4066666666666667
2024-12-04 01:30:00,729,Kallakurichi,45.5,-2.4066666666666667
2024-12-04 02:00:00,729,Kallakurichi,49.5,-2.4066666666666667
2024-12-04 03:00:00,729,Kallakurichi,1.5,-2.4066666666666667
2024-12-04 03:30:00,729,Kallakurichi,3.0,-2.388333333333333
2024-12-04 04:00:00,729,Kallakurichi,3.5,-2.388333333333333
2024-12-04 04:30:00,729,Kallakurichi,27.5,-2.388333333333333
2024-12-04 05:00:00,729,Kallakurichi,29.5,-2.388333333333333
2024-12-04 05:30:00,729,Kallakurichi,1.0,-2.388333333333333
2024-12-04 06:00:00,729,Kallakurichi,31.0,-2.388333333333333
2024-12-04 06:30:00,729,Kallakurichi,425.0,-2.388333333333333
2024-12-04 07:00:00,729,Kallakurichi,425.5,-2.388333333333333
2024-12-04 07:30:00,729,Kallakurichi,14.5,-2.388333333333333
2024-12-04 08:00:00,729,Kallakurichi,26.0,-2.388333333333333
2024-12-04 08:30:00,729,Kallakurichi,65.0,-2.388333333333333
2024-12-04 09:00:00,729,Kallakurichi,317.5,-2.388333333333333
2024-12-04 09:30:00,729,Kallakurichi,3.5,-2.405
2024-12-04 10:00:00,729,Kallakurichi,4.75,-2.405
2024-12-04 10:30:00,729,Kallakurichi,33.5,-2.405
2024-12-04 11:00:00,729,Kallakurichi,343.5,-2.405
2024-12-04 11:30:00,729,Kallakurichi,65.0,-2.405
2024-12-04 12:00:00,729,Kallakurichi,265.0,-2.405
2024-12-04 12:30:00,729,Kallakurichi,5.5,-2.405
2024-12-04 13:00:00,729,Kallakurichi,7.0,-2.405
2024-12-04 13:30:00,729,Kallakurichi,2.0,-2.405
2024-12-04 14:00:00,729,Kallakurichi,54.0,-2.405
2024-12-04 14:30:00,729,Kallakurichi,625.5,-2.405
2024-12-04 15:00:00,729,Kallakurichi,626.5,-2.405
2024-12-04 15:30:00,729,Kallakurichi,2.0,-2.361666666666667
2024-12-04 16:00:00,729,Kallakurichi,6.0,-2.361666666666667
2024-12-04 16:30:00,729,Kallakurichi,25.0,-2.361666666666667
2024-12-04 17:00:00,729,Kallakurichi,96.0,-2.361666666666667
2024-12-04 17:30:00,729,Kallakurichi,6.5,-2.361666666666667
2024-12-04 18:00:00,729,Kallakurichi,4.0,-2.361666666666667
2024-12-04 18:30:00,729,Kallakurichi,2.0,-2.361666666666667
2024-12-04 19:00:00,729,Kallakurichi,5.0,-2.361666666666667
2024-12-04 19:30:00,729,Kallakurichi,55.0,-2.361666666666667
2024-12-04 20:00:00,729,Kallakurichi,55.0,-2.361666666666667
2024-12-04 20:30:00,729,Kallakurichi,9.0,-2.361666666666667
2024-12-04 21:00:00,729,Kallakurichi,9.0,-2.361666666666667
2024-12-04 21:30:00,729,Kallakurichi,0.5,-2.353333333333333
2024-12-04 22:00:00,729,Kallakurichi,6.5,-2.353333333333333
2024-12-04 22:30:00,729,Kallakurichi,5.0,-2.353333333333333
2024-12-04 23:00:00,729,Kallakurichi,17.0,-2.353333333333333
2024-12-04 23:30:00,729,Kallakurichi,10.5,-2.353333333333333
2024-12-05 00:00:00,729,Kallakurichi,21.5,-2.353333333333333
2024-12-05 00:30:00,729,Kallakurichi,14.0,-2.353333333333333
2024-12-05 01:00:00,729,Kallakurichi,70.5,-2.353333333333333
2024-12-05 01:30:00,729,Kallakurichi,56.0,-2.353333333333333
2024-12-05 02:00:00,729,Kallakurichi,28.5,-2.353333333333333
2024-12-05 02:30:00,729,Kallakurichi,5.0,-2.353333333333333
2024-12-05 03:00:00,729,Kallakurichi,36.5,-2.353333333333333
2024-12-05 03:30:00,729,Kallakurichi,51.0,-2.348333333333333
2024-12-05 04:00:00,729,Kallakurichi,51.5,-2.348333333333333
2024-12-05 04:30:00,729,Kallakurichi,1.0,-2.348333333333333
2024-12-05 05:00:00,729,Kallakurichi,2.5,-2.348333333333333
2024-12-05 07:00:00,729,Kallakurichi,381.5,-2.348333333333333
2024-12-05 07:30:00,729,Kallakurichi,2.5,-2.348333333333333
2024-12-05 08:00:00,729,Kallakurichi,6.5,-2.348333333333333
2024-12-05 08:30:00,729,Kallakurichi,33.5,-2.348333333333333
2024-12-05 09:00:00,729,Kallakurichi,264.5,-2.348333333333333
2024-12-05 09:30:00,729,Kallakurichi,447.5,-2.3966666666666665
2024-12-05 10:00:00,729,Kallakurichi,228.0,-2.3966666666666665
2024-12-05 10:30:00,729,Kallakurichi,22.0,-2.3966666666666665
2024-12-05 11:00:00,729,Kallakurichi,26.0,-2.3966666666666665
2024-12-05 11:30:00,729,Kallakurichi,3.0,-2.3966666666666665
2024-12-05 12:00:00,729,Kallakurichi,28.5,-2.3966666666666665
2024-12-05 12:30:00,729,Kallakurichi,87.5,-2.3966666666666665
2024-12-05 13:00:00,729,Kallakurichi,376.0,-2.3966666666666665
2024-12-05 13:30:00,729,Kallakurichi,125.0,-2.3966666666666665
2024-12-05 14:00:00,729,Kallakurichi,181.0,-2.3966666666666665
2024-12-05 14:30:00,729,Kallakurichi,45.5,-2.3966666666666665
2024-12-05 15:00:00,729,Kallakurichi,58.0,-2.3966666666666665
2024-12-05 15:05:00,729,Kallakurichi,4.0,-2.3633333333333333
2024-12-05 15:10:00,729,Kallakurichi,5.0,-2.3633333333333333
2024-12-05 15:15:00,729,Kallakurichi,7.5,-2.3633333333333333
2024-12-05 15:20:00,729,Kallakurichi,10.5,-2.3633333333333333
2024-12-05 15:25:00,729,Kallakurichi,12.0,-2.3633333333333333
2024-12-05 15:30:00,729,Kallakurichi,12.0,-2.3633333333333333
2024-12-05 15:35:00,729,Kallakurichi,13.0,-2.3633333333333333
2024-12-05 15:40:00,729,Kallakurichi,14.5,-2.3633333333333333
2024-12-05 15:45:00,729,Kallakurichi,15.5,-2.3633333333333333
2024-12-05 15:50:00,729,Kallakurichi,16.5,-2.3633333333333333
2024-12-05 17:00:00,729,Kallakurichi,0.5,-2.3633333333333333
2024-12-05 18:00:00,729,Kallakurichi,37.5,-2.3633333333333333
2024-12-05 18:30:00,729,Kallakurichi,103.0,-2.3633333333333333
2024-12-05 19:00:00,729,Kallakurichi,194.5,-2.3633333333333333
2024-12-05 19:30:00,729,Kallakurichi,24.5,-2.3633333333333333
2024-12-05 20:00:00,729,Kallakurichi,64.0,-2.3633333333333333
2024-12-05 20:30:00,729,Kallakurichi,8.5,-2.3633333333333333
2024-12-05 21:00:00,729,Kallakurichi,109.0,-2.3633333333333333
2024-12-05 21:30:00,729,Kallakurichi,51.5,-2.373333333333333
2024-12-05 22:00:00,729,Kallakurichi,132.0,-2.373333333333333
2024-12-05 22:30:00,729,Kallakurichi,93.5,-2.373333333333333
2024-12-05 23:00:00,729,Kallakurichi,373.0,-2.373333333333333
2024-12-05 23:30:00,729,Kallakurichi,194.0,-2.373333333333333
2024-12-06 00:00:00,729,Kallakurichi,536.5,-2.373333333333333
2024-12-06 00:30:00,729,Kallakurichi,385.5,-2.373333333333333
2024-12-06 01:00:00,729,Kallakurichi,402.75,-2.373333333333333
2024-12-06 01:30:00,729,Kallakurichi,278.5,-2.373333333333333
2024-12-06 02:00:00,729,Kallakurichi,576.5,-2.373333333333333
2024-12-06 02:30:00,729,Kallakurichi,294.5,-2.373333333333333
2024-12-06 03:00:00,729,Kallakurichi,614.5,-2.373333333333333
2024-12-06 03:30:00,729,Kallakurichi,489.5,-2.3916666666666666
2024-12-06 04:00:00,729,Kallakurichi,652.5,-2.3916666666666666
2024-12-06 04:30:00,729,Kallakurichi,274.5,-2.3916666666666666
2024-12-06 05:00:00,729,Kallakurichi,737.5,-2.3916666666666666
2024-12-06 05:30:00,729,Kallakurichi,781.0,-2.3916666666666666
2024-12-06 06:00:00,729,Kallakurichi,781.0,-2.3916666666666666
2024-12-06 06:30:00,729,Kallakurichi,261.5,-2.3916666666666666
2024-12-06 07:00:00,729,Kallakurichi,517.0,-2.3916666666666666
2024-12-06 07:30:00,729,Kallakurichi,462.0,-2.3916666666666666
2024-12-06 08:00:00,729,Kallakurichi,535.0,-2.3916666666666666
2024-12-06 08:30:00,729,Kallakurichi,26.0,-2.3916666666666666
2024-12-06 12:00:00,729,Kallakurichi,0.5,-2.4166666666666665
2024-12-06 19:00:00,729,Kallakurichi,0.5,-2.415
2024-12-07 03:00:00,729,Kallakurichi,121.5,-2.411666666666666
2024-12-07 03:30:00,729,Kallakurichi,133.5,-2.43
2024-12-07 04:00:00,729,Kallakurichi,135.5,-2.43
2024-12-07 04:30:00,729,Kallakurichi,4.5,-2.43
2024-12-07 05:00:00,729,Kallakurichi,6.5,-2.43
2024-12-07 06:00:00,729,Kallakurichi,0.5,-2.43
2024-12-07 09:00:00,729,Kallakurichi,0.5,-2.43
2024-12-07 19:00:00,729,Kallakurichi,0.5,-2.4566666666666666
2024-12-08 06:00:00,729,Kallakurichi,0.5,-2.1475
2024-12-08 16:00:00,729,Kallakurichi,0.5,-2.15
2024-12-09 01:00:00,729,Kallakurichi,0.5,-2.1625
2024-12-09 06:00:00,729,Kallakurichi,15.5,-2.5116666666666667
2024-12-09 06:30:00,729,Kallakurichi,11.5,-2.5116666666666667
2024-12-09 07:00:00,729,Kallakurichi,16.0,-2.5116666666666667
2024-12-09 07:30:00,729,Kallakurichi,3.0,-2.5116666666666667
2024-12-09 08:00:00,729,Kallakurichi,10.0,-2.5116666666666667
2024-12-09 08:30:00,729,Kallakurichi,2.0,-2.5116666666666667
2024-12-09 09:00:00,729,Kallakurichi,3.5,-2.5116666666666667
2024-12-09 09:30:00,729,Kallakurichi,4.0,-2.595
2024-12-09 10:00:00,729,Kallakurichi,7.75,-2.595
2024-12-09 10:30:00,729,Kallakurichi,17.0,-2.595
2024-12-09 11:00:00,729,Kallakurichi,37.5,-2.595
2024-12-09 17:00:00,729,Kallakurichi,0.5,-2.54
2024-12-10 04:00:00,729,Kallakurichi,0.5,-2.5333333333333337
2024-12-10 14:00:00,729,Kallakurichi,0.5,-2.561666666666667
2024-12-10 20:00:00,729,Kallakurichi,1.0,-2.5516666666666663
2024-12-11 04:00:00,729,Kallakurichi,0.5,-2.5616666666666665
2024-12-11 10:00:00,729,Kallakurichi,1.0,-2.5866666666666664
2024-12-11 11:00:00,729,Kallakurichi,7.0,-2.5866666666666664
2024-12-11 18:00:00,729,Kallakurichi,0.5,-2.5683333333333334
2024-12-12 06:00:00,729,Kallakurichi,0.5,-2.543333333333333
2024-12-12 14:00:00,729,Kallakurichi,0.5,-2.51
2024-12-13 08:00:00,729,Kallakurichi,3.0,-2.355
2024-12-13 09:00:00,729,Kallakurichi,0.5,-2.355
2024-12-13 17:00:00,729,Kallakurichi,0.5,-2.2216666666666667
2024-12-14 03:00:00,729,Kallakurichi,0.5,-2.1633333333333336
2024-12-14 14:00:00,729,Kallakurichi,0.5,-2.108333333333333
2024-12-15 02:00:00,729,Kallakurichi,0.5,-2.066666666666667
2024-12-15 16:00:00,729,Kallakurichi,0.5,-2.058333333333333
2024-12-16 07:00:00,729,Kallakurichi,0.5,-2.045
2024-12-16 21:00:00,729,Kallakurichi,0.5,-2.07
2024-12-17 14:00:00,729,Kallakurichi,0.5,-2.1366666666666667
2024-12-18 07:00:00,729,Kallakurichi,0.5,-2.1083333333333334
2024-12-18 23:00:00,729,Kallakurichi,0.5,-2.17
2024-12-19 16:00:00,729,Kallakurichi,0.5,-2.1766666666666667
2024-12-20 09:00:00,729,Kallakurichi,0.5,-2.161666666666666
2024-12-21 17:00:00,729,Kallakurichi,0.5,-2.225
2024-12-22 13:00:00,729,Kallakurichi,0.5,-2.26
2024-12-22 21:00:00,729,Kallakurichi,0.5,-2.2466666666666666
2024-12-23 06:00:00,729,Kallakurichi,0.5,-2.245
2024-12-23 11:00:00,729,Kallakurichi,0.5,-2.276666666666667
2024-12-23 12:00:00,729,Kallakurichi,0.5,-2.276666666666667
2024-12-23 13:00:00,729,Kallakurichi,0.5,-2.276666666666667
2024-12-23 14:00:00,729,Kallakurichi,0.5,-2.276666666666667
2024-12-23 15:00:00,729,Kallakurichi,0.5,-2.276666666666667
2024-12-23 16:00:00,729,Kallakurichi,0.5,-2.2616666666666667
2024-12-23 17:00:00,729,Kallakurichi,1.0,-2.2616666666666667
2024-12-23 18:00:00,729,Kallakurichi,1.0,-2.2616666666666667
2024-12-23 19:00:00,729,Kallakurichi,1.0,-2.2616666666666667
2024-12-23 20:00:00,729,Kallakurichi,1.0,-2.2616666666666667
2024-12-23 21:00:00,729,Kallakurichi,1.0,-2.2616666666666667
2024-12-23 22:00:00,729,Kallakurichi,1.0,-2.268333333333333
2024-12-23 23:00:00,729,Kallakurichi,1.0,-2.268333333333333
2024-12-24 00:00:00,729,Kallakurichi,1.0,-2.268333333333333
2024-12-24 01:00:00,729,Kallakurichi,1.5,-2.268333333333333
2024-12-24 02:00:00,729,Kallakurichi,2.0,-2.268333333333333
2024-12-24 03:00:00,729,Kallakurichi,2.0,-2.268333333333333
2024-12-24 08:00:00,729,Kallakurichi,1.5,-2.273333333333333
2024-12-24 09:00:00,729,Kallakurichi,1.0,-2.273333333333333
2024-12-24 10:00:00,729,Kallakurichi,2.0,-2.3266666666666667
2024-12-24 11:00:00,729,Kallakurichi,1.5,-2.3266666666666667
2024-12-24 12:00:00,729,Kallakurichi,2.5,-2.3266666666666667
2024-12-24 13:00:00,729,Kallakurichi,2.5,-2.3266666666666667
2024-12-24 14:00:00,729,Kallakurichi,2.0,-2.3266666666666667
2024-12-24 15:00:00,729,Kallakurichi,3.0,-2.3266666666666667
2024-12-24 16:00:00,729,Kallakurichi,2.5,-2.293333333333333
2024-12-24 17:00:00,729,Kallakurichi,2.5,-2.293333333333333
2024-12-24 18:00:00,729,Kallakurichi,2.0,-2.293333333333333
2024-12-24 19:00:00,729,Kallakurichi,2.0,-2.293333333333333
2024-12-24 20:00:00,729,Kallakurichi,1.5,-2.293333333333333
2024-12-24 21:00:00,729,Kallakurichi,1.5,-2.293333333333333
2024-12-24 22:00:00,729,Kallakurichi,1.5,-2.306666666666666
2024-12-24 23:00:00,729,Kallakurichi,1.0,-2.306666666666666
2024-12-25 00:00:00,729,Kallakurichi,1.0,-2.306666666666666
2024-12-25 01:00:00,729,Kallakurichi,1.0,-2.306666666666666
2024-12-25 02:00:00,729,Kallakurichi,1.0,-2.306666666666666
2024-12-25 03:00:00,729,Kallakurichi,1.0,-2.306666666666666
2024-12-25 04:00:00,729,Kallakurichi,1.0,-2.3116666666666665
2024-12-25 05:00:00,729,Kallakurichi,1.0,-2.3116666666666665
2024-12-25 06:00:00,729,Kallakurichi,0.5,-2.3116666666666665
2024-12-25 07:00:00,729,Kallakurichi,1.0,-2.3116666666666665
2024-12-25 08:00:00,729,Kallakurichi,1.0,-2.3116666666666665
2024-12-25 09:00:00,729,Kallakurichi,2.5,-2.3116666666666665
2024-12-25 10:00:00,729,Kallakurichi,2.0,-2.358333333333333
2024-12-25 11:00:00,729,Kallakurichi,2.5,-2.358333333333333
2024-12-25 12:00:00,729,Kallakurichi,6.0,-2.358333333333333
2024-12-25 13:00:00,729,Kallakurichi,10.5,-2.358333333333333
2024-12-25 14:00:00,729,Kallakurichi,8.0,-2.358333333333333
2024-12-25 15:00:00,729,Kallakurichi,5.0,-2.358333333333333
2024-12-25 16:00:00,729,Kallakurichi,3.5,-2.3583333333333334
2024-12-25 17:00:00,729,Kallakurichi,3.0,-2.3583333333333334
2024-12-25 18:00:00,729,Kallakurichi,2.5,-2.3583333333333334
2024-12-25 19:00:00,729,Kallakurichi,2.0,-2.3583333333333334
2024-12-25 20:00:00,729,Kallakurichi,2.0,-2.3583333333333334
2024-12-25 21:00:00,729,Kallakurichi,1.5,-2.3583333333333334
2024-12-25 22:00:00,729,Kallakurichi,1.5,-2.365
2024-12-25 23:00:00,729,Kallakurichi,1.0,-2.365
2024-12-26 00:00:00,729,Kallakurichi,1.0,-2.365
2024-12-26 01:00:00,729,Kallakurichi,1.0,-2.365
2024-12-26 02:00:00,729,Kallakurichi,1.0,-2.365
2024-12-26 03:00:00,729,Kallakurichi,1.0,-2.365
2024-12-26 04:00:00,729,Kallakurichi,0.5,-2.3716666666666666
2024-12-26 05:00:00,729,Kallakurichi,1.5,-2.3716666666666666
2024-12-26 09:00:00,729,Kallakurichi,2.0,-2.3716666666666666
2024-12-26 10:00:00,729,Kallakurichi,1.0,-2.3766666666666665
2024-12-26 11:00:00,729,Kallakurichi,0.5,-2.3766666666666665
2024-12-26 12:00:00,729,Kallakurichi,1.0,-2.3766666666666665
2024-12-26 13:00:00,729,Kallakurichi,0.5,-2.3766666666666665
2024-12-26 14:00:00,729,Kallakurichi,0.5,-2.3766666666666665
2024-12-26 15:00:00,729,Kallakurichi,0.5,-2.3766666666666665
2024-12-26 16:00:00,729,Kallakurichi,0.5,-2.3583333333333334
2024-12-26 17:00:00,729,Kallakurichi,1.0,-2.3583333333333334
2024-12-26 18:00:00,729,Kallakurichi,0.5,-2.3583333333333334
2024-12-26 19:00:00,729,Kallakurichi,0.5,-2.3583333333333334
2024-12-26 20:00:00,729,Kallakurichi,0.5,-2.3583333333333334
2024-12-26 21:00:00,729,Kallakurichi,0.5,-2.3583333333333334
2024-12-26 22:00:00,729,Kallakurichi,0.5,-2.36
2024-12-26 23:00:00,729,Kallakurichi,0.5,-2.36
2024-12-27 00:00:00,729,Kallakurichi,0.5,-2.36
2024-12-27 02:00:00,729,Kallakurichi,0.5,-2.36
2024-12-27 03:00:00,729,Kallakurichi,0.5,-2.36
2024-12-27 04:00:00,729,Kallakurichi,0.5,-2.365
2024-12-27 05:00:00,729,Kallakurichi,0.5,-2.365
2024-12-27 06:00:00,729,Kallakurichi,0.5,-2.365
2024-12-27 08:00:00,729,Kallakurichi,0.5,-2.365
2024-12-27 09:00:00,729,Kallakurichi,0.5,-2.365
2024-12-27 10:00:00,729,Kallakurichi,0.5,-2.3916666666666666
2024-12-27 12:00:00,729,Kallakurichi,0.5,-2.3916666666666666
2024-12-27 13:00:00,729,Kallakurichi,0.5,-2.3916666666666666
2024-12-27 15:00:00,729,Kallakurichi,0.5,-2.3916666666666666
2024-12-27 16:00:00,729,Kallakurichi,0.5,-2.35
2024-12-27 17:00:00,729,Kallakurichi,0.5,-2.35
2024-12-27 19:00:00,729,Kallakurichi,0.5,-2.35
2024-12-27 20:00:00,729,Kallakurichi,0.5,-2.35
2024-12-27 22:00:00,729,Kallakurichi,0.5,-2.3383333333333334
2024-12-27 23:00:00,729,Kallakurichi,0.5,-2.3383333333333334
2024-12-28 01:00:00,729,Kallakurichi,0.5,-2.3383333333333334
2024-12-28 03:00:00,729,Kallakurichi,0.5,-2.3383333333333334
2024-12-28 06:00:00,729,Kallakurichi,0.5,-2.3383333333333334
2024-12-28 08:00:00,729,Kallakurichi,0.5,-2.3383333333333334
2024-12-30 04:00:00,729,Kallakurichi,0.5,-2.408333333333333
2024-12-30 07:00:00,729,Kallakurichi,0.5,-2.408333333333333
2024-12-30 16:00:00,729,Kallakurichi,6.0,-2.428333333333333
2025-01-10 17:00:00,729,Kallakurichi,0.5,-2.885
2025-01-13 16:00:00,729,Kallakurichi,1.5,-2.893333333333333
2025-01-19 15:00:00,729,Kallakurichi,1.0,-2.938333333333333
2025-02-17 16:05:00,729,Kallakurichi,13.0,-2.0752
2025-02-17 16:10:00,729,Kallakurichi,25.5,-2.0752
2025-02-17 17:00:00,729,Kallakurichi,25.5,-2.0752
2025-03-01 06:00:00,729,Kallakurichi,0.5,-4.5600000000000005
2025-03-01 07:00:00,729,Kallakurichi,2.0,-4.5600000000000005
2025-03-01 08:00:00,729,Kallakurichi,2.0,-4.5600000000000005
2025-03-01 09:00:00,729,Kallakurichi,2.5,-4.5600000000000005
2025-03-11 13:00:00,729,Kallakurichi,3.0,-4.866
2025-03-11 14:00:00,729,Kallakurichi,15.0,-4.866
2025-03-11 15:00:00,729,Kallakurichi,14.5,-4.866
2025-03-11 16:00:00,729,Kallakurichi,6.75,-4.798
2025-03-11 17:00:00,729,Kallakurichi,13.5,-4.798
2025-03-11 18:00:00,729,Kallakurichi,11.0,-4.798
2025-03-11 19:00:00,729,Kallakurichi,6.25,-4.798
2025-03-11 20:00:00,729,Kallakurichi,10.5,-4.798
2025-03-11 21:00:00,729,Kallakurichi,3.0,-4.798
2025-03-11 22:00:00,729,Kallakurichi,1.0,-4.71
2025-03-11 23:00:00,729,Kallakurichi,1.0,-4.71
2025-03-12 08:00:00,729,Kallakurichi,0.5,-4.634
2025-03-12 14:00:00,729,Kallakurichi,36.5,-4.634
2025-03-12 15:00:00,729,Kallakurichi,5.25,-4.634
2025-03-12 16:00:00,729,Kallakurichi,0.5,-4.55
2025-04-03 08:00:00,729,Kallakurichi,7.0,-5.2605
2025-04-03 10:00:00,729,Kallakurichi,1.5,-5.2603333333333335
2025-04-03 11:00:00,729,Kallakurichi,2.25,-5.2603333333333335
2025-04-03 12:00:00,729,Kallakurichi,2.0,-5.2603333333333335
2025-04-03 13:00:00,729,Kallakurichi,2.0,-5.2603333333333335
2025-04-03 14:00:00,729,Kallakurichi,1.0,-5.2603333333333335
2025-04-03 15:00:00,729,Kallakurichi,1.5,-5.2603333333333335
2025-04-03 16:00:00,729,Kallakurichi,1.0,-5.2465
2025-04-03 17:00:00,729,Kallakurichi,0.5,-5.2465
2025-04-03 18:00:00,729,Kallakurichi,1.0,-5.2465
2025-04-03 19:00:00,729,Kallakurichi,1.0,-5.2465
2025-04-03 21:00:00,729,Kallakurichi,0.5,-5.2465
2025-04-03 22:00:00,729,Kallakurichi,0.5,-5.234833333333333
2025-04-04 00:00:00,729,Kallakurichi,0.5,-5.234833333333333
2025-04-04 01:00:00,729,Kallakurichi,0.5,-5.234833333333333
2025-04-04 06:00:00,729,Kallakurichi,0.5,-4.917714285714285
2025-04-04 10:00:00,729,Kallakurichi,0.5,-4.9601428571428565
2025-04-04 17:00:00,729,Kallakurichi,0.5,-4.920285714285714
2025-04-05 01:00:00,729,Kallakurichi,0.5,-4.935428571428572
2025-04-05 12:00:00,729,Kallakurichi,0.5,-4.952428571428571
2025-04-06 00:00:00,729,Kallakurichi,0.5,-4.942285714285715
2025-04-06 13:00:00,729,Kallakurichi,0.5,-4.976285714285714
2025-04-07 00:00:00,729,Kallakurichi,0.5,-4.969
2025-04-07 14:00:00,729,Kallakurichi,0.5,-5.048857142857143
2025-04-09 06:00:00,729,Kallakurichi,0.5,-4.1492
2025-04-11 20:00:00,729,Kallakurichi,12.0,-5.046
2025-04-11 21:00:00,729,Kallakurichi,1.0,-5.046
2025-04-12 09:00:00,729,Kallakurichi,0.5,-5.009714285714286
2025-04-14 01:00:00,729,Kallakurichi,0.5,-5.026428571428572
2025-04-14 04:00:00,729,Kallakurichi,11.5,-5.023571428571429
2025-05-04 21:00:00,729,Kallakurichi,8.0,-5.301285714285714
2025-05-04 22:00:00,729,Kallakurichi,3.0,-5.303285714285714
2025-05-04 23:00:00,729,Kallakurichi,0.5,-5.303285714285714
2025-05-05 00:00:00,729,Kallakurichi,0.5,-5.303285714285714
2025-05-05 11:00:00,729,Kallakurichi,0.5,-5.3301428571428575
2025-05-07 02:00:00,729,Kallakurichi,0.5,-5.315285714285714
2025-05-07 03:00:00,729,Kallakurichi,0.5,-5.315285714285714
2025-05-07 20:00:00,729,Kallakurichi,0.5,-5.264428571428572
2025-05-17 00:00:00,729,Kallakurichi,36.5,-5.441571428571429
2025-05-17 01:00:00,729,Kallakurichi,3.0,-5.441571428571429
2025-05-17 02:00:00,729,Kallakurichi,2.0,-5.441571428571429
2025-05-17 03:00:00,729,Kallakurichi,0.5,-5.441571428571429
2025-05-17 17:00:00,729,Kallakurichi,1.5,-5.416142857142857
2025-05-17 18:00:00,729,Kallakurichi,10.5,-5.416142857142857
2025-05-17 19:00:00,729,Kallakurichi,2.0,-5.416142857142857
2025-05-17 20:00:00,729,Kallakurichi,1.0,-5.416142857142857
2025-05-17 21:00:00,729,Kallakurichi,0.5,-5.416142857142857
2025-05-18 00:00:00,729,Kallakurichi,3.5,-5.390285714285715
2025-05-18 20:00:00,729,Kallakurichi,21.0,-5.331857142857143
2025-05-18 21:00:00,729,Kallakurichi,8.0,-5.331857142857143
2025-05-18 22:00:00,729,Kallakurichi,3.0,-5.174
2025-05-18 23:00:00,729,Kallakurichi,4.0,-5.174
2025-05-19 00:00:00,729,Kallakurichi,1.5,-5.174
2025-05-19 01:00:00,729,Kallakurichi,3.5,-5.174
2025-05-19 02:00:00,729,Kallakurichi,3.0,-5.174
2025-05-19 03:00:00,729,Kallakurichi,1.5,-5.174
2025-05-19 04:00:00,729,Kallakurichi,0.5,-5.044142857142858
2025-05-19 19:00:00,729,Kallakurichi,0.5,-4.9
2025-05-20 16:00:00,729,Kallakurichi,2.0,-4.710999999999999
2025-05-20 19:00:00,729,Kallakurichi,3.0,-4.710999999999999
2025-05-20 20:00:00,729,Kallakurichi,31.5,-4.710999999999999
2025-05-20 21:00:00,729,Kallakurichi,0.5,-4.710999999999999
2025-05-23 20:00:00,729,Kallakurichi,1.5,-6.30725
2025-05-23 21:00:00,729,Kallakurichi,0.5,-6.30725
2025-05-25 20:00:00,729,Kallakurichi,0.5,-4.422
2025-05-25 22:00:00,729,Kallakurichi,0.5,-4.400857142857143
2025-05-26 01:00:00,729,Kallakurichi,0.5,-4.400857142857143
2025-05-26 03:00:00,729,Kallakurichi,0.5,-4.400857142857143
2025-05-27 09:00:00,729,Kallakurichi,60.0,-4.379
2025-05-27 18:00:00,729,Kallakurichi,3.0,-4.376285714285714
2025-05-28 16:00:00,729,Kallakurichi,0.5,-4.380428571428571
2025-06-03 02:00:00,729,Kallakurichi,1.0,-4.500571428571429
2025-06-03 20:00:00,729,Kallakurichi,4.5,-4.496714285714286
2025-06-03 21:00:00,729,Kallakurichi,21.5,-4.496714285714286
2025-06-08 21:00:00,729,Kallakurichi,1.0,-3.713333333333333
2025-06-08 22:00:00,729,Kallakurichi,1.0,-3.718333333333333
2025-06-09 21:00:00,729,Kallakurichi,2.5,-3.75
2025-06-09 22:00:00,729,Kallakurichi,1.0,-4.653
2025-06-09 23:00:00,729,Kallakurichi,0.5,-4.653
2025-06-10 00:00:00,729,Kallakurichi,0.5,-4.653
2025-06-10 19:00:00,729,Kallakurichi,3.0,-4.693428571428571
2025-06-10 20:00:00,729,Kallakurichi,1.5,-4.693428571428571
2025-06-10 21:00:00,729,Kallakurichi,2.5,-4.693428571428571
2025-06-10 22:00:00,729,Kallakurichi,1.0,-4.678
2025-06-10 23:00:00,729,Kallakurichi,0.5,-4.678
2025-06-11 21:00:00,729,Kallakurichi,0.5,-4.674142857142857
2025-06-11 22:00:00,729,Kallakurichi,6.0,-4.684714285714286
2025-06-17 19:00:00,729,Kallakurichi,0.5,-3.9583333333333335
2025-06-18 20:00:00,729,Kallakurichi,0.5,-4.036666666666666
2025-06-18 21:00:00,729,Kallakurichi,5.5,-4.036666666666666
2025-06-18 22:00:00,729,Kallakurichi,0.5,-4.046666666666666
2025-06-22 20:00:00,729,Kallakurichi,9.5,-4.291666666666667
2025-06-22 21:00:00,729,Kallakurichi,2.5,-4.291666666666667
2025-06-23 00:00:00,729,Kallakurichi,0.5,-4.288333333333333
2025-06-23 08:00:00,729,Kallakurichi,0.5,-4.3
2025-06-28 20:00:00,729,Kallakurichi,12.0,-4.648333333333333
2025-07-11 19:00:00,729,Kallakurichi,1.5,-3.775
2025-07-11 20:00:00,729,Kallakurichi,0.5,-3.775
2025-07-21 19:00:00,729,Kallakurichi,13.0,-5.88
2025-07-21 20:00:00,729,Kallakurichi,1.0,-5.88
2025-07-21 21:00:00,729,Kallakurichi,0.5,-5.88
2025-07-21 22:00:00,729,Kallakurichi,0.5,-5.875
2025-07-22 19:00:00,729,Kallakurichi,5.0,-5.926
2025-07-22 20:00:00,729,Kallakurichi,1.0,-5.926
2025-08-01 17:00:00,729,Kallakurichi,0.5,-6.3
2025-08-01 19:00:00,729,Kallakurichi,0.5,-6.3
2025-08-01 20:00:00,729,Kallakurichi,1.0,-6.3
2025-08-02 00:00:00,729,Kallakurichi,1.0,-6.343999999999999
2025-08-02 01:00:00,729,Kallakurichi,9.0,-6.343999999999999
2025-08-02 02:00:00,729,Kallakurichi,4.5,-6.343999999999999
2025-08-02 03:00:00,729,Kallakurichi,6.5,-6.343999999999999
2025-08-02 04:00:00,729,Kallakurichi,5.5,-6.336
2025-08-02 05:00:00,729,Kallakurichi,3.0,-6.336
2025-08-02 06:00:00,729,Kallakurichi,1.5,-6.336
2025-08-03 00:00:00,729,Kallakurichi,1.5,-6.148333333333333
2025-08-03 01:00:00,729,Kallakurichi,0.5,-6.148333333333333
2025-08-03 04:00:00,729,Kallakurichi,1.0,-6.146666666666667
2025-08-03 05:00:00,729,Kallakurichi,2.0,-6.146666666666667
2025-08-03 11:00:00,729,Kallakurichi,0.5,-6.175000000000001
2025-08-04 20:00:00,729,Kallakurichi,28.0,-6.058333333333334
2025-08-04 21:00:00,729,Kallakurichi,2.0,-6.058333333333334
2025-08-04 22:00:00,729,Kallakurichi,1.0,-5.956666666666667
2025-08-05 01:00:00,729,Kallakurichi,0.5,-5.956666666666667
2025-08-08 23:00:00,729,Kallakurichi,16.5,-5.670000000000001
2025-08-09 01:00:00,729,Kallakurichi,0.5,-5.670000000000001
2025-08-09 02:00:00,729,Kallakurichi,2.0,-5.670000000000001
2025-08-09 03:00:00,729,Kallakurichi,2.0,-5.670000000000001
2025-08-09 04:00:00,729,Kallakurichi,1.0,-5.716
2025-08-09 05:00:00,729,Kallakurichi,0.5,-5.716
2025-08-09 06:00:00,729,Kallakurichi,0.5,-5.716
2025-08-10 14:00:00,729,Kallakurichi,25.5,-5.553333333333334
2025-08-10 15:00:00,729,Kallakurichi,41.5,-5.553333333333334
2025-08-10 16:00:00,729,Kallakurichi,1.0,-5.458333333333333
2025-08-10 17:00:00,729,Kallakurichi,0.5,-5.458333333333333
2025-08-10 21:00:00,729,Kallakurichi,2.0,-5.458333333333333
2025-08-16 05:00:00,729,Kallakurichi,0.5,-4.961666666666667
2025-08-17 18:00:00,729,Kallakurichi,11.0,-4.853333333333333
2025-08-17 19:00:00,729,Kallakurichi,3.5,-4.853333333333333
2025-08-17 22:00:00,729,Kallakurichi,0.5,-4.865
2025-09-05 17:00:00,729,Kallakurichi,0.5,-5.341666666666666
2025-09-07 02:00:00,729,Kallakurichi,1.0,-5.405
2025-09-08 02:00:00,729,Kallakurichi,8.5,-5.38
2025-09-08 03:00:00,729,Kallakurichi,1.5,-5.38
2025-09-09 05:00:00,729,Kallakurichi,0.5,-4.43
2025-09-12 23:00:00,729,Kallakurichi,2.0,-5.335
2025-09-13 00:00:00,729,Kallakurichi,8.5,-5.335
2025-09-13 03:00:00,729,Kallakurichi,3.0,-5.335
2025-09-13 20:00:00,729,Kallakurichi,0.5,-5.19
2025-09-13 21:00:00,729,Kallakurichi,0.5,-5.19
2025-09-17 02:00:00,729,Kallakurichi,1.0,-5.238333333333333
2025-09-18 22:00:00,729,Kallakurichi,2.5,-5.36
2025-09-18 23:00:00,729,Kallakurichi,46.0,-5.36
2025-09-21 06:00:00,729,Kallakurichi,0.5,-4.553333333333334
2025-09-22 03:00:00,729,Kallakurichi,9.0,-4.521666666666667
2025-09-22 07:00:00,729,Kallakurichi,0.5,-4.5216666666666665
2025-09-22 22:00:00,729,Kallakurichi,2.0,-4.53
2025-09-22 23:00:00,729,Kallakurichi,1.5,-4.53
2025-09-23 05:00:00,729,Kallakurichi,0.5,-4.536666666666666
2025-09-23 06:00:00,729,Kallakurichi,0.5,-4.536666666666666
2025-09-25 20:00:00,729,Kallakurichi,15.5,-4.486666666666667
2025-09-26 00:00:00,729,Kallakurichi,0.5,-4.488333333333333
2025-09-26 16:00:00,729,Kallakurichi,2.5,-4.488333333333333
2025-09-27 19:00:00,729,Kallakurichi,0.5,-4.49
2025-10-04 01:00:00,729,Kallakurichi,10.5,-4.565
2025-10-04 02:00:00,729,Kallakurichi,62.5,-4.565
2025-10-04 03:00:00,729,Kallakurichi,12.0,-4.565
2025-10-04 04:00:00,729,Kallakurichi,2.25,-4.43
2025-10-04 05:00:00,729,Kallakurichi,3.5,-4.43
2025-10-04 06:00:00,729,Kallakurichi,1.0,-4.43
2025-10-04 07:00:00,729,Kallakurichi,0.5,-4.43
2025-10-05 01:00:00,729,Kallakurichi,2.5,-4.3
2025-10-05 21:00:00,729,Kallakurichi,1.0,-4.2316666666666665
2025-10-05 22:00:00,729,Kallakurichi,2.0,-4.2683333333333335
2025-10-05 23:00:00,729,Kallakurichi,0.5,-4.2683333333333335
2025-11-17 07:00:00,729,Kallakurichi,0.5,-1.0
2025-11-17 09:00:00,729,Kallakurichi,0.5,-1.0
2025-11-17 20:00:00,729,Kallakurichi,0.5,-1.0
2025-11-17 23:00:00,729,Kallakurichi,0.5,-1.0
2025-11-18 07:00:00,729,Kallakurichi,2.5,-1.0
2025-11-18 08:00:00,729,Kallakurichi,0.5,-1.0
2025-11-18 09:00:00,729,Kallakurichi,1.0,-1.0
2025-11-18 10:00:00,729,Kallakurichi,0.5,-1.0
2025-11-18 13:00:00,729,Kallakurichi,0.5,-1.0
2025-11-18 14:00:00,729,Kallakurichi,3.5,-1.0
2025-11-18 15:00:00,729,Kallakurichi,8.75,-1.0
2025-11-18 16:00:00,729,Kallakurichi,3.0,-1.0
2025-11-18 17:00:00,729,Kallakurichi,10.0,-1.0
2025-11-18 19:00:00,729,Kallakurichi,0.5,-1.0
2025-11-18 22:00:00,729,Kallakurichi,0.5,-1.0
2025-11-18 23:00:00,729,Kallakurichi,1.0,-1.0
2025-11-19 02:00:00,729,Kallakurichi,9.0,-1.0
2025-11-19 03:00:00,729,Kallakurichi,1.5,-1.0
2025-11-21 13:00:00,729,Kallakurichi,0.5,-1.24
2025-11-21 14:00:00,729,Kallakurichi,8.5,-1.24
2025-11-21 15:00:00,729,Kallakurichi,0.5,-1.24
2025-11-21 17:00:00,729,Kallakurichi,5.0,-0.97
2025-11-21 20:00:00,729,Kallakurichi,0.5,-0.97
2025-11-22 03:00:00,729,Kallakurichi,1.5,-0.99
2025-11-22 06:00:00,729,Kallakurichi,0.5,-0.995
2025-11-22 07:00:00,729,Kallakurichi,10.0,-0.995
2025-11-22 08:00:00,729,Kallakurichi,0.5,-0.995
2025-11-22 12:00:00,729,Kallakurichi,0.5,-1.1
2025-11-22 13:00:00,729,Kallakurichi,0.75,-1.1
2025-11-22 14:00:00,729,Kallakurichi,1.0,-1.1
2025-11-22 15:00:00,729,Kallakurichi,3.0,-1.1
2025-11-22 16:00:00,729,Kallakurichi,1.0,-0.935
2025-11-22 17:00:00,729,Kallakurichi,1.5,-0.935
2025-11-22 19:00:00,729,Kallakurichi,5.0,-0.935
2025-11-23 01:00:00,729,Kallakurichi,2.5,-0.99
2025-11-23 02:00:00,729,Kallakurichi,21.0,-0.99
2025-11-23 03:00:00,729,Kallakurichi,1.5,-0.99
2025-11-23 04:00:00,729,Kallakurichi,7.25,-0.975
2025-11-23 05:00:00,729,Kallakurichi,0.5,-0.975
2025-11-23 06:00:00,729,Kallakurichi,1.0,-0.975
2025-11-23 07:00:00,729,Kallakurichi,1.0,-0.975
2025-11-23 08:00:00,729,Kallakurichi,0.5,-0.975
2025-11-23 11:00:00,729,Kallakurichi,14.0,-0.98
2025-11-24 00:00:00,729,Kallakurichi,6.0,-0.88
2025-11-24 02:00:00,729,Kallakurichi,1.5,-0.88
2025-11-24 03:00:00,729,Kallakurichi,0.5,-0.88
2025-11-24 04:00:00,729,Kallakurichi,3.0,-0.51
2025-11-24 05:00:00,729,Kallakurichi,23.5,-0.51
2025-11-24 06:00:00,729,Kallakurichi,14.0,-0.51
2025-11-24 07:00:00,729,Kallakurichi,4.5,-0.51
2025-11-24 09:00:00,729,Kallakurichi,2.0,-0.51
2025-11-24 14:00:00,729,Kallakurichi,0.5,-0.62
2025-11-24 15:00:00,729,Kallakurichi,3.5,-0.62
2025-11-24 16:00:00,729,Kallakurichi,3.0,-0.54
2025-11-24 17:00:00,729,Kallakurichi,4.0,-0.54
2025-11-30 00:00:00,729,Kallakurichi,1.0,-0.56
2025-11-30 02:00:00,729,Kallakurichi,0.5,-0.56
2025-11-30 03:00:00,729,Kallakurichi,1.5,-0.56
2025-11-30 04:00:00,729,Kallakurichi,1.0,-0.56
2025-11-30 05:00:00,729,Kallakurichi,2.0,-0.56
2025-11-30 06:00:00,729,Kallakurichi,1.5,-0.56
2025-12-02 23:00:00,729,Kallakurichi,2.5,-0.94
2025-12-03 00:00:00,729,Kallakurichi,18.5,-0.94
2025-12-03 01:00:00,729,Kallakurichi,2.0,-0.94
2025-12-03 02:00:00,729,Kallakurichi,1.5,-0.94
2025-12-03 03:00:00,729,Kallakurichi,3.0,-0.94
2025-12-03 04:00:00,729,Kallakurichi,1.5,-0.84
2025-12-03 05:00:00,729,Kallakurichi,0.5,-0.84
2025-12-03 07:00:00,729,Kallakurichi,2.5,-0.84
2025-12-03 08:00:00,729,Kallakurichi,1.0,-0.84
2025-12-03 22:00:00,729,Kallakurichi,1.0,-0.755
2025-12-04 16:00:00,729,Kallakurichi,9.5,-0.43
2025-12-04 17:00:00,729,Kallakurichi,20.5,-0.43
2025-12-04 18:00:00,729,Kallakurichi,2.0,-0.43
2025-12-05 12:00:00,729,Kallakurichi,0.5,-0.735
2025-12-16 15:00:00,729,Kallakurichi,1.5,-1.05
2025-12-16 17:00:00,729,Kallakurichi,1.0,-0.96
2025-12-16 19:00:00,729,Kallakurichi,3.5,-0.96
2025-12-16 23:00:00,729,Kallakurichi,1.0,-1.005
2026-01-10 01:00:00,729,Kallakurichi,0.5,-2.8945000000000003
2026-01-10 02:00:00,729,Kallakurichi,0.5,-2.8945000000000003
2026-01-10 08:00:00,729,Kallakurichi,0.5,-2.8945000000000003
2026-01-10 15:00:00,729,Kallakurichi,0.5,-2.8945000000000003
2026-01-12 12:00:00,729,Kallakurichi,0.5,-3.0532
2026-01-12 13:00:00,729,Kallakurichi,0.5,-3.0532
2026-01-12 16:00:00,729,Kallakurichi,0.5,-3.0368000000000004
2026-01-13 17:00:00,729,Kallakurichi,4.5,-2.5355
2026-01-24 18:00:00,729,Kallakurichi,0.5,-3.3715
2026-01-24 19:00:00,729,Kallakurichi,0.5,-3.3715
2026-01-25 07:00:00,729,Kallakurichi,0.75,-3.0178000000000003
2026-01-25 08:00:00,729,Kallakurichi,1.0,-3.0178000000000003
2026-01-25 12:00:00,729,Kallakurichi,1.5,-3.0662000000000003
2026-01-25 13:00:00,729,Kallakurichi,1.0,-3.0662000000000003
2026-01-25 16:00:00,729,Kallakurichi,0.5,-3.0686
2026-01-25 17:00:00,729,Kallakurichi,0.5,-3.0686
2026-01-25 19:00:00,729,Kallakurichi,0.5,-3.0686
2026-01-25 20:00:00,729,Kallakurichi,0.5,-3.0686
2026-01-25 21:00:00,729,Kallakurichi,1.5,-3.0686
2026-01-25 22:00:00,729,Kallakurichi,0.5,-2.7353750000000003
2026-01-25 23:00:00,729,Kallakurichi,1.25,-2.7353750000000003
2026-01-26 00:00:00,729,Kallakurichi,0.75,-2.7353750000000003
2026-03-18 22:00:00,729,Kallakurichi,0.5,-4.606142857142857
2026-03-18 23:00:00,729,Kallakurichi,6.0,-4.606142857142857
2026-03-19 00:00:00,729,Kallakurichi,4.5,-4.606142857142857
2026-03-19 04:00:00,729,Kallakurichi,0.5,-4.567571428571428
2026-03-19 10:00:00,729,Kallakurichi,0.5,-4.550714285714286
2026-03-20 02:00:00,729,Kallakurichi,0.5,-4.544857142857143
2026-03-20 03:00:00,729,Kallakurichi,0.5,-4.544857142857143
2026-03-26 18:00:00,729,Kallakurichi,0.5,-5.9145
2026-03-27 19:00:00,729,Kallakurichi,0.5,-5.135
2021-12-30 14:00:00,574,Kancheepuram,1.0,-0.679
2021-12-30 20:00:00,574,Kancheepuram,1.5,-0.544
2021-12-30 21:00:00,574,Kancheepuram,0.5,-0.544
2021-12-31 03:00:00,574,Kancheepuram,1.5,-0.354
2021-12-31 06:00:00,574,Kancheepuram,4.5,-0.226
2021-12-31 12:00:00,574,Kancheepuram,1.0,-0.19
2021-12-31 16:00:00,574,Kancheepuram,40.0,-0.124
2021-12-31 17:00:00,574,Kancheepuram,6.5,-0.124
2021-12-31 19:00:00,574,Kancheepuram,1.5,-0.124
2022-01-01 12:00:00,574,Kancheepuram,6.5,-0.064
2022-01-01 15:00:00,574,Kancheepuram,5.0,-0.064
2022-01-17 08:00:00,574,Kancheepuram,1.0,-0.469
2022-03-20 06:00:00,574,Kancheepuram,0.5,-1.546
2022-04-13 13:00:00,574,Kancheepuram,11.5,-2.0415
2022-05-02 01:00:00,574,Kancheepuram,19.0,-2.372
2022-06-06 06:00:00,574,Kancheepuram,1.5,-2.6605
2022-06-13 03:00:00,574,Kancheepuram,0.5,-2.893
2022-06-16 04:00:00,574,Kancheepuram,2.0,-2.994
2022-06-19 19:00:00,574,Kancheepuram,3.0,-3.1605
2022-06-19 20:00:00,574,Kancheepuram,0.5,-3.1605
2022-06-20 02:00:00,574,Kancheepuram,7.5,-3.1210000000000004
2022-06-20 03:00:00,574,Kancheepuram,0.5,-3.1210000000000004
2022-06-20 23:00:00,574,Kancheepuram,5.0,-3.05
2022-06-21 00:00:00,574,Kancheepuram,24.0,-3.05
2022-06-21 04:00:00,574,Kancheepuram,0.5,-2.9965
2022-06-21 23:00:00,574,Kancheepuram,1.5,-2.988
2022-06-22 08:00:00,574,Kancheepuram,0.5,-2.9735
2022-06-29 21:00:00,574,Kancheepuram,12.0,-3.1415
2022-06-29 22:00:00,574,Kancheepuram,1.0,-3.124
2022-06-29 23:00:00,574,Kancheepuram,0.5,-3.124
2022-07-01 23:00:00,574,Kancheepuram,3.0,-3.0105
2022-07-07 17:00:00,574,Kancheepuram,1.5,-3.0565
2022-07-08 18:00:00,574,Kancheepuram,0.5,-3.0805
2022-07-10 16:00:00,574,Kancheepuram,1.5,-3.1215
2022-07-10 17:00:00,574,Kancheepuram,1.0,-3.1215
2022-07-11 16:00:00,574,Kancheepuram,2.5,-3.096
2022-07-11 17:00:00,574,Kancheepuram,0.5,-3.096
2022-07-28 15:00:00,574,Kancheepuram,0.5,-2.8515
2022-07-28 16:00:00,574,Kancheepuram,0.5,-2.8
2022-08-03 06:00:00,574,Kancheepuram,1.5,-2.7165
2022-08-03 07:00:00,574,Kancheepuram,0.5,-2.7165
2022-08-06 18:00:00,574,Kancheepuram,0.5,-2.7735000000000003
2022-08-21 20:00:00,574,Kancheepuram,15.5,-3.2465
2022-08-21 21:00:00,574,Kancheepuram,0.5,-3.2465
2022-08-22 22:00:00,574,Kancheepuram,5.0,-3.245
2022-08-22 23:00:00,574,Kancheepuram,19.5,-3.245
2022-08-23 00:00:00,574,Kancheepuram,7.0,-3.245
2022-08-23 01:00:00,574,Kancheepuram,1.5,-3.245
2022-08-23 02:00:00,574,Kancheepuram,0.5,-3.245
2022-08-24 02:00:00,574,Kancheepuram,0.5,-3.234
2022-08-24 04:00:00,574,Kancheepuram,4.5,-3.1995
2022-08-25 02:00:00,574,Kancheepuram,0.5,-3.2355
2022-08-26 20:00:00,574,Kancheepuram,0.5,-3.2065
2022-08-26 23:00:00,574,Kancheepuram,42.5,-3.0705
2022-08-27 00:00:00,574,Kancheepuram,11.5,-3.0705
2022-08-27 03:00:00,574,Kancheepuram,0.5,-3.0705
2022-08-27 19:00:00,574,Kancheepuram,2.0,-3.0860000000000003
2022-08-27 20:00:00,574,Kancheepuram,0.5,-3.0860000000000003
2022-08-27 21:00:00,574,Kancheepuram,1.5,-3.0860000000000003
2022-08-27 22:00:00,574,Kancheepuram,1.5,-2.9905
2022-08-27 23:00:00,574,Kancheepuram,0.5,-2.9905
2022-08-29 08:00:00,574,Kancheepuram,0.5,-2.923
2022-08-29 09:00:00,574,Kancheepuram,1.5,-2.923
2022-08-29 17:00:00,574,Kancheepuram,3.0,-2.9435
2022-08-29 18:00:00,574,Kancheepuram,0.5,-2.9435
2022-08-31 13:00:00,574,Kancheepuram,0.5,-2.9615
2022-08-31 14:00:00,574,Kancheepuram,1.5,-2.9615
2022-08-31 15:00:00,574,Kancheepuram,2.5,-2.9615
2022-08-31 16:00:00,574,Kancheepuram,1.5,-2.8855
2022-08-31 17:00:00,574,Kancheepuram,0.5,-2.8855
2022-08-31 18:00:00,574,Kancheepuram,0.5,-2.8855
2022-08-31 21:00:00,574,Kancheepuram,0.5,-2.8855
2022-09-01 12:00:00,574,Kancheepuram,1.0,-2.8415
2022-09-01 14:00:00,574,Kancheepuram,2.5,-2.8415
2022-09-01 15:00:00,574,Kancheepuram,6.5,-2.8415
2022-09-01 16:00:00,574,Kancheepuram,1.0,-2.7955
2022-09-07 17:00:00,574,Kancheepuram,4.0,-2.8015
2022-09-07 18:00:00,574,Kancheepuram,0.5,-2.8015
2022-09-07 19:00:00,574,Kancheepuram,0.5,-2.8015
2022-09-07 22:00:00,574,Kancheepuram,2.5,-2.714
2022-09-07 23:00:00,574,Kancheepuram,0.5,-2.714
2022-09-08 12:00:00,574,Kancheepuram,0.5,-2.728
2022-09-26 16:00:00,574,Kancheepuram,0.5,-3.0865
2022-09-26 18:00:00,574,Kancheepuram,14.0,-3.0865
2022-10-01 00:00:00,574,Kancheepuram,0.5,-3.1545
2022-10-01 01:00:00,574,Kancheepuram,1.0,-3.1545
2022-10-01 02:00:00,574,Kancheepuram,0.5,-3.1545
2022-10-08 18:00:00,574,Kancheepuram,10.5,-2.9425
2022-10-08 21:00:00,574,Kancheepuram,2.0,-2.9425
2022-10-10 00:00:00,574,Kancheepuram,0.5,-2.6745
2022-10-10 07:00:00,574,Kancheepuram,0.5,-2.62
2022-10-10 16:00:00,574,Kancheepuram,8.0,-2.6385
2022-10-10 17:00:00,574,Kancheepuram,3.0,-2.6385
2022-10-11 09:00:00,574,Kancheepuram,0.5,-2.5285
2022-10-20 05:00:00,574,Kancheepuram,1.5,-2.0725
2022-10-21 03:00:00,574,Kancheepuram,1.5,-2.084
2022-10-21 04:00:00,574,Kancheepuram,0.5,-2.022
2022-10-21 05:00:00,574,Kancheepuram,0.5,-2.022
2022-10-21 06:00:00,574,Kancheepuram,1.0,-2.022
2022-10-21 14:00:00,574,Kancheepuram,1.0,-2.0170000000000003
2022-10-21 15:00:00,574,Kancheepuram,2.5,-2.0170000000000003
2022-10-21 18:00:00,574,Kancheepuram,0.5,-1.9535
2022-10-28 05:00:00,574,Kancheepuram,1.0,-1.945
2022-10-29 13:00:00,574,Kancheepuram,2.5,-2.01
2022-10-29 14:00:00,574,Kancheepuram,22.5,-2.01
2022-10-29 15:00:00,574,Kancheepuram,1.0,-2.01
2022-10-29 16:00:00,574,Kancheepuram,2.5,-1.9165
2022-10-29 20:00:00,574,Kancheepuram,0.5,-1.9165
2022-11-01 08:00:00,574,Kancheepuram,2.0,-1.819
2022-11-01 09:00:00,574,Kancheepuram,0.5,-1.819
2022-11-01 10:00:00,574,Kancheepuram,2.5,-1.849
2022-11-01 11:00:00,574,Kancheepuram,10.0,-1.849
2022-11-01 12:00:00,574,Kancheepuram,4.5,-1.849
2022-11-01 13:00:00,574,Kancheepuram,11.5,-1.849
2022-11-01 14:00:00,574,Kancheepuram,3.0,-1.849
2022-11-01 15:00:00,574,Kancheepuram,0.5,-1.849
2022-11-01 16:00:00,574,Kancheepuram,0.5,-1.599
2022-11-01 17:00:00,574,Kancheepuram,0.5,-1.599
2022-11-02 00:00:00,574,Kancheepuram,1.5,-1.46
2022-11-02 02:00:00,574,Kancheepuram,4.0,-1.46
2022-11-02 06:00:00,574,Kancheepuram,2.5,-1.378
2022-11-02 08:00:00,574,Kancheepuram,1.5,-1.378
2022-11-02 09:00:00,574,Kancheepuram,1.0,-1.378
2022-11-02 10:00:00,574,Kancheepuram,6.5,-1.3625
2022-11-02 13:00:00,574,Kancheepuram,5.5,-1.3625
2022-11-02 14:00:00,574,Kancheepuram,4.0,-1.3625
2022-11-02 19:00:00,574,Kancheepuram,0.5,-1.28
2022-11-03 01:00:00,574,Kancheepuram,0.5,-0.9645
2022-11-04 03:00:00,574,Kancheepuram,0.5,-0.7575000000000001
2022-11-05 14:00:00,574,Kancheepuram,12.5,-0.8634999999999999
2022-11-10 21:00:00,574,Kancheepuram,13.0,-0.8935
2022-11-10 22:00:00,574,Kancheepuram,1.5,-0.8755
2022-11-10 23:00:00,574,Kancheepuram,5.0,-0.8755
2022-11-11 00:00:00,574,Kancheepuram,3.0,-0.8755
2022-11-11 02:00:00,574,Kancheepuram,0.5,-0.8755
2022-11-11 05:00:00,574,Kancheepuram,2.0,-0.7689999999999999
2022-11-11 06:00:00,574,Kancheepuram,2.5,-0.7689999999999999
2022-11-11 07:00:00,574,Kancheepuram,0.5,-0.7689999999999999
2022-11-11 09:00:00,574,Kancheepuram,4.5,-0.7689999999999999
2022-11-11 10:00:00,574,Kancheepuram,2.0,-0.613
2022-11-11 11:00:00,574,Kancheepuram,0.5,-0.613
2022-11-11 12:00:00,574,Kancheepuram,1.5,-0.613
2022-11-11 13:00:00,574,Kancheepuram,2.0,-0.613
2022-11-11 14:00:00,574,Kancheepuram,1.5,-0.613
2022-11-11 16:00:00,574,Kancheepuram,0.5,-0.5349999999999999
2022-11-11 18:00:00,574,Kancheepuram,0.5,-0.5349999999999999
2022-11-12 00:00:00,574,Kancheepuram,0.5,-0.4625
2022-11-12 04:00:00,574,Kancheepuram,13.0,-0.3235
2022-11-12 05:00:00,574,Kancheepuram,3.5,-0.3235
2022-11-12 08:00:00,574,Kancheepuram,0.5,-0.3235
2022-11-12 09:00:00,574,Kancheepuram,1.5,-0.3235
2022-11-12 10:00:00,574,Kancheepuram,0.5,-0.319
2022-11-12 11:00:00,574,Kancheepuram,0.5,-0.319
2022-11-12 14:00:00,574,Kancheepuram,14.5,-0.319
2022-11-12 15:00:00,574,Kancheepuram,0.5,-0.319
2022-11-12 17:00:00,574,Kancheepuram,2.5,-0.202
2022-11-13 03:00:00,574,Kancheepuram,0.5,-0.094
2022-11-13 04:00:00,574,Kancheepuram,2.5,0.0304999999999999
2022-11-13 05:00:00,574,Kancheepuram,6.0,0.0304999999999999
2022-11-13 06:00:00,574,Kancheepuram,0.5,0.0304999999999999
2022-11-13 07:00:00,574,Kancheepuram,1.5,0.0304999999999999
2022-11-13 15:00:00,574,Kancheepuram,0.5,0.0045
2022-11-14 15:00:00,574,Kancheepuram,42.0,-0.1404999999999999
2022-11-14 22:00:00,574,Kancheepuram,1.5,-0.023
2022-11-14 23:00:00,574,Kancheepuram,0.5,-0.023
2022-11-15 03:00:00,574,Kancheepuram,0.5,-0.023
2022-11-21 18:00:00,574,Kancheepuram,1.0,-0.477
2022-11-21 20:00:00,574,Kancheepuram,0.5,-0.477
2022-11-21 21:00:00,574,Kancheepuram,0.5,-0.477
2022-11-21 23:00:00,574,Kancheepuram,0.5,-0.4325
2022-11-23 08:00:00,574,Kancheepuram,0.5,-0.4529999999999999
2022-11-23 09:00:00,574,Kancheepuram,0.5,-0.4529999999999999
2022-11-23 10:00:00,574,Kancheepuram,0.5,-0.524
2022-11-23 11:00:00,574,Kancheepuram,1.0,-0.524
2022-11-23 12:00:00,574,Kancheepuram,3.5,-0.524
2022-11-23 13:00:00,574,Kancheepuram,8.0,-0.524
2022-11-23 14:00:00,574,Kancheepuram,1.5,-0.524
2022-11-23 15:00:00,574,Kancheepuram,5.0,-0.524
2022-11-23 16:00:00,574,Kancheepuram,21.0,-0.5429999999999999
2022-11-23 17:00:00,574,Kancheepuram,5.5,-0.5429999999999999
2022-11-25 15:00:00,574,Kancheepuram,1.0,-0.5925
2022-11-27 17:00:00,574,Kancheepuram,2.5,-0.585
2022-12-01 05:00:00,574,Kancheepuram,0.5,-0.525
2022-12-01 07:00:00,574,Kancheepuram,2.0,-0.525
2022-12-01 08:00:00,574,Kancheepuram,0.5,-0.525
2022-12-01 13:00:00,574,Kancheepuram,0.5,-0.708
2022-12-01 14:00:00,574,Kancheepuram,3.5,-0.708
2022-12-01 15:00:00,574,Kancheepuram,0.5,-0.708
2022-12-09 05:00:00,574,Kancheepuram,3.0,-0.6665
2022-12-09 06:00:00,574,Kancheepuram,1.5,-0.6665
2022-12-09 07:00:00,574,Kancheepuram,1.0,-0.6665
2022-12-09 08:00:00,574,Kancheepuram,3.5,-0.6665
2022-12-09 10:00:00,574,Kancheepuram,1.0,-0.7145
2022-12-09 11:00:00,574,Kancheepuram,0.5,-0.7145
2022-12-09 13:00:00,574,Kancheepuram,0.5,-0.7145
2022-12-09 14:00:00,574,Kancheepuram,0.5,-0.7145
2022-12-09 16:00:00,574,Kancheepuram,1.0,-0.646
2022-12-09 17:00:00,574,Kancheepuram,1.5,-0.646
2022-12-09 18:00:00,574,Kancheepuram,1.5,-0.646
2022-12-09 19:00:00,574,Kancheepuram,3.0,-0.646
2022-12-09 20:00:00,574,Kancheepuram,3.5,-0.646
2022-12-09 21:00:00,574,Kancheepuram,11.0,-0.646
2022-12-09 22:00:00,574,Kancheepuram,16.5,-0.2715
2022-12-09 23:00:00,574,Kancheepuram,7.0,-0.2715
2022-12-10 00:00:00,574,Kancheepuram,6.5,-0.2715
2022-12-10 01:00:00,574,Kancheepuram,28.0,-0.2715
2022-12-10 02:00:00,574,Kancheepuram,53.0,-0.2715
2022-12-10 03:00:00,574,Kancheepuram,32.0,-0.2715
2022-12-10 04:00:00,574,Kancheepuram,3.0,-0.0935
2022-12-10 05:00:00,574,Kancheepuram,7.0,-0.0935
2022-12-10 06:00:00,574,Kancheepuram,4.5,-0.0935
2022-12-10 07:00:00,574,Kancheepuram,1.0,-0.0935
2022-12-10 08:00:00,574,Kancheepuram,4.0,-0.0935
2022-12-10 15:00:00,574,Kancheepuram,0.5,-0.073
2022-12-10 16:00:00,574,Kancheepuram,0.5,-0.1119999999999999
2022-12-12 03:00:00,574,Kancheepuram,13.5,-0.099
2022-12-12 04:00:00,574,Kancheepuram,16.0,-0.0584999999999999
2022-12-12 05:00:00,574,Kancheepuram,14.5,-0.0584999999999999
2022-12-12 07:00:00,574,Kancheepuram,1.0,-0.0584999999999999
2022-12-12 08:00:00,574,Kancheepuram,13.0,-0.0584999999999999
2022-12-12 10:00:00,574,Kancheepuram,4.5,0.0345
2022-12-12 11:00:00,574,Kancheepuram,2.5,0.0345
2022-12-12 12:00:00,574,Kancheepuram,7.5,0.0345
2022-12-12 13:00:00,574,Kancheepuram,2.5,0.0345
2022-12-12 17:00:00,574,Kancheepuram,3.5,0.015
2022-12-13 03:00:00,574,Kancheepuram,3.5,0.0089999999999999
2022-12-13 04:00:00,574,Kancheepuram,1.5,0.044
2022-12-25 02:00:00,574,Kancheepuram,0.5,-0.5595
2022-12-25 05:00:00,574,Kancheepuram,3.5,-0.508
2022-12-25 06:00:00,574,Kancheepuram,4.5,-0.508
2022-12-25 07:00:00,574,Kancheepuram,5.5,-0.508
2022-12-25 10:00:00,574,Kancheepuram,1.5,-0.5774999999999999
2022-12-25 13:00:00,574,Kancheepuram,0.5,-0.5774999999999999
2022-12-25 15:00:00,574,Kancheepuram,3.5,-0.5774999999999999
2023-01-30 11:00:00,574,Kancheepuram,0.5,-1.439
2023-01-30 13:00:00,574,Kancheepuram,0.5,-1.439
2023-03-18 10:00:00,574,Kancheepuram,0.5,-2.276
2023-03-19 06:00:00,574,Kancheepuram,4.5,-2.1630000000000003
2023-03-19 15:00:00,574,Kancheepuram,2.5,-2.252
2023-03-19 17:00:00,574,Kancheepuram,0.5,-2.2185
2023-03-19 18:00:00,574,Kancheepuram,1.0,-2.2185
2023-03-20 04:00:00,574,Kancheepuram,0.5,-2.157
2023-04-21 14:00:00,574,Kancheepuram,3.0,-3.0175
2023-04-22 17:00:00,574,Kancheepuram,9.5,-3.0315000000000003
2023-04-23 20:00:00,574,Kancheepuram,9.0,-3.0245
2023-04-23 21:00:00,574,Kancheepuram,0.5,-3.0245
2023-04-23 22:00:00,574,Kancheepuram,0.5,-2.9555
2023-04-24 02:00:00,574,Kancheepuram,1.0,-2.9555
2023-04-25 10:00:00,574,Kancheepuram,2.5,-3.0725
2023-04-29 13:00:00,574,Kancheepuram,4.5,-3.0495
2023-04-30 14:00:00,574,Kancheepuram,2.0,-3.125
2023-04-30 15:00:00,574,Kancheepuram,0.5,-3.125
2023-05-01 15:00:00,574,Kancheepuram,0.5,-3.1425
2023-05-02 00:00:00,574,Kancheepuram,3.5,-3.0575
2023-05-02 01:00:00,574,Kancheepuram,7.0,-3.0575
2023-05-02 03:00:00,574,Kancheepuram,1.0,-3.0575
2023-05-02 04:00:00,574,Kancheepuram,44.0,-2.988
2023-05-02 05:00:00,574,Kancheepuram,2.5,-2.988
2023-05-02 06:00:00,574,Kancheepuram,0.5,-2.988
2023-05-02 14:00:00,574,Kancheepuram,4.0,-3.051
2023-05-04 00:00:00,574,Kancheepuram,8.5,-2.914
2023-05-05 18:00:00,574,Kancheepuram,99.0,-2.9415
2023-05-05 19:00:00,574,Kancheepuram,12.0,-2.9415
2023-05-06 16:00:00,574,Kancheepuram,4.0,-2.923
2023-05-06 17:00:00,574,Kancheepuram,2.0,-2.923
2023-05-06 18:00:00,574,Kancheepuram,1.0,-2.923
2023-05-07 23:00:00,574,Kancheepuram,5.5,-2.909
2023-05-08 00:00:00,574,Kancheepuram,3.5,-2.909
2023-05-08 01:00:00,574,Kancheepuram,0.5,-2.909
2023-05-08 17:00:00,574,Kancheepuram,8.0,-2.9875
2023-05-09 17:00:00,574,Kancheepuram,3.5,-2.9415
2023-06-01 21:00:00,574,Kancheepuram,24.5,-3.551
2023-06-02 19:00:00,574,Kancheepuram,14.0,-3.5805
2023-06-02 20:00:00,574,Kancheepuram,13.0,-3.5805
2023-06-02 21:00:00,574,Kancheepuram,1.0,-3.5805
2023-06-05 17:00:00,574,Kancheepuram,3.5,-3.721
2023-06-10 22:00:00,574,Kancheepuram,0.5,-3.88
2023-06-13 00:00:00,574,Kancheepuram,2.5,-3.909
2023-06-14 01:00:00,574,Kancheepuram,1.5,-3.8485
2023-06-14 02:00:00,574,Kancheepuram,0.5,-3.8485
2023-06-18 11:00:00,574,Kancheepuram,1.5,-4.0875
2023-06-18 12:00:00,574,Kancheepuram,1.5,-4.0875
2023-06-18 13:00:00,574,Kancheepuram,0.5,-4.0875
2023-06-18 23:00:00,574,Kancheepuram,0.5,-4.036
2023-06-19 02:00:00,574,Kancheepuram,2.5,-4.036
2023-06-19 03:00:00,574,Kancheepuram,2.0,-4.036
2023-06-19 04:00:00,574,Kancheepuram,1.0,-3.962
2023-06-19 05:00:00,574,Kancheepuram,6.5,-3.962
2023-06-19 06:00:00,574,Kancheepuram,2.0,-3.962
2023-06-19 07:00:00,574,Kancheepuram,3.0,-3.962
2023-06-19 08:00:00,574,Kancheepuram,11.0,-3.962
2023-06-19 09:00:00,574,Kancheepuram,1.5,-3.962
2023-06-19 10:00:00,574,Kancheepuram,4.0,-4.113
2023-06-19 11:00:00,574,Kancheepuram,0.5,-4.113
2023-06-19 19:00:00,574,Kancheepuram,0.5,-4.146
2023-06-19 21:00:00,574,Kancheepuram,0.5,-4.146
2023-06-19 22:00:00,574,Kancheepuram,0.5,-4.0935
2023-06-19 23:00:00,574,Kancheepuram,0.5,-4.0935
2023-06-20 01:00:00,574,Kancheepuram,1.0,-4.0935
2023-06-20 02:00:00,574,Kancheepuram,6.0,-4.0935
2023-06-20 03:00:00,574,Kancheepuram,1.0,-4.0935
2023-06-20 06:00:00,574,Kancheepuram,1.0,-3.9375
2023-06-20 07:00:00,574,Kancheepuram,1.0,-3.9375
2023-06-20 22:00:00,574,Kancheepuram,15.0,-3.865
2023-06-20 23:00:00,574,Kancheepuram,9.0,-3.865
2023-06-21 01:00:00,574,Kancheepuram,1.5,-3.865
2023-06-21 02:00:00,574,Kancheepuram,1.0,-3.865
2023-06-21 06:00:00,574,Kancheepuram,0.5,-3.748
2023-07-01 18:00:00,574,Kancheepuram,14.0,-3.853
2023-07-01 19:00:00,574,Kancheepuram,0.5,-3.853
2023-07-03 00:00:00,574,Kancheepuram,24.5,-3.796
2023-07-03 01:00:00,574,Kancheepuram,1.0,-3.796
2023-07-03 02:00:00,574,Kancheepuram,4.0,-3.796
2023-07-04 18:00:00,574,Kancheepuram,38.5,-3.9585
2023-07-08 20:00:00,574,Kancheepuram,3.5,-3.83
2023-07-09 21:00:00,574,Kancheepuram,3.0,-3.8765
2023-07-09 23:00:00,574,Kancheepuram,8.5,-3.788
2023-07-10 00:00:00,574,Kancheepuram,0.5,-3.788
2023-07-10 19:00:00,574,Kancheepuram,7.0,-3.8015
2023-07-12 23:00:00,574,Kancheepuram,7.5,-3.555
2023-07-13 00:00:00,574,Kancheepuram,9.0,-3.555
2023-07-13 02:00:00,574,Kancheepuram,0.5,-3.555
2023-07-13 03:00:00,574,Kancheepuram,1.0,-3.555
2023-07-13 04:00:00,574,Kancheepuram,0.5,-3.4605
2023-07-13 05:00:00,574,Kancheepuram,0.5,-3.4605
2023-07-13 19:00:00,574,Kancheepuram,0.5,-3.4615
2023-07-13 21:00:00,574,Kancheepuram,0.5,-3.4615
2023-07-19 18:00:00,574,Kancheepuram,1.5,-3.2515
2023-07-22 21:00:00,574,Kancheepuram,0.5,-3.3185
2023-07-23 14:00:00,574,Kancheepuram,0.5,-3.3565
2023-07-23 15:00:00,574,Kancheepuram,0.5,-3.3565
2023-07-24 18:00:00,574,Kancheepuram,2.0,-3.435
2023-07-24 19:00:00,574,Kancheepuram,1.0,-3.435
2023-07-24 21:00:00,574,Kancheepuram,1.0,-3.435
2023-07-25 15:00:00,574,Kancheepuram,0.5,-3.4290000000000003
2023-07-25 19:00:00,574,Kancheepuram,0.5,-3.5005
2023-07-26 00:00:00,574,Kancheepuram,0.5,-3.393
2023-08-03 21:00:00,574,Kancheepuram,0.5,-3.6455
2023-08-04 23:00:00,574,Kancheepuram,3.5,-3.5895
2023-08-05 00:00:00,574,Kancheepuram,0.5,-3.5895
2023-08-08 19:00:00,574,Kancheepuram,18.5,-3.803
2023-08-09 20:00:00,574,Kancheepuram,42.5,-3.782
2023-08-09 21:00:00,574,Kancheepuram,3.0,-3.782
2023-08-09 22:00:00,574,Kancheepuram,1.0,-3.746
2023-08-11 16:00:00,574,Kancheepuram,5.0,-3.8005
2023-08-13 21:00:00,574,Kancheepuram,1.0,-3.8295
2023-08-13 23:00:00,574,Kancheepuram,2.0,-3.7275
2023-08-14 23:00:00,574,Kancheepuram,4.0,-3.6975
2023-08-17 19:00:00,574,Kancheepuram,3.0,-3.755500000000001
2023-08-22 02:00:00,574,Kancheepuram,0.5,-3.8295
2023-08-22 04:00:00,574,Kancheepuram,1.0,-3.766
2023-08-23 05:00:00,574,Kancheepuram,0.5,-3.7455
2023-08-23 07:00:00,574,Kancheepuram,2.0,-3.7455
2023-08-24 02:00:00,574,Kancheepuram,0.5,-3.815
2023-08-24 03:00:00,574,Kancheepuram,1.5,-3.815
2023-08-27 01:00:00,574,Kancheepuram,6.0,-3.855
2023-08-27 02:00:00,574,Kancheepuram,2.5,-3.855
2023-08-27 03:00:00,574,Kancheepuram,13.0,-3.855
2023-08-27 04:00:00,574,Kancheepuram,1.5,-3.8605
2023-08-27 05:00:00,574,Kancheepuram,10.0,-3.8605
2023-08-27 06:00:00,574,Kancheepuram,0.5,-3.8605
2023-08-31 17:00:00,574,Kancheepuram,0.5,-4.0065
2023-08-31 18:00:00,574,Kancheepuram,1.0,-4.0065
2023-09-02 17:00:00,574,Kancheepuram,9.5,-4.077500000000001
2023-09-03 17:00:00,574,Kancheepuram,5.0,-4.2015
2023-09-03 18:00:00,574,Kancheepuram,7.5,-4.2015
2023-09-03 19:00:00,574,Kancheepuram,9.0,-4.2015
2023-09-03 20:00:00,574,Kancheepuram,7.0,-4.2015
2023-09-03 21:00:00,574,Kancheepuram,2.0,-4.2015
2023-09-03 22:00:00,574,Kancheepuram,0.5,-4.111
2023-09-04 19:00:00,574,Kancheepuram,12.5,-3.823
2023-09-07 21:00:00,574,Kancheepuram,2.5,-3.8025
2023-09-14 21:00:00,574,Kancheepuram,2.0,-3.835
2023-09-14 22:00:00,574,Kancheepuram,0.5,-3.707
2023-09-16 20:00:00,574,Kancheepuram,14.0,-3.6365
2023-09-16 21:00:00,574,Kancheepuram,13.0,-3.6365
2023-09-16 22:00:00,574,Kancheepuram,1.5,-3.622
2023-09-16 23:00:00,574,Kancheepuram,4.5,-3.622
2023-09-17 00:00:00,574,Kancheepuram,3.5,-3.622
2023-09-17 01:00:00,574,Kancheepuram,1.5,-3.622
2023-09-17 02:00:00,574,Kancheepuram,1.0,-3.622
2023-09-17 03:00:00,574,Kancheepuram,0.5,-3.622
2023-09-17 04:00:00,574,Kancheepuram,0.5,-3.5295
2023-09-17 15:00:00,574,Kancheepuram,4.5,-3.644
2023-09-17 16:00:00,574,Kancheepuram,9.5,-3.5815
2023-09-18 00:00:00,574,Kancheepuram,3.0,-3.4245
2023-09-18 07:00:00,574,Kancheepuram,0.5,-3.2265
2023-09-18 16:00:00,574,Kancheepuram,8.5,-3.2335
2023-09-18 17:00:00,574,Kancheepuram,17.5,-3.2335
2023-09-21 03:00:00,574,Kancheepuram,2.0,-3.037
2023-09-21 04:00:00,574,Kancheepuram,1.5,-2.9865
2023-09-21 05:00:00,574,Kancheepuram,1.0,-2.9865
2023-09-21 06:00:00,574,Kancheepuram,2.5,-2.9865
2023-09-21 07:00:00,574,Kancheepuram,1.5,-2.9865
2023-09-21 08:00:00,574,Kancheepuram,2.5,-2.9865
2023-09-21 09:00:00,574,Kancheepuram,0.5,-2.9865
2023-09-23 19:00:00,574,Kancheepuram,35.0,-2.7295000000000003
2023-09-23 20:00:00,574,Kancheepuram,14.5,-2.7295000000000003
2023-09-23 21:00:00,574,Kancheepuram,0.5,-2.7295000000000003
2023-09-24 00:00:00,574,Kancheepuram,0.5,-2.585
2023-09-24 23:00:00,574,Kancheepuram,10.0,-2.4955
2023-09-25 00:00:00,574,Kancheepuram,4.0,-2.4955
2023-09-25 03:00:00,574,Kancheepuram,1.0,-2.4955
2023-09-25 04:00:00,574,Kancheepuram,1.0,-2.4145000000000003
2023-09-25 05:00:00,574,Kancheepuram,3.0,-2.4145000000000003
2023-09-25 06:00:00,574,Kancheepuram,0.5,-2.4145000000000003
2023-09-25 07:00:00,574,Kancheepuram,0.5,-2.4145000000000003
2023-09-26 01:00:00,574,Kancheepuram,8.5,-2.3465
2023-09-26 02:00:00,574,Kancheepuram,5.0,-2.3465
2023-09-26 03:00:00,574,Kancheepuram,3.5,-2.3465
2023-09-26 04:00:00,574,Kancheepuram,3.0,-2.244
2023-09-26 05:00:00,574,Kancheepuram,1.5,-2.244
2023-09-26 06:00:00,574,Kancheepuram,2.0,-2.244
2023-09-26 07:00:00,574,Kancheepuram,1.0,-2.244
2023-09-27 03:00:00,574,Kancheepuram,2.0,-2.0615
2023-09-27 04:00:00,574,Kancheepuram,1.0,-2.013
2023-09-27 05:00:00,574,Kancheepuram,0.5,-2.013
2023-09-27 16:00:00,574,Kancheepuram,3.5,-2.113
2023-09-27 17:00:00,574,Kancheepuram,9.5,-2.113
2023-09-27 23:00:00,574,Kancheepuram,5.0,-2.0925
2023-09-28 00:00:00,574,Kancheepuram,12.0,-2.0925
2023-09-28 01:00:00,574,Kancheepuram,3.5,-2.0925
2023-09-28 02:00:00,574,Kancheepuram,2.5,-2.0925
2023-09-28 03:00:00,574,Kancheepuram,2.5,-2.0925
2023-09-28 04:00:00,574,Kancheepuram,1.0,-1.9225
2023-09-28 23:00:00,574,Kancheepuram,3.0,-1.819
2023-09-29 00:00:00,574,Kancheepuram,2.0,-1.819
2023-09-29 02:00:00,574,Kancheepuram,0.5,-1.819
2023-09-29 03:00:00,574,Kancheepuram,0.5,-1.819
2023-10-05 23:00:00,574,Kancheepuram,1.5,-1.91
2023-10-14 10:00:00,574,Kancheepuram,1.5,-2.0825
2023-10-15 06:00:00,574,Kancheepuram,5.0,-1.9755
2023-10-15 07:00:00,574,Kancheepuram,3.0,-1.9755
2023-10-16 13:00:00,574,Kancheepuram,2.0,-2.151
2023-10-17 01:00:00,574,Kancheepuram,2.0,-2.0415
2023-10-28 15:00:00,574,Kancheepuram,0.5,-2.504
2023-10-28 16:00:00,574,Kancheepuram,17.5,-2.4175
2023-10-30 01:00:00,574,Kancheepuram,2.5,-2.3775
2023-10-30 03:00:00,574,Kancheepuram,2.5,-2.3775
2023-10-30 04:00:00,574,Kancheepuram,0.5,-2.3175
2023-10-30 05:00:00,574,Kancheepuram,1.0,-2.3175
2023-10-30 13:00:00,574,Kancheepuram,3.0,-2.3745000000000003
2023-10-30 14:00:00,574,Kancheepuram,0.5,-2.3745000000000003
2023-10-31 00:00:00,574,Kancheepuram,2.0,-2.2845
2023-10-31 13:00:00,574,Kancheepuram,0.5,-2.32
2023-10-31 14:00:00,574,Kancheepuram,0.5,-2.32
2023-11-03 12:00:00,574,Kancheepuram,2.5,-4.143666666666667
2023-11-05 14:00:00,574,Kancheepuram,9.5,-4.0536666666666665
2023-11-05 15:00:00,574,Kancheepuram,35.5,-4.0536666666666665
2023-11-05 16:00:00,574,Kancheepuram,1.5,-4.0456666666666665
2023-11-05 18:00:00,574,Kancheepuram,0.5,-4.0456666666666665
2023-11-07 17:00:00,574,Kancheepuram,1.5,-5.3915
2023-11-07 18:00:00,574,Kancheepuram,2.0,-5.3915
2023-11-08 13:00:00,574,Kancheepuram,1.0,-5.37675
2023-11-08 14:00:00,574,Kancheepuram,1.5,-5.37675
2023-11-08 15:00:00,574,Kancheepuram,0.5,-5.37675
2023-11-08 16:00:00,574,Kancheepuram,0.5,-5.06875
2023-11-09 06:00:00,574,Kancheepuram,0.5,-5.2707500000000005
2023-11-09 07:00:00,574,Kancheepuram,2.5,-5.2707500000000005
2023-11-09 08:00:00,574,Kancheepuram,1.0,-5.2707500000000005
2023-11-09 22:00:00,574,Kancheepuram,0.5,-5.2425
2023-11-10 03:00:00,574,Kancheepuram,0.5,-5.2425
2023-11-10 04:00:00,574,Kancheepuram,1.0,-5.21275
2023-11-14 00:00:00,574,Kancheepuram,2.5,-5.2307500000000005
2023-11-14 01:00:00,574,Kancheepuram,3.0,-5.2307500000000005
2023-11-14 02:00:00,574,Kancheepuram,3.5,-5.2307500000000005
2023-11-14 03:00:00,574,Kancheepuram,0.5,-5.2307500000000005
2023-11-14 04:00:00,574,Kancheepuram,0.5,-4.97775
2023-11-14 05:00:00,574,Kancheepuram,0.5,-4.97775
2023-11-14 10:00:00,574,Kancheepuram,0.5,-4.94075
2023-11-14 11:00:00,574,Kancheepuram,0.5,-4.94075
2023-11-14 12:00:00,574,Kancheepuram,1.5,-4.94075
2023-11-14 13:00:00,574,Kancheepuram,1.0,-4.94075
2023-11-14 14:00:00,574,Kancheepuram,0.5,-4.94075
2023-11-14 15:00:00,574,Kancheepuram,0.5,-4.94075
2023-11-14 16:00:00,574,Kancheepuram,0.5,-4.829000000000001
2023-11-14 17:00:00,574,Kancheepuram,0.5,-4.829000000000001
2023-11-14 18:00:00,574,Kancheepuram,1.0,-4.829000000000001
2023-11-14 19:00:00,574,Kancheepuram,0.5,-4.829000000000001
2023-11-14 20:00:00,574,Kancheepuram,1.5,-4.829000000000001
2023-11-14 21:00:00,574,Kancheepuram,0.5,-4.829000000000001
2023-11-14 23:00:00,574,Kancheepuram,0.5,-4.7620000000000005
2023-11-21 14:00:00,574,Kancheepuram,2.0,-4.87025
2023-11-22 04:00:00,574,Kancheepuram,0.5,-4.8252500000000005
2023-11-22 09:00:00,574,Kancheepuram,7.5,-4.8252500000000005
2023-11-22 10:00:00,574,Kancheepuram,7.0,-4.84825
2023-11-22 11:00:00,574,Kancheepuram,2.0,-4.84825
2023-11-22 12:00:00,574,Kancheepuram,5.5,-4.84825
2023-11-22 13:00:00,574,Kancheepuram,0.5,-4.84825
2023-11-22 22:00:00,574,Kancheepuram,0.5,-4.803
2023-11-22 23:00:00,574,Kancheepuram,0.5,-4.803
2023-11-25 02:00:00,574,Kancheepuram,0.5,-3.94325
2023-11-25 12:00:00,574,Kancheepuram,22.5,-4.76375
2023-11-25 13:00:00,574,Kancheepuram,1.5,-4.76375
2023-11-26 15:00:00,574,Kancheepuram,0.5,-4.77575
2023-11-26 16:00:00,574,Kancheepuram,0.5,-4.673
2023-11-26 17:00:00,574,Kancheepuram,1.0,-4.673
2023-11-26 18:00:00,574,Kancheepuram,12.5,-4.673
2023-11-26 19:00:00,574,Kancheepuram,6.5,-4.673
2023-11-26 20:00:00,574,Kancheepuram,53.5,-4.673
2023-11-26 21:00:00,574,Kancheepuram,3.0,-4.673
2023-11-27 07:00:00,574,Kancheepuram,0.5,-5.670333333333333
2023-11-27 11:00:00,574,Kancheepuram,0.5,-5.384666666666667
2023-11-27 12:00:00,574,Kancheepuram,1.0,-5.384666666666667
2023-11-27 16:00:00,574,Kancheepuram,0.5,-4.48375
2023-11-28 02:00:00,574,Kancheepuram,7.5,-4.53625
2023-11-28 03:00:00,574,Kancheepuram,1.5,-4.53625
2023-11-28 04:00:00,574,Kancheepuram,4.5,-4.40575
2023-11-28 07:00:00,574,Kancheepuram,0.5,-4.40575
2023-11-28 13:00:00,574,Kancheepuram,6.5,-4.3975
2023-11-28 18:00:00,574,Kancheepuram,0.5,-4.38825
2023-11-29 02:00:00,574,Kancheepuram,2.5,-4.40925
2023-11-29 03:00:00,574,Kancheepuram,5.5,-4.40925
2023-11-29 13:00:00,574,Kancheepuram,22.0,-4.4037500000000005
2023-11-29 15:00:00,574,Kancheepuram,3.0,-4.4037500000000005
2023-11-29 19:00:00,574,Kancheepuram,1.0,-4.33575
2023-11-29 20:00:00,574,Kancheepuram,14.5,-4.33575
2023-11-29 21:00:00,574,Kancheepuram,3.5,-4.33575
2023-11-29 22:00:00,574,Kancheepuram,1.5,-4.27675
2023-11-30 03:00:00,574,Kancheepuram,0.5,-4.27675
2023-11-30 09:00:00,574,Kancheepuram,0.5,-4.22875
2023-11-30 11:00:00,574,Kancheepuram,3.0,-4.20225
2023-11-30 16:00:00,574,Kancheepuram,1.0,-4.1525
2023-12-02 12:00:00,574,Kancheepuram,1.0,-4.196
2023-12-02 14:00:00,574,Kancheepuram,0.5,-4.196
2023-12-02 15:00:00,574,Kancheepuram,1.5,-4.196
2023-12-02 16:00:00,574,Kancheepuram,0.5,-4.20175
2023-12-02 19:00:00,574,Kancheepuram,2.5,-4.20175
2023-12-02 21:00:00,574,Kancheepuram,7.5,-4.20175
2023-12-02 22:00:00,574,Kancheepuram,0.5,-4.08025
2023-12-03 00:00:00,574,Kancheepuram,1.5,-4.08025
2023-12-03 01:00:00,574,Kancheepuram,4.5,-4.08025
2023-12-03 02:00:00,574,Kancheepuram,0.5,-4.08025
2023-12-03 03:00:00,574,Kancheepuram,0.5,-4.08025
2023-12-03 05:00:00,574,Kancheepuram,0.5,-3.259
2023-12-03 06:00:00,574,Kancheepuram,4.5,-3.259
2023-12-03 07:00:00,574,Kancheepuram,4.0,-3.259
2023-12-03 08:00:00,574,Kancheepuram,2.5,-3.259
2023-12-03 09:00:00,574,Kancheepuram,1.0,-3.259
2023-12-03 11:00:00,574,Kancheepuram,6.0,-3.962
2023-12-03 13:00:00,574,Kancheepuram,1.0,-3.962
2023-12-03 14:00:00,574,Kancheepuram,2.0,-3.962
2023-12-03 16:00:00,574,Kancheepuram,1.0,-3.89725
2023-12-03 17:00:00,574,Kancheepuram,0.5,-3.89725
2023-12-03 18:00:00,574,Kancheepuram,5.0,-3.89725
2023-12-03 19:00:00,574,Kancheepuram,1.0,-3.89725
2023-12-03 20:00:00,574,Kancheepuram,0.5,-3.89725
2023-12-03 21:00:00,574,Kancheepuram,0.5,-3.89725
2023-12-03 23:00:00,574,Kancheepuram,0.5,-3.8145
2023-12-04 00:00:00,574,Kancheepuram,4.5,-3.8145
2023-12-04 01:00:00,574,Kancheepuram,5.0,-3.8145
2023-12-04 02:00:00,574,Kancheepuram,7.5,-3.8145
2023-12-04 03:00:00,574,Kancheepuram,10.0,-3.8145
2023-12-04 04:00:00,574,Kancheepuram,5.5,-0.022
2023-12-04 05:00:00,574,Kancheepuram,5.5,-0.022
2023-12-04 06:00:00,574,Kancheepuram,7.5,-0.022
2023-12-04 07:00:00,574,Kancheepuram,3.0,-0.022
2023-12-04 08:00:00,574,Kancheepuram,1.0,-0.022
2023-12-04 09:00:00,574,Kancheepuram,2.0,-0.022
2023-12-14 11:00:00,574,Kancheepuram,0.5,-0.54
2023-12-15 16:00:00,574,Kancheepuram,0.5,-0.685
2023-12-15 17:00:00,574,Kancheepuram,4.0,-0.685
2023-12-15 18:00:00,574,Kancheepuram,1.0,-0.685
2023-12-15 19:00:00,574,Kancheepuram,1.5,-0.685
2023-12-15 20:00:00,574,Kancheepuram,1.0,-0.685
2024-01-07 16:00:00,574,Kancheepuram,0.5,-4.26975
2024-01-07 21:00:00,574,Kancheepuram,2.5,-4.26975
2024-01-07 22:00:00,574,Kancheepuram,2.0,-4.16225
2024-01-07 23:00:00,574,Kancheepuram,3.5,-4.16225
2024-01-08 00:00:00,574,Kancheepuram,2.5,-4.16225
2024-01-08 01:00:00,574,Kancheepuram,6.5,-4.16225
2024-01-08 02:00:00,574,Kancheepuram,5.0,-4.16225
2024-01-08 03:00:00,574,Kancheepuram,1.0,-4.16225
2024-01-08 04:00:00,574,Kancheepuram,9.5,-3.943
2024-01-08 05:00:00,574,Kancheepuram,7.0,-3.943
2024-01-08 06:00:00,574,Kancheepuram,6.5,-3.943
2024-01-08 07:00:00,574,Kancheepuram,0.5,-3.943
2024-01-08 08:00:00,574,Kancheepuram,1.0,-3.943
2024-01-08 09:00:00,574,Kancheepuram,4.0,-3.943
2024-01-08 10:00:00,574,Kancheepuram,7.5,-3.8585
2024-01-08 11:00:00,574,Kancheepuram,6.0,-3.8585
2024-01-08 12:00:00,574,Kancheepuram,3.0,-3.8585
2024-01-08 13:00:00,574,Kancheepuram,1.5,-3.8585
2024-01-08 14:00:00,574,Kancheepuram,3.0,-3.8585
2024-01-08 15:00:00,574,Kancheepuram,2.0,-3.8585
2024-01-08 16:00:00,574,Kancheepuram,1.5,-3.753
2024-01-08 18:00:00,574,Kancheepuram,0.5,-3.753
2024-05-06 01:00:00,574,Kancheepuram,2.5,-5.1161666666666665
2024-05-12 15:00:00,574,Kancheepuram,1.0,-5.259166666666666
2024-05-12 16:00:00,574,Kancheepuram,1.5,-5.257499999999999
2024-05-12 17:00:00,574,Kancheepuram,2.0,-5.257499999999999
2024-05-12 18:00:00,574,Kancheepuram,1.0,-5.257499999999999
2024-05-14 14:00:00,574,Kancheepuram,0.5,-5.300166666666667
2024-05-14 15:00:00,574,Kancheepuram,1.5,-5.300166666666667
2024-05-14 16:00:00,574,Kancheepuram,1.5,-5.2925
2024-05-14 17:00:00,574,Kancheepuram,1.5,-5.2925
2024-05-14 18:00:00,574,Kancheepuram,1.0,-5.2925
2024-05-14 19:00:00,574,Kancheepuram,0.5,-5.2925
2024-05-14 20:00:00,574,Kancheepuram,1.0,-5.2925
2024-05-14 21:00:00,574,Kancheepuram,0.5,-5.2925
2024-05-14 22:00:00,574,Kancheepuram,0.5,-5.270333333333333
2024-05-15 00:00:00,574,Kancheepuram,0.5,-5.270333333333333
2024-05-15 02:00:00,574,Kancheepuram,0.5,-5.270333333333333
2024-05-16 10:00:00,574,Kancheepuram,0.5,-5.367166666666667
2024-05-16 11:00:00,574,Kancheepuram,0.5,-5.367166666666667
2024-05-16 13:00:00,574,Kancheepuram,0.5,-5.367166666666667
2024-05-16 15:00:00,574,Kancheepuram,0.5,-5.367166666666667
2024-05-18 15:00:00,574,Kancheepuram,0.5,-5.309333333333334
2024-05-19 15:00:00,574,Kancheepuram,0.5,-5.313666666666666
2024-05-19 16:00:00,574,Kancheepuram,0.5,-5.282
2024-05-19 18:00:00,574,Kancheepuram,0.5,-5.282
2024-05-19 20:00:00,574,Kancheepuram,0.5,-5.282
2024-05-19 22:00:00,574,Kancheepuram,0.5,-5.276000000000001
2024-05-20 01:00:00,574,Kancheepuram,0.5,-5.276000000000001
2024-05-20 04:00:00,574,Kancheepuram,0.5,-5.281833333333333
2024-05-20 09:00:00,574,Kancheepuram,0.5,-5.281833333333333
2024-05-20 14:00:00,574,Kancheepuram,0.5,-5.302166666666667
2024-05-21 03:00:00,574,Kancheepuram,0.5,-5.2705
2024-05-22 00:00:00,574,Kancheepuram,0.5,-5.278666666666667
2024-05-23 08:00:00,574,Kancheepuram,0.5,-5.7676
2024-05-25 14:00:00,574,Kancheepuram,2.0,-5.347833333333334
2024-05-25 19:00:00,574,Kancheepuram,2.5,-5.348166666666667
2024-06-01 21:00:00,574,Kancheepuram,1.0,-5.1578333333333335
2024-06-04 17:00:00,574,Kancheepuram,1.0,-5.588333333333334
2024-06-06 17:00:00,574,Kancheepuram,1.5,-5.537
2024-06-06 18:00:00,574,Kancheepuram,23.0,-5.537
2024-06-06 19:00:00,574,Kancheepuram,3.0,-5.537
2024-06-06 20:00:00,574,Kancheepuram,2.5,-5.537
2024-06-06 21:00:00,574,Kancheepuram,1.0,-5.537
2024-06-06 22:00:00,574,Kancheepuram,2.5,-5.035
2024-06-06 23:00:00,574,Kancheepuram,1.0,-5.035
2024-06-07 00:00:00,574,Kancheepuram,0.5,-5.035
2024-06-07 03:00:00,574,Kancheepuram,1.0,-5.035
2024-06-07 04:00:00,574,Kancheepuram,1.0,-4.938666666666667
2024-06-08 21:00:00,574,Kancheepuram,0.5,-5.3773333333333335
2024-06-08 22:00:00,574,Kancheepuram,1.0,-5.3805000000000005
2024-06-10 17:00:00,574,Kancheepuram,3.5,-5.28
2024-06-13 17:00:00,574,Kancheepuram,1.0,-5.484166666666667
2024-06-13 19:00:00,574,Kancheepuram,0.5,-5.484166666666667
2024-06-13 20:00:00,574,Kancheepuram,1.0,-5.484166666666667
2024-06-16 22:00:00,574,Kancheepuram,3.5,-6.1266
2024-06-17 00:00:00,574,Kancheepuram,0.5,-6.1266
2024-06-17 01:00:00,574,Kancheepuram,0.5,-6.1266
2024-06-17 02:00:00,574,Kancheepuram,0.5,-6.1266
2024-06-17 04:00:00,574,Kancheepuram,0.5,-6.1268
2024-06-18 21:00:00,574,Kancheepuram,15.0,-6.1096
2024-06-18 22:00:00,574,Kancheepuram,3.5,-5.7156
2024-06-18 23:00:00,574,Kancheepuram,5.0,-5.7156
2024-06-19 00:00:00,574,Kancheepuram,2.0,-5.7156
2024-06-19 01:00:00,574,Kancheepuram,2.5,-5.7156
2024-06-19 02:00:00,574,Kancheepuram,4.0,-5.7156
2024-06-19 03:00:00,574,Kancheepuram,1.0,-5.7156
2024-06-19 20:00:00,574,Kancheepuram,0.5,-6.0896
2024-06-19 21:00:00,574,Kancheepuram,8.5,-6.0896
2024-06-19 22:00:00,574,Kancheepuram,0.5,-6.081
2024-06-19 23:00:00,574,Kancheepuram,0.5,-6.081
2024-06-20 01:00:00,574,Kancheepuram,0.5,-6.081
2024-06-21 20:00:00,574,Kancheepuram,4.5,-5.8194
2024-06-21 21:00:00,574,Kancheepuram,0.5,-5.8194
2024-06-30 22:00:00,574,Kancheepuram,18.5,-5.359166666666667
2024-06-30 23:00:00,574,Kancheepuram,15.5,-5.359166666666667
2024-07-01 00:00:00,574,Kancheepuram,0.5,-5.359166666666667
2024-07-01 01:00:00,574,Kancheepuram,0.5,-5.359166666666667
2024-07-03 21:00:00,574,Kancheepuram,2.5,-5.9528
2024-07-03 22:00:00,574,Kancheepuram,1.5,-5.7238
2024-07-05 23:00:00,574,Kancheepuram,5.5,-6.0262
2024-07-06 00:00:00,574,Kancheepuram,8.0,-6.0262
2024-07-06 01:00:00,574,Kancheepuram,2.0,-6.0262
2024-07-06 02:00:00,574,Kancheepuram,2.0,-6.0262
2024-07-06 05:00:00,574,Kancheepuram,0.5,-5.99
2024-07-07 18:00:00,574,Kancheepuram,25.0,-5.9484
2024-07-07 19:00:00,574,Kancheepuram,2.5,-5.9484
2024-07-07 20:00:00,574,Kancheepuram,0.5,-5.9484
2024-07-07 21:00:00,574,Kancheepuram,0.5,-5.9484
2024-07-07 22:00:00,574,Kancheepuram,0.5,-5.8244
2024-07-11 00:00:00,574,Kancheepuram,14.0,-5.8772
2024-07-11 01:00:00,574,Kancheepuram,3.0,-5.8772
2024-07-11 02:00:00,574,Kancheepuram,1.0,-5.8772
2024-07-11 03:00:00,574,Kancheepuram,2.5,-5.8772
2024-07-11 04:00:00,574,Kancheepuram,0.5,-5.4888
2024-07-11 05:00:00,574,Kancheepuram,2.5,-5.4888
2024-07-11 06:00:00,574,Kancheepuram,0.5,-5.4888
2024-07-12 20:00:00,574,Kancheepuram,1.0,-5.615
2024-07-12 21:00:00,574,Kancheepuram,23.5,-5.615
2024-07-12 22:00:00,574,Kancheepuram,1.5,-5.5928
2024-07-12 23:00:00,574,Kancheepuram,5.0,-5.5928
2024-07-13 00:00:00,574,Kancheepuram,2.0,-5.5928
2024-07-13 01:00:00,574,Kancheepuram,1.5,-5.5928
2024-07-13 02:00:00,574,Kancheepuram,1.5,-5.5928
2024-07-13 03:00:00,574,Kancheepuram,0.5,-5.5928
2024-07-13 05:00:00,574,Kancheepuram,1.0,-5.3896
2024-07-13 06:00:00,574,Kancheepuram,0.5,-5.3896
2024-07-13 21:00:00,574,Kancheepuram,6.0,-5.3036
2024-07-13 22:00:00,574,Kancheepuram,8.5,-4.9412
2024-07-15 03:00:00,574,Kancheepuram,0.5,-5.2548
2024-07-15 06:00:00,574,Kancheepuram,0.5,-5.236400000000001
2024-07-15 09:00:00,574,Kancheepuram,0.5,-5.236400000000001
2024-07-15 12:00:00,574,Kancheepuram,0.5,-5.365799999999999
2024-07-15 13:00:00,574,Kancheepuram,0.5,-5.365799999999999
2024-07-15 14:00:00,574,Kancheepuram,0.5,-5.365799999999999
2024-07-15 15:00:00,574,Kancheepuram,1.0,-5.365799999999999
2024-07-18 17:00:00,574,Kancheepuram,5.0,-5.3422
2024-07-18 18:00:00,574,Kancheepuram,1.0,-5.3422
2024-07-23 20:00:00,574,Kancheepuram,0.5,-5.49
2024-07-25 18:00:00,574,Kancheepuram,8.0,-5.5274
2024-07-25 19:00:00,574,Kancheepuram,0.5,-5.5274
2024-07-26 19:00:00,574,Kancheepuram,0.5,-4.979833333333334
2024-07-31 23:00:00,574,Kancheepuram,0.5,-5.102666666666667
2024-08-01 21:00:00,574,Kancheepuram,0.5,-4.767
2024-08-01 22:00:00,574,Kancheepuram,0.5,-5.122166666666666
2024-08-03 23:00:00,574,Kancheepuram,0.5,-5.1695
2024-08-04 00:00:00,574,Kancheepuram,4.0,-5.1695
2024-08-04 01:00:00,574,Kancheepuram,1.0,-5.1695
2024-08-04 02:00:00,574,Kancheepuram,0.5,-5.1695
2024-08-04 03:00:00,574,Kancheepuram,0.5,-5.1695
2024-08-04 04:00:00,574,Kancheepuram,1.0,-5.1355
2024-08-04 22:00:00,574,Kancheepuram,2.5,-4.9158333333333335
2024-08-04 23:00:00,574,Kancheepuram,0.5,-4.9158333333333335
2024-08-05 00:00:00,574,Kancheepuram,2.0,-4.9158333333333335
2024-08-05 01:00:00,574,Kancheepuram,22.5,-4.9158333333333335
2024-08-05 02:00:00,574,Kancheepuram,13.0,-4.9158333333333335
2024-08-05 03:00:00,574,Kancheepuram,4.5,-4.9158333333333335
2024-08-05 04:00:00,574,Kancheepuram,6.0,-5.012333333333333
2024-08-05 05:00:00,574,Kancheepuram,5.0,-5.012333333333333
2024-08-05 06:00:00,574,Kancheepuram,3.0,-5.012333333333333
2024-08-05 07:00:00,574,Kancheepuram,0.5,-5.012333333333333
2024-08-05 08:00:00,574,Kancheepuram,0.5,-5.012333333333333
2024-08-05 20:00:00,574,Kancheepuram,20.0,-4.880999999999999
2024-08-05 21:00:00,574,Kancheepuram,12.0,-4.880999999999999
2024-08-05 22:00:00,574,Kancheepuram,0.5,-4.851833333333333
2024-08-06 19:00:00,574,Kancheepuram,1.5,-4.5615
2024-08-06 20:00:00,574,Kancheepuram,1.5,-4.5615
2024-08-06 22:00:00,574,Kancheepuram,7.0,-4.842333333333333
2024-08-06 23:00:00,574,Kancheepuram,2.0,-4.842333333333333
2024-08-07 02:00:00,574,Kancheepuram,0.5,-4.842333333333333
2024-08-07 03:00:00,574,Kancheepuram,0.5,-4.842333333333333
2024-08-07 04:00:00,574,Kancheepuram,0.5,-4.792166666666667
2024-08-07 23:00:00,574,Kancheepuram,31.5,-5.353199999999999
2024-08-08 00:00:00,574,Kancheepuram,7.5,-5.353199999999999
2024-08-08 01:00:00,574,Kancheepuram,0.5,-5.353199999999999
2024-08-08 03:00:00,574,Kancheepuram,0.5,-5.353199999999999
2024-08-08 04:00:00,574,Kancheepuram,0.5,-5.2134
2024-08-09 04:00:00,574,Kancheepuram,2.0,-5.066800000000001
2024-08-09 05:00:00,574,Kancheepuram,5.5,-5.066800000000001
2024-08-10 03:00:00,574,Kancheepuram,4.5,-5.1072
2024-08-10 04:00:00,574,Kancheepuram,1.5,-5.1028
2024-08-21 18:00:00,574,Kancheepuram,6.0,-4.9872
2024-08-28 06:00:00,574,Kancheepuram,0.5,-4.5442
2024-08-28 07:00:00,574,Kancheepuram,0.5,-4.5442
2024-08-30 20:00:00,574,Kancheepuram,5.0,-4.629
2024-08-30 21:00:00,574,Kancheepuram,1.5,-4.629
2024-08-30 23:00:00,574,Kancheepuram,0.5,-4.635166666666668
2024-08-31 00:00:00,574,Kancheepuram,1.0,-4.635166666666668
2024-09-01 15:00:00,574,Kancheepuram,3.5,-4.6738333333333335
2024-09-01 16:00:00,574,Kancheepuram,0.5,-4.679
2024-09-01 17:00:00,574,Kancheepuram,0.5,-4.679
2024-09-04 16:00:00,574,Kancheepuram,0.5,-4.721333333333333
2024-09-04 17:00:00,574,Kancheepuram,1.5,-4.721333333333333
2024-09-06 02:00:00,574,Kancheepuram,2.0,-4.713
2024-09-07 20:00:00,574,Kancheepuram,20.0,-4.758
2024-09-07 21:00:00,574,Kancheepuram,0.5,-4.758
2024-09-07 22:00:00,574,Kancheepuram,1.0,-4.739666666666667
2024-09-09 19:00:00,574,Kancheepuram,1.0,-4.7245
2024-09-09 20:00:00,574,Kancheepuram,2.0,-4.7245
2024-09-18 02:00:00,574,Kancheepuram,0.5,-4.8566666666666665
2024-09-20 05:00:00,574,Kancheepuram,2.0,-5.4824
2024-09-21 05:00:00,574,Kancheepuram,0.5,-5.4948
2024-09-21 07:00:00,574,Kancheepuram,0.5,-5.4948
2024-09-25 17:00:00,574,Kancheepuram,15.0,-4.9425
2024-09-25 18:00:00,574,Kancheepuram,1.0,-4.9425
2024-09-25 20:00:00,574,Kancheepuram,2.0,-4.9425
2024-09-27 15:00:00,574,Kancheepuram,3.5,-4.842
2024-09-27 16:00:00,574,Kancheepuram,0.5,-4.8245
2024-09-28 13:00:00,574,Kancheepuram,15.0,-4.817
2024-09-28 14:00:00,574,Kancheepuram,8.5,-4.817
2024-09-29 15:00:00,574,Kancheepuram,1.0,-4.773166666666667
2024-09-30 15:00:00,574,Kancheepuram,1.5,-4.757666666666666
2024-10-07 15:00:00,574,Kancheepuram,0.5,-4.819
2024-10-09 15:00:00,574,Kancheepuram,1.0,-4.385
2024-10-10 17:00:00,574,Kancheepuram,1.5,-4.758666666666667
2024-10-10 18:00:00,574,Kancheepuram,32.5,-4.758666666666667
2024-10-10 19:00:00,574,Kancheepuram,5.5,-4.758666666666667
2024-10-12 10:00:00,574,Kancheepuram,3.0,-4.755833333333333
2024-10-13 06:00:00,574,Kancheepuram,1.5,-4.7355
2024-10-13 08:00:00,574,Kancheepuram,0.5,-4.7355
2024-10-14 03:00:00,574,Kancheepuram,1.5,-4.743666666666667
2024-10-14 05:00:00,574,Kancheepuram,2.5,-4.721666666666667
2024-10-14 06:00:00,574,Kancheepuram,3.5,-4.721666666666667
2024-10-14 07:00:00,574,Kancheepuram,1.0,-4.721666666666667
2024-10-14 17:00:00,574,Kancheepuram,0.5,-4.7235000000000005
2024-10-14 18:00:00,574,Kancheepuram,1.0,-4.7235000000000005
2024-10-14 21:00:00,574,Kancheepuram,0.5,-4.7235000000000005
2024-10-14 22:00:00,574,Kancheepuram,2.5,-4.654166666666667
2024-10-14 23:00:00,574,Kancheepuram,3.5,-4.654166666666667
2024-10-15 00:00:00,574,Kancheepuram,0.5,-4.654166666666667
2024-10-15 01:00:00,574,Kancheepuram,0.5,-4.654166666666667
2024-10-15 02:00:00,574,Kancheepuram,1.0,-4.654166666666667
2024-10-15 04:00:00,574,Kancheepuram,0.5,-4.556333333333334
2024-10-15 12:00:00,574,Kancheepuram,2.0,-4.539166666666667
2024-10-15 13:00:00,574,Kancheepuram,2.5,-4.539166666666667
2024-10-15 16:00:00,574,Kancheepuram,3.5,-4.487333333333334
2024-10-15 17:00:00,574,Kancheepuram,2.5,-4.487333333333334
2024-10-15 20:00:00,574,Kancheepuram,0.5,-4.487333333333334
2024-10-15 21:00:00,574,Kancheepuram,3.5,-4.487333333333334
2024-10-15 22:00:00,574,Kancheepuram,0.5,-4.402166666666667
2024-10-16 00:00:00,574,Kancheepuram,0.5,-4.402166666666667
2024-10-16 03:00:00,574,Kancheepuram,0.5,-4.402166666666667
2024-10-16 04:00:00,574,Kancheepuram,1.0,-4.352166666666666
2024-10-16 05:00:00,574,Kancheepuram,1.0,-4.352166666666666
2024-10-18 03:00:00,574,Kancheepuram,17.0,-4.343666666666667
2024-10-18 05:00:00,574,Kancheepuram,2.5,-4.9592
2024-10-18 06:00:00,574,Kancheepuram,0.5,-4.9592
2024-10-19 07:00:00,574,Kancheepuram,13.0,-4.341333333333333
2024-10-19 08:00:00,574,Kancheepuram,0.5,-4.341333333333333
2024-10-19 09:00:00,574,Kancheepuram,1.0,-4.341333333333333
2024-10-19 18:00:00,574,Kancheepuram,15.5,-4.3181666666666665
2024-10-19 19:00:00,574,Kancheepuram,1.0,-4.3181666666666665
2024-10-20 02:00:00,574,Kancheepuram,1.0,-3.897
2024-10-21 08:00:00,574,Kancheepuram,0.5,-4.212666666666666
2024-11-07 12:00:00,574,Kancheepuram,3.0,-4.48
2024-11-07 14:00:00,574,Kancheepuram,4.5,-4.48
2024-11-07 15:00:00,574,Kancheepuram,0.5,-4.48
2024-11-08 11:00:00,574,Kancheepuram,0.5,-3.4752
2024-11-12 02:00:00,574,Kancheepuram,2.0,-4.1935
2024-11-12 03:00:00,574,Kancheepuram,1.0,-4.1935
2024-11-12 10:00:00,574,Kancheepuram,1.0,-5.1974
2024-11-12 20:00:00,574,Kancheepuram,0.5,-5.1888
2024-11-13 03:00:00,574,Kancheepuram,2.0,-5.191199999999999
2024-11-13 17:00:00,574,Kancheepuram,0.5,-5.1984
2024-11-14 01:00:00,574,Kancheepuram,0.5,-5.1836
2024-11-14 03:00:00,574,Kancheepuram,1.5,-5.1836
2024-11-14 04:00:00,574,Kancheepuram,0.5,-4.6986
2024-11-14 17:00:00,574,Kancheepuram,0.5,-5.0048
2024-11-15 02:00:00,574,Kancheepuram,3.5,-5.1724000000000006
2024-11-15 06:00:00,574,Kancheepuram,0.5,-5.1612
2024-11-15 09:00:00,574,Kancheepuram,0.5,-5.1612
2024-11-15 15:00:00,574,Kancheepuram,0.5,-5.2346
2024-11-16 03:00:00,574,Kancheepuram,0.5,-5.1574
2024-11-16 12:00:00,574,Kancheepuram,0.5,-5.1524
2024-11-16 18:00:00,574,Kancheepuram,1.0,-4.390833333333333
2024-11-16 19:00:00,574,Kancheepuram,4.0,-4.390833333333333
2024-11-26 01:00:00,574,Kancheepuram,2.0,-4.4555
2024-11-26 12:00:00,574,Kancheepuram,5.0,-4.495
2024-11-26 13:00:00,574,Kancheepuram,7.0,-4.495
2024-11-26 14:00:00,574,Kancheepuram,3.5,-4.495
2024-11-26 15:00:00,574,Kancheepuram,0.5,-4.495
2024-11-26 16:00:00,574,Kancheepuram,1.0,-4.436
2024-11-26 17:00:00,574,Kancheepuram,2.5,-4.436
2024-11-26 18:00:00,574,Kancheepuram,1.0,-4.436
2024-11-26 19:00:00,574,Kancheepuram,1.0,-4.436
2024-11-26 23:00:00,574,Kancheepuram,0.5,-4.38
2024-11-27 12:00:00,574,Kancheepuram,0.5,-4.346166666666666
2024-11-28 15:00:00,574,Kancheepuram,0.5,-4.343166666666666
2024-11-29 03:00:00,574,Kancheepuram,0.5,-4.318499999999999
2024-11-29 05:00:00,574,Kancheepuram,0.5,-4.975499999999999
2024-11-30 00:00:00,574,Kancheepuram,0.5,-6.288333333333334
2024-11-30 05:00:00,574,Kancheepuram,0.5,-4.266666666666667
2024-11-30 06:00:00,574,Kancheepuram,2.5,-4.266666666666667
2024-11-30 07:00:00,574,Kancheepuram,2.0,-4.266666666666667
2024-11-30 08:00:00,574,Kancheepuram,2.5,-4.266666666666667
2024-11-30 09:00:00,574,Kancheepuram,3.5,-4.266666666666667
2024-11-30 10:00:00,574,Kancheepuram,11.0,-3.634
2024-11-30 11:00:00,574,Kancheepuram,17.5,-3.634
2024-11-30 12:00:00,574,Kancheepuram,20.0,-3.634
2024-11-30 13:00:00,574,Kancheepuram,5.5,-3.634
2024-11-30 14:00:00,574,Kancheepuram,13.5,-3.634
2024-11-30 15:00:00,574,Kancheepuram,17.0,-3.634
2024-11-30 16:00:00,574,Kancheepuram,20.0,-2.9111666666666665
2024-11-30 17:00:00,574,Kancheepuram,18.0,-2.9111666666666665
2024-11-30 18:00:00,574,Kancheepuram,6.5,-2.9111666666666665
2024-11-30 19:00:00,574,Kancheepuram,1.0,-2.9111666666666665
2024-11-30 21:00:00,574,Kancheepuram,2.0,-2.9111666666666665
2024-11-30 22:00:00,574,Kancheepuram,1.5,-2.6546666666666665
2024-11-30 23:00:00,574,Kancheepuram,0.5,-2.6546666666666665
2024-12-01 02:00:00,574,Kancheepuram,0.5,-2.6546666666666665
2024-12-01 04:00:00,574,Kancheepuram,0.5,-2.0988
2024-12-01 05:00:00,574,Kancheepuram,1.0,-2.0988
2024-12-01 06:00:00,574,Kancheepuram,0.5,-2.0988
2024-12-01 08:00:00,574,Kancheepuram,0.5,-2.0988
2024-12-01 09:00:00,574,Kancheepuram,1.5,-2.0988
2024-12-01 11:00:00,574,Kancheepuram,0.5,-2.0846
2024-12-01 12:00:00,574,Kancheepuram,2.0,-2.0846
2024-12-01 13:00:00,574,Kancheepuram,0.5,-2.0846
2024-12-01 14:00:00,574,Kancheepuram,0.5,-2.0846
2024-12-01 15:00:00,574,Kancheepuram,0.5,-2.0846
2024-12-01 16:00:00,574,Kancheepuram,1.0,-2.061
2024-12-01 17:00:00,574,Kancheepuram,1.0,-2.061
2024-12-01 18:00:00,574,Kancheepuram,1.0,-2.061
2024-12-01 19:00:00,574,Kancheepuram,1.0,-2.061
2024-12-01 20:00:00,574,Kancheepuram,0.5,-2.061
2024-12-01 21:00:00,574,Kancheepuram,0.5,-2.061
2024-12-01 22:00:00,574,Kancheepuram,0.5,-2.0806
2024-12-02 02:00:00,574,Kancheepuram,0.5,-2.0806
2024-12-02 10:00:00,574,Kancheepuram,0.5,-3.176833333333333
2024-12-02 21:00:00,574,Kancheepuram,0.5,-3.1296666666666666
2024-12-03 00:00:00,574,Kancheepuram,0.5,-3.1478333333333333
2024-12-03 01:00:00,574,Kancheepuram,1.5,-3.1478333333333333
2024-12-03 03:00:00,574,Kancheepuram,1.0,-3.1478333333333333
2024-12-03 04:00:00,574,Kancheepuram,0.5,-3.1265
2024-12-04 17:00:00,574,Kancheepuram,1.0,-3.0948333333333338
2024-12-04 19:00:00,574,Kancheepuram,1.0,-3.0948333333333338
2024-12-04 21:00:00,574,Kancheepuram,0.5,-3.0948333333333338
2024-12-04 23:00:00,574,Kancheepuram,0.5,-3.1441666666666666
2024-12-05 15:00:00,574,Kancheepuram,0.5,-3.200833333333333
2024-12-11 11:00:00,574,Kancheepuram,0.5,-3.3063333333333333
2024-12-11 12:00:00,574,Kancheepuram,6.5,-3.3063333333333333
2024-12-11 16:00:00,574,Kancheepuram,0.5,-3.1968333333333336
2024-12-11 22:00:00,574,Kancheepuram,0.5,-3.28
2024-12-12 02:00:00,574,Kancheepuram,0.5,-3.28
2024-12-12 03:00:00,574,Kancheepuram,1.5,-3.28
2024-12-12 04:00:00,574,Kancheepuram,14.5,-3.1725
2024-12-12 05:00:00,574,Kancheepuram,1.5,-3.1725
2024-12-12 06:00:00,574,Kancheepuram,0.5,-3.1725
2024-12-12 07:00:00,574,Kancheepuram,18.0,-3.1725
2024-12-12 08:00:00,574,Kancheepuram,7.5,-3.1725
2024-12-12 09:00:00,574,Kancheepuram,8.0,-3.1725
2024-12-12 10:00:00,574,Kancheepuram,2.0,-2.9635
2024-12-12 11:00:00,574,Kancheepuram,1.5,-2.9635
2024-12-12 12:00:00,574,Kancheepuram,9.5,-2.9635
2024-12-12 13:00:00,574,Kancheepuram,9.5,-2.9635
2024-12-12 14:00:00,574,Kancheepuram,2.0,-2.9635
2024-12-12 15:00:00,574,Kancheepuram,1.0,-2.9635
2024-12-12 16:00:00,574,Kancheepuram,3.0,-2.714833333333333
2024-12-12 17:00:00,574,Kancheepuram,2.0,-2.714833333333333
2024-12-12 18:00:00,574,Kancheepuram,3.5,-2.714833333333333
2024-12-12 19:00:00,574,Kancheepuram,1.0,-2.714833333333333
2024-12-12 20:00:00,574,Kancheepuram,0.5,-2.714833333333333
2024-12-18 15:00:00,574,Kancheepuram,1.5,-3.3920000000000003
2024-12-18 17:00:00,574,Kancheepuram,0.5,-2.8255
2024-12-24 13:00:00,574,Kancheepuram,0.5,-3.0376666666666665
2024-12-24 14:00:00,574,Kancheepuram,0.5,-3.0376666666666665
2024-12-25 23:00:00,574,Kancheepuram,0.5,-3.048666666666666
2024-12-26 07:00:00,574,Kancheepuram,9.5,-3.028666666666666
2024-12-26 08:00:00,574,Kancheepuram,1.5,-3.028666666666666
2024-12-27 04:00:00,574,Kancheepuram,8.0,-3.018166666666667
2024-12-27 05:00:00,574,Kancheepuram,1.0,-3.018166666666667
2024-12-27 06:00:00,574,Kancheepuram,3.5,-3.018166666666667
2024-12-27 11:00:00,574,Kancheepuram,1.5,-3.010333333333333
2024-12-27 23:00:00,574,Kancheepuram,0.5,-3.004
2024-12-28 01:00:00,574,Kancheepuram,1.0,-3.004
2024-12-28 02:00:00,574,Kancheepuram,0.5,-3.004
2024-12-30 03:00:00,574,Kancheepuram,1.5,-3.0226666666666664
2024-12-30 04:00:00,574,Kancheepuram,0.5,-2.976833333333333
2025-01-13 05:00:00,574,Kancheepuram,2.0,-3.1518333333333337
2025-01-13 06:00:00,574,Kancheepuram,0.5,-3.1518333333333337
2025-01-13 17:00:00,574,Kancheepuram,2.0,-2.841666666666667
2025-01-14 11:00:00,574,Kancheepuram,0.5,-3.1771666666666665
2025-01-19 01:00:00,574,Kancheepuram,0.5,-3.191333333333333
2025-01-19 07:00:00,574,Kancheepuram,3.5,-3.172833333333333
2025-01-19 11:00:00,574,Kancheepuram,1.5,-3.1813333333333333
2025-01-19 12:00:00,574,Kancheepuram,1.0,-3.1813333333333333
2025-03-11 17:00:00,574,Kancheepuram,3.0,-3.63
2025-03-11 20:00:00,574,Kancheepuram,3.5,-3.63
2025-03-11 21:00:00,574,Kancheepuram,0.5,-3.63
2025-04-04 16:00:00,574,Kancheepuram,2.5,-3.997666666666667
2025-04-04 17:00:00,574,Kancheepuram,2.0,-3.997666666666667
2025-05-04 18:00:00,574,Kancheepuram,0.5,-4.8472
2025-05-04 22:00:00,574,Kancheepuram,0.5,-4.4654
2025-05-06 21:00:00,574,Kancheepuram,1.0,-4.5136666666666665
2025-05-06 22:00:00,574,Kancheepuram,5.0,-4.520666666666666
2025-05-07 00:00:00,574,Kancheepuram,0.5,-4.520666666666666
2025-05-07 01:00:00,574,Kancheepuram,1.0,-4.520666666666666
2025-05-16 23:00:00,574,Kancheepuram,0.5,-4.666833333333333
2025-05-17 00:00:00,574,Kancheepuram,2.0,-4.666833333333333
2025-05-17 01:00:00,574,Kancheepuram,2.0,-4.666833333333333
2025-05-17 11:00:00,574,Kancheepuram,0.5,-4.447
2025-05-17 15:00:00,574,Kancheepuram,1.0,-4.447
2025-05-17 17:00:00,574,Kancheepuram,25.0,-4.457833333333333
2025-05-18 18:00:00,574,Kancheepuram,0.5,-4.631833333333334
2025-05-19 04:00:00,574,Kancheepuram,0.5,-4.5275
2025-05-19 17:00:00,574,Kancheepuram,21.5,-4.479666666666667
2025-05-20 17:00:00,574,Kancheepuram,0.5,-4.448333333333333
2025-05-20 18:00:00,574,Kancheepuram,5.0,-4.448333333333333
2025-05-20 19:00:00,574,Kancheepuram,2.0,-4.448333333333333
2025-05-20 20:00:00,574,Kancheepuram,0.5,-4.448333333333333
2025-05-23 20:00:00,574,Kancheepuram,5.5,-4.384166666666666
2025-05-25 20:00:00,574,Kancheepuram,3.0,-3.911
2025-05-30 23:00:00,574,Kancheepuram,3.5,-4.420166666666667
2025-06-04 17:00:00,574,Kancheepuram,1.0,-4.9674
2025-06-04 18:00:00,574,Kancheepuram,0.5,-4.9674
2025-06-07 04:00:00,574,Kancheepuram,22.5,-4.6494
2025-06-07 05:00:00,574,Kancheepuram,0.5,-4.6494
2025-06-07 22:00:00,574,Kancheepuram,2.5,-4.980600000000001
2025-06-09 17:00:00,574,Kancheepuram,1.0,-5.019
2025-06-09 19:00:00,574,Kancheepuram,1.0,-5.019
2025-06-11 22:00:00,574,Kancheepuram,1.5,-4.9242
2025-06-12 02:00:00,574,Kancheepuram,0.5,-4.9242
2025-06-12 22:00:00,574,Kancheepuram,2.5,-4.8836
2025-06-13 21:00:00,574,Kancheepuram,32.5,-5.494999999999999
2025-06-14 21:00:00,574,Kancheepuram,4.0,-4.9292
2025-06-20 21:00:00,574,Kancheepuram,4.5,-5.03
2025-06-20 22:00:00,574,Kancheepuram,1.5,-4.763599999999999
2025-06-20 23:00:00,574,Kancheepuram,1.5,-4.763599999999999
2025-06-22 21:00:00,574,Kancheepuram,1.5,-4.975199999999999
2025-07-02 20:00:00,574,Kancheepuram,1.5,-4.9924
2025-07-08 20:00:00,574,Kancheepuram,4.5,-5.561
2025-07-08 23:00:00,574,Kancheepuram,1.5,-5.567200000000001
2025-07-09 20:00:00,574,Kancheepuram,0.5,-7.12
2025-07-11 22:00:00,574,Kancheepuram,7.5,-5.4136
2025-07-11 23:00:00,574,Kancheepuram,2.5,-5.4136
2025-07-12 00:00:00,574,Kancheepuram,0.5,-5.4136
2025-07-12 02:00:00,574,Kancheepuram,0.5,-5.4136
2025-07-12 18:00:00,574,Kancheepuram,1.0,-5.6226
2025-07-21 05:00:00,574,Kancheepuram,0.5,-5.050166666666667
2025-07-22 18:00:00,574,Kancheepuram,3.0,-4.792833333333333
2025-07-24 18:00:00,574,Kancheepuram,0.5,-5.0776666666666666
2025-07-24 19:00:00,574,Kancheepuram,1.0,-5.0776666666666666
2025-08-04 17:00:00,574,Kancheepuram,2.5,-5.273333333333333
2025-08-04 19:00:00,574,Kancheepuram,2.5,-5.273333333333333
2025-08-04 23:00:00,574,Kancheepuram,5.5,-5.2571666666666665
2025-08-06 02:00:00,574,Kancheepuram,2.5,-5.3500000000000005
2025-08-06 21:00:00,574,Kancheepuram,2.5,-5.325333333333334
2025-08-06 22:00:00,574,Kancheepuram,1.5,-5.308666666666666
2025-08-06 23:00:00,574,Kancheepuram,6.0,-5.308666666666666
2025-08-08 01:00:00,574,Kancheepuram,1.0,-5.2915
2025-08-08 02:00:00,574,Kancheepuram,4.0,-5.2915
2025-08-08 03:00:00,574,Kancheepuram,5.0,-5.2915
2025-08-08 04:00:00,574,Kancheepuram,0.5,-5.277833333333333
2025-08-10 17:00:00,574,Kancheepuram,1.5,-5.308333333333334
2025-08-10 18:00:00,574,Kancheepuram,1.0,-5.308333333333334
2025-08-10 19:00:00,574,Kancheepuram,1.0,-5.308333333333334
2025-08-10 20:00:00,574,Kancheepuram,0.5,-5.308333333333334
2025-08-16 19:00:00,574,Kancheepuram,6.5,-5.2505
2025-08-16 20:00:00,574,Kancheepuram,2.5,-5.2505
2025-08-17 18:00:00,574,Kancheepuram,10.0,-5.6624
2025-08-17 19:00:00,574,Kancheepuram,1.5,-5.6624
2025-08-17 20:00:00,574,Kancheepuram,2.0,-5.6624
2025-08-17 21:00:00,574,Kancheepuram,0.5,-5.6624
2025-08-17 22:00:00,574,Kancheepuram,0.5,-5.6498
2025-08-23 03:00:00,574,Kancheepuram,5.0,-5.241666666666666
2025-08-23 04:00:00,574,Kancheepuram,5.5,-5.2085
2025-08-23 05:00:00,574,Kancheepuram,6.0,-5.2085
2025-08-23 06:00:00,574,Kancheepuram,3.0,-5.2085
2025-08-23 07:00:00,574,Kancheepuram,2.5,-5.2085
2025-08-23 08:00:00,574,Kancheepuram,0.5,-5.2085
2025-09-07 01:00:00,574,Kancheepuram,6.0,-5.125166666666667
2025-09-07 02:00:00,574,Kancheepuram,3.5,-5.125166666666667
2025-09-16 02:00:00,574,Kancheepuram,17.0,-5.2278
2025-09-16 03:00:00,574,Kancheepuram,30.5,-5.2278
2025-09-16 04:00:00,574,Kancheepuram,2.0,-5.2652
2025-09-16 06:00:00,574,Kancheepuram,1.0,-5.2652
2025-09-18 16:00:00,574,Kancheepuram,0.5,-5.3998
2025-09-18 17:00:00,574,Kancheepuram,0.5,-5.3998
2025-09-18 18:00:00,574,Kancheepuram,3.5,-5.3998
2025-09-18 19:00:00,574,Kancheepuram,27.5,-5.3998
2025-09-18 20:00:00,574,Kancheepuram,5.5,-5.3998
2025-09-18 21:00:00,574,Kancheepuram,2.0,-5.3998
2025-09-18 22:00:00,574,Kancheepuram,3.5,-5.3998
2025-09-18 23:00:00,574,Kancheepuram,3.0,-5.3998
2025-09-20 09:00:00,574,Kancheepuram,0.5,-4.939
2025-09-22 01:00:00,574,Kancheepuram,1.5,-4.9628
2025-09-22 03:00:00,574,Kancheepuram,6.0,-4.9628
2025-09-22 04:00:00,574,Kancheepuram,5.0,-4.8586
2025-09-22 05:00:00,574,Kancheepuram,3.5,-4.8586
2025-09-22 06:00:00,574,Kancheepuram,1.5,-4.8586
2025-09-22 07:00:00,574,Kancheepuram,0.5,-4.8586
2025-09-23 01:00:00,574,Kancheepuram,6.5,-4.8024
2025-09-23 02:00:00,574,Kancheepuram,2.0,-4.8024
2025-09-25 19:00:00,574,Kancheepuram,7.5,-4.8148
2025-10-04 09:00:00,574,Kancheepuram,0.5,-4.8788
2025-10-22 12:00:00,574,Kancheepuram,1.5,-1.345
2025-10-22 13:00:00,574,Kancheepuram,49.0,-1.345
2025-10-22 14:00:00,574,Kancheepuram,0.5,-1.345
2025-10-22 16:00:00,574,Kancheepuram,0.5,-1.345
2025-10-22 17:00:00,574,Kancheepuram,9.5,-1.345
2025-11-05 23:00:00,574,Kancheepuram,1.0,-1.4125
2025-11-06 01:00:00,574,Kancheepuram,8.0,-1.4125
2025-11-06 03:00:00,574,Kancheepuram,0.5,-1.4125
2025-11-06 15:00:00,574,Kancheepuram,22.0,-1.5865
2025-11-06 16:00:00,574,Kancheepuram,20.5,-1.278
2025-11-06 17:00:00,574,Kancheepuram,3.0,-1.278
2025-11-06 18:00:00,574,Kancheepuram,1.0,-1.278
2025-11-06 22:00:00,574,Kancheepuram,1.0,-1.1425
2025-11-23 09:00:00,574,Kancheepuram,0.5,-2.944
2025-11-23 10:00:00,574,Kancheepuram,2.5,-2.9705
2025-11-24 00:00:00,574,Kancheepuram,1.5,-2.9535
2025-11-30 01:00:00,574,Kancheepuram,5.0,-1.3435
2025-11-30 04:00:00,574,Kancheepuram,0.5,-2.337
2025-11-30 07:00:00,574,Kancheepuram,0.5,-2.337
2025-11-30 08:00:00,574,Kancheepuram,0.5,-2.337
2025-11-30 09:00:00,574,Kancheepuram,3.0,-2.337
2025-11-30 10:00:00,574,Kancheepuram,0.5,-2.268
2025-11-30 12:00:00,574,Kancheepuram,0.5,-2.268
2025-11-30 19:00:00,574,Kancheepuram,0.5,-2.188
2025-12-01 08:00:00,574,Kancheepuram,0.5,-2.696
2025-12-01 09:00:00,574,Kancheepuram,0.5,-2.696
2025-12-01 10:00:00,574,Kancheepuram,0.5,-2.717
2025-12-01 15:00:00,574,Kancheepuram,0.5,-2.717
2025-12-01 17:00:00,574,Kancheepuram,1.0,-2.68725
2025-12-02 01:00:00,574,Kancheepuram,2.5,-2.66325
2025-12-02 02:00:00,574,Kancheepuram,0.5,-2.66325
2025-12-02 04:00:00,574,Kancheepuram,0.5,-2.6325000000000003
2025-12-02 13:00:00,574,Kancheepuram,1.5,-2.6325000000000003
2025-12-02 21:00:00,574,Kancheepuram,0.5,-2.60375
2025-12-02 22:00:00,574,Kancheepuram,0.5,-2.5805
2025-12-02 23:00:00,574,Kancheepuram,1.5,-2.5805
2025-12-03 00:00:00,574,Kancheepuram,0.5,-2.5805
2025-12-03 01:00:00,574,Kancheepuram,19.0,-2.5805
2025-12-03 02:00:00,574,Kancheepuram,11.0,-2.5805
2025-12-03 03:00:00,574,Kancheepuram,13.5,-2.5805
2025-12-03 04:00:00,574,Kancheepuram,2.0,-2.42075
2025-12-03 05:00:00,574,Kancheepuram,1.5,-2.42075
2025-12-03 06:00:00,574,Kancheepuram,0.5,-2.42075
2026-03-19 02:00:00,574,Kancheepuram,31.5,-4.796153846153846
2026-03-19 03:00:00,574,Kancheepuram,1.5,-4.796153846153846
2023-11-22 14:00:00,575,Kanyakumari,2.0,-17.52
2023-11-22 15:00:00,575,Kanyakumari,7.0,-17.52
2023-11-22 20:00:00,575,Kanyakumari,1.0,-17.52
2023-11-22 22:00:00,575,Kanyakumari,12.25,-17.52
2023-11-22 23:00:00,575,Kanyakumari,4.0,-17.52
2023-11-23 00:00:00,575,Kanyakumari,6.75,-17.52
2023-11-23 01:00:00,575,Kanyakumari,10.333333333333334,-17.52
2023-11-23 02:00:00,575,Kanyakumari,10.0,-17.52
2023-11-23 03:00:00,575,Kanyakumari,9.0,-17.52
2023-11-23 04:00:00,575,Kanyakumari,8.0,-17.52
2023-11-23 05:00:00,575,Kanyakumari,3.875,-17.52
2023-11-23 06:00:00,575,Kanyakumari,4.0,-17.52
2023-11-23 07:00:00,575,Kanyakumari,1.375,-17.52
2023-11-23 08:00:00,575,Kanyakumari,0.625,-17.52
2023-11-23 09:00:00,575,Kanyakumari,0.5,-17.52
2023-11-23 14:00:00,575,Kanyakumari,0.5,-17.52
2023-11-24 08:00:00,575,Kanyakumari,0.5,-17.52
2023-11-24 09:00:00,575,Kanyakumari,2.5,-17.52
2023-11-29 18:00:00,575,Kanyakumari,7.0,-11.64
2023-11-29 19:00:00,575,Kanyakumari,14.5,-11.64
2023-11-29 20:00:00,575,Kanyakumari,1.5,-11.64
2023-11-29 23:00:00,575,Kanyakumari,0.5,-11.669999999999998
2023-11-30 00:00:00,575,Kanyakumari,1.25,-11.669999999999998
2023-11-30 01:00:00,575,Kanyakumari,1.0,-11.669999999999998
2023-11-30 02:00:00,575,Kanyakumari,0.5,-11.669999999999998
2023-11-30 03:00:00,575,Kanyakumari,0.5,-11.669999999999998
2023-11-30 04:00:00,575,Kanyakumari,1.0,-11.685
2023-11-30 05:00:00,575,Kanyakumari,1.0,-11.685
2023-11-30 06:00:00,575,Kanyakumari,1.0,-11.685
2023-11-30 07:00:00,575,Kanyakumari,1.0,-11.685
2023-11-30 08:00:00,575,Kanyakumari,1.0,-11.685
2023-11-30 09:00:00,575,Kanyakumari,1.0,-11.685
2023-11-30 10:00:00,575,Kanyakumari,1.0,-11.725
2023-11-30 11:00:00,575,Kanyakumari,0.5,-11.725
2023-11-30 13:00:00,575,Kanyakumari,0.5,-11.725
2023-11-30 14:00:00,575,Kanyakumari,0.5,-11.725
2023-11-30 18:00:00,575,Kanyakumari,0.5,-11.71
2023-11-30 22:00:00,575,Kanyakumari,0.5,-11.735
2023-11-30 23:00:00,575,Kanyakumari,1.5,-11.735
2023-12-01 00:00:00,575,Kanyakumari,2.0,-11.735
2023-12-01 01:00:00,575,Kanyakumari,10.5,-11.735
2023-12-01 02:00:00,575,Kanyakumari,0.5,-11.735
2023-12-01 03:00:00,575,Kanyakumari,0.5,-11.735
2023-12-01 05:00:00,575,Kanyakumari,0.5,-11.73
2023-12-01 06:00:00,575,Kanyakumari,0.5,-11.73
2023-12-01 07:00:00,575,Kanyakumari,0.5,-11.73
2023-12-01 09:00:00,575,Kanyakumari,0.5,-3.39
2023-12-01 10:00:00,575,Kanyakumari,0.5,-3.39
2023-12-01 11:00:00,575,Kanyakumari,0.5,-3.39
2023-12-01 13:00:00,575,Kanyakumari,0.5,-30.15
2023-12-01 14:00:00,575,Kanyakumari,0.5,-19.97
2023-12-01 15:00:00,575,Kanyakumari,1.0,-19.97
2023-12-01 16:00:00,575,Kanyakumari,11.0,-6.06
2023-12-01 17:00:00,575,Kanyakumari,4.0,-6.06
2023-12-01 19:00:00,575,Kanyakumari,6.5,-9.538333333333334
2023-12-01 20:00:00,575,Kanyakumari,3.5,-9.538333333333334
2023-12-02 01:00:00,575,Kanyakumari,1.0,-9.301666666666668
2023-12-02 02:00:00,575,Kanyakumari,9.0,-9.301666666666668
2023-12-02 03:00:00,575,Kanyakumari,1.0,-9.301666666666668
2023-12-02 04:00:00,575,Kanyakumari,2.5,-9.203333333333331
2023-12-02 05:00:00,575,Kanyakumari,0.8333333333333334,-9.203333333333331
2023-12-02 06:00:00,575,Kanyakumari,1.5,-9.203333333333331
2023-12-02 07:00:00,575,Kanyakumari,0.625,-9.203333333333331
2023-12-02 08:00:00,575,Kanyakumari,2.25,-9.203333333333331
2023-12-02 20:00:00,575,Kanyakumari,0.5,-9.408333333333331
2023-12-02 21:00:00,575,Kanyakumari,0.5,-9.408333333333331
2023-12-03 00:00:00,575,Kanyakumari,0.5,-9.181666666666668
2023-12-03 04:00:00,575,Kanyakumari,5.0,-9.198333333333332
2023-12-03 05:00:00,575,Kanyakumari,1.0,-9.198333333333332
2023-12-03 07:00:00,575,Kanyakumari,1.0,-9.198333333333332
2023-12-03 15:00:00,575,Kanyakumari,1.5,-9.231666666666667
2023-12-03 16:00:00,575,Kanyakumari,11.25,-9.235
2023-12-03 17:00:00,575,Kanyakumari,0.5,-9.235
2023-12-08 15:00:00,575,Kanyakumari,13.0,-9.266666666666667
2023-12-08 16:00:00,575,Kanyakumari,6.0,-9.266666666666667
2023-12-08 17:00:00,575,Kanyakumari,0.5,-9.266666666666667
2023-12-09 09:00:00,575,Kanyakumari,0.75,-9.266666666666667
2023-12-09 10:00:00,575,Kanyakumari,0.5,-9.266666666666667
2023-12-10 08:00:00,575,Kanyakumari,0.5,-9.266666666666667
2023-12-10 09:00:00,575,Kanyakumari,0.5,-9.266666666666667
2023-12-10 10:00:00,575,Kanyakumari,1.25,-9.266666666666667
2023-12-10 11:00:00,575,Kanyakumari,0.75,-9.266666666666667
2023-12-10 15:00:00,575,Kanyakumari,0.5,-9.266666666666667
2023-12-11 00:00:00,575,Kanyakumari,0.5,-9.266666666666667
2023-12-16 10:00:00,575,Kanyakumari,0.75,-6.081666666666666
2023-12-16 11:00:00,575,Kanyakumari,1.4,-6.081666666666666
2023-12-16 12:00:00,575,Kanyakumari,2.5,-6.081666666666666
2023-12-16 13:00:00,575,Kanyakumari,0.6,-6.081666666666666
2023-12-16 14:00:00,575,Kanyakumari,0.6,-6.081666666666666
2023-12-16 15:00:00,575,Kanyakumari,0.5,-6.081666666666666
2023-12-16 16:00:00,575,Kanyakumari,0.6666666666666666,-6.081666666666666
2023-12-16 17:00:00,575,Kanyakumari,0.9,-6.081666666666666
2023-12-16 18:00:00,575,Kanyakumari,0.5,-6.081666666666666
2023-12-16 21:00:00,575,Kanyakumari,0.5,-6.081666666666666
2023-12-16 22:00:00,575,Kanyakumari,0.5,-6.081666666666666
2023-12-17 00:00:00,575,Kanyakumari,0.5,-6.081666666666666
2023-12-17 01:00:00,575,Kanyakumari,1.375,-6.081666666666666
2023-12-17 02:00:00,575,Kanyakumari,2.0,-6.081666666666666
2023-12-17 03:00:00,575,Kanyakumari,5.8,-6.081666666666666
2023-12-17 04:00:00,575,Kanyakumari,3.3,-6.081666666666666
2023-12-17 05:00:00,575,Kanyakumari,5.3,-6.081666666666666
2023-12-17 06:00:00,575,Kanyakumari,6.1,-6.081666666666666
2023-12-17 07:00:00,575,Kanyakumari,14.8,-6.081666666666666
2023-12-17 08:00:00,575,Kanyakumari,13.1,-6.081666666666666
2023-12-17 09:00:00,575,Kanyakumari,20.0,-6.081666666666666
2023-12-17 10:00:00,575,Kanyakumari,22.7,-6.081666666666666
2023-12-17 11:00:00,575,Kanyakumari,16.8,-6.081666666666666
2023-12-17 12:00:00,575,Kanyakumari,14.8,-6.081666666666666
2023-12-17 13:00:00,575,Kanyakumari,14.5,-6.081666666666666
2023-12-17 14:00:00,575,Kanyakumari,8.2,-6.081666666666666
2023-12-17 15:00:00,575,Kanyakumari,5.8,-6.081666666666666
2023-12-17 16:00:00,575,Kanyakumari,5.8,-6.081666666666666
2023-12-17 17:00:00,575,Kanyakumari,3.625,-6.081666666666666
2023-12-17 18:00:00,575,Kanyakumari,0.75,-6.081666666666666
2023-12-17 19:00:00,575,Kanyakumari,1.5,-6.081666666666666
2023-12-17 20:00:00,575,Kanyakumari,1.75,-6.081666666666666
2023-12-17 21:00:00,575,Kanyakumari,2.625,-6.081666666666666
2023-12-17 22:00:00,575,Kanyakumari,4.25,-6.081666666666666
2023-12-17 23:00:00,575,Kanyakumari,6.875,-6.081666666666666
2023-12-18 00:00:00,575,Kanyakumari,6.25,-6.081666666666666
2023-12-18 01:00:00,575,Kanyakumari,0.5,-6.081666666666666
2023-12-18 02:00:00,575,Kanyakumari,0.5,-6.081666666666666
2023-12-18 03:00:00,575,Kanyakumari,0.5,-6.081666666666666
2023-12-18 15:00:00,575,Kanyakumari,0.5,-6.081666666666666
2023-12-28 05:00:00,575,Kanyakumari,0.5,-6.28
2023-12-28 20:00:00,575,Kanyakumari,0.75,-6.651666666666666
2023-12-28 21:00:00,575,Kanyakumari,1.0,-6.651666666666666
2024-01-02 15:00:00,575,Kanyakumari,11.5,-7.646666666666667
2024-01-02 16:00:00,575,Kanyakumari,3.5,-7.789999999999999
2024-01-04 16:00:00,575,Kanyakumari,0.5,-8.496666666666666
2024-01-07 03:00:00,575,Kanyakumari,0.5,-8.799999999999999
2024-01-07 17:00:00,575,Kanyakumari,0.5,-8.868333333333334
2024-01-08 22:00:00,575,Kanyakumari,1.0,-8.926666666666668
2024-01-09 08:00:00,575,Kanyakumari,1.5,-8.959999999999999
2024-01-09 09:00:00,575,Kanyakumari,1.0,-8.959999999999999
2024-01-09 10:00:00,575,Kanyakumari,0.625,-8.976666666666667
2024-01-09 11:00:00,575,Kanyakumari,1.9,-8.976666666666667
2024-01-09 12:00:00,575,Kanyakumari,0.5,-8.976666666666667
2024-01-09 13:00:00,575,Kanyakumari,1.0,-8.976666666666667
2024-01-09 14:00:00,575,Kanyakumari,0.8333333333333334,-8.976666666666667
2024-01-09 15:00:00,575,Kanyakumari,0.8333333333333334,-8.976666666666667
2024-01-09 16:00:00,575,Kanyakumari,0.5,-8.91
2024-01-10 14:00:00,575,Kanyakumari,3.0,-9.053333333333333
2024-01-10 17:00:00,575,Kanyakumari,2.0,-9.065
2024-01-10 18:00:00,575,Kanyakumari,4.0,-9.065
2024-01-10 19:00:00,575,Kanyakumari,3.5,-9.065
2024-01-10 20:00:00,575,Kanyakumari,0.8333333333333334,-9.065
2024-01-10 21:00:00,575,Kanyakumari,1.875,-9.065
2024-01-10 22:00:00,575,Kanyakumari,4.5,-9.013333333333334
2024-01-10 23:00:00,575,Kanyakumari,1.25,-9.013333333333334
2024-01-11 00:00:00,575,Kanyakumari,2.0,-9.013333333333334
2024-01-11 02:00:00,575,Kanyakumari,0.5,-9.013333333333334
2024-01-20 11:00:00,575,Kanyakumari,4.5,-9.708333333333334
2024-01-31 22:00:00,575,Kanyakumari,1.0,-10.055
2024-02-01 03:00:00,575,Kanyakumari,3.0,-10.055
2024-02-01 04:00:00,575,Kanyakumari,2.5,-10.053333333333333
2024-02-01 05:00:00,575,Kanyakumari,0.5,-10.053333333333333
2024-02-01 12:00:00,575,Kanyakumari,15.0,-10.091666666666669
2024-02-01 14:00:00,575,Kanyakumari,10.0,-10.091666666666669
2024-02-01 15:00:00,575,Kanyakumari,7.25,-10.091666666666669
2024-02-03 10:10:00,575,Kanyakumari,73.0,-10.125
2024-02-03 10:20:00,575,Kanyakumari,79.5,-10.125
2024-02-03 10:30:00,575,Kanyakumari,81.5,-10.125
2024-02-24 16:00:00,575,Kanyakumari,0.5,-8.646
2024-03-08 17:00:00,575,Kanyakumari,26.0,-8.797999999999998
2024-03-22 05:00:00,575,Kanyakumari,0.5,-9.14
2024-03-23 04:00:00,575,Kanyakumari,6.0,-9.164
2024-03-23 05:00:00,575,Kanyakumari,0.5,-9.164
2024-03-23 18:00:00,575,Kanyakumari,7.5,-9.254
2024-03-28 15:00:00,575,Kanyakumari,1.5,-9.34
2024-03-28 17:00:00,575,Kanyakumari,0.5,-9.306
2024-04-01 17:00:00,575,Kanyakumari,0.5,-9.346
2024-04-02 16:00:00,575,Kanyakumari,1.5,-9.32
2024-04-02 17:00:00,575,Kanyakumari,1.5,-9.32
2024-04-02 19:00:00,575,Kanyakumari,2.0,-9.32
2024-04-04 14:00:00,575,Kanyakumari,1.0,-9.342
2024-04-04 15:00:00,575,Kanyakumari,13.166666666666666,-9.342
2024-04-04 16:00:00,575,Kanyakumari,0.5,-9.268
2024-04-05 10:00:00,575,Kanyakumari,0.5,-9.3
2024-04-08 15:00:00,575,Kanyakumari,8.5,-9.734
2024-04-12 01:00:00,575,Kanyakumari,0.5,-9.44
2024-04-12 03:00:00,575,Kanyakumari,0.5,-9.44
2024-04-12 04:00:00,575,Kanyakumari,4.5,-9.424
2024-04-12 07:00:00,575,Kanyakumari,1.0,-9.424
2024-04-12 08:00:00,575,Kanyakumari,1.5,-9.424
2024-04-12 09:00:00,575,Kanyakumari,0.5,-9.424
2024-04-12 10:00:00,575,Kanyakumari,2.5,-9.458
2024-04-12 11:00:00,575,Kanyakumari,10.875,-9.458
2024-04-12 14:00:00,575,Kanyakumari,3.25,-9.458
2024-04-12 15:00:00,575,Kanyakumari,9.166666666666666,-9.458
2024-04-13 14:00:00,575,Kanyakumari,0.5,-9.516
2024-04-14 08:00:00,575,Kanyakumari,3.0,-9.462
2024-04-14 10:00:00,575,Kanyakumari,2.0,-9.518
2024-04-14 14:00:00,575,Kanyakumari,0.5,-9.518
2024-04-14 17:00:00,575,Kanyakumari,3.5,-9.598
2024-04-15 10:00:00,575,Kanyakumari,0.5,-9.518
2024-04-16 05:00:00,575,Kanyakumari,0.5,-9.448
2024-04-18 16:00:00,575,Kanyakumari,14.5,-9.502
2024-04-18 17:00:00,575,Kanyakumari,1.5,-9.502
2024-04-19 17:00:00,575,Kanyakumari,8.0,-9.496
2024-04-19 21:00:00,575,Kanyakumari,0.5,-9.496
2024-04-20 16:00:00,575,Kanyakumari,1.0,-9.538
2024-04-20 17:00:00,575,Kanyakumari,5.5,-9.538
2024-04-21 14:00:00,575,Kanyakumari,2.5,-9.592
2024-04-21 15:00:00,575,Kanyakumari,15.333333333333334,-9.592
2024-04-21 16:00:00,575,Kanyakumari,2.0,-9.518
2024-04-21 17:00:00,575,Kanyakumari,0.5,-9.518
2024-04-24 16:00:00,575,Kanyakumari,11.5,-9.506
2024-04-24 17:00:00,575,Kanyakumari,21.5,-9.506
2024-04-27 19:00:00,575,Kanyakumari,17.5,-9.624
2024-04-29 15:00:00,575,Kanyakumari,1.5,-9.724
2024-04-29 16:00:00,575,Kanyakumari,7.5,-9.712
2024-04-29 17:00:00,575,Kanyakumari,5.666666666666667,-9.712
2024-04-29 18:00:00,575,Kanyakumari,0.5,-9.712
2024-04-30 14:00:00,575,Kanyakumari,6.0,-9.69
2024-04-30 15:00:00,575,Kanyakumari,1.5,-9.69
2024-04-30 16:00:00,575,Kanyakumari,2.5,-9.634
2024-04-30 18:00:00,575,Kanyakumari,1.0,-9.634
2024-04-30 19:00:00,575,Kanyakumari,3.5,-9.634
2024-05-05 16:00:00,575,Kanyakumari,1.0,-9.646
2024-05-05 17:00:00,575,Kanyakumari,1.0,-9.646
2024-05-08 16:00:00,575,Kanyakumari,17.75,-9.752
2024-05-08 17:00:00,575,Kanyakumari,0.5,-9.752
2024-05-09 15:00:00,575,Kanyakumari,3.6666666666666665,-9.760000000000002
2024-05-09 16:00:00,575,Kanyakumari,28.25,-10.27
2024-05-09 17:00:00,575,Kanyakumari,1.0,-10.27
2024-05-10 14:00:00,575,Kanyakumari,5.0,-9.846
2024-05-10 15:00:00,575,Kanyakumari,27.0,-9.846
2024-05-11 15:00:00,575,Kanyakumari,5.5,-9.932
2024-05-11 16:00:00,575,Kanyakumari,10.25,-9.842
2024-05-11 17:00:00,575,Kanyakumari,2.25,-9.842
2024-05-11 18:00:00,575,Kanyakumari,1.25,-9.842
2024-05-11 19:00:00,575,Kanyakumari,1.0,-9.842
2024-05-11 20:00:00,575,Kanyakumari,1.0,-9.842
2024-05-11 21:00:00,575,Kanyakumari,0.5,-9.842
2024-05-11 22:00:00,575,Kanyakumari,0.5,-9.81
2024-05-11 23:00:00,575,Kanyakumari,0.5,-9.81
2024-05-12 15:00:00,575,Kanyakumari,13.75,-9.882
2024-05-12 16:00:00,575,Kanyakumari,3.25,-9.812
2024-05-12 17:00:00,575,Kanyakumari,1.0,-9.812
2024-05-12 19:00:00,575,Kanyakumari,1.25,-9.812
2024-05-13 12:00:00,575,Kanyakumari,1.25,-9.802
2024-05-13 13:00:00,575,Kanyakumari,11.333333333333334,-9.802
2024-05-13 14:00:00,575,Kanyakumari,2.333333333333333,-9.802
2024-05-13 15:00:00,575,Kanyakumari,1.25,-9.802
2024-05-13 16:00:00,575,Kanyakumari,1.1666666666666667,-9.712
2024-05-13 17:00:00,575,Kanyakumari,1.5,-9.712
2024-05-13 18:00:00,575,Kanyakumari,1.5,-9.712
2024-05-13 19:00:00,575,Kanyakumari,1.0,-9.712
2024-05-13 20:00:00,575,Kanyakumari,1.0,-9.712
2024-05-13 21:00:00,575,Kanyakumari,1.0,-9.712
2024-05-13 22:00:00,575,Kanyakumari,0.5,-9.732
2024-05-13 23:00:00,575,Kanyakumari,1.0,-9.732
2024-05-14 00:00:00,575,Kanyakumari,0.5,-9.732
2024-05-14 01:00:00,575,Kanyakumari,0.5,-9.732
2024-05-14 02:00:00,575,Kanyakumari,1.0,-9.732
2024-05-14 03:00:00,575,Kanyakumari,1.0,-9.732
2024-05-14 04:00:00,575,Kanyakumari,0.5,-9.716
2024-05-14 05:00:00,575,Kanyakumari,1.0,-9.716
2024-05-14 06:00:00,575,Kanyakumari,0.5,-9.716
2024-05-14 07:00:00,575,Kanyakumari,1.0,-9.716
2024-05-14 08:00:00,575,Kanyakumari,0.5,-9.716
2024-05-14 10:00:00,575,Kanyakumari,1.75,-10.268
2024-05-14 11:00:00,575,Kanyakumari,2.5,-10.268
2024-05-14 16:00:00,575,Kanyakumari,19.5,-10.01
2024-05-14 17:00:00,575,Kanyakumari,0.5,-10.01
2024-05-15 15:00:00,575,Kanyakumari,1585.0,-9.718
2024-05-15 16:00:00,575,Kanyakumari,6.5,-9.734
2024-05-15 17:00:00,575,Kanyakumari,13.166666666666666,-9.734
2024-05-15 18:00:00,575,Kanyakumari,2.5,-9.734
2024-05-15 19:00:00,575,Kanyakumari,0.5,-9.734
2024-05-15 20:00:00,575,Kanyakumari,0.5,-9.734
2024-05-15 21:00:00,575,Kanyakumari,0.5,-9.734
2024-05-16 14:00:00,575,Kanyakumari,2.5,-9.74
2024-05-16 15:00:00,575,Kanyakumari,22.166666666666668,-9.74
2024-05-16 16:00:00,575,Kanyakumari,5.166666666666667,-9.646
2024-05-16 17:00:00,575,Kanyakumari,1.1666666666666667,-9.646
2024-05-16 18:00:00,575,Kanyakumari,1.1666666666666667,-9.646
2024-05-16 19:00:00,575,Kanyakumari,0.5,-9.646
2024-05-16 22:00:00,575,Kanyakumari,594.5,-9.594
2024-05-16 23:00:00,575,Kanyakumari,4.0,-9.594
2024-05-17 13:00:00,575,Kanyakumari,7.5,-9.736
2024-05-17 14:00:00,575,Kanyakumari,2.5,-9.736
2024-05-17 15:00:00,575,Kanyakumari,2.0,-9.736
2024-05-17 22:00:00,575,Kanyakumari,0.5,-9.592
2024-05-18 14:00:00,575,Kanyakumari,22.0,-9.626
2024-05-18 15:00:00,575,Kanyakumari,1.6666666666666667,-9.626
2024-05-18 16:00:00,575,Kanyakumari,1.6666666666666667,-9.428
2024-05-18 17:00:00,575,Kanyakumari,10.0,-9.428
2024-05-18 18:00:00,575,Kanyakumari,2.75,-9.428
2024-05-18 19:00:00,575,Kanyakumari,1.0,-9.428
2024-05-18 22:00:00,575,Kanyakumari,0.5,-9.436
2024-05-19 01:00:00,575,Kanyakumari,9.166666666666666,-9.436
2024-05-19 02:00:00,575,Kanyakumari,5.0,-9.436
2024-05-19 03:00:00,575,Kanyakumari,5.166666666666667,-9.436
2024-05-19 04:00:00,575,Kanyakumari,2.833333333333333,-9.01
2024-05-19 05:00:00,575,Kanyakumari,5.0,-9.01
2024-05-20 02:00:00,575,Kanyakumari,1.0,-9.168
2024-05-20 04:00:00,575,Kanyakumari,1.0,-9.170000000000002
2024-05-20 08:00:00,575,Kanyakumari,0.5,-9.170000000000002
2024-05-20 09:00:00,575,Kanyakumari,4.75,-9.170000000000002
2024-05-20 10:00:00,575,Kanyakumari,4.25,-8.844
2024-05-20 11:00:00,575,Kanyakumari,5.333333333333333,-8.844
2024-05-20 12:00:00,575,Kanyakumari,3.875,-8.844
2024-05-20 13:15:00,575,Kanyakumari,0.5,-8.844
2024-05-20 14:00:00,575,Kanyakumari,29.5,-8.844
2024-05-20 15:00:00,575,Kanyakumari,1.5,-8.844
2024-05-20 16:00:00,575,Kanyakumari,1.5,-8.745999999999999
2024-05-20 17:00:00,575,Kanyakumari,0.5,-8.745999999999999
2024-05-21 03:00:00,575,Kanyakumari,4.375,-8.764
2024-05-21 04:00:00,575,Kanyakumari,2.1,-8.762
2024-05-21 05:00:00,575,Kanyakumari,0.5,-8.762
2024-05-21 06:00:00,575,Kanyakumari,0.8333333333333334,-8.762
2024-05-21 08:00:00,575,Kanyakumari,0.5,-8.762
2024-05-21 10:00:00,575,Kanyakumari,1.5,-7.611666666666667
2024-05-21 10:10:00,575,Kanyakumari,2.0,-7.611666666666667
2024-05-21 11:00:00,575,Kanyakumari,6.0,-7.611666666666667
2024-05-21 12:00:00,575,Kanyakumari,3.1666666666666665,-7.611666666666667
2024-05-21 13:00:00,575,Kanyakumari,1.0,-7.611666666666667
2024-05-21 14:00:00,575,Kanyakumari,0.5,-7.611666666666667
2024-05-21 15:00:00,575,Kanyakumari,2.25,-7.611666666666667
2024-05-21 16:00:00,575,Kanyakumari,0.5,-10.63
2024-05-21 17:00:00,575,Kanyakumari,0.5,-10.63
2024-05-21 18:00:00,575,Kanyakumari,2.25,-10.63
2024-05-21 19:00:00,575,Kanyakumari,3.375,-10.63
2024-05-21 20:00:00,575,Kanyakumari,3.9,-10.63
2024-05-21 21:00:00,575,Kanyakumari,4.5,-10.63
2024-05-21 22:00:00,575,Kanyakumari,2.75,-10.506666666666666
2024-05-21 23:00:00,575,Kanyakumari,3.8,-10.506666666666666
2024-05-22 00:00:00,575,Kanyakumari,5.375,-10.506666666666666
2024-05-22 01:00:00,575,Kanyakumari,2.1666666666666665,-10.506666666666666
2024-05-22 03:00:00,575,Kanyakumari,0.5,-10.506666666666666
2024-05-22 04:00:00,575,Kanyakumari,1.0,-10.38
2024-05-22 05:00:00,575,Kanyakumari,0.8333333333333334,-10.38
2024-05-22 07:00:00,575,Kanyakumari,4.125,-10.38
2024-05-22 08:00:00,575,Kanyakumari,1.5,-10.38
2024-05-22 11:00:00,575,Kanyakumari,2.5,-10.375
2024-05-22 12:00:00,575,Kanyakumari,0.75,-10.375
2024-05-22 13:00:00,575,Kanyakumari,7.5,-10.375
2024-05-22 14:00:00,575,Kanyakumari,4.5,-10.375
2024-05-22 15:00:00,575,Kanyakumari,12.625,-10.375
2024-05-22 16:00:00,575,Kanyakumari,1.8333333333333333,-9.92
2024-05-22 17:00:00,575,Kanyakumari,0.5,-9.92
2024-05-22 19:00:00,575,Kanyakumari,1.25,-9.92
2024-05-22 20:00:00,575,Kanyakumari,3.1666666666666665,-9.92
2024-05-23 00:00:00,575,Kanyakumari,2.5,-9.82
2024-05-23 01:00:00,575,Kanyakumari,2.4,-9.82
2024-05-23 02:00:00,575,Kanyakumari,13.1,-9.82
2024-05-23 03:00:00,575,Kanyakumari,4.0,-9.82
2024-05-23 04:00:00,575,Kanyakumari,10.7,-9.413333333333334
2024-05-23 05:00:00,575,Kanyakumari,3.875,-9.413333333333334
2024-05-23 06:00:00,575,Kanyakumari,2.625,-9.413333333333334
2024-05-23 08:00:00,575,Kanyakumari,0.5,-9.413333333333334
2024-05-23 09:00:00,575,Kanyakumari,2.5,-9.413333333333334
2024-05-23 10:00:00,575,Kanyakumari,0.6666666666666666,-9.44
2024-05-23 11:00:00,575,Kanyakumari,2.9,-9.44
2024-05-23 12:00:00,575,Kanyakumari,1.5,-9.44
2024-05-23 13:00:00,575,Kanyakumari,4.5,-9.44
2024-05-23 14:00:00,575,Kanyakumari,5.5,-9.44
2024-05-23 15:00:00,575,Kanyakumari,3.75,-9.44
2024-05-23 16:00:00,575,Kanyakumari,1.6666666666666667,-9.245
2024-05-23 17:00:00,575,Kanyakumari,1.3333333333333333,-9.245
2024-05-23 18:00:00,575,Kanyakumari,0.6666666666666666,-9.245
2024-05-23 19:00:00,575,Kanyakumari,5.0,-9.245
2024-05-23 21:00:00,575,Kanyakumari,0.5,-9.245
2024-05-24 01:00:00,575,Kanyakumari,2.0,-9.288333333333334
2024-05-24 03:00:00,575,Kanyakumari,2.0,-9.288333333333334
2024-05-24 04:00:00,575,Kanyakumari,0.5,-9.286666666666669
2024-05-24 05:00:00,575,Kanyakumari,2.5,-9.286666666666669
2024-05-24 06:00:00,575,Kanyakumari,1.0,-9.286666666666669
2024-05-24 07:00:00,575,Kanyakumari,1.0,-9.286666666666669
2024-05-24 08:00:00,575,Kanyakumari,0.75,-9.286666666666669
2024-05-24 09:00:00,575,Kanyakumari,0.5,-9.286666666666669
2024-05-24 10:00:00,575,Kanyakumari,1.0,-9.271666666666668
2024-05-24 11:00:00,575,Kanyakumari,7.0,-9.271666666666668
2024-05-24 12:00:00,575,Kanyakumari,9.166666666666666,-9.271666666666668
2024-05-24 13:00:00,575,Kanyakumari,15.0,-9.271666666666668
2024-05-24 14:00:00,575,Kanyakumari,1.0,-9.271666666666668
2024-05-24 15:00:00,575,Kanyakumari,3.0,-9.271666666666668
2024-05-24 16:00:00,575,Kanyakumari,7.25,-9.04
2024-05-24 17:00:00,575,Kanyakumari,7.5,-9.04
2024-05-24 18:00:00,575,Kanyakumari,2.833333333333333,-9.04
2024-05-24 19:00:00,575,Kanyakumari,1.5,-9.04
2024-05-24 20:00:00,575,Kanyakumari,1.5,-9.04
2024-05-24 21:00:00,575,Kanyakumari,2.0,-9.04
2024-05-24 22:00:00,575,Kanyakumari,3.5,-8.881666666666668
2024-05-24 23:00:00,575,Kanyakumari,4.5,-8.881666666666668
2024-05-25 00:00:00,575,Kanyakumari,3.5,-8.881666666666668
2024-05-25 01:00:00,575,Kanyakumari,1.0,-8.881666666666668
2024-05-25 06:00:00,575,Kanyakumari,1.5,-8.823333333333332
2024-05-25 11:00:00,575,Kanyakumari,0.5,-8.921666666666667
2024-05-26 00:00:00,575,Kanyakumari,0.5,-9.025
2024-05-26 08:00:00,575,Kanyakumari,2.5,-9.095
2024-05-26 09:00:00,575,Kanyakumari,0.5,-9.095
2024-05-26 10:00:00,575,Kanyakumari,0.5,-9.153333333333334
2024-05-26 15:00:00,575,Kanyakumari,0.5,-9.153333333333334
2024-05-27 04:00:00,575,Kanyakumari,6.5,-9.288333333333334
2024-05-27 05:00:00,575,Kanyakumari,0.5,-9.288333333333334
2024-05-27 06:00:00,575,Kanyakumari,0.5,-9.288333333333334
2024-05-27 13:00:00,575,Kanyakumari,0.5,-9.39
2024-05-28 01:00:00,575,Kanyakumari,3.333333333333333,-9.421666666666669
2024-05-28 02:00:00,575,Kanyakumari,1.0,-9.421666666666669
2024-05-28 03:00:00,575,Kanyakumari,13.75,-9.421666666666669
2024-05-28 04:00:00,575,Kanyakumari,9.666666666666666,-9.196666666666667
2024-05-28 05:00:00,575,Kanyakumari,3.8333333333333335,-9.196666666666667
2024-05-28 06:00:00,575,Kanyakumari,1.3333333333333333,-9.196666666666667
2024-05-28 07:00:00,575,Kanyakumari,2.0,-9.196666666666667
2024-05-28 08:00:00,575,Kanyakumari,1.3333333333333333,-9.196666666666667
2024-05-28 09:00:00,575,Kanyakumari,3.0,-9.196666666666667
2024-05-29 01:00:00,575,Kanyakumari,0.5,-9.305
2024-05-29 12:00:00,575,Kanyakumari,0.5,-9.381666666666666
2024-05-29 16:00:00,575,Kanyakumari,2.0,-9.281666666666668
2024-05-29 17:00:00,575,Kanyakumari,4.25,-9.281666666666668
2024-05-29 18:00:00,575,Kanyakumari,2.5,-9.281666666666668
2024-05-30 01:00:00,575,Kanyakumari,0.5,-9.343333333333334
2024-05-30 02:00:00,575,Kanyakumari,0.5,-9.343333333333334
2024-06-04 14:00:00,575,Kanyakumari,10.25,-9.99
2024-06-04 15:00:00,575,Kanyakumari,4.0,-9.99
2024-06-05 03:00:00,575,Kanyakumari,0.5,-9.946666666666667
2024-06-05 09:00:00,575,Kanyakumari,8.0,-9.941666666666668
2024-06-05 10:00:00,575,Kanyakumari,2.5,-10.06
2024-06-05 11:00:00,575,Kanyakumari,1.5,-10.06
2024-06-05 12:00:00,575,Kanyakumari,1.1666666666666667,-10.06
2024-06-05 13:00:00,575,Kanyakumari,2.0,-10.06
2024-06-05 16:00:00,575,Kanyakumari,0.5,-10.056666666666668
2024-06-06 02:00:00,575,Kanyakumari,0.5,-10.03
2024-06-06 07:00:00,575,Kanyakumari,0.5,-10.005
2024-06-06 10:00:00,575,Kanyakumari,0.5,-10.03
2024-06-06 12:00:00,575,Kanyakumari,1.5,-10.03
2024-06-06 13:00:00,575,Kanyakumari,1.0,-10.03
2024-06-06 14:00:00,575,Kanyakumari,6.0,-10.03
2024-06-06 17:00:00,575,Kanyakumari,4.0,-10.006666666666666
2024-06-06 20:00:00,575,Kanyakumari,2.0,-10.006666666666666
2024-06-06 21:00:00,575,Kanyakumari,3.8333333333333335,-10.006666666666666
2024-06-06 22:00:00,575,Kanyakumari,1.8333333333333333,-9.961666666666666
2024-06-06 23:00:00,575,Kanyakumari,0.5,-9.961666666666666
2024-06-07 00:00:00,575,Kanyakumari,1.5,-9.961666666666666
2024-06-07 01:00:00,575,Kanyakumari,2.25,-9.961666666666666
2024-06-07 02:00:00,575,Kanyakumari,0.5,-9.961666666666666
2024-06-07 04:00:00,575,Kanyakumari,1.0,-9.866666666666667
2024-06-07 05:00:00,575,Kanyakumari,0.5,-9.866666666666667
2024-06-07 06:00:00,575,Kanyakumari,2.5,-9.866666666666667
2024-06-07 08:00:00,575,Kanyakumari,0.5,-9.866666666666667
2024-06-07 09:00:00,575,Kanyakumari,3.0,-9.866666666666667
2024-06-07 10:00:00,575,Kanyakumari,0.6666666666666666,-9.805
2024-06-07 11:00:00,575,Kanyakumari,1.5,-9.805
2024-06-07 13:00:00,575,Kanyakumari,0.5,-9.805
2024-06-07 16:00:00,575,Kanyakumari,1.75,-9.761666666666668
2024-06-07 17:00:00,575,Kanyakumari,2.25,-9.761666666666668
2024-06-07 18:00:00,575,Kanyakumari,2.0,-9.761666666666668
2024-06-07 19:00:00,575,Kanyakumari,1.25,-9.761666666666668
2024-06-07 20:00:00,575,Kanyakumari,0.5,-9.761666666666668
2024-06-07 21:00:00,575,Kanyakumari,0.5,-9.761666666666668
2024-06-07 22:00:00,575,Kanyakumari,0.5,-9.661666666666669
2024-06-07 23:00:00,575,Kanyakumari,5.25,-9.661666666666669
2024-06-08 00:00:00,575,Kanyakumari,2.333333333333333,-9.661666666666669
2024-06-08 01:00:00,575,Kanyakumari,0.875,-9.661666666666669
2024-06-08 02:00:00,575,Kanyakumari,8.5,-9.661666666666669
2024-06-08 03:00:00,575,Kanyakumari,1.5,-9.661666666666669
2024-06-08 04:00:00,575,Kanyakumari,1.3333333333333333,-9.53
2024-06-08 05:00:00,575,Kanyakumari,4.0,-9.53
2024-06-08 06:00:00,575,Kanyakumari,0.75,-9.53
2024-06-08 07:00:00,575,Kanyakumari,1.6666666666666667,-9.53
2024-06-08 08:00:00,575,Kanyakumari,0.5,-9.53
2024-06-08 10:00:00,575,Kanyakumari,0.8333333333333334,-9.42
2024-06-08 11:00:00,575,Kanyakumari,4.0,-9.42
2024-06-08 12:00:00,575,Kanyakumari,3.0,-9.42
2024-06-08 15:00:00,575,Kanyakumari,1.25,-9.42
2024-06-08 19:00:00,575,Kanyakumari,1.6666666666666667,-9.435
2024-06-08 20:00:00,575,Kanyakumari,5.166666666666667,-9.435
2024-06-08 21:00:00,575,Kanyakumari,1.6666666666666667,-9.435
2024-06-08 22:00:00,575,Kanyakumari,8.25,-9.273333333333332
2024-06-08 23:00:00,575,Kanyakumari,0.6666666666666666,-9.273333333333332
2024-06-09 02:00:00,575,Kanyakumari,4.125,-9.273333333333332
2024-06-09 03:00:00,575,Kanyakumari,0.6666666666666666,-9.273333333333332
2024-06-09 04:00:00,575,Kanyakumari,0.5,-9.17
2024-06-09 12:00:00,575,Kanyakumari,0.5,-9.333333333333334
2024-06-09 13:00:00,575,Kanyakumari,1.3333333333333333,-9.333333333333334
2024-06-09 15:00:00,575,Kanyakumari,0.5,-9.333333333333334
2024-06-09 16:00:00,575,Kanyakumari,1.25,-9.383333333333333
2024-06-09 17:00:00,575,Kanyakumari,0.5,-9.383333333333333
2024-06-09 23:00:00,575,Kanyakumari,0.5,-9.443333333333332
2024-06-10 00:00:00,575,Kanyakumari,0.5,-9.443333333333332
2024-06-10 01:00:00,575,Kanyakumari,0.5,-9.443333333333332
2024-06-10 02:00:00,575,Kanyakumari,1.5,-9.443333333333332
2024-06-10 03:00:00,575,Kanyakumari,0.5,-9.443333333333332
2024-06-10 04:00:00,575,Kanyakumari,0.75,-9.448333333333332
2024-06-10 09:00:00,575,Kanyakumari,0.5,-9.448333333333332
2024-06-10 20:00:00,575,Kanyakumari,3.0,-9.513333333333334
2024-06-10 22:00:00,575,Kanyakumari,1.75,-9.513333333333334
2024-06-11 22:00:00,575,Kanyakumari,1.0,-9.636666666666668
2024-06-12 04:00:00,575,Kanyakumari,0.5,-9.655
2024-06-12 08:00:00,575,Kanyakumari,1.0,-9.655
2024-06-12 10:00:00,575,Kanyakumari,0.5,-9.675
2024-06-12 13:00:00,575,Kanyakumari,0.75,-9.675
2024-06-12 14:00:00,575,Kanyakumari,5.25,-9.675
2024-06-17 12:00:00,575,Kanyakumari,0.5,-10.008333333333333
2024-06-17 19:00:00,575,Kanyakumari,0.5,-10.033333333333331
2024-06-17 23:00:00,575,Kanyakumari,0.5,-10.041666666666666
2024-06-18 05:00:00,575,Kanyakumari,1.0,-10.031666666666666
2024-06-18 07:00:00,575,Kanyakumari,1.5,-10.031666666666666
2024-06-18 10:00:00,575,Kanyakumari,0.5,-10.091666666666669
2024-06-18 12:00:00,575,Kanyakumari,8.5,-10.091666666666669
2024-06-18 13:00:00,575,Kanyakumari,0.5,-10.091666666666669
2024-06-18 16:00:00,575,Kanyakumari,0.5,-10.031666666666668
2024-06-18 17:00:00,575,Kanyakumari,0.5,-10.031666666666668
2024-06-19 06:00:00,575,Kanyakumari,0.5,-10.02
2024-06-19 10:00:00,575,Kanyakumari,1.0,-10.046666666666669
2024-06-19 11:00:00,575,Kanyakumari,9.75,-10.046666666666669
2024-06-19 12:00:00,575,Kanyakumari,3.25,-10.046666666666669
2024-06-19 13:00:00,575,Kanyakumari,1.5,-10.046666666666669
2024-06-19 16:00:00,575,Kanyakumari,0.5,-9.965
2024-06-19 17:00:00,575,Kanyakumari,7.125,-9.965
2024-06-19 18:00:00,575,Kanyakumari,2.0,-9.965
2024-06-19 19:00:00,575,Kanyakumari,1.25,-9.965
2024-06-19 21:00:00,575,Kanyakumari,0.5,-9.965
2024-06-20 00:00:00,575,Kanyakumari,0.75,-9.906666666666666
2024-06-20 02:00:00,575,Kanyakumari,0.5,-9.906666666666666
2024-06-20 03:00:00,575,Kanyakumari,5.25,-9.906666666666666
2024-06-20 04:00:00,575,Kanyakumari,2.333333333333333,-9.89
2024-06-20 05:00:00,575,Kanyakumari,1.5,-9.89
2024-06-20 06:00:00,575,Kanyakumari,4.5,-9.89
2024-06-20 07:00:00,575,Kanyakumari,2.6666666666666665,-9.89
2024-06-20 08:00:00,575,Kanyakumari,2.5,-9.89
2024-06-20 09:00:00,575,Kanyakumari,0.75,-9.89
2024-06-20 10:00:00,575,Kanyakumari,5.0,-9.748333333333331
2024-06-20 11:00:00,575,Kanyakumari,0.5,-9.748333333333331
2024-06-20 17:00:00,575,Kanyakumari,1.0,-9.745
2024-06-21 07:00:00,575,Kanyakumari,0.5,-9.786666666666669
2024-06-21 08:00:00,575,Kanyakumari,1.3333333333333333,-9.786666666666669
2024-06-21 09:00:00,575,Kanyakumari,0.5,-9.786666666666669
2024-06-21 11:00:00,575,Kanyakumari,0.5,-9.788333333333332
2024-06-21 14:00:00,575,Kanyakumari,2.0,-9.788333333333332
2024-06-21 15:00:00,575,Kanyakumari,0.5,-9.788333333333332
2024-06-22 01:00:00,575,Kanyakumari,0.5,-9.875
2024-06-22 02:00:00,575,Kanyakumari,1.0,-9.875
2024-06-22 03:00:00,575,Kanyakumari,0.5,-9.875
2024-06-22 07:00:00,575,Kanyakumari,1.5,-9.843333333333334
2024-06-22 08:00:00,575,Kanyakumari,0.5,-9.843333333333334
2024-06-22 09:00:00,575,Kanyakumari,0.5,-9.843333333333334
2024-06-22 16:00:00,575,Kanyakumari,0.5,-9.806666666666668
2024-06-22 22:00:00,575,Kanyakumari,0.75,-9.853333333333332
2024-06-22 23:00:00,575,Kanyakumari,0.5,-9.853333333333332
2024-06-23 10:00:00,575,Kanyakumari,0.75,-9.853333333333332
2024-06-23 11:00:00,575,Kanyakumari,1.375,-9.853333333333332
2024-06-23 15:00:00,575,Kanyakumari,0.5,-9.853333333333332
2024-06-23 23:00:00,575,Kanyakumari,0.8333333333333334,-9.88
2024-06-24 00:00:00,575,Kanyakumari,1.0,-9.88
2024-06-24 03:00:00,575,Kanyakumari,1.6666666666666667,-9.88
2024-06-24 04:00:00,575,Kanyakumari,1.0,-9.866666666666667
2024-06-24 06:00:00,575,Kanyakumari,0.5,-9.866666666666667
2024-06-24 07:00:00,575,Kanyakumari,1.375,-9.866666666666667
2024-06-24 11:00:00,575,Kanyakumari,0.5,-9.905
2024-06-24 13:00:00,575,Kanyakumari,3.0,-9.905
2024-06-24 14:00:00,575,Kanyakumari,5.75,-9.905
2024-06-24 15:00:00,575,Kanyakumari,6.5,-9.905
2024-06-24 17:00:00,575,Kanyakumari,6.625,-9.631666666666666
2024-06-24 18:00:00,575,Kanyakumari,3.0,-9.631666666666666
2024-06-24 19:00:00,575,Kanyakumari,1.3333333333333333,-9.631666666666666
2024-06-25 06:00:00,575,Kanyakumari,0.75,-9.618333333333334
2024-06-25 07:00:00,575,Kanyakumari,0.75,-9.618333333333334
2024-06-25 10:00:00,575,Kanyakumari,0.5,-9.69
2024-06-25 12:00:00,575,Kanyakumari,1.25,-9.69
2024-06-25 13:00:00,575,Kanyakumari,2.0,-9.69
2024-06-25 21:00:00,575,Kanyakumari,0.5,-9.613333333333337
2024-06-25 23:00:00,575,Kanyakumari,2.5,-9.593333333333332
2024-06-26 01:00:00,575,Kanyakumari,5.0,-9.593333333333332
2024-06-26 02:00:00,575,Kanyakumari,1.0,-9.593333333333332
2024-06-26 03:00:00,575,Kanyakumari,1.5,-9.593333333333332
2024-06-26 04:00:00,575,Kanyakumari,1.75,-9.525
2024-06-26 05:00:00,575,Kanyakumari,0.75,-9.525
2024-06-26 06:00:00,575,Kanyakumari,1.0,-9.525
2024-06-26 07:00:00,575,Kanyakumari,1.5,-9.525
2024-06-26 10:00:00,575,Kanyakumari,2.0,-9.563333333333334
2024-06-26 12:00:00,575,Kanyakumari,2.333333333333333,-9.563333333333334
2024-06-26 14:00:00,575,Kanyakumari,3.8333333333333335,-9.563333333333334
2024-06-26 15:00:00,575,Kanyakumari,3.6666666666666665,-9.563333333333334
2024-06-26 16:00:00,575,Kanyakumari,1.5,-9.473333333333334
2024-06-26 17:00:00,575,Kanyakumari,2.333333333333333,-9.473333333333334
2024-06-26 18:00:00,575,Kanyakumari,0.5,-9.473333333333334
2024-06-26 23:00:00,575,Kanyakumari,4.333333333333333,-9.44
2024-06-27 00:00:00,575,Kanyakumari,0.5,-9.44
2024-06-27 06:00:00,575,Kanyakumari,0.5,-9.466666666666669
2024-06-27 07:00:00,575,Kanyakumari,0.5,-9.466666666666669
2024-06-27 14:00:00,575,Kanyakumari,2.5,-9.518333333333333
2024-06-27 20:00:00,575,Kanyakumari,0.5,-9.53
2024-06-28 03:00:00,575,Kanyakumari,0.5,-9.568333333333332
2024-06-28 04:00:00,575,Kanyakumari,1.0,-9.59
2024-06-28 06:00:00,575,Kanyakumari,0.75,-9.59
2024-06-28 07:00:00,575,Kanyakumari,0.5,-9.59
2024-06-28 21:00:00,575,Kanyakumari,0.5,-9.635
2024-06-28 22:00:00,575,Kanyakumari,0.5,-9.668333333333337
2024-06-28 23:00:00,575,Kanyakumari,0.5,-9.668333333333337
2024-06-29 00:00:00,575,Kanyakumari,0.5,-9.668333333333337
2024-06-29 01:00:00,575,Kanyakumari,1.0,-9.668333333333337
2024-06-29 02:00:00,575,Kanyakumari,2.5,-9.668333333333337
2024-06-29 03:00:00,575,Kanyakumari,1.0,-9.668333333333337
2024-06-29 04:00:00,575,Kanyakumari,1.75,-9.621666666666668
2024-06-29 05:00:00,575,Kanyakumari,1.25,-9.621666666666668
2024-06-29 06:00:00,575,Kanyakumari,3.25,-9.621666666666668
2024-06-29 07:00:00,575,Kanyakumari,0.5,-9.621666666666668
2024-06-29 09:00:00,575,Kanyakumari,0.5,-9.621666666666668
2024-06-29 10:00:00,575,Kanyakumari,0.5,-9.693333333333332
2024-06-29 15:00:00,575,Kanyakumari,1.5,-9.693333333333332
2024-06-29 17:00:00,575,Kanyakumari,0.5,-9.673333333333334
2024-06-30 16:00:00,575,Kanyakumari,3.25,-9.711666666666666
2024-06-30 17:00:00,575,Kanyakumari,0.5,-9.711666666666666
2024-07-01 04:00:00,575,Kanyakumari,4.25,-9.645
2024-07-01 05:00:00,575,Kanyakumari,7.0,-9.645
2024-07-01 06:00:00,575,Kanyakumari,0.75,-9.645
2024-07-03 05:00:00,575,Kanyakumari,2.0,-9.828333333333331
2024-07-03 06:00:00,575,Kanyakumari,0.5,-9.828333333333331
2024-07-03 07:00:00,575,Kanyakumari,0.5,-9.828333333333331
2024-07-03 14:00:00,575,Kanyakumari,1.0,-9.866666666666667
2024-07-05 17:00:00,575,Kanyakumari,0.5,-9.886666666666668
2024-07-05 18:00:00,575,Kanyakumari,0.5,-9.886666666666668
2024-07-05 19:00:00,575,Kanyakumari,1.0,-9.886666666666668
2024-07-05 20:00:00,575,Kanyakumari,0.5,-9.886666666666668
2024-07-06 05:00:00,575,Kanyakumari,0.75,-9.915
2024-07-07 01:00:00,575,Kanyakumari,1.0,-9.965
2024-07-07 13:00:00,575,Kanyakumari,1.0,-9.988333333333332
2024-07-08 06:00:00,575,Kanyakumari,1.0,-9.978333333333332
2024-07-08 07:00:00,575,Kanyakumari,1.5,-9.978333333333332
2024-07-09 13:00:00,575,Kanyakumari,0.5,-10.281666666666666
2024-07-10 03:00:00,575,Kanyakumari,0.5,-10.051666666666668
2024-07-10 04:00:00,575,Kanyakumari,1.75,-10.056666666666668
2024-07-10 05:00:00,575,Kanyakumari,0.5,-10.056666666666668
2024-07-12 18:00:00,575,Kanyakumari,3.8333333333333335,-10.085
2024-07-12 19:00:00,575,Kanyakumari,11.833333333333334,-10.085
2024-07-12 20:00:00,575,Kanyakumari,2.1666666666666665,-10.085
2024-07-13 02:00:00,575,Kanyakumari,0.5,-10.023333333333332
2024-07-13 07:00:00,575,Kanyakumari,0.75,-10.041666666666666
2024-07-13 10:00:00,575,Kanyakumari,1.0,-10.053333333333333
2024-07-13 11:00:00,575,Kanyakumari,1.25,-10.053333333333333
2024-07-13 12:00:00,575,Kanyakumari,2.5,-10.053333333333333
2024-07-13 13:00:00,575,Kanyakumari,2.75,-10.053333333333333
2024-07-13 19:00:00,575,Kanyakumari,0.5,-10.025
2024-07-14 17:00:00,575,Kanyakumari,0.5,-10.043333333333331
2024-07-14 21:00:00,575,Kanyakumari,1.25,-10.043333333333331
2024-07-14 22:00:00,575,Kanyakumari,0.5,-9.99
2024-07-14 23:00:00,575,Kanyakumari,6.625,-9.99
2024-07-15 03:00:00,575,Kanyakumari,1.5,-9.99
2024-07-15 04:00:00,575,Kanyakumari,1.0,-9.948333333333332
2024-07-15 05:00:00,575,Kanyakumari,5.5,-9.948333333333332
2024-07-15 06:00:00,575,Kanyakumari,0.5,-9.948333333333332
2024-07-15 07:00:00,575,Kanyakumari,0.5,-9.948333333333332
2024-07-15 08:00:00,575,Kanyakumari,2.5,-9.948333333333332
2024-07-15 09:00:00,575,Kanyakumari,1.875,-9.948333333333332
2024-07-15 10:00:00,575,Kanyakumari,0.5,-9.958333333333334
2024-07-15 14:00:00,575,Kanyakumari,3.0,-9.958333333333334
2024-07-15 15:00:00,575,Kanyakumari,1.125,-9.958333333333334
2024-07-15 18:00:00,575,Kanyakumari,1.0,-9.901666666666666
2024-07-15 19:00:00,575,Kanyakumari,1.6666666666666667,-9.901666666666666
2024-07-15 20:00:00,575,Kanyakumari,0.5,-9.901666666666666
2024-07-15 21:00:00,575,Kanyakumari,2.5,-9.901666666666666
2024-07-15 23:00:00,575,Kanyakumari,1.125,-9.828333333333331
2024-07-16 01:00:00,575,Kanyakumari,0.5,-9.828333333333331
2024-07-16 13:00:00,575,Kanyakumari,0.5,-9.971666666666666
2024-07-16 21:00:00,575,Kanyakumari,1.5,-10.05
2024-07-17 06:00:00,575,Kanyakumari,2.125,-10.016666666666667
2024-07-17 07:00:00,575,Kanyakumari,0.5,-10.016666666666667
2024-07-17 10:00:00,575,Kanyakumari,0.5,-10.028333333333334
2024-07-17 13:00:00,575,Kanyakumari,2.0,-10.028333333333334
2024-07-17 14:00:00,575,Kanyakumari,1.1666666666666667,-10.028333333333334
2024-07-17 19:00:00,575,Kanyakumari,0.5,-9.988333333333332
2024-07-17 20:00:00,575,Kanyakumari,2.0,-9.988333333333332
2024-07-17 21:00:00,575,Kanyakumari,2.0,-9.988333333333332
2024-07-17 22:00:00,575,Kanyakumari,0.75,-9.973333333333334
2024-07-18 02:00:00,575,Kanyakumari,0.5,-9.973333333333334
2024-07-18 10:00:00,575,Kanyakumari,0.5,-9.996666666666666
2024-07-18 14:00:00,575,Kanyakumari,2.0,-9.996666666666666
2024-07-18 15:00:00,575,Kanyakumari,0.5,-9.996666666666666
2024-07-20 01:00:00,575,Kanyakumari,1.0,-10.0
2024-07-20 02:00:00,575,Kanyakumari,1.5,-10.0
2024-07-20 03:00:00,575,Kanyakumari,0.75,-10.0
2024-07-22 07:00:00,575,Kanyakumari,2.5,-10.043333333333331
2024-07-22 08:00:00,575,Kanyakumari,3.75,-10.043333333333331
2024-07-22 09:00:00,575,Kanyakumari,1.8333333333333333,-10.043333333333331
2024-07-22 10:00:00,575,Kanyakumari,0.5,-6.825
2024-07-22 15:00:00,575,Kanyakumari,0.5,-6.825
2024-07-25 02:00:00,575,Kanyakumari,2.5,-10.123333333333331
2024-07-25 03:00:00,575,Kanyakumari,1.75,-10.123333333333331
2024-07-25 04:00:00,575,Kanyakumari,0.5,-10.065
2024-07-26 14:00:00,575,Kanyakumari,1.5,-10.14
2024-07-28 08:00:00,575,Kanyakumari,0.5,-10.205
2024-07-28 09:00:00,575,Kanyakumari,0.75,-10.205
2024-07-28 10:00:00,575,Kanyakumari,8.0,-10.306666666666668
2024-07-28 11:00:00,575,Kanyakumari,0.75,-10.306666666666668
2024-07-28 12:00:00,575,Kanyakumari,2.333333333333333,-10.306666666666668
2024-07-28 13:00:00,575,Kanyakumari,3.5,-10.306666666666668
2024-07-28 14:00:00,575,Kanyakumari,0.5,-10.306666666666668
2024-07-28 15:00:00,575,Kanyakumari,1.0,-10.306666666666668
2024-07-28 19:00:00,575,Kanyakumari,0.5,-10.17
2024-07-28 20:00:00,575,Kanyakumari,5.25,-10.17
2024-07-28 21:00:00,575,Kanyakumari,2.333333333333333,-10.17
2024-07-28 22:00:00,575,Kanyakumari,0.8333333333333334,-10.085
2024-07-28 23:00:00,575,Kanyakumari,0.75,-10.085
2024-07-29 03:00:00,575,Kanyakumari,1.5,-10.085
2024-07-29 04:00:00,575,Kanyakumari,0.5,-10.038333333333334
2024-07-29 05:00:00,575,Kanyakumari,0.5,-10.038333333333334
2024-07-29 08:00:00,575,Kanyakumari,0.5,-10.038333333333334
2024-07-29 09:00:00,575,Kanyakumari,5.0,-10.038333333333334
2024-07-29 10:00:00,575,Kanyakumari,1.5,-10.04
2024-07-29 11:00:00,575,Kanyakumari,0.5,-10.04
2024-07-29 14:00:00,575,Kanyakumari,2.0,-10.04
2024-07-29 15:00:00,575,Kanyakumari,0.5,-10.04
2024-07-29 16:00:00,575,Kanyakumari,0.75,-10.005
2024-07-29 17:00:00,575,Kanyakumari,0.75,-10.005
2024-07-29 18:00:00,575,Kanyakumari,0.5,-10.005
2024-07-29 19:00:00,575,Kanyakumari,0.5,-10.005
2024-07-29 22:00:00,575,Kanyakumari,6.333333333333333,-9.961666666666668
2024-07-29 23:00:00,575,Kanyakumari,6.666666666666667,-9.961666666666668
2024-07-30 00:00:00,575,Kanyakumari,1.8333333333333333,-9.961666666666668
2024-07-30 01:00:00,575,Kanyakumari,0.5,-9.961666666666668
2024-07-30 02:00:00,575,Kanyakumari,0.5,-9.961666666666668
2024-07-30 03:00:00,575,Kanyakumari,3.25,-9.961666666666668
2024-07-30 04:00:00,575,Kanyakumari,0.8333333333333334,-9.906666666666668
2024-07-30 05:00:00,575,Kanyakumari,0.5,-9.906666666666668
2024-07-30 08:00:00,575,Kanyakumari,0.5,-9.906666666666668
2024-07-30 19:00:00,575,Kanyakumari,0.5,-9.963333333333331
2024-07-31 18:00:00,575,Kanyakumari,0.5,-10.083333333333334
2024-08-02 05:00:00,575,Kanyakumari,0.5,-10.028333333333334
2024-08-05 23:00:00,575,Kanyakumari,2.0,-6.663333333333333
2024-08-08 21:00:00,575,Kanyakumari,2.5,-10.238333333333332
2024-08-08 22:00:00,575,Kanyakumari,1.0,-10.256666666666666
2024-08-09 06:00:00,575,Kanyakumari,0.5,-9.7375
2024-08-09 19:00:00,575,Kanyakumari,1.5,-9.71
2024-08-09 20:00:00,575,Kanyakumari,3.0,-9.71
2024-08-09 22:00:00,575,Kanyakumari,3.5,-9.7575
2024-08-09 23:00:00,575,Kanyakumari,0.5,-9.7575
2024-08-10 00:00:00,575,Kanyakumari,0.5,-9.7575
2024-08-10 02:00:00,575,Kanyakumari,0.5,-9.7575
2024-08-10 04:00:00,575,Kanyakumari,0.5,-10.243333333333332
2024-08-10 05:00:00,575,Kanyakumari,0.5,-10.243333333333332
2024-08-10 10:00:00,575,Kanyakumari,0.5,-10.263333333333334
2024-08-10 13:00:00,575,Kanyakumari,2.5,-10.263333333333334
2024-08-10 16:00:00,575,Kanyakumari,26.0,-10.285
2024-08-11 01:00:00,575,Kanyakumari,0.5,-10.291666666666666
2024-08-11 15:00:00,575,Kanyakumari,0.5,-8.27
2024-08-11 16:00:00,575,Kanyakumari,0.5,-8.79
2024-08-11 20:00:00,575,Kanyakumari,1.5,-8.79
2024-08-12 05:00:00,575,Kanyakumari,0.5,-10.3
2024-08-12 08:00:00,575,Kanyakumari,1.5,-10.3
2024-08-12 09:00:00,575,Kanyakumari,1.5,-10.3
2024-08-12 11:00:00,575,Kanyakumari,0.5,-10.791666666666666
2024-08-12 14:00:00,575,Kanyakumari,8.5,-10.791666666666666
2024-08-12 15:00:00,575,Kanyakumari,30.5,-10.791666666666666
2024-08-12 16:00:00,575,Kanyakumari,9.5,-10.348333333333333
2024-08-13 14:00:00,575,Kanyakumari,2.0,-14.026666666666666
2024-08-13 15:00:00,575,Kanyakumari,12.5,-14.026666666666666
2024-08-13 16:00:00,575,Kanyakumari,26.5,-14.096666666666666
2024-08-13 17:00:00,575,Kanyakumari,0.5,-14.096666666666666
2024-08-14 01:00:00,575,Kanyakumari,0.5,-14.036666666666669
2024-08-14 03:00:00,575,Kanyakumari,8.0,-14.036666666666669
2024-08-14 04:00:00,575,Kanyakumari,24.0,-10.15
2024-08-14 15:00:00,575,Kanyakumari,0.5,-10.254
2024-08-15 11:00:00,575,Kanyakumari,1.0,-9.993333333333334
2024-08-15 12:00:00,575,Kanyakumari,1.0,-9.993333333333334
2024-08-15 20:00:00,575,Kanyakumari,3.0,-10.051666666666666
2024-08-16 16:00:00,575,Kanyakumari,3.5,-10.068333333333332
2024-08-16 17:00:00,575,Kanyakumari,5.5,-10.068333333333332
2024-08-16 20:00:00,575,Kanyakumari,0.5,-10.068333333333332
2024-08-16 21:00:00,575,Kanyakumari,0.5,-10.068333333333332
2024-08-16 22:00:00,575,Kanyakumari,2.5,-10.053333333333333
2024-08-17 03:00:00,575,Kanyakumari,0.5,-10.053333333333333
2024-08-18 01:00:00,575,Kanyakumari,1.0,-14.02
2024-08-18 02:00:00,575,Kanyakumari,1.5,-14.02
2024-08-19 15:00:00,575,Kanyakumari,1.5,-2.44
2024-08-20 20:00:00,575,Kanyakumari,0.5,-10.101666666666668
2024-08-20 23:00:00,575,Kanyakumari,0.5,-10.1
2024-08-21 03:00:00,575,Kanyakumari,3.0,-10.1
2024-08-21 04:00:00,575,Kanyakumari,3.25,-10.642
2024-08-21 05:00:00,575,Kanyakumari,3.5,-10.642
2024-08-21 06:00:00,575,Kanyakumari,3.0,-10.642
2024-08-21 07:00:00,575,Kanyakumari,0.5,-10.642
2024-08-21 17:00:00,575,Kanyakumari,1.5,-10.606
2024-08-21 18:00:00,575,Kanyakumari,0.5,-10.606
2024-08-21 19:00:00,575,Kanyakumari,0.5,-10.606
2024-08-21 20:00:00,575,Kanyakumari,0.5,-10.606
2024-08-22 09:00:00,575,Kanyakumari,1.0,-10.045
2024-08-24 06:00:00,575,Kanyakumari,1.0,-11.392
2024-08-27 05:00:00,575,Kanyakumari,4.0,-9.6175
2024-08-29 04:00:00,575,Kanyakumari,0.5,-10.191666666666668
2024-08-29 08:00:00,575,Kanyakumari,0.5,-10.191666666666668
2024-08-29 11:00:00,575,Kanyakumari,0.5,-10.405
2024-08-29 23:00:00,575,Kanyakumari,2.0,-10.14
2024-08-30 05:00:00,575,Kanyakumari,0.5,-10.145
2024-08-30 07:00:00,575,Kanyakumari,2.0,-10.145
2024-08-30 08:00:00,575,Kanyakumari,8.25,-10.145
2024-08-30 09:00:00,575,Kanyakumari,2.75,-10.145
2024-08-30 10:00:00,575,Kanyakumari,1.0,-10.118333333333334
2024-08-30 21:00:00,575,Kanyakumari,0.5,-10.11
2024-08-31 03:00:00,575,Kanyakumari,1.5,-10.115
2024-08-31 04:00:00,575,Kanyakumari,6.75,-10.046666666666669
2024-08-31 05:00:00,575,Kanyakumari,1.5,-10.046666666666669
2024-08-31 06:00:00,575,Kanyakumari,1.0,-10.046666666666669
2024-08-31 08:00:00,575,Kanyakumari,0.5,-10.046666666666669
2024-09-01 11:00:00,575,Kanyakumari,5.0,-10.04
2024-09-01 15:00:00,575,Kanyakumari,5.0,-10.04
2024-09-02 03:00:00,575,Kanyakumari,0.5,-10.021666666666668
2024-09-02 04:00:00,575,Kanyakumari,1.5,-10.026666666666666
2024-09-02 05:00:00,575,Kanyakumari,0.5,-10.026666666666666
2024-09-02 07:00:00,575,Kanyakumari,1.0,-10.026666666666666
2024-09-02 08:00:00,575,Kanyakumari,0.5,-10.026666666666666
2024-09-02 15:00:00,575,Kanyakumari,0.5,-10.11
2024-09-03 01:00:00,575,Kanyakumari,0.5,-10.018333333333333
2024-09-03 10:00:00,575,Kanyakumari,0.5,-10.086666666666666
2024-09-03 11:00:00,575,Kanyakumari,0.5,-10.086666666666666
2024-09-04 04:00:00,575,Kanyakumari,1.0,-10.051666666666668
2024-09-04 18:00:00,575,Kanyakumari,0.5,-10.003333333333334
2024-09-08 18:00:00,575,Kanyakumari,0.5,-10.07
2024-09-09 00:00:00,575,Kanyakumari,0.5,-10.07
2024-09-09 08:00:00,575,Kanyakumari,0.5,-10.061666666666666
2024-09-09 11:00:00,575,Kanyakumari,0.5,-10.108333333333334
2024-09-09 12:00:00,575,Kanyakumari,4.5,-10.108333333333334
2024-09-10 04:00:00,575,Kanyakumari,0.5,-10.046666666666669
2024-09-10 21:00:00,575,Kanyakumari,0.5,-10.033333333333331
2024-09-10 22:00:00,575,Kanyakumari,3.0,-10.061666666666667
2024-09-11 03:00:00,575,Kanyakumari,1.5,-10.061666666666667
2024-09-11 04:00:00,575,Kanyakumari,0.5,-10.063333333333333
2024-09-11 07:00:00,575,Kanyakumari,0.5,-10.063333333333333
2024-09-11 09:00:00,575,Kanyakumari,0.5,-10.063333333333333
2024-09-11 11:00:00,575,Kanyakumari,0.5,-10.09
2024-09-11 12:00:00,575,Kanyakumari,0.5,-10.09
2024-09-11 14:00:00,575,Kanyakumari,0.5,-10.09
2024-09-11 17:00:00,575,Kanyakumari,0.5,-10.086666666666668
2024-09-12 05:00:00,575,Kanyakumari,0.5,-10.098333333333334
2024-09-15 15:00:00,575,Kanyakumari,0.5,-10.136666666666668
2024-09-16 16:00:00,575,Kanyakumari,0.5,-10.153333333333334
2024-09-23 03:00:00,575,Kanyakumari,1.0,-10.221666666666666
2024-09-23 04:00:00,575,Kanyakumari,2.5,-10.206666666666669
2024-09-24 12:00:00,575,Kanyakumari,0.5,-10.293333333333331
2024-09-28 13:00:00,575,Kanyakumari,1.0,-10.376666666666669
2024-09-28 14:00:00,575,Kanyakumari,0.5,-10.376666666666669
2024-09-28 15:00:00,575,Kanyakumari,3.5,-10.376666666666669
2024-09-28 16:00:00,575,Kanyakumari,8.5,-10.173333333333334
2024-09-29 23:00:00,575,Kanyakumari,2.5,-11.656
2024-09-30 00:00:00,575,Kanyakumari,2.5,-11.656
2024-09-30 01:00:00,575,Kanyakumari,2.5,-11.656
2024-09-30 02:00:00,575,Kanyakumari,0.5,-11.656
2024-09-30 13:55:00,575,Kanyakumari,3.0,-10.295
2024-09-30 14:00:00,575,Kanyakumari,6.5,-10.295
2024-09-30 14:05:00,575,Kanyakumari,1.5,-10.295
2024-09-30 14:10:00,575,Kanyakumari,1.5,-10.295
2024-09-30 14:15:00,575,Kanyakumari,2.0,-10.295
2024-09-30 14:20:00,575,Kanyakumari,3.0,-10.295
2024-09-30 14:25:00,575,Kanyakumari,1.75,-10.295
2024-09-30 14:30:00,575,Kanyakumari,1.75,-10.295
2024-09-30 14:35:00,575,Kanyakumari,1.75,-10.295
2024-09-30 14:40:00,575,Kanyakumari,2.0,-10.295
2024-09-30 14:45:00,575,Kanyakumari,2.25,-10.295
2024-09-30 14:50:00,575,Kanyakumari,2.75,-10.295
2024-09-30 14:55:00,575,Kanyakumari,5.5,-10.295
2024-09-30 15:00:00,575,Kanyakumari,6.0,-10.295
2024-09-30 15:05:00,575,Kanyakumari,1.0,-10.263333333333334
2024-09-30 15:10:00,575,Kanyakumari,1.5,-10.263333333333334
2024-09-30 15:15:00,575,Kanyakumari,2.5,-10.263333333333334
2024-09-30 15:20:00,575,Kanyakumari,3.5,-10.263333333333334
2024-09-30 15:25:00,575,Kanyakumari,4.5,-10.263333333333334
2024-09-30 15:30:00,575,Kanyakumari,5.5,-10.263333333333334
2024-09-30 15:35:00,575,Kanyakumari,5.5,-10.263333333333334
2024-09-30 15:40:00,575,Kanyakumari,5.5,-10.263333333333334
2024-09-30 15:45:00,575,Kanyakumari,5.5,-10.263333333333334
2024-09-30 15:50:00,575,Kanyakumari,5.5,-10.263333333333334
2024-09-30 15:55:00,575,Kanyakumari,5.5,-10.263333333333334
2024-09-30 16:00:00,575,Kanyakumari,3.75,-10.263333333333334
2024-10-02 02:00:00,575,Kanyakumari,0.5,-8.178
2024-10-02 02:30:00,575,Kanyakumari,1.0,-8.178
2024-10-02 03:00:00,575,Kanyakumari,3.0,-8.178
2024-10-02 04:00:00,575,Kanyakumari,2.5,-8.187999999999999
2024-10-02 06:00:00,575,Kanyakumari,1.0,-8.187999999999999
2024-10-02 10:00:00,575,Kanyakumari,0.5,-8.102
2024-10-02 11:00:00,575,Kanyakumari,2.833333333333333,-8.102
2024-10-02 12:00:00,575,Kanyakumari,2.5,-8.102
2024-10-02 13:00:00,575,Kanyakumari,2.25,-8.102
2024-10-02 14:00:00,575,Kanyakumari,1.25,-8.102
2024-10-02 15:00:00,575,Kanyakumari,9.5,-8.102
2024-10-02 22:00:00,575,Kanyakumari,0.5,-8.129999999999999
2024-10-03 00:00:00,575,Kanyakumari,0.5,-8.129999999999999
2024-10-03 02:00:00,575,Kanyakumari,1.0,-8.129999999999999
2024-10-03 04:00:00,575,Kanyakumari,1.0,-7.8925
2024-10-03 06:00:00,575,Kanyakumari,9.5,-7.8925
2024-10-04 10:00:00,575,Kanyakumari,1.5,-8.022
2024-10-04 14:00:00,575,Kanyakumari,6.5,-8.022
2024-10-04 21:00:00,575,Kanyakumari,4.5,-7.85
2024-10-05 02:00:00,575,Kanyakumari,0.5,-7.872
2024-10-06 14:00:00,575,Kanyakumari,2.0,-8.016
2024-10-07 03:00:00,575,Kanyakumari,1.5,-7.959999999999999
2024-10-07 09:00:00,575,Kanyakumari,4.0,-7.9
2024-10-07 10:00:00,575,Kanyakumari,1.0,-8.236
2024-10-07 18:55:00,575,Kanyakumari,1.0,-7.841999999999999
2024-10-07 19:00:00,575,Kanyakumari,1.0,-7.841999999999999
2024-10-07 20:00:00,575,Kanyakumari,5.5,-7.841999999999999
2024-10-07 22:00:00,575,Kanyakumari,2.0,-7.644
2024-10-10 02:30:00,575,Kanyakumari,0.5,-7.731999999999999
2024-10-10 02:35:00,575,Kanyakumari,0.5,-7.731999999999999
2024-10-10 02:40:00,575,Kanyakumari,0.5,-7.731999999999999
2024-10-10 02:45:00,575,Kanyakumari,0.5,-7.731999999999999
2024-10-10 02:50:00,575,Kanyakumari,0.5,-7.731999999999999
2024-10-10 02:55:00,575,Kanyakumari,0.5,-7.731999999999999
2024-10-11 15:00:00,575,Kanyakumari,1.5,-9.86
2024-10-11 18:50:00,575,Kanyakumari,0.5,-9.82
2024-10-11 18:55:00,575,Kanyakumari,0.5,-9.82
2024-10-11 19:00:00,575,Kanyakumari,0.5,-9.82
2024-10-11 19:05:00,575,Kanyakumari,1.0,-9.82
2024-10-11 19:10:00,575,Kanyakumari,2.0,-9.82
2024-10-11 19:15:00,575,Kanyakumari,3.0,-9.82
2024-10-11 19:20:00,575,Kanyakumari,5.0,-9.82
2024-10-11 19:25:00,575,Kanyakumari,7.0,-9.82
2024-10-11 19:30:00,575,Kanyakumari,8.5,-9.82
2024-10-11 19:35:00,575,Kanyakumari,10.0,-9.82
2024-10-11 19:40:00,575,Kanyakumari,11.5,-9.82
2024-10-11 19:45:00,575,Kanyakumari,12.5,-9.82
2024-10-11 19:50:00,575,Kanyakumari,13.5,-9.82
2024-10-11 19:55:00,575,Kanyakumari,14.5,-9.82
2024-10-11 20:00:00,575,Kanyakumari,11.75,-9.82
2024-10-11 20:05:00,575,Kanyakumari,0.5,-9.82
2024-10-11 20:10:00,575,Kanyakumari,1.0,-9.82
2024-10-11 20:15:00,575,Kanyakumari,2.0,-9.82
2024-10-11 20:20:00,575,Kanyakumari,2.5,-9.82
2024-10-11 20:25:00,575,Kanyakumari,3.0,-9.82
2024-10-11 20:30:00,575,Kanyakumari,2.0,-9.82
2024-10-11 20:35:00,575,Kanyakumari,4.0,-9.82
2024-10-11 20:40:00,575,Kanyakumari,4.0,-9.82
2024-10-11 20:45:00,575,Kanyakumari,4.5,-9.82
2024-10-11 20:50:00,575,Kanyakumari,4.5,-9.82
2024-10-11 20:55:00,575,Kanyakumari,4.5,-9.82
2024-10-11 21:00:00,575,Kanyakumari,4.166666666666667,-9.82
2024-10-11 22:00:00,575,Kanyakumari,1.0,-9.671666666666669
2024-10-11 23:00:00,575,Kanyakumari,0.5,-9.671666666666669
2024-10-12 01:25:00,575,Kanyakumari,0.5,-9.671666666666669
2024-10-12 01:30:00,575,Kanyakumari,0.5,-9.671666666666669
2024-10-12 01:35:00,575,Kanyakumari,0.5,-9.671666666666669
2024-10-12 01:40:00,575,Kanyakumari,0.5,-9.671666666666669
2024-10-12 01:45:00,575,Kanyakumari,0.5,-9.671666666666669
2024-10-12 01:50:00,575,Kanyakumari,0.5,-9.671666666666669
2024-10-12 01:55:00,575,Kanyakumari,0.5,-9.671666666666669
2024-10-12 02:00:00,575,Kanyakumari,1.5,-9.671666666666669
2024-10-12 02:05:00,575,Kanyakumari,0.5,-9.671666666666669
2024-10-12 02:10:00,575,Kanyakumari,0.5,-9.671666666666669
2024-10-12 02:15:00,575,Kanyakumari,1.0,-9.671666666666669
2024-10-12 02:20:00,575,Kanyakumari,1.0,-9.671666666666669
2024-10-12 02:25:00,575,Kanyakumari,1.5,-9.671666666666669
2024-10-12 02:30:00,575,Kanyakumari,1.5,-9.671666666666669
2024-10-12 02:35:00,575,Kanyakumari,1.5,-9.671666666666669
2024-10-12 02:40:00,575,Kanyakumari,2.0,-9.671666666666669
2024-10-12 02:45:00,575,Kanyakumari,2.0,-9.671666666666669
2024-10-12 02:50:00,575,Kanyakumari,2.0,-9.671666666666669
2024-10-12 02:55:00,575,Kanyakumari,2.5,-9.671666666666669
2024-10-12 03:00:00,575,Kanyakumari,2.75,-9.671666666666669
2024-10-12 03:25:00,575,Kanyakumari,0.5,-9.511666666666668
2024-10-12 03:30:00,575,Kanyakumari,0.5,-9.511666666666668
2024-10-12 03:35:00,575,Kanyakumari,1.0,-9.511666666666668
2024-10-12 03:40:00,575,Kanyakumari,1.0,-9.511666666666668
2024-10-12 03:45:00,575,Kanyakumari,2.0,-9.511666666666668
2024-10-12 03:50:00,575,Kanyakumari,2.5,-9.511666666666668
2024-10-12 03:55:00,575,Kanyakumari,3.0,-9.511666666666668
2024-10-12 04:00:00,575,Kanyakumari,4.5,-9.511666666666668
2024-10-12 04:05:00,575,Kanyakumari,0.5,-9.511666666666668
2024-10-12 04:10:00,575,Kanyakumari,1.0,-9.511666666666668
2024-10-12 04:15:00,575,Kanyakumari,1.0,-9.511666666666668
2024-10-12 04:20:00,575,Kanyakumari,1.0,-9.511666666666668
2024-10-12 04:25:00,575,Kanyakumari,1.0,-9.511666666666668
2024-10-12 04:30:00,575,Kanyakumari,1.0,-9.511666666666668
2024-10-12 04:35:00,575,Kanyakumari,1.0,-9.511666666666668
2024-10-12 04:40:00,575,Kanyakumari,1.0,-9.511666666666668
2024-10-12 04:45:00,575,Kanyakumari,1.0,-9.511666666666668
2024-10-12 04:50:00,575,Kanyakumari,1.0,-9.511666666666668
2024-10-12 04:55:00,575,Kanyakumari,1.0,-9.511666666666668
2024-10-12 05:00:00,575,Kanyakumari,1.5,-9.511666666666668
2024-10-12 06:00:00,575,Kanyakumari,0.5,-9.511666666666668
2024-10-13 16:00:00,575,Kanyakumari,5.0,-9.458333333333334
2024-10-13 17:00:00,575,Kanyakumari,3.0,-9.458333333333334
2024-10-15 13:00:00,575,Kanyakumari,3.75,-9.63
2024-10-15 13:30:00,575,Kanyakumari,3.5,-9.63
2024-10-15 14:00:00,575,Kanyakumari,7.25,-9.63
2024-10-15 16:00:00,575,Kanyakumari,0.5,-9.588333333333331
2024-10-16 11:00:00,575,Kanyakumari,0.5,-9.691666666666668
2024-10-16 15:00:00,575,Kanyakumari,0.5,-9.691666666666668
2024-10-18 05:00:00,575,Kanyakumari,0.5,-9.77
2024-10-18 05:30:00,575,Kanyakumari,1.0,-9.77
2024-10-18 19:00:00,575,Kanyakumari,1.5,-9.793333333333331
2024-10-19 00:30:00,575,Kanyakumari,0.5,-10.26
2024-10-19 01:00:00,575,Kanyakumari,0.5,-10.26
2024-10-19 15:30:00,575,Kanyakumari,0.5,-9.853333333333332
2024-10-19 16:00:00,575,Kanyakumari,1.5,-9.853333333333332
2024-10-19 17:00:00,575,Kanyakumari,0.5,-9.853333333333332
2024-10-20 14:00:00,575,Kanyakumari,2.0,-9.908333333333331
2024-10-20 15:00:00,575,Kanyakumari,2.1666666666666665,-9.908333333333331
2024-10-20 15:30:00,575,Kanyakumari,0.5,-9.823333333333332
2024-10-20 16:00:00,575,Kanyakumari,0.5,-9.823333333333332
2024-10-20 16:30:00,575,Kanyakumari,2.0,-9.823333333333332
2024-10-20 17:00:00,575,Kanyakumari,2.0,-9.823333333333332
2024-10-21 13:00:00,575,Kanyakumari,1.0,-9.888333333333334
2024-10-21 13:30:00,575,Kanyakumari,4.5,-9.888333333333334
2024-10-21 14:00:00,575,Kanyakumari,4.5,-9.888333333333334
2024-10-22 17:00:00,575,Kanyakumari,16.0,-9.945
2024-10-22 17:30:00,575,Kanyakumari,16.5,-9.945
2024-10-22 18:00:00,575,Kanyakumari,19.5,-9.945
2024-10-22 18:30:00,575,Kanyakumari,1.0,-9.945
2024-10-22 19:00:00,575,Kanyakumari,1.5,-9.945
2024-10-23 01:30:00,575,Kanyakumari,0.5,-9.955
2024-10-23 02:00:00,575,Kanyakumari,1.5,-9.955
2024-10-23 13:30:00,575,Kanyakumari,22.0,-9.953333333333331
2024-10-23 14:00:00,575,Kanyakumari,16.5,-9.953333333333331
2024-10-23 14:30:00,575,Kanyakumari,1.0,-9.953333333333331
2024-10-23 15:00:00,575,Kanyakumari,22.83333333333333,-9.953333333333331
2024-10-23 15:30:00,575,Kanyakumari,6.5,-9.686666666666666
2024-10-23 16:00:00,575,Kanyakumari,13.5,-9.686666666666666
2024-10-23 16:30:00,575,Kanyakumari,10.5,-9.686666666666666
2024-10-23 17:00:00,575,Kanyakumari,0.75,-9.686666666666666
2024-10-23 18:00:00,575,Kanyakumari,1.5,-9.686666666666666
2024-10-23 18:30:00,575,Kanyakumari,0.5,-9.686666666666666
2024-10-23 19:00:00,575,Kanyakumari,1.0,-9.686666666666666
2024-10-24 04:00:00,575,Kanyakumari,3.5,-9.748333333333331
2024-10-24 04:30:00,575,Kanyakumari,12.0,-9.748333333333331
2024-10-24 05:00:00,575,Kanyakumari,13.0,-9.748333333333331
2024-10-24 05:30:00,575,Kanyakumari,4.5,-9.748333333333331
2024-10-24 06:00:00,575,Kanyakumari,6.5,-9.748333333333331
2024-10-24 14:00:00,575,Kanyakumari,0.5,-9.77
2024-10-24 16:30:00,575,Kanyakumari,0.5,-9.716666666666669
2024-10-24 17:00:00,575,Kanyakumari,1.0,-9.716666666666669
2024-10-24 18:30:00,575,Kanyakumari,3.0,-9.716666666666669
2024-10-24 19:00:00,575,Kanyakumari,20.5,-9.716666666666669
2024-10-24 19:30:00,575,Kanyakumari,4.5,-9.716666666666669
2024-10-24 20:00:00,575,Kanyakumari,5.833333333333333,-9.716666666666669
2024-10-24 20:30:00,575,Kanyakumari,1.5,-9.716666666666669
2024-10-24 21:00:00,575,Kanyakumari,3.6666666666666665,-9.716666666666669
2024-10-24 21:30:00,575,Kanyakumari,2.0,-9.53
2024-10-24 22:00:00,575,Kanyakumari,2.5,-9.53
2024-10-24 22:30:00,575,Kanyakumari,0.5,-9.53
2024-10-24 23:00:00,575,Kanyakumari,1.0,-9.53
2024-10-24 23:30:00,575,Kanyakumari,0.5,-9.53
2024-10-25 00:00:00,575,Kanyakumari,0.5,-9.53
2024-10-25 00:30:00,575,Kanyakumari,0.5,-9.53
2024-10-25 01:00:00,575,Kanyakumari,0.5,-9.53
2024-10-25 02:30:00,575,Kanyakumari,2.25,-9.53
2024-10-25 03:00:00,575,Kanyakumari,4.666666666666667,-9.53
2024-10-25 03:30:00,575,Kanyakumari,1.25,-9.378333333333332
2024-10-25 04:00:00,575,Kanyakumari,4.25,-9.378333333333332
2024-10-25 04:30:00,575,Kanyakumari,3.0,-9.378333333333332
2024-10-25 05:00:00,575,Kanyakumari,3.5,-9.378333333333332
2024-10-25 05:30:00,575,Kanyakumari,0.5,-9.378333333333332
2024-10-25 06:00:00,575,Kanyakumari,1.5,-9.378333333333332
2024-10-25 06:30:00,575,Kanyakumari,1.75,-9.378333333333332
2024-10-25 07:00:00,575,Kanyakumari,3.0,-9.378333333333332
2024-10-25 07:30:00,575,Kanyakumari,0.5,-9.378333333333332
2024-10-25 08:00:00,575,Kanyakumari,5.25,-9.378333333333332
2024-10-25 08:30:00,575,Kanyakumari,3.5,-9.378333333333332
2024-10-25 09:00:00,575,Kanyakumari,23.33333333333333,-9.378333333333332
2024-10-25 09:30:00,575,Kanyakumari,17.5,-8.883333333333335
2024-10-25 10:00:00,575,Kanyakumari,17.666666666666668,-8.883333333333335
2024-10-25 10:30:00,575,Kanyakumari,46.5,-8.883333333333335
2024-10-25 11:00:00,575,Kanyakumari,192.8333333333333,-8.883333333333335
2024-10-25 11:30:00,575,Kanyakumari,601.25,-8.883333333333335
2024-10-25 12:00:00,575,Kanyakumari,407.6666666666667,-8.883333333333335
2024-10-25 12:30:00,575,Kanyakumari,3.0,-8.883333333333335
2024-10-25 13:00:00,575,Kanyakumari,6.25,-8.883333333333335
2024-10-25 13:30:00,575,Kanyakumari,2.0,-8.883333333333335
2024-10-25 14:00:00,575,Kanyakumari,2.5,-8.883333333333335
2024-10-25 15:00:00,575,Kanyakumari,0.75,-8.883333333333335
2024-10-25 20:00:00,575,Kanyakumari,0.5,-8.533333333333333
2024-10-25 21:00:00,575,Kanyakumari,0.5,-8.533333333333333
2024-10-25 22:00:00,575,Kanyakumari,0.5,-8.593333333333334
2024-10-25 23:00:00,575,Kanyakumari,2.0,-8.593333333333334
2024-10-26 04:30:00,575,Kanyakumari,1.5,-8.639999999999999
2024-10-26 05:00:00,575,Kanyakumari,1.25,-8.639999999999999
2024-10-26 05:30:00,575,Kanyakumari,0.5,-8.639999999999999
2024-10-26 06:00:00,575,Kanyakumari,0.5,-8.639999999999999
2024-10-26 07:30:00,575,Kanyakumari,0.5,-8.639999999999999
2024-10-26 08:00:00,575,Kanyakumari,0.5,-8.639999999999999
2024-10-26 08:30:00,575,Kanyakumari,0.5,-8.639999999999999
2024-10-26 09:00:00,575,Kanyakumari,0.5,-8.639999999999999
2024-10-26 09:30:00,575,Kanyakumari,0.5,-8.695
2024-10-26 10:00:00,575,Kanyakumari,0.5,-8.695
2024-10-26 10:30:00,575,Kanyakumari,1.0,-8.695
2024-10-26 11:00:00,575,Kanyakumari,2.75,-8.695
2024-10-26 12:00:00,575,Kanyakumari,2.5,-8.695
2024-10-26 12:30:00,575,Kanyakumari,3.0,-8.695
2024-10-26 13:00:00,575,Kanyakumari,3.0,-8.695
2024-10-26 13:30:00,575,Kanyakumari,1.0,-8.695
2024-10-26 14:00:00,575,Kanyakumari,1.5,-8.695
2024-10-26 15:00:00,575,Kanyakumari,1.0,-8.695
2024-10-26 15:30:00,575,Kanyakumari,0.5,-8.67
2024-10-26 16:00:00,575,Kanyakumari,4.5,-8.67
2024-10-26 16:30:00,575,Kanyakumari,0.5,-8.67
2024-10-26 17:00:00,575,Kanyakumari,1.25,-8.67
2024-10-26 22:30:00,575,Kanyakumari,5.0,-8.685
2024-10-26 23:00:00,575,Kanyakumari,8.0,-8.685
2024-10-27 05:00:00,575,Kanyakumari,0.5,-8.438333333333334
2024-10-27 10:00:00,575,Kanyakumari,0.5,-8.461666666666666
2024-10-27 19:00:00,575,Kanyakumari,1.0,-8.575000000000001
2024-10-27 19:30:00,575,Kanyakumari,7.0,-8.575000000000001
2024-10-27 20:00:00,575,Kanyakumari,14.5,-8.575000000000001
2024-10-27 21:30:00,575,Kanyakumari,150.0,-8.638333333333334
2024-10-27 22:00:00,575,Kanyakumari,210.5,-8.638333333333334
2024-10-31 11:30:00,575,Kanyakumari,3.5,-10.405
2024-10-31 12:00:00,575,Kanyakumari,10.0,-10.405
2024-10-31 12:30:00,575,Kanyakumari,0.75,-10.405
2024-10-31 13:00:00,575,Kanyakumari,11.166666666666666,-10.405
2024-10-31 14:00:00,575,Kanyakumari,11.5,-10.405
2024-10-31 14:30:00,575,Kanyakumari,8.0,-10.405
2024-10-31 15:00:00,575,Kanyakumari,10.0,-10.405
2024-11-01 13:00:00,575,Kanyakumari,4.0,-9.061666666666667
2024-11-01 13:30:00,575,Kanyakumari,2.5,-9.061666666666667
2024-11-01 14:00:00,575,Kanyakumari,2.5,-9.061666666666667
2024-11-02 12:00:00,575,Kanyakumari,0.5,-9.063333333333334
2024-11-02 12:30:00,575,Kanyakumari,13.0,-9.063333333333334
2024-11-02 13:00:00,575,Kanyakumari,20.5,-9.063333333333334
2024-11-02 13:30:00,575,Kanyakumari,12.0,-9.063333333333334
2024-11-02 14:00:00,575,Kanyakumari,12.0,-9.063333333333334
2024-11-02 14:30:00,575,Kanyakumari,12.75,-9.063333333333334
2024-11-02 15:00:00,575,Kanyakumari,26.33333333333333,-9.063333333333334
2024-11-02 15:30:00,575,Kanyakumari,8.0,-8.578333333333333
2024-11-02 16:00:00,575,Kanyakumari,15.0,-8.578333333333333
2024-11-02 17:00:00,575,Kanyakumari,3.25,-8.578333333333333
2024-11-02 17:30:00,575,Kanyakumari,0.5,-8.578333333333333
2024-11-02 18:00:00,575,Kanyakumari,3.0,-8.578333333333333
2024-11-02 22:00:00,575,Kanyakumari,0.5,-8.521666666666667
2024-11-03 15:00:00,575,Kanyakumari,0.5,-8.606666666666667
2024-11-04 10:00:00,575,Kanyakumari,1.0,-8.511666666666667
2024-11-04 10:30:00,575,Kanyakumari,9.0,-8.511666666666667
2024-11-04 11:00:00,575,Kanyakumari,9.0,-8.511666666666667
2024-11-04 13:00:00,575,Kanyakumari,7.5,-8.511666666666667
2024-11-04 15:00:00,575,Kanyakumari,1.5,-8.511666666666667
2024-11-04 16:00:00,575,Kanyakumari,9.75,-8.39
2024-11-04 17:00:00,575,Kanyakumari,4.0,-8.39
2024-11-04 19:05:00,575,Kanyakumari,1.5,-8.39
2024-11-04 19:30:00,575,Kanyakumari,1.5,-8.39
2024-11-04 20:00:00,575,Kanyakumari,1.5,-8.39
2024-11-05 14:00:00,575,Kanyakumari,6.5,-8.443333333333333
2024-11-05 15:00:00,575,Kanyakumari,0.5,-8.443333333333333
2024-11-05 15:30:00,575,Kanyakumari,3.5,-8.450000000000001
2024-11-05 16:00:00,575,Kanyakumari,4.0,-8.450000000000001
2024-11-05 17:00:00,575,Kanyakumari,11.0,-8.450000000000001
2024-11-05 17:30:00,575,Kanyakumari,1.5,-8.450000000000001
2024-11-05 18:00:00,575,Kanyakumari,3.0,-8.450000000000001
2024-11-05 18:30:00,575,Kanyakumari,0.5,-8.450000000000001
2024-11-05 19:00:00,575,Kanyakumari,0.5,-8.450000000000001
2024-11-06 15:00:00,575,Kanyakumari,4.5,-8.465
2024-11-06 16:00:00,575,Kanyakumari,0.5,-8.428333333333333
2024-11-06 17:00:00,575,Kanyakumari,1.5,-8.428333333333333
2024-11-07 12:00:00,575,Kanyakumari,0.5,-8.538333333333332
2024-11-07 16:00:00,575,Kanyakumari,4.5,-8.481666666666667
2024-11-07 17:00:00,575,Kanyakumari,0.5,-8.481666666666667
2024-11-08 11:30:00,575,Kanyakumari,2.0,-8.506666666666666
2024-11-08 12:00:00,575,Kanyakumari,1.75,-8.506666666666666
2024-11-08 12:30:00,575,Kanyakumari,13.5,-8.506666666666666
2024-11-08 13:00:00,575,Kanyakumari,15.5,-8.506666666666666
2024-11-08 14:00:00,575,Kanyakumari,1.0,-8.506666666666666
2024-11-08 15:00:00,575,Kanyakumari,8.0,-8.506666666666666
2024-11-08 16:00:00,575,Kanyakumari,0.5,-8.431666666666667
2024-11-12 13:30:00,575,Kanyakumari,15.5,-8.728333333333333
2024-11-12 14:00:00,575,Kanyakumari,34.0,-8.728333333333333
2024-11-12 14:30:00,575,Kanyakumari,10.5,-8.728333333333333
2024-11-12 15:00:00,575,Kanyakumari,14.25,-8.728333333333333
2024-11-12 15:30:00,575,Kanyakumari,2.5,-8.691666666666666
2024-11-12 16:00:00,575,Kanyakumari,2.0,-8.691666666666666
2024-11-12 17:00:00,575,Kanyakumari,2.5,-8.691666666666666
2024-11-12 18:00:00,575,Kanyakumari,3.5,-8.691666666666666
2024-11-13 18:00:00,575,Kanyakumari,2.5,-8.773333333333333
2024-11-13 18:30:00,575,Kanyakumari,4.0,-8.773333333333333
2024-11-13 19:00:00,575,Kanyakumari,7.0,-8.773333333333333
2024-11-13 20:00:00,575,Kanyakumari,0.5,-8.773333333333333
2024-11-14 14:00:00,575,Kanyakumari,2.0,-8.83
2024-11-14 14:30:00,575,Kanyakumari,1.5,-8.83
2024-11-14 15:00:00,575,Kanyakumari,4.166666666666667,-8.83
2024-11-14 16:00:00,575,Kanyakumari,1.5,-8.718333333333334
2024-11-14 23:30:00,575,Kanyakumari,0.5,-8.706666666666665
2024-11-15 00:00:00,575,Kanyakumari,0.5,-8.706666666666665
2024-11-15 00:30:00,575,Kanyakumari,0.5,-8.706666666666665
2024-11-15 01:00:00,575,Kanyakumari,0.5,-8.706666666666665
2024-11-15 02:00:00,575,Kanyakumari,0.5,-8.706666666666665
2024-11-15 05:30:00,575,Kanyakumari,0.5,-8.7
2024-11-15 06:00:00,575,Kanyakumari,1.0,-8.7
2024-11-15 06:30:00,575,Kanyakumari,1.25,-8.7
2024-11-15 07:00:00,575,Kanyakumari,1.625,-8.7
2024-11-15 07:30:00,575,Kanyakumari,0.75,-8.7
2024-11-15 08:00:00,575,Kanyakumari,1.25,-8.7
2024-11-15 08:30:00,575,Kanyakumari,0.5,-8.7
2024-11-15 09:00:00,575,Kanyakumari,1.5,-8.7
2024-11-15 09:30:00,575,Kanyakumari,0.5,-8.678333333333333
2024-11-15 10:00:00,575,Kanyakumari,1.3333333333333333,-8.678333333333333
2024-11-15 11:00:00,575,Kanyakumari,0.5,-8.678333333333333
2024-11-15 20:00:00,575,Kanyakumari,1.0,-8.67
2024-11-15 20:30:00,575,Kanyakumari,0.5,-8.67
2024-11-15 21:00:00,575,Kanyakumari,7.666666666666667,-8.67
2024-11-15 22:00:00,575,Kanyakumari,0.5,-8.693333333333333
2024-11-16 12:00:00,575,Kanyakumari,4.5,-8.709999999999999
2024-11-16 12:30:00,575,Kanyakumari,1.5,-8.709999999999999
2024-11-16 13:00:00,575,Kanyakumari,1.5,-8.709999999999999
2024-11-17 00:00:00,575,Kanyakumari,0.5,-8.703333333333333
2024-11-17 03:00:00,575,Kanyakumari,0.5,-8.703333333333333
2024-11-17 04:00:00,575,Kanyakumari,2.0,-8.705
2024-11-17 08:00:00,575,Kanyakumari,0.5,-8.705
2024-11-17 12:00:00,575,Kanyakumari,0.5,-8.75
2024-11-19 07:30:00,575,Kanyakumari,0.5,-8.815
2024-11-19 08:00:00,575,Kanyakumari,2.0,-8.815
2024-11-19 08:30:00,575,Kanyakumari,0.5,-8.815
2024-11-19 09:00:00,575,Kanyakumari,1.125,-8.815
2024-11-19 10:00:00,575,Kanyakumari,0.5,-8.841666666666667
2024-11-20 00:30:00,575,Kanyakumari,2.0,-8.83
2024-11-20 01:00:00,575,Kanyakumari,3.5,-8.83
2024-11-20 01:30:00,575,Kanyakumari,6.5,-8.83
2024-11-20 02:00:00,575,Kanyakumari,9.125,-8.83
2024-11-20 02:30:00,575,Kanyakumari,2.0,-8.83
2024-11-20 03:00:00,575,Kanyakumari,7.833333333333333,-8.83
2024-11-20 03:30:00,575,Kanyakumari,3.0,-10.014
2024-11-20 04:00:00,575,Kanyakumari,3.375,-10.014
2024-11-20 04:30:00,575,Kanyakumari,2.25,-10.014
2024-11-20 05:00:00,575,Kanyakumari,5.333333333333333,-10.014
2024-11-20 05:30:00,575,Kanyakumari,2.5,-10.014
2024-11-20 06:00:00,575,Kanyakumari,3.625,-10.014
2024-11-20 06:30:00,575,Kanyakumari,1.0,-10.014
2024-11-20 07:00:00,575,Kanyakumari,1.8333333333333333,-10.014
2024-11-20 07:30:00,575,Kanyakumari,0.5,-10.014
2024-11-20 08:00:00,575,Kanyakumari,0.6666666666666666,-10.014
2024-11-20 08:30:00,575,Kanyakumari,0.5,-10.014
2024-11-20 09:00:00,575,Kanyakumari,0.5,-10.014
2024-11-20 09:30:00,575,Kanyakumari,0.5,-9.716
2024-11-20 10:00:00,575,Kanyakumari,0.5,-9.716
2024-11-21 08:00:00,575,Kanyakumari,0.5,-9.928
2024-11-21 08:30:00,575,Kanyakumari,1.0,-9.928
2024-11-21 09:00:00,575,Kanyakumari,1.625,-9.928
2024-11-21 09:30:00,575,Kanyakumari,1.0,-9.958
2024-11-21 10:00:00,575,Kanyakumari,1.375,-9.958
2024-11-21 13:30:00,575,Kanyakumari,0.5,-9.958
2024-11-21 14:00:00,575,Kanyakumari,0.5,-9.958
2024-11-26 04:00:00,575,Kanyakumari,0.5,-8.898333333333333
2024-11-26 05:00:00,575,Kanyakumari,0.5,-8.898333333333333
2024-11-26 06:00:00,575,Kanyakumari,1.0,-8.898333333333333
2024-11-26 07:00:00,575,Kanyakumari,1.5,-8.898333333333333
2024-11-26 08:00:00,575,Kanyakumari,0.5,-8.898333333333333
2024-11-26 09:00:00,575,Kanyakumari,0.5,-8.898333333333333
2024-11-26 10:00:00,575,Kanyakumari,0.5,-8.943333333333333
2024-11-26 11:30:00,575,Kanyakumari,0.5,-8.943333333333333
2024-11-26 12:00:00,575,Kanyakumari,0.5,-8.943333333333333
2024-11-26 13:00:00,575,Kanyakumari,0.5,-8.943333333333333
2024-11-26 14:00:00,575,Kanyakumari,0.5,-8.943333333333333
2024-11-26 15:00:00,575,Kanyakumari,0.5,-8.943333333333333
2024-11-26 18:00:00,575,Kanyakumari,0.5,-8.908333333333333
2024-11-26 19:00:00,575,Kanyakumari,1.0,-8.908333333333333
2024-11-26 19:30:00,575,Kanyakumari,0.5,-8.908333333333333
2024-11-26 20:00:00,575,Kanyakumari,0.8333333333333334,-8.908333333333333
2024-11-26 21:00:00,575,Kanyakumari,0.5,-8.908333333333333
2024-11-26 22:00:00,575,Kanyakumari,0.5,-8.94
2024-11-26 23:00:00,575,Kanyakumari,0.5,-8.94
2024-11-26 23:30:00,575,Kanyakumari,0.5,-8.94
2024-11-27 00:00:00,575,Kanyakumari,1.3333333333333333,-8.94
2024-11-27 01:00:00,575,Kanyakumari,1.0,-8.94
2024-11-27 02:00:00,575,Kanyakumari,0.625,-8.94
2024-11-27 03:00:00,575,Kanyakumari,0.5,-8.94
2024-11-27 03:30:00,575,Kanyakumari,1.0,-8.945
2024-11-27 04:00:00,575,Kanyakumari,0.8333333333333334,-8.945
2024-11-27 05:00:00,575,Kanyakumari,0.75,-8.945
2024-11-27 06:00:00,575,Kanyakumari,0.5,-8.945
2024-11-27 08:00:00,575,Kanyakumari,0.5,-8.945
2024-11-27 09:00:00,575,Kanyakumari,0.75,-8.945
2024-11-27 10:00:00,575,Kanyakumari,0.5,-8.995000000000001
2024-11-27 13:00:00,575,Kanyakumari,0.5,-8.995000000000001
2024-11-27 14:00:00,575,Kanyakumari,1.0,-8.995000000000001
2024-11-28 18:00:00,575,Kanyakumari,0.5,-9.038333333333332
2024-11-29 17:00:00,575,Kanyakumari,1.0,-7.612
2024-11-29 17:30:00,575,Kanyakumari,4.0,-7.612
2024-11-29 18:00:00,575,Kanyakumari,4.0,-7.612
2024-12-01 13:00:00,575,Kanyakumari,4.0,-4.6975
2024-12-01 14:00:00,575,Kanyakumari,0.5,-4.6975
2024-12-02 15:00:00,575,Kanyakumari,0.75,-9.742
2024-12-07 16:30:00,575,Kanyakumari,12.5,-7.324
2024-12-07 17:00:00,575,Kanyakumari,12.5,-7.324
2024-12-09 19:00:00,575,Kanyakumari,0.5,-7.3
2024-12-12 10:00:00,575,Kanyakumari,0.75,-9.513333333333334
2024-12-12 10:30:00,575,Kanyakumari,0.5,-9.513333333333334
2024-12-12 11:00:00,575,Kanyakumari,2.0,-9.513333333333334
2024-12-12 12:00:00,575,Kanyakumari,2.25,-9.513333333333334
2024-12-12 13:00:00,575,Kanyakumari,0.5,-9.513333333333334
2024-12-12 15:00:00,575,Kanyakumari,0.5,-9.513333333333334
2024-12-12 20:00:00,575,Kanyakumari,0.5,-9.496666666666666
2024-12-12 20:30:00,575,Kanyakumari,1.5,-9.496666666666666
2024-12-12 21:00:00,575,Kanyakumari,1.0,-9.496666666666666
2024-12-12 21:30:00,575,Kanyakumari,0.75,-9.515
2024-12-12 22:00:00,575,Kanyakumari,0.625,-9.515
2024-12-12 23:00:00,575,Kanyakumari,1.0,-9.515
2024-12-12 23:30:00,575,Kanyakumari,0.75,-9.515
2024-12-13 00:00:00,575,Kanyakumari,1.3333333333333333,-9.515
2024-12-13 00:30:00,575,Kanyakumari,0.5,-9.515
2024-12-13 01:00:00,575,Kanyakumari,0.5,-9.515
2024-12-13 09:00:00,575,Kanyakumari,0.5,-9.518333333333333
2024-12-13 14:00:00,575,Kanyakumari,2.25,-9.54
2024-12-13 14:30:00,575,Kanyakumari,2.5,-9.54
2024-12-13 15:00:00,575,Kanyakumari,2.5,-9.54
2024-12-13 15:30:00,575,Kanyakumari,0.5,-6.05
2024-12-13 16:00:00,575,Kanyakumari,0.5,-6.05
2024-12-14 09:00:00,575,Kanyakumari,1.5,-9.546666666666669
2024-12-14 09:30:00,575,Kanyakumari,1.0,-9.575
2024-12-14 10:00:00,575,Kanyakumari,1.25,-9.575
2024-12-14 10:30:00,575,Kanyakumari,1.5,-9.575
2024-12-14 11:00:00,575,Kanyakumari,2.0,-9.575
2024-12-14 11:30:00,575,Kanyakumari,0.5,-9.575
2024-12-14 12:00:00,575,Kanyakumari,0.5,-9.575
2024-12-14 12:30:00,575,Kanyakumari,0.5,-9.575
2024-12-14 13:00:00,575,Kanyakumari,0.6666666666666666,-9.575
2024-12-17 16:00:00,575,Kanyakumari,6.5,-9.636666666666668
2024-12-17 17:00:00,575,Kanyakumari,2.5,-9.636666666666668
2024-12-17 18:00:00,575,Kanyakumari,0.5,-9.636666666666668
2024-12-17 19:00:00,575,Kanyakumari,1.5,-9.636666666666668
2024-12-17 20:00:00,575,Kanyakumari,0.6666666666666666,-9.636666666666668
2024-12-17 22:00:00,575,Kanyakumari,1.0,-9.615
2024-12-17 23:00:00,575,Kanyakumari,5.5,-9.615
2024-12-18 00:00:00,575,Kanyakumari,0.5,-9.615
2024-12-18 09:00:00,575,Kanyakumari,0.5,-10.812
2024-12-18 16:00:00,575,Kanyakumari,20.5,-10.806
2024-12-18 17:00:00,575,Kanyakumari,0.5,-10.806
2024-12-18 18:00:00,575,Kanyakumari,1.6666666666666667,-10.806
2024-12-19 21:00:00,575,Kanyakumari,4.0,-9.66
2024-12-30 06:00:00,575,Kanyakumari,1.5,-9.895
2024-12-30 17:30:00,575,Kanyakumari,5.5,-10.07
2024-12-30 18:00:00,575,Kanyakumari,2.25,-10.07
2024-12-30 19:00:00,575,Kanyakumari,1.25,-10.07
2024-12-30 22:30:00,575,Kanyakumari,0.5,-9.913333333333334
2024-12-30 23:00:00,575,Kanyakumari,0.5,-9.913333333333334
2024-12-31 02:00:00,575,Kanyakumari,0.5,-9.913333333333334
2024-12-31 06:00:00,575,Kanyakumari,0.5,-9.906666666666666
2024-12-31 06:30:00,575,Kanyakumari,0.5,-9.906666666666666
2024-12-31 07:00:00,575,Kanyakumari,0.5,-9.906666666666666
2024-12-31 11:00:00,575,Kanyakumari,1.5,-9.948333333333334
2024-12-31 11:30:00,575,Kanyakumari,1.0,-9.948333333333334
2024-12-31 12:00:00,575,Kanyakumari,1.25,-9.948333333333334
2024-12-31 15:00:00,575,Kanyakumari,0.5,-9.948333333333334
2025-01-11 17:00:00,575,Kanyakumari,2.0,-10.151666666666666
2025-01-11 18:00:00,575,Kanyakumari,3.5,-10.151666666666666
2025-01-14 19:00:00,575,Kanyakumari,0.5,-10.235
2025-01-14 20:00:00,575,Kanyakumari,0.5,-10.235
2025-01-14 21:00:00,575,Kanyakumari,0.5,-10.235
2025-01-14 22:00:00,575,Kanyakumari,0.5,-10.215
2025-01-14 23:00:00,575,Kanyakumari,0.5,-10.215
2025-01-15 00:00:00,575,Kanyakumari,0.5,-10.215
2025-01-19 15:00:00,575,Kanyakumari,0.5,-8.272
2025-01-19 17:00:00,575,Kanyakumari,0.5,-8.26
2025-01-31 18:00:00,575,Kanyakumari,0.5,-8.494
2025-02-28 11:00:00,575,Kanyakumari,1.0,-8.832
2025-02-28 11:10:00,575,Kanyakumari,1.0,-8.832
2025-02-28 11:15:00,575,Kanyakumari,1.0,-8.832
2025-02-28 13:40:00,575,Kanyakumari,2.0,-8.832
2025-02-28 13:45:00,575,Kanyakumari,2.0,-8.832
2025-02-28 15:15:00,575,Kanyakumari,1.5,-8.85
2025-02-28 15:20:00,575,Kanyakumari,1.5,-8.85
2025-02-28 15:25:00,575,Kanyakumari,1.5,-8.85
2025-02-28 15:30:00,575,Kanyakumari,1.5,-8.85
2025-02-28 15:35:00,575,Kanyakumari,1.5,-8.85
2025-02-28 15:40:00,575,Kanyakumari,1.5,-8.85
2025-02-28 16:00:00,575,Kanyakumari,1.5,-8.85
2025-02-28 17:00:00,575,Kanyakumari,1.5,-8.85
2025-02-28 18:00:00,575,Kanyakumari,5.375,-8.85
2025-02-28 19:00:00,575,Kanyakumari,2.5,-8.85
2025-02-28 20:00:00,575,Kanyakumari,0.5,-8.85
2025-03-01 03:00:00,575,Kanyakumari,1.5,-8.809999999999999
2025-03-01 06:00:00,575,Kanyakumari,0.5,-10.788333333333334
2025-03-02 00:00:00,575,Kanyakumari,3.0,-10.696666666666664
2025-03-02 01:00:00,575,Kanyakumari,7.5,-10.696666666666664
2025-03-02 02:00:00,575,Kanyakumari,0.5,-10.696666666666664
2025-03-02 03:00:00,575,Kanyakumari,0.5,-10.696666666666664
2025-03-02 05:00:00,575,Kanyakumari,0.5,-10.721666666666666
2025-03-02 06:00:00,575,Kanyakumari,1.0,-10.721666666666666
2025-03-02 07:00:00,575,Kanyakumari,5.0,-10.721666666666666
2025-03-02 08:00:00,575,Kanyakumari,0.5,-10.721666666666666
2025-03-02 10:00:00,575,Kanyakumari,0.6666666666666666,-10.784999999999998
2025-03-02 11:00:00,575,Kanyakumari,11.25,-10.784999999999998
2025-03-02 12:00:00,575,Kanyakumari,5.0,-10.784999999999998
2025-03-02 13:00:00,575,Kanyakumari,6.0,-10.784999999999998
2025-03-02 14:00:00,575,Kanyakumari,2.0,-10.784999999999998
2025-03-02 15:00:00,575,Kanyakumari,2.833333333333333,-10.784999999999998
2025-03-02 16:00:00,575,Kanyakumari,2.0,-10.778333333333334
2025-03-02 17:00:00,575,Kanyakumari,3.1666666666666665,-10.778333333333334
2025-03-02 18:00:00,575,Kanyakumari,2.5,-10.778333333333334
2025-03-02 20:00:00,575,Kanyakumari,0.5,-10.778333333333334
2025-03-02 21:00:00,575,Kanyakumari,0.5,-10.778333333333334
2025-03-03 01:00:00,575,Kanyakumari,0.5,-10.605
2025-03-11 09:00:00,575,Kanyakumari,1.1666666666666667,-8.742
2025-03-11 10:00:00,575,Kanyakumari,0.8333333333333334,-8.786
2025-03-11 13:00:00,575,Kanyakumari,1.7,-8.786
2025-03-11 14:00:00,575,Kanyakumari,1.2,-8.786
2025-03-11 15:00:00,575,Kanyakumari,0.5,-8.786
2025-03-11 17:00:00,575,Kanyakumari,0.5,-10.805
2025-03-11 20:00:00,575,Kanyakumari,0.5,-10.805
2025-03-11 21:00:00,575,Kanyakumari,0.5,-10.805
2025-03-11 22:00:00,575,Kanyakumari,0.5,-10.815
2025-03-11 23:00:00,575,Kanyakumari,1.5,-10.815
2025-03-12 00:00:00,575,Kanyakumari,1.0,-10.815
2025-03-12 08:00:00,575,Kanyakumari,0.5,-10.798333333333332
2025-03-12 09:00:00,575,Kanyakumari,0.8333333333333334,-10.798333333333332
2025-03-12 10:00:00,575,Kanyakumari,1.875,-10.826666666666666
2025-03-12 11:00:00,575,Kanyakumari,0.75,-10.826666666666666
2025-03-12 18:00:00,575,Kanyakumari,0.5,-10.813333333333333
2025-03-12 19:00:00,575,Kanyakumari,5.5,-10.813333333333333
2025-03-15 18:00:00,575,Kanyakumari,0.5,-10.921666666666669
2025-03-16 09:00:00,575,Kanyakumari,1.25,-10.913333333333334
2025-03-16 10:00:00,575,Kanyakumari,1.0,-11.146666666666668
2025-03-16 11:00:00,575,Kanyakumari,1.5,-11.146666666666668
2025-03-16 12:00:00,575,Kanyakumari,0.5,-11.146666666666668
2025-03-17 16:00:00,575,Kanyakumari,3.0,-10.925
2025-03-19 16:05:00,575,Kanyakumari,0.5,-10.935
2025-03-19 16:10:00,575,Kanyakumari,0.5,-10.935
2025-03-19 16:15:00,575,Kanyakumari,0.5,-10.935
2025-03-19 16:20:00,575,Kanyakumari,0.5,-10.935
2025-03-19 16:25:00,575,Kanyakumari,0.5,-10.935
2025-03-19 16:35:00,575,Kanyakumari,0.5,-10.935
2025-03-19 16:40:00,575,Kanyakumari,0.5,-10.935
2025-03-19 16:45:00,575,Kanyakumari,0.5,-10.935
2025-03-19 16:50:00,575,Kanyakumari,0.5,-10.935
2025-03-19 16:55:00,575,Kanyakumari,0.5,-10.935
2025-03-19 17:00:00,575,Kanyakumari,2.0,-10.935
2025-03-19 21:00:00,575,Kanyakumari,0.5,-10.935
2025-03-21 16:00:00,575,Kanyakumari,8.0,-10.961666666666666
2025-03-22 05:00:00,575,Kanyakumari,5.0,-11.0
2025-03-22 06:00:00,575,Kanyakumari,2.0,-11.0
2025-03-22 07:00:00,575,Kanyakumari,1.0,-11.0
2025-03-22 11:00:00,575,Kanyakumari,1.0,-10.981666666666667
2025-03-23 07:00:00,575,Kanyakumari,0.5,-10.876666666666669
2025-03-23 16:00:00,575,Kanyakumari,0.5,-11.303333333333336
2025-03-26 15:00:00,575,Kanyakumari,14.0,-10.976666666666668
2025-03-26 16:00:00,575,Kanyakumari,1.0,-10.95
2025-03-27 15:00:00,575,Kanyakumari,1.0,-10.976666666666668
2025-03-27 16:00:00,575,Kanyakumari,0.5,-10.92
2025-04-01 17:00:00,575,Kanyakumari,0.5,-11.5425
2025-04-03 01:00:00,575,Kanyakumari,0.5,-11.111666666666666
2025-04-03 14:00:00,575,Kanyakumari,3.5,-9.624
2025-04-03 15:00:00,575,Kanyakumari,7.5,-9.624
2025-04-03 16:00:00,575,Kanyakumari,0.5,-9.57
2025-04-03 20:00:00,575,Kanyakumari,3.5,-9.57
2025-04-04 13:00:00,575,Kanyakumari,2.0,-11.12
2025-04-04 15:00:00,575,Kanyakumari,2.5,-11.12
2025-04-04 16:00:00,575,Kanyakumari,0.5,-11.095
2025-04-04 17:00:00,575,Kanyakumari,2.0,-11.095
2025-04-04 18:00:00,575,Kanyakumari,10.25,-11.095
2025-04-04 19:00:00,575,Kanyakumari,4.25,-11.095
2025-04-04 20:00:00,575,Kanyakumari,3.25,-11.095
2025-04-04 21:00:00,575,Kanyakumari,1.5,-11.095
2025-04-05 14:00:00,575,Kanyakumari,20.0,-10.93
2025-04-05 15:00:00,575,Kanyakumari,20.25,-10.93
2025-04-05 16:00:00,575,Kanyakumari,5.0,-10.534999999999998
2025-04-05 17:00:00,575,Kanyakumari,12.0,-10.534999999999998
2025-04-05 18:00:00,575,Kanyakumari,0.5,-10.534999999999998
2025-04-06 16:00:00,575,Kanyakumari,0.75,-10.771666666666668
2025-04-06 17:00:00,575,Kanyakumari,78.0,-10.771666666666668
2025-04-07 16:00:00,575,Kanyakumari,30.0,-10.791666666666666
2025-04-07 17:00:00,575,Kanyakumari,9.0,-10.791666666666666
2025-04-09 16:00:00,575,Kanyakumari,10.75,-11.1925
2025-04-09 17:00:00,575,Kanyakumari,7.0,-11.1925
2025-04-09 19:00:00,575,Kanyakumari,0.5,-11.1925
2025-04-10 15:00:00,575,Kanyakumari,0.5,-11.96
2025-04-11 18:00:00,575,Kanyakumari,5.75,-10.82
2025-04-11 19:00:00,575,Kanyakumari,1.0,-10.82
2025-04-11 20:00:00,575,Kanyakumari,0.5,-10.82
2025-04-12 02:00:00,575,Kanyakumari,0.5,-10.821666666666664
2025-04-12 03:00:00,575,Kanyakumari,2.75,-10.821666666666664
2025-04-12 04:00:00,575,Kanyakumari,1.5,-10.818333333333332
2025-04-12 05:00:00,575,Kanyakumari,0.5,-10.818333333333332
2025-04-13 15:00:00,575,Kanyakumari,8.5,-10.855
2025-04-13 16:00:00,575,Kanyakumari,31.0,-10.78
2025-04-13 17:00:00,575,Kanyakumari,13.5,-10.78
2025-04-13 18:00:00,575,Kanyakumari,3.75,-10.78
2025-04-14 15:00:00,575,Kanyakumari,9.5,-10.848333333333334
2025-04-14 16:00:00,575,Kanyakumari,0.5,-10.838333333333331
2025-04-14 17:00:00,575,Kanyakumari,5.0,-10.838333333333331
2025-04-14 18:00:00,575,Kanyakumari,18.5,-10.838333333333331
2025-04-14 19:00:00,575,Kanyakumari,2.0,-10.838333333333331
2025-04-15 17:00:00,575,Kanyakumari,0.75,-10.816666666666668
2025-04-17 15:00:00,575,Kanyakumari,2.0,-10.958333333333334
2025-04-17 16:00:00,575,Kanyakumari,0.5,-10.853333333333332
2025-04-18 15:00:00,575,Kanyakumari,8.5,-8.942
2025-04-18 16:00:00,575,Kanyakumari,12.25,-8.668000000000001
2025-04-18 17:00:00,575,Kanyakumari,0.5,-8.668000000000001
2025-04-19 16:00:00,575,Kanyakumari,5.5,-12.006
2025-04-19 17:00:00,575,Kanyakumari,2.0,-12.006
2025-04-20 19:00:00,575,Kanyakumari,0.5,-10.868333333333332
2025-04-21 04:00:00,575,Kanyakumari,0.5,-10.878333333333332
2025-04-21 16:00:00,575,Kanyakumari,2.0,-10.9
2025-04-21 17:00:00,575,Kanyakumari,1.8333333333333333,-10.9
2025-04-21 18:00:00,575,Kanyakumari,1.5,-10.9
2025-04-22 08:00:00,575,Kanyakumari,0.5,-10.858333333333334
2025-04-22 10:00:00,575,Kanyakumari,0.5,-10.911666666666669
2025-04-22 18:00:00,575,Kanyakumari,0.5,-10.911666666666669
2025-04-22 20:00:00,575,Kanyakumari,0.5,-10.911666666666669
2025-04-22 21:00:00,575,Kanyakumari,11.75,-10.911666666666669
2025-04-22 22:00:00,575,Kanyakumari,1.0,-10.74
2025-04-22 23:00:00,575,Kanyakumari,0.5,-10.74
2025-04-23 08:00:00,575,Kanyakumari,0.5,-11.1
2025-04-23 19:00:00,575,Kanyakumari,1.75,-11.22
2025-04-23 20:00:00,575,Kanyakumari,0.5,-11.22
2025-04-24 15:00:00,575,Kanyakumari,5.5,-13.55
2025-04-24 20:00:00,575,Kanyakumari,0.5,-13.535
2025-04-25 13:00:00,575,Kanyakumari,8.0,-10.973333333333334
2025-04-25 15:00:00,575,Kanyakumari,2.0,-10.973333333333334
2025-04-26 12:00:00,575,Kanyakumari,0.5,-10.923333333333334
2025-04-26 13:00:00,575,Kanyakumari,24.75,-10.923333333333334
2025-04-26 14:00:00,575,Kanyakumari,6.5,-10.923333333333334
2025-04-26 15:00:00,575,Kanyakumari,0.5,-10.923333333333334
2025-04-27 14:00:00,575,Kanyakumari,19.25,-10.905
2025-04-27 15:00:00,575,Kanyakumari,10.0,-10.905
2025-04-28 14:00:00,575,Kanyakumari,27.0,-9.3575
2025-04-28 15:00:00,575,Kanyakumari,3.25,-9.3575
2025-04-28 16:00:00,575,Kanyakumari,35.5,-9.2975
2025-04-28 17:00:00,575,Kanyakumari,1.5,-9.2975
2025-04-29 14:00:00,575,Kanyakumari,8.5,-8.809999999999999
2025-04-29 15:00:00,575,Kanyakumari,0.5,-8.809999999999999
2025-04-29 19:00:00,575,Kanyakumari,2.0,-8.870000000000001
2025-04-29 20:00:00,575,Kanyakumari,13.0,-8.870000000000001
2025-04-30 10:00:00,575,Kanyakumari,0.5,-10.911666666666669
2025-05-02 14:00:00,575,Kanyakumari,0.5,-9.34
2025-05-02 15:00:00,575,Kanyakumari,5.0,-9.34
2025-05-02 16:00:00,575,Kanyakumari,3.75,-9.355
2025-05-02 18:00:00,575,Kanyakumari,3.5,-9.355
2025-05-02 19:00:00,575,Kanyakumari,1.0,-9.355
2025-05-07 18:00:00,575,Kanyakumari,2.5,-10.926666666666668
2025-05-07 19:00:00,575,Kanyakumari,3.333333333333333,-10.926666666666668
2025-05-17 16:00:00,575,Kanyakumari,0.5,-11.176666666666668
2025-05-18 17:00:00,575,Kanyakumari,4.5,-11.213333333333331
2025-05-19 20:00:00,575,Kanyakumari,1.0,-11.215000000000002
2025-05-19 21:00:00,575,Kanyakumari,4.5,-11.215000000000002
2025-05-19 22:00:00,575,Kanyakumari,2.6666666666666665,-11.175
2025-05-19 23:00:00,575,Kanyakumari,3.25,-11.175
2025-05-20 00:00:00,575,Kanyakumari,5.166666666666667,-11.175
2025-05-20 01:00:00,575,Kanyakumari,1.0,-11.175
2025-05-21 05:00:00,575,Kanyakumari,2.5,-11.225
2025-05-21 06:00:00,575,Kanyakumari,1.0,-11.225
2025-05-21 07:00:00,575,Kanyakumari,0.5,-11.225
2025-05-21 16:00:00,575,Kanyakumari,0.5,-11.3
2025-05-21 17:00:00,575,Kanyakumari,0.5,-11.3
2025-05-21 22:00:00,575,Kanyakumari,1.25,-11.26
2025-05-22 06:00:00,575,Kanyakumari,1.0,-14.935
2025-05-22 07:00:00,575,Kanyakumari,3.0,-14.935
2025-05-22 23:00:00,575,Kanyakumari,1.0,-14.975
2025-05-23 00:00:00,575,Kanyakumari,6.0,-14.975
2025-05-23 04:00:00,575,Kanyakumari,2.25,-9.7175
2025-05-23 05:00:00,575,Kanyakumari,5.0,-9.7175
2025-05-23 06:00:00,575,Kanyakumari,0.5,-9.7175
2025-05-23 08:00:00,575,Kanyakumari,0.5,-9.7175
2025-05-23 09:00:00,575,Kanyakumari,3.1666666666666665,-9.7175
2025-05-23 10:00:00,575,Kanyakumari,4.0,-9.675
2025-05-23 11:00:00,575,Kanyakumari,1.5,-9.675
2025-05-23 12:00:00,575,Kanyakumari,4.5,-9.675
2025-05-23 14:00:00,575,Kanyakumari,0.875,-9.675
2025-05-23 17:00:00,575,Kanyakumari,0.75,-9.6275
2025-05-23 18:00:00,575,Kanyakumari,1.0,-9.6275
2025-05-23 21:00:00,575,Kanyakumari,2.875,-9.6275
2025-05-23 22:00:00,575,Kanyakumari,4.5,-9.55
2025-05-24 04:00:00,575,Kanyakumari,2.0,-11.088333333333331
2025-05-24 05:00:00,575,Kanyakumari,0.75,-11.088333333333331
2025-05-24 06:00:00,575,Kanyakumari,2.0,-11.088333333333331
2025-05-24 07:00:00,575,Kanyakumari,4.125,-11.088333333333331
2025-05-24 08:00:00,575,Kanyakumari,2.25,-11.088333333333331
2025-05-24 09:00:00,575,Kanyakumari,0.5,-11.088333333333331
2025-05-24 13:00:00,575,Kanyakumari,6.5,-11.056666666666668
2025-05-24 14:00:00,575,Kanyakumari,0.5,-11.056666666666668
2025-05-24 19:00:00,575,Kanyakumari,0.5,-11.046666666666669
2025-05-24 21:00:00,575,Kanyakumari,4.0,-11.046666666666669
2025-05-24 22:00:00,575,Kanyakumari,1.5,-11.0
2025-05-25 00:00:00,575,Kanyakumari,0.5,-11.0
2025-05-25 02:00:00,575,Kanyakumari,0.5,-11.0
2025-05-25 03:00:00,575,Kanyakumari,3.6666666666666665,-11.0
2025-05-25 04:00:00,575,Kanyakumari,1.8333333333333333,-12.728
2025-05-25 05:00:00,575,Kanyakumari,1.3333333333333333,-12.728
2025-05-25 06:00:00,575,Kanyakumari,0.5,-12.728
2025-05-25 12:00:00,575,Kanyakumari,0.5,-12.772
2025-05-25 13:00:00,575,Kanyakumari,5.0,-12.772
2025-05-25 14:00:00,575,Kanyakumari,0.5,-12.772
2025-05-25 15:00:00,575,Kanyakumari,0.5,-12.772
2025-05-25 17:00:00,575,Kanyakumari,2.5,-12.684
2025-05-25 22:00:00,575,Kanyakumari,0.5,-12.724
2025-05-25 23:00:00,575,Kanyakumari,0.5,-12.724
2025-05-26 00:00:00,575,Kanyakumari,3.0,-12.724
2025-05-26 01:00:00,575,Kanyakumari,3.5,-12.724
2025-05-26 02:00:00,575,Kanyakumari,6.5,-12.724
2025-05-26 03:00:00,575,Kanyakumari,0.75,-12.724
2025-05-26 04:00:00,575,Kanyakumari,1.0,-10.74
2025-05-26 06:00:00,575,Kanyakumari,3.875,-10.74
2025-05-26 09:00:00,575,Kanyakumari,0.5,-10.74
2025-05-26 10:00:00,575,Kanyakumari,0.5,-10.805
2025-05-26 11:00:00,575,Kanyakumari,0.5,-10.805
2025-05-26 12:00:00,575,Kanyakumari,0.5,-10.805
2025-05-26 13:00:00,575,Kanyakumari,2.833333333333333,-10.805
2025-05-26 14:00:00,575,Kanyakumari,2.0,-10.805
2025-05-26 15:00:00,575,Kanyakumari,0.5,-10.805
2025-05-26 16:00:00,575,Kanyakumari,7.875,-10.581666666666669
2025-05-26 17:00:00,575,Kanyakumari,0.75,-10.581666666666669
2025-05-26 20:00:00,575,Kanyakumari,1.0,-10.581666666666669
2025-05-26 21:00:00,575,Kanyakumari,3.0,-10.581666666666669
2025-05-26 22:00:00,575,Kanyakumari,0.5,-10.551666666666668
2025-05-27 01:00:00,575,Kanyakumari,3.0,-10.551666666666668
2025-05-27 02:00:00,575,Kanyakumari,16.5,-10.551666666666668
2025-05-27 03:00:00,575,Kanyakumari,1.0,-10.551666666666668
2025-05-27 04:00:00,575,Kanyakumari,5.25,-10.27
2025-05-27 05:00:00,575,Kanyakumari,3.333333333333333,-10.27
2025-05-27 06:00:00,575,Kanyakumari,2.125,-10.27
2025-05-27 07:00:00,575,Kanyakumari,0.8333333333333334,-10.27
2025-05-27 08:00:00,575,Kanyakumari,0.6666666666666666,-10.27
2025-05-27 09:00:00,575,Kanyakumari,1.6666666666666667,-10.27
2025-05-27 10:00:00,575,Kanyakumari,1.25,-10.2
2025-05-27 11:00:00,575,Kanyakumari,3.5,-10.2
2025-05-27 12:00:00,575,Kanyakumari,4.0,-10.2
2025-05-27 13:00:00,575,Kanyakumari,2.25,-10.2
2025-05-27 14:00:00,575,Kanyakumari,0.875,-10.2
2025-05-27 15:00:00,575,Kanyakumari,1.75,-10.2
2025-05-27 16:00:00,575,Kanyakumari,1.75,-10.205
2025-05-27 17:00:00,575,Kanyakumari,0.5,-10.205
2025-05-27 18:00:00,575,Kanyakumari,1.0,-10.205
2025-05-27 19:00:00,575,Kanyakumari,0.5,-10.205
2025-05-27 20:00:00,575,Kanyakumari,1.0,-10.205
2025-05-27 21:00:00,575,Kanyakumari,1.25,-10.205
2025-05-27 22:00:00,575,Kanyakumari,1.5,-10.208333333333334
2025-05-27 23:00:00,575,Kanyakumari,1.375,-10.208333333333334
2025-05-28 00:00:00,575,Kanyakumari,0.8333333333333334,-10.208333333333334
2025-05-28 01:00:00,575,Kanyakumari,1.875,-10.208333333333334
2025-05-28 03:00:00,575,Kanyakumari,0.5,-10.208333333333334
2025-05-28 04:00:00,575,Kanyakumari,0.5,-10.191666666666668
2025-05-28 07:00:00,575,Kanyakumari,1.0,-10.191666666666668
2025-05-28 09:00:00,575,Kanyakumari,1.5,-10.191666666666668
2025-05-28 10:00:00,575,Kanyakumari,0.75,-10.265
2025-05-28 22:00:00,575,Kanyakumari,1.0,-10.296666666666669
2025-05-28 23:00:00,575,Kanyakumari,1.5,-10.296666666666669
2025-05-29 00:00:00,575,Kanyakumari,1.0,-10.296666666666669
2025-05-29 01:00:00,575,Kanyakumari,0.5,-10.296666666666669
2025-05-29 06:00:00,575,Kanyakumari,1.0,-10.303333333333333
2025-05-29 07:00:00,575,Kanyakumari,5.0,-10.303333333333333
2025-05-29 08:00:00,575,Kanyakumari,0.5,-10.303333333333333
2025-05-29 10:00:00,575,Kanyakumari,1.0,-10.316666666666668
2025-05-29 11:00:00,575,Kanyakumari,3.0,-10.316666666666668
2025-05-29 12:00:00,575,Kanyakumari,3.0,-10.316666666666668
2025-05-29 13:00:00,575,Kanyakumari,0.5,-10.316666666666668
2025-05-29 14:00:00,575,Kanyakumari,4.5,-10.316666666666668
2025-05-29 17:00:00,575,Kanyakumari,4.875,-10.138333333333334
2025-05-29 18:00:00,575,Kanyakumari,2.625,-10.138333333333334
2025-05-29 19:00:00,575,Kanyakumari,3.5,-10.138333333333334
2025-05-29 20:00:00,575,Kanyakumari,5.0,-10.138333333333334
2025-05-29 21:00:00,575,Kanyakumari,0.75,-10.138333333333334
2025-05-29 22:00:00,575,Kanyakumari,0.5,-9.93
2025-05-29 23:00:00,575,Kanyakumari,1.6666666666666667,-9.93
2025-05-30 00:00:00,575,Kanyakumari,0.5,-9.93
2025-05-30 01:00:00,575,Kanyakumari,4.833333333333333,-9.93
2025-05-30 02:00:00,575,Kanyakumari,0.75,-9.93
2025-05-30 03:00:00,575,Kanyakumari,1.5,-9.93
2025-05-30 04:00:00,575,Kanyakumari,1.0,-9.888333333333334
2025-05-30 06:00:00,575,Kanyakumari,0.5,-9.888333333333334
2025-05-30 09:00:00,575,Kanyakumari,1.5,-9.888333333333334
2025-05-30 10:00:00,575,Kanyakumari,3.1666666666666665,-9.963333333333331
2025-05-30 13:00:00,575,Kanyakumari,3.375,-9.963333333333331
2025-05-30 14:00:00,575,Kanyakumari,3.5,-9.963333333333331
2025-05-30 15:00:00,575,Kanyakumari,1.3333333333333333,-9.963333333333331
2025-05-30 16:00:00,575,Kanyakumari,3.25,-9.84
2025-05-30 17:00:00,575,Kanyakumari,0.5,-9.84
2025-05-30 19:00:00,575,Kanyakumari,0.5,-9.84
2025-05-31 00:00:00,575,Kanyakumari,1.5,-9.921666666666669
2025-05-31 01:00:00,575,Kanyakumari,0.5,-9.921666666666669
2025-05-31 03:00:00,575,Kanyakumari,0.5,-9.921666666666669
2025-05-31 04:00:00,575,Kanyakumari,5.25,-9.921666666666669
2025-05-31 05:00:00,575,Kanyakumari,0.75,-9.921666666666669
2025-05-31 06:00:00,575,Kanyakumari,0.5,-9.921666666666669
2025-05-31 07:00:00,575,Kanyakumari,0.5,-9.921666666666669
2025-05-31 08:00:00,575,Kanyakumari,1.25,-9.921666666666669
2025-05-31 09:00:00,575,Kanyakumari,1.5,-9.921666666666669
2025-05-31 10:00:00,575,Kanyakumari,0.5,-9.976666666666668
2025-05-31 11:00:00,575,Kanyakumari,0.5,-9.976666666666668
2025-05-31 12:00:00,575,Kanyakumari,0.6666666666666666,-9.976666666666668
2025-05-31 13:00:00,575,Kanyakumari,0.5,-9.976666666666668
2025-06-03 22:00:00,575,Kanyakumari,1.5,-10.303333333333333
2025-06-04 04:00:00,575,Kanyakumari,1.0,-10.316666666666668
2025-06-04 05:00:00,575,Kanyakumari,1.0,-10.316666666666668
2025-06-04 13:00:00,575,Kanyakumari,2.0,-10.368333333333334
2025-06-04 14:00:00,575,Kanyakumari,0.5,-10.368333333333334
2025-06-09 01:00:00,575,Kanyakumari,5.5,-10.516666666666667
2025-06-09 02:00:00,575,Kanyakumari,1.0,-10.516666666666667
2025-06-09 03:00:00,575,Kanyakumari,0.5,-10.516666666666667
2025-06-10 12:00:00,575,Kanyakumari,0.5,-10.626666666666669
2025-06-10 13:00:00,575,Kanyakumari,1.0,-10.626666666666669
2025-06-10 14:00:00,575,Kanyakumari,0.5,-10.626666666666669
2025-06-10 22:00:00,575,Kanyakumari,0.5,-10.656666666666666
2025-06-10 23:00:00,575,Kanyakumari,0.5,-10.656666666666666
2025-06-11 04:00:00,575,Kanyakumari,1.0,-10.628333333333332
2025-06-11 08:00:00,575,Kanyakumari,0.5,-10.628333333333332
2025-06-11 17:00:00,575,Kanyakumari,10.5,-10.688333333333334
2025-06-11 18:00:00,575,Kanyakumari,5.75,-10.688333333333334
2025-06-11 19:00:00,575,Kanyakumari,1.5,-10.688333333333334
2025-06-11 20:00:00,575,Kanyakumari,0.75,-10.688333333333334
2025-06-11 21:00:00,575,Kanyakumari,0.5,-10.688333333333334
2025-06-11 22:00:00,575,Kanyakumari,0.5,-10.655
2025-06-11 23:00:00,575,Kanyakumari,0.5,-10.655
2025-06-12 05:00:00,575,Kanyakumari,0.5,-10.681666666666668
2025-06-12 12:00:00,575,Kanyakumari,2.5,-10.685
2025-06-12 13:00:00,575,Kanyakumari,0.5,-10.685
2025-06-12 21:00:00,575,Kanyakumari,3.25,-10.646666666666668
2025-06-12 22:00:00,575,Kanyakumari,0.875,-10.625
2025-06-12 23:00:00,575,Kanyakumari,1.25,-10.625
2025-06-13 00:00:00,575,Kanyakumari,0.5,-10.625
2025-06-13 01:00:00,575,Kanyakumari,0.5,-10.625
2025-06-13 02:00:00,575,Kanyakumari,1.0,-10.625
2025-06-13 03:00:00,575,Kanyakumari,1.5,-10.625
2025-06-13 04:00:00,575,Kanyakumari,5.625,-11.114
2025-06-13 06:00:00,575,Kanyakumari,2.0,-11.114
2025-06-13 07:00:00,575,Kanyakumari,0.5,-11.114
2025-06-13 08:00:00,575,Kanyakumari,0.5,-11.114
2025-06-13 11:00:00,575,Kanyakumari,0.5,-11.13
2025-06-13 12:00:00,575,Kanyakumari,3.25,-11.13
2025-06-13 13:00:00,575,Kanyakumari,1.0,-11.13
2025-06-13 14:00:00,575,Kanyakumari,0.5,-11.13
2025-06-13 15:00:00,575,Kanyakumari,1.8333333333333333,-11.13
2025-06-13 16:00:00,575,Kanyakumari,0.5,-11.124
2025-06-13 19:00:00,575,Kanyakumari,9.5,-11.124
2025-06-13 20:00:00,575,Kanyakumari,3.1666666666666665,-11.124
2025-06-13 21:00:00,575,Kanyakumari,0.6666666666666666,-11.124
2025-06-13 22:00:00,575,Kanyakumari,2.0,-10.982
2025-06-14 00:00:00,575,Kanyakumari,0.5,-10.982
2025-06-14 03:00:00,575,Kanyakumari,2.333333333333333,-10.982
2025-06-14 04:00:00,575,Kanyakumari,1.25,-10.326666666666666
2025-06-14 05:00:00,575,Kanyakumari,0.5,-10.326666666666666
2025-06-14 10:00:00,575,Kanyakumari,0.5,-10.313333333333334
2025-06-14 11:00:00,575,Kanyakumari,4.25,-10.313333333333334
2025-06-14 12:00:00,575,Kanyakumari,0.5,-10.313333333333334
2025-06-14 13:00:00,575,Kanyakumari,3.5,-10.313333333333334
2025-06-14 17:00:00,575,Kanyakumari,0.5,-10.306666666666668
2025-06-14 19:00:00,575,Kanyakumari,0.5,-10.306666666666668
2025-06-14 21:00:00,575,Kanyakumari,1.3333333333333333,-10.306666666666668
2025-06-14 22:00:00,575,Kanyakumari,4.166666666666667,-10.276666666666666
2025-06-15 01:00:00,575,Kanyakumari,0.5,-10.276666666666666
2025-06-15 02:00:00,575,Kanyakumari,1.3333333333333333,-10.276666666666666
2025-06-15 03:00:00,575,Kanyakumari,2.0,-10.276666666666666
2025-06-15 04:00:00,575,Kanyakumari,0.75,-10.155
2025-06-15 09:00:00,575,Kanyakumari,3.0,-10.155
2025-06-15 10:00:00,575,Kanyakumari,3.0,-10.073333333333332
2025-06-15 11:00:00,575,Kanyakumari,1.75,-10.073333333333332
2025-06-15 12:00:00,575,Kanyakumari,0.5,-10.073333333333332
2025-06-15 14:00:00,575,Kanyakumari,0.75,-10.073333333333332
2025-06-15 15:00:00,575,Kanyakumari,4.5,-10.073333333333332
2025-06-15 16:00:00,575,Kanyakumari,0.6666666666666666,-10.01
2025-06-15 19:00:00,575,Kanyakumari,1.5,-10.01
2025-06-15 20:00:00,575,Kanyakumari,5.0,-10.01
2025-06-15 21:00:00,575,Kanyakumari,2.25,-10.01
2025-06-15 22:00:00,575,Kanyakumari,0.5,-9.935
2025-06-15 23:00:00,575,Kanyakumari,2.333333333333333,-9.935
2025-06-16 01:00:00,575,Kanyakumari,0.5,-9.935
2025-06-16 03:00:00,575,Kanyakumari,1.5,-9.935
2025-06-16 04:00:00,575,Kanyakumari,1.1666666666666667,-9.908333333333331
2025-06-16 05:00:00,575,Kanyakumari,0.5,-9.908333333333331
2025-06-16 15:00:00,575,Kanyakumari,1.0,-9.946666666666664
2025-06-16 18:00:00,575,Kanyakumari,2.5,-9.905
2025-06-16 20:00:00,575,Kanyakumari,1.0,-9.905
2025-06-17 09:00:00,575,Kanyakumari,5.25,-9.92
2025-06-17 10:00:00,575,Kanyakumari,0.5,-9.945
2025-06-18 11:00:00,575,Kanyakumari,0.75,-10.028333333333334
2025-06-20 04:00:00,575,Kanyakumari,0.5,-10.166666666666666
2025-06-20 13:00:00,575,Kanyakumari,2.0,-10.185
2025-06-20 14:00:00,575,Kanyakumari,2.0,-10.185
2025-06-20 16:00:00,575,Kanyakumari,0.5,-10.581666666666669
2025-06-21 13:00:00,575,Kanyakumari,1.1666666666666667,-10.263333333333334
2025-06-22 05:00:00,575,Kanyakumari,0.5,-10.286666666666669
2025-06-22 14:00:00,575,Kanyakumari,1.0,-10.335
2025-06-22 15:00:00,575,Kanyakumari,2.25,-10.335
2025-06-22 16:00:00,575,Kanyakumari,0.5,-10.336666666666666
2025-06-23 02:00:00,575,Kanyakumari,0.5,-10.36
2025-06-24 03:00:00,575,Kanyakumari,1.0,-8.232000000000001
2025-06-24 04:00:00,575,Kanyakumari,0.5,-8.225999999999999
2025-06-24 06:00:00,575,Kanyakumari,0.5,-8.225999999999999
2025-06-24 10:00:00,575,Kanyakumari,0.5,-8.264
2025-06-24 11:00:00,575,Kanyakumari,0.5,-8.264
2025-06-24 12:00:00,575,Kanyakumari,0.5,-8.264
2025-06-24 21:00:00,575,Kanyakumari,0.5,-8.309999999999999
2025-06-24 22:00:00,575,Kanyakumari,0.5,-8.267999999999999
2025-06-24 23:00:00,575,Kanyakumari,0.5,-8.267999999999999
2025-06-25 00:00:00,575,Kanyakumari,2.1666666666666665,-8.267999999999999
2025-06-25 01:00:00,575,Kanyakumari,2.1666666666666665,-8.267999999999999
2025-06-25 02:00:00,575,Kanyakumari,1.1666666666666667,-8.267999999999999
2025-06-25 03:00:00,575,Kanyakumari,2.833333333333333,-8.267999999999999
2025-06-25 04:00:00,575,Kanyakumari,3.25,-8.256
2025-06-25 05:00:00,575,Kanyakumari,0.5,-8.256
2025-06-25 10:00:00,575,Kanyakumari,1.25,-8.208000000000002
2025-06-25 11:00:00,575,Kanyakumari,1.0,-8.208000000000002
2025-06-25 12:00:00,575,Kanyakumari,0.75,-8.208000000000002
2025-06-25 13:00:00,575,Kanyakumari,2.0,-8.208000000000002
2025-06-25 14:00:00,575,Kanyakumari,0.5,-8.208000000000002
2025-06-25 16:00:00,575,Kanyakumari,2.0,-8.164
2025-06-25 17:00:00,575,Kanyakumari,2.0,-8.164
2025-06-25 18:00:00,575,Kanyakumari,2.75,-8.164
2025-06-25 19:00:00,575,Kanyakumari,1.8333333333333333,-8.164
2025-06-25 23:00:00,575,Kanyakumari,2.5,-8.016000000000002
2025-06-26 03:00:00,575,Kanyakumari,0.5,-8.016000000000002
2025-06-26 06:00:00,575,Kanyakumari,0.5,-8.03
2025-06-26 07:00:00,575,Kanyakumari,2.0,-8.03
2025-06-26 08:00:00,575,Kanyakumari,0.75,-8.03
2025-06-26 09:00:00,575,Kanyakumari,1.1666666666666667,-8.03
2025-06-26 10:00:00,575,Kanyakumari,1.3333333333333333,-7.834
2025-06-26 11:00:00,575,Kanyakumari,3.0,-7.834
2025-06-26 12:00:00,575,Kanyakumari,3.8333333333333335,-7.834
2025-06-26 13:00:00,575,Kanyakumari,1.1666666666666667,-7.834
2025-06-26 14:00:00,575,Kanyakumari,0.6666666666666666,-7.834
2025-06-26 15:00:00,575,Kanyakumari,1.0,-7.834
2025-06-26 16:00:00,575,Kanyakumari,1.5,-7.8
2025-06-26 17:00:00,575,Kanyakumari,1.0,-7.8
2025-06-26 18:00:00,575,Kanyakumari,1.0,-7.8
2025-06-26 19:00:00,575,Kanyakumari,1.0,-7.8
2025-06-26 20:00:00,575,Kanyakumari,0.5,-7.8
2025-06-26 20:05:00,575,Kanyakumari,0.5,-7.8
2025-06-26 20:10:00,575,Kanyakumari,0.5,-7.8
2025-06-26 20:15:00,575,Kanyakumari,0.5,-7.8
2025-06-26 20:20:00,575,Kanyakumari,0.5,-7.8
2025-06-26 20:25:00,575,Kanyakumari,0.5,-7.8
2025-06-26 20:30:00,575,Kanyakumari,0.5,-7.8
2025-06-26 20:35:00,575,Kanyakumari,0.5,-7.8
2025-06-26 20:40:00,575,Kanyakumari,0.5,-7.8
2025-06-26 20:45:00,575,Kanyakumari,0.5,-7.8
2025-06-26 20:50:00,575,Kanyakumari,0.5,-7.8
2025-06-26 20:55:00,575,Kanyakumari,0.5,-7.8
2025-06-26 21:00:00,575,Kanyakumari,0.75,-7.8
2025-06-26 21:55:00,575,Kanyakumari,0.5,-7.688
2025-06-26 22:00:00,575,Kanyakumari,0.5,-7.688
2025-06-26 22:05:00,575,Kanyakumari,0.5,-7.688
2025-06-26 22:10:00,575,Kanyakumari,0.5,-7.688
2025-06-26 22:15:00,575,Kanyakumari,0.5,-7.688
2025-06-26 22:20:00,575,Kanyakumari,0.5,-7.688
2025-06-26 22:25:00,575,Kanyakumari,0.5,-7.688
2025-06-26 22:30:00,575,Kanyakumari,0.5,-7.688
2025-06-26 22:35:00,575,Kanyakumari,0.5,-7.688
2025-06-26 22:40:00,575,Kanyakumari,0.5,-7.688
2025-06-26 22:45:00,575,Kanyakumari,0.5,-7.688
2025-06-26 22:50:00,575,Kanyakumari,0.5,-7.688
2025-06-26 22:55:00,575,Kanyakumari,0.5,-7.688
2025-06-26 23:00:00,575,Kanyakumari,0.6666666666666666,-7.688
2025-06-27 00:00:00,575,Kanyakumari,0.5,-7.688
2025-06-27 01:00:00,575,Kanyakumari,1.0,-7.688
2025-06-27 02:00:00,575,Kanyakumari,0.5,-7.688
2025-06-27 03:00:00,575,Kanyakumari,0.5,-7.688
2025-06-27 04:00:00,575,Kanyakumari,0.5,-7.737999999999999
2025-06-27 05:00:00,575,Kanyakumari,0.5,-7.737999999999999
2025-06-27 06:00:00,575,Kanyakumari,0.5,-7.737999999999999
2025-06-27 07:00:00,575,Kanyakumari,2.0,-7.737999999999999
2025-06-27 08:00:00,575,Kanyakumari,5.5,-7.737999999999999
2025-06-27 09:00:00,575,Kanyakumari,5.75,-7.737999999999999
2025-06-27 10:00:00,575,Kanyakumari,2.25,-7.81
2025-06-27 11:00:00,575,Kanyakumari,1.75,-7.81
2025-06-27 12:00:00,575,Kanyakumari,1.0,-7.81
2025-06-27 13:00:00,575,Kanyakumari,2.0,-7.81
2025-06-27 14:00:00,575,Kanyakumari,0.75,-7.81
2025-06-27 15:00:00,575,Kanyakumari,0.5,-7.81
2025-06-27 16:00:00,575,Kanyakumari,0.5,-7.814
2025-06-27 17:00:00,575,Kanyakumari,0.5,-7.814
2025-06-27 19:00:00,575,Kanyakumari,0.5,-7.814
2025-06-27 22:00:00,575,Kanyakumari,1.0,-7.773999999999999
2025-06-27 23:00:00,575,Kanyakumari,0.5,-7.773999999999999
2025-06-28 00:00:00,575,Kanyakumari,0.5,-7.773999999999999
2025-06-28 03:00:00,575,Kanyakumari,0.5,-7.773999999999999
2025-06-28 05:00:00,575,Kanyakumari,0.5,-7.828
2025-06-28 08:00:00,575,Kanyakumari,0.5,-7.828
2025-06-28 10:00:00,575,Kanyakumari,0.5,-7.894
2025-06-28 12:00:00,575,Kanyakumari,0.5,-7.894
2025-06-28 13:40:00,575,Kanyakumari,0.5,-7.894
2025-06-28 13:45:00,575,Kanyakumari,0.5,-7.894
2025-06-28 13:50:00,575,Kanyakumari,0.5,-7.894
2025-06-28 13:55:00,575,Kanyakumari,0.5,-7.894
2025-06-28 14:00:00,575,Kanyakumari,0.5,-7.894
2025-06-28 15:00:00,575,Kanyakumari,0.5,-7.894
2025-06-28 17:00:00,575,Kanyakumari,0.5,-7.872
2025-06-28 20:00:00,575,Kanyakumari,0.5,-7.872
2025-06-28 23:00:00,575,Kanyakumari,0.5,-7.906000000000001
2025-06-29 00:40:00,575,Kanyakumari,0.5,-7.906000000000001
2025-06-29 00:45:00,575,Kanyakumari,1.5,-7.906000000000001
2025-06-29 00:50:00,575,Kanyakumari,2.5,-7.906000000000001
2025-06-29 00:55:00,575,Kanyakumari,3.5,-7.906000000000001
2025-06-29 01:00:00,575,Kanyakumari,4.0,-7.906000000000001
2025-06-29 01:10:00,575,Kanyakumari,0.5,-7.906000000000001
2025-06-29 01:15:00,575,Kanyakumari,0.5,-7.906000000000001
2025-06-29 01:20:00,575,Kanyakumari,1.0,-7.906000000000001
2025-06-29 01:25:00,575,Kanyakumari,1.0,-7.906000000000001
2025-06-29 01:30:00,575,Kanyakumari,1.0,-7.906000000000001
2025-06-29 01:35:00,575,Kanyakumari,1.5,-7.906000000000001
2025-06-29 01:40:00,575,Kanyakumari,1.5,-7.906000000000001
2025-06-29 01:45:00,575,Kanyakumari,1.5,-7.906000000000001
2025-06-29 01:50:00,575,Kanyakumari,1.5,-7.906000000000001
2025-06-29 01:55:00,575,Kanyakumari,1.5,-7.906000000000001
2025-06-29 02:00:00,575,Kanyakumari,1.0,-7.906000000000001
2025-06-29 02:10:00,575,Kanyakumari,0.5,-7.906000000000001
2025-06-29 02:15:00,575,Kanyakumari,0.5,-7.906000000000001
2025-06-29 02:20:00,575,Kanyakumari,0.5,-7.906000000000001
2025-06-29 02:25:00,575,Kanyakumari,0.5,-7.906000000000001
2025-06-29 02:30:00,575,Kanyakumari,0.5,-7.906000000000001
2025-06-29 02:35:00,575,Kanyakumari,0.5,-7.906000000000001
2025-06-29 02:40:00,575,Kanyakumari,0.5,-7.906000000000001
2025-06-29 02:45:00,575,Kanyakumari,0.5,-7.906000000000001
2025-06-29 02:50:00,575,Kanyakumari,0.5,-7.906000000000001
2025-06-29 02:55:00,575,Kanyakumari,0.5,-7.906000000000001
2025-06-29 03:00:00,575,Kanyakumari,0.5,-7.906000000000001
2025-06-29 06:00:00,575,Kanyakumari,0.5,-7.834
2025-06-29 09:00:00,575,Kanyakumari,0.5,-7.834
2025-06-29 12:00:00,575,Kanyakumari,0.5,-7.907999999999999
2025-06-29 16:00:00,575,Kanyakumari,0.5,-7.915999999999999
2025-06-29 19:00:00,575,Kanyakumari,0.5,-7.915999999999999
2025-06-29 22:00:00,575,Kanyakumari,0.5,-7.869999999999999
2025-06-30 02:00:00,575,Kanyakumari,0.5,-7.869999999999999
2025-06-30 05:00:00,575,Kanyakumari,0.5,-7.886
2025-06-30 09:00:00,575,Kanyakumari,0.5,-7.886
2025-06-30 13:00:00,575,Kanyakumari,0.5,-7.896000000000001
2025-06-30 18:00:00,575,Kanyakumari,0.5,-7.872
2025-07-01 00:00:00,575,Kanyakumari,0.5,-7.85
2025-07-01 08:00:00,575,Kanyakumari,0.5,-8.144
2025-07-01 15:00:00,575,Kanyakumari,0.5,-7.941999999999998
2025-07-02 05:00:00,575,Kanyakumari,0.5,-7.912000000000001
2025-07-03 06:00:00,575,Kanyakumari,0.5,-7.898000000000001
2025-07-03 09:00:00,575,Kanyakumari,0.5,-7.898000000000001
2025-07-03 19:00:00,575,Kanyakumari,0.5,-7.965999999999999
2025-07-04 03:00:00,575,Kanyakumari,0.5,-7.970000000000001
2025-07-04 11:00:00,575,Kanyakumari,0.5,-8.006
2025-07-04 22:00:00,575,Kanyakumari,0.5,-7.965999999999999
2025-07-05 07:00:00,575,Kanyakumari,0.5,-7.965999999999999
2025-07-05 12:00:00,575,Kanyakumari,0.5,-8.012
2025-07-05 22:00:00,575,Kanyakumari,0.5,-8.012
2025-07-06 23:00:00,575,Kanyakumari,0.5,-8.028
2025-07-07 03:00:00,575,Kanyakumari,0.5,-8.028
2025-07-15 00:00:00,575,Kanyakumari,0.5,-8.364
2025-07-15 13:00:00,575,Kanyakumari,0.5,-8.372
2025-07-15 21:00:00,575,Kanyakumari,1.0,-8.386
2025-07-16 20:00:00,575,Kanyakumari,0.5,-8.358
2025-07-16 23:00:00,575,Kanyakumari,0.5,-8.358
2025-07-20 00:00:00,575,Kanyakumari,0.5,-8.376000000000001
2025-07-20 04:00:00,575,Kanyakumari,0.5,-8.372
2025-07-20 07:00:00,575,Kanyakumari,0.5,-8.372
2025-07-20 09:00:00,575,Kanyakumari,0.5,-8.372
2025-07-20 11:00:00,575,Kanyakumari,1.0,-8.394
2025-07-20 12:00:00,575,Kanyakumari,2.0,-8.394
2025-07-20 14:00:00,575,Kanyakumari,0.5,-8.394
2025-07-20 15:00:00,575,Kanyakumari,0.5,-8.394
2025-07-20 16:00:00,575,Kanyakumari,0.5,-8.352
2025-07-20 17:00:00,575,Kanyakumari,0.5,-8.352
2025-07-20 18:00:00,575,Kanyakumari,0.5,-8.352
2025-07-20 19:00:00,575,Kanyakumari,0.5,-8.352
2025-07-20 20:00:00,575,Kanyakumari,0.5,-8.352
2025-07-20 23:00:00,575,Kanyakumari,0.5,-10.543333333333337
2025-07-21 02:00:00,575,Kanyakumari,0.5,-10.543333333333337
2025-07-21 05:00:00,575,Kanyakumari,0.5,-10.528333333333334
2025-07-21 08:00:00,575,Kanyakumari,0.5,-10.528333333333334
2025-07-21 11:00:00,575,Kanyakumari,0.5,-10.558333333333334
2025-07-21 13:00:00,575,Kanyakumari,0.5,-10.558333333333334
2025-07-21 15:00:00,575,Kanyakumari,0.5,-10.558333333333334
2025-07-21 18:00:00,575,Kanyakumari,0.5,-10.566666666666668
2025-07-21 21:00:00,575,Kanyakumari,0.5,-10.566666666666668
2025-07-22 00:00:00,575,Kanyakumari,0.5,-10.57
2025-07-22 04:00:00,575,Kanyakumari,0.5,-10.558333333333334
2025-07-22 06:00:00,575,Kanyakumari,0.5,-10.558333333333334
2025-07-22 08:00:00,575,Kanyakumari,0.5,-10.558333333333334
2025-07-22 09:00:00,575,Kanyakumari,0.5,-10.558333333333334
2025-07-22 11:00:00,575,Kanyakumari,0.5,-10.59
2025-07-22 14:00:00,575,Kanyakumari,0.5,-10.59
2025-07-22 18:00:00,575,Kanyakumari,0.5,-10.575
2025-07-22 22:00:00,575,Kanyakumari,0.5,-10.576666666666666
2025-07-23 02:00:00,575,Kanyakumari,0.5,-10.576666666666666
2025-07-23 05:00:00,575,Kanyakumari,0.5,-10.57
2025-07-23 10:00:00,575,Kanyakumari,0.5,-10.601666666666668
2025-07-23 12:00:00,575,Kanyakumari,2.0,-10.601666666666668
2025-07-23 13:00:00,575,Kanyakumari,3.5,-10.601666666666668
2025-07-23 14:00:00,575,Kanyakumari,0.5,-10.601666666666668
2025-07-23 15:00:00,575,Kanyakumari,0.5,-10.601666666666668
2025-07-23 17:00:00,575,Kanyakumari,0.5,-10.536666666666669
2025-07-23 18:00:00,575,Kanyakumari,2.0,-10.536666666666669
2025-07-23 19:00:00,575,Kanyakumari,0.5,-10.536666666666669
2025-07-23 20:00:00,575,Kanyakumari,0.5,-10.536666666666669
2025-07-23 21:00:00,575,Kanyakumari,1.0,-10.536666666666669
2025-07-23 22:00:00,575,Kanyakumari,0.5,-10.506666666666666
2025-07-23 23:00:00,575,Kanyakumari,0.5,-10.506666666666666
2025-07-24 03:00:00,575,Kanyakumari,0.5,-10.506666666666666
2025-07-24 06:00:00,575,Kanyakumari,0.5,-10.485
2025-07-24 08:00:00,575,Kanyakumari,0.5,-10.485
2025-07-24 11:00:00,575,Kanyakumari,0.5,-10.538333333333334
2025-07-24 12:00:00,575,Kanyakumari,0.5,-10.538333333333334
2025-07-24 13:00:00,575,Kanyakumari,0.5,-10.538333333333334
2025-07-24 14:00:00,575,Kanyakumari,0.5,-10.538333333333334
2025-07-24 15:00:00,575,Kanyakumari,0.5,-10.538333333333334
2025-07-24 16:00:00,575,Kanyakumari,0.5,-10.51
2025-07-24 18:00:00,575,Kanyakumari,0.5,-10.51
2025-07-24 20:00:00,575,Kanyakumari,0.5,-10.51
2025-07-24 21:00:00,575,Kanyakumari,1.75,-10.51
2025-07-24 22:00:00,575,Kanyakumari,0.5,-10.51
2025-07-24 23:00:00,575,Kanyakumari,0.5,-10.51
2025-07-27 01:00:00,575,Kanyakumari,0.5,-10.205
2025-07-27 02:00:00,575,Kanyakumari,0.5,-10.205
2025-07-27 03:00:00,575,Kanyakumari,0.5,-10.205
2025-07-27 04:00:00,575,Kanyakumari,0.5,-10.211666666666668
2025-07-27 06:00:00,575,Kanyakumari,0.5,-10.211666666666668
2025-07-27 07:00:00,575,Kanyakumari,0.5,-10.211666666666668
2025-07-27 08:00:00,575,Kanyakumari,0.5,-10.211666666666668
2025-07-27 10:00:00,575,Kanyakumari,0.5,-10.253333333333334
2025-07-27 11:00:00,575,Kanyakumari,0.5,-10.253333333333334
2025-07-27 12:00:00,575,Kanyakumari,0.5,-10.253333333333334
2025-07-27 13:00:00,575,Kanyakumari,0.5,-10.253333333333334
2025-07-27 15:00:00,575,Kanyakumari,0.5,-10.253333333333334
2025-07-27 16:00:00,575,Kanyakumari,0.5,-10.23
2025-07-27 17:00:00,575,Kanyakumari,0.5,-10.23
2025-07-27 18:00:00,575,Kanyakumari,0.5,-10.23
2025-07-27 20:00:00,575,Kanyakumari,0.5,-10.23
2025-07-27 21:00:00,575,Kanyakumari,0.5,-10.23
2025-07-27 22:00:00,575,Kanyakumari,0.5,-10.268333333333333
2025-07-27 23:00:00,575,Kanyakumari,0.5,-10.268333333333333
2025-07-28 01:00:00,575,Kanyakumari,0.5,-10.268333333333333
2025-07-28 02:00:00,575,Kanyakumari,0.5,-10.268333333333333
2025-07-28 04:00:00,575,Kanyakumari,0.5,-13.86
2025-07-28 05:00:00,575,Kanyakumari,0.5,-13.86
2025-07-28 07:00:00,575,Kanyakumari,0.5,-13.86
2025-07-28 08:00:00,575,Kanyakumari,0.5,-13.86
2025-07-28 10:00:00,575,Kanyakumari,0.5,-13.895
2025-07-28 12:00:00,575,Kanyakumari,0.5,-13.895
2025-07-28 15:00:00,575,Kanyakumari,0.5,-13.895
2025-08-03 12:00:00,575,Kanyakumari,1.5,-10.535
2025-08-03 15:00:00,575,Kanyakumari,1.5,-10.535
2025-08-03 16:00:00,575,Kanyakumari,0.5,-10.496666666666668
2025-08-03 17:00:00,575,Kanyakumari,0.5,-10.496666666666668
2025-08-03 18:00:00,575,Kanyakumari,0.5,-10.496666666666668
2025-08-05 04:45:00,575,Kanyakumari,0.5,-10.465
2025-08-05 04:50:00,575,Kanyakumari,1.0,-10.465
2025-08-05 04:55:00,575,Kanyakumari,1.5,-10.465
2025-08-05 05:00:00,575,Kanyakumari,4.0,-10.465
2025-08-05 05:10:00,575,Kanyakumari,0.5,-10.465
2025-08-05 05:15:00,575,Kanyakumari,0.5,-10.465
2025-08-05 05:20:00,575,Kanyakumari,0.5,-10.465
2025-08-05 05:25:00,575,Kanyakumari,0.5,-10.465
2025-08-05 05:30:00,575,Kanyakumari,1.0,-10.465
2025-08-05 05:35:00,575,Kanyakumari,1.5,-10.465
2025-08-05 05:40:00,575,Kanyakumari,1.5,-10.465
2025-08-05 05:45:00,575,Kanyakumari,2.0,-10.465
2025-08-05 05:50:00,575,Kanyakumari,2.5,-10.465
2025-08-05 05:55:00,575,Kanyakumari,3.0,-10.465
2025-08-05 06:00:00,575,Kanyakumari,2.5,-10.465
2025-08-05 06:05:00,575,Kanyakumari,0.5,-10.465
2025-08-05 06:10:00,575,Kanyakumari,0.5,-10.465
2025-08-05 06:15:00,575,Kanyakumari,0.5,-10.465
2025-08-05 06:20:00,575,Kanyakumari,0.5,-10.465
2025-08-05 06:25:00,575,Kanyakumari,0.5,-10.465
2025-08-05 06:30:00,575,Kanyakumari,0.5,-10.465
2025-08-05 06:35:00,575,Kanyakumari,0.5,-10.465
2025-08-05 06:40:00,575,Kanyakumari,0.5,-10.465
2025-08-05 06:45:00,575,Kanyakumari,0.5,-10.465
2025-08-05 06:50:00,575,Kanyakumari,0.5,-10.465
2025-08-05 06:55:00,575,Kanyakumari,0.5,-10.465
2025-08-05 07:00:00,575,Kanyakumari,0.5,-10.465
2025-08-05 09:00:00,575,Kanyakumari,0.5,-10.465
2025-08-05 09:50:00,575,Kanyakumari,0.5,-10.525
2025-08-05 09:55:00,575,Kanyakumari,0.5,-10.525
2025-08-05 10:00:00,575,Kanyakumari,0.5,-10.525
2025-08-06 15:35:00,575,Kanyakumari,0.5,-10.555
2025-08-06 15:40:00,575,Kanyakumari,0.5,-10.555
2025-08-06 15:45:00,575,Kanyakumari,1.0,-10.555
2025-08-06 16:00:00,575,Kanyakumari,1.0,-10.555
2025-08-10 13:00:00,575,Kanyakumari,0.5,-10.725
2025-08-12 07:00:00,575,Kanyakumari,0.5,-10.635
2025-08-12 19:00:00,575,Kanyakumari,0.5,-10.663333333333334
2025-08-13 12:00:00,575,Kanyakumari,1.0,-10.711666666666666
2025-08-13 19:00:00,575,Kanyakumari,1.75,-10.728333333333332
2025-08-14 03:00:00,575,Kanyakumari,0.5,-10.735
2025-08-14 08:00:00,575,Kanyakumari,4.0,-10.741666666666667
2025-08-14 09:00:00,575,Kanyakumari,1.75,-10.741666666666667
2025-08-14 10:00:00,575,Kanyakumari,2.0,-10.663333333333332
2025-08-14 11:00:00,575,Kanyakumari,1.5,-10.663333333333332
2025-08-14 12:00:00,575,Kanyakumari,1.25,-10.663333333333332
2025-08-14 13:00:00,575,Kanyakumari,1.5,-10.663333333333332
2025-08-14 14:00:00,575,Kanyakumari,1.5,-10.663333333333332
2025-08-14 15:00:00,575,Kanyakumari,1.0,-10.663333333333332
2025-08-14 16:00:00,575,Kanyakumari,1.0,-10.746666666666664
2025-08-14 17:00:00,575,Kanyakumari,0.5,-10.746666666666664
2025-08-14 18:00:00,575,Kanyakumari,1.0,-10.746666666666664
2025-08-14 20:00:00,575,Kanyakumari,0.5,-10.746666666666664
2025-08-14 21:00:00,575,Kanyakumari,0.5,-10.746666666666664
2025-08-15 07:00:00,575,Kanyakumari,0.5,-10.755
2025-08-15 08:00:00,575,Kanyakumari,1.5,-10.755
2025-08-15 10:00:00,575,Kanyakumari,1.5,-10.72
2025-08-15 11:00:00,575,Kanyakumari,1.0,-10.72
2025-08-15 12:00:00,575,Kanyakumari,0.5,-10.72
2025-08-15 13:00:00,575,Kanyakumari,0.5,-10.72
2025-08-15 22:00:00,575,Kanyakumari,1.0,-10.658333333333331
2025-08-16 10:00:00,575,Kanyakumari,0.5,-10.648333333333332
2025-08-16 14:00:00,575,Kanyakumari,1.5,-10.648333333333332
2025-08-16 15:00:00,575,Kanyakumari,1.0,-10.648333333333332
2025-08-16 16:00:00,575,Kanyakumari,1.0,-10.605
2025-08-16 19:00:00,575,Kanyakumari,0.75,-10.605
2025-08-17 00:00:00,575,Kanyakumari,0.5,-10.593333333333334
2025-08-17 01:00:00,575,Kanyakumari,0.5,-10.593333333333334
2025-08-17 02:00:00,575,Kanyakumari,1.0,-10.593333333333334
2025-08-17 03:00:00,575,Kanyakumari,0.5,-10.593333333333334
2025-08-17 06:00:00,575,Kanyakumari,0.5,-10.566666666666666
2025-08-17 09:00:00,575,Kanyakumari,0.5,-10.566666666666666
2025-08-18 07:00:00,575,Kanyakumari,1.0,-10.678333333333333
2025-08-18 08:00:00,575,Kanyakumari,0.5,-10.678333333333333
2025-08-18 12:00:00,575,Kanyakumari,1.25,-10.721666666666666
2025-08-20 09:00:00,575,Kanyakumari,2.0,-10.736666666666666
2025-08-27 13:00:00,575,Kanyakumari,0.5,-8.772
2025-08-27 23:00:00,575,Kanyakumari,4.25,-8.706
2025-08-28 00:00:00,575,Kanyakumari,1.0,-8.706
2025-08-28 01:00:00,575,Kanyakumari,0.5,-8.706
2025-08-28 02:00:00,575,Kanyakumari,0.75,-8.706
2025-08-28 03:00:00,575,Kanyakumari,1.0,-8.706
2025-08-28 04:00:00,575,Kanyakumari,1.6666666666666667,-8.618
2025-08-28 05:00:00,575,Kanyakumari,1.375,-8.618
2025-08-28 06:00:00,575,Kanyakumari,0.6666666666666666,-8.618
2025-08-28 07:00:00,575,Kanyakumari,0.75,-8.618
2025-08-28 08:00:00,575,Kanyakumari,0.5,-8.618
2025-08-28 13:00:00,575,Kanyakumari,0.5,-8.76
2025-09-01 13:00:00,575,Kanyakumari,0.5,-9.15
2025-09-03 15:00:00,575,Kanyakumari,0.5,-8.712
2025-09-03 16:00:00,575,Kanyakumari,0.6666666666666666,-8.754
2025-09-10 16:00:00,575,Kanyakumari,0.5,-8.968
2025-09-15 14:00:00,575,Kanyakumari,4.0,-9.104
2025-09-16 14:00:00,575,Kanyakumari,0.5,-9.126
2025-09-17 15:00:00,575,Kanyakumari,0.5,-9.138
2025-09-20 15:00:00,575,Kanyakumari,1.0,-9.238
2025-09-20 16:00:00,575,Kanyakumari,1.75,-9.216
2025-09-20 17:00:00,575,Kanyakumari,0.5,-9.216
2025-09-23 11:00:00,575,Kanyakumari,0.5,-9.37
2025-09-23 13:00:00,575,Kanyakumari,1.0,-9.37
2025-09-23 14:00:00,575,Kanyakumari,1.5,-9.37
2025-09-23 15:00:00,575,Kanyakumari,3.0,-9.37
2025-09-23 17:00:00,575,Kanyakumari,178.5,-9.236
2025-09-24 01:00:00,575,Kanyakumari,0.5,-9.214
2025-09-24 02:00:00,575,Kanyakumari,1.5,-9.214
2025-09-24 03:00:00,575,Kanyakumari,0.5,-9.214
2025-09-24 05:00:00,575,Kanyakumari,0.5,-9.22
2025-09-24 06:00:00,575,Kanyakumari,2.0,-9.22
2025-09-24 07:00:00,575,Kanyakumari,0.5,-9.22
2025-09-24 08:00:00,575,Kanyakumari,0.5,-9.22
2025-09-24 10:00:00,575,Kanyakumari,0.5,-9.212
2025-09-24 12:00:00,575,Kanyakumari,1.0,-9.212
2025-09-24 13:00:00,575,Kanyakumari,0.5,-9.212
2025-09-24 14:00:00,575,Kanyakumari,0.5,-9.212
2025-09-24 19:00:00,575,Kanyakumari,1.5,-9.106
2025-09-25 00:00:00,575,Kanyakumari,2.5,-9.016
2025-09-25 01:00:00,575,Kanyakumari,0.75,-9.016
2025-09-25 02:00:00,575,Kanyakumari,2.0,-9.016
2025-09-25 03:00:00,575,Kanyakumari,3.5,-9.016
2025-09-25 04:00:00,575,Kanyakumari,2.7,-9.022
2025-09-25 05:00:00,575,Kanyakumari,1.125,-9.022
2025-09-25 06:00:00,575,Kanyakumari,0.5,-9.022
2025-09-25 07:00:00,575,Kanyakumari,0.5,-9.022
2025-09-25 08:00:00,575,Kanyakumari,1.75,-9.022
2025-09-25 09:00:00,575,Kanyakumari,3.5,-9.022
2025-09-25 10:00:00,575,Kanyakumari,1.25,-8.866
2025-09-25 11:00:00,575,Kanyakumari,0.8333333333333334,-8.866
2025-09-25 12:00:00,575,Kanyakumari,8.666666666666666,-8.866
2025-09-25 13:00:00,575,Kanyakumari,2.125,-8.866
2025-09-25 14:00:00,575,Kanyakumari,10.0,-8.866
2025-09-25 15:00:00,575,Kanyakumari,2.25,-8.866
2025-09-25 16:00:00,575,Kanyakumari,1.625,-8.494
2025-09-25 17:00:00,575,Kanyakumari,2.875,-8.494
2025-09-25 18:00:00,575,Kanyakumari,2.75,-8.494
2025-09-25 19:00:00,575,Kanyakumari,2.875,-8.494
2025-09-25 20:00:00,575,Kanyakumari,3.25,-8.494
2025-09-25 21:00:00,575,Kanyakumari,2.5,-8.494
2025-09-25 22:00:00,575,Kanyakumari,1.375,-8.23
2025-09-25 23:00:00,575,Kanyakumari,2.875,-8.23
2025-09-26 00:00:00,575,Kanyakumari,5.875,-8.23
2025-09-26 01:00:00,575,Kanyakumari,2.375,-8.23
2025-09-26 02:00:00,575,Kanyakumari,1.0,-8.23
2025-09-26 03:00:00,575,Kanyakumari,0.8333333333333334,-8.23
2025-09-26 04:00:00,575,Kanyakumari,1.5,-8.186
2025-09-26 05:00:00,575,Kanyakumari,1.6666666666666667,-8.186
2025-09-26 06:00:00,575,Kanyakumari,9.5,-8.186
2025-09-26 07:00:00,575,Kanyakumari,5.875,-8.186
2025-09-26 08:00:00,575,Kanyakumari,7.375,-8.186
2025-09-26 09:00:00,575,Kanyakumari,3.75,-8.186
2025-09-26 10:00:00,575,Kanyakumari,2.5,-7.970000000000001
2025-09-26 11:00:00,575,Kanyakumari,0.5,-7.970000000000001
2025-09-26 12:00:00,575,Kanyakumari,1.5,-7.970000000000001
2025-09-26 13:00:00,575,Kanyakumari,1.0,-7.970000000000001
2025-09-26 14:00:00,575,Kanyakumari,0.75,-7.970000000000001
2025-09-26 16:00:00,575,Kanyakumari,0.5,-7.987999999999999
2025-09-26 17:00:00,575,Kanyakumari,1.0,-7.987999999999999
2025-09-26 18:00:00,575,Kanyakumari,0.5,-7.987999999999999
2025-09-26 20:00:00,575,Kanyakumari,0.5,-7.987999999999999
2025-09-26 22:00:00,575,Kanyakumari,0.5,-7.965999999999999
2025-09-27 00:00:00,575,Kanyakumari,0.5,-7.965999999999999
2025-09-27 01:00:00,575,Kanyakumari,0.5,-7.965999999999999
2025-09-27 04:00:00,575,Kanyakumari,0.5,-7.938
2025-09-27 07:00:00,575,Kanyakumari,0.5,-7.938
2025-09-27 10:00:00,575,Kanyakumari,0.5,-7.997999999999999
2025-09-27 13:00:00,575,Kanyakumari,0.5,-7.997999999999999
2025-09-27 16:00:00,575,Kanyakumari,0.5,-8.026
2025-09-27 20:00:00,575,Kanyakumari,0.5,-8.026
2025-09-27 21:00:00,575,Kanyakumari,0.5,-8.026
2025-09-27 22:00:00,575,Kanyakumari,1.0,-8.048
2025-09-27 23:00:00,575,Kanyakumari,0.5,-8.048
2025-09-28 01:00:00,575,Kanyakumari,0.5,-8.048
2025-09-28 03:00:00,575,Kanyakumari,0.5,-8.048
2025-09-28 06:00:00,575,Kanyakumari,0.5,-8.062000000000001
2025-09-28 07:00:00,575,Kanyakumari,1.0,-8.062000000000001
2025-09-28 11:00:00,575,Kanyakumari,0.5,-8.09
2025-09-28 12:00:00,575,Kanyakumari,0.5,-8.09
2025-09-28 15:00:00,575,Kanyakumari,0.5,-8.09
2025-09-28 19:00:00,575,Kanyakumari,1.0,-8.16
2025-09-28 20:00:00,575,Kanyakumari,0.5,-8.16
2025-09-29 00:00:00,575,Kanyakumari,0.5,-10.501666666666669
2025-09-29 02:00:00,575,Kanyakumari,0.5,-10.501666666666669
2025-09-29 04:00:00,575,Kanyakumari,1.5,-10.495
2025-09-29 05:00:00,575,Kanyakumari,0.75,-10.495
2025-09-29 07:00:00,575,Kanyakumari,0.5,-10.495
2025-09-29 08:00:00,575,Kanyakumari,1.6666666666666667,-10.495
2025-09-29 09:00:00,575,Kanyakumari,0.5,-10.495
2025-09-29 11:00:00,575,Kanyakumari,0.5,-10.498333333333331
2025-09-29 12:00:00,575,Kanyakumari,0.5,-10.498333333333331
2025-09-29 13:00:00,575,Kanyakumari,0.5,-10.498333333333331
2025-09-29 14:00:00,575,Kanyakumari,0.5,-10.498333333333331
2025-09-29 18:00:00,575,Kanyakumari,0.5,-10.52
2025-09-30 01:00:00,575,Kanyakumari,0.5,-10.53
2025-09-30 08:00:00,575,Kanyakumari,0.5,-10.545
2025-09-30 15:00:00,575,Kanyakumari,0.5,-10.585
2025-09-30 22:00:00,575,Kanyakumari,0.5,-10.61
2025-10-01 06:00:00,575,Kanyakumari,0.5,-10.601666666666668
2025-10-01 14:00:00,575,Kanyakumari,0.5,-10.621666666666668
2025-10-01 22:00:00,575,Kanyakumari,0.5,-10.635
2025-10-02 08:00:00,575,Kanyakumari,0.5,-8.306000000000001
2025-10-02 18:00:00,575,Kanyakumari,0.5,-8.335999999999999
2025-10-03 05:00:00,575,Kanyakumari,0.5,-8.374
2025-10-03 16:00:00,575,Kanyakumari,0.5,-8.448
2025-10-04 04:00:00,575,Kanyakumari,0.5,-8.42
2025-10-04 13:00:00,575,Kanyakumari,1.0,-8.442
2025-10-04 14:00:00,575,Kanyakumari,1.0,-8.442
2025-10-04 15:00:00,575,Kanyakumari,0.5,-8.442
2025-10-04 16:00:00,575,Kanyakumari,0.75,-8.328
2025-10-04 17:00:00,575,Kanyakumari,1.5,-8.328
2025-10-04 18:00:00,575,Kanyakumari,0.5,-8.328
2025-10-04 19:00:00,575,Kanyakumari,0.5,-8.328
2025-10-05 10:00:00,575,Kanyakumari,0.5,-8.363999999999999
2025-10-06 03:00:00,575,Kanyakumari,0.5,-8.386
2025-11-14 09:00:00,575,Kanyakumari,0.5,-7.401999999999999
2025-11-14 11:00:00,575,Kanyakumari,0.5,-7.401999999999999
2025-11-14 12:00:00,575,Kanyakumari,2.0,-7.401999999999999
2025-11-14 13:00:00,575,Kanyakumari,0.5,-7.401999999999999
2025-11-14 19:00:00,575,Kanyakumari,1.5,-7.401999999999999
2025-11-14 20:00:00,575,Kanyakumari,0.5,-7.401999999999999
2025-11-14 21:00:00,575,Kanyakumari,3.5,-7.401999999999999
2025-11-14 22:00:00,575,Kanyakumari,1.75,-7.401999999999999
2025-11-14 23:00:00,575,Kanyakumari,0.8333333333333334,-7.401999999999999
2025-11-15 14:00:00,575,Kanyakumari,0.5,-7.401999999999999
2025-11-15 15:00:00,575,Kanyakumari,5.75,-7.401999999999999
2025-11-15 16:00:00,575,Kanyakumari,1.75,-7.401999999999999
2025-11-16 14:00:00,575,Kanyakumari,1.0,-7.401999999999999
2025-11-16 15:00:00,575,Kanyakumari,3.0,-7.401999999999999
2025-11-16 16:00:00,575,Kanyakumari,1.5,-7.401999999999999
2025-11-16 17:00:00,575,Kanyakumari,0.5,-7.401999999999999
2025-11-16 19:00:00,575,Kanyakumari,0.5,-7.401999999999999
2025-11-16 20:00:00,575,Kanyakumari,3.5,-7.401999999999999
2025-11-16 22:00:00,575,Kanyakumari,0.5,-7.401999999999999
2025-11-17 23:00:00,575,Kanyakumari,0.5,-7.401999999999999
2025-11-18 02:00:00,575,Kanyakumari,0.5,-7.401999999999999
2025-11-18 10:00:00,575,Kanyakumari,0.5,-7.401999999999999
2025-11-18 11:00:00,575,Kanyakumari,1.75,-7.401999999999999
2025-11-18 12:00:00,575,Kanyakumari,2.6666666666666665,-7.401999999999999
2025-11-18 13:00:00,575,Kanyakumari,2.75,-7.401999999999999
2025-11-18 14:00:00,575,Kanyakumari,1.3333333333333333,-7.401999999999999
2025-11-18 15:00:00,575,Kanyakumari,0.75,-7.401999999999999
2025-11-18 16:00:00,575,Kanyakumari,0.5,-7.401999999999999
2025-11-18 17:00:00,575,Kanyakumari,0.5,-7.401999999999999
2025-11-18 19:00:00,575,Kanyakumari,0.5,-7.401999999999999
2025-11-18 20:00:00,575,Kanyakumari,1.75,-7.401999999999999
2025-11-18 21:00:00,575,Kanyakumari,2.0,-7.401999999999999
2025-11-18 22:00:00,575,Kanyakumari,1.6666666666666667,-7.401999999999999
2025-11-18 23:00:00,575,Kanyakumari,1.75,-7.401999999999999
2025-11-19 00:00:00,575,Kanyakumari,1.5,-7.401999999999999
2025-11-19 01:00:00,575,Kanyakumari,1.0,-7.401999999999999
2025-11-19 02:00:00,575,Kanyakumari,1.0,-7.401999999999999
2025-11-19 05:00:00,575,Kanyakumari,0.5,-7.401999999999999
2025-11-19 07:00:00,575,Kanyakumari,0.5,-7.401999999999999
2025-11-19 10:00:00,575,Kanyakumari,0.5,-7.401999999999999
2025-11-19 12:00:00,575,Kanyakumari,0.5,-7.401999999999999
2025-11-19 13:00:00,575,Kanyakumari,0.5,-7.401999999999999
2025-11-19 14:00:00,575,Kanyakumari,0.5,-7.401999999999999
2025-11-19 16:00:00,575,Kanyakumari,0.5,-7.401999999999999
2025-11-19 18:00:00,575,Kanyakumari,3.0,-7.401999999999999
2025-11-19 21:00:00,575,Kanyakumari,0.5,-7.401999999999999
2025-11-19 23:00:00,575,Kanyakumari,0.5,-7.401999999999999
2025-11-20 02:00:00,575,Kanyakumari,0.5,-7.401999999999999
2025-11-20 06:00:00,575,Kanyakumari,0.5,-7.401999999999999
2025-11-20 09:00:00,575,Kanyakumari,0.5,-7.401999999999999
2025-11-20 12:00:00,575,Kanyakumari,0.5,-7.401999999999999
2025-11-20 13:00:00,575,Kanyakumari,0.5,-7.401999999999999
2025-11-20 15:00:00,575,Kanyakumari,0.5,-7.401999999999999
2025-11-20 17:00:00,575,Kanyakumari,0.5,-7.401999999999999
2025-11-20 20:00:00,575,Kanyakumari,0.5,-7.401999999999999
2025-11-20 23:00:00,575,Kanyakumari,0.5,-7.401999999999999
2025-11-21 03:00:00,575,Kanyakumari,0.5,-7.401999999999999
2025-11-21 07:00:00,575,Kanyakumari,0.5,-7.384
2025-11-21 10:00:00,575,Kanyakumari,0.5,-7.406000000000001
2025-11-21 13:00:00,575,Kanyakumari,0.5,-7.406000000000001
2025-11-21 16:00:00,575,Kanyakumari,0.5,-7.401999999999999
2025-11-21 18:00:00,575,Kanyakumari,0.5,-7.401999999999999
2025-11-21 19:00:00,575,Kanyakumari,5.5,-7.401999999999999
2025-11-21 20:00:00,575,Kanyakumari,0.5,-7.401999999999999
2025-11-21 21:00:00,575,Kanyakumari,0.5,-7.401999999999999
2025-11-21 22:00:00,575,Kanyakumari,9.25,-7.306
2025-11-21 23:00:00,575,Kanyakumari,0.75,-7.306
2025-11-22 00:00:00,575,Kanyakumari,0.5,-7.306
2025-11-22 02:00:00,575,Kanyakumari,1.1666666666666667,-7.306
2025-11-22 03:00:00,575,Kanyakumari,1.0,-7.306
2025-11-22 04:00:00,575,Kanyakumari,0.5,-7.258
2025-11-22 05:00:00,575,Kanyakumari,0.5,-7.258
2025-11-22 08:00:00,575,Kanyakumari,0.5,-7.258
2025-11-22 09:00:00,575,Kanyakumari,0.5,-7.258
2025-11-22 10:00:00,575,Kanyakumari,0.75,-7.278
2025-11-22 11:00:00,575,Kanyakumari,0.75,-7.278
2025-11-22 12:00:00,575,Kanyakumari,0.5,-7.278
2025-11-22 13:00:00,575,Kanyakumari,1.75,-7.278
2025-11-22 14:00:00,575,Kanyakumari,1.3333333333333333,-7.278
2025-11-22 15:00:00,575,Kanyakumari,2.0,-7.278
2025-11-22 16:00:00,575,Kanyakumari,1.25,-7.13
2025-11-22 17:00:00,575,Kanyakumari,1.25,-7.13
2025-11-22 18:00:00,575,Kanyakumari,0.6666666666666666,-7.13
2025-11-22 19:00:00,575,Kanyakumari,2.75,-7.13
2025-11-22 20:00:00,575,Kanyakumari,1.1666666666666667,-7.13
2025-11-22 21:00:00,575,Kanyakumari,0.5,-7.13
2025-11-22 23:00:00,575,Kanyakumari,0.75,-7.042
2025-11-23 03:00:00,575,Kanyakumari,0.5,-7.042
2025-11-23 06:00:00,575,Kanyakumari,0.5,-7.104000000000001
2025-11-23 09:00:00,575,Kanyakumari,0.5,-7.104000000000001
2025-11-23 11:00:00,575,Kanyakumari,0.5,-7.154000000000001
2025-11-23 13:00:00,575,Kanyakumari,0.5,-7.154000000000001
2025-11-23 14:00:00,575,Kanyakumari,0.6666666666666666,-7.154000000000001
2025-11-23 15:00:00,575,Kanyakumari,1.0,-7.154000000000001
2025-11-23 16:00:00,575,Kanyakumari,1.0,-7.112
2025-11-23 17:00:00,575,Kanyakumari,1.0,-7.112
2025-11-23 18:00:00,575,Kanyakumari,1.5,-7.112
2025-11-23 19:00:00,575,Kanyakumari,0.75,-7.112
2025-11-23 22:00:00,575,Kanyakumari,1.5,-7.091999999999999
2025-11-23 23:00:00,575,Kanyakumari,1.5,-7.091999999999999
2025-11-24 00:00:00,575,Kanyakumari,3.8333333333333335,-7.091999999999999
2025-11-24 01:00:00,575,Kanyakumari,5.25,-7.091999999999999
2025-11-24 02:00:00,575,Kanyakumari,0.8333333333333334,-7.091999999999999
2025-11-24 03:00:00,575,Kanyakumari,1.0,-7.091999999999999
2025-11-24 04:00:00,575,Kanyakumari,1.1666666666666667,-7.026000000000001
2025-11-24 05:00:00,575,Kanyakumari,0.5,-7.026000000000001
2025-11-24 06:00:00,575,Kanyakumari,0.5,-7.026000000000001
2025-11-24 08:00:00,575,Kanyakumari,0.5,-7.026000000000001
2025-11-24 09:00:00,575,Kanyakumari,0.5,-7.026000000000001
2025-11-24 10:00:00,575,Kanyakumari,0.5,-7.062
2025-11-24 11:00:00,575,Kanyakumari,1.1666666666666667,-7.062
2025-11-24 12:00:00,575,Kanyakumari,3.25,-7.062
2025-11-24 13:00:00,575,Kanyakumari,0.8333333333333334,-7.062
2025-11-24 14:00:00,575,Kanyakumari,2.0,-7.062
2025-11-24 15:00:00,575,Kanyakumari,0.5,-7.062
2025-11-24 16:00:00,575,Kanyakumari,0.5,-7.088000000000001
2025-11-24 17:00:00,575,Kanyakumari,0.5,-7.088000000000001
2025-11-24 19:00:00,575,Kanyakumari,0.5,-7.088000000000001
2025-11-24 20:00:00,575,Kanyakumari,0.5,-7.088000000000001
2025-11-24 21:00:00,575,Kanyakumari,0.5,-7.088000000000001
2025-11-24 22:00:00,575,Kanyakumari,0.5,-7.06
2025-11-24 23:00:00,575,Kanyakumari,0.5,-7.06
2025-11-25 01:00:00,575,Kanyakumari,0.5,-7.06
2025-11-25 02:00:00,575,Kanyakumari,0.5,-7.06
2025-11-25 04:00:00,575,Kanyakumari,0.75,-7.046000000000001
2025-11-25 06:00:00,575,Kanyakumari,0.5,-7.046000000000001
2025-11-25 08:00:00,575,Kanyakumari,0.75,-7.046000000000001
2025-11-25 09:00:00,575,Kanyakumari,0.5,-7.046000000000001
2025-11-25 10:00:00,575,Kanyakumari,0.5,-7.103999999999999
2025-11-25 11:00:00,575,Kanyakumari,0.5,-7.103999999999999
2025-11-25 12:00:00,575,Kanyakumari,0.5,-7.103999999999999
2025-11-25 14:00:00,575,Kanyakumari,0.5,-7.103999999999999
2025-11-25 15:00:00,575,Kanyakumari,0.5,-7.103999999999999
2025-11-25 16:00:00,575,Kanyakumari,0.5,-7.086
2025-11-25 18:00:00,575,Kanyakumari,0.5,-7.086
2025-11-25 19:00:00,575,Kanyakumari,0.5,-7.086
2025-11-25 20:00:00,575,Kanyakumari,0.5,-7.086
2025-11-25 22:00:00,575,Kanyakumari,0.5,-7.109999999999999
2025-11-25 23:00:00,575,Kanyakumari,0.5,-7.109999999999999
2025-11-26 01:00:00,575,Kanyakumari,0.5,-7.109999999999999
2025-11-26 03:00:00,575,Kanyakumari,0.5,-7.109999999999999
2025-11-26 04:00:00,575,Kanyakumari,0.5,-7.13
2025-11-26 06:00:00,575,Kanyakumari,0.5,-7.13
2025-11-26 07:00:00,575,Kanyakumari,0.5,-7.13
2025-11-26 08:00:00,575,Kanyakumari,0.5,-7.13
2025-11-26 10:00:00,575,Kanyakumari,0.5,-7.191999999999998
2025-11-26 11:00:00,575,Kanyakumari,0.5,-7.191999999999998
2025-11-26 12:00:00,575,Kanyakumari,0.5,-7.191999999999998
2025-11-26 13:00:00,575,Kanyakumari,0.5,-7.191999999999998
2025-11-26 14:00:00,575,Kanyakumari,0.5,-7.191999999999998
2025-11-26 15:00:00,575,Kanyakumari,0.5,-7.191999999999998
2025-11-26 16:00:00,575,Kanyakumari,0.5,-7.211999999999999
2025-11-26 17:00:00,575,Kanyakumari,0.75,-7.211999999999999
2025-11-26 18:00:00,575,Kanyakumari,0.5,-7.211999999999999
2025-11-26 19:00:00,575,Kanyakumari,0.5,-7.211999999999999
2025-11-26 20:00:00,575,Kanyakumari,0.5,-7.211999999999999
2025-11-26 22:00:00,575,Kanyakumari,0.5,-7.217999999999999
2025-11-27 00:00:00,575,Kanyakumari,0.5,-7.217999999999999
2025-11-27 02:00:00,575,Kanyakumari,0.5,-7.217999999999999
2025-11-27 03:00:00,575,Kanyakumari,0.5,-7.217999999999999
2025-11-27 05:00:00,575,Kanyakumari,0.5,-7.217999999999999
2025-11-27 07:00:00,575,Kanyakumari,0.5,-7.217999999999999
2025-11-27 08:00:00,575,Kanyakumari,0.5,-7.217999999999999
2025-11-27 10:00:00,575,Kanyakumari,0.5,-7.217999999999999
2025-11-27 12:00:00,575,Kanyakumari,0.5,-7.217999999999999
2025-12-01 02:00:00,575,Kanyakumari,0.5,-8.51
2025-12-01 06:00:00,575,Kanyakumari,0.5,-8.5125
2025-12-01 11:00:00,575,Kanyakumari,0.5,-8.575
2025-12-01 14:00:00,575,Kanyakumari,0.5,-8.575
2025-12-01 17:00:00,575,Kanyakumari,0.5,-8.584999999999999
2025-12-01 19:00:00,575,Kanyakumari,0.5,-8.584999999999999
2025-12-01 22:00:00,575,Kanyakumari,0.5,-8.625
2025-12-02 02:00:00,575,Kanyakumari,0.5,-8.625
2025-12-02 06:00:00,575,Kanyakumari,0.5,-8.6475
2025-12-02 09:00:00,575,Kanyakumari,0.5,-8.6475
2025-12-02 11:00:00,575,Kanyakumari,0.5,-8.682500000000001
2025-12-02 13:00:00,575,Kanyakumari,0.5,-8.682500000000001
2025-12-02 15:00:00,575,Kanyakumari,0.5,-8.682500000000001
2025-12-02 17:00:00,575,Kanyakumari,0.5,-8.692499999999999
2025-12-02 19:00:00,575,Kanyakumari,1.0,-8.692499999999999
2025-12-02 20:00:00,575,Kanyakumari,0.5,-8.692499999999999
2025-12-02 23:00:00,575,Kanyakumari,0.5,-8.665
2025-12-03 01:00:00,575,Kanyakumari,0.5,-8.665
2025-12-03 04:00:00,575,Kanyakumari,0.5,-8.67
2025-12-03 07:00:00,575,Kanyakumari,0.5,-8.67
2025-12-03 09:00:00,575,Kanyakumari,0.5,-8.67
2025-12-03 12:00:00,575,Kanyakumari,0.5,-8.7025
2025-12-03 14:00:00,575,Kanyakumari,0.5,-8.7025
2025-12-04 23:00:00,575,Kanyakumari,0.5,-8.764999999999999
2025-12-16 23:00:00,575,Kanyakumari,1.0,-9.18
2025-12-17 00:00:00,575,Kanyakumari,0.75,-9.18
2026-01-01 23:00:00,575,Kanyakumari,0.5,-8.481111111111112
2026-01-02 00:00:00,575,Kanyakumari,6.5,-8.481111111111112
2026-01-02 01:00:00,575,Kanyakumari,2.25,-8.481111111111112
2026-01-02 02:00:00,575,Kanyakumari,4.0,-8.481111111111112
2026-01-02 03:00:00,575,Kanyakumari,4.25,-8.481111111111112
2026-01-02 04:00:00,575,Kanyakumari,1.0,-8.428888888888888
2026-01-02 07:00:00,575,Kanyakumari,3.0,-8.428888888888888
2026-01-02 08:00:00,575,Kanyakumari,1.5,-8.428888888888888
2026-01-02 09:00:00,575,Kanyakumari,0.5,-8.428888888888888
2026-01-03 11:00:00,575,Kanyakumari,0.5,-8.487777777777778
2026-02-23 06:00:00,575,Kanyakumari,0.5,-9.496666666666666
2026-02-25 14:00:00,575,Kanyakumari,2.5,-12.953333333333331
2026-02-25 15:00:00,575,Kanyakumari,14.25,-12.953333333333331
2026-02-25 16:00:00,575,Kanyakumari,40.0,-12.943333333333332
2026-02-27 00:00:00,575,Kanyakumari,1.0,-9.6625
2026-02-27 14:00:00,575,Kanyakumari,0.75,-9.182
2026-02-27 14:30:00,575,Kanyakumari,0.5,-9.182
2026-02-27 15:00:00,575,Kanyakumari,6.25,-9.182
2026-02-27 16:00:00,575,Kanyakumari,1.0,-9.21
2026-02-28 14:00:00,575,Kanyakumari,0.5,-9.578888888888889
2026-02-28 17:00:00,575,Kanyakumari,1.5,-9.612222222222222
2026-03-18 14:00:00,575,Kanyakumari,2.0,-9.84875
2026-03-18 15:00:00,575,Kanyakumari,0.5,-9.84875
2026-03-18 15:30:00,575,Kanyakumari,5.5,-9.83875
2026-03-18 16:00:00,575,Kanyakumari,11.666666666666666,-9.83875
2026-03-18 16:30:00,575,Kanyakumari,5.0,-9.83875
2026-03-18 17:00:00,575,Kanyakumari,8.0,-9.83875
2026-03-18 17:30:00,575,Kanyakumari,2.0,-9.83875
2026-03-18 18:00:00,575,Kanyakumari,2.5,-9.83875
2026-03-19 08:30:00,575,Kanyakumari,0.5,-9.7625
2026-03-19 09:00:00,575,Kanyakumari,0.5,-9.7625
2026-03-19 13:30:00,575,Kanyakumari,0.5,-9.89
2026-03-19 14:00:00,575,Kanyakumari,0.5,-9.89
2026-03-19 15:00:00,575,Kanyakumari,1.0,-9.89
2026-03-20 17:00:00,575,Kanyakumari,11.5,-11.436666666666667
2026-03-20 18:00:00,575,Kanyakumari,18.0,-11.436666666666667
2026-03-20 19:00:00,575,Kanyakumari,1.0,-11.436666666666667
2026-03-28 17:00:00,575,Kanyakumari,2.5,-10.776666666666666
2021-12-30 15:55:00,576,Karur,0.5,-3.15175
2021-12-31 05:35:00,576,Karur,0.5,-3.13475
2021-12-31 05:45:00,576,Karur,0.5,-3.13475
2021-12-31 05:50:00,576,Karur,0.5,-3.13475
2021-12-31 05:55:00,576,Karur,0.5,-3.13475
2021-12-31 06:00:00,576,Karur,0.5,-3.13475
2021-12-31 08:05:00,576,Karur,0.5,-3.13475
2021-12-31 08:10:00,576,Karur,0.5,-3.13475
2021-12-31 08:15:00,576,Karur,0.5,-3.13475
2021-12-31 08:25:00,576,Karur,0.5,-3.13475
2021-12-31 08:30:00,576,Karur,0.5,-3.13475
2021-12-31 08:35:00,576,Karur,0.5,-3.13475
2021-12-31 08:40:00,576,Karur,0.5,-3.13475
2021-12-31 12:20:00,576,Karur,1.0,-3.1397500000000003
2021-12-31 12:25:00,576,Karur,2.0,-3.1397500000000003
2021-12-31 12:30:00,576,Karur,2.5,-3.1397500000000003
2021-12-31 12:35:00,576,Karur,2.5,-3.1397500000000003
2021-12-31 12:40:00,576,Karur,2.5,-3.1397500000000003
2021-12-31 12:45:00,576,Karur,2.5,-3.1397500000000003
2021-12-31 12:50:00,576,Karur,2.5,-3.1397500000000003
2021-12-31 12:55:00,576,Karur,2.5,-3.1397500000000003
2021-12-31 13:00:00,576,Karur,2.5,-3.1397500000000003
2021-12-31 13:30:00,576,Karur,0.5,-3.1397500000000003
2021-12-31 13:35:00,576,Karur,0.5,-3.1397500000000003
2021-12-31 13:40:00,576,Karur,0.5,-3.1397500000000003
2021-12-31 13:45:00,576,Karur,0.5,-3.1397500000000003
2021-12-31 13:50:00,576,Karur,0.5,-3.1397500000000003
2021-12-31 13:55:00,576,Karur,0.5,-3.1397500000000003
2021-12-31 15:30:00,576,Karur,0.5,-3.09875
2021-12-31 15:35:00,576,Karur,3.0,-3.09875
2021-12-31 15:40:00,576,Karur,5.0,-3.09875
2021-12-31 15:45:00,576,Karur,6.0,-3.09875
2021-12-31 15:50:00,576,Karur,6.0,-3.09875
2021-12-31 15:55:00,576,Karur,6.5,-3.09875
2021-12-31 16:00:00,576,Karur,3.5,-3.09875
2021-12-31 16:05:00,576,Karur,0.5,-3.09875
2021-12-31 16:10:00,576,Karur,0.5,-3.09875
2021-12-31 16:15:00,576,Karur,2.0,-3.09875
2021-12-31 16:20:00,576,Karur,2.0,-3.09875
2021-12-31 16:25:00,576,Karur,0.5,-3.09875
2021-12-31 16:30:00,576,Karur,0.5,-3.09875
2021-12-31 16:35:00,576,Karur,0.5,-3.09875
2021-12-31 16:40:00,576,Karur,0.5,-3.09875
2021-12-31 16:45:00,576,Karur,0.5,-3.09875
2021-12-31 16:50:00,576,Karur,0.5,-3.09875
2021-12-31 16:55:00,576,Karur,1.0,-3.09875
2021-12-31 18:00:00,576,Karur,5.0,-3.09875
2021-12-31 18:25:00,576,Karur,0.5,-3.09875
2021-12-31 18:30:00,576,Karur,0.5,-3.09875
2021-12-31 18:35:00,576,Karur,0.5,-3.09875
2021-12-31 18:45:00,576,Karur,0.5,-3.09875
2021-12-31 18:50:00,576,Karur,0.5,-3.09875
2021-12-31 18:55:00,576,Karur,0.5,-3.09875
2021-12-31 19:00:00,576,Karur,0.5,-3.09875
2022-01-01 04:00:00,576,Karur,2.0,-3.074
2022-01-01 12:25:00,576,Karur,0.5,-3.07825
2022-01-01 12:30:00,576,Karur,3.0,-3.07825
2022-01-01 12:35:00,576,Karur,5.0,-3.07825
2022-01-01 12:50:00,576,Karur,5.5,-3.07825
2022-01-01 12:55:00,576,Karur,5.5,-3.07825
2022-01-01 15:00:00,576,Karur,10.0,-3.07825
2022-01-01 16:00:00,576,Karur,5.5,-3.0715
2022-01-01 16:30:00,576,Karur,2.0,-3.0715
2022-01-01 16:35:00,576,Karur,2.0,-3.0715
2022-01-01 16:40:00,576,Karur,2.0,-3.0715
2022-01-01 16:45:00,576,Karur,2.0,-3.0715
2022-01-01 16:50:00,576,Karur,2.0,-3.0715
2022-01-01 16:55:00,576,Karur,2.0,-3.0715
2022-01-01 17:00:00,576,Karur,1.25,-3.0715
2022-01-01 17:40:00,576,Karur,0.5,-3.0715
2022-01-01 17:45:00,576,Karur,0.5,-3.0715
2022-01-01 17:50:00,576,Karur,0.5,-3.0715
2022-01-01 17:55:00,576,Karur,0.5,-3.0715
2022-01-01 18:00:00,576,Karur,1.0,-3.0715
2022-01-01 19:00:00,576,Karur,0.5,-3.0715
2022-01-01 20:45:00,576,Karur,0.5,-3.0715
2022-01-01 20:50:00,576,Karur,0.5,-3.0715
2022-01-01 20:55:00,576,Karur,0.5,-3.0715
2022-01-01 21:00:00,576,Karur,0.5,-3.0715
2022-03-01 08:00:00,576,Karur,1.0,-4.012666666666667
2022-03-07 05:10:00,576,Karur,0.5,-4.072666666666667
2022-03-07 05:15:00,576,Karur,0.5,-4.072666666666667
2022-03-07 05:20:00,576,Karur,0.5,-4.072666666666667
2022-03-07 05:25:00,576,Karur,0.5,-4.072666666666667
2022-03-07 05:30:00,576,Karur,0.5,-4.072666666666667
2022-03-07 05:35:00,576,Karur,0.5,-4.072666666666667
2022-03-07 05:40:00,576,Karur,0.5,-4.072666666666667
2022-03-07 05:45:00,576,Karur,0.5,-4.072666666666667
2022-03-07 05:50:00,576,Karur,0.5,-4.072666666666667
2022-03-07 05:55:00,576,Karur,0.5,-4.072666666666667
2022-03-07 06:00:00,576,Karur,0.5,-4.072666666666667
2022-03-07 06:25:00,576,Karur,1.0,-4.072666666666667
2022-03-07 06:30:00,576,Karur,1.0,-4.072666666666667
2022-03-07 06:35:00,576,Karur,1.0,-4.072666666666667
2022-03-07 06:40:00,576,Karur,1.0,-4.072666666666667
2022-03-07 06:45:00,576,Karur,1.0,-4.072666666666667
2022-03-07 06:50:00,576,Karur,1.0,-4.072666666666667
2022-03-07 06:55:00,576,Karur,1.0,-4.072666666666667
2022-03-07 07:00:00,576,Karur,1.0,-4.072666666666667
2022-03-07 18:00:00,576,Karur,0.5,-4.078333333333333
2022-03-07 19:55:00,576,Karur,0.5,-4.078333333333333
2022-03-07 20:00:00,576,Karur,1.0,-4.078333333333333
2022-03-07 20:25:00,576,Karur,0.5,-4.078333333333333
2022-03-07 20:30:00,576,Karur,0.5,-4.078333333333333
2022-03-07 20:35:00,576,Karur,0.5,-4.078333333333333
2022-03-07 20:40:00,576,Karur,1.0,-4.078333333333333
2022-03-07 20:45:00,576,Karur,1.0,-4.078333333333333
2022-03-07 20:50:00,576,Karur,1.0,-4.078333333333333
2022-03-07 20:55:00,576,Karur,1.5,-4.078333333333333
2022-03-07 21:00:00,576,Karur,1.0,-4.078333333333333
2022-03-07 21:45:00,576,Karur,0.5,-4.073333333333333
2022-03-07 21:50:00,576,Karur,0.5,-4.073333333333333
2022-03-07 21:55:00,576,Karur,0.5,-4.073333333333333
2022-03-07 22:00:00,576,Karur,4.0,-4.073333333333333
2022-03-07 23:00:00,576,Karur,1.5,-4.073333333333333
2022-03-07 23:10:00,576,Karur,0.5,-4.073333333333333
2022-03-07 23:15:00,576,Karur,0.5,-4.073333333333333
2022-03-07 23:20:00,576,Karur,1.0,-4.073333333333333
2022-03-07 23:25:00,576,Karur,1.5,-4.073333333333333
2022-03-07 23:30:00,576,Karur,2.0,-4.073333333333333
2022-03-07 23:35:00,576,Karur,2.5,-4.073333333333333
2022-03-07 23:40:00,576,Karur,2.5,-4.073333333333333
2022-03-07 23:45:00,576,Karur,2.5,-4.073333333333333
2022-03-07 23:50:00,576,Karur,2.5,-4.073333333333333
2022-03-07 23:55:00,576,Karur,2.5,-4.073333333333333
2022-03-08 00:00:00,576,Karur,1.5,-4.073333333333333
2022-03-08 01:00:00,576,Karur,1.0,-4.073333333333333
2022-03-08 01:15:00,576,Karur,0.5,-4.073333333333333
2022-03-08 01:20:00,576,Karur,0.5,-4.073333333333333
2022-03-08 01:25:00,576,Karur,0.5,-4.073333333333333
2022-03-08 01:30:00,576,Karur,0.5,-4.073333333333333
2022-03-08 01:35:00,576,Karur,0.5,-4.073333333333333
2022-03-08 01:40:00,576,Karur,0.5,-4.073333333333333
2022-03-08 01:45:00,576,Karur,0.5,-4.073333333333333
2022-03-08 01:50:00,576,Karur,0.5,-4.073333333333333
2022-03-08 01:55:00,576,Karur,0.5,-4.073333333333333
2022-03-08 02:00:00,576,Karur,0.75,-4.073333333333333
2022-03-08 02:50:00,576,Karur,0.5,-4.073333333333333
2022-03-08 02:55:00,576,Karur,0.5,-4.073333333333333
2022-03-08 03:00:00,576,Karur,0.5,-4.073333333333333
2022-03-08 03:10:00,576,Karur,0.5,-4.066666666666666
2022-03-08 03:15:00,576,Karur,0.5,-4.066666666666666
2022-03-08 03:20:00,576,Karur,0.5,-4.066666666666666
2022-03-08 03:25:00,576,Karur,0.5,-4.066666666666666
2022-03-08 03:30:00,576,Karur,0.5,-4.066666666666666
2022-03-08 03:35:00,576,Karur,0.5,-4.066666666666666
2022-03-08 03:40:00,576,Karur,0.5,-4.066666666666666
2022-03-08 03:45:00,576,Karur,0.5,-4.066666666666666
2022-03-08 03:50:00,576,Karur,0.5,-4.066666666666666
2022-03-08 03:55:00,576,Karur,0.5,-4.066666666666666
2022-03-08 04:00:00,576,Karur,0.5,-4.066666666666666
2022-03-09 12:00:00,576,Karur,23.0,-4.096333333333333
2022-03-09 15:35:00,576,Karur,6.0,-4.099666666666667
2022-03-09 15:40:00,576,Karur,6.0,-4.099666666666667
2022-03-10 13:10:00,576,Karur,5.0,-4.0840000000000005
2022-03-19 19:00:00,576,Karur,6.0,-4.259333333333333
2022-03-20 18:00:00,576,Karur,4.0,-4.289333333333333
2022-03-21 20:00:00,576,Karur,0.5,-4.383
2022-03-21 21:00:00,576,Karur,4.0,-4.383
2022-03-21 22:00:00,576,Karur,0.5,-4.382333333333333
2022-03-21 23:00:00,576,Karur,3.0,-4.382333333333333
2022-03-22 00:00:00,576,Karur,7.25,-4.382333333333333
2022-03-22 01:00:00,576,Karur,1.5,-4.382333333333333
2022-03-22 02:00:00,576,Karur,18.0,-4.382333333333333
2022-03-22 03:00:00,576,Karur,1.3333333333333333,-4.382333333333333
2022-03-22 04:00:00,576,Karur,2.75,-4.3693333333333335
2022-03-22 05:00:00,576,Karur,1.0,-4.3693333333333335
2022-03-22 06:00:00,576,Karur,0.5,-4.3693333333333335
2022-03-22 09:00:00,576,Karur,0.5,-4.3693333333333335
2022-03-25 19:00:00,576,Karur,0.5,-4.428999999999999
2022-03-31 12:45:00,576,Karur,1.0,-4.4623333333333335
2022-03-31 12:50:00,576,Karur,1.0,-4.4623333333333335
2022-03-31 12:55:00,576,Karur,1.0,-4.4623333333333335
2022-03-31 13:00:00,576,Karur,1.0,-4.4623333333333335
2022-04-08 17:00:00,576,Karur,5.5,-4.641333333333333
2022-04-08 19:00:00,576,Karur,0.5,-4.641333333333333
2022-04-09 18:00:00,576,Karur,22.0,-4.639666666666667
2022-04-09 19:00:00,576,Karur,0.5,-4.639666666666667
2022-04-09 20:00:00,576,Karur,8.0,-4.639666666666667
2022-04-11 13:00:00,576,Karur,6.25,-4.716666666666666
2022-04-11 14:00:00,576,Karur,4.0,-4.716666666666666
2022-04-11 15:00:00,576,Karur,6.5,-4.716666666666666
2022-04-11 16:00:00,576,Karur,5.0,-4.699
2022-04-11 17:00:00,576,Karur,0.6666666666666666,-4.699
2022-04-12 08:00:00,576,Karur,1.5,-4.68
2022-04-12 09:00:00,576,Karur,0.5,-4.68
2022-04-12 10:00:00,576,Karur,0.5,-4.714
2022-04-12 18:00:00,576,Karur,4.5,-4.7043333333333335
2022-04-12 19:00:00,576,Karur,8.25,-4.7043333333333335
2022-04-12 20:00:00,576,Karur,1.0,-4.7043333333333335
2022-04-13 14:00:00,576,Karur,2.0,-4.699000000000001
2022-04-13 15:00:00,576,Karur,1.25,-4.699000000000001
2022-04-14 17:00:00,576,Karur,3.75,-4.665333333333333
2022-04-14 18:00:00,576,Karur,3.25,-4.665333333333333
2022-04-14 19:00:00,576,Karur,0.5,-4.665333333333333
2022-04-15 17:00:00,576,Karur,1.5,-4.662
2022-04-15 18:00:00,576,Karur,0.5,-4.662
2022-04-17 18:00:00,576,Karur,10.5,-4.609333333333333
2022-04-17 19:00:00,576,Karur,28.0,-4.609333333333333
2022-04-17 20:00:00,576,Karur,19.5,-4.609333333333333
2022-04-17 21:00:00,576,Karur,1.0,-4.609333333333333
2022-04-17 22:00:00,576,Karur,0.5,-4.624
2022-04-23 19:00:00,576,Karur,23.0,-4.648
2022-04-23 20:00:00,576,Karur,9.5,-4.648
2022-04-23 21:00:00,576,Karur,3.0,-4.648
2022-04-23 23:00:00,576,Karur,1.0,-4.648666666666666
2022-04-24 00:00:00,576,Karur,0.5,-4.648666666666666
2022-04-24 01:00:00,576,Karur,0.5,-4.648666666666666
2022-04-24 03:00:00,576,Karur,0.5,-4.648666666666666
2022-04-24 11:00:00,576,Karur,0.5,-4.627666666666666
2022-04-26 10:00:00,576,Karur,0.5,-4.676666666666667
2022-04-27 13:00:00,576,Karur,0.5,-4.660666666666667
2022-04-27 20:00:00,576,Karur,0.5,-4.649
2022-04-28 03:00:00,576,Karur,0.5,-4.652
2022-05-01 18:00:00,576,Karur,2.5,-4.745
2022-06-05 17:00:00,576,Karur,39.0,-5.021
2022-06-05 18:00:00,576,Karur,11.5,-5.021
2022-06-05 19:00:00,576,Karur,6.875,-5.021
2022-06-05 20:00:00,576,Karur,0.5,-5.021
2022-06-05 21:00:00,576,Karur,0.5,-5.021
2022-06-05 22:00:00,576,Karur,0.5,-5.014
2022-06-05 23:00:00,576,Karur,0.5,-5.014
2022-06-06 11:00:00,576,Karur,1.0,-5.037333333333333
2022-06-07 00:00:00,576,Karur,2.0,-5.049666666666667
2022-06-07 02:00:00,576,Karur,2.875,-5.049666666666667
2022-06-07 03:00:00,576,Karur,0.5,-5.049666666666667
2022-06-07 04:00:00,576,Karur,0.5,-5.034
2022-06-07 06:00:00,576,Karur,0.6666666666666666,-5.034
2022-06-07 07:00:00,576,Karur,0.5,-5.034
2022-06-07 08:00:00,576,Karur,0.5,-5.034
2022-06-09 17:00:00,576,Karur,1.5,-5.099666666666667
2022-06-09 18:00:00,576,Karur,1.0,-5.099666666666667
2022-06-10 12:00:00,576,Karur,1.0,-5.113
2022-06-10 13:00:00,576,Karur,0.5,-5.113
2022-06-10 15:00:00,576,Karur,0.5,-5.113
2022-06-10 16:00:00,576,Karur,1.5,-5.114666666666667
2022-06-10 17:00:00,576,Karur,0.5,-5.114666666666667
2022-06-11 13:00:00,576,Karur,1.0,-5.159333333333333
2022-06-11 14:00:00,576,Karur,0.5,-5.159333333333333
2022-06-11 17:00:00,576,Karur,0.5,-5.157333333333333
2022-06-12 12:00:00,576,Karur,0.5,-5.202333333333333
2022-06-13 17:00:00,576,Karur,1.5,-5.237666666666667
2022-06-14 13:00:00,576,Karur,1.5,-5.260666666666666
2022-06-14 17:00:00,576,Karur,0.5,-5.251333333333333
2022-06-14 23:00:00,576,Karur,1.0,-5.244666666666666
2022-06-15 00:00:00,576,Karur,0.5,-5.244666666666666
2022-06-16 00:00:00,576,Karur,1.0,-5.249666666666667
2022-06-18 01:00:00,576,Karur,2.125,-5.31
2022-06-18 02:00:00,576,Karur,1.0,-5.31
2022-06-18 18:00:00,576,Karur,2.0,-5.299333333333333
2022-06-18 19:00:00,576,Karur,0.5,-5.299333333333333
2022-06-18 20:00:00,576,Karur,1.0,-5.299333333333333
2022-06-18 21:00:00,576,Karur,8.5,-5.299333333333333
2022-06-19 00:00:00,576,Karur,0.5,-5.294666666666667
2022-06-19 19:00:00,576,Karur,1.5,-5.299333333333333
2022-06-30 17:00:00,576,Karur,0.5,-5.582999999999999
2022-06-30 18:00:00,576,Karur,1.0,-5.582999999999999
2022-07-26 16:00:00,576,Karur,11.5,-6.2595
2022-07-26 17:00:00,576,Karur,9.0,-6.2595
2022-07-26 19:00:00,576,Karur,1.0,-6.2595
2022-07-26 20:00:00,576,Karur,0.5,-6.2595
2022-07-26 23:00:00,576,Karur,0.5,-6.2595
2022-07-27 02:00:00,576,Karur,5.0,-6.2595
2022-07-27 03:00:00,576,Karur,4.0,-6.2595
2022-07-27 04:00:00,576,Karur,2.9,-6.25125
2022-07-27 05:00:00,576,Karur,1.9,-6.25125
2022-07-27 06:00:00,576,Karur,1.5,-6.25125
2022-07-27 07:00:00,576,Karur,0.9,-6.25125
2022-07-29 01:00:00,576,Karur,1.25,-6.2875
2022-07-30 04:00:00,576,Karur,1.0,-6.31425
2022-07-30 05:00:00,576,Karur,3.0,-6.31425
2022-07-31 21:00:00,576,Karur,3.5,-6.393
2022-07-31 22:00:00,576,Karur,1.5,-6.399
2022-07-31 23:00:00,576,Karur,8.166666666666666,-6.399
2022-08-01 00:00:00,576,Karur,9.083333333333334,-6.399
2022-08-01 01:00:00,576,Karur,1.5,-6.399
2022-08-01 02:00:00,576,Karur,1.6,-6.399
2022-08-01 03:00:00,576,Karur,0.5,-6.399
2022-08-01 19:00:00,576,Karur,2.25,-6.38625
2022-08-01 20:00:00,576,Karur,4.5,-6.38625
2022-08-01 21:00:00,576,Karur,1.75,-6.38625
2022-08-01 22:00:00,576,Karur,2.0,-6.3605
2022-08-01 23:00:00,576,Karur,1.0,-6.3605
2022-08-02 00:00:00,576,Karur,0.5,-6.3605
2022-08-04 07:00:00,576,Karur,0.5,-6.34625
2022-08-04 08:00:00,576,Karur,0.5,-6.34625
2022-08-04 09:00:00,576,Karur,1.0,-6.34625
2022-08-04 10:00:00,576,Karur,1.5,-6.359
2022-08-04 14:00:00,576,Karur,1.0,-6.359
2022-08-17 21:00:00,576,Karur,5.833333333333333,-6.651
2022-08-17 22:00:00,576,Karur,6.166666666666667,-6.63475
2022-08-17 23:00:00,576,Karur,0.75,-6.63475
2022-08-18 01:00:00,576,Karur,0.5,-6.63475
2022-08-18 06:00:00,576,Karur,0.5,-6.615
2022-08-19 04:00:00,576,Karur,3.0,-6.62625
2022-08-19 05:00:00,576,Karur,2.75,-6.62625
2022-08-19 07:00:00,576,Karur,0.5,-6.62625
2022-08-25 22:00:00,576,Karur,1.8333333333333333,-6.66725
2022-08-25 23:00:00,576,Karur,1.875,-6.66725
2022-08-26 00:00:00,576,Karur,1.25,-6.66725
2022-08-26 11:00:00,576,Karur,0.5,-6.69025
2022-08-26 18:00:00,576,Karur,13.0,-6.69025
2022-08-26 19:00:00,576,Karur,7.0,-6.69025
2022-08-26 20:00:00,576,Karur,2.0,-6.69025
2022-08-26 21:00:00,576,Karur,1.5,-6.69025
2022-08-26 22:00:00,576,Karur,4.833333333333333,-6.68525
2022-08-26 23:00:00,576,Karur,17.125,-6.68525
2022-08-27 00:00:00,576,Karur,3.25,-6.68525
2022-08-27 01:00:00,576,Karur,0.75,-6.68525
2022-08-27 08:00:00,576,Karur,0.5,-6.677
2022-08-27 18:00:00,576,Karur,0.5,-6.7045
2022-08-27 19:00:00,576,Karur,12.5,-6.7045
2022-08-27 20:00:00,576,Karur,10.5,-6.7045
2022-08-27 21:00:00,576,Karur,0.5,-6.7045
2022-08-28 22:00:00,576,Karur,0.5,-6.68775
2022-08-28 23:00:00,576,Karur,3.0,-6.68775
2022-08-29 00:00:00,576,Karur,9.0,-6.68775
2022-08-29 01:00:00,576,Karur,2.2,-6.68775
2022-08-29 02:00:00,576,Karur,2.9166666666666665,-6.68775
2022-08-29 03:00:00,576,Karur,1.9166666666666667,-6.68775
2022-08-29 04:00:00,576,Karur,1.125,-6.68725
2022-08-29 05:00:00,576,Karur,2.25,-6.68725
2022-08-29 06:00:00,576,Karur,4.0,-6.68725
2022-08-29 07:00:00,576,Karur,3.5,-6.68725
2022-08-29 08:00:00,576,Karur,4.0,-6.68725
2022-08-29 09:00:00,576,Karur,3.0,-6.68725
2022-08-29 10:00:00,576,Karur,3.5,-6.69825
2022-08-29 11:00:00,576,Karur,3.0,-6.69825
2022-08-29 12:00:00,576,Karur,3.0,-6.69825
2022-08-29 13:00:00,576,Karur,2.5,-6.69825
2022-08-29 14:00:00,576,Karur,1.0,-6.69825
2022-08-29 15:00:00,576,Karur,0.5,-6.69825
2022-08-29 16:00:00,576,Karur,0.5,-6.68525
2022-08-29 18:00:00,576,Karur,0.5,-6.68525
2022-08-29 20:00:00,576,Karur,0.5,-6.68525
2022-08-29 21:00:00,576,Karur,0.5,-6.68525
2022-08-30 02:00:00,576,Karur,0.5,-6.67875
2022-08-30 08:00:00,576,Karur,0.5,-6.6735
2022-08-30 14:00:00,576,Karur,0.5,-6.6955
2022-08-31 01:00:00,576,Karur,1.0,-6.68975
2022-08-31 07:00:00,576,Karur,35.5,-6.683
2022-08-31 08:00:00,576,Karur,30.5,-6.683
2022-08-31 09:00:00,576,Karur,29.0,-6.683
2022-08-31 13:00:00,576,Karur,0.5,-6.70375
2022-08-31 14:00:00,576,Karur,0.5,-6.70375
2022-08-31 15:00:00,576,Karur,0.8333333333333334,-6.70375
2022-08-31 16:00:00,576,Karur,0.5,-6.69225
2022-08-31 17:00:00,576,Karur,1.0,-6.69225
2022-08-31 18:00:00,576,Karur,0.5,-6.69225
2022-08-31 19:00:00,576,Karur,0.5,-6.69225
2022-08-31 21:00:00,576,Karur,0.5,-6.69225
2022-09-01 06:00:00,576,Karur,0.5,-6.69125
2022-09-01 12:00:00,576,Karur,0.5,-6.69925
2022-09-01 13:00:00,576,Karur,0.5,-6.69925
2022-09-01 14:00:00,576,Karur,0.5,-6.69925
2022-09-01 15:00:00,576,Karur,0.5,-6.69925
2022-09-01 16:00:00,576,Karur,0.5,-6.69725
2022-09-01 23:00:00,576,Karur,0.5,-6.6845
2022-09-02 01:00:00,576,Karur,0.5,-6.6845
2022-09-02 02:00:00,576,Karur,9.5,-6.6845
2022-09-02 03:00:00,576,Karur,37.0,-6.6845
2022-09-02 04:00:00,576,Karur,5.5,-6.679
2022-09-02 05:00:00,576,Karur,1.0,-6.679
2022-09-02 08:00:00,576,Karur,0.5,-6.679
2022-09-02 10:00:00,576,Karur,0.5,-6.703
2022-09-02 20:00:00,576,Karur,1.0,-6.69975
2022-09-02 21:00:00,576,Karur,25.0,-6.69975
2022-09-02 22:00:00,576,Karur,1.75,-6.682
2022-09-03 12:00:00,576,Karur,0.5,-6.50225
2022-09-03 21:00:00,576,Karur,1.5,-6.50075
2022-09-04 01:00:00,576,Karur,3.5,-6.484
2022-09-04 02:00:00,576,Karur,0.75,-6.484
2022-09-04 17:00:00,576,Karur,0.5,-6.48125
2022-09-04 18:00:00,576,Karur,2.0,-6.48125
2022-09-04 19:00:00,576,Karur,1.0,-6.48125
2022-09-04 20:00:00,576,Karur,1.5,-6.48125
2022-09-04 21:00:00,576,Karur,1.0,-6.48125
2022-09-04 22:00:00,576,Karur,0.8333333333333334,-6.46075
2022-09-04 23:00:00,576,Karur,1.25,-6.46075
2022-09-05 12:00:00,576,Karur,0.5,-6.424
2022-09-05 18:00:00,576,Karur,3.5,-6.39175
2022-09-05 19:00:00,576,Karur,15.5,-6.39175
2022-09-05 20:00:00,576,Karur,1.5,-6.39175
2022-09-05 21:00:00,576,Karur,15.5,-6.39175
2022-09-05 22:00:00,576,Karur,1.3333333333333333,-6.34825
2022-09-05 23:00:00,576,Karur,1.1666666666666667,-6.34825
2022-09-06 00:00:00,576,Karur,0.5,-6.34825
2022-09-06 08:00:00,576,Karur,0.5,-6.3165
2022-09-07 11:00:00,576,Karur,0.5,-6.18025
2022-09-10 13:00:00,576,Karur,0.5,-6.08775
2022-09-12 16:00:00,576,Karur,1.0,-6.12875
2022-09-13 07:00:00,576,Karur,0.5,-6.117
2022-09-13 17:00:00,576,Karur,3.5,-6.12925
2022-09-14 13:00:00,576,Karur,0.5,-6.13675
2022-09-14 20:00:00,576,Karur,0.5,-6.129
2022-09-18 14:00:00,576,Karur,0.5,-6.2295
2022-09-20 09:00:00,576,Karur,1.0,-6.2515
2022-09-20 20:00:00,576,Karur,0.5,-6.305499999999999
2022-09-21 12:00:00,576,Karur,0.5,-6.321
2022-09-22 01:00:00,576,Karur,1.0,-6.327
2022-09-22 17:00:00,576,Karur,0.5,-6.329000000000001
2022-09-23 10:00:00,576,Karur,0.5,-6.28825
2022-09-23 12:00:00,576,Karur,0.5,-6.28825
2022-09-24 10:00:00,576,Karur,0.5,-6.29775
2022-09-24 11:00:00,576,Karur,1.0,-6.29775
2022-09-24 15:00:00,576,Karur,0.5,-6.29775
2022-09-25 01:00:00,576,Karur,0.5,-6.306
2022-09-25 02:00:00,576,Karur,4.0,-6.306
2022-09-25 08:00:00,576,Karur,0.5,-6.3085
2022-09-25 17:00:00,576,Karur,0.5,-6.32075
2022-09-26 02:00:00,576,Karur,0.5,-6.32125
2022-09-26 03:00:00,576,Karur,1.0,-6.32125
2022-09-26 06:00:00,576,Karur,1.4,-6.3185
2022-09-26 07:00:00,576,Karur,3.875,-6.3185
2022-09-26 09:00:00,576,Karur,0.5,-6.3185
2022-09-26 10:00:00,576,Karur,0.5,-6.31475
2022-09-26 11:00:00,576,Karur,0.5,-6.31475
2022-09-27 11:00:00,576,Karur,0.5,-6.3065
2022-09-28 07:00:00,576,Karur,1.0,-6.3095
2022-09-28 18:00:00,576,Karur,0.5,-6.3555
2022-09-28 20:00:00,576,Karur,0.5,-6.3555
2022-09-28 21:00:00,576,Karur,0.5,-6.3555
2022-09-28 22:00:00,576,Karur,0.5,-6.35075
2022-09-29 10:00:00,576,Karur,0.5,-6.3775
2022-10-01 13:00:00,576,Karur,0.5,-6.3805
2022-10-01 23:00:00,576,Karur,1.0,-6.38475
2022-10-02 00:00:00,576,Karur,1.0,-6.38475
2022-10-02 02:00:00,576,Karur,1.5,-6.38475
2022-10-02 06:00:00,576,Karur,2.0,-6.38275
2022-10-02 16:00:00,576,Karur,4.25,-6.446
2022-10-02 17:00:00,576,Karur,14.0,-6.446
2022-10-02 18:00:00,576,Karur,2.25,-6.446
2022-10-02 19:00:00,576,Karur,0.5,-6.446
2022-10-02 21:00:00,576,Karur,1.0,-6.446
2022-10-02 22:00:00,576,Karur,5.5,-6.4510000000000005
2022-10-03 01:00:00,576,Karur,0.5,-6.4510000000000005
2022-10-03 10:00:00,576,Karur,0.5,-6.47775
2022-10-03 18:00:00,576,Karur,2.5,-6.478
2022-10-04 12:00:00,576,Karur,3.0,-6.471
2022-10-05 03:00:00,576,Karur,0.5,-6.4505
2022-10-05 15:00:00,576,Karur,0.5,-6.41575
2022-10-06 16:00:00,576,Karur,1.0,-6.39425
2022-10-07 02:00:00,576,Karur,0.5,-6.38375
2022-10-07 15:00:00,576,Karur,0.5,-6.397
2022-10-07 16:00:00,576,Karur,0.5,-6.41375
2022-10-08 11:00:00,576,Karur,0.5,-6.407
2022-10-08 20:00:00,576,Karur,2.5,-6.4275
2022-10-08 23:00:00,576,Karur,0.5,-6.4275
2022-10-09 00:00:00,576,Karur,1.5,-6.4275
2022-10-09 01:00:00,576,Karur,0.5,-6.4275
2022-10-09 05:00:00,576,Karur,0.5,-6.42475
2022-10-09 16:00:00,576,Karur,9.5,-6.44525
2022-10-09 20:00:00,576,Karur,6.25,-6.44525
2022-10-09 21:00:00,576,Karur,6.5,-6.44525
2022-10-09 22:00:00,576,Karur,3.5,-6.43225
2022-10-10 00:00:00,576,Karur,6.6,-6.43225
2022-10-10 01:00:00,576,Karur,3.2,-6.43225
2022-10-10 02:00:00,576,Karur,1.8333333333333333,-6.43225
2022-10-10 03:00:00,576,Karur,2.25,-6.43225
2022-10-10 04:00:00,576,Karur,2.5,-6.423500000000001
2022-10-10 05:00:00,576,Karur,1.25,-6.423500000000001
2022-10-10 06:00:00,576,Karur,1.0,-6.423500000000001
2022-10-10 07:00:00,576,Karur,1.0,-6.423500000000001
2022-10-10 08:00:00,576,Karur,0.5,-6.423500000000001
2022-10-10 11:00:00,576,Karur,1.5,-6.435
2022-10-10 14:00:00,576,Karur,6.5,-6.435
2022-10-10 23:00:00,576,Karur,0.5,-6.413
2022-10-11 00:00:00,576,Karur,5.5,-6.413
2022-10-11 01:00:00,576,Karur,4.666666666666667,-6.413
2022-10-11 02:00:00,576,Karur,2.5,-6.413
2022-10-11 03:00:00,576,Karur,5.833333333333333,-6.413
2022-10-11 04:00:00,576,Karur,4.166666666666667,-6.4
2022-10-11 05:00:00,576,Karur,1.3333333333333333,-6.4
2022-10-11 06:00:00,576,Karur,2.0,-6.4
2022-10-11 07:00:00,576,Karur,499.5,-6.4
2022-10-11 08:00:00,576,Karur,439.0,-6.4
2022-10-11 09:00:00,576,Karur,931.5,-6.4
2022-10-11 16:00:00,576,Karur,4.75,-6.196
2022-10-12 01:00:00,576,Karur,0.5,-6.119
2022-10-12 15:00:00,576,Karur,0.5,-6.01825
2022-10-13 01:00:00,576,Karur,0.5,-5.9645
2022-10-14 22:00:00,576,Karur,0.5,-5.85625
2022-10-15 20:00:00,576,Karur,1.0,-5.7735
2022-10-15 21:00:00,576,Karur,0.5,-5.7735
2022-10-15 22:00:00,576,Karur,2.25,-5.750249999999999
2022-10-16 17:00:00,576,Karur,3.5,-5.7255
2022-10-16 22:00:00,576,Karur,3.5,-5.698
2022-10-18 08:00:00,576,Karur,3.5,-5.657
2022-10-18 17:00:00,576,Karur,12.666666666666666,-5.67
2022-10-18 18:00:00,576,Karur,120.875,-5.67
2022-10-18 19:00:00,576,Karur,53.71428571428572,-5.67
2022-10-18 20:00:00,576,Karur,2.5,-5.67
2022-10-18 21:00:00,576,Karur,0.5,-5.67
2022-10-18 22:00:00,576,Karur,0.5,-5.6445
2022-10-19 11:00:00,576,Karur,23.5,-4.918
2022-10-19 12:00:00,576,Karur,5.0,-4.918
2022-10-19 22:00:00,576,Karur,35.5,-5.5955
2022-10-19 23:00:00,576,Karur,2.0,-5.5955
2022-10-20 00:00:00,576,Karur,1.2,-5.5955
2022-10-20 02:00:00,576,Karur,0.5,-5.5955
2022-10-20 09:00:00,576,Karur,3.0,-5.57575
2022-10-20 18:00:00,576,Karur,1.0,-5.579000000000001
2022-10-20 19:00:00,576,Karur,11.666666666666666,-5.579000000000001
2022-10-20 20:00:00,576,Karur,4.5,-5.579000000000001
2022-10-20 21:00:00,576,Karur,2.0,-5.579000000000001
2022-10-20 22:00:00,576,Karur,1.875,-5.548500000000001
2022-10-20 23:00:00,576,Karur,6.2,-5.548500000000001
2022-10-21 00:00:00,576,Karur,3.8333333333333335,-5.548500000000001
2022-10-21 01:00:00,576,Karur,1.0,-5.548500000000001
2022-10-21 04:00:00,576,Karur,0.5,-5.38625
2022-10-21 09:00:00,576,Karur,1.5,-5.38625
2022-10-21 10:00:00,576,Karur,4.0,-5.282
2022-10-21 12:00:00,576,Karur,1.0,-5.282
2022-10-21 13:00:00,576,Karur,0.5,-5.282
2022-10-21 14:00:00,576,Karur,1.0,-5.282
2022-10-21 18:00:00,576,Karur,4.0,-5.22375
2022-10-21 19:00:00,576,Karur,3.0,-5.22375
2022-10-21 20:00:00,576,Karur,4.333333333333333,-5.22375
2022-10-21 21:00:00,576,Karur,0.5,-5.22375
2022-10-22 08:00:00,576,Karur,1.5,-5.1105
2022-10-22 16:00:00,576,Karur,0.5,-5.07725
2022-10-22 20:00:00,576,Karur,1.75,-5.07725
2022-10-22 21:00:00,576,Karur,0.5,-5.07725
2022-10-22 23:00:00,576,Karur,0.5,-5.04125
2022-10-23 13:00:00,576,Karur,2.0,-5.0165
2022-10-23 15:00:00,576,Karur,2.0,-5.0165
2022-10-23 16:00:00,576,Karur,2.0,-5.0035
2022-10-23 18:00:00,576,Karur,0.5,-5.0035
2022-10-23 21:00:00,576,Karur,1.0,-5.0035
2022-10-24 05:00:00,576,Karur,0.5,-4.96275
2022-10-24 06:00:00,576,Karur,0.5,-4.96275
2022-10-24 09:00:00,576,Karur,1.5,-4.96275
2022-10-24 11:00:00,576,Karur,0.5,-4.96175
2022-10-24 12:00:00,576,Karur,0.5,-4.96175
2022-10-24 15:00:00,576,Karur,0.5,-4.96175
2022-10-24 19:00:00,576,Karur,0.5,-4.96025
2022-10-24 23:00:00,576,Karur,0.5,-4.94225
2022-10-25 11:00:00,576,Karur,0.5,-4.9575000000000005
2022-10-25 17:00:00,576,Karur,0.5,-4.96
2022-10-25 18:00:00,576,Karur,0.5,-4.96
2022-10-26 14:00:00,576,Karur,0.5,-4.9545
2022-10-26 17:00:00,576,Karur,0.5,-4.96025
2022-10-26 18:00:00,576,Karur,0.5,-4.96025
2022-10-26 19:00:00,576,Karur,6.0,-4.96025
2022-10-26 20:00:00,576,Karur,9.5,-4.96025
2022-10-26 21:00:00,576,Karur,29.0,-4.96025
2022-10-26 22:00:00,576,Karur,1.0,-4.94075
2022-10-26 23:00:00,576,Karur,5.5,-4.94075
2022-10-27 00:00:00,576,Karur,112.0,-4.94075
2022-10-27 01:00:00,576,Karur,61.5,-4.94075
2022-10-27 10:00:00,576,Karur,1.0,-4.945
2022-10-27 11:00:00,576,Karur,17.0,-4.945
2022-10-27 14:00:00,576,Karur,0.5,-4.945
2022-10-27 15:00:00,576,Karur,2.5,-4.945
2022-10-27 19:00:00,576,Karur,2.5,-4.97
2022-10-27 20:00:00,576,Karur,0.5,-4.97
2022-10-28 08:00:00,576,Karur,0.5,-4.96425
2022-10-28 10:00:00,576,Karur,3.0,-4.9975000000000005
2022-10-28 13:00:00,576,Karur,0.5,-4.9975000000000005
2022-10-28 14:00:00,576,Karur,4.5,-4.9975000000000005
2022-10-28 15:00:00,576,Karur,4.0,-4.9975000000000005
2022-10-28 16:00:00,576,Karur,0.5,-5.0005
2022-10-28 18:00:00,576,Karur,14.5,-5.0005
2022-10-28 19:00:00,576,Karur,13.0,-5.0005
2022-10-29 18:00:00,576,Karur,0.5,-5.03225
2022-10-30 04:00:00,576,Karur,0.5,-6.359999999999999
2022-10-30 05:00:00,576,Karur,0.5,-6.359999999999999
2022-10-30 12:00:00,576,Karur,0.5,-6.3805
2022-10-30 14:00:00,576,Karur,0.75,-6.3805
2022-10-30 15:00:00,576,Karur,0.75,-6.3805
2022-10-30 17:00:00,576,Karur,2.5,-5.0465
2022-10-30 18:00:00,576,Karur,14.0,-5.0465
2022-10-30 19:00:00,576,Karur,7.0,-5.0465
2022-10-30 20:00:00,576,Karur,7.5,-5.0465
2022-10-30 21:00:00,576,Karur,2.0,-5.0465
2022-10-30 22:00:00,576,Karur,1.0,-5.0305
2022-10-30 23:00:00,576,Karur,0.5,-5.0305
2022-10-31 12:00:00,576,Karur,0.5,-5.05675
2022-11-01 09:00:00,576,Karur,22.0,-5.04225
2022-11-01 10:00:00,576,Karur,4.0,-5.06325
2022-11-01 12:00:00,576,Karur,10.0,-5.06325
2022-11-01 13:00:00,576,Karur,1.0,-5.06325
2022-11-01 14:00:00,576,Karur,2.0,-5.06325
2022-11-01 16:00:00,576,Karur,11.0,-5.0625
2022-11-01 19:00:00,576,Karur,30.666666666666668,-5.0625
2022-11-01 20:00:00,576,Karur,0.75,-5.0625
2022-11-01 23:00:00,576,Karur,0.5,-5.0565
2022-11-02 11:00:00,576,Karur,0.5,-5.0725
2022-11-02 12:00:00,576,Karur,29.0,-5.0725
2022-11-02 13:00:00,576,Karur,3.5,-5.0725
2022-11-02 15:00:00,576,Karur,24.5,-5.0725
2022-11-02 16:00:00,576,Karur,2.6666666666666665,-5.077500000000001
2022-11-02 17:00:00,576,Karur,7.3,-5.077500000000001
2022-11-02 18:00:00,576,Karur,3.6666666666666665,-5.077500000000001
2022-11-02 19:00:00,576,Karur,1.25,-5.077500000000001
2022-11-02 20:00:00,576,Karur,0.5,-5.077500000000001
2022-11-02 21:00:00,576,Karur,0.5,-5.077500000000001
2022-11-02 22:00:00,576,Karur,0.5,-5.06175
2022-11-03 00:00:00,576,Karur,0.5,-5.06175
2022-11-03 04:00:00,576,Karur,1.0,-5.0605
2022-11-03 05:00:00,576,Karur,1.0,-5.0605
2022-11-03 06:00:00,576,Karur,0.8333333333333334,-5.0605
2022-11-03 07:00:00,576,Karur,0.5,-5.0605
2022-11-03 08:00:00,576,Karur,0.5,-5.0605
2022-11-03 11:00:00,576,Karur,0.5,-5.085750000000001
2022-11-03 12:00:00,576,Karur,3.75,-5.085750000000001
2022-11-03 15:00:00,576,Karur,1.0,-5.085750000000001
2022-11-03 19:00:00,576,Karur,16.5,-5.0905000000000005
2022-11-03 20:00:00,576,Karur,1.5,-5.0905000000000005
2022-11-04 09:00:00,576,Karur,26.5,-5.0775
2022-11-04 10:00:00,576,Karur,4.0,-5.09075
2022-11-04 11:00:00,576,Karur,1.0,-5.09075
2022-11-04 12:00:00,576,Karur,7.666666666666667,-5.09075
2022-11-04 13:00:00,576,Karur,4.25,-5.09075
2022-11-04 14:00:00,576,Karur,3.0,-5.09075
2022-11-04 15:00:00,576,Karur,1.0,-5.09075
2022-11-04 22:00:00,576,Karur,0.5,-5.09375
2022-11-05 03:00:00,576,Karur,3.125,-5.09375
2022-11-05 04:00:00,576,Karur,8.5,-5.083
2022-11-05 09:00:00,576,Karur,2.5,-5.083
2022-11-05 10:00:00,576,Karur,0.5,-5.094
2022-11-05 12:00:00,576,Karur,9.5,-5.094
2022-11-05 13:00:00,576,Karur,2.0,-5.094
2022-11-05 14:00:00,576,Karur,2.5,-5.094
2022-11-09 14:00:00,576,Karur,81.0,-5.05675
2022-11-09 16:00:00,576,Karur,1.5,-5.055
2022-11-10 15:00:00,576,Karur,17.0,-5.05175
2022-11-10 18:00:00,576,Karur,16.5,-5.07175
2022-11-11 05:00:00,576,Karur,1.0,-5.06525
2022-11-11 06:00:00,576,Karur,0.5,-5.06525
2022-11-11 07:00:00,576,Karur,1.0,-5.06525
2022-11-11 08:00:00,576,Karur,2.1,-5.06525
2022-11-11 09:00:00,576,Karur,4.0,-5.06525
2022-11-11 10:00:00,576,Karur,2.125,-5.0425
2022-11-11 11:00:00,576,Karur,1.75,-5.0425
2022-11-11 12:00:00,576,Karur,1.9,-5.0425
2022-11-11 13:00:00,576,Karur,3.6666666666666665,-5.0425
2022-11-11 14:00:00,576,Karur,8.7,-5.0425
2022-11-11 15:00:00,576,Karur,2.75,-5.0425
2022-11-11 16:00:00,576,Karur,3.6666666666666665,-5.01875
2022-11-11 17:00:00,576,Karur,1.8333333333333333,-5.01875
2022-11-11 18:00:00,576,Karur,2.1666666666666665,-5.01875
2022-11-11 19:00:00,576,Karur,3.5,-5.01875
2022-11-11 20:00:00,576,Karur,5.5,-5.01875
2022-11-11 21:00:00,576,Karur,7.0,-5.01875
2022-11-11 22:00:00,576,Karur,3.5,-4.86725
2022-11-11 23:00:00,576,Karur,5.0,-4.86725
2022-11-12 00:00:00,576,Karur,1.8333333333333333,-4.86725
2022-11-12 02:00:00,576,Karur,2.5,-4.86725
2022-11-12 03:00:00,576,Karur,1.0,-4.86725
2022-11-12 04:00:00,576,Karur,3.5,-4.641249999999999
2022-11-12 05:00:00,576,Karur,1.3333333333333333,-4.641249999999999
2022-11-12 06:00:00,576,Karur,1.1666666666666667,-4.641249999999999
2022-11-12 07:00:00,576,Karur,2.5,-4.641249999999999
2022-11-12 08:00:00,576,Karur,0.5,-4.641249999999999
2022-11-12 09:00:00,576,Karur,1.875,-4.641249999999999
2022-11-12 10:00:00,576,Karur,2.125,-4.51025
2022-11-12 11:00:00,576,Karur,1.0,-4.51025
2022-11-12 12:00:00,576,Karur,1.0,-4.51025
2022-11-12 13:00:00,576,Karur,1.0,-4.51025
2022-11-12 14:00:00,576,Karur,2.0,-4.51025
2022-11-12 15:00:00,576,Karur,1.0,-4.51025
2022-11-12 16:00:00,576,Karur,1.5,-4.4045000000000005
2022-11-12 17:00:00,576,Karur,1.5,-4.4045000000000005
2022-11-12 19:00:00,576,Karur,1.5,-4.4045000000000005
2022-11-13 02:00:00,576,Karur,0.5,-4.30025
2022-11-13 03:00:00,576,Karur,1.0,-4.30025
2022-11-13 04:00:00,576,Karur,0.5,-4.22325
2022-11-13 05:00:00,576,Karur,1.0,-4.22325
2022-11-13 06:00:00,576,Karur,0.5,-4.22325
2022-11-13 11:00:00,576,Karur,3.0,-4.18
2022-11-13 12:00:00,576,Karur,3.1666666666666665,-4.18
2022-11-13 13:00:00,576,Karur,0.5,-4.18
2022-11-13 14:00:00,576,Karur,19.0,-4.18
2022-11-13 15:00:00,576,Karur,0.5,-4.18
2022-11-13 16:00:00,576,Karur,120.0,-4.15075
2022-11-13 17:00:00,576,Karur,143.5,-4.15075
2022-11-13 18:00:00,576,Karur,150.0,-4.15075
2022-11-13 19:00:00,576,Karur,163.0,-4.15075
2022-11-14 12:00:00,576,Karur,0.5,-4.026
2022-11-14 18:00:00,576,Karur,0.5,-4.01
2022-11-15 00:00:00,576,Karur,10.5,-3.97275
2022-11-15 07:00:00,576,Karur,0.5,-3.95925
2022-11-15 09:00:00,576,Karur,6.0,-3.95925
2022-11-15 11:00:00,576,Karur,2.0,-3.94425
2022-11-15 13:00:00,576,Karur,0.5,-3.94425
2022-11-15 15:00:00,576,Karur,1.0,-3.94425
2022-11-15 17:00:00,576,Karur,0.5,-3.9245
2022-11-15 18:00:00,576,Karur,7.5,-3.9245
2022-11-16 09:00:00,576,Karur,1.0,-3.891
2022-11-16 10:00:00,576,Karur,6.5,-3.9015
2022-11-16 15:00:00,576,Karur,0.5,-3.9015
2022-11-16 16:00:00,576,Karur,31.5,-3.8885
2022-11-16 17:00:00,576,Karur,82.0,-3.8885
2022-11-16 18:00:00,576,Karur,64.5,-3.8885
2022-11-17 14:00:00,576,Karur,179.0,-3.85875
2022-11-17 15:00:00,576,Karur,19.0,-3.85875
2022-11-17 16:00:00,576,Karur,21.0,-3.8675
2022-11-17 17:00:00,576,Karur,90.5,-3.8675
2022-11-18 09:00:00,576,Karur,80.0,-3.84975
2022-11-18 10:00:00,576,Karur,72.0,-3.84325
2022-11-18 11:00:00,576,Karur,1.5,-3.84325
2022-11-18 12:00:00,576,Karur,19.0,-3.84325
2022-11-18 13:00:00,576,Karur,10.0,-3.84325
2022-11-18 14:00:00,576,Karur,0.5,-3.84325
2022-11-18 17:00:00,576,Karur,9.0,-3.8815
2022-11-18 18:00:00,576,Karur,641.5,-3.8815
2022-11-19 09:00:00,576,Karur,22.0,-3.8575
2022-11-19 11:00:00,576,Karur,6.0,-3.85875
2022-11-19 12:00:00,576,Karur,7.0,-3.85875
2022-11-19 13:00:00,576,Karur,5.0,-3.85875
2022-11-19 14:00:00,576,Karur,0.5,-3.85875
2022-11-19 15:00:00,576,Karur,7.5,-3.85875
2022-11-20 11:00:00,576,Karur,1.0,-3.8425
2022-11-20 12:00:00,576,Karur,37.5,-3.8425
2022-11-20 13:00:00,576,Karur,9.0,-3.8425
2022-11-20 14:00:00,576,Karur,8.5,-3.8425
2022-11-20 15:00:00,576,Karur,21.5,-3.8425
2022-11-20 17:00:00,576,Karur,86.5,-3.84075
2022-11-21 09:00:00,576,Karur,20.5,-3.8435
2022-11-21 10:00:00,576,Karur,32.0,-3.84325
2022-11-21 11:00:00,576,Karur,79.5,-3.84325
2022-11-21 12:00:00,576,Karur,14.5,-3.84325
2022-11-21 13:00:00,576,Karur,2.5,-3.84325
2022-11-21 14:00:00,576,Karur,2.5,-3.84325
2022-11-21 15:00:00,576,Karur,10.5,-3.84325
2022-11-21 16:00:00,576,Karur,49.5,-3.848
2022-11-21 17:00:00,576,Karur,27.0,-3.848
2022-11-22 12:00:00,576,Karur,2.0,-3.8415
2022-11-22 13:00:00,576,Karur,11.5,-3.8415
2022-11-22 14:00:00,576,Karur,35.5,-3.8415
2022-11-22 15:00:00,576,Karur,5.0,-3.8415
2022-11-22 16:00:00,576,Karur,6.5,-3.86225
2022-11-23 09:00:00,576,Karur,1.5,-3.864
2022-11-23 10:00:00,576,Karur,7.0,-3.8805
2022-11-23 11:00:00,576,Karur,3.0,-3.8805
2022-11-23 12:00:00,576,Karur,11.5,-3.8805
2022-11-23 13:00:00,576,Karur,15.0,-3.8805
2022-11-23 14:00:00,576,Karur,1.0,-3.8805
2022-11-23 15:00:00,576,Karur,5.5,-3.8805
2022-11-23 17:00:00,576,Karur,1.0,-3.88775
2022-11-23 18:00:00,576,Karur,30.5,-3.88775
2022-11-23 19:00:00,576,Karur,2.5,-3.88775
2022-11-24 10:00:00,576,Karur,26.5,-3.88125
2022-11-24 11:00:00,576,Karur,27.5,-3.88125
2022-11-24 12:00:00,576,Karur,6.0,-3.88125
2022-11-24 13:00:00,576,Karur,15.5,-3.88125
2022-11-24 14:00:00,576,Karur,3.5,-3.88125
2022-11-24 15:00:00,576,Karur,43.0,-3.88125
2022-11-24 16:00:00,576,Karur,40.5,-3.93
2022-11-24 17:00:00,576,Karur,75.0,-3.93
2022-11-24 18:00:00,576,Karur,120.5,-3.93
2022-11-25 09:00:00,576,Karur,2.0,-3.9045
2022-11-25 10:00:00,576,Karur,8.0,-3.919
2022-11-25 11:00:00,576,Karur,0.5,-3.919
2022-11-25 12:00:00,576,Karur,3.5,-3.919
2022-11-25 13:00:00,576,Karur,14.5,-3.919
2022-11-25 14:00:00,576,Karur,2.0,-3.919
2022-11-25 15:00:00,576,Karur,5.0,-3.919
2022-11-25 17:00:00,576,Karur,11.0,-3.934
2022-11-25 18:00:00,576,Karur,12.5,-3.934
2022-11-26 08:00:00,576,Karur,1.5,-3.9205
2022-11-26 10:00:00,576,Karur,455.5,-3.93875
2022-11-26 11:00:00,576,Karur,73.5,-3.93875
2022-11-26 12:00:00,576,Karur,48.0,-3.93875
2022-11-26 13:00:00,576,Karur,73.0,-3.93875
2022-11-26 14:00:00,576,Karur,78.5,-3.93875
2022-11-26 15:00:00,576,Karur,21.0,-3.93875
2022-11-26 16:00:00,576,Karur,28.0,-3.94825
2022-11-27 09:00:00,576,Karur,81.5,-3.93825
2022-11-27 10:00:00,576,Karur,60.0,-3.9645
2022-11-27 11:00:00,576,Karur,929.5,-3.9645
2022-11-27 17:00:00,576,Karur,3.5,-3.96625
2022-11-27 18:00:00,576,Karur,33.5,-3.96625
2022-11-27 19:00:00,576,Karur,10.0,-3.96625
2022-11-27 23:00:00,576,Karur,2.0,-3.94125
2022-11-28 01:00:00,576,Karur,14.0,-3.94125
2022-11-28 09:00:00,576,Karur,48.5,-3.94625
2022-11-28 10:00:00,576,Karur,7.0,-3.97225
2022-11-28 11:00:00,576,Karur,4.5,-3.97225
2022-11-28 12:00:00,576,Karur,0.5,-3.97225
2022-11-28 13:00:00,576,Karur,5.0,-3.401
2022-11-28 14:00:00,576,Karur,17.5,-3.401
2022-11-28 15:00:00,576,Karur,202.0,-3.401
2022-11-28 16:00:00,576,Karur,295.0,-3.64075
2022-11-28 17:00:00,576,Karur,5.5,-3.64075
2022-11-28 18:00:00,576,Karur,2.0,-3.64075
2022-11-28 19:00:00,576,Karur,13.0,-3.64075
2022-12-01 12:00:00,576,Karur,13.0,-4.412
2022-12-01 13:00:00,576,Karur,1.0,-4.412
2022-12-01 14:00:00,576,Karur,8.0,-4.412
2022-12-01 15:00:00,576,Karur,20.5,-4.412
2022-12-01 16:00:00,576,Karur,0.5,-3.7035
2022-12-01 17:00:00,576,Karur,1.0,-3.7035
2022-12-01 18:00:00,576,Karur,2.0,-3.7035
2022-12-01 19:00:00,576,Karur,0.5,-3.7035
2022-12-01 21:00:00,576,Karur,3.5,-3.7035
2022-12-01 22:00:00,576,Karur,0.5,-3.68275
2022-12-01 23:00:00,576,Karur,0.5,-3.68275
2022-12-02 01:00:00,576,Karur,1.0,-3.68275
2022-12-02 03:00:00,576,Karur,0.5,-3.68275
2022-12-02 04:00:00,576,Karur,0.5,-3.68775
2022-12-02 05:00:00,576,Karur,1.0,-3.68775
2022-12-02 08:00:00,576,Karur,0.5,-3.68775
2022-12-02 09:00:00,576,Karur,0.5,-3.68775
2022-12-02 10:00:00,576,Karur,0.5,-3.67925
2022-12-02 11:00:00,576,Karur,0.5,-3.67925
2022-12-02 12:00:00,576,Karur,0.5,-3.67925
2022-12-03 16:00:00,576,Karur,4.166666666666667,-3.74275
2022-12-03 17:00:00,576,Karur,4.666666666666667,-3.74275
2022-12-03 18:00:00,576,Karur,0.5,-3.74275
2022-12-03 20:00:00,576,Karur,0.5,-3.74275
2022-12-03 22:00:00,576,Karur,0.5,-3.728
2022-12-03 23:00:00,576,Karur,0.5,-3.728
2022-12-04 00:00:00,576,Karur,1.0,-3.728
2022-12-04 01:00:00,576,Karur,0.5,-3.728
2022-12-04 02:00:00,576,Karur,0.5,-3.728
2022-12-04 03:00:00,576,Karur,0.5,-3.728
2022-12-04 09:00:00,576,Karur,0.5,-3.714
2022-12-04 12:00:00,576,Karur,1.0,-3.7165
2022-12-04 13:00:00,576,Karur,4.75,-3.7165
2022-12-04 14:00:00,576,Karur,0.75,-3.7165
2022-12-04 15:00:00,576,Karur,0.5,-3.7165
2022-12-04 16:00:00,576,Karur,0.6666666666666666,-3.775
2022-12-04 17:00:00,576,Karur,1.0,-3.775
2022-12-04 18:00:00,576,Karur,2.5,-3.775
2022-12-04 19:00:00,576,Karur,0.75,-3.775
2022-12-04 21:00:00,576,Karur,0.75,-3.775
2022-12-04 22:00:00,576,Karur,0.5,-3.79975
2022-12-04 23:00:00,576,Karur,0.5,-3.79975
2022-12-05 00:00:00,576,Karur,0.5,-3.79975
2022-12-05 01:00:00,576,Karur,0.5,-3.79975
2022-12-05 02:00:00,576,Karur,0.75,-3.79975
2022-12-05 03:00:00,576,Karur,1.5,-3.79975
2022-12-05 04:00:00,576,Karur,0.5,-3.8025
2022-12-05 06:00:00,576,Karur,0.5,-3.8025
2022-12-05 10:00:00,576,Karur,0.5,-3.81375
2022-12-05 11:00:00,576,Karur,21.0,-3.81375
2022-12-05 12:00:00,576,Karur,0.5,-3.81375
2022-12-05 14:00:00,576,Karur,3.0,-3.81375
2022-12-06 12:00:00,576,Karur,0.5,-3.821
2022-12-06 15:00:00,576,Karur,1.0,-3.821
2022-12-07 13:00:00,576,Karur,3.0,-3.80675
2022-12-08 18:00:00,576,Karur,0.5,-3.81
2022-12-08 19:00:00,576,Karur,0.5,-3.81
2022-12-08 20:00:00,576,Karur,0.5,-3.81
2022-12-08 21:00:00,576,Karur,0.5,-3.81
2022-12-08 23:00:00,576,Karur,0.6666666666666666,-3.78875
2022-12-09 02:00:00,576,Karur,0.6666666666666666,-3.78875
2022-12-09 03:00:00,576,Karur,1.375,-3.78875
2022-12-09 04:00:00,576,Karur,0.5,-3.78125
2022-12-09 05:00:00,576,Karur,0.5,-3.78125
2022-12-09 06:00:00,576,Karur,0.5,-3.78125
2022-12-09 08:00:00,576,Karur,0.6666666666666666,-3.78125
2022-12-09 09:00:00,576,Karur,1.1666666666666667,-3.78125
2022-12-09 10:00:00,576,Karur,1.6666666666666667,-3.78175
2022-12-09 14:00:00,576,Karur,0.5,-3.78175
2022-12-09 22:00:00,576,Karur,0.5,-3.7695
2022-12-10 10:00:00,576,Karur,0.5,-3.79475
2022-12-10 20:00:00,576,Karur,0.5,-3.78575
2022-12-11 02:00:00,576,Karur,0.5,-3.79075
2022-12-11 09:00:00,576,Karur,1.0,-3.7845
2022-12-11 10:00:00,576,Karur,0.75,-3.79475
2022-12-11 11:00:00,576,Karur,0.5,-3.79475
2022-12-11 12:00:00,576,Karur,0.5,-3.79475
2022-12-12 02:00:00,576,Karur,1.75,-3.78875
2022-12-12 03:00:00,576,Karur,1.0,-3.78875
2022-12-12 05:00:00,576,Karur,0.5,-3.77375
2022-12-12 06:00:00,576,Karur,0.75,-3.77375
2022-12-12 07:00:00,576,Karur,4.0,-3.77375
2022-12-12 08:00:00,576,Karur,0.5,-3.77375
2022-12-12 11:00:00,576,Karur,0.5,-3.788250000000001
2022-12-12 20:00:00,576,Karur,19.5,-3.787
2022-12-12 21:00:00,576,Karur,5.166666666666667,-3.787
2022-12-12 22:00:00,576,Karur,9.333333333333334,-3.76575
2022-12-12 23:00:00,576,Karur,1.5,-3.76575
2022-12-13 00:00:00,576,Karur,1.5,-3.76575
2022-12-13 01:00:00,576,Karur,1.0,-3.76575
2022-12-13 02:00:00,576,Karur,0.5,-3.76575
2022-12-13 03:00:00,576,Karur,0.5,-3.76575
2022-12-13 04:00:00,576,Karur,0.5,-3.755500000000001
2022-12-13 06:00:00,576,Karur,0.5,-3.755500000000001
2022-12-13 09:00:00,576,Karur,0.5,-3.755500000000001
2022-12-13 12:00:00,576,Karur,1.0,-3.7565
2022-12-13 13:00:00,576,Karur,2.25,-3.7565
2022-12-13 15:00:00,576,Karur,3.0,-3.7565
2022-12-13 16:00:00,576,Karur,4.25,-3.76
2022-12-13 17:00:00,576,Karur,7.833333333333333,-3.76
2022-12-13 18:00:00,576,Karur,1.5,-3.76
2022-12-13 19:00:00,576,Karur,0.5,-3.76
2022-12-13 21:00:00,576,Karur,0.5,-3.76
2022-12-13 23:00:00,576,Karur,0.5,-3.75325
2022-12-14 01:00:00,576,Karur,0.5,-3.75325
2022-12-14 02:00:00,576,Karur,0.5,-3.75325
2022-12-14 06:00:00,576,Karur,0.5,-3.758
2022-12-14 09:00:00,576,Karur,0.5,-3.758
2022-12-14 10:00:00,576,Karur,0.5,-3.757
2022-12-14 14:00:00,576,Karur,0.5,-3.614
2022-12-14 16:00:00,576,Karur,0.5,-3.615
2022-12-14 19:00:00,576,Karur,0.5,-3.61025
2022-12-15 03:00:00,576,Karur,0.5,-3.606
2022-12-15 11:00:00,576,Karur,0.5,-3.609
2022-12-15 12:00:00,576,Karur,11.0,-3.609
2022-12-15 15:00:00,576,Karur,0.5,-3.609
2022-12-16 15:00:00,576,Karur,0.5,-3.59925
2022-12-16 18:00:00,576,Karur,0.5,-3.63275
2022-12-17 00:00:00,576,Karur,0.5,-3.6205
2022-12-17 10:00:00,576,Karur,0.5,-3.63675
2022-12-17 16:00:00,576,Karur,0.5,-3.64625
2022-12-18 00:00:00,576,Karur,0.5,-3.62925
2022-12-18 09:00:00,576,Karur,0.5,-3.6225
2022-12-18 23:00:00,576,Karur,0.5,-3.64625
2022-12-19 12:00:00,576,Karur,0.5,-3.67175
2022-12-20 01:00:00,576,Karur,0.5,-3.65825
2022-12-20 10:00:00,576,Karur,0.5,-3.6535
2022-12-23 14:00:00,576,Karur,0.5,-3.69475
2022-12-23 17:00:00,576,Karur,0.5,-3.693
2022-12-24 11:00:00,576,Karur,1.0,-3.692
2022-12-24 14:00:00,576,Karur,3.0,-3.692
2022-12-24 19:00:00,576,Karur,3.0,-3.7375
2022-12-25 12:00:00,576,Karur,5.5,-3.77375
2022-12-25 13:00:00,576,Karur,2.0,-3.77375
2022-12-25 14:00:00,576,Karur,0.5,-3.77375
2022-12-25 16:00:00,576,Karur,1.5,-3.765
2022-12-25 17:00:00,576,Karur,1.75,-3.765
2022-12-25 18:00:00,576,Karur,0.875,-3.765
2022-12-25 19:00:00,576,Karur,1.0,-3.765
2022-12-25 20:00:00,576,Karur,0.5,-3.765
2022-12-26 06:00:00,576,Karur,0.5,-3.75275
2022-12-26 07:00:00,576,Karur,0.5,-3.75275
2022-12-26 08:00:00,576,Karur,0.5,-3.75275
2022-12-26 12:00:00,576,Karur,0.5,-3.76475
2022-12-26 14:00:00,576,Karur,1.5,-3.76475
2022-12-26 15:00:00,576,Karur,1.6666666666666667,-3.76475
2022-12-26 17:00:00,576,Karur,0.5,-3.7305
2022-12-27 13:00:00,576,Karur,3.5,-3.702
2022-12-27 14:00:00,576,Karur,1.125,-3.702
2022-12-27 16:00:00,576,Karur,0.5,-3.71425
2023-01-07 10:00:00,576,Karur,0.5,-3.3336666666666672
2023-01-30 21:00:00,576,Karur,1.0,-4.433
2023-01-30 22:00:00,576,Karur,0.5,-4.423
2023-01-30 23:00:00,576,Karur,5.875,-4.423
2023-01-31 00:00:00,576,Karur,4.833333333333333,-4.423
2023-01-31 01:00:00,576,Karur,1.75,-4.423
2023-01-31 02:00:00,576,Karur,0.5,-4.423
2023-01-31 10:00:00,576,Karur,0.5,-4.422000000000001
2023-02-01 12:00:00,576,Karur,27.5,-4.43975
2023-02-02 20:00:00,576,Karur,0.5,-4.479666666666667
2023-02-03 02:00:00,576,Karur,0.5,-4.467333333333333
2023-02-03 16:00:00,576,Karur,3.0,-4.468
2023-02-03 17:00:00,576,Karur,6.666666666666667,-4.468
2023-02-03 18:00:00,576,Karur,3.0,-4.468
2023-02-03 19:00:00,576,Karur,3.1666666666666665,-4.468
2023-02-03 20:00:00,576,Karur,1.5,-4.468
2023-02-03 23:00:00,576,Karur,0.5,-4.453333333333333
2023-02-04 01:00:00,576,Karur,0.5,-4.453333333333333
2023-02-04 05:00:00,576,Karur,0.5,-4.441333333333334
2023-02-04 10:00:00,576,Karur,0.5,-4.437666666666667
2023-02-06 11:00:00,576,Karur,0.5,-4.464666666666666
2023-02-08 11:00:00,576,Karur,0.5,-4.489333333333334
2023-02-11 14:00:00,576,Karur,0.5,-4.899
2023-02-16 14:00:00,576,Karur,0.5,-4.99075
2023-03-05 14:00:00,576,Karur,2.0,-5.466666666666666
2023-03-05 15:00:00,576,Karur,0.5,-5.466666666666666
2023-03-05 16:00:00,576,Karur,5.5,-5.329
2023-03-08 11:00:00,576,Karur,5.0,-5.684
2023-03-10 16:00:00,576,Karur,83.5,-5.4005
2023-03-11 12:00:00,576,Karur,6.0,-5.3665
2023-03-11 13:00:00,576,Karur,116.0,-5.3665
2023-03-11 15:00:00,576,Karur,0.5,-5.3665
2023-03-12 12:00:00,576,Karur,1.0,-5.3892500000000005
2023-03-12 13:00:00,576,Karur,29.0,-5.3892500000000005
2023-03-12 14:00:00,576,Karur,10.0,-5.3892500000000005
2023-03-12 15:00:00,576,Karur,6.0,-5.3892500000000005
2023-03-12 16:00:00,576,Karur,1.0,-5.58475
2023-03-13 12:00:00,576,Karur,34.0,-5.742
2023-03-13 13:00:00,576,Karur,68.0,-5.742
2023-03-13 14:00:00,576,Karur,33.5,-5.742
2023-03-13 15:00:00,576,Karur,70.0,-5.742
2023-03-13 16:00:00,576,Karur,52.5,-5.52725
2023-03-13 17:00:00,576,Karur,58.5,-5.52725
2023-03-13 18:00:00,576,Karur,17.5,-5.52725
2023-03-13 22:00:00,576,Karur,2.0,-5.4785
2023-03-15 11:00:00,576,Karur,0.5,-5.44525
2023-03-15 12:00:00,576,Karur,27.0,-5.44525
2023-03-15 13:00:00,576,Karur,56.5,-5.44525
2023-03-15 14:00:00,576,Karur,42.0,-5.44525
2023-03-15 15:00:00,576,Karur,45.0,-5.44525
2023-03-15 16:00:00,576,Karur,1.5,-4.440333333333334
2023-03-16 10:00:00,576,Karur,0.5,-4.439333333333333
2023-03-16 11:00:00,576,Karur,4.5,-4.439333333333333
2023-03-16 12:00:00,576,Karur,35.0,-4.439333333333333
2023-03-16 13:00:00,576,Karur,28.0,-4.439333333333333
2023-03-16 14:00:00,576,Karur,25.0,-4.439333333333333
2023-03-16 15:00:00,576,Karur,1.0,-4.439333333333333
2023-03-16 16:00:00,576,Karur,18.5,-4.434333333333334
2023-03-17 10:00:00,576,Karur,3.0,-4.474666666666667
2023-03-17 13:00:00,576,Karur,15.5,-4.474666666666667
2023-03-17 14:00:00,576,Karur,27.5,-4.474666666666667
2023-03-17 15:00:00,576,Karur,74.0,-4.474666666666667
2023-03-17 16:00:00,576,Karur,3.5,-5.94475
2023-03-17 17:00:00,576,Karur,1.0,-5.94475
2023-03-17 18:00:00,576,Karur,0.5,-5.94475
2023-03-18 10:00:00,576,Karur,15.5,-5.589
2023-03-18 11:00:00,576,Karur,17.5,-5.589
2023-03-18 12:00:00,576,Karur,23.5,-5.589
2023-03-18 13:00:00,576,Karur,11.0,-5.589
2023-03-18 14:00:00,576,Karur,7.0,-5.589
2023-03-18 15:00:00,576,Karur,14.5,-5.589
2023-03-18 16:00:00,576,Karur,19.0,-5.55675
2023-03-18 18:00:00,576,Karur,12.0,-5.55675
2023-03-18 19:00:00,576,Karur,0.5,-5.55675
2023-03-19 01:00:00,576,Karur,1.0,-5.53525
2023-03-19 02:00:00,576,Karur,3.0,-5.53525
2023-03-19 03:00:00,576,Karur,1.0,-5.53525
2023-03-19 10:00:00,576,Karur,0.5,-5.52575
2023-03-19 11:00:00,576,Karur,18.5,-5.52575
2023-03-19 12:00:00,576,Karur,40.5,-5.52575
2023-03-19 14:00:00,576,Karur,40.5,-5.52575
2023-03-19 15:00:00,576,Karur,92.0,-5.52575
2023-03-19 16:00:00,576,Karur,40.0,-5.5255
2023-03-19 17:00:00,576,Karur,26.5,-5.5255
2023-03-19 19:00:00,576,Karur,3.75,-5.5255
2023-03-19 21:00:00,576,Karur,5.0,-5.5255
2023-03-19 22:00:00,576,Karur,0.5,-5.5215
2023-03-20 03:00:00,576,Karur,0.5,-5.5215
2023-03-20 04:00:00,576,Karur,0.5,-5.511
2023-03-20 11:00:00,576,Karur,52.5,-5.53575
2023-03-20 12:00:00,576,Karur,156.0,-5.53575
2023-03-20 13:00:00,576,Karur,97.0,-5.53575
2023-03-20 14:00:00,576,Karur,6.5,-5.53575
2023-03-20 15:00:00,576,Karur,3.5,-5.53575
2023-03-20 16:00:00,576,Karur,29.5,-5.57475
2023-03-20 17:00:00,576,Karur,12.5,-5.57475
2023-03-21 10:00:00,576,Karur,22.0,-5.8505
2023-03-21 11:00:00,576,Karur,15.0,-5.8505
2023-03-21 12:00:00,576,Karur,0.5,-5.8505
2023-03-21 14:00:00,576,Karur,2.0,-5.8505
2023-03-21 15:00:00,576,Karur,3.0,-5.8505
2023-03-21 18:00:00,576,Karur,3.0,-5.697
2023-03-21 19:00:00,576,Karur,0.5,-5.697
2023-03-22 10:00:00,576,Karur,4.0,-5.63525
2023-03-22 14:00:00,576,Karur,1.0,-5.63525
2023-03-22 15:00:00,576,Karur,6.5,-5.63525
2023-03-22 16:00:00,576,Karur,8.0,-5.86125
2023-03-22 17:00:00,576,Karur,18.0,-5.86125
2023-03-23 13:00:00,576,Karur,0.5,-5.9695
2023-03-25 16:00:00,576,Karur,0.5,-5.967
2023-03-25 17:00:00,576,Karur,8.5,-5.7235
2023-03-25 18:00:00,576,Karur,1.0,-5.7235
2023-03-26 10:00:00,576,Karur,1.5,-5.702999999999999
2023-03-26 11:00:00,576,Karur,12.0,-5.702999999999999
2023-03-26 12:00:00,576,Karur,6.0,-5.702999999999999
2023-03-26 13:00:00,576,Karur,0.5,-5.702999999999999
2023-03-26 14:00:00,576,Karur,0.5,-5.702999999999999
2023-03-26 15:00:00,576,Karur,3.5,-5.702999999999999
2023-03-26 16:00:00,576,Karur,0.5,-5.6925
2023-03-26 18:00:00,576,Karur,1.0,-5.6925
2023-03-27 00:00:00,576,Karur,0.5,-5.688
2023-03-27 01:00:00,576,Karur,0.5,-5.688
2023-03-27 10:00:00,576,Karur,378.0,-6.042249999999999
2023-03-27 11:00:00,576,Karur,14.0,-6.042249999999999
2023-03-27 13:00:00,576,Karur,113.0,-6.042249999999999
2023-03-27 14:00:00,576,Karur,8.5,-6.042249999999999
2023-03-27 16:00:00,576,Karur,31.0,-5.815
2023-03-27 17:00:00,576,Karur,8.0,-5.815
2023-03-27 18:00:00,576,Karur,66.5,-5.815
2023-03-27 19:00:00,576,Karur,28.0,-5.815
2023-03-28 10:00:00,576,Karur,70.0,-7.242999999999999
2023-03-28 15:00:00,576,Karur,1.5,-7.242999999999999
2023-03-28 18:00:00,576,Karur,0.5,-4.633
2023-03-29 11:00:00,576,Karur,1.0,-6.08875
2023-04-01 11:00:00,576,Karur,4.0,-6.05125
2023-04-01 22:00:00,576,Karur,52.0,-5.89925
2023-04-01 23:00:00,576,Karur,5.0,-5.89925
2023-04-02 00:00:00,576,Karur,0.5,-5.89925
2023-04-02 22:00:00,576,Karur,0.5,-5.8196666666666665
2023-04-21 19:00:00,576,Karur,8.25,-6.40775
2023-04-21 20:00:00,576,Karur,1.3333333333333333,-6.40775
2023-04-21 21:00:00,576,Karur,0.5,-6.40775
2023-04-22 21:00:00,576,Karur,21.0,-6.3740000000000006
2023-04-22 22:00:00,576,Karur,1.1666666666666667,-6.3535
2023-04-22 23:00:00,576,Karur,0.5,-6.3535
2023-04-23 18:00:00,576,Karur,25.0,-6.369
2023-04-23 19:00:00,576,Karur,3.1666666666666665,-6.369
2023-04-23 21:00:00,576,Karur,3.0,-6.369
2023-04-23 22:00:00,576,Karur,0.5,-6.336
2023-04-24 19:00:00,576,Karur,24.0,-6.3195
2023-04-24 20:00:00,576,Karur,12.0,-6.3195
2023-04-24 21:00:00,576,Karur,0.5,-6.3195
2023-04-25 03:00:00,576,Karur,0.5,-6.297000000000001
2023-04-25 05:00:00,576,Karur,1.5,-6.24075
2023-04-25 06:00:00,576,Karur,0.5,-6.24075
2023-04-25 08:00:00,576,Karur,1.5,-6.24075
2023-04-25 10:00:00,576,Karur,1.0,-6.22225
2023-04-25 12:00:00,576,Karur,0.5,-6.22225
2023-04-26 18:00:00,576,Karur,6.0,-5.99625
2023-04-26 19:00:00,576,Karur,2.0,-5.99625
2023-04-26 20:00:00,576,Karur,1.5,-5.99625
2023-04-28 13:00:00,576,Karur,1.0,-5.9215
2023-04-29 15:00:00,576,Karur,2.0,-5.931749999999999
2023-04-30 09:00:00,576,Karur,0.5,-6.959666666666666
2023-04-30 11:00:00,576,Karur,0.5,-7.098333333333334
2023-04-30 13:00:00,576,Karur,8.0,-7.098333333333334
2023-04-30 14:00:00,576,Karur,0.5,-7.098333333333334
2023-05-01 15:00:00,576,Karur,0.5,-5.9675
2023-05-01 16:00:00,576,Karur,0.5,-5.9675
2023-05-01 19:00:00,576,Karur,0.5,-5.9675
2023-05-01 20:00:00,576,Karur,0.5,-5.9675
2023-05-01 21:00:00,576,Karur,2.0,-5.9675
2023-05-01 22:00:00,576,Karur,1.375,-6.01975
2023-05-01 23:00:00,576,Karur,1.6666666666666667,-6.01975
2023-05-02 00:00:00,576,Karur,0.5,-6.01975
2023-05-02 05:00:00,576,Karur,0.5,-5.939
2023-05-02 06:00:00,576,Karur,0.5,-5.939
2023-05-02 07:00:00,576,Karur,0.5,-5.939
2023-05-03 10:00:00,576,Karur,3.0,-5.9435
2023-05-03 16:00:00,576,Karur,0.5,-5.932499999999999
2023-05-03 21:00:00,576,Karur,0.5,-5.932499999999999
2023-05-03 22:00:00,576,Karur,0.5,-5.96975
2023-05-03 23:00:00,576,Karur,0.5,-5.96975
2023-05-04 00:00:00,576,Karur,0.6666666666666666,-5.96975
2023-05-04 01:00:00,576,Karur,0.5,-5.96975
2023-05-04 02:00:00,576,Karur,0.5,-5.96975
2023-05-04 06:00:00,576,Karur,0.5,-5.9375
2023-05-04 12:00:00,576,Karur,0.5,-5.991
2023-05-04 16:00:00,576,Karur,2.5,-5.979
2023-05-04 17:00:00,576,Karur,4.5,-5.979
2023-05-04 18:00:00,576,Karur,0.5,-5.979
2023-05-04 19:00:00,576,Karur,2.5,-5.979
2023-05-04 20:00:00,576,Karur,1.6,-5.979
2023-05-04 21:00:00,576,Karur,4.75,-5.979
2023-05-04 22:00:00,576,Karur,1.0,-5.965
2023-05-04 23:00:00,576,Karur,0.5,-5.965
2023-05-05 00:00:00,576,Karur,0.5,-5.965
2023-05-05 04:00:00,576,Karur,0.5,-5.9325
2023-05-05 07:00:00,576,Karur,0.5,-5.9325
2023-05-05 18:00:00,576,Karur,0.5,-5.91925
2023-05-06 11:00:00,576,Karur,0.5,-6.22625
2023-05-06 16:00:00,576,Karur,8.0,-6.147
2023-05-06 17:00:00,576,Karur,1.0,-6.147
2023-05-06 19:00:00,576,Karur,1.0,-6.147
2023-05-06 20:00:00,576,Karur,2.125,-6.147
2023-05-06 21:00:00,576,Karur,1.5,-6.147
2023-05-06 22:00:00,576,Karur,0.5,-6.020250000000001
2023-05-06 23:00:00,576,Karur,0.5,-6.020250000000001
2023-05-07 00:00:00,576,Karur,0.625,-6.020250000000001
2023-05-07 01:00:00,576,Karur,1.375,-6.020250000000001
2023-05-07 02:00:00,576,Karur,1.375,-6.020250000000001
2023-05-07 03:00:00,576,Karur,0.75,-6.020250000000001
2023-05-07 05:00:00,576,Karur,0.5,-5.969
2023-05-07 11:00:00,576,Karur,0.5,-5.984500000000001
2023-05-07 22:00:00,576,Karur,0.75,-6.219250000000001
2023-05-07 23:00:00,576,Karur,4.0,-6.219250000000001
2023-05-08 00:00:00,576,Karur,2.0,-6.219250000000001
2023-05-08 01:00:00,576,Karur,0.75,-6.219250000000001
2023-05-08 02:00:00,576,Karur,0.5,-6.219250000000001
2023-05-08 03:00:00,576,Karur,0.5,-6.219250000000001
2023-05-08 16:00:00,576,Karur,26.0,-5.96275
2023-05-08 17:00:00,576,Karur,0.5,-5.96275
2023-05-09 00:00:00,576,Karur,0.5,-6.24325
2023-05-09 18:00:00,576,Karur,1.0,-5.94025
2023-05-09 19:00:00,576,Karur,1.5,-5.94025
2023-05-09 22:00:00,576,Karur,2.0,-6.0115
2023-05-10 00:00:00,576,Karur,1.5,-6.0115
2023-05-10 08:00:00,576,Karur,0.5,-5.912749999999999
2023-05-11 18:00:00,576,Karur,2.0,-6.683
2023-05-11 20:00:00,576,Karur,13.5,-6.683
2023-05-13 09:00:00,576,Karur,0.5,-6.0265
2023-05-16 15:00:00,576,Karur,2.5,-5.698
2023-06-03 06:00:00,576,Karur,0.5,-6.267250000000001
2023-06-04 17:00:00,576,Karur,11.5,-6.3235
2023-06-04 21:00:00,576,Karur,0.5,-6.3235
2023-06-04 22:00:00,576,Karur,0.5,-6.28475
2023-06-05 19:00:00,576,Karur,0.5,-6.39625
2023-06-06 00:00:00,576,Karur,0.5,-6.30825
2023-06-12 17:00:00,576,Karur,1.0,-6.4965
2023-06-13 20:00:00,576,Karur,0.5,-6.67125
2023-06-13 21:00:00,576,Karur,0.75,-6.67125
2023-06-13 22:00:00,576,Karur,0.5,-6.5795
2023-06-21 16:00:00,576,Karur,0.5,-7.027
2023-06-21 19:00:00,576,Karur,11.0,-7.027
2023-06-21 20:00:00,576,Karur,9.666666666666666,-7.027
2023-06-25 19:00:00,576,Karur,0.5,-6.88725
2023-07-05 01:00:00,576,Karur,0.5,-7.02225
2023-07-08 10:00:00,576,Karur,0.5,-7.38275
2023-07-09 19:00:00,576,Karur,1.0,-7.17725
2023-07-10 00:00:00,576,Karur,0.5,-7.1232500000000005
2023-07-10 18:00:00,576,Karur,1.5,-7.098
2023-07-10 21:00:00,576,Karur,0.5,-7.098
2023-07-11 02:00:00,576,Karur,0.5,-7.057250000000001
2023-07-11 03:00:00,576,Karur,0.5,-7.057250000000001
2023-07-11 04:00:00,576,Karur,0.5,-7.03675
2023-07-11 11:00:00,576,Karur,0.5,-7.3375
2023-07-23 22:00:00,576,Karur,0.5,-7.228249999999999
2023-07-23 23:00:00,576,Karur,3.0,-7.228249999999999
2023-07-24 00:00:00,576,Karur,1.6666666666666667,-7.228249999999999
2023-07-24 01:00:00,576,Karur,0.5,-7.228249999999999
2023-07-25 16:25:00,576,Karur,3.0,-7.29175
2023-07-25 17:00:00,576,Karur,3.0,-7.29175
2023-08-10 03:00:00,576,Karur,0.5,-7.782999999999999
2023-08-10 16:00:00,576,Karur,6.25,-7.80225
2023-08-10 17:00:00,576,Karur,1.0,-7.80225
2023-08-10 19:00:00,576,Karur,0.5,-7.80225
2023-08-11 18:00:00,576,Karur,3.5,-7.7795
2023-08-11 21:00:00,576,Karur,1.5,-7.7795
2023-08-11 22:00:00,576,Karur,3.5,-7.750500000000001
2023-08-11 23:00:00,576,Karur,1.25,-7.750500000000001
2023-08-12 00:00:00,576,Karur,1.3,-7.750500000000001
2023-08-12 01:00:00,576,Karur,4.2,-7.750500000000001
2023-08-12 02:00:00,576,Karur,1.8,-7.750500000000001
2023-08-12 03:00:00,576,Karur,0.625,-7.750500000000001
2023-08-12 04:00:00,576,Karur,0.5,-7.721249999999999
2023-08-12 12:00:00,576,Karur,0.5,-7.76075
2023-08-12 23:00:00,576,Karur,3.0,-7.7675
2023-08-13 00:00:00,576,Karur,0.5,-7.7675
2023-08-13 01:00:00,576,Karur,4.833333333333333,-7.7675
2023-08-13 02:00:00,576,Karur,0.5,-7.7675
2023-08-15 20:00:00,576,Karur,18.0,-7.750333333333333
2023-08-15 21:00:00,576,Karur,0.75,-7.750333333333333
2023-08-16 10:00:00,576,Karur,153.5,-8.075333333333333
2023-08-16 13:00:00,576,Karur,14.5,-8.075333333333333
2023-08-16 14:00:00,576,Karur,145.0,-8.075333333333333
2023-08-16 15:00:00,576,Karur,32.5,-8.075333333333333
2023-08-16 16:00:00,576,Karur,3.5,-8.161
2023-08-17 13:00:00,576,Karur,5.0,-7.9049999999999985
2023-08-20 19:00:00,576,Karur,8.5,-7.916999999999999
2023-08-22 22:00:00,576,Karur,35.5,-8.024333333333333
2023-08-22 23:00:00,576,Karur,24.0,-8.024333333333333
2023-08-23 00:00:00,576,Karur,2.0,-8.024333333333333
2023-08-23 01:00:00,576,Karur,0.6666666666666666,-8.024333333333333
2023-08-23 06:00:00,576,Karur,0.5,-8.084666666666665
2023-08-23 12:00:00,576,Karur,0.5,-8.303333333333333
2023-08-23 21:00:00,576,Karur,1.0,-8.453000000000001
2023-08-23 22:00:00,576,Karur,0.5,-8.417333333333334
2023-08-29 17:00:00,576,Karur,1.0,-8.336
2023-08-29 18:00:00,576,Karur,0.5,-8.336
2023-08-29 19:00:00,576,Karur,5.0,-8.336
2023-08-29 20:00:00,576,Karur,12.166666666666666,-8.336
2023-08-29 21:00:00,576,Karur,6.5,-8.336
2023-08-29 22:00:00,576,Karur,3.2,-8.28625
2023-08-29 23:00:00,576,Karur,3.4,-8.28625
2023-08-30 00:00:00,576,Karur,2.7,-8.28625
2023-08-30 01:00:00,576,Karur,1.2,-8.28625
2023-08-30 02:00:00,576,Karur,0.6666666666666666,-8.28625
2023-08-30 03:00:00,576,Karur,0.5,-8.28625
2023-08-30 04:00:00,576,Karur,25.0,-8.253
2023-08-30 05:00:00,576,Karur,0.5,-8.253
2023-08-30 09:00:00,576,Karur,0.5,-8.253
2023-08-30 13:00:00,576,Karur,0.5,-8.44725
2023-08-30 15:00:00,576,Karur,2.0,-8.44725
2023-08-30 16:00:00,576,Karur,0.5,-8.45225
2023-08-30 20:00:00,576,Karur,0.75,-8.45225
2023-08-30 21:00:00,576,Karur,22.5,-8.45225
2023-08-30 22:00:00,576,Karur,2.5,-8.34325
2023-08-30 23:00:00,576,Karur,0.75,-8.34325
2023-08-31 00:00:00,576,Karur,1.0,-8.34325
2023-08-31 01:00:00,576,Karur,0.6666666666666666,-8.34325
2023-08-31 03:00:00,576,Karur,0.5,-8.34325
2023-08-31 05:00:00,576,Karur,0.5,-8.290000000000001
2023-08-31 12:00:00,576,Karur,0.5,-8.29675
2023-08-31 16:00:00,576,Karur,6.0,-8.2485
2023-08-31 17:00:00,576,Karur,7.75,-8.2485
2023-08-31 18:00:00,576,Karur,6.0,-8.2485
2023-08-31 19:00:00,576,Karur,0.5,-8.2485
2023-08-31 21:00:00,576,Karur,23.75,-8.2485
2023-08-31 22:00:00,576,Karur,4.875,-8.22725
2023-08-31 23:00:00,576,Karur,5.75,-8.22725
2023-09-01 00:00:00,576,Karur,2.25,-8.22725
2023-09-01 01:00:00,576,Karur,1.6666666666666667,-8.22725
2023-09-01 02:00:00,576,Karur,0.6666666666666666,-8.22725
2023-09-01 03:00:00,576,Karur,0.5,-8.22725
2023-09-01 04:00:00,576,Karur,0.5,-8.193249999999999
2023-09-01 11:00:00,576,Karur,0.5,-8.16775
2023-09-01 18:00:00,576,Karur,0.5,-8.1195
2023-09-01 20:00:00,576,Karur,37.0,-8.1195
2023-09-01 21:00:00,576,Karur,1.75,-8.1195
2023-09-01 22:00:00,576,Karur,1.0,-8.0535
2023-09-01 23:00:00,576,Karur,0.5,-8.0535
2023-09-02 00:00:00,576,Karur,1.0,-8.0535
2023-09-02 01:00:00,576,Karur,1.0,-8.0535
2023-09-02 02:00:00,576,Karur,0.5,-8.0535
2023-09-02 04:00:00,576,Karur,0.5,-8.156333333333334
2023-09-02 12:00:00,576,Karur,0.5,-8.132
2023-09-02 14:00:00,576,Karur,0.5,-8.132
2023-09-02 17:00:00,576,Karur,0.5,-8.052
2023-09-02 18:00:00,576,Karur,0.5,-8.052
2023-09-02 19:00:00,576,Karur,9.5,-8.052
2023-09-03 00:00:00,576,Karur,0.5,-7.951499999999999
2023-09-03 12:00:00,576,Karur,0.5,-7.8275
2023-09-03 22:00:00,576,Karur,0.5,-7.711
2023-09-04 11:00:00,576,Karur,0.5,-7.683
2023-09-04 20:00:00,576,Karur,0.5,-7.668
2023-09-05 08:00:00,576,Karur,0.5,-7.62
2023-09-05 15:00:00,576,Karur,0.5,-7.86425
2023-09-05 23:00:00,576,Karur,0.5,-7.69475
2023-09-06 08:00:00,576,Karur,0.5,-7.647
2023-09-06 15:00:00,576,Karur,0.5,-7.75875
2023-09-06 18:00:00,576,Karur,19.0,-7.76475
2023-09-06 19:00:00,576,Karur,1.5,-7.76475
2023-09-06 21:00:00,576,Karur,0.5,-7.76475
2023-09-07 05:00:00,576,Karur,0.5,-7.666
2023-09-07 11:00:00,576,Karur,0.5,-7.8445
2023-09-07 17:00:00,576,Karur,0.5,-7.76475
2023-09-08 07:00:00,576,Karur,0.5,-7.668749999999999
2023-09-09 20:00:00,576,Karur,1.5,-7.657999999999999
2023-09-12 20:00:00,576,Karur,3.0,-7.561999999999999
2023-09-16 21:00:00,576,Karur,1.0,-7.8895
2023-09-16 22:00:00,576,Karur,4.5,-7.8545
2023-09-17 17:00:00,576,Karur,3.0,-8.1995
2023-09-17 18:00:00,576,Karur,3.75,-8.1995
2023-09-17 19:00:00,576,Karur,15.75,-8.1995
2023-09-17 20:00:00,576,Karur,24.0,-8.1995
2023-09-17 21:00:00,576,Karur,1.0,-8.1995
2023-09-17 22:00:00,576,Karur,0.5,-8.23675
2023-09-17 23:00:00,576,Karur,0.5,-8.23675
2023-09-18 00:00:00,576,Karur,0.8,-8.23675
2023-09-18 01:00:00,576,Karur,0.5,-8.23675
2023-09-18 02:00:00,576,Karur,0.75,-8.23675
2023-09-18 03:00:00,576,Karur,0.5,-8.23675
2023-09-18 16:00:00,576,Karur,0.5,-8.3415
2023-09-18 18:00:00,576,Karur,2.25,-8.3415
2023-09-18 19:00:00,576,Karur,0.5,-8.3415
2023-09-18 22:00:00,576,Karur,0.75,-8.248
2023-09-19 17:00:00,576,Karur,9.5,-8.12075
2023-09-19 18:00:00,576,Karur,20.5,-8.12075
2023-09-19 19:00:00,576,Karur,0.5,-8.12075
2023-09-19 20:00:00,576,Karur,0.5,-8.12075
2023-09-19 21:00:00,576,Karur,3.0,-8.12075
2023-09-19 22:00:00,576,Karur,0.5,-8.04725
2023-09-19 23:00:00,576,Karur,0.5,-8.04725
2023-09-20 19:00:00,576,Karur,2.0,-7.94725
2023-09-20 23:00:00,576,Karur,10.0,-7.90975
2023-09-21 00:00:00,576,Karur,2.0,-7.90975
2023-09-21 19:00:00,576,Karur,0.5,-7.77075
2023-09-21 21:00:00,576,Karur,5.0,-7.77075
2023-09-21 22:00:00,576,Karur,2.333333333333333,-7.6905
2023-09-21 23:00:00,576,Karur,2.833333333333333,-7.6905
2023-09-22 00:00:00,576,Karur,0.75,-7.6905
2023-09-22 01:00:00,576,Karur,0.75,-7.6905
2023-09-22 02:00:00,576,Karur,0.5,-7.6905
2023-09-22 03:00:00,576,Karur,0.5,-7.6905
2023-09-22 04:00:00,576,Karur,0.5,-7.454000000000001
2023-09-22 05:00:00,576,Karur,0.5,-7.454000000000001
2023-09-22 07:00:00,576,Karur,0.5,-7.454000000000001
2023-09-22 08:00:00,576,Karur,0.5,-7.454000000000001
2023-09-22 10:00:00,576,Karur,0.5,-7.327999999999999
2023-09-22 12:00:00,576,Karur,0.5,-7.327999999999999
2023-09-22 14:00:00,576,Karur,0.5,-7.327999999999999
2023-09-22 16:00:00,576,Karur,0.5,-7.2695
2023-09-22 19:00:00,576,Karur,0.5,-7.2695
2023-09-22 20:00:00,576,Karur,0.5,-7.2695
2023-09-23 10:00:00,576,Karur,0.5,-7.192
2023-09-23 14:00:00,576,Karur,0.5,-7.192
2023-09-23 20:00:00,576,Karur,0.5,-7.24075
2023-09-23 21:00:00,576,Karur,1.0,-7.24075
2023-09-23 22:00:00,576,Karur,2.0,-7.17725
2023-09-23 23:00:00,576,Karur,0.5,-7.17725
2023-09-24 00:00:00,576,Karur,0.5,-7.17725
2023-09-24 03:00:00,576,Karur,0.5,-7.17725
2023-09-24 11:00:00,576,Karur,0.5,-7.16175
2023-09-24 18:00:00,576,Karur,0.5,-8.338333333333333
2023-09-25 09:00:00,576,Karur,0.5,-8.311666666666666
2023-09-25 12:00:00,576,Karur,0.5,-8.319
2023-09-25 17:00:00,576,Karur,0.5,-8.305333333333333
2023-09-25 22:00:00,576,Karur,0.5,-8.294333333333334
2023-09-25 23:00:00,576,Karur,0.5,-8.294333333333334
2023-09-26 00:00:00,576,Karur,1.0,-8.294333333333334
2023-09-26 01:00:00,576,Karur,1.0,-8.294333333333334
2023-09-26 10:00:00,576,Karur,0.5,-8.290666666666667
2023-09-26 14:00:00,576,Karur,2.5,-8.290666666666667
2023-09-26 17:00:00,576,Karur,0.5,-8.278333333333334
2023-09-27 01:00:00,576,Karur,0.5,-8.272666666666668
2023-09-27 04:00:00,576,Karur,0.5,-8.262666666666666
2023-09-27 10:00:00,576,Karur,0.5,-8.330666666666668
2023-09-27 17:00:00,576,Karur,0.5,-8.453333333333333
2023-09-28 03:00:00,576,Karur,0.5,-8.389000000000001
2023-09-28 12:00:00,576,Karur,0.5,-8.343333333333334
2023-09-29 00:00:00,576,Karur,0.5,-7.15875
2023-09-29 08:00:00,576,Karur,0.5,-7.17925
2023-09-29 13:00:00,576,Karur,0.5,-7.30925
2023-09-30 06:00:00,576,Karur,0.5,-7.21175
2023-09-30 23:00:00,576,Karur,0.5,-7.0005
2023-10-05 15:00:00,576,Karur,0.5,-8.317666666666666
2023-10-05 21:00:00,576,Karur,0.5,-8.306
2023-10-06 09:00:00,576,Karur,0.5,-8.355666666666666
2023-10-06 23:00:00,576,Karur,0.5,-8.543
2023-10-07 10:00:00,576,Karur,0.5,-8.441333333333333
2023-10-07 15:00:00,576,Karur,0.5,-8.441333333333333
2023-10-08 04:00:00,576,Karur,0.5,-8.489333333333333
2023-10-08 09:00:00,576,Karur,0.5,-8.489333333333333
2023-10-08 14:00:00,576,Karur,0.5,-8.619333333333334
2023-10-09 01:00:00,576,Karur,0.5,-8.610999999999999
2023-10-09 03:00:00,576,Karur,0.5,-8.610999999999999
2023-10-09 13:00:00,576,Karur,0.5,-8.652666666666667
2023-10-09 14:00:00,576,Karur,0.5,-8.652666666666667
2023-10-10 19:00:00,576,Karur,0.5,-8.558666666666667
2023-10-11 16:00:00,576,Karur,2.0,-8.488333333333335
2023-10-11 17:00:00,576,Karur,1.0,-8.488333333333335
2023-10-11 18:00:00,576,Karur,5.0,-8.488333333333335
2023-10-12 00:00:00,576,Karur,15.5,-8.470999999999998
2023-10-12 01:00:00,576,Karur,1.5,-8.470999999999998
2023-10-12 13:00:00,576,Karur,0.5,-8.424666666666667
2023-10-12 23:00:00,576,Karur,1.5,-8.367333333333333
2023-10-14 22:00:00,576,Karur,1.5,-8.284666666666666
2023-10-14 23:00:00,576,Karur,5.0,-8.284666666666666
2023-10-15 00:00:00,576,Karur,11.25,-8.284666666666666
2023-10-15 01:00:00,576,Karur,5.166666666666667,-8.284666666666666
2023-10-15 02:00:00,576,Karur,2.1666666666666665,-8.284666666666666
2023-10-15 03:00:00,576,Karur,1.0,-8.284666666666666
2023-10-15 04:00:00,576,Karur,0.75,-8.272333333333334
2023-10-15 05:00:00,576,Karur,1.6666666666666667,-8.272333333333334
2023-10-15 06:00:00,576,Karur,1.8333333333333333,-8.272333333333334
2023-10-15 07:00:00,576,Karur,0.5,-8.272333333333334
2023-10-15 08:00:00,576,Karur,0.5,-8.272333333333334
2023-10-16 03:00:00,576,Karur,1.0,-8.236333333333334
2023-10-16 04:00:00,576,Karur,3.5,-8.231
2023-10-16 05:00:00,576,Karur,0.5,-8.231
2023-10-16 06:00:00,576,Karur,0.5,-8.231
2023-10-16 08:00:00,576,Karur,0.5,-8.231
2023-10-16 09:00:00,576,Karur,1.75,-8.231
2023-10-16 10:00:00,576,Karur,0.75,-8.209333333333333
2023-10-16 14:00:00,576,Karur,0.5,-8.209333333333333
2023-10-16 16:00:00,576,Karur,0.5,-8.205333333333334
2023-10-16 19:00:00,576,Karur,0.5,-8.205333333333334
2023-10-16 23:00:00,576,Karur,0.5,-8.186
2023-10-17 00:00:00,576,Karur,1.0,-8.186
2023-10-17 01:00:00,576,Karur,0.5,-8.186
2023-10-17 02:00:00,576,Karur,0.5,-8.186
2023-10-17 05:00:00,576,Karur,0.5,-8.174999999999999
2023-10-17 09:00:00,576,Karur,0.5,-8.174999999999999
2023-10-17 15:00:00,576,Karur,0.5,-8.154333333333334
2023-10-18 14:00:00,576,Karur,0.5,-8.135666666666667
2023-10-20 06:00:00,576,Karur,0.5,-8.086
2023-10-20 16:00:00,576,Karur,0.5,-8.086
2023-10-20 21:00:00,576,Karur,0.5,-8.086
2023-10-21 01:00:00,576,Karur,0.5,-8.086
2023-10-21 04:00:00,576,Karur,0.5,-8.086
2023-10-21 07:00:00,576,Karur,0.5,-8.086
2023-10-21 09:00:00,576,Karur,0.5,-8.086
2023-10-21 11:00:00,576,Karur,0.5,-8.086
2023-10-21 12:00:00,576,Karur,0.5,-8.086
2023-10-21 15:00:00,576,Karur,0.5,-8.086
2023-10-21 21:00:00,576,Karur,0.5,-13.739
2023-10-22 04:00:00,576,Karur,0.5,-13.739
2023-10-22 09:00:00,576,Karur,0.5,-13.739
2023-10-22 11:00:00,576,Karur,0.5,-13.739
2023-10-22 12:00:00,576,Karur,0.5,-13.739
2023-10-22 13:00:00,576,Karur,0.5,-13.739
2023-10-22 15:00:00,576,Karur,0.5,-13.739
2023-10-22 17:00:00,576,Karur,0.5,-13.739
2023-10-22 21:00:00,576,Karur,0.5,-13.739
2023-10-23 05:00:00,576,Karur,0.5,-13.739
2023-10-23 11:00:00,576,Karur,0.5,-14.317
2023-10-23 14:00:00,576,Karur,0.5,-14.317
2023-10-23 22:00:00,576,Karur,0.5,-7.32875
2023-10-24 11:00:00,576,Karur,0.5,-7.3055
2023-10-25 14:00:00,576,Karur,0.5,-7.308
2023-10-25 21:00:00,576,Karur,0.5,-7.3045
2023-10-26 05:00:00,576,Karur,0.5,-7.32075
2023-10-26 14:00:00,576,Karur,0.5,-7.4245
2023-10-27 10:00:00,576,Karur,0.5,-7.394
2023-10-28 06:00:00,576,Karur,0.5,-7.399999999999999
2023-10-29 03:00:00,576,Karur,0.5,-7.41525
2023-10-29 14:00:00,576,Karur,2.75,-7.42775
2023-10-29 15:00:00,576,Karur,7.666666666666667,-7.42775
2023-10-29 16:00:00,576,Karur,1.0,-7.42875
2023-10-30 07:00:00,576,Karur,0.5,-7.42675
2023-10-30 10:00:00,576,Karur,0.5,-7.424749999999999
2023-10-30 12:00:00,576,Karur,0.5,-7.424749999999999
2023-10-30 16:00:00,576,Karur,0.5,-7.432
2023-10-30 22:00:00,576,Karur,0.5,-7.421
2023-10-31 11:00:00,576,Karur,0.5,-7.42725
2023-10-31 14:00:00,576,Karur,0.5,-7.42725
2023-10-31 16:00:00,576,Karur,0.5,-7.456
2023-10-31 17:00:00,576,Karur,1.0,-7.456
2023-10-31 22:00:00,576,Karur,0.5,-7.42375
2023-11-01 19:00:00,576,Karur,4.0,-7.4665
2023-11-01 20:00:00,576,Karur,3.5,-7.4665
2023-11-01 21:00:00,576,Karur,0.5,-7.4665
2023-11-01 23:00:00,576,Karur,1.0,-7.4325
2023-11-02 02:00:00,576,Karur,0.5,-7.4325
2023-11-02 14:00:00,576,Karur,0.5,-7.47875
2023-11-02 15:00:00,576,Karur,0.5,-7.47875
2023-11-02 16:00:00,576,Karur,4.0,-7.47025
2023-11-02 17:00:00,576,Karur,0.5,-7.47025
2023-11-02 21:00:00,576,Karur,0.5,-7.47025
2023-11-03 09:00:00,576,Karur,0.5,-7.45275
2023-11-03 14:00:00,576,Karur,5.5,-7.454750000000001
2023-11-03 15:00:00,576,Karur,0.5,-7.454750000000001
2023-11-03 16:00:00,576,Karur,6.5,-7.46025
2023-11-04 05:00:00,576,Karur,1.0,-7.43875
2023-11-04 09:00:00,576,Karur,0.5,-7.43875
2023-11-04 13:00:00,576,Karur,0.5,-7.43725
2023-11-04 14:00:00,576,Karur,4.5,-7.43725
2023-11-04 15:00:00,576,Karur,0.5,-7.43725
2023-11-04 16:00:00,576,Karur,0.5,-7.4455
2023-11-04 18:00:00,576,Karur,0.5,-7.4455
2023-11-04 19:00:00,576,Karur,8.5,-7.4455
2023-11-04 20:00:00,576,Karur,5.666666666666667,-7.4455
2023-11-04 21:00:00,576,Karur,4.25,-7.4455
2023-11-04 22:00:00,576,Karur,2.5,-7.438
2023-11-04 23:00:00,576,Karur,1.3333333333333333,-7.438
2023-11-05 00:00:00,576,Karur,3.5,-7.438
2023-11-05 01:00:00,576,Karur,0.5,-7.438
2023-11-05 02:00:00,576,Karur,0.5,-7.438
2023-11-05 04:00:00,576,Karur,0.5,-7.4325
2023-11-05 05:00:00,576,Karur,0.5,-7.4325
2023-11-05 07:00:00,576,Karur,20.5,-7.4325
2023-11-05 11:00:00,576,Karur,2.5,-7.4365
2023-11-06 10:00:00,576,Karur,0.5,-7.43525
2023-11-06 11:00:00,576,Karur,86.0,-7.43525
2023-11-06 12:00:00,576,Karur,1.5,-7.43525
2023-11-06 15:00:00,576,Karur,0.5,-7.43525
2023-11-06 16:00:00,576,Karur,35.5,-7.44775
2023-11-06 19:00:00,576,Karur,0.5,-7.44775
2023-11-06 20:00:00,576,Karur,2.5,-7.44775
2023-11-06 21:00:00,576,Karur,2.0,-7.44775
2023-11-06 22:00:00,576,Karur,1.75,-7.4305
2023-11-06 23:00:00,576,Karur,23.0,-7.4305
2023-11-07 00:00:00,576,Karur,12.25,-7.4305
2023-11-07 01:00:00,576,Karur,5.25,-7.4305
2023-11-07 08:00:00,576,Karur,276.5,-7.383
2023-11-07 09:00:00,576,Karur,254.0,-7.383
2023-11-07 10:00:00,576,Karur,561.0,-7.35075
2023-11-07 11:00:00,576,Karur,43.5,-7.35075
2023-11-07 13:00:00,576,Karur,0.5,-7.35075
2023-11-07 20:00:00,576,Karur,2.833333333333333,-7.3125
2023-11-07 21:00:00,576,Karur,2.0,-7.3125
2023-11-07 22:00:00,576,Karur,3.75,-7.281000000000001
2023-11-07 23:00:00,576,Karur,0.6666666666666666,-7.281000000000001
2023-11-08 00:00:00,576,Karur,0.5,-7.281000000000001
2023-11-08 01:00:00,576,Karur,0.5,-7.281000000000001
2023-11-08 02:00:00,576,Karur,1.0,-7.281000000000001
2023-11-08 07:00:00,576,Karur,0.5,-7.25175
2023-11-09 03:00:00,576,Karur,0.5,-7.194
2023-11-09 04:00:00,576,Karur,0.5,-7.1725
2023-11-09 10:00:00,576,Karur,0.5,-7.17
2023-11-09 15:00:00,576,Karur,0.5,-7.17
2023-11-09 17:00:00,576,Karur,1.5,-7.1765
2023-11-09 22:00:00,576,Karur,0.5,-7.12825
2023-11-12 15:00:00,576,Karur,0.5,-7.0280000000000005
2023-11-14 02:00:00,576,Karur,0.5,-6.920249999999999
2023-11-14 03:00:00,576,Karur,4.833333333333333,-6.920249999999999
2023-11-14 04:00:00,576,Karur,0.75,-6.906000000000001
2023-11-14 05:00:00,576,Karur,0.5,-6.906000000000001
2023-11-14 06:00:00,576,Karur,0.5,-6.906000000000001
2023-11-14 14:00:00,576,Karur,0.5,-6.92475
2023-11-14 15:00:00,576,Karur,2.5,-6.92475
2023-11-14 16:00:00,576,Karur,2.5,-6.926
2023-11-15 09:00:00,576,Karur,1.0,-6.86125
2023-11-22 08:00:00,576,Karur,0.5,-7.331666666666667
2023-11-22 14:00:00,576,Karur,3.5,-7.315666666666666
2023-11-22 17:00:00,576,Karur,0.5,-7.330333333333333
2023-11-22 18:00:00,576,Karur,21.5,-7.330333333333333
2023-11-22 19:00:00,576,Karur,11.0,-7.330333333333333
2023-11-22 20:00:00,576,Karur,0.5,-7.330333333333333
2023-11-23 09:00:00,576,Karur,0.6666666666666666,-7.2686666666666655
2023-11-23 10:00:00,576,Karur,1.8333333333333333,-7.260666666666666
2023-11-23 11:00:00,576,Karur,1.0,-7.260666666666666
2023-11-23 21:00:00,576,Karur,8.5,-7.236333333333333
2023-11-24 11:00:00,576,Karur,14.5,-7.18
2023-11-24 12:00:00,576,Karur,33.0,-7.18
2023-11-24 13:00:00,576,Karur,2.0,-7.18
2023-11-24 14:00:00,576,Karur,1.5,-7.18
2023-11-24 15:00:00,576,Karur,35.0,-7.18
2023-11-25 10:00:00,576,Karur,0.5,-7.151
2023-11-25 11:00:00,576,Karur,8.5,-7.151
2023-11-25 16:00:00,576,Karur,1.25,-7.152
2023-11-26 01:00:00,576,Karur,0.5,-7.143999999999999
2023-11-26 02:00:00,576,Karur,0.5,-7.143999999999999
2023-11-26 10:00:00,576,Karur,0.5,-7.128
2023-11-26 12:00:00,576,Karur,0.5,-7.128
2023-11-26 15:00:00,576,Karur,7.666666666666667,-7.128
2023-11-26 16:00:00,576,Karur,8.0,-7.135666666666666
2023-11-26 17:00:00,576,Karur,0.5,-7.135666666666666
2023-11-26 18:00:00,576,Karur,1.0,-7.135666666666666
2023-11-28 14:00:00,576,Karur,0.75,-7.081
2023-11-28 15:00:00,576,Karur,1.0,-7.081
2023-11-28 16:00:00,576,Karur,3.5,-7.055333333333333
2023-11-28 18:00:00,576,Karur,1.0,-7.055333333333333
2023-11-28 19:00:00,576,Karur,0.5,-7.055333333333333
2023-11-30 12:00:00,576,Karur,0.5,-7.300999999999999
2023-11-30 15:00:00,576,Karur,6.0,-7.300999999999999
2023-12-03 17:00:00,576,Karur,0.5,-4.029
2023-12-03 18:00:00,576,Karur,2.0,-4.029
2023-12-08 02:00:00,576,Karur,18.5,-7.225
2023-12-08 03:00:00,576,Karur,10.5,-7.225
2023-12-08 04:00:00,576,Karur,3.6666666666666665,-7.212
2023-12-08 05:00:00,576,Karur,1.0,-7.212
2023-12-08 07:00:00,576,Karur,0.5,-7.212
2023-12-08 08:00:00,576,Karur,1.75,-7.212
2023-12-08 09:00:00,576,Karur,0.5,-7.212
2023-12-16 20:00:00,576,Karur,1.0,-7.6176666666666675
2023-12-16 21:00:00,576,Karur,0.5,-7.6176666666666675
2023-12-17 14:00:00,576,Karur,0.5,-7.764333333333333
2023-12-17 15:00:00,576,Karur,0.5,-7.764333333333333
2023-12-17 17:00:00,576,Karur,0.5,-7.678333333333334
2023-12-17 18:00:00,576,Karur,0.5,-7.678333333333334
2023-12-18 03:00:00,576,Karur,0.5,-7.632666666666668
2023-12-21 09:00:00,576,Karur,1.5,-7.404
2023-12-21 10:00:00,576,Karur,0.5,-7.390666666666667
2023-12-25 02:00:00,576,Karur,1.0,-7.483666666666667
2023-12-25 07:00:00,576,Karur,0.5,-7.456666666666667
2024-01-05 05:00:00,576,Karur,0.5,-7.1770000000000005
2024-01-05 06:00:00,576,Karur,0.5,-7.1770000000000005
2024-01-05 07:00:00,576,Karur,0.5,-7.1770000000000005
2024-01-07 20:00:00,576,Karur,0.5,-7.25925
2024-01-08 13:00:00,576,Karur,0.75,-7.27625
2024-01-08 14:00:00,576,Karur,0.75,-7.27625
2024-01-09 01:00:00,576,Karur,0.5,-7.2595
2024-01-09 06:00:00,576,Karur,1.0,-7.27375
2024-01-09 07:00:00,576,Karur,0.5,-7.27375
2024-01-09 08:00:00,576,Karur,0.5,-7.27375
2024-01-09 09:00:00,576,Karur,0.5,-7.27375
2024-01-09 10:00:00,576,Karur,0.5,-7.265000000000001
2024-01-09 11:00:00,576,Karur,6.3,-7.265000000000001
2024-01-09 12:00:00,576,Karur,5.166666666666667,-7.265000000000001
2024-01-09 13:00:00,576,Karur,0.75,-7.265000000000001
2024-01-09 16:00:00,576,Karur,1.0,-7.2625
2024-04-13 21:00:00,576,Karur,0.5,-15.591333333333331
2024-04-28 10:45:00,576,Karur,6.5,-15.50525
2024-04-28 10:50:00,576,Karur,6.5,-15.50525
2024-04-28 10:55:00,576,Karur,6.5,-15.50525
2024-04-28 11:00:00,576,Karur,6.5,-15.50525
2024-04-28 11:50:00,576,Karur,6.5,-15.50525
2024-04-28 11:55:00,576,Karur,23.5,-15.50525
2024-04-28 12:00:00,576,Karur,14.0,-15.50525
2024-04-28 15:00:00,576,Karur,5.0,-15.50525
2024-04-28 15:25:00,576,Karur,2.5,-15.764
2024-04-28 16:00:00,576,Karur,2.5,-15.764
2024-05-05 18:00:00,576,Karur,5.5,-15.43
2024-05-05 20:00:00,576,Karur,14.0,-15.43
2024-05-06 12:00:00,576,Karur,0.5,-16.246000000000002
2024-05-06 13:00:00,576,Karur,0.5,-16.246000000000002
2024-05-06 14:00:00,576,Karur,0.5,-16.246000000000002
2024-05-06 15:00:00,576,Karur,0.5,-16.246000000000002
2024-05-06 17:00:00,576,Karur,3.5,-15.95975
2024-05-07 11:00:00,576,Karur,0.5,-15.42375
2024-05-07 12:00:00,576,Karur,44.5,-15.42375
2024-05-07 13:00:00,576,Karur,6.0,-15.42375
2024-05-07 18:00:00,576,Karur,5.0,-15.578
2024-05-07 21:00:00,576,Karur,0.5,-15.578
2024-05-08 07:00:00,576,Karur,0.5,-15.488
2024-05-08 13:00:00,576,Karur,1.5,-9.845
2024-05-08 14:00:00,576,Karur,33.5,-9.845
2024-05-08 15:00:00,576,Karur,12.0,-9.845
2024-05-08 16:00:00,576,Karur,9.0,-17.10775
2024-05-08 23:00:00,576,Karur,1.0,-18.3625
2024-05-09 04:00:00,576,Karur,0.5,-15.50375
2024-05-09 08:00:00,576,Karur,0.5,-15.50375
2024-05-09 10:00:00,576,Karur,1.5,-15.68775
2024-05-09 11:00:00,576,Karur,4.0,-15.68775
2024-05-09 12:00:00,576,Karur,11.5,-15.68775
2024-05-09 13:00:00,576,Karur,17.5,-15.68775
2024-05-09 14:00:00,576,Karur,46.5,-15.68775
2024-05-09 15:00:00,576,Karur,19.0,-15.68775
2024-05-09 16:00:00,576,Karur,18.0,-16.1395
2024-05-09 17:00:00,576,Karur,4.0,-16.1395
2024-05-09 20:00:00,576,Karur,1.0,-16.1395
2024-05-09 21:00:00,576,Karur,1.0,-16.1395
2024-05-10 12:00:00,576,Karur,10.25,-14.75375
2024-05-10 14:00:00,576,Karur,20.0,-14.75375
2024-05-10 16:00:00,576,Karur,44.5,-14.808
2024-05-10 17:00:00,576,Karur,14.0,-14.808
2024-05-10 18:00:00,576,Karur,4.666666666666667,-14.808
2024-05-10 19:00:00,576,Karur,6.0,-14.808
2024-05-10 20:00:00,576,Karur,0.5,-14.808
2024-05-10 21:00:00,576,Karur,7.5,-14.808
2024-05-10 23:00:00,576,Karur,0.5,-14.6605
2024-05-11 08:00:00,576,Karur,1.5,-14.43825
2024-05-11 12:00:00,576,Karur,25.5,-14.78075
2024-05-11 13:00:00,576,Karur,9.5,-14.78075
2024-05-11 15:00:00,576,Karur,92.0,-14.78075
2024-05-11 16:00:00,576,Karur,232.0,-14.9575
2024-05-11 17:00:00,576,Karur,152.0,-14.9575
2024-05-11 18:00:00,576,Karur,5.0,-14.9575
2024-05-12 09:00:00,576,Karur,257.5,-14.881
2024-05-12 10:00:00,576,Karur,531.0,-15.26875
2024-05-12 13:00:00,576,Karur,5.0,-15.26875
2024-05-12 16:00:00,576,Karur,1.0,-15.00225
2024-05-12 17:00:00,576,Karur,199.5,-15.00225
2024-05-12 18:00:00,576,Karur,132.0,-15.00225
2024-05-13 09:00:00,576,Karur,147.0,-14.419
2024-05-13 10:00:00,576,Karur,167.0,-14.499
2024-05-13 12:00:00,576,Karur,11.0,-14.499
2024-05-13 13:00:00,576,Karur,9.0,-14.499
2024-05-13 14:00:00,576,Karur,56.5,-14.499
2024-05-13 15:00:00,576,Karur,95.0,-14.499
2024-05-13 16:00:00,576,Karur,2.333333333333333,-14.50775
2024-05-13 17:00:00,576,Karur,2.0,-14.50775
2024-05-13 19:00:00,576,Karur,0.8333333333333334,-14.50775
2024-05-13 20:00:00,576,Karur,0.5,-14.50775
2024-05-14 06:00:00,576,Karur,1.0,-14.23525
2024-05-14 10:00:00,576,Karur,122.5,-14.18575
2024-05-14 13:00:00,576,Karur,5.0,-14.18575
2024-05-14 14:00:00,576,Karur,6.5,-14.18575
2024-05-14 15:00:00,576,Karur,155.5,-14.18575
2024-05-14 16:00:00,576,Karur,35.0,-14.28325
2024-05-14 17:00:00,576,Karur,43.0,-14.28325
2024-05-14 18:00:00,576,Karur,107.0,-14.28325
2024-05-15 09:00:00,576,Karur,231.0,-13.872
2024-05-15 10:00:00,576,Karur,2.5,-13.894
2024-05-15 11:00:00,576,Karur,137.5,-13.894
2024-05-15 13:00:00,576,Karur,24.0,-13.894
2024-05-15 17:00:00,576,Karur,11.25,-14.16675
2024-05-15 18:00:00,576,Karur,57.16666666666666,-14.16675
2024-05-15 19:00:00,576,Karur,9.166666666666666,-14.16675
2024-05-15 20:00:00,576,Karur,1.1666666666666667,-14.16675
2024-05-15 21:00:00,576,Karur,1.9166666666666667,-14.16675
2024-05-15 22:00:00,576,Karur,2.0,-13.973
2024-05-15 23:00:00,576,Karur,0.75,-13.973
2024-05-16 00:00:00,576,Karur,0.75,-13.973
2024-05-16 01:00:00,576,Karur,0.5,-13.973
2024-05-16 03:00:00,576,Karur,0.5,-13.973
2024-05-16 04:00:00,576,Karur,4.0,-13.77325
2024-05-16 05:00:00,576,Karur,0.5,-13.77325
2024-05-16 06:00:00,576,Karur,1.0,-13.77325
2024-05-16 07:00:00,576,Karur,0.5,-13.77325
2024-05-16 08:00:00,576,Karur,0.5,-13.77325
2024-05-16 09:00:00,576,Karur,0.5,-13.77325
2024-05-16 11:00:00,576,Karur,1.0,-13.6385
2024-05-16 12:00:00,576,Karur,0.5,-13.6385
2024-05-16 13:00:00,576,Karur,66.5,-13.6385
2024-05-16 14:00:00,576,Karur,2.5,-13.6385
2024-05-16 15:00:00,576,Karur,1.0,-13.6385
2024-05-17 08:00:00,576,Karur,0.5,-11.3994
2024-05-17 16:00:00,576,Karur,15.5,-11.317800000000002
2024-05-17 17:00:00,576,Karur,1.75,-11.317800000000002
2024-05-17 18:00:00,576,Karur,1.0,-11.317800000000002
2024-05-17 19:00:00,576,Karur,1.5,-11.317800000000002
2024-05-17 20:00:00,576,Karur,1.25,-11.317800000000002
2024-05-18 00:00:00,576,Karur,1.25,-11.1622
2024-05-18 01:00:00,576,Karur,5.5,-11.1622
2024-05-18 18:00:00,576,Karur,0.5,-11.2182
2024-05-18 21:00:00,576,Karur,0.75,-11.2182
2024-05-18 22:00:00,576,Karur,1.25,-11.0362
2024-05-18 23:00:00,576,Karur,1.25,-11.0362
2024-05-19 00:00:00,576,Karur,0.75,-11.0362
2024-05-19 04:00:00,576,Karur,0.5,-10.891
2024-05-19 14:00:00,576,Karur,4.75,-10.9854
2024-05-19 15:00:00,576,Karur,1.0,-10.9854
2024-05-19 16:00:00,576,Karur,10.166666666666666,-11.0302
2024-05-19 17:00:00,576,Karur,0.5,-11.0302
2024-05-19 18:00:00,576,Karur,0.6666666666666666,-11.0302
2024-05-19 19:00:00,576,Karur,1.8333333333333333,-11.0302
2024-05-19 20:00:00,576,Karur,1.0,-11.0302
2024-05-19 21:00:00,576,Karur,0.5,-11.0302
2024-05-19 22:00:00,576,Karur,0.75,-11.206
2024-05-19 23:00:00,576,Karur,1.0,-11.206
2024-05-20 00:00:00,576,Karur,0.5,-11.206
2024-05-20 09:00:00,576,Karur,0.5,-11.188
2024-05-20 17:00:00,576,Karur,16.8,-10.9172
2024-05-20 18:00:00,576,Karur,14.2,-10.9172
2024-05-20 19:00:00,576,Karur,18.375,-10.9172
2024-05-20 20:00:00,576,Karur,6.625,-10.9172
2024-05-20 21:00:00,576,Karur,4.375,-10.9172
2024-05-20 22:00:00,576,Karur,1.0,-10.6298
2024-05-20 23:00:00,576,Karur,0.5,-10.6298
2024-05-21 15:00:00,576,Karur,0.5,-10.247
2024-05-21 17:00:00,576,Karur,1.5,-10.0608
2024-05-21 18:00:00,576,Karur,2.75,-10.0608
2024-05-21 19:00:00,576,Karur,10.125,-10.0608
2024-05-21 20:00:00,576,Karur,7.8,-10.0608
2024-05-21 21:00:00,576,Karur,1.5,-10.0608
2024-05-21 22:00:00,576,Karur,1.5,-9.8344
2024-05-22 05:00:00,576,Karur,0.5,-9.661
2024-05-22 15:00:00,576,Karur,17.0,-9.615199999999998
2024-05-22 16:00:00,576,Karur,0.5,-9.5114
2024-05-22 17:00:00,576,Karur,2.0,-9.5114
2024-05-22 20:00:00,576,Karur,0.5,-9.5114
2024-05-22 22:00:00,576,Karur,0.5,-9.3504
2024-05-22 23:00:00,576,Karur,0.5,-9.3504
2024-05-23 00:00:00,576,Karur,0.5,-9.3504
2024-05-23 01:00:00,576,Karur,0.5,-9.3504
2024-05-23 02:00:00,576,Karur,0.5,-9.3504
2024-05-23 03:00:00,576,Karur,0.5,-9.3504
2024-05-23 11:00:00,576,Karur,0.5,-9.2404
2024-05-23 14:00:00,576,Karur,0.5,-9.2404
2024-05-23 17:00:00,576,Karur,0.5,-4.138
2024-05-24 17:00:00,576,Karur,12.333333333333334,-8.978
2024-05-24 18:00:00,576,Karur,5.375,-8.978
2024-05-24 19:00:00,576,Karur,0.5,-8.978
2024-05-27 03:00:00,576,Karur,0.5,-8.38
2024-05-31 21:00:00,576,Karur,1.5,-8.173333333333334
2024-05-31 23:00:00,576,Karur,0.5,-8.010166666666668
2024-06-01 17:00:00,576,Karur,0.5,-8.215166666666667
2024-06-01 19:00:00,576,Karur,0.5,-8.215166666666667
2024-06-01 20:00:00,576,Karur,0.5,-8.215166666666667
2024-06-02 20:00:00,576,Karur,17.0,-7.939
2024-06-02 21:00:00,576,Karur,21.83333333333333,-7.939
2024-06-02 22:00:00,576,Karur,3.5,-7.698666666666667
2024-06-02 23:00:00,576,Karur,0.6666666666666666,-7.698666666666667
2024-06-03 15:00:00,576,Karur,2.5,-7.8405
2024-06-03 16:00:00,576,Karur,0.5,-7.920833333333333
2024-06-04 18:00:00,576,Karur,0.5,-7.959333333333333
2024-06-04 19:00:00,576,Karur,4.333333333333333,-7.959333333333333
2024-06-04 20:00:00,576,Karur,2.333333333333333,-7.959333333333333
2024-06-04 21:00:00,576,Karur,24.0,-7.959333333333333
2024-06-05 16:00:00,576,Karur,2.625,-7.551500000000001
2024-06-05 17:00:00,576,Karur,10.375,-7.551500000000001
2024-06-05 18:00:00,576,Karur,3.0,-7.551500000000001
2024-06-06 16:00:00,576,Karur,0.5,-7.425
2024-06-06 17:00:00,576,Karur,13.0,-7.425
2024-06-06 18:00:00,576,Karur,7.166666666666667,-7.425
2024-06-06 19:00:00,576,Karur,9.583333333333334,-7.425
2024-06-06 20:00:00,576,Karur,8.8,-7.425
2024-06-06 21:00:00,576,Karur,2.2,-7.425
2024-06-06 22:00:00,576,Karur,1.8,-7.15
2024-06-06 23:00:00,576,Karur,1.6666666666666667,-7.15
2024-06-07 00:00:00,576,Karur,0.75,-7.15
2024-06-07 02:00:00,576,Karur,0.5,-7.15
2024-06-07 07:00:00,576,Karur,22.0,-6.998833333333334
2024-06-07 09:00:00,576,Karur,16.0,-6.998833333333334
2024-06-07 10:00:00,576,Karur,12.0,-7.205666666666667
2024-06-07 18:00:00,576,Karur,0.5,-7.1245
2024-06-07 19:00:00,576,Karur,16.5,-7.1245
2024-06-07 20:00:00,576,Karur,12.0,-7.1245
2024-06-07 22:00:00,576,Karur,1.0,-6.927499999999999
2024-06-07 23:00:00,576,Karur,0.5,-6.927499999999999
2024-06-08 01:00:00,576,Karur,1442.5,-6.927499999999999
2024-06-08 02:00:00,576,Karur,2211.0,-6.927499999999999
2024-06-08 03:00:00,576,Karur,3341.0,-6.927499999999999
2024-06-08 04:00:00,576,Karur,682.0,-6.771666666666666
2024-06-08 07:00:00,576,Karur,160.0,-6.771666666666666
2024-06-08 08:00:00,576,Karur,61.25,-6.771666666666666
2024-06-08 09:00:00,576,Karur,7.5,-6.771666666666666
2024-06-08 10:00:00,576,Karur,59.5,-6.978333333333334
2024-06-08 12:00:00,576,Karur,0.5,-6.978333333333334
2024-06-08 14:00:00,576,Karur,2.25,-6.978333333333334
2024-06-08 15:00:00,576,Karur,20.5,-6.978333333333334
2024-06-08 16:00:00,576,Karur,1.0,-6.923333333333333
2024-06-08 17:00:00,576,Karur,272.0,-6.923333333333333
2024-06-08 18:00:00,576,Karur,8.5,-6.923333333333333
2024-06-08 19:00:00,576,Karur,0.8333333333333334,-6.923333333333333
2024-06-08 20:00:00,576,Karur,6.5,-6.923333333333333
2024-06-08 21:00:00,576,Karur,1.5,-6.923333333333333
2024-06-08 22:00:00,576,Karur,1.0,-6.840833333333333
2024-06-09 07:00:00,576,Karur,17.0,-6.724166666666666
2024-06-09 08:00:00,576,Karur,43.0,-6.724166666666666
2024-06-09 09:00:00,576,Karur,287.0,-6.724166666666666
2024-06-09 10:00:00,576,Karur,1.5,-7.203833333333333
2024-06-09 13:00:00,576,Karur,0.5,-7.203833333333333
2024-06-09 20:00:00,576,Karur,1.5,-7.353000000000001
2024-06-10 01:00:00,576,Karur,0.5,-7.202666666666666
2024-06-10 02:00:00,576,Karur,1.5,-7.202666666666666
2024-06-10 03:00:00,576,Karur,14.0,-7.202666666666666
2024-06-10 04:00:00,576,Karur,2.5,-7.058833333333333
2024-06-10 05:00:00,576,Karur,1.0,-7.058833333333333
2024-06-10 06:00:00,576,Karur,4.5,-7.058833333333333
2024-06-10 07:00:00,576,Karur,1.0,-7.058833333333333
2024-06-10 12:00:00,576,Karur,17.5,-7.272333333333333
2024-06-17 18:00:00,576,Karur,3.5,-7.396333333333334
2024-06-18 15:00:00,576,Karur,2.0,-7.294999999999999
2024-06-18 16:00:00,576,Karur,0.5,-7.343333333333334
2024-06-18 17:00:00,576,Karur,1.5,-7.343333333333334
2024-06-19 16:00:00,576,Karur,1.75,-7.505666666666666
2024-06-27 09:00:00,576,Karur,0.5,-8.301333333333334
2024-06-27 10:00:00,576,Karur,0.5,-8.5925
2024-07-12 21:00:00,576,Karur,0.5,-9.46
2024-07-12 23:00:00,576,Karur,0.5,-9.246833333333331
2024-07-13 01:00:00,576,Karur,0.5,-9.246833333333331
2024-07-13 02:00:00,576,Karur,0.5,-9.246833333333331
2024-07-15 15:00:00,576,Karur,0.5,-9.9335
2024-07-15 18:00:00,576,Karur,0.5,-9.709166666666668
2024-07-16 03:00:00,576,Karur,1.0,-9.5285
2024-07-16 04:00:00,576,Karur,0.5,-9.421833333333334
2024-07-16 05:00:00,576,Karur,1.0,-9.421833333333334
2024-07-25 05:00:00,576,Karur,0.5,-9.553333333333333
2024-07-25 06:00:00,576,Karur,0.5,-9.553333333333333
2024-07-27 16:00:00,576,Karur,4.5,-10.5775
2024-07-31 13:00:00,576,Karur,0.5,-11.309166666666668
2024-08-05 03:00:00,576,Karur,3.5,-11.264499999999998
2024-08-05 04:00:00,576,Karur,3.0,-11.1275
2024-08-05 05:00:00,576,Karur,0.5,-11.1275
2024-08-05 18:00:00,576,Karur,1.0,-11.671333333333331
2024-08-05 19:00:00,576,Karur,0.5,-11.671333333333331
2024-08-05 20:00:00,576,Karur,17.0,-11.671333333333331
2024-08-05 21:00:00,576,Karur,3.0,-11.671333333333331
2024-08-05 22:00:00,576,Karur,8.5,-11.537833333333332
2024-08-05 23:00:00,576,Karur,0.5,-11.537833333333332
2024-08-06 00:00:00,576,Karur,1.0,-11.537833333333332
2024-08-06 01:00:00,576,Karur,1.25,-11.537833333333332
2024-08-06 16:00:00,576,Karur,5.0,-5.739
2024-08-06 17:00:00,576,Karur,9.0,-11.658
2024-08-06 18:00:00,576,Karur,5.0,-11.658
2024-08-06 19:00:00,576,Karur,0.5,-11.658
2024-08-06 21:00:00,576,Karur,0.6666666666666666,-11.658
2024-08-06 22:00:00,576,Karur,1.0,-11.386166666666668
2024-08-06 23:00:00,576,Karur,1.0,-11.386166666666668
2024-08-07 00:00:00,576,Karur,0.5,-11.386166666666668
2024-08-07 01:00:00,576,Karur,0.5,-11.386166666666668
2024-08-07 02:00:00,576,Karur,0.5,-11.386166666666668
2024-08-07 03:00:00,576,Karur,0.5,-11.386166666666668
2024-08-07 07:00:00,576,Karur,0.5,-11.196666666666667
2024-08-07 12:00:00,576,Karur,0.5,-11.7265
2024-08-07 17:00:00,576,Karur,19.0,-11.51
2024-08-07 18:00:00,576,Karur,0.5,-11.51
2024-08-07 19:00:00,576,Karur,1.75,-11.51
2024-08-07 21:00:00,576,Karur,0.5,-11.51
2024-08-08 00:00:00,576,Karur,0.5,-11.312666666666669
2024-08-08 14:00:00,576,Karur,0.5,-11.278666666666666
2024-08-08 15:00:00,576,Karur,1.0,-11.278666666666666
2024-08-10 01:00:00,576,Karur,1.0,-13.20675
2024-08-10 02:00:00,576,Karur,1.0,-13.20675
2024-08-10 03:00:00,576,Karur,0.5,-13.20675
2024-08-10 05:00:00,576,Karur,1.0,-14.840333333333334
2024-08-11 22:00:00,576,Karur,33.5,-11.439
2024-08-11 23:00:00,576,Karur,11.0,-11.439
2024-08-12 00:00:00,576,Karur,0.75,-11.439
2024-08-12 02:00:00,576,Karur,0.5,-11.439
2024-08-12 04:00:00,576,Karur,0.5,-6.6275
2024-08-12 05:00:00,576,Karur,0.5,-6.6275
2024-08-12 10:00:00,576,Karur,0.5,-6.6915
2024-08-12 13:00:00,576,Karur,0.5,-6.6915
2024-08-12 15:00:00,576,Karur,0.5,-6.6915
2024-08-12 20:00:00,576,Karur,5.5,-17.341333333333335
2024-08-12 21:00:00,576,Karur,11.5,-17.341333333333335
2024-08-12 22:00:00,576,Karur,6.0,-17.648666666666667
2024-08-12 23:00:00,576,Karur,12.5,-17.648666666666667
2024-08-13 00:00:00,576,Karur,1.1666666666666667,-17.648666666666667
2024-08-13 01:00:00,576,Karur,2.9,-17.648666666666667
2024-08-13 02:00:00,576,Karur,2.0,-17.648666666666667
2024-08-13 09:00:00,576,Karur,0.5,-12.106000000000002
2024-08-13 13:00:00,576,Karur,0.5,-12.02525
2024-08-13 17:00:00,576,Karur,0.5,-11.729
2024-08-13 20:00:00,576,Karur,10.25,-11.729
2024-08-13 21:00:00,576,Karur,10.0,-11.729
2024-08-13 22:00:00,576,Karur,0.5,-11.669
2024-08-13 23:00:00,576,Karur,0.5,-11.669
2024-08-14 00:00:00,576,Karur,0.5,-11.669
2024-08-14 09:00:00,576,Karur,0.5,-4.25725
2024-08-14 10:00:00,576,Karur,3.5,-4.269
2024-08-14 14:00:00,576,Karur,0.5,-4.269
2024-08-14 21:00:00,576,Karur,0.8333333333333334,-10.641166666666663
2024-08-14 22:00:00,576,Karur,7.333333333333333,-10.4135
2024-08-14 23:00:00,576,Karur,10.75,-10.4135
2024-08-15 00:00:00,576,Karur,23.33333333333333,-10.4135
2024-08-15 01:00:00,576,Karur,6.0,-10.4135
2024-08-15 02:00:00,576,Karur,0.5,-10.4135
2024-08-15 08:00:00,576,Karur,0.5,-10.141166666666663
2024-08-15 22:00:00,576,Karur,0.5,-9.769
2024-08-16 05:00:00,576,Karur,0.5,-9.593833333333334
2024-08-16 11:00:00,576,Karur,1.0,-9.625666666666667
2024-08-16 12:00:00,576,Karur,1.5,-9.625666666666667
2024-08-16 13:00:00,576,Karur,3.0,-9.625666666666667
2024-08-16 14:00:00,576,Karur,2.5,-9.625666666666667
2024-08-16 15:00:00,576,Karur,1.5,-9.625666666666667
2024-08-16 16:00:00,576,Karur,0.5,-9.497
2024-08-16 17:00:00,576,Karur,1.0,-9.497
2024-08-16 20:00:00,576,Karur,0.5,-9.497
2024-08-16 21:00:00,576,Karur,24.5,-9.497
2024-08-16 22:00:00,576,Karur,8.75,-9.402666666666669
2024-08-16 23:00:00,576,Karur,5.75,-9.402666666666669
2024-08-17 00:00:00,576,Karur,4.166666666666667,-9.402666666666669
2024-08-17 10:00:00,576,Karur,0.5,-5.0924
2024-08-17 17:00:00,576,Karur,0.5,-5.016
2024-08-17 18:00:00,576,Karur,4.833333333333333,-5.016
2024-08-17 19:00:00,576,Karur,0.5,-5.016
2024-08-18 00:00:00,576,Karur,0.5,-4.9404
2024-08-18 12:00:00,576,Karur,0.5,-4.937600000000001
2024-08-18 14:00:00,576,Karur,0.5,-4.937600000000001
2024-08-18 16:00:00,576,Karur,0.5,-10.5674
2024-08-18 19:00:00,576,Karur,0.5,-10.5674
2024-08-18 21:00:00,576,Karur,0.75,-10.5674
2024-08-18 22:00:00,576,Karur,22.5,-10.2698
2024-08-18 23:00:00,576,Karur,19.0,-10.2698
2024-08-19 00:00:00,576,Karur,0.5,-10.2698
2024-08-19 01:00:00,576,Karur,0.5,-10.2698
2024-08-19 04:00:00,576,Karur,0.5,-5.695
2024-08-19 07:00:00,576,Karur,0.5,-5.695
2024-08-19 16:00:00,576,Karur,6.5,-11.824000000000002
2024-08-19 18:00:00,576,Karur,3.5,-11.824000000000002
2024-08-19 19:00:00,576,Karur,12.5,-11.824000000000002
2024-08-19 20:00:00,576,Karur,0.75,-11.824000000000002
2024-08-19 21:00:00,576,Karur,0.75,-11.824000000000002
2024-08-20 20:00:00,576,Karur,0.5,-8.816666666666666
2024-08-20 21:00:00,576,Karur,20.5,-8.816666666666666
2024-08-20 22:00:00,576,Karur,0.5,-8.615833333333333
2024-08-20 23:00:00,576,Karur,0.5,-8.615833333333333
2024-08-21 11:00:00,576,Karur,3.5,-8.4955
2024-08-21 12:00:00,576,Karur,0.5,-8.4955
2024-08-23 10:00:00,576,Karur,62.5,-8.548499999999999
2024-08-24 16:00:00,576,Karur,0.5,-8.618333333333334
2024-08-26 09:00:00,576,Karur,29.5,-8.611833333333333
2024-08-26 10:00:00,576,Karur,4.0,-8.593333333333334
2024-08-29 19:00:00,576,Karur,1.0,-8.9605
2024-08-29 21:00:00,576,Karur,2.25,-8.9605
2024-08-29 22:00:00,576,Karur,0.5,-8.874666666666668
2024-08-31 16:00:00,576,Karur,0.5,-9.009833333333331
2024-08-31 17:00:00,576,Karur,2.0,-9.009833333333331
2024-09-14 11:00:00,576,Karur,4.5,-10.6478
2024-09-14 12:00:00,576,Karur,5.0,-10.6478
2024-09-14 13:35:00,576,Karur,1.5,-10.6478
2024-09-14 14:00:00,576,Karur,1.5,-10.6478
2024-09-15 20:00:00,576,Karur,1.0,-10.3312
2024-09-23 18:00:00,576,Karur,3.0,-10.2372
2024-09-27 22:00:00,576,Karur,6.0,-11.2522
2024-09-27 23:00:00,576,Karur,1.5,-11.2522
2024-09-28 00:00:00,576,Karur,1.0,-11.2522
2024-09-28 01:00:00,576,Karur,0.5,-11.2522
2024-09-28 03:00:00,576,Karur,0.5,-11.2522
2024-09-28 04:00:00,576,Karur,0.5,-10.9066
2024-09-28 08:00:00,576,Karur,0.5,-10.9066
2024-09-28 10:00:00,576,Karur,0.5,-10.7676
2024-09-28 12:00:00,576,Karur,0.5,-10.7676
2024-09-28 13:00:00,576,Karur,0.5,-10.7676
2024-09-28 16:00:00,576,Karur,0.5,-10.8448
2024-09-28 18:00:00,576,Karur,2.25,-10.8448
2024-09-28 21:00:00,576,Karur,3.25,-10.8448
2024-09-28 22:00:00,576,Karur,3.5,-10.691199999999998
2024-09-28 23:00:00,576,Karur,0.5,-10.691199999999998
2024-09-29 03:00:00,576,Karur,0.5,-10.691199999999998
2024-09-29 06:00:00,576,Karur,0.5,-10.4684
2024-09-29 11:00:00,576,Karur,0.5,-10.5132
2024-09-29 13:00:00,576,Karur,0.5,-10.5132
2024-09-29 18:00:00,576,Karur,0.5,-11.1542
2024-09-29 22:00:00,576,Karur,0.5,-10.8516
2024-09-30 05:00:00,576,Karur,0.5,-10.709
2024-09-30 09:00:00,576,Karur,0.5,-10.709
2024-09-30 15:00:00,576,Karur,0.5,-10.8252
2024-09-30 19:00:00,576,Karur,0.5,-11.2302
2024-09-30 23:00:00,576,Karur,40.5,-11.246
2024-10-01 00:00:00,576,Karur,1694.5,-11.246
2024-10-01 01:00:00,576,Karur,51.5,-11.246
2024-10-01 02:00:00,576,Karur,164.5,-11.246
2024-10-01 03:00:00,576,Karur,430.5,-11.246
2024-10-01 04:00:00,576,Karur,137.5,-11.0826
2024-10-01 05:00:00,576,Karur,35.0,-11.0826
2024-10-01 06:00:00,576,Karur,10.0,-11.0826
2024-10-01 07:00:00,576,Karur,0.5,-11.0826
2024-10-01 09:00:00,576,Karur,336.0,-11.0826
2024-10-01 10:00:00,576,Karur,106.0,-10.9524
2024-10-01 13:00:00,576,Karur,0.5,-10.9524
2024-10-01 16:00:00,576,Karur,0.5,-10.991600000000002
2024-10-01 18:00:00,576,Karur,29.5,-10.991600000000002
2024-10-01 19:00:00,576,Karur,22.5,-10.991600000000002
2024-10-01 21:00:00,576,Karur,0.5,-10.991600000000002
2024-10-02 02:00:00,576,Karur,0.5,-10.777
2024-10-02 10:00:00,576,Karur,0.5,-11.0236
2024-10-02 12:00:00,576,Karur,0.5,-11.0236
2024-10-02 18:00:00,576,Karur,0.5,-11.0316
2024-10-02 22:00:00,576,Karur,0.5,-10.8368
2024-10-03 08:00:00,576,Karur,0.5,-11.89275
2024-10-04 16:00:00,576,Karur,8.5,-11.0424
2024-10-04 17:00:00,576,Karur,5.25,-11.0424
2024-10-04 18:00:00,576,Karur,10.833333333333334,-11.0424
2024-10-04 19:00:00,576,Karur,4.75,-11.0424
2024-10-04 20:00:00,576,Karur,3.1666666666666665,-11.0424
2024-10-04 21:00:00,576,Karur,15.25,-11.0424
2024-10-04 22:00:00,576,Karur,0.8333333333333334,-10.8998
2024-10-04 23:00:00,576,Karur,1.4166666666666667,-10.8998
2024-10-05 00:00:00,576,Karur,5.166666666666667,-10.8998
2024-10-05 01:00:00,576,Karur,1.25,-10.8998
2024-10-05 02:00:00,576,Karur,2.0,-10.8998
2024-10-05 03:00:00,576,Karur,5.666666666666667,-10.8998
2024-10-05 04:00:00,576,Karur,1.5,-10.624199999999998
2024-10-05 10:00:00,576,Karur,0.5,-10.5284
2024-10-05 16:00:00,576,Karur,0.5,-10.4718
2024-10-05 20:00:00,576,Karur,6.5,-10.4718
2024-10-05 21:00:00,576,Karur,0.5,-10.4718
2024-10-05 22:00:00,576,Karur,1.0,-10.3938
2024-10-05 23:00:00,576,Karur,2.25,-10.3938
2024-10-06 00:00:00,576,Karur,2.6666666666666665,-10.3938
2024-10-06 01:00:00,576,Karur,1.8,-10.3938
2024-10-06 02:00:00,576,Karur,0.75,-10.3938
2024-10-06 03:00:00,576,Karur,0.5,-10.3938
2024-10-06 10:00:00,576,Karur,0.5,-10.6918
2024-10-06 19:00:00,576,Karur,0.5,-10.515
2024-10-07 02:00:00,576,Karur,0.5,-10.3308
2024-10-07 12:00:00,576,Karur,0.5,-10.1104
2024-10-07 17:00:00,576,Karur,0.5,-10.3456
2024-10-07 21:00:00,576,Karur,5.5,-10.3456
2024-10-08 02:00:00,576,Karur,0.5,-10.2902
2024-10-08 03:00:00,576,Karur,0.8333333333333334,-10.2902
2024-10-08 04:00:00,576,Karur,0.75,-9.475666666666667
2024-10-08 05:00:00,576,Karur,0.5,-9.475666666666667
2024-10-08 13:00:00,576,Karur,0.5,-9.395
2024-10-08 16:00:00,576,Karur,0.5,-9.730333333333332
2024-10-08 17:00:00,576,Karur,17.5,-9.730333333333332
2024-10-08 18:00:00,576,Karur,3.75,-9.730333333333332
2024-10-08 19:00:00,576,Karur,7.083333333333333,-9.730333333333332
2024-10-08 20:00:00,576,Karur,6.5,-9.730333333333332
2024-10-08 21:00:00,576,Karur,4.083333333333333,-9.730333333333332
2024-10-08 22:00:00,576,Karur,2.333333333333333,-9.394333333333334
2024-10-08 23:00:00,576,Karur,1.3,-9.394333333333334
2024-10-09 00:00:00,576,Karur,0.625,-9.394333333333334
2024-10-09 02:00:00,576,Karur,0.5,-9.394333333333334
2024-10-09 03:00:00,576,Karur,0.5,-9.394333333333334
2024-10-09 04:00:00,576,Karur,1.0,-9.165166666666666
2024-10-09 06:00:00,576,Karur,1.0,-9.165166666666666
2024-10-09 07:00:00,576,Karur,33.0,-9.165166666666666
2024-10-09 17:00:00,576,Karur,3.0,-9.331166666666666
2024-10-09 18:00:00,576,Karur,1.5,-9.331166666666666
2024-10-09 19:00:00,576,Karur,1.5,-9.331166666666666
2024-10-09 20:00:00,576,Karur,1.0,-9.331166666666666
2024-10-09 21:00:00,576,Karur,3.0,-9.331166666666666
2024-10-09 22:00:00,576,Karur,2.0,-9.180333333333332
2024-10-10 05:00:00,576,Karur,0.5,-9.033333333333331
2024-10-10 13:00:00,576,Karur,1.0,-9.600499999999998
2024-10-10 14:00:00,576,Karur,7.0,-9.600499999999998
2024-10-10 18:00:00,576,Karur,2.0,-9.556166666666666
2024-10-10 19:00:00,576,Karur,0.75,-9.556166666666666
2024-10-10 20:00:00,576,Karur,6.5,-9.556166666666666
2024-10-10 21:00:00,576,Karur,6.375,-9.556166666666666
2024-10-10 22:00:00,576,Karur,1.75,-9.278166666666666
2024-10-10 23:00:00,576,Karur,1.0,-9.278166666666666
2024-10-11 01:00:00,576,Karur,0.5,-9.278166666666666
2024-10-11 16:00:00,576,Karur,6.0,-9.145833333333334
2024-10-11 17:00:00,576,Karur,74.75,-9.145833333333334
2024-10-11 18:00:00,576,Karur,11.75,-9.145833333333334
2024-10-11 19:00:00,576,Karur,188.25,-9.145833333333334
2024-10-11 20:00:00,576,Karur,1.0,-9.145833333333334
2024-10-11 21:00:00,576,Karur,0.5,-9.145833333333334
2024-10-12 01:00:00,576,Karur,8.833333333333334,-9.117166666666668
2024-10-12 02:00:00,576,Karur,4.666666666666667,-9.117166666666668
2024-10-12 03:00:00,576,Karur,2.1666666666666665,-9.117166666666668
2024-10-12 04:00:00,576,Karur,1.3333333333333333,-8.909166666666666
2024-10-12 05:00:00,576,Karur,5.75,-8.909166666666666
2024-10-12 06:00:00,576,Karur,1.1666666666666667,-8.909166666666666
2024-10-12 07:00:00,576,Karur,0.9,-8.909166666666666
2024-10-12 08:00:00,576,Karur,1.125,-8.909166666666666
2024-10-12 09:00:00,576,Karur,0.5,-8.909166666666666
2024-10-12 11:00:00,576,Karur,0.5,-8.847666666666667
2024-10-12 22:00:00,576,Karur,0.5,-8.996166666666667
2024-10-12 23:00:00,576,Karur,5.625,-8.996166666666667
2024-10-13 00:00:00,576,Karur,16.833333333333332,-8.996166666666667
2024-10-13 01:00:00,576,Karur,9.2,-8.996166666666667
2024-10-13 02:00:00,576,Karur,21.416666666666668,-8.996166666666667
2024-10-13 03:00:00,576,Karur,29.25,-8.996166666666667
2024-10-13 04:00:00,576,Karur,4.6,-8.6835
2024-10-13 05:00:00,576,Karur,1.6666666666666667,-8.6835
2024-10-13 06:00:00,576,Karur,1.0,-8.6835
2024-10-13 12:00:00,576,Karur,1.0,-8.637666666666666
2024-10-13 18:00:00,576,Karur,0.5,-8.742833333333332
2024-10-13 19:00:00,576,Karur,1.5,-8.742833333333332
2024-10-13 20:00:00,576,Karur,2.375,-8.742833333333332
2024-10-13 21:00:00,576,Karur,0.5,-8.742833333333332
2024-10-14 08:00:00,576,Karur,65.25,-8.500333333333332
2024-10-14 09:00:00,576,Karur,0.5,-8.500333333333332
2024-10-14 16:00:00,576,Karur,2.0,-8.472833333333334
2024-10-14 17:00:00,576,Karur,9.5,-8.472833333333334
2024-10-14 18:00:00,576,Karur,1.9,-8.472833333333334
2024-10-14 19:00:00,576,Karur,6.833333333333333,-8.472833333333334
2024-10-14 20:00:00,576,Karur,8.0,-8.472833333333334
2024-10-14 21:00:00,576,Karur,1.75,-8.472833333333334
2024-10-14 22:00:00,576,Karur,3.1666666666666665,-8.505833333333333
2024-10-14 23:00:00,576,Karur,2.0,-8.505833333333333
2024-10-15 00:00:00,576,Karur,1.0,-8.505833333333333
2024-10-15 01:00:00,576,Karur,2.25,-8.505833333333333
2024-10-15 17:00:00,576,Karur,1.0,-8.089333333333334
2024-10-15 18:00:00,576,Karur,4.25,-8.089333333333334
2024-10-15 19:00:00,576,Karur,9.75,-8.089333333333334
2024-10-15 20:00:00,576,Karur,6.25,-8.089333333333334
2024-10-15 21:00:00,576,Karur,1.0,-8.089333333333334
2024-10-15 22:00:00,576,Karur,0.75,-8.033333333333333
2024-10-15 23:00:00,576,Karur,0.5,-8.033333333333333
2024-10-16 02:00:00,576,Karur,0.5,-8.033333333333333
2024-10-17 06:00:00,576,Karur,0.5,-7.793833333333333
2024-10-19 00:00:00,576,Karur,4.0,-7.913166666666666
2024-10-20 05:00:00,576,Karur,3.5,-8.3768
2024-10-20 07:00:00,576,Karur,0.5,-8.3768
2024-10-21 03:00:00,576,Karur,0.5,-8.6176
2024-10-21 04:00:00,576,Karur,1.0,-8.4114
2024-10-21 22:00:00,576,Karur,0.5,-8.5656
2024-10-22 08:00:00,576,Karur,13.0,-8.5188
2024-10-22 09:00:00,576,Karur,16.0,-8.5188
2024-10-22 11:00:00,576,Karur,1.25,-8.357800000000001
2024-10-22 12:00:00,576,Karur,3.0,-8.357800000000001
2024-10-22 17:00:00,576,Karur,23.5,-7.99475
2024-10-22 18:00:00,576,Karur,13.5,-7.99475
2024-10-22 19:00:00,576,Karur,4.0,-7.99475
2024-10-22 20:00:00,576,Karur,0.5,-7.99475
2024-10-23 00:00:00,576,Karur,4.5,-7.9755
2024-10-23 01:00:00,576,Karur,5.75,-7.9755
2024-10-23 02:00:00,576,Karur,0.75,-7.9755
2024-10-23 04:00:00,576,Karur,0.5,-8.0094
2024-10-24 17:00:00,576,Karur,12.0,-7.933
2024-10-24 19:00:00,576,Karur,4.5,-7.933
2024-10-24 20:00:00,576,Karur,5.625,-7.933
2024-10-24 21:00:00,576,Karur,5.5,-7.933
2024-10-24 23:00:00,576,Karur,0.5,-7.7084
2024-10-25 00:00:00,576,Karur,0.5,-7.7084
2024-10-25 01:00:00,576,Karur,0.75,-7.7084
2024-10-25 02:00:00,576,Karur,0.7,-7.7084
2024-10-25 03:00:00,576,Karur,0.5,-7.7084
2024-10-25 17:00:00,576,Karur,0.5,-7.804599999999999
2024-10-25 18:00:00,576,Karur,3.7,-7.804599999999999
2024-10-25 19:00:00,576,Karur,8.285714285714286,-7.804599999999999
2024-10-25 20:00:00,576,Karur,2.125,-7.804599999999999
2024-10-25 21:00:00,576,Karur,1.1,-7.804599999999999
2024-10-25 22:00:00,576,Karur,1.0,-7.608
2024-10-25 23:00:00,576,Karur,629.5,-7.608
2024-10-26 00:00:00,576,Karur,20.5,-7.608
2024-10-26 01:00:00,576,Karur,305.5,-7.608
2024-10-26 02:00:00,576,Karur,34.5,-7.608
2024-10-26 03:00:00,576,Karur,8.0,-7.608
2024-10-26 04:00:00,576,Karur,2.5,-7.6554
2024-10-26 06:00:00,576,Karur,95.0,-7.6554
2024-10-26 07:00:00,576,Karur,11.0,-7.6554
2024-10-26 08:00:00,576,Karur,7.5,-7.6554
2024-10-26 09:00:00,576,Karur,2.0,-7.6554
2024-10-26 22:00:00,576,Karur,4.0,-7.6366
2024-11-01 06:00:00,576,Karur,0.5,-7.331799999999999
2024-11-01 07:00:00,576,Karur,1.5,-7.331799999999999
2024-11-01 08:00:00,576,Karur,1.0,-7.331799999999999
2024-11-01 09:00:00,576,Karur,0.5,-7.331799999999999
2024-11-01 11:00:00,576,Karur,0.5,-7.248400000000001
2024-11-01 12:00:00,576,Karur,0.5,-7.248400000000001
2024-11-01 13:00:00,576,Karur,10.5,-7.248400000000001
2024-11-01 14:00:00,576,Karur,3.5,-7.248400000000001
2024-11-01 20:00:00,576,Karur,0.5,-7.498
2024-11-02 14:00:00,576,Karur,1.0,-8.217749999999999
2024-11-02 15:00:00,576,Karur,1.0,-8.217749999999999
2024-11-02 17:00:00,576,Karur,5.0,-6.7545
2024-11-02 18:00:00,576,Karur,0.75,-6.7545
2024-11-02 19:00:00,576,Karur,5.4,-6.7545
2024-11-02 20:00:00,576,Karur,1.0,-6.7545
2024-11-02 21:00:00,576,Karur,1.875,-6.7545
2024-11-02 22:00:00,576,Karur,1.25,-6.52025
2024-11-02 23:00:00,576,Karur,0.5,-6.52025
2024-11-03 05:00:00,576,Karur,0.5,-6.367
2024-11-03 18:00:00,576,Karur,1.0,-6.9726
2024-11-03 19:00:00,576,Karur,1.5,-6.9726
2024-11-03 20:00:00,576,Karur,1.0,-6.9726
2024-11-04 19:00:00,576,Karur,1.0,-6.4922
2024-11-04 20:00:00,576,Karur,4.25,-6.4922
2024-11-04 21:00:00,576,Karur,0.75,-6.4922
2024-11-05 14:00:00,576,Karur,0.5,-6.671200000000001
2024-11-05 18:00:00,576,Karur,0.5,-6.625400000000001
2024-11-07 14:00:00,576,Karur,0.5,-6.546199999999999
2024-11-07 17:00:00,576,Karur,1.5,-6.549000000000001
2024-11-07 17:30:00,576,Karur,0.5,-6.549000000000001
2024-11-07 18:00:00,576,Karur,8.333333333333334,-6.549000000000001
2024-11-07 19:00:00,576,Karur,5.25,-6.549000000000001
2024-11-07 20:00:00,576,Karur,2.75,-6.549000000000001
2024-11-08 04:00:00,576,Karur,0.5,-5.472333333333334
2024-11-13 06:00:00,576,Karur,2.0,-6.1044
2024-11-13 07:00:00,576,Karur,0.5,-6.1044
2024-11-13 08:00:00,576,Karur,1.0,-6.1044
2024-11-13 09:00:00,576,Karur,1.25,-6.1044
2024-11-13 13:00:00,576,Karur,0.5,-6.004600000000001
2024-11-13 14:00:00,576,Karur,2.0,-6.004600000000001
2024-11-13 15:00:00,576,Karur,0.75,-6.004600000000001
2024-11-14 01:00:00,576,Karur,0.5,-5.9964
2024-11-14 02:00:00,576,Karur,0.5,-5.9964
2024-11-14 09:00:00,576,Karur,0.5,-6.066599999999999
2024-11-14 13:00:00,576,Karur,6.0,-5.8792
2024-11-14 13:30:00,576,Karur,0.5,-5.8792
2024-11-14 14:00:00,576,Karur,0.5,-5.8792
2024-11-14 14:30:00,576,Karur,0.5,-5.8792
2024-11-14 15:00:00,576,Karur,3.1666666666666665,-5.8792
2024-11-14 16:00:00,576,Karur,2.0,-5.9078
2024-11-14 17:00:00,576,Karur,0.5,-5.9078
2024-11-14 18:00:00,576,Karur,0.5,-5.9078
2024-11-14 19:00:00,576,Karur,0.5,-5.9078
2024-11-14 20:00:00,576,Karur,0.5,-5.9078
2024-11-15 09:00:00,576,Karur,0.5,-5.8066
2024-11-15 16:00:00,576,Karur,1.0,-5.7674
2024-11-15 17:00:00,576,Karur,4.166666666666667,-5.7674
2024-11-15 18:00:00,576,Karur,5.5,-5.7674
2024-11-15 19:00:00,576,Karur,0.5,-5.7674
2024-11-15 21:00:00,576,Karur,0.5,-5.7674
2024-11-16 01:00:00,576,Karur,0.5,-5.718999999999999
2024-11-16 03:00:00,576,Karur,1.0,-5.718999999999999
2024-11-16 04:00:00,576,Karur,0.875,-5.0615000000000006
2024-11-16 05:00:00,576,Karur,1.3,-5.0615000000000006
2024-11-16 06:00:00,576,Karur,0.5,-5.0615000000000006
2024-11-16 07:00:00,576,Karur,1.1666666666666667,-5.0615000000000006
2024-11-16 08:00:00,576,Karur,1.5,-5.0615000000000006
2024-11-16 10:00:00,576,Karur,0.75,-5.0265
2024-11-16 11:00:00,576,Karur,0.6666666666666666,-5.0265
2024-11-16 12:00:00,576,Karur,0.75,-5.0265
2024-11-16 14:00:00,576,Karur,0.5,-5.0265
2024-11-16 15:00:00,576,Karur,1.5,-5.0265
2024-11-16 16:00:00,576,Karur,0.5,-4.98825
2024-11-17 15:00:00,576,Karur,0.5,-5.6048
2024-11-17 16:00:00,576,Karur,0.5,-5.5452
2024-11-17 20:00:00,576,Karur,1.0,-5.5452
2024-11-18 20:30:00,576,Karur,0.5,-5.5194
2024-11-18 21:00:00,576,Karur,1.0,-5.5194
2024-11-18 22:00:00,576,Karur,0.5,-5.461
2024-11-26 14:00:00,576,Karur,1.0,-5.0520000000000005
2024-11-26 14:30:00,576,Karur,0.5,-5.0520000000000005
2024-11-26 15:00:00,576,Karur,0.75,-5.0520000000000005
2024-11-26 15:30:00,576,Karur,0.5,-5.025
2024-11-26 16:00:00,576,Karur,0.5,-5.025
2024-11-26 17:00:00,576,Karur,0.75,-5.025
2024-11-26 17:30:00,576,Karur,0.5,-5.025
2024-11-26 18:00:00,576,Karur,0.5,-5.025
2024-11-26 18:30:00,576,Karur,1.0,-5.025
2024-11-26 19:00:00,576,Karur,1.0,-5.025
2024-11-26 19:30:00,576,Karur,0.5,-5.025
2024-11-26 20:00:00,576,Karur,0.75,-5.025
2024-11-26 21:00:00,576,Karur,0.5,-5.025
2024-11-26 23:00:00,576,Karur,0.5,-5.0044
2024-11-27 00:00:00,576,Karur,0.5,-5.0044
2024-11-27 01:00:00,576,Karur,0.5,-5.0044
2024-11-27 02:00:00,576,Karur,1.25,-5.0044
2024-11-27 03:00:00,576,Karur,1.625,-5.0044
2024-11-27 04:00:00,576,Karur,1.0,-4.9796
2024-11-27 05:00:00,576,Karur,1.0,-4.9796
2024-11-27 06:00:00,576,Karur,0.5,-4.9796
2024-11-27 07:00:00,576,Karur,0.5,-4.9796
2024-11-27 08:00:00,576,Karur,0.5,-4.9796
2024-11-27 13:00:00,576,Karur,0.5,-4.9686
2024-11-27 14:00:00,576,Karur,0.5,-4.9686
2024-11-29 09:00:00,576,Karur,0.5,-4.9592
2024-11-29 11:00:00,576,Karur,0.5,-4.973
2024-11-29 12:00:00,576,Karur,0.5,-4.973
2024-11-29 13:00:00,576,Karur,1.0,-4.973
2024-11-29 14:00:00,576,Karur,0.5,-4.973
2024-11-29 15:00:00,576,Karur,0.5,-4.973
2024-11-29 16:00:00,576,Karur,0.5,-4.9662
2024-11-29 19:00:00,576,Karur,0.5,-4.9662
2024-11-30 14:00:00,576,Karur,0.5,-5.684749999999999
2024-11-30 19:00:00,576,Karur,0.5,-4.9344
2024-11-30 21:00:00,576,Karur,0.75,-4.9344
2024-11-30 22:00:00,576,Karur,1.0,-4.9144
2024-11-30 23:00:00,576,Karur,1.8333333333333333,-4.9144
2024-12-01 00:00:00,576,Karur,1.75,-4.9144
2024-12-01 01:00:00,576,Karur,1.25,-4.9144
2024-12-01 02:00:00,576,Karur,1.3333333333333333,-4.9144
2024-12-01 03:00:00,576,Karur,1.1666666666666667,-4.9144
2024-12-01 04:00:00,576,Karur,0.875,-4.884600000000001
2024-12-01 05:00:00,576,Karur,0.8333333333333334,-4.884600000000001
2024-12-01 06:00:00,576,Karur,0.75,-4.884600000000001
2024-12-01 07:00:00,576,Karur,0.5,-4.884600000000001
2024-12-01 08:00:00,576,Karur,0.5,-4.884600000000001
2024-12-01 12:00:00,576,Karur,0.5,-4.8722
2024-12-01 13:00:00,576,Karur,1.75,-4.8722
2024-12-01 13:30:00,576,Karur,0.5,-4.8722
2024-12-01 14:00:00,576,Karur,1.5,-4.8722
2024-12-01 16:00:00,576,Karur,0.5,-4.8534
2024-12-01 17:00:00,576,Karur,1.0,-4.8534
2024-12-01 18:00:00,576,Karur,2.5,-4.8534
2024-12-01 19:00:00,576,Karur,1.125,-4.8534
2024-12-01 20:00:00,576,Karur,0.5,-4.8534
2024-12-01 21:00:00,576,Karur,0.5,-4.8534
2024-12-01 22:00:00,576,Karur,0.75,-4.8418
2024-12-01 23:00:00,576,Karur,0.5,-4.8418
2024-12-02 00:00:00,576,Karur,0.5,-4.8418
2024-12-02 01:00:00,576,Karur,0.5,-4.8418
2024-12-02 02:00:00,576,Karur,4.5,-4.8418
2024-12-02 03:00:00,576,Karur,0.5,-4.8418
2024-12-02 05:00:00,576,Karur,3.5,-5.5525
2024-12-02 06:00:00,576,Karur,0.5,-5.5525
2024-12-02 07:00:00,576,Karur,0.5,-5.5525
2024-12-02 11:00:00,576,Karur,0.5,-5.5675
2024-12-02 15:00:00,576,Karur,0.5,-5.5675
2024-12-02 16:00:00,576,Karur,0.75,-5.6755
2024-12-02 17:30:00,576,Karur,0.5,-5.6755
2024-12-02 18:00:00,576,Karur,9.6,-5.6755
2024-12-02 18:30:00,576,Karur,13.0,-5.6755
2024-12-02 19:00:00,576,Karur,7.25,-5.6755
2024-12-02 20:00:00,576,Karur,3.1666666666666665,-5.6755
2024-12-02 20:30:00,576,Karur,1.0,-5.6755
2024-12-02 21:00:00,576,Karur,8.875,-5.6755
2024-12-02 21:30:00,576,Karur,3.5,-5.50825
2024-12-02 22:00:00,576,Karur,19.5,-5.50825
2024-12-02 22:30:00,576,Karur,4.0,-5.50825
2024-12-02 23:00:00,576,Karur,5.8,-5.50825
2024-12-02 23:30:00,576,Karur,2.0,-5.50825
2024-12-03 00:00:00,576,Karur,6.375,-5.50825
2024-12-03 01:00:00,576,Karur,4.125,-5.50825
2024-12-03 02:00:00,576,Karur,1.75,-5.50825
2024-12-03 03:00:00,576,Karur,0.6666666666666666,-5.50825
2024-12-03 06:00:00,576,Karur,0.5,-4.711399999999999
2024-12-03 11:00:00,576,Karur,0.5,-4.6606000000000005
2024-12-03 16:00:00,576,Karur,0.5,-4.629
2024-12-03 21:00:00,576,Karur,0.5,-4.629
2024-12-03 22:00:00,576,Karur,0.5,-4.61
2024-12-03 23:00:00,576,Karur,2.0,-4.61
2024-12-04 02:00:00,576,Karur,0.5,-4.61
2024-12-04 09:00:00,576,Karur,0.5,-4.578
2024-12-04 17:00:00,576,Karur,0.5,-4.5866
2024-12-04 21:00:00,576,Karur,0.5,-4.5866
2024-12-04 23:00:00,576,Karur,0.5,-4.574
2024-12-05 07:00:00,576,Karur,0.5,-4.566
2024-12-05 08:00:00,576,Karur,2.0,-4.566
2024-12-05 10:00:00,576,Karur,0.5,-4.553800000000001
2024-12-05 21:00:00,576,Karur,0.5,-4.5786
2024-12-06 23:00:00,576,Karur,0.5,-4.5686
2024-12-07 17:00:00,576,Karur,5.0,-4.561
2024-12-07 18:00:00,576,Karur,2.75,-4.561
2024-12-07 21:00:00,576,Karur,0.5,-4.561
2024-12-08 07:00:00,576,Karur,0.5,-5.4375
2024-12-08 15:00:00,576,Karur,0.5,-5.437
2024-12-08 22:00:00,576,Karur,0.5,-4.364333333333334
2024-12-09 07:00:00,576,Karur,0.5,-4.468
2024-12-09 18:00:00,576,Karur,0.5,-4.5392
2024-12-10 12:00:00,576,Karur,0.5,-4.489199999999999
2024-12-11 05:00:00,576,Karur,0.5,-4.4876
2024-12-11 21:00:00,576,Karur,0.5,-4.4848
2024-12-11 23:00:00,576,Karur,0.75,-4.477
2024-12-12 04:00:00,576,Karur,0.5,-4.4670000000000005
2024-12-12 05:00:00,576,Karur,1.3333333333333333,-4.4670000000000005
2024-12-12 06:00:00,576,Karur,6.0,-4.4670000000000005
2024-12-12 07:00:00,576,Karur,3.0,-4.4670000000000005
2024-12-12 08:00:00,576,Karur,1.625,-4.4670000000000005
2024-12-12 09:00:00,576,Karur,1.0,-4.4670000000000005
2024-12-12 10:00:00,576,Karur,3.7,-4.4352
2024-12-12 10:30:00,576,Karur,0.5,-4.4352
2024-12-12 11:00:00,576,Karur,3.8,-4.4352
2024-12-12 11:30:00,576,Karur,2.0,-4.4352
2024-12-12 12:00:00,576,Karur,2.9,-4.4352
2024-12-12 13:00:00,576,Karur,1.4,-4.4352
2024-12-12 13:30:00,576,Karur,5.5,-4.4352
2024-12-12 14:00:00,576,Karur,2.625,-4.4352
2024-12-12 14:30:00,576,Karur,1.0,-4.4352
2024-12-12 15:00:00,576,Karur,3.0,-4.4352
2024-12-12 16:00:00,576,Karur,1.0,-4.4204
2024-12-12 17:00:00,576,Karur,0.5,-4.4204
2024-12-12 18:00:00,576,Karur,0.5,-4.4204
2024-12-12 19:00:00,576,Karur,0.625,-4.4204
2024-12-12 20:00:00,576,Karur,1.1666666666666667,-4.4204
2024-12-12 21:00:00,576,Karur,3.3,-4.4204
2024-12-12 22:00:00,576,Karur,1.875,-4.374599999999999
2024-12-12 23:00:00,576,Karur,1.75,-4.374599999999999
2024-12-13 00:00:00,576,Karur,2.6666666666666665,-4.374599999999999
2024-12-13 01:00:00,576,Karur,2.75,-4.374599999999999
2024-12-13 02:00:00,576,Karur,1.1666666666666667,-4.374599999999999
2024-12-13 03:00:00,576,Karur,2.6666666666666665,-4.374599999999999
2024-12-13 04:00:00,576,Karur,1.0,-4.3022
2024-12-13 05:00:00,576,Karur,4.166666666666667,-4.3022
2024-12-13 06:00:00,576,Karur,1.7,-4.3022
2024-12-13 07:00:00,576,Karur,8.0,-4.3022
2024-12-13 08:00:00,576,Karur,7.9,-4.3022
2024-12-13 09:00:00,576,Karur,2.6,-4.3022
2024-12-13 09:30:00,576,Karur,1.5,-4.1158
2024-12-13 10:00:00,576,Karur,1.8333333333333333,-4.1158
2024-12-13 10:30:00,576,Karur,0.5,-4.1158
2024-12-13 11:00:00,576,Karur,2.2,-4.1158
2024-12-13 11:30:00,576,Karur,0.5,-4.1158
2024-12-13 12:00:00,576,Karur,0.875,-4.1158
2024-12-13 14:00:00,576,Karur,0.5,-4.1158
2024-12-13 15:00:00,576,Karur,0.5,-4.1158
2024-12-13 19:00:00,576,Karur,0.5,-4.0524
2024-12-13 21:00:00,576,Karur,0.5,-4.0524
2024-12-13 22:30:00,576,Karur,1.5,-3.9964
2024-12-13 23:00:00,576,Karur,1.3,-3.9964
2024-12-14 00:00:00,576,Karur,1.0,-3.9964
2024-12-14 01:00:00,576,Karur,0.6666666666666666,-3.9964
2024-12-14 02:00:00,576,Karur,0.5,-3.9964
2024-12-14 04:00:00,576,Karur,0.5,-3.9604
2024-12-14 07:00:00,576,Karur,0.5,-3.9604
2024-12-14 11:00:00,576,Karur,0.5,-3.952
2024-12-14 23:00:00,576,Karur,0.5,-3.9036
2024-12-20 00:30:00,576,Karur,0.5,-4.28625
2024-12-20 01:00:00,576,Karur,0.5,-4.28625
2024-12-20 02:00:00,576,Karur,0.5,-4.28625
2024-12-20 03:00:00,576,Karur,0.5,-4.28625
2024-12-21 00:00:00,576,Karur,18.25,-4.2255
2024-12-21 01:00:00,576,Karur,9.25,-4.2255
2024-12-21 02:00:00,576,Karur,3.5,-4.2255
2024-12-21 03:00:00,576,Karur,1.5,-4.2255
2024-12-21 04:00:00,576,Karur,1.0,-4.14925
2024-12-21 20:00:00,576,Karur,0.5,-3.5726
2024-12-21 23:00:00,576,Karur,25.0,-3.54
2024-12-22 00:00:00,576,Karur,22.0,-3.54
2024-12-22 01:00:00,576,Karur,0.5,-3.54
2024-12-22 03:00:00,576,Karur,0.5,-3.54
2024-12-22 19:00:00,576,Karur,0.5,-3.5358000000000005
2024-12-22 20:00:00,576,Karur,0.5,-3.5358000000000005
2024-12-22 21:00:00,576,Karur,0.5,-3.5358000000000005
2024-12-22 23:00:00,576,Karur,0.5,-3.522
2024-12-23 00:00:00,576,Karur,0.5,-3.522
2024-12-23 01:00:00,576,Karur,0.5,-3.522
2024-12-23 02:00:00,576,Karur,0.5,-3.522
2024-12-23 03:00:00,576,Karur,0.5,-3.522
2024-12-23 05:00:00,576,Karur,0.5,-3.5325999999999995
2024-12-23 09:00:00,576,Karur,0.5,-3.5325999999999995
2024-12-23 13:00:00,576,Karur,0.5,-3.5358
2024-12-23 19:00:00,576,Karur,0.5,-3.55
2024-12-24 03:00:00,576,Karur,0.5,-3.5409999999999995
2024-12-24 11:00:00,576,Karur,1.0,-3.5306
2024-12-24 12:00:00,576,Karur,0.5,-3.5306
2024-12-24 13:00:00,576,Karur,0.5,-3.5306
2024-12-24 14:00:00,576,Karur,1.0,-3.5306
2024-12-24 15:00:00,576,Karur,1.5,-3.5306
2024-12-24 16:00:00,576,Karur,1.0,-3.5326
2024-12-24 17:00:00,576,Karur,0.5,-3.5326
2024-12-24 18:00:00,576,Karur,0.5,-3.5326
2024-12-24 19:00:00,576,Karur,0.5,-3.5326
2024-12-24 21:00:00,576,Karur,0.5,-3.5326
2024-12-24 23:00:00,576,Karur,0.5,-3.5226
2024-12-25 02:00:00,576,Karur,0.5,-3.5226
2024-12-25 04:00:00,576,Karur,0.5,-3.5142
2024-12-25 07:00:00,576,Karur,0.5,-3.5142
2024-12-25 10:00:00,576,Karur,0.5,-3.565
2024-12-25 12:00:00,576,Karur,0.5,-3.565
2024-12-25 14:00:00,576,Karur,0.5,-3.565
2024-12-25 15:00:00,576,Karur,1.0,-3.565
2024-12-25 17:00:00,576,Karur,0.5,-3.5494
2024-12-25 20:00:00,576,Karur,0.5,-3.5494
2024-12-26 03:00:00,576,Karur,0.5,-3.532
2024-12-26 09:00:00,576,Karur,0.5,-3.5264
2024-12-26 10:00:00,576,Karur,0.5,-3.5257999999999994
2024-12-26 12:00:00,576,Karur,0.5,-3.5257999999999994
2024-12-26 14:00:00,576,Karur,0.5,-3.5257999999999994
2024-12-26 16:00:00,576,Karur,0.5,-3.5514
2024-12-26 17:00:00,576,Karur,0.5,-3.5514
2024-12-26 18:00:00,576,Karur,0.5,-3.5514
2024-12-26 19:00:00,576,Karur,0.5,-3.5514
2024-12-26 20:00:00,576,Karur,0.5,-3.5514
2024-12-26 21:00:00,576,Karur,0.5,-3.5514
2024-12-26 22:00:00,576,Karur,0.5,-3.5392
2024-12-26 23:00:00,576,Karur,0.5,-3.5392
2024-12-27 00:00:00,576,Karur,0.5,-3.5392
2024-12-27 01:00:00,576,Karur,0.5,-3.5392
2024-12-27 02:00:00,576,Karur,0.5,-3.5392
2024-12-27 04:00:00,576,Karur,0.5,-3.5356
2024-12-27 07:00:00,576,Karur,0.5,-3.5356
2024-12-27 09:00:00,576,Karur,0.5,-3.5356
2024-12-27 10:00:00,576,Karur,0.5,-3.5632000000000006
2024-12-27 12:00:00,576,Karur,0.5,-3.5632000000000006
2024-12-27 14:00:00,576,Karur,1.0,-3.5632000000000006
2024-12-27 15:00:00,576,Karur,2.0,-3.5632000000000006
2024-12-27 15:30:00,576,Karur,0.5,-3.5502
2024-12-27 16:00:00,576,Karur,1.25,-3.5502
2024-12-27 17:00:00,576,Karur,0.5,-3.5502
2024-12-27 18:00:00,576,Karur,0.5,-3.5502
2024-12-27 20:00:00,576,Karur,0.5,-3.5502
2024-12-27 21:00:00,576,Karur,0.5,-3.5502
2024-12-27 22:00:00,576,Karur,0.5,-3.5426
2024-12-27 23:00:00,576,Karur,0.5,-3.5426
2024-12-28 01:00:00,576,Karur,0.5,-3.5426
2024-12-28 03:00:00,576,Karur,0.5,-3.5426
2024-12-28 05:00:00,576,Karur,0.5,-3.5276
2024-12-28 08:00:00,576,Karur,0.5,-3.5276
2024-12-28 10:00:00,576,Karur,0.5,-3.5598
2024-12-28 12:00:00,576,Karur,0.5,-3.5598
2024-12-28 13:00:00,576,Karur,0.5,-3.5598
2024-12-28 15:00:00,576,Karur,0.5,-3.5598
2024-12-28 16:00:00,576,Karur,0.5,-3.5452
2024-12-28 17:00:00,576,Karur,0.5,-3.5452
2024-12-28 18:00:00,576,Karur,0.5,-3.5452
2024-12-28 19:00:00,576,Karur,0.5,-3.5452
2024-12-28 21:00:00,576,Karur,0.5,-3.5452
2024-12-28 22:00:00,576,Karur,0.5,-3.5376000000000003
2024-12-29 00:00:00,576,Karur,0.5,-3.5376000000000003
2024-12-29 01:00:00,576,Karur,0.5,-3.5376000000000003
2024-12-29 03:00:00,576,Karur,0.5,-3.5376000000000003
2024-12-29 05:00:00,576,Karur,0.5,-3.5374000000000003
2024-12-29 07:00:00,576,Karur,0.5,-3.5374000000000003
2024-12-29 08:00:00,576,Karur,0.5,-3.5374000000000003
2024-12-29 10:00:00,576,Karur,0.5,-3.5412
2024-12-29 12:00:00,576,Karur,0.5,-3.5412
2024-12-29 13:00:00,576,Karur,0.5,-3.5412
2024-12-29 15:00:00,576,Karur,0.5,-3.5412
2024-12-29 17:00:00,576,Karur,0.5,-3.5552
2024-12-29 20:00:00,576,Karur,0.5,-3.5552
2024-12-29 22:00:00,576,Karur,0.5,-3.5524
2024-12-30 00:00:00,576,Karur,1.0,-3.5524
2024-12-30 06:00:00,576,Karur,0.5,-3.55
2024-12-30 11:30:00,576,Karur,2.0,-3.5598
2024-12-30 12:00:00,576,Karur,2.5,-3.5598
2024-12-30 12:30:00,576,Karur,2.0,-3.5598
2024-12-30 13:00:00,576,Karur,2.0,-3.5598
2024-12-30 14:00:00,576,Karur,0.5,-3.5598
2024-12-30 18:00:00,576,Karur,0.75,-3.5568
2024-12-30 22:00:00,576,Karur,0.5,-3.5544
2025-01-13 07:00:00,576,Karur,0.5,-3.6342
2025-01-13 20:00:00,576,Karur,0.5,-3.6728
2025-01-14 18:00:00,576,Karur,0.5,-3.7124
2025-01-15 07:00:00,576,Karur,0.5,-3.6374
2025-01-18 18:00:00,576,Karur,1.0,-3.6892
2025-01-18 18:30:00,576,Karur,1.5,-3.6892
2025-01-18 19:00:00,576,Karur,1.0,-3.6892
2025-01-18 20:00:00,576,Karur,0.5,-3.6892
2025-01-19 03:00:00,576,Karur,0.6666666666666666,-3.6748
2025-01-19 04:00:00,576,Karur,0.5,-3.6708
2025-01-19 05:00:00,576,Karur,0.75,-3.6708
2025-01-19 08:00:00,576,Karur,0.5,-3.6708
2025-01-19 10:00:00,576,Karur,0.5,-3.679
2025-01-19 13:00:00,576,Karur,5.833333333333333,-3.679
2025-01-19 13:30:00,576,Karur,2.5,-3.679
2025-01-19 14:00:00,576,Karur,3.0,-3.679
2025-01-19 14:30:00,576,Karur,0.5,-3.679
2025-01-19 15:00:00,576,Karur,1.5,-3.679
2025-01-19 15:30:00,576,Karur,2.0,-3.6964
2025-01-19 16:00:00,576,Karur,1.25,-3.6964
2025-01-19 17:00:00,576,Karur,0.5,-3.6964
2025-01-19 18:00:00,576,Karur,0.5,-3.6964
2025-01-19 18:30:00,576,Karur,0.5,-3.6964
2025-01-19 19:00:00,576,Karur,1.1666666666666667,-3.6964
2025-01-19 20:00:00,576,Karur,1.0,-3.6964
2025-01-19 21:00:00,576,Karur,0.5,-3.6964
2025-01-19 22:00:00,576,Karur,0.5,-3.6686
2025-01-19 23:00:00,576,Karur,0.5,-3.6686
2025-01-20 01:00:00,576,Karur,0.5,-3.6686
2025-01-20 03:00:00,576,Karur,0.5,-3.6686
2025-01-20 10:00:00,576,Karur,0.5,-3.7288
2025-01-20 16:00:00,576,Karur,0.5,-3.7026
2025-03-01 20:00:00,576,Karur,3.5,-5.26975
2025-03-11 13:30:00,576,Karur,11.5,-5.995
2025-03-11 14:00:00,576,Karur,7.1,-5.995
2025-03-11 15:00:00,576,Karur,3.9,-5.995
2025-03-11 16:00:00,576,Karur,0.5,-5.9925
2025-03-11 17:00:00,576,Karur,0.75,-5.9925
2025-03-11 19:00:00,576,Karur,0.5,-5.9925
2025-03-11 19:30:00,576,Karur,1.5,-5.9925
2025-03-11 20:00:00,576,Karur,1.5,-5.9925
2025-03-11 20:30:00,576,Karur,0.5,-5.9925
2025-03-11 21:00:00,576,Karur,0.5,-5.9925
2025-03-11 22:00:00,576,Karur,6.75,-5.944
2025-03-12 01:00:00,576,Karur,0.5,-5.944
2025-03-12 03:00:00,576,Karur,0.5,-5.944
2025-03-12 09:00:00,576,Karur,0.5,-5.894
2025-03-12 11:00:00,576,Karur,2.0,-5.856999999999999
2025-03-12 11:30:00,576,Karur,0.5,-5.856999999999999
2025-03-12 12:00:00,576,Karur,3.1666666666666665,-5.856999999999999
2025-03-12 12:30:00,576,Karur,0.5,-5.856999999999999
2025-03-12 13:00:00,576,Karur,2.75,-5.856999999999999
2025-03-12 14:00:00,576,Karur,0.5,-5.856999999999999
2025-03-12 15:00:00,576,Karur,4.5,-5.856999999999999
2025-03-12 16:00:00,576,Karur,4.833333333333333,-5.8245000000000005
2025-03-13 09:00:00,576,Karur,0.5,-5.74175
2025-03-13 12:00:00,576,Karur,0.5,-5.77525
2025-03-14 08:00:00,576,Karur,0.5,-5.72275
2025-03-16 18:00:00,576,Karur,3.0,-5.268999999999999
2025-03-17 08:00:00,576,Karur,0.5,-5.182
2025-03-23 10:00:00,576,Karur,0.5,-5.95425
2025-04-01 12:00:00,576,Karur,2.0,-7.553
2025-04-01 13:00:00,576,Karur,0.5,-7.553
2025-04-03 05:00:00,576,Karur,12.5,-6.734249999999999
2025-04-03 06:00:00,576,Karur,0.5,-6.734249999999999
2025-04-03 08:00:00,576,Karur,0.5,-6.734249999999999
2025-04-03 08:30:00,576,Karur,0.5,-6.734249999999999
2025-04-03 09:00:00,576,Karur,0.5,-6.734249999999999
2025-04-05 10:00:00,576,Karur,0.5,-6.803
2025-04-05 20:00:00,576,Karur,1.5,-6.72625
2025-04-05 23:00:00,576,Karur,0.5,-6.365
2025-04-06 20:00:00,576,Karur,31.5,-6.7022
2025-04-06 21:00:00,576,Karur,6.0,-6.7022
2025-04-06 22:00:00,576,Karur,1.0,-6.633799999999999
2025-04-06 23:00:00,576,Karur,9.0,-6.633799999999999
2025-04-07 00:00:00,576,Karur,1.75,-6.633799999999999
2025-04-07 01:00:00,576,Karur,1.0,-6.633799999999999
2025-04-07 02:00:00,576,Karur,0.5,-6.633799999999999
2025-04-07 03:00:00,576,Karur,0.5,-6.633799999999999
2025-04-07 04:00:00,576,Karur,0.5,-6.493600000000001
2025-04-07 05:00:00,576,Karur,0.5,-6.493600000000001
2025-04-07 06:00:00,576,Karur,0.5,-6.493600000000001
2025-04-07 07:00:00,576,Karur,0.5,-6.493600000000001
2025-04-07 09:00:00,576,Karur,0.5,-6.493600000000001
2025-04-08 02:00:00,576,Karur,0.5,-7.008
2025-04-08 09:00:00,576,Karur,0.5,-6.827
2025-04-09 20:00:00,576,Karur,0.5,-7.57425
2025-04-11 14:00:00,576,Karur,0.5,-6.738
2025-04-11 21:00:00,576,Karur,3.5,-6.713800000000001
2025-04-11 22:00:00,576,Karur,13.75,-6.562399999999999
2025-04-11 23:00:00,576,Karur,27.5,-6.562399999999999
2025-04-12 00:00:00,576,Karur,2.25,-6.562399999999999
2025-04-12 01:00:00,576,Karur,0.5,-6.562399999999999
2025-04-12 02:00:00,576,Karur,0.5,-6.562399999999999
2025-04-12 05:00:00,576,Karur,0.5,-6.474200000000001
2025-04-12 11:00:00,576,Karur,0.5,-6.4476
2025-04-12 16:00:00,576,Karur,0.5,-6.669
2025-04-13 14:00:00,576,Karur,0.5,-6.490399999999999
2025-04-13 19:00:00,576,Karur,2.5,-6.738
2025-04-13 20:00:00,576,Karur,1.0,-6.738
2025-04-14 11:00:00,576,Karur,0.5,-6.435599999999999
2025-04-15 00:30:00,576,Karur,10.0,-6.4464
2025-04-15 01:00:00,576,Karur,12.5,-6.4464
2025-04-15 01:30:00,576,Karur,7.0,-6.4464
2025-04-15 02:00:00,576,Karur,4.75,-6.4464
2025-04-15 02:30:00,576,Karur,0.5,-6.4464
2025-04-15 03:00:00,576,Karur,0.75,-6.4464
2025-04-15 12:00:00,576,Karur,0.5,-6.428333333333334
2025-04-15 19:00:00,576,Karur,0.5,-6.7125
2025-04-17 16:45:00,576,Karur,5.5,-6.364999999999999
2025-04-17 16:50:00,576,Karur,5.5,-6.364999999999999
2025-04-17 17:00:00,576,Karur,5.5,-6.364999999999999
2025-04-20 05:00:00,576,Karur,0.5,-6.2683333333333335
2025-04-27 15:30:00,576,Karur,0.5,-7.385
2025-04-27 16:00:00,576,Karur,0.5,-7.385
2025-05-04 21:00:00,576,Karur,13.0,-3.8455
2025-05-04 23:00:00,576,Karur,0.5,-3.8495
2025-05-05 00:00:00,576,Karur,2.833333333333333,-3.8495
2025-05-05 01:00:00,576,Karur,2.5,-3.8495
2025-05-05 02:00:00,576,Karur,0.5,-3.8495
2025-05-05 03:00:00,576,Karur,0.5,-3.8495
2025-05-05 05:00:00,576,Karur,0.5,-3.7975
2025-05-05 08:55:00,576,Karur,2.5,-3.7975
2025-05-05 09:00:00,576,Karur,2.5,-3.7975
2025-05-05 15:00:00,576,Karur,0.5,-3.775
2025-05-06 18:00:00,576,Karur,7.0,-3.7595
2025-05-06 19:00:00,576,Karur,2.5,-3.7595
2025-05-06 20:00:00,576,Karur,0.5,-3.7595
2025-05-06 21:00:00,576,Karur,0.5,-3.7595
2025-05-07 12:00:00,576,Karur,0.5,-3.771
2025-05-07 20:00:00,576,Karur,5.0,-3.733
2025-05-08 16:30:00,576,Karur,5.5,-3.721
2025-05-08 17:00:00,576,Karur,16.0,-3.721
2025-05-08 17:30:00,576,Karur,2.5,-3.721
2025-05-08 18:00:00,576,Karur,2.0,-3.721
2025-05-08 19:00:00,576,Karur,0.5,-3.721
2025-05-09 12:50:00,576,Karur,1.0,-3.747
2025-05-09 13:00:00,576,Karur,1.0,-3.747
2025-05-12 21:00:00,576,Karur,10.25,-3.7575
2025-05-12 22:00:00,576,Karur,2.75,-2.02
2025-05-12 23:00:00,576,Karur,0.6666666666666666,-2.02
2025-05-13 00:00:00,576,Karur,0.5,-2.02
2025-05-14 17:00:00,576,Karur,1.5,-3.748
2025-05-14 18:00:00,576,Karur,1.0,-3.748
2025-05-14 20:00:00,576,Karur,6.6,-3.748
2025-05-14 21:00:00,576,Karur,1.8,-3.748
2025-05-14 22:00:00,576,Karur,14.875,-3.688
2025-05-14 23:00:00,576,Karur,1.1666666666666667,-3.688
2025-05-15 01:00:00,576,Karur,0.5,-3.688
2025-05-15 02:00:00,576,Karur,0.5,-3.688
2025-05-15 04:00:00,576,Karur,0.5,-3.71
2025-05-15 18:00:00,576,Karur,8.0,-3.7225
2025-05-15 19:00:00,576,Karur,2.75,-3.7225
2025-05-15 20:00:00,576,Karur,0.5,-3.7225
2025-05-16 04:00:00,576,Karur,0.5,-3.717
2025-05-16 17:00:00,576,Karur,0.5,-3.7355
2025-05-16 22:00:00,576,Karur,0.5,-3.73
2025-05-17 03:00:00,576,Karur,1.0,-3.73
2025-05-17 22:00:00,576,Karur,8.333333333333334,-3.6505
2025-05-17 23:00:00,576,Karur,3.333333333333333,-3.6505
2025-05-18 00:00:00,576,Karur,1.6666666666666667,-3.6505
2025-05-18 01:00:00,576,Karur,0.6666666666666666,-3.6505
2025-05-18 02:00:00,576,Karur,0.5,-3.6505
2025-05-18 15:00:00,576,Karur,0.5,-3.64
2025-05-18 21:00:00,576,Karur,0.5,-3.638
2025-05-18 22:00:00,576,Karur,0.5,-3.658
2025-05-18 23:00:00,576,Karur,2.5,-3.658
2025-05-19 00:00:00,576,Karur,2.5,-3.658
2025-05-19 01:00:00,576,Karur,1.0,-3.658
2025-05-19 02:00:00,576,Karur,0.75,-3.658
2025-05-19 03:00:00,576,Karur,0.5,-3.658
2025-05-19 07:00:00,576,Karur,0.5,-3.6625
2025-05-19 21:00:00,576,Karur,1.0,-3.6525
2025-05-19 22:00:00,576,Karur,0.5,-3.6595
2025-05-23 18:00:00,576,Karur,1.5,-3.3855000000000004
2025-05-24 07:00:00,576,Karur,0.5,-5.29275
2025-05-24 22:00:00,576,Karur,0.5,-5.29175
2025-05-24 23:00:00,576,Karur,0.75,-5.29175
2025-05-25 00:00:00,576,Karur,0.5,-5.29175
2025-05-25 02:00:00,576,Karur,0.5,-5.29175
2025-05-25 06:00:00,576,Karur,0.5,-5.373
2025-05-25 18:00:00,576,Karur,0.5,-5.313
2025-05-26 02:00:00,576,Karur,1.0,-5.3135
2025-05-26 06:00:00,576,Karur,0.75,-5.30775
2025-05-26 07:00:00,576,Karur,0.5,-5.30775
2025-05-26 12:00:00,576,Karur,0.5,-5.2675
2025-05-26 14:00:00,576,Karur,0.5,-5.2675
2025-05-26 15:00:00,576,Karur,1.0,-5.2675
2025-05-26 22:00:00,576,Karur,0.5,-5.27775
2025-05-26 23:00:00,576,Karur,2.0,-5.27775
2025-05-27 00:00:00,576,Karur,0.5,-5.27775
2025-05-28 17:00:00,576,Karur,0.5,-5.2145
2025-05-28 18:00:00,576,Karur,0.5,-5.2145
2025-05-29 15:00:00,576,Karur,0.5,-2.779
2025-06-09 23:00:00,576,Karur,2.0,-7.992999999999999
2025-06-14 00:00:00,576,Karur,0.5,-10.516
2025-07-02 19:00:00,576,Karur,0.5,-22.549
2025-08-01 19:00:00,576,Karur,5.0,-30.905
2025-08-02 17:00:00,576,Karur,2.5,-30.637
2025-08-02 18:00:00,576,Karur,1.0,-30.637
2025-08-03 00:00:00,576,Karur,1.0,-29.886000000000003
2025-08-03 05:00:00,576,Karur,0.5,-29.261
2025-08-03 17:00:00,576,Karur,0.5,-29.8485
2025-08-04 00:00:00,576,Karur,0.5,-29.3065
2025-08-04 01:00:00,576,Karur,0.5,-29.3065
2025-08-04 19:00:00,576,Karur,13.5,-30.254
2025-08-04 20:00:00,576,Karur,3.25,-30.254
2025-08-04 21:00:00,576,Karur,0.6666666666666666,-30.254
2025-08-04 22:00:00,576,Karur,0.625,-29.415
2025-08-05 01:00:00,576,Karur,3.5,-29.415
2025-08-05 02:00:00,576,Karur,3.5,-29.415
2025-08-05 03:00:00,576,Karur,0.5,-29.415
2025-08-05 15:00:00,576,Karur,1.0,-29.5025
2025-08-05 16:00:00,576,Karur,5.25,-28.686
2025-08-05 17:00:00,576,Karur,2.6666666666666665,-28.686
2025-08-05 18:00:00,576,Karur,0.8333333333333334,-28.686
2025-08-05 19:00:00,576,Karur,1.1666666666666667,-28.686
2025-08-05 20:00:00,576,Karur,0.5,-28.686
2025-08-05 21:00:00,576,Karur,1.0,-28.686
2025-08-05 22:00:00,576,Karur,0.5,-22.948666666666668
2025-08-05 23:00:00,576,Karur,0.5,-22.948666666666668
2025-08-06 00:00:00,576,Karur,0.5,-22.948666666666668
2025-08-06 01:00:00,576,Karur,0.5,-22.948666666666668
2025-08-06 03:00:00,576,Karur,0.5,-22.948666666666668
2025-08-06 05:00:00,576,Karur,0.5,-6.535
2025-08-06 07:00:00,576,Karur,0.5,-6.535
2025-08-06 09:00:00,576,Karur,0.5,-6.535
2025-08-06 11:00:00,576,Karur,0.5,-6.5305
2025-08-07 01:00:00,576,Karur,1.5,-22.468333333333334
2025-08-07 02:00:00,576,Karur,6.0,-22.468333333333334
2025-08-07 03:00:00,576,Karur,0.5,-22.468333333333334
2025-08-08 23:00:00,576,Karur,1.5,-17.726
2025-08-09 00:00:00,576,Karur,0.75,-17.726
2025-08-09 18:00:00,576,Karur,1.5,-17.481749999999998
2025-08-09 19:00:00,576,Karur,4.666666666666667,-17.481749999999998
2025-08-09 20:00:00,576,Karur,1.25,-17.481749999999998
2025-08-09 21:00:00,576,Karur,1.5,-17.481749999999998
2025-08-09 22:00:00,576,Karur,1.0,-17.2735
2025-08-09 23:00:00,576,Karur,0.6666666666666666,-17.2735
2025-08-10 00:00:00,576,Karur,0.5,-17.2735
2025-08-10 01:00:00,576,Karur,0.75,-17.2735
2025-08-10 02:00:00,576,Karur,0.5,-17.2735
2025-08-10 03:00:00,576,Karur,0.5,-17.2735
2025-08-10 04:00:00,576,Karur,1.0,-16.9955
2025-08-10 05:00:00,576,Karur,0.5,-16.9955
2025-08-10 06:00:00,576,Karur,0.5,-16.9955
2025-08-10 07:00:00,576,Karur,0.5,-16.9955
2025-08-10 08:00:00,576,Karur,0.5,-16.9955
2025-08-10 09:00:00,576,Karur,0.5,-16.9955
2025-08-10 10:00:00,576,Karur,0.5,-17.306
2025-08-10 12:00:00,576,Karur,0.5,-17.306
2025-08-10 13:00:00,576,Karur,0.5,-17.306
2025-08-10 14:00:00,576,Karur,0.5,-17.306
2025-08-10 15:00:00,576,Karur,0.5,-17.306
2025-08-10 17:00:00,576,Karur,0.5,-17.1725
2025-08-10 19:00:00,576,Karur,0.5,-17.1725
2025-08-10 23:00:00,576,Karur,3.6666666666666665,-16.92775
2025-08-11 00:00:00,576,Karur,1.0,-16.92775
2025-09-01 16:00:00,576,Karur,0.5,-0.86
2025-09-01 19:00:00,576,Karur,1.5,-0.86
2025-09-06 00:00:00,576,Karur,1.25,-6.173000000000001
2025-09-06 01:00:00,576,Karur,0.5,-6.173000000000001
2025-09-06 19:00:00,576,Karur,29.0,-20.2475
2025-09-06 20:00:00,576,Karur,10.0,-20.2475
2025-09-07 17:00:00,576,Karur,0.5,-20.37725
2025-09-08 18:00:00,576,Karur,0.5,-20.41575
2025-09-08 20:00:00,576,Karur,2.5,-20.41575
2025-09-08 21:00:00,576,Karur,2.0,-20.41575
2025-09-09 21:00:00,576,Karur,7.333333333333333,-20.4995
2025-09-09 22:00:00,576,Karur,2.875,-20.40925
2025-09-09 23:00:00,576,Karur,1.1666666666666667,-20.40925
2025-09-10 00:00:00,576,Karur,0.5,-20.40925
2025-09-10 01:00:00,576,Karur,0.5,-20.40925
2025-09-10 02:00:00,576,Karur,0.5,-20.40925
2025-09-10 09:00:00,576,Karur,0.5,-20.2895
2025-09-10 16:00:00,576,Karur,15.5,-20.34275
2025-09-10 17:00:00,576,Karur,0.5,-20.34275
2025-09-10 18:00:00,576,Karur,30.25,-20.34275
2025-09-10 19:00:00,576,Karur,2.375,-20.34275
2025-09-10 20:00:00,576,Karur,3.375,-20.34275
2025-09-10 21:00:00,576,Karur,2.0,-20.34275
2025-09-10 22:00:00,576,Karur,1.5,-20.24675
2025-09-10 23:00:00,576,Karur,0.5,-20.24675
2025-09-11 00:00:00,576,Karur,0.5,-20.24675
2025-09-11 01:00:00,576,Karur,0.5,-20.24675
2025-09-11 02:00:00,576,Karur,0.5,-20.24675
2025-09-11 16:00:00,576,Karur,5.5,-20.35425
2025-09-11 17:00:00,576,Karur,3.0,-20.35425
2025-09-11 18:00:00,576,Karur,5.0,-20.35425
2025-09-11 19:00:00,576,Karur,0.5,-20.35425
2025-09-11 21:00:00,576,Karur,0.5,-20.35425
2025-09-17 00:00:00,576,Karur,0.75,-20.6545
2025-09-17 01:00:00,576,Karur,0.5,-20.6545
2025-09-17 12:00:00,576,Karur,0.5,-20.93675
2025-09-17 17:00:00,576,Karur,19.5,-20.9555
2025-09-17 18:00:00,576,Karur,5.0,-20.9555
2025-09-17 19:00:00,576,Karur,1.6,-20.9555
2025-09-17 20:00:00,576,Karur,1.0,-20.9555
2025-09-17 21:00:00,576,Karur,0.875,-20.9555
2025-09-17 22:00:00,576,Karur,1.0,-20.80475
2025-09-17 23:00:00,576,Karur,0.5,-20.80475
2025-09-18 00:00:00,576,Karur,0.5,-20.80475
2025-09-18 04:00:00,576,Karur,18.0,-20.79375
2025-09-18 05:00:00,576,Karur,20.0,-20.79375
2025-09-18 06:00:00,576,Karur,1.5,-20.79375
2025-09-20 00:00:00,576,Karur,0.5,-21.1055
2025-09-20 01:00:00,576,Karur,0.5,-21.1055
2025-09-20 13:00:00,576,Karur,0.5,-20.99925
2025-09-21 15:00:00,576,Karur,2.5,-20.973
2025-09-22 03:00:00,576,Karur,0.5,-20.819
2025-09-22 10:05:00,576,Karur,0.5,-21.0835
2025-09-22 11:00:00,576,Karur,7.0,-21.0835
2025-09-22 12:00:00,576,Karur,3.5,-21.0835
2025-09-25 16:00:00,576,Karur,4.333333333333333,-21.37175
2025-09-25 17:00:00,576,Karur,11.875,-21.37175
2025-09-25 18:00:00,576,Karur,8.5,-21.37175
2025-09-25 19:00:00,576,Karur,1.0,-21.37175
2025-09-25 20:00:00,576,Karur,4.5,-21.37175
2025-09-25 23:00:00,576,Karur,0.5,-21.35925
2025-09-27 09:00:00,576,Karur,0.5,-21.2165
2025-09-29 18:00:00,576,Karur,0.5,-21.40175
2025-09-30 17:00:00,576,Karur,0.5,-21.42475
2025-10-01 14:00:00,576,Karur,10.0,-21.4915
2025-10-01 15:00:00,576,Karur,0.5,-21.4915
2025-10-01 16:00:00,576,Karur,17.0,-27.691333333333333
2025-10-01 17:00:00,576,Karur,102.5,-27.691333333333333
2025-10-01 23:00:00,576,Karur,0.5,-21.51325
2025-10-02 07:00:00,576,Karur,1.0,-21.52875
2025-10-02 08:00:00,576,Karur,6.0,-21.52875
2025-10-02 09:00:00,576,Karur,72.5,-21.52875
2025-10-02 10:00:00,576,Karur,4.5,-21.52125
2025-10-02 13:00:00,576,Karur,0.5,-21.52125
2025-10-02 14:00:00,576,Karur,0.5,-21.52125
2025-10-02 15:00:00,576,Karur,1.0,-21.52125
2025-10-02 17:00:00,576,Karur,32.0,-21.5425
2025-10-02 18:00:00,576,Karur,35.0,-21.5425
2025-10-02 19:00:00,576,Karur,10.0,-21.5425
2025-10-02 20:00:00,576,Karur,1.0,-21.5425
2025-10-02 22:00:00,576,Karur,1.0,-21.56075
2025-10-03 00:00:00,576,Karur,0.5,-21.56075
2025-10-03 01:00:00,576,Karur,11.5,-21.56075
2025-10-03 02:00:00,576,Karur,1.5,-21.56075
2025-10-03 03:00:00,576,Karur,1.0,-21.56075
2025-10-03 04:00:00,576,Karur,0.5,-21.5685
2025-10-03 07:00:00,576,Karur,0.5,-21.5685
2025-10-03 08:00:00,576,Karur,16.0,-21.5685
2025-10-03 09:00:00,576,Karur,134.0,-21.5685
2025-10-03 10:00:00,576,Karur,34.5,-21.5755
2025-10-03 17:00:00,576,Karur,1.0,-0.65
2025-10-03 18:00:00,576,Karur,28.0,-0.65
2025-10-03 19:00:00,576,Karur,10.5,-0.65
2025-10-03 21:00:00,576,Karur,1.5,-0.65
2025-10-03 22:00:00,576,Karur,11.666666666666666,-21.57025
2025-10-03 23:00:00,576,Karur,5.5,-21.57025
2025-10-04 00:00:00,576,Karur,0.5,-21.57025
2025-10-04 01:00:00,576,Karur,0.5,-21.57025
2025-10-04 02:00:00,576,Karur,0.5,-21.57025
2025-10-04 03:00:00,576,Karur,0.5,-21.57025
2025-10-04 04:00:00,576,Karur,6.25,-21.59
2025-10-04 05:00:00,576,Karur,19.0,-21.59
2025-10-04 06:00:00,576,Karur,10.5,-21.59
2025-10-04 07:00:00,576,Karur,0.5,-21.59
2025-10-04 09:00:00,576,Karur,0.5,-21.59
2025-10-04 10:00:00,576,Karur,2.0,-21.56075
2025-10-04 11:00:00,576,Karur,12.0,-21.56075
2025-10-04 12:00:00,576,Karur,2.0,-21.56075
2025-10-04 14:00:00,576,Karur,5.0,-21.56075
2025-10-04 21:00:00,576,Karur,5.5,-21.53475
2025-10-05 01:00:00,576,Karur,3.5,-21.576500000000003
2025-10-05 02:00:00,576,Karur,0.5,-21.576500000000003
2025-10-05 05:00:00,576,Karur,2.0,-21.5875
2025-10-05 06:00:00,576,Karur,1.0,-21.5875
2025-10-05 07:00:00,576,Karur,0.5,-21.5875
2025-10-05 08:00:00,576,Karur,2.0,-21.5875
2025-10-05 09:00:00,576,Karur,1.5,-21.5875
2025-10-05 10:00:00,576,Karur,3.5,-21.593
2025-10-05 11:00:00,576,Karur,9.5,-21.593
2025-10-05 12:00:00,576,Karur,5.5,-21.593
2025-10-05 13:00:00,576,Karur,2.0,-21.593
2025-10-05 14:00:00,576,Karur,2.0,-21.593
2025-10-05 15:00:00,576,Karur,9.666666666666666,-21.593
2025-10-05 16:00:00,576,Karur,9.666666666666666,-21.593
2025-10-05 17:00:00,576,Karur,31.5,-21.593
2025-10-05 18:00:00,576,Karur,3.0,-21.593
2025-10-05 19:00:00,576,Karur,2.5,-21.593
2025-10-05 20:00:00,576,Karur,1.625,-21.593
2025-10-05 21:00:00,576,Karur,1.0,-21.593
2025-10-05 22:00:00,576,Karur,1.5,-21.61
2025-10-06 02:00:00,576,Karur,4.0,-21.61
2025-10-06 03:00:00,576,Karur,2.0,-21.61
2025-10-06 05:00:00,576,Karur,1.0,-28.634
2025-10-06 06:00:00,576,Karur,5.0,-28.634
2025-10-06 07:00:00,576,Karur,2.5,-28.634
2025-10-06 08:00:00,576,Karur,1.5,-28.634
2025-10-06 09:00:00,576,Karur,0.5,-28.634
2025-10-16 15:00:00,576,Karur,7.25,-25.55133333333333
2025-10-16 16:00:00,576,Karur,2.75,-25.55133333333333
2025-10-16 17:00:00,576,Karur,1.25,-25.55133333333333
2025-10-16 19:00:00,576,Karur,0.5,-25.55133333333333
2025-10-17 13:00:00,576,Karur,2.5,-25.55133333333333
2025-10-17 14:00:00,576,Karur,2.0,-25.55133333333333
2025-10-17 15:00:00,576,Karur,2.5,-25.55133333333333
2025-10-17 16:00:00,576,Karur,1.75,-25.55133333333333
2025-10-17 17:00:00,576,Karur,2.0,-25.55133333333333
2025-10-17 18:00:00,576,Karur,1.0,-25.55133333333333
2025-10-17 19:00:00,576,Karur,0.5,-25.55133333333333
2025-10-18 03:00:00,576,Karur,0.5,-25.55133333333333
2025-10-18 18:00:00,576,Karur,0.5,-25.55133333333333
2025-10-18 21:00:00,576,Karur,1.5,-25.55133333333333
2025-10-18 22:00:00,576,Karur,0.5,-25.55133333333333
2025-10-20 04:00:00,576,Karur,0.5,-25.55133333333333
2025-10-20 06:00:00,576,Karur,1.5,-25.55133333333333
2025-10-20 08:00:00,576,Karur,0.5,-25.55133333333333
2025-10-20 09:00:00,576,Karur,0.5,-25.55133333333333
2025-10-20 15:00:00,576,Karur,1.5,-25.55133333333333
2025-10-20 16:00:00,576,Karur,0.5,-25.55133333333333
2025-10-20 17:00:00,576,Karur,0.5,-25.55133333333333
2025-10-21 08:00:00,576,Karur,2.0,-25.55133333333333
2025-10-21 09:00:00,576,Karur,1.1666666666666667,-25.55133333333333
2025-10-21 10:00:00,576,Karur,1.875,-25.55133333333333
2025-10-21 11:00:00,576,Karur,1.375,-25.55133333333333
2025-10-21 12:00:00,576,Karur,4.0,-25.55133333333333
2025-10-21 13:00:00,576,Karur,6.0,-25.55133333333333
2025-10-21 14:00:00,576,Karur,2.625,-25.55133333333333
2025-10-21 15:00:00,576,Karur,0.75,-25.55133333333333
2025-10-21 23:00:00,576,Karur,0.5,-25.55133333333333
2025-10-22 00:00:00,576,Karur,2.0,-25.55133333333333
2025-10-22 01:00:00,576,Karur,1.25,-25.55133333333333
2025-10-22 02:00:00,576,Karur,4.5,-25.55133333333333
2025-10-22 03:00:00,576,Karur,7.375,-25.55133333333333
2025-10-22 04:00:00,576,Karur,14.5,-25.55133333333333
2025-10-22 05:00:00,576,Karur,10.333333333333334,-25.55133333333333
2025-10-22 06:00:00,576,Karur,9.833333333333334,-25.55133333333333
2025-10-22 07:00:00,576,Karur,7.166666666666667,-25.55133333333333
2025-10-22 08:00:00,576,Karur,3.625,-25.55133333333333
2025-10-22 09:00:00,576,Karur,2.625,-25.55133333333333
2025-10-22 10:00:00,576,Karur,1.25,-25.55133333333333
2025-10-22 11:00:00,576,Karur,2.5,-25.55133333333333
2025-10-22 12:00:00,576,Karur,0.5,-25.55133333333333
2025-10-22 13:00:00,576,Karur,0.5,-25.55133333333333
2025-10-22 16:00:00,576,Karur,12.5,-25.55133333333333
2025-10-22 18:00:00,576,Karur,2.0,-25.55133333333333
2025-10-22 19:00:00,576,Karur,8.0,-25.55133333333333
2025-10-22 20:00:00,576,Karur,1.6666666666666667,-25.55133333333333
2025-10-22 21:00:00,576,Karur,10.25,-25.55133333333333
2025-10-22 22:00:00,576,Karur,2.0,-25.55133333333333
2025-10-22 23:00:00,576,Karur,0.5,-25.55133333333333
2025-10-23 00:00:00,576,Karur,0.5,-25.55133333333333
2025-10-23 03:00:00,576,Karur,0.5,-25.55133333333333
2025-10-23 16:00:00,576,Karur,1.0,-25.4
2025-10-23 17:00:00,576,Karur,0.5,-25.4
2025-10-23 23:00:00,576,Karur,0.5,-25.307
2025-11-06 00:00:00,576,Karur,0.5,-23.112666666666662
2025-11-06 02:00:00,576,Karur,0.5,-23.112666666666662
2025-11-07 10:00:00,576,Karur,0.5,-22.788333333333338
2025-11-08 22:00:00,576,Karur,1.0,-22.894
2025-11-10 11:00:00,576,Karur,0.5,-24.191666666666663
2025-11-11 05:00:00,576,Karur,0.5,-23.19233333333333
2025-11-11 08:00:00,576,Karur,0.5,-23.19233333333333
2025-11-12 00:00:00,576,Karur,0.5,-22.787000000000003
2025-11-12 01:00:00,576,Karur,0.5,-22.787000000000003
2025-11-12 11:00:00,576,Karur,0.5,-23.413
2025-11-12 12:00:00,576,Karur,0.5,-23.413
2025-11-12 14:00:00,576,Karur,0.5,-23.413
2025-11-12 15:00:00,576,Karur,0.5,-23.413
2025-11-12 16:00:00,576,Karur,0.5,-23.413
2025-11-12 19:00:00,576,Karur,0.5,-22.82433333333333
2025-11-13 07:00:00,576,Karur,0.5,-22.70433333333333
2025-11-13 12:00:00,576,Karur,0.5,-23.44666666666667
2025-11-13 16:00:00,576,Karur,0.5,-22.901
2025-11-13 17:00:00,576,Karur,0.5,-22.901
2025-11-13 23:00:00,576,Karur,0.5,-22.64633333333333
2025-11-14 00:00:00,576,Karur,0.5,-22.64633333333333
2025-11-14 03:00:00,576,Karur,1.5,-22.64633333333333
2025-11-14 05:00:00,576,Karur,4.75,-22.52433333333333
2025-11-14 06:00:00,576,Karur,0.5,-22.52433333333333
2025-11-14 11:00:00,576,Karur,0.5,-22.709666666666664
2025-11-14 15:00:00,576,Karur,0.5,-22.709666666666664
2025-11-17 19:00:00,576,Karur,0.5,-22.84733333333333
2025-11-17 22:00:00,576,Karur,0.5,-22.698
2025-11-17 23:00:00,576,Karur,1.0,-22.698
2025-11-18 00:00:00,576,Karur,1.5,-22.698
2025-11-18 01:00:00,576,Karur,1.0,-22.698
2025-11-18 02:00:00,576,Karur,0.75,-22.698
2025-11-18 03:00:00,576,Karur,1.1666666666666667,-22.698
2025-11-18 04:00:00,576,Karur,0.5,-22.494
2025-11-18 10:00:00,576,Karur,0.5,-22.467666666666663
2025-11-18 12:00:00,576,Karur,0.5,-22.467666666666663
2025-11-18 13:00:00,576,Karur,0.5,-22.467666666666663
2025-11-18 15:00:00,576,Karur,1.0,-22.467666666666663
2025-11-18 16:00:00,576,Karur,3.75,-22.253
2025-11-18 17:00:00,576,Karur,3.25,-22.253
2025-11-18 18:00:00,576,Karur,1.625,-22.253
2025-11-18 19:00:00,576,Karur,0.5,-22.253
2025-11-18 23:00:00,576,Karur,0.5,-22.01066666666667
2025-11-19 06:00:00,576,Karur,0.5,-21.787333333333333
2025-11-19 16:00:00,576,Karur,0.5,-22.529
2025-11-20 11:00:00,576,Karur,0.5,-23.293666666666667
2025-11-21 16:00:00,576,Karur,0.5,-16.81175
2025-11-21 17:00:00,576,Karur,5.666666666666667,-16.81175
2025-11-21 18:00:00,576,Karur,5.5,-16.81175
2025-11-21 19:00:00,576,Karur,0.5,-16.81175
2025-11-21 20:00:00,576,Karur,0.5,-16.81175
2025-11-22 00:00:00,576,Karur,0.5,-16.62575
2025-11-22 03:00:00,576,Karur,8.0,-16.62575
2025-11-22 04:00:00,576,Karur,0.8333333333333334,-16.4325
2025-11-22 05:00:00,576,Karur,8.5,-16.4325
2025-11-22 06:00:00,576,Karur,1.0,-16.4325
2025-11-22 07:00:00,576,Karur,0.5,-16.4325
2025-11-22 12:00:00,576,Karur,0.5,-16.2705
2025-11-22 13:00:00,576,Karur,6.0,-16.2705
2025-11-22 14:00:00,576,Karur,0.5,-16.2705
2025-11-22 15:00:00,576,Karur,0.5,-16.2705
2025-11-22 16:00:00,576,Karur,1.5,-16.24725
2025-11-22 17:00:00,576,Karur,17.5,-16.24725
2025-11-22 18:00:00,576,Karur,2.5,-16.24725
2025-11-22 19:00:00,576,Karur,2.0,-16.24725
2025-11-22 20:00:00,576,Karur,0.5,-16.24725
2025-11-23 02:00:00,576,Karur,0.5,-16.0825
2025-11-23 07:00:00,576,Karur,0.5,-15.95375
2025-11-23 13:00:00,576,Karur,4.0,-15.86975
2025-11-23 14:00:00,576,Karur,1.0,-15.86975
2025-11-23 15:00:00,576,Karur,4.0,-15.86975
2025-11-23 16:00:00,576,Karur,0.5,-3.4506666666666668
2025-11-23 17:00:00,576,Karur,0.875,-3.4506666666666668
2025-11-23 18:00:00,576,Karur,1.5,-3.4506666666666668
2025-11-23 19:00:00,576,Karur,0.5,-3.4506666666666668
2025-11-23 20:00:00,576,Karur,0.5,-3.4506666666666668
2025-11-23 21:00:00,576,Karur,0.5,-3.4506666666666668
2025-11-23 22:00:00,576,Karur,2.25,-15.601
2025-11-23 23:00:00,576,Karur,6.75,-15.601
2025-11-24 00:00:00,576,Karur,3.5,-15.601
2025-11-24 01:00:00,576,Karur,2.6666666666666665,-15.601
2025-11-24 02:00:00,576,Karur,0.5,-15.601
2025-11-24 03:00:00,576,Karur,0.5,-15.601
2025-11-24 04:00:00,576,Karur,0.5,-15.45275
2025-11-24 05:00:00,576,Karur,1.5,-15.45275
2025-11-24 06:00:00,576,Karur,2.625,-15.45275
2025-11-24 07:00:00,576,Karur,0.5,-15.45275
2025-11-24 08:00:00,576,Karur,0.5,-15.45275
2025-11-24 09:00:00,576,Karur,0.5,-15.45275
2025-11-24 10:00:00,576,Karur,0.5,-15.78875
2025-11-24 11:00:00,576,Karur,0.5,-15.78875
2025-11-24 12:00:00,576,Karur,0.5,-15.78875
2025-11-24 13:00:00,576,Karur,0.5,-15.78875
2025-11-24 15:00:00,576,Karur,0.5,-15.78875
2025-11-24 16:00:00,576,Karur,1.0,-15.54925
2025-11-24 19:00:00,576,Karur,0.5,-15.54925
2025-11-24 21:00:00,576,Karur,1.25,-15.54925
2025-11-24 23:00:00,576,Karur,0.5,-15.3845
2025-11-25 00:00:00,576,Karur,0.5,-15.3845
2025-11-25 01:00:00,576,Karur,0.5,-15.3845
2025-11-25 03:00:00,576,Karur,0.5,-15.3845
2025-11-25 04:00:00,576,Karur,0.5,-15.2435
2025-11-25 06:00:00,576,Karur,0.5,-15.2435
2025-11-25 09:00:00,576,Karur,0.5,-15.2435
2025-11-25 11:00:00,576,Karur,0.5,-15.147
2025-11-25 13:00:00,576,Karur,0.5,-15.147
2025-11-25 14:00:00,576,Karur,0.5,-15.147
2025-11-25 16:00:00,576,Karur,0.5,-15.0545
2025-11-25 20:00:00,576,Karur,0.5,-15.0545
2025-11-26 00:00:00,576,Karur,0.5,-15.033
2025-11-26 03:00:00,576,Karur,0.5,-15.033
2025-11-26 06:00:00,576,Karur,0.5,-14.9055
2025-11-26 11:00:00,576,Karur,0.5,-14.8515
2025-11-26 14:00:00,576,Karur,1.5,-14.8515
2025-11-26 15:00:00,576,Karur,2.5,-14.8515
2025-11-26 16:00:00,576,Karur,0.75,-14.7495
2025-11-26 17:00:00,576,Karur,0.5,-14.7495
2025-11-27 01:00:00,576,Karur,0.5,-14.63925
2025-11-27 05:00:00,576,Karur,0.5,-19.117
2025-11-27 12:00:00,576,Karur,2.0,-19.213666666666665
2025-11-27 13:00:00,576,Karur,0.5,-19.213666666666665
2025-11-30 02:00:00,576,Karur,2.0,-18.155666666666665
2025-11-30 03:00:00,576,Karur,3.0,-18.155666666666665
2025-11-30 06:00:00,576,Karur,0.5,-13.661
2025-11-30 07:00:00,576,Karur,0.5,-13.661
2025-11-30 13:00:00,576,Karur,0.5,-13.60525
2025-11-30 15:00:00,576,Karur,0.5,-13.60525
2025-11-30 23:00:00,576,Karur,0.5,-13.46175
2025-12-01 02:00:00,576,Karur,0.5,-13.46175
2025-12-01 06:00:00,576,Karur,0.5,-13.31675
2025-12-01 07:00:00,576,Karur,0.5,-13.31675
2025-12-01 09:00:00,576,Karur,0.5,-13.31675
2025-12-01 11:00:00,576,Karur,0.5,-13.35325
2025-12-01 14:00:00,576,Karur,0.5,-13.35325
2025-12-01 21:00:00,576,Karur,0.5,-13.129
2025-12-02 02:00:00,576,Karur,0.5,-13.07
2025-12-02 04:00:00,576,Karur,0.5,-12.9215
2025-12-02 08:00:00,576,Karur,0.5,-12.9215
2025-12-02 11:00:00,576,Karur,0.5,-12.983
2025-12-03 02:00:00,576,Karur,0.5,-12.81375
2025-12-03 10:00:00,576,Karur,1.5,-12.615
2025-12-03 11:00:00,576,Karur,31.0,-12.615
2025-12-03 12:00:00,576,Karur,8.0,-12.615
2025-12-03 13:00:00,576,Karur,0.5,-12.615
2025-12-03 15:00:00,576,Karur,0.5,-12.615
2025-12-03 16:00:00,576,Karur,3.0,-12.51675
2025-12-03 18:00:00,576,Karur,3.0,-12.51675
2025-12-03 19:00:00,576,Karur,3.0,-12.51675
2025-12-03 20:00:00,576,Karur,2.0,-12.51675
2025-12-03 21:00:00,576,Karur,3.25,-12.51675
2025-12-03 22:00:00,576,Karur,0.5,-12.39825
2025-12-04 00:00:00,576,Karur,0.5,-12.39825
2025-12-04 05:00:00,576,Karur,0.5,-12.27725
2025-12-04 06:00:00,576,Karur,0.5,-12.27725
2025-12-04 08:00:00,576,Karur,0.5,-12.27725
2025-12-04 14:00:00,576,Karur,1.0,-12.5735
2025-12-04 15:00:00,576,Karur,2.5,-12.5735
2025-12-04 16:00:00,576,Karur,1.5,-0.77
2025-12-04 17:00:00,576,Karur,0.5,-0.77
2025-12-04 18:00:00,576,Karur,5.5,-0.77
2025-12-04 21:00:00,576,Karur,2.0,-0.77
2025-12-04 22:00:00,576,Karur,1.0,-12.398
2025-12-05 01:00:00,576,Karur,0.5,-12.398
2025-12-05 02:00:00,576,Karur,0.5,-12.398
2025-12-05 09:00:00,576,Karur,0.5,-12.24225
2025-12-05 18:00:00,576,Karur,0.5,-12.0735
2025-12-06 05:00:00,576,Karur,0.5,-11.836
2025-12-06 14:00:00,576,Karur,0.5,-12.337
2025-12-08 03:00:00,576,Karur,388.0,-11.8115
2025-12-08 04:00:00,576,Karur,916.0,-15.294
2025-12-08 05:00:00,576,Karur,191.5,-15.294
2025-12-08 09:00:00,576,Karur,44.5,-15.294
2025-12-08 10:00:00,576,Karur,0.5,-15.255666666666668
2025-12-08 16:00:00,576,Karur,0.5,-15.255666666666668
2025-12-09 09:00:00,576,Karur,0.5,-11.5575
2025-12-09 16:00:00,576,Karur,0.5,-0.8
2025-12-10 04:00:00,576,Karur,0.5,-15.259
2025-12-10 11:00:00,576,Karur,0.5,-15.038666666666666
2025-12-11 05:00:00,576,Karur,0.5,-11.4
2025-12-11 15:00:00,576,Karur,0.5,-12.1795
2025-12-11 23:00:00,576,Karur,0.5,-11.7745
2025-12-12 13:00:00,576,Karur,0.5,-11.725
2025-12-12 23:00:00,576,Karur,0.5,-11.517
2025-12-13 15:00:00,576,Karur,0.5,-12.06875
2025-12-14 06:00:00,576,Karur,0.5,-11.7375
2025-12-16 16:00:00,576,Karur,0.75,-0.76
2025-12-16 18:00:00,576,Karur,1.75,-0.76
2025-12-16 19:00:00,576,Karur,0.5,-0.76
2025-12-16 21:00:00,576,Karur,0.5,-0.76
2025-12-16 23:00:00,576,Karur,0.5,-11.51575
2025-12-17 00:00:00,576,Karur,5.0,-11.51575
2025-12-17 01:00:00,576,Karur,2.625,-11.51575
2025-12-17 02:00:00,576,Karur,1.25,-11.51575
2026-01-01 06:00:00,576,Karur,9.0,-7.579777777777776
2026-01-01 12:00:00,576,Karur,0.5,-7.476555555555556
2026-01-01 20:00:00,576,Karur,0.5,-4.437625
2026-01-10 18:00:00,576,Karur,0.5,-10.849799999999998
2026-01-11 03:00:00,576,Karur,0.5,-10.849799999999998
2026-01-11 04:00:00,576,Karur,1.25,-10.6052
2026-01-11 05:00:00,576,Karur,1.1666666666666667,-10.6052
2026-01-11 06:00:00,576,Karur,1.25,-10.6052
2026-01-11 07:00:00,576,Karur,6.8,-10.6052
2026-01-11 08:00:00,576,Karur,23.666666666666668,-10.6052
2026-01-11 09:00:00,576,Karur,0.75,-10.6052
2026-01-11 10:00:00,576,Karur,0.5,-10.6712
2026-01-11 11:00:00,576,Karur,1.0,-10.6712
2026-01-11 13:00:00,576,Karur,0.5,-10.6712
2026-01-12 14:00:00,576,Karur,1.5,-8.138375
2026-01-12 15:00:00,576,Karur,0.5,-8.138375
2026-01-12 16:00:00,576,Karur,1.5,-7.669999999999999
2026-01-12 17:00:00,576,Karur,1.75,-7.669999999999999
2026-01-12 18:00:00,576,Karur,0.75,-7.669999999999999
2026-01-12 19:00:00,576,Karur,1.0,-7.669999999999999
2026-01-12 20:00:00,576,Karur,2.5,-7.669999999999999
2026-01-12 21:00:00,576,Karur,3.125,-7.669999999999999
2026-01-12 22:00:00,576,Karur,3.5,-8.120875
2026-01-12 23:00:00,576,Karur,1.0,-8.120875
2026-01-13 00:00:00,576,Karur,0.5,-8.120875
2026-01-13 01:00:00,576,Karur,3.0,-8.120875
2026-01-13 02:00:00,576,Karur,1.0,-8.120875
2026-01-13 03:00:00,576,Karur,2.0,-8.120875
2026-01-13 06:00:00,576,Karur,0.5,-7.234222222222223
2026-01-13 09:00:00,576,Karur,0.75,-7.234222222222223
2026-01-13 10:00:00,576,Karur,0.5,-7.150555555555556
2026-01-13 11:00:00,576,Karur,1.5,-7.150555555555556
2026-01-13 13:00:00,576,Karur,0.5,-7.150555555555556
2026-01-13 15:00:00,576,Karur,0.5,-7.150555555555556
2026-01-13 19:00:00,576,Karur,0.5,-7.058222222222223
2026-01-14 00:00:00,576,Karur,0.5,-6.986666666666667
2026-01-14 06:00:00,576,Karur,0.5,-4.992857142857143
2026-01-14 07:00:00,576,Karur,0.5,-4.992857142857143
2026-01-14 09:00:00,576,Karur,1.0,-4.992857142857143
2026-01-14 11:00:00,576,Karur,0.5,-4.992857142857143
2026-01-14 12:00:00,576,Karur,0.5,-4.992857142857143
2026-01-14 13:00:00,576,Karur,0.5,-4.992857142857143
2026-01-14 14:00:00,576,Karur,0.5,-4.992857142857143
2026-01-14 19:00:00,576,Karur,0.5,-7.000555555555556
2026-01-14 23:00:00,576,Karur,0.5,-7.000555555555556
2026-01-15 13:00:00,576,Karur,0.5,-4.481625
2026-01-15 17:00:00,576,Karur,0.5,-1.02
2026-01-15 21:00:00,576,Karur,0.5,-1.02
2026-01-16 02:00:00,576,Karur,0.5,-4.4795
2026-01-16 04:00:00,576,Karur,0.5,-4.9835714285714285
2026-01-16 10:00:00,576,Karur,0.5,-4.984571428571429
2026-01-16 15:00:00,576,Karur,0.5,-4.984571428571429
2026-01-16 22:00:00,576,Karur,0.5,-7.068111111111112
2026-01-17 04:00:00,576,Karur,0.5,-6.98
2026-01-17 14:00:00,576,Karur,0.5,-6.949777777777778
2026-01-17 21:00:00,576,Karur,0.5,-13.6925
2026-01-18 14:00:00,576,Karur,0.5,-12.0615
2026-01-26 01:00:00,576,Karur,1.0,-6.969777777777777
2026-01-26 02:00:00,576,Karur,0.5,-6.969777777777777
2026-01-26 03:00:00,576,Karur,0.5,-6.969777777777777
2026-01-26 04:00:00,576,Karur,0.5,-6.906333333333333
2026-01-26 08:00:00,576,Karur,1.0,-6.906333333333333
2026-01-26 10:00:00,576,Karur,0.5,-6.964777777777778
2026-01-26 12:00:00,576,Karur,1.5,-6.964777777777778
2026-01-26 18:00:00,576,Karur,0.75,-6.955444444444445
2026-02-25 23:00:00,576,Karur,22.5,-6.384666666666667
2026-03-20 00:00:00,576,Karur,3.5,-10.201666666666668
2026-03-20 05:00:00,576,Karur,1.0,-10.113777777777775
2026-03-20 06:00:00,576,Karur,4.75,-10.113777777777775
2026-03-20 08:00:00,576,Karur,0.5,-10.113777777777775
2026-03-21 00:00:00,576,Karur,0.5,-12.057857142857143
2026-03-24 20:00:00,576,Karur,0.5,-10.888857142857145
2026-03-26 11:00:00,576,Karur,0.5,-3.16275
2021-11-13 01:00:00,577,Krishnagiri,0.5,-22.84133333333333
2021-12-30 17:00:00,577,Krishnagiri,1.0,-12.4828
2021-12-30 18:20:00,577,Krishnagiri,1.0,-12.4828
2021-12-30 18:25:00,577,Krishnagiri,3.5,-12.4828
2021-12-30 18:30:00,577,Krishnagiri,4.0,-12.4828
2021-12-30 18:35:00,577,Krishnagiri,5.0,-12.4828
2021-12-30 18:40:00,577,Krishnagiri,5.5,-12.4828
2021-12-30 18:45:00,577,Krishnagiri,5.5,-12.4828
2021-12-30 18:50:00,577,Krishnagiri,5.5,-12.4828
2021-12-30 18:55:00,577,Krishnagiri,6.0,-12.4828
2021-12-30 19:00:00,577,Krishnagiri,6.0,-12.4828
2021-12-31 00:00:00,577,Krishnagiri,2.0,-11.914599999999998
2021-12-31 14:00:00,577,Krishnagiri,0.5,-11.8318
2021-12-31 23:00:00,577,Krishnagiri,0.5,-11.438
2022-01-01 18:45:00,577,Krishnagiri,1.0,-11.296
2022-01-01 18:50:00,577,Krishnagiri,2.0,-11.296
2022-01-01 18:55:00,577,Krishnagiri,2.5,-11.296
2022-01-01 19:00:00,577,Krishnagiri,2.5,-11.296
2022-01-01 19:20:00,577,Krishnagiri,1.0,-11.296
2022-01-01 19:25:00,577,Krishnagiri,1.5,-11.296
2022-01-01 19:30:00,577,Krishnagiri,1.5,-11.296
2022-01-01 19:35:00,577,Krishnagiri,1.5,-11.296
2022-01-01 19:40:00,577,Krishnagiri,1.5,-11.296
2022-01-01 19:45:00,577,Krishnagiri,1.5,-11.296
2022-01-01 19:50:00,577,Krishnagiri,1.5,-11.296
2022-01-01 19:55:00,577,Krishnagiri,1.5,-11.296
2022-01-01 20:00:00,577,Krishnagiri,1.5,-11.296
2022-03-19 20:00:00,577,Krishnagiri,1.0,-20.33783333333333
2022-03-19 21:00:00,577,Krishnagiri,0.5,-20.33783333333333
2022-03-19 21:10:00,577,Krishnagiri,0.5,-20.01033333333333
2022-03-19 21:15:00,577,Krishnagiri,1.5,-20.01033333333333
2022-03-19 21:20:00,577,Krishnagiri,2.0,-20.01033333333333
2022-03-19 21:25:00,577,Krishnagiri,4.0,-20.01033333333333
2022-03-19 21:30:00,577,Krishnagiri,6.0,-20.01033333333333
2022-03-19 21:35:00,577,Krishnagiri,8.0,-20.01033333333333
2022-03-19 21:40:00,577,Krishnagiri,10.0,-20.01033333333333
2022-03-19 21:45:00,577,Krishnagiri,14.0,-20.01033333333333
2022-03-19 21:50:00,577,Krishnagiri,19.5,-20.01033333333333
2022-03-19 21:55:00,577,Krishnagiri,23.5,-20.01033333333333
2022-03-19 22:00:00,577,Krishnagiri,25.5,-20.01033333333333
2022-03-19 22:05:00,577,Krishnagiri,1.0,-20.01033333333333
2022-03-19 22:10:00,577,Krishnagiri,2.0,-20.01033333333333
2022-03-19 22:15:00,577,Krishnagiri,2.0,-20.01033333333333
2022-03-19 22:20:00,577,Krishnagiri,2.0,-20.01033333333333
2022-03-19 22:25:00,577,Krishnagiri,2.0,-20.01033333333333
2022-03-19 22:30:00,577,Krishnagiri,2.0,-20.01033333333333
2022-03-19 22:35:00,577,Krishnagiri,2.0,-20.01033333333333
2022-03-19 22:40:00,577,Krishnagiri,2.0,-20.01033333333333
2022-03-19 22:45:00,577,Krishnagiri,2.0,-20.01033333333333
2022-03-19 22:50:00,577,Krishnagiri,2.0,-20.01033333333333
2022-03-19 22:55:00,577,Krishnagiri,2.0,-20.01033333333333
2022-03-19 23:00:00,577,Krishnagiri,2.0,-20.01033333333333
2022-03-19 23:50:00,577,Krishnagiri,0.5,-20.01033333333333
2022-03-19 23:55:00,577,Krishnagiri,0.5,-20.01033333333333
2022-03-20 00:00:00,577,Krishnagiri,0.5,-20.01033333333333
2022-03-20 20:10:00,577,Krishnagiri,0.5,-19.752
2022-03-20 20:15:00,577,Krishnagiri,1.0,-19.752
2022-03-20 20:20:00,577,Krishnagiri,1.0,-19.752
2022-03-20 20:25:00,577,Krishnagiri,1.5,-19.752
2022-03-20 20:30:00,577,Krishnagiri,2.0,-19.752
2022-03-20 20:35:00,577,Krishnagiri,4.0,-19.752
2022-03-20 20:40:00,577,Krishnagiri,6.0,-19.752
2022-03-20 20:45:00,577,Krishnagiri,6.5,-19.752
2022-03-20 20:50:00,577,Krishnagiri,6.5,-19.752
2022-03-20 20:55:00,577,Krishnagiri,6.5,-19.752
2022-03-20 21:00:00,577,Krishnagiri,6.5,-19.752
2022-03-22 01:00:00,577,Krishnagiri,1.5,-19.4735
2022-03-22 02:00:00,577,Krishnagiri,1.25,-19.4735
2022-04-14 18:00:00,577,Krishnagiri,5.5,-22.44183333333333
2022-04-14 19:00:00,577,Krishnagiri,5.25,-22.44183333333333
2022-04-14 20:00:00,577,Krishnagiri,6.833333333333333,-22.44183333333333
2022-04-14 21:00:00,577,Krishnagiri,1.8333333333333333,-22.44183333333333
2022-04-14 22:00:00,577,Krishnagiri,0.8333333333333334,-21.541
2022-04-14 23:00:00,577,Krishnagiri,0.5,-21.541
2022-04-15 00:00:00,577,Krishnagiri,2.0,-21.541
2022-04-15 02:00:00,577,Krishnagiri,0.75,-21.541
2022-04-15 03:00:00,577,Krishnagiri,0.5,-21.541
2022-04-16 22:00:00,577,Krishnagiri,2.0,-20.3
2022-04-16 23:00:00,577,Krishnagiri,1.5,-20.3
2022-04-17 00:00:00,577,Krishnagiri,4.5,-20.3
2022-04-17 01:00:00,577,Krishnagiri,1.0,-20.3
2022-04-17 02:00:00,577,Krishnagiri,2.5,-20.3
2022-04-17 17:00:00,577,Krishnagiri,2.0,-19.885166666666667
2022-04-17 19:00:00,577,Krishnagiri,10.25,-19.885166666666667
2022-04-17 20:00:00,577,Krishnagiri,0.5,-19.885166666666667
2022-04-17 21:00:00,577,Krishnagiri,0.75,-19.885166666666667
2022-04-17 23:00:00,577,Krishnagiri,0.5,-19.76
2022-04-18 00:00:00,577,Krishnagiri,0.5,-19.76
2022-04-18 03:00:00,577,Krishnagiri,0.5,-19.76
2022-04-18 21:00:00,577,Krishnagiri,1.0,-19.826
2022-04-19 18:00:00,577,Krishnagiri,1.0,-19.2775
2022-04-30 22:00:00,577,Krishnagiri,1.0,-19.93125
2022-05-01 15:00:00,577,Krishnagiri,22.0,-14.186
2022-05-01 16:00:00,577,Krishnagiri,1.5,-9.577
2022-05-01 18:00:00,577,Krishnagiri,0.5,-9.577
2022-05-01 19:00:00,577,Krishnagiri,1.5,-9.577
2022-05-01 21:00:00,577,Krishnagiri,0.5,-9.577
2022-06-05 22:00:00,577,Krishnagiri,33.0,-12.200833333333334
2022-06-05 23:00:00,577,Krishnagiri,30.0,-12.200833333333334
2022-06-06 00:00:00,577,Krishnagiri,3.5,-12.200833333333334
2022-06-06 01:00:00,577,Krishnagiri,1.5,-12.200833333333334
2022-06-06 23:00:00,577,Krishnagiri,0.5,-11.9945
2022-06-07 00:00:00,577,Krishnagiri,1.0,-11.9945
2022-06-14 21:00:00,577,Krishnagiri,1.0,-12.010166666666665
2022-06-14 22:00:00,577,Krishnagiri,0.5,-11.858666666666666
2022-06-14 23:00:00,577,Krishnagiri,17.5,-11.858666666666666
2022-06-15 00:00:00,577,Krishnagiri,5.0,-11.858666666666666
2022-06-15 01:00:00,577,Krishnagiri,3.333333333333333,-11.858666666666666
2022-06-15 02:00:00,577,Krishnagiri,0.5,-11.858666666666666
2022-06-15 04:00:00,577,Krishnagiri,0.5,-11.636
2022-06-16 00:00:00,577,Krishnagiri,18.0,-12.6622
2022-06-16 03:00:00,577,Krishnagiri,1.5,-12.6622
2022-06-16 04:00:00,577,Krishnagiri,0.75,-12.5526
2022-06-16 05:00:00,577,Krishnagiri,0.5,-12.5526
2022-06-16 06:00:00,577,Krishnagiri,0.5,-12.5526
2022-06-16 10:00:00,577,Krishnagiri,0.5,-13.0184
2022-06-18 02:00:00,577,Krishnagiri,1.0,-12.3062
2022-06-18 03:00:00,577,Krishnagiri,20.25,-12.3062
2022-06-18 04:00:00,577,Krishnagiri,35.5,-12.1506
2022-06-18 05:00:00,577,Krishnagiri,6.25,-12.1506
2022-06-18 06:00:00,577,Krishnagiri,1.0,-12.1506
2022-06-18 19:00:00,577,Krishnagiri,0.5,-12.080000000000002
2022-06-19 00:00:00,577,Krishnagiri,3.5,-11.9552
2022-06-19 01:00:00,577,Krishnagiri,4.0,-11.9552
2022-06-19 02:00:00,577,Krishnagiri,0.5,-11.9552
2022-06-19 16:00:00,577,Krishnagiri,1.5,-11.9068
2022-06-19 18:00:00,577,Krishnagiri,4.25,-11.9068
2022-06-19 19:00:00,577,Krishnagiri,0.5,-11.9068
2022-06-19 21:00:00,577,Krishnagiri,3.5,-11.9068
2022-06-20 02:00:00,577,Krishnagiri,0.5,-11.7608
2022-06-21 16:00:00,577,Krishnagiri,2.5,-11.5654
2022-06-21 17:00:00,577,Krishnagiri,1.5,-11.5654
2022-06-30 15:00:00,577,Krishnagiri,0.5,-12.6946
2022-06-30 16:00:00,577,Krishnagiri,1.5,-13.62325
2022-07-04 23:00:00,577,Krishnagiri,0.5,-13.71825
2022-07-05 00:00:00,577,Krishnagiri,0.5,-13.71825
2022-07-05 01:00:00,577,Krishnagiri,0.5,-13.71825
2022-07-05 02:00:00,577,Krishnagiri,0.5,-13.71825
2022-07-05 03:00:00,577,Krishnagiri,0.5,-13.71825
2022-07-05 23:00:00,577,Krishnagiri,0.5,-11.6434
2022-07-06 01:00:00,577,Krishnagiri,0.5,-11.6434
2022-07-06 03:00:00,577,Krishnagiri,0.5,-11.6434
2022-07-06 10:00:00,577,Krishnagiri,0.5,-12.433
2022-07-06 11:00:00,577,Krishnagiri,1.0,-12.433
2022-07-06 12:00:00,577,Krishnagiri,0.5,-12.433
2022-07-06 17:00:00,577,Krishnagiri,8.0,-12.3432
2022-07-06 18:00:00,577,Krishnagiri,3.5,-12.3432
2022-07-06 19:00:00,577,Krishnagiri,0.5,-12.3432
2022-07-07 18:00:00,577,Krishnagiri,2.0,-11.8692
2022-07-07 19:00:00,577,Krishnagiri,0.5,-11.8692
2022-07-08 15:00:00,577,Krishnagiri,0.5,-12.116
2022-07-08 16:00:00,577,Krishnagiri,0.5,-11.8594
2022-07-09 06:00:00,577,Krishnagiri,0.5,-11.5818
2022-07-09 14:00:00,577,Krishnagiri,0.5,-12.204
2022-07-09 16:00:00,577,Krishnagiri,0.5,-11.609166666666669
2022-07-09 18:00:00,577,Krishnagiri,0.5,-11.609166666666669
2022-07-09 19:00:00,577,Krishnagiri,0.5,-11.609166666666669
2022-07-09 21:00:00,577,Krishnagiri,0.5,-11.609166666666669
2022-07-10 06:00:00,577,Krishnagiri,0.5,-11.097333333333331
2022-07-11 11:00:00,577,Krishnagiri,0.5,-12.11
2022-07-11 13:00:00,577,Krishnagiri,1.0,-12.11
2022-07-11 14:00:00,577,Krishnagiri,3.5,-12.11
2022-07-11 15:00:00,577,Krishnagiri,13.0,-12.11
2022-07-11 16:00:00,577,Krishnagiri,1.875,-11.835
2022-07-11 17:00:00,577,Krishnagiri,0.5,-11.835
2022-07-11 23:00:00,577,Krishnagiri,0.5,-11.324333333333334
2022-07-12 16:00:00,577,Krishnagiri,1.0,-11.65
2022-07-12 17:00:00,577,Krishnagiri,0.5,-11.65
2022-07-12 18:00:00,577,Krishnagiri,1.0,-11.65
2022-07-12 19:00:00,577,Krishnagiri,0.5,-11.65
2022-07-13 15:00:00,577,Krishnagiri,0.5,-12.532333333333334
2022-07-13 16:00:00,577,Krishnagiri,0.5,-13.043666666666669
2022-07-13 17:00:00,577,Krishnagiri,0.5,-13.043666666666669
2022-07-13 18:00:00,577,Krishnagiri,1.0,-13.043666666666669
2022-07-26 23:00:00,577,Krishnagiri,0.5,-11.981333333333334
2022-07-27 01:00:00,577,Krishnagiri,0.5,-11.981333333333334
2022-07-27 02:00:00,577,Krishnagiri,1.5,-11.981333333333334
2022-07-27 03:00:00,577,Krishnagiri,1.0,-11.981333333333334
2022-07-27 04:00:00,577,Krishnagiri,1.25,-11.668666666666669
2022-07-27 06:00:00,577,Krishnagiri,1.5,-11.668666666666669
2022-07-27 07:00:00,577,Krishnagiri,5.75,-11.668666666666669
2022-07-27 08:00:00,577,Krishnagiri,4.0,-11.668666666666669
2022-07-27 09:00:00,577,Krishnagiri,1.0,-11.668666666666669
2022-07-27 10:00:00,577,Krishnagiri,0.5,-12.562166666666668
2022-07-27 11:00:00,577,Krishnagiri,0.5,-12.562166666666668
2022-07-27 13:00:00,577,Krishnagiri,0.5,-12.562166666666668
2022-07-27 14:00:00,577,Krishnagiri,0.5,-12.562166666666668
2022-07-27 15:00:00,577,Krishnagiri,0.5,-12.562166666666668
2022-07-27 16:00:00,577,Krishnagiri,0.5,-12.155333333333331
2022-07-27 17:00:00,577,Krishnagiri,26.5,-12.155333333333331
2022-07-27 18:00:00,577,Krishnagiri,0.5,-12.155333333333331
2022-07-27 19:00:00,577,Krishnagiri,1.0,-12.155333333333331
2022-07-27 20:00:00,577,Krishnagiri,3.0,-12.155333333333331
2022-07-27 21:00:00,577,Krishnagiri,5.333333333333333,-12.155333333333331
2022-07-27 22:00:00,577,Krishnagiri,0.5,-11.757
2022-07-27 23:00:00,577,Krishnagiri,0.5,-11.757
2022-07-28 00:00:00,577,Krishnagiri,0.5,-11.757
2022-07-28 01:00:00,577,Krishnagiri,0.5,-11.757
2022-07-28 03:00:00,577,Krishnagiri,0.5,-11.757
2022-07-28 04:00:00,577,Krishnagiri,0.5,-11.581666666666669
2022-07-28 07:00:00,577,Krishnagiri,0.5,-11.581666666666669
2022-07-28 11:00:00,577,Krishnagiri,0.5,-11.575833333333334
2022-07-28 12:00:00,577,Krishnagiri,1.0,-11.575833333333334
2022-07-28 13:00:00,577,Krishnagiri,0.5,-11.575833333333334
2022-07-28 14:00:00,577,Krishnagiri,2.5,-11.575833333333334
2022-07-28 15:00:00,577,Krishnagiri,4.0,-11.575833333333334
2022-07-28 16:00:00,577,Krishnagiri,3.5,-11.559333333333331
2022-07-28 17:00:00,577,Krishnagiri,3.5,-11.559333333333331
2022-07-28 18:00:00,577,Krishnagiri,3.0,-11.559333333333331
2022-07-28 19:00:00,577,Krishnagiri,2.0,-11.559333333333331
2022-07-28 20:00:00,577,Krishnagiri,1.5,-11.559333333333331
2022-07-28 21:00:00,577,Krishnagiri,1.5,-11.559333333333331
2022-07-28 22:00:00,577,Krishnagiri,0.5,-11.448333333333332
2022-07-28 23:00:00,577,Krishnagiri,1.0,-11.448333333333332
2022-07-29 00:00:00,577,Krishnagiri,0.5,-11.448333333333332
2022-07-29 01:00:00,577,Krishnagiri,0.5,-11.448333333333332
2022-07-29 03:00:00,577,Krishnagiri,0.5,-11.448333333333332
2022-07-29 05:00:00,577,Krishnagiri,0.5,-11.345166666666666
2022-07-29 09:00:00,577,Krishnagiri,0.5,-11.345166666666666
2022-07-29 11:00:00,577,Krishnagiri,0.5,-12.0935
2022-07-29 12:00:00,577,Krishnagiri,0.5,-12.0935
2022-07-29 15:00:00,577,Krishnagiri,0.5,-12.0935
2022-07-29 17:00:00,577,Krishnagiri,0.5,-12.005333333333333
2022-07-29 18:00:00,577,Krishnagiri,1.0,-12.005333333333333
2022-07-29 19:00:00,577,Krishnagiri,0.5,-12.005333333333333
2022-07-29 20:00:00,577,Krishnagiri,0.5,-12.005333333333333
2022-07-29 21:00:00,577,Krishnagiri,0.5,-12.005333333333333
2022-07-29 23:00:00,577,Krishnagiri,0.5,-11.6655
2022-07-30 00:00:00,577,Krishnagiri,0.5,-11.6655
2022-07-30 01:00:00,577,Krishnagiri,7.25,-11.6655
2022-07-30 02:00:00,577,Krishnagiri,3.5,-11.6655
2022-07-30 03:00:00,577,Krishnagiri,0.5,-11.6655
2022-07-30 05:00:00,577,Krishnagiri,0.5,-11.448333333333332
2022-07-30 07:00:00,577,Krishnagiri,0.5,-11.448333333333332
2022-07-30 09:00:00,577,Krishnagiri,1.0,-11.448333333333332
2022-07-30 10:00:00,577,Krishnagiri,0.5,-12.123333333333331
2022-07-30 11:00:00,577,Krishnagiri,1.0,-12.123333333333331
2022-07-30 12:00:00,577,Krishnagiri,2.0,-12.123333333333331
2022-07-30 13:00:00,577,Krishnagiri,3.5,-12.123333333333331
2022-07-30 14:00:00,577,Krishnagiri,4.5,-12.123333333333331
2022-07-30 15:00:00,577,Krishnagiri,3.5,-12.123333333333331
2022-07-30 16:00:00,577,Krishnagiri,4.0,-12.104833333333334
2022-07-30 17:00:00,577,Krishnagiri,3.0,-12.104833333333334
2022-07-30 18:00:00,577,Krishnagiri,2.0,-12.104833333333334
2022-07-30 19:00:00,577,Krishnagiri,1.0,-12.104833333333334
2022-07-30 21:00:00,577,Krishnagiri,5.333333333333333,-12.104833333333334
2022-07-30 22:00:00,577,Krishnagiri,2.6666666666666665,-11.717
2022-07-30 23:00:00,577,Krishnagiri,0.5,-11.717
2022-07-31 01:00:00,577,Krishnagiri,3.0,-11.717
2022-07-31 02:00:00,577,Krishnagiri,1.75,-11.717
2022-07-31 03:00:00,577,Krishnagiri,1.5,-11.717
2022-07-31 04:00:00,577,Krishnagiri,3.5,-11.471833333333334
2022-07-31 05:00:00,577,Krishnagiri,0.5,-11.471833333333334
2022-07-31 10:00:00,577,Krishnagiri,1.5,-11.475333333333332
2022-07-31 11:00:00,577,Krishnagiri,2.5,-11.475333333333332
2022-07-31 12:00:00,577,Krishnagiri,3.0,-11.475333333333332
2022-07-31 13:00:00,577,Krishnagiri,0.5,-11.475333333333332
2022-07-31 14:00:00,577,Krishnagiri,2.75,-11.475333333333332
2022-07-31 17:00:00,577,Krishnagiri,4.0,-11.304166666666667
2022-07-31 18:00:00,577,Krishnagiri,5.0,-11.304166666666667
2022-07-31 19:00:00,577,Krishnagiri,1.0,-11.304166666666667
2022-08-01 00:00:00,577,Krishnagiri,0.6666666666666666,-11.162
2022-08-01 01:00:00,577,Krishnagiri,3.0,-11.162
2022-08-01 03:00:00,577,Krishnagiri,23.0,-11.162
2022-08-01 04:00:00,577,Krishnagiri,0.5,-10.944833333333332
2022-08-01 17:00:00,577,Krishnagiri,1.5,-10.87
2022-08-01 18:00:00,577,Krishnagiri,5.5,-10.87
2022-08-01 21:00:00,577,Krishnagiri,9.0,-10.87
2022-08-01 22:00:00,577,Krishnagiri,10.0,-10.662
2022-08-01 23:00:00,577,Krishnagiri,1.1666666666666667,-10.662
2022-08-02 00:00:00,577,Krishnagiri,18.5,-10.662
2022-08-02 01:00:00,577,Krishnagiri,6.833333333333333,-10.662
2022-08-02 02:00:00,577,Krishnagiri,0.5,-10.662
2022-08-02 03:00:00,577,Krishnagiri,0.5,-10.662
2022-08-02 05:00:00,577,Krishnagiri,1.0,-10.402666666666669
2022-08-02 08:00:00,577,Krishnagiri,0.5,-10.402666666666669
2022-08-02 16:00:00,577,Krishnagiri,0.5,-10.010666666666667
2022-08-02 17:00:00,577,Krishnagiri,0.5,-10.010666666666667
2022-08-02 18:00:00,577,Krishnagiri,2.0,-10.010666666666667
2022-08-02 19:00:00,577,Krishnagiri,3.0,-10.010666666666667
2022-08-02 20:00:00,577,Krishnagiri,6.75,-10.010666666666667
2022-08-02 21:00:00,577,Krishnagiri,1.0,-10.010666666666667
2022-08-02 22:00:00,577,Krishnagiri,3.1666666666666665,-10.8034
2022-08-02 23:00:00,577,Krishnagiri,0.5,-10.8034
2022-08-03 01:00:00,577,Krishnagiri,0.8333333333333334,-10.8034
2022-08-03 02:00:00,577,Krishnagiri,0.875,-10.8034
2022-08-03 03:00:00,577,Krishnagiri,0.5,-10.8034
2022-08-03 04:00:00,577,Krishnagiri,0.5,-10.6522
2022-08-03 05:00:00,577,Krishnagiri,1.0,-10.6522
2022-08-03 06:00:00,577,Krishnagiri,0.75,-10.6522
2022-08-03 07:00:00,577,Krishnagiri,2.5,-10.6522
2022-08-03 15:00:00,577,Krishnagiri,34.5,-10.616
2022-08-03 16:00:00,577,Krishnagiri,8.0,-10.5054
2022-08-03 17:00:00,577,Krishnagiri,1.8333333333333333,-10.5054
2022-08-03 18:00:00,577,Krishnagiri,1.5,-10.5054
2022-08-03 19:00:00,577,Krishnagiri,0.6666666666666666,-10.5054
2022-08-03 20:00:00,577,Krishnagiri,0.5,-10.5054
2022-08-04 04:00:00,577,Krishnagiri,0.5,-10.2146
2022-08-04 05:00:00,577,Krishnagiri,5.5,-10.2146
2022-08-04 06:00:00,577,Krishnagiri,0.5,-10.2146
2022-08-04 15:00:00,577,Krishnagiri,1.5,-10.2768
2022-08-04 16:00:00,577,Krishnagiri,0.5,-10.175
2022-08-04 17:00:00,577,Krishnagiri,0.5,-10.175
2022-08-04 18:00:00,577,Krishnagiri,0.5,-10.175
2022-08-04 19:00:00,577,Krishnagiri,0.5,-10.175
2022-08-04 22:00:00,577,Krishnagiri,0.5,-9.953399999999998
2022-08-04 23:00:00,577,Krishnagiri,0.5,-9.953399999999998
2022-08-05 00:00:00,577,Krishnagiri,1.0,-9.953399999999998
2022-08-05 01:00:00,577,Krishnagiri,1.0,-9.953399999999998
2022-08-05 05:00:00,577,Krishnagiri,0.5,-9.8134
2022-08-05 07:00:00,577,Krishnagiri,0.5,-9.8134
2022-08-05 08:00:00,577,Krishnagiri,1.0,-9.8134
2022-08-05 09:00:00,577,Krishnagiri,0.5,-9.8134
2022-08-05 10:00:00,577,Krishnagiri,3.5,-9.8712
2022-08-05 11:00:00,577,Krishnagiri,2.0,-9.8712
2022-08-05 12:00:00,577,Krishnagiri,3.5,-9.8712
2022-08-05 13:00:00,577,Krishnagiri,3.5,-9.8712
2022-08-05 14:00:00,577,Krishnagiri,1.25,-9.8712
2022-08-05 15:00:00,577,Krishnagiri,3.5,-9.8712
2022-08-05 16:00:00,577,Krishnagiri,1.5,-9.7836
2022-08-05 17:00:00,577,Krishnagiri,3.5,-9.7836
2022-08-05 20:00:00,577,Krishnagiri,0.5,-9.7836
2022-08-06 17:00:00,577,Krishnagiri,2.5,-9.599799999999998
2022-08-06 18:00:00,577,Krishnagiri,1.0,-9.599799999999998
2022-08-06 19:00:00,577,Krishnagiri,2.0,-9.599799999999998
2022-08-07 04:00:00,577,Krishnagiri,0.5,-9.4808
2022-08-07 13:00:00,577,Krishnagiri,0.5,-9.6086
2022-08-07 18:00:00,577,Krishnagiri,0.5,-9.4958
2022-08-08 01:00:00,577,Krishnagiri,0.5,-9.4196
2022-08-19 00:00:00,577,Krishnagiri,1.0,-10.684
2022-08-19 01:00:00,577,Krishnagiri,0.5,-10.684
2022-08-19 02:00:00,577,Krishnagiri,0.5,-10.684
2022-08-22 20:00:00,577,Krishnagiri,9.5,-11.8674
2022-08-22 21:00:00,577,Krishnagiri,0.75,-11.8674
2022-08-22 22:00:00,577,Krishnagiri,3.25,-10.7748
2022-08-22 23:00:00,577,Krishnagiri,1.5,-10.7748
2022-08-23 01:00:00,577,Krishnagiri,3.0,-10.7748
2022-08-23 05:00:00,577,Krishnagiri,0.5,-10.368799999999998
2022-08-23 21:00:00,577,Krishnagiri,7.25,-11.7834
2022-08-23 22:00:00,577,Krishnagiri,32.0,-11.1384
2022-08-23 23:00:00,577,Krishnagiri,0.75,-11.1384
2022-08-24 00:00:00,577,Krishnagiri,0.5,-11.1384
2022-08-24 01:00:00,577,Krishnagiri,1.0,-11.1384
2022-08-24 02:00:00,577,Krishnagiri,0.5,-11.1384
2022-08-24 03:00:00,577,Krishnagiri,0.5,-11.1384
2022-08-24 19:00:00,577,Krishnagiri,0.5,-11.6356
2022-08-24 20:00:00,577,Krishnagiri,6.5,-11.6356
2022-08-24 22:00:00,577,Krishnagiri,4.5,-10.6514
2022-08-24 23:00:00,577,Krishnagiri,2.5,-10.6514
2022-08-25 00:00:00,577,Krishnagiri,1.6666666666666667,-10.6514
2022-08-25 02:00:00,577,Krishnagiri,0.5,-10.6514
2022-08-25 06:00:00,577,Krishnagiri,0.5,-10.2612
2022-08-25 16:00:00,577,Krishnagiri,24.0,-10.3848
2022-08-25 17:00:00,577,Krishnagiri,0.5,-10.3848
2022-08-25 20:00:00,577,Krishnagiri,0.5,-10.3848
2022-08-25 22:00:00,577,Krishnagiri,0.5,-10.0418
2022-08-26 00:00:00,577,Krishnagiri,0.5,-10.0418
2022-08-26 01:00:00,577,Krishnagiri,0.5,-10.0418
2022-08-26 02:00:00,577,Krishnagiri,2.5,-10.0418
2022-08-26 03:00:00,577,Krishnagiri,28.0,-10.0418
2022-08-26 04:00:00,577,Krishnagiri,9.0,-9.8488
2022-08-26 05:00:00,577,Krishnagiri,0.5,-9.8488
2022-08-26 06:00:00,577,Krishnagiri,17.0,-9.8488
2022-08-26 19:00:00,577,Krishnagiri,0.5,-9.6652
2022-08-26 20:00:00,577,Krishnagiri,1.5,-9.6652
2022-08-26 21:00:00,577,Krishnagiri,1.625,-9.6652
2022-08-26 22:00:00,577,Krishnagiri,2.333333333333333,-9.558
2022-08-26 23:00:00,577,Krishnagiri,1.8333333333333333,-9.558
2022-08-27 00:00:00,577,Krishnagiri,1.75,-9.558
2022-08-27 01:00:00,577,Krishnagiri,4.166666666666667,-9.558
2022-08-27 02:00:00,577,Krishnagiri,2.5,-9.558
2022-08-27 03:00:00,577,Krishnagiri,1.0,-9.558
2022-08-27 04:00:00,577,Krishnagiri,0.5,-9.3884
2022-08-27 15:00:00,577,Krishnagiri,1.0,-9.6448
2022-08-27 16:00:00,577,Krishnagiri,3.0,-9.331
2022-08-27 17:00:00,577,Krishnagiri,1.0,-9.331
2022-08-27 18:00:00,577,Krishnagiri,1.3333333333333333,-9.331
2022-08-27 19:00:00,577,Krishnagiri,0.6666666666666666,-9.331
2022-08-27 20:00:00,577,Krishnagiri,0.5,-9.331
2022-08-27 21:00:00,577,Krishnagiri,0.5,-9.331
2022-08-27 22:00:00,577,Krishnagiri,10.5,-9.1608
2022-08-27 23:00:00,577,Krishnagiri,4.0,-9.1608
2022-08-28 00:00:00,577,Krishnagiri,0.5,-9.1608
2022-08-28 01:00:00,577,Krishnagiri,0.6666666666666666,-9.1608
2022-08-28 02:00:00,577,Krishnagiri,0.5,-9.1608
2022-08-28 16:00:00,577,Krishnagiri,3.0,-8.8004
2022-08-28 18:00:00,577,Krishnagiri,25.0,-8.8004
2022-08-28 19:00:00,577,Krishnagiri,0.75,-8.8004
2022-08-28 21:00:00,577,Krishnagiri,0.5,-8.8004
2022-08-28 22:00:00,577,Krishnagiri,0.75,-8.652800000000001
2022-08-28 23:00:00,577,Krishnagiri,1.5,-8.652800000000001
2022-08-29 01:00:00,577,Krishnagiri,9.75,-8.652800000000001
2022-08-29 02:00:00,577,Krishnagiri,5.75,-8.652800000000001
2022-08-29 03:00:00,577,Krishnagiri,1.25,-8.652800000000001
2022-08-29 04:00:00,577,Krishnagiri,6.833333333333333,-8.498000000000001
2022-08-29 05:00:00,577,Krishnagiri,6.875,-8.498000000000001
2022-08-29 06:00:00,577,Krishnagiri,5.0,-8.498000000000001
2022-08-29 07:00:00,577,Krishnagiri,13.666666666666666,-8.498000000000001
2022-08-29 08:00:00,577,Krishnagiri,4.5,-8.498000000000001
2022-08-29 09:00:00,577,Krishnagiri,2.0,-8.498000000000001
2022-08-29 15:00:00,577,Krishnagiri,9.5,-6.425
2022-08-29 17:00:00,577,Krishnagiri,0.5,-8.1984
2022-08-29 21:00:00,577,Krishnagiri,2.5,-8.1984
2022-08-29 23:00:00,577,Krishnagiri,21.0,-8.058200000000001
2022-08-30 00:00:00,577,Krishnagiri,14.0,-8.058200000000001
2022-08-30 01:00:00,577,Krishnagiri,10.833333333333334,-8.058200000000001
2022-08-30 02:00:00,577,Krishnagiri,13.0,-8.058200000000001
2022-08-30 03:00:00,577,Krishnagiri,4.25,-8.058200000000001
2022-08-30 05:00:00,577,Krishnagiri,0.5,-7.7976
2022-08-30 23:00:00,577,Krishnagiri,186.0,-7.445399999999999
2022-08-31 00:00:00,577,Krishnagiri,0.5,-7.445399999999999
2022-08-31 01:00:00,577,Krishnagiri,25.0,-7.445399999999999
2022-08-31 04:00:00,577,Krishnagiri,8.5,-7.312
2022-08-31 05:00:00,577,Krishnagiri,272.5,-7.312
2022-08-31 07:00:00,577,Krishnagiri,9.0,-7.312
2022-08-31 08:00:00,577,Krishnagiri,7.0,-7.312
2022-08-31 09:00:00,577,Krishnagiri,734.5,-7.312
2022-08-31 10:00:00,577,Krishnagiri,30.5,-7.3162
2022-08-31 16:00:00,577,Krishnagiri,0.5,-7.2386
2022-08-31 17:00:00,577,Krishnagiri,6.0,-7.2386
2022-08-31 18:00:00,577,Krishnagiri,1.8333333333333333,-7.2386
2022-08-31 19:00:00,577,Krishnagiri,15.25,-7.2386
2022-08-31 20:00:00,577,Krishnagiri,6.75,-7.2386
2022-08-31 21:00:00,577,Krishnagiri,22.0,-7.2386
2022-08-31 22:00:00,577,Krishnagiri,9.5,-7.126
2022-09-01 12:00:00,577,Krishnagiri,1.0,-8.499
2022-09-01 13:00:00,577,Krishnagiri,1.0,-13.743
2022-09-01 14:00:00,577,Krishnagiri,1.5,-13.743
2022-09-01 15:00:00,577,Krishnagiri,1.5,-13.743
2022-09-01 16:00:00,577,Krishnagiri,2.1666666666666665,-8.2996
2022-09-01 17:00:00,577,Krishnagiri,1.0,-8.2996
2022-09-03 21:00:00,577,Krishnagiri,14.75,-8.3858
2022-09-03 22:00:00,577,Krishnagiri,3.25,-8.0228
2022-09-04 01:00:00,577,Krishnagiri,14.5,-8.0228
2022-09-04 03:00:00,577,Krishnagiri,1.0,-8.0228
2022-09-04 04:00:00,577,Krishnagiri,0.75,-7.8942
2022-09-04 05:00:00,577,Krishnagiri,38.0,-7.8942
2022-09-04 06:00:00,577,Krishnagiri,7.5,-7.8942
2022-09-04 07:00:00,577,Krishnagiri,5.0,-7.8942
2022-09-04 08:00:00,577,Krishnagiri,3.5,-7.8942
2022-09-04 09:00:00,577,Krishnagiri,5.5,-7.8942
2022-09-04 10:00:00,577,Krishnagiri,3.5,-8.6052
2022-09-04 11:00:00,577,Krishnagiri,2.0,-8.6052
2022-09-04 12:00:00,577,Krishnagiri,2.5,-8.6052
2022-09-04 13:00:00,577,Krishnagiri,12.0,-8.6052
2022-09-04 14:00:00,577,Krishnagiri,1.5,-8.6052
2022-09-04 18:00:00,577,Krishnagiri,7.0,-8.1294
2022-09-04 19:00:00,577,Krishnagiri,6.5,-8.1294
2022-09-04 22:00:00,577,Krishnagiri,0.5,-7.973599999999999
2022-09-05 00:00:00,577,Krishnagiri,11.5,-7.973599999999999
2022-09-05 01:00:00,577,Krishnagiri,20.166666666666668,-7.973599999999999
2022-09-05 02:00:00,577,Krishnagiri,5.0,-7.973599999999999
2022-09-05 03:00:00,577,Krishnagiri,4.25,-7.973599999999999
2022-09-05 04:00:00,577,Krishnagiri,1.75,-7.8086
2022-09-05 21:00:00,577,Krishnagiri,2.0,-7.664199999999999
2022-09-05 22:00:00,577,Krishnagiri,27.75,-7.5364
2022-09-05 23:00:00,577,Krishnagiri,9.625,-7.5364
2022-09-06 00:00:00,577,Krishnagiri,7.666666666666667,-7.5364
2022-09-06 01:00:00,577,Krishnagiri,2.333333333333333,-7.5364
2022-09-06 02:00:00,577,Krishnagiri,1.75,-7.5364
2022-09-06 04:00:00,577,Krishnagiri,0.5,-7.402799999999999
2022-09-06 15:00:00,577,Krishnagiri,0.5,-7.4288
2022-09-06 20:00:00,577,Krishnagiri,8.5,-7.345999999999999
2022-09-06 21:00:00,577,Krishnagiri,2.0,-7.345999999999999
2022-09-06 22:00:00,577,Krishnagiri,0.5,-7.2782
2022-09-06 23:00:00,577,Krishnagiri,9.333333333333334,-7.2782
2022-09-07 00:00:00,577,Krishnagiri,2.0,-7.2782
2022-09-07 01:00:00,577,Krishnagiri,0.6666666666666666,-7.2782
2022-09-07 02:00:00,577,Krishnagiri,0.5,-7.2782
2022-09-07 03:00:00,577,Krishnagiri,1.5,-7.2782
2022-09-07 04:00:00,577,Krishnagiri,0.5,-7.196000000000001
2022-09-07 21:00:00,577,Krishnagiri,1.75,-7.217
2022-09-07 22:00:00,577,Krishnagiri,1.0,-7.0954
2022-09-07 23:00:00,577,Krishnagiri,1.3333333333333333,-7.0954
2022-09-08 01:00:00,577,Krishnagiri,1.0,-7.0954
2022-09-08 04:00:00,577,Krishnagiri,0.5,-7.0018
2022-09-08 05:00:00,577,Krishnagiri,0.5,-7.0018
2022-09-08 08:00:00,577,Krishnagiri,1.0,-7.0018
2022-09-09 18:00:00,577,Krishnagiri,0.5,-6.975199999999999
2022-09-09 19:00:00,577,Krishnagiri,1.0,-6.975199999999999
2022-09-09 20:00:00,577,Krishnagiri,0.75,-6.975199999999999
2022-09-10 18:00:00,577,Krishnagiri,0.5,-7.186400000000001
2022-09-14 20:00:00,577,Krishnagiri,1.5,-8.561
2022-09-25 19:00:00,577,Krishnagiri,3.5,-9.9228
2022-09-25 20:00:00,577,Krishnagiri,1.25,-9.9228
2022-09-25 21:00:00,577,Krishnagiri,1.5,-9.9228
2022-09-25 22:00:00,577,Krishnagiri,1.0,-9.4394
2022-09-26 00:00:00,577,Krishnagiri,0.5,-9.4394
2022-09-26 01:00:00,577,Krishnagiri,0.5,-9.4394
2022-09-26 03:00:00,577,Krishnagiri,0.5,-9.4394
2022-09-26 07:00:00,577,Krishnagiri,0.5,-8.8006
2022-09-29 01:00:00,577,Krishnagiri,10.5,-9.2024
2022-10-01 01:00:00,577,Krishnagiri,0.5,-8.5714
2022-10-01 07:00:00,577,Krishnagiri,0.75,-8.353200000000001
2022-10-01 19:00:00,577,Krishnagiri,0.5,-8.3742
2022-10-06 14:00:00,577,Krishnagiri,0.5,-9.4462
2022-10-06 18:00:00,577,Krishnagiri,1.5,-9.4098
2022-10-08 03:00:00,577,Krishnagiri,12.75,-9.2214
2022-10-08 04:00:00,577,Krishnagiri,6.25,-8.7586
2022-10-08 05:00:00,577,Krishnagiri,2.0,-8.7586
2022-10-08 10:00:00,577,Krishnagiri,0.5,-8.7676
2022-10-08 14:00:00,577,Krishnagiri,0.5,-8.7676
2022-10-08 20:00:00,577,Krishnagiri,2.0,-8.7804
2022-10-08 21:00:00,577,Krishnagiri,1.0,-8.7804
2022-10-08 22:00:00,577,Krishnagiri,0.5,-8.608
2022-10-09 22:00:00,577,Krishnagiri,0.5,-8.3794
2022-10-10 09:00:00,577,Krishnagiri,0.5,-8.2648
2022-10-10 13:00:00,577,Krishnagiri,0.5,-8.599
2022-10-10 16:00:00,577,Krishnagiri,0.5,-6.005333333333333
2022-10-10 19:00:00,577,Krishnagiri,0.5,-6.005333333333333
2022-10-10 22:00:00,577,Krishnagiri,0.5,-5.958333333333333
2022-10-11 00:00:00,577,Krishnagiri,0.5,-5.958333333333333
2022-10-11 04:00:00,577,Krishnagiri,20.0,-8.225
2022-10-11 05:00:00,577,Krishnagiri,7.5,-8.225
2022-10-11 06:00:00,577,Krishnagiri,0.5,-8.225
2022-10-11 09:00:00,577,Krishnagiri,0.75,-8.225
2022-10-11 12:00:00,577,Krishnagiri,0.5,-8.6732
2022-10-11 13:00:00,577,Krishnagiri,0.5,-8.6732
2022-10-11 15:00:00,577,Krishnagiri,0.5,-8.6732
2022-10-11 18:00:00,577,Krishnagiri,0.5,-9.1734
2022-10-11 21:00:00,577,Krishnagiri,0.5,-9.1734
2022-10-12 02:00:00,577,Krishnagiri,0.5,-8.7978
2022-10-12 06:00:00,577,Krishnagiri,0.5,-8.473400000000002
2022-10-12 07:00:00,577,Krishnagiri,1.0,-8.473400000000002
2022-10-12 10:00:00,577,Krishnagiri,1.0,-8.8884
2022-10-12 11:00:00,577,Krishnagiri,1.5,-8.8884
2022-10-12 12:00:00,577,Krishnagiri,1.0,-8.8884
2022-10-12 13:00:00,577,Krishnagiri,0.5,-8.8884
2022-10-12 15:00:00,577,Krishnagiri,0.5,-8.8884
2022-10-12 16:00:00,577,Krishnagiri,0.5,-9.2714
2022-10-13 00:00:00,577,Krishnagiri,16.5,-8.634
2022-10-14 07:00:00,577,Krishnagiri,0.5,-8.1244
2022-10-14 15:00:00,577,Krishnagiri,2.0,-5.468
2022-10-14 17:00:00,577,Krishnagiri,0.5,-5.468
2022-10-14 18:00:00,577,Krishnagiri,11.25,-8.4054
2022-10-14 19:00:00,577,Krishnagiri,2.0,-8.4054
2022-10-15 00:00:00,577,Krishnagiri,4.0,-8.0796
2022-10-15 01:00:00,577,Krishnagiri,16.5,-8.0796
2022-10-15 03:00:00,577,Krishnagiri,14.25,-8.0796
2022-10-15 05:00:00,577,Krishnagiri,2.75,-7.9398
2022-10-15 06:00:00,577,Krishnagiri,0.5,-7.9398
2022-10-15 17:00:00,577,Krishnagiri,0.5,-8.043000000000001
2022-10-15 18:00:00,577,Krishnagiri,0.5,-8.043000000000001
2022-10-15 19:00:00,577,Krishnagiri,0.5,-8.043000000000001
2022-10-15 22:00:00,577,Krishnagiri,19.5,-7.8382
2022-10-15 23:00:00,577,Krishnagiri,0.5,-7.8382
2022-10-16 00:00:00,577,Krishnagiri,2.0,-7.8382
2022-10-16 02:00:00,577,Krishnagiri,2.0,-7.8382
2022-10-16 03:00:00,577,Krishnagiri,3.0,-7.8382
2022-10-16 04:00:00,577,Krishnagiri,7.0,-7.6774
2022-10-16 05:00:00,577,Krishnagiri,7.0,-7.6774
2022-10-16 06:00:00,577,Krishnagiri,5.5,-7.6774
2022-10-16 08:00:00,577,Krishnagiri,4.0,-7.6774
2022-10-16 09:00:00,577,Krishnagiri,3.5,-7.6774
2022-10-16 10:00:00,577,Krishnagiri,3.5,-7.636799999999999
2022-10-16 11:00:00,577,Krishnagiri,3.5,-7.636799999999999
2022-10-16 13:00:00,577,Krishnagiri,4.0,-7.636799999999999
2022-10-16 14:00:00,577,Krishnagiri,2.0,-7.636799999999999
2022-10-16 15:00:00,577,Krishnagiri,2.0,-7.636799999999999
2022-10-16 18:00:00,577,Krishnagiri,0.5,-7.5672
2022-10-16 19:00:00,577,Krishnagiri,5.0,-7.5672
2022-10-16 21:00:00,577,Krishnagiri,1.5,-7.5672
2022-10-16 22:00:00,577,Krishnagiri,2.0,-7.4866
2022-10-17 00:00:00,577,Krishnagiri,11.5,-7.4866
2022-10-17 01:00:00,577,Krishnagiri,1.0,-7.4866
2022-10-17 02:00:00,577,Krishnagiri,5.0,-7.4866
2022-10-17 03:00:00,577,Krishnagiri,1.5,-7.4866
2022-10-17 13:00:00,577,Krishnagiri,1.5,-7.265000000000001
2022-10-17 14:00:00,577,Krishnagiri,1.0,-7.265000000000001
2022-10-17 18:00:00,577,Krishnagiri,21.5,-7.3086
2022-10-18 21:00:00,577,Krishnagiri,0.5,-7.2878
2022-10-19 01:00:00,577,Krishnagiri,0.5,-7.013800000000001
2022-10-20 00:00:00,577,Krishnagiri,7.0,-6.881
2022-10-20 14:00:00,577,Krishnagiri,4.0,-7.1426
2022-10-20 17:00:00,577,Krishnagiri,0.5,-7.1336
2022-10-20 18:00:00,577,Krishnagiri,5.25,-7.1336
2022-10-21 15:00:00,577,Krishnagiri,4.0,-7.2846
2022-10-21 16:00:00,577,Krishnagiri,0.5,-6.9834000000000005
2022-10-21 17:00:00,577,Krishnagiri,1.5,-6.9834000000000005
2022-10-21 19:00:00,577,Krishnagiri,5.5,-6.9834000000000005
2022-10-21 23:00:00,577,Krishnagiri,3.5,-6.749600000000001
2022-10-22 17:00:00,577,Krishnagiri,1.5,-7.521000000000001
2022-10-28 21:00:00,577,Krishnagiri,0.5,-8.9154
2022-10-28 22:00:00,577,Krishnagiri,4.0,-7.954599999999999
2022-10-29 12:00:00,577,Krishnagiri,6.0,-7.8342
2022-10-29 16:00:00,577,Krishnagiri,1.0,-7.855000000000001
2022-10-29 17:00:00,577,Krishnagiri,0.5,-7.855000000000001
2022-10-29 18:00:00,577,Krishnagiri,0.75,-7.855000000000001
2022-10-30 00:00:00,577,Krishnagiri,1.5,-7.577800000000001
2022-10-30 01:00:00,577,Krishnagiri,0.5,-7.577800000000001
2022-10-30 02:00:00,577,Krishnagiri,1.5,-7.577800000000001
2022-10-30 03:00:00,577,Krishnagiri,0.5,-7.577800000000001
2022-10-30 18:00:00,577,Krishnagiri,0.5,-7.47
2022-10-30 19:00:00,577,Krishnagiri,0.5,-7.47
2022-11-01 13:00:00,577,Krishnagiri,0.5,-7.9878
2022-11-01 14:00:00,577,Krishnagiri,0.5,-7.9878
2022-11-01 16:00:00,577,Krishnagiri,0.5,-7.3818
2022-11-01 17:00:00,577,Krishnagiri,0.5,-7.3818
2022-11-01 19:00:00,577,Krishnagiri,0.5,-7.3818
2022-11-01 20:00:00,577,Krishnagiri,0.5,-7.3818
2022-11-01 23:00:00,577,Krishnagiri,0.5,-7.1012
2022-11-02 02:00:00,577,Krishnagiri,0.5,-7.1012
2022-11-02 04:00:00,577,Krishnagiri,0.5,-6.9632000000000005
2022-11-02 11:00:00,577,Krishnagiri,1.25,-7.3712
2022-11-02 12:00:00,577,Krishnagiri,2.5,-7.3712
2022-11-02 13:00:00,577,Krishnagiri,0.5,-7.3712
2022-11-02 14:00:00,577,Krishnagiri,4.0,-7.3712
2022-11-02 15:00:00,577,Krishnagiri,3.1666666666666665,-7.3712
2022-11-02 16:00:00,577,Krishnagiri,0.5,-7.1392
2022-11-02 17:00:00,577,Krishnagiri,0.5,-7.1392
2022-11-02 18:00:00,577,Krishnagiri,2.5,-7.1392
2022-11-02 19:00:00,577,Krishnagiri,1.0,-7.1392
2022-11-02 23:00:00,577,Krishnagiri,0.75,-6.9536
2022-11-03 03:00:00,577,Krishnagiri,0.5,-6.9536
2022-11-03 04:00:00,577,Krishnagiri,1.0,-6.837000000000001
2022-11-03 05:00:00,577,Krishnagiri,1.5,-6.837000000000001
2022-11-03 13:00:00,577,Krishnagiri,1.0,-7.307
2022-11-03 15:00:00,577,Krishnagiri,1.5,-14.287
2022-11-03 20:00:00,577,Krishnagiri,1.0,-7.0348
2022-11-03 21:00:00,577,Krishnagiri,1.0,-7.0348
2022-11-03 22:00:00,577,Krishnagiri,9.0,-6.8904
2022-11-03 23:00:00,577,Krishnagiri,3.5,-6.8904
2022-11-04 03:00:00,577,Krishnagiri,1.0,-6.8904
2022-11-04 07:00:00,577,Krishnagiri,2.5,-6.820600000000001
2022-11-04 08:00:00,577,Krishnagiri,0.5,-6.820600000000001
2022-11-04 16:00:00,577,Krishnagiri,9.5,-6.933199999999999
2022-11-04 17:00:00,577,Krishnagiri,8.75,-6.933199999999999
2022-11-04 20:00:00,577,Krishnagiri,0.5,-6.933199999999999
2022-11-05 06:00:00,577,Krishnagiri,0.5,-6.815600000000001
2022-11-10 16:00:00,577,Krishnagiri,2.5,-8.732000000000001
2022-11-10 17:00:00,577,Krishnagiri,6.0,-8.732000000000001
2022-11-10 18:00:00,577,Krishnagiri,1.5,-8.732000000000001
2022-11-10 19:00:00,577,Krishnagiri,1.0,-8.732000000000001
2022-11-11 08:00:00,577,Krishnagiri,0.5,-7.5294
2022-11-11 10:00:00,577,Krishnagiri,1.5,-7.536199999999999
2022-11-11 11:00:00,577,Krishnagiri,0.5,-7.536199999999999
2022-11-11 12:00:00,577,Krishnagiri,1.0,-7.536199999999999
2022-11-11 13:00:00,577,Krishnagiri,1.6666666666666667,-4.43
2022-11-11 14:00:00,577,Krishnagiri,2.0,-4.43
2022-11-11 15:00:00,577,Krishnagiri,1.5,-4.43
2022-11-11 16:00:00,577,Krishnagiri,2.5,-7.4438
2022-11-11 17:00:00,577,Krishnagiri,1.0,-7.4438
2022-11-11 18:00:00,577,Krishnagiri,0.5,-7.4438
2022-11-11 19:00:00,577,Krishnagiri,0.75,-7.4438
2022-11-11 20:00:00,577,Krishnagiri,0.5,-7.4438
2022-11-11 23:00:00,577,Krishnagiri,0.5,-7.2232
2022-11-12 02:00:00,577,Krishnagiri,0.5,-7.2232
2022-11-12 03:00:00,577,Krishnagiri,3.5,-7.2232
2022-11-12 04:00:00,577,Krishnagiri,3.0,-7.1262
2022-11-12 05:00:00,577,Krishnagiri,2.625,-7.1262
2022-11-12 06:00:00,577,Krishnagiri,1.6666666666666667,-7.1262
2022-11-12 07:00:00,577,Krishnagiri,1.0,-7.1262
2022-11-12 08:00:00,577,Krishnagiri,1.0,-7.1262
2022-11-12 09:00:00,577,Krishnagiri,0.5,-7.1262
2022-11-12 10:00:00,577,Krishnagiri,0.6666666666666666,-7.161
2022-11-12 11:00:00,577,Krishnagiri,0.5,-7.161
2022-11-12 15:00:00,577,Krishnagiri,1.0,-7.161
2022-11-12 17:00:00,577,Krishnagiri,0.5,-7.2372
2022-11-12 21:00:00,577,Krishnagiri,6.0,-7.2372
2022-11-12 23:00:00,577,Krishnagiri,1.3333333333333333,-7.099000000000001
2022-11-13 00:00:00,577,Krishnagiri,4.375,-7.099000000000001
2022-11-13 01:00:00,577,Krishnagiri,1.0,-7.099000000000001
2022-11-13 02:00:00,577,Krishnagiri,1.5,-7.099000000000001
2022-11-13 03:00:00,577,Krishnagiri,0.8333333333333334,-7.099000000000001
2022-11-13 04:00:00,577,Krishnagiri,3.6666666666666665,-6.9404
2022-11-13 05:00:00,577,Krishnagiri,0.75,-6.9404
2022-11-13 12:00:00,577,Krishnagiri,0.5,-6.9148
2022-11-13 23:00:00,577,Krishnagiri,4.5,-6.7186
2022-11-14 00:00:00,577,Krishnagiri,0.5,-6.7186
2022-11-14 19:00:00,577,Krishnagiri,4.5,-7.0652
2022-11-14 20:00:00,577,Krishnagiri,4.0,-7.0652
2022-11-14 21:00:00,577,Krishnagiri,0.5,-7.0652
2022-11-14 22:00:00,577,Krishnagiri,0.5,-6.796000000000001
2022-11-22 15:05:00,577,Krishnagiri,2.0,-7.7094
2022-11-22 15:10:00,577,Krishnagiri,2.0,-7.7094
2022-11-22 15:15:00,577,Krishnagiri,3.0,-7.7094
2022-11-22 16:00:00,577,Krishnagiri,3.0,-7.7094
2022-11-23 05:00:00,577,Krishnagiri,7.0,-6.9542
2022-11-23 07:00:00,577,Krishnagiri,0.5,-6.9542
2022-11-23 12:00:00,577,Krishnagiri,3.5,-7.475399999999999
2022-11-23 12:05:00,577,Krishnagiri,1.0,-7.475399999999999
2022-11-23 12:45:00,577,Krishnagiri,2.0,-7.475399999999999
2022-11-23 13:00:00,577,Krishnagiri,1.25,-7.475399999999999
2022-11-23 15:00:00,577,Krishnagiri,0.5,-7.475399999999999
2022-11-23 16:00:00,577,Krishnagiri,1.1666666666666667,-7.702
2022-11-23 17:00:00,577,Krishnagiri,1.6666666666666667,-7.702
2022-11-23 18:00:00,577,Krishnagiri,3.5,-7.702
2022-11-23 20:00:00,577,Krishnagiri,1.0,-7.702
2022-11-23 21:00:00,577,Krishnagiri,9.25,-7.702
2022-11-23 22:00:00,577,Krishnagiri,2.5,-7.0396
2022-11-23 23:00:00,577,Krishnagiri,0.6666666666666666,-7.0396
2022-11-24 00:00:00,577,Krishnagiri,1.25,-7.0396
2022-11-24 01:00:00,577,Krishnagiri,5.25,-7.0396
2022-11-24 02:00:00,577,Krishnagiri,0.75,-7.0396
2022-11-24 03:00:00,577,Krishnagiri,0.75,-7.0396
2022-11-24 04:00:00,577,Krishnagiri,1.0,-6.8066
2022-11-24 05:00:00,577,Krishnagiri,1.3333333333333333,-6.8066
2022-11-24 06:00:00,577,Krishnagiri,0.875,-6.8066
2022-11-24 07:00:00,577,Krishnagiri,2.25,-6.8066
2022-11-24 08:00:00,577,Krishnagiri,0.8333333333333334,-6.8066
2022-11-24 09:00:00,577,Krishnagiri,2.5,-6.8066
2022-11-24 10:00:00,577,Krishnagiri,1.0,-6.9038
2022-11-24 11:00:00,577,Krishnagiri,0.5,-6.9038
2022-11-24 13:00:00,577,Krishnagiri,1.5,-6.9038
2022-11-24 14:00:00,577,Krishnagiri,2.0,-6.9038
2022-11-25 00:00:00,577,Krishnagiri,0.5,-6.784000000000001
2022-11-25 19:00:00,577,Krishnagiri,2.75,-7.320400000000001
2022-11-25 20:00:00,577,Krishnagiri,1.5,-7.320400000000001
2022-11-25 21:00:00,577,Krishnagiri,0.5,-7.320400000000001
2022-11-26 18:00:00,577,Krishnagiri,2.0,-7.3962
2022-12-04 00:00:00,577,Krishnagiri,0.5,-7.8994
2022-12-08 10:15:00,577,Krishnagiri,0.5,-8.055600000000002
2022-12-08 17:00:00,577,Krishnagiri,0.5,-8.724599999999999
2022-12-08 21:00:00,577,Krishnagiri,0.5,-8.724599999999999
2022-12-08 22:00:00,577,Krishnagiri,0.5,-7.931999999999999
2022-12-08 23:00:00,577,Krishnagiri,0.5,-7.931999999999999
2022-12-09 00:00:00,577,Krishnagiri,0.5,-7.931999999999999
2022-12-09 07:00:00,577,Krishnagiri,0.5,-7.7306
2022-12-09 08:00:00,577,Krishnagiri,0.5,-7.7306
2022-12-09 10:00:00,577,Krishnagiri,0.6666666666666666,-8.3116
2022-12-09 12:00:00,577,Krishnagiri,0.5,-8.3116
2022-12-09 14:00:00,577,Krishnagiri,0.5,-8.3116
2022-12-09 15:00:00,577,Krishnagiri,0.75,-8.3116
2022-12-09 16:00:00,577,Krishnagiri,1.125,-8.0262
2022-12-09 17:00:00,577,Krishnagiri,0.6666666666666666,-8.0262
2022-12-09 18:00:00,577,Krishnagiri,0.5,-8.0262
2022-12-09 21:00:00,577,Krishnagiri,0.5,-8.0262
2022-12-09 22:00:00,577,Krishnagiri,0.5,-7.685
2022-12-09 23:00:00,577,Krishnagiri,0.5,-7.685
2022-12-10 00:00:00,577,Krishnagiri,1.0,-7.685
2022-12-10 01:00:00,577,Krishnagiri,1.25,-7.685
2022-12-10 02:00:00,577,Krishnagiri,1.5,-7.685
2022-12-10 03:00:00,577,Krishnagiri,0.5,-7.685
2022-12-10 04:00:00,577,Krishnagiri,2.0,-7.488799999999999
2022-12-10 06:00:00,577,Krishnagiri,0.75,-7.488799999999999
2022-12-10 07:00:00,577,Krishnagiri,0.5,-7.488799999999999
2022-12-10 08:00:00,577,Krishnagiri,0.875,-7.488799999999999
2022-12-10 09:00:00,577,Krishnagiri,1.0,-7.488799999999999
2022-12-10 10:00:00,577,Krishnagiri,0.875,-7.5616
2022-12-10 11:00:00,577,Krishnagiri,0.9,-7.5616
2022-12-10 12:00:00,577,Krishnagiri,0.6666666666666666,-7.5616
2022-12-10 13:00:00,577,Krishnagiri,0.5,-7.5616
2022-12-10 14:00:00,577,Krishnagiri,1.375,-7.5616
2022-12-10 15:00:00,577,Krishnagiri,0.8,-7.5616
2022-12-10 16:00:00,577,Krishnagiri,1.1,-7.426399999999999
2022-12-10 17:00:00,577,Krishnagiri,1.25,-7.426399999999999
2022-12-10 18:00:00,577,Krishnagiri,0.75,-7.426399999999999
2022-12-10 19:00:00,577,Krishnagiri,0.6666666666666666,-7.426399999999999
2022-12-10 20:00:00,577,Krishnagiri,0.5,-7.426399999999999
2022-12-10 21:00:00,577,Krishnagiri,1.0,-7.426399999999999
2022-12-10 22:00:00,577,Krishnagiri,0.6666666666666666,-7.3458
2022-12-10 23:00:00,577,Krishnagiri,0.8333333333333334,-7.3458
2022-12-11 00:00:00,577,Krishnagiri,1.125,-7.3458
2022-12-11 01:00:00,577,Krishnagiri,0.625,-7.3458
2022-12-11 02:00:00,577,Krishnagiri,1.5,-7.3458
2022-12-11 03:00:00,577,Krishnagiri,1.1666666666666667,-7.3458
2022-12-11 04:00:00,577,Krishnagiri,0.625,-7.268600000000001
2022-12-11 05:00:00,577,Krishnagiri,0.5,-7.268600000000001
2022-12-11 06:00:00,577,Krishnagiri,0.6666666666666666,-7.268600000000001
2022-12-11 08:00:00,577,Krishnagiri,2.0,-7.268600000000001
2022-12-11 09:00:00,577,Krishnagiri,0.5,-7.268600000000001
2022-12-11 10:00:00,577,Krishnagiri,3.0,-7.580800000000001
2022-12-11 13:00:00,577,Krishnagiri,0.5,-7.580800000000001
2022-12-11 14:00:00,577,Krishnagiri,0.5,-7.580800000000001
2022-12-11 18:00:00,577,Krishnagiri,0.5,-7.319800000000001
2022-12-11 19:00:00,577,Krishnagiri,4.0,-7.319800000000001
2022-12-11 20:00:00,577,Krishnagiri,3.0,-7.319800000000001
2022-12-11 21:00:00,577,Krishnagiri,0.5,-7.319800000000001
2022-12-11 23:00:00,577,Krishnagiri,0.5,-7.2264
2022-12-12 00:00:00,577,Krishnagiri,1.5,-7.2264
2022-12-12 01:00:00,577,Krishnagiri,3.25,-7.2264
2022-12-12 02:00:00,577,Krishnagiri,1.25,-7.2264
2022-12-12 03:00:00,577,Krishnagiri,1.1666666666666667,-7.2264
2022-12-12 04:00:00,577,Krishnagiri,3.75,-7.204000000000001
2022-12-12 05:00:00,577,Krishnagiri,4.5,-7.204000000000001
2022-12-12 06:00:00,577,Krishnagiri,2.625,-7.204000000000001
2022-12-12 07:00:00,577,Krishnagiri,1.3333333333333333,-7.204000000000001
2022-12-12 08:00:00,577,Krishnagiri,1.25,-7.204000000000001
2022-12-12 16:00:00,577,Krishnagiri,23.25,-7.2944
2022-12-12 17:00:00,577,Krishnagiri,3.1666666666666665,-7.2944
2022-12-12 18:00:00,577,Krishnagiri,0.6666666666666666,-7.2944
2022-12-12 19:00:00,577,Krishnagiri,0.75,-7.2944
2022-12-12 20:00:00,577,Krishnagiri,0.5,-7.2944
2022-12-13 04:00:00,577,Krishnagiri,4.0,-6.9366
2022-12-13 05:00:00,577,Krishnagiri,6.0,-6.9366
2022-12-13 06:00:00,577,Krishnagiri,1.8333333333333333,-6.9366
2022-12-13 08:00:00,577,Krishnagiri,1.75,-6.9366
2022-12-13 09:00:00,577,Krishnagiri,2.0,-6.9366
2022-12-13 10:00:00,577,Krishnagiri,1.5,-7.0762
2022-12-13 16:00:00,577,Krishnagiri,0.5,-7.1846000000000005
2022-12-13 18:00:00,577,Krishnagiri,3.0,-7.1846000000000005
2022-12-13 19:00:00,577,Krishnagiri,1.5,-7.1846000000000005
2022-12-13 20:00:00,577,Krishnagiri,1.8333333333333333,-7.1846000000000005
2022-12-13 21:00:00,577,Krishnagiri,1.0,-7.1846000000000005
2022-12-13 22:00:00,577,Krishnagiri,2.0,-6.9032
2022-12-13 23:00:00,577,Krishnagiri,1.25,-6.9032
2022-12-14 00:00:00,577,Krishnagiri,0.5,-6.9032
2022-12-14 19:00:00,577,Krishnagiri,6.0,-6.865600000000001
2022-12-14 20:00:00,577,Krishnagiri,2.0,-6.865600000000001
2022-12-25 13:00:00,577,Krishnagiri,0.5,-7.797199999999999
2022-12-25 14:00:00,577,Krishnagiri,1.0,-7.797199999999999
2022-12-25 15:00:00,577,Krishnagiri,2.0,-7.797199999999999
2022-12-25 16:00:00,577,Krishnagiri,2.0,-7.6198
2022-12-25 17:00:00,577,Krishnagiri,1.5,-7.6198
2022-12-25 18:00:00,577,Krishnagiri,3.0,-7.6198
2022-12-25 19:00:00,577,Krishnagiri,2.1,-7.6198
2022-12-25 20:00:00,577,Krishnagiri,1.3333333333333333,-7.6198
2022-12-25 21:00:00,577,Krishnagiri,2.0,-7.6198
2022-12-25 22:00:00,577,Krishnagiri,0.5,-7.3878
2022-12-26 00:00:00,577,Krishnagiri,1.0,-7.3878
2022-12-26 01:00:00,577,Krishnagiri,0.5,-7.3878
2022-12-26 07:00:00,577,Krishnagiri,0.5,-7.319599999999999
2022-12-26 08:00:00,577,Krishnagiri,0.5,-7.319599999999999
2022-12-26 11:00:00,577,Krishnagiri,1.0,-7.206999999999999
2022-12-26 12:00:00,577,Krishnagiri,0.5,-7.206999999999999
2022-12-26 13:00:00,577,Krishnagiri,1.5,-7.206999999999999
2022-12-26 14:00:00,577,Krishnagiri,1.0,-7.206999999999999
2022-12-26 15:00:00,577,Krishnagiri,0.75,-7.206999999999999
2022-12-26 22:00:00,577,Krishnagiri,0.5,-7.141799999999999
2022-12-27 13:00:00,577,Krishnagiri,1.25,-7.189400000000001
2022-12-27 14:00:00,577,Krishnagiri,2.833333333333333,-7.189400000000001
2022-12-27 15:00:00,577,Krishnagiri,0.5,-7.189400000000001
2022-12-27 16:00:00,577,Krishnagiri,1.25,-7.244
2022-12-27 17:00:00,577,Krishnagiri,2.25,-7.244
2022-12-27 18:00:00,577,Krishnagiri,0.5,-7.244
2022-12-27 19:00:00,577,Krishnagiri,0.75,-7.244
2022-12-28 03:00:00,577,Krishnagiri,0.5,-7.1258
2023-02-03 14:00:00,577,Krishnagiri,1.0,-11.4472
2023-02-03 15:00:00,577,Krishnagiri,0.5,-11.4472
2023-03-09 11:00:00,577,Krishnagiri,1.5,-17.572
2023-03-12 11:55:00,577,Krishnagiri,1.5,-17.2788
2023-03-12 12:00:00,577,Krishnagiri,1.5,-17.2788
2023-03-16 19:00:00,577,Krishnagiri,2.5,-10.25525
2023-03-16 20:00:00,577,Krishnagiri,0.5,-10.25525
2023-03-19 02:00:00,577,Krishnagiri,1.0,-14.8888
2023-03-19 03:00:00,577,Krishnagiri,1.5,-14.8888
2023-03-19 04:00:00,577,Krishnagiri,7.5,-14.3716
2023-03-19 05:00:00,577,Krishnagiri,0.5,-14.3716
2023-03-19 07:00:00,577,Krishnagiri,0.5,-14.3716
2023-03-19 08:00:00,577,Krishnagiri,0.5,-14.3716
2023-03-19 12:00:00,577,Krishnagiri,0.5,-14.213400000000002
2023-03-20 01:00:00,577,Krishnagiri,0.5,-13.7512
2023-03-21 01:00:00,577,Krishnagiri,0.5,-13.772200000000002
2023-03-21 14:00:00,577,Krishnagiri,5.5,-14.0042
2023-03-21 15:00:00,577,Krishnagiri,9.0,-14.0042
2023-03-22 04:00:00,577,Krishnagiri,1.0,-14.442600000000002
2023-03-26 02:00:00,577,Krishnagiri,0.5,-13.4512
2023-03-27 17:00:00,577,Krishnagiri,3.0,-14.445
2023-03-29 17:45:00,577,Krishnagiri,2.0,-15.648
2023-03-29 18:00:00,577,Krishnagiri,2.0,-15.648
2023-03-29 23:00:00,577,Krishnagiri,0.5,-15.71
2023-03-30 21:00:00,577,Krishnagiri,7.25,-16.2865
2023-03-30 22:00:00,577,Krishnagiri,8.75,-15.3645
2023-03-30 23:00:00,577,Krishnagiri,3.25,-15.3645
2023-03-31 00:00:00,577,Krishnagiri,0.75,-15.3645
2023-04-02 01:00:00,577,Krishnagiri,2.0,-13.3022
2023-04-02 02:00:00,577,Krishnagiri,5.666666666666667,-13.3022
2023-04-02 03:00:00,577,Krishnagiri,0.75,-13.3022
2023-04-02 04:00:00,577,Krishnagiri,0.5,-12.8846
2023-04-02 05:00:00,577,Krishnagiri,2.0,-12.8846
2023-04-02 06:00:00,577,Krishnagiri,1.0,-12.8846
2023-04-02 12:00:00,577,Krishnagiri,0.5,-13.8166
2023-04-02 16:00:00,577,Krishnagiri,1.5,-13.8064
2023-04-03 09:00:00,577,Krishnagiri,0.5,-12.9614
2023-04-03 19:00:00,577,Krishnagiri,0.5,-14.093
2023-04-03 20:00:00,577,Krishnagiri,0.5,-14.093
2023-04-03 21:00:00,577,Krishnagiri,0.5,-14.093
2023-04-04 01:00:00,577,Krishnagiri,0.5,-13.3654
2023-04-04 02:00:00,577,Krishnagiri,1.5,-13.3654
2023-04-04 03:00:00,577,Krishnagiri,7.5,-13.3654
2023-04-04 04:00:00,577,Krishnagiri,0.5,-12.9406
2023-04-21 18:00:00,577,Krishnagiri,1.5,-19.89675
2023-04-21 21:00:00,577,Krishnagiri,0.5,-19.89675
2023-04-22 18:00:00,577,Krishnagiri,0.5,-16.023
2023-04-22 19:00:00,577,Krishnagiri,3.0,-16.023
2023-04-23 15:00:00,577,Krishnagiri,1.0,-18.811
2023-04-23 16:00:00,577,Krishnagiri,0.5,-19.34175
2023-04-23 22:00:00,577,Krishnagiri,44.0,-19.1305
2023-04-23 23:00:00,577,Krishnagiri,0.5,-19.1305
2023-04-24 00:00:00,577,Krishnagiri,4.5,-19.1305
2023-04-24 02:00:00,577,Krishnagiri,0.5,-19.1305
2023-04-27 06:00:00,577,Krishnagiri,0.5,-19.39525
2023-05-01 12:00:00,577,Krishnagiri,3.5,-20.90775
2023-05-01 17:00:00,577,Krishnagiri,2.0,-20.79475
2023-05-01 19:00:00,577,Krishnagiri,5.75,-20.79475
2023-05-01 20:00:00,577,Krishnagiri,10.833333333333334,-20.79475
2023-05-01 21:00:00,577,Krishnagiri,1.8333333333333333,-20.79475
2023-05-01 22:00:00,577,Krishnagiri,5.833333333333333,-20.3525
2023-05-01 23:00:00,577,Krishnagiri,2.5,-20.3525
2023-05-02 00:00:00,577,Krishnagiri,1.1666666666666667,-20.3525
2023-05-02 01:00:00,577,Krishnagiri,3.875,-20.3525
2023-05-02 02:00:00,577,Krishnagiri,3.75,-20.3525
2023-05-02 03:00:00,577,Krishnagiri,1.8333333333333333,-20.3525
2023-05-02 04:00:00,577,Krishnagiri,2.25,-19.66375
2023-05-02 05:00:00,577,Krishnagiri,0.5,-19.66375
2023-05-02 06:00:00,577,Krishnagiri,0.5,-19.66375
2023-05-02 10:00:00,577,Krishnagiri,0.5,-19.20025
2023-05-02 15:00:00,577,Krishnagiri,0.5,-19.20025
2023-05-03 05:00:00,577,Krishnagiri,0.5,-17.920749999999998
2023-05-03 17:00:00,577,Krishnagiri,4.0,-18.7465
2023-05-03 18:00:00,577,Krishnagiri,7.5,-18.7465
2023-05-04 01:00:00,577,Krishnagiri,7.0,-18.6045
2023-05-04 02:00:00,577,Krishnagiri,19.0,-18.6045
2023-05-04 03:00:00,577,Krishnagiri,18.0,-18.6045
2023-05-04 04:00:00,577,Krishnagiri,18.0,-17.8265
2023-05-04 05:00:00,577,Krishnagiri,1.25,-17.8265
2023-05-04 06:00:00,577,Krishnagiri,0.8333333333333334,-17.8265
2023-05-04 12:00:00,577,Krishnagiri,0.5,-17.18325
2023-05-04 19:00:00,577,Krishnagiri,1.0,-16.788
2023-05-04 20:00:00,577,Krishnagiri,0.5,-16.788
2023-05-04 21:00:00,577,Krishnagiri,0.5,-16.788
2023-05-04 22:00:00,577,Krishnagiri,1.0,-16.423000000000002
2023-05-04 23:00:00,577,Krishnagiri,4.75,-16.423000000000002
2023-05-05 00:00:00,577,Krishnagiri,1.25,-16.423000000000002
2023-05-05 02:00:00,577,Krishnagiri,0.5,-16.423000000000002
2023-05-05 03:00:00,577,Krishnagiri,0.5,-16.423000000000002
2023-05-05 14:00:00,577,Krishnagiri,0.5,-15.9595
2023-05-05 15:00:00,577,Krishnagiri,0.5,-15.9595
2023-05-05 19:00:00,577,Krishnagiri,1.5,-15.8985
2023-05-05 20:00:00,577,Krishnagiri,1.5,-15.8985
2023-05-05 21:00:00,577,Krishnagiri,0.5,-15.8985
2023-05-06 00:00:00,577,Krishnagiri,0.5,-15.512
2023-05-06 01:00:00,577,Krishnagiri,0.5,-15.512
2023-05-06 02:00:00,577,Krishnagiri,0.5,-15.512
2023-05-06 03:00:00,577,Krishnagiri,0.5,-15.512
2023-05-06 06:00:00,577,Krishnagiri,0.5,-15.20325
2023-05-06 13:00:00,577,Krishnagiri,0.5,-15.16725
2023-05-06 14:00:00,577,Krishnagiri,5.0,-15.16725
2023-05-06 15:00:00,577,Krishnagiri,1.0,-15.16725
2023-05-06 17:00:00,577,Krishnagiri,0.5,-14.87475
2023-05-06 18:00:00,577,Krishnagiri,1.0,-14.87475
2023-05-06 19:00:00,577,Krishnagiri,0.5,-14.87475
2023-05-06 20:00:00,577,Krishnagiri,3.5,-14.87475
2023-05-06 21:00:00,577,Krishnagiri,3.25,-14.87475
2023-05-06 22:00:00,577,Krishnagiri,1.625,-14.699750000000002
2023-05-06 23:00:00,577,Krishnagiri,0.5,-14.699750000000002
2023-05-07 01:00:00,577,Krishnagiri,0.5,-14.699750000000002
2023-05-07 05:00:00,577,Krishnagiri,0.5,-14.515249999999998
2023-05-07 10:00:00,577,Krishnagiri,0.5,-14.45025
2023-05-07 12:00:00,577,Krishnagiri,0.5,-14.45025
2023-05-07 14:00:00,577,Krishnagiri,0.5,-14.45025
2023-05-07 15:00:00,577,Krishnagiri,21.0,-14.45025
2023-05-07 16:00:00,577,Krishnagiri,16.5,-14.35
2023-05-07 17:00:00,577,Krishnagiri,20.75,-14.35
2023-05-07 18:00:00,577,Krishnagiri,1.0,-14.35
2023-05-07 19:00:00,577,Krishnagiri,2.75,-14.35
2023-05-07 20:00:00,577,Krishnagiri,1.75,-14.35
2023-05-07 21:00:00,577,Krishnagiri,1.5,-14.35
2023-05-07 22:00:00,577,Krishnagiri,1.0,-14.179750000000002
2023-05-07 23:00:00,577,Krishnagiri,1.25,-14.179750000000002
2023-05-08 00:00:00,577,Krishnagiri,0.75,-14.179750000000002
2023-05-08 01:00:00,577,Krishnagiri,0.5,-14.179750000000002
2023-05-08 02:00:00,577,Krishnagiri,0.5,-14.179750000000002
2023-05-08 07:00:00,577,Krishnagiri,0.5,-14.02175
2023-05-08 08:00:00,577,Krishnagiri,0.5,-14.02175
2023-05-08 11:00:00,577,Krishnagiri,0.5,-14.087500000000002
2023-05-08 13:00:00,577,Krishnagiri,1.0,-14.087500000000002
2023-05-08 14:00:00,577,Krishnagiri,1.0,-14.087500000000002
2023-05-08 15:00:00,577,Krishnagiri,0.5,-14.087500000000002
2023-05-08 16:00:00,577,Krishnagiri,14.333333333333334,-13.85725
2023-05-08 17:00:00,577,Krishnagiri,11.166666666666666,-13.85725
2023-05-08 18:00:00,577,Krishnagiri,1.75,-13.85725
2023-05-08 19:00:00,577,Krishnagiri,1.0,-13.85725
2023-05-08 20:00:00,577,Krishnagiri,1.0,-13.85725
2023-05-08 21:00:00,577,Krishnagiri,0.5,-13.85725
2023-05-08 22:00:00,577,Krishnagiri,2.0,-13.6905
2023-05-08 23:00:00,577,Krishnagiri,1.0,-13.6905
2023-05-09 00:00:00,577,Krishnagiri,1.0,-13.6905
2023-05-09 01:00:00,577,Krishnagiri,1.0,-13.6905
2023-05-09 02:00:00,577,Krishnagiri,1.0,-13.6905
2023-05-09 03:00:00,577,Krishnagiri,1.0,-13.6905
2023-05-09 04:00:00,577,Krishnagiri,1.0,-13.53875
2023-05-09 05:00:00,577,Krishnagiri,1.0,-13.53875
2023-05-09 06:00:00,577,Krishnagiri,1.0,-13.53875
2023-05-09 07:00:00,577,Krishnagiri,0.5,-13.53875
2023-05-09 08:00:00,577,Krishnagiri,0.5,-13.53875
2023-05-09 09:00:00,577,Krishnagiri,0.5,-13.53875
2023-05-09 10:00:00,577,Krishnagiri,1.0,-13.8825
2023-05-09 11:00:00,577,Krishnagiri,0.5,-13.8825
2023-05-09 12:00:00,577,Krishnagiri,2.0,-13.8825
2023-05-09 13:00:00,577,Krishnagiri,6.5,-13.8825
2023-05-09 14:00:00,577,Krishnagiri,8.0,-13.8825
2023-05-09 15:00:00,577,Krishnagiri,3.5,-13.8825
2023-05-09 16:00:00,577,Krishnagiri,2.0,-13.52225
2023-05-09 17:00:00,577,Krishnagiri,1.5,-13.52225
2023-05-09 19:00:00,577,Krishnagiri,2.0,-13.52225
2023-05-09 20:00:00,577,Krishnagiri,2.0,-13.52225
2023-05-09 21:00:00,577,Krishnagiri,1.0,-13.52225
2023-05-09 22:00:00,577,Krishnagiri,1.0,-13.29375
2023-05-09 23:00:00,577,Krishnagiri,0.5,-13.29375
2023-05-10 00:00:00,577,Krishnagiri,1.0,-13.29375
2023-05-10 01:00:00,577,Krishnagiri,3.333333333333333,-13.29375
2023-05-10 02:00:00,577,Krishnagiri,7.5,-13.29375
2023-05-10 03:00:00,577,Krishnagiri,0.5,-13.29375
2023-05-10 04:00:00,577,Krishnagiri,0.5,-13.148
2023-05-10 06:00:00,577,Krishnagiri,0.5,-13.148
2023-05-10 07:00:00,577,Krishnagiri,0.5,-13.148
2023-05-10 08:00:00,577,Krishnagiri,0.5,-13.148
2023-05-10 11:00:00,577,Krishnagiri,0.5,-13.1315
2023-05-10 18:00:00,577,Krishnagiri,0.5,-13.04175
2023-05-11 16:00:00,577,Krishnagiri,0.5,-12.7645
2023-05-13 11:00:00,577,Krishnagiri,0.5,-13.1885
2023-06-06 19:00:00,577,Krishnagiri,1.0,-12.8672
2023-06-06 21:00:00,577,Krishnagiri,0.5,-12.8672
2023-06-06 22:00:00,577,Krishnagiri,3.25,-12.1676
2023-06-06 23:00:00,577,Krishnagiri,1.25,-12.1676
2023-06-07 00:00:00,577,Krishnagiri,1.0,-12.1676
2023-06-12 15:00:00,577,Krishnagiri,0.5,-13.3576
2023-06-12 17:00:00,577,Krishnagiri,1.0,-13.4806
2023-06-12 18:00:00,577,Krishnagiri,12.5,-13.4806
2023-06-12 19:00:00,577,Krishnagiri,0.5,-13.4806
2023-06-12 20:00:00,577,Krishnagiri,0.5,-13.4806
2023-06-12 21:00:00,577,Krishnagiri,4.0,-13.4806
2023-06-12 22:00:00,577,Krishnagiri,2.0,-12.49
2023-06-12 23:00:00,577,Krishnagiri,1.5,-12.49
2023-06-13 00:00:00,577,Krishnagiri,0.75,-12.49
2023-06-13 16:00:00,577,Krishnagiri,1.0,-12.4652
2023-06-13 18:00:00,577,Krishnagiri,8.0,-12.4652
2023-06-13 19:00:00,577,Krishnagiri,2.0,-12.4652
2023-06-17 18:00:00,577,Krishnagiri,0.5,-14.2166
2023-06-17 20:00:00,577,Krishnagiri,7.5,-14.2166
2023-06-17 21:00:00,577,Krishnagiri,0.5,-14.2166
2023-06-19 23:00:00,577,Krishnagiri,0.5,-11.81
2023-06-20 00:00:00,577,Krishnagiri,1.5,-11.81
2023-06-20 01:00:00,577,Krishnagiri,6.166666666666667,-11.81
2023-06-20 02:00:00,577,Krishnagiri,1.375,-11.81
2023-06-20 03:00:00,577,Krishnagiri,1.375,-11.81
2023-06-20 04:00:00,577,Krishnagiri,1.1666666666666667,-11.3958
2023-06-20 05:00:00,577,Krishnagiri,0.6666666666666666,-11.3958
2023-06-20 06:00:00,577,Krishnagiri,0.6666666666666666,-11.3958
2023-06-20 07:00:00,577,Krishnagiri,1.5,-11.3958
2023-06-20 08:00:00,577,Krishnagiri,2.6666666666666665,-11.3958
2023-06-20 09:00:00,577,Krishnagiri,1.3333333333333333,-11.3958
2023-06-20 10:00:00,577,Krishnagiri,1.25,-11.4622
2023-06-20 11:00:00,577,Krishnagiri,1.5,-11.4622
2023-06-20 12:00:00,577,Krishnagiri,1.0,-11.4622
2023-06-20 13:00:00,577,Krishnagiri,0.5,-11.4622
2023-06-20 21:00:00,577,Krishnagiri,1.0,-11.3162
2023-06-21 03:00:00,577,Krishnagiri,0.5,-11.1082
2023-06-21 13:00:00,577,Krishnagiri,0.5,-11.1836
2023-06-21 19:00:00,577,Krishnagiri,1.5,-11.1056
2023-06-21 20:00:00,577,Krishnagiri,6.0,-11.1056
2023-06-21 23:00:00,577,Krishnagiri,10.0,-10.9006
2023-06-22 00:00:00,577,Krishnagiri,4.5,-10.9006
2023-06-22 01:00:00,577,Krishnagiri,0.5,-10.9006
2023-06-22 20:00:00,577,Krishnagiri,1.5,-11.3558
2023-06-22 21:00:00,577,Krishnagiri,6.5,-11.3558
2023-06-22 23:00:00,577,Krishnagiri,14.5,-10.9642
2023-06-23 00:00:00,577,Krishnagiri,5.5,-10.9642
2023-06-23 01:00:00,577,Krishnagiri,1.25,-10.9642
2023-06-23 07:00:00,577,Krishnagiri,0.5,-10.7396
2023-06-29 16:00:00,577,Krishnagiri,0.75,-12.897
2023-06-29 17:00:00,577,Krishnagiri,2.5,-12.897
2023-07-01 18:00:00,577,Krishnagiri,4.5,-14.2532
2023-07-01 19:00:00,577,Krishnagiri,0.5,-14.2532
2023-07-02 08:00:00,577,Krishnagiri,0.5,-13.057999999999998
2023-07-03 16:00:00,577,Krishnagiri,1.0,-13.238
2023-07-03 17:00:00,577,Krishnagiri,2.5,-13.238
2023-07-03 18:00:00,577,Krishnagiri,0.5,-13.238
2023-07-03 19:00:00,577,Krishnagiri,16.0,-13.238
2023-07-03 20:00:00,577,Krishnagiri,11.25,-13.238
2023-07-03 21:00:00,577,Krishnagiri,4.5,-13.238
2023-07-03 22:00:00,577,Krishnagiri,6.0,-15.072
2023-07-03 23:00:00,577,Krishnagiri,4.0,-15.072
2023-07-04 00:00:00,577,Krishnagiri,3.0,-15.072
2023-07-04 01:00:00,577,Krishnagiri,3.0,-15.072
2023-07-04 02:00:00,577,Krishnagiri,1.25,-15.072
2023-07-04 03:00:00,577,Krishnagiri,2.0,-15.072
2023-07-04 04:00:00,577,Krishnagiri,1.5,-11.0502
2023-07-04 05:00:00,577,Krishnagiri,1.0,-11.0502
2023-07-04 06:00:00,577,Krishnagiri,1.0,-11.0502
2023-07-04 07:00:00,577,Krishnagiri,1.0,-11.0502
2023-07-04 08:00:00,577,Krishnagiri,0.5,-11.0502
2023-07-04 09:00:00,577,Krishnagiri,0.5,-11.0502
2023-07-08 16:00:00,577,Krishnagiri,1.0,-15.84175
2023-07-09 09:00:00,577,Krishnagiri,0.5,-14.3145
2023-07-10 18:00:00,577,Krishnagiri,0.75,-15.375
2023-07-10 19:00:00,577,Krishnagiri,6.25,-15.375
2023-07-10 20:00:00,577,Krishnagiri,1.5,-15.375
2023-07-10 21:00:00,577,Krishnagiri,1.1666666666666667,-15.375
2023-07-10 22:00:00,577,Krishnagiri,1.0,-14.0515
2023-07-10 23:00:00,577,Krishnagiri,0.6666666666666666,-14.0515
2023-07-11 00:00:00,577,Krishnagiri,0.5,-14.0515
2023-07-11 01:00:00,577,Krishnagiri,0.5,-14.0515
2023-07-11 20:00:00,577,Krishnagiri,3.0,-13.8975
2023-07-11 21:00:00,577,Krishnagiri,1.5,-13.8975
2023-07-11 22:00:00,577,Krishnagiri,1.5,-10.6426
2023-07-11 23:00:00,577,Krishnagiri,1.0,-10.6426
2023-07-12 01:00:00,577,Krishnagiri,0.5,-10.6426
2023-07-12 20:00:00,577,Krishnagiri,10.0,-13.93625
2023-07-13 12:00:00,577,Krishnagiri,0.5,-14.21
2023-07-13 20:00:00,577,Krishnagiri,2.0,-14.462666666666664
2023-07-15 22:00:00,577,Krishnagiri,0.5,-11.472
2023-07-19 09:55:00,577,Krishnagiri,2.5,-15.15425
2023-07-19 10:00:00,577,Krishnagiri,2.5,-15.15425
2023-07-19 18:00:00,577,Krishnagiri,1.0,-13.5942
2023-07-19 19:00:00,577,Krishnagiri,0.5,-13.5942
2023-07-23 03:00:00,577,Krishnagiri,0.5,-15.63675
2023-07-23 06:00:00,577,Krishnagiri,0.5,-13.2138
2023-07-23 18:00:00,577,Krishnagiri,0.5,-16.457250000000002
2023-07-23 19:00:00,577,Krishnagiri,0.5,-16.457250000000002
2023-07-23 20:00:00,577,Krishnagiri,0.5,-16.457250000000002
2023-07-23 21:00:00,577,Krishnagiri,0.5,-16.457250000000002
2023-07-23 22:00:00,577,Krishnagiri,0.875,-13.7612
2023-07-23 23:00:00,577,Krishnagiri,0.5,-13.7612
2023-07-24 01:00:00,577,Krishnagiri,0.5,-13.7612
2023-07-24 02:00:00,577,Krishnagiri,0.5,-13.7612
2023-07-24 03:00:00,577,Krishnagiri,0.5,-13.7612
2023-07-24 05:00:00,577,Krishnagiri,0.5,-14.646
2023-07-24 06:00:00,577,Krishnagiri,0.5,-14.646
2023-07-24 14:00:00,577,Krishnagiri,0.5,-11.9028
2023-07-24 16:00:00,577,Krishnagiri,1.6666666666666667,-14.30675
2023-07-24 17:00:00,577,Krishnagiri,0.5,-14.30675
2023-07-24 18:00:00,577,Krishnagiri,1.0,-14.30675
2023-07-24 19:00:00,577,Krishnagiri,1.125,-14.30675
2023-07-24 20:00:00,577,Krishnagiri,0.5,-14.30675
2023-07-24 21:00:00,577,Krishnagiri,0.625,-14.30675
2023-07-24 22:00:00,577,Krishnagiri,0.5,-12.474799999999998
2023-07-24 23:00:00,577,Krishnagiri,0.75,-12.474799999999998
2023-07-25 01:00:00,577,Krishnagiri,0.5,-12.474799999999998
2023-07-25 02:00:00,577,Krishnagiri,0.5,-12.474799999999998
2023-07-25 04:00:00,577,Krishnagiri,0.5,-11.19
2023-07-25 10:00:00,577,Krishnagiri,0.5,-10.5702
2023-07-25 16:00:00,577,Krishnagiri,0.5,-13.51425
2023-07-25 17:00:00,577,Krishnagiri,0.5,-13.51425
2023-07-25 19:00:00,577,Krishnagiri,1.0,-13.51425
2023-07-25 20:00:00,577,Krishnagiri,0.6666666666666666,-13.51425
2023-07-25 21:00:00,577,Krishnagiri,0.6666666666666666,-13.51425
2023-07-25 22:00:00,577,Krishnagiri,1.1666666666666667,-11.9968
2023-07-25 23:00:00,577,Krishnagiri,0.8333333333333334,-11.9968
2023-07-26 00:00:00,577,Krishnagiri,1.5,-11.9968
2023-07-26 01:00:00,577,Krishnagiri,0.5,-11.9968
2023-07-26 02:00:00,577,Krishnagiri,0.5,-11.9968
2023-07-26 05:00:00,577,Krishnagiri,0.5,-11.2016
2023-07-26 07:00:00,577,Krishnagiri,0.5,-11.2016
2023-07-26 12:00:00,577,Krishnagiri,0.5,-9.4284
2023-07-26 18:00:00,577,Krishnagiri,0.5,-13.41375
2023-07-26 19:00:00,577,Krishnagiri,0.75,-13.41375
2023-07-27 05:00:00,577,Krishnagiri,0.5,-12.899
2023-07-28 19:00:00,577,Krishnagiri,0.5,-12.8612
2023-07-30 11:00:00,577,Krishnagiri,0.5,-13.975
2023-08-09 16:00:00,577,Krishnagiri,0.5,-18.01175
2023-08-09 20:00:00,577,Krishnagiri,4.0,-18.01175
2023-08-09 21:00:00,577,Krishnagiri,10.0,-18.01175
2023-08-09 22:00:00,577,Krishnagiri,3.0,-17.532
2023-08-09 23:00:00,577,Krishnagiri,1.0,-17.532
2023-08-10 00:00:00,577,Krishnagiri,0.5,-17.532
2023-08-10 01:00:00,577,Krishnagiri,0.5,-17.532
2023-08-10 03:00:00,577,Krishnagiri,0.5,-17.532
2023-08-10 06:00:00,577,Krishnagiri,0.5,-16.714
2023-08-10 12:00:00,577,Krishnagiri,0.5,-17.1625
2023-08-10 17:00:00,577,Krishnagiri,12.5,-17.9305
2023-08-10 18:00:00,577,Krishnagiri,1.0,-17.9305
2023-08-10 21:00:00,577,Krishnagiri,5.5,-17.9305
2023-08-10 22:00:00,577,Krishnagiri,0.5,-14.2148
2023-08-11 14:00:00,577,Krishnagiri,1.0,-14.4526
2023-08-12 06:00:00,577,Krishnagiri,0.5,-17.1655
2023-08-13 07:00:00,577,Krishnagiri,0.5,-13.875
2023-08-13 23:00:00,577,Krishnagiri,0.5,-15.3666
2023-08-14 00:00:00,577,Krishnagiri,0.5,-15.3666
2023-08-15 00:00:00,577,Krishnagiri,0.5,-18.242
2023-08-18 08:00:00,577,Krishnagiri,0.5,-18.31
2023-08-21 00:00:00,577,Krishnagiri,0.5,-16.747
2023-08-23 13:00:00,577,Krishnagiri,0.5,-19.0025
2023-08-26 20:00:00,577,Krishnagiri,1.0,-21.12325
2023-08-27 00:00:00,577,Krishnagiri,5.0,-16.4528
2023-08-27 01:00:00,577,Krishnagiri,13.0,-16.4528
2023-08-27 02:00:00,577,Krishnagiri,17.0,-16.4528
2023-08-27 03:00:00,577,Krishnagiri,0.5,-16.4528
2023-08-27 15:00:00,577,Krishnagiri,8.5,-19.87275
2023-08-27 16:00:00,577,Krishnagiri,1.5,-19.50775
2023-08-27 17:00:00,577,Krishnagiri,5.0,-19.50775
2023-08-27 18:00:00,577,Krishnagiri,0.5,-19.50775
2023-08-27 20:00:00,577,Krishnagiri,0.5,-19.50775
2023-08-27 22:00:00,577,Krishnagiri,1.5,-15.0406
2023-08-27 23:00:00,577,Krishnagiri,6.5,-15.0406
2023-08-28 00:00:00,577,Krishnagiri,1.0,-15.0406
2023-08-29 22:00:00,577,Krishnagiri,2.0,-13.7192
2023-08-29 23:00:00,577,Krishnagiri,21.0,-13.7192
2023-08-30 00:00:00,577,Krishnagiri,5.5,-13.7192
2023-08-30 01:00:00,577,Krishnagiri,0.5,-13.7192
2023-08-30 07:00:00,577,Krishnagiri,0.5,-18.1685
2023-08-30 20:00:00,577,Krishnagiri,0.5,-18.583
2023-08-30 21:00:00,577,Krishnagiri,0.5,-18.583
2023-08-30 22:00:00,577,Krishnagiri,5.5,-14.9364
2023-08-30 23:00:00,577,Krishnagiri,17.5,-14.9364
2023-08-31 00:00:00,577,Krishnagiri,8.0,-14.9364
2023-08-31 01:00:00,577,Krishnagiri,1.8333333333333333,-14.9364
2023-08-31 02:00:00,577,Krishnagiri,1.0,-14.9364
2023-08-31 14:00:00,577,Krishnagiri,1.5,-18.335
2023-08-31 15:00:00,577,Krishnagiri,0.75,-18.335
2023-08-31 16:00:00,577,Krishnagiri,2.25,-18.14775
2023-09-01 00:00:00,577,Krishnagiri,0.5,-13.2404
2023-09-01 01:00:00,577,Krishnagiri,8.875,-13.2404
2023-09-01 02:00:00,577,Krishnagiri,4.333333333333333,-13.2404
2023-09-01 03:00:00,577,Krishnagiri,1.25,-13.2404
2023-09-01 04:00:00,577,Krishnagiri,0.5,-16.645
2023-09-01 08:00:00,577,Krishnagiri,0.5,-16.645
2023-09-01 09:00:00,577,Krishnagiri,0.5,-16.645
2023-09-01 10:00:00,577,Krishnagiri,0.5,-16.53325
2023-09-01 11:00:00,577,Krishnagiri,0.5,-16.53325
2023-09-01 13:00:00,577,Krishnagiri,0.5,-16.53325
2023-09-01 14:00:00,577,Krishnagiri,0.5,-16.53325
2023-09-01 15:00:00,577,Krishnagiri,0.5,-16.53325
2023-09-01 17:00:00,577,Krishnagiri,7.0,-16.205
2023-09-01 18:00:00,577,Krishnagiri,27.5,-16.205
2023-09-01 19:00:00,577,Krishnagiri,0.5,-16.205
2023-09-01 20:00:00,577,Krishnagiri,0.5,-16.205
2023-09-01 21:00:00,577,Krishnagiri,0.5,-16.205
2023-09-01 22:00:00,577,Krishnagiri,0.5,-11.8622
2023-09-02 01:00:00,577,Krishnagiri,6.0,-11.8622
2023-09-02 02:00:00,577,Krishnagiri,1.0,-11.8622
2023-09-02 05:00:00,577,Krishnagiri,1.5,-10.095
2023-09-02 06:00:00,577,Krishnagiri,0.5,-10.095
2023-09-02 11:00:00,577,Krishnagiri,0.5,-10.1565
2023-09-02 12:00:00,577,Krishnagiri,0.5,-10.1565
2023-09-02 13:00:00,577,Krishnagiri,0.5,-10.1565
2023-09-02 14:00:00,577,Krishnagiri,0.5,-10.1565
2023-09-02 15:00:00,577,Krishnagiri,0.5,-10.1565
2023-09-02 16:00:00,577,Krishnagiri,1.75,-15.34375
2023-09-02 17:00:00,577,Krishnagiri,9.25,-15.34375
2023-09-02 19:00:00,577,Krishnagiri,0.5,-15.34375
2023-09-02 20:00:00,577,Krishnagiri,62.5,-15.34375
2023-09-02 21:00:00,577,Krishnagiri,1.5,-15.34375
2023-09-02 22:00:00,577,Krishnagiri,0.5,-12.887
2023-09-03 01:00:00,577,Krishnagiri,0.5,-12.887
2023-09-03 03:00:00,577,Krishnagiri,0.5,-12.887
2023-09-03 05:00:00,577,Krishnagiri,0.5,-14.7075
2023-09-03 07:00:00,577,Krishnagiri,0.5,-14.7075
2023-09-03 08:00:00,577,Krishnagiri,0.5,-14.7075
2023-09-03 10:00:00,577,Krishnagiri,0.5,-15.0925
2023-09-03 12:00:00,577,Krishnagiri,0.5,-15.0925
2023-09-03 16:00:00,577,Krishnagiri,0.5,-15.7105
2023-09-04 07:00:00,577,Krishnagiri,0.5,-15.0305
2023-09-04 18:00:00,577,Krishnagiri,0.5,-13.0912
2023-09-05 02:00:00,577,Krishnagiri,0.5,-13.134800000000002
2023-09-05 06:00:00,577,Krishnagiri,0.5,-14.94175
2023-09-05 08:00:00,577,Krishnagiri,0.5,-14.94175
2023-09-05 11:00:00,577,Krishnagiri,0.5,-11.633
2023-09-05 15:00:00,577,Krishnagiri,0.5,-11.633
2023-09-05 19:00:00,577,Krishnagiri,1.5,-13.9014
2023-09-05 20:00:00,577,Krishnagiri,10.0,-13.9014
2023-09-05 21:00:00,577,Krishnagiri,8.125,-13.9014
2023-09-05 22:00:00,577,Krishnagiri,5.375,-13.4678
2023-09-05 23:00:00,577,Krishnagiri,1.375,-13.4678
2023-09-06 00:00:00,577,Krishnagiri,0.5,-13.4678
2023-09-06 01:00:00,577,Krishnagiri,0.5,-13.4678
2023-09-06 14:00:00,577,Krishnagiri,0.5,-12.6268
2023-09-07 17:00:00,577,Krishnagiri,0.5,-12.6814
2023-09-07 18:00:00,577,Krishnagiri,6.5,-12.6814
2023-09-08 15:00:00,577,Krishnagiri,0.5,-12.6094
2023-09-08 17:00:00,577,Krishnagiri,0.5,-13.3066
2023-09-08 22:00:00,577,Krishnagiri,0.5,-12.698
2023-09-09 10:00:00,577,Krishnagiri,0.5,-13.775200000000002
2023-09-09 16:00:00,577,Krishnagiri,0.5,-14.4494
2023-09-09 22:00:00,577,Krishnagiri,0.5,-12.9672
2023-09-10 05:00:00,577,Krishnagiri,0.5,-12.927
2023-09-10 16:00:00,577,Krishnagiri,0.5,-14.2788
2023-09-11 00:00:00,577,Krishnagiri,0.5,-13.5484
2023-09-11 15:00:00,577,Krishnagiri,0.5,-14.191999999999998
2023-09-11 16:00:00,577,Krishnagiri,1.0,-15.006200000000002
2023-09-11 17:00:00,577,Krishnagiri,16.5,-15.006200000000002
2023-09-11 18:00:00,577,Krishnagiri,6.666666666666667,-15.006200000000002
2023-09-11 19:00:00,577,Krishnagiri,5.333333333333333,-15.006200000000002
2023-09-11 20:00:00,577,Krishnagiri,1.5,-15.006200000000002
2023-09-11 21:00:00,577,Krishnagiri,1.0,-15.006200000000002
2023-09-12 19:00:00,577,Krishnagiri,10.75,-14.2076
2023-09-12 20:00:00,577,Krishnagiri,0.5,-14.2076
2023-09-12 21:00:00,577,Krishnagiri,0.5,-14.2076
2023-09-12 22:00:00,577,Krishnagiri,0.5,-14.1418
2023-09-13 20:00:00,577,Krishnagiri,1.0,-15.123
2023-09-13 21:00:00,577,Krishnagiri,0.5,-15.123
2023-09-13 22:00:00,577,Krishnagiri,0.5,-14.3096
2023-09-14 21:00:00,577,Krishnagiri,0.5,-13.7672
2023-09-16 02:00:00,577,Krishnagiri,0.5,-12.644
2023-09-16 10:00:00,577,Krishnagiri,0.5,-14.2668
2023-09-17 02:00:00,577,Krishnagiri,0.5,-14.1484
2023-09-17 12:00:00,577,Krishnagiri,0.5,-14.0042
2023-09-17 20:00:00,577,Krishnagiri,0.5,-14.347
2023-09-17 21:00:00,577,Krishnagiri,6.0,-14.347
2023-09-17 22:00:00,577,Krishnagiri,2.0,-13.745
2023-09-17 23:00:00,577,Krishnagiri,1.5,-13.745
2023-09-18 00:00:00,577,Krishnagiri,4.0,-13.745
2023-09-18 01:00:00,577,Krishnagiri,1.5,-13.745
2023-09-18 02:00:00,577,Krishnagiri,0.75,-13.745
2023-09-18 15:00:00,577,Krishnagiri,0.5,-11.9942
2023-09-18 19:00:00,577,Krishnagiri,8.5,-13.235
2023-09-18 20:00:00,577,Krishnagiri,2.6666666666666665,-13.235
2023-09-18 22:00:00,577,Krishnagiri,0.5,-13.025200000000002
2023-09-18 23:00:00,577,Krishnagiri,0.5,-13.025200000000002
2023-09-19 00:00:00,577,Krishnagiri,0.75,-13.025200000000002
2023-09-19 01:00:00,577,Krishnagiri,0.75,-13.025200000000002
2023-09-19 15:00:00,577,Krishnagiri,0.5,-12.5122
2023-09-20 04:00:00,577,Krishnagiri,0.5,-11.6888
2023-09-20 09:00:00,577,Krishnagiri,0.5,-11.6888
2023-09-20 12:00:00,577,Krishnagiri,0.5,-13.778
2023-09-20 16:00:00,577,Krishnagiri,0.5,-13.7326
2023-09-20 19:00:00,577,Krishnagiri,0.5,-13.7326
2023-09-21 01:00:00,577,Krishnagiri,0.5,-13.1504
2023-09-21 11:00:00,577,Krishnagiri,0.5,-11.0426
2023-09-21 12:00:00,577,Krishnagiri,0.5,-11.0426
2023-09-21 13:00:00,577,Krishnagiri,0.5,-11.0426
2023-09-21 15:00:00,577,Krishnagiri,1.5,-11.0426
2023-09-21 16:00:00,577,Krishnagiri,0.5,-13.5474
2023-09-21 20:00:00,577,Krishnagiri,0.5,-13.5474
2023-09-21 21:00:00,577,Krishnagiri,0.5,-13.5474
2023-09-22 00:00:00,577,Krishnagiri,39.0,-13.051600000000002
2023-09-22 01:00:00,577,Krishnagiri,12.166666666666666,-13.051600000000002
2023-09-22 02:00:00,577,Krishnagiri,14.0,-13.051600000000002
2023-09-22 03:00:00,577,Krishnagiri,1.25,-13.051600000000002
2023-09-22 04:00:00,577,Krishnagiri,1.25,-12.7914
2023-09-22 05:00:00,577,Krishnagiri,0.5,-12.7914
2023-09-22 09:00:00,577,Krishnagiri,0.5,-12.7914
2023-09-22 13:00:00,577,Krishnagiri,0.5,-12.6008
2023-09-22 16:00:00,577,Krishnagiri,0.5,-12.9522
2023-09-22 17:00:00,577,Krishnagiri,0.5,-12.9522
2023-09-23 04:00:00,577,Krishnagiri,0.5,-12.5316
2023-09-23 05:00:00,577,Krishnagiri,2.0,-12.5316
2023-09-23 08:00:00,577,Krishnagiri,0.5,-12.5316
2023-09-23 12:00:00,577,Krishnagiri,0.5,-12.7698
2023-09-23 14:00:00,577,Krishnagiri,0.5,-12.7698
2023-09-23 17:00:00,577,Krishnagiri,0.5,-12.7278
2023-09-23 21:00:00,577,Krishnagiri,0.5,-12.7278
2023-09-24 00:00:00,577,Krishnagiri,14.0,-12.4328
2023-09-24 01:00:00,577,Krishnagiri,0.5,-12.4328
2023-09-24 02:00:00,577,Krishnagiri,1.1666666666666667,-12.4328
2023-09-24 03:00:00,577,Krishnagiri,1.3333333333333333,-12.4328
2023-09-24 04:00:00,577,Krishnagiri,0.5,-12.324
2023-09-24 05:00:00,577,Krishnagiri,0.5,-12.324
2023-09-24 09:00:00,577,Krishnagiri,0.5,-12.324
2023-09-24 11:00:00,577,Krishnagiri,0.5,-12.4144
2023-09-24 14:00:00,577,Krishnagiri,0.5,-12.4144
2023-09-24 16:00:00,577,Krishnagiri,5.0,-12.3716
2023-09-24 20:00:00,577,Krishnagiri,0.5,-12.3716
2023-09-25 00:00:00,577,Krishnagiri,0.5,-12.1946
2023-09-25 01:00:00,577,Krishnagiri,1.8333333333333333,-12.1946
2023-09-25 02:00:00,577,Krishnagiri,1.5,-12.1946
2023-09-25 03:00:00,577,Krishnagiri,0.8333333333333334,-12.1946
2023-09-25 04:00:00,577,Krishnagiri,0.5,-12.0478
2023-09-25 08:00:00,577,Krishnagiri,0.5,-12.0478
2023-09-25 10:00:00,577,Krishnagiri,0.5,-12.2878
2023-09-25 12:00:00,577,Krishnagiri,0.5,-12.2878
2023-09-25 13:00:00,577,Krishnagiri,0.5,-12.2878
2023-09-25 16:00:00,577,Krishnagiri,0.5,-12.0504
2023-09-25 18:00:00,577,Krishnagiri,0.5,-12.0504
2023-09-25 20:00:00,577,Krishnagiri,2.0,-12.0504
2023-09-25 23:00:00,577,Krishnagiri,0.5,-11.9086
2023-09-26 03:00:00,577,Krishnagiri,0.5,-11.9086
2023-09-26 06:00:00,577,Krishnagiri,0.5,-11.8186
2023-09-26 09:00:00,577,Krishnagiri,0.5,-11.8186
2023-09-26 11:00:00,577,Krishnagiri,0.5,-12.1062
2023-09-26 15:00:00,577,Krishnagiri,0.5,-12.1062
2023-09-26 16:00:00,577,Krishnagiri,1.0,-12.2014
2023-09-26 17:00:00,577,Krishnagiri,0.5,-12.2014
2023-09-26 21:00:00,577,Krishnagiri,0.5,-12.2014
2023-09-26 22:00:00,577,Krishnagiri,11.5,-11.5788
2023-09-26 23:00:00,577,Krishnagiri,0.5,-11.5788
2023-09-27 06:00:00,577,Krishnagiri,0.5,-11.753
2023-09-27 09:00:00,577,Krishnagiri,0.5,-11.753
2023-09-27 11:00:00,577,Krishnagiri,1.0,-11.7678
2023-09-27 13:00:00,577,Krishnagiri,0.5,-11.7678
2023-09-27 17:00:00,577,Krishnagiri,0.5,-11.2826
2023-09-27 18:00:00,577,Krishnagiri,0.5,-11.2826
2023-09-27 19:00:00,577,Krishnagiri,1.0,-11.2826
2023-09-28 04:00:00,577,Krishnagiri,1.0,-11.3398
2023-09-28 05:00:00,577,Krishnagiri,0.5,-11.3398
2023-09-28 10:00:00,577,Krishnagiri,0.5,-11.5548
2023-09-28 11:00:00,577,Krishnagiri,0.5,-11.5548
2023-09-28 12:00:00,577,Krishnagiri,0.5,-11.5548
2023-09-28 15:00:00,577,Krishnagiri,0.5,-11.5548
2023-09-28 18:00:00,577,Krishnagiri,0.5,-11.6574
2023-09-28 19:00:00,577,Krishnagiri,2.0,-11.6574
2023-09-28 20:00:00,577,Krishnagiri,1.25,-11.6574
2023-09-28 21:00:00,577,Krishnagiri,0.5,-11.6574
2023-09-29 09:00:00,577,Krishnagiri,0.5,-10.7832
2023-09-29 14:00:00,577,Krishnagiri,0.5,-12.201
2023-09-29 17:00:00,577,Krishnagiri,0.5,-14.7795
2023-09-29 23:00:00,577,Krishnagiri,0.5,-11.6018
2023-09-30 02:00:00,577,Krishnagiri,1.5,-11.6018
2023-09-30 12:00:00,577,Krishnagiri,0.5,-12.2334
2023-09-30 13:00:00,577,Krishnagiri,0.5,-12.2334
2023-09-30 14:00:00,577,Krishnagiri,2.0,-12.2334
2023-09-30 15:00:00,577,Krishnagiri,0.5,-12.2334
2023-09-30 16:00:00,577,Krishnagiri,6.0,-12.5714
2023-09-30 17:00:00,577,Krishnagiri,2.0,-12.5714
2023-09-30 19:00:00,577,Krishnagiri,5.0,-12.5714
2023-10-01 04:00:00,577,Krishnagiri,0.5,-10.2836
2023-10-01 15:00:00,577,Krishnagiri,0.5,-11.6896
2023-10-01 16:00:00,577,Krishnagiri,2.6666666666666665,-10.762
2023-10-01 19:00:00,577,Krishnagiri,0.5,-10.762
2023-10-02 15:00:00,577,Krishnagiri,1.0,-13.5738
2023-10-02 17:00:00,577,Krishnagiri,1.0,-13.1876
2023-10-02 18:00:00,577,Krishnagiri,0.5,-13.1876
2023-10-04 13:00:00,577,Krishnagiri,0.5,-14.2426
2023-10-05 08:00:00,577,Krishnagiri,0.5,-12.2624
2023-10-05 19:00:00,577,Krishnagiri,1.5,-17.131
2023-10-05 21:00:00,577,Krishnagiri,0.5,-17.131
2023-10-05 23:00:00,577,Krishnagiri,2.0,-10.9494
2023-10-06 01:00:00,577,Krishnagiri,2.0,-10.9494
2023-10-06 02:00:00,577,Krishnagiri,2.0,-10.9494
2023-10-06 03:00:00,577,Krishnagiri,1.0,-10.9494
2023-10-06 19:00:00,577,Krishnagiri,0.75,-11.6832
2023-10-06 20:00:00,577,Krishnagiri,1.5,-11.6832
2023-10-06 22:00:00,577,Krishnagiri,1.0,-14.34325
2023-10-06 23:00:00,577,Krishnagiri,0.5,-14.34325
2023-10-07 13:00:00,577,Krishnagiri,0.5,-11.828
2023-10-07 19:00:00,577,Krishnagiri,2.5,-11.2102
2023-10-07 20:00:00,577,Krishnagiri,0.5,-11.2102
2023-10-07 23:00:00,577,Krishnagiri,0.5,-12.4696
2023-10-08 00:00:00,577,Krishnagiri,0.5,-12.4696
2023-10-08 17:00:00,577,Krishnagiri,1.5,-13.8945
2023-10-08 18:00:00,577,Krishnagiri,1.0,-13.8945
2023-10-09 07:00:00,577,Krishnagiri,0.5,-11.405600000000002
2023-10-09 13:00:00,577,Krishnagiri,0.5,-12.7208
2023-10-09 17:00:00,577,Krishnagiri,24.5,-10.7006
2023-10-09 18:00:00,577,Krishnagiri,17.0,-10.7006
2023-10-09 19:00:00,577,Krishnagiri,10.5,-10.7006
2023-10-09 20:00:00,577,Krishnagiri,8.333333333333334,-10.7006
2023-10-09 22:00:00,577,Krishnagiri,1.0,-11.7612
2023-10-09 23:00:00,577,Krishnagiri,1.5,-11.7612
2023-10-10 00:00:00,577,Krishnagiri,2.75,-11.7612
2023-10-10 18:00:00,577,Krishnagiri,4.75,-11.9802
2023-10-10 19:00:00,577,Krishnagiri,10.0,-11.9802
2023-10-10 21:00:00,577,Krishnagiri,10.5,-11.9802
2023-10-10 22:00:00,577,Krishnagiri,2.5,-11.542
2023-10-10 23:00:00,577,Krishnagiri,0.5,-11.542
2023-10-11 00:00:00,577,Krishnagiri,1.5,-11.542
2023-10-11 01:00:00,577,Krishnagiri,1.0,-11.542
2023-10-11 04:00:00,577,Krishnagiri,1.5,-11.1054
2023-10-11 05:00:00,577,Krishnagiri,0.5,-11.1054
2023-10-11 08:00:00,577,Krishnagiri,2.5,-11.1054
2023-10-11 16:00:00,577,Krishnagiri,0.5,-9.4814
2023-10-11 17:00:00,577,Krishnagiri,0.5,-9.4814
2023-10-12 11:00:00,577,Krishnagiri,0.5,-11.5144
2023-10-12 12:00:00,577,Krishnagiri,0.5,-11.5144
2023-10-12 15:00:00,577,Krishnagiri,0.5,-11.5144
2023-10-12 19:00:00,577,Krishnagiri,0.5,-12.0468
2023-10-12 22:00:00,577,Krishnagiri,0.5,-11.8186
2023-10-13 00:00:00,577,Krishnagiri,0.5,-11.8186
2023-10-13 04:00:00,577,Krishnagiri,0.5,-11.348
2023-10-14 10:00:00,577,Krishnagiri,0.5,-9.295
2023-10-14 11:00:00,577,Krishnagiri,0.5,-9.295
2023-10-14 12:00:00,577,Krishnagiri,0.5,-9.295
2023-10-14 14:00:00,577,Krishnagiri,0.5,-9.295
2023-10-14 18:00:00,577,Krishnagiri,0.5,-11.041
2023-10-14 20:00:00,577,Krishnagiri,0.5,-11.041
2023-10-14 22:00:00,577,Krishnagiri,0.5,-10.75375
2023-10-14 23:00:00,577,Krishnagiri,0.5,-10.75375
2023-10-15 01:00:00,577,Krishnagiri,1.5,-10.75375
2023-10-15 02:00:00,577,Krishnagiri,2.75,-10.75375
2023-10-15 03:00:00,577,Krishnagiri,1.3333333333333333,-10.75375
2023-10-15 04:00:00,577,Krishnagiri,1.25,-10.19075
2023-10-15 05:00:00,577,Krishnagiri,1.5,-10.19075
2023-10-15 06:00:00,577,Krishnagiri,1.0,-10.19075
2023-10-15 07:00:00,577,Krishnagiri,1.5,-10.19075
2023-10-15 08:00:00,577,Krishnagiri,1.0,-10.19075
2023-10-15 09:00:00,577,Krishnagiri,0.5,-10.19075
2023-10-15 10:00:00,577,Krishnagiri,1.0,-12.3695
2023-10-15 11:00:00,577,Krishnagiri,0.5,-12.3695
2023-10-15 12:00:00,577,Krishnagiri,0.5,-12.3695
2023-10-15 15:00:00,577,Krishnagiri,0.5,-12.3695
2023-10-15 16:00:00,577,Krishnagiri,4.5,-15.344666666666669
2023-10-15 17:00:00,577,Krishnagiri,0.5,-15.344666666666669
2023-10-16 20:00:00,577,Krishnagiri,0.5,-11.71475
2023-10-29 14:00:00,577,Krishnagiri,9.5,-14.1205
2023-10-30 15:00:00,577,Krishnagiri,1.0,-13.13
2023-10-30 16:00:00,577,Krishnagiri,0.5,-12.90175
2023-10-30 17:00:00,577,Krishnagiri,1.0,-12.90175
2023-10-30 18:00:00,577,Krishnagiri,0.5,-12.90175
2023-10-31 18:00:00,577,Krishnagiri,2.0,-13.3715
2023-11-01 16:00:00,577,Krishnagiri,2.0,-14.11
2023-11-02 21:00:00,577,Krishnagiri,1.0,-13.30975
2023-11-02 22:00:00,577,Krishnagiri,1.0,-12.56125
2023-11-02 23:00:00,577,Krishnagiri,0.5,-12.56125
2023-11-03 00:00:00,577,Krishnagiri,1.5,-12.56125
2023-11-03 13:00:00,577,Krishnagiri,1.0,-13.46225
2023-11-03 15:00:00,577,Krishnagiri,2.0,-13.46225
2023-11-03 17:00:00,577,Krishnagiri,15.0,-13.272
2023-11-03 18:00:00,577,Krishnagiri,0.5,-13.272
2023-11-03 19:00:00,577,Krishnagiri,3.0,-13.272
2023-11-03 20:00:00,577,Krishnagiri,0.5,-13.272
2023-11-04 00:00:00,577,Krishnagiri,0.5,-12.422
2023-11-04 01:00:00,577,Krishnagiri,3.5,-12.422
2023-11-04 05:00:00,577,Krishnagiri,0.5,-12.138
2023-11-04 07:00:00,577,Krishnagiri,1.0,-12.138
2023-11-04 08:00:00,577,Krishnagiri,0.5,-12.138
2023-11-04 13:00:00,577,Krishnagiri,1.5,-12.78275
2023-11-04 14:00:00,577,Krishnagiri,14.0,-12.78275
2023-11-04 16:00:00,577,Krishnagiri,2.5,-12.0395
2023-11-04 17:00:00,577,Krishnagiri,0.6666666666666666,-12.0395
2023-11-04 18:00:00,577,Krishnagiri,3.5,-12.0395
2023-11-04 19:00:00,577,Krishnagiri,2.625,-12.0395
2023-11-04 20:00:00,577,Krishnagiri,1.0,-12.0395
2023-11-04 21:00:00,577,Krishnagiri,0.5,-12.0395
2023-11-04 22:00:00,577,Krishnagiri,1.0,-11.685
2023-11-05 00:00:00,577,Krishnagiri,0.5,-11.685
2023-11-05 06:00:00,577,Krishnagiri,2.25,-11.508
2023-11-05 07:00:00,577,Krishnagiri,0.5,-11.508
2023-11-05 10:00:00,577,Krishnagiri,0.5,-11.92525
2023-11-05 17:00:00,577,Krishnagiri,0.5,-11.8765
2023-11-05 18:00:00,577,Krishnagiri,6.0,-11.8765
2023-11-06 09:00:00,577,Krishnagiri,0.5,-11.2795
2023-11-06 16:00:00,577,Krishnagiri,0.5,-11.4835
2023-11-06 18:00:00,577,Krishnagiri,10.0,-11.4835
2023-11-06 20:00:00,577,Krishnagiri,17.25,-11.4835
2023-11-06 21:00:00,577,Krishnagiri,1.6666666666666667,-11.4835
2023-11-06 22:00:00,577,Krishnagiri,1.5,-11.2435
2023-11-07 03:00:00,577,Krishnagiri,2.1666666666666665,-11.2435
2023-11-07 04:00:00,577,Krishnagiri,1.5,-11.1155
2023-11-07 05:00:00,577,Krishnagiri,10.5,-11.1155
2023-11-07 06:00:00,577,Krishnagiri,1.0,-11.1155
2023-11-07 07:00:00,577,Krishnagiri,0.5,-11.1155
2023-11-07 10:00:00,577,Krishnagiri,0.5,-11.158
2023-11-07 11:00:00,577,Krishnagiri,0.5,-11.158
2023-11-07 14:00:00,577,Krishnagiri,0.5,-11.158
2023-11-07 15:00:00,577,Krishnagiri,2.5,-11.158
2023-11-07 18:00:00,577,Krishnagiri,0.5,-11.20425
2023-11-07 21:00:00,577,Krishnagiri,0.5,-11.20425
2023-11-07 22:00:00,577,Krishnagiri,0.5,-10.998
2023-11-08 00:00:00,577,Krishnagiri,0.5,-10.998
2023-11-08 01:00:00,577,Krishnagiri,0.5,-10.998
2023-11-08 02:00:00,577,Krishnagiri,0.5,-10.998
2023-11-08 03:00:00,577,Krishnagiri,0.5,-10.998
2023-11-08 04:00:00,577,Krishnagiri,0.5,-10.90675
2023-11-08 06:00:00,577,Krishnagiri,0.5,-10.90675
2023-11-08 07:00:00,577,Krishnagiri,0.5,-10.90675
2023-11-08 09:00:00,577,Krishnagiri,0.5,-10.90675
2023-11-08 11:00:00,577,Krishnagiri,0.75,-11.3995
2023-11-08 13:00:00,577,Krishnagiri,0.5,-11.3995
2023-11-08 14:00:00,577,Krishnagiri,0.5,-11.3995
2023-11-08 15:00:00,577,Krishnagiri,0.5,-11.3995
2023-11-08 16:00:00,577,Krishnagiri,0.5,-11.3945
2023-11-08 18:00:00,577,Krishnagiri,0.5,-11.3945
2023-11-08 19:00:00,577,Krishnagiri,0.5,-11.3945
2023-11-08 20:00:00,577,Krishnagiri,0.5,-11.3945
2023-11-08 21:00:00,577,Krishnagiri,0.5,-11.3945
2023-11-08 22:00:00,577,Krishnagiri,0.5,-10.97875
2023-11-08 23:00:00,577,Krishnagiri,0.5,-10.97875
2023-11-09 00:00:00,577,Krishnagiri,0.5,-10.97875
2023-11-09 01:00:00,577,Krishnagiri,0.5,-10.97875
2023-11-09 02:00:00,577,Krishnagiri,1.0,-10.97875
2023-11-09 03:00:00,577,Krishnagiri,0.5,-10.97875
2023-11-09 04:00:00,577,Krishnagiri,0.5,-10.87
2023-11-09 05:00:00,577,Krishnagiri,1.0,-10.87
2023-11-09 06:00:00,577,Krishnagiri,0.5,-10.87
2023-11-09 07:00:00,577,Krishnagiri,0.5,-10.87
2023-11-09 08:00:00,577,Krishnagiri,1.0,-10.87
2023-11-09 09:00:00,577,Krishnagiri,0.5,-10.87
2023-11-09 10:00:00,577,Krishnagiri,0.5,-11.00475
2023-11-09 11:00:00,577,Krishnagiri,1.0,-11.00475
2023-11-09 12:00:00,577,Krishnagiri,0.5,-11.00475
2023-11-09 13:00:00,577,Krishnagiri,0.5,-11.00475
2023-11-09 14:00:00,577,Krishnagiri,1.0,-11.00475
2023-11-09 15:00:00,577,Krishnagiri,0.5,-11.00475
2023-11-09 16:00:00,577,Krishnagiri,1.0,-11.0755
2023-11-09 17:00:00,577,Krishnagiri,0.75,-11.0755
2023-11-09 18:00:00,577,Krishnagiri,1.0,-11.0755
2023-11-09 19:00:00,577,Krishnagiri,0.75,-11.0755
2023-11-09 20:00:00,577,Krishnagiri,1.0,-11.0755
2023-11-09 21:00:00,577,Krishnagiri,1.0,-11.0755
2023-11-09 22:00:00,577,Krishnagiri,0.5,-10.831
2023-11-09 23:00:00,577,Krishnagiri,0.5,-10.831
2023-11-10 00:00:00,577,Krishnagiri,1.0,-10.831
2023-11-10 01:00:00,577,Krishnagiri,0.5,-10.831
2023-11-10 02:00:00,577,Krishnagiri,0.5,-10.831
2023-11-10 03:00:00,577,Krishnagiri,0.5,-10.831
2023-11-10 04:00:00,577,Krishnagiri,0.5,-10.80575
2023-11-10 05:00:00,577,Krishnagiri,1.0,-10.80575
2023-11-10 06:00:00,577,Krishnagiri,0.5,-10.80575
2023-11-10 07:00:00,577,Krishnagiri,0.5,-10.80575
2023-11-10 08:00:00,577,Krishnagiri,1.0,-10.80575
2023-11-10 09:00:00,577,Krishnagiri,0.5,-10.80575
2023-11-10 10:00:00,577,Krishnagiri,1.0,-11.6825
2023-11-10 11:00:00,577,Krishnagiri,0.5,-11.6825
2023-11-10 12:00:00,577,Krishnagiri,0.5,-11.6825
2023-11-10 13:00:00,577,Krishnagiri,0.5,-11.6825
2023-11-10 14:00:00,577,Krishnagiri,0.5,-11.6825
2023-11-10 15:00:00,577,Krishnagiri,0.5,-11.6825
2023-11-10 16:00:00,577,Krishnagiri,0.5,-11.83275
2023-11-10 17:00:00,577,Krishnagiri,0.5,-11.83275
2023-11-10 20:00:00,577,Krishnagiri,1.0,-11.83275
2023-11-10 21:00:00,577,Krishnagiri,0.5,-11.83275
2023-11-10 22:00:00,577,Krishnagiri,0.75,-11.091
2023-11-10 23:00:00,577,Krishnagiri,0.75,-11.091
2023-11-11 00:00:00,577,Krishnagiri,1.0,-11.091
2023-11-11 01:00:00,577,Krishnagiri,0.5,-11.091
2023-11-11 02:00:00,577,Krishnagiri,1.0,-11.091
2023-11-11 03:00:00,577,Krishnagiri,0.5,-11.091
2023-11-11 04:00:00,577,Krishnagiri,1.0,-10.88275
2023-11-11 05:00:00,577,Krishnagiri,0.5,-10.88275
2023-11-11 06:00:00,577,Krishnagiri,0.5,-10.88275
2023-11-11 07:00:00,577,Krishnagiri,1.0,-10.88275
2023-11-11 08:00:00,577,Krishnagiri,0.5,-10.88275
2023-11-11 09:00:00,577,Krishnagiri,0.5,-10.88275
2023-11-14 03:00:00,577,Krishnagiri,0.5,-11.2285
2023-11-14 06:00:00,577,Krishnagiri,0.5,-10.99075
2023-11-14 08:00:00,577,Krishnagiri,0.5,-10.99075
2023-11-14 10:00:00,577,Krishnagiri,0.5,-11.5585
2023-11-14 11:00:00,577,Krishnagiri,0.5,-11.5585
2023-11-14 13:00:00,577,Krishnagiri,0.5,-11.5585
2023-11-14 15:00:00,577,Krishnagiri,0.5,-11.5585
2023-11-14 16:00:00,577,Krishnagiri,0.5,-11.403
2023-11-20 15:00:00,577,Krishnagiri,1.5,-12.732
2023-11-20 16:00:00,577,Krishnagiri,2.5,-12.92875
2023-11-20 17:00:00,577,Krishnagiri,4.0,-12.92875
2023-11-20 18:00:00,577,Krishnagiri,1.5,-12.92875
2023-11-21 17:00:00,577,Krishnagiri,14.0,-15.395666666666669
2023-11-21 18:00:00,577,Krishnagiri,6.0,-15.395666666666669
2023-11-22 01:00:00,577,Krishnagiri,0.5,-13.907000000000002
2023-11-22 12:00:00,577,Krishnagiri,2.0,-14.215333333333334
2023-11-22 13:00:00,577,Krishnagiri,2.0,-14.215333333333334
2023-11-22 14:00:00,577,Krishnagiri,2.0,-14.215333333333334
2023-11-22 15:00:00,577,Krishnagiri,4.5,-14.215333333333334
2023-11-22 16:00:00,577,Krishnagiri,2.5,-14.466333333333331
2023-11-22 17:00:00,577,Krishnagiri,2.0,-14.466333333333331
2023-11-22 18:00:00,577,Krishnagiri,1.0,-14.466333333333331
2023-11-22 19:00:00,577,Krishnagiri,0.5,-14.466333333333331
2023-11-22 20:00:00,577,Krishnagiri,0.5,-14.466333333333331
2023-11-22 22:00:00,577,Krishnagiri,0.5,-13.612
2023-11-23 03:00:00,577,Krishnagiri,0.5,-13.612
2023-11-23 11:00:00,577,Krishnagiri,0.5,-14.87775
2023-11-23 22:00:00,577,Krishnagiri,0.5,-14.251
2023-11-24 10:00:00,577,Krishnagiri,0.5,-14.32825
2023-11-24 16:00:00,577,Krishnagiri,1.0,-13.9965
2023-11-24 18:00:00,577,Krishnagiri,0.5,-13.9965
2023-11-24 19:00:00,577,Krishnagiri,1.5,-13.9965
2023-11-24 23:00:00,577,Krishnagiri,0.5,-13.8695
2023-11-25 13:00:00,577,Krishnagiri,0.5,-14.28975
2023-11-25 15:00:00,577,Krishnagiri,3.75,-14.28975
2023-11-26 01:00:00,577,Krishnagiri,0.5,-13.93425
2023-11-26 13:00:00,577,Krishnagiri,0.5,-13.791
2023-11-26 19:00:00,577,Krishnagiri,6.5,-13.72375
2023-11-26 21:00:00,577,Krishnagiri,0.5,-13.72375
2023-11-26 23:00:00,577,Krishnagiri,2.0,-13.75675
2023-11-27 07:00:00,577,Krishnagiri,0.5,-13.7215
2023-11-27 12:00:00,577,Krishnagiri,0.5,-14.20575
2023-11-27 16:00:00,577,Krishnagiri,0.5,-14.914
2023-11-27 18:00:00,577,Krishnagiri,7.5,-14.914
2023-11-27 19:00:00,577,Krishnagiri,3.75,-14.914
2023-11-28 00:00:00,577,Krishnagiri,0.5,-14.349
2023-11-28 07:00:00,577,Krishnagiri,0.5,-13.90325
2023-11-28 13:50:00,577,Krishnagiri,3.0,-14.91425
2023-11-28 13:55:00,577,Krishnagiri,3.0,-14.91425
2023-11-28 14:00:00,577,Krishnagiri,3.0,-14.91425
2023-11-28 15:00:00,577,Krishnagiri,0.5,-14.91425
2023-11-28 16:00:00,577,Krishnagiri,1.0,-15.239
2023-11-29 13:00:00,577,Krishnagiri,1.0,-14.5815
2023-11-29 17:00:00,577,Krishnagiri,1.0,-14.235500000000002
2023-11-29 19:00:00,577,Krishnagiri,0.5,-14.235500000000002
2023-11-30 01:00:00,577,Krishnagiri,2.0,-13.93625
2023-11-30 16:00:00,577,Krishnagiri,1.0,-14.6165
2023-11-30 17:00:00,577,Krishnagiri,0.5,-14.6165
2023-11-30 22:00:00,577,Krishnagiri,0.5,-13.9725
2023-12-01 19:00:00,577,Krishnagiri,0.5,-14.224
2023-12-01 20:00:00,577,Krishnagiri,9.0,-14.224
2023-12-03 02:00:00,577,Krishnagiri,0.75,-14.3995
2023-12-03 03:00:00,577,Krishnagiri,1.5,-14.3995
2023-12-03 04:00:00,577,Krishnagiri,0.5,-13.97025
2023-12-03 05:00:00,577,Krishnagiri,0.5,-13.97025
2023-12-03 06:00:00,577,Krishnagiri,1.0,-13.97025
2023-12-03 09:00:00,577,Krishnagiri,0.5,-13.97025
2023-12-03 12:00:00,577,Krishnagiri,1.0,-14.0255
2023-12-03 13:00:00,577,Krishnagiri,0.5,-14.0255
2023-12-03 14:00:00,577,Krishnagiri,0.5,-14.0255
2023-12-07 05:00:00,577,Krishnagiri,1.0,-12.59
2023-12-09 01:00:00,577,Krishnagiri,1.0,-13.3262
2023-12-09 02:00:00,577,Krishnagiri,0.5,-13.3262
2023-12-09 04:00:00,577,Krishnagiri,0.5,-12.8668
2023-12-09 05:00:00,577,Krishnagiri,0.5,-12.8668
2023-12-09 16:00:00,577,Krishnagiri,0.5,-13.4668
2023-12-09 17:00:00,577,Krishnagiri,1.0,-13.4668
2023-12-16 17:00:00,577,Krishnagiri,0.5,-14.5034
2024-01-05 00:00:00,577,Krishnagiri,0.5,-14.9384
2024-01-05 03:00:00,577,Krishnagiri,0.5,-14.9384
2024-01-05 04:00:00,577,Krishnagiri,0.5,-14.456
2024-01-05 06:00:00,577,Krishnagiri,0.5,-14.456
2024-01-05 07:00:00,577,Krishnagiri,0.5,-14.456
2024-01-07 05:00:00,577,Krishnagiri,0.5,-13.925
2024-01-08 01:00:00,577,Krishnagiri,0.5,-14.4198
2024-01-08 02:00:00,577,Krishnagiri,1.0,-14.4198
2024-01-08 04:00:00,577,Krishnagiri,2.5,-13.8452
2024-01-08 05:00:00,577,Krishnagiri,2.0,-13.8452
2024-01-08 06:00:00,577,Krishnagiri,0.5,-13.8452
2024-01-08 07:00:00,577,Krishnagiri,5.5,-13.8452
2024-01-08 08:00:00,577,Krishnagiri,0.5,-13.8452
2024-01-08 09:00:00,577,Krishnagiri,2.0,-13.8452
2024-01-08 10:00:00,577,Krishnagiri,1.0,-14.0956
2024-01-08 11:00:00,577,Krishnagiri,1.0,-14.0956
2024-01-08 12:00:00,577,Krishnagiri,0.5,-14.0956
2024-01-08 13:00:00,577,Krishnagiri,0.75,-14.0956
2024-01-08 14:00:00,577,Krishnagiri,1.0,-14.0956
2024-01-09 00:00:00,577,Krishnagiri,0.5,-13.5792
2024-01-09 04:00:00,577,Krishnagiri,0.5,-13.3034
2024-04-19 17:00:00,577,Krishnagiri,0.5,-29.254200000000004
2024-05-02 18:05:00,577,Krishnagiri,2.0,-29.456
2024-05-02 19:00:00,577,Krishnagiri,1.75,-29.456
2024-05-03 14:00:00,577,Krishnagiri,12.25,-29.5716
2024-05-03 15:00:00,577,Krishnagiri,1.5,-29.5716
2024-05-04 18:00:00,577,Krishnagiri,2.5,-29.395
2024-05-04 19:00:00,577,Krishnagiri,1.0,-29.395
2024-05-06 19:00:00,577,Krishnagiri,8.0,-29.538599999999995
2024-05-06 21:00:00,577,Krishnagiri,4.5,-29.538599999999995
2024-05-06 22:00:00,577,Krishnagiri,1.25,-29.422000000000004
2024-05-06 23:00:00,577,Krishnagiri,2.0,-29.422000000000004
2024-05-07 00:00:00,577,Krishnagiri,12.5,-29.422000000000004
2024-05-07 01:00:00,577,Krishnagiri,7.625,-29.422000000000004
2024-05-07 02:00:00,577,Krishnagiri,1.625,-29.422000000000004
2024-05-07 03:00:00,577,Krishnagiri,0.8333333333333334,-29.422000000000004
2024-05-07 04:00:00,577,Krishnagiri,0.5,-29.169000000000004
2024-05-07 06:00:00,577,Krishnagiri,0.5,-29.169000000000004
2024-05-07 10:00:00,577,Krishnagiri,0.5,-29.6406
2024-05-07 13:00:00,577,Krishnagiri,0.5,-29.6406
2024-05-07 20:00:00,577,Krishnagiri,0.5,-29.3382
2024-05-08 03:00:00,577,Krishnagiri,56.0,-29.287600000000005
2024-05-08 04:00:00,577,Krishnagiri,54.0,-29.182
2024-05-08 05:00:00,577,Krishnagiri,0.75,-29.182
2024-05-08 09:00:00,577,Krishnagiri,0.5,-29.182
2024-05-08 20:00:00,577,Krishnagiri,0.5,-29.4578
2024-05-09 18:00:00,577,Krishnagiri,0.5,-29.389599999999994
2024-05-10 15:00:00,577,Krishnagiri,2.0,-29.3148
2024-05-10 20:00:00,577,Krishnagiri,16.0,-29.3142
2024-05-10 21:00:00,577,Krishnagiri,2.0,-29.3142
2024-05-12 15:00:00,577,Krishnagiri,0.5,-29.598000000000003
2024-05-12 18:00:00,577,Krishnagiri,1.5,-29.2464
2024-05-12 20:00:00,577,Krishnagiri,0.5,-29.2464
2024-05-14 18:00:00,577,Krishnagiri,0.5,-29.4664
2024-05-14 20:00:00,577,Krishnagiri,0.5,-29.4664
2024-05-15 04:00:00,577,Krishnagiri,0.5,-29.1872
2024-05-16 02:00:00,577,Krishnagiri,1.0,-29.5212
2024-05-16 03:00:00,577,Krishnagiri,1.0,-29.5212
2024-05-16 04:00:00,577,Krishnagiri,0.5,-29.3116
2024-05-17 11:00:00,577,Krishnagiri,0.5,-29.799
2024-05-17 12:00:00,577,Krishnagiri,2.5,-29.799
2024-05-17 13:00:00,577,Krishnagiri,9.166666666666666,-29.799
2024-05-17 13:20:00,577,Krishnagiri,0.5,-29.799
2024-05-17 13:25:00,577,Krishnagiri,0.5,-29.799
2024-05-17 13:30:00,577,Krishnagiri,1.5,-29.799
2024-05-17 13:35:00,577,Krishnagiri,2.0,-29.799
2024-05-17 13:40:00,577,Krishnagiri,2.5,-29.799
2024-05-17 13:45:00,577,Krishnagiri,2.5,-29.799
2024-05-17 13:50:00,577,Krishnagiri,3.0,-29.799
2024-05-17 13:55:00,577,Krishnagiri,3.0,-29.799
2024-05-17 14:00:00,577,Krishnagiri,7.166666666666667,-29.799
2024-05-17 14:05:00,577,Krishnagiri,0.5,-29.799
2024-05-17 14:10:00,577,Krishnagiri,1.0,-29.799
2024-05-17 14:15:00,577,Krishnagiri,1.0,-29.799
2024-05-17 14:20:00,577,Krishnagiri,1.0,-29.799
2024-05-17 14:25:00,577,Krishnagiri,1.5,-29.799
2024-05-17 14:30:00,577,Krishnagiri,1.5,-29.799
2024-05-17 14:35:00,577,Krishnagiri,1.5,-29.799
2024-05-17 14:40:00,577,Krishnagiri,1.5,-29.799
2024-05-17 14:45:00,577,Krishnagiri,1.5,-29.799
2024-05-17 14:50:00,577,Krishnagiri,1.5,-29.799
2024-05-17 14:55:00,577,Krishnagiri,1.5,-29.799
2024-05-17 15:00:00,577,Krishnagiri,2.1666666666666665,-29.799
2024-05-17 16:00:00,577,Krishnagiri,1.25,-29.2142
2024-05-17 16:15:00,577,Krishnagiri,0.5,-29.2142
2024-05-17 16:20:00,577,Krishnagiri,0.5,-29.2142
2024-05-17 16:25:00,577,Krishnagiri,0.5,-29.2142
2024-05-17 16:30:00,577,Krishnagiri,1.0,-29.2142
2024-05-17 16:35:00,577,Krishnagiri,1.0,-29.2142
2024-05-17 16:40:00,577,Krishnagiri,1.5,-29.2142
2024-05-17 16:45:00,577,Krishnagiri,1.5,-29.2142
2024-05-17 16:50:00,577,Krishnagiri,1.5,-29.2142
2024-05-17 16:55:00,577,Krishnagiri,2.0,-29.2142
2024-05-17 17:00:00,577,Krishnagiri,1.5,-29.2142
2024-05-17 17:10:00,577,Krishnagiri,0.5,-29.2142
2024-05-17 17:15:00,577,Krishnagiri,0.5,-29.2142
2024-05-17 17:20:00,577,Krishnagiri,0.5,-29.2142
2024-05-17 17:25:00,577,Krishnagiri,0.5,-29.2142
2024-05-17 17:30:00,577,Krishnagiri,1.0,-29.2142
2024-05-17 17:35:00,577,Krishnagiri,1.0,-29.2142
2024-05-17 17:40:00,577,Krishnagiri,1.0,-29.2142
2024-05-17 17:45:00,577,Krishnagiri,1.0,-29.2142
2024-05-17 17:50:00,577,Krishnagiri,1.0,-29.2142
2024-05-17 17:55:00,577,Krishnagiri,1.0,-29.2142
2024-05-17 18:00:00,577,Krishnagiri,0.6666666666666666,-29.2142
2024-05-17 19:00:00,577,Krishnagiri,0.5,-29.2142
2024-05-17 21:00:00,577,Krishnagiri,1.5,-29.2142
2024-05-17 22:00:00,577,Krishnagiri,2.5,-28.9818
2024-05-17 23:00:00,577,Krishnagiri,3.0,-28.9818
2024-05-18 00:00:00,577,Krishnagiri,2.5,-28.9818
2024-05-18 00:30:00,577,Krishnagiri,0.5,-28.9818
2024-05-18 00:35:00,577,Krishnagiri,0.5,-28.9818
2024-05-18 00:40:00,577,Krishnagiri,0.5,-28.9818
2024-05-18 00:45:00,577,Krishnagiri,0.5,-28.9818
2024-05-18 00:50:00,577,Krishnagiri,0.5,-28.9818
2024-05-18 00:55:00,577,Krishnagiri,0.5,-28.9818
2024-05-18 01:00:00,577,Krishnagiri,1.0,-28.9818
2024-05-18 02:00:00,577,Krishnagiri,1.0,-28.9818
2024-05-18 03:00:00,577,Krishnagiri,0.5,-28.9818
2024-05-18 20:00:00,577,Krishnagiri,0.5,-28.660400000000003
2024-05-18 22:25:00,577,Krishnagiri,0.5,-28.5526
2024-05-18 22:30:00,577,Krishnagiri,2.0,-28.5526
2024-05-18 22:35:00,577,Krishnagiri,2.0,-28.5526
2024-05-18 22:40:00,577,Krishnagiri,2.0,-28.5526
2024-05-18 22:45:00,577,Krishnagiri,2.0,-28.5526
2024-05-18 22:50:00,577,Krishnagiri,2.0,-28.5526
2024-05-18 22:55:00,577,Krishnagiri,2.0,-28.5526
2024-05-18 23:00:00,577,Krishnagiri,2.0,-28.5526
2024-05-19 01:00:00,577,Krishnagiri,1.0,-28.5526
2024-05-19 02:00:00,577,Krishnagiri,2.333333333333333,-28.5526
2024-05-19 03:00:00,577,Krishnagiri,0.75,-28.5526
2024-05-19 04:00:00,577,Krishnagiri,4.0,-28.241000000000003
2024-05-19 05:00:00,577,Krishnagiri,46.5,-28.241000000000003
2024-05-19 06:00:00,577,Krishnagiri,11.5,-28.241000000000003
2024-05-19 14:00:00,577,Krishnagiri,1.0,-28.6488
2024-05-19 14:40:00,577,Krishnagiri,0.5,-28.6488
2024-05-19 14:45:00,577,Krishnagiri,0.5,-28.6488
2024-05-19 14:50:00,577,Krishnagiri,0.5,-28.6488
2024-05-19 14:55:00,577,Krishnagiri,0.5,-28.6488
2024-05-19 15:00:00,577,Krishnagiri,2.25,-28.6488
2024-05-19 15:05:00,577,Krishnagiri,7.5,-28.330600000000004
2024-05-19 15:10:00,577,Krishnagiri,13.0,-28.330600000000004
2024-05-19 15:15:00,577,Krishnagiri,14.0,-28.330600000000004
2024-05-19 15:20:00,577,Krishnagiri,14.5,-28.330600000000004
2024-05-19 15:25:00,577,Krishnagiri,15.0,-28.330600000000004
2024-05-19 15:30:00,577,Krishnagiri,15.5,-28.330600000000004
2024-05-19 15:35:00,577,Krishnagiri,17.0,-28.330600000000004
2024-05-19 15:40:00,577,Krishnagiri,18.5,-28.330600000000004
2024-05-19 15:45:00,577,Krishnagiri,19.5,-28.330600000000004
2024-05-19 15:50:00,577,Krishnagiri,21.0,-28.330600000000004
2024-05-19 15:55:00,577,Krishnagiri,22.0,-28.330600000000004
2024-05-19 16:00:00,577,Krishnagiri,10.833333333333334,-28.330600000000004
2024-05-19 16:05:00,577,Krishnagiri,0.5,-28.330600000000004
2024-05-19 16:10:00,577,Krishnagiri,1.0,-28.330600000000004
2024-05-19 16:15:00,577,Krishnagiri,1.0,-28.330600000000004
2024-05-19 16:20:00,577,Krishnagiri,1.0,-28.330600000000004
2024-05-19 16:25:00,577,Krishnagiri,1.0,-28.330600000000004
2024-05-19 16:30:00,577,Krishnagiri,1.0,-28.330600000000004
2024-05-19 16:35:00,577,Krishnagiri,1.0,-28.330600000000004
2024-05-19 16:40:00,577,Krishnagiri,1.5,-28.330600000000004
2024-05-19 16:45:00,577,Krishnagiri,1.5,-28.330600000000004
2024-05-19 16:50:00,577,Krishnagiri,1.5,-28.330600000000004
2024-05-19 16:55:00,577,Krishnagiri,1.5,-28.330600000000004
2024-05-19 17:00:00,577,Krishnagiri,1.0,-28.330600000000004
2024-05-19 18:00:00,577,Krishnagiri,1.0,-28.330600000000004
2024-05-19 19:00:00,577,Krishnagiri,0.5,-28.330600000000004
2024-05-19 20:50:00,577,Krishnagiri,0.5,-28.330600000000004
2024-05-19 20:55:00,577,Krishnagiri,0.5,-28.330600000000004
2024-05-19 21:00:00,577,Krishnagiri,0.5,-28.330600000000004
2024-05-19 22:00:00,577,Krishnagiri,0.5,-28.0798
2024-05-19 23:00:00,577,Krishnagiri,0.5,-28.0798
2024-05-20 01:00:00,577,Krishnagiri,0.5,-28.0798
2024-05-20 04:00:00,577,Krishnagiri,0.5,-27.782599999999995
2024-05-20 08:00:00,577,Krishnagiri,0.5,-27.782599999999995
2024-05-20 13:00:00,577,Krishnagiri,0.5,-28.034
2024-05-20 16:00:00,577,Krishnagiri,0.5,-27.8078
2024-05-20 16:35:00,577,Krishnagiri,0.5,-27.8078
2024-05-20 16:40:00,577,Krishnagiri,0.5,-27.8078
2024-05-20 16:45:00,577,Krishnagiri,0.5,-27.8078
2024-05-20 16:50:00,577,Krishnagiri,0.5,-27.8078
2024-05-20 16:55:00,577,Krishnagiri,0.5,-27.8078
2024-05-20 17:00:00,577,Krishnagiri,0.5,-27.8078
2024-05-20 18:25:00,577,Krishnagiri,0.5,-27.8078
2024-05-20 18:30:00,577,Krishnagiri,1.0,-27.8078
2024-05-20 18:35:00,577,Krishnagiri,1.5,-27.8078
2024-05-20 18:40:00,577,Krishnagiri,3.0,-27.8078
2024-05-20 18:45:00,577,Krishnagiri,4.0,-27.8078
2024-05-20 18:50:00,577,Krishnagiri,4.5,-27.8078
2024-05-20 18:55:00,577,Krishnagiri,4.5,-27.8078
2024-05-20 19:00:00,577,Krishnagiri,1.8333333333333333,-27.8078
2024-05-20 19:50:00,577,Krishnagiri,0.5,-27.8078
2024-05-20 19:55:00,577,Krishnagiri,0.5,-27.8078
2024-05-20 20:00:00,577,Krishnagiri,1.25,-27.8078
2024-05-20 20:15:00,577,Krishnagiri,0.5,-27.8078
2024-05-20 20:20:00,577,Krishnagiri,0.5,-27.8078
2024-05-20 20:25:00,577,Krishnagiri,0.5,-27.8078
2024-05-20 20:30:00,577,Krishnagiri,1.0,-27.8078
2024-05-20 20:35:00,577,Krishnagiri,1.5,-27.8078
2024-05-20 20:40:00,577,Krishnagiri,2.0,-27.8078
2024-05-20 20:45:00,577,Krishnagiri,2.5,-27.8078
2024-05-20 20:50:00,577,Krishnagiri,3.0,-27.8078
2024-05-20 20:55:00,577,Krishnagiri,3.5,-27.8078
2024-05-20 21:00:00,577,Krishnagiri,7.0,-27.8078
2024-05-20 21:05:00,577,Krishnagiri,0.5,-27.432
2024-05-20 21:10:00,577,Krishnagiri,0.5,-27.432
2024-05-20 21:15:00,577,Krishnagiri,1.0,-27.432
2024-05-20 21:20:00,577,Krishnagiri,1.0,-27.432
2024-05-20 21:25:00,577,Krishnagiri,1.5,-27.432
2024-05-20 21:30:00,577,Krishnagiri,1.5,-27.432
2024-05-20 21:35:00,577,Krishnagiri,2.0,-27.432
2024-05-20 21:40:00,577,Krishnagiri,3.0,-27.432
2024-05-20 21:45:00,577,Krishnagiri,3.0,-27.432
2024-05-20 21:50:00,577,Krishnagiri,3.0,-27.432
2024-05-20 21:55:00,577,Krishnagiri,3.5,-27.432
2024-05-20 22:00:00,577,Krishnagiri,5.666666666666667,-27.432
2024-05-20 23:00:00,577,Krishnagiri,0.5,-27.432
2024-05-21 00:00:00,577,Krishnagiri,0.5,-27.432
2024-05-21 01:00:00,577,Krishnagiri,0.5,-27.432
2024-05-21 03:00:00,577,Krishnagiri,0.5,-27.432
2024-05-21 07:00:00,577,Krishnagiri,0.5,-27.199
2024-05-21 11:00:00,577,Krishnagiri,0.5,-27.5066
2024-05-21 12:55:00,577,Krishnagiri,1.5,-27.5066
2024-05-21 13:00:00,577,Krishnagiri,4.5,-27.5066
2024-05-21 13:05:00,577,Krishnagiri,3.5,-27.5066
2024-05-21 13:10:00,577,Krishnagiri,3.5,-27.5066
2024-05-21 13:15:00,577,Krishnagiri,3.5,-27.5066
2024-05-21 13:20:00,577,Krishnagiri,3.5,-27.5066
2024-05-21 13:25:00,577,Krishnagiri,4.0,-27.5066
2024-05-21 13:30:00,577,Krishnagiri,4.0,-27.5066
2024-05-21 13:35:00,577,Krishnagiri,4.5,-27.5066
2024-05-21 13:40:00,577,Krishnagiri,4.5,-27.5066
2024-05-21 13:45:00,577,Krishnagiri,4.5,-27.5066
2024-05-21 13:50:00,577,Krishnagiri,4.5,-27.5066
2024-05-21 13:55:00,577,Krishnagiri,4.5,-27.5066
2024-05-21 14:00:00,577,Krishnagiri,2.5,-27.5066
2024-05-21 14:05:00,577,Krishnagiri,1.0,-27.5066
2024-05-21 14:10:00,577,Krishnagiri,2.0,-27.5066
2024-05-21 14:15:00,577,Krishnagiri,2.0,-27.5066
2024-05-21 14:20:00,577,Krishnagiri,2.0,-27.5066
2024-05-21 14:30:00,577,Krishnagiri,2.0,-27.5066
2024-05-21 14:35:00,577,Krishnagiri,2.0,-27.5066
2024-05-21 14:40:00,577,Krishnagiri,2.0,-27.5066
2024-05-21 14:45:00,577,Krishnagiri,2.0,-27.5066
2024-05-21 14:50:00,577,Krishnagiri,2.0,-27.5066
2024-05-21 14:55:00,577,Krishnagiri,2.0,-27.5066
2024-05-21 15:00:00,577,Krishnagiri,1.25,-27.5066
2024-05-21 15:35:00,577,Krishnagiri,0.5,-26.9522
2024-05-21 15:40:00,577,Krishnagiri,0.5,-26.9522
2024-05-21 15:45:00,577,Krishnagiri,0.5,-26.9522
2024-05-21 15:50:00,577,Krishnagiri,0.5,-26.9522
2024-05-21 15:55:00,577,Krishnagiri,0.5,-26.9522
2024-05-21 16:00:00,577,Krishnagiri,1.5,-26.9522
2024-05-21 16:55:00,577,Krishnagiri,0.5,-26.9522
2024-05-21 17:00:00,577,Krishnagiri,12.666666666666666,-26.9522
2024-05-21 17:20:00,577,Krishnagiri,0.5,-26.9522
2024-05-21 17:25:00,577,Krishnagiri,0.5,-26.9522
2024-05-21 17:30:00,577,Krishnagiri,0.5,-26.9522
2024-05-21 17:35:00,577,Krishnagiri,1.0,-26.9522
2024-05-21 17:40:00,577,Krishnagiri,1.0,-26.9522
2024-05-21 17:45:00,577,Krishnagiri,1.0,-26.9522
2024-05-21 17:50:00,577,Krishnagiri,1.0,-26.9522
2024-05-21 17:55:00,577,Krishnagiri,1.5,-26.9522
2024-05-21 18:00:00,577,Krishnagiri,1.1666666666666667,-26.9522
2024-05-21 20:00:00,577,Krishnagiri,0.5,-26.9522
2024-05-21 23:00:00,577,Krishnagiri,0.5,-26.6336
2024-05-22 00:00:00,577,Krishnagiri,0.5,-26.6336
2024-05-22 02:15:00,577,Krishnagiri,0.5,-26.6336
2024-05-22 02:20:00,577,Krishnagiri,0.5,-26.6336
2024-05-22 02:25:00,577,Krishnagiri,0.5,-26.6336
2024-05-22 02:30:00,577,Krishnagiri,0.5,-26.6336
2024-05-22 02:35:00,577,Krishnagiri,0.5,-26.6336
2024-05-22 02:40:00,577,Krishnagiri,0.5,-26.6336
2024-05-22 02:45:00,577,Krishnagiri,0.5,-26.6336
2024-05-22 02:50:00,577,Krishnagiri,0.5,-26.6336
2024-05-22 02:55:00,577,Krishnagiri,0.5,-26.6336
2024-05-22 03:00:00,577,Krishnagiri,0.5,-26.6336
2024-05-22 05:00:00,577,Krishnagiri,0.5,-26.345
2024-05-22 07:00:00,577,Krishnagiri,0.5,-26.345
2024-05-22 09:00:00,577,Krishnagiri,0.5,-26.345
2024-05-22 11:00:00,577,Krishnagiri,0.5,-26.6496
2024-05-22 14:00:00,577,Krishnagiri,0.5,-26.6496
2024-05-22 17:00:00,577,Krishnagiri,0.5,-26.696000000000005
2024-05-22 18:00:00,577,Krishnagiri,28.0,-26.696000000000005
2024-05-22 19:00:00,577,Krishnagiri,1.5,-26.696000000000005
2024-05-22 20:00:00,577,Krishnagiri,2.0,-26.696000000000005
2024-05-22 20:20:00,577,Krishnagiri,0.5,-26.696000000000005
2024-05-22 20:25:00,577,Krishnagiri,2.0,-26.696000000000005
2024-05-22 20:30:00,577,Krishnagiri,3.5,-26.696000000000005
2024-05-22 20:35:00,577,Krishnagiri,3.5,-26.696000000000005
2024-05-22 20:40:00,577,Krishnagiri,3.5,-26.696000000000005
2024-05-22 20:45:00,577,Krishnagiri,3.5,-26.696000000000005
2024-05-22 20:50:00,577,Krishnagiri,3.5,-26.696000000000005
2024-05-22 20:55:00,577,Krishnagiri,3.5,-26.696000000000005
2024-05-22 21:00:00,577,Krishnagiri,6.0,-26.696000000000005
2024-05-22 22:20:00,577,Krishnagiri,0.5,-26.338
2024-05-22 22:25:00,577,Krishnagiri,0.5,-26.338
2024-05-22 22:30:00,577,Krishnagiri,0.5,-26.338
2024-05-22 22:35:00,577,Krishnagiri,1.0,-26.338
2024-05-22 22:40:00,577,Krishnagiri,1.0,-26.338
2024-05-22 22:45:00,577,Krishnagiri,1.0,-26.338
2024-05-22 22:50:00,577,Krishnagiri,1.5,-26.338
2024-05-22 22:55:00,577,Krishnagiri,1.5,-26.338
2024-05-22 23:00:00,577,Krishnagiri,1.0,-26.338
2024-05-23 01:00:00,577,Krishnagiri,0.5,-26.338
2024-05-23 03:00:00,577,Krishnagiri,0.5,-26.338
2024-05-23 04:00:00,577,Krishnagiri,0.5,-26.0122
2024-05-23 05:00:00,577,Krishnagiri,0.5,-26.0122
2024-05-23 06:00:00,577,Krishnagiri,0.5,-26.0122
2024-05-23 07:00:00,577,Krishnagiri,1.0,-26.0122
2024-05-23 08:00:00,577,Krishnagiri,1.0,-26.0122
2024-05-23 09:00:00,577,Krishnagiri,1.0,-26.0122
2024-05-23 10:00:00,577,Krishnagiri,1.0,-26.2664
2024-05-23 11:00:00,577,Krishnagiri,1.0,-26.2664
2024-05-23 12:00:00,577,Krishnagiri,2.0,-26.2664
2024-05-23 13:00:00,577,Krishnagiri,1.5,-26.2664
2024-05-23 14:00:00,577,Krishnagiri,1.5,-26.2664
2024-05-23 15:00:00,577,Krishnagiri,1.0,-26.2664
2024-05-23 16:00:00,577,Krishnagiri,1.5,-23.598
2024-05-23 17:00:00,577,Krishnagiri,1.5,-23.598
2024-05-23 18:00:00,577,Krishnagiri,1.5,-23.598
2024-05-23 19:00:00,577,Krishnagiri,2.0,-23.598
2024-05-23 20:00:00,577,Krishnagiri,2.0,-23.598
2024-05-23 21:00:00,577,Krishnagiri,1.5,-23.598
2024-05-23 22:00:00,577,Krishnagiri,2.0,-23.645
2024-05-23 23:00:00,577,Krishnagiri,2.0,-23.645
2024-05-24 00:00:00,577,Krishnagiri,1.5,-23.645
2024-05-24 01:00:00,577,Krishnagiri,1.5,-23.645
2024-05-24 02:00:00,577,Krishnagiri,1.5,-23.645
2024-05-24 03:00:00,577,Krishnagiri,1.5,-23.645
2024-05-24 04:00:00,577,Krishnagiri,2.0,-25.55
2024-05-24 05:00:00,577,Krishnagiri,1.5,-25.55
2024-05-24 06:00:00,577,Krishnagiri,2.0,-25.55
2024-05-24 07:00:00,577,Krishnagiri,2.0,-25.55
2024-05-24 08:00:00,577,Krishnagiri,2.5,-25.55
2024-05-24 09:00:00,577,Krishnagiri,2.5,-25.55
2024-05-24 10:00:00,577,Krishnagiri,2.5,-25.9478
2024-05-24 11:00:00,577,Krishnagiri,2.0,-25.9478
2024-05-24 12:00:00,577,Krishnagiri,2.5,-25.9478
2024-05-24 13:00:00,577,Krishnagiri,2.5,-25.9478
2024-05-24 14:00:00,577,Krishnagiri,2.0,-25.9478
2024-05-24 15:00:00,577,Krishnagiri,2.0,-25.9478
2024-05-24 16:00:00,577,Krishnagiri,2.0,-25.8808
2024-05-24 17:00:00,577,Krishnagiri,2.5,-25.8808
2024-05-24 18:00:00,577,Krishnagiri,2.0,-25.8808
2024-05-24 19:00:00,577,Krishnagiri,2.0,-25.8808
2024-05-24 20:00:00,577,Krishnagiri,1.5,-25.8808
2024-05-24 21:00:00,577,Krishnagiri,1.5,-25.8808
2024-05-24 22:00:00,577,Krishnagiri,1.5,-25.843399999999995
2024-05-24 23:00:00,577,Krishnagiri,1.5,-25.843399999999995
2024-05-25 00:00:00,577,Krishnagiri,1.5,-25.843399999999995
2024-05-25 01:00:00,577,Krishnagiri,2.0,-25.843399999999995
2024-05-25 02:00:00,577,Krishnagiri,1.5,-25.843399999999995
2024-05-25 03:00:00,577,Krishnagiri,2.0,-25.843399999999995
2024-05-25 04:00:00,577,Krishnagiri,1.5,-25.4722
2024-05-25 05:00:00,577,Krishnagiri,1.5,-25.4722
2024-05-25 06:00:00,577,Krishnagiri,1.0,-25.4722
2024-05-25 07:00:00,577,Krishnagiri,1.5,-25.4722
2024-05-25 08:00:00,577,Krishnagiri,1.0,-25.4722
2024-05-25 09:00:00,577,Krishnagiri,1.0,-25.4722
2024-05-25 10:00:00,577,Krishnagiri,0.5,-25.7834
2024-05-25 11:00:00,577,Krishnagiri,0.5,-25.7834
2024-05-30 19:00:00,577,Krishnagiri,1.0,-26.526
2024-05-30 20:00:00,577,Krishnagiri,3.75,-26.526
2024-05-31 21:25:00,577,Krishnagiri,0.5,-26.5844
2024-05-31 21:30:00,577,Krishnagiri,1.0,-26.5844
2024-05-31 21:35:00,577,Krishnagiri,1.0,-26.5844
2024-05-31 21:40:00,577,Krishnagiri,1.0,-26.5844
2024-05-31 21:45:00,577,Krishnagiri,1.0,-26.5844
2024-05-31 21:50:00,577,Krishnagiri,1.0,-26.5844
2024-05-31 21:55:00,577,Krishnagiri,1.0,-26.5844
2024-05-31 22:00:00,577,Krishnagiri,1.0,-26.5844
2024-05-31 22:05:00,577,Krishnagiri,2.0,-26.5844
2024-05-31 22:10:00,577,Krishnagiri,7.0,-26.5844
2024-05-31 22:15:00,577,Krishnagiri,11.0,-26.5844
2024-05-31 22:20:00,577,Krishnagiri,14.0,-26.5844
2024-05-31 22:25:00,577,Krishnagiri,15.5,-26.5844
2024-05-31 22:30:00,577,Krishnagiri,15.5,-26.5844
2024-05-31 22:35:00,577,Krishnagiri,15.5,-26.5844
2024-05-31 22:40:00,577,Krishnagiri,15.5,-26.5844
2024-05-31 22:45:00,577,Krishnagiri,15.5,-26.5844
2024-05-31 22:50:00,577,Krishnagiri,15.5,-26.5844
2024-05-31 22:55:00,577,Krishnagiri,15.5,-26.5844
2024-05-31 23:00:00,577,Krishnagiri,15.5,-26.5844
2024-06-01 00:00:00,577,Krishnagiri,1.0,-26.5844
2024-06-01 01:00:00,577,Krishnagiri,1.0,-26.5844
2024-06-01 02:00:00,577,Krishnagiri,1.5,-26.5844
2024-06-01 06:00:00,577,Krishnagiri,1.0,-26.5046
2024-06-01 07:00:00,577,Krishnagiri,0.5,-26.5046
2024-06-01 08:00:00,577,Krishnagiri,1.0,-26.5046
2024-06-01 09:00:00,577,Krishnagiri,1.0,-26.5046
2024-06-01 10:00:00,577,Krishnagiri,0.75,-27.1534
2024-06-01 11:00:00,577,Krishnagiri,1.0,-27.1534
2024-06-01 12:00:00,577,Krishnagiri,1.0,-27.1534
2024-06-01 13:00:00,577,Krishnagiri,1.5,-27.1534
2024-06-01 14:00:00,577,Krishnagiri,0.5,-27.1534
2024-06-01 15:00:00,577,Krishnagiri,6.5,-27.1534
2024-06-01 16:00:00,577,Krishnagiri,3.8333333333333335,-26.5662
2024-06-01 17:00:00,577,Krishnagiri,14.0,-26.5662
2024-06-01 18:00:00,577,Krishnagiri,5.166666666666667,-26.5662
2024-06-01 19:00:00,577,Krishnagiri,0.5,-26.5662
2024-06-01 21:00:00,577,Krishnagiri,1.25,-26.5662
2024-06-01 22:00:00,577,Krishnagiri,1.0,-26.2824
2024-06-01 23:00:00,577,Krishnagiri,0.5,-26.2824
2024-06-02 02:00:00,577,Krishnagiri,0.5,-26.2824
2024-06-02 06:00:00,577,Krishnagiri,0.5,-25.9182
2024-06-02 08:00:00,577,Krishnagiri,0.5,-25.9182
2024-06-02 10:00:00,577,Krishnagiri,0.5,-26.0956
2024-06-02 17:00:00,577,Krishnagiri,6.5,-25.9526
2024-06-02 20:00:00,577,Krishnagiri,8.0,-25.9526
2024-06-02 21:00:00,577,Krishnagiri,0.5,-25.9526
2024-06-02 22:00:00,577,Krishnagiri,0.5,-25.313
2024-06-02 23:00:00,577,Krishnagiri,2.6666666666666665,-25.313
2024-06-03 00:00:00,577,Krishnagiri,0.75,-25.313
2024-06-03 02:00:00,577,Krishnagiri,0.5,-25.313
2024-06-03 22:00:00,577,Krishnagiri,0.5,-24.64
2024-06-04 14:00:00,577,Krishnagiri,0.5,-24.9304
2024-06-04 18:00:00,577,Krishnagiri,0.5,-24.9568
2024-06-04 19:00:00,577,Krishnagiri,0.5,-24.9568
2024-06-04 21:00:00,577,Krishnagiri,0.5,-24.9568
2024-06-05 02:00:00,577,Krishnagiri,2.333333333333333,-24.471200000000003
2024-06-05 03:00:00,577,Krishnagiri,40.25,-24.471200000000003
2024-06-05 04:00:00,577,Krishnagiri,6.333333333333333,-24.2012
2024-06-05 05:00:00,577,Krishnagiri,11.0,-24.2012
2024-06-05 06:00:00,577,Krishnagiri,1.5,-24.2012
2024-06-05 07:00:00,577,Krishnagiri,1.0,-24.2012
2024-06-05 08:00:00,577,Krishnagiri,2.0,-24.2012
2024-06-05 09:00:00,577,Krishnagiri,2.5,-24.2012
2024-06-05 10:00:00,577,Krishnagiri,2.0,-24.3598
2024-06-05 11:00:00,577,Krishnagiri,2.5,-24.3598
2024-06-05 12:00:00,577,Krishnagiri,2.0,-24.3598
2024-06-05 13:00:00,577,Krishnagiri,1.25,-24.3598
2024-06-05 15:00:00,577,Krishnagiri,1.0,-24.3598
2024-06-05 16:00:00,577,Krishnagiri,1.5,-23.7446
2024-06-05 17:00:00,577,Krishnagiri,1.0,-23.7446
2024-06-05 18:00:00,577,Krishnagiri,14.833333333333334,-23.7446
2024-06-05 19:00:00,577,Krishnagiri,6.666666666666667,-23.7446
2024-06-05 20:00:00,577,Krishnagiri,0.6666666666666666,-23.7446
2024-06-05 21:00:00,577,Krishnagiri,2.375,-23.7446
2024-06-05 22:00:00,577,Krishnagiri,2.375,-23.437
2024-06-05 23:00:00,577,Krishnagiri,2.125,-23.437
2024-06-06 00:00:00,577,Krishnagiri,1.625,-23.437
2024-06-06 01:00:00,577,Krishnagiri,0.8333333333333334,-23.437
2024-06-06 02:00:00,577,Krishnagiri,0.625,-23.437
2024-06-06 03:00:00,577,Krishnagiri,0.5,-23.437
2024-06-06 04:00:00,577,Krishnagiri,0.5,-23.1412
2024-06-06 06:00:00,577,Krishnagiri,0.5,-23.1412
2024-06-06 07:00:00,577,Krishnagiri,0.5,-23.1412
2024-06-06 08:00:00,577,Krishnagiri,0.5,-23.1412
2024-06-06 10:00:00,577,Krishnagiri,0.5,-23.3274
2024-06-06 11:00:00,577,Krishnagiri,0.5,-23.3274
2024-06-06 13:00:00,577,Krishnagiri,0.5,-23.3274
2024-06-06 18:00:00,577,Krishnagiri,10.0,-23.134
2024-06-06 19:00:00,577,Krishnagiri,1.5,-23.134
2024-06-06 21:00:00,577,Krishnagiri,1.5,-23.134
2024-06-06 23:00:00,577,Krishnagiri,1.25,-22.717
2024-06-07 00:00:00,577,Krishnagiri,1.3333333333333333,-22.717
2024-06-07 01:00:00,577,Krishnagiri,0.75,-22.717
2024-06-07 02:00:00,577,Krishnagiri,0.5,-22.717
2024-06-07 03:00:00,577,Krishnagiri,0.5,-22.717
2024-06-07 04:00:00,577,Krishnagiri,0.5,-22.4518
2024-06-07 06:00:00,577,Krishnagiri,0.5,-22.4518
2024-06-07 10:00:00,577,Krishnagiri,0.5,-22.703
2024-06-07 13:00:00,577,Krishnagiri,0.5,-22.703
2024-06-07 18:00:00,577,Krishnagiri,1.0,-22.4846
2024-06-07 19:00:00,577,Krishnagiri,1.5,-22.4846
2024-06-07 20:00:00,577,Krishnagiri,0.5,-22.4846
2024-06-07 21:00:00,577,Krishnagiri,0.5,-22.4846
2024-06-08 20:00:00,577,Krishnagiri,0.5,-22.4486
2024-06-08 21:00:00,577,Krishnagiri,23.5,-22.4486
2024-06-09 06:00:00,577,Krishnagiri,0.5,-21.7604
2024-06-09 15:00:00,577,Krishnagiri,1.5,-23.1076
2024-06-09 16:00:00,577,Krishnagiri,5.25,-22.7874
2024-06-13 22:00:00,577,Krishnagiri,3.5,-22.1394
2024-06-17 09:00:00,577,Krishnagiri,0.5,-22.9678
2024-06-17 10:00:00,577,Krishnagiri,0.5,-23.3096
2024-06-17 11:00:00,577,Krishnagiri,0.5,-23.3096
2024-06-17 12:00:00,577,Krishnagiri,0.5,-23.3096
2024-06-17 21:00:00,577,Krishnagiri,8.25,-23.6968
2024-06-17 22:00:00,577,Krishnagiri,1.0,-23.418
2024-06-19 20:00:00,577,Krishnagiri,1.0,-22.8036
2024-06-19 22:00:00,577,Krishnagiri,0.6666666666666666,-22.4142
2024-06-19 23:00:00,577,Krishnagiri,0.75,-22.4142
2024-06-20 00:00:00,577,Krishnagiri,0.6666666666666666,-22.4142
2024-06-20 01:00:00,577,Krishnagiri,0.5,-22.4142
2024-06-20 02:00:00,577,Krishnagiri,0.5,-22.4142
2024-06-20 04:00:00,577,Krishnagiri,0.5,-22.0208
2024-06-20 06:00:00,577,Krishnagiri,0.5,-22.0208
2024-06-20 09:00:00,577,Krishnagiri,0.5,-22.0208
2024-06-20 11:00:00,577,Krishnagiri,0.5,-22.0052
2024-06-20 14:00:00,577,Krishnagiri,0.5,-22.0052
2024-06-20 16:00:00,577,Krishnagiri,0.5,-21.9124
2024-06-20 17:00:00,577,Krishnagiri,14.0,-21.9124
2024-06-20 18:00:00,577,Krishnagiri,4.5,-21.9124
2024-06-20 19:00:00,577,Krishnagiri,0.5,-21.9124
2024-06-20 23:00:00,577,Krishnagiri,0.5,-21.4912
2024-06-21 04:00:00,577,Krishnagiri,0.5,-21.0818
2024-06-21 10:00:00,577,Krishnagiri,0.5,-22.1282
2024-06-21 17:00:00,577,Krishnagiri,0.5,-22.1708
2024-06-21 18:00:00,577,Krishnagiri,2.0,-22.1708
2024-06-21 19:00:00,577,Krishnagiri,0.5,-22.1708
2024-06-21 22:00:00,577,Krishnagiri,0.5,-21.5772
2024-06-22 01:00:00,577,Krishnagiri,0.5,-21.5772
2024-06-22 05:00:00,577,Krishnagiri,0.5,-21.0228
2024-06-22 09:00:00,577,Krishnagiri,0.5,-21.0228
2024-06-22 12:00:00,577,Krishnagiri,0.5,-21.2268
2024-06-22 17:00:00,577,Krishnagiri,0.5,-21.068
2024-06-22 22:00:00,577,Krishnagiri,0.5,-20.84
2024-06-23 05:00:00,577,Krishnagiri,0.5,-20.4374
2024-06-23 13:00:00,577,Krishnagiri,0.5,-20.9892
2024-06-23 18:00:00,577,Krishnagiri,2.25,-21.4116
2024-06-23 19:00:00,577,Krishnagiri,8.5,-21.4116
2024-06-23 20:00:00,577,Krishnagiri,0.75,-21.4116
2024-06-23 21:00:00,577,Krishnagiri,1.0,-21.4116
2024-06-23 22:00:00,577,Krishnagiri,0.5,-20.7498
2024-06-24 04:00:00,577,Krishnagiri,0.5,-20.319
2024-06-24 13:00:00,577,Krishnagiri,0.5,-20.3582
2024-06-24 17:00:00,577,Krishnagiri,0.5,-20.7902
2024-06-24 20:00:00,577,Krishnagiri,1.0,-20.7902
2024-06-24 23:00:00,577,Krishnagiri,0.5,-20.3738
2024-06-25 10:00:00,577,Krishnagiri,0.5,-21.1392
2024-06-25 16:00:00,577,Krishnagiri,0.5,-17.810333333333332
2024-06-25 17:00:00,577,Krishnagiri,1.0,-17.810333333333332
2024-06-25 18:00:00,577,Krishnagiri,2.5,-17.810333333333332
2024-06-25 19:00:00,577,Krishnagiri,0.75,-17.810333333333332
2024-06-25 20:00:00,577,Krishnagiri,0.5,-17.810333333333332
2024-06-25 23:00:00,577,Krishnagiri,0.5,-17.549666666666667
2024-06-26 00:00:00,577,Krishnagiri,0.5,-17.549666666666667
2024-06-26 14:00:00,577,Krishnagiri,0.5,-20.8568
2024-06-26 19:00:00,577,Krishnagiri,0.5,-20.974
2024-06-27 12:00:00,577,Krishnagiri,0.5,-18.508166666666664
2024-06-27 13:00:00,577,Krishnagiri,0.5,-18.508166666666664
2024-06-27 14:00:00,577,Krishnagiri,0.5,-18.508166666666664
2024-06-28 18:00:00,577,Krishnagiri,1.5,-18.83233333333333
2024-06-29 05:00:00,577,Krishnagiri,0.5,-18.11683333333333
2024-06-29 20:00:00,577,Krishnagiri,1.5,-19.075
2024-06-30 01:00:00,577,Krishnagiri,0.5,-18.649666666666665
2024-06-30 19:00:00,577,Krishnagiri,0.5,-18.773
2024-06-30 21:00:00,577,Krishnagiri,0.5,-18.773
2024-06-30 22:00:00,577,Krishnagiri,0.5,-18.27583333333333
2024-07-01 00:00:00,577,Krishnagiri,0.5,-18.27583333333333
2024-07-01 02:00:00,577,Krishnagiri,0.5,-18.27583333333333
2024-07-01 05:00:00,577,Krishnagiri,0.5,-17.913833333333333
2024-07-01 06:00:00,577,Krishnagiri,0.5,-17.913833333333333
2024-07-01 10:00:00,577,Krishnagiri,0.5,-18.10483333333333
2024-07-01 14:00:00,577,Krishnagiri,0.5,-18.10483333333333
2024-07-01 18:00:00,577,Krishnagiri,0.5,-18.025166666666667
2024-07-01 23:00:00,577,Krishnagiri,0.5,-17.746
2024-07-02 05:00:00,577,Krishnagiri,0.5,-17.639166666666668
2024-07-02 11:00:00,577,Krishnagiri,0.5,-17.993166666666667
2024-07-03 04:00:00,577,Krishnagiri,0.5,-18.098166666666668
2024-07-03 14:00:00,577,Krishnagiri,0.5,-18.60783333333333
2024-07-03 19:00:00,577,Krishnagiri,1.5,-18.921166666666668
2024-07-04 00:00:00,577,Krishnagiri,0.5,-18.320666666666668
2024-07-04 10:00:00,577,Krishnagiri,0.5,-9.951
2024-07-05 07:00:00,577,Krishnagiri,0.5,-17.407500000000002
2024-07-05 18:00:00,577,Krishnagiri,0.5,-18.448833333333333
2024-07-06 04:00:00,577,Krishnagiri,0.5,-17.9895
2024-07-06 13:00:00,577,Krishnagiri,0.5,-18.3235
2024-07-06 19:00:00,577,Krishnagiri,0.5,-18.646
2024-07-07 07:00:00,577,Krishnagiri,0.5,-18.03533333333333
2024-07-08 18:00:00,577,Krishnagiri,0.5,-19.027666666666665
2024-07-08 21:00:00,577,Krishnagiri,0.5,-19.027666666666665
2024-07-10 22:00:00,577,Krishnagiri,0.5,-21.4138
2024-07-11 02:00:00,577,Krishnagiri,0.5,-21.4138
2024-07-11 07:00:00,577,Krishnagiri,0.5,-20.7256
2024-07-12 18:00:00,577,Krishnagiri,2.5,-22.3792
2024-07-12 19:00:00,577,Krishnagiri,0.5,-22.3792
2024-07-12 22:00:00,577,Krishnagiri,0.5,-21.991000000000003
2024-07-12 23:00:00,577,Krishnagiri,0.75,-21.991000000000003
2024-07-13 00:00:00,577,Krishnagiri,0.5,-21.991000000000003
2024-07-13 01:00:00,577,Krishnagiri,0.5,-21.991000000000003
2024-07-13 02:00:00,577,Krishnagiri,0.5,-21.991000000000003
2024-07-13 03:00:00,577,Krishnagiri,0.5,-21.991000000000003
2024-07-13 07:00:00,577,Krishnagiri,0.5,-21.3442
2024-07-13 14:00:00,577,Krishnagiri,0.5,-21.4192
2024-07-14 20:00:00,577,Krishnagiri,0.5,-21.741
2024-07-14 22:00:00,577,Krishnagiri,0.5,-21.2954
2024-07-15 03:00:00,577,Krishnagiri,0.5,-21.2954
2024-07-15 04:00:00,577,Krishnagiri,0.75,-20.7734
2024-07-15 05:00:00,577,Krishnagiri,0.5,-20.7734
2024-07-15 06:00:00,577,Krishnagiri,0.5,-20.7734
2024-07-15 14:00:00,577,Krishnagiri,0.5,-21.425
2024-07-15 16:00:00,577,Krishnagiri,0.5,-21.045
2024-07-15 18:00:00,577,Krishnagiri,1.5,-21.045
2024-07-15 19:00:00,577,Krishnagiri,0.5,-21.045
2024-07-15 20:00:00,577,Krishnagiri,0.5,-21.045
2024-07-16 03:00:00,577,Krishnagiri,0.5,-20.6162
2024-07-16 05:00:00,577,Krishnagiri,0.5,-20.3034
2024-07-16 07:00:00,577,Krishnagiri,0.5,-20.3034
2024-07-16 15:00:00,577,Krishnagiri,0.5,-20.8464
2024-07-16 16:00:00,577,Krishnagiri,0.5,-20.9506
2024-07-16 17:00:00,577,Krishnagiri,0.75,-20.9506
2024-07-16 18:00:00,577,Krishnagiri,0.5,-20.9506
2024-07-16 23:00:00,577,Krishnagiri,0.5,-20.3596
2024-07-17 03:00:00,577,Krishnagiri,0.5,-20.3596
2024-07-17 17:00:00,577,Krishnagiri,5.5,-20.8788
2024-07-17 18:00:00,577,Krishnagiri,2.5,-20.8788
2024-07-17 19:00:00,577,Krishnagiri,2.25,-20.8788
2024-07-17 20:00:00,577,Krishnagiri,1.0,-20.8788
2024-07-18 03:00:00,577,Krishnagiri,0.5,-20.5536
2024-07-18 06:00:00,577,Krishnagiri,0.5,-17.8775
2024-07-18 14:00:00,577,Krishnagiri,0.5,-32.576
2024-07-18 15:00:00,577,Krishnagiri,3.75,-32.576
2024-07-18 16:00:00,577,Krishnagiri,2.0,-32.576
2024-07-18 17:00:00,577,Krishnagiri,0.5,-18.233166666666666
2024-07-18 18:00:00,577,Krishnagiri,0.5,-18.233166666666666
2024-07-19 12:00:00,577,Krishnagiri,0.5,-17.95866666666667
2024-07-19 14:00:00,577,Krishnagiri,0.5,-12.966
2024-07-19 15:00:00,577,Krishnagiri,0.5,-12.966
2024-07-19 16:00:00,577,Krishnagiri,0.75,-17.688
2024-07-19 17:00:00,577,Krishnagiri,0.5,-17.688
2024-07-19 20:00:00,577,Krishnagiri,0.5,-17.688
2024-07-20 19:00:00,577,Krishnagiri,0.5,-17.783666666666665
2024-07-21 18:00:00,577,Krishnagiri,1.5,-18.3025
2024-07-25 17:00:00,577,Krishnagiri,0.5,-19.433333333333334
2024-07-26 19:00:00,577,Krishnagiri,0.5,-19.235666666666663
2024-07-29 16:00:00,577,Krishnagiri,0.5,-20.21783333333333
2024-07-29 17:00:00,577,Krishnagiri,0.5,-20.21783333333333
2024-07-30 05:00:00,577,Krishnagiri,0.5,-19.563166666666667
2024-07-30 06:00:00,577,Krishnagiri,0.5,-19.563166666666667
2024-07-30 07:00:00,577,Krishnagiri,1.0,-19.563166666666667
2024-07-30 12:00:00,577,Krishnagiri,0.5,-20.063666666666663
2024-07-31 21:00:00,577,Krishnagiri,0.5,-19.954833333333333
2024-08-01 22:00:00,577,Krishnagiri,0.5,-18.9965
2024-08-01 23:00:00,577,Krishnagiri,0.5,-18.9965
2024-08-02 01:00:00,577,Krishnagiri,0.5,-18.9965
2024-08-05 00:00:00,577,Krishnagiri,0.5,-18.981166666666667
2024-08-05 03:00:00,577,Krishnagiri,0.5,-18.981166666666667
2024-08-05 04:00:00,577,Krishnagiri,0.5,-18.460166666666662
2024-08-05 05:00:00,577,Krishnagiri,0.5,-18.460166666666662
2024-08-05 06:00:00,577,Krishnagiri,1.0,-18.460166666666662
2024-08-05 15:00:00,577,Krishnagiri,6.0,-19.339
2024-08-05 16:00:00,577,Krishnagiri,4.0,-19.57466666666667
2024-08-05 17:00:00,577,Krishnagiri,0.5,-19.57466666666667
2024-08-05 20:00:00,577,Krishnagiri,0.5,-19.57466666666667
2024-08-06 01:00:00,577,Krishnagiri,25.0,-19.026
2024-08-06 02:00:00,577,Krishnagiri,4.75,-19.026
2024-08-06 03:00:00,577,Krishnagiri,1.5,-19.026
2024-08-06 04:00:00,577,Krishnagiri,2.0,-18.668166666666668
2024-08-06 05:00:00,577,Krishnagiri,1.25,-18.668166666666668
2024-08-06 06:00:00,577,Krishnagiri,0.5,-18.668166666666668
2024-08-06 08:00:00,577,Krishnagiri,0.5,-18.668166666666668
2024-08-06 13:00:00,577,Krishnagiri,0.5,-18.76816666666667
2024-08-06 22:00:00,577,Krishnagiri,0.5,-18.298
2024-08-06 23:00:00,577,Krishnagiri,0.5,-18.298
2024-08-07 00:00:00,577,Krishnagiri,0.5,-18.298
2024-08-07 01:00:00,577,Krishnagiri,1.0,-18.298
2024-08-07 02:00:00,577,Krishnagiri,0.5,-18.298
2024-08-07 05:00:00,577,Krishnagiri,0.5,-18.004166666666666
2024-08-07 22:00:00,577,Krishnagiri,0.5,-18.11133333333333
2024-08-08 00:00:00,577,Krishnagiri,0.5,-18.11133333333333
2024-08-08 17:00:00,577,Krishnagiri,0.5,-18.88242857142857
2024-08-09 21:00:00,577,Krishnagiri,0.5,-19.81957142857143
2024-08-09 22:00:00,577,Krishnagiri,0.5,-19.56657142857143
2024-08-10 00:00:00,577,Krishnagiri,1.5,-19.56657142857143
2024-08-10 01:00:00,577,Krishnagiri,6.75,-19.56657142857143
2024-08-10 02:00:00,577,Krishnagiri,7.0,-19.56657142857143
2024-08-10 03:00:00,577,Krishnagiri,4.0,-19.56657142857143
2024-08-10 06:00:00,577,Krishnagiri,0.5,-19.15533333333333
2024-08-10 08:00:00,577,Krishnagiri,0.5,-19.15533333333333
2024-08-10 11:00:00,577,Krishnagiri,0.5,-18.959
2024-08-10 12:00:00,577,Krishnagiri,1.5,-18.959
2024-08-10 13:00:00,577,Krishnagiri,2.5,-18.959
2024-08-10 14:00:00,577,Krishnagiri,12.5,-18.959
2024-08-10 15:00:00,577,Krishnagiri,5.5,-18.959
2024-08-10 16:00:00,577,Krishnagiri,19.5,-15.6244
2024-08-10 17:00:00,577,Krishnagiri,16.5,-15.6244
2024-08-10 18:00:00,577,Krishnagiri,15.5,-15.6244
2024-08-10 19:00:00,577,Krishnagiri,12.5,-15.6244
2024-08-10 20:00:00,577,Krishnagiri,5.0,-15.6244
2024-08-10 21:00:00,577,Krishnagiri,0.5,-15.6244
2024-08-10 23:00:00,577,Krishnagiri,2.0,-15.3592
2024-08-11 00:00:00,577,Krishnagiri,0.5,-15.3592
2024-08-11 01:00:00,577,Krishnagiri,0.5,-15.3592
2024-08-11 02:00:00,577,Krishnagiri,1.25,-15.3592
2024-08-11 03:00:00,577,Krishnagiri,0.8333333333333334,-15.3592
2024-08-11 04:00:00,577,Krishnagiri,0.6666666666666666,-18.41485714285714
2024-08-11 05:00:00,577,Krishnagiri,1.5,-18.41485714285714
2024-08-11 06:00:00,577,Krishnagiri,2.0,-18.41485714285714
2024-08-11 09:00:00,577,Krishnagiri,0.5,-18.41485714285714
2024-08-11 10:00:00,577,Krishnagiri,0.5,-18.674857142857142
2024-08-11 11:00:00,577,Krishnagiri,0.5,-18.674857142857142
2024-08-11 17:00:00,577,Krishnagiri,0.5,-18.9306
2024-08-11 18:00:00,577,Krishnagiri,0.5,-18.9306
2024-08-11 19:00:00,577,Krishnagiri,0.5,-18.9306
2024-08-11 20:00:00,577,Krishnagiri,0.5,-18.9306
2024-08-11 21:00:00,577,Krishnagiri,2.5,-18.9306
2024-08-11 22:00:00,577,Krishnagiri,7.166666666666667,-18.9864
2024-08-11 23:00:00,577,Krishnagiri,37.0,-18.9864
2024-08-12 00:00:00,577,Krishnagiri,18.5,-18.9864
2024-08-12 01:00:00,577,Krishnagiri,9.75,-18.9864
2024-08-12 02:00:00,577,Krishnagiri,3.5,-18.9864
2024-08-12 03:00:00,577,Krishnagiri,4.5,-18.9864
2024-08-12 05:00:00,577,Krishnagiri,1.0,-16.3375
2024-08-12 07:00:00,577,Krishnagiri,4.5,-16.3375
2024-08-12 08:00:00,577,Krishnagiri,4.5,-16.3375
2024-08-12 09:00:00,577,Krishnagiri,4.0,-16.3375
2024-08-12 10:00:00,577,Krishnagiri,4.0,-16.46125
2024-08-12 11:00:00,577,Krishnagiri,4.0,-16.46125
2024-08-12 12:00:00,577,Krishnagiri,2.5,-16.46125
2024-08-12 13:00:00,577,Krishnagiri,1.0,-16.46125
2024-08-12 14:00:00,577,Krishnagiri,0.5,-16.46125
2024-08-12 15:00:00,577,Krishnagiri,1.0,-16.46125
2024-08-12 16:00:00,577,Krishnagiri,0.5,-17.700666666666667
2024-08-12 17:00:00,577,Krishnagiri,1.0,-17.700666666666667
2024-08-12 18:00:00,577,Krishnagiri,1.0,-17.700666666666667
2024-08-12 19:00:00,577,Krishnagiri,1.0,-17.700666666666667
2024-08-12 20:00:00,577,Krishnagiri,4.0,-17.700666666666667
2024-08-12 21:00:00,577,Krishnagiri,4.0,-17.700666666666667
2024-08-12 22:00:00,577,Krishnagiri,4.0,-17.312833333333334
2024-08-12 23:00:00,577,Krishnagiri,4.0,-17.312833333333334
2024-08-13 00:00:00,577,Krishnagiri,3.5,-17.312833333333334
2024-08-13 01:00:00,577,Krishnagiri,3.5,-17.312833333333334
2024-08-13 02:00:00,577,Krishnagiri,3.0,-17.312833333333334
2024-08-13 03:00:00,577,Krishnagiri,3.25,-17.312833333333334
2024-08-13 04:00:00,577,Krishnagiri,1.5,-19.2284
2024-08-13 05:00:00,577,Krishnagiri,2.0,-19.2284
2024-08-13 06:00:00,577,Krishnagiri,0.5,-19.2284
2024-08-13 07:00:00,577,Krishnagiri,2.0,-19.2284
2024-08-13 11:00:00,577,Krishnagiri,1.0,-19.2342
2024-08-13 13:00:00,577,Krishnagiri,0.5,-19.2342
2024-08-13 15:00:00,577,Krishnagiri,0.5,-19.2342
2024-08-13 16:00:00,577,Krishnagiri,1.5,-14.516749999999998
2024-08-13 17:00:00,577,Krishnagiri,1.0,-14.516749999999998
2024-08-13 18:00:00,577,Krishnagiri,1.5,-14.516749999999998
2024-08-13 19:00:00,577,Krishnagiri,1.5,-14.516749999999998
2024-08-13 20:00:00,577,Krishnagiri,1.0,-14.516749999999998
2024-08-13 21:00:00,577,Krishnagiri,1.0,-14.516749999999998
2024-08-13 22:00:00,577,Krishnagiri,1.5,-14.439
2024-08-13 23:00:00,577,Krishnagiri,0.5,-14.439
2024-08-14 00:00:00,577,Krishnagiri,1.0,-14.439
2024-08-14 01:00:00,577,Krishnagiri,0.5,-14.439
2024-08-14 02:00:00,577,Krishnagiri,0.5,-14.439
2024-08-14 19:00:00,577,Krishnagiri,23.5,-17.324166666666667
2024-08-14 20:00:00,577,Krishnagiri,3.5,-17.324166666666667
2024-08-14 21:00:00,577,Krishnagiri,0.5,-17.324166666666667
2024-08-16 16:00:00,577,Krishnagiri,0.5,-14.5238
2024-08-17 03:00:00,577,Krishnagiri,3.5,-14.0942
2024-08-17 04:00:00,577,Krishnagiri,1.0,-18.826
2024-08-17 10:00:00,577,Krishnagiri,310.0,-18.723333333333333
2024-08-17 11:00:00,577,Krishnagiri,327.5,-18.723333333333333
2024-08-17 12:00:00,577,Krishnagiri,854.5,-18.723333333333333
2024-08-17 13:00:00,577,Krishnagiri,176.0,-18.723333333333333
2024-08-17 14:00:00,577,Krishnagiri,3.5,-18.723333333333333
2024-08-18 21:00:00,577,Krishnagiri,0.5,-23.243333333333336
2024-08-19 04:00:00,577,Krishnagiri,0.5,-18.74325
2024-08-19 09:00:00,577,Krishnagiri,0.5,-18.74325
2024-08-19 14:00:00,577,Krishnagiri,0.5,-19.669
2024-08-19 18:00:00,577,Krishnagiri,0.5,-16.75675
2024-08-19 19:00:00,577,Krishnagiri,1.5,-16.75675
2024-08-19 21:00:00,577,Krishnagiri,17.5,-16.75675
2024-08-19 23:00:00,577,Krishnagiri,0.5,-15.991
2024-08-20 21:00:00,577,Krishnagiri,0.5,-16.7685
2024-08-20 22:00:00,577,Krishnagiri,1.0,-16.62183333333333
2024-08-20 23:00:00,577,Krishnagiri,6.5,-16.62183333333333
2024-08-21 00:00:00,577,Krishnagiri,5.5,-16.62183333333333
2024-08-21 01:00:00,577,Krishnagiri,2.0,-16.62183333333333
2024-08-21 02:00:00,577,Krishnagiri,0.5,-16.62183333333333
2024-08-21 03:00:00,577,Krishnagiri,0.5,-16.62183333333333
2024-08-21 07:00:00,577,Krishnagiri,0.5,-16.253
2024-08-22 00:00:00,577,Krishnagiri,3.0,-17.083750000000002
2024-08-22 01:00:00,577,Krishnagiri,2.5,-17.083750000000002
2024-08-22 02:00:00,577,Krishnagiri,2.5,-17.083750000000002
2024-08-22 03:00:00,577,Krishnagiri,1.5,-17.083750000000002
2024-08-24 20:00:00,577,Krishnagiri,0.5,-20.1222
2024-08-25 02:00:00,577,Krishnagiri,0.5,-19.7238
2024-08-25 13:00:00,577,Krishnagiri,0.5,-17.485166666666668
2024-08-25 15:00:00,577,Krishnagiri,0.5,-17.485166666666668
2024-08-25 16:00:00,577,Krishnagiri,0.5,-17.7176
2024-08-25 17:00:00,577,Krishnagiri,0.5,-17.7176
2024-08-29 15:45:00,577,Krishnagiri,0.5,-18.409666666666663
2024-08-29 15:50:00,577,Krishnagiri,0.5,-18.409666666666663
2024-08-29 15:55:00,577,Krishnagiri,0.5,-18.409666666666663
2024-08-29 16:00:00,577,Krishnagiri,0.5,-18.409666666666663
2024-08-29 16:25:00,577,Krishnagiri,0.5,-18.409666666666663
2024-08-29 16:30:00,577,Krishnagiri,0.5,-18.409666666666663
2024-08-29 16:35:00,577,Krishnagiri,0.5,-18.409666666666663
2024-08-29 16:40:00,577,Krishnagiri,0.5,-18.409666666666663
2024-08-29 16:45:00,577,Krishnagiri,0.5,-18.409666666666663
2024-08-29 16:50:00,577,Krishnagiri,0.5,-18.409666666666663
2024-08-29 16:55:00,577,Krishnagiri,0.5,-18.409666666666663
2024-08-29 17:00:00,577,Krishnagiri,0.75,-18.409666666666663
2024-08-29 17:35:00,577,Krishnagiri,0.5,-18.409666666666663
2024-08-29 17:40:00,577,Krishnagiri,0.5,-18.409666666666663
2024-08-29 17:45:00,577,Krishnagiri,0.5,-18.409666666666663
2024-08-29 18:00:00,577,Krishnagiri,0.5,-18.409666666666663
2024-08-29 19:00:00,577,Krishnagiri,0.75,-18.409666666666663
2024-08-29 20:00:00,577,Krishnagiri,0.5,-18.409666666666663
2024-08-29 21:00:00,577,Krishnagiri,0.5,-18.409666666666663
2024-08-29 22:00:00,577,Krishnagiri,0.5,-17.712333333333333
2024-08-29 23:00:00,577,Krishnagiri,0.5,-17.712333333333333
2024-08-30 00:00:00,577,Krishnagiri,0.5,-17.712333333333333
2024-08-30 01:00:00,577,Krishnagiri,0.5,-17.712333333333333
2024-08-30 02:00:00,577,Krishnagiri,0.5,-17.712333333333333
2024-08-30 04:00:00,577,Krishnagiri,0.5,-14.2884
2024-08-30 05:00:00,577,Krishnagiri,0.5,-14.2884
2024-08-30 07:00:00,577,Krishnagiri,0.5,-14.2884
2024-08-30 08:00:00,577,Krishnagiri,0.5,-14.2884
2024-08-30 10:00:00,577,Krishnagiri,0.5,-14.493
2024-08-30 12:00:00,577,Krishnagiri,0.5,-14.493
2024-08-30 14:00:00,577,Krishnagiri,0.5,-14.493
2024-08-30 17:00:00,577,Krishnagiri,0.5,-18.24983333333333
2024-08-30 19:00:00,577,Krishnagiri,0.5,-18.24983333333333
2024-08-30 22:00:00,577,Krishnagiri,0.5,-17.2865
2024-08-31 02:00:00,577,Krishnagiri,0.5,-17.2865
2024-08-31 06:00:00,577,Krishnagiri,0.5,-16.999666666666666
2024-08-31 10:00:00,577,Krishnagiri,0.5,-17.107833333333335
2024-08-31 14:00:00,577,Krishnagiri,0.5,-17.107833333333335
2024-08-31 21:00:00,577,Krishnagiri,0.5,-17.086
2024-09-01 08:00:00,577,Krishnagiri,0.5,-16.718333333333334
2024-09-01 22:00:00,577,Krishnagiri,0.5,-17.697999999999997
2024-09-02 08:00:00,577,Krishnagiri,0.5,-17.1645
2024-09-02 13:00:00,577,Krishnagiri,0.5,-18.413166666666665
2024-09-02 16:00:00,577,Krishnagiri,2.0,-18.355500000000003
2024-09-02 17:00:00,577,Krishnagiri,7.5,-18.355500000000003
2024-09-02 18:00:00,577,Krishnagiri,2.0,-18.355500000000003
2024-09-02 19:00:00,577,Krishnagiri,1.5,-18.355500000000003
2024-09-02 22:00:00,577,Krishnagiri,1.0,-17.9135
2024-09-03 00:00:00,577,Krishnagiri,0.5,-17.9135
2024-09-03 10:00:00,577,Krishnagiri,0.5,-18.178166666666662
2024-09-04 09:00:00,577,Krishnagiri,0.5,-18.3555
2024-09-07 13:00:00,577,Krishnagiri,2.5,-22.1202
2024-09-07 16:00:00,577,Krishnagiri,0.5,-22.6198
2024-09-07 17:00:00,577,Krishnagiri,1.5,-22.6198
2024-09-07 18:00:00,577,Krishnagiri,1.5,-22.6198
2024-09-08 09:00:00,577,Krishnagiri,0.5,-21.737
2024-09-08 11:00:00,577,Krishnagiri,0.5,-22.218200000000003
2024-09-08 18:00:00,577,Krishnagiri,1.75,-22.494
2024-09-09 17:00:00,577,Krishnagiri,3.0,-18.149
2024-09-09 18:00:00,577,Krishnagiri,0.5,-18.149
2024-09-11 15:00:00,577,Krishnagiri,2.0,-23.6216
2024-09-13 02:00:00,577,Krishnagiri,0.5,-23.505000000000003
2024-09-15 20:00:00,577,Krishnagiri,0.5,-21.4005
2024-09-20 17:00:00,577,Krishnagiri,2.5,-22.739666666666665
2024-09-20 18:00:00,577,Krishnagiri,0.5,-22.739666666666665
2024-09-22 22:00:00,577,Krishnagiri,1.0,-23.188333333333333
2024-09-28 22:00:00,577,Krishnagiri,1.0,-24.362333333333336
2024-09-28 23:00:00,577,Krishnagiri,5.0,-24.362333333333336
2024-09-29 06:00:00,577,Krishnagiri,1.0,-24.1195
2024-09-29 07:00:00,577,Krishnagiri,0.5,-24.1195
2024-10-02 17:00:00,577,Krishnagiri,22.0,-24.662333333333333
2024-10-02 18:00:00,577,Krishnagiri,12.5,-24.662333333333333
2024-10-02 19:00:00,577,Krishnagiri,2.0,-24.662333333333333
2024-10-02 21:00:00,577,Krishnagiri,1.0,-24.662333333333333
2024-10-03 15:55:00,577,Krishnagiri,1.0,-24.389166666666668
2024-10-03 16:00:00,577,Krishnagiri,1.5,-24.389166666666668
2024-10-03 16:05:00,577,Krishnagiri,0.5,-24.389166666666668
2024-10-03 16:10:00,577,Krishnagiri,2.0,-24.389166666666668
2024-10-03 16:15:00,577,Krishnagiri,3.5,-24.389166666666668
2024-10-03 16:20:00,577,Krishnagiri,4.5,-24.389166666666668
2024-10-03 16:25:00,577,Krishnagiri,4.5,-24.389166666666668
2024-10-03 16:30:00,577,Krishnagiri,5.0,-24.389166666666668
2024-10-03 17:00:00,577,Krishnagiri,7.0,-24.389166666666668
2024-10-03 17:45:00,577,Krishnagiri,0.5,-24.389166666666668
2024-10-03 17:50:00,577,Krishnagiri,0.5,-24.389166666666668
2024-10-03 17:55:00,577,Krishnagiri,0.5,-24.389166666666668
2024-10-03 18:00:00,577,Krishnagiri,0.5,-24.389166666666668
2024-10-03 18:20:00,577,Krishnagiri,1.5,-24.389166666666668
2024-10-03 18:25:00,577,Krishnagiri,3.0,-24.389166666666668
2024-10-03 18:30:00,577,Krishnagiri,3.5,-24.389166666666668
2024-10-03 18:35:00,577,Krishnagiri,3.5,-24.389166666666668
2024-10-03 18:40:00,577,Krishnagiri,3.5,-24.389166666666668
2024-10-03 18:45:00,577,Krishnagiri,3.5,-24.389166666666668
2024-10-03 18:50:00,577,Krishnagiri,3.5,-24.389166666666668
2024-10-03 18:55:00,577,Krishnagiri,3.5,-24.389166666666668
2024-10-03 19:00:00,577,Krishnagiri,3.5,-24.389166666666668
2024-10-04 01:40:00,577,Krishnagiri,0.5,-24.365333333333336
2024-10-04 01:45:00,577,Krishnagiri,0.5,-24.365333333333336
2024-10-04 01:50:00,577,Krishnagiri,0.5,-24.365333333333336
2024-10-04 01:55:00,577,Krishnagiri,1.0,-24.365333333333336
2024-10-04 02:00:00,577,Krishnagiri,2.0,-24.365333333333336
2024-10-04 02:05:00,577,Krishnagiri,0.5,-24.365333333333336
2024-10-04 02:10:00,577,Krishnagiri,0.5,-24.365333333333336
2024-10-04 02:15:00,577,Krishnagiri,0.5,-24.365333333333336
2024-10-04 02:20:00,577,Krishnagiri,1.0,-24.365333333333336
2024-10-04 02:25:00,577,Krishnagiri,2.0,-24.365333333333336
2024-10-04 02:30:00,577,Krishnagiri,2.5,-24.365333333333336
2024-10-04 02:35:00,577,Krishnagiri,2.5,-24.365333333333336
2024-10-04 02:40:00,577,Krishnagiri,2.5,-24.365333333333336
2024-10-04 02:45:00,577,Krishnagiri,2.5,-24.365333333333336
2024-10-04 02:50:00,577,Krishnagiri,2.5,-24.365333333333336
2024-10-04 02:55:00,577,Krishnagiri,2.5,-24.365333333333336
2024-10-04 03:00:00,577,Krishnagiri,2.5,-24.365333333333336
2024-10-04 03:45:00,577,Krishnagiri,0.5,-24.102666666666664
2024-10-04 03:50:00,577,Krishnagiri,0.5,-24.102666666666664
2024-10-04 03:55:00,577,Krishnagiri,0.5,-24.102666666666664
2024-10-04 04:00:00,577,Krishnagiri,0.5,-24.102666666666664
2024-10-04 06:15:00,577,Krishnagiri,0.5,-24.102666666666664
2024-10-04 06:20:00,577,Krishnagiri,0.5,-24.102666666666664
2024-10-04 06:25:00,577,Krishnagiri,0.5,-24.102666666666664
2024-10-04 06:30:00,577,Krishnagiri,0.5,-24.102666666666664
2024-10-04 06:35:00,577,Krishnagiri,0.5,-24.102666666666664
2024-10-04 06:40:00,577,Krishnagiri,0.5,-24.102666666666664
2024-10-04 06:45:00,577,Krishnagiri,0.5,-24.102666666666664
2024-10-04 06:50:00,577,Krishnagiri,0.5,-24.102666666666664
2024-10-04 06:55:00,577,Krishnagiri,0.5,-24.102666666666664
2024-10-04 07:00:00,577,Krishnagiri,0.5,-24.102666666666664
2024-10-04 16:00:00,577,Krishnagiri,9.5,-24.385
2024-10-04 17:00:00,577,Krishnagiri,2.75,-24.385
2024-10-04 18:00:00,577,Krishnagiri,1.75,-24.385
2024-10-04 18:10:00,577,Krishnagiri,0.5,-24.385
2024-10-04 18:15:00,577,Krishnagiri,0.5,-24.385
2024-10-04 18:20:00,577,Krishnagiri,0.5,-24.385
2024-10-04 18:25:00,577,Krishnagiri,0.5,-24.385
2024-10-04 18:30:00,577,Krishnagiri,1.0,-24.385
2024-10-04 18:35:00,577,Krishnagiri,1.0,-24.385
2024-10-04 18:40:00,577,Krishnagiri,1.0,-24.385
2024-10-04 18:45:00,577,Krishnagiri,1.0,-24.385
2024-10-04 18:50:00,577,Krishnagiri,1.0,-24.385
2024-10-04 18:55:00,577,Krishnagiri,1.0,-24.385
2024-10-04 19:00:00,577,Krishnagiri,1.5,-24.385
2024-10-04 19:55:00,577,Krishnagiri,0.5,-24.385
2024-10-04 20:00:00,577,Krishnagiri,1.25,-24.385
2024-10-04 21:00:00,577,Krishnagiri,5.75,-24.385
2024-10-04 22:00:00,577,Krishnagiri,29.0,-24.19083333333333
2024-10-04 23:00:00,577,Krishnagiri,10.5,-24.19083333333333
2024-10-05 00:00:00,577,Krishnagiri,5.25,-24.19083333333333
2024-10-05 01:00:00,577,Krishnagiri,1.75,-24.19083333333333
2024-10-05 02:00:00,577,Krishnagiri,0.5,-24.19083333333333
2024-10-05 03:00:00,577,Krishnagiri,0.5,-24.19083333333333
2024-10-05 04:00:00,577,Krishnagiri,1.25,-24.53533333333333
2024-10-05 05:00:00,577,Krishnagiri,2.5,-24.53533333333333
2024-10-05 06:00:00,577,Krishnagiri,0.5,-24.53533333333333
2024-10-05 07:00:00,577,Krishnagiri,0.5,-24.53533333333333
2024-10-05 09:15:00,577,Krishnagiri,0.5,-23.9445
2024-10-05 09:20:00,577,Krishnagiri,0.5,-23.9445
2024-10-05 09:25:00,577,Krishnagiri,0.5,-23.9445
2024-10-05 09:30:00,577,Krishnagiri,0.5,-23.9445
2024-10-05 09:35:00,577,Krishnagiri,0.5,-23.9445
2024-10-05 09:40:00,577,Krishnagiri,0.5,-23.9445
2024-10-05 09:45:00,577,Krishnagiri,1.0,-23.9445
2024-10-05 09:50:00,577,Krishnagiri,1.0,-23.9445
2024-10-05 09:55:00,577,Krishnagiri,1.0,-23.9445
2024-10-05 10:00:00,577,Krishnagiri,1.0,-23.9445
2024-10-05 10:25:00,577,Krishnagiri,0.5,-23.9445
2024-10-05 10:30:00,577,Krishnagiri,0.5,-23.9445
2024-10-05 10:35:00,577,Krishnagiri,0.5,-23.9445
2024-10-05 10:40:00,577,Krishnagiri,0.5,-23.9445
2024-10-05 10:45:00,577,Krishnagiri,0.5,-23.9445
2024-10-05 10:50:00,577,Krishnagiri,0.5,-23.9445
2024-10-05 10:55:00,577,Krishnagiri,0.5,-23.9445
2024-10-05 11:00:00,577,Krishnagiri,0.5,-23.9445
2024-10-05 11:25:00,577,Krishnagiri,0.5,-23.9445
2024-10-05 11:30:00,577,Krishnagiri,0.5,-23.9445
2024-10-05 11:35:00,577,Krishnagiri,0.5,-23.9445
2024-10-05 11:40:00,577,Krishnagiri,0.5,-23.9445
2024-10-05 11:45:00,577,Krishnagiri,0.5,-23.9445
2024-10-05 11:50:00,577,Krishnagiri,0.5,-23.9445
2024-10-05 11:55:00,577,Krishnagiri,0.5,-23.9445
2024-10-05 12:00:00,577,Krishnagiri,0.5,-23.9445
2024-10-05 15:00:00,577,Krishnagiri,1.0,-23.9445
2024-10-05 16:00:00,577,Krishnagiri,0.5,-23.6245
2024-10-05 22:00:00,577,Krishnagiri,1.0,-23.27283333333333
2024-10-05 23:00:00,577,Krishnagiri,7.75,-23.27283333333333
2024-10-06 00:00:00,577,Krishnagiri,1.0,-23.27283333333333
2024-10-06 01:00:00,577,Krishnagiri,1.0,-23.27283333333333
2024-10-06 02:00:00,577,Krishnagiri,1.5,-23.27283333333333
2024-10-06 03:00:00,577,Krishnagiri,0.75,-23.27283333333333
2024-10-06 04:00:00,577,Krishnagiri,0.5,-23.049833333333336
2024-10-06 16:30:00,577,Krishnagiri,0.5,-23.017166666666668
2024-10-06 16:35:00,577,Krishnagiri,0.5,-23.017166666666668
2024-10-06 16:40:00,577,Krishnagiri,0.5,-23.017166666666668
2024-10-06 16:45:00,577,Krishnagiri,0.5,-23.017166666666668
2024-10-06 16:50:00,577,Krishnagiri,0.5,-23.017166666666668
2024-10-06 16:55:00,577,Krishnagiri,0.5,-23.017166666666668
2024-10-06 17:00:00,577,Krishnagiri,0.5,-23.017166666666668
2024-10-06 23:00:00,577,Krishnagiri,1.0,-26.155
2024-10-07 00:00:00,577,Krishnagiri,2.5,-26.155
2024-10-07 14:00:00,577,Krishnagiri,2.0,-25.9132
2024-10-07 15:00:00,577,Krishnagiri,1.5,-25.9132
2024-10-07 17:00:00,577,Krishnagiri,1.0,-26.0712
2024-10-07 18:00:00,577,Krishnagiri,2.5,-26.0712
2024-10-07 23:50:00,577,Krishnagiri,0.5,-25.6902
2024-10-07 23:55:00,577,Krishnagiri,0.5,-25.6902
2024-10-08 00:00:00,577,Krishnagiri,0.5,-25.6902
2024-10-08 01:20:00,577,Krishnagiri,0.5,-25.6902
2024-10-08 01:25:00,577,Krishnagiri,0.5,-25.6902
2024-10-08 01:30:00,577,Krishnagiri,0.5,-25.6902
2024-10-08 01:35:00,577,Krishnagiri,0.5,-25.6902
2024-10-08 01:40:00,577,Krishnagiri,0.5,-25.6902
2024-10-08 01:45:00,577,Krishnagiri,0.5,-25.6902
2024-10-08 01:50:00,577,Krishnagiri,0.5,-25.6902
2024-10-08 01:55:00,577,Krishnagiri,0.5,-25.6902
2024-10-08 02:00:00,577,Krishnagiri,0.5,-25.6902
2024-10-08 02:45:00,577,Krishnagiri,0.5,-25.6902
2024-10-08 02:50:00,577,Krishnagiri,0.5,-25.6902
2024-10-08 02:55:00,577,Krishnagiri,0.5,-25.6902
2024-10-08 03:00:00,577,Krishnagiri,0.5,-25.6902
2024-10-08 03:50:00,577,Krishnagiri,0.5,-25.3688
2024-10-08 03:55:00,577,Krishnagiri,0.5,-25.3688
2024-10-08 04:00:00,577,Krishnagiri,0.5,-25.3688
2024-10-08 04:40:00,577,Krishnagiri,0.5,-25.3688
2024-10-08 04:45:00,577,Krishnagiri,0.5,-25.3688
2024-10-08 04:50:00,577,Krishnagiri,0.5,-25.3688
2024-10-08 04:55:00,577,Krishnagiri,0.5,-25.3688
2024-10-08 05:00:00,577,Krishnagiri,0.5,-25.3688
2024-10-08 05:30:00,577,Krishnagiri,0.5,-25.3688
2024-10-08 05:35:00,577,Krishnagiri,0.5,-25.3688
2024-10-08 05:40:00,577,Krishnagiri,0.5,-25.3688
2024-10-08 05:45:00,577,Krishnagiri,0.5,-25.3688
2024-10-08 05:50:00,577,Krishnagiri,0.5,-25.3688
2024-10-08 05:55:00,577,Krishnagiri,0.5,-25.3688
2024-10-08 06:00:00,577,Krishnagiri,0.5,-25.3688
2024-10-08 06:15:00,577,Krishnagiri,0.5,-25.3688
2024-10-08 06:20:00,577,Krishnagiri,0.5,-25.3688
2024-10-08 06:25:00,577,Krishnagiri,0.5,-25.3688
2024-10-08 06:30:00,577,Krishnagiri,0.5,-25.3688
2024-10-08 06:35:00,577,Krishnagiri,0.5,-25.3688
2024-10-08 06:40:00,577,Krishnagiri,0.5,-25.3688
2024-10-08 06:45:00,577,Krishnagiri,0.5,-25.3688
2024-10-08 06:50:00,577,Krishnagiri,0.5,-25.3688
2024-10-08 06:55:00,577,Krishnagiri,0.5,-25.3688
2024-10-08 07:00:00,577,Krishnagiri,1.0,-25.3688
2024-10-08 07:40:00,577,Krishnagiri,0.5,-25.3688
2024-10-08 07:45:00,577,Krishnagiri,0.5,-25.3688
2024-10-09 00:00:00,577,Krishnagiri,0.5,-25.4056
2024-10-09 14:00:00,577,Krishnagiri,1.0,-25.4234
2024-10-09 15:00:00,577,Krishnagiri,0.5,-25.4234
2024-10-09 16:20:00,577,Krishnagiri,0.5,-25.5154
2024-10-09 16:25:00,577,Krishnagiri,0.5,-25.5154
2024-10-09 16:30:00,577,Krishnagiri,0.5,-25.5154
2024-10-09 16:35:00,577,Krishnagiri,0.5,-25.5154
2024-10-09 16:40:00,577,Krishnagiri,0.5,-25.5154
2024-10-09 16:45:00,577,Krishnagiri,0.5,-25.5154
2024-10-09 16:50:00,577,Krishnagiri,0.5,-25.5154
2024-10-09 16:55:00,577,Krishnagiri,0.5,-25.5154
2024-10-09 17:00:00,577,Krishnagiri,0.5,-25.5154
2024-10-09 17:40:00,577,Krishnagiri,0.5,-25.5154
2024-10-09 17:45:00,577,Krishnagiri,0.5,-25.5154
2024-10-09 17:50:00,577,Krishnagiri,0.5,-25.5154
2024-10-09 17:55:00,577,Krishnagiri,0.5,-25.5154
2024-10-09 18:00:00,577,Krishnagiri,0.5,-25.5154
2024-10-09 19:00:00,577,Krishnagiri,0.5,-25.5154
2024-10-09 20:15:00,577,Krishnagiri,0.5,-25.5154
2024-10-09 20:20:00,577,Krishnagiri,0.5,-25.5154
2024-10-09 20:25:00,577,Krishnagiri,0.5,-25.5154
2024-10-09 20:30:00,577,Krishnagiri,0.5,-25.5154
2024-10-09 20:35:00,577,Krishnagiri,0.5,-25.5154
2024-10-09 20:40:00,577,Krishnagiri,0.5,-25.5154
2024-10-09 20:45:00,577,Krishnagiri,0.5,-25.5154
2024-10-09 20:50:00,577,Krishnagiri,0.5,-25.5154
2024-10-09 20:55:00,577,Krishnagiri,0.5,-25.5154
2024-10-09 21:00:00,577,Krishnagiri,0.5,-25.5154
2024-10-09 21:50:00,577,Krishnagiri,0.5,-25.6828
2024-10-09 21:55:00,577,Krishnagiri,0.5,-25.6828
2024-10-09 22:00:00,577,Krishnagiri,0.5,-25.6828
2024-10-09 23:15:00,577,Krishnagiri,0.5,-25.6828
2024-10-09 23:20:00,577,Krishnagiri,0.5,-25.6828
2024-10-09 23:25:00,577,Krishnagiri,0.5,-25.6828
2024-10-09 23:30:00,577,Krishnagiri,0.5,-25.6828
2024-10-09 23:35:00,577,Krishnagiri,0.5,-25.6828
2024-10-09 23:40:00,577,Krishnagiri,0.5,-25.6828
2024-10-09 23:45:00,577,Krishnagiri,0.5,-25.6828
2024-10-09 23:50:00,577,Krishnagiri,0.5,-25.6828
2024-10-09 23:55:00,577,Krishnagiri,0.5,-25.6828
2024-10-10 00:00:00,577,Krishnagiri,0.5,-25.6828
2024-10-10 01:05:00,577,Krishnagiri,0.5,-25.6828
2024-10-10 01:10:00,577,Krishnagiri,0.5,-25.6828
2024-10-10 01:15:00,577,Krishnagiri,0.5,-25.6828
2024-10-10 01:20:00,577,Krishnagiri,0.5,-25.6828
2024-10-10 01:25:00,577,Krishnagiri,0.5,-25.6828
2024-10-10 01:30:00,577,Krishnagiri,0.5,-25.6828
2024-10-10 01:35:00,577,Krishnagiri,0.5,-25.6828
2024-10-10 01:40:00,577,Krishnagiri,0.5,-25.6828
2024-10-10 01:45:00,577,Krishnagiri,0.5,-25.6828
2024-10-10 01:50:00,577,Krishnagiri,0.5,-25.6828
2024-10-10 01:55:00,577,Krishnagiri,0.5,-25.6828
2024-10-10 02:00:00,577,Krishnagiri,0.5,-25.6828
2024-10-10 04:00:00,577,Krishnagiri,0.5,-25.2356
2024-10-10 05:00:00,577,Krishnagiri,0.5,-25.2356
2024-10-10 07:45:00,577,Krishnagiri,0.5,-25.2356
2024-10-10 07:50:00,577,Krishnagiri,0.5,-25.2356
2024-10-10 07:55:00,577,Krishnagiri,0.5,-25.2356
2024-10-10 08:00:00,577,Krishnagiri,0.5,-25.2356
2024-10-10 08:35:00,577,Krishnagiri,0.5,-25.2356
2024-10-10 08:40:00,577,Krishnagiri,0.5,-25.2356
2024-10-10 08:45:00,577,Krishnagiri,0.5,-25.2356
2024-10-10 08:50:00,577,Krishnagiri,0.5,-25.2356
2024-10-10 08:55:00,577,Krishnagiri,0.5,-25.2356
2024-10-10 09:00:00,577,Krishnagiri,0.5,-25.2356
2024-10-10 09:25:00,577,Krishnagiri,0.5,-25.4632
2024-10-10 09:30:00,577,Krishnagiri,0.5,-25.4632
2024-10-10 09:35:00,577,Krishnagiri,0.5,-25.4632
2024-10-10 09:40:00,577,Krishnagiri,0.5,-25.4632
2024-10-10 09:45:00,577,Krishnagiri,0.5,-25.4632
2024-10-10 09:50:00,577,Krishnagiri,0.5,-25.4632
2024-10-10 09:55:00,577,Krishnagiri,0.5,-25.4632
2024-10-10 10:00:00,577,Krishnagiri,0.5,-25.4632
2024-10-10 10:10:00,577,Krishnagiri,0.5,-25.4632
2024-10-10 10:15:00,577,Krishnagiri,0.5,-25.4632
2024-10-10 10:20:00,577,Krishnagiri,0.5,-25.4632
2024-10-10 10:25:00,577,Krishnagiri,0.5,-25.4632
2024-10-10 10:30:00,577,Krishnagiri,0.5,-25.4632
2024-10-10 10:35:00,577,Krishnagiri,0.5,-25.4632
2024-10-10 10:40:00,577,Krishnagiri,0.5,-25.4632
2024-10-10 10:45:00,577,Krishnagiri,0.5,-25.4632
2024-10-10 10:50:00,577,Krishnagiri,0.5,-25.4632
2024-10-10 10:55:00,577,Krishnagiri,1.0,-25.4632
2024-10-10 11:00:00,577,Krishnagiri,1.0,-25.4632
2024-10-10 11:45:00,577,Krishnagiri,0.5,-25.4632
2024-10-10 11:50:00,577,Krishnagiri,0.5,-25.4632
2024-10-10 11:55:00,577,Krishnagiri,0.5,-25.4632
2024-10-10 12:00:00,577,Krishnagiri,0.5,-25.4632
2024-10-10 12:35:00,577,Krishnagiri,0.5,-25.4632
2024-10-10 12:40:00,577,Krishnagiri,0.5,-25.4632
2024-10-10 12:45:00,577,Krishnagiri,0.5,-25.4632
2024-10-10 12:50:00,577,Krishnagiri,0.5,-25.4632
2024-10-10 12:55:00,577,Krishnagiri,0.5,-25.4632
2024-10-10 13:00:00,577,Krishnagiri,0.5,-25.4632
2024-10-10 13:30:00,577,Krishnagiri,0.5,-25.4632
2024-10-10 13:35:00,577,Krishnagiri,0.5,-25.4632
2024-10-10 13:40:00,577,Krishnagiri,0.5,-25.4632
2024-10-10 13:45:00,577,Krishnagiri,0.5,-25.4632
2024-10-10 13:50:00,577,Krishnagiri,0.5,-25.4632
2024-10-10 13:55:00,577,Krishnagiri,0.5,-25.4632
2024-10-10 14:00:00,577,Krishnagiri,0.5,-25.4632
2024-10-10 14:25:00,577,Krishnagiri,0.5,-25.4632
2024-10-10 14:30:00,577,Krishnagiri,0.5,-25.4632
2024-10-10 14:35:00,577,Krishnagiri,0.5,-25.4632
2024-10-10 14:40:00,577,Krishnagiri,0.5,-25.4632
2024-10-10 14:45:00,577,Krishnagiri,0.5,-25.4632
2024-10-10 14:50:00,577,Krishnagiri,0.5,-25.4632
2024-10-10 14:55:00,577,Krishnagiri,0.5,-25.4632
2024-10-10 15:00:00,577,Krishnagiri,0.5,-25.4632
2024-10-10 15:30:00,577,Krishnagiri,0.5,-25.4064
2024-10-10 18:00:00,577,Krishnagiri,4.0,-25.4064
2024-10-10 22:30:00,577,Krishnagiri,0.5,-25.2674
2024-10-10 23:00:00,577,Krishnagiri,2.5,-25.2674
2024-10-11 00:30:00,577,Krishnagiri,0.5,-25.2674
2024-10-11 01:00:00,577,Krishnagiri,3.5,-25.2674
2024-10-11 01:30:00,577,Krishnagiri,2.0,-25.2674
2024-10-11 02:00:00,577,Krishnagiri,2.0,-25.2674
2024-10-11 03:00:00,577,Krishnagiri,2.5,-25.2674
2024-10-11 03:30:00,577,Krishnagiri,3.0,-21.8035
2024-10-11 04:00:00,577,Krishnagiri,2.5,-21.8035
2024-10-11 05:00:00,577,Krishnagiri,7.0,-21.8035
2024-10-11 21:00:00,577,Krishnagiri,6.0,-21.641666666666666
2024-10-11 23:00:00,577,Krishnagiri,2.5,-21.35233333333333
2024-10-12 00:00:00,577,Krishnagiri,9.0,-21.35233333333333
2024-10-12 14:00:00,577,Krishnagiri,4.5,-24.4492
2024-10-12 16:10:00,577,Krishnagiri,0.5,-24.1756
2024-10-12 16:15:00,577,Krishnagiri,0.5,-24.1756
2024-10-12 16:20:00,577,Krishnagiri,0.5,-24.1756
2024-10-12 16:25:00,577,Krishnagiri,0.5,-24.1756
2024-10-12 16:30:00,577,Krishnagiri,0.5,-24.1756
2024-10-12 16:35:00,577,Krishnagiri,0.5,-24.1756
2024-10-12 16:40:00,577,Krishnagiri,0.5,-24.1756
2024-10-12 16:45:00,577,Krishnagiri,0.5,-24.1756
2024-10-12 16:50:00,577,Krishnagiri,0.5,-24.1756
2024-10-12 16:55:00,577,Krishnagiri,0.5,-24.1756
2024-10-12 17:00:00,577,Krishnagiri,0.5,-24.1756
2024-10-12 18:35:00,577,Krishnagiri,0.5,-24.1756
2024-10-12 18:40:00,577,Krishnagiri,0.5,-24.1756
2024-10-12 18:45:00,577,Krishnagiri,0.5,-24.1756
2024-10-12 18:50:00,577,Krishnagiri,0.5,-24.1756
2024-10-12 18:55:00,577,Krishnagiri,0.5,-24.1756
2024-10-12 19:00:00,577,Krishnagiri,0.5,-24.1756
2024-10-12 21:40:00,577,Krishnagiri,0.5,-23.909
2024-10-12 21:45:00,577,Krishnagiri,0.5,-23.909
2024-10-12 21:50:00,577,Krishnagiri,0.5,-23.909
2024-10-12 21:55:00,577,Krishnagiri,0.5,-23.909
2024-10-12 22:00:00,577,Krishnagiri,0.5,-23.909
2024-10-13 14:00:00,577,Krishnagiri,0.5,-23.57
2024-10-13 16:00:00,577,Krishnagiri,1.0,-23.5554
2024-10-13 17:00:00,577,Krishnagiri,1.5,-23.5554
2024-10-13 18:00:00,577,Krishnagiri,0.5,-23.5554
2024-10-14 00:00:00,577,Krishnagiri,0.5,-23.059800000000003
2024-10-14 01:00:00,577,Krishnagiri,20.5,-23.059800000000003
2024-10-14 02:00:00,577,Krishnagiri,7.5,-23.059800000000003
2024-10-14 03:00:00,577,Krishnagiri,0.5,-23.059800000000003
2024-10-14 07:00:00,577,Krishnagiri,0.5,-22.8196
2024-10-14 08:00:00,577,Krishnagiri,0.75,-22.8196
2024-10-14 09:00:00,577,Krishnagiri,0.5,-22.8196
2024-10-14 14:00:00,577,Krishnagiri,0.5,-23.0874
2024-10-14 21:00:00,577,Krishnagiri,0.5,-22.8148
2024-10-14 22:00:00,577,Krishnagiri,1.0,-22.503
2024-10-14 23:00:00,577,Krishnagiri,1.0,-22.503
2024-10-15 00:00:00,577,Krishnagiri,0.8333333333333334,-22.503
2024-10-15 01:00:00,577,Krishnagiri,2.1666666666666665,-22.503
2024-10-15 02:00:00,577,Krishnagiri,1.5,-22.503
2024-10-15 03:00:00,577,Krishnagiri,2.6666666666666665,-22.503
2024-10-15 04:00:00,577,Krishnagiri,4.333333333333333,-22.2864
2024-10-15 05:00:00,577,Krishnagiri,7.5,-22.2864
2024-10-15 06:00:00,577,Krishnagiri,4.5,-22.2864
2024-10-15 07:00:00,577,Krishnagiri,4.0,-22.2864
2024-10-15 08:00:00,577,Krishnagiri,1.0,-22.2864
2024-10-15 09:00:00,577,Krishnagiri,0.5,-22.2864
2024-10-15 10:00:00,577,Krishnagiri,0.5,-22.4256
2024-10-15 11:00:00,577,Krishnagiri,1.0,-22.4256
2024-10-15 16:00:00,577,Krishnagiri,4.0,-22.0634
2024-10-15 17:00:00,577,Krishnagiri,1.0,-22.0634
2024-10-15 18:00:00,577,Krishnagiri,0.5,-22.0634
2024-10-15 22:00:00,577,Krishnagiri,0.5,-21.7536
2024-10-16 18:00:00,577,Krishnagiri,0.5,-21.074
2024-10-19 01:40:00,577,Krishnagiri,2.5,-19.341
2024-10-19 01:45:00,577,Krishnagiri,6.0,-19.341
2024-10-19 01:50:00,577,Krishnagiri,10.0,-19.341
2024-10-19 01:55:00,577,Krishnagiri,13.0,-19.341
2024-10-19 02:00:00,577,Krishnagiri,17.0,-19.341
2024-10-19 02:05:00,577,Krishnagiri,5.5,-19.341
2024-10-19 02:10:00,577,Krishnagiri,10.5,-19.341
2024-10-19 02:15:00,577,Krishnagiri,13.0,-19.341
2024-10-19 02:20:00,577,Krishnagiri,13.5,-19.341
2024-10-19 02:25:00,577,Krishnagiri,13.5,-19.341
2024-10-19 02:30:00,577,Krishnagiri,13.5,-19.341
2024-10-19 02:35:00,577,Krishnagiri,13.5,-19.341
2024-10-19 02:40:00,577,Krishnagiri,14.0,-19.341
2024-10-19 02:45:00,577,Krishnagiri,14.5,-19.341
2024-10-19 02:50:00,577,Krishnagiri,15.5,-19.341
2024-10-19 02:55:00,577,Krishnagiri,16.0,-19.341
2024-10-19 03:00:00,577,Krishnagiri,11.75,-19.341
2024-10-19 03:05:00,577,Krishnagiri,1.5,-18.8446
2024-10-19 03:10:00,577,Krishnagiri,2.0,-18.8446
2024-10-19 03:15:00,577,Krishnagiri,2.0,-18.8446
2024-10-19 03:20:00,577,Krishnagiri,2.0,-18.8446
2024-10-19 03:25:00,577,Krishnagiri,2.0,-18.8446
2024-10-19 03:30:00,577,Krishnagiri,2.0,-18.8446
2024-10-19 03:35:00,577,Krishnagiri,2.0,-18.8446
2024-10-19 03:40:00,577,Krishnagiri,2.0,-18.8446
2024-10-19 03:45:00,577,Krishnagiri,2.0,-18.8446
2024-10-19 03:50:00,577,Krishnagiri,2.0,-18.8446
2024-10-19 03:55:00,577,Krishnagiri,2.0,-18.8446
2024-10-19 04:00:00,577,Krishnagiri,2.25,-18.8446
2024-10-19 06:00:00,577,Krishnagiri,0.5,-18.8446
2024-10-19 08:00:00,577,Krishnagiri,0.5,-18.8446
2024-10-19 10:00:00,577,Krishnagiri,1.0,-18.7868
2024-10-19 11:00:00,577,Krishnagiri,2.0,-18.7868
2024-10-19 12:00:00,577,Krishnagiri,0.5,-18.7868
2024-10-19 19:30:00,577,Krishnagiri,1.0,-19.078
2024-10-19 19:35:00,577,Krishnagiri,6.0,-19.078
2024-10-19 19:40:00,577,Krishnagiri,12.0,-19.078
2024-10-19 19:45:00,577,Krishnagiri,12.5,-19.078
2024-10-19 19:50:00,577,Krishnagiri,13.5,-19.078
2024-10-19 19:55:00,577,Krishnagiri,17.0,-19.078
2024-10-19 20:00:00,577,Krishnagiri,19.0,-19.078
2024-10-19 20:05:00,577,Krishnagiri,0.5,-19.078
2024-10-19 20:10:00,577,Krishnagiri,0.5,-19.078
2024-10-19 20:15:00,577,Krishnagiri,0.5,-19.078
2024-10-19 20:20:00,577,Krishnagiri,0.5,-19.078
2024-10-19 20:25:00,577,Krishnagiri,0.5,-19.078
2024-10-19 20:30:00,577,Krishnagiri,0.5,-19.078
2024-10-19 20:35:00,577,Krishnagiri,0.5,-19.078
2024-10-19 20:40:00,577,Krishnagiri,0.5,-19.078
2024-10-19 20:45:00,577,Krishnagiri,1.0,-19.078
2024-10-19 20:50:00,577,Krishnagiri,1.0,-19.078
2024-10-19 20:55:00,577,Krishnagiri,1.0,-19.078
2024-10-19 21:00:00,577,Krishnagiri,1.0,-19.078
2024-10-19 23:00:00,577,Krishnagiri,0.5,-18.5772
2024-10-20 14:00:00,577,Krishnagiri,0.5,-18.0392
2024-10-20 20:00:00,577,Krishnagiri,0.5,-17.9708
2024-10-20 23:00:00,577,Krishnagiri,1.5,-17.9092
2024-10-21 00:00:00,577,Krishnagiri,2.0,-17.9092
2024-10-21 04:00:00,577,Krishnagiri,10.5,-17.5764
2024-10-21 05:00:00,577,Krishnagiri,17.5,-17.5764
2024-10-21 06:00:00,577,Krishnagiri,3.5,-17.5764
2024-10-21 11:00:00,577,Krishnagiri,0.5,-17.7692
2024-10-21 14:00:00,577,Krishnagiri,0.5,-17.7692
2024-10-21 15:00:00,577,Krishnagiri,39.5,-17.7692
2024-10-21 18:00:00,577,Krishnagiri,0.5,-17.5934
2024-10-22 08:00:00,577,Krishnagiri,0.5,-16.895599999999998
2024-10-22 14:00:00,577,Krishnagiri,0.5,-17.4286
2024-10-22 18:00:00,577,Krishnagiri,0.5,-17.059199999999997
2024-10-22 19:00:00,577,Krishnagiri,0.5,-17.059199999999997
2024-10-23 03:00:00,577,Krishnagiri,0.5,-16.668200000000002
2024-10-23 10:00:00,577,Krishnagiri,0.5,-16.401400000000002
2024-10-23 15:00:00,577,Krishnagiri,1.0,-16.401400000000002
2024-10-23 16:00:00,577,Krishnagiri,1.5,-16.2622
2024-10-23 17:00:00,577,Krishnagiri,0.5,-16.2622
2024-10-23 23:00:00,577,Krishnagiri,2.5,-15.803
2024-10-24 00:00:00,577,Krishnagiri,5.0,-15.803
2024-10-24 01:00:00,577,Krishnagiri,1.0,-15.803
2024-10-24 02:00:00,577,Krishnagiri,0.5,-15.803
2024-10-24 03:00:00,577,Krishnagiri,4.0,-15.803
2024-10-24 04:00:00,577,Krishnagiri,4.5,-15.381
2024-10-24 05:00:00,577,Krishnagiri,1.5,-15.381
2024-10-24 08:00:00,577,Krishnagiri,0.5,-15.381
2024-10-24 12:00:00,577,Krishnagiri,0.5,-15.4772
2024-10-24 16:00:00,577,Krishnagiri,0.5,-14.901600000000002
2024-10-24 17:00:00,577,Krishnagiri,2.5,-14.901600000000002
2024-10-24 18:00:00,577,Krishnagiri,2.0,-14.901600000000002
2024-10-24 19:00:00,577,Krishnagiri,1.5,-14.901600000000002
2024-10-24 21:00:00,577,Krishnagiri,0.5,-14.901600000000002
2024-10-24 23:00:00,577,Krishnagiri,0.5,-14.7242
2024-10-25 00:00:00,577,Krishnagiri,0.5,-14.7242
2024-10-25 01:00:00,577,Krishnagiri,1.0,-14.7242
2024-10-25 02:00:00,577,Krishnagiri,0.5,-14.7242
2024-10-25 03:00:00,577,Krishnagiri,1.0,-14.7242
2024-10-25 04:00:00,577,Krishnagiri,1.0,-14.324000000000002
2024-10-25 05:00:00,577,Krishnagiri,1.0,-14.324000000000002
2024-10-25 06:00:00,577,Krishnagiri,1.0,-14.324000000000002
2024-10-25 07:00:00,577,Krishnagiri,1.0,-14.324000000000002
2024-10-25 08:00:00,577,Krishnagiri,1.0,-14.324000000000002
2024-10-25 09:00:00,577,Krishnagiri,1.0,-14.324000000000002
2024-10-25 12:00:00,577,Krishnagiri,0.5,-14.5482
2024-10-26 03:00:00,577,Krishnagiri,0.5,-13.891
2024-10-26 04:00:00,577,Krishnagiri,0.5,-13.7884
2024-10-28 17:00:00,577,Krishnagiri,0.5,-14.9826
2024-10-30 09:00:00,577,Krishnagiri,0.5,-13.57
2024-10-30 20:00:00,577,Krishnagiri,5.0,-13.251600000000002
2024-10-30 21:00:00,577,Krishnagiri,1.0,-13.251600000000002
2024-11-02 15:00:00,577,Krishnagiri,0.5,-14.509199999999998
2024-11-02 17:00:00,577,Krishnagiri,5.5,-14.1224
2024-11-02 18:00:00,577,Krishnagiri,3.0,-14.1224
2024-11-03 02:00:00,577,Krishnagiri,0.5,-13.1968
2024-11-03 11:00:00,577,Krishnagiri,0.5,-12.14
2024-11-03 19:00:00,577,Krishnagiri,6.5,-14.2002
2024-11-03 20:00:00,577,Krishnagiri,1.5,-14.2002
2024-11-03 21:00:00,577,Krishnagiri,0.5,-14.2002
2024-11-03 22:00:00,577,Krishnagiri,0.5,-13.4462
2024-11-04 15:00:00,577,Krishnagiri,15.0,-13.1632
2024-11-05 16:00:00,577,Krishnagiri,0.5,-13.771
2024-11-07 12:00:00,577,Krishnagiri,0.5,-14.132
2024-11-08 09:00:00,577,Krishnagiri,0.5,-12.882
2024-11-14 13:00:00,577,Krishnagiri,25.0,-13.2096
2024-11-14 14:00:00,577,Krishnagiri,1.0,-13.2096
2024-11-14 17:00:00,577,Krishnagiri,0.5,-13.7964
2024-11-14 18:00:00,577,Krishnagiri,0.5,-13.7964
2024-11-14 23:00:00,577,Krishnagiri,0.5,-13.0362
2024-11-15 07:00:00,577,Krishnagiri,0.5,-12.8724
2024-11-15 14:30:00,577,Krishnagiri,0.5,-13.5436
2024-11-15 15:00:00,577,Krishnagiri,1.5,-13.5436
2024-11-15 15:30:00,577,Krishnagiri,1.0,-13.8726
2024-11-15 16:00:00,577,Krishnagiri,1.5,-13.8726
2024-11-15 16:30:00,577,Krishnagiri,1.0,-13.8726
2024-11-15 17:00:00,577,Krishnagiri,1.5,-13.8726
2024-11-15 17:30:00,577,Krishnagiri,0.5,-13.8726
2024-11-15 18:00:00,577,Krishnagiri,0.75,-13.8726
2024-11-15 18:30:00,577,Krishnagiri,0.5,-13.8726
2024-11-15 19:00:00,577,Krishnagiri,0.75,-13.8726
2024-11-15 19:30:00,577,Krishnagiri,0.5,-13.8726
2024-11-15 20:00:00,577,Krishnagiri,1.0,-13.8726
2024-11-15 22:00:00,577,Krishnagiri,0.5,-13.095999999999998
2024-11-15 22:30:00,577,Krishnagiri,1.0,-13.095999999999998
2024-11-15 23:00:00,577,Krishnagiri,1.5,-13.095999999999998
2024-11-15 23:30:00,577,Krishnagiri,0.5,-13.095999999999998
2024-11-16 00:00:00,577,Krishnagiri,0.5,-13.095999999999998
2024-11-16 00:30:00,577,Krishnagiri,0.5,-13.095999999999998
2024-11-16 01:00:00,577,Krishnagiri,1.0,-13.095999999999998
2024-11-16 01:30:00,577,Krishnagiri,0.5,-13.095999999999998
2024-11-16 02:00:00,577,Krishnagiri,1.0,-13.095999999999998
2024-11-16 02:30:00,577,Krishnagiri,1.0,-13.095999999999998
2024-11-16 03:00:00,577,Krishnagiri,1.5,-13.095999999999998
2024-11-16 03:30:00,577,Krishnagiri,0.5,-12.8524
2024-11-16 04:00:00,577,Krishnagiri,1.0,-12.8524
2024-11-16 16:00:00,577,Krishnagiri,6.0,-13.6154
2024-11-16 17:00:00,577,Krishnagiri,1.5,-13.6154
2024-11-16 18:00:00,577,Krishnagiri,15.0,-13.6154
2024-11-16 19:00:00,577,Krishnagiri,0.5,-13.6154
2024-11-16 22:00:00,577,Krishnagiri,2.0,-13.018599999999998
2024-11-16 23:00:00,577,Krishnagiri,0.5,-13.018599999999998
2024-11-17 00:00:00,577,Krishnagiri,0.5,-13.018599999999998
2024-11-17 01:00:00,577,Krishnagiri,0.5,-13.018599999999998
2024-11-17 12:45:00,577,Krishnagiri,1.5,-15.63875
2024-11-17 12:50:00,577,Krishnagiri,2.0,-15.63875
2024-11-17 12:55:00,577,Krishnagiri,2.0,-15.63875
2024-11-17 13:00:00,577,Krishnagiri,2.0,-15.63875
2024-11-17 13:05:00,577,Krishnagiri,0.5,-15.63875
2024-11-17 13:10:00,577,Krishnagiri,0.5,-15.63875
2024-11-17 13:15:00,577,Krishnagiri,0.5,-15.63875
2024-11-17 13:20:00,577,Krishnagiri,1.0,-15.63875
2024-11-17 13:25:00,577,Krishnagiri,1.0,-15.63875
2024-11-17 13:30:00,577,Krishnagiri,1.0,-15.63875
2024-11-17 13:35:00,577,Krishnagiri,1.0,-15.63875
2024-11-17 13:40:00,577,Krishnagiri,1.5,-15.63875
2024-11-17 13:45:00,577,Krishnagiri,1.5,-15.63875
2024-11-17 13:50:00,577,Krishnagiri,1.5,-15.63875
2024-11-17 13:55:00,577,Krishnagiri,2.0,-15.63875
2024-11-17 14:00:00,577,Krishnagiri,2.0,-15.63875
2024-11-17 14:15:00,577,Krishnagiri,0.5,-15.63875
2024-11-17 14:20:00,577,Krishnagiri,0.5,-15.63875
2024-11-17 14:25:00,577,Krishnagiri,0.5,-15.63875
2024-11-17 14:30:00,577,Krishnagiri,0.5,-15.63875
2024-11-17 14:35:00,577,Krishnagiri,1.0,-15.63875
2024-11-17 14:40:00,577,Krishnagiri,1.0,-15.63875
2024-11-17 14:45:00,577,Krishnagiri,1.0,-15.63875
2024-11-17 14:50:00,577,Krishnagiri,1.0,-15.63875
2024-11-17 14:55:00,577,Krishnagiri,1.5,-15.63875
2024-11-17 15:00:00,577,Krishnagiri,1.5,-15.63875
2024-11-17 15:10:00,577,Krishnagiri,0.5,-13.7832
2024-11-17 15:15:00,577,Krishnagiri,0.5,-13.7832
2024-11-17 15:20:00,577,Krishnagiri,0.5,-13.7832
2024-11-17 15:25:00,577,Krishnagiri,0.5,-13.7832
2024-11-17 15:30:00,577,Krishnagiri,1.0,-13.7832
2024-11-17 15:35:00,577,Krishnagiri,1.0,-13.7832
2024-11-17 15:40:00,577,Krishnagiri,1.5,-13.7832
2024-11-17 15:45:00,577,Krishnagiri,1.5,-13.7832
2024-11-17 15:50:00,577,Krishnagiri,1.5,-13.7832
2024-11-17 15:55:00,577,Krishnagiri,2.0,-13.7832
2024-11-17 16:00:00,577,Krishnagiri,2.0,-13.7832
2024-11-17 16:10:00,577,Krishnagiri,0.5,-13.7832
2024-11-17 16:15:00,577,Krishnagiri,0.5,-13.7832
2024-11-17 16:20:00,577,Krishnagiri,1.0,-13.7832
2024-11-17 16:25:00,577,Krishnagiri,1.0,-13.7832
2024-11-17 16:30:00,577,Krishnagiri,1.0,-13.7832
2024-11-17 16:35:00,577,Krishnagiri,1.5,-13.7832
2024-11-17 16:40:00,577,Krishnagiri,1.5,-13.7832
2024-11-17 16:45:00,577,Krishnagiri,1.5,-13.7832
2024-11-17 16:50:00,577,Krishnagiri,2.0,-13.7832
2024-11-17 16:55:00,577,Krishnagiri,2.0,-13.7832
2024-11-17 17:00:00,577,Krishnagiri,2.0,-13.7832
2024-11-17 17:05:00,577,Krishnagiri,0.5,-13.7832
2024-11-17 17:10:00,577,Krishnagiri,0.5,-13.7832
2024-11-17 17:15:00,577,Krishnagiri,0.5,-13.7832
2024-11-17 17:20:00,577,Krishnagiri,1.0,-13.7832
2024-11-17 17:25:00,577,Krishnagiri,1.0,-13.7832
2024-11-17 17:30:00,577,Krishnagiri,1.0,-13.7832
2024-11-17 17:35:00,577,Krishnagiri,1.5,-13.7832
2024-11-17 17:40:00,577,Krishnagiri,1.5,-13.7832
2024-11-17 17:45:00,577,Krishnagiri,2.0,-13.7832
2024-11-17 17:50:00,577,Krishnagiri,2.0,-13.7832
2024-11-17 17:55:00,577,Krishnagiri,2.0,-13.7832
2024-11-17 18:00:00,577,Krishnagiri,2.5,-13.7832
2024-11-17 18:10:00,577,Krishnagiri,0.5,-13.7832
2024-11-17 18:15:00,577,Krishnagiri,0.5,-13.7832
2024-11-17 18:20:00,577,Krishnagiri,1.0,-13.7832
2024-11-17 18:25:00,577,Krishnagiri,1.0,-13.7832
2024-11-17 18:30:00,577,Krishnagiri,1.5,-13.7832
2024-11-17 18:35:00,577,Krishnagiri,1.5,-13.7832
2024-11-17 18:40:00,577,Krishnagiri,2.0,-13.7832
2024-11-17 18:45:00,577,Krishnagiri,2.5,-13.7832
2024-11-17 18:50:00,577,Krishnagiri,2.5,-13.7832
2024-11-17 18:55:00,577,Krishnagiri,3.0,-13.7832
2024-11-17 19:00:00,577,Krishnagiri,3.0,-13.7832
2024-11-17 19:05:00,577,Krishnagiri,0.5,-13.7832
2024-11-17 19:10:00,577,Krishnagiri,0.5,-13.7832
2024-11-17 19:15:00,577,Krishnagiri,1.0,-13.7832
2024-11-17 19:20:00,577,Krishnagiri,1.0,-13.7832
2024-11-17 19:25:00,577,Krishnagiri,1.5,-13.7832
2024-11-17 19:30:00,577,Krishnagiri,1.5,-13.7832
2024-11-17 19:35:00,577,Krishnagiri,2.0,-13.7832
2024-11-17 19:40:00,577,Krishnagiri,2.0,-13.7832
2024-11-17 19:45:00,577,Krishnagiri,2.5,-13.7832
2024-11-17 19:50:00,577,Krishnagiri,2.5,-13.7832
2024-11-17 19:55:00,577,Krishnagiri,3.0,-13.7832
2024-11-17 20:00:00,577,Krishnagiri,3.0,-13.7832
2024-11-17 20:05:00,577,Krishnagiri,0.5,-13.7832
2024-11-17 20:10:00,577,Krishnagiri,1.0,-13.7832
2024-11-17 20:15:00,577,Krishnagiri,1.0,-13.7832
2024-11-17 20:20:00,577,Krishnagiri,1.5,-13.7832
2024-11-17 20:25:00,577,Krishnagiri,1.5,-13.7832
2024-11-17 20:30:00,577,Krishnagiri,1.5,-13.7832
2024-11-17 20:35:00,577,Krishnagiri,2.0,-13.7832
2024-11-17 20:40:00,577,Krishnagiri,2.0,-13.7832
2024-11-17 20:45:00,577,Krishnagiri,2.0,-13.7832
2024-11-17 20:50:00,577,Krishnagiri,2.5,-13.7832
2024-11-17 20:55:00,577,Krishnagiri,2.5,-13.7832
2024-11-17 21:00:00,577,Krishnagiri,2.5,-13.7832
2024-11-17 21:05:00,577,Krishnagiri,0.5,-13.054999999999998
2024-11-17 21:10:00,577,Krishnagiri,0.5,-13.054999999999998
2024-11-17 21:15:00,577,Krishnagiri,0.5,-13.054999999999998
2024-11-17 21:20:00,577,Krishnagiri,0.5,-13.054999999999998
2024-11-17 21:25:00,577,Krishnagiri,1.0,-13.054999999999998
2024-11-17 21:30:00,577,Krishnagiri,1.0,-13.054999999999998
2024-11-17 21:35:00,577,Krishnagiri,1.0,-13.054999999999998
2024-11-17 21:40:00,577,Krishnagiri,1.0,-13.054999999999998
2024-11-17 21:45:00,577,Krishnagiri,1.0,-13.054999999999998
2024-11-17 21:50:00,577,Krishnagiri,1.5,-13.054999999999998
2024-11-17 21:55:00,577,Krishnagiri,1.5,-13.054999999999998
2024-11-17 22:00:00,577,Krishnagiri,1.5,-13.054999999999998
2024-11-17 23:30:00,577,Krishnagiri,0.5,-13.054999999999998
2024-11-17 23:35:00,577,Krishnagiri,0.5,-13.054999999999998
2024-11-17 23:40:00,577,Krishnagiri,0.5,-13.054999999999998
2024-11-17 23:45:00,577,Krishnagiri,0.5,-13.054999999999998
2024-11-17 23:50:00,577,Krishnagiri,1.0,-13.054999999999998
2024-11-17 23:55:00,577,Krishnagiri,1.0,-13.054999999999998
2024-11-18 00:00:00,577,Krishnagiri,1.0,-13.054999999999998
2024-11-18 00:10:00,577,Krishnagiri,0.5,-13.054999999999998
2024-11-18 00:15:00,577,Krishnagiri,0.5,-13.054999999999998
2024-11-18 00:20:00,577,Krishnagiri,0.5,-13.054999999999998
2024-11-18 00:25:00,577,Krishnagiri,0.5,-13.054999999999998
2024-11-18 00:30:00,577,Krishnagiri,0.5,-13.054999999999998
2024-11-18 00:35:00,577,Krishnagiri,0.5,-13.054999999999998
2024-11-18 00:40:00,577,Krishnagiri,0.5,-13.054999999999998
2024-11-18 00:45:00,577,Krishnagiri,0.5,-13.054999999999998
2024-11-18 00:50:00,577,Krishnagiri,0.5,-13.054999999999998
2024-11-18 00:55:00,577,Krishnagiri,0.5,-13.054999999999998
2024-11-18 01:00:00,577,Krishnagiri,0.5,-13.054999999999998
2024-11-26 22:05:00,577,Krishnagiri,0.5,-14.131200000000002
2024-11-26 22:10:00,577,Krishnagiri,0.5,-14.131200000000002
2024-11-26 22:15:00,577,Krishnagiri,1.0,-14.131200000000002
2024-11-26 22:20:00,577,Krishnagiri,1.5,-14.131200000000002
2024-11-26 22:25:00,577,Krishnagiri,1.5,-14.131200000000002
2024-11-26 22:30:00,577,Krishnagiri,1.5,-14.131200000000002
2024-11-26 22:35:00,577,Krishnagiri,1.5,-14.131200000000002
2024-11-26 22:40:00,577,Krishnagiri,2.0,-14.131200000000002
2024-11-26 22:45:00,577,Krishnagiri,2.0,-14.131200000000002
2024-11-26 22:50:00,577,Krishnagiri,2.0,-14.131200000000002
2024-11-26 22:55:00,577,Krishnagiri,2.0,-14.131200000000002
2024-11-26 23:00:00,577,Krishnagiri,1.75,-14.131200000000002
2024-11-30 13:10:00,577,Krishnagiri,0.5,-14.4746
2024-11-30 13:15:00,577,Krishnagiri,1.0,-14.4746
2024-11-30 13:20:00,577,Krishnagiri,1.5,-14.4746
2024-11-30 13:25:00,577,Krishnagiri,1.5,-14.4746
2024-11-30 13:30:00,577,Krishnagiri,2.0,-14.4746
2024-11-30 13:35:00,577,Krishnagiri,2.5,-14.4746
2024-11-30 13:40:00,577,Krishnagiri,3.0,-14.4746
2024-11-30 13:45:00,577,Krishnagiri,3.0,-14.4746
2024-11-30 13:50:00,577,Krishnagiri,3.5,-14.4746
2024-11-30 13:55:00,577,Krishnagiri,4.0,-14.4746
2024-11-30 14:00:00,577,Krishnagiri,2.75,-14.4746
2024-11-30 14:05:00,577,Krishnagiri,0.5,-14.4746
2024-11-30 14:10:00,577,Krishnagiri,0.5,-14.4746
2024-11-30 14:15:00,577,Krishnagiri,0.5,-14.4746
2024-11-30 14:20:00,577,Krishnagiri,1.0,-14.4746
2024-11-30 14:25:00,577,Krishnagiri,1.0,-14.4746
2024-11-30 14:30:00,577,Krishnagiri,1.0,-14.4746
2024-11-30 14:35:00,577,Krishnagiri,1.0,-14.4746
2024-11-30 14:40:00,577,Krishnagiri,1.5,-14.4746
2024-11-30 14:45:00,577,Krishnagiri,1.5,-14.4746
2024-11-30 14:50:00,577,Krishnagiri,1.5,-14.4746
2024-11-30 14:55:00,577,Krishnagiri,1.5,-14.4746
2024-11-30 15:00:00,577,Krishnagiri,1.5,-14.4746
2024-11-30 15:30:00,577,Krishnagiri,0.5,-14.4096
2024-11-30 15:35:00,577,Krishnagiri,0.5,-14.4096
2024-11-30 15:40:00,577,Krishnagiri,0.5,-14.4096
2024-11-30 15:45:00,577,Krishnagiri,0.5,-14.4096
2024-11-30 15:50:00,577,Krishnagiri,0.5,-14.4096
2024-11-30 15:55:00,577,Krishnagiri,0.5,-14.4096
2024-11-30 16:00:00,577,Krishnagiri,0.5,-14.4096
2024-11-30 16:15:00,577,Krishnagiri,0.5,-14.4096
2024-11-30 16:20:00,577,Krishnagiri,0.5,-14.4096
2024-11-30 16:25:00,577,Krishnagiri,0.5,-14.4096
2024-11-30 16:30:00,577,Krishnagiri,0.5,-14.4096
2024-11-30 16:35:00,577,Krishnagiri,0.5,-14.4096
2024-11-30 16:40:00,577,Krishnagiri,0.5,-14.4096
2024-11-30 16:45:00,577,Krishnagiri,0.5,-14.4096
2024-11-30 16:50:00,577,Krishnagiri,0.5,-14.4096
2024-11-30 16:55:00,577,Krishnagiri,0.5,-14.4096
2024-11-30 17:00:00,577,Krishnagiri,1.0,-14.4096
2024-11-30 17:35:00,577,Krishnagiri,0.5,-14.4096
2024-11-30 17:40:00,577,Krishnagiri,0.5,-14.4096
2024-11-30 17:45:00,577,Krishnagiri,0.5,-14.4096
2024-11-30 17:50:00,577,Krishnagiri,0.5,-14.4096
2024-11-30 17:55:00,577,Krishnagiri,0.5,-14.4096
2024-11-30 18:00:00,577,Krishnagiri,0.5,-14.4096
2024-11-30 18:20:00,577,Krishnagiri,0.5,-14.4096
2024-11-30 18:25:00,577,Krishnagiri,0.5,-14.4096
2024-11-30 18:30:00,577,Krishnagiri,0.5,-14.4096
2024-11-30 18:35:00,577,Krishnagiri,0.5,-14.4096
2024-11-30 18:40:00,577,Krishnagiri,0.5,-14.4096
2024-11-30 18:45:00,577,Krishnagiri,0.5,-14.4096
2024-11-30 18:50:00,577,Krishnagiri,0.5,-14.4096
2024-11-30 18:55:00,577,Krishnagiri,0.5,-14.4096
2024-11-30 19:00:00,577,Krishnagiri,0.5,-14.4096
2024-11-30 19:10:00,577,Krishnagiri,0.5,-14.4096
2024-11-30 19:15:00,577,Krishnagiri,0.5,-14.4096
2024-11-30 19:20:00,577,Krishnagiri,0.5,-14.4096
2024-11-30 19:25:00,577,Krishnagiri,0.5,-14.4096
2024-11-30 19:30:00,577,Krishnagiri,0.5,-14.4096
2024-11-30 19:35:00,577,Krishnagiri,0.5,-14.4096
2024-11-30 19:40:00,577,Krishnagiri,0.5,-14.4096
2024-11-30 19:45:00,577,Krishnagiri,0.5,-14.4096
2024-11-30 19:50:00,577,Krishnagiri,0.5,-14.4096
2024-11-30 19:55:00,577,Krishnagiri,0.5,-14.4096
2024-11-30 20:00:00,577,Krishnagiri,0.5,-14.4096
2024-11-30 20:20:00,577,Krishnagiri,0.5,-14.4096
2024-11-30 20:25:00,577,Krishnagiri,0.5,-14.4096
2024-11-30 20:30:00,577,Krishnagiri,0.5,-14.4096
2024-11-30 20:35:00,577,Krishnagiri,0.5,-14.4096
2024-11-30 20:40:00,577,Krishnagiri,0.5,-14.4096
2024-11-30 20:45:00,577,Krishnagiri,0.5,-14.4096
2024-11-30 20:50:00,577,Krishnagiri,0.5,-14.4096
2024-11-30 20:55:00,577,Krishnagiri,0.5,-14.4096
2024-11-30 21:00:00,577,Krishnagiri,0.5,-14.4096
2024-11-30 22:00:00,577,Krishnagiri,1.5,-13.6686
2024-12-01 00:00:00,577,Krishnagiri,2.5,-13.6686
2024-12-01 01:00:00,577,Krishnagiri,0.5,-13.6686
2024-12-01 01:50:00,577,Krishnagiri,0.5,-13.6686
2024-12-01 01:55:00,577,Krishnagiri,0.5,-13.6686
2024-12-01 02:00:00,577,Krishnagiri,0.5,-13.6686
2024-12-01 03:00:00,577,Krishnagiri,1.0,-13.6686
2024-12-01 04:00:00,577,Krishnagiri,2.5,-13.1742
2024-12-01 05:00:00,577,Krishnagiri,2.0,-13.1742
2024-12-01 06:00:00,577,Krishnagiri,3.5,-13.1742
2024-12-01 06:50:00,577,Krishnagiri,0.5,-13.1742
2024-12-01 06:55:00,577,Krishnagiri,0.5,-13.1742
2024-12-01 07:00:00,577,Krishnagiri,1.25,-13.1742
2024-12-01 09:00:00,577,Krishnagiri,2.0,-13.1742
2024-12-01 12:00:00,577,Krishnagiri,2.0,-13.1224
2024-12-01 13:05:00,577,Krishnagiri,0.5,-13.1224
2024-12-01 13:10:00,577,Krishnagiri,0.5,-13.1224
2024-12-01 13:15:00,577,Krishnagiri,0.5,-13.1224
2024-12-01 13:20:00,577,Krishnagiri,0.5,-13.1224
2024-12-01 13:25:00,577,Krishnagiri,0.5,-13.1224
2024-12-01 13:30:00,577,Krishnagiri,0.5,-13.1224
2024-12-01 13:35:00,577,Krishnagiri,0.5,-13.1224
2024-12-01 13:40:00,577,Krishnagiri,0.5,-13.1224
2024-12-01 13:45:00,577,Krishnagiri,0.5,-13.1224
2024-12-01 13:50:00,577,Krishnagiri,0.5,-13.1224
2024-12-01 13:55:00,577,Krishnagiri,0.5,-13.1224
2024-12-01 14:00:00,577,Krishnagiri,2.25,-13.1224
2024-12-01 16:00:00,577,Krishnagiri,1.5,-13.025200000000002
2024-12-01 17:00:00,577,Krishnagiri,3.0,-13.025200000000002
2024-12-01 18:00:00,577,Krishnagiri,4.5,-13.025200000000002
2024-12-01 19:00:00,577,Krishnagiri,5.5,-13.025200000000002
2024-12-01 20:00:00,577,Krishnagiri,8.5,-13.025200000000002
2024-12-01 21:00:00,577,Krishnagiri,8.0,-13.025200000000002
2024-12-01 22:00:00,577,Krishnagiri,10.0,-12.8708
2024-12-01 23:00:00,577,Krishnagiri,4.5,-12.8708
2024-12-02 00:00:00,577,Krishnagiri,1.0,-12.8708
2024-12-02 01:00:00,577,Krishnagiri,2.5,-12.8708
2024-12-02 02:00:00,577,Krishnagiri,7.5,-12.8708
2024-12-02 03:00:00,577,Krishnagiri,8.5,-12.8708
2024-12-02 04:00:00,577,Krishnagiri,6.5,-12.6
2024-12-02 05:00:00,577,Krishnagiri,11.5,-12.6
2024-12-02 06:00:00,577,Krishnagiri,6.5,-12.6
2024-12-02 07:00:00,577,Krishnagiri,2.0,-12.6
2024-12-02 08:00:00,577,Krishnagiri,0.5,-12.6
2024-12-02 08:45:00,577,Krishnagiri,0.5,-12.6
2024-12-02 08:50:00,577,Krishnagiri,0.5,-12.6
2024-12-02 08:55:00,577,Krishnagiri,0.5,-12.6
2024-12-02 09:00:00,577,Krishnagiri,0.75,-12.6
2024-12-02 10:00:00,577,Krishnagiri,1.0,-12.755
2024-12-02 10:50:00,577,Krishnagiri,0.5,-12.755
2024-12-02 10:55:00,577,Krishnagiri,0.5,-12.755
2024-12-02 11:00:00,577,Krishnagiri,0.5,-12.755
2024-12-02 13:00:00,577,Krishnagiri,0.5,-12.755
2024-12-02 20:00:00,577,Krishnagiri,1.0,-12.6906
2024-12-02 22:00:00,577,Krishnagiri,5.5,-12.5464
2024-12-03 00:00:00,577,Krishnagiri,2.0,-12.5464
2024-12-03 01:00:00,577,Krishnagiri,0.5,-12.5464
2024-12-03 09:00:00,577,Krishnagiri,0.5,-12.449
2024-12-03 10:00:00,577,Krishnagiri,1.0,-12.7358
2024-12-04 23:00:00,577,Krishnagiri,0.5,-12.109
2024-12-05 00:00:00,577,Krishnagiri,0.5,-12.109
2024-12-05 01:00:00,577,Krishnagiri,2.5,-12.109
2024-12-05 06:00:00,577,Krishnagiri,1.5,-10.583166666666669
2024-12-05 11:50:00,577,Krishnagiri,0.5,-10.756166666666669
2024-12-05 11:55:00,577,Krishnagiri,0.5,-10.756166666666669
2024-12-05 12:00:00,577,Krishnagiri,0.5,-10.756166666666669
2024-12-05 22:20:00,577,Krishnagiri,0.5,-10.590666666666666
2024-12-05 22:25:00,577,Krishnagiri,0.5,-10.590666666666666
2024-12-05 22:30:00,577,Krishnagiri,0.5,-10.590666666666666
2024-12-05 22:35:00,577,Krishnagiri,0.5,-10.590666666666666
2024-12-05 22:40:00,577,Krishnagiri,0.5,-10.590666666666666
2024-12-05 22:45:00,577,Krishnagiri,0.5,-10.590666666666666
2024-12-05 22:50:00,577,Krishnagiri,0.5,-10.590666666666666
2024-12-05 22:55:00,577,Krishnagiri,0.5,-10.590666666666666
2024-12-05 23:00:00,577,Krishnagiri,0.5,-10.590666666666666
2024-12-06 12:00:00,577,Krishnagiri,0.5,-10.823
2024-12-06 18:00:00,577,Krishnagiri,4.0,-10.923166666666669
2024-12-07 03:00:00,577,Krishnagiri,0.5,-10.629833333333334
2024-12-07 18:00:00,577,Krishnagiri,0.5,-10.787
2024-12-12 08:00:00,577,Krishnagiri,1.0,-12.0366
2024-12-12 09:00:00,577,Krishnagiri,1.75,-12.0366
2024-12-12 10:00:00,577,Krishnagiri,2.0,-12.0892
2024-12-12 12:00:00,577,Krishnagiri,0.5,-12.0892
2024-12-12 13:00:00,577,Krishnagiri,0.75,-12.0892
2024-12-12 14:00:00,577,Krishnagiri,0.5,-12.0892
2024-12-12 15:00:00,577,Krishnagiri,0.75,-12.0892
2024-12-12 16:00:00,577,Krishnagiri,1.75,-11.9806
2024-12-12 17:00:00,577,Krishnagiri,1.5,-11.9806
2024-12-12 18:00:00,577,Krishnagiri,1.5,-11.9806
2024-12-12 21:00:00,577,Krishnagiri,0.5,-11.9806
2024-12-13 01:00:00,577,Krishnagiri,0.5,-11.771
2024-12-13 03:00:00,577,Krishnagiri,0.5,-11.771
2024-12-13 04:00:00,577,Krishnagiri,1.5,-11.6386
2024-12-17 10:10:00,577,Krishnagiri,0.5,-12.591399999999998
2024-12-17 10:15:00,577,Krishnagiri,0.5,-12.591399999999998
2024-12-17 10:20:00,577,Krishnagiri,0.5,-12.591399999999998
2024-12-17 10:30:00,577,Krishnagiri,0.5,-12.591399999999998
2024-12-17 11:00:00,577,Krishnagiri,0.5,-12.591399999999998
2024-12-18 15:00:00,577,Krishnagiri,0.5,-9.419333333333332
2024-12-19 14:00:00,577,Krishnagiri,1.5,-13.1918
2024-12-19 14:30:00,577,Krishnagiri,7.0,-13.1918
2024-12-19 15:00:00,577,Krishnagiri,17.5,-13.1918
2024-12-19 15:30:00,577,Krishnagiri,1.5,-13.257
2024-12-19 16:00:00,577,Krishnagiri,1.5,-13.257
2024-12-19 16:30:00,577,Krishnagiri,0.5,-13.257
2024-12-19 17:00:00,577,Krishnagiri,1.0,-13.257
2024-12-20 07:30:00,577,Krishnagiri,2.0,-10.37825
2024-12-20 08:00:00,577,Krishnagiri,3.0,-10.37825
2024-12-20 16:00:00,577,Krishnagiri,0.5,-13.4622
2024-12-20 17:30:00,577,Krishnagiri,0.5,-13.4622
2024-12-21 07:30:00,577,Krishnagiri,4.0,-12.4862
2024-12-21 08:00:00,577,Krishnagiri,4.0,-12.4862
2024-12-21 21:00:00,577,Krishnagiri,20.5,-13.8602
2024-12-21 22:00:00,577,Krishnagiri,25.0,-13.4252
2024-12-21 23:00:00,577,Krishnagiri,32.5,-13.4252
2024-12-22 01:30:00,577,Krishnagiri,1.0,-13.4252
2024-12-22 02:00:00,577,Krishnagiri,1.0,-13.4252
2024-12-22 07:30:00,577,Krishnagiri,1.5,-12.976400000000002
2024-12-22 08:00:00,577,Krishnagiri,1.5,-12.976400000000002
2024-12-23 07:00:00,577,Krishnagiri,27.5,-12.3076
2024-12-24 08:00:00,577,Krishnagiri,0.5,-12.942000000000002
2024-12-24 17:00:00,577,Krishnagiri,1.0,-14.0692
2024-12-25 03:00:00,577,Krishnagiri,4.0,-13.544
2024-12-25 04:00:00,577,Krishnagiri,0.5,-13.034199999999998
2024-12-25 08:00:00,577,Krishnagiri,1.0,-13.034199999999998
2024-12-25 10:00:00,577,Krishnagiri,0.5,-14.3226
2024-12-26 09:00:00,577,Krishnagiri,0.5,-12.4438
2024-12-26 10:00:00,577,Krishnagiri,0.5,-12.7182
2024-12-26 11:00:00,577,Krishnagiri,1.0,-12.7182
2024-12-26 11:30:00,577,Krishnagiri,0.5,-12.7182
2024-12-26 12:00:00,577,Krishnagiri,0.5,-12.7182
2024-12-26 12:30:00,577,Krishnagiri,0.5,-12.7182
2024-12-26 13:00:00,577,Krishnagiri,0.5,-12.7182
2024-12-26 14:00:00,577,Krishnagiri,0.5,-12.7182
2024-12-26 14:30:00,577,Krishnagiri,0.5,-12.7182
2024-12-26 15:00:00,577,Krishnagiri,0.5,-12.7182
2024-12-26 18:30:00,577,Krishnagiri,0.5,-14.12125
2024-12-26 19:00:00,577,Krishnagiri,0.5,-14.12125
2024-12-26 19:30:00,577,Krishnagiri,1.0,-14.12125
2024-12-26 20:00:00,577,Krishnagiri,1.0,-14.12125
2024-12-27 09:30:00,577,Krishnagiri,1.5,-12.3942
2024-12-27 10:00:00,577,Krishnagiri,3.0,-12.3942
2024-12-27 12:00:00,577,Krishnagiri,1.0,-12.3942
2024-12-27 13:00:00,577,Krishnagiri,2.0,-12.3942
2024-12-27 14:00:00,577,Krishnagiri,0.5,-12.3942
2024-12-27 14:30:00,577,Krishnagiri,2.5,-12.3942
2024-12-27 15:00:00,577,Krishnagiri,5.0,-12.3942
2024-12-27 15:30:00,577,Krishnagiri,2.0,-12.2184
2024-12-27 16:00:00,577,Krishnagiri,1.6666666666666667,-12.2184
2024-12-27 16:30:00,577,Krishnagiri,0.5,-12.2184
2024-12-27 17:00:00,577,Krishnagiri,0.75,-12.2184
2024-12-30 08:00:00,577,Krishnagiri,0.5,-10.745666666666668
2025-01-13 21:00:00,577,Krishnagiri,1.0,-12.9985
2025-01-13 21:30:00,577,Krishnagiri,2.5,-12.291166666666667
2025-01-13 22:00:00,577,Krishnagiri,3.0,-12.291166666666667
2025-01-13 22:30:00,577,Krishnagiri,0.5,-12.291166666666667
2025-01-13 23:00:00,577,Krishnagiri,0.5,-12.291166666666667
2025-01-14 00:00:00,577,Krishnagiri,3.0,-12.291166666666667
2025-01-14 05:30:00,577,Krishnagiri,0.5,-11.9455
2025-01-14 06:00:00,577,Krishnagiri,0.5,-11.9455
2025-01-14 11:00:00,577,Krishnagiri,0.5,-12.090333333333334
2025-01-14 18:00:00,577,Krishnagiri,0.5,-12.396166666666666
2025-01-19 04:00:00,577,Krishnagiri,3.0,-12.448833333333331
2025-01-19 10:00:00,577,Krishnagiri,1.75,-12.473666666666666
2025-01-19 10:30:00,577,Krishnagiri,2.5,-12.473666666666666
2025-01-19 11:00:00,577,Krishnagiri,2.0,-12.473666666666666
2025-01-19 11:30:00,577,Krishnagiri,0.5,-12.473666666666666
2025-01-19 12:00:00,577,Krishnagiri,2.0,-12.473666666666666
2025-01-19 12:30:00,577,Krishnagiri,1.0,-12.473666666666666
2025-01-19 13:00:00,577,Krishnagiri,0.75,-12.473666666666666
2025-01-19 14:00:00,577,Krishnagiri,0.5,-12.473666666666666
2025-01-19 17:00:00,577,Krishnagiri,2.0,-12.2405
2025-03-11 10:00:00,577,Krishnagiri,0.5,-21.403166666666664
2025-03-11 12:00:00,577,Krishnagiri,8.5,-21.403166666666664
2025-03-11 13:00:00,577,Krishnagiri,2.5,-21.403166666666664
2025-03-11 14:30:00,577,Krishnagiri,0.5,-21.403166666666664
2025-03-11 15:00:00,577,Krishnagiri,2.5,-21.403166666666664
2025-03-11 15:30:00,577,Krishnagiri,0.5,-13.2886
2025-03-11 16:00:00,577,Krishnagiri,0.5,-13.2886
2025-03-11 17:00:00,577,Krishnagiri,0.5,-13.2886
2025-03-11 18:00:00,577,Krishnagiri,0.5,-13.2886
2025-03-11 18:30:00,577,Krishnagiri,6.0,-13.2886
2025-03-11 19:00:00,577,Krishnagiri,4.5,-13.2886
2025-03-11 21:00:00,577,Krishnagiri,0.5,-13.2886
2025-03-11 22:30:00,577,Krishnagiri,1.5,-13.3488
2025-03-11 23:00:00,577,Krishnagiri,1.5,-13.3488
2025-03-11 23:30:00,577,Krishnagiri,0.5,-13.3488
2025-03-12 00:00:00,577,Krishnagiri,0.5,-13.3488
2025-03-12 01:00:00,577,Krishnagiri,0.5,-13.3488
2025-03-12 06:00:00,577,Krishnagiri,0.5,-14.8245
2025-03-12 16:00:00,577,Krishnagiri,0.5,-21.620833333333334
2025-03-12 16:30:00,577,Krishnagiri,2.5,-21.620833333333334
2025-03-12 17:00:00,577,Krishnagiri,1.3333333333333333,-21.620833333333334
2025-03-12 18:00:00,577,Krishnagiri,1.0,-21.620833333333334
2025-03-22 21:00:00,577,Krishnagiri,0.5,-23.628
2025-04-03 09:30:00,577,Krishnagiri,11.5,-25.1985
2025-04-03 10:00:00,577,Krishnagiri,12.5,-25.1985
2025-04-03 11:00:00,577,Krishnagiri,5.5,-25.1985
2025-04-03 11:30:00,577,Krishnagiri,4.0,-25.1985
2025-04-04 18:00:00,577,Krishnagiri,0.5,-24.237
2025-04-04 19:00:00,577,Krishnagiri,2.0,-24.237
2025-04-05 06:00:00,577,Krishnagiri,0.5,-23.98466666666667
2025-04-10 16:30:00,577,Krishnagiri,5.0,-40.52933333333333
2025-04-10 18:00:00,577,Krishnagiri,0.5,-40.52933333333333
2025-04-11 11:00:00,577,Krishnagiri,0.5,-24.9205
2025-04-11 17:00:00,577,Krishnagiri,4.0,-24.378
2025-04-11 17:30:00,577,Krishnagiri,13.5,-24.378
2025-04-11 18:00:00,577,Krishnagiri,31.5,-24.378
2025-04-11 18:30:00,577,Krishnagiri,1.0,-24.378
2025-04-11 19:00:00,577,Krishnagiri,1.0,-24.378
2025-04-11 21:00:00,577,Krishnagiri,0.75,-24.378
2025-04-11 22:00:00,577,Krishnagiri,1.0,-24.331166666666665
2025-04-11 23:00:00,577,Krishnagiri,0.75,-24.331166666666665
2025-04-12 00:00:00,577,Krishnagiri,0.5,-24.331166666666665
2025-04-12 14:00:00,577,Krishnagiri,0.5,-24.4295
2025-04-12 17:00:00,577,Krishnagiri,1.0,-24.341166666666663
2025-04-12 18:00:00,577,Krishnagiri,0.5,-24.341166666666663
2025-04-12 20:00:00,577,Krishnagiri,0.5,-24.341166666666663
2025-04-12 22:00:00,577,Krishnagiri,0.5,-24.200666666666667
2025-04-12 23:00:00,577,Krishnagiri,1.0,-24.200666666666667
2025-04-13 01:00:00,577,Krishnagiri,0.5,-24.200666666666667
2025-04-14 03:00:00,577,Krishnagiri,5.0,-24.7255
2025-04-14 20:00:00,577,Krishnagiri,4.25,-24.130166666666668
2025-04-14 21:00:00,577,Krishnagiri,0.75,-24.130166666666668
2025-04-14 22:00:00,577,Krishnagiri,2.25,-24.0315
2025-04-14 23:00:00,577,Krishnagiri,0.5,-24.0315
2025-04-14 23:30:00,577,Krishnagiri,0.5,-24.0315
2025-04-15 00:00:00,577,Krishnagiri,0.5,-24.0315
2025-04-16 02:30:00,577,Krishnagiri,0.5,-28.2832
2025-04-16 03:00:00,577,Krishnagiri,5.333333333333333,-28.2832
2025-04-16 04:00:00,577,Krishnagiri,0.5,-27.835400000000003
2025-04-16 18:00:00,577,Krishnagiri,1.0,-15.649333333333333
2025-04-17 20:00:00,577,Krishnagiri,2.0,-15.651000000000002
2025-04-17 23:00:00,577,Krishnagiri,1.5,-15.591
2025-04-18 20:00:00,577,Krishnagiri,15.0,-15.618333333333334
2025-04-18 21:00:00,577,Krishnagiri,11.75,-15.618333333333334
2025-04-18 22:00:00,577,Krishnagiri,0.5,-12.177
2025-04-20 08:00:00,577,Krishnagiri,0.5,-11.830666666666666
2025-04-30 22:00:00,577,Krishnagiri,0.5,-13.7805
2025-05-01 18:00:00,577,Krishnagiri,3.0,-13.7805
2025-05-02 19:00:00,577,Krishnagiri,3.5,-11.287999999999998
2025-05-02 20:00:00,577,Krishnagiri,11.5,-11.287999999999998
2025-05-02 21:00:00,577,Krishnagiri,0.5,-11.287999999999998
2025-05-02 22:00:00,577,Krishnagiri,0.5,-13.7075
2025-05-02 23:00:00,577,Krishnagiri,0.5,-13.7075
2025-05-05 17:00:00,577,Krishnagiri,1.0,-14.7762
2025-05-05 18:00:00,577,Krishnagiri,3.0,-14.7762
2025-05-06 02:00:00,577,Krishnagiri,10.0,-14.531199999999998
2025-05-06 03:00:00,577,Krishnagiri,14.0,-14.531199999999998
2025-05-06 04:00:00,577,Krishnagiri,9.0,-16.04325
2025-05-06 11:45:00,577,Krishnagiri,2.5,-16.644750000000002
2025-05-06 12:00:00,577,Krishnagiri,3.0,-16.644750000000002
2025-05-06 13:35:00,577,Krishnagiri,10.5,-16.644750000000002
2025-05-07 20:00:00,577,Krishnagiri,1.5,-15.378
2025-05-07 21:00:00,577,Krishnagiri,1.75,-15.378
2025-05-07 22:00:00,577,Krishnagiri,9.5,-14.7986
2025-05-07 23:00:00,577,Krishnagiri,3.0,-14.7986
2025-05-08 01:00:00,577,Krishnagiri,1.0,-14.7986
2025-05-08 19:00:00,577,Krishnagiri,1.0,-13.43925
2025-05-08 20:00:00,577,Krishnagiri,1.0,-13.43925
2025-05-09 21:00:00,577,Krishnagiri,19.5,-13.58825
2025-05-09 22:00:00,577,Krishnagiri,8.0,-13.424
2025-05-12 21:00:00,577,Krishnagiri,20.0,-10.640666666666666
2025-05-12 22:00:00,577,Krishnagiri,5.5,-13.5985
2025-05-12 23:00:00,577,Krishnagiri,2.5,-13.5985
2025-05-13 01:00:00,577,Krishnagiri,1.5,-13.5985
2025-05-13 16:00:00,577,Krishnagiri,9.0,-16.057666666666666
2025-05-14 01:00:00,577,Krishnagiri,0.5,-12.727
2025-05-14 02:00:00,577,Krishnagiri,11.5,-12.727
2025-05-14 03:00:00,577,Krishnagiri,1.0,-12.727
2025-05-14 17:00:00,577,Krishnagiri,0.5,-12.8575
2025-05-14 20:00:00,577,Krishnagiri,1.5,-12.8575
2025-05-14 22:00:00,577,Krishnagiri,7.5,-15.973333333333334
2025-05-14 23:00:00,577,Krishnagiri,2.833333333333333,-15.973333333333334
2025-05-15 00:00:00,577,Krishnagiri,4.333333333333333,-15.973333333333334
2025-05-15 01:00:00,577,Krishnagiri,1.0,-15.973333333333334
2025-05-15 02:00:00,577,Krishnagiri,0.5,-15.973333333333334
2025-05-15 06:00:00,577,Krishnagiri,0.5,-15.953666666666663
2025-05-16 20:00:00,577,Krishnagiri,5.0,-15.983
2025-05-16 21:00:00,577,Krishnagiri,7.0,-15.983
2025-05-16 22:00:00,577,Krishnagiri,4.666666666666667,-15.9
2025-05-16 23:00:00,577,Krishnagiri,13.25,-15.9
2025-05-17 00:00:00,577,Krishnagiri,7.333333333333333,-15.9
2025-05-17 01:00:00,577,Krishnagiri,7.666666666666667,-15.9
2025-05-17 02:00:00,577,Krishnagiri,6.25,-15.9
2025-05-17 03:00:00,577,Krishnagiri,2.0,-15.9
2025-05-17 04:00:00,577,Krishnagiri,1.5,-15.844333333333331
2025-05-17 06:00:00,577,Krishnagiri,0.5,-15.844333333333331
2025-05-17 15:00:00,577,Krishnagiri,0.5,-15.868333333333334
2025-05-17 16:00:00,577,Krishnagiri,0.5,-15.886666666666663
2025-05-17 18:00:00,577,Krishnagiri,8.5,-15.886666666666663
2025-05-17 19:00:00,577,Krishnagiri,27.5,-15.886666666666663
2025-05-17 20:00:00,577,Krishnagiri,6.5,-15.886666666666663
2025-05-17 21:00:00,577,Krishnagiri,1.5,-15.886666666666663
2025-05-17 22:00:00,577,Krishnagiri,2.125,-13.473
2025-05-17 23:00:00,577,Krishnagiri,1.75,-13.473
2025-05-18 00:00:00,577,Krishnagiri,2.5,-13.473
2025-05-18 01:00:00,577,Krishnagiri,1.5,-13.473
2025-05-18 02:00:00,577,Krishnagiri,1.0,-13.473
2025-05-18 04:00:00,577,Krishnagiri,1.0,-13.4235
2025-05-18 05:00:00,577,Krishnagiri,0.5,-13.4235
2025-05-18 07:00:00,577,Krishnagiri,0.5,-13.4235
2025-05-18 09:00:00,577,Krishnagiri,0.5,-13.4235
2025-05-18 22:00:00,577,Krishnagiri,1.0,-13.32275
2025-05-18 23:00:00,577,Krishnagiri,1.0,-13.32275
2025-05-19 00:00:00,577,Krishnagiri,0.8333333333333334,-13.32275
2025-05-19 01:00:00,577,Krishnagiri,16.375,-13.32275
2025-05-19 02:00:00,577,Krishnagiri,19.5,-13.32275
2025-05-19 03:00:00,577,Krishnagiri,2.25,-13.32275
2025-05-19 04:00:00,577,Krishnagiri,2.125,-13.26625
2025-05-19 06:00:00,577,Krishnagiri,3.0,-13.26625
2025-05-19 07:00:00,577,Krishnagiri,3.0,-13.26625
2025-05-19 08:00:00,577,Krishnagiri,2.5,-13.26625
2025-05-19 10:00:00,577,Krishnagiri,2.0,-13.272750000000002
2025-05-19 11:00:00,577,Krishnagiri,2.0,-13.272750000000002
2025-05-19 12:00:00,577,Krishnagiri,1.0,-13.272750000000002
2025-05-19 15:30:00,577,Krishnagiri,8.0,-13.23575
2025-05-19 16:00:00,577,Krishnagiri,6.0,-13.23575
2025-05-19 16:30:00,577,Krishnagiri,4.0,-13.23575
2025-05-19 17:00:00,577,Krishnagiri,3.125,-13.23575
2025-05-19 17:30:00,577,Krishnagiri,9.5,-13.23575
2025-05-19 18:00:00,577,Krishnagiri,5.5,-13.23575
2025-05-19 18:30:00,577,Krishnagiri,1.5,-13.23575
2025-05-19 19:00:00,577,Krishnagiri,1.75,-13.23575
2025-05-19 19:30:00,577,Krishnagiri,0.5,-13.23575
2025-05-19 20:00:00,577,Krishnagiri,2.0,-13.23575
2025-05-19 21:00:00,577,Krishnagiri,3.5,-13.23575
2025-05-19 22:00:00,577,Krishnagiri,3.5,-13.1655
2025-05-19 23:00:00,577,Krishnagiri,3.0,-13.1655
2025-05-20 00:00:00,577,Krishnagiri,2.5,-13.1655
2025-05-20 01:00:00,577,Krishnagiri,2.5,-13.1655
2025-05-20 02:00:00,577,Krishnagiri,1.5,-13.1655
2025-05-20 02:30:00,577,Krishnagiri,4.0,-13.1655
2025-05-20 03:00:00,577,Krishnagiri,2.833333333333333,-13.1655
2025-05-20 04:00:00,577,Krishnagiri,2.0,-13.0635
2025-05-20 05:00:00,577,Krishnagiri,2.0,-13.0635
2025-05-20 06:00:00,577,Krishnagiri,3.333333333333333,-13.0635
2025-05-20 07:00:00,577,Krishnagiri,1.0,-13.0635
2025-05-20 08:00:00,577,Krishnagiri,1.5,-13.0635
2025-05-20 09:00:00,577,Krishnagiri,1.0,-13.0635
2025-05-20 10:00:00,577,Krishnagiri,1.5,-13.0575
2025-05-20 10:30:00,577,Krishnagiri,0.5,-13.0575
2025-05-20 11:00:00,577,Krishnagiri,1.5,-13.0575
2025-05-20 12:00:00,577,Krishnagiri,1.0,-13.0575
2025-05-20 13:00:00,577,Krishnagiri,0.5,-13.0575
2025-05-20 20:00:00,577,Krishnagiri,0.5,-13.042
2025-05-20 21:00:00,577,Krishnagiri,1.0,-13.042
2025-05-20 22:00:00,577,Krishnagiri,2.25,-13.001
2025-05-20 22:30:00,577,Krishnagiri,0.5,-13.001
2025-05-20 23:00:00,577,Krishnagiri,1.375,-13.001
2025-05-21 00:00:00,577,Krishnagiri,0.5,-13.001
2025-05-21 01:00:00,577,Krishnagiri,0.5,-13.001
2025-05-21 05:00:00,577,Krishnagiri,0.5,-12.96925
2025-05-23 05:00:00,577,Krishnagiri,1.0,-11.91175
2025-05-23 07:00:00,577,Krishnagiri,17.0,-11.91175
2025-05-23 08:00:00,577,Krishnagiri,46.5,-11.91175
2025-05-23 12:00:00,577,Krishnagiri,0.5,-11.97725
2025-05-23 13:00:00,577,Krishnagiri,2.5,-11.97725
2025-05-23 14:00:00,577,Krishnagiri,1.0,-11.97725
2025-05-23 17:00:00,577,Krishnagiri,1.0,-13.739666666666666
2025-05-23 18:00:00,577,Krishnagiri,10.0,-13.739666666666666
2025-05-23 19:00:00,577,Krishnagiri,2.75,-13.739666666666666
2025-05-23 21:00:00,577,Krishnagiri,0.5,-13.739666666666666
2025-05-24 00:00:00,577,Krishnagiri,0.5,-13.752333333333333
2025-05-24 05:00:00,577,Krishnagiri,0.5,-13.741333333333335
2025-05-24 06:00:00,577,Krishnagiri,32.5,-13.741333333333335
2025-05-24 08:00:00,577,Krishnagiri,0.5,-13.741333333333335
2025-05-24 09:00:00,577,Krishnagiri,1.0,-13.741333333333335
2025-05-24 10:00:00,577,Krishnagiri,0.5,-13.741666666666664
2025-05-24 11:00:00,577,Krishnagiri,0.5,-13.741666666666664
2025-05-24 14:00:00,577,Krishnagiri,0.5,-13.741666666666664
2025-05-24 19:00:00,577,Krishnagiri,4.0,-10.615333333333334
2025-05-24 20:00:00,577,Krishnagiri,7.0,-10.615333333333334
2025-05-24 21:00:00,577,Krishnagiri,16.0,-10.615333333333334
2025-05-24 22:00:00,577,Krishnagiri,315.5,-11.913
2025-05-25 00:00:00,577,Krishnagiri,11.5,-11.913
2025-05-25 01:00:00,577,Krishnagiri,587.0,-11.913
2025-05-25 05:00:00,577,Krishnagiri,472.5,-11.8825
2025-05-25 06:00:00,577,Krishnagiri,2177.0,-11.8825
2025-05-25 07:00:00,577,Krishnagiri,711.0,-11.8825
2025-05-25 08:00:00,577,Krishnagiri,553.0,-11.8825
2025-05-25 09:00:00,577,Krishnagiri,344.0,-11.8825
2025-05-25 11:00:00,577,Krishnagiri,321.5,-11.947
2025-05-25 12:00:00,577,Krishnagiri,153.5,-11.947
2025-05-25 13:00:00,577,Krishnagiri,371.5,-11.947
2025-05-25 14:00:00,577,Krishnagiri,90.0,-11.947
2025-05-25 15:00:00,577,Krishnagiri,9.0,-11.947
2025-05-25 16:00:00,577,Krishnagiri,27.5,-11.9355
2025-05-25 16:30:00,577,Krishnagiri,1.0,-11.9355
2025-05-25 17:30:00,577,Krishnagiri,0.5,-11.9355
2025-05-25 18:00:00,577,Krishnagiri,4.333333333333333,-11.9355
2025-05-25 19:00:00,577,Krishnagiri,0.75,-11.9355
2025-05-25 20:00:00,577,Krishnagiri,5.5,-11.9355
2025-05-25 21:00:00,577,Krishnagiri,30.166666666666668,-11.9355
2025-05-25 22:00:00,577,Krishnagiri,0.5,-11.896
2025-05-25 23:00:00,577,Krishnagiri,555.0,-11.896
2025-05-26 00:00:00,577,Krishnagiri,0.5,-11.896
2025-05-26 01:00:00,577,Krishnagiri,167.5,-11.896
2025-05-26 02:00:00,577,Krishnagiri,428.75,-11.896
2025-05-26 03:00:00,577,Krishnagiri,178.0,-11.896
2025-05-26 04:00:00,577,Krishnagiri,543.25,-11.87475
2025-05-26 05:00:00,577,Krishnagiri,0.5,-11.87475
2025-05-26 06:00:00,577,Krishnagiri,2162.0,-11.87475
2025-05-26 07:00:00,577,Krishnagiri,1309.0,-11.87475
2025-05-26 08:00:00,577,Krishnagiri,1039.0,-11.87475
2025-05-26 10:00:00,577,Krishnagiri,25.166666666666668,-11.94175
2025-05-26 11:00:00,577,Krishnagiri,0.5,-11.94175
2025-05-26 14:00:00,577,Krishnagiri,0.5,-11.94175
2025-05-26 15:00:00,577,Krishnagiri,0.5,-11.94175
2025-05-26 17:00:00,577,Krishnagiri,0.5,-11.903
2025-05-26 18:00:00,577,Krishnagiri,0.5,-11.903
2025-05-26 19:00:00,577,Krishnagiri,0.5,-11.903
2025-05-26 20:00:00,577,Krishnagiri,0.5,-11.903
2025-05-26 22:00:00,577,Krishnagiri,2.25,-11.87275
2025-05-27 00:00:00,577,Krishnagiri,0.5,-11.87275
2025-05-27 03:00:00,577,Krishnagiri,1.5,-11.87275
2025-05-27 04:00:00,577,Krishnagiri,1.0,-11.84625
2025-05-27 05:00:00,577,Krishnagiri,0.5,-11.84625
2025-05-27 06:00:00,577,Krishnagiri,0.5,-11.84625
2025-05-27 07:00:00,577,Krishnagiri,1.5,-11.84625
2025-05-27 08:00:00,577,Krishnagiri,0.5,-11.84625
2025-05-27 09:00:00,577,Krishnagiri,0.5,-11.84625
2025-05-27 10:00:00,577,Krishnagiri,1.5,-12.0035
2025-05-27 12:00:00,577,Krishnagiri,27.0,-12.0035
2025-05-27 13:00:00,577,Krishnagiri,3.25,-12.0035
2025-05-27 14:00:00,577,Krishnagiri,0.5,-12.0035
2025-05-27 16:00:00,577,Krishnagiri,1.25,-11.86975
2025-05-27 17:00:00,577,Krishnagiri,0.5,-11.86975
2025-05-27 18:00:00,577,Krishnagiri,1.0,-11.86975
2025-05-27 20:00:00,577,Krishnagiri,0.5,-11.86975
2025-05-27 23:00:00,577,Krishnagiri,0.5,-11.876
2025-05-28 00:00:00,577,Krishnagiri,0.5,-11.876
2025-05-28 01:00:00,577,Krishnagiri,0.5,-11.876
2025-05-28 02:00:00,577,Krishnagiri,1.5,-11.876
2025-05-28 03:00:00,577,Krishnagiri,0.5,-11.876
2025-05-28 14:00:00,577,Krishnagiri,0.75,-11.88175
2025-05-28 17:00:00,577,Krishnagiri,0.5,-11.8395
2025-06-02 18:00:00,577,Krishnagiri,0.5,-12.07475
2025-06-08 21:00:00,577,Krishnagiri,3.0,-8.570333333333334
2025-06-08 22:00:00,577,Krishnagiri,4.0,-8.549000000000001
2025-06-08 23:00:00,577,Krishnagiri,2.5,-8.549000000000001
2025-06-09 00:00:00,577,Krishnagiri,3.75,-8.549000000000001
2025-06-09 01:00:00,577,Krishnagiri,3.75,-8.549000000000001
2025-06-09 02:00:00,577,Krishnagiri,2.25,-8.549000000000001
2025-06-09 02:30:00,577,Krishnagiri,4.5,-8.549000000000001
2025-06-09 03:00:00,577,Krishnagiri,5.75,-8.549000000000001
2025-06-09 04:00:00,577,Krishnagiri,1.3333333333333333,-8.496666666666668
2025-06-09 04:30:00,577,Krishnagiri,4.0,-8.496666666666668
2025-06-09 05:00:00,577,Krishnagiri,4.0,-8.496666666666668
2025-06-09 05:30:00,577,Krishnagiri,1.0,-8.496666666666668
2025-06-09 06:00:00,577,Krishnagiri,1.25,-8.496666666666668
2025-06-09 08:00:00,577,Krishnagiri,0.5,-8.496666666666668
2025-06-09 09:00:00,577,Krishnagiri,0.5,-8.496666666666668
2025-06-09 11:00:00,577,Krishnagiri,0.5,-8.67
2025-06-09 13:00:00,577,Krishnagiri,0.5,-8.67
2025-06-09 15:00:00,577,Krishnagiri,0.5,-8.67
2025-06-09 17:30:00,577,Krishnagiri,6.0,-8.766666666666666
2025-06-09 18:00:00,577,Krishnagiri,3.5,-8.766666666666666
2025-06-09 18:30:00,577,Krishnagiri,1.0,-8.766666666666666
2025-06-09 19:00:00,577,Krishnagiri,1.5,-8.766666666666666
2025-06-09 21:00:00,577,Krishnagiri,0.5,-8.766666666666666
2025-06-10 01:00:00,577,Krishnagiri,0.5,-12.03
2025-06-10 23:30:00,577,Krishnagiri,5.0,-12.00825
2025-06-11 00:00:00,577,Krishnagiri,10.5,-12.00825
2025-06-11 00:30:00,577,Krishnagiri,1.0,-12.00825
2025-06-11 01:00:00,577,Krishnagiri,3.0,-12.00825
2025-06-11 01:30:00,577,Krishnagiri,0.5,-12.00825
2025-06-11 02:00:00,577,Krishnagiri,0.5,-12.00825
2025-06-11 18:00:00,577,Krishnagiri,8.5,-15.071666666666667
2025-06-12 20:00:00,577,Krishnagiri,0.5,-15.333333333333334
2025-06-13 06:00:00,577,Krishnagiri,0.5,-8.604
2025-06-13 17:00:00,577,Krishnagiri,20.0,-8.862333333333334
2025-06-13 18:00:00,577,Krishnagiri,0.5,-8.862333333333334
2025-06-13 19:00:00,577,Krishnagiri,23.0,-8.862333333333334
2025-06-14 15:00:00,577,Krishnagiri,0.5,-8.648333333333333
2025-06-14 18:00:00,577,Krishnagiri,0.5,-8.589333333333334
2025-06-14 19:00:00,577,Krishnagiri,0.5,-8.589333333333334
2025-06-14 19:30:00,577,Krishnagiri,0.5,-8.589333333333334
2025-06-14 20:00:00,577,Krishnagiri,0.5,-8.589333333333334
2025-06-15 15:00:00,577,Krishnagiri,0.5,-11.2225
2025-06-16 19:00:00,577,Krishnagiri,2.0,-11.5105
2025-06-17 17:30:00,577,Krishnagiri,0.5,-8.828666666666667
2025-06-17 18:00:00,577,Krishnagiri,0.5,-8.828666666666667
2025-06-18 17:30:00,577,Krishnagiri,0.5,-9.8955
2025-06-18 18:00:00,577,Krishnagiri,0.5,-9.8955
2025-06-22 17:30:00,577,Krishnagiri,0.5,-9.052666666666669
2025-06-22 18:00:00,577,Krishnagiri,3.0,-9.052666666666669
2025-06-22 19:00:00,577,Krishnagiri,2.0,-9.052666666666669
2025-06-26 18:30:00,577,Krishnagiri,0.5,-10.422
2025-06-26 19:00:00,577,Krishnagiri,0.5,-10.422
2025-07-05 19:00:00,577,Krishnagiri,1.0,-9.258666666666668
2025-07-05 19:30:00,577,Krishnagiri,0.5,-9.258666666666668
2025-07-05 20:00:00,577,Krishnagiri,0.5,-9.258666666666668
2025-07-06 02:30:00,577,Krishnagiri,0.5,-9.2
2025-07-06 03:00:00,577,Krishnagiri,0.5,-9.2
2025-07-10 20:00:00,577,Krishnagiri,0.5,-12.1505
2025-07-11 20:00:00,577,Krishnagiri,0.5,-12.3345
2025-07-11 21:00:00,577,Krishnagiri,0.5,-12.3345
2025-07-13 18:00:00,577,Krishnagiri,1.0,-11.8475
2025-07-16 18:30:00,577,Krishnagiri,0.5,-12.5145
2025-07-16 19:00:00,577,Krishnagiri,0.5,-12.5145
2025-07-16 20:00:00,577,Krishnagiri,0.5,-12.5145
2025-07-16 21:00:00,577,Krishnagiri,0.5,-12.5145
2025-07-16 22:00:00,577,Krishnagiri,0.5,-12.5145
2025-07-16 23:00:00,577,Krishnagiri,0.5,-12.5145
2025-07-20 17:00:00,577,Krishnagiri,1.0,-11.9905
2025-07-20 17:30:00,577,Krishnagiri,4.0,-11.9905
2025-07-20 18:00:00,577,Krishnagiri,7.0,-11.9905
2025-07-20 21:30:00,577,Krishnagiri,0.5,-9.437333333333331
2025-07-20 22:00:00,577,Krishnagiri,0.5,-9.437333333333331
2025-07-20 23:30:00,577,Krishnagiri,0.5,-9.437333333333331
2025-07-21 00:00:00,577,Krishnagiri,0.5,-9.437333333333331
2025-07-21 00:30:00,577,Krishnagiri,0.5,-9.437333333333331
2025-07-21 01:00:00,577,Krishnagiri,0.5,-9.437333333333331
2025-07-21 15:00:00,577,Krishnagiri,9.0,-9.637
2025-07-21 16:00:00,577,Krishnagiri,4.166666666666667,-9.606
2025-07-21 16:30:00,577,Krishnagiri,1.0,-9.606
2025-07-21 17:00:00,577,Krishnagiri,2.125,-9.606
2025-07-21 17:30:00,577,Krishnagiri,1.5,-9.606
2025-07-21 18:00:00,577,Krishnagiri,3.375,-9.606
2025-07-21 18:30:00,577,Krishnagiri,0.5,-9.606
2025-07-21 19:00:00,577,Krishnagiri,0.5,-9.606
2025-07-21 20:00:00,577,Krishnagiri,0.8333333333333334,-9.606
2025-07-21 21:00:00,577,Krishnagiri,0.5,-9.606
2025-07-21 22:00:00,577,Krishnagiri,0.5,-9.505333333333333
2025-07-21 23:00:00,577,Krishnagiri,0.5,-9.505333333333333
2025-07-22 16:00:00,577,Krishnagiri,1.5,-9.741
2025-07-22 17:00:00,577,Krishnagiri,3.0,-9.741
2025-07-22 18:00:00,577,Krishnagiri,0.5,-9.741
2025-07-24 15:00:00,577,Krishnagiri,0.5,-12.3535
2025-07-24 16:30:00,577,Krishnagiri,0.5,-12.1325
2025-07-24 17:00:00,577,Krishnagiri,1.0,-12.1325
2025-07-27 07:00:00,577,Krishnagiri,0.5,-9.528666666666666
2025-07-27 09:00:00,577,Krishnagiri,0.5,-9.528666666666666
2025-07-28 19:00:00,577,Krishnagiri,0.5,-9.784333333333334
2025-07-29 17:30:00,577,Krishnagiri,1.5,-9.919666666666666
2025-07-29 18:00:00,577,Krishnagiri,1.5,-9.919666666666666
2025-08-02 22:00:00,577,Krishnagiri,5.5,-12.298
2025-08-02 23:00:00,577,Krishnagiri,13.5,-12.298
2025-08-03 01:00:00,577,Krishnagiri,0.5,-12.298
2025-08-03 02:00:00,577,Krishnagiri,1.25,-12.298
2025-08-03 03:00:00,577,Krishnagiri,1.0,-12.298
2025-08-03 05:00:00,577,Krishnagiri,0.5,-12.2125
2025-08-03 15:30:00,577,Krishnagiri,1.0,-12.35
2025-08-03 16:00:00,577,Krishnagiri,6.0,-12.35
2025-08-03 16:30:00,577,Krishnagiri,1.0,-12.35
2025-08-03 17:00:00,577,Krishnagiri,1.0,-12.35
2025-08-03 21:00:00,577,Krishnagiri,1.25,-12.35
2025-08-03 22:00:00,577,Krishnagiri,0.75,-12.8535
2025-08-03 22:30:00,577,Krishnagiri,1.0,-12.8535
2025-08-03 23:00:00,577,Krishnagiri,0.8333333333333334,-12.8535
2025-08-04 00:30:00,577,Krishnagiri,0.5,-12.8535
2025-08-04 01:00:00,577,Krishnagiri,0.5,-12.8535
2025-08-04 17:00:00,577,Krishnagiri,0.5,-12.8355
2025-08-04 18:00:00,577,Krishnagiri,4.25,-12.8355
2025-08-04 19:00:00,577,Krishnagiri,7.666666666666667,-12.8355
2025-08-04 19:30:00,577,Krishnagiri,0.5,-12.8355
2025-08-04 20:00:00,577,Krishnagiri,3.5,-12.8355
2025-08-04 20:30:00,577,Krishnagiri,5.0,-12.8355
2025-08-04 21:00:00,577,Krishnagiri,3.0,-12.8355
2025-08-05 01:00:00,577,Krishnagiri,0.5,-12.435
2025-08-05 02:30:00,577,Krishnagiri,0.5,-12.435
2025-08-05 03:00:00,577,Krishnagiri,0.5,-12.435
2025-08-05 13:00:00,577,Krishnagiri,1.5,-12.556
2025-08-05 15:30:00,577,Krishnagiri,0.5,-12.667000000000002
2025-08-05 16:00:00,577,Krishnagiri,4.0,-12.667000000000002
2025-08-05 16:30:00,577,Krishnagiri,2.5,-12.667000000000002
2025-08-05 17:00:00,577,Krishnagiri,3.0,-12.667000000000002
2025-08-05 19:00:00,577,Krishnagiri,1.0,-12.667000000000002
2025-08-07 02:00:00,577,Krishnagiri,26.0,-12.0155
2025-08-07 03:00:00,577,Krishnagiri,2.0,-12.0155
2025-08-07 20:00:00,577,Krishnagiri,0.5,-12.4195
2025-08-08 18:00:00,577,Krishnagiri,11.0,-12.155
2025-08-08 19:00:00,577,Krishnagiri,6.0,-12.155
2025-08-08 20:00:00,577,Krishnagiri,23.0,-12.155
2025-08-08 21:00:00,577,Krishnagiri,2.833333333333333,-12.155
2025-08-08 22:00:00,577,Krishnagiri,6.666666666666667,-12.023
2025-08-08 23:00:00,577,Krishnagiri,1.5,-12.023
2025-08-09 00:00:00,577,Krishnagiri,0.5,-12.023
2025-08-09 01:00:00,577,Krishnagiri,0.5,-12.023
2025-08-09 06:00:00,577,Krishnagiri,0.5,-11.9465
2025-08-09 07:00:00,577,Krishnagiri,2.75,-11.9465
2025-08-09 08:00:00,577,Krishnagiri,2.25,-11.9465
2025-08-09 09:00:00,577,Krishnagiri,3.0,-11.9465
2025-08-09 11:00:00,577,Krishnagiri,0.5,-12.073
2025-08-09 17:30:00,577,Krishnagiri,0.5,-12.103000000000002
2025-08-09 18:00:00,577,Krishnagiri,0.5,-12.103000000000002
2025-08-09 18:30:00,577,Krishnagiri,0.5,-12.103000000000002
2025-08-09 19:00:00,577,Krishnagiri,0.75,-12.103000000000002
2025-08-09 19:30:00,577,Krishnagiri,0.5,-12.103000000000002
2025-08-09 20:00:00,577,Krishnagiri,1.0,-12.103000000000002
2025-08-09 20:30:00,577,Krishnagiri,0.5,-12.103000000000002
2025-08-09 21:00:00,577,Krishnagiri,0.5,-12.103000000000002
2025-08-10 00:00:00,577,Krishnagiri,0.5,-11.973
2025-08-10 01:00:00,577,Krishnagiri,0.5,-11.973
2025-08-10 13:30:00,577,Krishnagiri,1.5,-12.2585
2025-08-10 14:00:00,577,Krishnagiri,2.5,-12.2585
2025-08-10 15:00:00,577,Krishnagiri,8.0,-12.2585
2025-08-10 16:00:00,577,Krishnagiri,0.5,-12.0375
2025-08-10 16:30:00,577,Krishnagiri,1.0,-12.0375
2025-08-10 17:00:00,577,Krishnagiri,3.0,-12.0375
2025-08-10 18:00:00,577,Krishnagiri,2.1666666666666665,-12.0375
2025-08-10 18:30:00,577,Krishnagiri,1.0,-12.0375
2025-08-10 19:00:00,577,Krishnagiri,4.125,-12.0375
2025-08-10 19:30:00,577,Krishnagiri,1.0,-12.0375
2025-08-10 20:00:00,577,Krishnagiri,2.25,-12.0375
2025-08-10 21:00:00,577,Krishnagiri,1.25,-12.0375
2025-08-10 22:00:00,577,Krishnagiri,2.25,-12.004
2025-08-10 23:00:00,577,Krishnagiri,4.0,-12.004
2025-08-11 00:00:00,577,Krishnagiri,3.0,-12.004
2025-08-11 01:00:00,577,Krishnagiri,1.5,-12.004
2025-08-11 01:30:00,577,Krishnagiri,0.5,-12.004
2025-08-11 02:00:00,577,Krishnagiri,1.0,-12.004
2025-08-12 16:30:00,577,Krishnagiri,0.5,-12.064
2025-08-12 17:00:00,577,Krishnagiri,0.5,-12.064
2025-08-12 17:30:00,577,Krishnagiri,4.5,-12.064
2025-08-12 18:00:00,577,Krishnagiri,4.5,-12.064
2025-08-12 20:00:00,577,Krishnagiri,2.0,-12.064
2025-08-12 21:00:00,577,Krishnagiri,3.0,-12.064
2025-08-12 22:00:00,577,Krishnagiri,0.5,-11.7145
2025-08-12 23:00:00,577,Krishnagiri,1.0,-11.7145
2025-08-13 00:00:00,577,Krishnagiri,0.5,-11.7145
2025-08-13 01:00:00,577,Krishnagiri,0.5,-11.7145
2025-08-13 02:00:00,577,Krishnagiri,1.0,-11.7145
2025-08-13 03:00:00,577,Krishnagiri,0.5,-11.7145
2025-08-13 04:00:00,577,Krishnagiri,0.5,-11.6125
2025-08-13 05:00:00,577,Krishnagiri,0.5,-11.6125
2025-08-13 06:00:00,577,Krishnagiri,1.0,-11.6125
2025-08-13 07:00:00,577,Krishnagiri,0.5,-11.6125
2025-08-13 08:00:00,577,Krishnagiri,0.5,-11.6125
2025-08-13 09:00:00,577,Krishnagiri,0.5,-11.6125
2025-08-13 10:00:00,577,Krishnagiri,0.5,-11.778
2025-08-13 12:30:00,577,Krishnagiri,0.5,-11.778
2025-08-13 13:00:00,577,Krishnagiri,0.5,-11.778
2025-08-13 16:00:00,577,Krishnagiri,0.5,-11.959499999999998
2025-08-14 17:00:00,577,Krishnagiri,0.5,-11.897
2025-08-14 18:00:00,577,Krishnagiri,1.0,-11.897
2025-08-14 19:00:00,577,Krishnagiri,1.0,-11.897
2025-08-14 20:00:00,577,Krishnagiri,1.0,-11.897
2025-08-14 21:00:00,577,Krishnagiri,0.5,-11.897
2025-08-14 22:00:00,577,Krishnagiri,0.5,-11.581
2025-08-14 23:00:00,577,Krishnagiri,0.5,-11.581
2025-08-15 00:00:00,577,Krishnagiri,0.5,-11.581
2025-08-15 01:00:00,577,Krishnagiri,0.5,-11.581
2025-08-15 02:00:00,577,Krishnagiri,0.5,-11.581
2025-08-15 04:00:00,577,Krishnagiri,0.5,-11.712
2025-08-15 05:00:00,577,Krishnagiri,0.5,-11.712
2025-08-15 06:00:00,577,Krishnagiri,0.5,-11.712
2025-08-15 07:00:00,577,Krishnagiri,0.5,-11.712
2025-08-15 08:00:00,577,Krishnagiri,0.5,-11.712
2025-08-15 09:00:00,577,Krishnagiri,0.5,-11.712
2025-08-15 10:00:00,577,Krishnagiri,0.5,-11.6465
2025-08-15 11:00:00,577,Krishnagiri,0.5,-11.6465
2025-08-15 13:00:00,577,Krishnagiri,0.5,-11.6465
2025-08-15 17:00:00,577,Krishnagiri,0.5,-11.6245
2025-08-16 17:30:00,577,Krishnagiri,4.0,-11.7375
2025-08-16 18:00:00,577,Krishnagiri,4.0,-11.7375
2025-08-17 06:00:00,577,Krishnagiri,0.5,-11.633
2025-08-17 13:30:00,577,Krishnagiri,1.5,-11.7305
2025-08-17 14:00:00,577,Krishnagiri,2.0,-11.7305
2025-08-17 14:30:00,577,Krishnagiri,4.5,-11.7305
2025-08-17 15:00:00,577,Krishnagiri,4.5,-11.7305
2025-08-17 16:00:00,577,Krishnagiri,5.666666666666667,-11.83
2025-08-17 17:00:00,577,Krishnagiri,3.0,-11.83
2025-08-17 18:00:00,577,Krishnagiri,2.333333333333333,-11.83
2025-08-17 19:00:00,577,Krishnagiri,2.5,-11.83
2025-08-17 20:00:00,577,Krishnagiri,1.125,-11.83
2025-08-17 21:00:00,577,Krishnagiri,0.5,-11.83
2025-08-17 22:00:00,577,Krishnagiri,0.5,-11.7565
2025-08-17 23:00:00,577,Krishnagiri,0.5,-11.7565
2025-08-18 00:00:00,577,Krishnagiri,0.5,-11.7565
2025-08-18 01:00:00,577,Krishnagiri,0.5,-11.7565
2025-08-18 01:30:00,577,Krishnagiri,0.5,-11.7565
2025-08-18 02:00:00,577,Krishnagiri,0.5,-11.7565
2025-08-18 16:00:00,577,Krishnagiri,0.5,-11.739999999999998
2025-08-22 21:00:00,577,Krishnagiri,43.0,-18.7855
2025-08-22 21:30:00,577,Krishnagiri,11.0,-18.7615
2025-08-22 22:00:00,577,Krishnagiri,8.0,-18.7615
2025-08-22 22:30:00,577,Krishnagiri,0.5,-18.7615
2025-08-22 23:00:00,577,Krishnagiri,0.5,-18.7615
2025-08-23 00:00:00,577,Krishnagiri,0.5,-18.7615
2025-08-23 01:00:00,577,Krishnagiri,1.5,-18.7615
2025-08-23 01:30:00,577,Krishnagiri,1.0,-18.7615
2025-08-23 02:00:00,577,Krishnagiri,1.8333333333333333,-18.7615
2025-08-23 02:30:00,577,Krishnagiri,1.0,-18.7615
2025-08-23 03:00:00,577,Krishnagiri,2.25,-18.7615
2025-08-23 04:00:00,577,Krishnagiri,2.5,-18.223
2025-08-23 05:00:00,577,Krishnagiri,0.5,-18.223
2025-08-27 16:00:00,577,Krishnagiri,1.0,-60.7975
2025-08-28 19:00:00,577,Krishnagiri,1.0,-25.550666666666668
2025-09-01 18:00:00,577,Krishnagiri,9.0,-26.312
2025-09-01 19:00:00,577,Krishnagiri,3.0,-26.312
2025-09-01 19:30:00,577,Krishnagiri,0.5,-26.312
2025-09-01 20:00:00,577,Krishnagiri,1.5,-26.312
2025-09-01 20:30:00,577,Krishnagiri,1.5,-26.312
2025-09-01 21:00:00,577,Krishnagiri,1.5,-26.312
2025-09-03 15:30:00,577,Krishnagiri,0.5,-20.078
2025-09-03 16:00:00,577,Krishnagiri,0.5,-20.078
2025-09-03 17:30:00,577,Krishnagiri,0.5,-20.078
2025-09-03 18:00:00,577,Krishnagiri,0.5,-20.078
2025-09-03 18:30:00,577,Krishnagiri,3.5,-20.078
2025-09-03 19:00:00,577,Krishnagiri,5.0,-20.078
2025-09-03 20:00:00,577,Krishnagiri,1.5,-20.078
2025-09-03 20:30:00,577,Krishnagiri,0.5,-20.078
2025-09-03 21:00:00,577,Krishnagiri,0.5,-20.078
2025-09-03 21:30:00,577,Krishnagiri,0.5,-19.73975
2025-09-03 22:00:00,577,Krishnagiri,2.75,-19.73975
2025-09-03 23:00:00,577,Krishnagiri,0.5,-19.73975
2025-09-06 22:00:00,577,Krishnagiri,0.5,-21.41525
2025-09-06 22:30:00,577,Krishnagiri,0.5,-21.41525
2025-09-06 23:00:00,577,Krishnagiri,0.5,-21.41525
2025-09-09 01:00:00,577,Krishnagiri,7.5,-23.691666666666663
2025-09-09 02:00:00,577,Krishnagiri,13.5,-23.691666666666663
2025-09-09 03:00:00,577,Krishnagiri,4.5,-23.691666666666663
2025-09-09 04:00:00,577,Krishnagiri,0.5,-27.560666666666663
2025-09-09 06:00:00,577,Krishnagiri,0.5,-27.560666666666663
2025-09-09 07:00:00,577,Krishnagiri,0.5,-27.560666666666663
2025-09-09 14:00:00,577,Krishnagiri,1.5,-27.92633333333333
2025-09-09 22:00:00,577,Krishnagiri,22.0,-22.222250000000003
2025-09-09 23:00:00,577,Krishnagiri,1.0,-22.222250000000003
2025-09-10 02:00:00,577,Krishnagiri,7.5,-22.222250000000003
2025-09-10 03:00:00,577,Krishnagiri,0.5,-22.222250000000003
2025-09-10 05:00:00,577,Krishnagiri,17.5,-22.01225
2025-09-10 06:00:00,577,Krishnagiri,1.25,-22.01225
2025-09-10 07:00:00,577,Krishnagiri,0.5,-22.01225
2025-09-10 15:00:00,577,Krishnagiri,1.5,-22.13725
2025-09-10 15:30:00,577,Krishnagiri,0.5,-21.80625
2025-09-10 16:00:00,577,Krishnagiri,0.5,-21.80625
2025-09-10 16:30:00,577,Krishnagiri,13.5,-21.80625
2025-09-10 17:00:00,577,Krishnagiri,16.0,-21.80625
2025-09-10 21:00:00,577,Krishnagiri,7.0,-21.80625
2025-09-10 22:00:00,577,Krishnagiri,1.3333333333333333,-21.40575
2025-09-10 22:30:00,577,Krishnagiri,9.5,-21.40575
2025-09-10 23:00:00,577,Krishnagiri,14.5,-21.40575
2025-09-10 23:30:00,577,Krishnagiri,1.0,-21.40575
2025-09-11 00:00:00,577,Krishnagiri,7.75,-21.40575
2025-09-11 00:30:00,577,Krishnagiri,1.0,-21.40575
2025-09-11 01:00:00,577,Krishnagiri,16.166666666666668,-21.40575
2025-09-11 01:30:00,577,Krishnagiri,2.5,-21.40575
2025-09-11 02:00:00,577,Krishnagiri,2.75,-21.40575
2025-09-11 02:30:00,577,Krishnagiri,2.0,-21.40575
2025-09-11 03:00:00,577,Krishnagiri,2.333333333333333,-21.40575
2025-09-11 03:30:00,577,Krishnagiri,0.5,-21.049
2025-09-11 04:00:00,577,Krishnagiri,1.75,-21.049
2025-09-11 05:00:00,577,Krishnagiri,1.5,-21.049
2025-09-11 06:00:00,577,Krishnagiri,1.0,-21.049
2025-09-11 07:00:00,577,Krishnagiri,1.5,-21.049
2025-09-11 08:00:00,577,Krishnagiri,1.0,-21.049
2025-09-11 09:00:00,577,Krishnagiri,1.0,-21.049
2025-09-11 10:00:00,577,Krishnagiri,1.5,-20.866
2025-09-11 11:00:00,577,Krishnagiri,1.0,-20.866
2025-09-13 05:00:00,577,Krishnagiri,2.5,-20.072
2025-09-13 15:00:00,577,Krishnagiri,0.5,-20.22025
2025-09-15 00:00:00,577,Krishnagiri,3.0,-25.895333333333337
2025-09-15 01:00:00,577,Krishnagiri,2.5,-25.895333333333337
2025-09-15 02:00:00,577,Krishnagiri,1.5,-25.895333333333337
2025-09-17 03:00:00,577,Krishnagiri,2.5,-26.626666666666665
2025-09-17 04:00:00,577,Krishnagiri,0.5,-26.357333333333333
2025-09-17 20:00:00,577,Krishnagiri,1.5,-27.436
2025-09-17 21:00:00,577,Krishnagiri,1.0,-27.436
2025-09-17 22:00:00,577,Krishnagiri,1.5,-27.145
2025-09-17 23:00:00,577,Krishnagiri,1.0,-27.145
2025-09-17 23:30:00,577,Krishnagiri,1.5,-27.145
2025-09-18 00:00:00,577,Krishnagiri,11.0,-27.145
2025-09-18 00:30:00,577,Krishnagiri,8.0,-27.145
2025-09-18 01:00:00,577,Krishnagiri,4.166666666666667,-27.145
2025-09-18 01:30:00,577,Krishnagiri,3.0,-27.145
2025-09-18 02:00:00,577,Krishnagiri,2.333333333333333,-27.145
2025-09-18 02:30:00,577,Krishnagiri,1.0,-27.145
2025-09-18 03:00:00,577,Krishnagiri,2.0,-27.145
2025-09-18 03:30:00,577,Krishnagiri,1.0,-26.679
2025-09-18 04:00:00,577,Krishnagiri,1.0,-26.679
2025-09-18 05:00:00,577,Krishnagiri,1.0,-26.679
2025-09-18 06:00:00,577,Krishnagiri,1.0,-26.679
2025-09-18 07:00:00,577,Krishnagiri,1.0,-26.679
2025-09-18 08:00:00,577,Krishnagiri,1.0,-26.679
2025-09-18 09:00:00,577,Krishnagiri,1.0,-26.679
2025-09-18 10:00:00,577,Krishnagiri,1.0,-26.680666666666667
2025-09-18 11:00:00,577,Krishnagiri,1.0,-26.680666666666667
2025-09-18 12:00:00,577,Krishnagiri,1.0,-26.680666666666667
2025-09-18 13:00:00,577,Krishnagiri,0.5,-26.680666666666667
2025-09-18 14:00:00,577,Krishnagiri,0.5,-26.680666666666667
2025-09-18 18:30:00,577,Krishnagiri,0.5,-26.377
2025-09-18 19:00:00,577,Krishnagiri,3.1666666666666665,-26.377
2025-09-18 19:30:00,577,Krishnagiri,9.5,-26.377
2025-09-18 20:00:00,577,Krishnagiri,5.5,-26.377
2025-09-18 21:00:00,577,Krishnagiri,1.1666666666666667,-26.377
2025-09-18 21:30:00,577,Krishnagiri,2.5,-26.377
2025-09-18 22:00:00,577,Krishnagiri,3.6666666666666665,-26.377
2025-09-18 23:00:00,577,Krishnagiri,3.1666666666666665,-26.377
2025-09-18 23:30:00,577,Krishnagiri,2.0,-26.377
2025-09-20 18:00:00,577,Krishnagiri,0.5,-23.061
2025-09-20 19:00:00,577,Krishnagiri,19.0,-23.061
2025-09-20 20:00:00,577,Krishnagiri,1.5,-23.061
2025-09-20 21:00:00,577,Krishnagiri,1.5,-23.061
2025-09-21 05:00:00,577,Krishnagiri,0.5,-22.423333333333336
2025-09-22 00:00:00,577,Krishnagiri,5.5,-23.072000000000003
2025-09-22 01:00:00,577,Krishnagiri,6.0,-23.072000000000003
2025-09-22 19:00:00,577,Krishnagiri,4.0,-23.35233333333333
2025-09-22 20:00:00,577,Krishnagiri,3.0,-23.35233333333333
2025-09-22 21:00:00,577,Krishnagiri,1.5,-23.35233333333333
2025-09-23 14:00:00,577,Krishnagiri,1.0,-18.54225
2025-09-23 15:15:00,577,Krishnagiri,0.5,-18.7195
2025-09-23 16:10:00,577,Krishnagiri,2.0,-18.7195
2025-09-23 16:15:00,577,Krishnagiri,2.0,-18.7195
2025-09-23 17:00:00,577,Krishnagiri,2.0,-18.7195
2025-09-25 14:00:00,577,Krishnagiri,3.5,-18.35425
2025-09-25 15:00:00,577,Krishnagiri,3.0,-18.35425
2025-09-25 16:00:00,577,Krishnagiri,2.833333333333333,-18.93475
2025-09-25 17:00:00,577,Krishnagiri,2.0,-18.93475
2025-09-25 19:30:00,577,Krishnagiri,0.5,-18.93475
2025-09-25 20:00:00,577,Krishnagiri,1.5,-18.93475
2025-09-25 22:00:00,577,Krishnagiri,0.5,-18.723750000000003
2025-09-26 14:00:00,577,Krishnagiri,1.5,-18.65675
2025-09-27 14:30:00,577,Krishnagiri,2.0,-24.098
2025-09-27 15:00:00,577,Krishnagiri,2.0,-24.098
2025-09-27 16:00:00,577,Krishnagiri,3.0,-24.285
2025-09-28 16:00:00,577,Krishnagiri,0.5,-23.972666666666665
2025-09-28 18:00:00,577,Krishnagiri,2.5,-23.972666666666665
2025-10-02 19:30:00,577,Krishnagiri,2.0,-25.997
2025-10-02 20:00:00,577,Krishnagiri,2.0,-25.997
2025-10-02 21:00:00,577,Krishnagiri,0.5,-25.997
2025-10-03 16:00:00,577,Krishnagiri,0.5,-26.125333333333334
2025-10-03 18:00:00,577,Krishnagiri,23.5,-26.125333333333334
2025-10-03 18:30:00,577,Krishnagiri,26.0,-26.125333333333334
2025-10-03 19:00:00,577,Krishnagiri,33.0,-26.125333333333334
2025-10-03 19:30:00,577,Krishnagiri,1.0,-26.125333333333334
2025-10-03 20:00:00,577,Krishnagiri,14.25,-26.125333333333334
2025-10-03 20:30:00,577,Krishnagiri,1.0,-26.125333333333334
2025-10-03 21:00:00,577,Krishnagiri,0.5,-26.125333333333334
2025-10-03 21:30:00,577,Krishnagiri,1.0,-20.32075
2025-10-03 22:00:00,577,Krishnagiri,6.25,-20.32075
2025-10-03 22:30:00,577,Krishnagiri,0.5,-20.32075
2025-10-03 23:00:00,577,Krishnagiri,0.5,-20.32075
2025-10-04 00:00:00,577,Krishnagiri,2.5,-20.32075
2025-10-04 00:30:00,577,Krishnagiri,1.5,-20.32075
2025-10-04 01:00:00,577,Krishnagiri,7.0,-20.32075
2025-10-04 01:30:00,577,Krishnagiri,6.5,-20.32075
2025-10-04 02:00:00,577,Krishnagiri,17.375,-20.32075
2025-10-04 02:30:00,577,Krishnagiri,2.0,-20.32075
2025-10-04 03:00:00,577,Krishnagiri,5.0,-20.32075
2025-10-04 03:30:00,577,Krishnagiri,1.0,-19.917
2025-10-04 04:00:00,577,Krishnagiri,2.5,-19.917
2025-10-04 04:30:00,577,Krishnagiri,2.0,-19.917
2025-10-04 05:00:00,577,Krishnagiri,3.875,-19.917
2025-10-04 05:30:00,577,Krishnagiri,0.5,-19.917
2025-10-04 06:00:00,577,Krishnagiri,2.875,-19.917
2025-10-04 06:30:00,577,Krishnagiri,0.5,-19.917
2025-10-04 07:00:00,577,Krishnagiri,1.25,-19.917
2025-10-04 07:30:00,577,Krishnagiri,1.0,-19.917
2025-10-04 08:00:00,577,Krishnagiri,1.0,-19.917
2025-10-04 09:00:00,577,Krishnagiri,0.5,-19.917
2025-10-04 09:30:00,577,Krishnagiri,0.5,-19.48
2025-10-04 10:00:00,577,Krishnagiri,0.5,-19.48
2025-10-04 13:00:00,577,Krishnagiri,0.5,-19.48
2025-10-05 00:00:00,577,Krishnagiri,8.5,-18.8015
2025-10-05 00:30:00,577,Krishnagiri,1.0,-18.8015
2025-10-05 01:00:00,577,Krishnagiri,1.0,-18.8015
2025-10-05 02:00:00,577,Krishnagiri,17.0,-18.8015
2025-10-05 02:30:00,577,Krishnagiri,4.5,-18.8015
2025-10-05 03:00:00,577,Krishnagiri,5.0,-18.8015
2025-10-05 03:30:00,577,Krishnagiri,0.5,-23.599666666666668
2025-10-05 04:00:00,577,Krishnagiri,0.75,-23.599666666666668
2025-10-05 04:30:00,577,Krishnagiri,0.5,-23.599666666666668
2025-10-05 05:00:00,577,Krishnagiri,0.5,-23.599666666666668
2025-10-05 05:30:00,577,Krishnagiri,0.5,-23.599666666666668
2025-10-05 06:00:00,577,Krishnagiri,0.5,-23.599666666666668
2025-10-05 16:00:00,577,Krishnagiri,0.5,-23.086666666666662
2025-10-05 22:00:00,577,Krishnagiri,2.5,-22.58033333333333
2025-10-05 23:00:00,577,Krishnagiri,2.5,-22.58033333333333
2025-10-05 23:30:00,577,Krishnagiri,3.5,-22.58033333333333
2025-10-06 00:00:00,577,Krishnagiri,4.5,-22.58033333333333
2025-10-06 00:30:00,577,Krishnagiri,1.5,-22.58033333333333
2025-10-06 01:00:00,577,Krishnagiri,2.0,-22.58033333333333
2025-10-06 04:00:00,577,Krishnagiri,0.5,-10.435
2025-10-13 00:00:00,577,Krishnagiri,1.0,-10.604
2025-10-13 01:00:00,577,Krishnagiri,0.5,-10.604
2025-10-13 02:00:00,577,Krishnagiri,0.5,-10.604
2025-10-16 15:00:00,577,Krishnagiri,9.0,-10.11
2025-10-16 16:00:00,577,Krishnagiri,1.0,-10.11
2025-10-16 22:00:00,577,Krishnagiri,1.5,-10.11
2025-10-16 23:00:00,577,Krishnagiri,2.5,-10.11
2025-10-17 05:00:00,577,Krishnagiri,1.0,-10.11
2025-10-17 07:00:00,577,Krishnagiri,1.5,-10.11
2025-10-17 10:00:00,577,Krishnagiri,0.5,-10.11
2025-10-17 11:00:00,577,Krishnagiri,1.0,-10.11
2025-10-17 17:00:00,577,Krishnagiri,7.0,-10.11
2025-10-17 19:00:00,577,Krishnagiri,0.5,-10.11
2025-10-18 17:30:00,577,Krishnagiri,0.5,-10.11
2025-10-18 18:00:00,577,Krishnagiri,1.0,-10.11
2025-10-18 18:30:00,577,Krishnagiri,0.5,-10.11
2025-10-18 19:00:00,577,Krishnagiri,0.5,-10.11
2025-10-19 23:30:00,577,Krishnagiri,2.5,-10.11
2025-10-20 00:00:00,577,Krishnagiri,5.0,-10.11
2025-10-20 00:30:00,577,Krishnagiri,5.5,-10.11
2025-10-20 01:00:00,577,Krishnagiri,7.5,-10.11
2025-10-20 01:30:00,577,Krishnagiri,0.5,-10.11
2025-10-20 02:00:00,577,Krishnagiri,0.5,-10.11
2025-10-20 15:00:00,577,Krishnagiri,0.5,-10.11
2025-10-20 16:00:00,577,Krishnagiri,7.0,-10.11
2025-10-20 17:00:00,577,Krishnagiri,1.5,-10.11
2025-10-20 18:00:00,577,Krishnagiri,0.5,-10.11
2025-10-21 07:00:00,577,Krishnagiri,0.5,-10.11
2025-10-21 11:00:00,577,Krishnagiri,1.3333333333333333,-10.11
2025-10-21 12:00:00,577,Krishnagiri,1.0,-10.11
2025-10-21 13:00:00,577,Krishnagiri,0.5,-10.11
2025-10-21 14:00:00,577,Krishnagiri,0.5,-10.11
2025-10-21 16:00:00,577,Krishnagiri,1.0,-10.11
2025-10-21 16:30:00,577,Krishnagiri,0.5,-10.11
2025-10-21 17:00:00,577,Krishnagiri,0.5,-10.11
2025-10-21 18:00:00,577,Krishnagiri,0.5,-10.11
2025-10-21 23:00:00,577,Krishnagiri,5.5,-10.11
2025-10-22 00:00:00,577,Krishnagiri,4.5,-10.11
2025-10-22 01:00:00,577,Krishnagiri,2.833333333333333,-10.11
2025-10-22 02:00:00,577,Krishnagiri,3.0,-10.11
2025-10-22 03:00:00,577,Krishnagiri,3.5,-10.11
2025-10-22 04:00:00,577,Krishnagiri,1.875,-10.11
2025-10-22 04:30:00,577,Krishnagiri,0.5,-10.11
2025-10-22 05:00:00,577,Krishnagiri,1.625,-10.11
2025-10-22 05:30:00,577,Krishnagiri,1.5,-10.11
2025-10-22 06:00:00,577,Krishnagiri,1.75,-10.11
2025-10-22 06:30:00,577,Krishnagiri,3.0,-10.11
2025-10-22 07:00:00,577,Krishnagiri,2.0,-10.11
2025-10-22 08:00:00,577,Krishnagiri,0.5,-10.11
2025-10-22 11:00:00,577,Krishnagiri,0.5,-10.11
2025-10-22 12:00:00,577,Krishnagiri,0.5,-10.11
2025-10-22 13:00:00,577,Krishnagiri,5.0,-10.11
2025-10-22 15:00:00,577,Krishnagiri,1.5,-10.11
2025-10-22 16:00:00,577,Krishnagiri,4.125,-10.11
2025-10-22 17:00:00,577,Krishnagiri,1.875,-10.11
2025-10-22 17:30:00,577,Krishnagiri,1.5,-10.11
2025-10-22 18:00:00,577,Krishnagiri,1.5,-10.11
2025-10-22 18:30:00,577,Krishnagiri,0.5,-10.11
2025-10-22 19:00:00,577,Krishnagiri,1.0,-10.11
2025-10-22 20:00:00,577,Krishnagiri,0.5,-10.11
2025-10-22 22:00:00,577,Krishnagiri,2.25,-10.11
2025-10-22 22:30:00,577,Krishnagiri,1.5,-10.11
2025-10-22 23:00:00,577,Krishnagiri,1.5,-10.11
2025-10-23 00:30:00,577,Krishnagiri,0.5,-10.11
2025-10-23 01:00:00,577,Krishnagiri,0.5,-10.11
2025-10-23 02:00:00,577,Krishnagiri,1.0,-10.11
2025-10-23 02:30:00,577,Krishnagiri,0.5,-10.11
2025-10-23 03:00:00,577,Krishnagiri,0.5,-10.11
2025-10-23 16:00:00,577,Krishnagiri,0.5,-10.044333333333332
2025-10-23 16:30:00,577,Krishnagiri,0.5,-10.044333333333332
2025-10-23 17:00:00,577,Krishnagiri,0.5,-10.044333333333332
2025-10-25 15:00:00,577,Krishnagiri,0.5,-10.653333333333332
2025-10-26 01:00:00,577,Krishnagiri,50.0,-9.794333333333334
2025-10-26 02:00:00,577,Krishnagiri,11.0,-9.794333333333334
2025-10-26 03:00:00,577,Krishnagiri,9.0,-9.794333333333334
2025-10-26 04:00:00,577,Krishnagiri,0.5,-9.518666666666666
2025-10-26 05:00:00,577,Krishnagiri,1.5,-9.518666666666666
2025-10-26 06:00:00,577,Krishnagiri,26.5,-9.518666666666666
2025-10-28 02:00:00,577,Krishnagiri,0.5,-10.014666666666663
2025-10-28 04:00:00,577,Krishnagiri,0.5,-9.620333333333331
2025-11-05 04:00:00,577,Krishnagiri,2.5,-12.162
2025-11-05 14:00:00,577,Krishnagiri,4.5,-13.551333333333332
2025-11-05 15:00:00,577,Krishnagiri,1.0,-13.551333333333332
2025-11-05 20:00:00,577,Krishnagiri,1.0,-14.130333333333333
2025-11-06 04:00:00,577,Krishnagiri,0.5,-11.493333333333332
2025-11-06 08:00:00,577,Krishnagiri,0.5,-11.493333333333332
2025-11-06 09:00:00,577,Krishnagiri,9.666666666666666,-11.493333333333332
2025-11-06 10:00:00,577,Krishnagiri,4.25,-12.441666666666668
2025-11-06 11:00:00,577,Krishnagiri,1.1666666666666667,-12.441666666666668
2025-11-06 12:00:00,577,Krishnagiri,1.0,-12.441666666666668
2025-11-06 14:30:00,577,Krishnagiri,3.0,-12.441666666666668
2025-11-06 15:00:00,577,Krishnagiri,3.5,-12.441666666666668
2025-11-06 17:00:00,577,Krishnagiri,1.5,-12.507333333333335
2025-11-06 17:30:00,577,Krishnagiri,0.5,-12.507333333333335
2025-11-06 18:00:00,577,Krishnagiri,1.0,-12.507333333333335
2025-11-06 19:00:00,577,Krishnagiri,1.0,-12.507333333333335
2025-11-06 20:00:00,577,Krishnagiri,0.5,-12.507333333333335
2025-11-06 22:30:00,577,Krishnagiri,0.5,-11.32
2025-11-06 23:00:00,577,Krishnagiri,0.5,-11.32
2025-11-07 01:00:00,577,Krishnagiri,0.5,-11.32
2025-11-07 02:00:00,577,Krishnagiri,7.0,-11.32
2025-11-07 03:00:00,577,Krishnagiri,2.5,-11.32
2025-11-07 14:00:00,577,Krishnagiri,0.5,-10.722333333333331
2025-11-14 02:00:00,577,Krishnagiri,0.5,-12.721333333333334
2025-11-18 02:00:00,577,Krishnagiri,0.5,-12.854333333333336
2025-11-18 04:00:00,577,Krishnagiri,1.5,-11.865666666666664
2025-11-18 05:00:00,577,Krishnagiri,5.0,-11.865666666666664
2025-11-18 06:00:00,577,Krishnagiri,2.75,-11.865666666666664
2025-11-18 14:00:00,577,Krishnagiri,0.5,-12.797
2025-11-18 15:00:00,577,Krishnagiri,1.5,-12.797
2025-11-18 17:00:00,577,Krishnagiri,3.5,-12.852
2025-11-18 18:00:00,577,Krishnagiri,2.5,-12.852
2025-11-18 19:00:00,577,Krishnagiri,5.25,-12.852
2025-11-18 20:00:00,577,Krishnagiri,1.3333333333333333,-12.852
2025-11-18 20:30:00,577,Krishnagiri,0.5,-12.852
2025-11-18 21:00:00,577,Krishnagiri,1.3333333333333333,-12.852
2025-11-18 22:00:00,577,Krishnagiri,0.5,-11.954666666666666
2025-11-19 00:00:00,577,Krishnagiri,0.5,-11.954666666666666
2025-11-21 22:00:00,577,Krishnagiri,1.0,-10.3755
2025-11-22 15:00:00,577,Krishnagiri,2.0,-10.19
2025-11-22 16:00:00,577,Krishnagiri,0.5,-9.77875
2025-11-22 17:00:00,577,Krishnagiri,1.0,-9.77875
2025-11-22 17:30:00,577,Krishnagiri,0.5,-9.77875
2025-11-22 18:00:00,577,Krishnagiri,0.5,-9.77875
2025-11-22 22:00:00,577,Krishnagiri,0.5,-9.315
2025-11-30 03:00:00,577,Krishnagiri,0.5,-5.525
2025-11-30 16:00:00,577,Krishnagiri,0.5,-11.9485
2025-12-02 13:00:00,577,Krishnagiri,0.5,-9.61775
2025-12-02 21:00:00,577,Krishnagiri,0.5,-9.80575
2025-12-03 00:00:00,577,Krishnagiri,3.5,-9.263
2025-12-03 04:00:00,577,Krishnagiri,0.5,-9.0925
2025-12-03 08:00:00,577,Krishnagiri,0.5,-9.0925
2025-12-04 01:00:00,577,Krishnagiri,1.5,-9.14975
2025-12-04 02:00:00,577,Krishnagiri,0.5,-9.14975
2025-12-04 05:30:00,577,Krishnagiri,0.5,-6.163999999999999
2025-12-04 06:00:00,577,Krishnagiri,0.5,-6.163999999999999
2025-12-05 05:00:00,577,Krishnagiri,0.5,-9.32925
2026-01-10 07:00:00,577,Krishnagiri,0.5,-7.622363636363636
2026-01-10 08:00:00,577,Krishnagiri,1.0,-7.622363636363636
2026-01-10 19:00:00,577,Krishnagiri,0.6666666666666666,-7.622363636363636
2026-01-11 06:00:00,577,Krishnagiri,0.5,-7.754363636363636
2026-01-11 14:00:00,577,Krishnagiri,0.5,-7.965454545454546
2026-01-12 10:00:00,577,Krishnagiri,0.5,-9.34681818181818
2026-01-12 11:00:00,577,Krishnagiri,1.0,-9.34681818181818
2026-01-12 12:00:00,577,Krishnagiri,1.0,-9.34681818181818
2026-01-12 13:00:00,577,Krishnagiri,0.6666666666666666,-9.34681818181818
2026-01-12 16:00:00,577,Krishnagiri,0.5,-9.524454545454546
2026-01-25 21:00:00,577,Krishnagiri,0.5,-4.04
2026-01-25 23:00:00,577,Krishnagiri,1.5,-8.823692307692308
2026-01-26 18:00:00,577,Krishnagiri,0.5,-9.16146153846154
2026-01-26 22:00:00,577,Krishnagiri,0.5,-8.973615384615384
2026-03-18 19:30:00,577,Krishnagiri,1.0,-12.997214285714287
2026-03-18 20:00:00,577,Krishnagiri,1.0,-12.997214285714287
2026-03-18 21:00:00,577,Krishnagiri,5.833333333333333,-12.997214285714287
2026-03-18 22:00:00,577,Krishnagiri,1.0,-12.719599999999998
2026-03-19 03:00:00,577,Krishnagiri,0.5,-12.719599999999998
2026-03-19 04:00:00,577,Krishnagiri,0.5,-12.694
2026-03-19 20:00:00,577,Krishnagiri,0.5,-12.7782
2026-03-19 23:30:00,577,Krishnagiri,1.5,-12.759133333333333
2026-03-20 00:00:00,577,Krishnagiri,3.0,-12.759133333333333
2026-03-20 00:30:00,577,Krishnagiri,0.5,-12.759133333333333
2026-03-20 01:00:00,577,Krishnagiri,0.5,-12.759133333333333
2026-03-20 12:00:00,577,Krishnagiri,0.5,-9.801833333333333
2021-09-29 22:00:00,578,Madurai,0.5,-7.772799999999999
2021-10-24 21:00:00,578,Madurai,0.5,-7.2996
2021-11-02 16:00:00,578,Madurai,0.5,-7.081799999999999
2021-12-30 20:00:00,578,Madurai,0.5,-5.071599999999999
2021-12-30 21:00:00,578,Madurai,1.0,-5.071599999999999
2021-12-30 22:00:00,578,Madurai,3.0,-5.0236
2022-01-01 21:00:00,578,Madurai,3.0,-5.0952
2022-01-01 22:00:00,578,Madurai,0.5,-5.025
2022-01-02 01:00:00,578,Madurai,1.0,-5.025
2022-01-02 04:00:00,578,Madurai,0.5,-4.9762
2022-01-02 05:00:00,578,Madurai,0.5,-4.9762
2022-01-07 18:00:00,578,Madurai,0.5,-5.1174
2022-01-08 11:00:00,578,Madurai,0.5,-5.2552
2022-01-08 12:00:00,578,Madurai,2.5,-5.2552
2022-01-08 13:00:00,578,Madurai,6.5,-5.2552
2022-01-08 15:00:00,578,Madurai,0.5,-5.2552
2022-01-08 16:00:00,578,Madurai,2.0,-5.1798
2022-01-09 09:00:00,578,Madurai,0.5,-5.0246
2022-01-09 11:00:00,578,Madurai,1.5,-5.275
2022-01-09 12:00:00,578,Madurai,4.0,-5.275
2022-01-09 14:00:00,578,Madurai,0.5,-5.275
2022-01-25 03:00:00,578,Madurai,1.0,-5.3420000000000005
2022-01-25 09:00:00,578,Madurai,0.5,-5.3028
2022-01-25 10:00:00,578,Madurai,0.5,-5.4752
2022-01-25 11:00:00,578,Madurai,0.5,-5.4752
2022-03-19 18:00:00,578,Madurai,0.5,-7.80275
2022-03-20 15:00:00,578,Madurai,5.5,-7.98225
2022-03-20 16:00:00,578,Madurai,1.5,-7.849
2022-03-20 17:00:00,578,Madurai,1.0,-7.849
2022-03-23 21:00:00,578,Madurai,66.0,-6.6442
2022-03-28 17:00:00,578,Madurai,1.5,-6.736
2022-03-28 18:00:00,578,Madurai,10.5,-6.736
2022-03-29 04:00:00,578,Madurai,1.0,-6.597
2022-03-29 05:00:00,578,Madurai,0.5,-6.597
2022-03-29 07:00:00,578,Madurai,0.5,-6.597
2022-03-29 08:00:00,578,Madurai,0.5,-6.597
2022-03-29 09:00:00,578,Madurai,2.0,-6.597
2022-03-29 10:00:00,578,Madurai,1.0,-6.8382000000000005
2022-03-29 11:00:00,578,Madurai,9.5,-6.8382000000000005
2022-03-29 12:00:00,578,Madurai,10.0,-6.8382000000000005
2022-03-29 13:00:00,578,Madurai,8.0,-6.8382000000000005
2022-03-29 14:00:00,578,Madurai,9.5,-6.8382000000000005
2022-03-29 15:00:00,578,Madurai,4.5,-6.8382000000000005
2022-03-29 16:00:00,578,Madurai,3.0,-6.7156
2022-03-31 09:00:00,578,Madurai,2.5,-6.6208
2022-03-31 10:00:00,578,Madurai,2.0,-6.8294
2022-03-31 11:00:00,578,Madurai,52.0,-6.8294
2022-04-07 10:00:00,578,Madurai,0.5,-6.20225
2022-04-08 14:00:00,578,Madurai,3.5,-6.21725
2022-04-08 19:00:00,578,Madurai,1.5,-6.23025
2022-04-09 16:00:00,578,Madurai,2.0,-6.213000000000001
2022-04-09 17:00:00,578,Madurai,20.0,-6.213000000000001
2022-04-09 18:00:00,578,Madurai,4.5,-6.213000000000001
2022-04-09 20:00:00,578,Madurai,0.5,-6.213000000000001
2022-04-11 14:00:00,578,Madurai,9.0,-6.1565
2022-04-11 15:00:00,578,Madurai,12.25,-6.1565
2022-04-11 16:00:00,578,Madurai,6.5,-6.074
2022-04-11 17:00:00,578,Madurai,1.75,-6.074
2022-04-11 18:00:00,578,Madurai,1.25,-6.074
2022-04-11 19:00:00,578,Madurai,0.75,-6.074
2022-04-11 20:00:00,578,Madurai,1.0,-6.074
2022-04-11 21:00:00,578,Madurai,0.5,-6.074
2022-04-11 22:00:00,578,Madurai,1.0,-6.009
2022-04-11 23:00:00,578,Madurai,0.5,-6.009
2022-04-12 00:00:00,578,Madurai,0.5,-6.009
2022-04-12 03:00:00,578,Madurai,0.5,-6.009
2022-04-12 06:00:00,578,Madurai,0.5,-5.875249999999999
2022-04-12 15:00:00,578,Madurai,15.0,-6.12575
2022-04-12 16:00:00,578,Madurai,6.5,-6.05675
2022-04-13 15:00:00,578,Madurai,0.5,-6.18125
2022-04-13 16:00:00,578,Madurai,1.0,-5.8557500000000005
2022-04-13 17:00:00,578,Madurai,0.5,-5.8557500000000005
2022-04-13 19:00:00,578,Madurai,0.5,-5.8557500000000005
2022-04-17 14:00:00,578,Madurai,6.5,-5.69925
2022-04-17 16:00:00,578,Madurai,25.5,-5.473750000000001
2022-04-17 17:00:00,578,Madurai,0.75,-5.473750000000001
2022-04-18 00:00:00,578,Madurai,145.5,-7.184333333333332
2022-04-21 21:00:00,578,Madurai,5.0,-5.5055
2022-04-25 19:00:00,578,Madurai,0.5,-5.65
2022-05-01 20:00:00,578,Madurai,2.5,-5.131
2022-06-05 17:00:00,578,Madurai,2.25,-6.8192
2022-06-05 18:00:00,578,Madurai,0.5,-6.8192
2022-06-06 22:00:00,578,Madurai,13.5,-6.751600000000001
2022-06-10 18:00:00,578,Madurai,2.5,-6.76
2022-06-10 19:00:00,578,Madurai,28.0,-6.76
2022-06-10 20:00:00,578,Madurai,0.5,-6.76
2022-06-11 18:00:00,578,Madurai,0.5,-6.7868
2022-06-14 14:00:00,578,Madurai,3.5,-6.752599999999999
2022-06-15 17:00:00,578,Madurai,4.5,-6.7422
2022-06-15 19:00:00,578,Madurai,1.5,-6.7422
2022-06-15 21:00:00,578,Madurai,0.5,-6.7422
2022-06-15 22:00:00,578,Madurai,0.5,-6.6462
2022-07-02 23:00:00,578,Madurai,0.5,-7.2548
2022-07-03 00:00:00,578,Madurai,4.0,-7.2548
2022-07-10 06:00:00,578,Madurai,0.5,-7.291199999999999
2022-07-26 19:00:00,578,Madurai,4.5,-8.098749999999999
2022-07-26 21:00:00,578,Madurai,1.5,-8.098749999999999
2022-07-26 22:00:00,578,Madurai,1.5,-7.99675
2022-07-26 23:00:00,578,Madurai,2.5,-7.99675
2022-07-27 00:00:00,578,Madurai,1.0,-7.99675
2022-07-27 20:00:00,578,Madurai,13.5,-7.956250000000001
2022-07-27 21:00:00,578,Madurai,19.0,-7.956250000000001
2022-07-29 01:00:00,578,Madurai,3.0,-6.827800000000001
2022-07-30 03:00:00,578,Madurai,0.5,-6.866
2022-07-30 19:00:00,578,Madurai,29.0,-6.8622
2022-07-30 20:00:00,578,Madurai,17.0,-6.8622
2022-07-30 21:00:00,578,Madurai,1.25,-6.8622
2022-07-30 22:00:00,578,Madurai,1.5,-6.755199999999999
2022-07-31 20:00:00,578,Madurai,25.5,-6.6884
2022-07-31 21:00:00,578,Madurai,15.5,-6.6884
2022-07-31 22:00:00,578,Madurai,8.25,-6.534000000000001
2022-07-31 23:00:00,578,Madurai,2.0,-6.534000000000001
2022-08-01 00:00:00,578,Madurai,2.0,-6.534000000000001
2022-08-01 02:00:00,578,Madurai,0.5,-6.534000000000001
2022-08-03 23:00:00,578,Madurai,0.5,-6.5276
2022-08-04 09:00:00,578,Madurai,0.5,-6.457800000000001
2022-08-04 10:00:00,578,Madurai,0.5,-6.619800000000001
2022-08-04 11:00:00,578,Madurai,0.75,-6.619800000000001
2022-08-06 00:00:00,578,Madurai,0.5,-6.4616
2022-08-17 20:00:00,578,Madurai,8.5,-6.1982
2022-08-17 21:00:00,578,Madurai,3.0,-6.1982
2022-08-18 18:00:00,578,Madurai,3.0,-6.2052
2022-08-18 19:00:00,578,Madurai,0.5,-6.2052
2022-08-18 21:00:00,578,Madurai,2.0,-6.2052
2022-08-18 22:00:00,578,Madurai,1.75,-6.0892
2022-08-18 23:00:00,578,Madurai,0.5,-6.0892
2022-08-21 18:00:00,578,Madurai,1.0,-6.2086
2022-08-21 19:00:00,578,Madurai,3.5,-6.2086
2022-08-21 20:00:00,578,Madurai,4.0,-6.2086
2022-08-22 21:00:00,578,Madurai,0.5,-6.154
2022-08-26 17:00:00,578,Madurai,3.0,-6.2202
2022-08-26 19:00:00,578,Madurai,0.5,-6.2202
2022-08-26 20:00:00,578,Madurai,0.5,-6.2202
2022-08-26 22:00:00,578,Madurai,2.5,-6.1426
2022-08-26 23:00:00,578,Madurai,13.5,-6.1426
2022-08-27 00:00:00,578,Madurai,1.25,-6.1426
2022-08-27 01:00:00,578,Madurai,2.75,-6.1426
2022-08-27 02:00:00,578,Madurai,5.5,-6.1426
2022-08-27 03:00:00,578,Madurai,1.5,-6.1426
2022-08-27 04:00:00,578,Madurai,0.5,-6.012600000000001
2022-08-27 06:00:00,578,Madurai,0.5,-6.012600000000001
2022-08-27 18:00:00,578,Madurai,15.0,-6.111
2022-08-27 19:00:00,578,Madurai,7.25,-6.111
2022-08-28 21:00:00,578,Madurai,1.0,-10.3178
2022-08-28 22:00:00,578,Madurai,0.75,-5.958
2022-08-28 23:00:00,578,Madurai,2.75,-5.958
2022-08-29 00:00:00,578,Madurai,0.75,-5.958
2022-08-29 02:00:00,578,Madurai,0.5,-5.958
2022-08-29 18:00:00,578,Madurai,2.5,-5.9958
2022-08-30 04:00:00,578,Madurai,0.5,-5.9032
2022-08-30 05:00:00,578,Madurai,0.5,-5.9032
2022-08-30 18:00:00,578,Madurai,0.5,-5.9594000000000005
2022-08-30 19:00:00,578,Madurai,1.25,-5.9594000000000005
2022-08-30 22:00:00,578,Madurai,3.75,-5.803
2022-08-30 23:00:00,578,Madurai,2.0,-5.803
2022-08-31 00:00:00,578,Madurai,0.5,-5.803
2022-08-31 17:00:00,578,Madurai,0.5,-5.7216000000000005
2022-08-31 18:00:00,578,Madurai,1.5,-5.7216000000000005
2022-08-31 19:00:00,578,Madurai,1.5,-5.7216000000000005
2022-09-01 01:00:00,578,Madurai,0.5,-5.6334
2022-09-01 11:00:00,578,Madurai,0.5,-5.7488
2022-09-02 19:00:00,578,Madurai,6.5,-5.6668
2022-09-02 20:00:00,578,Madurai,1.5,-5.6668
2022-09-02 21:00:00,578,Madurai,0.5,-5.6668
2022-09-03 19:00:00,578,Madurai,32.0,-5.7156
2022-09-03 20:00:00,578,Madurai,0.5,-5.7156
2022-09-04 19:00:00,578,Madurai,0.5,-5.6942
2022-09-04 20:00:00,578,Madurai,12.5,-5.6942
2022-09-04 21:00:00,578,Madurai,6.75,-5.6942
2022-09-04 22:00:00,578,Madurai,2.5,-5.372
2022-09-04 23:00:00,578,Madurai,3.25,-5.372
2022-09-05 00:00:00,578,Madurai,1.0,-5.372
2022-09-05 01:00:00,578,Madurai,0.75,-5.372
2022-09-05 04:00:00,578,Madurai,0.5,-5.311
2022-09-07 17:00:00,578,Madurai,0.5,-5.3742
2022-09-14 19:00:00,578,Madurai,20.5,-5.353000000000001
2022-09-14 20:00:00,578,Madurai,3.5,-5.353000000000001
2022-09-14 22:00:00,578,Madurai,2.5,-5.25775
2022-09-14 23:00:00,578,Madurai,0.5,-5.25775
2022-09-18 19:00:00,578,Madurai,3.5,-5.5322000000000005
2022-09-18 20:00:00,578,Madurai,1.5,-5.5322000000000005
2022-09-19 01:00:00,578,Madurai,0.5,-5.4386
2022-09-24 19:00:00,578,Madurai,2.0,-5.6082
2022-10-02 16:00:00,578,Madurai,2.0,-5.6228
2022-10-02 17:00:00,578,Madurai,1.0,-5.6228
2022-10-02 21:00:00,578,Madurai,0.5,-5.6228
2022-10-09 00:00:00,578,Madurai,29.5,-5.29025
2022-10-09 01:00:00,578,Madurai,20.5,-5.29025
2022-10-09 02:00:00,578,Madurai,2.0,-5.29025
2022-10-09 05:00:00,578,Madurai,0.5,-5.255
2022-10-09 06:00:00,578,Madurai,0.5,-5.255
2022-10-10 02:00:00,578,Madurai,36.5,-5.25275
2022-10-10 03:00:00,578,Madurai,32.0,-5.25275
2022-10-10 04:00:00,578,Madurai,4.0,-4.132
2022-10-10 05:00:00,578,Madurai,2.0,-4.132
2022-10-10 06:00:00,578,Madurai,4.5,-4.132
2022-10-10 07:00:00,578,Madurai,1.5,-4.132
2022-10-11 01:00:00,578,Madurai,6.5,-4.11
2022-10-11 02:00:00,578,Madurai,2.0,-4.11
2022-10-11 04:00:00,578,Madurai,0.5,-4.5655
2022-10-13 01:00:00,578,Madurai,0.5,-4.567333333333333
2022-10-13 13:20:00,578,Madurai,4.5,-4.6355
2022-10-13 13:25:00,578,Madurai,4.5,-4.6355
2022-10-14 18:00:00,578,Madurai,2.0,-4.568333333333333
2022-10-14 19:00:00,578,Madurai,31.0,-4.568333333333333
2022-10-15 03:00:00,578,Madurai,0.5,-4.4405
2022-10-15 05:00:00,578,Madurai,0.5,-4.428666666666667
2022-10-15 08:00:00,578,Madurai,0.5,-4.428666666666667
2022-10-15 11:00:00,578,Madurai,0.5,-4.513
2022-10-15 22:00:00,578,Madurai,1.75,-4.291333333333333
2022-10-16 00:00:00,578,Madurai,0.5,-4.291333333333333
2022-10-16 22:00:00,578,Madurai,1.0,-4.296166666666667
2022-10-18 14:00:00,578,Madurai,0.5,-4.0282
2022-10-20 16:00:00,578,Madurai,0.5,-3.9572
2022-10-20 19:00:00,578,Madurai,16.5,-3.9572
2022-10-20 20:00:00,578,Madurai,20.5,-3.9572
2022-10-20 21:00:00,578,Madurai,0.5,-3.9572
2022-10-20 22:00:00,578,Madurai,0.5,-3.8806
2022-10-20 23:00:00,578,Madurai,3.5,-3.8806
2022-10-21 00:00:00,578,Madurai,2.75,-3.8806
2022-10-21 01:00:00,578,Madurai,1.25,-3.8806
2022-10-21 02:00:00,578,Madurai,1.5,-3.8806
2022-10-21 04:00:00,578,Madurai,0.5,-3.8584
2022-10-21 13:00:00,578,Madurai,2.75,-4.0
2022-10-21 14:00:00,578,Madurai,1.0,-4.0
2022-10-21 15:00:00,578,Madurai,14.5,-4.0
2022-10-21 16:00:00,578,Madurai,2.0,-3.929
2022-10-21 18:00:00,578,Madurai,5.5,-3.929
2022-10-21 19:00:00,578,Madurai,3.0,-3.929
2022-10-22 11:00:00,578,Madurai,0.5,-4.257833333333333
2022-10-22 14:00:00,578,Madurai,37.0,-4.257833333333333
2022-10-24 01:00:00,578,Madurai,0.5,-4.058833333333333
2022-10-24 09:00:00,578,Madurai,0.5,-4.037833333333333
2022-10-24 14:00:00,578,Madurai,0.5,-4.205166666666666
2022-10-24 15:00:00,578,Madurai,6.5,-4.205166666666666
2022-10-24 17:00:00,578,Madurai,8.0,-4.1885
2022-10-24 18:00:00,578,Madurai,8.833333333333334,-4.1885
2022-10-24 19:00:00,578,Madurai,3.5,-4.1885
2022-10-24 20:00:00,578,Madurai,8.0,-4.1885
2022-10-24 21:00:00,578,Madurai,29.0,-4.1885
2022-10-26 02:00:00,578,Madurai,0.5,-4.159666666666667
2022-10-31 03:00:00,578,Madurai,1.0,-4.1803333333333335
2022-11-01 18:00:00,578,Madurai,5.0,-4.223833333333333
2022-11-01 19:00:00,578,Madurai,7.0,-4.223833333333333
2022-11-01 20:00:00,578,Madurai,1.0,-4.223833333333333
2022-11-02 02:00:00,578,Madurai,0.5,-4.151833333333333
2022-11-02 23:00:00,578,Madurai,1.5,-4.0985000000000005
2022-11-03 00:00:00,578,Madurai,3.75,-4.0985000000000005
2022-11-03 01:00:00,578,Madurai,20.0,-4.0985000000000005
2022-11-03 02:00:00,578,Madurai,2.5,-4.0985000000000005
2022-11-03 03:00:00,578,Madurai,0.5,-4.0985000000000005
2022-11-03 19:00:00,578,Madurai,0.5,-4.1185
2022-11-04 02:00:00,578,Madurai,16.5,-4.059
2022-11-04 03:00:00,578,Madurai,0.5,-4.059
2022-11-04 04:00:00,578,Madurai,1.0,-4.019
2022-11-04 05:00:00,578,Madurai,0.5,-4.019
2022-11-04 07:00:00,578,Madurai,0.5,-4.019
2022-11-04 21:00:00,578,Madurai,9.0,-4.0360000000000005
2022-11-04 22:00:00,578,Madurai,12.75,-3.9823333333333335
2022-11-04 23:00:00,578,Madurai,0.5,-3.9823333333333335
2022-11-05 00:00:00,578,Madurai,0.5,-3.9823333333333335
2022-11-05 01:00:00,578,Madurai,5.5,-3.9823333333333335
2022-11-11 23:00:00,578,Madurai,0.5,-3.908333333333333
2022-11-12 00:00:00,578,Madurai,2.0,-3.908333333333333
2022-11-12 03:00:00,578,Madurai,7.0,-3.908333333333333
2022-11-12 04:00:00,578,Madurai,4.75,-3.841
2022-11-12 05:00:00,578,Madurai,2.5,-3.841
2022-11-12 06:00:00,578,Madurai,4.0,-3.841
2022-11-12 07:00:00,578,Madurai,0.75,-3.841
2022-11-12 08:00:00,578,Madurai,0.5,-3.841
2022-11-12 13:00:00,578,Madurai,0.5,-3.934
2022-11-12 14:00:00,578,Madurai,0.75,-3.934
2022-11-12 15:00:00,578,Madurai,51.5,-3.934
2022-11-12 16:00:00,578,Madurai,8.0,-3.842333333333333
2022-11-15 05:00:00,578,Madurai,0.5,-3.699666666666667
2022-11-15 14:00:00,578,Madurai,0.5,-7.553
2022-11-28 21:00:00,578,Madurai,1.0,-3.879333333333333
2022-11-28 22:00:00,578,Madurai,8.5,-3.849833333333333
2022-11-28 23:00:00,578,Madurai,28.0,-3.849833333333333
2022-11-29 02:00:00,578,Madurai,8.0,-3.849833333333333
2022-11-29 03:00:00,578,Madurai,0.5,-3.849833333333333
2022-11-29 04:00:00,578,Madurai,1.5,-3.8013333333333335
2022-12-02 21:00:00,578,Madurai,4.0,-3.867333333333333
2022-12-03 17:00:00,578,Madurai,0.5,-3.866
2022-12-04 13:00:00,578,Madurai,13.0,-3.903
2022-12-04 16:00:00,578,Madurai,5.5,-3.8885
2022-12-04 22:00:00,578,Madurai,0.5,-3.8215
2022-12-04 23:00:00,578,Madurai,2.5,-3.8215
2022-12-08 21:00:00,578,Madurai,0.75,-3.908333333333333
2022-12-08 22:00:00,578,Madurai,0.75,-3.838666666666666
2022-12-09 00:00:00,578,Madurai,0.5,-3.838666666666666
2022-12-09 05:00:00,578,Madurai,0.5,-3.803333333333333
2022-12-09 07:00:00,578,Madurai,0.5,-3.803333333333333
2022-12-09 11:00:00,578,Madurai,0.5,-3.956333333333333
2022-12-09 20:00:00,578,Madurai,0.5,-3.8815
2022-12-13 17:00:00,578,Madurai,6.5,-3.9318333333333335
2022-12-14 01:00:00,578,Madurai,0.5,-3.879
2022-12-14 13:00:00,578,Madurai,0.5,-4.067666666666667
2022-12-14 16:00:00,578,Madurai,1.5,-3.9623333333333335
2022-12-26 02:00:00,578,Madurai,4.0,-4.030333333333333
2022-12-26 03:00:00,578,Madurai,8.5,-4.030333333333333
2022-12-26 04:00:00,578,Madurai,1.0,-3.9945
2022-12-26 09:00:00,578,Madurai,2.0,-3.9945
2022-12-26 13:00:00,578,Madurai,1.0,-4.875
2022-12-26 16:00:00,578,Madurai,0.5,-4.098833333333333
2022-12-26 17:00:00,578,Madurai,0.5,-4.098833333333333
2022-12-26 21:00:00,578,Madurai,6.0,-4.098833333333333
2022-12-27 04:00:00,578,Madurai,0.5,-3.9875
2022-12-27 05:00:00,578,Madurai,13.0,-3.9875
2022-12-27 06:00:00,578,Madurai,4.5,-3.9875
2022-12-27 08:00:00,578,Madurai,0.75,-3.9875
2022-12-27 11:00:00,578,Madurai,2.0,-4.2305
2022-12-27 17:00:00,578,Madurai,0.5,-4.146666666666667
2023-01-07 15:00:00,578,Madurai,1.5,-4.1174
2023-01-07 19:00:00,578,Madurai,0.5,-3.352
2023-01-07 20:00:00,578,Madurai,1.5,-3.352
2023-01-07 21:00:00,578,Madurai,0.5,-3.352
2023-01-08 04:00:00,578,Madurai,1.0,-3.4956666666666667
2023-01-08 09:00:00,578,Madurai,0.5,-3.4956666666666667
2023-01-08 19:00:00,578,Madurai,0.5,-4.210500000000001
2023-01-09 19:00:00,578,Madurai,0.5,-4.341
2023-01-10 04:00:00,578,Madurai,0.5,-4.142166666666666
2023-01-10 14:00:00,578,Madurai,0.5,-4.397666666666667
2023-01-12 03:00:00,578,Madurai,0.5,-4.201833333333333
2023-01-12 13:00:00,578,Madurai,0.5,-4.286333333333333
2023-01-13 14:00:00,578,Madurai,0.5,-4.3125
2023-01-15 03:00:00,578,Madurai,0.5,-4.186
2023-01-17 11:00:00,578,Madurai,0.5,-4.236666666666666
2023-01-19 03:00:00,578,Madurai,0.5,-4.166
2023-01-19 07:00:00,578,Madurai,0.5,-4.130333333333334
2023-01-30 18:00:00,578,Madurai,3.0,-4.428333333333334
2023-01-31 22:00:00,578,Madurai,0.5,-4.4078333333333335
2023-02-01 20:00:00,578,Madurai,0.5,-4.4395
2023-02-02 09:00:00,578,Madurai,0.5,-7.894666666666667
2023-02-02 11:00:00,578,Madurai,0.5,-4.4638333333333335
2023-02-02 12:00:00,578,Madurai,1.0,-4.4638333333333335
2023-02-02 13:00:00,578,Madurai,1.0,-4.4638333333333335
2023-02-02 14:00:00,578,Madurai,0.75,-4.4638333333333335
2023-02-02 16:00:00,578,Madurai,1.0,-4.4195
2023-02-02 19:00:00,578,Madurai,0.5,-4.4195
2023-02-02 20:00:00,578,Madurai,1.5,-4.4195
2023-02-03 19:00:00,578,Madurai,3.0,-4.4366666666666665
2023-02-03 23:00:00,578,Madurai,1.5,-4.408666666666667
2023-02-04 01:00:00,578,Madurai,3.5,-4.408666666666667
2023-02-05 14:00:00,578,Madurai,2.5,-4.483833333333333
2023-02-05 16:00:00,578,Madurai,1.5,-4.4575000000000005
2023-02-05 17:00:00,578,Madurai,0.5,-4.4575000000000005
2023-02-05 19:00:00,578,Madurai,1.0,-4.4575000000000005
2023-02-05 20:00:00,578,Madurai,0.5,-4.4575000000000005
2023-02-06 06:00:00,578,Madurai,0.5,-4.378833333333334
2023-02-06 09:00:00,578,Madurai,0.5,-4.378833333333334
2023-02-07 13:00:00,578,Madurai,0.5,-4.512666666666667
2023-02-07 14:00:00,578,Madurai,3.0,-4.512666666666667
2023-02-07 17:00:00,578,Madurai,0.5,-4.505166666666667
2023-02-10 13:00:00,578,Madurai,0.5,-7.358
2023-02-21 15:00:00,578,Madurai,0.5,-4.732166666666667
2023-02-23 14:00:00,578,Madurai,0.5,-4.786666666666666
2023-03-18 20:00:00,578,Madurai,11.0,-5.2645
2023-03-19 19:00:00,578,Madurai,6.5,-5.254499999999999
2023-03-20 17:00:00,578,Madurai,15.0,-5.2595
2023-03-20 18:00:00,578,Madurai,6.25,-5.2595
2023-03-21 20:00:00,578,Madurai,45.0,-4.8754
2023-03-21 21:00:00,578,Madurai,1.0,-4.8754
2023-03-28 19:00:00,578,Madurai,4.0,-5.4625
2023-03-28 20:00:00,578,Madurai,9.25,-5.4625
2023-03-28 21:00:00,578,Madurai,1.25,-5.4625
2023-03-29 00:00:00,578,Madurai,0.5,-5.376666666666666
2023-03-29 09:00:00,578,Madurai,1.0,-5.366499999999999
2023-03-29 10:00:00,578,Madurai,1.5,-5.441333333333333
2023-03-29 11:00:00,578,Madurai,1.0,-5.441333333333333
2023-03-29 19:00:00,578,Madurai,0.5,-5.406833333333334
2023-03-30 06:00:00,578,Madurai,0.5,-5.3145
2023-03-30 23:00:00,578,Madurai,0.5,-4.975
2023-03-31 01:00:00,578,Madurai,0.5,-4.975
2023-03-31 03:00:00,578,Madurai,0.5,-4.975
2023-03-31 10:00:00,578,Madurai,0.5,-5.014200000000001
2023-03-31 21:00:00,578,Madurai,0.5,-5.0088
2023-04-02 18:00:00,578,Madurai,0.5,-5.0516
2023-04-03 12:00:00,578,Madurai,0.5,-5.4865
2023-04-03 16:00:00,578,Madurai,2.5,-5.474666666666667
2023-04-03 17:00:00,578,Madurai,1.0,-5.474666666666667
2023-04-03 18:00:00,578,Madurai,1.5,-5.474666666666667
2023-04-03 19:00:00,578,Madurai,0.5,-5.474666666666667
2023-04-04 00:00:00,578,Madurai,1.0,-5.485333333333333
2023-04-04 14:00:00,578,Madurai,1.0,-5.505
2023-04-04 15:00:00,578,Madurai,1.0,-5.505
2023-04-05 02:00:00,578,Madurai,0.5,-5.498666666666666
2023-04-05 06:00:00,578,Madurai,0.5,-5.459499999999999
2023-04-05 07:00:00,578,Madurai,1.0,-5.459499999999999
2023-04-05 08:00:00,578,Madurai,1.0,-5.459499999999999
2023-04-05 11:00:00,578,Madurai,1.0,-5.535
2023-04-05 12:00:00,578,Madurai,2.0,-5.535
2023-04-06 14:00:00,578,Madurai,0.5,-5.546333333333333
2023-04-07 13:00:00,578,Madurai,0.5,-5.2878
2023-04-21 17:00:00,578,Madurai,2.5,-5.897333333333333
2023-04-21 18:00:00,578,Madurai,4.0,-5.897333333333333
2023-04-21 19:00:00,578,Madurai,2.0,-5.897333333333333
2023-04-21 20:00:00,578,Madurai,1.0,-5.897333333333333
2023-04-22 09:00:00,578,Madurai,0.5,-5.889166666666667
2023-04-22 10:00:00,578,Madurai,0.5,-5.9943333333333335
2023-04-22 20:00:00,578,Madurai,1.5,-5.926666666666667
2023-04-23 02:00:00,578,Madurai,0.5,-5.940333333333332
2023-04-23 03:00:00,578,Madurai,0.5,-5.940333333333332
2023-04-23 19:00:00,578,Madurai,20.5,-5.902
2023-04-23 20:00:00,578,Madurai,1.75,-5.902
2023-04-23 21:00:00,578,Madurai,1.0,-5.902
2023-04-23 22:00:00,578,Madurai,0.5,-5.892666666666667
2023-04-23 23:00:00,578,Madurai,0.5,-5.892666666666667
2023-04-24 00:00:00,578,Madurai,7.666666666666667,-5.892666666666667
2023-04-24 01:00:00,578,Madurai,11.0,-5.892666666666667
2023-04-24 02:00:00,578,Madurai,0.5,-5.892666666666667
2023-04-24 05:00:00,578,Madurai,0.5,-5.878833333333334
2023-04-24 06:00:00,578,Madurai,0.5,-5.878833333333334
2023-04-24 08:00:00,578,Madurai,0.5,-5.878833333333334
2023-04-24 12:00:00,578,Madurai,0.5,-5.925999999999999
2023-04-24 15:00:00,578,Madurai,0.5,-5.925999999999999
2023-04-24 16:00:00,578,Madurai,5.5,-5.5912
2023-04-24 17:00:00,578,Madurai,0.5,-5.5912
2023-04-24 19:00:00,578,Madurai,2.5,-5.5912
2023-04-24 20:00:00,578,Madurai,2.5,-5.5912
2023-04-25 00:00:00,578,Madurai,0.5,-5.557
2023-04-25 04:00:00,578,Madurai,0.5,-4.956666666666667
2023-04-25 12:00:00,578,Madurai,0.5,-5.042666666666666
2023-04-25 20:00:00,578,Madurai,0.5,-5.5484
2023-04-26 02:00:00,578,Madurai,0.5,-5.5366
2023-04-26 03:00:00,578,Madurai,1.0,-5.5366
2023-04-26 07:00:00,578,Madurai,0.5,-5.5168
2023-04-26 14:00:00,578,Madurai,1.0,-5.582
2023-04-26 15:00:00,578,Madurai,0.5,-5.582
2023-04-26 18:00:00,578,Madurai,0.5,-5.5696
2023-04-27 04:00:00,578,Madurai,1.5,-5.5112000000000005
2023-04-27 09:00:00,578,Madurai,0.5,-5.5112000000000005
2023-04-27 15:00:00,578,Madurai,0.5,-5.5728
2023-04-27 20:00:00,578,Madurai,1.5,-5.5538
2023-04-28 01:00:00,578,Madurai,0.5,-5.5358
2023-04-28 04:00:00,578,Madurai,0.5,-5.4924
2023-04-28 11:00:00,578,Madurai,1.0,-5.5594
2023-04-28 12:00:00,578,Madurai,1.5,-5.5594
2023-04-28 13:00:00,578,Madurai,0.5,-5.5594
2023-04-28 16:00:00,578,Madurai,0.5,-5.5328
2023-04-28 19:00:00,578,Madurai,0.5,-5.5328
2023-04-28 20:00:00,578,Madurai,3.0,-5.5328
2023-04-28 21:00:00,578,Madurai,3.0,-5.5328
2023-04-29 11:00:00,578,Madurai,0.5,-5.5416
2023-04-29 16:00:00,578,Madurai,0.5,-6.6115
2023-04-29 17:00:00,578,Madurai,2.0,-6.6115
2023-04-29 20:00:00,578,Madurai,16.5,-6.6115
2023-04-29 21:00:00,578,Madurai,5.0,-6.6115
2023-04-30 06:00:00,578,Madurai,1.0,-6.54075
2023-04-30 08:00:00,578,Madurai,1.5,-6.54075
2023-04-30 09:00:00,578,Madurai,1.0,-6.54075
2023-04-30 11:00:00,578,Madurai,1.0,-6.59825
2023-04-30 14:00:00,578,Madurai,0.5,-6.59825
2023-04-30 18:00:00,578,Madurai,3.0,-5.547
2023-05-01 07:00:00,578,Madurai,0.5,-5.4718
2023-05-01 12:00:00,578,Madurai,3.0,-5.5368
2023-05-01 14:00:00,578,Madurai,0.5,-5.5368
2023-05-01 15:00:00,578,Madurai,2.5,-5.5368
2023-05-01 21:00:00,578,Madurai,1.0,-5.5356000000000005
2023-05-01 22:00:00,578,Madurai,1.0,-5.5182
2023-05-02 00:00:00,578,Madurai,0.5,-5.5182
2023-05-02 04:00:00,578,Madurai,1.0,-5.4402
2023-05-02 05:00:00,578,Madurai,0.5,-5.4402
2023-05-02 09:00:00,578,Madurai,0.5,-5.4402
2023-05-02 11:00:00,578,Madurai,1.0,-5.5262
2023-05-02 12:00:00,578,Madurai,0.5,-5.5262
2023-05-02 13:00:00,578,Madurai,1.0,-5.5262
2023-05-02 15:00:00,578,Madurai,1.5,-5.5262
2023-05-02 18:00:00,578,Madurai,4.5,-5.479
2023-05-02 19:00:00,578,Madurai,2.25,-5.479
2023-05-02 20:00:00,578,Madurai,0.5,-5.479
2023-05-02 22:00:00,578,Madurai,3.5,-5.738333333333333
2023-05-03 04:00:00,578,Madurai,0.5,-5.664666666666666
2023-05-03 05:00:00,578,Madurai,49.5,-5.664666666666666
2023-05-03 08:00:00,578,Madurai,3.0,-5.664666666666666
2023-05-03 10:00:00,578,Madurai,2.5,-5.737166666666667
2023-05-03 11:00:00,578,Madurai,0.5,-5.737166666666667
2023-05-03 15:00:00,578,Madurai,18.5,-5.737166666666667
2023-05-03 16:00:00,578,Madurai,3.5,-5.698666666666667
2023-05-03 17:00:00,578,Madurai,3.0,-5.698666666666667
2023-05-03 18:00:00,578,Madurai,0.75,-5.698666666666667
2023-05-03 20:00:00,578,Madurai,0.6666666666666666,-5.698666666666667
2023-05-03 21:00:00,578,Madurai,1.0,-5.698666666666667
2023-05-03 23:00:00,578,Madurai,0.5,-5.684333333333334
2023-05-04 05:00:00,578,Madurai,0.5,-5.618166666666667
2023-05-04 21:00:00,578,Madurai,2.0,-5.6695
2023-05-04 22:00:00,578,Madurai,1.5,-5.699000000000001
2023-05-04 23:00:00,578,Madurai,1.0,-5.699000000000001
2023-05-05 01:00:00,578,Madurai,0.5,-5.699000000000001
2023-05-05 03:00:00,578,Madurai,0.5,-5.699000000000001
2023-05-05 04:00:00,578,Madurai,0.5,-5.661666666666666
2023-05-05 07:00:00,578,Madurai,0.5,-5.661666666666666
2023-05-06 10:00:00,578,Madurai,0.5,-4.58525
2023-05-06 11:00:00,578,Madurai,0.5,-4.58525
2023-05-06 17:00:00,578,Madurai,0.5,-4.5715
2023-05-06 18:00:00,578,Madurai,35.0,-4.5715
2023-05-06 19:00:00,578,Madurai,5.0,-4.5715
2023-05-06 23:00:00,578,Madurai,0.5,-4.51125
2023-05-07 00:00:00,578,Madurai,0.5,-4.51125
2023-05-07 01:00:00,578,Madurai,1.0,-4.51125
2023-05-07 02:00:00,578,Madurai,0.5,-4.51125
2023-05-07 03:00:00,578,Madurai,0.5,-4.51125
2023-05-07 04:00:00,578,Madurai,0.5,-4.36675
2023-05-07 05:00:00,578,Madurai,0.5,-4.36675
2023-05-07 06:00:00,578,Madurai,1.0,-4.36675
2023-05-07 07:00:00,578,Madurai,1.5,-4.36675
2023-05-07 08:00:00,578,Madurai,1.5,-4.36675
2023-05-07 09:00:00,578,Madurai,2.0,-4.36675
2023-05-07 10:00:00,578,Madurai,1.5,-4.489
2023-05-07 11:00:00,578,Madurai,1.5,-4.489
2023-05-07 12:00:00,578,Madurai,2.0,-4.489
2023-05-07 13:00:00,578,Madurai,2.0,-4.489
2023-05-07 14:00:00,578,Madurai,4.0,-4.489
2023-05-07 15:00:00,578,Madurai,4.0,-4.489
2023-05-07 16:00:00,578,Madurai,3.0,-4.458
2023-05-07 17:00:00,578,Madurai,2.0,-4.458
2023-05-07 18:00:00,578,Madurai,2.5,-4.458
2023-05-07 19:00:00,578,Madurai,8.0,-4.458
2023-05-07 20:00:00,578,Madurai,9.5,-4.458
2023-05-07 21:00:00,578,Madurai,5.5,-4.458
2023-05-07 22:00:00,578,Madurai,2.5,-4.4455
2023-05-07 23:00:00,578,Madurai,4.0,-4.4455
2023-05-08 00:00:00,578,Madurai,4.0,-4.4455
2023-05-08 01:00:00,578,Madurai,5.0,-4.4455
2023-05-08 02:00:00,578,Madurai,7.0,-4.4455
2023-05-08 03:00:00,578,Madurai,5.5,-4.4455
2023-05-08 04:00:00,578,Madurai,5.5,-4.29575
2023-05-08 05:00:00,578,Madurai,4.0,-4.29575
2023-05-08 06:00:00,578,Madurai,4.0,-4.29575
2023-05-08 07:00:00,578,Madurai,3.5,-4.29575
2023-05-08 08:00:00,578,Madurai,3.0,-4.29575
2023-05-08 09:00:00,578,Madurai,2.5,-4.29575
2023-05-08 10:00:00,578,Madurai,1.0,-4.4185
2023-05-08 12:00:00,578,Madurai,0.5,-4.4185
2023-05-08 13:00:00,578,Madurai,1.0,-4.4185
2023-05-08 14:00:00,578,Madurai,0.5,-4.4185
2023-05-08 17:00:00,578,Madurai,0.5,-4.3965
2023-05-08 18:00:00,578,Madurai,4.5,-4.3965
2023-05-08 20:00:00,578,Madurai,1.0,-4.3965
2023-05-08 21:00:00,578,Madurai,4.166666666666667,-4.3965
2023-05-08 22:00:00,578,Madurai,4.0,-4.39025
2023-05-08 23:00:00,578,Madurai,3.5,-4.39025
2023-05-09 00:00:00,578,Madurai,3.0,-4.39025
2023-05-09 01:00:00,578,Madurai,1.0,-4.39025
2023-05-09 02:00:00,578,Madurai,0.5,-4.39025
2023-05-09 03:00:00,578,Madurai,0.5,-4.39025
2023-05-09 04:00:00,578,Madurai,0.5,-4.28075
2023-05-09 09:00:00,578,Madurai,18.0,-4.28075
2023-05-09 10:00:00,578,Madurai,14.5,-4.342
2023-05-09 11:00:00,578,Madurai,0.5,-4.342
2023-05-09 12:00:00,578,Madurai,2.0,-4.342
2023-05-09 13:00:00,578,Madurai,1.5,-4.342
2023-05-09 17:00:00,578,Madurai,2.0,-4.36125
2023-05-09 18:00:00,578,Madurai,5.25,-4.36125
2023-05-09 19:00:00,578,Madurai,1.5,-4.36125
2023-05-09 20:00:00,578,Madurai,0.5,-4.36125
2023-05-09 22:00:00,578,Madurai,11.0,-4.40275
2023-05-09 23:00:00,578,Madurai,21.5,-4.40275
2023-05-10 00:00:00,578,Madurai,14.5,-4.40275
2023-05-10 01:00:00,578,Madurai,22.0,-4.40275
2023-05-10 02:00:00,578,Madurai,23.0,-4.40275
2023-05-10 03:00:00,578,Madurai,13.5,-4.40275
2023-05-10 04:00:00,578,Madurai,4.5,-4.27475
2023-05-10 05:00:00,578,Madurai,10.5,-4.27475
2023-05-10 06:00:00,578,Madurai,9.5,-4.27475
2023-05-10 07:00:00,578,Madurai,3.5,-4.27475
2023-05-10 08:00:00,578,Madurai,8.0,-4.27475
2023-05-10 09:00:00,578,Madurai,6.0,-4.27475
2023-05-10 13:00:00,578,Madurai,1.0,-4.974600000000001
2023-05-10 14:00:00,578,Madurai,0.5,-4.974600000000001
2023-05-10 15:00:00,578,Madurai,1.0,-4.974600000000001
2023-05-10 17:00:00,578,Madurai,1.0,-4.9812
2023-05-10 18:00:00,578,Madurai,4.5,-4.9812
2023-05-10 19:00:00,578,Madurai,0.5,-4.9812
2023-05-10 20:00:00,578,Madurai,3.5,-4.9812
2023-05-10 21:00:00,578,Madurai,8.0,-4.9812
2023-05-10 22:00:00,578,Madurai,10.0,-5.0284
2023-05-10 23:00:00,578,Madurai,3.0,-5.0284
2023-05-11 00:00:00,578,Madurai,7.5,-5.0284
2023-05-11 01:00:00,578,Madurai,10.5,-5.0284
2023-05-11 02:00:00,578,Madurai,4.0,-5.0284
2023-05-11 03:00:00,578,Madurai,5.0,-5.0284
2023-05-11 04:00:00,578,Madurai,18.5,-4.9328
2023-05-11 05:00:00,578,Madurai,8.0,-4.9328
2023-05-11 06:00:00,578,Madurai,1.5,-4.9328
2023-05-11 07:00:00,578,Madurai,15.5,-4.9328
2023-05-11 08:00:00,578,Madurai,20.0,-4.9328
2023-05-11 09:00:00,578,Madurai,10.0,-4.9328
2023-05-11 11:00:00,578,Madurai,14.0,-5.022399999999999
2023-05-11 12:00:00,578,Madurai,4.0,-5.022399999999999
2023-05-11 13:00:00,578,Madurai,6.5,-5.022399999999999
2023-05-11 14:00:00,578,Madurai,16.5,-5.022399999999999
2023-05-11 15:00:00,578,Madurai,0.5,-5.022399999999999
2023-05-11 16:00:00,578,Madurai,2.0,-4.9974
2023-05-11 17:00:00,578,Madurai,1.5,-4.9974
2023-05-11 18:00:00,578,Madurai,1.0,-4.9974
2023-05-11 19:00:00,578,Madurai,5.5,-4.9974
2023-05-11 20:00:00,578,Madurai,0.5,-4.9974
2023-05-11 21:00:00,578,Madurai,0.5,-4.9974
2023-05-11 22:00:00,578,Madurai,19.5,-4.9018
2023-05-11 23:00:00,578,Madurai,4.5,-4.9018
2023-05-12 00:00:00,578,Madurai,1.3333333333333333,-4.9018
2023-05-12 01:00:00,578,Madurai,0.5,-4.9018
2023-05-12 02:00:00,578,Madurai,1.5,-4.9018
2023-05-12 03:00:00,578,Madurai,3.0,-4.9018
2023-05-12 04:00:00,578,Madurai,3.0,-4.7796
2023-05-12 05:00:00,578,Madurai,0.5,-4.7796
2023-05-12 06:00:00,578,Madurai,0.5,-4.7796
2023-05-12 07:00:00,578,Madurai,2.0,-4.7796
2023-05-12 08:00:00,578,Madurai,1.0,-4.7796
2023-05-12 09:00:00,578,Madurai,1.0,-4.7796
2023-05-12 10:00:00,578,Madurai,3.0,-4.869
2023-05-12 11:00:00,578,Madurai,4.0,-4.869
2023-05-12 12:00:00,578,Madurai,2.0,-4.869
2023-05-12 13:00:00,578,Madurai,1.0,-4.869
2023-05-12 14:00:00,578,Madurai,2.0,-4.869
2023-05-12 15:00:00,578,Madurai,4.0,-4.869
2023-05-12 16:00:00,578,Madurai,14.0,-4.8254
2023-05-12 17:00:00,578,Madurai,9.5,-4.8254
2023-05-12 18:00:00,578,Madurai,8.0,-4.8254
2023-05-12 19:00:00,578,Madurai,3.0,-4.8254
2023-05-12 20:00:00,578,Madurai,2.0,-4.8254
2023-05-12 21:00:00,578,Madurai,5.0,-4.8254
2023-05-12 22:00:00,578,Madurai,6.0,-4.7512
2023-05-12 23:00:00,578,Madurai,0.5,-4.7512
2023-05-13 00:00:00,578,Madurai,6.5,-4.7512
2023-05-13 01:00:00,578,Madurai,1.5,-4.7512
2023-05-13 02:00:00,578,Madurai,1.0,-4.7512
2023-05-13 03:00:00,578,Madurai,1.0,-4.7512
2023-05-13 04:00:00,578,Madurai,1.0,-4.663600000000001
2023-05-13 05:00:00,578,Madurai,1.5,-4.663600000000001
2023-05-13 07:00:00,578,Madurai,0.5,-4.663600000000001
2023-05-13 08:00:00,578,Madurai,2.5,-4.663600000000001
2023-05-13 09:00:00,578,Madurai,2.0,-4.663600000000001
2023-05-13 11:00:00,578,Madurai,4.5,-4.7672
2023-05-13 12:00:00,578,Madurai,5.5,-4.7672
2023-05-13 13:00:00,578,Madurai,6.0,-4.7672
2023-05-13 14:00:00,578,Madurai,7.0,-4.7672
2023-05-13 15:00:00,578,Madurai,2.0,-4.7672
2023-05-13 16:00:00,578,Madurai,2.0,-4.744400000000001
2023-05-13 20:00:00,578,Madurai,2.0,-4.744400000000001
2023-05-13 21:00:00,578,Madurai,0.5,-4.744400000000001
2023-05-13 22:00:00,578,Madurai,3.5,-4.715
2023-05-13 23:00:00,578,Madurai,4.0,-4.715
2023-05-14 00:00:00,578,Madurai,2.0,-4.715
2023-05-14 02:00:00,578,Madurai,0.5,-4.715
2023-05-14 03:00:00,578,Madurai,2.5,-4.715
2023-05-14 04:00:00,578,Madurai,1.0,-4.6402
2023-05-14 05:00:00,578,Madurai,0.5,-4.6402
2023-05-14 06:00:00,578,Madurai,0.5,-4.6402
2023-05-14 07:00:00,578,Madurai,0.5,-4.6402
2023-05-14 08:00:00,578,Madurai,0.5,-4.6402
2023-05-14 09:00:00,578,Madurai,2.0,-4.6402
2023-05-14 10:00:00,578,Madurai,2.0,-4.7268
2023-05-14 12:00:00,578,Madurai,2.5,-4.7268
2023-05-14 13:00:00,578,Madurai,1.0,-4.7268
2023-05-14 14:00:00,578,Madurai,5.5,-4.7268
2023-05-14 15:00:00,578,Madurai,7.5,-4.7268
2023-05-14 16:00:00,578,Madurai,8.0,-4.7236
2023-05-14 17:00:00,578,Madurai,0.5,-4.7236
2023-05-14 18:00:00,578,Madurai,2.0,-4.7236
2023-05-14 19:00:00,578,Madurai,4.0,-4.7236
2023-05-14 20:00:00,578,Madurai,0.5,-4.7236
2023-05-14 21:00:00,578,Madurai,2.0,-4.7236
2023-05-14 22:00:00,578,Madurai,1.0,-4.71
2023-05-15 01:00:00,578,Madurai,2.0,-4.71
2023-05-15 02:00:00,578,Madurai,2.5,-4.71
2023-05-15 03:00:00,578,Madurai,0.5,-4.71
2023-05-15 07:00:00,578,Madurai,1.5,-4.6458
2023-05-15 08:00:00,578,Madurai,2.5,-4.6458
2023-05-15 13:00:00,578,Madurai,2.0,-4.7490000000000006
2023-05-15 20:00:00,578,Madurai,1.5,-4.7354
2023-05-15 22:00:00,578,Madurai,0.5,-4.7238
2023-05-16 08:00:00,578,Madurai,0.5,-6.140000000000001
2023-05-16 09:00:00,578,Madurai,0.5,-6.140000000000001
2023-06-04 17:00:00,578,Madurai,5.5,-5.883
2023-06-04 18:00:00,578,Madurai,0.5,-5.883
2023-06-05 09:00:00,578,Madurai,2.0,-5.825166666666667
2023-06-05 18:00:00,578,Madurai,2.5,-5.981166666666667
2023-06-05 19:00:00,578,Madurai,1.25,-5.981166666666667
2023-06-06 20:00:00,578,Madurai,0.5,-5.942166666666666
2023-06-12 16:00:00,578,Madurai,1.0,-6.123666666666666
2023-06-19 19:00:00,578,Madurai,8.5,-6.347166666666666
2023-06-22 20:00:00,578,Madurai,5.0,-6.373333333333334
2023-06-22 21:00:00,578,Madurai,0.5,-6.373333333333334
2023-06-22 22:00:00,578,Madurai,8.5,-6.380166666666667
2023-06-25 16:00:00,578,Madurai,1.5,-6.583833333333334
2023-06-30 06:00:00,578,Madurai,0.5,-6.555166666666666
2023-06-30 07:00:00,578,Madurai,1.0,-6.555166666666666
2023-07-01 18:00:00,578,Madurai,0.5,-6.688
2023-07-02 20:00:00,578,Madurai,13.5,-6.665666666666667
2023-07-02 21:00:00,578,Madurai,8.5,-6.665666666666667
2023-07-02 22:00:00,578,Madurai,0.5,-6.676166666666667
2023-07-03 06:00:00,578,Madurai,0.5,-6.603166666666667
2023-07-03 12:00:00,578,Madurai,0.5,-6.675999999999999
2023-07-03 13:00:00,578,Madurai,2.5,-6.675999999999999
2023-07-03 14:00:00,578,Madurai,32.0,-6.675999999999999
2023-07-03 15:00:00,578,Madurai,9.0,-6.675999999999999
2023-07-03 16:00:00,578,Madurai,1.0,-6.667333333333333
2023-07-03 21:00:00,578,Madurai,5.5,-6.667333333333333
2023-07-03 23:00:00,578,Madurai,1.0,-6.6738333333333335
2023-07-04 00:00:00,578,Madurai,1.0,-6.6738333333333335
2023-07-04 01:00:00,578,Madurai,4.0,-6.6738333333333335
2023-07-04 03:00:00,578,Madurai,0.5,-6.6738333333333335
2023-07-04 04:00:00,578,Madurai,0.5,-6.599833333333333
2023-07-04 05:00:00,578,Madurai,2.5,-6.599833333333333
2023-07-04 06:00:00,578,Madurai,10.0,-6.599833333333333
2023-07-04 07:00:00,578,Madurai,3.0,-6.599833333333333
2023-07-04 09:00:00,578,Madurai,1.5,-6.599833333333333
2023-07-04 10:00:00,578,Madurai,5.0,-6.697500000000001
2023-07-04 11:00:00,578,Madurai,3.5,-6.697500000000001
2023-07-04 12:00:00,578,Madurai,3.5,-6.697500000000001
2023-07-04 13:00:00,578,Madurai,19.0,-6.697500000000001
2023-07-04 14:00:00,578,Madurai,3.0,-6.697500000000001
2023-07-04 15:00:00,578,Madurai,2.0,-6.697500000000001
2023-07-04 18:00:00,578,Madurai,1.0,-6.754
2023-07-04 19:00:00,578,Madurai,2.5,-6.754
2023-07-04 20:00:00,578,Madurai,1.0,-6.754
2023-07-04 23:00:00,578,Madurai,13.5,-6.765499999999999
2023-07-05 00:00:00,578,Madurai,11.0,-6.765499999999999
2023-07-05 01:00:00,578,Madurai,1.0,-6.765499999999999
2023-07-05 02:00:00,578,Madurai,4.5,-6.765499999999999
2023-07-05 03:00:00,578,Madurai,1.0,-6.765499999999999
2023-07-05 09:00:00,578,Madurai,1.0,-6.7058333333333335
2023-07-05 10:00:00,578,Madurai,1.5,-6.701333333333333
2023-07-09 19:00:00,578,Madurai,0.5,-6.767499999999999
2023-07-09 20:00:00,578,Madurai,0.5,-6.767499999999999
2023-07-10 16:00:00,578,Madurai,3.5,-6.771166666666666
2023-07-10 17:00:00,578,Madurai,1.0,-6.771166666666666
2023-07-10 18:00:00,578,Madurai,12.0,-6.771166666666666
2023-07-10 19:00:00,578,Madurai,4.5,-6.771166666666666
2023-07-10 20:00:00,578,Madurai,0.8333333333333334,-6.771166666666666
2023-07-10 21:00:00,578,Madurai,1.5,-6.771166666666666
2023-07-10 22:00:00,578,Madurai,1.5,-6.755166666666667
2023-07-10 23:00:00,578,Madurai,1.0,-6.755166666666667
2023-07-11 00:00:00,578,Madurai,0.5,-6.755166666666667
2023-07-11 14:00:00,578,Madurai,1.5,-6.762833333333333
2023-07-11 18:00:00,578,Madurai,4.0,-6.775833333333334
2023-07-11 20:00:00,578,Madurai,4.0,-6.775833333333334
2023-07-11 23:00:00,578,Madurai,2.0,-6.769000000000001
2023-07-12 03:00:00,578,Madurai,1.0,-6.769000000000001
2023-07-12 11:00:00,578,Madurai,3.0,-6.758333333333334
2023-07-12 18:00:00,578,Madurai,11.25,-6.772333333333333
2023-07-12 19:00:00,578,Madurai,1.25,-6.772333333333333
2023-07-13 14:00:00,578,Madurai,0.5,-6.7525
2023-07-13 15:00:00,578,Madurai,4.0,-6.7525
2023-07-13 16:00:00,578,Madurai,12.0,-6.764499999999999
2023-07-13 21:00:00,578,Madurai,0.5,-6.764499999999999
2023-07-13 23:00:00,578,Madurai,0.5,-6.758166666666667
2023-07-14 05:00:00,578,Madurai,4.0,-6.710166666666667
2023-07-14 12:00:00,578,Madurai,3.0,-6.775333333333333
2023-07-14 13:00:00,578,Madurai,1.0,-6.775333333333333
2023-07-14 15:00:00,578,Madurai,2.0,-6.775333333333333
2023-07-14 17:00:00,578,Madurai,2.5,-6.773000000000001
2023-07-15 00:00:00,578,Madurai,0.5,-6.772833333333334
2023-07-15 09:00:00,578,Madurai,41.5,-6.7105
2023-07-16 18:00:00,578,Madurai,17.0,-6.794833333333333
2023-07-16 19:00:00,578,Madurai,7.0,-6.794833333333333
2023-07-17 11:00:00,578,Madurai,6.5,-6.768
2023-07-17 12:00:00,578,Madurai,1.0,-6.768
2023-07-17 13:00:00,578,Madurai,0.5,-6.768
2023-07-17 15:00:00,578,Madurai,2.0,-6.768
2023-07-17 18:00:00,578,Madurai,0.5,-6.781666666666667
2023-07-17 19:00:00,578,Madurai,1.5,-6.781666666666667
2023-07-17 20:00:00,578,Madurai,2.0,-6.781666666666667
2023-07-17 21:00:00,578,Madurai,0.5,-6.781666666666667
2023-07-17 22:00:00,578,Madurai,2.0,-6.771999999999999
2023-07-18 09:00:00,578,Madurai,0.5,-6.691333333333333
2023-07-18 10:00:00,578,Madurai,0.5,-6.747
2023-07-18 11:00:00,578,Madurai,1.0,-6.747
2023-07-18 12:00:00,578,Madurai,0.5,-6.747
2023-07-18 13:00:00,578,Madurai,0.5,-6.747
2023-07-18 21:00:00,578,Madurai,0.5,-6.751
2023-07-19 04:00:00,578,Madurai,0.5,-6.704
2023-07-19 08:00:00,578,Madurai,0.5,-6.704
2023-07-19 09:00:00,578,Madurai,0.5,-6.704
2023-07-19 12:00:00,578,Madurai,1.5,-6.768166666666667
2023-07-19 14:00:00,578,Madurai,0.5,-6.768166666666667
2023-07-25 00:00:00,578,Madurai,0.5,-6.867
2023-07-25 05:00:00,578,Madurai,0.5,-6.8165
2023-07-25 06:00:00,578,Madurai,2.0,-6.8165
2023-07-25 07:00:00,578,Madurai,0.5,-6.8165
2023-07-26 08:00:00,578,Madurai,2.5,-6.954666666666667
2023-07-26 19:00:00,578,Madurai,1.0,-7.029166666666666
2023-07-27 09:00:00,578,Madurai,0.5,-7.0
2023-07-27 17:00:00,578,Madurai,0.5,-7.059333333333334
2023-07-27 18:00:00,578,Madurai,2.0,-7.059333333333334
2023-07-27 22:00:00,578,Madurai,1.5,-6.984333333333333
2023-08-06 18:00:00,578,Madurai,1.0,-7.596999999999999
2023-08-06 19:00:00,578,Madurai,5.5,-7.596999999999999
2023-08-06 22:00:00,578,Madurai,1.0,-7.5322
2023-08-06 23:00:00,578,Madurai,1.5,-7.5322
2023-08-07 00:00:00,578,Madurai,1.5,-7.5322
2023-08-07 01:00:00,578,Madurai,1.0,-7.5322
2023-08-07 04:00:00,578,Madurai,1.0,-7.222666666666666
2023-08-07 14:00:00,578,Madurai,1.0,-7.261666666666667
2023-08-07 15:00:00,578,Madurai,0.5,-7.261666666666667
2023-08-08 05:00:00,578,Madurai,0.5,-7.352666666666667
2023-08-08 10:00:00,578,Madurai,0.5,-7.353666666666666
2023-08-08 14:00:00,578,Madurai,0.5,-7.353666666666666
2023-08-08 16:00:00,578,Madurai,0.5,-7.323833333333333
2023-08-08 17:00:00,578,Madurai,1.5,-7.323833333333333
2023-08-08 18:00:00,578,Madurai,1.5,-7.323833333333333
2023-08-08 20:00:00,578,Madurai,0.5,-7.323833333333333
2023-08-09 13:00:00,578,Madurai,0.5,-7.224666666666667
2023-08-09 19:00:00,578,Madurai,21.25,-7.2121666666666675
2023-08-09 20:00:00,578,Madurai,4.5,-7.2121666666666675
2023-08-10 02:00:00,578,Madurai,0.5,-7.210833333333333
2023-08-10 04:00:00,578,Madurai,0.5,-7.156666666666666
2023-08-10 06:00:00,578,Madurai,0.5,-7.156666666666666
2023-08-10 09:00:00,578,Madurai,0.5,-7.156666666666666
2023-08-10 12:00:00,578,Madurai,0.5,-7.184333333333334
2023-08-10 14:00:00,578,Madurai,0.5,-7.184333333333334
2023-08-10 18:00:00,578,Madurai,0.5,-7.184333333333334
2023-08-10 19:00:00,578,Madurai,2.5,-7.184333333333334
2023-08-11 05:00:00,578,Madurai,0.5,-7.134333333333333
2023-08-11 13:00:00,578,Madurai,1.0,-7.179333333333333
2023-08-11 15:00:00,578,Madurai,0.5,-7.179333333333333
2023-08-11 16:00:00,578,Madurai,1.0,-7.187833333333334
2023-08-11 17:00:00,578,Madurai,0.5,-7.187833333333334
2023-08-11 20:00:00,578,Madurai,0.5,-7.187833333333334
2023-08-11 21:00:00,578,Madurai,7.0,-7.187833333333334
2023-08-11 23:00:00,578,Madurai,1.0,-7.176833333333334
2023-08-12 10:00:00,578,Madurai,0.5,-7.166333333333333
2023-08-12 12:00:00,578,Madurai,0.5,-7.166333333333333
2023-08-12 16:00:00,578,Madurai,0.5,-7.166833333333333
2023-08-12 17:00:00,578,Madurai,0.5,-7.166833333333333
2023-08-13 09:00:00,578,Madurai,0.5,-7.104
2023-08-13 10:00:00,578,Madurai,0.5,-7.144166666666667
2023-08-13 14:00:00,578,Madurai,0.5,-7.144166666666667
2023-08-13 18:00:00,578,Madurai,3.0,-7.154166666666666
2023-08-14 00:00:00,578,Madurai,0.5,-7.147166666666667
2023-08-14 07:00:00,578,Madurai,0.5,-7.088166666666666
2023-08-14 09:00:00,578,Madurai,1.0,-7.088166666666666
2023-08-14 11:00:00,578,Madurai,1.0,-7.0316
2023-08-14 12:00:00,578,Madurai,1.0,-7.0316
2023-08-14 13:00:00,578,Madurai,0.5,-7.0316
2023-08-14 17:00:00,578,Madurai,1.0,-7.149
2023-08-14 18:00:00,578,Madurai,2.0,-7.149
2023-08-14 20:00:00,578,Madurai,2.0,-7.149
2023-08-14 21:00:00,578,Madurai,49.5,-7.149
2023-08-14 22:00:00,578,Madurai,1.0,-7.139333333333333
2023-08-14 23:00:00,578,Madurai,0.5,-7.139333333333333
2023-08-15 02:00:00,578,Madurai,1.0,-7.139333333333333
2023-08-15 03:00:00,578,Madurai,2.0,-7.139333333333333
2023-08-15 07:00:00,578,Madurai,0.5,-7.0905
2023-08-15 08:00:00,578,Madurai,0.5,-7.0905
2023-08-15 10:00:00,578,Madurai,2.0,-7.126166666666666
2023-08-15 11:00:00,578,Madurai,1.5,-7.126166666666666
2023-08-15 12:00:00,578,Madurai,0.5,-7.126166666666666
2023-08-15 13:00:00,578,Madurai,1.0,-7.126166666666666
2023-08-15 14:00:00,578,Madurai,1.5,-7.126166666666666
2023-08-15 17:00:00,578,Madurai,4.0,-7.133333333333333
2023-08-15 18:00:00,578,Madurai,0.5,-7.133333333333333
2023-08-15 19:00:00,578,Madurai,3.0,-7.133333333333333
2023-08-15 20:00:00,578,Madurai,0.5,-7.133333333333333
2023-08-16 04:00:00,578,Madurai,0.5,-7.032333333333334
2023-08-16 05:00:00,578,Madurai,0.5,-7.032333333333334
2023-08-16 08:00:00,578,Madurai,0.5,-7.032333333333334
2023-08-16 13:00:00,578,Madurai,0.5,-7.053833333333333
2023-08-16 20:00:00,578,Madurai,0.5,-7.053
2023-08-16 23:00:00,578,Madurai,2.0,-7.053666666666667
2023-08-17 00:00:00,578,Madurai,1.0,-7.053666666666667
2023-08-17 01:00:00,578,Madurai,2.0,-7.053666666666667
2023-08-17 02:00:00,578,Madurai,2.0,-7.053666666666667
2023-08-17 03:00:00,578,Madurai,0.5,-7.053666666666667
2023-08-17 06:00:00,578,Madurai,1.0,-6.977666666666667
2023-08-17 08:00:00,578,Madurai,3.5,-6.977666666666667
2023-08-17 09:00:00,578,Madurai,6.0,-6.977666666666667
2023-08-17 10:00:00,578,Madurai,0.5,-7.039000000000001
2023-08-17 11:00:00,578,Madurai,1.5,-7.039000000000001
2023-08-17 12:00:00,578,Madurai,2.0,-7.039000000000001
2023-08-22 19:00:00,578,Madurai,3.5,-7.105833333333334
2023-08-22 20:00:00,578,Madurai,6.0,-7.105833333333334
2023-08-22 21:00:00,578,Madurai,3.333333333333333,-7.105833333333334
2023-08-22 22:00:00,578,Madurai,1.5,-7.090666666666667
2023-08-23 01:00:00,578,Madurai,2.5,-7.090666666666667
2023-08-23 22:00:00,578,Madurai,3.5,-7.108
2023-08-23 23:00:00,578,Madurai,5.5,-7.108
2023-08-28 17:00:00,578,Madurai,13.5,-7.244833333333333
2023-08-28 19:00:00,578,Madurai,3.0,-7.244833333333333
2023-08-29 16:00:00,578,Madurai,0.5,-7.2755
2023-08-29 18:00:00,578,Madurai,4.0,-7.2755
2023-08-29 19:00:00,578,Madurai,16.0,-7.2755
2023-08-29 20:00:00,578,Madurai,0.5,-7.2755
2023-08-29 21:00:00,578,Madurai,1.0,-7.2755
2023-08-29 22:00:00,578,Madurai,0.5,-7.190666666666666
2023-08-30 17:00:00,578,Madurai,0.5,-7.119
2023-08-30 18:00:00,578,Madurai,5.0,-7.119
2023-08-30 19:00:00,578,Madurai,2.5,-7.119
2023-08-30 20:00:00,578,Madurai,0.5,-7.119
2023-08-30 21:00:00,578,Madurai,1.0,-7.119
2023-08-30 22:00:00,578,Madurai,1.5,-7.0888333333333335
2023-08-31 04:00:00,578,Madurai,0.5,-7.021999999999999
2023-08-31 17:00:00,578,Madurai,1.5,-7.0873333333333335
2023-08-31 18:00:00,578,Madurai,30.5,-7.0873333333333335
2023-08-31 19:00:00,578,Madurai,6.0,-7.0873333333333335
2023-09-02 15:00:00,578,Madurai,5.0,-8.641333333333334
2023-09-02 16:00:00,578,Madurai,29.0,-7.074666666666666
2023-09-02 17:00:00,578,Madurai,3.0,-7.074666666666666
2023-09-02 18:00:00,578,Madurai,3.5,-7.074666666666666
2023-09-02 19:00:00,578,Madurai,1.25,-7.074666666666666
2023-09-02 20:00:00,578,Madurai,0.75,-7.074666666666666
2023-09-02 21:00:00,578,Madurai,0.5,-7.074666666666666
2023-09-03 13:00:00,578,Madurai,6.0,-6.9965
2023-09-03 14:00:00,578,Madurai,1.0,-6.9965
2023-09-03 15:00:00,578,Madurai,0.5,-6.9965
2023-09-03 16:00:00,578,Madurai,1.0,-6.959499999999999
2023-09-03 17:00:00,578,Madurai,0.5,-6.959499999999999
2023-09-03 20:00:00,578,Madurai,0.5,-6.959499999999999
2023-09-05 10:00:00,578,Madurai,0.5,-7.926
2023-09-06 03:00:00,578,Madurai,0.5,-6.895499999999999
2023-09-12 11:00:00,578,Madurai,0.5,-6.908833333333334
2023-09-14 16:00:00,578,Madurai,3.0,-7.013333333333333
2023-09-16 09:00:00,578,Madurai,1.0,-6.906666666666666
2023-09-18 13:00:00,578,Madurai,1.0,-7.0343333333333335
2023-09-18 17:00:00,578,Madurai,5.333333333333333,-7.0343333333333335
2023-09-18 18:00:00,578,Madurai,2.0,-7.0343333333333335
2023-09-18 19:00:00,578,Madurai,3.5,-7.0343333333333335
2023-09-18 21:00:00,578,Madurai,0.5,-7.0343333333333335
2023-09-19 14:00:00,578,Madurai,0.5,-7.156
2023-09-19 15:00:00,578,Madurai,7.25,-7.156
2023-09-19 16:00:00,578,Madurai,2.75,-7.092833333333334
2023-09-19 17:00:00,578,Madurai,1.1666666666666667,-7.092833333333334
2023-09-19 18:00:00,578,Madurai,1.0,-7.092833333333334
2023-09-19 19:00:00,578,Madurai,0.5,-7.092833333333334
2023-09-19 20:00:00,578,Madurai,1.0,-7.092833333333334
2023-09-19 21:00:00,578,Madurai,0.75,-7.092833333333334
2023-09-20 10:00:00,578,Madurai,0.5,-7.0825
2023-09-20 11:00:00,578,Madurai,0.5,-7.0825
2023-09-20 12:00:00,578,Madurai,2.5,-7.0825
2023-09-20 13:00:00,578,Madurai,1.0,-7.0825
2023-09-20 14:00:00,578,Madurai,0.5,-7.0825
2023-09-20 16:00:00,578,Madurai,0.5,-7.091666666666668
2023-09-20 20:00:00,578,Madurai,22.5,-7.091666666666668
2023-09-21 12:00:00,578,Madurai,0.5,-7.032833333333333
2023-09-21 13:00:00,578,Madurai,1.5,-7.032833333333333
2023-09-21 14:00:00,578,Madurai,2.5,-7.032833333333333
2023-09-21 15:00:00,578,Madurai,1.5,-7.032833333333333
2023-09-21 18:00:00,578,Madurai,0.5,-7.095
2023-09-21 19:00:00,578,Madurai,7.0,-7.095
2023-09-21 23:00:00,578,Madurai,0.5,-7.0825
2023-09-22 00:00:00,578,Madurai,0.5,-7.0825
2023-09-22 09:00:00,578,Madurai,0.5,-7.03
2023-09-22 12:00:00,578,Madurai,0.5,-7.085833333333333
2023-09-22 15:00:00,578,Madurai,1.5,-7.085833333333333
2023-09-22 16:00:00,578,Madurai,3.5,-7.083833333333334
2023-09-22 17:00:00,578,Madurai,1.0,-7.083833333333334
2023-09-22 18:00:00,578,Madurai,0.5,-7.083833333333334
2023-09-22 19:00:00,578,Madurai,3.5,-7.083833333333334
2023-09-22 20:00:00,578,Madurai,6.0,-7.083833333333334
2023-09-22 21:00:00,578,Madurai,2.0,-7.083833333333334
2023-09-22 22:00:00,578,Madurai,1.0,-7.091333333333334
2023-09-22 23:00:00,578,Madurai,0.5,-7.091333333333334
2023-09-23 00:00:00,578,Madurai,3.0,-7.091333333333334
2023-09-23 01:00:00,578,Madurai,2.0,-7.091333333333334
2023-09-23 02:00:00,578,Madurai,1.5,-7.091333333333334
2023-09-23 03:00:00,578,Madurai,0.5,-7.091333333333334
2023-09-23 04:00:00,578,Madurai,1.0,-7.043500000000001
2023-09-23 05:00:00,578,Madurai,1.0,-7.043500000000001
2023-09-23 06:00:00,578,Madurai,0.5,-7.043500000000001
2023-09-23 08:00:00,578,Madurai,0.5,-7.043500000000001
2023-09-23 09:00:00,578,Madurai,1.0,-7.043500000000001
2023-09-23 10:00:00,578,Madurai,1.5,-7.174333333333333
2023-09-23 11:00:00,578,Madurai,0.5,-7.174333333333333
2023-09-23 12:00:00,578,Madurai,2.5,-7.174333333333333
2023-09-23 13:00:00,578,Madurai,1.5,-7.174333333333333
2023-09-24 16:00:00,578,Madurai,0.5,-7.238166666666667
2023-09-24 18:00:00,578,Madurai,0.5,-7.238166666666667
2023-09-25 02:00:00,578,Madurai,0.5,-7.237666666666667
2023-09-25 10:00:00,578,Madurai,0.5,-7.148499999999999
2023-09-26 19:00:00,578,Madurai,0.5,-7.268666666666667
2023-09-27 14:00:00,578,Madurai,0.5,-7.144333333333333
2023-09-27 19:00:00,578,Madurai,0.5,-7.148666666666667
2023-09-28 14:00:00,578,Madurai,0.5,-7.143000000000001
2023-09-30 11:00:00,578,Madurai,0.5,-7.210333333333334
2023-09-30 16:00:00,578,Madurai,1.0,-7.1435
2023-10-01 15:00:00,578,Madurai,1.5,-7.144166666666667
2023-10-03 12:00:00,578,Madurai,0.5,-7.153666666666667
2023-10-05 00:00:00,578,Madurai,0.5,-7.244666666666667
2023-10-05 17:00:00,578,Madurai,4.0,-7.278666666666666
2023-10-05 18:00:00,578,Madurai,24.5,-7.278666666666666
2023-10-05 19:00:00,578,Madurai,5.5,-7.278666666666666
2023-10-07 18:00:00,578,Madurai,43.5,-7.280166666666666
2023-10-07 19:00:00,578,Madurai,29.5,-7.280166666666666
2023-10-07 20:00:00,578,Madurai,3.0,-7.280166666666666
2023-10-07 21:00:00,578,Madurai,1.0,-7.280166666666666
2023-10-07 22:00:00,578,Madurai,0.5,-7.2695
2023-10-09 03:00:00,578,Madurai,0.5,-7.343
2023-10-09 21:00:00,578,Madurai,0.5,-7.428833333333333
2023-10-09 22:00:00,578,Madurai,0.5,-7.421499999999999
2023-10-10 15:00:00,578,Madurai,0.5,-7.396166666666667
2023-10-10 16:00:00,578,Madurai,4.5,-8.2356
2023-10-10 18:00:00,578,Madurai,3.0,-8.2356
2023-10-11 14:00:00,578,Madurai,1.0,-6.669200000000001
2023-10-11 17:00:00,578,Madurai,0.5,-6.6256
2023-10-11 21:00:00,578,Madurai,9.0,-6.6256
2023-10-11 22:00:00,578,Madurai,4.0,-6.631
2023-10-11 23:00:00,578,Madurai,25.25,-6.631
2023-10-12 00:00:00,578,Madurai,5.5,-6.631
2023-10-12 01:00:00,578,Madurai,0.5,-6.631
2023-10-12 16:00:00,578,Madurai,0.5,-6.4738
2023-10-13 23:00:00,578,Madurai,15.5,-6.3334
2023-10-14 13:00:00,578,Madurai,0.5,-6.2882
2023-10-14 17:00:00,578,Madurai,0.5,-6.3316
2023-10-14 20:00:00,578,Madurai,2.0,-6.3316
2023-10-14 22:00:00,578,Madurai,0.5,-6.2372
2023-10-15 07:00:00,578,Madurai,0.5,-6.1608
2023-10-15 11:00:00,578,Madurai,0.5,-6.2056
2023-10-16 01:00:00,578,Madurai,9.0,-6.1832
2023-10-16 02:00:00,578,Madurai,18.5,-6.1832
2023-10-16 03:00:00,578,Madurai,9.5,-6.1832
2023-10-16 04:00:00,578,Madurai,4.0,-6.1094
2023-10-16 05:00:00,578,Madurai,1.5,-6.1094
2023-10-16 06:00:00,578,Madurai,1.75,-6.1094
2023-10-16 09:00:00,578,Madurai,0.5,-6.1094
2023-10-16 10:00:00,578,Madurai,0.5,-6.131600000000001
2023-10-17 00:00:00,578,Madurai,1.5,-6.1218
2023-10-17 01:00:00,578,Madurai,22.5,-6.1218
2023-10-17 02:00:00,578,Madurai,1.75,-6.1218
2023-10-17 03:00:00,578,Madurai,1.0,-6.1218
2023-10-17 23:00:00,578,Madurai,5.5,-6.1418
2023-10-18 00:00:00,578,Madurai,26.0,-6.1418
2023-10-18 01:00:00,578,Madurai,0.5,-6.1418
2023-10-18 07:00:00,578,Madurai,0.5,-6.086
2023-10-18 21:00:00,578,Madurai,0.5,-5.9238
2023-10-21 23:00:00,578,Madurai,25.0,-7.409
2023-10-22 00:00:00,578,Madurai,3.0,-7.409
2023-10-22 12:00:00,578,Madurai,0.5,-7.31
2023-10-23 02:00:00,578,Madurai,0.5,-7.2615
2023-10-25 04:00:00,578,Madurai,0.5,-6.010166666666667
2023-10-25 16:00:00,578,Madurai,2.0,-6.082666666666667
2023-10-25 17:00:00,578,Madurai,2.0,-6.082666666666667
2023-10-25 19:00:00,578,Madurai,0.5,-6.082666666666667
2023-10-27 15:00:00,578,Madurai,1.0,-6.0685
2023-10-28 20:00:00,578,Madurai,0.5,-6.0601666666666665
2023-10-29 04:00:00,578,Madurai,0.5,-6.739
2023-10-29 11:00:00,578,Madurai,1.0,-6.096666666666667
2023-10-29 13:00:00,578,Madurai,0.75,-6.096666666666667
2023-10-29 14:00:00,578,Madurai,9.5,-6.096666666666667
2023-10-29 15:00:00,578,Madurai,4.0,-6.096666666666667
2023-10-29 16:00:00,578,Madurai,0.5,-6.1825
2023-10-29 17:00:00,578,Madurai,0.5,-6.1825
2023-10-29 20:00:00,578,Madurai,0.5,-6.1825
2023-10-30 07:00:00,578,Madurai,0.5,-6.7226
2023-10-30 15:00:00,578,Madurai,0.5,-6.123
2023-10-30 17:00:00,578,Madurai,5.5,-6.7674
2023-10-30 19:00:00,578,Madurai,0.5,-6.7674
2023-10-31 03:00:00,578,Madurai,0.5,-6.044833333333333
2023-10-31 12:00:00,578,Madurai,0.5,-6.030166666666666
2023-10-31 17:00:00,578,Madurai,1.5,-6.030333333333334
2023-10-31 22:00:00,578,Madurai,1.0,-6.027
2023-10-31 23:00:00,578,Madurai,0.5,-6.027
2023-11-01 12:00:00,578,Madurai,0.5,-5.990333333333333
2023-11-01 19:00:00,578,Madurai,1.5,-5.991500000000001
2023-11-01 20:00:00,578,Madurai,5.5,-5.991500000000001
2023-11-01 22:00:00,578,Madurai,0.5,-5.972833333333334
2023-11-01 23:00:00,578,Madurai,0.5,-5.972833333333334
2023-11-02 20:00:00,578,Madurai,4.0,-6.053
2023-11-02 21:00:00,578,Madurai,2.0,-6.053
2023-11-02 22:00:00,578,Madurai,2.5,-6.057333333333333
2023-11-03 02:00:00,578,Madurai,0.5,-6.057333333333333
2023-11-03 15:00:00,578,Madurai,1.5,-6.032166666666666
2023-11-03 18:00:00,578,Madurai,2.0,-5.960333333333334
2023-11-03 19:00:00,578,Madurai,3.5,-5.960333333333334
2023-11-03 20:00:00,578,Madurai,1.0,-5.960333333333334
2023-11-03 21:00:00,578,Madurai,5.25,-5.960333333333334
2023-11-03 22:00:00,578,Madurai,19.0,-5.8806666666666665
2023-11-03 23:00:00,578,Madurai,1.0,-5.8806666666666665
2023-11-04 01:00:00,578,Madurai,1.0,-5.8806666666666665
2023-11-04 02:00:00,578,Madurai,0.75,-5.8806666666666665
2023-11-04 03:00:00,578,Madurai,1.5,-5.8806666666666665
2023-11-04 04:00:00,578,Madurai,1.75,-5.759285714285714
2023-11-04 05:00:00,578,Madurai,1.5,-5.759285714285714
2023-11-04 06:00:00,578,Madurai,0.75,-5.759285714285714
2023-11-04 07:00:00,578,Madurai,1.0,-5.759285714285714
2023-11-04 13:00:00,578,Madurai,2.0,-5.757857142857143
2023-11-04 15:00:00,578,Madurai,1.0,-5.757857142857143
2023-11-04 16:00:00,578,Madurai,0.5,-5.751857142857143
2023-11-04 17:00:00,578,Madurai,24.0,-5.751857142857143
2023-11-04 18:00:00,578,Madurai,7.5,-5.751857142857143
2023-11-04 19:00:00,578,Madurai,5.5,-5.751857142857143
2023-11-04 20:00:00,578,Madurai,2.75,-5.751857142857143
2023-11-04 21:00:00,578,Madurai,3.0,-5.751857142857143
2023-11-05 00:00:00,578,Madurai,0.5,-5.617857142857142
2023-11-05 01:00:00,578,Madurai,2.5,-5.617857142857142
2023-11-05 07:00:00,578,Madurai,0.5,-5.508285714285714
2023-11-05 10:00:00,578,Madurai,0.5,-5.519428571428572
2023-11-05 14:00:00,578,Madurai,0.5,-5.519428571428572
2023-11-05 20:00:00,578,Madurai,21.5,-5.497142857142856
2023-11-05 21:00:00,578,Madurai,46.5,-5.497142857142856
2023-11-05 22:00:00,578,Madurai,10.5,-5.409
2023-11-06 08:00:00,578,Madurai,0.5,-5.294
2023-11-06 17:00:00,578,Madurai,21.0,-5.283
2023-11-06 19:00:00,578,Madurai,1.0,-5.283
2023-11-06 21:00:00,578,Madurai,0.5,-5.283
2023-11-06 23:00:00,578,Madurai,3.25,-5.227285714285714
2023-11-07 00:00:00,578,Madurai,13.75,-5.227285714285714
2023-11-07 01:00:00,578,Madurai,14.0,-5.227285714285714
2023-11-07 02:00:00,578,Madurai,15.75,-5.227285714285714
2023-11-07 03:00:00,578,Madurai,1.75,-5.227285714285714
2023-11-07 04:00:00,578,Madurai,5.5,-5.27875
2023-11-07 05:00:00,578,Madurai,2.0,-5.27875
2023-11-07 06:00:00,578,Madurai,1.0,-5.27875
2023-11-07 07:00:00,578,Madurai,0.5,-5.27875
2023-11-07 08:00:00,578,Madurai,1.0,-5.27875
2023-11-07 09:00:00,578,Madurai,1.5,-5.27875
2023-11-07 17:00:00,578,Madurai,20.5,-5.07275
2023-11-07 19:00:00,578,Madurai,0.5,-5.07275
2023-11-07 21:00:00,578,Madurai,14.5,-5.07275
2023-11-07 22:00:00,578,Madurai,1.0,-5.00375
2023-11-08 14:00:00,578,Madurai,0.5,-4.929375
2023-11-08 20:00:00,578,Madurai,5.5,-4.861
2023-11-08 21:00:00,578,Madurai,6.0,-4.861
2023-11-08 22:00:00,578,Madurai,4.0,-4.800375
2023-11-08 23:00:00,578,Madurai,2.5,-4.800375
2023-11-09 00:00:00,578,Madurai,3.5,-4.800375
2023-11-09 01:00:00,578,Madurai,8.0,-4.800375
2023-11-09 02:00:00,578,Madurai,8.25,-4.800375
2023-11-09 03:00:00,578,Madurai,3.75,-4.800375
2023-11-09 04:00:00,578,Madurai,9.75,-4.772875
2023-11-09 05:00:00,578,Madurai,6.25,-4.772875
2023-11-09 06:00:00,578,Madurai,3.25,-4.772875
2023-11-09 07:00:00,578,Madurai,2.5,-4.772875
2023-11-09 14:00:00,578,Madurai,0.5,-4.632875
2023-11-10 15:00:00,578,Madurai,8.5,-4.450875
2023-11-10 20:00:00,578,Madurai,24.0,-4.394
2023-11-10 21:00:00,578,Madurai,1.5,-4.394
2023-11-11 14:00:00,578,Madurai,1.75,-4.3345
2023-11-11 15:00:00,578,Madurai,0.5,-4.3345
2023-11-11 16:00:00,578,Madurai,8.0,-4.31025
2023-11-13 03:00:00,578,Madurai,0.5,-4.1695
2023-11-13 05:00:00,578,Madurai,4.5,-4.22425
2023-11-13 06:00:00,578,Madurai,6.0,-4.22425
2023-11-13 07:00:00,578,Madurai,49.0,-4.22425
2023-11-13 08:00:00,578,Madurai,49.0,-4.22425
2023-11-13 09:00:00,578,Madurai,46.0,-4.22425
2023-11-13 10:00:00,578,Madurai,83.0,-4.19625
2023-11-13 11:00:00,578,Madurai,43.0,-4.19625
2023-11-13 12:00:00,578,Madurai,18.5,-4.19625
2023-11-13 13:00:00,578,Madurai,31.0,-4.19625
2023-11-13 14:00:00,578,Madurai,20.0,-4.19625
2023-11-13 15:00:00,578,Madurai,14.5,-4.19625
2023-11-13 16:00:00,578,Madurai,3.5,-4.18
2023-11-13 17:00:00,578,Madurai,6.5,-4.18
2023-11-13 18:00:00,578,Madurai,8.0,-4.18
2023-11-13 19:00:00,578,Madurai,3.0,-4.18
2023-11-13 20:00:00,578,Madurai,13.0,-4.18
2023-11-13 21:00:00,578,Madurai,50.0,-4.18
2023-11-13 22:00:00,578,Madurai,2.5,-4.1232500000000005
2023-11-13 23:00:00,578,Madurai,4.5,-4.1232500000000005
2023-11-14 00:00:00,578,Madurai,2.5,-4.1232500000000005
2023-11-14 01:00:00,578,Madurai,3.0,-4.1232500000000005
2023-11-14 02:00:00,578,Madurai,4.0,-4.1232500000000005
2023-11-14 03:00:00,578,Madurai,3.0,-4.1232500000000005
2023-11-14 04:00:00,578,Madurai,2.5,-4.1926250000000005
2023-11-14 05:00:00,578,Madurai,1.5,-4.1926250000000005
2023-11-14 06:00:00,578,Madurai,1.0,-4.1926250000000005
2023-11-14 07:00:00,578,Madurai,1.0,-4.1926250000000005
2023-11-14 08:00:00,578,Madurai,1.0,-4.1926250000000005
2023-11-14 09:00:00,578,Madurai,1.0,-4.1926250000000005
2023-11-14 10:00:00,578,Madurai,1.5,-4.169375
2023-11-14 11:00:00,578,Madurai,3.0,-4.169375
2023-11-14 12:00:00,578,Madurai,3.0,-4.169375
2023-11-14 13:00:00,578,Madurai,1.5,-4.169375
2023-11-14 14:00:00,578,Madurai,2.5,-4.169375
2023-11-14 15:00:00,578,Madurai,0.5,-4.169375
2023-11-14 16:00:00,578,Madurai,0.5,-4.142125
2023-11-14 17:00:00,578,Madurai,2.0,-4.142125
2023-11-14 18:00:00,578,Madurai,2.5,-4.142125
2023-11-14 19:00:00,578,Madurai,0.5,-4.142125
2023-11-14 22:00:00,578,Madurai,1.0,-4.106625
2023-11-15 00:00:00,578,Madurai,0.5,-4.106625
2023-11-15 02:00:00,578,Madurai,1.5,-4.106625
2023-11-15 03:00:00,578,Madurai,1.5,-4.106625
2023-11-15 04:00:00,578,Madurai,0.5,-4.166875
2023-11-15 08:00:00,578,Madurai,0.5,-4.166875
2023-11-15 09:00:00,578,Madurai,1.0,-4.166875
2023-11-15 10:00:00,578,Madurai,2.0,-4.1853750000000005
2023-11-15 11:00:00,578,Madurai,1.0,-4.1853750000000005
2023-11-15 13:00:00,578,Madurai,1.0,-4.1853750000000005
2023-11-15 14:00:00,578,Madurai,0.5,-4.1853750000000005
2023-11-15 15:00:00,578,Madurai,2.0,-4.1853750000000005
2023-11-15 16:00:00,578,Madurai,1.5,-4.1905
2023-11-15 17:00:00,578,Madurai,2.5,-4.1905
2023-11-15 18:00:00,578,Madurai,0.5,-4.1905
2023-11-15 19:00:00,578,Madurai,0.5,-4.1905
2023-11-15 23:00:00,578,Madurai,1.5,-4.13975
2023-11-16 01:00:00,578,Madurai,3.5,-4.13975
2023-11-16 03:00:00,578,Madurai,0.5,-4.13975
2023-11-16 04:00:00,578,Madurai,0.5,-4.2085
2023-11-16 06:00:00,578,Madurai,1.0,-4.2085
2023-11-16 07:00:00,578,Madurai,3.5,-4.2085
2023-11-16 08:00:00,578,Madurai,1.0,-4.2085
2023-11-16 09:00:00,578,Madurai,2.5,-4.2085
2023-11-16 10:00:00,578,Madurai,1.0,-4.221375
2023-11-16 13:00:00,578,Madurai,0.5,-4.221375
2023-11-16 14:00:00,578,Madurai,0.5,-4.221375
2023-11-16 15:00:00,578,Madurai,1.5,-4.221375
2023-11-16 16:00:00,578,Madurai,1.0,-4.199375
2023-11-16 17:00:00,578,Madurai,2.0,-4.199375
2023-11-16 18:00:00,578,Madurai,0.5,-4.199375
2023-11-16 19:00:00,578,Madurai,0.5,-4.199375
2023-11-16 21:00:00,578,Madurai,0.5,-4.199375
2023-11-16 23:00:00,578,Madurai,1.0,-4.16425
2023-11-17 02:00:00,578,Madurai,1.5,-4.16425
2023-11-17 04:00:00,578,Madurai,1.0,-4.20975
2023-11-17 05:00:00,578,Madurai,1.0,-4.20975
2023-11-17 06:00:00,578,Madurai,3.0,-4.20975
2023-11-17 07:00:00,578,Madurai,3.5,-4.20975
2023-11-17 08:00:00,578,Madurai,3.0,-4.20975
2023-11-17 09:00:00,578,Madurai,2.0,-4.20975
2023-11-17 10:00:00,578,Madurai,0.5,-4.1655
2023-11-17 11:00:00,578,Madurai,1.0,-4.1655
2023-11-17 12:00:00,578,Madurai,1.0,-4.1655
2023-11-17 13:00:00,578,Madurai,0.5,-4.1655
2023-11-17 14:00:00,578,Madurai,0.5,-4.1655
2023-11-17 15:00:00,578,Madurai,0.5,-4.1655
2023-11-17 19:00:00,578,Madurai,0.5,-4.198
2023-11-18 11:00:00,578,Madurai,0.5,-4.191125
2023-11-19 00:00:00,578,Madurai,0.5,-4.09675
2023-11-19 05:00:00,578,Madurai,0.5,-4.1595
2023-11-19 06:00:00,578,Madurai,0.5,-4.1595
2023-11-19 14:00:00,578,Madurai,0.5,-4.1935
2023-11-19 16:00:00,578,Madurai,0.5,-4.173375
2023-11-19 19:00:00,578,Madurai,0.5,-4.173375
2023-11-19 22:00:00,578,Madurai,0.5,-4.155
2023-11-19 23:00:00,578,Madurai,0.5,-4.155
2023-11-20 00:00:00,578,Madurai,0.5,-4.155
2023-11-20 03:00:00,578,Madurai,0.5,-4.155
2023-11-20 08:00:00,578,Madurai,0.5,-4.229125
2023-11-20 10:00:00,578,Madurai,0.5,-4.16525
2023-11-20 11:00:00,578,Madurai,1.0,-4.16525
2023-11-20 13:00:00,578,Madurai,0.5,-4.16525
2023-11-20 20:00:00,578,Madurai,0.5,-4.138375
2023-11-20 21:00:00,578,Madurai,1.0,-4.138375
2023-11-20 22:00:00,578,Madurai,1.0,-4.10425
2023-11-21 12:00:00,578,Madurai,1.5,-4.14075
2023-11-21 13:00:00,578,Madurai,1.5,-4.14075
2023-11-21 14:00:00,578,Madurai,0.5,-4.14075
2023-11-21 15:00:00,578,Madurai,1.5,-4.14075
2023-11-21 18:00:00,578,Madurai,0.75,-4.121125
2023-11-21 19:00:00,578,Madurai,0.5,-4.121125
2023-11-21 22:00:00,578,Madurai,40.0,-4.0825000000000005
2023-11-21 23:00:00,578,Madurai,27.5,-4.0825000000000005
2023-11-22 14:00:00,578,Madurai,0.5,-4.087625
2023-11-22 15:00:00,578,Madurai,0.5,-4.087625
2023-11-22 16:00:00,578,Madurai,0.5,-4.136375
2023-11-22 17:00:00,578,Madurai,1.0,-4.136375
2023-11-22 18:00:00,578,Madurai,0.5,-4.136375
2023-11-22 19:00:00,578,Madurai,0.5,-4.136375
2023-11-23 00:00:00,578,Madurai,1.0,-4.09525
2023-11-23 03:00:00,578,Madurai,10.0,-4.09525
2023-11-23 04:00:00,578,Madurai,0.5,-4.142875
2023-11-23 05:00:00,578,Madurai,0.5,-4.142875
2023-11-23 06:00:00,578,Madurai,3.5,-4.142875
2023-11-23 07:00:00,578,Madurai,0.5,-4.142875
2023-11-24 17:00:00,578,Madurai,0.5,-3.885
2023-11-24 23:00:00,578,Madurai,0.5,-3.822428571428571
2023-11-25 16:00:00,578,Madurai,0.75,-3.807857142857143
2023-11-25 17:00:00,578,Madurai,1.5,-3.807857142857143
2023-11-25 22:00:00,578,Madurai,0.5,-3.732857142857143
2023-11-26 15:00:00,578,Madurai,0.5,-3.83
2023-11-27 00:00:00,578,Madurai,0.5,-3.9077142857142855
2023-11-27 17:00:00,578,Madurai,7.0,-4.000857142857143
2023-11-27 18:00:00,578,Madurai,7.5,-4.000857142857143
2023-11-27 19:00:00,578,Madurai,1.0,-4.000857142857143
2023-11-27 20:00:00,578,Madurai,0.5,-4.000857142857143
2023-11-28 08:00:00,578,Madurai,0.5,-3.889857142857143
2023-11-28 09:00:00,578,Madurai,1.0,-3.889857142857143
2023-11-29 17:00:00,578,Madurai,0.5,-3.862428571428571
2023-11-30 06:00:00,578,Madurai,0.5,-3.8335714285714286
2023-11-30 09:00:00,578,Madurai,5.0,-3.8335714285714286
2023-11-30 12:00:00,578,Madurai,1.0,-3.873142857142857
2023-11-30 16:00:00,578,Madurai,7.5,-3.8242857142857134
2023-11-30 17:00:00,578,Madurai,4.0,-3.8242857142857134
2023-11-30 18:00:00,578,Madurai,2.5,-3.8242857142857134
2023-12-03 21:00:00,578,Madurai,0.5,-3.779857142857143
2023-12-03 22:00:00,578,Madurai,1.5,-3.7112857142857134
2023-12-09 04:00:00,578,Madurai,11.0,-3.3588
2023-12-09 05:00:00,578,Madurai,16.0,-3.3588
2023-12-09 15:00:00,578,Madurai,0.5,-3.5082
2023-12-09 20:00:00,578,Madurai,1.5,-3.437
2023-12-09 21:00:00,578,Madurai,4.5,-3.437
2023-12-10 19:00:00,578,Madurai,1.5,-3.4564
2023-12-10 23:00:00,578,Madurai,1.5,-3.39
2023-12-17 03:00:00,578,Madurai,0.5,-3.5502
2023-12-17 15:00:00,578,Madurai,0.5,-3.5628
2023-12-17 17:00:00,578,Madurai,1.0,-3.5124000000000004
2023-12-17 19:00:00,578,Madurai,0.5,-3.5124000000000004
2023-12-17 20:00:00,578,Madurai,0.5,-3.5124000000000004
2023-12-17 23:00:00,578,Madurai,3.75,-3.4628
2023-12-18 00:00:00,578,Madurai,1.75,-3.4628
2023-12-18 01:00:00,578,Madurai,3.25,-3.4628
2023-12-18 02:00:00,578,Madurai,3.5,-3.4628
2023-12-18 03:00:00,578,Madurai,3.5,-3.4628
2023-12-18 04:00:00,578,Madurai,2.5,-3.4202
2023-12-18 05:00:00,578,Madurai,2.5,-3.4202
2023-12-18 06:00:00,578,Madurai,1.0,-3.4202
2023-12-18 07:00:00,578,Madurai,6.5,-3.4202
2023-12-18 08:00:00,578,Madurai,1.0,-3.4202
2023-12-18 09:00:00,578,Madurai,2.25,-3.4202
2023-12-18 10:00:00,578,Madurai,2.5,-3.5466
2023-12-18 11:00:00,578,Madurai,2.0,-3.5466
2023-12-18 12:00:00,578,Madurai,1.0,-3.5466
2023-12-20 20:00:00,578,Madurai,0.5,-3.4676
2023-12-20 21:00:00,578,Madurai,0.5,-3.4676
2023-12-21 11:00:00,578,Madurai,1.5,-3.496
2023-12-21 12:00:00,578,Madurai,1.0,-3.496
2023-12-21 13:00:00,578,Madurai,0.75,-3.496
2023-12-21 14:00:00,578,Madurai,3.0,-3.496
2023-12-29 17:00:00,578,Madurai,8.0,-3.4898333333333333
2023-12-29 18:00:00,578,Madurai,1.0,-3.4898333333333333
2023-12-29 19:00:00,578,Madurai,1.0,-3.4898333333333333
2024-01-03 22:00:00,578,Madurai,1.0,-3.6915714285714287
2024-01-03 23:00:00,578,Madurai,3.0,-3.6915714285714287
2024-01-04 00:00:00,578,Madurai,2.25,-3.6915714285714287
2024-01-04 01:00:00,578,Madurai,0.5,-3.6915714285714287
2024-01-04 03:00:00,578,Madurai,0.5,-3.6915714285714287
2024-01-04 23:00:00,578,Madurai,2.0,-3.644571428571429
2024-01-05 00:00:00,578,Madurai,4.25,-3.644571428571429
2024-01-05 01:00:00,578,Madurai,10.25,-3.644571428571429
2024-01-05 02:00:00,578,Madurai,5.0,-3.644571428571429
2024-01-05 03:00:00,578,Madurai,1.8333333333333333,-3.644571428571429
2024-01-05 04:00:00,578,Madurai,1.0,-3.717142857142857
2024-01-05 05:00:00,578,Madurai,0.75,-3.717142857142857
2024-01-05 07:00:00,578,Madurai,0.5,-3.717142857142857
2024-01-06 15:00:00,578,Madurai,1.0,-3.1023333333333336
2024-01-06 16:00:00,578,Madurai,1.0,-3.052666666666666
2024-01-06 20:00:00,578,Madurai,14.0,-3.052666666666666
2024-01-06 21:00:00,578,Madurai,2.5,-3.052666666666666
2024-01-06 22:00:00,578,Madurai,6.5,-3.0026666666666664
2024-01-06 23:00:00,578,Madurai,5.5,-3.0026666666666664
2024-01-07 00:00:00,578,Madurai,0.5,-3.0026666666666664
2024-01-07 04:00:00,578,Madurai,0.5,-3.059
2024-01-08 17:00:00,578,Madurai,1.5,-3.605
2024-01-08 21:00:00,578,Madurai,0.5,-3.605
2024-01-09 13:00:00,578,Madurai,0.5,-3.643571428571428
2024-01-09 14:00:00,578,Madurai,0.5,-3.643571428571428
2024-01-09 15:00:00,578,Madurai,0.5,-3.643571428571428
2024-01-09 16:00:00,578,Madurai,0.5,-3.617
2024-01-09 22:00:00,578,Madurai,0.5,-3.576
2024-01-19 17:00:00,578,Madurai,0.5,-3.698
2024-01-19 18:00:00,578,Madurai,1.75,-3.698
2024-01-19 19:00:00,578,Madurai,5.0,-3.698
2024-01-20 08:00:00,578,Madurai,1.75,-3.754
2024-01-20 09:00:00,578,Madurai,2.5,-3.754
2024-01-20 10:00:00,578,Madurai,0.5,-3.783428571428572
2024-01-20 11:00:00,578,Madurai,0.75,-3.783428571428572
2024-01-20 12:00:00,578,Madurai,0.5,-3.783428571428572
2024-04-12 13:00:00,578,Madurai,6.5,-5.619833333333333
2024-04-12 14:00:00,578,Madurai,5.0,-5.619833333333333
2024-04-12 17:00:00,578,Madurai,0.5,-5.534166666666667
2024-04-12 18:00:00,578,Madurai,1.0,-5.534166666666667
2024-04-12 21:00:00,578,Madurai,0.5,-5.534166666666667
2024-04-13 08:00:00,578,Madurai,1.0,-5.4623333333333335
2024-04-13 09:00:00,578,Madurai,2.0,-5.4623333333333335
2024-04-13 14:00:00,578,Madurai,9.75,-5.540333333333333
2024-04-13 15:00:00,578,Madurai,8.5,-5.540333333333333
2024-04-13 19:00:00,578,Madurai,5.5,-5.556166666666667
2024-04-13 20:00:00,578,Madurai,1.5,-5.556166666666667
2024-04-20 19:00:00,578,Madurai,0.5,-5.495333333333334
2024-04-22 11:00:00,578,Madurai,2.5,-5.479833333333333
2024-05-08 17:00:00,578,Madurai,3.5,-5.586333333333333
2024-05-08 19:00:00,578,Madurai,5.0,-5.586333333333333
2024-05-10 01:00:00,578,Madurai,0.5,-5.447
2024-05-10 08:00:00,578,Madurai,0.5,-5.471333333333334
2024-05-10 19:00:00,578,Madurai,20.0,-5.423333333333333
2024-05-10 20:00:00,578,Madurai,2.25,-5.423333333333333
2024-05-10 21:00:00,578,Madurai,2.5,-5.423333333333333
2024-05-10 22:00:00,578,Madurai,0.5,-5.378
2024-05-11 15:00:00,578,Madurai,0.5,-5.377833333333334
2024-05-12 20:00:00,578,Madurai,48.5,-5.416666666666667
2024-05-12 21:00:00,578,Madurai,6.5,-5.416666666666667
2024-05-12 22:00:00,578,Madurai,1.5,-5.3693333333333335
2024-05-12 23:00:00,578,Madurai,1.5,-5.3693333333333335
2024-05-13 17:00:00,578,Madurai,33.0,-5.310833333333333
2024-05-13 18:00:00,578,Madurai,2.25,-5.310833333333333
2024-05-14 08:00:00,578,Madurai,3.0,-5.0994
2024-05-14 16:00:00,578,Madurai,0.5,-5.3095
2024-05-14 17:00:00,578,Madurai,0.5,-5.3095
2024-05-14 19:00:00,578,Madurai,0.5,-5.3095
2024-05-14 20:00:00,578,Madurai,0.5,-5.3095
2024-05-14 21:00:00,578,Madurai,0.5,-5.3095
2024-05-14 23:00:00,578,Madurai,0.5,-5.269166666666667
2024-05-15 20:00:00,578,Madurai,1.5,-5.440166666666666
2024-05-15 21:00:00,578,Madurai,30.5,-5.440166666666666
2024-05-15 22:00:00,578,Madurai,16.5,-5.335833333333333
2024-05-15 23:00:00,578,Madurai,2.5,-5.335833333333333
2024-05-16 00:00:00,578,Madurai,0.5,-5.335833333333333
2024-05-16 06:00:00,578,Madurai,0.5,-5.320833333333334
2024-05-17 17:00:00,578,Madurai,0.5,-5.226666666666667
2024-05-17 18:00:00,578,Madurai,7.0,-5.226666666666667
2024-05-17 19:00:00,578,Madurai,4.0,-5.226666666666667
2024-05-17 20:00:00,578,Madurai,0.75,-5.226666666666667
2024-05-17 21:00:00,578,Madurai,0.5,-5.226666666666667
2024-05-18 05:00:00,578,Madurai,0.5,-5.1435
2024-05-18 17:00:00,578,Madurai,21.0,-5.148166666666667
2024-05-19 14:00:00,578,Madurai,8.0,-5.123333333333333
2024-05-19 15:00:00,578,Madurai,29.75,-5.123333333333333
2024-05-19 16:00:00,578,Madurai,37.5,-5.0835
2024-05-19 17:00:00,578,Madurai,1.0,-5.0835
2024-05-19 18:00:00,578,Madurai,3.0,-5.0835
2024-05-19 19:00:00,578,Madurai,1.0,-5.0835
2024-05-19 20:00:00,578,Madurai,0.8333333333333334,-5.0835
2024-05-19 21:00:00,578,Madurai,0.75,-5.0835
2024-05-20 01:00:00,578,Madurai,0.5,-5.030333333333333
2024-05-20 12:00:00,578,Madurai,2.0,-5.027666666666667
2024-05-20 14:00:00,578,Madurai,12.5,-5.027666666666667
2024-05-20 15:00:00,578,Madurai,1.75,-5.027666666666667
2024-05-20 16:00:00,578,Madurai,1.0,-5.022
2024-05-20 18:00:00,578,Madurai,0.5,-5.022
2024-05-20 19:00:00,578,Madurai,1.0,-5.022
2024-05-20 20:00:00,578,Madurai,0.5,-5.022
2024-05-20 22:00:00,578,Madurai,0.5,-4.971333333333333
2024-05-21 16:00:00,578,Madurai,0.5,-4.905666666666667
2024-05-22 15:00:00,578,Madurai,0.5,-4.857333333333333
2024-05-22 19:00:00,578,Madurai,0.5,-4.8725
2024-05-22 20:00:00,578,Madurai,0.5,-4.8725
2024-05-23 01:00:00,578,Madurai,0.5,-4.854833333333334
2024-05-24 11:00:00,578,Madurai,3.0,-4.879666666666666
2024-05-24 12:00:00,578,Madurai,1.5,-4.879666666666666
2024-06-02 17:00:00,578,Madurai,4.0,-3.4066666666666667
2024-06-04 23:00:00,578,Madurai,8.5,-3.793571428571429
2024-06-05 16:00:00,578,Madurai,1.0,-3.7392857142857134
2024-06-05 17:00:00,578,Madurai,31.5,-3.7392857142857134
2024-06-05 18:00:00,578,Madurai,28.25,-3.7392857142857134
2024-06-05 19:00:00,578,Madurai,1.0,-3.7392857142857134
2024-06-06 18:00:00,578,Madurai,0.5,-3.669285714285714
2024-06-06 19:00:00,578,Madurai,24.5,-3.669285714285714
2024-06-06 20:00:00,578,Madurai,3.5,-3.669285714285714
2024-06-06 21:00:00,578,Madurai,1.3333333333333333,-3.669285714285714
2024-06-06 22:00:00,578,Madurai,1.5,-3.5611428571428574
2024-06-06 23:00:00,578,Madurai,0.5,-3.5611428571428574
2024-06-07 18:00:00,578,Madurai,3.0,-3.4802857142857144
2024-06-07 19:00:00,578,Madurai,6.0,-3.4802857142857144
2024-06-08 17:00:00,578,Madurai,0.5,-3.338714285714285
2024-06-08 18:00:00,578,Madurai,4.0,-3.338714285714285
2024-06-16 18:00:00,578,Madurai,3.5,-3.430857142857143
2024-06-17 19:00:00,578,Madurai,10.75,-3.471714285714285
2024-06-17 20:00:00,578,Madurai,1.75,-3.471714285714285
2024-06-18 16:00:00,578,Madurai,4.0,-3.535857142857143
2024-06-18 17:00:00,578,Madurai,9.5,-3.535857142857143
2024-06-19 15:00:00,578,Madurai,0.5,-3.5545714285714287
2024-07-11 17:00:00,578,Madurai,0.5,-4.080285714285714
2024-07-12 16:00:00,578,Madurai,0.5,-4.063142857142857
2024-07-12 17:00:00,578,Madurai,5.25,-4.063142857142857
2024-07-12 18:00:00,578,Madurai,3.75,-4.063142857142857
2024-07-12 19:00:00,578,Madurai,0.5,-4.063142857142857
2024-07-12 20:00:00,578,Madurai,1.0,-4.063142857142857
2024-07-12 21:00:00,578,Madurai,0.5,-4.063142857142857
2024-07-15 06:00:00,578,Madurai,1.0,-4.160857142857143
2024-07-15 14:00:00,578,Madurai,0.5,-4.170142857142857
2024-07-15 15:00:00,578,Madurai,0.5,-4.170142857142857
2024-07-15 16:00:00,578,Madurai,0.5,-4.212571428571429
2024-07-15 17:00:00,578,Madurai,0.5,-4.212571428571429
2024-07-15 21:00:00,578,Madurai,0.5,-4.212571428571429
2024-07-16 00:00:00,578,Madurai,0.5,-4.061
2024-07-17 18:00:00,578,Madurai,0.5,-5.384
2024-07-17 19:00:00,578,Madurai,0.5,-5.384
2024-08-04 19:00:00,578,Madurai,0.5,-4.337000000000001
2024-08-04 20:00:00,578,Madurai,4.0,-4.337000000000001
2024-08-04 22:00:00,578,Madurai,0.5,-4.228285714285714
2024-08-05 03:00:00,578,Madurai,0.5,-4.228285714285714
2024-08-05 05:00:00,578,Madurai,3.0,-4.292428571428571
2024-08-05 07:00:00,578,Madurai,0.5,-4.292428571428571
2024-08-05 18:00:00,578,Madurai,15.0,-4.324857142857143
2024-08-05 19:00:00,578,Madurai,1.0,-4.324857142857143
2024-08-05 20:00:00,578,Madurai,0.5,-4.324857142857143
2024-08-06 16:00:00,578,Madurai,1.5,-4.335142857142857
2024-08-06 17:00:00,578,Madurai,4.5,-4.335142857142857
2024-08-06 18:00:00,578,Madurai,0.75,-4.335142857142857
2024-08-06 19:00:00,578,Madurai,0.75,-4.335142857142857
2024-08-06 20:00:00,578,Madurai,1.0,-4.335142857142857
2024-08-07 16:00:00,578,Madurai,5.0,-4.276571428571429
2024-08-07 17:00:00,578,Madurai,0.75,-4.276571428571429
2024-08-07 18:00:00,578,Madurai,1.0,-4.276571428571429
2024-08-07 19:00:00,578,Madurai,1.0,-4.276571428571429
2024-08-08 10:00:00,578,Madurai,0.5,-4.347428571428571
2024-08-08 15:00:00,578,Madurai,2.0,-4.347428571428571
2024-08-08 16:00:00,578,Madurai,0.5,-4.410571428571428
2024-08-08 17:00:00,578,Madurai,0.5,-4.410571428571428
2024-08-08 21:00:00,578,Madurai,1.25,-4.410571428571428
2024-08-08 22:00:00,578,Madurai,2.0,-4.458285714285714
2024-08-08 23:00:00,578,Madurai,0.5,-4.458285714285714
2024-08-09 20:00:00,578,Madurai,17.5,-4.7608
2024-08-09 21:00:00,578,Madurai,25.75,-4.7608
2024-08-09 22:00:00,578,Madurai,1.5,-4.7208
2024-08-10 22:00:00,578,Madurai,0.5,-2.49
2024-08-10 23:00:00,578,Madurai,0.5,-2.49
2024-08-11 00:00:00,578,Madurai,0.5,-2.49
2024-08-11 02:00:00,578,Madurai,0.5,-2.49
2024-08-11 18:00:00,578,Madurai,20.0,-3.616166666666667
2024-08-11 19:00:00,578,Madurai,13.0,-3.616166666666667
2024-08-11 20:00:00,578,Madurai,14.5,-3.616166666666667
2024-08-11 22:00:00,578,Madurai,1.0,-3.247666666666667
2024-08-11 23:00:00,578,Madurai,3.0,-3.247666666666667
2024-08-14 01:00:00,578,Madurai,0.5,-2.3684000000000003
2024-08-14 02:00:00,578,Madurai,2.0,-2.3684000000000003
2024-08-14 03:00:00,578,Madurai,6.0,-2.3684000000000003
2024-08-14 13:00:00,578,Madurai,3.0,-2.9873333333333334
2024-08-14 18:00:00,578,Madurai,11.5,-3.756
2024-08-14 19:00:00,578,Madurai,25.5,-3.756
2024-08-14 20:00:00,578,Madurai,14.5,-3.756
2024-08-14 21:00:00,578,Madurai,23.5,-3.756
2024-08-14 22:00:00,578,Madurai,7.5,-3.643428571428572
2024-08-15 16:00:00,578,Madurai,0.5,-3.5031428571428576
2024-08-16 16:00:00,578,Madurai,2.0,-3.0125
2024-08-16 18:00:00,578,Madurai,2.0,-3.0125
2024-08-16 21:00:00,578,Madurai,0.5,-3.0125
2024-08-18 17:00:00,578,Madurai,1.0,-3.718666666666667
2024-08-18 20:00:00,578,Madurai,6.5,-3.718666666666667
2024-08-19 13:00:00,578,Madurai,20.0,-3.4113999999999995
2024-08-19 14:00:00,578,Madurai,9.5,-3.4113999999999995
2024-08-19 15:00:00,578,Madurai,2.0,-3.4113999999999995
2024-08-19 17:00:00,578,Madurai,0.5,-3.607
2024-08-19 18:00:00,578,Madurai,0.5,-3.607
2024-08-20 17:00:00,578,Madurai,7.5,-2.861166666666666
2024-08-20 18:00:00,578,Madurai,6.333333333333333,-2.861166666666666
2024-08-20 19:00:00,578,Madurai,1.5,-2.861166666666666
2024-08-20 20:00:00,578,Madurai,0.5,-2.861166666666666
2024-08-20 22:00:00,578,Madurai,0.5,-2.7256666666666667
2024-08-23 19:00:00,578,Madurai,0.5,-2.589833333333333
2024-08-24 15:00:00,578,Madurai,0.5,-2.6961666666666666
2024-09-01 16:00:00,578,Madurai,0.5,-4.503714285714286
2024-09-26 21:00:00,578,Madurai,0.5,-5.006714285714286
2024-09-27 20:00:00,578,Madurai,0.5,-5.352625
2024-09-28 02:00:00,578,Madurai,0.5,-5.277375
2024-09-28 22:00:00,578,Madurai,2.5,-5.273375
2024-09-28 23:00:00,578,Madurai,2.0,-5.273375
2024-09-29 16:40:00,578,Madurai,1.0,-5.244
2024-09-29 16:45:00,578,Madurai,1.5,-5.244
2024-09-29 16:50:00,578,Madurai,1.5,-5.244
2024-09-29 16:55:00,578,Madurai,1.5,-5.244
2024-09-29 17:00:00,578,Madurai,2.0,-5.244
2024-09-29 18:25:00,578,Madurai,1.5,-5.244
2024-09-29 18:30:00,578,Madurai,1.5,-5.244
2024-09-29 18:35:00,578,Madurai,1.5,-5.244
2024-09-29 18:40:00,578,Madurai,2.0,-5.244
2024-09-29 18:45:00,578,Madurai,4.0,-5.244
2024-09-29 18:50:00,578,Madurai,5.5,-5.244
2024-09-30 12:00:00,578,Madurai,0.5,-5.257875
2024-09-30 13:00:00,578,Madurai,0.5,-5.257875
2024-10-01 16:00:00,578,Madurai,4.0,-5.14025
2024-10-01 17:00:00,578,Madurai,1.0,-5.14025
2024-10-01 18:00:00,578,Madurai,4.5,-5.14025
2024-10-01 19:00:00,578,Madurai,1.0,-5.14025
2024-10-03 12:05:00,578,Madurai,0.5,-5.204000000000001
2024-10-03 12:10:00,578,Madurai,0.5,-5.204000000000001
2024-10-03 12:15:00,578,Madurai,0.5,-5.204000000000001
2024-10-03 12:45:00,578,Madurai,0.5,-5.204000000000001
2024-10-03 12:50:00,578,Madurai,0.5,-5.204000000000001
2024-10-03 12:55:00,578,Madurai,0.5,-5.204000000000001
2024-10-03 13:00:00,578,Madurai,0.5,-5.204000000000001
2024-10-04 14:00:00,578,Madurai,2.0,-5.1450000000000005
2024-10-04 15:00:00,578,Madurai,4.5,-5.1450000000000005
2024-10-04 16:00:00,578,Madurai,17.0,-5.101428571428571
2024-10-04 17:00:00,578,Madurai,13.0,-5.101428571428571
2024-10-05 17:00:00,578,Madurai,0.5,-5.005571428571429
2024-10-05 18:00:00,578,Madurai,8.0,-5.005571428571429
2024-10-05 19:00:00,578,Madurai,1.0,-5.005571428571429
2024-10-06 05:00:00,578,Madurai,0.5,-4.933999999999999
2024-10-06 07:00:00,578,Madurai,1.0,-4.933999999999999
2024-10-06 17:00:00,578,Madurai,10.0,-5.049571428571428
2024-10-07 14:00:00,578,Madurai,3.0,-5.164714285714285
2024-10-07 15:00:00,578,Madurai,12.0,-5.164714285714285
2024-10-07 17:00:00,578,Madurai,0.5,-5.051285714285714
2024-10-08 16:00:00,578,Madurai,3.0,-5.000857142857143
2024-10-08 17:00:00,578,Madurai,3.0,-5.000857142857143
2024-10-08 21:00:00,578,Madurai,0.5,-5.000857142857143
2024-10-09 14:00:00,578,Madurai,10.0,-5.168142857142857
2024-10-09 15:00:00,578,Madurai,1.5,-5.168142857142857
2024-10-09 19:00:00,578,Madurai,13.0,-5.058142857142856
2024-10-09 20:00:00,578,Madurai,11.5,-5.058142857142856
2024-10-10 08:00:00,578,Madurai,3.0,-4.930142857142857
2024-10-10 10:00:00,578,Madurai,94.0,-5.114142857142857
2024-10-10 12:00:00,578,Madurai,96.0,-5.114142857142857
2024-10-10 13:00:00,578,Madurai,10.0,-5.114142857142857
2024-10-10 14:00:00,578,Madurai,23.5,-5.114142857142857
2024-10-11 04:00:00,578,Madurai,0.5,-4.885571428571429
2024-10-11 05:00:00,578,Madurai,0.5,-4.885571428571429
2024-10-11 07:00:00,578,Madurai,0.5,-4.885571428571429
2024-10-11 15:00:00,578,Madurai,6.0,-5.187428571428571
2024-10-11 16:00:00,578,Madurai,0.5,-5.003857142857142
2024-10-11 17:00:00,578,Madurai,1.5,-5.003857142857142
2024-10-11 18:00:00,578,Madurai,1.0,-5.003857142857142
2024-10-11 20:00:00,578,Madurai,1.0,-5.003857142857142
2024-10-11 22:00:00,578,Madurai,0.5,-4.909285714285715
2024-10-11 23:00:00,578,Madurai,5.25,-4.909285714285715
2024-10-12 00:00:00,578,Madurai,0.5,-4.909285714285715
2024-10-12 01:00:00,578,Madurai,0.5,-4.909285714285715
2024-10-12 16:00:00,578,Madurai,3.5,-4.8875714285714285
2024-10-12 18:00:00,578,Madurai,0.5,-4.8875714285714285
2024-10-12 19:00:00,578,Madurai,0.5,-4.8875714285714285
2024-10-12 22:00:00,578,Madurai,1.5,-4.758571428571428
2024-10-12 23:00:00,578,Madurai,32.5,-4.758571428571428
2024-10-13 00:00:00,578,Madurai,5.0,-4.758571428571428
2024-10-13 01:00:00,578,Madurai,1.5,-4.758571428571428
2024-10-13 02:00:00,578,Madurai,1.6666666666666667,-4.758571428571428
2024-10-13 03:00:00,578,Madurai,1.0,-4.758571428571428
2024-10-13 04:00:00,578,Madurai,0.6666666666666666,-4.613714285714286
2024-10-13 05:00:00,578,Madurai,0.5,-4.613714285714286
2024-10-13 20:00:00,578,Madurai,0.5,-4.6610000000000005
2024-10-13 22:00:00,578,Madurai,0.5,-4.557
2024-10-13 23:00:00,578,Madurai,2.0,-4.557
2024-10-14 01:00:00,578,Madurai,1.0,-4.557
2024-10-14 02:00:00,578,Madurai,0.8333333333333334,-4.557
2024-10-14 03:00:00,578,Madurai,1.5,-4.557
2024-10-14 04:00:00,578,Madurai,0.5,-4.481428571428571
2024-10-14 09:00:00,578,Madurai,0.5,-4.481428571428571
2024-10-14 10:00:00,578,Madurai,0.5,-4.673285714285714
2024-10-14 10:25:00,578,Madurai,0.5,-4.673285714285714
2024-10-14 10:30:00,578,Madurai,0.5,-4.673285714285714
2024-10-14 10:35:00,578,Madurai,0.5,-4.673285714285714
2024-10-14 10:40:00,578,Madurai,0.5,-4.673285714285714
2024-10-14 10:45:00,578,Madurai,0.5,-4.673285714285714
2024-10-14 10:50:00,578,Madurai,0.5,-4.673285714285714
2024-10-14 10:55:00,578,Madurai,0.5,-4.673285714285714
2024-10-14 11:00:00,578,Madurai,0.5,-4.673285714285714
2024-10-14 14:00:00,578,Madurai,0.5,-4.673285714285714
2024-10-14 18:00:00,578,Madurai,8.0,-4.5602857142857145
2024-10-14 19:00:00,578,Madurai,1.0,-4.5602857142857145
2024-10-14 20:00:00,578,Madurai,3.0,-4.5602857142857145
2024-10-14 21:00:00,578,Madurai,4.666666666666667,-4.5602857142857145
2024-10-14 22:00:00,578,Madurai,9.0,-4.448
2024-10-14 23:00:00,578,Madurai,1.0,-4.448
2024-10-15 05:00:00,578,Madurai,0.5,-4.382857142857143
2024-10-18 20:00:00,578,Madurai,1.0,-4.520428571428572
2024-10-18 21:00:00,578,Madurai,18.0,-4.520428571428572
2024-10-19 01:00:00,578,Madurai,0.5,-4.496
2024-10-19 02:00:00,578,Madurai,0.5,-4.496
2024-10-19 03:00:00,578,Madurai,0.5,-4.496
2024-10-19 23:00:00,578,Madurai,13.0,-4.429
2024-10-20 00:00:00,578,Madurai,21.5,-4.429
2024-10-20 01:00:00,578,Madurai,4.0,-4.429
2024-10-20 02:00:00,578,Madurai,0.5,-4.429
2024-10-20 07:00:00,578,Madurai,1.0,-4.3911428571428575
2024-10-20 23:00:00,578,Madurai,61.0,-4.392
2024-10-21 00:00:00,578,Madurai,11.0,-4.392
2024-10-21 01:00:00,578,Madurai,12.5,-4.392
2024-10-21 02:00:00,578,Madurai,3.0,-4.392
2024-10-21 18:00:00,578,Madurai,0.5,-4.390428571428571
2024-10-21 22:00:00,578,Madurai,0.5,-4.379
2024-10-22 23:00:00,578,Madurai,12.5,-4.283
2024-10-23 00:00:00,578,Madurai,21.83333333333333,-4.283
2024-10-23 01:00:00,578,Madurai,6.833333333333333,-4.283
2024-10-23 02:00:00,578,Madurai,2.0,-4.283
2024-10-23 03:00:00,578,Madurai,1.5,-4.283
2024-10-23 21:00:00,578,Madurai,8.0,-4.421714285714286
2024-10-23 22:00:00,578,Madurai,0.5,-4.475428571428571
2024-10-23 23:00:00,578,Madurai,2.5,-4.475428571428571
2024-10-24 20:00:00,578,Madurai,1.5,-4.453285714285714
2024-10-24 21:00:00,578,Madurai,9.5,-4.453285714285714
2024-10-24 22:00:00,578,Madurai,4.0,-4.3547142857142855
2024-10-24 23:00:00,578,Madurai,0.5,-4.3547142857142855
2024-10-25 00:00:00,578,Madurai,1.0,-4.3547142857142855
2024-10-25 01:00:00,578,Madurai,0.5,-4.3547142857142855
2024-10-25 15:00:00,578,Madurai,27.0,-4.424428571428572
2024-10-25 16:00:00,578,Madurai,10.166666666666666,-4.221142857142857
2024-10-25 17:00:00,578,Madurai,2.333333333333333,-4.221142857142857
2024-10-25 18:00:00,578,Madurai,2.0,-4.221142857142857
2024-10-25 19:00:00,578,Madurai,1.3333333333333333,-4.221142857142857
2024-10-26 17:00:00,578,Madurai,0.5,-4.167
2024-10-26 18:00:00,578,Madurai,0.5,-4.167
2024-10-26 20:00:00,578,Madurai,0.5,-4.167
2024-10-26 21:00:00,578,Madurai,5.25,-4.167
2024-10-30 20:00:00,578,Madurai,35.0,-4.101
2024-10-31 21:00:00,578,Madurai,5.5,-4.125
2024-10-31 22:00:00,578,Madurai,3.0,-4.0241428571428575
2024-10-31 23:00:00,578,Madurai,3.5,-4.0241428571428575
2024-11-01 00:00:00,578,Madurai,0.5,-4.0241428571428575
2024-11-01 14:00:00,578,Madurai,2.0,-4.021
2024-11-01 18:00:00,578,Madurai,0.5,-4.0715
2024-11-02 01:00:00,578,Madurai,1.5,-4.043
2024-11-02 03:00:00,578,Madurai,2.5,-4.043
2024-11-02 04:00:00,578,Madurai,0.5,-3.8888571428571432
2024-11-02 15:00:00,578,Madurai,1.5,-4.031714285714285
2024-11-02 17:00:00,578,Madurai,1.5,-3.919285714285714
2024-11-02 18:00:00,578,Madurai,0.5,-3.919285714285714
2024-11-02 23:00:00,578,Madurai,4.0,-3.890571428571428
2024-11-03 00:00:00,578,Madurai,0.5,-3.890571428571428
2024-11-03 01:00:00,578,Madurai,2.5,-3.890571428571428
2024-11-03 02:00:00,578,Madurai,2.0,-3.890571428571428
2024-11-03 04:00:00,578,Madurai,0.5,-4.3845
2024-11-04 15:00:00,578,Madurai,1.0,-5.745
2024-11-04 17:00:00,578,Madurai,16.0,-3.8587142857142855
2024-11-07 18:00:00,578,Madurai,4.5,-3.8937142857142857
2024-11-07 19:00:00,578,Madurai,1.25,-3.8937142857142857
2024-11-08 12:00:00,578,Madurai,0.5,-4.097
2024-11-08 13:00:00,578,Madurai,0.5,-4.097
2024-11-15 16:00:00,578,Madurai,1.0,-3.924
2024-11-15 18:00:00,578,Madurai,0.5,-3.924
2024-11-16 14:00:00,578,Madurai,3.0,-4.089857142857143
2024-11-16 15:00:00,578,Madurai,4.75,-4.089857142857143
2024-11-16 16:00:00,578,Madurai,12.5,-3.9992857142857146
2024-11-16 23:00:00,578,Madurai,0.5,-3.972714285714286
2024-11-17 17:00:00,578,Madurai,8.0,-3.9752857142857145
2024-11-17 18:00:00,578,Madurai,1.0,-3.9752857142857145
2024-11-17 19:00:00,578,Madurai,0.5,-3.9752857142857145
2024-11-17 20:00:00,578,Madurai,1.0,-3.9752857142857145
2024-11-17 21:00:00,578,Madurai,0.5,-3.9752857142857145
2024-11-18 00:00:00,578,Madurai,1.25,-3.9107142857142856
2024-11-18 01:00:00,578,Madurai,1.5,-3.9107142857142856
2024-11-18 02:00:00,578,Madurai,1.0,-3.9107142857142856
2024-11-18 08:00:00,578,Madurai,0.5,-3.873857142857143
2024-11-18 18:00:00,578,Madurai,2.0,-4.1515
2024-11-18 19:00:00,578,Madurai,2.0,-4.1515
2024-11-20 04:00:00,578,Madurai,0.5,-3.903714285714286
2024-11-20 05:00:00,578,Madurai,0.5,-3.903714285714286
2024-11-20 07:00:00,578,Madurai,0.5,-3.903714285714286
2024-11-20 11:00:00,578,Madurai,0.5,-4.0362857142857145
2024-11-20 12:00:00,578,Madurai,1.75,-4.0362857142857145
2024-11-20 13:00:00,578,Madurai,2.0,-4.0362857142857145
2024-11-20 14:00:00,578,Madurai,0.75,-4.0362857142857145
2024-11-20 15:00:00,578,Madurai,0.5,-4.0362857142857145
2024-11-20 17:00:00,578,Madurai,0.5,-3.9284285714285714
2024-11-21 06:00:00,578,Madurai,0.5,-3.879857142857143
2024-11-21 08:00:00,578,Madurai,0.5,-3.879857142857143
2024-11-26 14:00:00,578,Madurai,0.5,-4.206428571428572
2024-11-26 15:00:00,578,Madurai,2.5,-4.206428571428572
2024-11-26 16:00:00,578,Madurai,0.75,-4.071428571428571
2024-11-26 18:00:00,578,Madurai,0.5,-4.071428571428571
2024-11-26 19:00:00,578,Madurai,0.5,-4.071428571428571
2024-11-26 20:00:00,578,Madurai,0.5,-4.071428571428571
2024-11-26 22:00:00,578,Madurai,0.5,-4.007428571428571
2024-11-26 23:00:00,578,Madurai,0.5,-4.007428571428571
2024-11-27 01:00:00,578,Madurai,0.5,-4.007428571428571
2024-11-27 02:00:00,578,Madurai,0.5,-4.007428571428571
2024-11-27 04:00:00,578,Madurai,0.5,-3.9572857142857134
2024-11-27 06:00:00,578,Madurai,0.5,-3.9572857142857134
2024-11-27 07:00:00,578,Madurai,0.5,-3.9572857142857134
2024-11-27 09:00:00,578,Madurai,0.5,-3.9572857142857134
2024-11-27 13:00:00,578,Madurai,0.5,-4.067571428571429
2024-11-28 02:00:00,578,Madurai,0.5,-3.979142857142857
2024-12-02 19:00:00,578,Madurai,4.0,-4.058428571428571
2024-12-02 20:00:00,578,Madurai,1.5,-4.058428571428571
2024-12-05 00:00:00,578,Madurai,2.5,-4.096428571428571
2024-12-05 02:00:00,578,Madurai,3.0,-4.096428571428571
2024-12-05 03:00:00,578,Madurai,0.5,-4.096428571428571
2024-12-05 07:00:00,578,Madurai,0.5,-4.029714285714285
2024-12-11 04:00:00,578,Madurai,1.5,-3.3814999999999995
2024-12-11 05:00:00,578,Madurai,2.0,-3.3814999999999995
2024-12-11 06:00:00,578,Madurai,3.5,-3.3814999999999995
2024-12-12 04:00:00,578,Madurai,0.5,-4.1455714285714285
2024-12-12 05:00:00,578,Madurai,0.75,-4.1455714285714285
2024-12-12 06:00:00,578,Madurai,2.5,-4.1455714285714285
2024-12-12 07:00:00,578,Madurai,1.0,-4.1455714285714285
2024-12-12 08:00:00,578,Madurai,1.0,-4.1455714285714285
2024-12-12 09:00:00,578,Madurai,3.0,-4.1455714285714285
2024-12-12 10:00:00,578,Madurai,3.1666666666666665,-4.315428571428571
2024-12-12 11:00:00,578,Madurai,1.0,-4.315428571428571
2024-12-12 12:00:00,578,Madurai,0.5,-4.315428571428571
2024-12-12 14:00:00,578,Madurai,2.333333333333333,-4.315428571428571
2024-12-12 15:00:00,578,Madurai,4.5,-4.315428571428571
2024-12-12 16:00:00,578,Madurai,3.5,-4.180000000000001
2024-12-12 17:00:00,578,Madurai,2.5,-4.180000000000001
2024-12-12 18:00:00,578,Madurai,0.5,-4.180000000000001
2024-12-12 19:00:00,578,Madurai,2.25,-4.180000000000001
2024-12-12 21:00:00,578,Madurai,0.5,-4.180000000000001
2024-12-12 23:00:00,578,Madurai,1.5,-4.152428571428572
2024-12-13 00:00:00,578,Madurai,1.1666666666666667,-4.152428571428572
2024-12-13 01:00:00,578,Madurai,2.6666666666666665,-4.152428571428572
2024-12-13 02:00:00,578,Madurai,3.0,-4.152428571428572
2024-12-13 03:00:00,578,Madurai,3.1666666666666665,-4.152428571428572
2024-12-13 04:00:00,578,Madurai,3.5,-4.062428571428572
2024-12-13 05:00:00,578,Madurai,10.666666666666666,-4.062428571428572
2024-12-13 06:00:00,578,Madurai,3.0,-4.062428571428572
2024-12-13 07:00:00,578,Madurai,0.5,-4.062428571428572
2024-12-13 08:00:00,578,Madurai,9.5,-4.062428571428572
2024-12-13 09:00:00,578,Madurai,1.3333333333333333,-4.062428571428572
2024-12-13 10:00:00,578,Madurai,0.5,-4.123142857142858
2024-12-13 11:00:00,578,Madurai,0.6666666666666666,-4.123142857142858
2024-12-13 12:00:00,578,Madurai,8.0,-4.123142857142858
2024-12-13 13:00:00,578,Madurai,10.666666666666666,-4.123142857142858
2024-12-13 14:00:00,578,Madurai,5.25,-4.123142857142858
2024-12-13 15:00:00,578,Madurai,2.0,-4.123142857142858
2024-12-13 16:00:00,578,Madurai,4.0,-4.030714285714286
2024-12-13 17:00:00,578,Madurai,3.25,-4.030714285714286
2024-12-13 18:00:00,578,Madurai,0.5,-4.030714285714286
2024-12-13 22:00:00,578,Madurai,3.5,-3.9244285714285714
2024-12-13 23:00:00,578,Madurai,3.5,-3.9244285714285714
2024-12-14 00:00:00,578,Madurai,3.0,-3.9244285714285714
2024-12-14 01:00:00,578,Madurai,0.5,-3.9244285714285714
2024-12-14 06:00:00,578,Madurai,0.5,-3.840857142857143
2024-12-14 07:00:00,578,Madurai,0.75,-3.840857142857143
2024-12-14 08:00:00,578,Madurai,1.25,-3.840857142857143
2024-12-14 09:00:00,578,Madurai,0.75,-3.840857142857143
2024-12-14 10:00:00,578,Madurai,1.5,-3.996571428571429
2024-12-14 11:00:00,578,Madurai,0.5,-3.996571428571429
2024-12-14 12:00:00,578,Madurai,3.0,-3.996571428571429
2024-12-14 13:00:00,578,Madurai,2.0,-3.996571428571429
2024-12-14 14:00:00,578,Madurai,0.75,-3.996571428571429
2024-12-14 15:00:00,578,Madurai,1.0,-3.996571428571429
2024-12-21 18:00:00,578,Madurai,2.0,-3.569333333333333
2024-12-21 20:00:00,578,Madurai,7.0,-3.569333333333333
2024-12-21 21:00:00,578,Madurai,1.5,-3.569333333333333
2024-12-22 19:00:00,578,Madurai,4.5,-3.6056666666666666
2024-12-22 20:00:00,578,Madurai,1.0,-3.6056666666666666
2024-12-22 22:00:00,578,Madurai,2.0,-3.5685
2024-12-22 23:00:00,578,Madurai,0.5,-3.5685
2024-12-23 05:00:00,578,Madurai,1.0,-3.5338333333333334
2024-12-23 06:00:00,578,Madurai,7.5,-3.5338333333333334
2024-12-23 07:00:00,578,Madurai,5.0,-3.5338333333333334
2024-12-23 08:00:00,578,Madurai,0.5,-3.5338333333333334
2024-12-23 10:00:00,578,Madurai,0.5,-3.709666666666666
2024-12-23 14:00:00,578,Madurai,0.5,-3.709666666666666
2024-12-27 19:00:00,578,Madurai,15.0,-3.608666666666666
2024-12-27 20:00:00,578,Madurai,6.5,-3.608666666666666
2024-12-27 21:00:00,578,Madurai,6.0,-3.608666666666666
2024-12-27 22:00:00,578,Madurai,2.5,-3.5628333333333333
2024-12-27 23:00:00,578,Madurai,1.0,-3.5628333333333333
2024-12-28 22:00:00,578,Madurai,2.0,-3.5346666666666664
2024-12-29 04:00:00,578,Madurai,0.5,-3.4858333333333333
2024-12-30 10:00:00,578,Madurai,1.0,-3.683166666666666
2024-12-30 16:00:00,578,Madurai,0.5,-3.559
2024-12-30 17:00:00,578,Madurai,4.5,-3.559
2025-01-13 18:00:00,578,Madurai,1.0,-3.7551666666666654
2025-01-14 18:00:00,578,Madurai,0.75,-3.725
2025-01-14 19:00:00,578,Madurai,0.5,-3.725
2025-01-14 20:00:00,578,Madurai,0.5,-3.725
2025-01-15 02:00:00,578,Madurai,0.5,-3.683
2025-01-15 18:00:00,578,Madurai,0.5,-3.704
2025-01-19 07:00:00,578,Madurai,1.5,-3.630333333333333
2025-01-19 08:00:00,578,Madurai,2.75,-3.630333333333333
2025-01-19 09:00:00,578,Madurai,2.5,-3.630333333333333
2025-01-19 10:00:00,578,Madurai,0.5,-3.8333333333333335
2025-01-19 12:00:00,578,Madurai,0.5,-3.8333333333333335
2025-01-19 19:00:00,578,Madurai,7.5,-3.7158333333333338
2025-01-20 07:00:00,578,Madurai,0.5,-3.636833333333333
2025-02-24 09:00:00,578,Madurai,2.0,-4.4195714285714285
2025-02-24 11:15:00,578,Madurai,2.5,-4.678714285714285
2025-02-24 12:00:00,578,Madurai,2.5,-4.678714285714285
2025-03-01 07:00:00,578,Madurai,0.75,-4.187833333333334
2025-03-01 08:00:00,578,Madurai,1.3333333333333333,-4.187833333333334
2025-03-01 09:00:00,578,Madurai,0.5,-4.187833333333334
2025-03-01 15:00:00,578,Madurai,1.5,-4.4285
2025-03-01 16:00:00,578,Madurai,1.5,-4.231166666666667
2025-03-11 09:00:00,578,Madurai,0.5,-4.304166666666666
2025-03-11 11:00:00,578,Madurai,0.5,-4.511666666666667
2025-03-11 13:00:00,578,Madurai,2.0,-4.511666666666667
2025-03-11 14:00:00,578,Madurai,0.75,-4.511666666666667
2025-03-11 15:00:00,578,Madurai,0.5,-4.511666666666667
2025-03-11 19:00:00,578,Madurai,3.0,-4.424666666666667
2025-03-11 20:00:00,578,Madurai,3.333333333333333,-4.424666666666667
2025-03-11 21:00:00,578,Madurai,2.0,-4.424666666666667
2025-03-11 22:00:00,578,Madurai,0.5,-4.345833333333333
2025-03-11 23:00:00,578,Madurai,2.0,-4.345833333333333
2025-03-12 06:00:00,578,Madurai,0.5,-4.4034
2025-03-12 10:00:00,578,Madurai,0.5,-4.6228
2025-03-12 11:00:00,578,Madurai,8.166666666666666,-4.6228
2025-03-12 12:00:00,578,Madurai,2.0,-4.6228
2025-03-12 13:00:00,578,Madurai,0.6666666666666666,-4.6228
2025-03-12 14:00:00,578,Madurai,0.75,-4.6228
2025-03-17 20:00:00,578,Madurai,0.5,-3.6306
2025-03-17 21:00:00,578,Madurai,1.5,-3.6306
2025-03-17 22:00:00,578,Madurai,4.0,-3.5894
2025-03-18 00:00:00,578,Madurai,0.5,-3.5894
2025-04-01 21:00:00,578,Madurai,2.0,-4.927333333333333
2025-04-02 15:00:00,578,Madurai,0.5,-5.037999999999999
2025-04-02 17:00:00,578,Madurai,8.5,-5.030285714285713
2025-04-02 18:00:00,578,Madurai,4.5,-5.030285714285713
2025-04-02 19:00:00,578,Madurai,0.5,-5.030285714285713
2025-04-02 22:00:00,578,Madurai,20.5,-5.013
2025-04-02 23:00:00,578,Madurai,1.5,-5.013
2025-04-03 05:00:00,578,Madurai,7.0,-4.962857142857144
2025-04-03 06:00:00,578,Madurai,30.5,-4.962857142857144
2025-04-03 07:00:00,578,Madurai,4.5,-4.962857142857144
2025-04-03 08:00:00,578,Madurai,1.0,-4.962857142857144
2025-04-03 21:00:00,578,Madurai,1.0,-4.978857142857143
2025-04-03 22:00:00,578,Madurai,0.75,-4.968142857142857
2025-04-03 23:00:00,578,Madurai,1.75,-4.968142857142857
2025-04-04 00:00:00,578,Madurai,0.5,-4.968142857142857
2025-04-04 16:00:00,578,Madurai,2.0,-4.922285714285715
2025-04-04 21:00:00,578,Madurai,0.5,-4.922285714285715
2025-04-04 22:00:00,578,Madurai,0.5,-4.9272857142857145
2025-04-04 23:00:00,578,Madurai,1.0,-4.9272857142857145
2025-04-05 19:00:00,578,Madurai,20.0,-4.903428571428571
2025-04-05 20:00:00,578,Madurai,0.5,-4.903428571428571
2025-04-06 21:00:00,578,Madurai,3.0,-4.975857142857143
2025-04-06 22:00:00,578,Madurai,22.0,-4.947
2025-04-06 23:00:00,578,Madurai,17.666666666666668,-4.947
2025-04-07 00:00:00,578,Madurai,2.5,-4.947
2025-04-07 01:00:00,578,Madurai,3.5,-4.947
2025-04-07 02:00:00,578,Madurai,1.5,-4.947
2025-04-10 16:00:00,578,Madurai,1.0,-4.8068
2025-04-12 20:00:00,578,Madurai,2.5,-4.732142857142857
2025-04-13 22:00:00,578,Madurai,1.0,-4.712285714285714
2025-04-16 20:00:00,578,Madurai,1.5,-4.846428571428571
2025-04-16 21:00:00,578,Madurai,1.0,-4.846428571428571
2025-04-19 23:00:00,578,Madurai,6.0,-4.972571428571428
2025-04-27 17:00:00,578,Madurai,4.5,-4.8905
2025-04-27 18:00:00,578,Madurai,3.0,-4.8905
2025-04-27 21:00:00,578,Madurai,6.5,-4.8905
2025-04-27 22:00:00,578,Madurai,0.5,-4.874333333333333
2025-04-27 23:00:00,578,Madurai,0.5,-4.874333333333333
2025-05-04 18:00:00,578,Madurai,1.0,-5.384
2025-05-04 19:00:00,578,Madurai,12.0,-5.384
2025-05-04 20:00:00,578,Madurai,8.0,-5.384
2025-05-04 21:00:00,578,Madurai,0.5,-5.384
2025-05-04 22:00:00,578,Madurai,0.5,-5.410200000000001
2025-05-05 00:00:00,578,Madurai,0.5,-5.410200000000001
2025-05-06 17:00:00,578,Madurai,6.5,-5.213857142857143
2025-05-06 19:00:00,578,Madurai,4.25,-5.213857142857143
2025-05-06 20:00:00,578,Madurai,0.75,-5.213857142857143
2025-05-06 21:00:00,578,Madurai,0.5,-5.213857142857143
2025-05-07 18:00:00,578,Madurai,0.5,-5.3455
2025-05-07 20:00:00,578,Madurai,0.5,-5.3455
2025-05-07 21:00:00,578,Madurai,0.5,-5.3455
2025-05-10 21:00:00,578,Madurai,10.5,-5.147142857142858
2025-05-13 17:00:00,578,Madurai,2.0,-5.195714285714286
2025-05-13 19:00:00,578,Madurai,1.0,-5.195714285714286
2025-05-13 20:00:00,578,Madurai,2.0,-5.195714285714286
2025-05-14 22:00:00,578,Madurai,7.0,-5.344
2025-05-14 23:00:00,578,Madurai,0.5,-5.344
2025-05-15 17:00:00,578,Madurai,2.25,-5.186999999999999
2025-05-15 18:00:00,578,Madurai,2.25,-5.186999999999999
2025-05-15 20:00:00,578,Madurai,0.5,-5.186999999999999
2025-05-15 21:00:00,578,Madurai,1.1666666666666667,-5.186999999999999
2025-05-15 22:00:00,578,Madurai,0.5,-5.244571428571429
2025-05-15 23:00:00,578,Madurai,0.5,-5.244571428571429
2025-05-16 16:00:00,578,Madurai,4.5,-5.1772857142857145
2025-05-16 17:00:00,578,Madurai,1.5,-5.1772857142857145
2025-05-16 18:00:00,578,Madurai,0.5,-5.1772857142857145
2025-05-18 00:00:00,578,Madurai,0.5,-5.273571428571429
2025-05-18 01:00:00,578,Madurai,0.5,-5.273571428571429
2025-05-18 02:00:00,578,Madurai,0.5,-5.273571428571429
2025-05-18 04:00:00,578,Madurai,0.5,-5.2211428571428575
2025-05-18 18:00:00,578,Madurai,7.0,-5.188000000000001
2025-05-18 19:00:00,578,Madurai,1.25,-5.188000000000001
2025-05-18 21:00:00,578,Madurai,1.0,-5.188000000000001
2025-05-19 01:00:00,578,Madurai,0.5,-5.141428571428572
2025-05-19 17:00:00,578,Madurai,1.5,-5.103142857142857
2025-05-19 20:00:00,578,Madurai,0.5,-5.103142857142857
2025-05-23 20:00:00,578,Madurai,1.0,-5.0528
2025-05-25 08:00:00,578,Madurai,1.0,-5.163428571428571
2025-05-26 08:00:00,578,Madurai,0.5,-5.156571428571428
2025-05-26 09:00:00,578,Madurai,0.75,-5.156571428571428
2025-05-26 10:00:00,578,Madurai,1.0,-5.208
2025-05-26 11:00:00,578,Madurai,0.5,-5.208
2025-05-26 12:00:00,578,Madurai,1.5,-5.208
2025-05-27 02:00:00,578,Madurai,0.5,-5.304285714285714
2025-05-28 12:00:00,578,Madurai,1.0,-5.198857142857143
2025-05-28 14:00:00,578,Madurai,0.5,-5.198857142857143
2025-05-28 15:00:00,578,Madurai,0.5,-5.198857142857143
2025-05-29 15:00:00,578,Madurai,0.5,-5.280714285714285
2025-05-29 20:00:00,578,Madurai,0.5,-5.3262857142857145
2025-05-30 06:00:00,578,Madurai,0.5,-5.471333333333334
2025-05-30 11:00:00,578,Madurai,0.5,-5.485666666666667
2025-06-04 14:00:00,578,Madurai,4.5,-5.513
2025-06-07 00:00:00,578,Madurai,0.5,-5.79825
2025-06-14 02:00:00,578,Madurai,1.5,-5.705000000000001
2025-06-14 04:00:00,578,Madurai,0.5,-5.754166666666666
2025-06-26 07:00:00,578,Madurai,0.5,-6.0558
2025-08-01 17:00:00,578,Madurai,14.0,-6.80825
2025-08-01 18:00:00,578,Madurai,14.5,-6.80825
2025-08-02 21:00:00,578,Madurai,0.5,-6.752
2025-08-02 22:00:00,578,Madurai,2.0,-6.545333333333333
2025-08-02 23:00:00,578,Madurai,1.5,-6.545333333333333
2025-08-04 18:00:00,578,Madurai,0.5,-7.00825
2025-08-04 19:00:00,578,Madurai,21.5,-7.00825
2025-08-04 20:00:00,578,Madurai,0.5,-7.00825
2025-08-05 17:00:00,578,Madurai,9.0,-6.9155
2025-08-05 18:00:00,578,Madurai,0.5,-6.9155
2025-08-06 20:00:00,578,Madurai,1.0,-7.008
2025-08-08 17:00:00,578,Madurai,6.0,-6.336799999999999
2025-08-08 19:00:00,578,Madurai,0.5,-6.336799999999999
2025-08-08 21:00:00,578,Madurai,8.75,-6.336799999999999
2025-08-08 22:00:00,578,Madurai,18.5,-6.3042
2025-08-08 23:00:00,578,Madurai,0.5,-6.3042
2025-08-09 19:00:00,578,Madurai,21.0,-6.8267500000000005
2025-08-09 20:00:00,578,Madurai,5.5,-6.8267500000000005
2025-08-09 21:00:00,578,Madurai,11.5,-6.8267500000000005
2025-08-09 22:00:00,578,Madurai,0.75,-6.805499999999999
2025-08-10 17:00:00,578,Madurai,47.0,-6.89075
2025-08-10 18:00:00,578,Madurai,0.5,-6.89075
2025-08-11 08:00:00,578,Madurai,0.5,-6.414199999999999
2025-08-17 06:00:00,578,Madurai,0.5,-5.807166666666667
2025-08-21 20:00:00,578,Madurai,8.5,-5.902833333333334
2025-08-21 21:00:00,578,Madurai,25.5,-5.902833333333334
2025-08-23 17:00:00,578,Madurai,11.5,-5.785333333333334
2025-08-23 18:00:00,578,Madurai,1.0,-5.785333333333334
2025-08-24 19:00:00,578,Madurai,0.5,-5.7315
2025-08-24 20:00:00,578,Madurai,29.5,-5.7315
2025-09-01 15:00:00,578,Madurai,0.5,-4.9286
2025-09-06 17:00:00,578,Madurai,9.0,-5.9526666666666666
2025-09-06 18:00:00,578,Madurai,0.5,-5.9526666666666666
2025-09-06 22:00:00,578,Madurai,0.5,-5.8615
2025-09-07 17:00:00,578,Madurai,0.5,-5.772166666666667
2025-09-08 18:00:00,578,Madurai,23.0,-5.752
2025-09-08 19:00:00,578,Madurai,17.0,-5.752
2025-09-08 21:00:00,578,Madurai,0.5,-5.752
2025-09-09 04:00:00,578,Madurai,1.0,-5.748833333333334
2025-09-10 16:00:00,578,Madurai,12.25,-5.732333333333333
2025-09-10 17:00:00,578,Madurai,30.166666666666668,-5.732333333333333
2025-09-10 18:00:00,578,Madurai,9.166666666666666,-5.732333333333333
2025-09-10 19:00:00,578,Madurai,2.25,-5.732333333333333
2025-09-10 20:00:00,578,Madurai,0.75,-5.732333333333333
2025-09-11 17:00:00,578,Madurai,4.5,-5.587666666666667
2025-09-11 18:00:00,578,Madurai,0.5,-5.587666666666667
2025-09-11 19:00:00,578,Madurai,0.5,-5.587666666666667
2025-09-11 20:00:00,578,Madurai,0.5,-5.587666666666667
2025-09-15 19:00:00,578,Madurai,2.0,-5.6166
2025-09-15 20:00:00,578,Madurai,3.0,-5.6166
2025-09-16 14:00:00,578,Madurai,8.5,-5.6192
2025-09-16 15:00:00,578,Madurai,6.0,-5.6192
2025-09-16 17:00:00,578,Madurai,2.0,-5.6016
2025-09-17 17:00:00,578,Madurai,14.0,-5.456333333333333
2025-09-17 18:00:00,578,Madurai,5.5,-5.456333333333333
2025-09-17 19:00:00,578,Madurai,1.5,-5.456333333333333
2025-09-17 20:00:00,578,Madurai,1.5,-5.456333333333333
2025-09-17 21:00:00,578,Madurai,1.5,-5.456333333333333
2025-09-25 15:00:00,578,Madurai,10.5,-5.596666666666667
2025-09-25 16:00:00,578,Madurai,8.25,-5.510333333333333
2025-09-25 17:00:00,578,Madurai,0.5,-5.510333333333333
2025-09-25 19:00:00,578,Madurai,0.5,-5.510333333333333
2025-09-25 21:00:00,578,Madurai,0.5,-5.510333333333333
2025-09-26 22:00:00,578,Madurai,1.5,-5.496
2025-10-02 20:00:00,578,Madurai,0.5,-5.722
2025-10-03 18:00:00,578,Madurai,0.5,-4.9175
2025-10-03 19:00:00,578,Madurai,2.0,-4.9175
2025-10-03 20:00:00,578,Madurai,3.75,-4.9175
2025-10-03 23:00:00,578,Madurai,0.5,-5.636
2025-10-04 00:00:00,578,Madurai,0.5,-5.636
2025-10-04 15:00:00,578,Madurai,17.5,-5.5994
2025-10-04 16:00:00,578,Madurai,3.0,-5.58
2025-10-04 17:00:00,578,Madurai,12.5,-5.58
2025-10-04 18:00:00,578,Madurai,47.5,-5.58
2025-10-04 19:00:00,578,Madurai,9.0,-5.58
2025-10-04 21:00:00,578,Madurai,0.5,-5.58
2025-10-05 14:00:00,578,Madurai,2.25,-5.5714
2025-10-05 15:00:00,578,Madurai,3.5,-5.5714
2025-10-05 16:00:00,578,Madurai,0.5,-5.578200000000001
2025-10-05 18:00:00,578,Madurai,0.5,-5.578200000000001
2025-10-05 19:00:00,578,Madurai,0.5,-5.578200000000001
2025-10-16 07:00:00,578,Madurai,0.5,-5.6538
2025-10-16 09:00:00,578,Madurai,2.0,-5.6538
2025-10-16 10:00:00,578,Madurai,0.5,-5.6538
2025-10-16 11:00:00,578,Madurai,2.1666666666666665,-5.6538
2025-10-16 12:00:00,578,Madurai,2.333333333333333,-5.6538
2025-10-16 13:00:00,578,Madurai,0.5,-5.6538
2025-10-16 14:00:00,578,Madurai,0.5,-5.6538
2025-10-16 15:00:00,578,Madurai,0.5,-5.6538
2025-10-16 16:00:00,578,Madurai,4.0,-5.6538
2025-10-17 11:00:00,578,Madurai,1.0,-5.6538
2025-10-17 13:00:00,578,Madurai,0.5,-5.6538
2025-10-17 14:00:00,578,Madurai,0.5,-5.6538
2025-10-18 01:00:00,578,Madurai,0.5,-5.6538
2025-10-18 02:00:00,578,Madurai,1.5,-5.6538
2025-10-18 03:00:00,578,Madurai,7.0,-5.6538
2025-10-18 04:00:00,578,Madurai,3.8333333333333335,-5.6538
2025-10-18 05:00:00,578,Madurai,0.5,-5.6538
2025-10-18 20:00:00,578,Madurai,1.5,-5.6538
2025-10-18 21:00:00,578,Madurai,7.0,-5.6538
2025-10-18 22:00:00,578,Madurai,45.0,-5.6538
2025-10-18 23:00:00,578,Madurai,9.5,-5.6538
2025-10-19 06:00:00,578,Madurai,2.0,-5.6538
2025-10-19 07:00:00,578,Madurai,3.8333333333333335,-5.6538
2025-10-19 08:00:00,578,Madurai,0.75,-5.6538
2025-10-19 21:00:00,578,Madurai,0.5,-5.6538
2025-10-19 22:00:00,578,Madurai,5.0,-5.6538
2025-10-20 00:00:00,578,Madurai,0.5,-5.6538
2025-10-20 01:00:00,578,Madurai,5.5,-5.6538
2025-10-20 02:00:00,578,Madurai,1.5,-5.6538
2025-10-20 03:00:00,578,Madurai,0.5,-5.6538
2025-10-20 04:00:00,578,Madurai,0.5,-5.6538
2025-10-20 05:00:00,578,Madurai,0.5,-5.6538
2025-10-20 06:00:00,578,Madurai,0.5,-5.6538
2025-10-20 14:00:00,578,Madurai,1.0,-5.6538
2025-10-20 15:00:00,578,Madurai,0.5,-5.6538
2025-10-20 16:00:00,578,Madurai,6.5,-5.6538
2025-10-20 17:00:00,578,Madurai,1.5,-5.6538
2025-10-21 07:00:00,578,Madurai,0.5,-5.6538
2025-10-21 08:00:00,578,Madurai,5.0,-5.6538
2025-10-21 09:00:00,578,Madurai,2.1666666666666665,-5.6538
2025-10-21 10:00:00,578,Madurai,1.0,-5.6538
2025-10-21 11:00:00,578,Madurai,1.1666666666666667,-5.6538
2025-10-21 12:00:00,578,Madurai,3.0,-5.6538
2025-10-21 13:00:00,578,Madurai,3.1666666666666665,-5.6538
2025-10-21 14:00:00,578,Madurai,1.0,-5.6538
2025-10-21 15:00:00,578,Madurai,3.6666666666666665,-5.6538
2025-10-21 16:00:00,578,Madurai,7.166666666666667,-5.6538
2025-10-21 17:00:00,578,Madurai,1.1666666666666667,-5.6538
2025-10-21 18:00:00,578,Madurai,0.75,-5.6538
2025-10-21 19:00:00,578,Madurai,0.5,-5.6538
2025-10-21 20:00:00,578,Madurai,0.5,-5.6538
2025-10-21 22:00:00,578,Madurai,0.5,-5.6538
2025-10-21 23:00:00,578,Madurai,0.5,-5.6538
2025-10-22 00:00:00,578,Madurai,2.0,-5.6538
2025-10-22 16:00:00,578,Madurai,4.0,-5.6538
2025-10-22 17:00:00,578,Madurai,1.0,-5.6538
2025-10-22 18:00:00,578,Madurai,2.0,-5.6538
2025-10-23 16:00:00,578,Madurai,0.5,-5.7376
2025-10-24 15:00:00,578,Madurai,1.5,-5.722
2025-10-24 16:00:00,578,Madurai,34.5,-5.5854
2025-10-24 17:00:00,578,Madurai,31.0,-5.5854
2025-10-24 18:00:00,578,Madurai,0.5,-5.5854
2025-10-27 12:00:00,578,Madurai,0.5,-5.3558
2025-10-27 13:00:00,578,Madurai,0.5,-5.3558
2025-10-27 18:00:00,578,Madurai,0.5,-5.3438
2025-11-04 22:00:00,578,Madurai,0.5,-5.4918
2025-11-05 17:00:00,578,Madurai,2.0,-5.484
2025-11-05 18:00:00,578,Madurai,1.5,-5.484
2025-11-05 19:00:00,578,Madurai,6.0,-5.484
2025-11-05 20:00:00,578,Madurai,8.5,-5.484
2025-11-05 21:00:00,578,Madurai,2.5,-5.484
2025-11-05 22:00:00,578,Madurai,9.25,-5.4866
2025-11-05 23:00:00,578,Madurai,1.0,-5.4866
2025-11-06 00:00:00,578,Madurai,0.5,-5.4866
2025-11-08 11:00:00,578,Madurai,1.0,-5.5280000000000005
2025-11-08 22:00:00,578,Madurai,0.5,-5.5122
2025-11-08 23:00:00,578,Madurai,6.25,-5.5122
2025-11-09 00:00:00,578,Madurai,19.0,-5.5122
2025-11-09 01:00:00,578,Madurai,2.0,-5.5122
2025-11-09 02:00:00,578,Madurai,1.75,-5.5122
2025-11-09 03:00:00,578,Madurai,1.5,-5.5122
2025-11-09 04:00:00,578,Madurai,0.5,-5.5054
2025-11-09 05:00:00,578,Madurai,0.5,-5.5054
2025-11-09 08:00:00,578,Madurai,0.5,-5.5054
2025-11-11 23:00:00,578,Madurai,10.0,-5.508
2025-11-12 00:00:00,578,Madurai,4.0,-5.508
2025-11-12 01:00:00,578,Madurai,7.5,-5.508
2025-11-12 02:00:00,578,Madurai,1.5,-5.508
2025-11-12 08:00:00,578,Madurai,0.5,-7.863666666666667
2025-11-12 17:00:00,578,Madurai,0.5,-7.8065
2025-11-17 21:00:00,578,Madurai,0.5,-6.02825
2025-11-17 22:00:00,578,Madurai,1.5,-5.5538
2025-11-18 08:00:00,578,Madurai,0.5,-5.537
2025-11-18 11:00:00,578,Madurai,0.5,-3.359
2025-11-18 13:00:00,578,Madurai,1.25,-5.4932
2025-11-18 14:00:00,578,Madurai,0.5,-5.4932
2025-11-18 15:00:00,578,Madurai,1.0,-5.4932
2025-11-18 19:00:00,578,Madurai,0.5,-5.5022
2025-11-18 20:00:00,578,Madurai,2.0,-5.5022
2025-11-18 21:00:00,578,Madurai,0.5,-5.5022
2025-11-21 03:00:00,578,Madurai,0.5,-5.062333333333333
2025-11-22 04:00:00,578,Madurai,2.75,-5.482799999999999
2025-11-22 05:00:00,578,Madurai,2.5,-5.482799999999999
2025-11-22 12:00:00,578,Madurai,2.5,-5.4962
2025-11-22 14:00:00,578,Madurai,1.5,-5.4962
2025-11-22 16:00:00,578,Madurai,0.5,-5.4886
2025-11-22 17:00:00,578,Madurai,3.0,-5.4886
2025-11-22 18:00:00,578,Madurai,5.166666666666667,-5.4886
2025-11-22 19:00:00,578,Madurai,0.5,-5.4886
2025-11-22 20:00:00,578,Madurai,0.5,-5.4886
2025-11-22 21:00:00,578,Madurai,0.5,-5.4886
2025-11-22 22:00:00,578,Madurai,0.5,-5.4972
2025-11-23 07:00:00,578,Madurai,0.5,-5.4556
2025-11-23 14:00:00,578,Madurai,2.0,-6.734
2025-11-23 15:00:00,578,Madurai,10.25,-6.734
2025-11-23 16:00:00,578,Madurai,3.5,-5.9825
2025-11-23 17:00:00,578,Madurai,1.5,-5.9825
2025-11-23 18:00:00,578,Madurai,5.0,-5.9825
2025-11-23 19:00:00,578,Madurai,2.0,-5.9825
2025-11-23 20:00:00,578,Madurai,10.666666666666666,-5.9825
2025-11-23 21:00:00,578,Madurai,2.333333333333333,-5.9825
2025-11-23 22:00:00,578,Madurai,1.6666666666666667,-5.4686
2025-11-23 23:00:00,578,Madurai,2.333333333333333,-5.4686
2025-11-24 00:00:00,578,Madurai,1.3333333333333333,-5.4686
2025-11-24 01:00:00,578,Madurai,0.6666666666666666,-5.4686
2025-11-24 02:00:00,578,Madurai,0.5,-5.4686
2025-11-24 03:00:00,578,Madurai,0.5,-5.4686
2025-11-24 06:00:00,578,Madurai,0.5,-6.66325
2025-11-24 07:00:00,578,Madurai,0.5,-6.66325
2025-11-24 08:00:00,578,Madurai,1.25,-6.66325
2025-11-24 09:00:00,578,Madurai,0.8333333333333334,-6.66325
2025-11-24 13:00:00,578,Madurai,0.5,-6.65425
2025-11-24 16:00:00,578,Madurai,0.5,-6.619
2025-11-30 00:00:00,578,Madurai,1.0,-5.3414
2025-11-30 02:00:00,578,Madurai,2.25,-5.3414
2025-11-30 03:00:00,578,Madurai,2.5,-5.3414
2025-11-30 04:00:00,578,Madurai,1.75,-4.42575
2025-11-30 05:00:00,578,Madurai,1.0,-4.42575
2025-11-30 06:00:00,578,Madurai,0.5,-4.42575
2025-11-30 07:00:00,578,Madurai,0.5,-4.42575
2025-12-01 02:00:00,578,Madurai,0.5,-4.422666666666666
2025-12-01 03:00:00,578,Madurai,2.0,-4.422666666666666
2025-12-01 04:00:00,578,Madurai,0.5,-4.386666666666667
2025-12-01 16:00:00,578,Madurai,1.5,-4.066999999999999
2025-12-01 17:00:00,578,Madurai,2.0,-4.066999999999999
2025-12-01 18:00:00,578,Madurai,1.5,-4.066999999999999
2025-12-02 20:00:00,578,Madurai,9.5,-4.6585
2025-12-02 21:00:00,578,Madurai,1.5,-4.6585
2025-12-03 03:00:00,578,Madurai,1.5,-4.422666666666667
2025-12-03 04:00:00,578,Madurai,4.5,-4.268833333333333
2025-12-03 12:00:00,578,Madurai,0.5,-4.244166666666667
2025-12-03 13:00:00,578,Madurai,1.5,-4.244166666666667
2025-12-04 19:00:00,578,Madurai,6.0,-1.41
2025-12-04 20:00:00,578,Madurai,2.5,-1.41
2025-12-05 08:00:00,578,Madurai,0.5,-4.4908
2025-12-05 17:00:00,578,Madurai,0.5,-3.895
2025-12-05 19:00:00,578,Madurai,0.5,-3.895
2025-12-06 11:00:00,578,Madurai,0.5,-3.7945
2025-12-16 18:00:00,578,Madurai,1.5,-7.42
2025-12-17 06:00:00,578,Madurai,0.5,-3.2995
2025-12-17 07:00:00,578,Madurai,1.5,-3.2995
2025-12-17 09:00:00,578,Madurai,1.0,-3.2995
2026-01-01 02:00:00,578,Madurai,3.0,-1.38445
2026-01-01 03:00:00,578,Madurai,0.5,-1.38445
2026-01-10 20:00:00,578,Madurai,1.0,-4.5292
2026-01-11 00:00:00,578,Madurai,0.5,-4.5292
2026-01-11 04:00:00,578,Madurai,0.5,-2.428
2026-01-11 05:00:00,578,Madurai,12.5,-2.428
2026-01-11 06:00:00,578,Madurai,2.25,-2.428
2026-01-11 07:00:00,578,Madurai,1.0,-2.428
2026-01-11 08:00:00,578,Madurai,1.1666666666666667,-2.428
2026-01-11 09:00:00,578,Madurai,0.5,-2.428
2026-01-11 10:00:00,578,Madurai,0.5,-2.4748125
2026-01-11 13:00:00,578,Madurai,0.5,-2.4748125
2026-01-13 11:00:00,578,Madurai,0.5,-5.051
2026-01-13 14:00:00,578,Madurai,1.5,-0.6473888888888888
2026-01-13 15:00:00,578,Madurai,2.5,-0.6473888888888888
2026-01-13 16:00:00,578,Madurai,1.1666666666666667,-0.3536470588235294
2026-01-13 17:00:00,578,Madurai,1.0,-0.3536470588235294
2026-01-26 07:00:00,578,Madurai,0.5,-2.9165217391304346
2026-01-26 08:00:00,578,Madurai,0.5,-2.9165217391304346
2026-01-26 09:00:00,578,Madurai,0.5,-2.9165217391304346
2026-02-23 02:00:00,578,Madurai,1.0,0.9533
2026-02-23 03:00:00,578,Madurai,1.5,0.9533
2026-02-23 07:00:00,578,Madurai,0.5,1.2197999999999998
2026-02-26 00:00:00,578,Madurai,0.5,-4.211636363636363
2026-03-17 20:00:00,578,Madurai,3.0,-1.8025714285714287
2026-03-17 21:00:00,578,Madurai,1.5,-1.8025714285714287
2026-03-18 08:00:00,578,Madurai,0.5,-3.080909090909091
2026-03-18 09:00:00,578,Madurai,0.5,-3.080909090909091
2026-03-18 19:00:00,578,Madurai,0.5,-3.3174761904761905
2026-03-20 06:00:00,578,Madurai,0.5,-3.1432
2026-03-24 09:00:00,578,Madurai,0.5,-3.4684444444444447
2022-02-11 16:00:00,579,Nagapattinam,17.5,-2.953
2022-02-11 17:00:00,579,Nagapattinam,15.0,-2.953
2022-02-11 18:00:00,579,Nagapattinam,5.5,-2.953
2022-02-11 21:00:00,579,Nagapattinam,1.0,-2.953
2022-02-12 11:00:00,579,Nagapattinam,0.5,-2.815
2022-02-14 13:00:00,579,Nagapattinam,0.5,-2.693
2022-02-20 17:00:00,579,Nagapattinam,60.5,-2.673
2022-02-23 15:05:00,579,Nagapattinam,2.0,-2.739
2022-02-24 11:35:00,579,Nagapattinam,2.0,-2.761
2022-02-24 11:40:00,579,Nagapattinam,2.0,-2.761
2022-03-04 12:00:00,579,Nagapattinam,0.5,-2.956
2022-03-04 15:00:00,579,Nagapattinam,0.75,-2.956
2022-03-04 16:00:00,579,Nagapattinam,0.5,-2.933
2022-03-06 19:00:00,579,Nagapattinam,1.0,-2.91
2022-03-06 20:00:00,579,Nagapattinam,1.0,-2.91
2022-03-06 21:00:00,579,Nagapattinam,0.5,-2.91
2022-03-06 22:00:00,579,Nagapattinam,2.0,-2.922
2022-03-06 23:00:00,579,Nagapattinam,1.25,-2.922
2022-03-07 00:00:00,579,Nagapattinam,0.5,-2.922
2022-03-07 01:00:00,579,Nagapattinam,3.5,-2.922
2022-03-07 02:00:00,579,Nagapattinam,2.0,-2.922
2022-03-07 03:00:00,579,Nagapattinam,0.75,-2.922
2022-03-07 04:00:00,579,Nagapattinam,2.5,-2.885
2022-03-07 05:00:00,579,Nagapattinam,4.5,-2.885
2022-03-07 06:00:00,579,Nagapattinam,7.75,-2.885
2022-03-07 07:00:00,579,Nagapattinam,1.5,-2.885
2022-03-07 08:00:00,579,Nagapattinam,3.5,-2.885
2022-03-07 09:00:00,579,Nagapattinam,0.5,-2.885
2022-03-07 14:00:00,579,Nagapattinam,2.5,-2.894
2022-03-25 14:00:00,579,Nagapattinam,5.0,-3.303
2022-04-08 13:00:00,579,Nagapattinam,1.5,-3.671
2022-04-08 14:00:00,579,Nagapattinam,1.0,-3.671
2022-04-09 03:00:00,579,Nagapattinam,0.5,-3.613
2022-04-09 04:00:00,579,Nagapattinam,1.0,-3.57
2022-04-09 05:00:00,579,Nagapattinam,0.5,-3.57
2022-04-10 00:00:00,579,Nagapattinam,12.5,-3.661
2022-04-10 02:00:00,579,Nagapattinam,1.0,-3.661
2022-04-10 03:00:00,579,Nagapattinam,1.5,-3.661
2022-04-11 08:00:00,579,Nagapattinam,5.0,-3.486
2022-04-13 10:00:00,579,Nagapattinam,3.5,-3.477
2022-04-13 11:00:00,579,Nagapattinam,8.0,-3.477
2022-04-13 12:00:00,579,Nagapattinam,0.5,-3.477
2022-04-13 17:00:00,579,Nagapattinam,0.5,-3.433
2022-04-17 04:00:00,579,Nagapattinam,2.0,-3.535
2022-04-17 07:00:00,579,Nagapattinam,0.5,-3.535
2022-06-07 02:00:00,579,Nagapattinam,10.0,-9.6925
2022-06-07 06:00:00,579,Nagapattinam,1.0,-9.643
2022-06-15 22:00:00,579,Nagapattinam,14.5,-10.0255
2022-06-15 23:00:00,579,Nagapattinam,17.5,-10.0255
2022-06-16 00:00:00,579,Nagapattinam,2.0,-10.0255
2022-06-21 13:00:00,579,Nagapattinam,0.5,-9.9895
2022-06-21 23:00:00,579,Nagapattinam,8.0,-9.894
2022-06-26 15:00:00,579,Nagapattinam,0.5,-10.4165
2022-07-01 18:00:00,579,Nagapattinam,8.25,-10.3675
2022-07-01 19:00:00,579,Nagapattinam,0.5,-10.3675
2022-07-01 21:00:00,579,Nagapattinam,0.5,-10.3675
2022-07-02 18:00:00,579,Nagapattinam,17.5,-10.1285
2022-07-02 21:00:00,579,Nagapattinam,1.0,-10.1285
2022-07-02 23:00:00,579,Nagapattinam,0.5,-10.183
2022-07-10 20:00:00,579,Nagapattinam,5.5,-10.6605
2022-07-21 15:00:00,579,Nagapattinam,0.5,-11.2565
2022-07-22 11:00:00,579,Nagapattinam,0.5,-11.2355
2022-07-23 08:00:00,579,Nagapattinam,2.5,-11.038
2022-07-26 10:00:00,579,Nagapattinam,1.5,-10.257
2022-07-26 11:00:00,579,Nagapattinam,0.5,-10.257
2022-07-26 12:00:00,579,Nagapattinam,0.5,-10.257
2022-07-26 13:00:00,579,Nagapattinam,0.5,-10.257
2022-07-26 20:00:00,579,Nagapattinam,0.5,-10.1835
2022-07-27 04:00:00,579,Nagapattinam,7.0,-10.035
2022-07-27 05:00:00,579,Nagapattinam,0.5,-10.035
2022-07-28 09:00:00,579,Nagapattinam,8.0,-9.8415
2022-07-28 10:00:00,579,Nagapattinam,2.5,-9.8365
2022-07-28 11:00:00,579,Nagapattinam,1.5,-9.8365
2022-07-28 12:00:00,579,Nagapattinam,0.5,-9.8365
2022-07-28 14:00:00,579,Nagapattinam,0.5,-9.8365
2022-07-28 16:00:00,579,Nagapattinam,0.5,-9.779
2022-07-29 08:00:00,579,Nagapattinam,0.5,-9.6775
2022-07-29 14:00:00,579,Nagapattinam,0.5,-9.7405
2022-07-29 16:00:00,579,Nagapattinam,0.5,-9.746
2022-07-29 18:00:00,579,Nagapattinam,0.5,-9.746
2022-07-30 16:00:00,579,Nagapattinam,29.0,-9.7335
2022-07-30 17:00:00,579,Nagapattinam,10.5,-9.7335
2022-07-30 18:00:00,579,Nagapattinam,2.5,-9.7335
2022-07-30 19:00:00,579,Nagapattinam,1.5,-9.7335
2022-07-30 21:00:00,579,Nagapattinam,0.5,-9.7335
2022-07-30 22:00:00,579,Nagapattinam,0.5,-9.73
2022-07-31 09:00:00,579,Nagapattinam,9.0,-9.6895
2022-07-31 10:00:00,579,Nagapattinam,4.5,-9.6755
2022-07-31 11:00:00,579,Nagapattinam,24.0,-9.6755
2022-07-31 12:00:00,579,Nagapattinam,3.0,-9.6755
2022-07-31 13:00:00,579,Nagapattinam,1.0,-9.6755
2022-07-31 20:00:00,579,Nagapattinam,0.5,-9.639
2022-08-01 09:00:00,579,Nagapattinam,0.5,-9.5995
2022-08-01 10:00:00,579,Nagapattinam,1.5,-9.639
2022-08-01 12:00:00,579,Nagapattinam,0.5,-9.639
2022-08-01 13:00:00,579,Nagapattinam,1.0,-9.639
2022-08-01 15:00:00,579,Nagapattinam,0.5,-9.639
2022-08-01 19:00:00,579,Nagapattinam,0.5,-9.607
2022-08-01 20:00:00,579,Nagapattinam,0.5,-9.607
2022-08-02 14:00:00,579,Nagapattinam,0.5,-9.542
2022-08-02 16:00:00,579,Nagapattinam,0.5,-9.585
2022-08-02 17:00:00,579,Nagapattinam,1.0,-9.585
2022-08-02 18:00:00,579,Nagapattinam,1.0,-9.585
2022-08-04 08:00:00,579,Nagapattinam,0.5,-9.556
2022-08-04 16:00:00,579,Nagapattinam,0.5,-9.466
2022-08-04 20:00:00,579,Nagapattinam,3.5,-9.466
2022-08-16 10:00:00,579,Nagapattinam,1.0,-9.742
2022-08-16 11:00:00,579,Nagapattinam,0.5,-9.742
2022-08-19 05:00:00,579,Nagapattinam,21.5,-9.389
2022-08-19 06:00:00,579,Nagapattinam,43.0,-9.389
2022-08-19 07:00:00,579,Nagapattinam,4.0,-9.389
2022-08-19 08:00:00,579,Nagapattinam,0.5,-9.389
2022-08-22 16:00:00,579,Nagapattinam,1.0,-9.194
2022-08-22 18:00:00,579,Nagapattinam,1.0,-9.194
2022-08-22 21:00:00,579,Nagapattinam,1.5,-9.194
2022-08-22 22:00:00,579,Nagapattinam,0.5,-9.1415
2022-08-23 18:00:00,579,Nagapattinam,18.5,-9.0755
2022-08-23 19:00:00,579,Nagapattinam,1.5,-9.0755
2022-08-23 20:00:00,579,Nagapattinam,2.0,-9.0755
2022-08-23 21:00:00,579,Nagapattinam,2.0,-9.0755
2022-08-23 22:00:00,579,Nagapattinam,1.5,-9.0175
2022-08-23 23:00:00,579,Nagapattinam,0.5,-9.0175
2022-08-24 00:00:00,579,Nagapattinam,1.0,-9.0175
2022-08-28 16:00:00,579,Nagapattinam,0.5,-8.336500000000001
2022-08-31 16:00:00,579,Nagapattinam,1.5,-8.108
2022-08-31 17:00:00,579,Nagapattinam,2.5,-8.108
2022-08-31 21:00:00,579,Nagapattinam,0.5,-8.108
2022-09-01 09:00:00,579,Nagapattinam,1.5,-8.0275
2022-09-01 10:00:00,579,Nagapattinam,5.0,-8.008
2022-09-01 11:00:00,579,Nagapattinam,4.5,-8.008
2022-09-01 12:00:00,579,Nagapattinam,1.0,-8.008
2022-09-01 13:00:00,579,Nagapattinam,0.5,-8.008
2022-09-08 04:00:00,579,Nagapattinam,0.5,-7.452
2022-09-08 18:00:00,579,Nagapattinam,9.0,-7.54
2022-09-26 06:00:00,579,Nagapattinam,16.5,-7.929
2022-09-26 07:00:00,579,Nagapattinam,0.5,-7.929
2022-09-29 01:00:00,579,Nagapattinam,3.5,-7.596999999999999
2022-09-29 03:00:00,579,Nagapattinam,0.5,-7.596999999999999
2022-10-10 04:00:00,579,Nagapattinam,0.5,-7.4215
2022-10-12 14:00:00,579,Nagapattinam,6.0,-7.4355
2022-10-12 15:00:00,579,Nagapattinam,3.0,-7.4355
2022-10-15 02:00:00,579,Nagapattinam,0.5,-7.2095
2022-10-17 03:00:00,579,Nagapattinam,2.0,-7.194999999999999
2022-10-21 04:00:00,579,Nagapattinam,10.5,-6.8865
2022-10-21 05:00:00,579,Nagapattinam,3.5,-6.8865
2022-10-21 06:00:00,579,Nagapattinam,1.5,-6.8865
2022-10-21 07:00:00,579,Nagapattinam,0.5,-6.8865
2022-10-21 08:00:00,579,Nagapattinam,2.0,-6.8865
2022-10-21 09:00:00,579,Nagapattinam,0.5,-6.8865
2022-10-22 18:00:00,579,Nagapattinam,2.0,-6.699
2022-10-22 19:00:00,579,Nagapattinam,10.0,-6.699
2022-10-22 22:00:00,579,Nagapattinam,12.0,-6.6785
2022-10-28 04:00:00,579,Nagapattinam,4.0,-6.884
2022-10-28 06:00:00,579,Nagapattinam,3.5,-6.884
2022-10-29 02:00:00,579,Nagapattinam,0.5,-6.825
2022-10-29 03:00:00,579,Nagapattinam,1.5,-6.825
2022-10-29 04:00:00,579,Nagapattinam,1.0,-6.882000000000001
2022-10-29 09:00:00,579,Nagapattinam,0.5,-6.882000000000001
2022-10-29 23:00:00,579,Nagapattinam,2.5,-6.8105
2022-10-30 00:00:00,579,Nagapattinam,3.0,-6.8105
2022-10-30 01:00:00,579,Nagapattinam,0.5,-6.8105
2022-10-30 02:00:00,579,Nagapattinam,1.0,-6.8105
2022-10-30 03:00:00,579,Nagapattinam,1.0,-6.8105
2022-10-31 03:00:00,579,Nagapattinam,1.0,-6.6775
2022-11-01 03:00:00,579,Nagapattinam,13.0,-6.7305
2022-11-01 05:00:00,579,Nagapattinam,3.5,-6.6555
2022-11-01 06:00:00,579,Nagapattinam,1.0,-6.6555
2022-11-01 07:00:00,579,Nagapattinam,0.5,-6.6555
2022-11-01 09:00:00,579,Nagapattinam,0.5,-6.6555
2022-11-01 10:00:00,579,Nagapattinam,0.5,-6.6455
2022-11-01 11:00:00,579,Nagapattinam,1.0,-6.6455
2022-11-01 12:00:00,579,Nagapattinam,1.0,-6.6455
2022-11-01 13:00:00,579,Nagapattinam,1.0,-6.6455
2022-11-01 14:00:00,579,Nagapattinam,1.0,-6.6455
2022-11-01 15:00:00,579,Nagapattinam,0.5,-6.6455
2022-11-01 19:00:00,579,Nagapattinam,0.5,-6.593
2022-11-02 00:00:00,579,Nagapattinam,0.5,-6.536
2022-11-02 20:00:00,579,Nagapattinam,0.5,-6.603000000000001
2022-11-02 22:00:00,579,Nagapattinam,21.5,-6.507
2022-11-02 23:00:00,579,Nagapattinam,9.0,-6.507
2022-11-03 00:00:00,579,Nagapattinam,5.0,-6.507
2022-11-03 01:00:00,579,Nagapattinam,6.0,-6.507
2022-11-03 02:00:00,579,Nagapattinam,16.5,-6.507
2022-11-03 03:00:00,579,Nagapattinam,45.5,-6.507
2022-11-03 04:00:00,579,Nagapattinam,21.0,-6.38
2022-11-03 05:00:00,579,Nagapattinam,4.0,-6.38
2022-11-03 06:00:00,579,Nagapattinam,4.0,-6.38
2022-11-03 07:00:00,579,Nagapattinam,5.0,-6.38
2022-11-03 08:00:00,579,Nagapattinam,6.0,-6.38
2022-11-03 14:00:00,579,Nagapattinam,4.0,-6.244
2022-11-04 08:00:00,579,Nagapattinam,2.0,-6.116
2022-11-04 09:00:00,579,Nagapattinam,17.0,-6.116
2022-11-04 10:00:00,579,Nagapattinam,1.0,-6.097
2022-11-04 17:00:00,579,Nagapattinam,1.5,-6.056500000000001
2022-11-04 22:00:00,579,Nagapattinam,4.5,-6.0440000000000005
2022-11-05 06:00:00,579,Nagapattinam,2.5,-6.002000000000001
2022-11-10 21:00:00,579,Nagapattinam,3.5,-5.572
2022-11-10 22:00:00,579,Nagapattinam,4.5,-5.5255
2022-11-11 02:00:00,579,Nagapattinam,4.5,-5.5255
2022-11-11 05:00:00,579,Nagapattinam,17.5,-5.468
2022-11-11 06:00:00,579,Nagapattinam,28.5,-5.468
2022-11-11 07:00:00,579,Nagapattinam,25.0,-5.468
2022-11-11 08:00:00,579,Nagapattinam,11.0,-5.468
2022-11-11 09:00:00,579,Nagapattinam,17.5,-5.468
2022-11-11 10:00:00,579,Nagapattinam,6.0,-5.378500000000001
2022-11-11 11:00:00,579,Nagapattinam,2.0,-5.378500000000001
2022-11-11 12:00:00,579,Nagapattinam,5.0,-5.378500000000001
2022-11-11 13:00:00,579,Nagapattinam,3.5,-5.378500000000001
2022-11-11 14:00:00,579,Nagapattinam,5.0,-5.378500000000001
2022-11-11 16:00:00,579,Nagapattinam,4.0,-5.25
2022-11-11 18:00:00,579,Nagapattinam,6.0,-5.25
2022-11-11 19:00:00,579,Nagapattinam,37.0,-5.25
2022-11-11 20:00:00,579,Nagapattinam,47.0,-5.25
2022-11-11 21:00:00,579,Nagapattinam,18.0,-5.25
2022-11-11 22:00:00,579,Nagapattinam,35.5,-5.097
2022-11-11 23:00:00,579,Nagapattinam,90.0,-5.097
2022-11-12 00:00:00,579,Nagapattinam,13.75,-5.097
2022-11-12 01:00:00,579,Nagapattinam,0.5,-5.097
2022-11-13 05:00:00,579,Nagapattinam,14.0,-4.89
2022-11-13 06:00:00,579,Nagapattinam,12.5,-4.89
2022-11-14 03:00:00,579,Nagapattinam,1.0,-4.838
2022-11-14 23:00:00,579,Nagapattinam,0.5,-4.7875
2022-11-15 02:00:00,579,Nagapattinam,1.5,-4.7875
2022-11-15 03:00:00,579,Nagapattinam,1.5,-4.7875
2022-11-15 04:00:00,579,Nagapattinam,3.5,-4.7585
2022-11-15 05:00:00,579,Nagapattinam,4.5,-4.7585
2022-11-15 06:00:00,579,Nagapattinam,0.5,-4.7585
2022-12-01 02:00:00,579,Nagapattinam,0.5,-8.006
2022-12-01 03:00:00,579,Nagapattinam,5.5,-8.006
2022-12-01 07:00:00,579,Nagapattinam,0.5,-7.928
2022-12-02 03:00:00,579,Nagapattinam,0.5,-5.07
2022-12-03 06:00:00,579,Nagapattinam,0.5,-4.9875
2022-12-03 15:00:00,579,Nagapattinam,0.5,-4.9825
2022-12-03 22:00:00,579,Nagapattinam,1.0,-4.941
2022-12-03 23:00:00,579,Nagapattinam,2.0,-4.941
2022-12-04 02:00:00,579,Nagapattinam,1.5,-4.941
2022-12-04 03:00:00,579,Nagapattinam,15.0,-4.941
2022-12-04 04:00:00,579,Nagapattinam,4.0,-4.8965
2022-12-04 05:00:00,579,Nagapattinam,3.0,-4.8965
2022-12-04 06:00:00,579,Nagapattinam,4.0,-4.8965
2022-12-04 08:00:00,579,Nagapattinam,3.0,-4.8965
2022-12-04 09:00:00,579,Nagapattinam,6.0,-4.8965
2022-12-04 10:00:00,579,Nagapattinam,2.0,-4.8865
2022-12-04 13:00:00,579,Nagapattinam,5.0,-4.8865
2022-12-04 17:00:00,579,Nagapattinam,1.0,-4.84
2022-12-04 18:00:00,579,Nagapattinam,14.5,-4.84
2022-12-04 19:00:00,579,Nagapattinam,15.5,-4.84
2022-12-04 20:00:00,579,Nagapattinam,15.5,-4.84
2022-12-04 21:00:00,579,Nagapattinam,11.0,-4.84
2022-12-04 23:00:00,579,Nagapattinam,1.5,-4.7715
2022-12-05 03:00:00,579,Nagapattinam,1.0,-4.7715
2022-12-05 06:00:00,579,Nagapattinam,4.0,-4.6865
2022-12-08 11:00:00,579,Nagapattinam,0.5,-4.396
2022-12-08 16:00:00,579,Nagapattinam,0.5,-4.36
2022-12-08 17:00:00,579,Nagapattinam,1.0,-4.36
2022-12-08 19:00:00,579,Nagapattinam,0.5,-4.36
2022-12-08 21:00:00,579,Nagapattinam,1.5,-4.36
2022-12-08 22:00:00,579,Nagapattinam,2.5,-4.3155
2022-12-08 23:00:00,579,Nagapattinam,2.5,-4.3155
2022-12-09 00:00:00,579,Nagapattinam,2.0,-4.3155
2022-12-09 01:00:00,579,Nagapattinam,1.0,-4.3155
2022-12-09 04:00:00,579,Nagapattinam,1.0,-4.273
2022-12-09 09:00:00,579,Nagapattinam,0.5,-4.273
2022-12-09 11:00:00,579,Nagapattinam,1.0,-4.269
2022-12-09 12:00:00,579,Nagapattinam,2.0,-4.269
2022-12-09 13:00:00,579,Nagapattinam,2.0,-4.269
2022-12-09 14:00:00,579,Nagapattinam,1.0,-4.269
2022-12-10 01:00:00,579,Nagapattinam,1.0,-4.246
2022-12-10 03:00:00,579,Nagapattinam,0.5,-4.246
2022-12-10 04:00:00,579,Nagapattinam,0.5,-4.2185
2022-12-10 10:00:00,579,Nagapattinam,0.5,-4.2825
2022-12-10 17:00:00,579,Nagapattinam,4.0,-4.33
2022-12-10 18:00:00,579,Nagapattinam,2.0,-4.33
2022-12-12 12:00:00,579,Nagapattinam,11.0,-4.335
2022-12-12 13:00:00,579,Nagapattinam,26.5,-4.335
2022-12-12 14:00:00,579,Nagapattinam,1.5,-4.335
2022-12-12 16:00:00,579,Nagapattinam,6.0,-4.286
2022-12-13 08:00:00,579,Nagapattinam,4.5,-4.23
2022-12-13 09:00:00,579,Nagapattinam,1.0,-4.23
2022-12-13 17:00:00,579,Nagapattinam,0.5,-4.2035
2022-12-18 02:00:00,579,Nagapattinam,3.0,-4.428
2022-12-18 07:00:00,579,Nagapattinam,0.5,-4.4655000000000005
2022-12-24 18:00:00,579,Nagapattinam,0.5,-4.645
2022-12-24 21:00:00,579,Nagapattinam,0.5,-4.645
2022-12-24 23:00:00,579,Nagapattinam,0.5,-4.626
2022-12-25 07:00:00,579,Nagapattinam,0.5,-4.5995
2022-12-25 08:00:00,579,Nagapattinam,5.0,-4.5995
2022-12-25 09:00:00,579,Nagapattinam,3.5,-4.5995
2022-12-25 10:00:00,579,Nagapattinam,2.0,-4.5665
2022-12-25 11:00:00,579,Nagapattinam,1.0,-4.5665
2022-12-26 14:00:00,579,Nagapattinam,0.5,-4.4415
2022-12-27 16:00:00,579,Nagapattinam,1.5,-4.439
2022-12-27 18:00:00,579,Nagapattinam,26.5,-4.439
2022-12-27 23:00:00,579,Nagapattinam,1.5,-4.4305
2023-01-05 10:00:00,579,Nagapattinam,0.5,-4.936
2023-01-08 06:00:00,579,Nagapattinam,4.5,-7.433
2023-01-08 07:00:00,579,Nagapattinam,11.5,-7.433
2023-01-08 08:00:00,579,Nagapattinam,1.5,-7.433
2023-01-08 10:00:00,579,Nagapattinam,0.5,-7.401
2023-01-08 11:00:00,579,Nagapattinam,1.0,-7.401
2023-01-14 17:00:00,579,Nagapattinam,0.5,-4.9670000000000005
2023-01-14 19:00:00,579,Nagapattinam,4.0,-4.9670000000000005
2023-01-14 21:00:00,579,Nagapattinam,1.0,-4.9670000000000005
2023-01-16 08:00:00,579,Nagapattinam,4.5,-4.827999999999999
2023-01-16 09:00:00,579,Nagapattinam,0.5,-4.827999999999999
2023-01-17 02:00:00,579,Nagapattinam,0.5,-4.9110000000000005
2023-01-17 03:00:00,579,Nagapattinam,3.5,-4.9110000000000005
2023-01-30 08:00:00,579,Nagapattinam,10.5,-4.7965
2023-01-30 09:00:00,579,Nagapattinam,4.5,-4.7965
2023-02-01 07:00:00,579,Nagapattinam,0.5,-4.6285
2023-02-01 16:00:00,579,Nagapattinam,0.5,-4.6115
2023-02-01 22:00:00,579,Nagapattinam,0.5,-4.5915
2023-02-02 06:00:00,579,Nagapattinam,1.5,-4.5600000000000005
2023-02-02 07:00:00,579,Nagapattinam,1.0,-4.5600000000000005
2023-02-02 08:00:00,579,Nagapattinam,16.75,-4.5600000000000005
2023-02-02 09:00:00,579,Nagapattinam,0.5,-4.5600000000000005
2023-02-02 11:00:00,579,Nagapattinam,0.5,-4.559
2023-02-02 12:00:00,579,Nagapattinam,0.5,-4.559
2023-02-02 16:00:00,579,Nagapattinam,0.5,-4.5445
2023-02-02 17:00:00,579,Nagapattinam,0.5,-4.5445
2023-02-02 18:00:00,579,Nagapattinam,0.5,-4.5445
2023-02-02 20:00:00,579,Nagapattinam,0.5,-4.5445
2023-02-02 22:00:00,579,Nagapattinam,0.5,-4.513
2023-02-03 05:00:00,579,Nagapattinam,0.5,-4.4755
2023-02-03 22:00:00,579,Nagapattinam,5.0,-4.4155
2023-02-04 00:00:00,579,Nagapattinam,0.5,-4.4155
2023-02-04 01:00:00,579,Nagapattinam,0.5,-4.4155
2023-02-04 02:00:00,579,Nagapattinam,1.0,-4.4155
2023-02-28 13:00:00,579,Nagapattinam,4.0,-4.3195
2023-02-28 22:00:00,579,Nagapattinam,0.5,-4.219
2023-03-01 01:00:00,579,Nagapattinam,0.5,-4.219
2023-03-15 18:00:00,579,Nagapattinam,13.5,-5.443
2023-03-15 20:00:00,579,Nagapattinam,2.0,-5.443
2023-03-15 22:00:00,579,Nagapattinam,4.0,-5.374
2023-03-16 08:00:00,579,Nagapattinam,1.0,-4.247
2023-03-16 09:00:00,579,Nagapattinam,0.5,-4.247
2023-03-16 10:00:00,579,Nagapattinam,0.5,-4.3505
2023-03-16 20:00:00,579,Nagapattinam,0.5,-4.3525
2023-03-16 21:00:00,579,Nagapattinam,0.5,-4.3525
2023-03-16 22:00:00,579,Nagapattinam,0.5,-4.296
2023-03-16 23:00:00,579,Nagapattinam,0.5,-4.296
2023-03-17 00:00:00,579,Nagapattinam,1.0,-4.296
2023-03-17 02:00:00,579,Nagapattinam,2.0,-4.296
2023-03-17 03:00:00,579,Nagapattinam,1.0,-4.296
2023-03-17 04:00:00,579,Nagapattinam,1.0,-5.375
2023-03-17 05:00:00,579,Nagapattinam,1.0,-5.375
2023-03-17 06:00:00,579,Nagapattinam,0.5,-5.375
2023-03-17 07:00:00,579,Nagapattinam,2.0,-5.375
2023-03-17 08:00:00,579,Nagapattinam,0.5,-5.375
2023-03-17 09:00:00,579,Nagapattinam,0.5,-5.375
2023-03-17 10:00:00,579,Nagapattinam,1.5,-5.427
2023-03-17 11:00:00,579,Nagapattinam,2.5,-5.427
2023-03-18 16:00:00,579,Nagapattinam,0.5,-4.4545
2023-03-18 17:00:00,579,Nagapattinam,3.0,-4.4545
2023-03-19 17:00:00,579,Nagapattinam,2.5,-4.3865
2023-03-19 18:00:00,579,Nagapattinam,1.0,-4.3865
2023-03-20 01:00:00,579,Nagapattinam,71.0,-4.343500000000001
2023-03-20 02:00:00,579,Nagapattinam,5.0,-4.343500000000001
2023-03-20 16:00:00,579,Nagapattinam,5.0,-4.274
2023-03-20 18:00:00,579,Nagapattinam,412.5,-4.274
2023-03-20 23:00:00,579,Nagapattinam,0.5,-4.2245
2023-03-21 05:00:00,579,Nagapattinam,1.0,-4.195
2023-03-21 09:00:00,579,Nagapattinam,0.5,-4.195
2023-03-23 09:00:00,579,Nagapattinam,0.5,-4.1545000000000005
2023-03-25 19:00:00,579,Nagapattinam,1.0,-4.197
2023-03-25 20:00:00,579,Nagapattinam,0.5,-4.197
2023-03-25 23:00:00,579,Nagapattinam,0.5,-4.149
2023-03-26 08:00:00,579,Nagapattinam,0.5,-4.1395
2023-03-26 09:00:00,579,Nagapattinam,0.5,-4.1395
2023-03-26 10:00:00,579,Nagapattinam,1.5,-4.2035
2023-03-26 12:00:00,579,Nagapattinam,0.5,-4.2035
2023-03-26 15:00:00,579,Nagapattinam,0.5,-4.2035
2023-03-26 20:00:00,579,Nagapattinam,0.5,-5.407
2023-03-27 00:00:00,579,Nagapattinam,0.5,-5.368
2023-03-27 02:00:00,579,Nagapattinam,0.5,-5.368
2023-03-27 06:00:00,579,Nagapattinam,0.5,-4.173
2023-03-27 10:00:00,579,Nagapattinam,0.5,-4.215
2023-03-27 12:00:00,579,Nagapattinam,1.0,-4.215
2023-03-27 13:00:00,579,Nagapattinam,0.5,-4.215
2023-03-27 14:00:00,579,Nagapattinam,1.0,-4.215
2023-03-27 15:00:00,579,Nagapattinam,1.0,-4.215
2023-03-29 11:00:00,579,Nagapattinam,0.5,-4.2775
2023-03-30 06:00:00,579,Nagapattinam,1.0,-4.235
2023-03-31 18:00:00,579,Nagapattinam,1.0,-4.368
2023-04-01 04:00:00,579,Nagapattinam,35.0,-4.3175
2023-04-01 06:00:00,579,Nagapattinam,66.0,-4.3175
2023-04-01 07:00:00,579,Nagapattinam,179.5,-4.3175
2023-04-01 09:00:00,579,Nagapattinam,286.0,-4.3175
2023-04-01 10:00:00,579,Nagapattinam,206.5,-4.390000000000001
2023-04-01 11:00:00,579,Nagapattinam,38.0,-4.390000000000001
2023-04-04 12:00:00,579,Nagapattinam,0.5,-4.443
2023-04-06 02:00:00,579,Nagapattinam,91.5,-4.597
2023-04-06 03:00:00,579,Nagapattinam,62.0,-4.597
2023-04-06 04:00:00,579,Nagapattinam,140.5,-4.62
2023-04-06 05:00:00,579,Nagapattinam,90.5,-4.62
2023-04-06 06:00:00,579,Nagapattinam,27.5,-4.62
2023-04-06 07:00:00,579,Nagapattinam,11.5,-4.62
2023-04-06 08:00:00,579,Nagapattinam,95.5,-4.62
2023-04-06 09:00:00,579,Nagapattinam,268.0,-4.62
2023-04-06 10:00:00,579,Nagapattinam,142.5,-4.687
2023-04-06 11:00:00,579,Nagapattinam,100.0,-4.687
2023-04-06 12:00:00,579,Nagapattinam,187.5,-4.687
2023-04-06 13:00:00,579,Nagapattinam,165.5,-4.687
2023-04-06 14:00:00,579,Nagapattinam,56.0,-4.687
2023-04-06 15:00:00,579,Nagapattinam,29.0,-4.687
2023-04-06 16:00:00,579,Nagapattinam,33.5,-4.6475
2023-04-06 17:00:00,579,Nagapattinam,52.0,-4.6475
2023-04-06 18:00:00,579,Nagapattinam,177.0,-4.6475
2023-04-06 19:00:00,579,Nagapattinam,144.0,-4.6475
2023-04-06 20:00:00,579,Nagapattinam,118.0,-4.6475
2023-04-06 21:00:00,579,Nagapattinam,35.5,-4.6475
2023-04-06 22:00:00,579,Nagapattinam,37.5,-4.621499999999999
2023-04-06 23:00:00,579,Nagapattinam,14.5,-4.621499999999999
2023-04-07 00:00:00,579,Nagapattinam,34.0,-4.621499999999999
2023-04-07 01:00:00,579,Nagapattinam,71.5,-4.621499999999999
2023-04-07 02:00:00,579,Nagapattinam,60.0,-4.621499999999999
2023-04-07 03:00:00,579,Nagapattinam,47.0,-4.621499999999999
2023-04-07 04:00:00,579,Nagapattinam,26.5,-4.6115
2023-04-07 05:00:00,579,Nagapattinam,76.0,-4.6115
2023-04-07 06:00:00,579,Nagapattinam,153.0,-4.6115
2023-04-07 07:00:00,579,Nagapattinam,150.0,-4.6115
2023-04-07 08:00:00,579,Nagapattinam,105.5,-4.6115
2023-04-07 09:00:00,579,Nagapattinam,115.5,-4.6115
2023-04-07 10:00:00,579,Nagapattinam,8.5,-4.6375
2023-04-07 11:00:00,579,Nagapattinam,33.0,-4.6375
2023-04-07 12:00:00,579,Nagapattinam,36.0,-4.6375
2023-04-07 13:00:00,579,Nagapattinam,62.0,-4.6375
2023-04-07 14:00:00,579,Nagapattinam,13.5,-4.6375
2023-04-07 15:00:00,579,Nagapattinam,22.0,-4.6375
2023-04-07 16:00:00,579,Nagapattinam,4.0,-5.608
2023-04-07 17:00:00,579,Nagapattinam,12.5,-5.608
2023-04-07 18:00:00,579,Nagapattinam,5.5,-5.608
2023-04-07 19:00:00,579,Nagapattinam,20.5,-5.608
2023-04-07 20:00:00,579,Nagapattinam,2.0,-5.608
2023-04-07 21:00:00,579,Nagapattinam,9.0,-5.608
2023-04-07 22:00:00,579,Nagapattinam,6.5,-5.621
2023-04-07 23:00:00,579,Nagapattinam,13.5,-5.621
2023-04-08 00:00:00,579,Nagapattinam,12.5,-5.621
2023-04-08 01:00:00,579,Nagapattinam,9.0,-5.621
2023-04-08 02:00:00,579,Nagapattinam,8.5,-5.621
2023-04-08 03:00:00,579,Nagapattinam,5.5,-5.621
2023-04-08 04:00:00,579,Nagapattinam,32.0,-4.5600000000000005
2023-04-08 05:00:00,579,Nagapattinam,12.5,-4.5600000000000005
2023-04-08 06:00:00,579,Nagapattinam,10.0,-4.5600000000000005
2023-04-08 07:00:00,579,Nagapattinam,23.5,-4.5600000000000005
2023-04-08 08:00:00,579,Nagapattinam,23.0,-4.5600000000000005
2023-04-08 09:00:00,579,Nagapattinam,14.5,-4.5600000000000005
2023-04-08 10:00:00,579,Nagapattinam,31.5,-4.61
2023-04-17 12:00:00,579,Nagapattinam,126.0,-5.1425
2023-04-17 13:00:00,579,Nagapattinam,149.0,-5.1425
2023-04-17 14:00:00,579,Nagapattinam,249.0,-5.1425
2023-04-17 15:00:00,579,Nagapattinam,220.0,-5.1425
2023-04-17 16:00:00,579,Nagapattinam,680.5,-5.1195
2023-04-17 17:00:00,579,Nagapattinam,290.0,-5.1195
2023-04-17 18:00:00,579,Nagapattinam,242.0,-5.1195
2023-04-17 19:00:00,579,Nagapattinam,37.0,-5.1195
2023-04-17 20:00:00,579,Nagapattinam,30.0,-5.1195
2023-04-17 21:00:00,579,Nagapattinam,0.5,-5.1195
2023-04-17 22:00:00,579,Nagapattinam,55.0,-5.0955
2023-04-17 23:00:00,579,Nagapattinam,6.0,-5.0955
2023-04-18 00:00:00,579,Nagapattinam,23.0,-5.0955
2023-04-18 01:00:00,579,Nagapattinam,77.0,-5.0955
2023-04-18 02:00:00,579,Nagapattinam,53.5,-5.0955
2023-04-18 03:00:00,579,Nagapattinam,21.5,-5.0955
2023-04-18 04:00:00,579,Nagapattinam,109.0,-5.0695
2023-04-18 05:00:00,579,Nagapattinam,105.0,-5.0695
2023-04-18 06:00:00,579,Nagapattinam,103.0,-5.0695
2023-04-18 07:00:00,579,Nagapattinam,12.5,-5.0695
2023-04-18 08:00:00,579,Nagapattinam,5.5,-5.0695
2023-04-18 09:00:00,579,Nagapattinam,23.0,-5.0695
2023-04-18 10:00:00,579,Nagapattinam,59.5,-5.2625
2023-04-18 11:00:00,579,Nagapattinam,38.0,-5.2625
2023-04-18 12:00:00,579,Nagapattinam,135.0,-5.2625
2023-04-18 13:00:00,579,Nagapattinam,198.0,-5.2625
2023-04-18 14:00:00,579,Nagapattinam,133.5,-5.2625
2023-04-18 15:00:00,579,Nagapattinam,138.5,-5.2625
2023-04-18 16:00:00,579,Nagapattinam,352.0,-5.2005
2023-04-18 17:00:00,579,Nagapattinam,64.5,-5.2005
2023-04-18 18:00:00,579,Nagapattinam,63.5,-5.2005
2023-04-18 19:00:00,579,Nagapattinam,0.5,-5.2005
2023-04-18 21:00:00,579,Nagapattinam,3.5,-5.2005
2023-04-18 22:00:00,579,Nagapattinam,26.5,-5.182
2023-04-18 23:00:00,579,Nagapattinam,18.0,-5.182
2023-04-19 01:00:00,579,Nagapattinam,81.0,-5.182
2023-04-19 02:00:00,579,Nagapattinam,120.0,-5.182
2023-04-19 03:00:00,579,Nagapattinam,82.0,-5.182
2023-04-19 04:00:00,579,Nagapattinam,36.5,-5.1925
2023-04-19 05:00:00,579,Nagapattinam,15.0,-5.1925
2023-04-19 06:00:00,579,Nagapattinam,56.0,-5.1925
2023-04-19 07:00:00,579,Nagapattinam,8.5,-5.1925
2023-04-19 08:00:00,579,Nagapattinam,85.5,-5.1925
2023-04-19 09:00:00,579,Nagapattinam,86.5,-5.1925
2023-04-19 12:00:00,579,Nagapattinam,10.0,-5.3485
2023-04-19 13:00:00,579,Nagapattinam,50.5,-5.3485
2023-04-19 14:00:00,579,Nagapattinam,76.5,-5.3485
2023-04-19 15:00:00,579,Nagapattinam,30.5,-5.3485
2023-04-19 16:00:00,579,Nagapattinam,56.0,-5.3285
2023-04-19 17:00:00,579,Nagapattinam,44.0,-5.3285
2023-04-19 18:00:00,579,Nagapattinam,12.0,-5.3285
2023-04-19 21:00:00,579,Nagapattinam,1.0,-5.3285
2023-04-19 22:00:00,579,Nagapattinam,2.0,-5.364
2023-04-19 23:00:00,579,Nagapattinam,0.5,-5.364
2023-04-20 00:00:00,579,Nagapattinam,5.5,-5.364
2023-04-20 01:00:00,579,Nagapattinam,2.5,-5.364
2023-04-20 02:00:00,579,Nagapattinam,1.5,-5.364
2023-04-20 03:00:00,579,Nagapattinam,7.0,-5.364
2023-04-20 04:00:00,579,Nagapattinam,5.0,-5.41
2023-04-20 06:00:00,579,Nagapattinam,3.5,-5.41
2023-04-20 07:00:00,579,Nagapattinam,12.5,-5.41
2023-04-20 08:00:00,579,Nagapattinam,24.0,-5.41
2023-04-20 09:00:00,579,Nagapattinam,59.0,-5.41
2023-04-20 10:00:00,579,Nagapattinam,23.0,-5.4755
2023-04-20 11:00:00,579,Nagapattinam,36.0,-5.4755
2023-04-20 12:00:00,579,Nagapattinam,0.5,-5.4755
2023-04-20 13:00:00,579,Nagapattinam,4.5,-5.4755
2023-04-20 16:00:00,579,Nagapattinam,6.5,-5.447
2023-04-20 17:00:00,579,Nagapattinam,4.5,-5.447
2023-04-21 08:00:00,579,Nagapattinam,12.0,-5.607
2023-04-21 09:00:00,579,Nagapattinam,23.0,-5.607
2023-04-21 10:00:00,579,Nagapattinam,31.5,-5.9015
2023-04-21 11:00:00,579,Nagapattinam,52.5,-5.9015
2023-04-21 13:00:00,579,Nagapattinam,2.5,-5.9015
2023-04-21 14:00:00,579,Nagapattinam,0.5,-5.9015
2023-04-22 03:00:00,579,Nagapattinam,4.5,-5.772
2023-04-22 04:00:00,579,Nagapattinam,0.5,-5.9375
2023-04-22 05:00:00,579,Nagapattinam,3.5,-5.9375
2023-04-22 06:00:00,579,Nagapattinam,1.0,-5.9375
2023-04-22 07:00:00,579,Nagapattinam,5.0,-5.9375
2023-04-22 08:00:00,579,Nagapattinam,18.5,-5.9375
2023-04-22 09:00:00,579,Nagapattinam,11.5,-5.9375
2023-04-22 10:00:00,579,Nagapattinam,1.5,-6.0
2023-04-22 11:00:00,579,Nagapattinam,3.5,-6.0
2023-04-22 12:00:00,579,Nagapattinam,6.5,-6.0
2023-04-22 13:00:00,579,Nagapattinam,91.0,-6.0
2023-04-22 14:00:00,579,Nagapattinam,24.0,-6.0
2023-04-22 15:00:00,579,Nagapattinam,1.0,-6.0
2023-04-23 12:00:00,579,Nagapattinam,1.5,-6.2725
2023-04-23 13:00:00,579,Nagapattinam,6.0,-6.2725
2023-04-26 09:00:00,579,Nagapattinam,4.5,-6.2940000000000005
2023-04-26 14:00:00,579,Nagapattinam,33.5,-6.504
2023-04-26 15:00:00,579,Nagapattinam,2.5,-6.504
2023-04-26 16:00:00,579,Nagapattinam,21.5,-6.4155
2023-04-26 18:00:00,579,Nagapattinam,5.0,-6.4155
2023-04-26 19:00:00,579,Nagapattinam,12.0,-6.4155
2023-04-26 20:00:00,579,Nagapattinam,7.0,-6.4155
2023-04-26 21:00:00,579,Nagapattinam,7.0,-6.4155
2023-04-26 22:00:00,579,Nagapattinam,17.5,-6.3895
2023-04-26 23:00:00,579,Nagapattinam,3.0,-6.3895
2023-04-27 00:00:00,579,Nagapattinam,1.5,-6.3895
2023-04-27 01:00:00,579,Nagapattinam,0.5,-6.3895
2023-04-27 02:00:00,579,Nagapattinam,7.0,-6.3895
2023-04-27 03:00:00,579,Nagapattinam,14.5,-6.3895
2023-04-27 04:00:00,579,Nagapattinam,8.5,-6.41
2023-04-27 05:00:00,579,Nagapattinam,9.5,-6.41
2023-04-27 06:00:00,579,Nagapattinam,5.0,-6.41
2023-04-27 07:00:00,579,Nagapattinam,24.0,-6.41
2023-04-27 08:00:00,579,Nagapattinam,600.5,-6.41
2023-04-27 09:00:00,579,Nagapattinam,94.5,-6.41
2023-04-27 10:00:00,579,Nagapattinam,0.5,-6.4315
2023-04-28 05:00:00,579,Nagapattinam,9.0,-6.4830000000000005
2023-04-28 06:00:00,579,Nagapattinam,4.0,-6.4830000000000005
2023-04-28 07:00:00,579,Nagapattinam,7.0,-6.4830000000000005
2023-04-28 08:00:00,579,Nagapattinam,37.5,-6.4830000000000005
2023-04-28 09:00:00,579,Nagapattinam,13.5,-6.4830000000000005
2023-05-01 00:00:00,579,Nagapattinam,15.0,-6.7635000000000005
2023-05-01 01:00:00,579,Nagapattinam,30.5,-6.7635000000000005
2023-05-01 02:00:00,579,Nagapattinam,83.0,-6.7635000000000005
2023-05-01 03:00:00,579,Nagapattinam,8.0,-6.7635000000000005
2023-05-01 05:00:00,579,Nagapattinam,8.5,-6.7655
2023-05-01 06:00:00,579,Nagapattinam,24.5,-6.7655
2023-05-01 07:00:00,579,Nagapattinam,50.0,-6.7655
2023-05-01 08:00:00,579,Nagapattinam,37.5,-6.7655
2023-05-01 09:00:00,579,Nagapattinam,3.5,-6.7655
2023-05-02 06:00:00,579,Nagapattinam,0.5,-6.78
2023-05-02 08:00:00,579,Nagapattinam,0.5,-6.78
2023-05-02 09:00:00,579,Nagapattinam,0.5,-6.78
2023-05-03 08:00:00,579,Nagapattinam,3.0,-6.678
2023-05-03 09:00:00,579,Nagapattinam,24.0,-6.678
2023-05-03 10:00:00,579,Nagapattinam,14.5,-6.9405
2023-05-03 11:00:00,579,Nagapattinam,96.5,-6.9405
2023-05-03 12:00:00,579,Nagapattinam,55.5,-6.9405
2023-05-03 13:00:00,579,Nagapattinam,42.5,-6.9405
2023-05-03 14:00:00,579,Nagapattinam,46.5,-6.9405
2023-05-03 15:00:00,579,Nagapattinam,29.0,-6.9405
2023-05-04 09:00:00,579,Nagapattinam,35.0,-6.862
2023-05-04 10:00:00,579,Nagapattinam,21.5,-7.1005
2023-05-04 12:00:00,579,Nagapattinam,8.5,-7.1005
2023-05-04 13:00:00,579,Nagapattinam,4.5,-7.1005
2023-05-04 14:00:00,579,Nagapattinam,85.5,-7.1005
2023-05-04 15:00:00,579,Nagapattinam,47.5,-7.1005
2023-05-04 16:00:00,579,Nagapattinam,17.5,-6.9775
2023-05-04 17:00:00,579,Nagapattinam,11.0,-6.9775
2023-05-04 18:00:00,579,Nagapattinam,10.5,-6.9775
2023-05-04 19:00:00,579,Nagapattinam,28.0,-6.9775
2023-05-04 20:00:00,579,Nagapattinam,3.5,-6.9775
2023-05-04 21:00:00,579,Nagapattinam,4.5,-6.9775
2023-05-04 22:00:00,579,Nagapattinam,14.5,-6.9695
2023-05-04 23:00:00,579,Nagapattinam,15.5,-6.9695
2023-05-05 00:00:00,579,Nagapattinam,24.5,-6.9695
2023-05-05 01:00:00,579,Nagapattinam,1.5,-6.9695
2023-05-05 02:00:00,579,Nagapattinam,2.0,-6.9695
2023-05-05 03:00:00,579,Nagapattinam,13.0,-6.9695
2023-05-05 04:00:00,579,Nagapattinam,7.5,-6.9115
2023-05-05 05:00:00,579,Nagapattinam,6.5,-6.9115
2023-05-05 06:00:00,579,Nagapattinam,4.0,-6.9115
2023-05-05 07:00:00,579,Nagapattinam,3.5,-6.9115
2023-05-05 08:00:00,579,Nagapattinam,7.0,-6.9115
2023-05-05 09:00:00,579,Nagapattinam,2.0,-6.9115
2023-05-05 10:00:00,579,Nagapattinam,13.0,-7.0680000000000005
2023-05-05 11:00:00,579,Nagapattinam,7.0,-7.0680000000000005
2023-05-05 12:00:00,579,Nagapattinam,18.5,-7.0680000000000005
2023-05-05 13:00:00,579,Nagapattinam,72.0,-7.0680000000000005
2023-05-05 14:00:00,579,Nagapattinam,137.0,-7.0680000000000005
2023-05-05 15:00:00,579,Nagapattinam,108.5,-7.0680000000000005
2023-05-05 16:00:00,579,Nagapattinam,31.5,-7.1765
2023-05-05 17:00:00,579,Nagapattinam,52.5,-7.1765
2023-05-05 18:00:00,579,Nagapattinam,5.0,-7.1765
2023-05-06 06:00:00,579,Nagapattinam,0.5,-7.3605
2023-05-06 08:00:00,579,Nagapattinam,1.0,-7.3605
2023-05-06 09:00:00,579,Nagapattinam,2.0,-7.3605
2023-05-06 10:00:00,579,Nagapattinam,4.0,-7.3795
2023-05-06 12:00:00,579,Nagapattinam,26.5,-7.3795
2023-05-06 13:00:00,579,Nagapattinam,25.0,-7.3795
2023-05-06 14:00:00,579,Nagapattinam,55.5,-7.3795
2023-05-06 15:00:00,579,Nagapattinam,30.5,-7.3795
2023-05-06 16:00:00,579,Nagapattinam,41.0,-7.330500000000001
2023-05-06 20:00:00,579,Nagapattinam,1.0,-7.330500000000001
2023-05-06 21:00:00,579,Nagapattinam,1.5,-7.330500000000001
2023-05-06 22:00:00,579,Nagapattinam,0.5,-7.109500000000001
2023-05-07 02:00:00,579,Nagapattinam,1.0,-7.109500000000001
2023-05-07 05:00:00,579,Nagapattinam,17.0,-7.0005
2023-05-07 06:00:00,579,Nagapattinam,7.5,-7.0005
2023-05-07 07:00:00,579,Nagapattinam,7.5,-7.0005
2023-05-07 08:00:00,579,Nagapattinam,8.0,-7.0005
2023-05-07 09:00:00,579,Nagapattinam,16.0,-7.0005
2023-05-07 10:00:00,579,Nagapattinam,4.5,-7.2415
2023-05-07 11:00:00,579,Nagapattinam,18.0,-7.2415
2023-05-07 12:00:00,579,Nagapattinam,15.5,-7.2415
2023-05-07 13:00:00,579,Nagapattinam,17.5,-7.2415
2023-05-07 14:00:00,579,Nagapattinam,35.0,-7.2415
2023-05-07 15:00:00,579,Nagapattinam,20.0,-7.2415
2023-05-07 16:00:00,579,Nagapattinam,8.0,-7.439
2023-05-07 17:00:00,579,Nagapattinam,7.5,-7.439
2023-05-07 18:00:00,579,Nagapattinam,1.5,-7.439
2023-05-07 19:00:00,579,Nagapattinam,6.5,-7.439
2023-05-07 20:00:00,579,Nagapattinam,4.5,-7.439
2023-05-07 21:00:00,579,Nagapattinam,1.0,-7.439
2023-05-07 22:00:00,579,Nagapattinam,0.5,-7.2265
2023-05-07 23:00:00,579,Nagapattinam,1.0,-7.2265
2023-05-08 00:00:00,579,Nagapattinam,1.5,-7.2265
2023-05-08 01:00:00,579,Nagapattinam,0.5,-7.2265
2023-05-08 02:00:00,579,Nagapattinam,1.0,-7.2265
2023-05-08 05:00:00,579,Nagapattinam,1.0,-7.080499999999999
2023-05-08 06:00:00,579,Nagapattinam,0.5,-7.080499999999999
2023-05-08 07:00:00,579,Nagapattinam,4.0,-7.080499999999999
2023-05-08 08:00:00,579,Nagapattinam,6.0,-7.080499999999999
2023-05-08 09:00:00,579,Nagapattinam,3.0,-7.080499999999999
2023-05-08 10:00:00,579,Nagapattinam,1.0,-7.1735
2023-05-08 11:00:00,579,Nagapattinam,7.0,-7.1735
2023-05-08 12:00:00,579,Nagapattinam,6.5,-7.1735
2023-05-08 13:00:00,579,Nagapattinam,14.0,-7.1735
2023-05-08 14:00:00,579,Nagapattinam,9.5,-7.1735
2023-05-08 15:00:00,579,Nagapattinam,7.0,-7.1735
2023-05-08 16:00:00,579,Nagapattinam,8.5,-6.9535
2023-05-08 17:00:00,579,Nagapattinam,8.0,-6.9535
2023-05-08 18:00:00,579,Nagapattinam,7.0,-6.9535
2023-05-08 19:00:00,579,Nagapattinam,12.0,-6.9535
2023-05-08 20:00:00,579,Nagapattinam,2.5,-6.9535
2023-05-08 21:00:00,579,Nagapattinam,8.0,-6.9535
2023-05-08 22:00:00,579,Nagapattinam,4.5,-7.295999999999999
2023-05-08 23:00:00,579,Nagapattinam,1.5,-7.295999999999999
2023-05-09 00:00:00,579,Nagapattinam,2.0,-7.295999999999999
2023-05-09 01:00:00,579,Nagapattinam,5.5,-7.295999999999999
2023-05-09 02:00:00,579,Nagapattinam,5.0,-7.295999999999999
2023-05-09 03:00:00,579,Nagapattinam,6.5,-7.295999999999999
2023-05-09 04:00:00,579,Nagapattinam,3.0,-7.3795
2023-05-09 05:00:00,579,Nagapattinam,4.0,-7.3795
2023-05-09 07:00:00,579,Nagapattinam,15.0,-7.3795
2023-05-09 08:00:00,579,Nagapattinam,8.0,-7.3795
2023-05-09 09:00:00,579,Nagapattinam,4.5,-7.3795
2023-05-09 10:00:00,579,Nagapattinam,12.5,-7.596500000000001
2023-05-09 11:00:00,579,Nagapattinam,21.5,-7.596500000000001
2023-05-09 12:00:00,579,Nagapattinam,11.5,-7.596500000000001
2023-05-09 13:00:00,579,Nagapattinam,23.5,-7.596500000000001
2023-05-09 14:00:00,579,Nagapattinam,8.5,-7.596500000000001
2023-05-09 15:00:00,579,Nagapattinam,14.0,-7.596500000000001
2023-05-09 16:00:00,579,Nagapattinam,4.5,-7.302
2023-05-09 17:00:00,579,Nagapattinam,9.0,-7.302
2023-05-09 18:00:00,579,Nagapattinam,7.5,-7.302
2023-05-09 19:00:00,579,Nagapattinam,2.5,-7.302
2023-05-09 20:00:00,579,Nagapattinam,1.5,-7.302
2023-05-09 21:00:00,579,Nagapattinam,2.5,-7.302
2023-05-09 22:00:00,579,Nagapattinam,1.5,-7.1705000000000005
2023-05-09 23:00:00,579,Nagapattinam,1.0,-7.1705000000000005
2023-05-10 00:00:00,579,Nagapattinam,1.5,-7.1705000000000005
2023-05-10 01:00:00,579,Nagapattinam,3.5,-7.1705000000000005
2023-05-10 02:00:00,579,Nagapattinam,0.5,-7.1705000000000005
2023-05-10 03:00:00,579,Nagapattinam,6.0,-7.1705000000000005
2023-05-10 04:00:00,579,Nagapattinam,5.5,-7.0245
2023-05-10 05:00:00,579,Nagapattinam,6.5,-7.0245
2023-05-10 06:00:00,579,Nagapattinam,2.0,-7.0245
2023-05-10 07:00:00,579,Nagapattinam,1.0,-7.0245
2023-05-10 08:00:00,579,Nagapattinam,6.5,-7.0245
2023-05-10 09:00:00,579,Nagapattinam,15.5,-7.0245
2023-05-10 10:00:00,579,Nagapattinam,16.5,-7.3565
2023-05-10 11:00:00,579,Nagapattinam,14.0,-7.3565
2023-05-10 12:00:00,579,Nagapattinam,17.5,-7.3565
2023-05-10 13:00:00,579,Nagapattinam,29.0,-7.3565
2023-05-10 14:00:00,579,Nagapattinam,28.5,-7.3565
2023-05-10 15:00:00,579,Nagapattinam,19.0,-7.3565
2023-05-10 16:00:00,579,Nagapattinam,11.5,-7.376
2023-05-10 17:00:00,579,Nagapattinam,13.0,-7.376
2023-05-10 18:00:00,579,Nagapattinam,8.5,-7.376
2023-05-10 20:00:00,579,Nagapattinam,1.5,-7.376
2023-05-10 21:00:00,579,Nagapattinam,2.0,-7.376
2023-05-10 22:00:00,579,Nagapattinam,6.0,-7.311999999999999
2023-05-10 23:00:00,579,Nagapattinam,17.0,-7.311999999999999
2023-05-11 00:00:00,579,Nagapattinam,7.0,-7.311999999999999
2023-05-11 01:00:00,579,Nagapattinam,3.0,-7.311999999999999
2023-05-11 02:00:00,579,Nagapattinam,0.5,-7.311999999999999
2023-05-11 03:00:00,579,Nagapattinam,11.5,-7.311999999999999
2023-05-11 04:00:00,579,Nagapattinam,3.0,-7.325
2023-05-11 05:00:00,579,Nagapattinam,3.5,-7.325
2023-05-11 06:00:00,579,Nagapattinam,1.5,-7.325
2023-05-11 07:00:00,579,Nagapattinam,0.5,-7.325
2023-05-11 08:00:00,579,Nagapattinam,0.5,-7.325
2023-05-11 09:00:00,579,Nagapattinam,3.0,-7.325
2023-05-11 10:00:00,579,Nagapattinam,1.5,-7.495
2023-05-11 11:00:00,579,Nagapattinam,7.0,-7.495
2023-05-11 12:00:00,579,Nagapattinam,5.0,-7.495
2023-05-11 13:00:00,579,Nagapattinam,3.0,-8.876
2023-05-11 14:00:00,579,Nagapattinam,2.0,-8.876
2023-05-11 15:00:00,579,Nagapattinam,1.0,-8.876
2023-05-11 16:00:00,579,Nagapattinam,0.5,-7.874499999999999
2023-05-11 17:00:00,579,Nagapattinam,2.5,-7.874499999999999
2023-05-11 18:00:00,579,Nagapattinam,0.5,-7.874499999999999
2023-05-11 19:00:00,579,Nagapattinam,1.0,-7.874499999999999
2023-05-11 20:00:00,579,Nagapattinam,1.5,-7.874499999999999
2023-05-11 21:00:00,579,Nagapattinam,2.5,-7.874499999999999
2023-05-12 00:00:00,579,Nagapattinam,3.5,-7.693999999999999
2023-05-12 04:00:00,579,Nagapattinam,2.0,-7.574
2023-05-12 05:00:00,579,Nagapattinam,0.5,-7.574
2023-05-12 06:00:00,579,Nagapattinam,0.5,-7.574
2023-05-12 07:00:00,579,Nagapattinam,3.0,-7.574
2023-05-12 08:00:00,579,Nagapattinam,3.0,-7.574
2023-05-12 09:00:00,579,Nagapattinam,15.0,-7.574
2023-05-12 10:00:00,579,Nagapattinam,2.0,-7.752
2023-05-12 11:00:00,579,Nagapattinam,25.5,-7.752
2023-05-12 12:00:00,579,Nagapattinam,75.0,-7.752
2023-05-12 13:00:00,579,Nagapattinam,27.0,-7.752
2023-05-12 14:00:00,579,Nagapattinam,5.5,-7.752
2023-05-12 16:00:00,579,Nagapattinam,21.0,-7.4855
2023-05-12 17:00:00,579,Nagapattinam,14.0,-7.4855
2023-05-12 18:00:00,579,Nagapattinam,1.5,-7.4855
2023-05-12 19:00:00,579,Nagapattinam,7.0,-7.4855
2023-05-12 20:00:00,579,Nagapattinam,2.5,-7.4855
2023-05-12 22:00:00,579,Nagapattinam,4.0,-7.4745
2023-05-12 23:00:00,579,Nagapattinam,2.0,-7.4745
2023-05-13 00:00:00,579,Nagapattinam,4.5,-7.4745
2023-05-13 01:00:00,579,Nagapattinam,6.0,-7.4745
2023-05-13 02:00:00,579,Nagapattinam,3.0,-7.4745
2023-05-13 03:00:00,579,Nagapattinam,5.0,-7.4745
2023-05-13 04:00:00,579,Nagapattinam,3.5,-7.447
2023-05-13 06:00:00,579,Nagapattinam,4.0,-7.447
2023-05-13 07:00:00,579,Nagapattinam,4.0,-7.447
2023-05-13 08:00:00,579,Nagapattinam,1.5,-7.447
2023-05-13 09:00:00,579,Nagapattinam,9.5,-7.447
2023-05-13 10:00:00,579,Nagapattinam,17.0,-7.679
2023-05-13 11:00:00,579,Nagapattinam,11.0,-7.679
2023-05-13 12:00:00,579,Nagapattinam,8.0,-7.679
2023-05-13 13:00:00,579,Nagapattinam,5.5,-7.679
2023-05-13 14:00:00,579,Nagapattinam,11.0,-7.679
2023-05-13 15:00:00,579,Nagapattinam,3.0,-7.679
2023-05-13 16:00:00,579,Nagapattinam,7.0,-7.7255
2023-05-13 17:00:00,579,Nagapattinam,4.0,-7.7255
2023-05-13 18:00:00,579,Nagapattinam,0.5,-7.7255
2023-05-13 19:00:00,579,Nagapattinam,3.0,-7.7255
2023-05-13 20:00:00,579,Nagapattinam,1.5,-7.7255
2023-05-13 21:00:00,579,Nagapattinam,6.5,-7.7255
2023-05-13 22:00:00,579,Nagapattinam,1.0,-7.609
2023-05-13 23:00:00,579,Nagapattinam,2.0,-7.609
2023-05-14 00:00:00,579,Nagapattinam,5.0,-7.609
2023-05-14 02:00:00,579,Nagapattinam,0.5,-7.609
2023-05-14 04:00:00,579,Nagapattinam,3.5,-7.629
2023-05-14 05:00:00,579,Nagapattinam,1.5,-7.629
2023-05-14 07:00:00,579,Nagapattinam,0.5,-7.629
2023-05-14 08:00:00,579,Nagapattinam,0.5,-7.629
2023-05-14 09:00:00,579,Nagapattinam,1.5,-7.629
2023-05-14 10:00:00,579,Nagapattinam,1.5,-7.8415
2023-05-14 11:00:00,579,Nagapattinam,10.5,-7.8415
2023-05-14 12:00:00,579,Nagapattinam,37.0,-7.8415
2023-05-14 13:00:00,579,Nagapattinam,26.0,-7.8415
2023-05-14 14:00:00,579,Nagapattinam,42.5,-7.8415
2023-05-14 15:00:00,579,Nagapattinam,12.0,-7.8415
2023-05-14 16:00:00,579,Nagapattinam,27.5,-7.9545
2023-05-14 17:00:00,579,Nagapattinam,11.0,-7.9545
2023-05-14 18:00:00,579,Nagapattinam,4.5,-7.9545
2023-05-14 19:00:00,579,Nagapattinam,1.5,-7.9545
2023-05-14 20:00:00,579,Nagapattinam,1.5,-7.9545
2023-05-14 21:00:00,579,Nagapattinam,1.0,-7.9545
2023-05-14 22:00:00,579,Nagapattinam,2.0,-7.8545
2023-05-14 23:00:00,579,Nagapattinam,1.0,-7.8545
2023-05-15 00:00:00,579,Nagapattinam,6.0,-7.8545
2023-05-15 01:00:00,579,Nagapattinam,2.5,-7.8545
2023-05-15 02:00:00,579,Nagapattinam,5.5,-7.8545
2023-05-15 03:00:00,579,Nagapattinam,5.5,-7.8545
2023-05-15 04:00:00,579,Nagapattinam,4.0,-7.8285
2023-05-15 05:00:00,579,Nagapattinam,5.0,-7.8285
2023-05-15 06:00:00,579,Nagapattinam,29.0,-7.8285
2023-05-15 07:00:00,579,Nagapattinam,53.0,-7.8285
2023-05-15 08:00:00,579,Nagapattinam,4.0,-7.8285
2023-05-15 09:00:00,579,Nagapattinam,1.0,-7.8285
2023-05-15 10:00:00,579,Nagapattinam,2.5,-7.9925
2023-05-15 11:00:00,579,Nagapattinam,3.5,-7.9925
2023-05-15 12:00:00,579,Nagapattinam,5.5,-7.9925
2023-05-15 13:00:00,579,Nagapattinam,16.0,-7.9925
2023-05-15 14:00:00,579,Nagapattinam,19.0,-7.9925
2023-05-15 15:00:00,579,Nagapattinam,24.0,-7.9925
2023-05-15 16:00:00,579,Nagapattinam,11.5,-7.8795
2023-05-15 17:00:00,579,Nagapattinam,4.5,-7.8795
2023-05-15 18:00:00,579,Nagapattinam,15.5,-7.8795
2023-05-15 19:00:00,579,Nagapattinam,11.0,-7.8795
2023-05-15 20:00:00,579,Nagapattinam,9.5,-7.8795
2023-05-15 21:00:00,579,Nagapattinam,6.0,-7.8795
2023-05-15 22:00:00,579,Nagapattinam,2.0,-7.771
2023-05-15 23:00:00,579,Nagapattinam,2.5,-7.771
2023-05-16 00:00:00,579,Nagapattinam,6.0,-7.771
2023-05-16 01:00:00,579,Nagapattinam,1.5,-7.771
2023-05-16 02:00:00,579,Nagapattinam,15.0,-7.771
2023-05-16 03:00:00,579,Nagapattinam,4.5,-7.771
2023-05-16 04:00:00,579,Nagapattinam,5.0,-9.349
2023-05-16 05:00:00,579,Nagapattinam,5.0,-9.349
2023-05-16 06:00:00,579,Nagapattinam,5.0,-9.349
2023-05-16 07:00:00,579,Nagapattinam,12.0,-9.349
2023-05-16 08:00:00,579,Nagapattinam,2.0,-9.349
2023-05-16 11:00:00,579,Nagapattinam,23.0,-9.358
2023-05-16 16:00:00,579,Nagapattinam,19.0,-9.221
2023-06-01 22:00:00,579,Nagapattinam,10.0,-9.1365
2023-06-01 23:00:00,579,Nagapattinam,2.5,-9.1365
2023-06-02 01:00:00,579,Nagapattinam,1.0,-9.1365
2023-06-02 02:00:00,579,Nagapattinam,0.5,-9.1365
2023-06-02 03:00:00,579,Nagapattinam,0.5,-9.1365
2023-06-02 04:00:00,579,Nagapattinam,2.0,-9.034
2023-06-02 05:00:00,579,Nagapattinam,2.5,-9.034
2023-06-02 06:00:00,579,Nagapattinam,0.5,-9.034
2023-06-02 07:00:00,579,Nagapattinam,2.0,-9.034
2023-06-02 08:00:00,579,Nagapattinam,4.5,-9.034
2023-06-02 09:00:00,579,Nagapattinam,3.0,-9.034
2023-06-02 10:00:00,579,Nagapattinam,5.5,-9.099
2023-06-02 12:00:00,579,Nagapattinam,7.5,-9.099
2023-06-02 13:00:00,579,Nagapattinam,7.0,-9.099
2023-06-02 14:00:00,579,Nagapattinam,3.0,-9.099
2023-06-02 15:00:00,579,Nagapattinam,0.5,-9.099
2023-06-02 17:00:00,579,Nagapattinam,4.0,-9.157
2023-06-02 18:00:00,579,Nagapattinam,8.0,-9.157
2023-06-02 19:00:00,579,Nagapattinam,2.0,-9.157
2023-06-02 20:00:00,579,Nagapattinam,3.0,-9.157
2023-06-02 21:00:00,579,Nagapattinam,23.0,-9.157
2023-06-02 22:00:00,579,Nagapattinam,26.5,-9.144
2023-06-02 23:00:00,579,Nagapattinam,25.5,-9.144
2023-06-03 00:00:00,579,Nagapattinam,4.0,-9.144
2023-06-03 01:00:00,579,Nagapattinam,3.0,-9.144
2023-06-03 02:00:00,579,Nagapattinam,14.5,-9.144
2023-06-03 03:00:00,579,Nagapattinam,15.0,-9.144
2023-06-03 04:00:00,579,Nagapattinam,3.0,-9.0805
2023-06-03 05:00:00,579,Nagapattinam,12.5,-9.0805
2023-06-03 06:00:00,579,Nagapattinam,5.5,-9.0805
2023-06-03 07:00:00,579,Nagapattinam,6.5,-9.0805
2023-06-03 08:00:00,579,Nagapattinam,5.5,-9.0805
2023-06-03 09:00:00,579,Nagapattinam,1.5,-9.0805
2023-06-03 10:00:00,579,Nagapattinam,8.5,-9.0605
2023-06-03 11:00:00,579,Nagapattinam,3.5,-9.0605
2023-06-03 12:00:00,579,Nagapattinam,13.5,-9.0605
2023-06-03 13:00:00,579,Nagapattinam,3.0,-9.0605
2023-06-03 14:00:00,579,Nagapattinam,0.5,-9.0605
2023-06-03 15:00:00,579,Nagapattinam,3.5,-9.0605
2023-06-03 17:00:00,579,Nagapattinam,1.0,-9.168
2023-06-03 18:00:00,579,Nagapattinam,2.0,-9.168
2023-06-03 19:00:00,579,Nagapattinam,4.0,-9.168
2023-06-03 20:00:00,579,Nagapattinam,3.5,-9.168
2023-06-03 21:00:00,579,Nagapattinam,3.5,-9.168
2023-06-03 22:00:00,579,Nagapattinam,2.0,-9.143
2023-06-03 23:00:00,579,Nagapattinam,0.5,-9.143
2023-06-04 01:00:00,579,Nagapattinam,1.0,-9.143
2023-06-04 02:00:00,579,Nagapattinam,0.5,-9.143
2023-06-04 03:00:00,579,Nagapattinam,2.0,-9.143
2023-06-04 05:00:00,579,Nagapattinam,0.5,-9.1265
2023-06-04 06:00:00,579,Nagapattinam,1.5,-9.1265
2023-06-04 07:00:00,579,Nagapattinam,1.5,-9.1265
2023-06-04 09:00:00,579,Nagapattinam,2.0,-9.1265
2023-06-04 10:00:00,579,Nagapattinam,1.0,-9.073
2023-06-04 11:00:00,579,Nagapattinam,2.0,-9.073
2023-06-04 12:00:00,579,Nagapattinam,1.5,-9.073
2023-06-04 13:00:00,579,Nagapattinam,6.5,-9.073
2023-06-04 14:00:00,579,Nagapattinam,9.5,-9.073
2023-06-04 15:00:00,579,Nagapattinam,1.5,-9.073
2023-06-04 16:00:00,579,Nagapattinam,2.0,-9.3525
2023-06-04 19:00:00,579,Nagapattinam,0.5,-9.3525
2023-06-04 20:00:00,579,Nagapattinam,1.0,-9.3525
2023-06-04 21:00:00,579,Nagapattinam,0.5,-9.3525
2023-06-04 22:00:00,579,Nagapattinam,0.5,-9.1885
2023-06-04 23:00:00,579,Nagapattinam,2.0,-9.1885
2023-06-05 00:00:00,579,Nagapattinam,1.5,-9.1885
2023-06-05 01:00:00,579,Nagapattinam,1.5,-9.1885
2023-06-05 02:00:00,579,Nagapattinam,1.5,-9.1885
2023-06-05 05:00:00,579,Nagapattinam,2.5,-9.17
2023-06-05 06:00:00,579,Nagapattinam,3.0,-9.17
2023-06-05 08:00:00,579,Nagapattinam,13.0,-9.17
2023-06-05 09:00:00,579,Nagapattinam,1.5,-9.17
2023-06-05 10:00:00,579,Nagapattinam,4.5,-9.292
2023-06-05 11:00:00,579,Nagapattinam,5.0,-9.292
2023-06-05 12:00:00,579,Nagapattinam,1.5,-9.292
2023-06-05 13:00:00,579,Nagapattinam,0.5,-9.292
2023-06-05 14:00:00,579,Nagapattinam,0.5,-9.292
2023-06-05 15:00:00,579,Nagapattinam,1.0,-9.292
2023-06-05 17:00:00,579,Nagapattinam,0.5,-9.118
2023-06-05 18:00:00,579,Nagapattinam,4.0,-9.118
2023-06-05 19:00:00,579,Nagapattinam,0.5,-9.118
2023-06-05 20:00:00,579,Nagapattinam,1.5,-9.118
2023-06-05 23:00:00,579,Nagapattinam,1.0,-9.1205
2023-06-06 03:00:00,579,Nagapattinam,0.5,-9.1205
2023-06-06 04:00:00,579,Nagapattinam,0.5,-9.0195
2023-06-06 05:00:00,579,Nagapattinam,1.5,-9.0195
2023-06-06 06:00:00,579,Nagapattinam,0.5,-9.0195
2023-06-06 07:00:00,579,Nagapattinam,1.0,-9.0195
2023-06-06 09:00:00,579,Nagapattinam,3.5,-9.0195
2023-06-06 10:00:00,579,Nagapattinam,1.0,-9.094
2023-06-06 11:00:00,579,Nagapattinam,9.0,-9.094
2023-06-06 12:00:00,579,Nagapattinam,0.5,-9.094
2023-06-06 13:00:00,579,Nagapattinam,5.5,-9.094
2023-06-06 14:00:00,579,Nagapattinam,3.0,-9.094
2023-06-06 15:00:00,579,Nagapattinam,3.0,-9.094
2023-06-06 16:00:00,579,Nagapattinam,1.5,-9.137
2023-06-06 17:00:00,579,Nagapattinam,10.5,-9.137
2023-06-06 18:00:00,579,Nagapattinam,9.0,-9.137
2023-06-06 19:00:00,579,Nagapattinam,3.0,-9.137
2023-06-07 03:00:00,579,Nagapattinam,0.5,-9.066
2023-06-07 05:00:00,579,Nagapattinam,0.5,-9.0335
2023-06-07 06:00:00,579,Nagapattinam,0.5,-9.0335
2023-06-07 07:00:00,579,Nagapattinam,2.5,-9.0335
2023-06-07 08:00:00,579,Nagapattinam,4.0,-9.0335
2023-06-07 09:00:00,579,Nagapattinam,2.5,-9.0335
2023-06-07 10:00:00,579,Nagapattinam,3.0,-9.1525
2023-06-07 11:00:00,579,Nagapattinam,12.5,-9.1525
2023-06-07 12:00:00,579,Nagapattinam,12.0,-9.1525
2023-06-07 13:00:00,579,Nagapattinam,3.0,-9.1525
2023-06-07 14:00:00,579,Nagapattinam,0.5,-9.1525
2023-06-07 15:00:00,579,Nagapattinam,7.5,-9.1525
2023-06-07 16:00:00,579,Nagapattinam,2.5,-9.2105
2023-06-07 17:00:00,579,Nagapattinam,1.5,-9.2105
2023-06-07 18:00:00,579,Nagapattinam,1.0,-9.2105
2023-06-07 20:00:00,579,Nagapattinam,1.5,-9.2105
2023-06-07 21:00:00,579,Nagapattinam,1.0,-9.2105
2023-06-07 22:00:00,579,Nagapattinam,1.0,-9.0455
2023-06-07 23:00:00,579,Nagapattinam,2.5,-9.0455
2023-06-08 01:00:00,579,Nagapattinam,0.5,-9.0455
2023-06-08 04:00:00,579,Nagapattinam,0.5,-8.9825
2023-06-08 05:00:00,579,Nagapattinam,2.5,-8.9825
2023-06-08 06:00:00,579,Nagapattinam,16.0,-8.9825
2023-06-08 07:00:00,579,Nagapattinam,2.0,-8.9825
2023-06-10 09:00:00,579,Nagapattinam,0.5,-9.312
2023-06-10 10:00:00,579,Nagapattinam,0.5,-9.38
2023-06-10 11:00:00,579,Nagapattinam,2.0,-9.38
2023-06-10 13:00:00,579,Nagapattinam,0.5,-9.38
2023-06-10 14:00:00,579,Nagapattinam,0.5,-9.38
2023-06-10 16:00:00,579,Nagapattinam,1.0,-9.188
2023-06-10 17:00:00,579,Nagapattinam,0.5,-9.188
2023-06-10 18:00:00,579,Nagapattinam,20.5,-9.188
2023-06-10 19:00:00,579,Nagapattinam,13.0,-9.188
2023-06-10 20:00:00,579,Nagapattinam,5.5,-9.188
2023-06-10 21:00:00,579,Nagapattinam,1.5,-9.188
2023-06-10 22:00:00,579,Nagapattinam,4.0,-9.374
2023-06-10 23:00:00,579,Nagapattinam,5.0,-9.374
2023-06-11 00:00:00,579,Nagapattinam,17.0,-9.374
2023-06-11 01:00:00,579,Nagapattinam,9.0,-9.374
2023-06-11 02:00:00,579,Nagapattinam,0.5,-9.374
2023-06-11 03:00:00,579,Nagapattinam,0.5,-9.374
2023-06-11 04:00:00,579,Nagapattinam,2.0,-9.4435
2023-06-11 05:00:00,579,Nagapattinam,1.5,-9.4435
2023-06-11 06:00:00,579,Nagapattinam,22.5,-9.4435
2023-06-11 07:00:00,579,Nagapattinam,4.5,-9.4435
2023-06-11 08:00:00,579,Nagapattinam,15.5,-9.4435
2023-06-11 09:00:00,579,Nagapattinam,5.0,-9.4435
2023-06-11 10:00:00,579,Nagapattinam,7.5,-9.6795
2023-06-11 11:00:00,579,Nagapattinam,576.5,-9.6795
2023-06-11 12:00:00,579,Nagapattinam,163.5,-9.6795
2023-06-11 13:00:00,579,Nagapattinam,66.5,-9.6795
2023-06-11 14:00:00,579,Nagapattinam,48.5,-9.6795
2023-06-11 15:00:00,579,Nagapattinam,13.5,-9.6795
2023-06-11 16:00:00,579,Nagapattinam,8.0,-9.53
2023-06-11 17:00:00,579,Nagapattinam,12.5,-9.53
2023-06-11 18:00:00,579,Nagapattinam,7.0,-9.53
2023-06-11 19:00:00,579,Nagapattinam,1.5,-9.53
2023-06-11 20:00:00,579,Nagapattinam,6.5,-9.53
2023-06-11 21:00:00,579,Nagapattinam,10.5,-9.53
2023-06-11 22:00:00,579,Nagapattinam,8.5,-9.53
2023-06-11 23:00:00,579,Nagapattinam,20.5,-9.53
2023-06-12 00:00:00,579,Nagapattinam,9.0,-9.53
2023-06-12 01:00:00,579,Nagapattinam,23.5,-9.53
2023-06-12 02:00:00,579,Nagapattinam,10.0,-9.53
2023-06-12 03:00:00,579,Nagapattinam,15.5,-9.53
2023-06-12 04:00:00,579,Nagapattinam,7.0,-9.4475
2023-06-12 05:00:00,579,Nagapattinam,14.0,-9.4475
2023-06-12 06:00:00,579,Nagapattinam,6.5,-9.4475
2023-06-12 07:00:00,579,Nagapattinam,5.5,-9.4475
2023-06-12 08:00:00,579,Nagapattinam,19.5,-9.4475
2023-06-12 09:00:00,579,Nagapattinam,31.0,-9.4475
2023-06-12 10:00:00,579,Nagapattinam,44.0,-9.4305
2023-06-12 11:00:00,579,Nagapattinam,33.5,-9.4305
2023-06-12 12:00:00,579,Nagapattinam,22.5,-9.4305
2023-06-12 13:00:00,579,Nagapattinam,52.0,-9.4305
2023-06-12 14:00:00,579,Nagapattinam,27.5,-9.4305
2023-06-12 15:00:00,579,Nagapattinam,25.0,-9.4305
2023-06-12 16:00:00,579,Nagapattinam,15.5,-9.545
2023-06-12 17:00:00,579,Nagapattinam,30.0,-9.545
2023-06-12 18:00:00,579,Nagapattinam,15.5,-9.545
2023-06-12 19:00:00,579,Nagapattinam,9.5,-9.545
2023-06-12 20:00:00,579,Nagapattinam,9.0,-9.545
2023-06-12 21:00:00,579,Nagapattinam,7.25,-9.545
2023-06-12 22:00:00,579,Nagapattinam,6.0,-9.5495
2023-06-12 23:00:00,579,Nagapattinam,5.5,-9.5495
2023-06-13 00:00:00,579,Nagapattinam,1.5,-9.5495
2023-06-13 01:00:00,579,Nagapattinam,6.0,-9.5495
2023-06-13 02:00:00,579,Nagapattinam,6.0,-9.5495
2023-06-13 03:00:00,579,Nagapattinam,26.5,-9.5495
2023-06-13 04:00:00,579,Nagapattinam,8.0,-9.4775
2023-06-13 05:00:00,579,Nagapattinam,0.5,-9.4775
2023-06-13 06:00:00,579,Nagapattinam,2.0,-9.4775
2023-06-13 07:00:00,579,Nagapattinam,2.0,-9.4775
2023-06-13 08:00:00,579,Nagapattinam,3.25,-9.4775
2023-06-13 09:00:00,579,Nagapattinam,34.5,-9.4775
2023-06-13 10:00:00,579,Nagapattinam,6.0,-9.3585
2023-06-13 11:00:00,579,Nagapattinam,17.5,-9.3585
2023-06-13 12:00:00,579,Nagapattinam,2.0,-9.3585
2023-06-13 14:00:00,579,Nagapattinam,6.0,-9.3585
2023-06-13 15:00:00,579,Nagapattinam,14.0,-9.3585
2023-06-13 17:00:00,579,Nagapattinam,1.0,-9.299
2023-06-13 18:00:00,579,Nagapattinam,0.5,-9.299
2023-06-13 21:00:00,579,Nagapattinam,0.5,-9.299
2023-06-13 22:00:00,579,Nagapattinam,0.5,-9.368
2023-06-14 00:00:00,579,Nagapattinam,0.5,-9.368
2023-06-14 01:00:00,579,Nagapattinam,1.5,-9.368
2023-06-14 02:00:00,579,Nagapattinam,5.0,-9.368
2023-06-14 03:00:00,579,Nagapattinam,3.0,-9.368
2023-06-14 04:00:00,579,Nagapattinam,4.0,-9.3485
2023-06-14 05:00:00,579,Nagapattinam,1.0,-9.3485
2023-06-14 06:00:00,579,Nagapattinam,0.5,-9.3485
2023-06-14 07:00:00,579,Nagapattinam,3.5,-9.3485
2023-06-14 08:00:00,579,Nagapattinam,2.5,-9.3485
2023-06-14 09:00:00,579,Nagapattinam,2.0,-9.3485
2023-06-14 10:00:00,579,Nagapattinam,8.5,-9.3385
2023-06-14 11:00:00,579,Nagapattinam,10.5,-9.3385
2023-06-14 12:00:00,579,Nagapattinam,6.5,-9.3385
2023-06-14 13:00:00,579,Nagapattinam,2.0,-9.3385
2023-06-14 14:00:00,579,Nagapattinam,3.0,-9.3385
2023-06-14 15:00:00,579,Nagapattinam,3.5,-9.3385
2023-06-14 16:00:00,579,Nagapattinam,3.0,-9.5075
2023-06-14 17:00:00,579,Nagapattinam,4.5,-9.5075
2023-06-14 18:00:00,579,Nagapattinam,6.5,-9.5075
2023-06-14 19:00:00,579,Nagapattinam,3.0,-9.5075
2023-06-14 20:00:00,579,Nagapattinam,2.0,-9.5075
2023-06-14 21:00:00,579,Nagapattinam,7.0,-9.5075
2023-06-14 22:00:00,579,Nagapattinam,2.0,-9.423
2023-06-14 23:00:00,579,Nagapattinam,1.5,-9.423
2023-06-15 00:00:00,579,Nagapattinam,2.5,-9.423
2023-06-15 01:00:00,579,Nagapattinam,0.5,-9.423
2023-06-15 03:00:00,579,Nagapattinam,0.5,-9.423
2023-06-15 04:00:00,579,Nagapattinam,0.5,-9.3365
2023-06-15 05:00:00,579,Nagapattinam,1.0,-9.3365
2023-06-15 06:00:00,579,Nagapattinam,1.0,-9.3365
2023-06-15 07:00:00,579,Nagapattinam,3.5,-9.3365
2023-06-15 08:00:00,579,Nagapattinam,3.0,-9.3365
2023-06-15 09:00:00,579,Nagapattinam,9.0,-9.3365
2023-06-15 10:00:00,579,Nagapattinam,3.0,-9.2735
2023-06-15 11:00:00,579,Nagapattinam,9.5,-9.2735
2023-06-15 12:00:00,579,Nagapattinam,5.5,-9.2735
2023-06-15 13:00:00,579,Nagapattinam,1.5,-9.2735
2023-06-15 14:00:00,579,Nagapattinam,3.5,-9.2735
2023-06-15 15:00:00,579,Nagapattinam,3.0,-9.2735
2023-06-15 16:00:00,579,Nagapattinam,2.5,-9.513
2023-06-15 17:00:00,579,Nagapattinam,2.0,-9.513
2023-06-15 18:00:00,579,Nagapattinam,1.5,-9.513
2023-06-15 19:00:00,579,Nagapattinam,0.5,-9.513
2023-06-15 20:00:00,579,Nagapattinam,0.5,-9.513
2023-06-15 21:00:00,579,Nagapattinam,0.5,-9.513
2023-06-15 22:00:00,579,Nagapattinam,0.5,-9.4255
2023-06-15 23:00:00,579,Nagapattinam,0.5,-9.4255
2023-06-16 00:00:00,579,Nagapattinam,2.0,-9.4255
2023-06-16 01:00:00,579,Nagapattinam,1.0,-9.4255
2023-06-16 02:00:00,579,Nagapattinam,3.5,-9.4255
2023-06-16 03:00:00,579,Nagapattinam,2.0,-9.4255
2023-06-16 04:00:00,579,Nagapattinam,2.5,-9.2725
2023-06-16 05:00:00,579,Nagapattinam,4.5,-9.2725
2023-06-16 06:00:00,579,Nagapattinam,8.0,-9.2725
2023-06-16 07:00:00,579,Nagapattinam,3.5,-9.2725
2023-06-16 08:00:00,579,Nagapattinam,2.5,-9.2725
2023-06-16 09:00:00,579,Nagapattinam,3.5,-9.2725
2023-06-16 10:00:00,579,Nagapattinam,5.0,-9.31
2023-06-16 11:00:00,579,Nagapattinam,8.0,-9.31
2023-06-16 12:00:00,579,Nagapattinam,2.5,-9.31
2023-06-16 13:00:00,579,Nagapattinam,2.5,-9.31
2023-06-16 14:00:00,579,Nagapattinam,6.5,-9.31
2023-06-16 15:00:00,579,Nagapattinam,1.5,-9.31
2023-06-16 16:00:00,579,Nagapattinam,3.5,-9.668
2023-06-16 17:00:00,579,Nagapattinam,12.0,-9.668
2023-06-16 18:00:00,579,Nagapattinam,7.0,-9.668
2023-06-16 20:00:00,579,Nagapattinam,3.5,-9.668
2023-06-16 21:00:00,579,Nagapattinam,1.0,-9.668
2023-06-16 22:00:00,579,Nagapattinam,3.0,-9.3615
2023-06-16 23:00:00,579,Nagapattinam,3.0,-9.3615
2023-06-17 00:00:00,579,Nagapattinam,1.5,-9.3615
2023-06-17 02:00:00,579,Nagapattinam,1.5,-9.3615
2023-06-17 03:00:00,579,Nagapattinam,1.0,-9.3615
2023-06-17 04:00:00,579,Nagapattinam,1.5,-9.3925
2023-06-17 09:00:00,579,Nagapattinam,2.0,-9.3925
2023-06-17 10:00:00,579,Nagapattinam,2.5,-9.499
2023-06-17 11:00:00,579,Nagapattinam,3.5,-9.499
2023-06-17 12:00:00,579,Nagapattinam,1.5,-9.499
2023-06-17 13:00:00,579,Nagapattinam,1.0,-9.499
2023-06-17 14:00:00,579,Nagapattinam,1.5,-9.499
2023-06-17 16:00:00,579,Nagapattinam,1.0,-9.745
2023-06-17 21:00:00,579,Nagapattinam,6.0,-9.745
2023-06-17 22:00:00,579,Nagapattinam,10.0,-9.687
2023-06-17 23:00:00,579,Nagapattinam,7.0,-9.687
2023-06-18 00:00:00,579,Nagapattinam,1.0,-9.687
2023-06-18 01:00:00,579,Nagapattinam,3.0,-9.687
2023-06-18 02:00:00,579,Nagapattinam,2.0,-9.687
2023-06-18 03:00:00,579,Nagapattinam,1.5,-9.687
2023-06-18 04:00:00,579,Nagapattinam,3.5,-9.629
2023-06-18 05:00:00,579,Nagapattinam,4.0,-9.629
2023-06-18 06:00:00,579,Nagapattinam,3.0,-9.629
2023-06-18 07:00:00,579,Nagapattinam,16.0,-9.629
2023-06-18 08:00:00,579,Nagapattinam,13.0,-9.629
2023-06-18 09:00:00,579,Nagapattinam,2.5,-9.629
2023-06-18 10:00:00,579,Nagapattinam,1.5,-9.7295
2023-06-18 11:00:00,579,Nagapattinam,3.5,-9.7295
2023-06-18 12:00:00,579,Nagapattinam,2.75,-9.7295
2023-06-18 13:00:00,579,Nagapattinam,6.0,-9.7295
2023-06-18 14:00:00,579,Nagapattinam,2.5,-9.7295
2023-06-18 15:00:00,579,Nagapattinam,0.5,-9.7295
2023-06-18 17:00:00,579,Nagapattinam,0.75,-9.7005
2023-06-18 18:00:00,579,Nagapattinam,0.5,-9.7005
2023-06-18 19:00:00,579,Nagapattinam,1.0,-9.7005
2023-06-18 20:00:00,579,Nagapattinam,1.5,-9.7005
2023-06-18 21:00:00,579,Nagapattinam,1.0,-9.7005
2023-06-18 22:00:00,579,Nagapattinam,0.5,-9.606
2023-06-18 23:00:00,579,Nagapattinam,5.0,-9.606
2023-06-19 00:00:00,579,Nagapattinam,2.25,-9.606
2023-06-19 01:00:00,579,Nagapattinam,4.5,-9.606
2023-06-19 02:00:00,579,Nagapattinam,1.75,-9.606
2023-06-19 03:00:00,579,Nagapattinam,0.5,-9.606
2023-06-19 04:00:00,579,Nagapattinam,2.0,-9.369
2023-06-19 05:00:00,579,Nagapattinam,0.5,-9.369
2023-06-19 06:00:00,579,Nagapattinam,0.75,-9.369
2023-06-19 07:00:00,579,Nagapattinam,0.5,-9.369
2023-06-19 09:00:00,579,Nagapattinam,1.5,-9.369
2023-06-19 10:00:00,579,Nagapattinam,0.5,-9.5305
2023-06-19 13:00:00,579,Nagapattinam,2.5,-9.5305
2023-06-19 14:00:00,579,Nagapattinam,0.5,-9.5305
2023-06-19 15:00:00,579,Nagapattinam,2.5,-9.5305
2023-06-20 02:00:00,579,Nagapattinam,0.5,-9.4865
2023-06-20 03:00:00,579,Nagapattinam,1.0,-9.4865
2023-06-20 04:00:00,579,Nagapattinam,0.75,-9.444
2023-06-20 05:00:00,579,Nagapattinam,0.5,-9.444
2023-06-20 07:00:00,579,Nagapattinam,0.5,-9.444
2023-06-20 11:00:00,579,Nagapattinam,0.5,-9.471
2023-06-21 02:00:00,579,Nagapattinam,0.5,-9.35
2023-06-21 13:00:00,579,Nagapattinam,0.5,-9.323
2023-06-21 15:00:00,579,Nagapattinam,3.5,-9.323
2023-06-21 16:00:00,579,Nagapattinam,1.5,-9.3215
2023-06-21 17:00:00,579,Nagapattinam,1.0,-9.3215
2023-06-21 18:00:00,579,Nagapattinam,4.0,-9.3215
2023-06-21 20:00:00,579,Nagapattinam,1.0,-9.3215
2023-06-21 22:00:00,579,Nagapattinam,1.5,-9.3035
2023-06-22 08:00:00,579,Nagapattinam,0.5,-9.294
2023-06-22 09:00:00,579,Nagapattinam,0.5,-9.294
2023-06-22 12:00:00,579,Nagapattinam,1.0,-9.3545
2023-06-22 14:00:00,579,Nagapattinam,1.0,-9.3545
2023-06-22 15:00:00,579,Nagapattinam,1.0,-9.3545
2023-06-22 16:00:00,579,Nagapattinam,2.0,-9.3515
2023-06-23 01:00:00,579,Nagapattinam,0.5,-9.2785
2023-06-23 02:00:00,579,Nagapattinam,0.5,-9.2785
2023-06-23 10:00:00,579,Nagapattinam,2.5,-9.2705
2023-06-23 11:00:00,579,Nagapattinam,1.0,-9.2705
2023-06-23 12:00:00,579,Nagapattinam,2.5,-9.2705
2023-06-23 14:00:00,579,Nagapattinam,1.5,-9.2705
2023-06-23 15:00:00,579,Nagapattinam,0.5,-9.2705
2023-06-23 16:00:00,579,Nagapattinam,1.0,-9.2665
2023-06-24 10:00:00,579,Nagapattinam,0.5,-9.435
2023-06-24 12:00:00,579,Nagapattinam,1.5,-9.435
2023-06-24 13:00:00,579,Nagapattinam,0.5,-9.435
2023-06-24 14:00:00,579,Nagapattinam,0.5,-9.435
2023-06-24 20:00:00,579,Nagapattinam,0.5,-9.5325
2023-06-25 00:00:00,579,Nagapattinam,1.0,-9.4315
2023-06-25 01:00:00,579,Nagapattinam,21.5,-9.4315
2023-06-25 02:00:00,579,Nagapattinam,6.0,-9.4315
2023-06-25 03:00:00,579,Nagapattinam,33.0,-9.4315
2023-06-25 05:00:00,579,Nagapattinam,3.5,-9.398
2023-06-25 06:00:00,579,Nagapattinam,0.5,-9.398
2023-06-25 09:00:00,579,Nagapattinam,0.5,-9.398
2023-06-25 10:00:00,579,Nagapattinam,1.0,-9.523
2023-06-25 12:00:00,579,Nagapattinam,1.0,-9.523
2023-06-25 14:00:00,579,Nagapattinam,2.0,-9.523
2023-06-25 15:00:00,579,Nagapattinam,0.5,-9.523
2023-06-25 16:00:00,579,Nagapattinam,3.5,-9.5495
2023-06-25 17:00:00,579,Nagapattinam,4.5,-9.5495
2023-06-25 22:00:00,579,Nagapattinam,1.5,-9.4925
2023-06-25 23:00:00,579,Nagapattinam,2.0,-9.4925
2023-06-26 00:00:00,579,Nagapattinam,0.5,-9.4925
2023-06-26 01:00:00,579,Nagapattinam,1.5,-9.4925
2023-06-26 04:00:00,579,Nagapattinam,1.5,-9.4515
2023-06-26 06:00:00,579,Nagapattinam,0.5,-9.4515
2023-06-26 07:00:00,579,Nagapattinam,2.5,-9.4515
2023-06-26 08:00:00,579,Nagapattinam,1.0,-9.4515
2023-06-26 09:00:00,579,Nagapattinam,8.5,-9.4515
2023-06-26 10:00:00,579,Nagapattinam,0.5,-9.6235
2023-06-26 11:00:00,579,Nagapattinam,1.5,-9.6235
2023-06-26 12:00:00,579,Nagapattinam,6.0,-9.6235
2023-06-26 13:00:00,579,Nagapattinam,1.0,-9.6235
2023-06-26 14:00:00,579,Nagapattinam,2.5,-9.6235
2023-06-26 15:00:00,579,Nagapattinam,0.5,-9.6235
2023-06-26 16:00:00,579,Nagapattinam,0.5,-9.834
2023-06-26 18:00:00,579,Nagapattinam,0.5,-9.834
2023-06-26 19:00:00,579,Nagapattinam,1.0,-9.834
2023-06-26 22:00:00,579,Nagapattinam,0.5,-9.677
2023-06-26 23:00:00,579,Nagapattinam,1.5,-9.677
2023-06-27 00:00:00,579,Nagapattinam,0.5,-9.677
2023-06-27 01:00:00,579,Nagapattinam,1.5,-9.677
2023-06-27 02:00:00,579,Nagapattinam,1.5,-9.677
2023-06-27 04:00:00,579,Nagapattinam,3.5,-9.6485
2023-06-27 05:00:00,579,Nagapattinam,3.5,-9.6485
2023-06-27 07:00:00,579,Nagapattinam,0.5,-9.6485
2023-06-27 10:00:00,579,Nagapattinam,1.0,-9.634
2023-06-27 12:00:00,579,Nagapattinam,1.0,-9.634
2023-06-27 13:00:00,579,Nagapattinam,4.0,-9.634
2023-06-27 14:00:00,579,Nagapattinam,1.5,-9.634
2023-06-27 15:00:00,579,Nagapattinam,0.5,-9.634
2023-06-27 16:00:00,579,Nagapattinam,0.5,-9.6945
2023-06-27 17:00:00,579,Nagapattinam,1.5,-9.6945
2023-06-27 18:00:00,579,Nagapattinam,3.5,-9.6945
2023-06-27 19:00:00,579,Nagapattinam,1.5,-9.6945
2023-06-27 20:00:00,579,Nagapattinam,1.5,-9.6945
2023-06-28 00:00:00,579,Nagapattinam,2.0,-9.687
2023-06-28 01:00:00,579,Nagapattinam,10.0,-9.687
2023-06-28 02:00:00,579,Nagapattinam,2.5,-9.687
2023-06-28 03:00:00,579,Nagapattinam,6.5,-9.687
2023-06-28 04:00:00,579,Nagapattinam,6.0,-9.6645
2023-06-28 05:00:00,579,Nagapattinam,0.5,-9.6645
2023-06-28 06:00:00,579,Nagapattinam,6.0,-9.6645
2023-06-28 07:00:00,579,Nagapattinam,1.0,-9.6645
2023-06-28 08:00:00,579,Nagapattinam,5.0,-9.6645
2023-06-28 09:00:00,579,Nagapattinam,0.5,-9.6645
2023-06-28 10:00:00,579,Nagapattinam,1.5,-9.8655
2023-06-28 11:00:00,579,Nagapattinam,6.0,-9.8655
2023-06-28 12:00:00,579,Nagapattinam,12.5,-9.8655
2023-06-28 13:00:00,579,Nagapattinam,3.0,-9.8655
2023-06-28 14:00:00,579,Nagapattinam,6.0,-9.8655
2023-06-28 15:00:00,579,Nagapattinam,13.0,-9.8655
2023-06-28 16:00:00,579,Nagapattinam,4.5,-9.8235
2023-06-28 17:00:00,579,Nagapattinam,1.5,-9.8235
2023-06-28 18:00:00,579,Nagapattinam,2.0,-9.8235
2023-06-28 20:00:00,579,Nagapattinam,2.0,-9.8235
2023-06-28 21:00:00,579,Nagapattinam,53.0,-9.8235
2023-06-28 22:00:00,579,Nagapattinam,4.0,-9.7995
2023-06-28 23:00:00,579,Nagapattinam,3.0,-9.7995
2023-06-29 00:00:00,579,Nagapattinam,0.5,-9.7995
2023-06-29 05:00:00,579,Nagapattinam,0.5,-9.791
2023-06-29 06:00:00,579,Nagapattinam,0.5,-9.791
2023-06-29 07:00:00,579,Nagapattinam,6.5,-9.791
2023-06-29 08:00:00,579,Nagapattinam,25.5,-9.791
2023-06-29 09:00:00,579,Nagapattinam,0.5,-9.791
2023-06-29 10:00:00,579,Nagapattinam,1.5,-9.8905
2023-06-29 11:00:00,579,Nagapattinam,6.0,-9.8905
2023-06-29 12:00:00,579,Nagapattinam,25.5,-9.8905
2023-06-29 13:00:00,579,Nagapattinam,107.5,-9.8905
2023-06-29 14:00:00,579,Nagapattinam,1.5,-9.8905
2023-06-29 17:00:00,579,Nagapattinam,0.5,-12.667
2023-06-29 18:00:00,579,Nagapattinam,4.0,-12.667
2023-06-29 19:00:00,579,Nagapattinam,10.25,-12.667
2023-06-29 20:00:00,579,Nagapattinam,2.0,-12.667
2023-06-29 22:00:00,579,Nagapattinam,1.0,-12.27
2023-06-30 13:00:00,579,Nagapattinam,0.5,-10.152
2023-06-30 19:00:00,579,Nagapattinam,0.5,-10.043
2023-06-30 22:00:00,579,Nagapattinam,1.0,-9.97
2023-06-30 23:00:00,579,Nagapattinam,10.0,-9.97
2023-07-01 11:00:00,579,Nagapattinam,0.5,-9.9975
2023-07-01 17:00:00,579,Nagapattinam,1.0,-10.0265
2023-07-01 18:00:00,579,Nagapattinam,1.0,-10.0265
2023-07-01 19:00:00,579,Nagapattinam,0.5,-10.0265
2023-07-02 00:00:00,579,Nagapattinam,4.0,-10.008
2023-07-02 01:00:00,579,Nagapattinam,6.0,-10.008
2023-07-02 02:00:00,579,Nagapattinam,5.0,-10.008
2023-07-02 03:00:00,579,Nagapattinam,3.25,-10.008
2023-07-02 04:00:00,579,Nagapattinam,0.5,-9.99
2023-07-02 05:00:00,579,Nagapattinam,0.5,-9.99
2023-07-02 07:00:00,579,Nagapattinam,5.5,-9.99
2023-07-02 08:00:00,579,Nagapattinam,3.0,-9.99
2023-07-02 09:00:00,579,Nagapattinam,0.5,-9.99
2023-07-02 10:00:00,579,Nagapattinam,1.5,-10.0035
2023-07-02 21:00:00,579,Nagapattinam,0.5,-10.099
2023-07-03 02:00:00,579,Nagapattinam,1.0,-10.059
2023-07-03 08:00:00,579,Nagapattinam,0.5,-10.08
2023-07-03 14:00:00,579,Nagapattinam,1.0,-10.0515
2023-07-03 16:00:00,579,Nagapattinam,1.0,-10.1125
2023-07-03 23:00:00,579,Nagapattinam,1.0,-10.183
2023-07-04 00:00:00,579,Nagapattinam,1.0,-10.183
2023-07-04 01:00:00,579,Nagapattinam,2.5,-10.183
2023-07-04 03:00:00,579,Nagapattinam,0.5,-10.183
2023-07-04 06:00:00,579,Nagapattinam,0.5,-10.181
2023-07-04 07:00:00,579,Nagapattinam,0.5,-10.181
2023-07-04 12:00:00,579,Nagapattinam,0.5,-10.39
2023-07-04 20:00:00,579,Nagapattinam,0.5,-10.323
2023-07-05 00:00:00,579,Nagapattinam,8.5,-10.2705
2023-07-05 02:00:00,579,Nagapattinam,2.0,-10.2705
2023-07-05 03:00:00,579,Nagapattinam,1.5,-10.2705
2023-07-05 05:00:00,579,Nagapattinam,0.5,-10.2375
2023-07-05 06:00:00,579,Nagapattinam,3.0,-10.2375
2023-07-05 07:00:00,579,Nagapattinam,0.5,-10.2375
2023-07-05 08:00:00,579,Nagapattinam,4.5,-10.2375
2023-07-05 15:00:00,579,Nagapattinam,0.5,-10.4085
2023-07-05 16:00:00,579,Nagapattinam,2.5,-10.33
2023-07-05 17:00:00,579,Nagapattinam,0.5,-10.33
2023-07-05 18:00:00,579,Nagapattinam,1.0,-10.33
2023-07-05 22:00:00,579,Nagapattinam,0.5,-10.302
2023-07-05 23:00:00,579,Nagapattinam,1.0,-10.302
2023-07-06 01:00:00,579,Nagapattinam,1.5,-10.302
2023-07-06 02:00:00,579,Nagapattinam,0.5,-10.302
2023-07-06 03:00:00,579,Nagapattinam,1.0,-10.302
2023-07-06 05:00:00,579,Nagapattinam,6.5,-7.783
2023-07-06 06:00:00,579,Nagapattinam,13.0,-7.783
2023-07-06 07:00:00,579,Nagapattinam,6.5,-7.783
2023-07-06 11:00:00,579,Nagapattinam,1.0,-7.785
2023-07-06 12:00:00,579,Nagapattinam,2.0,-7.785
2023-07-06 13:00:00,579,Nagapattinam,3.0,-7.785
2023-07-06 14:00:00,579,Nagapattinam,6.5,-7.785
2023-07-06 15:00:00,579,Nagapattinam,3.5,-7.785
2023-07-06 16:00:00,579,Nagapattinam,8.5,-7.63
2023-07-06 17:00:00,579,Nagapattinam,1.0,-7.63
2023-07-06 18:00:00,579,Nagapattinam,4.0,-7.63
2023-07-06 19:00:00,579,Nagapattinam,3.0,-7.63
2023-07-06 20:00:00,579,Nagapattinam,1.0,-7.63
2023-07-06 22:00:00,579,Nagapattinam,1.5,-7.551
2023-07-06 23:00:00,579,Nagapattinam,2.5,-7.551
2023-07-07 00:00:00,579,Nagapattinam,3.0,-7.551
2023-07-07 02:00:00,579,Nagapattinam,6.5,-7.551
2023-07-07 03:00:00,579,Nagapattinam,1.0,-7.551
2023-07-07 04:00:00,579,Nagapattinam,3.0,-7.555
2023-07-07 05:00:00,579,Nagapattinam,13.5,-7.555
2023-07-07 13:00:00,579,Nagapattinam,1.5,-7.586
2023-07-07 14:00:00,579,Nagapattinam,1.5,-7.586
2023-07-07 15:00:00,579,Nagapattinam,1.0,-7.586
2023-07-07 16:00:00,579,Nagapattinam,0.5,-7.521
2023-07-07 17:00:00,579,Nagapattinam,1.0,-7.521
2023-07-07 22:00:00,579,Nagapattinam,2.0,-7.529
2023-07-08 00:00:00,579,Nagapattinam,1.5,-7.529
2023-07-08 01:00:00,579,Nagapattinam,6.0,-7.529
2023-07-08 02:00:00,579,Nagapattinam,1.5,-7.529
2023-07-08 04:00:00,579,Nagapattinam,0.5,-7.509
2023-07-08 05:00:00,579,Nagapattinam,7.0,-7.509
2023-07-08 07:00:00,579,Nagapattinam,10.0,-7.509
2023-07-08 08:00:00,579,Nagapattinam,1.0,-7.509
2023-07-08 09:00:00,579,Nagapattinam,2.0,-7.509
2023-07-08 10:00:00,579,Nagapattinam,4.5,-7.636
2023-07-08 11:00:00,579,Nagapattinam,4.5,-7.636
2023-07-08 12:00:00,579,Nagapattinam,1.5,-7.636
2023-07-08 13:00:00,579,Nagapattinam,1.0,-7.636
2023-07-08 14:00:00,579,Nagapattinam,1.0,-7.636
2023-07-08 15:00:00,579,Nagapattinam,3.5,-7.636
2023-07-08 16:00:00,579,Nagapattinam,2.5,-7.664
2023-07-08 17:00:00,579,Nagapattinam,4.5,-7.664
2023-07-08 18:00:00,579,Nagapattinam,3.5,-7.664
2023-07-08 19:00:00,579,Nagapattinam,1.5,-7.664
2023-07-08 20:00:00,579,Nagapattinam,24.0,-7.664
2023-07-08 21:00:00,579,Nagapattinam,3.0,-7.664
2023-07-08 22:00:00,579,Nagapattinam,2.5,-7.676
2023-07-09 05:00:00,579,Nagapattinam,1.0,-7.64
2023-07-09 07:00:00,579,Nagapattinam,0.5,-7.64
2023-07-09 11:00:00,579,Nagapattinam,0.5,-7.616
2023-07-09 13:00:00,579,Nagapattinam,1.5,-7.616
2023-07-09 18:00:00,579,Nagapattinam,6.0,-7.641
2023-07-09 19:00:00,579,Nagapattinam,6.5,-7.641
2023-07-09 20:00:00,579,Nagapattinam,3.0,-7.641
2023-07-09 21:00:00,579,Nagapattinam,2.0,-7.641
2023-07-09 22:00:00,579,Nagapattinam,3.5,-7.679
2023-07-09 23:00:00,579,Nagapattinam,5.0,-7.679
2023-07-10 00:00:00,579,Nagapattinam,2.5,-7.679
2023-07-10 02:00:00,579,Nagapattinam,0.5,-7.679
2023-07-10 03:00:00,579,Nagapattinam,2.0,-7.679
2023-07-10 04:00:00,579,Nagapattinam,12.5,-7.663
2023-07-10 05:00:00,579,Nagapattinam,10.0,-7.663
2023-07-10 06:00:00,579,Nagapattinam,4.0,-7.663
2023-07-10 07:00:00,579,Nagapattinam,2.5,-7.663
2023-07-10 08:00:00,579,Nagapattinam,8.5,-7.663
2023-07-10 09:00:00,579,Nagapattinam,7.5,-7.663
2023-07-10 10:00:00,579,Nagapattinam,1.5,-7.649
2023-07-10 11:00:00,579,Nagapattinam,3.0,-7.649
2023-07-10 12:00:00,579,Nagapattinam,4.5,-7.649
2023-07-10 13:00:00,579,Nagapattinam,17.0,-7.649
2023-07-10 14:00:00,579,Nagapattinam,16.0,-7.649
2023-07-10 15:00:00,579,Nagapattinam,6.5,-7.649
2023-07-10 16:00:00,579,Nagapattinam,8.5,-7.737
2023-07-10 17:00:00,579,Nagapattinam,7.0,-7.737
2023-07-10 18:00:00,579,Nagapattinam,6.5,-7.737
2023-07-10 19:00:00,579,Nagapattinam,3.5,-7.737
2023-07-10 20:00:00,579,Nagapattinam,1.0,-7.737
2023-07-10 21:00:00,579,Nagapattinam,0.75,-7.737
2023-07-10 22:00:00,579,Nagapattinam,2.0,-7.531
2023-07-10 23:00:00,579,Nagapattinam,0.5,-7.531
2023-07-11 00:00:00,579,Nagapattinam,1.75,-7.531
2023-07-11 01:00:00,579,Nagapattinam,1.75,-7.531
2023-07-11 02:00:00,579,Nagapattinam,3.0,-7.531
2023-07-11 03:00:00,579,Nagapattinam,0.75,-7.531
2023-07-11 04:00:00,579,Nagapattinam,2.0,-7.379
2023-07-11 05:00:00,579,Nagapattinam,8.5,-7.379
2023-07-11 06:00:00,579,Nagapattinam,14.5,-7.379
2023-07-11 07:00:00,579,Nagapattinam,6.0,-7.379
2023-07-11 08:00:00,579,Nagapattinam,2.5,-7.379
2023-07-11 11:00:00,579,Nagapattinam,0.5,-7.319
2023-07-11 13:00:00,579,Nagapattinam,5.5,-7.319
2023-07-11 14:00:00,579,Nagapattinam,2.25,-7.319
2023-07-11 15:00:00,579,Nagapattinam,3.5,-7.319
2023-07-11 16:00:00,579,Nagapattinam,0.5,-7.207
2023-07-11 17:00:00,579,Nagapattinam,3.0,-7.207
2023-07-11 18:00:00,579,Nagapattinam,5.5,-7.207
2023-07-11 19:00:00,579,Nagapattinam,8.5,-7.207
2023-07-11 20:00:00,579,Nagapattinam,1.0,-7.207
2023-07-11 21:00:00,579,Nagapattinam,5.5,-7.207
2023-07-11 23:00:00,579,Nagapattinam,2.0,-7.126
2023-07-12 00:00:00,579,Nagapattinam,2.5,-7.126
2023-07-12 01:00:00,579,Nagapattinam,0.5,-7.126
2023-07-12 02:00:00,579,Nagapattinam,0.5,-7.126
2023-07-12 03:00:00,579,Nagapattinam,4.0,-7.126
2023-07-12 04:00:00,579,Nagapattinam,9.5,-6.996
2023-07-12 05:00:00,579,Nagapattinam,1.5,-6.996
2023-07-12 06:00:00,579,Nagapattinam,4.0,-6.996
2023-07-12 07:00:00,579,Nagapattinam,16.5,-6.996
2023-07-12 08:00:00,579,Nagapattinam,7.5,-6.996
2023-07-12 09:00:00,579,Nagapattinam,16.5,-6.996
2023-07-12 10:00:00,579,Nagapattinam,10.5,-7.319
2023-07-12 11:00:00,579,Nagapattinam,10.5,-7.319
2023-07-12 12:00:00,579,Nagapattinam,13.0,-7.319
2023-07-12 13:00:00,579,Nagapattinam,7.0,-7.319
2023-07-12 14:00:00,579,Nagapattinam,8.5,-7.319
2023-07-12 15:00:00,579,Nagapattinam,9.0,-7.319
2023-07-12 16:00:00,579,Nagapattinam,4.5,-7.125
2023-07-12 17:00:00,579,Nagapattinam,5.5,-7.125
2023-07-12 18:00:00,579,Nagapattinam,12.5,-7.125
2023-07-12 19:00:00,579,Nagapattinam,2.0,-7.125
2023-07-12 20:00:00,579,Nagapattinam,5.0,-7.125
2023-07-12 21:00:00,579,Nagapattinam,2.5,-7.125
2023-07-12 22:00:00,579,Nagapattinam,3.5,-7.069
2023-07-12 23:00:00,579,Nagapattinam,6.5,-7.069
2023-07-13 00:00:00,579,Nagapattinam,2.0,-7.069
2023-07-13 01:00:00,579,Nagapattinam,0.5,-7.069
2023-07-13 02:00:00,579,Nagapattinam,1.0,-7.069
2023-07-13 03:00:00,579,Nagapattinam,2.0,-7.069
2023-07-13 04:00:00,579,Nagapattinam,3.5,-7.011
2023-07-13 05:00:00,579,Nagapattinam,12.5,-7.011
2023-07-13 06:00:00,579,Nagapattinam,4.0,-7.011
2023-07-13 07:00:00,579,Nagapattinam,16.0,-7.011
2023-07-13 08:00:00,579,Nagapattinam,49.0,-7.011
2023-07-13 09:00:00,579,Nagapattinam,30.5,-7.011
2023-07-13 10:00:00,579,Nagapattinam,12.5,-7.026
2023-07-13 12:00:00,579,Nagapattinam,2.5,-7.026
2023-07-13 13:00:00,579,Nagapattinam,6.0,-7.026
2023-07-13 14:00:00,579,Nagapattinam,17.0,-7.026
2023-07-13 15:00:00,579,Nagapattinam,27.0,-7.026
2023-07-13 16:00:00,579,Nagapattinam,1.5,-7.059
2023-07-13 17:00:00,579,Nagapattinam,3.5,-7.059
2023-07-13 18:00:00,579,Nagapattinam,2.0,-7.059
2023-07-13 19:00:00,579,Nagapattinam,3.5,-7.059
2023-07-13 20:00:00,579,Nagapattinam,2.0,-7.059
2023-07-13 21:00:00,579,Nagapattinam,6.0,-7.059
2023-07-13 22:00:00,579,Nagapattinam,9.5,-7.057
2023-07-13 23:00:00,579,Nagapattinam,6.0,-7.057
2023-07-14 11:00:00,579,Nagapattinam,1.0,-10.2555
2023-07-14 14:00:00,579,Nagapattinam,1.5,-10.2555
2023-07-14 15:00:00,579,Nagapattinam,0.5,-10.2555
2023-07-14 17:00:00,579,Nagapattinam,0.5,-10.3775
2023-07-15 08:00:00,579,Nagapattinam,0.5,-10.222
2023-07-15 09:00:00,579,Nagapattinam,1.0,-10.222
2023-07-15 10:00:00,579,Nagapattinam,0.5,-10.321
2023-07-15 13:00:00,579,Nagapattinam,1.0,-10.321
2023-07-15 14:00:00,579,Nagapattinam,0.5,-10.321
2023-07-15 15:00:00,579,Nagapattinam,11.5,-10.321
2023-07-15 16:00:00,579,Nagapattinam,1.5,-10.242
2023-07-15 17:00:00,579,Nagapattinam,2.0,-10.242
2023-07-15 18:00:00,579,Nagapattinam,0.5,-10.242
2023-07-15 19:00:00,579,Nagapattinam,0.5,-10.242
2023-07-15 23:00:00,579,Nagapattinam,0.5,-10.273
2023-07-16 01:00:00,579,Nagapattinam,1.0,-10.273
2023-07-16 08:00:00,579,Nagapattinam,0.5,-10.36
2023-07-16 11:00:00,579,Nagapattinam,1.5,-10.431
2023-07-16 14:00:00,579,Nagapattinam,1.5,-10.431
2023-07-16 15:00:00,579,Nagapattinam,1.5,-10.431
2023-07-17 13:00:00,579,Nagapattinam,1.0,-10.69
2023-07-17 14:00:00,579,Nagapattinam,6.0,-10.69
2023-07-17 15:00:00,579,Nagapattinam,1.0,-10.69
2023-07-17 19:00:00,579,Nagapattinam,0.5,-10.575
2023-07-17 20:00:00,579,Nagapattinam,0.5,-10.575
2023-07-17 23:00:00,579,Nagapattinam,0.5,-10.447
2023-07-18 01:00:00,579,Nagapattinam,0.5,-10.447
2023-07-18 02:00:00,579,Nagapattinam,0.5,-10.447
2023-07-18 03:00:00,579,Nagapattinam,0.5,-10.447
2023-07-18 08:00:00,579,Nagapattinam,0.5,-10.5045
2023-07-18 12:00:00,579,Nagapattinam,1.0,-10.581
2023-07-18 13:00:00,579,Nagapattinam,0.5,-10.581
2023-07-18 14:00:00,579,Nagapattinam,0.5,-10.581
2023-07-18 15:00:00,579,Nagapattinam,0.5,-10.581
2023-07-18 16:00:00,579,Nagapattinam,1.0,-10.536
2023-07-18 17:00:00,579,Nagapattinam,0.5,-10.536
2023-07-18 18:00:00,579,Nagapattinam,0.5,-10.536
2023-07-18 20:00:00,579,Nagapattinam,2.0,-10.536
2023-07-18 22:00:00,579,Nagapattinam,0.5,-10.4015
2023-07-19 00:00:00,579,Nagapattinam,0.5,-10.4015
2023-07-19 01:00:00,579,Nagapattinam,9.0,-10.4015
2023-07-19 02:00:00,579,Nagapattinam,5.0,-10.4015
2023-07-19 03:00:00,579,Nagapattinam,8.5,-10.4015
2023-07-19 04:00:00,579,Nagapattinam,3.5,-10.545
2023-07-19 05:00:00,579,Nagapattinam,0.5,-10.545
2023-07-19 06:00:00,579,Nagapattinam,1.5,-10.545
2023-07-19 07:00:00,579,Nagapattinam,3.0,-10.545
2023-07-19 08:00:00,579,Nagapattinam,3.0,-10.545
2023-07-19 09:00:00,579,Nagapattinam,1.5,-10.545
2023-07-19 10:00:00,579,Nagapattinam,3.5,-10.5245
2023-07-19 11:00:00,579,Nagapattinam,8.5,-10.5245
2023-07-19 12:00:00,579,Nagapattinam,21.0,-10.5245
2023-07-19 13:00:00,579,Nagapattinam,8.0,-10.5245
2023-07-19 14:00:00,579,Nagapattinam,2.5,-10.5245
2023-07-19 15:00:00,579,Nagapattinam,5.5,-10.5245
2023-07-19 16:00:00,579,Nagapattinam,7.0,-10.5775
2023-07-19 17:00:00,579,Nagapattinam,1.5,-10.5775
2023-07-19 18:00:00,579,Nagapattinam,0.5,-10.5775
2023-07-20 08:00:00,579,Nagapattinam,1.0,-10.5515
2023-07-20 09:00:00,579,Nagapattinam,1.0,-10.5515
2023-07-20 10:00:00,579,Nagapattinam,1.0,-10.853
2023-07-20 11:00:00,579,Nagapattinam,1.0,-10.853
2023-07-20 12:00:00,579,Nagapattinam,3.5,-10.853
2023-07-20 13:00:00,579,Nagapattinam,4.0,-10.853
2023-07-20 14:00:00,579,Nagapattinam,4.5,-10.853
2023-07-20 15:00:00,579,Nagapattinam,1.0,-10.853
2023-07-20 17:00:00,579,Nagapattinam,3.5,-10.8115
2023-07-20 18:00:00,579,Nagapattinam,1.0,-10.8115
2023-07-20 21:00:00,579,Nagapattinam,0.5,-10.8115
2023-07-20 22:00:00,579,Nagapattinam,0.5,-10.7535
2023-07-20 23:00:00,579,Nagapattinam,0.5,-10.7535
2023-07-21 13:00:00,579,Nagapattinam,0.5,-10.9205
2023-07-21 14:00:00,579,Nagapattinam,0.5,-10.9205
2023-07-21 15:00:00,579,Nagapattinam,1.5,-10.9205
2023-07-21 18:00:00,579,Nagapattinam,0.5,-10.849
2023-07-21 21:00:00,579,Nagapattinam,0.5,-10.849
2023-07-22 01:00:00,579,Nagapattinam,1.0,-10.8255
2023-07-22 02:00:00,579,Nagapattinam,1.5,-10.8255
2023-07-22 03:00:00,579,Nagapattinam,0.5,-10.8255
2023-07-22 07:00:00,579,Nagapattinam,1.0,-10.783
2023-07-22 09:00:00,579,Nagapattinam,1.0,-10.783
2023-07-22 10:00:00,579,Nagapattinam,1.0,-10.803999999999998
2023-07-22 11:00:00,579,Nagapattinam,1.5,-10.803999999999998
2023-07-22 12:00:00,579,Nagapattinam,1.5,-10.803999999999998
2023-07-22 13:00:00,579,Nagapattinam,1.5,-10.803999999999998
2023-07-23 09:00:00,579,Nagapattinam,0.5,-10.82
2023-07-23 12:00:00,579,Nagapattinam,0.5,-11.0075
2023-07-23 15:00:00,579,Nagapattinam,0.5,-11.0075
2023-07-23 18:00:00,579,Nagapattinam,0.5,-10.903
2023-07-23 19:00:00,579,Nagapattinam,7.0,-10.903
2023-07-23 20:00:00,579,Nagapattinam,2.0,-10.903
2023-07-23 21:00:00,579,Nagapattinam,0.5,-10.903
2023-07-24 09:00:00,579,Nagapattinam,3.5,-10.8805
2023-07-24 10:00:00,579,Nagapattinam,1.0,-10.938
2023-07-24 11:00:00,579,Nagapattinam,0.5,-10.938
2023-07-24 12:00:00,579,Nagapattinam,0.5,-10.938
2023-07-24 15:00:00,579,Nagapattinam,1.0,-10.938
2023-07-24 16:00:00,579,Nagapattinam,0.5,-10.753
2023-07-24 17:00:00,579,Nagapattinam,0.5,-10.753
2023-07-25 00:00:00,579,Nagapattinam,0.5,-10.73
2023-07-25 03:00:00,579,Nagapattinam,0.5,-10.73
2023-07-25 10:00:00,579,Nagapattinam,1.5,-10.8065
2023-07-25 11:00:00,579,Nagapattinam,1.0,-10.8065
2023-07-25 12:00:00,579,Nagapattinam,1.0,-10.8065
2023-07-25 13:00:00,579,Nagapattinam,2.0,-10.8065
2023-07-25 14:00:00,579,Nagapattinam,1.5,-10.8065
2023-07-25 15:00:00,579,Nagapattinam,1.0,-10.8065
2023-07-26 00:00:00,579,Nagapattinam,0.5,-10.653
2023-07-26 13:00:00,579,Nagapattinam,0.5,-10.9175
2023-07-26 18:00:00,579,Nagapattinam,6.0,-10.8915
2023-07-26 19:00:00,579,Nagapattinam,1.5,-10.8915
2023-07-28 05:00:00,579,Nagapattinam,0.5,-11.166
2023-07-28 12:00:00,579,Nagapattinam,8.0,-11.055
2023-07-28 13:00:00,579,Nagapattinam,1.0,-11.055
2023-07-28 15:00:00,579,Nagapattinam,4.5,-11.055
2023-07-28 16:00:00,579,Nagapattinam,4.0,-10.968
2023-07-28 17:00:00,579,Nagapattinam,0.5,-10.968
2023-07-29 00:00:00,579,Nagapattinam,1.0,-10.889
2023-07-29 01:00:00,579,Nagapattinam,0.5,-10.889
2023-07-29 02:00:00,579,Nagapattinam,0.5,-10.889
2023-07-29 04:00:00,579,Nagapattinam,1.0,-10.9255
2023-07-29 05:00:00,579,Nagapattinam,0.5,-10.9255
2023-07-29 06:00:00,579,Nagapattinam,0.5,-10.9255
2023-07-29 07:00:00,579,Nagapattinam,0.5,-10.9255
2023-07-29 08:00:00,579,Nagapattinam,0.5,-10.9255
2023-07-29 09:00:00,579,Nagapattinam,0.5,-10.9255
2023-07-29 14:00:00,579,Nagapattinam,0.5,-10.951
2023-07-29 15:00:00,579,Nagapattinam,1.5,-10.951
2023-07-29 16:00:00,579,Nagapattinam,1.0,-10.9035
2023-07-29 21:00:00,579,Nagapattinam,0.5,-10.9035
2023-07-30 11:00:00,579,Nagapattinam,1.5,-11.0725
2023-07-30 12:00:00,579,Nagapattinam,6.0,-11.0725
2023-07-30 14:00:00,579,Nagapattinam,1.0,-11.0725
2023-07-30 15:00:00,579,Nagapattinam,1.0,-11.0725
2023-07-30 20:00:00,579,Nagapattinam,1.0,-11.105
2023-07-30 21:00:00,579,Nagapattinam,0.5,-11.105
2023-07-30 22:00:00,579,Nagapattinam,1.0,-10.927
2023-07-30 23:00:00,579,Nagapattinam,1.0,-10.927
2023-07-31 03:00:00,579,Nagapattinam,0.5,-10.927
2023-07-31 04:00:00,579,Nagapattinam,0.5,-10.934
2023-07-31 05:00:00,579,Nagapattinam,0.5,-10.934
2023-07-31 07:00:00,579,Nagapattinam,0.5,-10.934
2023-07-31 12:00:00,579,Nagapattinam,1.0,-11.0185
2023-07-31 14:00:00,579,Nagapattinam,0.5,-11.0185
2023-07-31 15:00:00,579,Nagapattinam,2.0,-11.0185
2023-07-31 16:00:00,579,Nagapattinam,0.5,-10.9
2023-07-31 20:00:00,579,Nagapattinam,0.5,-10.9
2023-08-01 15:00:00,579,Nagapattinam,0.5,-11.153
2023-08-01 16:00:00,579,Nagapattinam,0.5,-10.988
2023-08-06 02:00:00,579,Nagapattinam,1.0,-8.006
2023-08-06 05:00:00,579,Nagapattinam,0.5,-7.939
2023-08-06 22:00:00,579,Nagapattinam,2.5,-7.782
2023-08-06 23:00:00,579,Nagapattinam,30.5,-7.782
2023-08-07 00:00:00,579,Nagapattinam,1.5,-7.782
2023-08-07 02:00:00,579,Nagapattinam,1.0,-7.782
2023-08-07 03:00:00,579,Nagapattinam,0.5,-7.782
2023-08-07 05:00:00,579,Nagapattinam,4.5,-10.9455
2023-08-07 06:00:00,579,Nagapattinam,18.0,-10.9455
2023-08-08 04:00:00,579,Nagapattinam,2.5,-7.494
2023-08-09 08:00:00,579,Nagapattinam,1.0,-7.326
2023-08-09 09:00:00,579,Nagapattinam,5.0,-7.326
2023-08-09 10:00:00,579,Nagapattinam,6.5,-7.305
2023-08-09 11:00:00,579,Nagapattinam,0.5,-7.305
2023-08-09 12:00:00,579,Nagapattinam,4.0,-7.305
2023-08-10 00:00:00,579,Nagapattinam,0.5,-7.149
2023-08-10 01:00:00,579,Nagapattinam,17.5,-7.149
2023-08-10 02:00:00,579,Nagapattinam,4.5,-7.149
2023-08-10 03:00:00,579,Nagapattinam,2.5,-7.149
2023-08-10 04:00:00,579,Nagapattinam,2.5,-7.068
2023-08-10 05:00:00,579,Nagapattinam,1.5,-7.068
2023-08-10 06:00:00,579,Nagapattinam,3.0,-7.068
2023-08-10 07:00:00,579,Nagapattinam,1.5,-7.068
2023-08-10 08:00:00,579,Nagapattinam,1.0,-7.068
2023-08-10 09:00:00,579,Nagapattinam,1.0,-7.068
2023-08-10 10:00:00,579,Nagapattinam,2.5,-7.015
2023-08-10 11:00:00,579,Nagapattinam,1.0,-7.015
2023-08-10 12:00:00,579,Nagapattinam,1.0,-7.015
2023-08-10 15:00:00,579,Nagapattinam,0.5,-7.015
2023-08-10 23:00:00,579,Nagapattinam,0.5,-6.9
2023-08-11 00:00:00,579,Nagapattinam,0.5,-6.9
2023-08-11 01:00:00,579,Nagapattinam,3.5,-6.9
2023-08-11 08:00:00,579,Nagapattinam,0.5,-6.784
2023-08-11 09:00:00,579,Nagapattinam,4.5,-6.784
2023-08-11 11:00:00,579,Nagapattinam,0.5,-6.808
2023-08-11 12:00:00,579,Nagapattinam,0.5,-6.808
2023-08-11 13:00:00,579,Nagapattinam,1.0,-6.808
2023-08-11 14:00:00,579,Nagapattinam,1.5,-6.808
2023-08-11 16:00:00,579,Nagapattinam,2.0,-6.704
2023-08-11 18:00:00,579,Nagapattinam,1.0,-6.704
2023-08-11 19:00:00,579,Nagapattinam,0.5,-6.704
2023-08-11 20:00:00,579,Nagapattinam,7.0,-6.704
2023-08-12 19:00:00,579,Nagapattinam,4.0,-10.0655
2023-08-13 17:00:00,579,Nagapattinam,5.5,-10.0
2023-08-13 18:00:00,579,Nagapattinam,4.0,-10.0
2023-08-13 19:00:00,579,Nagapattinam,0.5,-10.0
2023-08-28 04:00:00,579,Nagapattinam,1.0,-10.0225
2023-08-28 07:00:00,579,Nagapattinam,0.5,-10.0225
2023-08-30 16:00:00,579,Nagapattinam,17.5,-10.0475
2023-08-30 17:00:00,579,Nagapattinam,4.0,-10.0475
2023-09-06 19:00:00,579,Nagapattinam,0.5,-10.222
2023-09-07 20:00:00,579,Nagapattinam,8.75,-10.3465
2023-09-07 21:00:00,579,Nagapattinam,6.5,-10.3465
2023-09-09 02:00:00,579,Nagapattinam,6.5,-10.2235
2023-09-09 18:00:00,579,Nagapattinam,38.0,-10.315
2023-09-10 08:00:00,579,Nagapattinam,3.5,-10.371
2023-09-10 09:00:00,579,Nagapattinam,22.5,-10.371
2023-09-10 20:00:00,579,Nagapattinam,4.5,-10.564
2023-09-10 21:00:00,579,Nagapattinam,0.5,-10.564
2023-09-11 06:00:00,579,Nagapattinam,2.0,-10.397
2023-09-11 08:00:00,579,Nagapattinam,1.0,-10.397
2023-09-11 09:00:00,579,Nagapattinam,4.0,-10.397
2023-09-11 10:00:00,579,Nagapattinam,3.5,-10.4905
2023-09-11 13:00:00,579,Nagapattinam,1.0,-10.4905
2023-09-12 03:00:00,579,Nagapattinam,0.5,-10.412
2023-09-12 04:00:00,579,Nagapattinam,0.5,-10.385
2023-09-12 17:00:00,579,Nagapattinam,14.5,-10.2965
2023-09-12 23:00:00,579,Nagapattinam,7.0,-10.316
2023-09-13 00:00:00,579,Nagapattinam,36.5,-10.316
2023-09-13 01:00:00,579,Nagapattinam,0.5,-10.316
2023-09-13 02:00:00,579,Nagapattinam,0.5,-10.316
2023-09-17 08:00:00,579,Nagapattinam,0.5,-7.54
2023-09-17 18:00:00,579,Nagapattinam,5.0,-8.083
2023-09-18 00:00:00,579,Nagapattinam,7.5,-7.952
2023-09-18 03:00:00,579,Nagapattinam,0.5,-7.952
2023-09-18 20:00:00,579,Nagapattinam,1.0,-7.79
2023-09-18 21:00:00,579,Nagapattinam,0.5,-7.79
2023-09-18 23:00:00,579,Nagapattinam,0.5,-7.788
2023-09-19 05:00:00,579,Nagapattinam,5.0,-7.758
2023-09-20 08:00:00,579,Nagapattinam,0.5,-7.996
2023-09-20 11:00:00,579,Nagapattinam,0.5,-8.175
2023-09-21 08:00:00,579,Nagapattinam,1.0,-7.975
2023-09-21 10:00:00,579,Nagapattinam,0.5,-8.086
2023-09-21 12:00:00,579,Nagapattinam,0.5,-8.086
2023-09-22 12:00:00,579,Nagapattinam,1.0,-8.292
2023-09-22 14:00:00,579,Nagapattinam,1.0,-8.292
2023-09-22 17:00:00,579,Nagapattinam,0.5,-8.256
2023-09-24 11:00:00,579,Nagapattinam,0.5,-8.622
2023-09-24 12:00:00,579,Nagapattinam,52.0,-8.622
2023-09-24 13:00:00,579,Nagapattinam,160.5,-8.622
2023-09-24 14:00:00,579,Nagapattinam,78.0,-8.622
2023-09-24 15:00:00,579,Nagapattinam,17.5,-8.622
2023-09-24 16:00:00,579,Nagapattinam,5.5,-8.666
2023-09-24 17:00:00,579,Nagapattinam,0.5,-8.666
2023-09-24 18:00:00,579,Nagapattinam,14.5,-8.666
2023-09-24 20:00:00,579,Nagapattinam,1.5,-8.666
2023-09-24 21:00:00,579,Nagapattinam,6.5,-8.666
2023-09-24 22:00:00,579,Nagapattinam,1.0,-8.748
2023-09-24 23:00:00,579,Nagapattinam,5.5,-8.748
2023-09-25 00:00:00,579,Nagapattinam,25.5,-8.748
2023-09-25 01:00:00,579,Nagapattinam,62.0,-8.748
2023-09-25 02:00:00,579,Nagapattinam,46.5,-8.748
2023-09-25 05:00:00,579,Nagapattinam,7.5,-8.748
2023-09-25 06:00:00,579,Nagapattinam,27.5,-8.748
2023-09-25 07:00:00,579,Nagapattinam,12.5,-8.748
2023-09-25 08:00:00,579,Nagapattinam,4.0,-8.748
2023-09-25 09:00:00,579,Nagapattinam,2.0,-8.748
2023-09-25 10:00:00,579,Nagapattinam,11.0,-8.859
2023-09-25 11:00:00,579,Nagapattinam,19.5,-8.859
2023-09-25 12:00:00,579,Nagapattinam,9.5,-8.859
2023-09-25 13:00:00,579,Nagapattinam,5.5,-8.859
2023-09-25 14:00:00,579,Nagapattinam,3.0,-8.859
2023-09-25 15:00:00,579,Nagapattinam,2.0,-8.859
2023-09-26 00:00:00,579,Nagapattinam,3.0,-8.671
2023-09-26 06:00:00,579,Nagapattinam,5.5,-8.575
2023-09-26 07:00:00,579,Nagapattinam,0.5,-8.575
2023-09-26 08:00:00,579,Nagapattinam,1.5,-8.575
2023-09-27 15:00:00,579,Nagapattinam,1.5,-8.173
2023-09-27 18:00:00,579,Nagapattinam,0.5,-8.159
2023-09-29 12:00:00,579,Nagapattinam,0.5,-8.629
2023-09-29 13:00:00,579,Nagapattinam,2.0,-8.629
2023-09-29 15:00:00,579,Nagapattinam,79.5,-8.629
2023-09-29 16:00:00,579,Nagapattinam,3.0,-8.537
2023-09-29 17:00:00,579,Nagapattinam,4.0,-8.537
2023-09-29 19:00:00,579,Nagapattinam,2.0,-8.537
2023-09-30 19:00:00,579,Nagapattinam,0.5,-8.505
2023-10-01 01:00:00,579,Nagapattinam,28.5,-8.477
2023-10-01 09:00:00,579,Nagapattinam,7.0,-8.461
2023-10-06 17:00:00,579,Nagapattinam,133.0,-11.6825
2023-10-09 16:00:00,579,Nagapattinam,52.0,-11.5765
2023-10-09 17:00:00,579,Nagapattinam,55.5,-11.5765
2023-10-09 18:00:00,579,Nagapattinam,231.0,-11.5765
2023-10-11 15:00:00,579,Nagapattinam,1.5,-11.872
2023-10-13 17:00:00,579,Nagapattinam,6.5,-11.578
2023-10-13 18:00:00,579,Nagapattinam,1.0,-11.578
2023-10-13 19:00:00,579,Nagapattinam,2.0,-11.578
2023-10-14 09:00:00,579,Nagapattinam,0.5,-11.5655
2023-10-18 13:00:00,579,Nagapattinam,1.0,-11.722
2023-10-18 14:00:00,579,Nagapattinam,0.5,-11.722
2023-10-25 14:00:00,579,Nagapattinam,3.0,-11.7
2023-10-28 03:00:00,579,Nagapattinam,1.5,-11.723
2023-10-28 07:00:00,579,Nagapattinam,2.0,-11.6235
2023-10-28 08:00:00,579,Nagapattinam,0.5,-11.6235
2023-10-29 05:00:00,579,Nagapattinam,0.5,-11.573
2023-10-29 06:00:00,579,Nagapattinam,3.0,-11.573
2023-10-29 07:00:00,579,Nagapattinam,359.0,-11.573
2023-10-29 08:00:00,579,Nagapattinam,2.5,-11.573
2023-10-29 09:00:00,579,Nagapattinam,1.0,-11.573
2023-10-29 12:00:00,579,Nagapattinam,1.5,-11.72
2023-10-29 13:00:00,579,Nagapattinam,5.5,-11.72
2023-10-29 14:00:00,579,Nagapattinam,17.0,-11.72
2023-10-29 15:00:00,579,Nagapattinam,1.0,-11.72
2023-10-29 16:00:00,579,Nagapattinam,14.0,-11.581
2023-10-29 18:00:00,579,Nagapattinam,3.5,-11.581
2023-10-29 21:00:00,579,Nagapattinam,11.5,-11.581
2023-10-29 22:00:00,579,Nagapattinam,9.5,-11.4875
2023-10-29 23:00:00,579,Nagapattinam,2.5,-11.4875
2023-10-30 00:00:00,579,Nagapattinam,2.5,-11.4875
2023-10-30 01:00:00,579,Nagapattinam,0.5,-11.4875
2023-10-30 09:00:00,579,Nagapattinam,12.0,-11.4115
2023-10-30 10:00:00,579,Nagapattinam,0.5,-11.4895
2023-10-30 11:00:00,579,Nagapattinam,1.5,-11.4895
2023-10-31 06:00:00,579,Nagapattinam,120.0,-11.3035
2023-10-31 07:00:00,579,Nagapattinam,2.5,-11.3035
2023-10-31 14:00:00,579,Nagapattinam,1.5,-11.42
2023-10-31 21:00:00,579,Nagapattinam,0.5,-11.4145
2023-10-31 22:00:00,579,Nagapattinam,8.5,-11.329
2023-11-01 00:00:00,579,Nagapattinam,5.0,-11.329
2023-11-01 13:00:00,579,Nagapattinam,1.5,-11.312
2023-11-02 00:00:00,579,Nagapattinam,23.5,-11.245
2023-11-03 00:00:00,579,Nagapattinam,0.5,-11.114
2023-11-03 01:00:00,579,Nagapattinam,1.0,-11.114
2023-11-03 04:00:00,579,Nagapattinam,23.0,-11.0565
2023-11-03 05:00:00,579,Nagapattinam,18.0,-11.0565
2023-11-03 06:00:00,579,Nagapattinam,0.5,-11.0565
2023-11-03 12:00:00,579,Nagapattinam,0.5,-11.06
2023-11-03 21:00:00,579,Nagapattinam,4.5,-11.046
2023-11-03 22:00:00,579,Nagapattinam,16.0,-10.925
2023-11-03 23:00:00,579,Nagapattinam,10.0,-10.925
2023-11-04 00:00:00,579,Nagapattinam,2.0,-10.925
2023-11-04 01:00:00,579,Nagapattinam,0.5,-10.925
2023-11-04 06:00:00,579,Nagapattinam,3.0,-10.8345
2023-11-07 04:00:00,579,Nagapattinam,0.5,-10.573
2023-11-07 06:00:00,579,Nagapattinam,0.5,-10.573
2023-11-07 08:00:00,579,Nagapattinam,2.0,-10.573
2023-11-07 09:00:00,579,Nagapattinam,3.0,-10.573
2023-11-07 12:00:00,579,Nagapattinam,3.5,-10.553999999999998
2023-11-07 21:00:00,579,Nagapattinam,2.5,-10.5345
2023-11-07 23:00:00,579,Nagapattinam,1.0,-10.497
2023-11-08 00:00:00,579,Nagapattinam,8.5,-10.497
2023-11-08 01:00:00,579,Nagapattinam,5.0,-10.497
2023-11-08 03:00:00,579,Nagapattinam,1.0,-10.497
2023-11-08 21:00:00,579,Nagapattinam,1.5,-10.463
2023-11-08 22:00:00,579,Nagapattinam,7.5,-10.4165
2023-11-08 23:00:00,579,Nagapattinam,1.5,-10.4165
2023-11-09 00:00:00,579,Nagapattinam,21.0,-10.4165
2023-11-09 01:00:00,579,Nagapattinam,3.0,-10.4165
2023-11-09 03:00:00,579,Nagapattinam,0.5,-10.4165
2023-11-10 00:00:00,579,Nagapattinam,1.5,-10.342
2023-11-10 03:00:00,579,Nagapattinam,4.5,-10.342
2023-11-10 15:00:00,579,Nagapattinam,0.5,-10.235
2023-11-10 22:00:00,579,Nagapattinam,0.5,-10.1115
2023-11-11 01:00:00,579,Nagapattinam,4.5,-10.1115
2023-11-11 05:00:00,579,Nagapattinam,2.0,-10.0615
2023-11-11 11:00:00,579,Nagapattinam,85.0,-10.136
2023-11-11 13:00:00,579,Nagapattinam,28.0,-10.136
2023-11-11 18:00:00,579,Nagapattinam,2.5,-10.146
2023-11-12 12:00:00,579,Nagapattinam,15.5,-10.163
2023-11-13 20:00:00,579,Nagapattinam,0.5,-10.13
2023-11-13 22:00:00,579,Nagapattinam,0.5,-10.0595
2023-11-13 23:00:00,579,Nagapattinam,1.5,-10.0595
2023-11-14 00:00:00,579,Nagapattinam,3.0,-10.0595
2023-11-14 01:00:00,579,Nagapattinam,11.0,-10.0595
2023-11-14 02:00:00,579,Nagapattinam,3.5,-10.0595
2023-11-14 03:00:00,579,Nagapattinam,6.5,-10.0595
2023-11-14 04:00:00,579,Nagapattinam,6.0,-10.0625
2023-11-14 05:00:00,579,Nagapattinam,11.5,-10.0625
2023-11-14 06:00:00,579,Nagapattinam,18.0,-10.0625
2023-11-14 07:00:00,579,Nagapattinam,7.5,-10.0625
2023-11-14 08:00:00,579,Nagapattinam,4.5,-10.0625
2023-11-14 09:00:00,579,Nagapattinam,3.5,-10.0625
2023-11-14 10:00:00,579,Nagapattinam,3.0,-10.0375
2023-11-14 11:00:00,579,Nagapattinam,4.5,-10.0375
2023-11-14 12:00:00,579,Nagapattinam,6.5,-10.0375
2023-11-14 13:00:00,579,Nagapattinam,8.0,-10.0375
2023-11-14 14:00:00,579,Nagapattinam,3.0,-10.0375
2023-11-14 15:00:00,579,Nagapattinam,10.0,-10.0375
2023-11-14 16:00:00,579,Nagapattinam,4.0,-9.982
2023-11-15 00:00:00,579,Nagapattinam,0.5,-9.9565
2023-11-15 01:00:00,579,Nagapattinam,0.5,-9.9565
2023-11-15 02:00:00,579,Nagapattinam,0.5,-9.9565
2023-11-15 06:00:00,579,Nagapattinam,2.0,-9.918
2023-11-15 07:00:00,579,Nagapattinam,1.0,-9.918
2023-11-15 08:00:00,579,Nagapattinam,1.0,-9.918
2023-11-15 11:00:00,579,Nagapattinam,11.0,-14.03
2023-11-15 12:00:00,579,Nagapattinam,8.0,-5.712
2023-11-15 14:00:00,579,Nagapattinam,0.5,-5.712
2023-11-15 15:00:00,579,Nagapattinam,1.5,-5.712
2023-11-15 20:00:00,579,Nagapattinam,0.5,-5.628
2023-11-18 01:00:00,579,Nagapattinam,0.5,-5.458
2023-11-18 03:00:00,579,Nagapattinam,0.5,-5.458
2023-11-18 04:00:00,579,Nagapattinam,1.5,-5.415
2023-11-18 05:00:00,579,Nagapattinam,12.0,-5.415
2023-11-18 06:00:00,579,Nagapattinam,12.5,-5.415
2023-11-18 18:00:00,579,Nagapattinam,0.5,-5.382
2023-11-19 00:00:00,579,Nagapattinam,0.5,-5.363
2023-11-19 01:00:00,579,Nagapattinam,5.0,-5.363
2023-11-19 02:00:00,579,Nagapattinam,4.5,-5.363
2023-11-19 03:00:00,579,Nagapattinam,4.5,-5.363
2023-11-19 04:00:00,579,Nagapattinam,1.0,-5.306
2023-11-19 05:00:00,579,Nagapattinam,20.5,-5.306
2023-11-19 06:00:00,579,Nagapattinam,0.5,-5.306
2023-11-19 12:00:00,579,Nagapattinam,0.5,-5.291
2023-11-19 16:00:00,579,Nagapattinam,8.0,-5.268
2023-11-20 07:00:00,579,Nagapattinam,0.5,-5.23
2023-11-20 13:00:00,579,Nagapattinam,0.5,-5.236
2023-11-22 04:00:00,579,Nagapattinam,0.5,-5.194
2023-11-22 05:00:00,579,Nagapattinam,2.5,-5.194
2023-11-22 06:00:00,579,Nagapattinam,2.75,-5.194
2023-11-22 07:00:00,579,Nagapattinam,2.0,-5.194
2023-11-22 08:00:00,579,Nagapattinam,0.75,-5.194
2023-11-22 09:00:00,579,Nagapattinam,1.5,-5.194
2023-11-22 11:00:00,579,Nagapattinam,0.5,-5.179
2023-11-22 12:00:00,579,Nagapattinam,2.25,-5.179
2023-11-22 13:00:00,579,Nagapattinam,4.5,-5.179
2023-11-22 21:00:00,579,Nagapattinam,1.5,-5.163
2023-11-22 22:00:00,579,Nagapattinam,0.5,-5.147
2023-11-24 04:00:00,579,Nagapattinam,0.5,-5.051
2023-11-24 09:00:00,579,Nagapattinam,1.5,-5.051
2023-11-24 12:00:00,579,Nagapattinam,0.5,-5.083
2023-11-24 13:00:00,579,Nagapattinam,6.5,-5.083
2023-11-25 06:00:00,579,Nagapattinam,2.0,-5.063
2023-11-25 11:00:00,579,Nagapattinam,1.0,-5.087
2023-11-25 12:00:00,579,Nagapattinam,3.5,-5.087
2023-11-25 21:00:00,579,Nagapattinam,6.25,-5.116
2023-11-25 22:00:00,579,Nagapattinam,23.75,-5.095
2023-11-25 23:00:00,579,Nagapattinam,6.0,-5.095
2023-11-26 00:00:00,579,Nagapattinam,12.0,-5.095
2023-11-26 01:00:00,579,Nagapattinam,14.75,-5.095
2023-11-26 02:00:00,579,Nagapattinam,4.75,-5.095
2023-11-26 03:00:00,579,Nagapattinam,1.0,-5.095
2023-11-26 07:00:00,579,Nagapattinam,1.0,-5.019
2023-11-26 12:00:00,579,Nagapattinam,1.5,-4.986
2023-11-26 13:00:00,579,Nagapattinam,3.0,-4.986
2023-11-26 15:00:00,579,Nagapattinam,2.0,-4.986
2023-11-27 15:00:00,579,Nagapattinam,1.0,-4.915
2023-11-28 03:00:00,579,Nagapattinam,3.0,-4.916
2023-11-28 05:00:00,579,Nagapattinam,14.0,-4.884
2023-11-28 06:00:00,579,Nagapattinam,5.0,-4.884
2023-11-28 07:00:00,579,Nagapattinam,9.0,-4.884
2023-11-28 08:00:00,579,Nagapattinam,0.5,-4.884
2023-11-28 10:00:00,579,Nagapattinam,1.5,-4.859
2023-11-28 11:00:00,579,Nagapattinam,0.5,-4.859
2023-11-29 03:00:00,579,Nagapattinam,5.75,-4.811
2023-11-29 06:00:00,579,Nagapattinam,1.75,-4.767
2023-11-29 07:00:00,579,Nagapattinam,1.0,-4.767
2023-11-29 08:00:00,579,Nagapattinam,1.5,-4.767
2023-11-29 11:00:00,579,Nagapattinam,25.5,-4.773
2023-11-29 12:00:00,579,Nagapattinam,1.25,-4.773
2023-11-29 13:00:00,579,Nagapattinam,2.0,-4.773
2023-11-29 15:00:00,579,Nagapattinam,9.5,-4.773
2023-11-29 16:00:00,579,Nagapattinam,4.75,-4.754
2023-11-29 17:00:00,579,Nagapattinam,7.25,-4.754
2023-11-29 18:00:00,579,Nagapattinam,3.0,-4.754
2023-11-29 19:00:00,579,Nagapattinam,1.0,-4.754
2023-11-29 20:00:00,579,Nagapattinam,0.5,-4.754
2023-11-29 21:00:00,579,Nagapattinam,8.5,-4.754
2023-11-30 00:00:00,579,Nagapattinam,18.0,-4.731
2023-11-30 01:00:00,579,Nagapattinam,3.5,-4.731
2023-11-30 02:00:00,579,Nagapattinam,0.5,-4.731
2023-11-30 03:00:00,579,Nagapattinam,6.0,-4.731
2023-11-30 04:00:00,579,Nagapattinam,7.0,-4.672
2023-11-30 05:00:00,579,Nagapattinam,1.0,-4.672
2023-11-30 06:00:00,579,Nagapattinam,1.0,-4.672
2023-11-30 07:00:00,579,Nagapattinam,0.5,-4.672
2023-11-30 08:00:00,579,Nagapattinam,5.5,-4.672
2023-11-30 09:00:00,579,Nagapattinam,0.5,-4.672
2023-11-30 13:00:00,579,Nagapattinam,2.0,-4.742
2023-11-30 14:00:00,579,Nagapattinam,10.5,-4.742
2023-11-30 15:00:00,579,Nagapattinam,2.5,-4.742
2023-11-30 16:00:00,579,Nagapattinam,0.75,-4.624
2023-11-30 19:00:00,579,Nagapattinam,0.5,-4.624
2023-11-30 20:00:00,579,Nagapattinam,1.0,-4.624
2023-11-30 22:00:00,579,Nagapattinam,1.5,-4.583
2023-12-01 05:00:00,579,Nagapattinam,0.5,-4.536
2023-12-01 06:00:00,579,Nagapattinam,0.5,-4.536
2023-12-02 14:00:00,579,Nagapattinam,0.5,-4.509
2023-12-02 16:00:00,579,Nagapattinam,7.5,-4.44
2023-12-02 17:00:00,579,Nagapattinam,16.0,-4.44
2023-12-02 18:00:00,579,Nagapattinam,3.0,-4.44
2023-12-02 19:00:00,579,Nagapattinam,0.75,-4.44
2023-12-02 21:00:00,579,Nagapattinam,0.5,-4.44
2023-12-02 22:00:00,579,Nagapattinam,1.0,-4.427
2023-12-02 23:00:00,579,Nagapattinam,2.0,-4.427
2023-12-03 00:00:00,579,Nagapattinam,1.0,-4.427
2023-12-03 01:00:00,579,Nagapattinam,3.5,-4.427
2023-12-03 02:00:00,579,Nagapattinam,2.25,-4.427
2023-12-03 03:00:00,579,Nagapattinam,1.5,-4.427
2023-12-03 04:00:00,579,Nagapattinam,0.5,-4.405
2023-12-03 05:00:00,579,Nagapattinam,0.5,-4.405
2023-12-03 06:00:00,579,Nagapattinam,0.5,-4.405
2023-12-03 13:00:00,579,Nagapattinam,1.0,-4.408
2023-12-03 20:00:00,579,Nagapattinam,0.5,-4.378
2023-12-04 04:00:00,579,Nagapattinam,0.5,-4.325
2023-12-04 05:00:00,579,Nagapattinam,0.75,-4.325
2023-12-07 16:00:00,579,Nagapattinam,12.5,-4.421
2023-12-07 17:00:00,579,Nagapattinam,1.5,-4.421
2023-12-07 18:00:00,579,Nagapattinam,0.5,-4.421
2023-12-09 12:00:00,579,Nagapattinam,0.5,-4.417
2023-12-10 08:00:00,579,Nagapattinam,0.5,-4.459
2023-12-11 09:00:00,579,Nagapattinam,0.5,-4.359
2023-12-15 07:00:00,579,Nagapattinam,0.75,-4.607
2023-12-15 08:00:00,579,Nagapattinam,2.0,-4.607
2023-12-15 17:00:00,579,Nagapattinam,6.5,-4.589
2023-12-15 18:00:00,579,Nagapattinam,19.25,-4.589
2023-12-15 19:00:00,579,Nagapattinam,1.5,-4.589
2023-12-16 01:00:00,579,Nagapattinam,0.5,-4.535
2023-12-16 11:00:00,579,Nagapattinam,0.5,-4.486
2023-12-16 12:00:00,579,Nagapattinam,5.0,-4.486
2023-12-16 13:00:00,579,Nagapattinam,9.75,-4.486
2023-12-16 14:00:00,579,Nagapattinam,3.75,-4.486
2023-12-16 15:00:00,579,Nagapattinam,4.5,-4.486
2023-12-16 19:00:00,579,Nagapattinam,0.5,-4.455
2023-12-16 20:00:00,579,Nagapattinam,1.0,-4.455
2023-12-16 21:00:00,579,Nagapattinam,0.5,-4.455
2023-12-17 00:00:00,579,Nagapattinam,1.0,-4.431
2023-12-17 02:00:00,579,Nagapattinam,0.5,-4.431
2023-12-17 03:00:00,579,Nagapattinam,1.0,-4.431
2023-12-17 05:00:00,579,Nagapattinam,0.5,-4.383
2023-12-20 22:00:00,579,Nagapattinam,0.5,-4.118
2023-12-21 00:00:00,579,Nagapattinam,1.0,-4.118
2023-12-21 01:00:00,579,Nagapattinam,0.5,-4.118
2023-12-21 05:00:00,579,Nagapattinam,0.5,-4.089
2023-12-21 06:00:00,579,Nagapattinam,1.25,-4.089
2023-12-21 07:00:00,579,Nagapattinam,0.5,-4.089
2023-12-21 09:00:00,579,Nagapattinam,0.5,-4.089
2023-12-24 14:00:00,579,Nagapattinam,0.5,-4.196
2023-12-24 16:00:00,579,Nagapattinam,0.5,-4.245
2023-12-24 17:00:00,579,Nagapattinam,2.0,-4.245
2023-12-24 18:00:00,579,Nagapattinam,2.25,-4.245
2023-12-24 19:00:00,579,Nagapattinam,0.75,-4.245
2023-12-24 20:00:00,579,Nagapattinam,0.5,-4.245
2023-12-25 00:00:00,579,Nagapattinam,7.0,-4.222
2023-12-25 01:00:00,579,Nagapattinam,4.0,-4.222
2023-12-25 02:00:00,579,Nagapattinam,1.0,-4.222
2023-12-25 03:00:00,579,Nagapattinam,1.5,-4.222
2023-12-28 00:00:00,579,Nagapattinam,0.5,-4.316
2023-12-28 01:00:00,579,Nagapattinam,0.5,-4.316
2023-12-28 02:00:00,579,Nagapattinam,0.5,-4.316
2023-12-28 06:00:00,579,Nagapattinam,0.5,-4.346
2023-12-28 21:00:00,579,Nagapattinam,1.0,-4.372
2023-12-28 22:00:00,579,Nagapattinam,0.5,-4.418
2023-12-29 02:00:00,579,Nagapattinam,3.0,-4.418
2023-12-29 03:00:00,579,Nagapattinam,6.5,-4.418
2023-12-29 04:00:00,579,Nagapattinam,0.5,-8.504999999999999
2023-12-29 06:00:00,579,Nagapattinam,1.5,-8.504999999999999
2023-12-29 07:00:00,579,Nagapattinam,2.5,-8.504999999999999
2023-12-29 08:00:00,579,Nagapattinam,0.75,-8.504999999999999
2024-01-05 02:00:00,579,Nagapattinam,2.5,-4.733
2024-01-05 04:00:00,579,Nagapattinam,2.5,-4.68
2024-01-06 14:00:00,579,Nagapattinam,0.5,-4.742
2024-01-06 15:00:00,579,Nagapattinam,7.0,-4.742
2024-01-06 16:00:00,579,Nagapattinam,1.75,-4.721
2024-01-06 17:00:00,579,Nagapattinam,1.5,-4.721
2024-01-06 18:00:00,579,Nagapattinam,0.5,-4.721
2024-01-06 21:00:00,579,Nagapattinam,0.5,-4.721
2024-01-06 22:00:00,579,Nagapattinam,4.0,-4.686
2024-01-06 23:00:00,579,Nagapattinam,4.75,-4.686
2024-01-07 00:00:00,579,Nagapattinam,1.5,-4.686
2024-01-07 01:00:00,579,Nagapattinam,0.5,-4.686
2024-01-07 02:00:00,579,Nagapattinam,1.0,-4.686
2024-01-07 04:00:00,579,Nagapattinam,0.5,-4.613
2024-01-07 05:00:00,579,Nagapattinam,0.75,-4.613
2024-01-07 06:00:00,579,Nagapattinam,1.75,-4.613
2024-01-07 07:00:00,579,Nagapattinam,2.0,-4.613
2024-01-07 08:00:00,579,Nagapattinam,0.5,-4.613
2024-01-07 09:00:00,579,Nagapattinam,0.5,-4.613
2024-01-07 13:00:00,579,Nagapattinam,4.0,-4.635
2024-01-07 14:00:00,579,Nagapattinam,1.5,-4.635
2024-01-07 15:00:00,579,Nagapattinam,0.5,-4.635
2024-01-07 18:00:00,579,Nagapattinam,3.0,-4.524
2024-01-07 19:00:00,579,Nagapattinam,10.5,-4.524
2024-01-07 20:00:00,579,Nagapattinam,11.25,-4.524
2024-01-07 21:00:00,579,Nagapattinam,16.5,-4.524
2024-01-07 22:00:00,579,Nagapattinam,7.75,-4.464
2024-01-07 23:00:00,579,Nagapattinam,5.25,-4.464
2024-01-08 00:00:00,579,Nagapattinam,3.0,-4.464
2024-01-08 01:00:00,579,Nagapattinam,7.75,-4.464
2024-01-08 02:00:00,579,Nagapattinam,10.5,-4.464
2024-01-08 03:00:00,579,Nagapattinam,17.75,-4.464
2024-01-08 04:00:00,579,Nagapattinam,19.75,-4.362
2024-01-08 05:00:00,579,Nagapattinam,18.25,-4.362
2024-01-08 06:00:00,579,Nagapattinam,10.25,-4.362
2024-01-08 07:00:00,579,Nagapattinam,4.75,-4.362
2024-01-08 08:00:00,579,Nagapattinam,0.5,-4.362
2024-01-08 10:00:00,579,Nagapattinam,1.0,-4.25
2024-01-08 11:00:00,579,Nagapattinam,2.25,-4.25
2024-01-08 12:00:00,579,Nagapattinam,1.5,-4.25
2024-01-08 15:00:00,579,Nagapattinam,3.0,-4.25
2024-01-08 16:00:00,579,Nagapattinam,0.5,-4.166
2024-01-08 20:00:00,579,Nagapattinam,0.5,-4.166
2024-01-08 21:00:00,579,Nagapattinam,1.5,-4.166
2024-01-08 22:00:00,579,Nagapattinam,0.75,-4.114
2024-01-09 00:00:00,579,Nagapattinam,1.0,-4.114
2024-01-09 01:00:00,579,Nagapattinam,0.5,-4.114
2024-01-09 02:00:00,579,Nagapattinam,0.5,-4.114
2024-01-09 03:00:00,579,Nagapattinam,0.5,-4.114
2024-01-09 04:00:00,579,Nagapattinam,6.0,-4.031
2024-01-09 06:00:00,579,Nagapattinam,0.5,-4.031
2024-01-13 09:00:00,579,Nagapattinam,1.5,-3.62
2024-05-01 11:45:00,579,Nagapattinam,3.0,-10.029
2024-05-01 12:00:00,579,Nagapattinam,3.0,-10.029
2024-05-01 13:05:00,579,Nagapattinam,9.5,-10.029
2024-05-01 14:00:00,579,Nagapattinam,9.5,-10.029
2024-05-08 09:00:00,579,Nagapattinam,36.5,-10.175
2024-05-08 10:00:00,579,Nagapattinam,5.0,-10.1785
2024-05-08 11:00:00,579,Nagapattinam,0.5,-10.1785
2024-05-09 11:00:00,579,Nagapattinam,5.5,-10.342
2024-05-09 12:00:00,579,Nagapattinam,0.5,-10.342
2024-05-09 13:00:00,579,Nagapattinam,6.0,-10.342
2024-05-12 11:00:00,579,Nagapattinam,0.5,-10.3895
2024-05-12 13:00:00,579,Nagapattinam,0.5,-10.3895
2024-05-13 12:00:00,579,Nagapattinam,4.0,-10.4475
2024-05-13 13:00:00,579,Nagapattinam,0.5,-10.4475
2024-05-14 10:00:00,579,Nagapattinam,2.0,-10.2555
2024-05-14 11:00:00,579,Nagapattinam,2.75,-10.2555
2024-05-16 03:00:00,579,Nagapattinam,6.0,-10.6615
2024-05-16 04:00:00,579,Nagapattinam,12.5,-10.638
2024-05-16 05:00:00,579,Nagapattinam,6.5,-10.638
2024-05-16 06:00:00,579,Nagapattinam,1.5,-10.638
2024-05-16 07:00:00,579,Nagapattinam,1.0,-10.638
2024-05-16 08:00:00,579,Nagapattinam,0.5,-10.638
2024-05-16 09:00:00,579,Nagapattinam,0.5,-10.638
2024-05-16 10:00:00,579,Nagapattinam,0.75,-10.5655
2024-05-16 11:00:00,579,Nagapattinam,1.5,-10.5655
2024-05-16 12:00:00,579,Nagapattinam,0.5,-10.5655
2024-05-16 13:00:00,579,Nagapattinam,0.5,-10.5655
2024-05-16 14:00:00,579,Nagapattinam,0.5,-10.5655
2024-05-16 15:00:00,579,Nagapattinam,0.5,-10.5655
2024-05-16 16:00:00,579,Nagapattinam,0.5,-10.597
2024-05-16 19:00:00,579,Nagapattinam,0.5,-10.597
2024-05-18 06:00:00,579,Nagapattinam,0.5,-10.454
2024-05-19 11:00:00,579,Nagapattinam,0.5,-10.4425
2024-05-19 16:00:00,579,Nagapattinam,0.5,-10.67
2024-05-20 16:00:00,579,Nagapattinam,33.0,-10.6365
2024-05-21 15:00:00,579,Nagapattinam,0.5,-10.7145
2024-05-23 15:00:00,579,Nagapattinam,0.5,-10.8705
2024-05-27 11:00:00,579,Nagapattinam,0.5,-10.893
2024-06-06 18:00:00,579,Nagapattinam,0.5,-11.5615
2024-06-07 13:00:00,579,Nagapattinam,0.5,-11.485
2024-06-14 11:00:00,579,Nagapattinam,0.5,-11.633
2024-06-16 18:00:00,579,Nagapattinam,2.0,-11.733
2024-06-18 20:00:00,579,Nagapattinam,1.0,-12.1125
2024-06-18 21:00:00,579,Nagapattinam,1.5,-12.1125
2024-06-18 22:00:00,579,Nagapattinam,0.5,-11.9555
2024-06-18 23:00:00,579,Nagapattinam,0.5,-11.9555
2024-06-19 14:00:00,579,Nagapattinam,0.5,-11.9815
2024-06-20 23:00:00,579,Nagapattinam,0.5,-11.7505
2024-06-22 09:00:00,579,Nagapattinam,0.5,-11.9195
2024-06-23 16:00:00,579,Nagapattinam,0.5,-12.148
2024-06-24 14:00:00,579,Nagapattinam,0.5,-12.1295
2024-06-25 15:00:00,579,Nagapattinam,0.5,-12.077
2024-06-25 22:00:00,579,Nagapattinam,0.5,-12.085
2024-06-30 18:00:00,579,Nagapattinam,1.0,-12.4435
2024-06-30 19:00:00,579,Nagapattinam,0.5,-12.4435
2024-06-30 20:00:00,579,Nagapattinam,0.5,-12.4435
2024-06-30 21:00:00,579,Nagapattinam,0.5,-12.4435
2024-06-30 23:00:00,579,Nagapattinam,0.5,-12.3755
2024-07-01 12:00:00,579,Nagapattinam,0.5,-12.401
2024-07-02 12:00:00,579,Nagapattinam,0.5,-12.3485
2024-07-03 00:00:00,579,Nagapattinam,0.5,-12.1555
2024-07-12 21:00:00,579,Nagapattinam,1.0,-12.808
2024-07-12 22:00:00,579,Nagapattinam,1.0,-12.522
2024-07-12 23:00:00,579,Nagapattinam,0.5,-12.522
2024-07-13 00:00:00,579,Nagapattinam,0.5,-12.522
2024-07-13 01:00:00,579,Nagapattinam,0.5,-12.522
2024-07-13 10:00:00,579,Nagapattinam,0.5,-12.575
2024-07-13 15:00:00,579,Nagapattinam,0.5,-12.575
2024-07-13 20:00:00,579,Nagapattinam,0.5,-12.7465
2024-07-16 13:00:00,579,Nagapattinam,0.5,-12.8885
2024-07-16 17:00:00,579,Nagapattinam,0.5,-12.763
2024-08-01 17:00:00,579,Nagapattinam,3.0,-8.801
2024-08-01 20:00:00,579,Nagapattinam,1.0,-8.801
2024-08-01 21:00:00,579,Nagapattinam,0.5,-8.801
2024-08-01 23:00:00,579,Nagapattinam,0.5,-8.761
2024-08-02 15:00:00,579,Nagapattinam,0.5,-8.552
2024-08-03 17:00:00,579,Nagapattinam,0.5,-8.133
2024-08-06 17:00:00,579,Nagapattinam,1.0,-8.141
2024-08-06 23:00:00,579,Nagapattinam,0.5,-8.081
2024-08-08 11:00:00,579,Nagapattinam,0.5,-8.049
2024-08-11 14:00:00,579,Nagapattinam,0.5,-7.511
2024-08-12 08:00:00,579,Nagapattinam,0.5,-7.495
2024-08-12 15:00:00,579,Nagapattinam,0.5,-7.817
2024-08-12 22:00:00,579,Nagapattinam,0.5,-17.972
2024-08-13 06:00:00,579,Nagapattinam,0.5,-17.972
2024-08-13 12:00:00,579,Nagapattinam,0.5,-17.996
2024-08-13 19:00:00,579,Nagapattinam,0.5,-17.951
2024-08-14 01:00:00,579,Nagapattinam,0.5,-17.918
2024-08-14 08:00:00,579,Nagapattinam,0.5,-12.709499999999998
2024-08-14 13:00:00,579,Nagapattinam,0.5,-12.7645
2024-08-14 19:00:00,579,Nagapattinam,0.5,-12.7385
2024-08-15 01:00:00,579,Nagapattinam,0.5,-12.723
2024-08-15 07:00:00,579,Nagapattinam,0.5,-12.6835
2024-08-15 13:00:00,579,Nagapattinam,0.5,-12.6995
2024-08-15 16:00:00,579,Nagapattinam,1.5,-12.6945
2024-08-15 19:00:00,579,Nagapattinam,0.5,-12.6945
2024-08-15 23:00:00,579,Nagapattinam,0.5,-12.638
2024-08-16 09:00:00,579,Nagapattinam,0.5,-7.426
2024-08-16 14:00:00,579,Nagapattinam,0.5,-7.608
2024-08-16 20:00:00,579,Nagapattinam,0.5,-7.472
2024-08-17 20:00:00,579,Nagapattinam,0.5,-7.593
2024-08-17 23:00:00,579,Nagapattinam,0.5,-7.507
2024-08-18 06:00:00,579,Nagapattinam,0.5,-7.507
2024-08-18 14:00:00,579,Nagapattinam,0.5,-7.507
2024-08-19 09:00:00,579,Nagapattinam,0.5,-17.627
2024-08-19 11:00:00,579,Nagapattinam,0.5,-17.557
2024-08-19 13:00:00,579,Nagapattinam,0.5,-17.557
2024-08-19 17:00:00,579,Nagapattinam,3.5,-12.7165
2024-08-29 19:00:00,579,Nagapattinam,1.5,-12.5655
2024-08-29 20:00:00,579,Nagapattinam,0.5,-12.5655
2024-08-29 21:00:00,579,Nagapattinam,2.0,-12.5655
2024-08-29 22:00:00,579,Nagapattinam,1.5,-12.515
2024-08-29 23:00:00,579,Nagapattinam,1.0,-12.515
2024-08-30 00:00:00,579,Nagapattinam,1.0,-12.515
2024-08-30 01:00:00,579,Nagapattinam,0.5,-12.515
2024-08-30 02:00:00,579,Nagapattinam,0.5,-12.515
2024-08-30 05:00:00,579,Nagapattinam,0.5,-12.415
2024-08-30 10:00:00,579,Nagapattinam,0.5,-12.451
2024-08-30 22:00:00,579,Nagapattinam,3.0,-12.3295
2024-08-30 23:00:00,579,Nagapattinam,0.5,-12.3295
2024-08-31 00:00:00,579,Nagapattinam,1.0,-12.3295
2024-08-31 01:00:00,579,Nagapattinam,1.5,-12.3295
2024-08-31 02:00:00,579,Nagapattinam,0.5,-12.3295
2024-08-31 07:00:00,579,Nagapattinam,0.5,-12.3115
2024-08-31 08:00:00,579,Nagapattinam,0.5,-12.3115
2024-08-31 09:00:00,579,Nagapattinam,0.5,-12.3115
2024-08-31 10:00:00,579,Nagapattinam,0.5,-12.354500000000002
2024-08-31 11:00:00,579,Nagapattinam,0.5,-12.354500000000002
2024-08-31 13:00:00,579,Nagapattinam,0.5,-12.354500000000002
2024-08-31 16:00:00,579,Nagapattinam,0.5,-12.36
2024-08-31 20:00:00,579,Nagapattinam,0.5,-12.36
2024-09-01 01:00:00,579,Nagapattinam,0.5,-12.2955
2024-09-01 08:00:00,579,Nagapattinam,0.5,-12.3085
2024-09-01 13:00:00,579,Nagapattinam,0.5,-12.3855
2024-09-01 20:00:00,579,Nagapattinam,0.5,-12.4175
2024-09-02 02:00:00,579,Nagapattinam,0.5,-12.3365
2024-09-02 11:00:00,579,Nagapattinam,0.5,-12.379
2024-09-02 23:00:00,579,Nagapattinam,0.5,-12.2975
2024-09-03 12:00:00,579,Nagapattinam,0.5,-12.414
2024-09-03 18:00:00,579,Nagapattinam,0.5,-12.4165
2024-09-03 23:00:00,579,Nagapattinam,0.5,-12.345
2024-09-04 12:00:00,579,Nagapattinam,0.5,-12.349
2024-09-06 01:00:00,579,Nagapattinam,0.5,-12.2425
2024-09-07 14:00:00,579,Nagapattinam,0.5,-12.296
2024-09-13 15:55:00,579,Nagapattinam,2.5,-17.66
2024-09-13 16:00:00,579,Nagapattinam,2.5,-17.66
2024-09-17 19:00:00,579,Nagapattinam,1.0,-12.7615
2024-09-17 20:00:00,579,Nagapattinam,1.0,-12.7615
2024-09-20 18:00:00,579,Nagapattinam,0.5,-12.7965
2024-09-21 02:00:00,579,Nagapattinam,0.5,-12.7515
2024-09-21 09:00:00,579,Nagapattinam,1.0,-12.82
2024-09-21 10:00:00,579,Nagapattinam,1.0,-12.7685
2024-09-23 18:00:00,579,Nagapattinam,2.0,-12.8205
2024-09-23 19:00:00,579,Nagapattinam,1.5,-12.8205
2024-09-23 20:00:00,579,Nagapattinam,1.0,-12.8205
2024-09-23 22:00:00,579,Nagapattinam,0.5,-12.802
2024-09-23 23:00:00,579,Nagapattinam,0.5,-12.802
2024-09-24 04:00:00,579,Nagapattinam,0.5,-12.828
2024-09-24 09:00:00,579,Nagapattinam,0.5,-12.828
2024-09-24 19:00:00,579,Nagapattinam,0.5,-12.729499999999998
2024-09-29 12:00:00,579,Nagapattinam,0.5,-12.836
2024-09-30 10:00:00,579,Nagapattinam,0.5,-12.6295
2024-09-30 11:00:00,579,Nagapattinam,2.0,-12.6295
2024-10-04 15:00:00,579,Nagapattinam,0.5,-12.767
2024-10-04 16:00:00,579,Nagapattinam,8.5,-12.749
2024-10-04 17:00:00,579,Nagapattinam,1.0,-12.749
2024-10-04 18:00:00,579,Nagapattinam,0.5,-12.749
2024-10-04 22:00:00,579,Nagapattinam,1.0,-12.7415
2024-10-04 23:00:00,579,Nagapattinam,1.0,-12.7415
2024-10-05 00:00:00,579,Nagapattinam,0.5,-12.7415
2024-10-05 03:00:00,579,Nagapattinam,0.5,-12.7415
2024-10-05 06:00:00,579,Nagapattinam,0.5,-12.6705
2024-10-05 11:00:00,579,Nagapattinam,0.5,-12.621
2024-10-05 17:00:00,579,Nagapattinam,0.5,-12.607499999999998
2024-10-06 01:00:00,579,Nagapattinam,0.5,-12.5335
2024-10-06 13:00:00,579,Nagapattinam,0.5,-12.403
2024-10-06 23:00:00,579,Nagapattinam,0.5,-12.411
2024-10-07 09:00:00,579,Nagapattinam,0.5,-12.259999999999998
2024-10-07 18:00:00,579,Nagapattinam,0.5,-12.3325
2024-10-08 04:00:00,579,Nagapattinam,0.5,-12.2285
2024-10-08 16:00:00,579,Nagapattinam,0.5,-12.299
2024-10-09 08:00:00,579,Nagapattinam,0.5,-12.1095
2024-10-09 18:00:00,579,Nagapattinam,0.5,-12.1195
2024-10-10 09:00:00,579,Nagapattinam,0.5,-12.063
2024-10-10 16:00:00,579,Nagapattinam,0.5,-12.0465
2024-10-10 21:00:00,579,Nagapattinam,0.5,-12.0465
2024-10-11 04:00:00,579,Nagapattinam,0.5,-11.9235
2024-10-11 10:00:00,579,Nagapattinam,0.5,-11.908
2024-10-11 17:00:00,579,Nagapattinam,0.5,-11.9155
2024-10-12 04:00:00,579,Nagapattinam,0.5,-11.885
2024-10-12 14:00:00,579,Nagapattinam,0.5,-11.873
2024-10-12 21:00:00,579,Nagapattinam,0.5,-11.9105
2024-10-13 04:00:00,579,Nagapattinam,0.5,-11.865
2024-10-13 13:00:00,579,Nagapattinam,0.5,-11.846
2024-10-13 23:00:00,579,Nagapattinam,0.5,-11.792
2024-10-14 08:00:00,579,Nagapattinam,0.5,-11.8375
2024-10-14 09:00:00,579,Nagapattinam,0.5,-11.8375
2024-10-14 13:00:00,579,Nagapattinam,2.5,-11.78
2024-10-14 14:00:00,579,Nagapattinam,5.5,-11.78
2024-10-14 15:00:00,579,Nagapattinam,0.75,-11.78
2024-10-14 16:00:00,579,Nagapattinam,0.5,-11.792
2024-10-14 17:00:00,579,Nagapattinam,2.5,-11.792
2024-10-14 18:00:00,579,Nagapattinam,4.5,-11.792
2024-10-14 20:00:00,579,Nagapattinam,0.5,-11.792
2024-10-14 21:00:00,579,Nagapattinam,1.5,-11.792
2024-10-14 22:00:00,579,Nagapattinam,0.5,-11.6575
2024-10-15 05:00:00,579,Nagapattinam,0.5,-11.6215
2024-10-15 18:00:00,579,Nagapattinam,1.0,-11.5395
2024-10-16 04:00:00,579,Nagapattinam,0.5,-11.4845
2024-10-16 15:00:00,579,Nagapattinam,0.5,-11.5095
2024-10-17 03:00:00,579,Nagapattinam,0.5,-11.558
2024-10-17 16:00:00,579,Nagapattinam,0.5,-11.7275
2024-10-18 04:00:00,579,Nagapattinam,0.5,-17.133
2024-10-18 19:00:00,579,Nagapattinam,0.5,-11.6585
2024-10-19 09:00:00,579,Nagapattinam,0.5,-11.5685
2024-10-19 23:00:00,579,Nagapattinam,0.5,-11.4995
2024-10-20 12:00:00,579,Nagapattinam,0.5,-11.5395
2024-10-21 01:00:00,579,Nagapattinam,0.5,-11.656
2024-10-21 13:00:00,579,Nagapattinam,0.5,-11.844
2024-10-22 03:00:00,579,Nagapattinam,0.5,-11.717
2024-10-22 17:00:00,579,Nagapattinam,0.5,-11.75
2024-10-23 09:00:00,579,Nagapattinam,0.5,-11.5835
2024-10-23 22:00:00,579,Nagapattinam,0.5,-11.492
2024-10-24 13:00:00,579,Nagapattinam,0.5,-11.574
2024-10-24 23:05:00,579,Nagapattinam,1.0,-11.5485
2024-10-24 23:10:00,579,Nagapattinam,1.5,-11.5485
2024-10-24 23:15:00,579,Nagapattinam,2.0,-11.5485
2024-10-24 23:20:00,579,Nagapattinam,2.0,-11.5485
2024-10-24 23:25:00,579,Nagapattinam,2.0,-11.5485
2024-10-24 23:30:00,579,Nagapattinam,2.0,-11.5485
2024-10-24 23:35:00,579,Nagapattinam,2.0,-11.5485
2024-10-24 23:40:00,579,Nagapattinam,2.0,-11.5485
2024-10-24 23:45:00,579,Nagapattinam,2.0,-11.5485
2024-10-24 23:50:00,579,Nagapattinam,2.0,-11.5485
2024-10-24 23:55:00,579,Nagapattinam,2.0,-11.5485
2024-10-25 00:00:00,579,Nagapattinam,2.0,-11.5485
2024-10-25 00:05:00,579,Nagapattinam,2.0,-11.5485
2024-10-25 00:10:00,579,Nagapattinam,3.0,-11.5485
2024-10-25 00:15:00,579,Nagapattinam,3.0,-11.5485
2024-10-25 00:20:00,579,Nagapattinam,3.5,-11.5485
2024-10-25 00:25:00,579,Nagapattinam,4.0,-11.5485
2024-10-25 00:30:00,579,Nagapattinam,4.0,-11.5485
2024-10-25 00:35:00,579,Nagapattinam,4.0,-11.5485
2024-10-25 00:40:00,579,Nagapattinam,4.5,-11.5485
2024-10-25 00:45:00,579,Nagapattinam,5.0,-11.5485
2024-10-25 00:50:00,579,Nagapattinam,5.0,-11.5485
2024-10-25 00:55:00,579,Nagapattinam,5.5,-11.5485
2024-10-25 01:00:00,579,Nagapattinam,5.5,-11.5485
2024-10-25 01:20:00,579,Nagapattinam,0.5,-11.5485
2024-10-25 01:25:00,579,Nagapattinam,0.5,-11.5485
2024-10-25 01:30:00,579,Nagapattinam,0.5,-11.5485
2024-10-25 01:35:00,579,Nagapattinam,0.5,-11.5485
2024-10-25 01:40:00,579,Nagapattinam,0.5,-11.5485
2024-10-25 01:45:00,579,Nagapattinam,1.0,-11.5485
2024-10-25 01:50:00,579,Nagapattinam,1.0,-11.5485
2024-10-25 01:55:00,579,Nagapattinam,1.0,-11.5485
2024-10-25 02:00:00,579,Nagapattinam,1.5,-11.5485
2024-10-25 02:55:00,579,Nagapattinam,0.5,-11.5485
2024-10-25 03:00:00,579,Nagapattinam,0.5,-11.5485
2024-10-25 04:00:00,579,Nagapattinam,0.5,-11.465
2024-10-25 20:00:00,579,Nagapattinam,0.5,-5.928
2024-10-26 14:00:00,579,Nagapattinam,0.5,-5.839
2024-10-27 11:00:00,579,Nagapattinam,0.5,-5.734
2024-10-29 14:00:00,579,Nagapattinam,0.5,-5.774
2024-10-29 18:00:00,579,Nagapattinam,5.0,-5.881
2024-11-01 17:00:00,579,Nagapattinam,0.5,-5.609
2024-11-03 13:00:00,579,Nagapattinam,0.5,-5.468
2024-11-07 13:00:00,579,Nagapattinam,0.5,-5.475
2024-11-07 15:00:00,579,Nagapattinam,0.5,-5.475
2024-11-07 16:00:00,579,Nagapattinam,0.5,-5.508
2024-11-07 17:00:00,579,Nagapattinam,1.0,-5.508
2024-11-07 19:00:00,579,Nagapattinam,0.5,-5.508
2024-11-07 22:00:00,579,Nagapattinam,0.5,-5.479
2024-11-08 01:00:00,579,Nagapattinam,0.5,-5.479
2024-11-08 02:00:00,579,Nagapattinam,0.5,-5.479
2024-11-08 04:00:00,579,Nagapattinam,0.5,-5.434
2024-11-08 05:00:00,579,Nagapattinam,1.0,-5.434
2024-11-08 06:00:00,579,Nagapattinam,0.5,-5.434
2024-11-08 07:00:00,579,Nagapattinam,0.5,-5.434
2024-11-08 09:00:00,579,Nagapattinam,0.5,-5.434
2024-11-08 11:00:00,579,Nagapattinam,0.5,-5.413
2024-11-08 12:00:00,579,Nagapattinam,0.5,-5.413
2024-11-08 14:00:00,579,Nagapattinam,1.0,-5.413
2024-11-12 02:00:00,579,Nagapattinam,0.5,-5.283
2024-11-12 17:00:00,579,Nagapattinam,0.5,-5.255
2024-11-13 10:00:00,579,Nagapattinam,0.5,-4.966
2024-11-13 21:00:00,579,Nagapattinam,0.5,-4.878
2024-11-15 08:00:00,579,Nagapattinam,0.5,-4.68
2024-11-16 13:00:00,579,Nagapattinam,0.5,-4.542
2024-11-16 22:00:00,579,Nagapattinam,0.5,-4.487
2024-11-17 14:00:00,579,Nagapattinam,0.5,-4.432
2024-11-26 08:35:00,579,Nagapattinam,0.5,-4.473
2024-11-26 08:40:00,579,Nagapattinam,0.5,-4.473
2024-11-26 08:45:00,579,Nagapattinam,0.5,-4.473
2024-11-26 08:50:00,579,Nagapattinam,0.5,-4.473
2024-11-26 08:55:00,579,Nagapattinam,1.0,-4.473
2024-11-26 09:00:00,579,Nagapattinam,1.0,-4.473
2024-11-26 09:05:00,579,Nagapattinam,0.5,-4.483
2024-11-26 09:10:00,579,Nagapattinam,1.0,-4.483
2024-11-26 09:15:00,579,Nagapattinam,1.0,-4.483
2024-11-26 09:20:00,579,Nagapattinam,2.0,-4.483
2024-11-26 09:25:00,579,Nagapattinam,5.0,-4.483
2024-11-26 09:30:00,579,Nagapattinam,6.5,-4.483
2024-11-26 09:35:00,579,Nagapattinam,7.5,-4.483
2024-11-26 09:40:00,579,Nagapattinam,8.0,-4.483
2024-11-26 09:45:00,579,Nagapattinam,8.0,-4.483
2024-11-26 09:50:00,579,Nagapattinam,8.0,-4.483
2024-11-26 09:55:00,579,Nagapattinam,8.0,-4.483
2024-11-26 10:00:00,579,Nagapattinam,8.0,-4.483
2024-11-26 14:25:00,579,Nagapattinam,0.5,-4.483
2024-11-26 14:30:00,579,Nagapattinam,1.0,-4.483
2024-11-26 14:35:00,579,Nagapattinam,1.0,-4.483
2024-11-26 14:40:00,579,Nagapattinam,1.0,-4.483
2024-11-26 14:45:00,579,Nagapattinam,1.0,-4.483
2024-11-26 14:50:00,579,Nagapattinam,1.0,-4.483
2024-11-26 14:55:00,579,Nagapattinam,1.0,-4.483
2024-11-26 15:00:00,579,Nagapattinam,1.0,-4.483
2024-11-26 15:20:00,579,Nagapattinam,0.5,-4.399
2024-11-26 15:25:00,579,Nagapattinam,1.0,-4.399
2024-11-26 15:30:00,579,Nagapattinam,1.5,-4.399
2024-11-26 15:35:00,579,Nagapattinam,2.0,-4.399
2024-11-26 15:40:00,579,Nagapattinam,2.5,-4.399
2024-11-26 15:45:00,579,Nagapattinam,3.0,-4.399
2024-11-26 15:50:00,579,Nagapattinam,3.5,-4.399
2024-11-26 15:55:00,579,Nagapattinam,4.0,-4.399
2024-11-26 16:00:00,579,Nagapattinam,4.5,-4.399
2024-11-26 16:05:00,579,Nagapattinam,0.5,-4.399
2024-11-26 16:10:00,579,Nagapattinam,2.0,-4.399
2024-11-26 16:15:00,579,Nagapattinam,4.0,-4.399
2024-11-26 16:20:00,579,Nagapattinam,8.5,-4.399
2024-11-26 16:25:00,579,Nagapattinam,12.0,-4.399
2024-11-26 16:30:00,579,Nagapattinam,14.5,-4.399
2024-11-26 16:35:00,579,Nagapattinam,15.5,-4.399
2024-11-26 16:40:00,579,Nagapattinam,16.0,-4.399
2024-11-26 16:45:00,579,Nagapattinam,17.0,-4.399
2024-11-26 16:50:00,579,Nagapattinam,19.5,-4.399
2024-11-26 16:55:00,579,Nagapattinam,21.5,-4.399
2024-11-26 17:00:00,579,Nagapattinam,24.0,-4.399
2024-11-26 17:05:00,579,Nagapattinam,3.5,-4.399
2024-11-26 17:10:00,579,Nagapattinam,7.0,-4.399
2024-11-26 17:15:00,579,Nagapattinam,10.0,-4.399
2024-11-26 17:20:00,579,Nagapattinam,12.5,-4.399
2024-11-26 17:25:00,579,Nagapattinam,13.5,-4.399
2024-11-26 17:30:00,579,Nagapattinam,14.5,-4.399
2024-11-26 17:35:00,579,Nagapattinam,15.0,-4.399
2024-11-26 17:40:00,579,Nagapattinam,15.5,-4.399
2024-11-26 17:45:00,579,Nagapattinam,16.0,-4.399
2024-11-26 17:50:00,579,Nagapattinam,16.0,-4.399
2024-11-26 17:55:00,579,Nagapattinam,16.5,-4.399
2024-11-26 18:00:00,579,Nagapattinam,17.5,-4.399
2024-11-26 18:05:00,579,Nagapattinam,0.5,-4.399
2024-11-26 18:10:00,579,Nagapattinam,1.0,-4.399
2024-11-26 18:15:00,579,Nagapattinam,1.5,-4.399
2024-11-26 18:20:00,579,Nagapattinam,2.5,-4.399
2024-11-26 18:25:00,579,Nagapattinam,3.5,-4.399
2024-11-26 18:30:00,579,Nagapattinam,4.0,-4.399
2024-11-26 18:35:00,579,Nagapattinam,4.5,-4.399
2024-11-26 18:40:00,579,Nagapattinam,5.5,-4.399
2024-11-26 18:45:00,579,Nagapattinam,6.0,-4.399
2024-11-26 18:50:00,579,Nagapattinam,7.0,-4.399
2024-11-26 18:55:00,579,Nagapattinam,7.0,-4.399
2024-11-26 19:00:00,579,Nagapattinam,8.0,-4.399
2024-11-26 19:10:00,579,Nagapattinam,0.5,-4.399
2024-11-26 19:15:00,579,Nagapattinam,1.0,-4.399
2024-11-26 19:20:00,579,Nagapattinam,1.0,-4.399
2024-11-26 19:25:00,579,Nagapattinam,1.0,-4.399
2024-11-26 19:30:00,579,Nagapattinam,1.0,-4.399
2024-11-26 19:35:00,579,Nagapattinam,1.0,-4.399
2024-11-26 19:40:00,579,Nagapattinam,1.0,-4.399
2024-11-26 19:45:00,579,Nagapattinam,1.0,-4.399
2024-11-26 19:50:00,579,Nagapattinam,1.0,-4.399
2024-11-26 19:55:00,579,Nagapattinam,1.0,-4.399
2024-11-26 20:00:00,579,Nagapattinam,1.0,-4.399
2024-11-27 03:35:00,579,Nagapattinam,0.5,-4.234
2024-11-27 03:40:00,579,Nagapattinam,1.0,-4.234
2024-11-27 03:45:00,579,Nagapattinam,1.0,-4.234
2024-11-27 03:50:00,579,Nagapattinam,1.5,-4.234
2024-11-27 03:55:00,579,Nagapattinam,4.0,-4.234
2024-11-27 04:00:00,579,Nagapattinam,4.0,-4.234
2024-11-27 04:05:00,579,Nagapattinam,0.5,-4.234
2024-11-27 04:10:00,579,Nagapattinam,1.0,-4.234
2024-11-27 04:15:00,579,Nagapattinam,1.0,-4.234
2024-11-27 04:20:00,579,Nagapattinam,1.0,-4.234
2024-11-27 04:25:00,579,Nagapattinam,1.0,-4.234
2024-11-27 04:30:00,579,Nagapattinam,1.0,-4.234
2024-11-27 04:35:00,579,Nagapattinam,1.0,-4.234
2024-11-27 04:40:00,579,Nagapattinam,1.0,-4.234
2024-11-27 04:45:00,579,Nagapattinam,1.0,-4.234
2024-11-27 04:50:00,579,Nagapattinam,1.0,-4.234
2024-11-27 04:55:00,579,Nagapattinam,1.0,-4.234
2024-11-27 05:00:00,579,Nagapattinam,1.0,-4.234
2024-11-27 05:30:00,579,Nagapattinam,0.5,-4.234
2024-11-27 05:35:00,579,Nagapattinam,0.5,-4.234
2024-11-27 05:40:00,579,Nagapattinam,0.5,-4.234
2024-11-27 05:45:00,579,Nagapattinam,0.5,-4.234
2024-11-27 05:50:00,579,Nagapattinam,0.5,-4.234
2024-11-27 05:55:00,579,Nagapattinam,0.5,-4.234
2024-11-27 06:00:00,579,Nagapattinam,0.5,-4.234
2025-01-12 18:15:00,579,Nagapattinam,0.5,-3.736
2025-01-12 18:20:00,579,Nagapattinam,0.5,-3.736
2025-01-12 18:25:00,579,Nagapattinam,0.5,-3.736
2025-01-12 18:30:00,579,Nagapattinam,0.5,-3.736
2025-01-12 18:35:00,579,Nagapattinam,0.5,-3.736
2025-01-12 18:40:00,579,Nagapattinam,0.5,-3.736
2025-01-12 18:45:00,579,Nagapattinam,0.5,-3.736
2025-01-12 18:50:00,579,Nagapattinam,0.5,-3.736
2025-01-12 18:55:00,579,Nagapattinam,0.5,-3.736
2025-01-12 19:00:00,579,Nagapattinam,0.5,-3.736
2025-01-12 23:55:00,579,Nagapattinam,0.5,-3.668
2025-01-13 00:00:00,579,Nagapattinam,0.5,-3.668
2025-01-13 00:20:00,579,Nagapattinam,0.5,-3.668
2025-01-13 00:25:00,579,Nagapattinam,0.5,-3.668
2025-01-13 00:30:00,579,Nagapattinam,0.5,-3.668
2025-01-13 00:35:00,579,Nagapattinam,0.5,-3.668
2025-01-13 00:40:00,579,Nagapattinam,0.5,-3.668
2025-01-13 00:45:00,579,Nagapattinam,0.5,-3.668
2025-01-13 00:50:00,579,Nagapattinam,0.5,-3.668
2025-01-13 00:55:00,579,Nagapattinam,0.5,-3.668
2025-01-13 01:00:00,579,Nagapattinam,0.5,-3.668
2025-01-13 03:10:00,579,Nagapattinam,0.5,-3.591
2025-01-13 03:15:00,579,Nagapattinam,0.5,-3.591
2025-01-13 03:20:00,579,Nagapattinam,0.5,-3.591
2025-01-13 03:25:00,579,Nagapattinam,0.5,-3.591
2025-01-13 03:30:00,579,Nagapattinam,0.5,-3.591
2025-01-13 03:35:00,579,Nagapattinam,0.5,-3.591
2025-01-13 03:40:00,579,Nagapattinam,0.5,-3.591
2025-01-13 03:45:00,579,Nagapattinam,0.5,-3.591
2025-01-13 03:50:00,579,Nagapattinam,0.5,-3.591
2025-01-13 03:55:00,579,Nagapattinam,0.5,-3.591
2025-01-13 04:00:00,579,Nagapattinam,0.5,-3.591
2025-01-13 13:00:00,579,Nagapattinam,1.5,-3.702
2025-01-13 13:05:00,579,Nagapattinam,2.0,-3.702
2025-01-13 13:10:00,579,Nagapattinam,2.0,-3.702
2025-01-13 13:15:00,579,Nagapattinam,2.0,-3.702
2025-01-13 13:20:00,579,Nagapattinam,2.0,-3.702
2025-01-13 13:25:00,579,Nagapattinam,2.0,-3.702
2025-01-13 13:30:00,579,Nagapattinam,2.0,-3.702
2025-01-13 13:35:00,579,Nagapattinam,2.0,-3.702
2025-01-13 13:40:00,579,Nagapattinam,2.0,-3.702
2025-01-13 13:45:00,579,Nagapattinam,2.0,-3.702
2025-01-13 13:50:00,579,Nagapattinam,2.0,-3.702
2025-01-13 13:55:00,579,Nagapattinam,2.0,-3.702
2025-01-13 14:00:00,579,Nagapattinam,2.0,-3.702
2025-01-19 00:00:00,579,Nagapattinam,1.5,-3.36
2025-01-19 00:05:00,579,Nagapattinam,1.5,-3.36
2025-01-19 00:10:00,579,Nagapattinam,1.5,-3.36
2025-01-19 00:15:00,579,Nagapattinam,1.5,-3.36
2025-01-19 00:20:00,579,Nagapattinam,1.5,-3.36
2025-01-19 00:25:00,579,Nagapattinam,1.5,-3.36
2025-01-19 00:30:00,579,Nagapattinam,1.5,-3.36
2025-01-19 00:35:00,579,Nagapattinam,1.5,-3.36
2025-01-19 00:40:00,579,Nagapattinam,2.0,-3.36
2025-01-19 00:45:00,579,Nagapattinam,2.0,-3.36
2025-01-19 00:50:00,579,Nagapattinam,2.0,-3.36
2025-01-19 00:55:00,579,Nagapattinam,2.0,-3.36
2025-01-19 01:00:00,579,Nagapattinam,2.0,-3.36
2025-01-19 01:10:00,579,Nagapattinam,0.5,-3.36
2025-01-19 01:15:00,579,Nagapattinam,0.5,-3.36
2025-01-19 01:20:00,579,Nagapattinam,0.5,-3.36
2025-01-19 01:25:00,579,Nagapattinam,0.5,-3.36
2025-01-19 01:30:00,579,Nagapattinam,0.5,-3.36
2025-01-19 01:35:00,579,Nagapattinam,0.5,-3.36
2025-01-19 01:40:00,579,Nagapattinam,0.5,-3.36
2025-01-19 01:45:00,579,Nagapattinam,0.5,-3.36
2025-01-19 01:50:00,579,Nagapattinam,0.5,-3.36
2025-01-19 01:55:00,579,Nagapattinam,0.5,-3.36
2025-01-19 02:00:00,579,Nagapattinam,1.0,-3.36
2025-01-19 10:40:00,579,Nagapattinam,0.5,-3.314
2025-01-19 10:45:00,579,Nagapattinam,0.5,-3.314
2025-01-19 10:50:00,579,Nagapattinam,0.5,-3.314
2025-01-19 10:55:00,579,Nagapattinam,0.5,-3.314
2025-01-19 11:00:00,579,Nagapattinam,0.5,-3.314
2025-03-01 02:30:00,579,Nagapattinam,0.5,-3.915
2025-03-01 03:00:00,579,Nagapattinam,1.5,-3.915
2025-03-01 06:00:00,579,Nagapattinam,2.5,-3.863
2025-03-01 06:30:00,579,Nagapattinam,0.5,-3.863
2025-03-01 07:00:00,579,Nagapattinam,0.5,-3.863
2025-03-01 13:30:00,579,Nagapattinam,0.5,-3.876
2025-03-01 14:00:00,579,Nagapattinam,0.5,-3.876
2025-03-02 05:30:00,579,Nagapattinam,0.5,-3.889
2025-03-02 06:00:00,579,Nagapattinam,1.0,-3.889
2025-03-02 13:00:00,579,Nagapattinam,1.0,-4.022
2025-03-10 12:00:00,579,Nagapattinam,0.5,-3.951
2025-03-11 13:00:00,579,Nagapattinam,4.5,-3.948
2025-03-11 14:00:00,579,Nagapattinam,3.0,-3.948
2025-03-11 17:00:00,579,Nagapattinam,3.0,-3.923
2025-03-11 19:00:00,579,Nagapattinam,0.5,-3.923
2025-03-11 20:00:00,579,Nagapattinam,3.5,-3.923
2025-03-11 21:00:00,579,Nagapattinam,0.5,-3.923
2025-03-12 11:00:00,579,Nagapattinam,1.5,-3.981
2025-03-21 14:00:00,579,Nagapattinam,4.0,-3.801
2025-03-21 16:00:00,579,Nagapattinam,2.0,-3.768
2025-05-26 01:00:00,579,Nagapattinam,0.5,-6.77
2025-05-26 12:00:00,579,Nagapattinam,0.5,-6.851
2025-05-26 17:00:00,579,Nagapattinam,0.5,-6.755
2025-05-26 22:00:00,579,Nagapattinam,0.5,-6.663
2025-05-27 10:00:00,579,Nagapattinam,0.5,-6.634
2025-05-27 15:00:00,579,Nagapattinam,0.5,-6.634
2025-05-27 19:00:00,579,Nagapattinam,0.5,-6.713
2025-05-28 01:00:00,579,Nagapattinam,0.5,-6.822
2025-05-28 12:00:00,579,Nagapattinam,0.5,-7.117
2025-05-28 16:00:00,579,Nagapattinam,0.5,-6.964
2025-05-28 19:00:00,579,Nagapattinam,2.5,-6.964
2025-05-28 20:00:00,579,Nagapattinam,1.0,-6.964
2025-05-28 22:00:00,579,Nagapattinam,0.5,-6.836
2025-05-29 11:00:00,579,Nagapattinam,0.5,-6.533
2025-05-29 17:00:00,579,Nagapattinam,0.5,-7.039
2025-05-30 00:00:00,579,Nagapattinam,0.5,-7.034
2025-05-30 13:00:00,579,Nagapattinam,0.5,-7.208
2025-05-30 20:00:00,579,Nagapattinam,0.5,-7.178
2025-05-31 10:00:00,579,Nagapattinam,0.5,-7.153
2025-05-31 16:00:00,579,Nagapattinam,0.5,-7.004
2025-05-31 22:00:00,579,Nagapattinam,0.5,-7.074
2025-06-01 11:00:00,579,Nagapattinam,0.5,-7.04
2025-06-01 17:00:00,579,Nagapattinam,0.5,-7.123
2025-06-02 01:00:00,579,Nagapattinam,0.5,-7.04
2025-06-02 09:00:00,579,Nagapattinam,0.5,-7.052
2025-06-02 16:00:00,579,Nagapattinam,0.5,-7.255
2025-06-03 01:00:00,579,Nagapattinam,0.5,-7.13
2025-06-03 09:00:00,579,Nagapattinam,0.5,-7.09
2025-06-03 19:00:00,579,Nagapattinam,0.5,-7.407
2025-06-04 11:20:00,579,Nagapattinam,1.0,-7.665
2025-06-04 11:25:00,579,Nagapattinam,1.5,-7.665
2025-06-04 15:00:00,579,Nagapattinam,0.5,-7.665
2025-06-04 15:10:00,579,Nagapattinam,1.0,-7.389
2025-06-04 15:15:00,579,Nagapattinam,1.5,-7.389
2025-06-04 16:00:00,579,Nagapattinam,1.5,-7.389
2025-06-07 19:00:00,579,Nagapattinam,1.5,-7.825
2025-06-09 18:00:00,579,Nagapattinam,52.5,-7.841
2025-06-09 20:00:00,579,Nagapattinam,0.75,-7.841
2025-06-09 22:00:00,579,Nagapattinam,1.0,-7.643
2025-06-09 23:00:00,579,Nagapattinam,13.75,-7.643
2025-06-10 00:00:00,579,Nagapattinam,10.25,-7.643
2025-06-10 01:00:00,579,Nagapattinam,2.25,-7.643
2025-06-10 02:00:00,579,Nagapattinam,2.5,-7.643
2025-06-10 03:00:00,579,Nagapattinam,1.5,-7.643
2025-06-10 04:00:00,579,Nagapattinam,0.5,-7.454
2025-06-10 21:00:00,579,Nagapattinam,2.5,-7.31
2025-06-10 22:00:00,579,Nagapattinam,9.75,-7.263
2025-06-10 23:00:00,579,Nagapattinam,19.25,-7.263
2025-06-11 00:00:00,579,Nagapattinam,2.0,-7.263
2025-06-11 01:00:00,579,Nagapattinam,2.0,-7.263
2025-06-11 02:00:00,579,Nagapattinam,0.5,-7.263
2025-06-11 03:00:00,579,Nagapattinam,0.5,-7.263
2025-06-11 05:00:00,579,Nagapattinam,0.5,-7.177
2025-06-13 18:00:00,579,Nagapattinam,7.0,-7.006
2025-06-13 19:00:00,579,Nagapattinam,0.5,-7.006
2025-06-13 21:00:00,579,Nagapattinam,0.5,-7.006
2025-06-20 18:00:00,579,Nagapattinam,1.0,-7.815
2025-06-22 19:00:00,579,Nagapattinam,53.0,-8.045
2025-06-22 20:00:00,579,Nagapattinam,10.5,-8.045
2025-06-22 21:00:00,579,Nagapattinam,1.25,-8.045
2025-06-22 23:00:00,579,Nagapattinam,0.5,-7.826
2025-06-28 20:00:00,579,Nagapattinam,1.5,-7.647
2025-06-28 22:00:00,579,Nagapattinam,3.0,-7.63
2025-06-28 23:00:00,579,Nagapattinam,1.5,-7.63
2025-07-10 20:00:00,579,Nagapattinam,0.5,-7.349
2025-07-10 21:00:00,579,Nagapattinam,2.5,-7.349
2025-07-10 22:00:00,579,Nagapattinam,0.5,-7.272
2025-07-13 18:00:00,579,Nagapattinam,1.0,-6.73
2025-07-13 19:00:00,579,Nagapattinam,30.5,-6.73
2025-07-13 20:00:00,579,Nagapattinam,0.5,-6.73
2025-07-13 22:00:00,579,Nagapattinam,5.0,-6.694
2025-07-13 23:00:00,579,Nagapattinam,1.0,-6.694
2025-07-16 17:00:00,579,Nagapattinam,3.5,-6.834
2025-07-16 18:00:00,579,Nagapattinam,0.5,-6.834
2025-07-21 00:00:00,579,Nagapattinam,0.5,-6.125
2025-07-21 01:00:00,579,Nagapattinam,0.5,-6.125
2025-07-23 23:00:00,579,Nagapattinam,0.5,-6.082
2025-07-24 18:00:00,579,Nagapattinam,0.5,-6.098
2025-07-31 18:00:00,579,Nagapattinam,8.0,-6.228
2025-07-31 22:00:00,579,Nagapattinam,0.5,-6.171
2025-07-31 23:00:00,579,Nagapattinam,2.0,-6.171
2025-08-01 00:00:00,579,Nagapattinam,2.0,-6.171
2025-08-01 23:00:00,579,Nagapattinam,2.0,-6.071
2025-08-02 00:00:00,579,Nagapattinam,38.5,-6.071
2025-08-02 01:00:00,579,Nagapattinam,8.25,-6.071
2025-08-02 02:00:00,579,Nagapattinam,0.5,-6.071
2025-08-02 04:00:00,579,Nagapattinam,1.5,-5.89
2025-08-02 05:00:00,579,Nagapattinam,1.5,-5.89
2025-08-02 16:00:00,579,Nagapattinam,3.5,-5.625
2025-08-04 22:00:00,579,Nagapattinam,1.5,-5.226
2025-08-04 23:00:00,579,Nagapattinam,10.5,-5.226
2025-08-05 00:00:00,579,Nagapattinam,2.5,-5.226
2025-08-05 01:00:00,579,Nagapattinam,0.75,-5.226
2025-08-05 02:00:00,579,Nagapattinam,0.5,-5.226
2025-08-05 03:00:00,579,Nagapattinam,0.5,-5.226
2025-08-05 04:00:00,579,Nagapattinam,1.0,-5.134
2025-08-05 05:00:00,579,Nagapattinam,0.75,-5.134
2025-08-05 21:00:00,579,Nagapattinam,4.5,-5.054
2025-08-09 01:00:00,579,Nagapattinam,1.0,-4.856
2025-08-09 02:00:00,579,Nagapattinam,1.0,-4.856
2025-08-09 03:00:00,579,Nagapattinam,3.0,-4.856
2025-08-09 04:00:00,579,Nagapattinam,2.5,-4.783
2025-08-10 16:00:00,579,Nagapattinam,8.0,-4.7
2025-08-10 17:00:00,579,Nagapattinam,2.5,-4.7
2025-08-10 18:00:00,579,Nagapattinam,0.5,-4.7
2025-08-10 19:00:00,579,Nagapattinam,0.5,-4.7
2025-08-10 21:00:00,579,Nagapattinam,5.5,-4.7
2025-08-10 22:00:00,579,Nagapattinam,53.0,-4.643
2025-08-10 23:00:00,579,Nagapattinam,27.5,-4.643
2025-08-11 00:00:00,579,Nagapattinam,2.5,-4.643
2025-08-11 02:00:00,579,Nagapattinam,1.5,-4.643
2025-08-11 03:00:00,579,Nagapattinam,2.0,-4.643
2025-08-11 04:00:00,579,Nagapattinam,2.0,-4.56
2025-08-11 05:00:00,579,Nagapattinam,1.0,-4.56
2025-08-11 06:00:00,579,Nagapattinam,0.5,-4.56
2025-08-11 07:00:00,579,Nagapattinam,0.5,-4.56
2025-08-24 20:00:00,579,Nagapattinam,2.0,-4.408
2025-08-24 21:00:00,579,Nagapattinam,33.5,-4.408
2025-08-24 22:00:00,579,Nagapattinam,1.5,-4.401
2025-08-24 23:00:00,579,Nagapattinam,0.5,-4.401
2025-09-02 23:00:00,579,Nagapattinam,0.5,-4.422
2025-09-05 20:00:00,579,Nagapattinam,6.0,-4.486
2025-09-05 21:00:00,579,Nagapattinam,23.75,-4.486
2025-09-05 22:00:00,579,Nagapattinam,9.0,-4.43
2025-09-06 00:00:00,579,Nagapattinam,2.5,-4.43
2025-09-06 01:00:00,579,Nagapattinam,1.75,-4.43
2025-09-06 23:00:00,579,Nagapattinam,3.0,-4.172
2025-09-07 03:00:00,579,Nagapattinam,1.0,-4.172
2025-09-07 19:00:00,579,Nagapattinam,21.5,-4.075
2025-09-08 00:00:00,579,Nagapattinam,0.5,-4.09
2025-09-08 03:00:00,579,Nagapattinam,5.0,-4.09
2025-09-08 04:00:00,579,Nagapattinam,22.0,-4.018
2025-09-08 05:00:00,579,Nagapattinam,0.5,-4.018
2025-09-08 06:00:00,579,Nagapattinam,0.5,-4.018
2025-09-08 07:00:00,579,Nagapattinam,0.5,-4.018
2025-09-11 18:00:00,579,Nagapattinam,40.5,-4.007
2025-09-11 19:00:00,579,Nagapattinam,25.0,-4.007
2025-09-11 21:00:00,579,Nagapattinam,1.5,-4.007
2025-09-11 22:00:00,579,Nagapattinam,5.5,-3.956
2025-09-11 23:00:00,579,Nagapattinam,1.75,-3.956
2025-09-12 00:00:00,579,Nagapattinam,1.25,-3.956
2025-09-12 01:00:00,579,Nagapattinam,0.5,-3.956
2025-09-12 17:00:00,579,Nagapattinam,6.0,-3.964
2025-09-12 18:00:00,579,Nagapattinam,0.5,-3.964
2025-09-13 08:00:00,579,Nagapattinam,0.5,-4.101
2025-09-16 23:00:00,579,Nagapattinam,0.5,-4.31
2025-09-17 01:00:00,579,Nagapattinam,0.5,-4.31
2025-09-17 14:00:00,579,Nagapattinam,11.0,-4.248
2025-09-17 15:00:00,579,Nagapattinam,31.5,-4.248
2025-09-17 16:00:00,579,Nagapattinam,1.0,-4.158
2025-09-18 17:00:00,579,Nagapattinam,2.5,-4.014
2025-09-18 18:00:00,579,Nagapattinam,1.0,-4.014
2025-09-18 19:00:00,579,Nagapattinam,2.25,-4.014
2025-09-18 20:00:00,579,Nagapattinam,1.5,-4.014
2025-09-18 21:00:00,579,Nagapattinam,1.0,-4.014
2025-09-18 23:00:00,579,Nagapattinam,5.5,-4.014
2025-09-20 00:00:00,579,Nagapattinam,1.5,-3.787
2025-09-20 01:00:00,579,Nagapattinam,0.5,-3.787
2025-09-20 08:00:00,579,Nagapattinam,0.5,-3.744
2025-09-20 23:00:00,579,Nagapattinam,0.5,-3.721
2025-09-21 00:00:00,579,Nagapattinam,46.0,-3.721
2025-09-21 01:00:00,579,Nagapattinam,4.25,-3.721
2025-09-21 02:00:00,579,Nagapattinam,2.0,-3.721
2025-09-21 03:00:00,579,Nagapattinam,0.75,-3.721
2025-09-21 08:00:00,579,Nagapattinam,0.5,-3.634
2025-09-24 20:00:00,579,Nagapattinam,1.0,-3.692
2025-09-24 21:00:00,579,Nagapattinam,36.0,-3.692
2025-09-24 22:00:00,579,Nagapattinam,36.0,-3.656
2025-09-24 23:00:00,579,Nagapattinam,162.0,-3.656
2025-09-25 00:00:00,579,Nagapattinam,30.5,-3.656
2025-09-25 01:00:00,579,Nagapattinam,1.0,-3.656
2025-09-25 03:00:00,579,Nagapattinam,0.5,-3.656
2025-09-25 21:00:00,579,Nagapattinam,15.75,-3.575
2025-09-25 22:00:00,579,Nagapattinam,1.75,-3.542
2025-09-25 23:00:00,579,Nagapattinam,1.5,-3.542
2025-09-26 00:00:00,579,Nagapattinam,1.0,-3.542
2025-10-02 04:00:00,579,Nagapattinam,0.5,-3.708
2025-10-04 06:00:00,579,Nagapattinam,10.0,-3.682
2025-10-04 07:00:00,579,Nagapattinam,0.5,-3.682
2025-10-05 19:00:00,579,Nagapattinam,7.0,-3.667
2025-10-05 20:00:00,579,Nagapattinam,27.5,-3.667
2025-10-05 21:00:00,579,Nagapattinam,0.5,-3.667
2025-10-06 05:00:00,579,Nagapattinam,0.5,-3.61
2025-10-13 05:00:00,579,Nagapattinam,0.5,-3.665
2025-10-16 01:00:00,579,Nagapattinam,0.5,-2.574
2025-10-16 02:00:00,579,Nagapattinam,1.0,-2.574
2025-10-16 03:00:00,579,Nagapattinam,13.5,-2.574
2025-10-16 04:00:00,579,Nagapattinam,1.25,-2.574
2025-10-16 05:00:00,579,Nagapattinam,3.0,-2.574
2025-10-16 06:00:00,579,Nagapattinam,0.5,-2.574
2025-10-16 08:00:00,579,Nagapattinam,4.5,-2.574
2025-10-16 09:00:00,579,Nagapattinam,1.0,-2.574
2025-10-16 10:00:00,579,Nagapattinam,8.5,-2.574
2025-10-16 11:00:00,579,Nagapattinam,0.5,-2.574
2025-10-16 12:00:00,579,Nagapattinam,1.0,-2.574
2025-10-16 13:00:00,579,Nagapattinam,5.25,-2.574
2025-10-16 17:00:00,579,Nagapattinam,3.0,-2.574
2025-10-17 02:00:00,579,Nagapattinam,0.5,-2.574
2025-10-17 03:00:00,579,Nagapattinam,3.25,-2.574
2025-10-17 04:00:00,579,Nagapattinam,8.0,-2.574
2025-10-17 05:00:00,579,Nagapattinam,1.0,-2.574
2025-10-17 11:00:00,579,Nagapattinam,2.5,-2.574
2025-10-17 12:00:00,579,Nagapattinam,0.5,-2.574
2025-10-17 18:00:00,579,Nagapattinam,7.25,-2.574
2025-10-17 19:00:00,579,Nagapattinam,10.5,-2.574
2025-10-17 20:00:00,579,Nagapattinam,0.75,-2.574
2025-10-17 22:00:00,579,Nagapattinam,0.5,-2.574
2025-10-18 02:00:00,579,Nagapattinam,0.5,-2.574
2025-10-18 03:00:00,579,Nagapattinam,3.25,-2.574
2025-10-18 04:00:00,579,Nagapattinam,6.5,-2.574
2025-10-18 05:00:00,579,Nagapattinam,2.0,-2.574
2025-10-18 06:00:00,579,Nagapattinam,0.5,-2.574
2025-10-18 07:00:00,579,Nagapattinam,0.5,-2.574
2025-10-18 21:00:00,579,Nagapattinam,1.0,-2.574
2025-10-18 23:00:00,579,Nagapattinam,0.5,-2.574
2025-10-19 07:00:00,579,Nagapattinam,1.75,-2.574
2025-10-19 08:00:00,579,Nagapattinam,2.25,-2.574
2025-10-19 10:00:00,579,Nagapattinam,0.5,-2.574
2025-10-19 11:00:00,579,Nagapattinam,0.5,-2.574
2025-10-19 12:00:00,579,Nagapattinam,0.5,-2.574
2025-10-19 13:00:00,579,Nagapattinam,0.5,-2.574
2025-10-19 14:00:00,579,Nagapattinam,0.5,-2.574
2025-10-20 00:00:00,579,Nagapattinam,1.0,-2.574
2025-10-20 04:00:00,579,Nagapattinam,2.5,-2.574
2025-10-20 05:00:00,579,Nagapattinam,5.25,-2.574
2025-10-20 06:00:00,579,Nagapattinam,20.75,-2.574
2025-10-20 07:00:00,579,Nagapattinam,14.5,-2.574
2025-10-20 08:00:00,579,Nagapattinam,0.75,-2.574
2025-10-20 10:00:00,579,Nagapattinam,3.75,-2.574
2025-10-20 14:00:00,579,Nagapattinam,1.5,-2.574
2025-10-20 21:00:00,579,Nagapattinam,2.0,-2.574
2025-10-21 00:00:00,579,Nagapattinam,2.0,-2.574
2025-10-21 01:00:00,579,Nagapattinam,2.25,-2.574
2025-10-21 02:00:00,579,Nagapattinam,5.0,-2.574
2025-10-21 03:00:00,579,Nagapattinam,15.75,-2.574
2025-10-21 04:00:00,579,Nagapattinam,6.5,-2.574
2025-10-21 05:00:00,579,Nagapattinam,4.0,-2.574
2025-10-21 06:00:00,579,Nagapattinam,1.5,-2.574
2025-10-21 07:00:00,579,Nagapattinam,9.25,-2.574
2025-10-21 08:00:00,579,Nagapattinam,3.75,-2.574
2025-10-21 09:00:00,579,Nagapattinam,3.5,-2.574
2025-10-21 10:00:00,579,Nagapattinam,0.5,-2.574
2025-10-21 11:00:00,579,Nagapattinam,3.0,-2.574
2025-10-21 12:00:00,579,Nagapattinam,1.5,-2.574
2025-10-21 13:00:00,579,Nagapattinam,3.75,-2.574
2025-10-21 14:00:00,579,Nagapattinam,6.5,-2.574
2025-10-21 15:00:00,579,Nagapattinam,1.0,-2.574
2025-10-21 17:00:00,579,Nagapattinam,1.5,-2.574
2025-10-21 19:00:00,579,Nagapattinam,3.25,-2.574
2025-10-21 20:00:00,579,Nagapattinam,9.5,-2.574
2025-10-21 22:00:00,579,Nagapattinam,2.5,-2.574
2025-10-21 23:00:00,579,Nagapattinam,3.75,-2.574
2025-10-22 00:00:00,579,Nagapattinam,1.0,-2.574
2025-10-22 07:00:00,579,Nagapattinam,0.5,-2.574
2025-10-23 21:00:00,579,Nagapattinam,3.75,-2.733
2025-10-23 23:00:00,579,Nagapattinam,0.5,-2.777
2025-10-25 16:00:00,579,Nagapattinam,3.5,-2.693
2025-10-25 17:00:00,579,Nagapattinam,1.0,-2.693
2025-10-25 18:00:00,579,Nagapattinam,0.5,-2.693
2025-11-06 04:00:00,579,Nagapattinam,0.5,-3.06
2025-11-06 05:00:00,579,Nagapattinam,0.5,-3.06
2025-11-06 06:00:00,579,Nagapattinam,1.0,-3.06
2025-11-06 09:00:00,579,Nagapattinam,3.0,-3.06
2025-11-07 15:00:00,579,Nagapattinam,1.0,-3.134
2025-11-09 10:00:00,579,Nagapattinam,0.5,-3.052
2025-11-12 11:00:00,579,Nagapattinam,13.5,-3.164
2025-11-15 16:00:00,579,Nagapattinam,1.0,-2.981
2025-11-15 17:00:00,579,Nagapattinam,0.5,-2.981
2025-11-15 18:00:00,579,Nagapattinam,0.5,-2.981
2025-11-15 20:00:00,579,Nagapattinam,0.5,-2.981
2025-11-16 04:00:00,579,Nagapattinam,0.5,-2.909
2025-11-16 06:00:00,579,Nagapattinam,0.5,-2.909
2025-11-16 07:00:00,579,Nagapattinam,1.0,-2.909
2025-11-16 10:00:00,579,Nagapattinam,15.25,-2.929
2025-11-16 11:00:00,579,Nagapattinam,3.0,-2.929
2025-11-16 12:00:00,579,Nagapattinam,0.5,-2.929
2025-11-16 17:00:00,579,Nagapattinam,4.25,-2.916
2025-11-16 18:00:00,579,Nagapattinam,0.5,-2.916
2025-11-16 20:00:00,579,Nagapattinam,1.0,-2.916
2025-11-16 21:00:00,579,Nagapattinam,1.0,-2.916
2025-11-16 23:00:00,579,Nagapattinam,6.25,-2.896
2025-11-17 00:00:00,579,Nagapattinam,5.0,-2.896
2025-11-17 01:00:00,579,Nagapattinam,1.0,-2.896
2025-11-17 02:00:00,579,Nagapattinam,2.5,-2.896
2025-11-17 03:00:00,579,Nagapattinam,0.75,-2.896
2025-11-17 04:00:00,579,Nagapattinam,1.5,-2.846
2025-11-17 05:00:00,579,Nagapattinam,1.5,-2.846
2025-11-17 06:00:00,579,Nagapattinam,1.0,-2.846
2025-11-17 07:00:00,579,Nagapattinam,0.5,-2.846
2025-11-17 13:00:00,579,Nagapattinam,0.75,-2.848
2025-11-17 14:00:00,579,Nagapattinam,0.5,-2.848
2025-11-17 17:00:00,579,Nagapattinam,8.5,-2.812
2025-11-17 18:00:00,579,Nagapattinam,11.25,-2.812
2025-11-17 19:00:00,579,Nagapattinam,8.0,-2.812
2025-11-17 20:00:00,579,Nagapattinam,2.5,-2.812
2025-11-18 02:00:00,579,Nagapattinam,2.0,-2.78
2025-11-18 03:00:00,579,Nagapattinam,0.75,-2.78
2025-11-18 04:00:00,579,Nagapattinam,1.75,-2.72
2025-11-18 05:00:00,579,Nagapattinam,10.5,-2.72
2025-11-18 06:00:00,579,Nagapattinam,2.75,-2.72
2025-11-18 07:00:00,579,Nagapattinam,3.75,-2.72
2025-11-18 08:00:00,579,Nagapattinam,3.0,-2.72
2025-11-18 10:00:00,579,Nagapattinam,0.5,-2.722
2025-11-18 13:00:00,579,Nagapattinam,1.25,-2.722
2025-11-18 21:00:00,579,Nagapattinam,0.5,-2.671
2025-11-19 00:00:00,579,Nagapattinam,15.5,-2.641
2025-11-19 01:00:00,579,Nagapattinam,0.5,-2.641
2025-11-19 02:00:00,579,Nagapattinam,7.75,-2.641
2025-11-19 03:00:00,579,Nagapattinam,1.5,-2.641
2025-11-19 04:00:00,579,Nagapattinam,0.5,-2.581
2025-11-20 15:00:00,579,Nagapattinam,1.0,-2.527
2025-11-20 16:00:00,579,Nagapattinam,1.5,-2.527
2025-11-20 17:00:00,579,Nagapattinam,2.5,-2.527
2025-11-20 18:00:00,579,Nagapattinam,0.5,-2.527
2025-11-21 01:00:00,579,Nagapattinam,0.5,-2.54
2025-11-21 02:00:00,579,Nagapattinam,0.5,-2.54
2025-11-21 05:00:00,579,Nagapattinam,0.5,-2.488
2025-11-21 06:00:00,579,Nagapattinam,2.0,-2.488
2025-11-21 07:00:00,579,Nagapattinam,0.5,-2.488
2025-11-21 08:00:00,579,Nagapattinam,0.5,-2.488
2025-11-21 09:00:00,579,Nagapattinam,0.5,-2.488
2025-11-21 20:00:00,579,Nagapattinam,0.5,-2.646
2025-11-22 00:00:00,579,Nagapattinam,4.5,-2.553
2025-11-22 01:00:00,579,Nagapattinam,23.0,-2.553
2025-11-22 02:00:00,579,Nagapattinam,18.25,-2.553
2025-11-22 03:00:00,579,Nagapattinam,1.5,-2.553
2025-11-22 10:00:00,579,Nagapattinam,0.5,-2.414
2025-11-22 12:00:00,579,Nagapattinam,1.0,-2.414
2025-11-22 15:00:00,579,Nagapattinam,1.5,-2.414
2025-11-22 17:00:00,579,Nagapattinam,0.5,-2.386
2025-11-22 18:00:00,579,Nagapattinam,3.0,-2.386
2025-11-22 19:00:00,579,Nagapattinam,1.0,-2.386
2025-11-22 20:00:00,579,Nagapattinam,4.25,-2.386
2025-11-22 21:00:00,579,Nagapattinam,4.25,-2.386
2025-11-22 22:00:00,579,Nagapattinam,4.75,-2.34
2025-11-22 23:00:00,579,Nagapattinam,2.75,-2.34
2025-11-23 00:00:00,579,Nagapattinam,2.0,-2.34
2025-11-23 01:00:00,579,Nagapattinam,1.0,-2.34
2025-11-23 08:00:00,579,Nagapattinam,1.0,-2.285
2025-11-23 13:00:00,579,Nagapattinam,24.5,-2.289
2025-11-23 14:00:00,579,Nagapattinam,1.75,-2.289
2025-11-23 15:00:00,579,Nagapattinam,5.0,-2.289
2025-11-23 16:00:00,579,Nagapattinam,5.0,-2.264
2025-11-23 17:00:00,579,Nagapattinam,6.0,-2.264
2025-11-23 21:00:00,579,Nagapattinam,4.0,-2.264
2025-11-23 22:00:00,579,Nagapattinam,5.75,-2.23
2025-11-23 23:00:00,579,Nagapattinam,8.0,-2.23
2025-11-24 00:00:00,579,Nagapattinam,3.75,-2.23
2025-11-24 01:00:00,579,Nagapattinam,4.0,-2.23
2025-11-24 02:00:00,579,Nagapattinam,2.25,-2.23
2025-11-24 03:00:00,579,Nagapattinam,2.75,-2.23
2025-11-24 04:00:00,579,Nagapattinam,3.0,-2.172
2025-11-24 05:00:00,579,Nagapattinam,4.25,-2.172
2025-11-24 06:00:00,579,Nagapattinam,3.25,-2.172
2025-11-24 07:00:00,579,Nagapattinam,1.75,-2.172
2025-11-24 08:00:00,579,Nagapattinam,1.25,-2.172
2025-11-24 09:00:00,579,Nagapattinam,2.0,-2.172
2025-11-24 10:00:00,579,Nagapattinam,3.5,-2.157
2025-11-24 11:00:00,579,Nagapattinam,0.5,-2.157
2025-11-24 12:00:00,579,Nagapattinam,5.5,-2.157
2025-11-24 13:00:00,579,Nagapattinam,4.0,-2.157
2025-11-24 14:00:00,579,Nagapattinam,1.0,-2.157
2025-11-24 15:00:00,579,Nagapattinam,1.0,-2.157
2025-11-24 16:00:00,579,Nagapattinam,0.5,-2.123
2025-11-24 17:00:00,579,Nagapattinam,0.5,-2.123
2025-11-24 18:00:00,579,Nagapattinam,0.5,-2.123
2025-11-24 19:00:00,579,Nagapattinam,0.5,-2.123
2025-11-24 20:00:00,579,Nagapattinam,1.0,-2.123
2025-11-24 21:00:00,579,Nagapattinam,0.5,-2.123
2025-11-24 23:00:00,579,Nagapattinam,0.5,-2.095
2025-11-30 02:00:00,579,Nagapattinam,5.0,-1.994
2025-11-30 05:00:00,579,Nagapattinam,4.0,-1.916
2025-11-30 07:00:00,579,Nagapattinam,3.5,-1.916
2025-11-30 08:00:00,579,Nagapattinam,2.5,-1.916
2025-11-30 10:00:00,579,Nagapattinam,2.5,-1.897
2025-11-30 12:00:00,579,Nagapattinam,2.5,-1.897
2025-11-30 14:00:00,579,Nagapattinam,2.0,-1.897
2025-11-30 16:00:00,579,Nagapattinam,3.75,-1.883
2025-11-30 17:00:00,579,Nagapattinam,1.0,-1.883
2025-11-30 18:00:00,579,Nagapattinam,1.5,-1.883
2025-11-30 19:00:00,579,Nagapattinam,1.75,-1.883
2025-11-30 21:00:00,579,Nagapattinam,1.0,-1.883
2025-11-30 22:00:00,579,Nagapattinam,1.25,-1.853
2025-12-01 00:00:00,579,Nagapattinam,1.0,-1.853
2025-12-01 01:00:00,579,Nagapattinam,1.0,-1.853
2025-12-01 02:00:00,579,Nagapattinam,1.0,-1.853
2025-12-01 03:00:00,579,Nagapattinam,0.5,-1.853
2025-12-01 04:00:00,579,Nagapattinam,0.5,-1.802
2025-12-01 05:00:00,579,Nagapattinam,0.5,-1.802
2025-12-01 06:00:00,579,Nagapattinam,0.5,-1.802
2025-12-01 07:00:00,579,Nagapattinam,0.5,-1.802
2025-12-01 08:00:00,579,Nagapattinam,0.5,-1.802
2025-12-01 09:00:00,579,Nagapattinam,0.5,-1.802
2025-12-01 10:00:00,579,Nagapattinam,0.5,-1.903
2025-12-01 11:00:00,579,Nagapattinam,0.5,-1.903
2025-12-01 12:00:00,579,Nagapattinam,0.5,-1.903
2025-12-01 13:00:00,579,Nagapattinam,0.5,-1.903
2025-12-01 15:00:00,579,Nagapattinam,0.5,-1.903
2025-12-01 17:00:00,579,Nagapattinam,0.5,-1.808
2025-12-01 19:00:00,579,Nagapattinam,0.5,-1.808
2025-12-01 21:00:00,579,Nagapattinam,0.5,-1.808
2025-12-02 00:00:00,579,Nagapattinam,0.5,-1.802
2025-12-02 03:00:00,579,Nagapattinam,0.5,-1.802
2025-12-02 10:00:00,579,Nagapattinam,2.5,-1.808
2025-12-02 11:00:00,579,Nagapattinam,0.5,-1.808
2025-12-02 16:00:00,579,Nagapattinam,3.0,-1.802
2025-12-02 19:00:00,579,Nagapattinam,0.5,-1.802
2025-12-02 20:00:00,579,Nagapattinam,0.5,-1.802
2025-12-02 23:00:00,579,Nagapattinam,1.0,-1.8
2025-12-03 00:00:00,579,Nagapattinam,1.5,-1.8
2025-12-03 03:00:00,579,Nagapattinam,0.5,-1.8
2025-12-03 04:00:00,579,Nagapattinam,0.5,-1.781
2025-12-03 05:00:00,579,Nagapattinam,6.0,-1.781
2025-12-03 07:00:00,579,Nagapattinam,1.0,-1.781
2025-12-03 10:00:00,579,Nagapattinam,0.5,-1.893
2025-12-03 13:00:00,579,Nagapattinam,0.5,-1.893
2025-12-03 15:00:00,579,Nagapattinam,9.5,-1.893
2025-12-03 16:00:00,579,Nagapattinam,1.0,-1.812
2025-12-03 19:00:00,579,Nagapattinam,0.5,-1.812
2025-12-03 23:00:00,579,Nagapattinam,2.0,-1.796
2025-12-04 03:00:00,579,Nagapattinam,0.5,-1.796
2025-12-04 04:00:00,579,Nagapattinam,0.5,-1.77
2025-12-04 05:00:00,579,Nagapattinam,0.5,-1.77
2025-12-04 06:00:00,579,Nagapattinam,0.5,-1.77
2025-12-04 07:00:00,579,Nagapattinam,0.5,-1.77
2025-12-04 08:00:00,579,Nagapattinam,0.5,-1.77
2025-12-04 09:00:00,579,Nagapattinam,0.5,-1.77
2025-12-04 10:00:00,579,Nagapattinam,0.5,-1.801
2025-12-04 12:00:00,579,Nagapattinam,0.5,-1.801
2025-12-04 14:00:00,579,Nagapattinam,0.5,-1.801
2025-12-04 19:00:00,579,Nagapattinam,0.5,-1.8
2025-12-05 03:00:00,579,Nagapattinam,0.5,-1.8
2025-12-05 10:00:00,579,Nagapattinam,6.5,-1.821
2025-12-05 11:00:00,579,Nagapattinam,1.5,-1.821
2025-12-05 12:00:00,579,Nagapattinam,0.5,-1.821
2025-12-05 15:00:00,579,Nagapattinam,0.5,-1.821
2025-12-06 00:00:00,579,Nagapattinam,0.5,-1.814
2025-12-06 03:00:00,579,Nagapattinam,13.5,-1.814
2025-12-06 05:00:00,579,Nagapattinam,10.5,-1.784
2025-12-06 06:00:00,579,Nagapattinam,5.5,-1.784
2025-12-06 07:00:00,579,Nagapattinam,2.5,-1.784
2025-12-06 20:00:00,579,Nagapattinam,0.5,-1.793
2025-12-07 01:00:00,579,Nagapattinam,1.0,-1.792
2025-12-07 05:00:00,579,Nagapattinam,2.5,-1.792
2025-12-07 07:00:00,579,Nagapattinam,0.5,-1.792
2025-12-07 08:00:00,579,Nagapattinam,0.5,-1.792
2025-12-07 09:00:00,579,Nagapattinam,0.5,-1.792
2025-12-08 07:00:00,579,Nagapattinam,0.5,-1.78
2025-12-09 08:00:00,579,Nagapattinam,0.5,-2.109
2025-12-10 08:00:00,579,Nagapattinam,0.5,-2.043
2025-12-11 08:00:00,579,Nagapattinam,0.5,-2.063
2025-12-12 12:00:00,579,Nagapattinam,0.5,-2.172
2025-12-13 10:00:00,579,Nagapattinam,0.5,-2.273
2025-12-13 17:00:00,579,Nagapattinam,0.5,-2.25
2025-12-13 22:00:00,579,Nagapattinam,0.5,-2.262
2025-12-14 17:00:00,579,Nagapattinam,0.5,-2.356
2025-12-14 23:00:00,579,Nagapattinam,0.5,-2.36
2025-12-15 03:00:00,579,Nagapattinam,0.5,-2.36
2025-12-15 06:00:00,579,Nagapattinam,0.5,-2.346
2025-12-15 12:00:00,579,Nagapattinam,0.5,-2.534
2025-12-15 16:00:00,579,Nagapattinam,0.5,-2.469
2025-12-15 19:00:00,579,Nagapattinam,0.5,-2.469
2025-12-15 21:00:00,579,Nagapattinam,0.5,-2.469
2025-12-15 23:00:00,579,Nagapattinam,0.5,-2.48
2025-12-16 01:00:00,579,Nagapattinam,0.5,-2.48
2025-12-16 02:00:00,579,Nagapattinam,0.5,-2.48
2025-12-16 04:00:00,579,Nagapattinam,0.5,-2.48
2025-12-16 05:00:00,579,Nagapattinam,0.5,-2.48
2025-12-16 05:15:00,579,Nagapattinam,0.5,-2.48
2025-12-16 05:20:00,579,Nagapattinam,0.5,-2.48
2025-12-16 05:25:00,579,Nagapattinam,0.5,-2.48
2025-12-16 05:30:00,579,Nagapattinam,0.5,-2.48
2025-12-16 05:35:00,579,Nagapattinam,0.5,-2.48
2025-12-16 05:40:00,579,Nagapattinam,0.5,-2.48
2025-12-16 05:45:00,579,Nagapattinam,0.5,-2.48
2025-12-16 05:50:00,579,Nagapattinam,0.5,-2.48
2025-12-16 05:55:00,579,Nagapattinam,0.5,-2.48
2025-12-16 06:00:00,579,Nagapattinam,0.5,-2.48
2025-12-16 06:10:00,579,Nagapattinam,0.5,-2.48
2025-12-16 06:15:00,579,Nagapattinam,0.5,-2.48
2025-12-16 06:20:00,579,Nagapattinam,0.5,-2.48
2025-12-16 06:25:00,579,Nagapattinam,0.5,-2.48
2025-12-16 06:30:00,579,Nagapattinam,0.5,-2.48
2025-12-16 06:35:00,579,Nagapattinam,0.5,-2.48
2025-12-16 06:40:00,579,Nagapattinam,0.5,-2.48
2025-12-16 06:45:00,579,Nagapattinam,0.5,-2.48
2025-12-16 06:50:00,579,Nagapattinam,0.5,-2.48
2025-12-16 06:55:00,579,Nagapattinam,0.5,-2.48
2025-12-16 07:00:00,579,Nagapattinam,0.5,-2.48
2025-12-16 09:00:00,579,Nagapattinam,0.5,-2.48
2025-12-16 12:00:00,579,Nagapattinam,5.0,-2.48
2025-12-16 13:00:00,579,Nagapattinam,0.5,-2.675
2025-12-16 14:00:00,579,Nagapattinam,1.5,-2.675
2025-12-16 15:00:00,579,Nagapattinam,1.0,-2.675
2025-12-16 16:00:00,579,Nagapattinam,0.5,-2.675
2025-12-16 18:00:00,579,Nagapattinam,0.75,-2.675
2025-12-16 19:00:00,579,Nagapattinam,31.5,-2.675
2025-12-16 20:00:00,579,Nagapattinam,1.0,-2.675
2025-12-16 21:00:00,579,Nagapattinam,0.75,-2.675
2025-12-16 23:00:00,579,Nagapattinam,7.0,-2.675
2025-12-17 00:00:00,579,Nagapattinam,2.0,-2.675
2025-12-17 03:00:00,579,Nagapattinam,0.5,-2.675
2025-12-17 06:00:00,579,Nagapattinam,0.5,-2.711
2025-12-17 09:00:00,579,Nagapattinam,0.5,-2.711
2025-12-17 12:00:00,579,Nagapattinam,0.5,-2.759
2025-12-17 15:00:00,579,Nagapattinam,0.5,-2.759
2026-01-01 04:00:00,579,Nagapattinam,0.5,-10.004666666666669
2026-01-01 05:00:00,579,Nagapattinam,4.0,-10.004666666666669
2026-01-01 08:00:00,579,Nagapattinam,0.5,-10.004666666666669
2026-01-10 00:00:00,579,Nagapattinam,0.5,-7.158199999999999
2026-01-10 19:00:00,579,Nagapattinam,0.5,-6.3096000000000005
2026-01-11 06:00:00,579,Nagapattinam,0.5,-9.1956
2026-01-12 01:00:00,579,Nagapattinam,0.5,-9.1806
2026-01-12 06:00:00,579,Nagapattinam,0.5,-7.1035
2026-01-12 07:00:00,579,Nagapattinam,1.5,-7.1035
2026-01-12 09:00:00,579,Nagapattinam,2.0,-7.1035
2026-01-12 10:00:00,579,Nagapattinam,3.0,-7.12175
2026-01-12 11:00:00,579,Nagapattinam,2.0,-7.12175
2026-01-12 12:00:00,579,Nagapattinam,5.75,-7.12175
2026-01-12 13:00:00,579,Nagapattinam,2.5,-7.12175
2026-01-12 14:00:00,579,Nagapattinam,2.0,-7.12175
2026-01-12 15:00:00,579,Nagapattinam,1.5,-7.12175
2026-01-12 16:00:00,579,Nagapattinam,0.75,-7.027749999999999
2026-01-12 17:00:00,579,Nagapattinam,3.0,-7.027749999999999
2026-01-12 18:00:00,579,Nagapattinam,6.0,-7.027749999999999
2026-01-12 19:00:00,579,Nagapattinam,0.5,-7.027749999999999
2026-01-12 20:00:00,579,Nagapattinam,1.0,-7.027749999999999
2026-01-12 21:00:00,579,Nagapattinam,1.75,-7.027749999999999
2026-01-12 22:00:00,579,Nagapattinam,3.75,-8.9934
2026-01-12 23:00:00,579,Nagapattinam,0.75,-8.9934
2026-01-13 00:00:00,579,Nagapattinam,2.0,-8.9934
2026-01-13 01:00:00,579,Nagapattinam,2.0,-8.9934
2026-01-13 02:00:00,579,Nagapattinam,1.5,-8.9934
2026-01-13 03:00:00,579,Nagapattinam,2.0,-8.9934
2026-01-13 04:00:00,579,Nagapattinam,0.5,-8.916
2026-01-13 06:00:00,579,Nagapattinam,0.5,-8.916
2026-01-13 07:00:00,579,Nagapattinam,1.0,-8.916
2026-01-13 08:00:00,579,Nagapattinam,0.75,-8.916
2026-01-13 09:00:00,579,Nagapattinam,2.0,-8.916
2026-01-13 10:00:00,579,Nagapattinam,1.5,-8.9368
2026-01-13 11:00:00,579,Nagapattinam,1.5,-8.9368
2026-01-13 12:00:00,579,Nagapattinam,1.5,-8.9368
2026-01-13 13:00:00,579,Nagapattinam,2.0,-8.9368
2026-01-13 14:00:00,579,Nagapattinam,1.5,-8.9368
2026-01-13 15:00:00,579,Nagapattinam,1.5,-8.9368
2026-01-13 17:00:00,579,Nagapattinam,0.5,-8.86
2026-01-13 18:00:00,579,Nagapattinam,0.5,-8.86
2026-01-13 19:00:00,579,Nagapattinam,0.5,-8.86
2026-01-13 20:00:00,579,Nagapattinam,0.5,-8.86
2026-01-13 21:00:00,579,Nagapattinam,0.5,-8.86
2026-01-13 22:00:00,579,Nagapattinam,0.5,-8.7828
2026-01-13 23:00:00,579,Nagapattinam,0.5,-8.7828
2026-01-14 00:00:00,579,Nagapattinam,0.5,-8.7828
2026-01-14 01:00:00,579,Nagapattinam,1.0,-8.7828
2026-01-14 02:00:00,579,Nagapattinam,2.0,-8.7828
2026-01-14 03:00:00,579,Nagapattinam,1.0,-8.7828
2026-01-14 04:00:00,579,Nagapattinam,1.0,-13.371
2026-01-14 05:00:00,579,Nagapattinam,0.5,-13.371
2026-01-14 06:00:00,579,Nagapattinam,0.5,-13.371
2026-01-14 07:00:00,579,Nagapattinam,0.5,-13.371
2026-01-14 08:00:00,579,Nagapattinam,0.5,-13.371
2026-01-14 10:00:00,579,Nagapattinam,0.5,-13.44
2026-01-14 11:00:00,579,Nagapattinam,0.5,-13.44
2026-01-14 12:00:00,579,Nagapattinam,1.0,-13.44
2026-01-14 13:00:00,579,Nagapattinam,0.5,-13.44
2026-01-14 14:00:00,579,Nagapattinam,0.5,-13.44
2026-01-14 15:00:00,579,Nagapattinam,1.0,-13.44
2026-01-14 16:00:00,579,Nagapattinam,0.5,-13.44
2026-01-14 18:00:00,579,Nagapattinam,0.5,-13.44
2026-01-14 20:00:00,579,Nagapattinam,0.5,-6.72025
2026-01-14 22:00:00,579,Nagapattinam,0.5,-6.72025
2026-01-14 23:00:00,579,Nagapattinam,1.0,-6.72025
2026-01-15 00:00:00,579,Nagapattinam,1.0,-6.72025
2026-01-15 04:00:00,579,Nagapattinam,0.5,-13.241
2026-01-15 06:00:00,579,Nagapattinam,0.5,-13.241
2026-01-15 08:00:00,579,Nagapattinam,0.5,-13.241
2026-01-15 10:00:00,579,Nagapattinam,0.5,-13.334
2026-01-23 19:00:00,579,Nagapattinam,1.0,-4.616333333333333
2026-01-23 21:00:00,579,Nagapattinam,0.5,-4.616333333333333
2026-01-23 23:00:00,579,Nagapattinam,0.5,-7.5845
2026-01-24 00:00:00,579,Nagapattinam,0.5,-7.5845
2026-01-24 02:00:00,579,Nagapattinam,0.5,-7.5845
2026-01-24 05:00:00,579,Nagapattinam,0.5,-7.834
2026-01-24 06:00:00,579,Nagapattinam,0.5,-7.834
2026-01-24 07:00:00,579,Nagapattinam,0.5,-7.834
2026-01-24 10:00:00,579,Nagapattinam,0.75,-7.861000000000001
2026-01-24 11:00:00,579,Nagapattinam,0.5,-7.861000000000001
2026-01-24 13:00:00,579,Nagapattinam,0.5,-7.861000000000001
2026-01-24 15:00:00,579,Nagapattinam,2.0,-7.861000000000001
2026-01-24 16:00:00,579,Nagapattinam,3.0,-7.823333333333333
2026-01-24 17:00:00,579,Nagapattinam,0.5,-7.823333333333333
2026-01-24 18:00:00,579,Nagapattinam,0.5,-7.823333333333333
2026-01-24 20:00:00,579,Nagapattinam,0.5,-7.823333333333333
2026-01-24 21:00:00,579,Nagapattinam,1.5,-7.823333333333333
2026-01-24 22:00:00,579,Nagapattinam,0.5,-7.733999999999999
2026-01-25 01:00:00,579,Nagapattinam,1.75,-7.733999999999999
2026-01-25 03:00:00,579,Nagapattinam,0.5,-7.733999999999999
2026-01-25 07:00:00,579,Nagapattinam,0.5,-7.733999999999999
2026-01-25 09:00:00,579,Nagapattinam,1.5,-7.733999999999999
2026-01-25 10:00:00,579,Nagapattinam,0.5,-7.733999999999999
2026-01-25 12:00:00,579,Nagapattinam,3.5,-7.733999999999999
2026-01-25 13:00:00,579,Nagapattinam,1.5,-7.3765
2026-01-25 14:00:00,579,Nagapattinam,0.5,-7.3765
2026-01-25 15:00:00,579,Nagapattinam,1.5,-7.3765
2026-01-25 17:00:00,579,Nagapattinam,2.5,-7.3765
2026-01-25 18:00:00,579,Nagapattinam,1.5,-7.3765
2026-01-25 19:00:00,579,Nagapattinam,3.5,-7.3765
2026-01-25 20:00:00,579,Nagapattinam,0.5,-7.3765
2026-01-25 22:00:00,579,Nagapattinam,0.5,-7.3765
2026-01-26 01:00:00,579,Nagapattinam,0.5,-7.3765
2026-01-26 03:00:00,579,Nagapattinam,0.5,-7.3765
2026-01-26 05:00:00,579,Nagapattinam,0.5,-8.915666666666667
2026-01-26 08:00:00,579,Nagapattinam,0.5,-8.915666666666667
2026-01-26 11:00:00,579,Nagapattinam,0.5,-8.949
2026-01-26 14:00:00,579,Nagapattinam,0.5,-8.949
2026-01-26 17:00:00,579,Nagapattinam,0.5,-8.924
2026-01-26 20:00:00,579,Nagapattinam,0.5,-8.924
2026-01-27 00:00:00,579,Nagapattinam,0.5,-7.3185
2026-01-27 02:00:00,579,Nagapattinam,0.5,-7.3185
2026-01-27 05:00:00,579,Nagapattinam,0.5,-7.2875
2026-01-27 08:00:00,579,Nagapattinam,0.5,-7.2875
2026-01-27 11:00:00,579,Nagapattinam,0.5,-7.31075
2026-01-27 14:00:00,579,Nagapattinam,0.5,-7.31075
2026-01-27 16:00:00,579,Nagapattinam,0.5,-7.29725
2026-01-27 18:00:00,579,Nagapattinam,0.5,-7.29725
2026-01-27 19:00:00,579,Nagapattinam,0.5,-7.29725
2026-02-05 04:00:00,579,Nagapattinam,2.0,-7.375500000000001
2026-02-05 05:00:00,579,Nagapattinam,5.5,-7.375500000000001
2026-02-05 06:00:00,579,Nagapattinam,1.25,-7.375500000000001
2026-02-05 07:00:00,579,Nagapattinam,1.0,-7.375500000000001
2026-02-05 08:00:00,579,Nagapattinam,1.0,-7.375500000000001
2026-02-05 09:00:00,579,Nagapattinam,0.5,-7.375500000000001
2026-02-05 10:00:00,579,Nagapattinam,0.5,-7.40925
2026-02-05 11:00:00,579,Nagapattinam,0.5,-7.40925
2026-02-05 12:00:00,579,Nagapattinam,0.5,-7.40925
2026-02-05 13:00:00,579,Nagapattinam,0.5,-7.40925
2026-02-23 06:00:00,579,Nagapattinam,1.0,-4.972666666666666
2026-02-23 07:00:00,579,Nagapattinam,0.5,-4.972666666666666
2026-03-19 03:00:00,579,Nagapattinam,2.0,-7.5235
2026-03-19 04:00:00,579,Nagapattinam,3.5,-7.499750000000001
2026-03-19 06:00:00,579,Nagapattinam,0.5,-7.499750000000001
2021-09-16 17:25:00,580,Namakkal,19.5,-24.13875
2021-09-16 17:30:00,580,Namakkal,19.5,-24.13875
2021-09-17 14:00:00,580,Namakkal,0.5,-25.243250000000003
2021-09-19 20:00:00,580,Namakkal,0.5,-26.09025
2021-09-20 06:00:00,580,Namakkal,0.5,-24.44725
2021-09-23 23:00:00,580,Namakkal,4.0,-28.788
2021-09-24 00:00:00,580,Namakkal,1.5,-28.788
2021-09-25 00:00:00,580,Namakkal,3.0,-28.290333333333336
2021-09-25 01:00:00,580,Namakkal,4.0,-28.290333333333336
2021-09-25 02:00:00,580,Namakkal,1.0,-28.290333333333336
2021-09-29 20:00:00,580,Namakkal,1.5,-23.4965
2021-09-29 21:00:00,580,Namakkal,0.5,-23.4965
2021-10-01 00:00:00,580,Namakkal,0.5,-23.39725
2021-10-01 01:00:00,580,Namakkal,1.5,-23.39725
2021-10-01 02:00:00,580,Namakkal,6.0,-23.39725
2021-10-01 03:00:00,580,Namakkal,4.0,-23.39725
2021-10-01 04:00:00,580,Namakkal,3.0,-23.1785
2021-10-01 05:00:00,580,Namakkal,5.0,-23.1785
2021-10-01 06:00:00,580,Namakkal,7.0,-23.1785
2021-10-02 14:00:00,580,Namakkal,3.0,-23.22725
2021-10-02 19:00:00,580,Namakkal,3.0,-22.6895
2021-10-02 20:00:00,580,Namakkal,1.0,-22.6895
2021-10-02 21:00:00,580,Namakkal,0.5,-22.6895
2021-10-04 22:00:00,580,Namakkal,9.0,-21.7385
2021-10-04 23:00:00,580,Namakkal,9.0,-21.7385
2021-10-05 00:00:00,580,Namakkal,0.5,-21.7385
2021-10-07 22:00:00,580,Namakkal,2.0,-21.6665
2021-10-08 22:00:00,580,Namakkal,1.0,-20.89275
2021-10-08 23:00:00,580,Namakkal,0.5,-20.89275
2021-10-09 00:00:00,580,Namakkal,0.5,-20.89275
2021-10-09 01:00:00,580,Namakkal,1.5,-20.89275
2021-10-09 02:00:00,580,Namakkal,0.5,-20.89275
2021-10-10 22:00:00,580,Namakkal,1.5,-20.431
2021-10-11 01:00:00,580,Namakkal,0.5,-20.431
2021-10-11 16:00:00,580,Namakkal,0.5,-20.4025
2021-10-11 17:00:00,580,Namakkal,0.5,-20.4025
2021-10-11 18:00:00,580,Namakkal,2.0,-20.4025
2021-10-11 20:00:00,580,Namakkal,0.5,-20.4025
2021-10-11 22:00:00,580,Namakkal,0.5,-19.983
2021-10-11 23:00:00,580,Namakkal,0.5,-19.983
2021-10-12 01:00:00,580,Namakkal,0.5,-19.983
2021-10-13 00:00:00,580,Namakkal,0.5,-19.75225
2021-10-15 23:00:00,580,Namakkal,0.5,-19.1515
2021-10-16 16:00:00,580,Namakkal,1.0,-19.1855
2021-10-16 17:00:00,580,Namakkal,1.0,-19.1855
2021-10-16 19:00:00,580,Namakkal,0.5,-19.1855
2021-10-16 20:00:00,580,Namakkal,0.5,-19.1855
2021-10-24 20:00:00,580,Namakkal,0.5,-17.5855
2021-11-01 07:00:00,580,Namakkal,0.5,-15.9685
2021-11-12 17:00:00,580,Namakkal,5.0,-14.70375
2021-11-17 00:00:00,580,Namakkal,0.5,-15.388
2021-11-17 01:00:00,580,Namakkal,0.5,-15.388
2021-11-17 16:00:00,580,Namakkal,1.0,-15.393
2021-11-17 18:00:00,580,Namakkal,1.0,-15.393
2021-11-17 19:00:00,580,Namakkal,0.5,-15.393
2021-11-18 00:00:00,580,Namakkal,0.5,-15.093333333333334
2021-11-18 01:00:00,580,Namakkal,0.5,-15.093333333333334
2021-11-18 05:00:00,580,Namakkal,0.5,-14.742
2021-11-18 06:00:00,580,Namakkal,0.5,-14.742
2021-11-18 12:00:00,580,Namakkal,0.5,-14.866333333333335
2021-11-18 14:00:00,580,Namakkal,0.5,-14.866333333333335
2021-11-18 16:00:00,580,Namakkal,0.5,-14.723333333333334
2021-11-18 18:00:00,580,Namakkal,0.5,-14.723333333333334
2021-11-22 03:00:00,580,Namakkal,0.5,-12.847333333333331
2021-11-22 05:00:00,580,Namakkal,0.5,-12.563666666666668
2021-11-22 18:00:00,580,Namakkal,0.5,-12.390333333333333
2021-11-23 13:00:00,580,Namakkal,1.5,-9.131666666666666
2021-11-23 18:00:00,580,Namakkal,12.0,-9.608333333333333
2021-11-23 19:00:00,580,Namakkal,0.5,-9.608333333333333
2021-11-25 16:00:00,580,Namakkal,1.0,-8.076
2021-11-25 18:00:00,580,Namakkal,2.0,-8.076
2021-11-25 19:00:00,580,Namakkal,1.0,-8.076
2021-11-25 20:00:00,580,Namakkal,2.5,-8.076
2021-11-25 21:00:00,580,Namakkal,3.5,-8.076
2021-11-25 22:00:00,580,Namakkal,3.5,-7.9505
2021-11-26 00:00:00,580,Namakkal,1.0,-7.9505
2021-11-26 08:00:00,580,Namakkal,1.0,-7.724
2021-11-26 11:00:00,580,Namakkal,0.5,-8.2895
2021-11-26 19:00:00,580,Namakkal,1.0,-8.0845
2021-11-26 21:00:00,580,Namakkal,0.5,-8.0845
2021-11-26 22:00:00,580,Namakkal,1.0,-7.968
2021-11-27 01:00:00,580,Namakkal,0.5,-7.968
2021-11-27 02:00:00,580,Namakkal,0.5,-7.968
2021-11-28 13:00:00,580,Namakkal,0.5,-8.2295
2021-11-29 05:00:00,580,Namakkal,0.5,-7.8195
2021-11-29 06:00:00,580,Namakkal,0.5,-7.8195
2021-12-31 18:00:00,580,Namakkal,1.5,-7.7875
2022-01-01 07:00:00,580,Namakkal,0.5,-7.2655
2022-01-01 17:00:00,580,Namakkal,0.5,-7.184
2022-03-22 05:00:00,580,Namakkal,2.5,-15.0835
2022-03-22 06:00:00,580,Namakkal,0.5,-15.0835
2022-03-22 07:00:00,580,Namakkal,3.0,-15.0835
2022-03-22 08:00:00,580,Namakkal,0.5,-15.0835
2022-04-08 17:00:00,580,Namakkal,1.0,-16.134333333333334
2022-04-09 14:00:00,580,Namakkal,1.5,-16.113
2022-04-09 15:00:00,580,Namakkal,2.0,-16.113
2022-04-12 17:00:00,580,Namakkal,6.0,-16.08966666666667
2022-04-12 18:00:00,580,Namakkal,0.5,-16.08966666666667
2022-04-14 18:00:00,580,Namakkal,0.5,-16.221666666666668
2022-04-14 19:00:00,580,Namakkal,0.5,-16.221666666666668
2022-04-17 20:00:00,580,Namakkal,4.0,-15.797
2022-04-17 21:00:00,580,Namakkal,2.5,-15.797
2022-04-18 01:00:00,580,Namakkal,0.5,-15.691
2022-04-18 02:00:00,580,Namakkal,0.5,-15.691
2022-04-23 18:00:00,580,Namakkal,2.0,-13.82475
2022-04-23 19:00:00,580,Namakkal,9.0,-13.82475
2022-04-23 20:00:00,580,Namakkal,8.0,-13.82475
2022-04-23 21:00:00,580,Namakkal,0.5,-13.82475
2022-04-23 22:00:00,580,Namakkal,1.5,-13.793
2022-04-23 23:00:00,580,Namakkal,2.0,-13.793
2022-04-24 00:00:00,580,Namakkal,1.5,-13.793
2022-04-24 01:00:00,580,Namakkal,0.5,-13.793
2022-06-05 19:00:00,580,Namakkal,0.5,-15.2955
2022-06-05 20:00:00,580,Namakkal,2.5,-15.2955
2022-06-05 22:00:00,580,Namakkal,3.5,-14.88825
2022-06-07 00:00:00,580,Namakkal,4.5,-13.9258
2022-06-07 01:00:00,580,Namakkal,1.0,-13.9258
2022-06-07 02:00:00,580,Namakkal,2.75,-13.9258
2022-06-07 05:00:00,580,Namakkal,0.5,-14.40075
2022-06-14 21:00:00,580,Namakkal,10.0,-15.104
2022-06-16 00:00:00,580,Namakkal,2.5,-14.401599999999998
2022-06-18 01:00:00,580,Namakkal,2.25,-14.402
2022-06-18 02:00:00,580,Namakkal,0.5,-14.402
2022-06-18 21:00:00,580,Namakkal,1.5,-14.4274
2022-06-18 22:00:00,580,Namakkal,0.5,-14.1278
2022-06-18 23:00:00,580,Namakkal,0.5,-14.1278
2022-06-19 18:00:00,580,Namakkal,5.5,-14.4168
2022-06-24 19:00:00,580,Namakkal,2.5,-14.6852
2022-06-30 15:00:00,580,Namakkal,0.5,-16.123
2022-06-30 16:00:00,580,Namakkal,1.0,-15.024
2022-07-10 16:00:00,580,Namakkal,3.5,-15.1254
2022-07-10 18:00:00,580,Namakkal,0.5,-15.1254
2022-07-26 18:00:00,580,Namakkal,0.5,-13.6346
2022-07-26 22:00:00,580,Namakkal,1.0,-13.8536
2022-07-27 01:00:00,580,Namakkal,0.5,-13.8536
2022-07-27 02:00:00,580,Namakkal,0.5,-13.8536
2022-07-27 03:00:00,580,Namakkal,1.0,-13.8536
2022-07-27 04:00:00,580,Namakkal,2.0,-13.6612
2022-07-27 05:00:00,580,Namakkal,0.5,-13.6612
2022-07-27 06:00:00,580,Namakkal,1.0,-13.6612
2022-07-27 07:00:00,580,Namakkal,0.5,-13.6612
2022-07-31 18:00:00,580,Namakkal,3.5,-14.0762
2022-07-31 23:00:00,580,Namakkal,5.5,-13.8994
2022-08-01 00:00:00,580,Namakkal,3.0,-13.8994
2022-08-01 01:00:00,580,Namakkal,6.0,-13.8994
2022-08-01 02:00:00,580,Namakkal,1.0,-13.8994
2022-08-01 03:00:00,580,Namakkal,0.5,-13.8994
2022-08-01 21:00:00,580,Namakkal,0.5,-13.9408
2022-08-01 22:00:00,580,Namakkal,0.5,-13.8152
2022-08-02 19:00:00,580,Namakkal,1.5,-13.6656
2022-08-02 20:00:00,580,Namakkal,9.0,-13.6656
2022-08-02 21:00:00,580,Namakkal,8.5,-13.6656
2022-08-04 18:00:00,580,Namakkal,1.0,-13.481799999999998
2022-08-04 19:00:00,580,Namakkal,1.0,-13.481799999999998
2022-08-04 20:00:00,580,Namakkal,0.5,-13.481799999999998
2022-08-04 21:00:00,580,Namakkal,0.5,-13.481799999999998
2022-08-05 13:00:00,580,Namakkal,0.5,-13.2476
2022-08-17 23:00:00,580,Namakkal,9.0,-14.8258
2022-08-18 00:00:00,580,Namakkal,0.5,-14.8258
2022-08-18 01:00:00,580,Namakkal,1.5,-14.8258
2022-08-18 02:00:00,580,Namakkal,0.5,-14.8258
2022-08-19 04:00:00,580,Namakkal,16.0,-15.1892
2022-08-19 05:00:00,580,Namakkal,14.0,-15.1892
2022-08-19 06:00:00,580,Namakkal,0.5,-15.1892
2022-08-21 19:00:00,580,Namakkal,0.5,-14.877199999999998
2022-08-23 19:00:00,580,Namakkal,0.5,-14.208000000000002
2022-08-23 23:00:00,580,Namakkal,0.5,-13.9862
2022-08-25 23:00:00,580,Namakkal,0.5,-13.4612
2022-08-26 00:00:00,580,Namakkal,0.5,-13.4612
2022-08-26 15:00:00,580,Namakkal,0.5,-13.4896
2022-08-26 16:00:00,580,Namakkal,36.5,-13.4364
2022-08-26 18:00:00,580,Namakkal,15.5,-13.4364
2022-08-26 20:00:00,580,Namakkal,1.5,-13.4364
2022-08-26 21:00:00,580,Namakkal,6.0,-13.4364
2022-08-26 22:00:00,580,Namakkal,32.25,-13.2306
2022-08-26 23:00:00,580,Namakkal,3.25,-13.2306
2022-08-27 00:00:00,580,Namakkal,0.5,-13.2306
2022-08-28 21:00:00,580,Namakkal,7.5,-13.69725
2022-08-28 22:00:00,580,Namakkal,5.5,-13.258
2022-08-28 23:00:00,580,Namakkal,4.25,-13.258
2022-08-29 00:00:00,580,Namakkal,2.5,-13.258
2022-08-29 01:00:00,580,Namakkal,1.5,-13.258
2022-08-29 02:00:00,580,Namakkal,2.5,-13.258
2022-08-29 03:00:00,580,Namakkal,3.5,-13.258
2022-08-29 04:00:00,580,Namakkal,0.5,-12.89275
2022-08-29 20:00:00,580,Namakkal,0.5,-13.1115
2022-08-31 15:00:00,580,Namakkal,1.5,-12.72025
2022-08-31 16:00:00,580,Namakkal,0.5,-12.483
2022-08-31 17:00:00,580,Namakkal,3.0,-12.483
2022-08-31 18:00:00,580,Namakkal,1.0,-12.483
2022-09-01 13:00:00,580,Namakkal,1.0,-12.042
2022-09-01 14:00:00,580,Namakkal,5.5,-12.042
2022-09-01 15:00:00,580,Namakkal,1.0,-12.042
2022-09-01 16:00:00,580,Namakkal,0.5,-11.9625
2022-09-02 03:00:00,580,Namakkal,0.5,-11.7955
2022-09-02 04:00:00,580,Namakkal,35.5,-11.50325
2022-09-02 05:00:00,580,Namakkal,8.0,-11.50325
2022-09-02 06:00:00,580,Namakkal,9.0,-11.50325
2022-09-02 07:00:00,580,Namakkal,1.5,-11.50325
2022-09-03 16:00:00,580,Namakkal,0.5,-12.32025
2022-09-03 17:00:00,580,Namakkal,4.5,-12.32025
2022-09-03 18:00:00,580,Namakkal,0.5,-12.32025
2022-09-03 21:00:00,580,Namakkal,3.0,-12.32025
2022-09-04 21:00:00,580,Namakkal,6.0,-11.6205
2022-09-04 23:00:00,580,Namakkal,7.5,-11.46025
2022-09-05 00:00:00,580,Namakkal,3.5,-11.46025
2022-09-05 15:00:00,580,Namakkal,39.0,-11.77875
2022-09-05 16:00:00,580,Namakkal,1.0,-12.6615
2022-09-07 20:00:00,580,Namakkal,1.0,-11.628
2022-09-07 21:00:00,580,Namakkal,3.0,-11.628
2022-09-07 22:00:00,580,Namakkal,1.0,-11.01275
2022-09-08 03:00:00,580,Namakkal,0.5,-11.01275
2022-09-08 05:00:00,580,Namakkal,0.5,-10.82225
2022-09-26 02:00:00,580,Namakkal,4.5,-12.662
2022-09-26 06:00:00,580,Namakkal,4.0,-11.682
2022-09-26 07:00:00,580,Namakkal,0.5,-11.682
2022-10-02 21:00:00,580,Namakkal,0.5,-11.857499999999998
2022-10-06 17:00:00,580,Namakkal,2.0,-11.991
2022-10-08 22:00:00,580,Namakkal,2.0,-11.754
2022-10-08 23:00:00,580,Namakkal,1.5,-11.754
2022-10-09 00:00:00,580,Namakkal,3.25,-11.754
2022-10-09 19:00:00,580,Namakkal,23.0,-133.8495
2022-10-09 20:00:00,580,Namakkal,9.75,-133.8495
2022-10-09 21:00:00,580,Namakkal,18.0,-133.8495
2022-10-10 00:00:00,580,Namakkal,8.5,-11.633333333333336
2022-10-10 01:00:00,580,Namakkal,1.75,-11.633333333333336
2022-10-10 02:00:00,580,Namakkal,1.0,-11.633333333333336
2022-10-10 04:00:00,580,Namakkal,1.75,-11.589666666666666
2022-10-10 05:00:00,580,Namakkal,0.5,-11.589666666666666
2022-10-10 06:00:00,580,Namakkal,0.5,-11.589666666666666
2022-10-10 07:00:00,580,Namakkal,0.5,-11.589666666666666
2022-10-11 04:00:00,580,Namakkal,1.0,-11.496
2022-10-11 05:00:00,580,Namakkal,13.5,-11.496
2022-10-11 06:00:00,580,Namakkal,5.25,-11.496
2022-10-11 15:00:00,580,Namakkal,4.5,-11.302666666666669
2022-10-13 19:00:00,580,Namakkal,10.5,-11.172
2022-10-14 15:00:00,580,Namakkal,3.0,-10.966666666666669
2022-10-15 00:00:00,580,Namakkal,0.5,-10.818333333333332
2022-10-17 00:00:00,580,Namakkal,14.25,-10.641333333333334
2022-10-17 01:00:00,580,Namakkal,2.75,-10.641333333333334
2022-10-17 03:00:00,580,Namakkal,1.0,-10.641333333333334
2022-10-18 18:00:00,580,Namakkal,28.0,-10.105666666666666
2022-10-18 19:00:00,580,Namakkal,0.5,-10.105666666666666
2022-10-18 20:00:00,580,Namakkal,0.5,-10.105666666666666
2022-10-18 21:00:00,580,Namakkal,0.5,-10.105666666666666
2022-10-19 21:00:00,580,Namakkal,1.0,-8.58575
2022-10-19 22:00:00,580,Namakkal,2.0,-8.557500000000001
2022-10-20 00:00:00,580,Namakkal,1.0,-8.557500000000001
2022-10-20 19:00:00,580,Namakkal,9.0,-6.448
2022-10-20 20:00:00,580,Namakkal,14.5,-6.448
2022-10-21 07:00:00,580,Namakkal,0.5,-6.238333333333333
2022-10-22 17:00:00,580,Namakkal,0.5,-6.116333333333333
2022-10-22 19:00:00,580,Namakkal,1.5,-6.116333333333333
2022-10-22 22:00:00,580,Namakkal,0.5,-6.068666666666666
2022-10-28 11:00:00,580,Namakkal,17.0,-5.961666666666666
2022-11-01 19:00:00,580,Namakkal,0.5,-6.198333333333333
2022-11-01 20:00:00,580,Namakkal,0.5,-6.198333333333333
2022-11-01 21:00:00,580,Namakkal,0.5,-6.198333333333333
2022-11-02 00:00:00,580,Namakkal,0.5,-5.846
2022-11-02 16:00:00,580,Namakkal,10.0,-4.815
2022-11-02 17:00:00,580,Namakkal,6.5,-4.815
2022-11-02 19:00:00,580,Namakkal,1.0,-4.815
2022-11-02 20:00:00,580,Namakkal,2.0,-4.815
2022-11-02 22:00:00,580,Namakkal,3.5,-4.777333333333334
2022-11-02 23:00:00,580,Namakkal,1.0,-4.777333333333334
2022-11-03 01:00:00,580,Namakkal,2.5,-4.777333333333334
2022-11-03 02:00:00,580,Namakkal,0.75,-4.777333333333334
2022-11-03 04:00:00,580,Namakkal,1.0,-5.301666666666667
2022-11-03 14:00:00,580,Namakkal,0.5,-4.797
2022-11-03 15:00:00,580,Namakkal,0.5,-4.797
2022-11-04 13:00:00,580,Namakkal,0.5,-4.911666666666666
2022-11-04 18:00:00,580,Namakkal,0.5,-5.093
2022-11-09 14:00:00,580,Namakkal,2.0,-5.131666666666667
2022-11-10 15:00:00,580,Namakkal,1.0,-5.755
2022-11-11 06:00:00,580,Namakkal,0.5,-5.647333333333333
2022-11-11 07:00:00,580,Namakkal,2.0,-5.647333333333333
2022-11-11 08:00:00,580,Namakkal,2.5,-5.647333333333333
2022-11-11 10:00:00,580,Namakkal,2.75,-5.653
2022-11-11 11:00:00,580,Namakkal,4.5,-5.653
2022-11-11 12:00:00,580,Namakkal,3.5,-5.653
2022-11-11 13:00:00,580,Namakkal,3.0,-5.653
2022-11-11 14:00:00,580,Namakkal,5.0,-5.653
2022-11-11 16:00:00,580,Namakkal,3.5,-5.41675
2022-11-11 17:00:00,580,Namakkal,3.5,-5.41675
2022-11-11 18:00:00,580,Namakkal,4.75,-5.41675
2022-11-11 22:00:00,580,Namakkal,1.75,-5.14225
2022-11-11 23:00:00,580,Namakkal,1.75,-5.14225
2022-11-12 00:00:00,580,Namakkal,2.5,-5.14225
2022-11-12 04:00:00,580,Namakkal,1.5,-5.139749999999999
2022-11-12 05:00:00,580,Namakkal,0.5,-5.139749999999999
2022-11-12 06:00:00,580,Namakkal,0.5,-5.139749999999999
2022-11-12 08:00:00,580,Namakkal,1.5,-5.139749999999999
2022-11-12 09:00:00,580,Namakkal,7.5,-5.139749999999999
2022-11-12 10:00:00,580,Namakkal,0.75,-5.19225
2022-11-13 13:00:00,580,Namakkal,1.0,-5.406666666666666
2022-11-22 21:00:00,580,Namakkal,1.5,-5.57625
2022-11-27 17:00:00,580,Namakkal,0.5,-4.913666666666667
2022-12-03 00:00:00,580,Namakkal,1.0,-6.561
2022-12-03 17:00:00,580,Namakkal,4.5,-6.2582
2022-12-04 14:00:00,580,Namakkal,10.0,-6.60525
2022-12-04 18:00:00,580,Namakkal,1.0,-6.355
2022-12-04 22:00:00,580,Namakkal,2.5,-6.59025
2022-12-05 02:00:00,580,Namakkal,0.5,-6.59025
2022-12-08 15:00:00,580,Namakkal,1.0,-11.839
2022-12-08 16:00:00,580,Namakkal,0.5,-11.839
2022-12-08 20:00:00,580,Namakkal,0.5,-6.87525
2022-12-09 03:00:00,580,Namakkal,0.5,-7.541999999999999
2022-12-09 08:00:00,580,Namakkal,0.5,-7.496666666666667
2022-12-09 10:00:00,580,Namakkal,1.0,-6.919
2022-12-09 20:00:00,580,Namakkal,0.5,-7.525333333333333
2022-12-10 00:00:00,580,Namakkal,0.5,-7.486666666666667
2022-12-10 04:00:00,580,Namakkal,0.5,-7.45
2022-12-10 05:00:00,580,Namakkal,1.5,-7.45
2022-12-10 06:00:00,580,Namakkal,0.5,-7.45
2022-12-10 11:00:00,580,Namakkal,0.5,-6.87725
2022-12-10 18:00:00,580,Namakkal,0.5,-6.74725
2022-12-11 18:00:00,580,Namakkal,3.0,-6.7925
2022-12-11 19:00:00,580,Namakkal,4.5,-6.7925
2022-12-11 20:00:00,580,Namakkal,0.5,-6.7925
2022-12-11 23:00:00,580,Namakkal,0.5,-7.411666666666666
2022-12-12 03:00:00,580,Namakkal,0.5,-7.411666666666666
2022-12-12 11:00:00,580,Namakkal,0.5,-7.441
2022-12-12 13:00:00,580,Namakkal,4.5,-7.441
2022-12-12 14:00:00,580,Namakkal,0.5,-7.441
2022-12-12 21:00:00,580,Namakkal,0.5,-7.422666666666667
2022-12-12 22:00:00,580,Namakkal,1.0,-7.380333333333333
2022-12-12 23:00:00,580,Namakkal,0.5,-7.380333333333333
2022-12-13 03:00:00,580,Namakkal,1.0,-7.380333333333333
2022-12-13 05:00:00,580,Namakkal,1.5,-7.350666666666666
2022-12-13 07:00:00,580,Namakkal,0.5,-7.350666666666666
2022-12-13 12:00:00,580,Namakkal,0.5,-7.364666666666667
2022-12-13 16:00:00,580,Namakkal,2.0,-7.38
2022-12-13 17:00:00,580,Namakkal,1.75,-7.38
2022-12-13 18:00:00,580,Namakkal,1.25,-7.38
2022-12-13 19:00:00,580,Namakkal,0.5,-7.38
2022-12-25 15:00:00,580,Namakkal,1.5,-7.1106
2022-12-25 16:00:00,580,Namakkal,2.75,-8.587000000000002
2022-12-25 17:00:00,580,Namakkal,3.25,-8.587000000000002
2022-12-25 18:00:00,580,Namakkal,4.0,-8.587000000000002
2022-12-25 19:00:00,580,Namakkal,0.5,-8.587000000000002
2022-12-25 20:00:00,580,Namakkal,1.0,-8.587000000000002
2022-12-26 00:00:00,580,Namakkal,0.5,-8.344
2022-12-26 10:00:00,580,Namakkal,0.5,-7.17525
2022-12-26 11:00:00,580,Namakkal,1.5,-7.17525
2022-12-26 15:00:00,580,Namakkal,2.5,-7.17525
2022-12-26 20:00:00,580,Namakkal,0.5,-6.6962
2022-12-27 08:00:00,580,Namakkal,1.0,-6.89475
2022-12-27 13:00:00,580,Namakkal,0.5,-6.9670000000000005
2022-12-27 15:00:00,580,Namakkal,0.5,-6.9670000000000005
2022-12-27 16:00:00,580,Namakkal,0.5,-7.106999999999999
2023-01-30 23:00:00,580,Namakkal,0.5,-8.8214
2023-02-03 13:00:00,580,Namakkal,0.5,-10.1625
2023-02-03 16:00:00,580,Namakkal,2.0,-9.1704
2023-02-03 17:00:00,580,Namakkal,1.5,-9.1704
2023-02-03 18:00:00,580,Namakkal,3.0,-9.1704
2023-02-03 19:00:00,580,Namakkal,1.0,-9.1704
2023-03-19 04:00:00,580,Namakkal,0.5,-13.608
2023-03-19 20:00:00,580,Namakkal,2.0,-13.9816
2023-03-19 21:00:00,580,Namakkal,19.5,-13.9816
2023-03-20 22:00:00,580,Namakkal,0.5,-13.9874
2023-03-26 22:00:00,580,Namakkal,0.5,-11.177333333333332
2023-04-21 16:00:00,580,Namakkal,1.0,-17.6262
2023-04-21 17:00:00,580,Namakkal,5.5,-17.6262
2023-04-22 17:00:00,580,Namakkal,10.5,-19.59375
2023-04-28 21:00:00,580,Namakkal,8.0,-17.924799999999998
2023-04-29 17:00:00,580,Namakkal,2.0,-17.953200000000002
2023-05-01 16:00:00,580,Namakkal,1.0,-18.0732
2023-05-01 19:00:00,580,Namakkal,2.0,-18.0732
2023-05-01 20:00:00,580,Namakkal,1.0,-18.0732
2023-05-01 22:00:00,580,Namakkal,1.25,-17.7866
2023-05-01 23:00:00,580,Namakkal,1.75,-17.7866
2023-05-02 00:00:00,580,Namakkal,0.5,-17.7866
2023-05-02 01:00:00,580,Namakkal,7.5,-17.7866
2023-05-02 05:00:00,580,Namakkal,14.5,-17.5768
2023-05-02 06:00:00,580,Namakkal,6.5,-17.5768
2023-05-02 07:00:00,580,Namakkal,0.5,-17.5768
2023-05-02 08:00:00,580,Namakkal,0.5,-17.5768
2023-05-04 19:00:00,580,Namakkal,5.5,-17.0714
2023-05-04 20:00:00,580,Namakkal,47.5,-17.0714
2023-05-04 21:00:00,580,Namakkal,3.5,-17.0714
2023-05-04 22:00:00,580,Namakkal,2.5,-16.5154
2023-05-04 23:00:00,580,Namakkal,0.5,-16.5154
2023-05-06 15:00:00,580,Namakkal,0.5,-16.0874
2023-05-06 18:00:00,580,Namakkal,2.25,-15.6748
2023-05-06 19:00:00,580,Namakkal,7.5,-15.6748
2023-05-06 23:00:00,580,Namakkal,0.5,-15.5672
2023-05-07 00:00:00,580,Namakkal,2.5,-15.5672
2023-05-07 01:00:00,580,Namakkal,1.0,-15.5672
2023-05-07 03:00:00,580,Namakkal,0.5,-15.5672
2023-05-07 19:00:00,580,Namakkal,0.5,-15.3148
2023-05-07 20:00:00,580,Namakkal,1.0,-15.3148
2023-05-07 21:00:00,580,Namakkal,2.0,-15.3148
2023-05-08 00:00:00,580,Namakkal,1.0,-15.1148
2023-05-08 01:00:00,580,Namakkal,0.5,-15.1148
2023-05-08 18:00:00,580,Namakkal,4.5,-14.7132
2023-05-08 20:00:00,580,Namakkal,0.5,-14.7132
2023-05-08 21:00:00,580,Namakkal,0.5,-14.7132
2023-05-09 17:00:00,580,Namakkal,3.0,-14.249
2023-05-09 18:00:00,580,Namakkal,14.0,-14.249
2023-05-11 19:00:00,580,Namakkal,6.0,-14.025
2023-06-13 20:00:00,580,Namakkal,0.5,-16.601000000000003
2023-06-13 21:00:00,580,Namakkal,1.5,-16.601000000000003
2023-06-13 22:00:00,580,Namakkal,2.0,-16.5984
2023-06-13 23:00:00,580,Namakkal,0.5,-16.5984
2023-06-20 03:00:00,580,Namakkal,18.0,-16.4464
2023-06-20 04:00:00,580,Namakkal,0.5,-16.4244
2023-06-20 08:00:00,580,Namakkal,1.0,-16.4244
2023-06-20 09:00:00,580,Namakkal,0.5,-16.4244
2023-06-21 20:00:00,580,Namakkal,1.0,-18.20925
2023-06-21 23:00:00,580,Namakkal,0.5,-18.21625
2023-06-30 19:00:00,580,Namakkal,3.0,-19.014
2023-07-01 19:00:00,580,Namakkal,0.5,-17.5516
2023-07-03 21:00:00,580,Namakkal,1.5,-17.3662
2023-07-03 22:00:00,580,Namakkal,10.5,-17.2628
2023-07-03 23:00:00,580,Namakkal,2.0,-17.2628
2023-07-04 00:00:00,580,Namakkal,0.5,-17.2628
2023-07-04 01:00:00,580,Namakkal,0.5,-17.2628
2023-07-05 18:00:00,580,Namakkal,2.5,-19.4315
2023-07-06 11:00:00,580,Namakkal,0.5,-19.4535
2023-07-08 17:00:00,580,Namakkal,4.0,-17.9388
2023-07-09 21:00:00,580,Namakkal,3.0,-17.808600000000002
2023-07-10 22:00:00,580,Namakkal,0.5,-17.976599999999998
2023-07-10 23:00:00,580,Namakkal,2.0,-17.976599999999998
2023-07-11 00:00:00,580,Namakkal,12.5,-17.976599999999998
2023-07-11 01:00:00,580,Namakkal,0.5,-17.976599999999998
2023-07-11 03:00:00,580,Namakkal,0.5,-17.976599999999998
2023-07-11 04:00:00,580,Namakkal,0.5,-18.2492
2023-07-11 05:00:00,580,Namakkal,0.5,-18.2492
2023-07-11 21:00:00,580,Namakkal,0.5,-17.601000000000003
2023-07-11 22:00:00,580,Namakkal,1.0,-17.6374
2023-07-11 23:00:00,580,Namakkal,0.5,-17.6374
2023-07-12 16:00:00,580,Namakkal,19.5,-19.9205
2023-07-13 18:00:00,580,Namakkal,1.5,-14.614333333333333
2023-07-13 19:00:00,580,Namakkal,2.0,-14.614333333333333
2023-07-13 20:00:00,580,Namakkal,0.5,-14.614333333333333
2023-07-23 17:00:00,580,Namakkal,4.0,-18.8524
2023-07-23 18:00:00,580,Namakkal,0.5,-18.8524
2023-07-23 23:00:00,580,Namakkal,1.5,-18.668
2023-07-24 00:00:00,580,Namakkal,0.5,-18.668
2023-07-24 19:00:00,580,Namakkal,0.5,-18.4694
2023-07-24 22:00:00,580,Namakkal,0.5,-18.378
2023-07-25 02:00:00,580,Namakkal,0.5,-18.378
2023-07-25 04:00:00,580,Namakkal,0.5,-18.4402
2023-08-04 20:00:00,580,Namakkal,6.0,-19.5118
2023-08-10 04:00:00,580,Namakkal,0.5,-22.919
2023-08-10 08:00:00,580,Namakkal,0.5,-22.919
2023-08-10 09:00:00,580,Namakkal,0.5,-22.919
2023-08-11 23:00:00,580,Namakkal,1.0,-22.56175
2023-08-12 00:00:00,580,Namakkal,1.5,-22.56175
2023-08-12 01:00:00,580,Namakkal,1.0,-22.56175
2023-08-12 02:00:00,580,Namakkal,0.5,-22.56175
2023-08-12 14:00:00,580,Namakkal,1.0,-22.67725
2023-08-22 01:15:00,580,Namakkal,1.0,-23.82
2023-08-22 01:20:00,580,Namakkal,4.5,-23.82
2023-08-22 01:25:00,580,Namakkal,8.5,-23.82
2023-08-22 01:30:00,580,Namakkal,9.5,-23.82
2023-08-22 01:35:00,580,Namakkal,9.5,-23.82
2023-08-22 01:40:00,580,Namakkal,10.0,-23.82
2023-08-22 01:45:00,580,Namakkal,10.0,-23.82
2023-08-22 01:50:00,580,Namakkal,10.0,-23.82
2023-08-22 01:55:00,580,Namakkal,10.0,-23.82
2023-08-22 02:00:00,580,Namakkal,10.0,-23.82
2023-08-22 23:00:00,580,Namakkal,1.0,-24.28725
2023-08-22 23:40:00,580,Namakkal,0.5,-24.28725
2023-08-22 23:45:00,580,Namakkal,3.0,-24.28725
2023-08-22 23:50:00,580,Namakkal,4.5,-24.28725
2023-08-22 23:55:00,580,Namakkal,5.5,-24.28725
2023-08-23 00:00:00,580,Namakkal,3.25,-24.28725
2023-08-23 00:05:00,580,Namakkal,0.5,-24.28725
2023-08-23 00:10:00,580,Namakkal,1.0,-24.28725
2023-08-23 00:15:00,580,Namakkal,1.0,-24.28725
2023-08-23 00:20:00,580,Namakkal,1.5,-24.28725
2023-08-23 00:25:00,580,Namakkal,1.5,-24.28725
2023-08-23 00:30:00,580,Namakkal,1.5,-24.28725
2023-08-23 00:35:00,580,Namakkal,1.5,-24.28725
2023-08-23 00:40:00,580,Namakkal,1.5,-24.28725
2023-08-23 00:45:00,580,Namakkal,1.5,-24.28725
2023-08-23 00:50:00,580,Namakkal,1.5,-24.28725
2023-08-23 00:55:00,580,Namakkal,1.5,-24.28725
2023-08-23 01:00:00,580,Namakkal,1.5,-24.28725
2023-08-23 02:00:00,580,Namakkal,0.5,-24.28725
2023-08-29 17:00:00,580,Namakkal,0.5,-22.2354
2023-08-29 18:00:00,580,Namakkal,3.5,-22.2354
2023-08-29 19:00:00,580,Namakkal,0.5,-22.2354
2023-08-29 21:00:00,580,Namakkal,2.0,-22.2354
2023-08-29 22:00:00,580,Namakkal,6.0,-21.913
2023-08-29 23:00:00,580,Namakkal,6.75,-21.913
2023-08-30 00:00:00,580,Namakkal,3.0,-21.913
2023-08-30 01:00:00,580,Namakkal,1.0,-21.913
2023-08-30 04:00:00,580,Namakkal,0.5,-21.7916
2023-08-30 20:00:00,580,Namakkal,5.0,-21.7066
2023-08-30 21:00:00,580,Namakkal,17.0,-21.7066
2023-08-30 22:00:00,580,Namakkal,2.5,-21.754
2023-08-31 23:00:00,580,Namakkal,11.0,-21.4066
2023-09-01 00:00:00,580,Namakkal,2.5,-21.4066
2023-09-01 01:00:00,580,Namakkal,2.0,-21.4066
2023-09-01 02:00:00,580,Namakkal,2.0,-21.4066
2023-09-02 00:00:00,580,Namakkal,0.5,-21.3742
2023-09-02 01:00:00,580,Namakkal,0.5,-21.3742
2023-09-02 02:00:00,580,Namakkal,0.5,-21.3742
2023-09-02 03:00:00,580,Namakkal,1.0,-21.3742
2023-09-02 04:00:00,580,Namakkal,0.5,-33.356
2023-09-03 21:00:00,580,Namakkal,2.75,-21.0086
2023-09-04 20:00:00,580,Namakkal,16.0,-20.7624
2023-09-04 21:00:00,580,Namakkal,5.5,-20.7624
2023-09-05 14:00:00,580,Namakkal,0.5,-20.9072
2023-09-05 20:00:00,580,Namakkal,0.5,-20.8166
2023-09-06 13:00:00,580,Namakkal,3.0,-20.7784
2023-09-07 17:00:00,580,Namakkal,10.5,-20.9078
2023-09-09 21:00:00,580,Namakkal,30.5,-20.6638
2023-09-09 22:00:00,580,Namakkal,1.0,-20.7862
2023-09-11 17:00:00,580,Namakkal,5.5,-21.331200000000003
2023-09-11 18:00:00,580,Namakkal,9.5,-21.331200000000003
2023-09-12 20:00:00,580,Namakkal,0.5,-21.1016
2023-09-13 17:00:00,580,Namakkal,0.5,-21.3032
2023-09-13 18:00:00,580,Namakkal,0.5,-21.3032
2023-09-15 18:00:00,580,Namakkal,1.5,-21.5184
2023-09-15 23:00:00,580,Namakkal,1.0,-21.5316
2023-09-17 17:00:00,580,Namakkal,0.5,-21.8964
2023-09-17 19:00:00,580,Namakkal,1.5,-21.8964
2023-09-17 20:00:00,580,Namakkal,0.75,-21.8964
2023-09-17 22:00:00,580,Namakkal,10.5,-21.4796
2023-09-17 23:00:00,580,Namakkal,2.0,-21.4796
2023-09-18 00:00:00,580,Namakkal,1.75,-21.4796
2023-09-18 01:00:00,580,Namakkal,1.5,-21.4796
2023-09-18 03:00:00,580,Namakkal,0.5,-21.4796
2023-09-18 20:00:00,580,Namakkal,3.75,-21.4738
2023-09-18 21:00:00,580,Namakkal,13.5,-21.4738
2023-09-18 22:00:00,580,Namakkal,0.5,-21.433
2023-09-18 23:00:00,580,Namakkal,1.5,-21.433
2023-09-19 00:00:00,580,Namakkal,0.75,-21.433
2023-09-19 18:00:00,580,Namakkal,4.5,-21.457
2023-09-19 19:00:00,580,Namakkal,15.0,-21.457
2023-09-19 20:00:00,580,Namakkal,20.25,-21.457
2023-09-19 21:00:00,580,Namakkal,11.0,-21.457
2023-09-21 23:00:00,580,Namakkal,5.0,-21.1232
2023-09-22 00:00:00,580,Namakkal,1.0,-21.1232
2023-09-22 13:00:00,580,Namakkal,1.5,-21.1174
2023-09-22 16:00:00,580,Namakkal,1.0,-20.9662
2023-09-22 21:00:00,580,Namakkal,1.0,-20.9662
2023-09-25 19:00:00,580,Namakkal,9.0,-21.2994
2023-09-25 20:00:00,580,Namakkal,14.0,-21.2994
2023-09-25 21:00:00,580,Namakkal,0.5,-21.2994
2023-09-25 22:00:00,580,Namakkal,5.25,-20.9742
2023-09-25 23:00:00,580,Namakkal,0.5,-20.9742
2023-09-26 00:00:00,580,Namakkal,0.5,-20.9742
2023-09-26 05:00:00,580,Namakkal,0.5,-20.9738
2023-09-27 20:00:00,580,Namakkal,6.5,-20.6046
2023-09-27 21:00:00,580,Namakkal,9.5,-20.6046
2023-09-27 23:00:00,580,Namakkal,0.5,-20.3904
2023-10-08 14:00:00,580,Namakkal,2.5,-21.9372
2023-10-08 15:00:00,580,Namakkal,6.0,-21.9372
2023-10-09 15:00:00,580,Namakkal,0.5,-20.9712
2023-10-09 16:00:00,580,Namakkal,1.5,-20.7168
2023-10-09 20:00:00,580,Namakkal,9.5,-20.7168
2023-10-09 23:00:00,580,Namakkal,0.5,-20.6004
2023-10-10 16:00:00,580,Namakkal,17.0,-21.1412
2023-10-10 17:00:00,580,Namakkal,0.5,-21.1412
2023-10-10 21:00:00,580,Namakkal,34.0,-21.1412
2023-10-11 16:00:00,580,Namakkal,1.5,-20.3392
2023-10-12 00:00:00,580,Namakkal,23.0,-20.3042
2023-10-12 01:00:00,580,Namakkal,5.0,-20.3042
2023-10-14 22:00:00,580,Namakkal,1.5,-20.2226
2023-10-14 23:00:00,580,Namakkal,18.25,-20.2226
2023-10-15 00:00:00,580,Namakkal,18.0,-20.2226
2023-10-15 01:00:00,580,Namakkal,1.5,-20.2226
2023-10-15 02:00:00,580,Namakkal,0.75,-20.2226
2023-10-15 16:00:00,580,Namakkal,0.5,-19.921
2023-10-15 17:00:00,580,Namakkal,4.0,-19.921
2023-10-16 16:00:00,580,Namakkal,11.0,-19.663
2023-10-16 17:00:00,580,Namakkal,3.5,-19.663
2023-10-16 18:00:00,580,Namakkal,5.0,-19.663
2023-10-16 19:00:00,580,Namakkal,1.0,-19.663
2023-10-16 20:00:00,580,Namakkal,0.5,-19.663
2023-10-16 21:00:00,580,Namakkal,9.25,-19.663
2023-10-16 22:00:00,580,Namakkal,4.25,-19.5772
2023-10-16 23:00:00,580,Namakkal,1.0,-19.5772
2023-10-17 00:00:00,580,Namakkal,0.5,-19.5772
2023-10-17 07:00:00,580,Namakkal,0.5,-19.8774
2023-10-17 19:00:00,580,Namakkal,15.5,-19.2022
2023-10-17 20:00:00,580,Namakkal,5.0,-19.2022
2023-10-17 21:00:00,580,Namakkal,6.5,-19.2022
2023-10-17 22:00:00,580,Namakkal,2.5,-19.108600000000003
2023-10-29 14:00:00,580,Namakkal,4.5,-20.41
2023-10-30 04:00:00,580,Namakkal,1.0,-19.6846
2023-10-30 05:00:00,580,Namakkal,0.5,-19.6846
2023-10-31 16:00:00,580,Namakkal,1.0,-19.3288
2023-11-01 17:00:00,580,Namakkal,5.5,-19.9892
2023-11-01 18:00:00,580,Namakkal,1.0,-19.9892
2023-11-01 19:00:00,580,Namakkal,5.5,-19.9892
2023-11-01 20:00:00,580,Namakkal,1.5,-19.9892
2023-11-01 21:00:00,580,Namakkal,3.0,-19.9892
2023-11-01 22:00:00,580,Namakkal,1.5,-19.625
2023-11-01 23:00:00,580,Namakkal,0.5,-19.625
2023-11-03 13:00:00,580,Namakkal,2.5,-20.245
2023-11-03 15:00:00,580,Namakkal,1.0,-20.245
2023-11-04 04:00:00,580,Namakkal,0.5,-19.2186
2023-11-04 06:00:00,580,Namakkal,1.0,-19.2186
2023-11-04 07:00:00,580,Namakkal,2.5,-19.2186
2023-11-04 13:00:00,580,Namakkal,18.0,-19.3912
2023-11-04 20:00:00,580,Namakkal,4.5,-19.146
2023-11-04 21:00:00,580,Namakkal,3.5,-19.146
2023-11-04 22:00:00,580,Namakkal,1.25,-19.0136
2023-11-04 23:00:00,580,Namakkal,7.0,-19.0136
2023-11-05 00:00:00,580,Namakkal,5.5,-19.0136
2023-11-05 01:00:00,580,Namakkal,7.25,-19.0136
2023-11-05 02:00:00,580,Namakkal,4.0,-19.0136
2023-11-07 20:00:00,580,Namakkal,22.5,-17.9512
2023-11-07 21:00:00,580,Namakkal,5.0,-17.9512
2023-11-07 22:00:00,580,Namakkal,2.25,-17.540399999999998
2023-11-07 23:00:00,580,Namakkal,2.75,-17.540399999999998
2023-11-08 00:00:00,580,Namakkal,1.5,-17.540399999999998
2023-11-08 03:00:00,580,Namakkal,0.5,-17.540399999999998
2023-11-08 04:00:00,580,Namakkal,0.5,-17.305799999999998
2023-11-09 02:00:00,580,Namakkal,0.5,-16.843200000000003
2023-11-09 03:00:00,580,Namakkal,2.0,-16.843200000000003
2023-11-09 04:00:00,580,Namakkal,3.5,-16.616
2023-11-09 05:00:00,580,Namakkal,1.5,-16.616
2023-11-09 16:00:00,580,Namakkal,1.5,-16.824199999999998
2023-11-09 17:00:00,580,Namakkal,0.5,-16.824199999999998
2023-11-09 20:00:00,580,Namakkal,8.0,-16.824199999999998
2023-11-09 21:00:00,580,Namakkal,0.5,-16.824199999999998
2023-11-14 00:00:00,580,Namakkal,0.5,-14.6232
2023-11-14 02:00:00,580,Namakkal,3.25,-14.6232
2023-11-14 03:00:00,580,Namakkal,0.5,-14.6232
2023-11-14 04:00:00,580,Namakkal,0.5,-14.427
2023-11-14 05:00:00,580,Namakkal,0.5,-14.427
2023-11-14 07:00:00,580,Namakkal,0.5,-14.427
2023-11-14 08:00:00,580,Namakkal,0.5,-14.427
2023-11-22 18:00:00,580,Namakkal,13.5,-13.919999999999998
2023-11-22 19:00:00,580,Namakkal,5.0,-13.919999999999998
2023-11-23 10:00:00,580,Namakkal,0.5,-13.843799999999998
2023-11-23 11:00:00,580,Namakkal,1.5,-13.843799999999998
2023-11-24 18:00:00,580,Namakkal,0.5,-13.8704
2023-11-25 18:00:00,580,Namakkal,1.5,-13.749599999999996
2023-11-26 03:00:00,580,Namakkal,0.5,-13.6048
2023-11-26 10:00:00,580,Namakkal,0.5,-13.5974
2023-11-26 15:00:00,580,Namakkal,1.5,-13.5974
2023-11-26 16:00:00,580,Namakkal,3.0,-13.6222
2023-11-26 17:00:00,580,Namakkal,2.25,-13.6222
2023-11-27 12:00:00,580,Namakkal,3.5,-13.5716
2023-11-29 19:00:00,580,Namakkal,0.5,-13.3232
2023-11-30 14:00:00,580,Namakkal,0.5,-13.2488
2023-11-30 15:00:00,580,Namakkal,2.5,-13.2488
2023-12-08 14:00:00,580,Namakkal,2.5,-13.4378
2023-12-17 15:00:00,580,Namakkal,0.5,-15.5912
2023-12-17 16:00:00,580,Namakkal,0.5,-15.6018
2023-12-25 05:00:00,580,Namakkal,0.5,-13.5925
2024-01-07 18:00:00,580,Namakkal,0.5,-14.957333333333333
2024-01-08 03:00:00,580,Namakkal,1.0,-14.672833333333331
2024-01-08 04:00:00,580,Namakkal,0.5,-14.380333333333333
2024-01-08 05:00:00,580,Namakkal,2.5,-14.380333333333333
2024-01-08 06:00:00,580,Namakkal,1.5,-14.380333333333333
2024-01-08 07:00:00,580,Namakkal,0.5,-14.380333333333333
2024-01-08 09:00:00,580,Namakkal,0.5,-14.380333333333333
2024-01-08 17:00:00,580,Namakkal,0.5,-14.401000000000002
2024-01-09 09:00:00,580,Namakkal,2.5,-14.460333333333333
2024-01-09 10:00:00,580,Namakkal,1.5,-14.577
2024-04-26 13:00:00,580,Namakkal,3.5,-26.727
2024-05-04 21:00:00,580,Namakkal,7.0,-28.46283333333333
2024-05-14 15:00:00,580,Namakkal,13.0,-31.154200000000003
2024-05-14 16:00:00,580,Namakkal,1.5,-28.9245
2024-05-14 17:00:00,580,Namakkal,0.5,-28.9245
2024-05-14 18:00:00,580,Namakkal,0.5,-28.9245
2024-05-15 15:00:00,580,Namakkal,10.0,-28.660833333333333
2024-05-15 20:00:00,580,Namakkal,1.5,-28.662666666666667
2024-05-15 21:00:00,580,Namakkal,1.5,-28.662666666666667
2024-05-15 22:00:00,580,Namakkal,2.0,-28.417666666666666
2024-05-15 23:00:00,580,Namakkal,0.5,-28.417666666666666
2024-05-16 00:00:00,580,Namakkal,0.5,-28.417666666666666
2024-05-16 01:00:00,580,Namakkal,0.75,-28.417666666666666
2024-05-16 04:00:00,580,Namakkal,0.5,-28.305166666666665
2024-05-16 06:00:00,580,Namakkal,0.5,-28.305166666666665
2024-05-16 08:00:00,580,Namakkal,0.5,-28.305166666666665
2024-05-16 09:00:00,580,Namakkal,0.5,-28.305166666666665
2024-05-16 10:00:00,580,Namakkal,0.5,-28.55483333333333
2024-05-17 13:00:00,580,Namakkal,4.0,-28.177000000000003
2024-05-17 14:00:00,580,Namakkal,5.0,-28.177000000000003
2024-05-17 15:00:00,580,Namakkal,4.5,-28.177000000000003
2024-05-17 16:00:00,580,Namakkal,1.0,-28.0515
2024-05-17 17:00:00,580,Namakkal,0.5,-28.0515
2024-05-17 18:00:00,580,Namakkal,0.5,-28.0515
2024-05-19 01:00:00,580,Namakkal,0.5,-27.905833333333334
2024-05-19 13:00:00,580,Namakkal,4.5,-27.99266666666667
2024-05-19 17:00:00,580,Namakkal,0.5,-27.95083333333333
2024-05-19 19:00:00,580,Namakkal,0.5,-27.95083333333333
2024-05-20 16:00:00,580,Namakkal,0.5,-27.89633333333333
2024-05-20 17:00:00,580,Namakkal,4.5,-27.89633333333333
2024-05-20 18:00:00,580,Namakkal,15.0,-27.89633333333333
2024-05-20 19:00:00,580,Namakkal,15.5,-27.89633333333333
2024-05-20 20:00:00,580,Namakkal,2.5,-27.89633333333333
2024-05-20 21:00:00,580,Namakkal,8.0,-27.89633333333333
2024-05-20 22:00:00,580,Namakkal,3.5,-20.4726
2024-05-20 23:00:00,580,Namakkal,1.0,-20.4726
2024-05-21 18:00:00,580,Namakkal,18.5,-27.044
2024-05-21 19:00:00,580,Namakkal,1.0,-27.044
2024-05-21 20:00:00,580,Namakkal,2.5,-27.044
2024-05-21 21:00:00,580,Namakkal,2.5,-27.044
2024-05-21 22:00:00,580,Namakkal,0.5,-26.780666666666665
2024-05-22 16:00:00,580,Namakkal,5.0,-26.63133333333333
2024-05-22 17:00:00,580,Namakkal,1.0,-26.63133333333333
2024-05-22 18:00:00,580,Namakkal,3.0,-26.63133333333333
2024-05-22 19:00:00,580,Namakkal,9.5,-26.63133333333333
2024-05-22 20:00:00,580,Namakkal,13.0,-26.63133333333333
2024-05-22 21:00:00,580,Namakkal,0.5,-26.63133333333333
2024-05-22 22:00:00,580,Namakkal,0.5,-26.36283333333333
2024-05-22 23:00:00,580,Namakkal,0.5,-26.36283333333333
2024-05-23 01:00:00,580,Namakkal,0.5,-26.36283333333333
2024-05-23 17:00:00,580,Namakkal,0.5,-9.37
2024-05-23 18:00:00,580,Namakkal,0.5,-9.37
2024-05-23 21:00:00,580,Namakkal,0.5,-9.37
2024-05-24 14:00:00,580,Namakkal,5.0,-25.6985
2024-05-24 16:00:00,580,Namakkal,22.5,-25.696
2024-05-24 17:00:00,580,Namakkal,4.5,-25.696
2024-05-24 18:00:00,580,Namakkal,0.5,-25.696
2024-06-01 16:00:00,580,Namakkal,5.0,-25.329833333333337
2024-06-02 20:00:00,580,Namakkal,17.0,-25.0175
2024-06-02 21:00:00,580,Namakkal,1.5,-25.0175
2024-06-02 22:00:00,580,Namakkal,1.0,-24.765833333333333
2024-06-02 23:00:00,580,Namakkal,3.25,-24.765833333333333
2024-06-03 20:00:00,580,Namakkal,5.0,-24.69983333333333
2024-06-03 21:00:00,580,Namakkal,1.0,-24.69983333333333
2024-06-06 02:00:00,580,Namakkal,3.5,-24.490333333333336
2024-06-06 03:00:00,580,Namakkal,2.0,-24.490333333333336
2024-06-06 18:00:00,580,Namakkal,46.0,-24.39483333333333
2024-06-06 19:00:00,580,Namakkal,2.5,-24.39483333333333
2024-06-06 20:00:00,580,Namakkal,1.25,-24.39483333333333
2024-06-06 21:00:00,580,Namakkal,2.0,-24.39483333333333
2024-06-06 22:00:00,580,Namakkal,2.0,-24.133
2024-06-07 00:00:00,580,Namakkal,0.5,-24.133
2024-06-07 03:00:00,580,Namakkal,0.5,-24.133
2024-06-07 18:00:00,580,Namakkal,4.0,-24.21933333333333
2024-06-07 19:00:00,580,Namakkal,1.0,-24.21933333333333
2024-06-10 17:00:00,580,Namakkal,3.5,-23.55366666666667
2024-06-10 18:00:00,580,Namakkal,16.5,-23.55366666666667
2024-06-11 18:00:00,580,Namakkal,2.0,-23.511166666666668
2024-06-13 18:00:00,580,Namakkal,7.5,-22.97433333333333
2024-06-13 19:00:00,580,Namakkal,0.5,-22.97433333333333
2024-06-17 21:00:00,580,Namakkal,0.5,-23.64283333333333
2024-06-18 20:00:00,580,Namakkal,14.0,-23.58833333333333
2024-06-19 21:00:00,580,Namakkal,0.5,-23.085166666666662
2024-06-20 16:00:00,580,Namakkal,12.0,-22.923166666666663
2024-06-20 17:00:00,580,Namakkal,6.5,-22.923166666666663
2024-06-20 18:00:00,580,Namakkal,1.5,-22.923166666666663
2024-06-22 19:00:00,580,Namakkal,4.0,-22.7925
2024-06-22 20:00:00,580,Namakkal,0.5,-22.7925
2024-06-25 18:00:00,580,Namakkal,5.5,-22.878666666666664
2024-06-25 19:00:00,580,Namakkal,13.5,-22.878666666666664
2024-06-25 20:00:00,580,Namakkal,0.5,-22.878666666666664
2024-06-26 16:00:00,580,Namakkal,0.5,-22.8255
2024-06-30 19:00:00,580,Namakkal,1.0,-24.887833333333333
2024-07-03 22:00:00,580,Namakkal,1.5,-23.406333333333336
2024-07-04 18:00:00,580,Namakkal,0.5,-8.46
2024-07-05 18:00:00,580,Namakkal,1.0,-23.011333333333337
2024-07-05 19:00:00,580,Namakkal,0.5,-23.011333333333337
2024-07-06 00:00:00,580,Namakkal,0.5,-23.0935
2024-07-12 20:00:00,580,Namakkal,7.0,-23.117
2024-07-12 21:00:00,580,Namakkal,18.0,-23.117
2024-07-12 22:00:00,580,Namakkal,2.0,-23.05366666666667
2024-07-12 23:00:00,580,Namakkal,1.75,-23.05366666666667
2024-07-13 00:00:00,580,Namakkal,0.5,-23.05366666666667
2024-07-13 01:00:00,580,Namakkal,0.5,-23.05366666666667
2024-07-13 02:00:00,580,Namakkal,0.5,-23.05366666666667
2024-07-14 16:00:00,580,Namakkal,6.0,-24.046833333333336
2024-07-15 17:00:00,580,Namakkal,7.0,-23.425833333333333
2024-07-15 21:00:00,580,Namakkal,1.0,-23.425833333333333
2024-07-16 07:00:00,580,Namakkal,0.5,-23.457666666666668
2024-07-17 08:00:00,580,Namakkal,1.0,-25.887
2024-07-17 09:00:00,580,Namakkal,0.5,-25.887
2024-07-25 16:00:00,580,Namakkal,0.5,-24.828666666666667
2024-07-26 16:00:00,580,Namakkal,0.5,-24.18683333333333
2024-07-31 19:00:00,580,Namakkal,12.5,-25.432
2024-07-31 20:00:00,580,Namakkal,1.0,-25.432
2024-08-01 21:00:00,580,Namakkal,1.0,-25.535
2024-08-03 21:00:00,580,Namakkal,4.0,-26.0475
2024-08-05 02:00:00,580,Namakkal,8.0,-25.988833333333336
2024-08-05 03:00:00,580,Namakkal,1.5,-25.988833333333336
2024-08-05 04:00:00,580,Namakkal,1.0,-25.590166666666665
2024-08-05 05:00:00,580,Namakkal,1.0,-25.590166666666665
2024-08-05 07:00:00,580,Namakkal,0.5,-25.590166666666665
2024-08-05 20:00:00,580,Namakkal,1.5,-25.608166666666666
2024-08-05 21:00:00,580,Namakkal,3.5,-25.608166666666666
2024-08-06 00:00:00,580,Namakkal,0.5,-25.507166666666667
2024-08-06 01:00:00,580,Namakkal,1.0,-25.507166666666667
2024-08-06 02:00:00,580,Namakkal,1.0,-25.507166666666667
2024-08-06 18:00:00,580,Namakkal,23.5,-25.663
2024-08-06 19:00:00,580,Namakkal,2.0,-25.663
2024-08-06 20:00:00,580,Namakkal,2.0,-25.663
2024-08-06 21:00:00,580,Namakkal,1.0,-25.663
2024-08-06 22:00:00,580,Namakkal,2.5,-25.244
2024-08-06 23:00:00,580,Namakkal,1.5,-25.244
2024-08-07 00:00:00,580,Namakkal,0.5,-25.244
2024-08-07 01:00:00,580,Namakkal,0.5,-25.244
2024-08-07 02:00:00,580,Namakkal,0.5,-25.244
2024-08-07 19:00:00,580,Namakkal,0.5,-25.01383333333333
2024-08-09 01:00:00,580,Namakkal,0.5,-25.185
2024-08-09 02:00:00,580,Namakkal,0.5,-25.185
2024-08-10 01:00:00,580,Namakkal,6.5,-31.02125
2024-08-11 23:00:00,580,Namakkal,2.0,-30.102666666666668
2024-08-12 00:00:00,580,Namakkal,5.5,-30.102666666666668
2024-08-12 02:00:00,580,Namakkal,0.5,-30.102666666666668
2024-08-13 21:00:00,580,Namakkal,18.0,-18.018666666666665
2024-08-13 22:00:00,580,Namakkal,16.5,-17.819
2024-08-14 18:00:00,580,Namakkal,7.5,-23.49716666666667
2024-08-14 19:00:00,580,Namakkal,6.0,-23.49716666666667
2024-08-14 20:00:00,580,Namakkal,0.5,-23.49716666666667
2024-08-14 21:00:00,580,Namakkal,0.5,-23.49716666666667
2024-08-14 22:00:00,580,Namakkal,1.0,-23.492
2024-08-15 00:00:00,580,Namakkal,3.5,-23.492
2024-08-15 01:00:00,580,Namakkal,13.0,-23.492
2024-08-15 02:00:00,580,Namakkal,8.5,-23.492
2024-08-16 22:00:00,580,Namakkal,14.5,-24.0706
2024-08-16 23:00:00,580,Namakkal,1.0,-24.0706
2024-08-17 00:00:00,580,Namakkal,18.0,-24.0706
2024-08-17 01:00:00,580,Namakkal,26.5,-24.0706
2024-08-17 19:00:00,580,Namakkal,5.5,-23.059
2024-08-17 20:00:00,580,Namakkal,0.5,-23.059
2024-08-19 00:00:00,580,Namakkal,0.5,-10.087
2024-08-20 19:00:00,580,Namakkal,13.0,-24.9648
2024-08-20 20:00:00,580,Namakkal,9.5,-24.9648
2024-08-20 22:00:00,580,Namakkal,11.0,-24.9576
2024-08-20 23:00:00,580,Namakkal,1.5,-24.9576
2024-08-27 19:00:00,580,Namakkal,7.0,-27.873
2024-08-29 17:00:00,580,Namakkal,7.5,-21.208666666666662
2024-08-29 19:00:00,580,Namakkal,2.5,-21.208666666666662
2024-08-29 20:00:00,580,Namakkal,2.0,-21.208666666666662
2024-08-29 21:00:00,580,Namakkal,1.5,-21.208666666666662
2024-08-29 23:00:00,580,Namakkal,0.5,-21.054666666666662
2024-08-30 19:00:00,580,Namakkal,0.5,-20.880333333333333
2024-08-30 20:00:00,580,Namakkal,2.0,-20.880333333333333
2024-08-30 21:00:00,580,Namakkal,1.0,-20.880333333333333
2024-08-30 22:00:00,580,Namakkal,1.0,-20.766
2024-08-31 16:00:00,580,Namakkal,4.5,-20.6265
2024-09-02 18:00:00,580,Namakkal,9.0,-20.558333333333334
2024-09-02 19:00:00,580,Namakkal,0.5,-20.558333333333334
2024-09-03 19:00:00,580,Namakkal,4.5,-20.694
2024-09-07 19:00:00,580,Namakkal,3.5,-20.75333333333333
2024-09-11 15:00:00,580,Namakkal,0.5,-21.137666666666664
2024-09-12 15:35:00,580,Namakkal,4.5,-20.751
2024-09-12 16:00:00,580,Namakkal,4.5,-20.751
2024-09-13 12:00:00,580,Namakkal,0.5,-14.5436
2024-09-21 23:00:00,580,Namakkal,0.5,-21.445166666666665
2024-09-22 02:00:00,580,Namakkal,0.5,-21.445166666666665
2024-09-24 17:00:00,580,Namakkal,3.0,-21.582166666666662
2024-09-24 18:00:00,580,Namakkal,0.5,-21.582166666666662
2024-09-27 00:00:00,580,Namakkal,0.5,-21.901
2024-09-27 01:00:00,580,Namakkal,2.0,-21.901
2024-09-27 02:00:00,580,Namakkal,2.0,-21.901
2024-09-28 02:00:00,580,Namakkal,2.0,-21.89916666666667
2024-09-28 03:00:00,580,Namakkal,18.0,-21.89916666666667
2024-10-04 00:00:00,580,Namakkal,1.5,-22.042
2024-10-04 18:00:00,580,Namakkal,12.0,-22.257166666666667
2024-10-04 20:00:00,580,Namakkal,0.5,-22.257166666666667
2024-10-04 22:00:00,580,Namakkal,8.5,-21.854333333333333
2024-10-04 23:00:00,580,Namakkal,4.0,-21.854333333333333
2024-10-05 00:00:00,580,Namakkal,2.5,-21.854333333333333
2024-10-05 01:00:00,580,Namakkal,2.5,-21.854333333333333
2024-10-05 02:00:00,580,Namakkal,1.75,-21.854333333333333
2024-10-05 03:00:00,580,Namakkal,0.5,-21.854333333333333
2024-10-05 04:00:00,580,Namakkal,13.5,-21.794666666666668
2024-10-05 05:00:00,580,Namakkal,11.5,-21.794666666666668
2024-10-05 06:00:00,580,Namakkal,0.5,-21.794666666666668
2024-10-05 23:00:00,580,Namakkal,0.5,-21.787166666666664
2024-10-06 00:00:00,580,Namakkal,17.75,-21.787166666666664
2024-10-06 01:00:00,580,Namakkal,2.75,-21.787166666666664
2024-10-06 02:00:00,580,Namakkal,0.5,-21.787166666666664
2024-10-06 03:00:00,580,Namakkal,1.75,-21.787166666666664
2024-10-06 04:00:00,580,Namakkal,1.25,-21.746333333333336
2024-10-07 22:00:00,580,Namakkal,5.0,-21.769166666666667
2024-10-07 23:00:00,580,Namakkal,6.5,-21.769166666666667
2024-10-08 00:00:00,580,Namakkal,14.5,-21.769166666666667
2024-10-08 02:00:00,580,Namakkal,0.5,-21.769166666666667
2024-10-08 03:00:00,580,Namakkal,0.5,-21.769166666666667
2024-10-08 04:00:00,580,Namakkal,0.5,-21.7865
2024-10-08 05:00:00,580,Namakkal,0.5,-21.7865
2024-10-08 16:00:00,580,Namakkal,0.5,-21.733666666666664
2024-10-08 19:00:00,580,Namakkal,4.5,-21.733666666666664
2024-10-08 20:00:00,580,Namakkal,1.5,-21.733666666666664
2024-10-08 21:00:00,580,Namakkal,1.5,-21.733666666666664
2024-10-08 22:00:00,580,Namakkal,2.0,-21.706333333333333
2024-10-08 23:00:00,580,Namakkal,0.5,-21.706333333333333
2024-10-09 00:00:00,580,Namakkal,1.0,-21.706333333333333
2024-10-09 22:00:00,580,Namakkal,0.5,-21.46
2024-10-10 14:00:00,580,Namakkal,3.0,-21.546000000000003
2024-10-10 15:00:00,580,Namakkal,3.5,-21.546000000000003
2024-10-10 20:00:00,580,Namakkal,4.5,-21.590666666666667
2024-10-10 22:00:00,580,Namakkal,2.5,-21.473
2024-10-10 23:00:00,580,Namakkal,2.0,-21.473
2024-10-11 00:00:00,580,Namakkal,3.0,-21.473
2024-10-11 18:00:00,580,Namakkal,2.5,-21.471666666666668
2024-10-11 21:00:00,580,Namakkal,2.5,-21.471666666666668
2024-10-11 22:00:00,580,Namakkal,2.5,-21.3145
2024-10-12 01:00:00,580,Namakkal,6.5,-21.3145
2024-10-12 02:00:00,580,Namakkal,6.0,-21.3145
2024-10-12 03:00:00,580,Namakkal,5.0,-21.3145
2024-10-12 05:00:00,580,Namakkal,1.0,-21.299166666666668
2024-10-12 06:00:00,580,Namakkal,0.5,-21.299166666666668
2024-10-12 14:00:00,580,Namakkal,0.5,-21.152
2024-10-12 21:00:00,580,Namakkal,0.5,-21.06266666666667
2024-10-12 22:00:00,580,Namakkal,1.0,-21.107333333333333
2024-10-12 23:00:00,580,Namakkal,0.5,-21.107333333333333
2024-10-13 00:00:00,580,Namakkal,0.5,-21.107333333333333
2024-10-13 03:00:00,580,Namakkal,1.75,-21.107333333333333
2024-10-13 04:00:00,580,Namakkal,1.5,-21.07783333333333
2024-10-13 05:00:00,580,Namakkal,2.0,-21.07783333333333
2024-10-13 06:00:00,580,Namakkal,0.5,-21.07783333333333
2024-10-13 12:00:00,580,Namakkal,1.5,-20.9275
2024-10-13 13:00:00,580,Namakkal,3.0,-20.9275
2024-10-13 14:00:00,580,Namakkal,0.5,-20.9275
2024-10-13 17:00:00,580,Namakkal,12.5,-20.837166666666665
2024-10-13 20:00:00,580,Namakkal,0.5,-20.837166666666665
2024-10-14 09:00:00,580,Namakkal,1.5,-20.9175
2024-10-14 17:00:00,580,Namakkal,2.5,-20.613
2024-10-14 18:00:00,580,Namakkal,1.5,-20.613
2024-10-14 19:00:00,580,Namakkal,2.5,-20.613
2024-10-14 20:00:00,580,Namakkal,0.75,-20.613
2024-10-14 21:00:00,580,Namakkal,0.5,-20.613
2024-10-14 22:00:00,580,Namakkal,0.5,-20.509833333333333
2024-10-14 23:00:00,580,Namakkal,0.5,-20.509833333333333
2024-10-15 00:00:00,580,Namakkal,0.5,-20.509833333333333
2024-10-15 02:00:00,580,Namakkal,0.5,-20.509833333333333
2024-10-15 12:00:00,580,Namakkal,0.5,-20.42383333333333
2024-10-15 13:00:00,580,Namakkal,0.5,-20.42383333333333
2024-10-15 17:00:00,580,Namakkal,0.5,-20.2785
2024-10-15 19:00:00,580,Namakkal,6.0,-20.2785
2024-10-15 20:00:00,580,Namakkal,0.5,-20.2785
2024-10-18 16:00:00,580,Namakkal,6.5,-19.7285
2024-10-21 03:00:00,580,Namakkal,0.5,-19.167666666666666
2024-10-21 04:00:00,580,Namakkal,18.0,-19.024166666666662
2024-10-21 05:00:00,580,Namakkal,3.5,-19.024166666666662
2024-10-21 06:00:00,580,Namakkal,0.5,-19.024166666666662
2024-10-23 15:00:00,580,Namakkal,4.5,-18.52383333333333
2024-10-23 16:00:00,580,Namakkal,1.5,-18.38
2024-10-25 01:00:00,580,Namakkal,0.5,-18.0705
2024-10-25 02:00:00,580,Namakkal,0.5,-18.0705
2024-10-25 18:00:00,580,Namakkal,0.5,-17.9495
2024-10-25 19:00:00,580,Namakkal,1.0,-17.9495
2024-10-25 20:00:00,580,Namakkal,0.5,-17.9495
2024-10-31 15:00:00,580,Namakkal,1.5,-17.174666666666667
2024-10-31 16:00:00,580,Namakkal,2.0,-16.976166666666668
2024-10-31 18:00:00,580,Namakkal,10.0,-16.976166666666668
2024-10-31 19:00:00,580,Namakkal,0.5,-16.976166666666668
2024-11-01 17:00:00,580,Namakkal,6.5,-16.761166666666664
2024-11-01 18:00:00,580,Namakkal,0.5,-16.761166666666664
2024-11-02 15:00:00,580,Namakkal,16.5,-16.691333333333333
2024-11-02 19:00:00,580,Namakkal,0.5,-16.5665
2024-11-03 15:00:00,580,Namakkal,1.0,-18.2834
2024-11-03 17:00:00,580,Namakkal,6.0,-16.36883333333333
2024-11-04 02:00:00,580,Namakkal,5.0,-16.338666666666665
2024-11-04 03:00:00,580,Namakkal,2.0,-16.338666666666665
2024-11-13 01:00:00,580,Namakkal,6.5,-14.685
2024-11-13 05:00:00,580,Namakkal,4.0,-14.698285714285715
2024-11-13 06:00:00,580,Namakkal,1.0,-14.698285714285715
2024-11-14 09:00:00,580,Namakkal,2.0,-14.708857142857145
2024-11-15 18:00:00,580,Namakkal,1.0,-14.285428571428572
2024-11-16 01:00:00,580,Namakkal,1.0,-14.32342857142857
2024-11-16 09:00:00,580,Namakkal,3.0,-14.30714285714286
2024-11-16 10:00:00,580,Namakkal,2.0,-14.292428571428571
2024-11-16 11:00:00,580,Namakkal,3.25,-14.292428571428571
2024-11-16 13:00:00,580,Namakkal,2.25,-14.292428571428571
2024-11-16 14:00:00,580,Namakkal,1.5,-14.292428571428571
2024-11-17 11:00:00,580,Namakkal,0.5,-13.963571428571427
2024-11-17 21:00:00,580,Namakkal,2.0,-13.925
2024-11-17 22:00:00,580,Namakkal,0.5,-13.935
2024-11-26 15:00:00,580,Namakkal,0.5,-13.873714285714286
2024-11-26 20:00:00,580,Namakkal,0.5,-13.736428571428572
2024-11-27 02:00:00,580,Namakkal,1.0,-13.659857142857144
2024-11-27 03:00:00,580,Namakkal,1.5,-13.659857142857144
2024-11-27 04:00:00,580,Namakkal,1.0,-13.563714285714283
2024-11-27 05:00:00,580,Namakkal,0.5,-13.563714285714283
2024-11-27 06:00:00,580,Namakkal,0.5,-13.563714285714283
2024-11-27 07:00:00,580,Namakkal,0.5,-13.563714285714283
2024-11-27 08:00:00,580,Namakkal,0.5,-13.563714285714283
2024-11-27 09:00:00,580,Namakkal,0.5,-13.563714285714283
2024-11-29 09:00:00,580,Namakkal,0.5,-13.491428571428573
2024-11-29 10:00:00,580,Namakkal,0.5,-13.391142857142857
2024-11-29 11:00:00,580,Namakkal,0.5,-13.391142857142857
2024-11-29 12:00:00,580,Namakkal,0.5,-13.391142857142857
2024-11-29 15:00:00,580,Namakkal,0.5,-13.391142857142857
2024-11-30 00:00:00,580,Namakkal,0.5,-13.502285714285716
2024-11-30 07:00:00,580,Namakkal,0.5,-14.335333333333333
2024-11-30 09:00:00,580,Namakkal,0.5,-14.335333333333333
2024-11-30 12:00:00,580,Namakkal,0.5,-14.3575
2024-11-30 15:00:00,580,Namakkal,1.5,-14.3575
2024-11-30 17:00:00,580,Namakkal,0.5,-14.3485
2024-11-30 18:00:00,580,Namakkal,3.0,-14.3485
2024-11-30 19:00:00,580,Namakkal,2.0,-14.3485
2024-11-30 20:00:00,580,Namakkal,1.5,-14.3485
2024-11-30 21:00:00,580,Namakkal,1.5,-14.3485
2024-11-30 22:00:00,580,Namakkal,4.0,-14.274500000000002
2024-11-30 23:00:00,580,Namakkal,3.0,-14.274500000000002
2024-12-01 00:00:00,580,Namakkal,3.25,-14.274500000000002
2024-12-01 01:00:00,580,Namakkal,2.5,-14.274500000000002
2024-12-01 02:00:00,580,Namakkal,3.75,-14.274500000000002
2024-12-01 03:00:00,580,Namakkal,4.25,-14.274500000000002
2024-12-01 04:00:00,580,Namakkal,5.5,-14.008
2024-12-01 05:00:00,580,Namakkal,6.5,-14.008
2024-12-01 06:00:00,580,Namakkal,3.0,-14.008
2024-12-01 07:00:00,580,Namakkal,2.0,-14.008
2024-12-01 08:00:00,580,Namakkal,6.0,-14.008
2024-12-01 09:00:00,580,Namakkal,3.5,-14.008
2024-12-01 10:00:00,580,Namakkal,3.75,-13.951
2024-12-01 11:00:00,580,Namakkal,2.5,-13.951
2024-12-01 12:00:00,580,Namakkal,5.0,-13.951
2024-12-01 13:00:00,580,Namakkal,2.25,-13.951
2024-12-01 14:00:00,580,Namakkal,3.0,-13.951
2024-12-01 15:00:00,580,Namakkal,3.0,-13.951
2024-12-01 16:00:00,580,Namakkal,3.0,-14.166166666666667
2024-12-01 17:00:00,580,Namakkal,2.0,-14.166166666666667
2024-12-01 18:00:00,580,Namakkal,0.75,-14.166166666666667
2024-12-01 19:00:00,580,Namakkal,1.25,-14.166166666666667
2024-12-01 20:00:00,580,Namakkal,1.0,-14.166166666666667
2024-12-01 21:00:00,580,Namakkal,0.5,-14.166166666666667
2024-12-01 23:00:00,580,Namakkal,1.0,-14.018
2024-12-02 00:00:00,580,Namakkal,1.75,-14.018
2024-12-02 01:00:00,580,Namakkal,2.0,-14.018
2024-12-02 02:00:00,580,Namakkal,0.5,-14.018
2024-12-02 03:00:00,580,Namakkal,1.0,-14.018
2024-12-02 18:00:00,580,Namakkal,0.5,-17.13075
2024-12-02 23:00:00,580,Namakkal,8.75,-17.13975
2024-12-03 00:00:00,580,Namakkal,6.5,-17.13975
2024-12-03 01:00:00,580,Namakkal,1.0,-17.13975
2024-12-03 03:00:00,580,Namakkal,0.5,-17.13975
2024-12-03 16:00:00,580,Namakkal,0.5,-12.845857142857142
2024-12-03 17:00:00,580,Namakkal,0.5,-12.845857142857142
2024-12-05 06:00:00,580,Namakkal,1.0,-12.58542857142857
2024-12-08 11:00:00,580,Namakkal,0.5,-11.387333333333332
2024-12-12 02:00:00,580,Namakkal,0.5,-12.447714285714286
2024-12-12 05:00:00,580,Namakkal,0.5,-12.530857142857142
2024-12-12 06:00:00,580,Namakkal,7.0,-12.530857142857142
2024-12-12 07:00:00,580,Namakkal,3.0,-12.530857142857142
2024-12-12 08:00:00,580,Namakkal,3.5,-12.530857142857142
2024-12-12 09:00:00,580,Namakkal,1.75,-12.530857142857142
2024-12-12 10:00:00,580,Namakkal,1.0,-12.355142857142855
2024-12-12 11:00:00,580,Namakkal,3.0,-12.355142857142855
2024-12-12 12:00:00,580,Namakkal,3.25,-12.355142857142855
2024-12-12 13:00:00,580,Namakkal,4.25,-12.355142857142855
2024-12-12 14:00:00,580,Namakkal,2.5,-12.355142857142855
2024-12-12 15:00:00,580,Namakkal,2.0,-12.355142857142855
2024-12-12 16:00:00,580,Namakkal,1.5,-12.200571428571427
2024-12-12 17:00:00,580,Namakkal,0.5,-12.200571428571427
2024-12-12 18:00:00,580,Namakkal,2.75,-12.200571428571427
2024-12-12 19:00:00,580,Namakkal,0.5,-12.200571428571427
2024-12-12 20:00:00,580,Namakkal,0.5,-12.200571428571427
2024-12-12 21:00:00,580,Namakkal,1.5,-12.200571428571427
2024-12-12 22:00:00,580,Namakkal,0.75,-12.01842857142857
2024-12-13 00:00:00,580,Namakkal,0.5,-12.01842857142857
2024-12-13 02:00:00,580,Namakkal,2.0,-12.01842857142857
2024-12-13 03:00:00,580,Namakkal,3.5,-12.01842857142857
2024-12-13 04:00:00,580,Namakkal,1.5,-11.80942857142857
2024-12-13 05:00:00,580,Namakkal,4.0,-11.80942857142857
2024-12-13 07:00:00,580,Namakkal,1.0,-11.80942857142857
2024-12-13 08:00:00,580,Namakkal,2.0,-11.80942857142857
2024-12-13 09:00:00,580,Namakkal,4.5,-11.80942857142857
2024-12-13 10:00:00,580,Namakkal,1.0,-11.937
2024-12-13 11:00:00,580,Namakkal,0.5,-11.937
2024-12-13 12:00:00,580,Namakkal,0.5,-11.937
2024-12-13 18:00:00,580,Namakkal,0.5,-11.888142857142856
2024-12-13 19:00:00,580,Namakkal,1.0,-11.888142857142856
2024-12-13 20:00:00,580,Namakkal,1.0,-11.888142857142856
2024-12-14 00:00:00,580,Namakkal,0.5,-11.757714285714286
2024-12-14 01:00:00,580,Namakkal,1.0,-11.757714285714286
2024-12-20 21:00:00,580,Namakkal,17.0,-10.955
2024-12-20 22:00:00,580,Namakkal,11.5,-10.948142857142855
2024-12-21 22:00:00,580,Namakkal,23.5,-11.048
2024-12-22 07:00:00,580,Namakkal,13.0,-11.023857142857144
2024-12-22 08:00:00,580,Namakkal,2.5,-11.023857142857144
2024-12-23 06:00:00,580,Namakkal,0.5,-10.852714285714285
2024-12-30 16:00:00,580,Namakkal,0.5,-10.568
2025-01-19 14:00:00,580,Namakkal,4.0,-12.082714285714284
2025-01-19 16:00:00,580,Namakkal,6.0,-12.004571428571428
2025-01-19 17:00:00,580,Namakkal,2.0,-12.004571428571428
2025-01-19 19:30:00,580,Namakkal,0.5,-12.004571428571428
2025-01-19 20:00:00,580,Namakkal,1.0,-12.004571428571428
2025-01-22 01:00:00,580,Namakkal,0.5,-11.841571428571427
2025-01-22 11:00:00,580,Namakkal,0.5,-12.115285714285717
2025-01-22 13:00:00,580,Namakkal,0.5,-12.115285714285717
2025-01-22 21:00:00,580,Namakkal,0.5,-12.349
2025-01-22 22:00:00,580,Namakkal,3.5,-12.086714285714285
2025-01-23 00:00:00,580,Namakkal,1.5,-12.086714285714285
2025-01-23 01:00:00,580,Namakkal,2.0,-12.086714285714285
2025-01-31 15:00:00,580,Namakkal,1.0,-12.890142857142855
2025-03-11 09:00:00,580,Namakkal,0.5,-18.604857142857146
2025-03-11 09:30:00,580,Namakkal,0.5,-19.12157142857143
2025-03-11 10:00:00,580,Namakkal,0.5,-19.12157142857143
2025-03-11 12:00:00,580,Namakkal,4.5,-19.12157142857143
2025-03-11 12:30:00,580,Namakkal,5.5,-19.12157142857143
2025-03-11 13:00:00,580,Namakkal,6.0,-19.12157142857143
2025-03-11 14:00:00,580,Namakkal,0.5,-19.12157142857143
2025-03-11 15:00:00,580,Namakkal,1.5,-19.12157142857143
2025-03-11 16:00:00,580,Namakkal,6.75,-16.389
2025-03-11 18:00:00,580,Namakkal,0.5,-16.389
2025-03-11 21:00:00,580,Namakkal,2.0,-16.389
2025-03-11 22:00:00,580,Namakkal,1.5,-16.312166666666666
2025-03-12 14:00:00,580,Namakkal,3.0,-20.2785
2025-03-12 15:00:00,580,Namakkal,0.5,-20.2785
2025-03-12 18:00:00,580,Namakkal,3.5,-22.6108
2025-03-12 19:00:00,580,Namakkal,0.5,-22.6108
2025-05-04 21:30:00,580,Namakkal,0.5,-13.5084
2025-05-04 22:00:00,580,Namakkal,1.0,-13.5084
2025-05-05 00:30:00,580,Namakkal,0.5,-13.5084
2025-05-05 01:00:00,580,Namakkal,1.0,-13.5084
2025-05-05 01:30:00,580,Namakkal,0.5,-13.5084
2025-05-05 02:00:00,580,Namakkal,0.5,-13.5084
2025-05-07 21:00:00,580,Namakkal,1.0,-13.4522
2025-05-07 22:00:00,580,Namakkal,2.0,-13.425
2025-05-07 23:00:00,580,Namakkal,2.0,-13.425
2025-05-08 00:00:00,580,Namakkal,0.5,-13.425
2025-05-12 21:00:00,580,Namakkal,4.5,-12.9856
2025-05-12 22:00:00,580,Namakkal,0.5,-12.9726
2025-05-14 21:00:00,580,Namakkal,3.5,-12.987800000000002
2025-05-14 22:00:00,580,Namakkal,12.5,-12.9738
2025-05-15 00:00:00,580,Namakkal,0.5,-12.9738
2025-05-15 20:00:00,580,Namakkal,2.0,-15.72
2025-05-17 03:00:00,580,Namakkal,0.5,-12.9046
2025-05-17 06:00:00,580,Namakkal,0.5,-13.098
2025-05-17 18:00:00,580,Namakkal,3.0,-13.1868
2025-05-17 19:00:00,580,Namakkal,1.0,-13.1868
2025-05-17 20:00:00,580,Namakkal,1.5,-13.1868
2025-05-17 21:00:00,580,Namakkal,12.0,-13.1868
2025-05-17 22:00:00,580,Namakkal,13.0,-12.952000000000002
2025-05-17 23:00:00,580,Namakkal,8.5,-12.952000000000002
2025-05-18 00:00:00,580,Namakkal,6.0,-12.952000000000002
2025-05-18 19:00:00,580,Namakkal,0.5,-12.8146
2025-05-18 20:00:00,580,Namakkal,2.5,-12.8146
2025-05-18 21:00:00,580,Namakkal,0.5,-12.8146
2025-05-18 22:00:00,580,Namakkal,1.0,-12.8144
2025-05-18 23:00:00,580,Namakkal,1.5,-12.8144
2025-05-19 00:00:00,580,Namakkal,1.5,-12.8144
2025-05-19 01:00:00,580,Namakkal,3.5,-12.8144
2025-05-19 02:00:00,580,Namakkal,3.0,-12.8144
2025-05-19 03:00:00,580,Namakkal,2.0,-12.8144
2025-05-19 04:00:00,580,Namakkal,1.0,-12.7696
2025-05-19 05:00:00,580,Namakkal,0.5,-12.7696
2025-05-19 18:00:00,580,Namakkal,2.0,-12.776
2025-05-19 19:00:00,580,Namakkal,2.5,-12.776
2025-05-19 20:00:00,580,Namakkal,0.5,-12.776
2025-05-19 23:00:00,580,Namakkal,0.5,-12.7336
2025-05-25 19:00:00,580,Namakkal,0.5,-12.386
2025-05-29 18:00:00,580,Namakkal,2.0,-12.5546
2025-06-01 20:00:00,580,Namakkal,13.0,-13.057999999999998
2025-06-03 19:00:00,580,Namakkal,1.0,-12.8426
2025-06-09 00:00:00,580,Namakkal,0.5,-12.4584
2025-06-09 21:00:00,580,Namakkal,3.5,-12.6188
2025-06-09 22:00:00,580,Namakkal,8.0,-12.4078
2025-06-09 23:00:00,580,Namakkal,1.0,-12.4078
2025-06-11 21:00:00,580,Namakkal,2.0,-12.3688
2025-06-16 19:00:00,580,Namakkal,0.5,-12.859199999999998
2025-06-17 18:00:00,580,Namakkal,1.5,-13.3792
2025-06-17 19:00:00,580,Namakkal,4.5,-13.3792
2025-06-18 19:00:00,580,Namakkal,8.5,-12.5258
2025-06-19 20:00:00,580,Namakkal,1.5,-12.5242
2025-06-20 19:00:00,580,Namakkal,29.5,-12.9072
2025-06-20 20:00:00,580,Namakkal,6.0,-12.9072
2025-06-22 18:00:00,580,Namakkal,22.0,-12.674400000000002
2025-06-22 19:00:00,580,Namakkal,0.5,-12.674400000000002
2025-06-25 17:00:00,580,Namakkal,3.0,-12.398
2025-06-28 19:00:00,580,Namakkal,1.0,-12.4404
2025-06-28 20:00:00,580,Namakkal,2.0,-12.4404
2025-07-01 20:00:00,580,Namakkal,1.0,-13.479
2025-07-02 18:00:00,580,Namakkal,7.5,-12.544
2025-07-13 19:00:00,580,Namakkal,1.5,-12.810399999999998
2025-07-13 20:00:00,580,Namakkal,14.5,-12.810399999999998
2025-07-13 21:00:00,580,Namakkal,3.5,-12.810399999999998
2025-07-20 03:00:00,580,Namakkal,0.5,-13.1936
2025-07-20 18:00:00,580,Namakkal,1.0,-13.739333333333336
2025-07-20 19:00:00,580,Namakkal,4.0,-13.739333333333336
2025-07-20 20:00:00,580,Namakkal,3.5,-13.739333333333336
2025-07-21 19:00:00,580,Namakkal,8.0,-12.6612
2025-07-21 21:00:00,580,Namakkal,0.5,-12.6612
2025-08-01 19:00:00,580,Namakkal,5.5,-13.097
2025-08-01 20:00:00,580,Namakkal,6.5,-13.097
2025-08-02 02:00:00,580,Namakkal,1.0,-12.94225
2025-08-02 03:00:00,580,Namakkal,1.5,-12.94225
2025-08-02 04:00:00,580,Namakkal,0.5,-12.905500000000002
2025-08-02 05:00:00,580,Namakkal,0.5,-12.905500000000002
2025-08-03 17:00:00,580,Namakkal,1.0,-14.062
2025-08-04 16:00:00,580,Namakkal,2.0,-12.896
2025-08-04 17:00:00,580,Namakkal,1.5,-12.896
2025-08-04 18:00:00,580,Namakkal,1.0,-12.896
2025-08-05 02:00:00,580,Namakkal,3.0,-12.88275
2025-08-05 03:00:00,580,Namakkal,7.0,-12.88275
2025-08-05 04:00:00,580,Namakkal,1.0,-12.865000000000002
2025-08-08 23:00:00,580,Namakkal,11.0,-12.85025
2025-08-09 00:00:00,580,Namakkal,4.0,-12.85025
2025-08-09 01:00:00,580,Namakkal,3.0,-12.85025
2025-08-09 02:00:00,580,Namakkal,1.0,-12.85025
2025-08-09 03:00:00,580,Namakkal,0.5,-12.85025
2025-08-09 04:00:00,580,Namakkal,0.5,-12.815499999999998
2025-08-09 23:00:00,580,Namakkal,1.5,-12.8225
2025-08-10 19:00:00,580,Namakkal,3.0,-13.151750000000002
2025-08-10 20:00:00,580,Namakkal,29.0,-13.151750000000002
2025-08-10 21:00:00,580,Namakkal,2.0,-13.151750000000002
2025-08-10 22:00:00,580,Namakkal,0.5,-12.8715
2025-08-10 23:00:00,580,Namakkal,0.5,-12.8715
2025-08-16 19:00:00,580,Namakkal,5.5,-13.099749999999998
2025-08-17 18:00:00,580,Namakkal,1.0,-12.87925
2025-08-17 20:00:00,580,Namakkal,0.5,-12.87925
2025-08-17 21:00:00,580,Namakkal,0.5,-12.87925
2025-08-18 16:00:00,580,Namakkal,1.0,-12.95375
2025-09-06 22:00:00,580,Namakkal,1.0,-13.9368
2025-09-06 23:00:00,580,Namakkal,1.0,-13.9368
2025-09-07 00:00:00,580,Namakkal,0.5,-13.9368
2025-09-07 01:00:00,580,Namakkal,0.5,-13.9368
2025-09-09 03:00:00,580,Namakkal,1.0,-13.622
2025-09-09 04:00:00,580,Namakkal,1.0,-13.5658
2025-09-09 05:00:00,580,Namakkal,3.0,-13.5658
2025-09-09 15:00:00,580,Namakkal,4.5,-14.021
2025-09-09 16:00:00,580,Namakkal,4.0,-13.661600000000002
2025-09-10 00:00:00,580,Namakkal,0.5,-13.5296
2025-09-10 05:00:00,580,Namakkal,0.5,-13.4532
2025-09-10 22:00:00,580,Namakkal,1.0,-13.424600000000002
2025-09-10 23:00:00,580,Namakkal,0.5,-13.424600000000002
2025-09-16 23:00:00,580,Namakkal,4.5,-13.823399999999998
2025-09-17 00:00:00,580,Namakkal,1.5,-13.823399999999998
2025-09-17 01:00:00,580,Namakkal,2.5,-13.823399999999998
2025-09-17 02:00:00,580,Namakkal,3.5,-13.823399999999998
2025-09-17 03:00:00,580,Namakkal,0.5,-13.823399999999998
2025-09-17 04:00:00,580,Namakkal,0.5,-13.2366
2025-09-18 21:00:00,580,Namakkal,8.0,-4.1155
2025-09-18 22:00:00,580,Namakkal,3.5,-4.1155
2025-09-18 23:00:00,580,Namakkal,1.0,-4.1155
2025-09-22 00:00:00,580,Namakkal,1.0,-12.815
2025-09-22 01:00:00,580,Namakkal,0.5,-12.815
2025-09-24 18:00:00,580,Namakkal,2.0,-12.944399999999998
2025-09-24 21:00:00,580,Namakkal,4.0,-12.944399999999998
2025-09-25 20:00:00,580,Namakkal,0.5,-12.6856
2025-09-26 00:00:00,580,Namakkal,0.5,-12.6918
2025-09-27 17:00:00,580,Namakkal,22.0,-13.3635
2025-09-27 18:00:00,580,Namakkal,3.5,-13.3635
2025-10-04 00:00:00,580,Namakkal,7.25,-12.8886
2025-10-04 01:00:00,580,Namakkal,11.75,-12.8886
2025-10-04 02:00:00,580,Namakkal,0.5,-12.8886
2025-10-04 03:00:00,580,Namakkal,1.5,-12.8886
2025-10-04 04:00:00,580,Namakkal,0.5,-12.8502
2025-10-04 05:00:00,580,Namakkal,0.5,-12.8502
2025-10-04 06:00:00,580,Namakkal,0.5,-12.8502
2025-10-05 00:00:00,580,Namakkal,1.0,-12.8754
2025-10-05 01:00:00,580,Namakkal,0.5,-12.8754
2025-10-05 19:00:00,580,Namakkal,1.0,-13.444400000000002
2025-10-05 20:00:00,580,Namakkal,1.5,-13.444400000000002
2025-10-05 21:00:00,580,Namakkal,1.5,-13.444400000000002
2025-10-05 22:00:00,580,Namakkal,0.5,-13.0148
2025-10-05 23:00:00,580,Namakkal,0.5,-13.0148
2025-10-16 13:00:00,580,Namakkal,1.5,-18.476
2025-10-16 14:00:00,580,Namakkal,1.0,-18.476
2025-10-16 17:00:00,580,Namakkal,0.5,-18.476
2025-10-17 01:00:00,580,Namakkal,0.5,-18.476
2025-10-17 16:00:00,580,Namakkal,1.0,-18.476
2025-10-17 17:00:00,580,Namakkal,1.0,-18.476
2025-10-17 18:00:00,580,Namakkal,0.5,-18.476
2025-10-17 20:00:00,580,Namakkal,0.5,-18.476
2025-10-17 21:00:00,580,Namakkal,2.5,-18.476
2025-10-18 04:00:00,580,Namakkal,10.5,-18.476
2025-10-18 05:00:00,580,Namakkal,1.0,-18.476
2025-10-18 16:00:00,580,Namakkal,0.5,-18.476
2025-10-19 09:00:00,580,Namakkal,0.5,-18.476
2025-10-19 11:00:00,580,Namakkal,0.5,-18.476
2025-10-19 16:00:00,580,Namakkal,1.0,-18.476
2025-10-19 17:00:00,580,Namakkal,21.5,-18.476
2025-10-19 18:00:00,580,Namakkal,2.0,-18.476
2025-10-19 19:00:00,580,Namakkal,0.5,-18.476
2025-10-19 23:00:00,580,Namakkal,23.5,-18.476
2025-10-20 01:00:00,580,Namakkal,2.5,-18.476
2025-10-20 05:00:00,580,Namakkal,0.5,-18.476
2025-10-21 02:00:00,580,Namakkal,0.5,-18.476
2025-10-21 10:00:00,580,Namakkal,1.25,-18.476
2025-10-21 11:00:00,580,Namakkal,1.5,-18.476
2025-10-21 12:00:00,580,Namakkal,1.0,-18.476
2025-10-21 13:00:00,580,Namakkal,2.25,-18.476
2025-10-21 15:00:00,580,Namakkal,1.0,-18.476
2025-10-21 16:00:00,580,Namakkal,0.5,-18.476
2025-10-21 21:00:00,580,Namakkal,0.5,-18.476
2025-10-21 22:00:00,580,Namakkal,5.5,-18.476
2025-10-21 23:00:00,580,Namakkal,5.0,-18.476
2025-10-22 00:00:00,580,Namakkal,0.5,-18.476
2025-10-22 01:00:00,580,Namakkal,2.5,-18.476
2025-10-22 02:00:00,580,Namakkal,2.0,-18.476
2025-10-22 03:00:00,580,Namakkal,1.25,-18.476
2025-10-22 04:00:00,580,Namakkal,2.0,-18.476
2025-10-22 06:00:00,580,Namakkal,1.0,-18.476
2025-10-22 09:00:00,580,Namakkal,2.5,-18.476
2025-10-22 10:00:00,580,Namakkal,3.0,-18.476
2025-10-22 11:00:00,580,Namakkal,5.5,-18.476
2025-10-22 12:00:00,580,Namakkal,3.5,-18.476
2025-10-22 13:00:00,580,Namakkal,3.0,-18.476
2025-10-22 14:00:00,580,Namakkal,1.0,-18.476
2025-10-22 16:00:00,580,Namakkal,0.5,-18.476
2025-10-22 20:00:00,580,Namakkal,5.5,-18.476
2025-10-22 21:00:00,580,Namakkal,14.5,-18.476
2025-10-22 22:00:00,580,Namakkal,2.0,-18.476
2025-10-22 23:00:00,580,Namakkal,2.5,-18.476
2025-10-23 00:00:00,580,Namakkal,1.75,-18.476
2025-10-23 01:00:00,580,Namakkal,0.5,-18.476
2025-11-06 03:00:00,580,Namakkal,1.5,-17.766333333333332
2025-11-06 04:00:00,580,Namakkal,12.0,-17.731666666666666
2025-11-06 05:00:00,580,Namakkal,5.0,-17.731666666666666
2025-11-06 08:00:00,580,Namakkal,4.5,-17.731666666666666
2025-11-06 09:00:00,580,Namakkal,2.0,-17.731666666666666
2025-11-06 10:00:00,580,Namakkal,1.5,-17.920333333333332
2025-11-06 11:00:00,580,Namakkal,0.5,-17.920333333333332
2025-11-07 03:00:00,580,Namakkal,0.5,-17.703333333333333
2025-11-12 15:00:00,580,Namakkal,2.5,-22.189
2025-11-18 01:00:00,580,Namakkal,0.5,-17.770666666666667
2025-11-18 02:00:00,580,Namakkal,0.5,-17.770666666666667
2025-11-18 03:00:00,580,Namakkal,1.0,-17.770666666666667
2025-11-18 12:00:00,580,Namakkal,0.5,-17.91033333333333
2025-11-18 16:00:00,580,Namakkal,0.5,-18.282666666666668
2025-11-18 17:00:00,580,Namakkal,1.0,-18.282666666666668
2025-11-19 04:00:00,580,Namakkal,2.0,-17.846666666666668
2025-11-19 05:00:00,580,Namakkal,7.5,-17.846666666666668
2025-11-19 06:00:00,580,Namakkal,5.5,-17.846666666666668
2025-11-21 15:00:00,580,Namakkal,8.5,-12.6722
2025-11-21 17:00:00,580,Namakkal,1.0,-12.7098
2025-11-21 18:00:00,580,Namakkal,9.0,-12.7098
2025-11-22 05:00:00,580,Namakkal,0.5,-12.514399999999998
2025-11-22 06:00:00,580,Namakkal,0.5,-12.514399999999998
2025-11-22 07:00:00,580,Namakkal,0.5,-12.514399999999998
2025-11-22 12:00:00,580,Namakkal,0.5,-12.5412
2025-11-22 13:00:00,580,Namakkal,1.0,-12.5412
2025-11-22 14:00:00,580,Namakkal,2.0,-12.5412
2025-11-22 16:00:00,580,Namakkal,2.0,-12.5838
2025-11-22 17:00:00,580,Namakkal,3.5,-12.5838
2025-11-22 18:00:00,580,Namakkal,2.0,-12.5838
2025-11-22 21:00:00,580,Namakkal,0.5,-12.5838
2025-11-22 22:00:00,580,Namakkal,0.5,-12.5546
2025-11-23 01:00:00,580,Namakkal,1.0,-12.5546
2025-11-23 06:00:00,580,Namakkal,1.0,-12.7944
2025-11-23 12:00:00,580,Namakkal,8.0,-12.7116
2025-11-23 13:00:00,580,Namakkal,2.75,-12.7116
2025-11-23 15:00:00,580,Namakkal,10.5,-12.7116
2025-11-23 16:00:00,580,Namakkal,0.5,-12.698200000000002
2025-11-23 18:00:00,580,Namakkal,0.5,-12.698200000000002
2025-11-24 01:00:00,580,Namakkal,7.0,-12.5198
2025-11-24 02:00:00,580,Namakkal,4.5,-12.5198
2025-11-24 03:00:00,580,Namakkal,3.5,-12.5198
2025-11-24 04:00:00,580,Namakkal,2.0,-12.494
2025-11-24 05:00:00,580,Namakkal,1.5,-12.494
2025-11-24 06:00:00,580,Namakkal,1.0,-12.494
2025-11-24 07:00:00,580,Namakkal,0.5,-12.494
2025-11-24 08:00:00,580,Namakkal,0.5,-12.494
2025-11-24 09:00:00,580,Namakkal,0.5,-12.494
2025-11-24 18:00:00,580,Namakkal,2.0,-12.4928
2025-11-24 19:00:00,580,Namakkal,1.0,-12.4928
2025-11-24 20:00:00,580,Namakkal,3.0,-12.4928
2025-11-24 21:00:00,580,Namakkal,3.0,-12.4928
2025-12-03 08:00:00,580,Namakkal,0.5,-11.794999999999998
2025-12-03 09:00:00,580,Namakkal,3.0,-11.794999999999998
2025-12-03 10:00:00,580,Namakkal,0.5,-11.839200000000002
2025-12-03 21:00:00,580,Namakkal,4.5,-11.7554
2025-12-03 22:00:00,580,Namakkal,0.5,-11.7338
2025-12-16 17:00:00,580,Namakkal,0.5,-5.3625
2025-12-16 18:00:00,580,Namakkal,1.0,-5.3625
2025-12-16 19:00:00,580,Namakkal,1.5,-5.3625
2025-12-16 20:00:00,580,Namakkal,1.0,-5.3625
2025-12-16 21:00:00,580,Namakkal,0.5,-5.3625
2025-12-16 23:00:00,580,Namakkal,1.5,-11.7732
2025-12-17 00:00:00,580,Namakkal,1.0,-11.7732
2025-12-17 09:00:00,580,Namakkal,0.5,-11.783
2026-01-01 04:00:00,580,Namakkal,2.0,-6.987857142857143
2026-01-01 05:00:00,580,Namakkal,1.0,-6.987857142857143
2026-01-01 06:00:00,580,Namakkal,1.0,-6.987857142857143
2026-01-01 08:00:00,580,Namakkal,0.5,-6.987857142857143
2026-01-11 03:00:00,580,Namakkal,1.0,-12.207666666666666
2026-01-11 04:00:00,580,Namakkal,1.25,-9.374333333333334
2026-01-11 05:00:00,580,Namakkal,6.0,-9.374333333333334
2026-01-11 06:00:00,580,Namakkal,0.5,-9.374333333333334
2026-01-11 07:00:00,580,Namakkal,0.5,-9.374333333333334
2026-01-11 15:00:00,580,Namakkal,0.5,-9.43975
2026-01-11 18:00:00,580,Namakkal,0.5,-9.38825
2026-01-12 04:00:00,580,Namakkal,0.5,-11.555444444444444
2026-01-12 08:00:00,580,Namakkal,0.5,-11.555444444444444
2026-01-12 14:00:00,580,Namakkal,1.0,-11.63588888888889
2026-01-12 15:00:00,580,Namakkal,0.75,-11.63588888888889
2026-01-12 16:00:00,580,Namakkal,0.5,-11.710777777777778
2026-01-12 17:00:00,580,Namakkal,1.5,-11.710777777777778
2026-01-12 18:00:00,580,Namakkal,0.5,-11.710777777777778
2026-01-12 20:00:00,580,Namakkal,1.0,-11.710777777777778
2026-01-12 21:00:00,580,Namakkal,1.5,-11.710777777777778
2026-01-12 22:00:00,580,Namakkal,0.5,-10.6402
2026-01-13 06:00:00,580,Namakkal,1.0,-8.843846153846155
2026-01-13 07:00:00,580,Namakkal,1.0,-8.843846153846155
2026-01-13 08:00:00,580,Namakkal,1.0,-8.843846153846155
2026-01-13 11:00:00,580,Namakkal,2.0,-8.858230769230769
2026-01-13 12:00:00,580,Namakkal,0.5,-8.858230769230769
2026-01-25 22:00:00,580,Namakkal,3.0,-5.415727272727273
2026-01-25 23:00:00,580,Namakkal,0.5,-5.415727272727273
2026-01-26 01:00:00,580,Namakkal,0.5,-5.415727272727273
2026-01-26 03:00:00,580,Namakkal,0.5,-5.415727272727273
2026-03-19 01:00:00,580,Namakkal,21.0,-10.683428571428571
2026-03-19 02:00:00,580,Namakkal,3.5,-10.683428571428571
2026-03-20 03:00:00,580,Namakkal,1.0,-11.229384615384616
2021-12-27 17:00:00,587,Nilgiris,0.5,-12.93
2021-12-31 06:00:00,587,Nilgiris,0.5,-12.925
2022-01-01 02:00:00,587,Nilgiris,4.5,-12.928
2022-01-01 03:00:00,587,Nilgiris,2.0,-12.928
2022-01-01 15:00:00,587,Nilgiris,0.5,-12.934
2022-01-02 01:00:00,587,Nilgiris,2.5,-12.928
2022-01-02 03:00:00,587,Nilgiris,0.5,-12.928
2022-01-03 00:00:00,587,Nilgiris,0.5,-12.927
2022-01-03 07:00:00,587,Nilgiris,0.5,-12.923
2022-01-17 00:00:00,587,Nilgiris,10.0,-12.946
2022-01-17 01:00:00,587,Nilgiris,22.0,-12.946
2022-01-17 05:00:00,587,Nilgiris,4.0,-12.944
2022-01-17 08:00:00,587,Nilgiris,0.5,-12.944
2022-01-20 18:00:00,587,Nilgiris,425.0,-12.95
2022-01-27 04:00:00,587,Nilgiris,1.5,-12.941
2022-01-27 12:00:00,587,Nilgiris,1.0,-12.952
2022-01-28 01:00:00,587,Nilgiris,2.0,-12.944
2022-01-28 02:00:00,587,Nilgiris,3.0,-12.944
2022-01-28 03:00:00,587,Nilgiris,5.5,-12.944
2022-01-28 04:00:00,587,Nilgiris,6.5,-12.942
2022-01-28 05:00:00,587,Nilgiris,4.0,-12.942
2022-01-28 06:00:00,587,Nilgiris,6.0,-12.942
2022-01-28 07:00:00,587,Nilgiris,5.0,-12.942
2022-01-28 08:00:00,587,Nilgiris,0.5,-12.942
2022-01-28 09:00:00,587,Nilgiris,1.5,-12.942
2022-02-02 10:00:00,587,Nilgiris,0.5,-12.954
2022-02-12 15:00:00,587,Nilgiris,0.5,-12.953
2022-03-02 19:00:00,587,Nilgiris,1.0,-12.972
2022-03-07 15:00:00,587,Nilgiris,0.5,-12.972
2022-03-07 22:00:00,587,Nilgiris,0.5,-12.967
2022-03-08 00:00:00,587,Nilgiris,0.5,-12.967
2022-03-23 18:00:00,587,Nilgiris,0.5,-12.99
2022-03-23 19:00:00,587,Nilgiris,34.5,-12.99
2022-03-23 20:00:00,587,Nilgiris,17.0,-12.99
2022-03-23 21:00:00,587,Nilgiris,0.5,-12.99
2022-03-24 20:00:00,587,Nilgiris,1.0,-12.993
2022-03-25 18:00:00,587,Nilgiris,1.0,-12.998
2022-03-25 19:00:00,587,Nilgiris,0.5,-12.998
2022-03-25 20:00:00,587,Nilgiris,0.5,-12.998
2022-03-25 21:00:00,587,Nilgiris,0.5,-12.998
2022-03-25 23:00:00,587,Nilgiris,0.5,-12.991
2022-03-26 01:00:00,587,Nilgiris,0.5,-12.991
2022-03-26 05:00:00,587,Nilgiris,0.5,-12.981
2022-03-26 11:00:00,587,Nilgiris,0.5,-12.985
2022-03-26 16:00:00,587,Nilgiris,1.0,-12.981
2022-03-26 19:00:00,587,Nilgiris,0.5,-12.981
2022-03-27 07:00:00,587,Nilgiris,0.5,-12.976
2022-03-27 16:00:00,587,Nilgiris,5.0,-12.986
2022-03-28 00:00:00,587,Nilgiris,0.5,-12.982
2022-03-29 09:00:00,587,Nilgiris,0.5,-12.973
2022-03-29 17:00:00,587,Nilgiris,1.5,-12.987
2022-03-31 07:00:00,587,Nilgiris,0.5,-12.985
2022-04-02 10:00:00,587,Nilgiris,0.5,-12.996
2022-04-04 10:00:00,587,Nilgiris,9.0,-12.998
2022-04-04 18:00:00,587,Nilgiris,2.0,-12.98
2022-04-08 17:00:00,587,Nilgiris,1.5,-12.987
2022-04-08 22:00:00,587,Nilgiris,0.5,-12.984
2022-04-08 23:00:00,587,Nilgiris,6.5,-12.984
2022-04-09 00:00:00,587,Nilgiris,2.0,-12.984
2022-04-09 15:00:00,587,Nilgiris,0.5,-12.998
2022-04-09 16:00:00,587,Nilgiris,2.75,-12.979
2022-04-09 17:00:00,587,Nilgiris,0.5,-12.979
2022-04-09 18:00:00,587,Nilgiris,1.0,-12.979
2022-04-09 19:00:00,587,Nilgiris,1.5,-12.979
2022-04-09 20:00:00,587,Nilgiris,2.5,-12.979
2022-04-09 21:00:00,587,Nilgiris,0.5,-12.979
2022-04-11 00:00:00,587,Nilgiris,1.0,-12.967
2022-04-11 02:00:00,587,Nilgiris,0.5,-12.967
2022-04-11 22:00:00,587,Nilgiris,0.5,-12.958
2022-04-12 14:00:00,587,Nilgiris,2.5,-12.975
2022-04-12 15:00:00,587,Nilgiris,5.0,-12.975
2022-04-12 16:00:00,587,Nilgiris,2.5,-12.974
2022-04-12 19:00:00,587,Nilgiris,0.5,-12.974
2022-04-12 20:00:00,587,Nilgiris,2.0,-12.974
2022-04-13 12:00:00,587,Nilgiris,3.5,-12.965
2022-04-13 13:00:00,587,Nilgiris,9.5,-12.965
2022-04-13 14:00:00,587,Nilgiris,19.0,-12.965
2022-04-13 15:00:00,587,Nilgiris,0.5,-12.965
2022-04-13 18:00:00,587,Nilgiris,4.0,-12.965
2022-04-13 19:00:00,587,Nilgiris,6.0,-12.965
2022-04-13 21:00:00,587,Nilgiris,0.5,-12.965
2022-04-14 00:00:00,587,Nilgiris,0.5,-12.967
2022-04-14 14:00:00,587,Nilgiris,0.5,-12.986
2022-04-14 16:00:00,587,Nilgiris,0.5,-12.98
2022-04-14 17:00:00,587,Nilgiris,1.0,-12.98
2022-04-14 18:00:00,587,Nilgiris,10.0,-12.98
2022-04-14 19:00:00,587,Nilgiris,2.5,-12.98
2022-04-14 20:00:00,587,Nilgiris,0.5,-12.98
2022-04-14 21:00:00,587,Nilgiris,1.5,-12.98
2022-04-14 22:00:00,587,Nilgiris,0.5,-12.981
2022-04-14 23:00:00,587,Nilgiris,0.5,-12.981
2022-04-15 03:00:00,587,Nilgiris,0.5,-12.981
2022-04-15 12:00:00,587,Nilgiris,13.5,-13.003
2022-04-16 18:00:00,587,Nilgiris,1.0,-12.992
2022-04-17 05:00:00,587,Nilgiris,0.5,-12.964
2022-04-17 19:00:00,587,Nilgiris,1.0,-12.967
2022-04-17 20:00:00,587,Nilgiris,4.5,-12.967
2022-04-18 08:00:00,587,Nilgiris,0.5,-12.964
2022-04-23 02:00:00,587,Nilgiris,0.5,-13.0
2022-04-23 19:00:00,587,Nilgiris,0.5,-13.006
2022-04-23 21:00:00,587,Nilgiris,2.0,-13.006
2022-04-23 22:00:00,587,Nilgiris,1.5,-13.004
2022-04-23 23:00:00,587,Nilgiris,1.5,-13.004
2022-04-24 00:00:00,587,Nilgiris,0.5,-13.004
2022-04-24 01:00:00,587,Nilgiris,0.5,-13.004
2022-04-26 17:00:00,587,Nilgiris,3.0,-13.004
2022-04-30 00:00:00,587,Nilgiris,2.5,-12.995
2022-04-30 01:00:00,587,Nilgiris,0.5,-12.995
2022-04-30 17:00:00,587,Nilgiris,0.5,-12.991
2022-05-01 01:00:00,587,Nilgiris,9.5,-12.988
2022-05-01 02:00:00,587,Nilgiris,0.5,-12.988
2022-06-04 19:00:00,587,Nilgiris,0.5,-13.001
2022-06-05 23:00:00,587,Nilgiris,1.0,-13.002
2022-06-06 01:00:00,587,Nilgiris,5.0,-13.002
2022-06-06 15:00:00,587,Nilgiris,2.5,-13.003
2022-06-06 18:00:00,587,Nilgiris,2.5,-12.99
2022-06-07 11:00:00,587,Nilgiris,2.5,-12.989
2022-06-07 12:00:00,587,Nilgiris,0.5,-12.989
2022-06-07 19:00:00,587,Nilgiris,0.5,-12.994
2022-06-08 19:00:00,587,Nilgiris,12.5,-13.006
2022-06-09 17:00:00,587,Nilgiris,10.0,-12.983
2022-06-10 17:00:00,587,Nilgiris,6.0,-12.993
2022-06-12 13:00:00,587,Nilgiris,1.0,-13.001
2022-06-12 19:00:00,587,Nilgiris,0.5,-12.986
2022-06-12 20:00:00,587,Nilgiris,2.0,-12.986
2022-06-12 21:00:00,587,Nilgiris,5.0,-12.986
2022-06-12 22:00:00,587,Nilgiris,0.5,-12.973
2022-06-13 16:00:00,587,Nilgiris,0.5,-12.966
2022-06-14 19:00:00,587,Nilgiris,0.5,-12.981
2022-06-14 20:00:00,587,Nilgiris,0.5,-12.981
2022-06-14 22:00:00,587,Nilgiris,1.0,-12.98
2022-06-15 08:00:00,587,Nilgiris,0.5,-12.969
2022-06-15 13:00:00,587,Nilgiris,0.5,-12.981
2022-06-15 16:00:00,587,Nilgiris,2.5,-12.973
2022-06-15 17:00:00,587,Nilgiris,0.5,-12.973
2022-06-18 03:00:00,587,Nilgiris,0.5,-12.965
2022-06-19 06:00:00,587,Nilgiris,1.5,-12.966
2022-06-19 11:00:00,587,Nilgiris,0.5,-12.969
2022-06-19 12:00:00,587,Nilgiris,0.5,-12.969
2022-06-19 13:00:00,587,Nilgiris,3.5,-12.969
2022-06-19 14:00:00,587,Nilgiris,2.0,-12.969
2022-06-19 15:00:00,587,Nilgiris,4.5,-12.969
2022-06-19 16:00:00,587,Nilgiris,2.0,-12.963
2022-06-19 17:00:00,587,Nilgiris,0.5,-12.963
2022-06-19 19:00:00,587,Nilgiris,0.5,-12.963
2022-06-20 17:00:00,587,Nilgiris,4.0,-12.979
2022-06-20 20:00:00,587,Nilgiris,5.25,-12.979
2022-06-20 21:00:00,587,Nilgiris,0.5,-12.979
2022-06-20 22:00:00,587,Nilgiris,4.0,-12.98
2022-06-20 23:00:00,587,Nilgiris,8.0,-12.98
2022-06-21 05:00:00,587,Nilgiris,0.5,-12.97
2022-06-21 06:00:00,587,Nilgiris,2.5,-12.97
2022-06-21 07:00:00,587,Nilgiris,1.0,-12.97
2022-06-21 08:00:00,587,Nilgiris,0.5,-12.97
2022-06-21 09:00:00,587,Nilgiris,1.0,-12.97
2022-06-21 18:00:00,587,Nilgiris,9.5,-12.97
2022-06-21 19:00:00,587,Nilgiris,4.5,-12.97
2022-06-21 20:00:00,587,Nilgiris,6.5,-12.97
2022-06-21 21:00:00,587,Nilgiris,0.5,-12.97
2022-06-22 01:00:00,587,Nilgiris,0.5,-12.968
2022-06-22 03:00:00,587,Nilgiris,1.0,-12.968
2022-06-24 20:00:00,587,Nilgiris,0.5,-12.991
2022-06-24 21:00:00,587,Nilgiris,1.0,-12.991
2022-06-25 05:00:00,587,Nilgiris,9.5,-12.989
2022-06-25 06:00:00,587,Nilgiris,1.5,-12.989
2022-06-25 07:00:00,587,Nilgiris,2.0,-12.989
2022-06-25 14:00:00,587,Nilgiris,0.5,-12.99
2022-06-25 15:00:00,587,Nilgiris,1.0,-12.99
2022-06-25 16:00:00,587,Nilgiris,1.5,-12.991
2022-06-25 18:00:00,587,Nilgiris,0.5,-12.991
2022-06-26 04:00:00,587,Nilgiris,0.5,-12.991
2022-06-26 15:00:00,587,Nilgiris,0.5,-13.019
2022-06-26 19:00:00,587,Nilgiris,2.0,-12.988
2022-06-26 23:00:00,587,Nilgiris,0.5,-12.981
2022-06-27 02:00:00,587,Nilgiris,1.0,-12.981
2022-06-27 04:00:00,587,Nilgiris,0.5,-12.98
2022-06-28 18:00:00,587,Nilgiris,7.5,-12.993
2022-06-28 19:00:00,587,Nilgiris,2.0,-12.993
2022-06-28 20:00:00,587,Nilgiris,0.5,-12.993
2022-06-28 23:00:00,587,Nilgiris,0.5,-12.991
2022-06-29 00:00:00,587,Nilgiris,0.5,-12.991
2022-06-29 01:00:00,587,Nilgiris,1.5,-12.991
2022-06-29 02:00:00,587,Nilgiris,1.5,-12.991
2022-06-29 03:00:00,587,Nilgiris,2.5,-12.991
2022-06-29 04:00:00,587,Nilgiris,3.0,-12.99
2022-06-29 14:00:00,587,Nilgiris,3.5,-12.989
2022-06-29 15:00:00,587,Nilgiris,0.5,-12.989
2022-06-30 11:00:00,587,Nilgiris,0.5,-12.989
2022-06-30 12:00:00,587,Nilgiris,3.0,-12.989
2022-06-30 13:00:00,587,Nilgiris,2.0,-12.989
2022-06-30 15:00:00,587,Nilgiris,9.0,-12.989
2022-06-30 16:00:00,587,Nilgiris,1.0,-12.987
2022-06-30 17:00:00,587,Nilgiris,4.0,-12.987
2022-06-30 18:00:00,587,Nilgiris,4.5,-12.987
2022-07-01 13:00:00,587,Nilgiris,2.0,-13.021
2022-07-01 14:00:00,587,Nilgiris,1.5,-13.021
2022-07-01 16:00:00,587,Nilgiris,2.0,-12.999
2022-07-01 17:00:00,587,Nilgiris,0.5,-12.999
2022-07-01 18:00:00,587,Nilgiris,1.0,-12.999
2022-07-02 15:00:00,587,Nilgiris,0.5,-13.013
2022-07-02 17:00:00,587,Nilgiris,4.0,-13.002
2022-07-02 20:00:00,587,Nilgiris,2.5,-13.002
2022-07-02 21:00:00,587,Nilgiris,1.0,-13.002
2022-07-02 22:00:00,587,Nilgiris,5.0,-12.999
2022-07-03 02:00:00,587,Nilgiris,1.0,-12.999
2022-07-03 03:00:00,587,Nilgiris,4.0,-12.999
2022-07-03 04:00:00,587,Nilgiris,1.0,-13.001
2022-07-03 05:00:00,587,Nilgiris,0.5,-13.001
2022-07-03 06:00:00,587,Nilgiris,2.0,-13.001
2022-07-03 07:00:00,587,Nilgiris,3.5,-13.001
2022-07-03 08:00:00,587,Nilgiris,3.75,-13.001
2022-07-03 09:00:00,587,Nilgiris,3.25,-13.001
2022-07-03 10:00:00,587,Nilgiris,247.25,-13.002
2022-07-03 11:00:00,587,Nilgiris,322.0,-13.002
2022-07-03 12:00:00,587,Nilgiris,17.0,-13.002
2022-07-03 13:00:00,587,Nilgiris,8834.0,-13.002
2022-07-03 14:00:00,587,Nilgiris,3328.5,-13.002
2022-07-03 15:00:00,587,Nilgiris,2835.0,-13.002
2022-07-03 16:00:00,587,Nilgiris,5288.5,-12.998
2022-07-03 17:00:00,587,Nilgiris,892.0,-12.998
2022-07-03 18:00:00,587,Nilgiris,2193.0,-12.998
2022-07-03 19:00:00,587,Nilgiris,1059.0,-12.998
2022-07-03 20:00:00,587,Nilgiris,394.5,-12.998
2022-07-03 21:00:00,587,Nilgiris,2294.5,-12.998
2022-07-03 22:00:00,587,Nilgiris,616.0,-13.0
2022-07-03 23:00:00,587,Nilgiris,2076.5,-13.0
2022-07-04 00:00:00,587,Nilgiris,3838.5,-13.0
2022-07-04 01:00:00,587,Nilgiris,475.0,-13.0
2022-07-04 02:00:00,587,Nilgiris,2088.5,-13.0
2022-07-04 03:00:00,587,Nilgiris,2355.5,-13.0
2022-07-04 04:00:00,587,Nilgiris,929.0,-12.993
2022-07-04 05:00:00,587,Nilgiris,728.5,-12.993
2022-07-04 06:00:00,587,Nilgiris,877.0,-12.993
2022-07-04 07:00:00,587,Nilgiris,185.0,-12.993
2022-07-04 08:00:00,587,Nilgiris,1228.0,-12.993
2022-07-04 09:00:00,587,Nilgiris,134.0,-12.993
2022-07-04 10:00:00,587,Nilgiris,21.5,-12.998
2022-07-04 11:00:00,587,Nilgiris,75.0,-12.998
2022-07-04 12:00:00,587,Nilgiris,186.5,-12.998
2022-07-04 13:00:00,587,Nilgiris,418.5,-12.998
2022-07-04 14:00:00,587,Nilgiris,537.0,-12.998
2022-07-04 15:00:00,587,Nilgiris,16750.0,-12.998
2022-07-04 16:00:00,587,Nilgiris,6798.5,-12.994
2022-07-04 17:00:00,587,Nilgiris,232.0,-12.994
2022-07-04 18:00:00,587,Nilgiris,2695.5,-12.994
2022-07-04 19:00:00,587,Nilgiris,3731.0,-12.994
2022-07-04 20:00:00,587,Nilgiris,140.0,-12.994
2022-07-04 21:00:00,587,Nilgiris,955.0,-12.994
2022-07-04 22:00:00,587,Nilgiris,2584.0,-12.996
2022-07-04 23:00:00,587,Nilgiris,233.5,-12.996
2022-07-05 00:00:00,587,Nilgiris,412.0,-12.996
2022-07-05 01:00:00,587,Nilgiris,735.5,-12.996
2022-07-05 02:00:00,587,Nilgiris,24.0,-12.996
2022-07-05 03:00:00,587,Nilgiris,1037.0,-12.996
2022-07-05 04:00:00,587,Nilgiris,2027.5,-12.999
2022-07-05 05:00:00,587,Nilgiris,4237.5,-12.999
2022-07-05 06:00:00,587,Nilgiris,2491.5,-12.999
2022-07-05 07:00:00,587,Nilgiris,6874.5,-12.999
2022-07-05 08:00:00,587,Nilgiris,4806.5,-12.999
2022-07-05 09:00:00,587,Nilgiris,10298.5,-12.999
2022-07-05 10:00:00,587,Nilgiris,4124.0,-12.999
2022-07-05 11:00:00,587,Nilgiris,7085.5,-12.999
2022-07-05 12:00:00,587,Nilgiris,3898.5,-12.999
2022-07-05 13:00:00,587,Nilgiris,67.5,-12.999
2022-07-05 14:00:00,587,Nilgiris,31.75,-12.999
2022-07-05 15:00:00,587,Nilgiris,2596.0,-12.999
2022-07-05 16:00:00,587,Nilgiris,402.25,-13.003
2022-07-05 17:00:00,587,Nilgiris,1059.5,-13.003
2022-07-05 18:00:00,587,Nilgiris,2255.5,-13.003
2022-07-05 19:00:00,587,Nilgiris,529.5,-13.003
2022-07-05 20:00:00,587,Nilgiris,69.5,-13.003
2022-07-05 21:00:00,587,Nilgiris,84.5,-13.003
2022-07-05 22:00:00,587,Nilgiris,35.5,-12.998
2022-07-05 23:00:00,587,Nilgiris,973.5,-12.998
2022-07-06 00:00:00,587,Nilgiris,175.0,-12.998
2022-07-06 01:00:00,587,Nilgiris,398.0,-12.998
2022-07-06 02:00:00,587,Nilgiris,555.0,-12.998
2022-07-06 03:00:00,587,Nilgiris,785.5,-12.998
2022-07-06 04:00:00,587,Nilgiris,831.0,-12.998
2022-07-06 05:00:00,587,Nilgiris,129.0,-12.998
2022-07-06 06:00:00,587,Nilgiris,25.0,-12.998
2022-07-06 07:00:00,587,Nilgiris,99.5,-12.998
2022-07-06 08:00:00,587,Nilgiris,1.5,-12.998
2022-07-06 09:00:00,587,Nilgiris,2.0,-12.998
2022-07-06 10:00:00,587,Nilgiris,32.0,-12.996
2022-07-06 11:00:00,587,Nilgiris,19.0,-12.996
2022-07-06 12:00:00,587,Nilgiris,2.25,-12.996
2022-07-06 13:00:00,587,Nilgiris,0.75,-12.996
2022-07-06 14:00:00,587,Nilgiris,31.5,-12.996
2022-07-06 15:00:00,587,Nilgiris,180.5,-12.996
2022-07-06 16:00:00,587,Nilgiris,869.0,-12.992
2022-07-06 17:00:00,587,Nilgiris,404.0,-12.992
2022-07-06 18:00:00,587,Nilgiris,168.0,-12.992
2022-07-06 19:00:00,587,Nilgiris,272.0,-12.992
2022-07-06 20:00:00,587,Nilgiris,65.0,-12.992
2022-07-06 21:00:00,587,Nilgiris,178.5,-12.992
2022-07-06 22:00:00,587,Nilgiris,145.0,-12.987
2022-07-06 23:00:00,587,Nilgiris,128.0,-12.987
2022-07-07 00:00:00,587,Nilgiris,47.75,-12.987
2022-07-07 01:00:00,587,Nilgiris,3.5,-12.987
2022-07-07 02:00:00,587,Nilgiris,29.0,-12.987
2022-07-07 03:00:00,587,Nilgiris,7.5,-12.987
2022-07-07 04:00:00,587,Nilgiris,264.0,-12.987
2022-07-07 05:00:00,587,Nilgiris,190.0,-12.987
2022-07-07 06:00:00,587,Nilgiris,180.5,-12.987
2022-07-07 07:00:00,587,Nilgiris,129.0,-12.987
2022-07-07 08:00:00,587,Nilgiris,121.0,-12.987
2022-07-07 09:00:00,587,Nilgiris,65.5,-12.987
2022-07-07 10:00:00,587,Nilgiris,43.5,-12.99
2022-07-07 11:00:00,587,Nilgiris,8.0,-12.99
2022-07-07 14:00:00,587,Nilgiris,0.5,-12.99
2022-07-07 15:00:00,587,Nilgiris,12.0,-12.99
2022-07-07 16:00:00,587,Nilgiris,29.5,-12.988
2022-07-07 17:00:00,587,Nilgiris,2.5,-12.988
2022-07-07 18:00:00,587,Nilgiris,0.5,-12.988
2022-07-07 19:00:00,587,Nilgiris,5.25,-12.988
2022-07-07 20:00:00,587,Nilgiris,18.5,-12.988
2022-07-07 21:00:00,587,Nilgiris,7.5,-12.988
2022-07-08 03:00:00,587,Nilgiris,0.5,-12.987
2022-07-08 05:00:00,587,Nilgiris,61.0,-12.992
2022-07-08 06:00:00,587,Nilgiris,42.5,-12.992
2022-07-08 07:00:00,587,Nilgiris,2.5,-12.992
2022-07-08 08:00:00,587,Nilgiris,3.0,-12.992
2022-07-08 09:00:00,587,Nilgiris,5.5,-12.992
2022-07-08 10:00:00,587,Nilgiris,25.5,-12.998
2022-07-08 11:00:00,587,Nilgiris,18.5,-12.998
2022-07-08 12:00:00,587,Nilgiris,18.0,-12.998
2022-07-08 13:00:00,587,Nilgiris,28.0,-12.998
2022-07-08 14:00:00,587,Nilgiris,10.0,-12.998
2022-07-08 15:00:00,587,Nilgiris,3.5,-12.998
2022-07-08 16:00:00,587,Nilgiris,2.5,-12.996
2022-07-08 20:00:00,587,Nilgiris,0.5,-12.996
2022-07-09 00:00:00,587,Nilgiris,1.5,-12.997
2022-07-09 01:00:00,587,Nilgiris,1.0,-12.997
2022-07-09 02:00:00,587,Nilgiris,1.0,-12.997
2022-07-09 03:00:00,587,Nilgiris,4.5,-12.997
2022-07-09 04:00:00,587,Nilgiris,2.5,-12.999
2022-07-09 05:00:00,587,Nilgiris,4.5,-12.999
2022-07-09 06:00:00,587,Nilgiris,2.5,-12.999
2022-07-09 07:00:00,587,Nilgiris,4.5,-12.999
2022-07-09 08:00:00,587,Nilgiris,4.5,-12.999
2022-07-09 09:00:00,587,Nilgiris,2.5,-12.999
2022-07-09 10:00:00,587,Nilgiris,0.75,-13.0
2022-07-09 14:00:00,587,Nilgiris,0.5,-13.0
2022-07-09 15:00:00,587,Nilgiris,0.75,-13.0
2022-07-09 16:00:00,587,Nilgiris,0.75,-13.003
2022-07-09 17:00:00,587,Nilgiris,6.75,-13.003
2022-07-09 18:00:00,587,Nilgiris,63.75,-13.003
2022-07-09 19:00:00,587,Nilgiris,194.5,-13.003
2022-07-09 20:00:00,587,Nilgiris,30.5,-13.003
2022-07-09 21:00:00,587,Nilgiris,1.0,-13.003
2022-07-09 22:00:00,587,Nilgiris,3.5,-13.002
2022-07-09 23:00:00,587,Nilgiris,18.0,-13.002
2022-07-10 00:00:00,587,Nilgiris,6.75,-13.002
2022-07-10 01:00:00,587,Nilgiris,19.5,-13.002
2022-07-10 02:00:00,587,Nilgiris,4.0,-13.002
2022-07-10 05:00:00,587,Nilgiris,5.5,-13.001
2022-07-10 06:00:00,587,Nilgiris,2.5,-13.001
2022-07-10 07:00:00,587,Nilgiris,15.0,-13.001
2022-07-10 08:00:00,587,Nilgiris,1.5,-13.001
2022-07-10 09:00:00,587,Nilgiris,2.0,-13.001
2022-07-10 10:00:00,587,Nilgiris,1.5,-13.01
2022-07-10 11:00:00,587,Nilgiris,1.0,-13.01
2022-07-10 13:00:00,587,Nilgiris,3.5,-13.01
2022-07-10 14:00:00,587,Nilgiris,33.5,-13.01
2022-07-10 15:00:00,587,Nilgiris,5.0,-13.01
2022-07-10 16:00:00,587,Nilgiris,3.5,-13.009
2022-07-10 18:00:00,587,Nilgiris,42.0,-13.009
2022-07-10 19:00:00,587,Nilgiris,85.5,-13.009
2022-07-10 20:00:00,587,Nilgiris,117.0,-13.009
2022-07-10 21:00:00,587,Nilgiris,0.5,-13.009
2022-07-10 22:00:00,587,Nilgiris,195.0,-13.003
2022-07-10 23:00:00,587,Nilgiris,23.0,-13.003
2022-07-11 00:00:00,587,Nilgiris,16.0,-13.003
2022-07-11 01:00:00,587,Nilgiris,21.0,-13.003
2022-07-11 02:00:00,587,Nilgiris,36.0,-13.003
2022-07-11 03:00:00,587,Nilgiris,1.5,-13.003
2022-07-11 04:00:00,587,Nilgiris,23.0,-13.004
2022-07-11 05:00:00,587,Nilgiris,1.5,-13.004
2022-07-11 06:00:00,587,Nilgiris,5.5,-13.004
2022-07-11 07:00:00,587,Nilgiris,99.0,-13.004
2022-07-11 08:00:00,587,Nilgiris,11.0,-13.004
2022-07-11 09:00:00,587,Nilgiris,18.5,-13.004
2022-07-11 10:00:00,587,Nilgiris,25.5,-13.003
2022-07-11 11:00:00,587,Nilgiris,75.0,-13.003
2022-07-11 12:00:00,587,Nilgiris,167.5,-13.003
2022-07-11 13:00:00,587,Nilgiris,373.0,-13.003
2022-07-11 15:00:00,587,Nilgiris,0.5,-13.003
2022-07-11 16:00:00,587,Nilgiris,0.5,-13.006
2022-07-11 17:00:00,587,Nilgiris,2.0,-13.006
2022-07-11 18:00:00,587,Nilgiris,1.0,-13.006
2022-07-11 20:00:00,587,Nilgiris,3.0,-13.006
2022-07-11 21:00:00,587,Nilgiris,0.5,-13.006
2022-07-11 22:00:00,587,Nilgiris,3.0,-13.003
2022-07-11 23:00:00,587,Nilgiris,1.5,-13.003
2022-07-12 02:00:00,587,Nilgiris,3.0,-13.003
2022-07-12 03:00:00,587,Nilgiris,4.5,-13.003
2022-07-12 04:00:00,587,Nilgiris,11.0,-13.006
2022-07-12 05:00:00,587,Nilgiris,0.5,-13.006
2022-07-12 06:00:00,587,Nilgiris,1.0,-13.006
2022-07-12 07:00:00,587,Nilgiris,2.0,-13.006
2022-07-12 08:00:00,587,Nilgiris,2.5,-13.006
2022-07-12 09:00:00,587,Nilgiris,2.5,-13.006
2022-07-12 10:00:00,587,Nilgiris,0.5,-13.01
2022-07-12 12:00:00,587,Nilgiris,1.5,-13.01
2022-07-12 13:00:00,587,Nilgiris,1.0,-13.01
2022-07-12 14:00:00,587,Nilgiris,1.0,-13.01
2022-07-12 15:00:00,587,Nilgiris,6.5,-13.01
2022-07-12 16:00:00,587,Nilgiris,11.5,-13.01
2022-07-12 17:00:00,587,Nilgiris,8.5,-13.01
2022-07-12 18:00:00,587,Nilgiris,0.5,-13.01
2022-07-12 19:00:00,587,Nilgiris,1.25,-13.01
2022-07-12 20:00:00,587,Nilgiris,8.0,-13.01
2022-07-12 21:00:00,587,Nilgiris,5.5,-13.01
2022-07-12 22:00:00,587,Nilgiris,5.5,-13.007
2022-07-12 23:00:00,587,Nilgiris,5.5,-13.007
2022-07-13 00:00:00,587,Nilgiris,13.0,-13.007
2022-07-13 01:00:00,587,Nilgiris,4.0,-13.007
2022-07-13 02:00:00,587,Nilgiris,4.0,-13.007
2022-07-13 03:00:00,587,Nilgiris,13.0,-13.007
2022-07-13 04:00:00,587,Nilgiris,29.0,-13.01
2022-07-13 05:00:00,587,Nilgiris,5.0,-13.01
2022-07-13 06:00:00,587,Nilgiris,4.5,-13.01
2022-07-13 07:00:00,587,Nilgiris,10.5,-13.01
2022-07-13 08:00:00,587,Nilgiris,25.5,-13.01
2022-07-13 09:00:00,587,Nilgiris,9.25,-13.01
2022-07-13 10:00:00,587,Nilgiris,1.5,-13.018
2022-07-13 11:00:00,587,Nilgiris,3.5,-13.018
2022-07-13 12:00:00,587,Nilgiris,23.0,-13.018
2022-07-13 13:00:00,587,Nilgiris,7.0,-13.018
2022-07-13 14:00:00,587,Nilgiris,29.0,-13.018
2022-07-13 15:00:00,587,Nilgiris,0.5,-13.018
2022-07-13 16:00:00,587,Nilgiris,12.0,-13.011
2022-07-13 18:00:00,587,Nilgiris,5.5,-13.011
2022-07-13 19:00:00,587,Nilgiris,0.5,-13.011
2022-07-13 20:00:00,587,Nilgiris,3.0,-13.011
2022-07-13 21:00:00,587,Nilgiris,0.5,-13.011
2022-07-13 22:00:00,587,Nilgiris,3.5,-13.011
2022-07-13 23:00:00,587,Nilgiris,2.0,-13.011
2022-07-14 00:00:00,587,Nilgiris,1.0,-13.011
2022-07-14 01:00:00,587,Nilgiris,2.0,-13.011
2022-07-14 02:00:00,587,Nilgiris,7.5,-13.011
2022-07-14 03:00:00,587,Nilgiris,3.0,-13.011
2022-07-14 04:00:00,587,Nilgiris,6.5,-13.013
2022-07-14 05:00:00,587,Nilgiris,6.5,-13.013
2022-07-14 06:00:00,587,Nilgiris,4.5,-13.013
2022-07-14 07:00:00,587,Nilgiris,1.5,-13.013
2022-07-14 08:00:00,587,Nilgiris,3.5,-13.013
2022-07-14 09:00:00,587,Nilgiris,14.0,-13.013
2022-07-14 10:00:00,587,Nilgiris,14.0,-13.011
2022-07-24 11:00:00,587,Nilgiris,35.5,-13.024
2022-07-24 12:00:00,587,Nilgiris,2.5,-13.024
2022-07-24 13:00:00,587,Nilgiris,55.0,-13.024
2022-07-24 14:00:00,587,Nilgiris,72.5,-13.024
2022-07-24 15:00:00,587,Nilgiris,0.5,-13.024
2022-07-26 13:00:00,587,Nilgiris,44.0,-13.022
2022-07-26 15:00:00,587,Nilgiris,0.5,-13.022
2022-07-26 17:00:00,587,Nilgiris,0.5,-13.024
2022-07-26 18:00:00,587,Nilgiris,1.5,-13.024
2022-07-26 19:00:00,587,Nilgiris,3.25,-13.024
2022-07-26 20:00:00,587,Nilgiris,1.0,-13.024
2022-07-27 15:00:00,587,Nilgiris,0.5,-13.023
2022-07-28 01:00:00,587,Nilgiris,0.75,-13.02
2022-07-28 02:00:00,587,Nilgiris,1.0,-13.02
2022-07-28 03:00:00,587,Nilgiris,56.0,-13.02
2022-07-28 04:00:00,587,Nilgiris,0.5,-13.024
2022-07-28 17:00:00,587,Nilgiris,4.0,-13.029
2022-07-28 18:00:00,587,Nilgiris,6.5,-13.029
2022-07-28 19:00:00,587,Nilgiris,0.5,-13.029
2022-07-28 22:00:00,587,Nilgiris,1.5,-13.024
2022-07-29 00:00:00,587,Nilgiris,0.5,-13.024
2022-07-29 02:00:00,587,Nilgiris,14.0,-13.024
2022-07-29 03:00:00,587,Nilgiris,8.5,-13.024
2022-07-29 20:00:00,587,Nilgiris,1.5,-13.033
2022-07-30 13:00:00,587,Nilgiris,6.0,-13.029
2022-07-30 16:00:00,587,Nilgiris,4.0,-13.029
2022-07-30 17:00:00,587,Nilgiris,4.0,-13.029
2022-07-30 18:00:00,587,Nilgiris,8.0,-13.029
2022-07-30 19:00:00,587,Nilgiris,0.5,-13.029
2022-07-30 21:00:00,587,Nilgiris,4.0,-13.029
2022-07-30 22:00:00,587,Nilgiris,0.5,-13.027
2022-07-31 12:00:00,587,Nilgiris,9.5,-13.033
2022-07-31 16:00:00,587,Nilgiris,0.5,-13.03
2022-07-31 17:00:00,587,Nilgiris,6.5,-13.03
2022-07-31 18:00:00,587,Nilgiris,1.5,-13.03
2022-07-31 20:00:00,587,Nilgiris,4.0,-13.03
2022-07-31 21:00:00,587,Nilgiris,8.0,-13.03
2022-07-31 22:00:00,587,Nilgiris,1.0,-13.027
2022-08-01 00:00:00,587,Nilgiris,1.5,-13.027
2022-08-01 01:00:00,587,Nilgiris,2.0,-13.027
2022-08-01 02:00:00,587,Nilgiris,1.25,-13.027
2022-08-01 04:00:00,587,Nilgiris,0.5,-13.027
2022-08-01 05:00:00,587,Nilgiris,0.5,-13.027
2022-08-01 16:00:00,587,Nilgiris,4.5,-13.03
2022-08-01 17:00:00,587,Nilgiris,1.5,-13.03
2022-08-01 18:00:00,587,Nilgiris,0.5,-13.03
2022-08-01 22:00:00,587,Nilgiris,0.5,-13.025
2022-08-01 23:00:00,587,Nilgiris,4.0,-13.025
2022-08-02 00:00:00,587,Nilgiris,0.5,-13.025
2022-08-02 02:00:00,587,Nilgiris,0.5,-13.025
2022-08-02 03:00:00,587,Nilgiris,5.5,-13.025
2022-08-02 04:00:00,587,Nilgiris,9.5,-13.026
2022-08-02 05:00:00,587,Nilgiris,5.0,-13.026
2022-08-02 06:00:00,587,Nilgiris,1.5,-13.026
2022-08-02 13:00:00,587,Nilgiris,0.5,-13.027
2022-08-02 15:00:00,587,Nilgiris,2.5,-13.027
2022-08-02 18:00:00,587,Nilgiris,15.0,-13.031
2022-08-03 01:00:00,587,Nilgiris,8.5,-13.027
2022-08-03 02:00:00,587,Nilgiris,0.5,-13.027
2022-08-03 12:00:00,587,Nilgiris,0.5,-13.025
2022-08-03 13:00:00,587,Nilgiris,3.0,-13.025
2022-08-03 17:00:00,587,Nilgiris,9.0,-13.029
2022-08-03 18:00:00,587,Nilgiris,14.5,-13.029
2022-08-03 19:00:00,587,Nilgiris,185.0,-13.029
2022-08-03 22:00:00,587,Nilgiris,151.0,-13.025
2022-08-03 23:00:00,587,Nilgiris,187.5,-13.025
2022-08-04 00:00:00,587,Nilgiris,381.0,-13.025
2022-08-04 01:00:00,587,Nilgiris,260.0,-13.025
2022-08-04 02:00:00,587,Nilgiris,6.5,-13.025
2022-08-04 03:00:00,587,Nilgiris,16.5,-13.025
2022-08-04 04:00:00,587,Nilgiris,1.0,-13.025
2022-08-04 07:00:00,587,Nilgiris,0.5,-13.025
2022-08-04 08:00:00,587,Nilgiris,32.0,-13.025
2022-08-04 09:00:00,587,Nilgiris,26.5,-13.025
2022-08-04 10:00:00,587,Nilgiris,5.5,-13.026
2022-08-04 11:00:00,587,Nilgiris,8.5,-13.026
2022-08-04 12:00:00,587,Nilgiris,30.0,-13.026
2022-08-04 13:00:00,587,Nilgiris,5.25,-13.026
2022-08-04 14:00:00,587,Nilgiris,1.5,-13.026
2022-08-04 15:00:00,587,Nilgiris,1.0,-13.026
2022-08-04 16:00:00,587,Nilgiris,1.25,-13.026
2022-08-04 17:00:00,587,Nilgiris,2.0,-13.026
2022-08-04 18:00:00,587,Nilgiris,7.5,-13.026
2022-08-04 19:00:00,587,Nilgiris,12.0,-13.026
2022-08-04 20:00:00,587,Nilgiris,2.75,-13.026
2022-08-04 21:00:00,587,Nilgiris,1.75,-13.026
2022-08-04 22:00:00,587,Nilgiris,5.5,-13.025
2022-08-04 23:00:00,587,Nilgiris,1.0,-13.025
2022-08-05 00:00:00,587,Nilgiris,0.5,-13.025
2022-08-05 01:00:00,587,Nilgiris,2.0,-13.025
2022-08-05 02:00:00,587,Nilgiris,0.5,-13.025
2022-08-05 04:00:00,587,Nilgiris,1.0,-13.026
2022-08-05 05:00:00,587,Nilgiris,1.5,-13.026
2022-08-05 06:00:00,587,Nilgiris,4.5,-13.026
2022-08-05 07:00:00,587,Nilgiris,18.5,-13.026
2022-08-05 08:00:00,587,Nilgiris,29.5,-13.026
2022-08-05 09:00:00,587,Nilgiris,16.5,-13.026
2022-08-05 10:00:00,587,Nilgiris,34.0,-13.027
2022-08-05 11:00:00,587,Nilgiris,13.0,-13.027
2022-08-05 12:00:00,587,Nilgiris,1.0,-13.027
2022-08-05 13:00:00,587,Nilgiris,2.5,-13.027
2022-08-05 14:00:00,587,Nilgiris,4.0,-13.027
2022-08-05 15:00:00,587,Nilgiris,5.5,-13.027
2022-08-05 16:00:00,587,Nilgiris,2.0,-13.027
2022-08-05 18:00:00,587,Nilgiris,9.0,-13.027
2022-08-05 19:00:00,587,Nilgiris,2.5,-13.027
2022-08-05 22:00:00,587,Nilgiris,1.0,-13.027
2022-08-05 23:00:00,587,Nilgiris,1.0,-13.027
2022-08-06 01:00:00,587,Nilgiris,0.5,-13.027
2022-08-06 02:00:00,587,Nilgiris,16.75,-13.027
2022-08-06 06:00:00,587,Nilgiris,1.0,-13.027
2022-08-06 07:00:00,587,Nilgiris,0.5,-13.027
2022-08-06 10:00:00,587,Nilgiris,0.5,-13.022
2022-08-06 11:00:00,587,Nilgiris,1.0,-13.022
2022-08-06 12:00:00,587,Nilgiris,2.5,-13.022
2022-08-06 13:00:00,587,Nilgiris,0.5,-13.022
2022-08-06 14:00:00,587,Nilgiris,6.0,-13.022
2022-08-06 15:00:00,587,Nilgiris,9.5,-13.022
2022-08-06 16:00:00,587,Nilgiris,6.0,-13.029
2022-08-06 17:00:00,587,Nilgiris,0.5,-13.029
2022-08-06 18:00:00,587,Nilgiris,3.0,-13.029
2022-08-06 19:00:00,587,Nilgiris,3.0,-13.029
2022-08-06 20:00:00,587,Nilgiris,0.5,-13.029
2022-08-06 21:00:00,587,Nilgiris,12.5,-13.029
2022-08-06 22:00:00,587,Nilgiris,0.5,-13.024
2022-08-06 23:00:00,587,Nilgiris,1.0,-13.024
2022-08-07 00:00:00,587,Nilgiris,2.0,-13.024
2022-08-07 01:00:00,587,Nilgiris,0.5,-13.024
2022-08-07 03:00:00,587,Nilgiris,0.5,-13.024
2022-08-07 04:00:00,587,Nilgiris,1.5,-13.022
2022-08-07 06:00:00,587,Nilgiris,0.5,-13.022
2022-08-07 08:00:00,587,Nilgiris,0.75,-13.022
2022-08-07 09:00:00,587,Nilgiris,0.75,-13.022
2022-08-07 10:00:00,587,Nilgiris,3.5,-13.023
2022-08-07 11:00:00,587,Nilgiris,3.0,-13.023
2022-08-07 12:00:00,587,Nilgiris,15.5,-13.023
2022-08-07 13:00:00,587,Nilgiris,3.0,-13.023
2022-08-07 14:00:00,587,Nilgiris,5.0,-13.023
2022-08-07 15:00:00,587,Nilgiris,30.5,-13.023
2022-08-07 16:00:00,587,Nilgiris,6.25,-13.03
2022-08-07 17:00:00,587,Nilgiris,6.0,-13.03
2022-08-07 18:00:00,587,Nilgiris,3.0,-13.03
2022-08-07 19:00:00,587,Nilgiris,4.5,-13.03
2022-08-07 20:00:00,587,Nilgiris,17.0,-13.03
2022-08-07 21:00:00,587,Nilgiris,27.5,-13.03
2022-08-07 22:00:00,587,Nilgiris,10.5,-13.026
2022-08-08 00:00:00,587,Nilgiris,5.5,-13.026
2022-08-08 01:00:00,587,Nilgiris,12.5,-13.026
2022-08-08 02:00:00,587,Nilgiris,2.5,-13.026
2022-08-08 03:00:00,587,Nilgiris,4.0,-13.026
2022-08-08 04:00:00,587,Nilgiris,5.75,-13.024
2022-08-08 05:00:00,587,Nilgiris,2.5,-13.024
2022-08-08 06:00:00,587,Nilgiris,3.0,-13.024
2022-08-08 07:00:00,587,Nilgiris,1.5,-13.024
2022-08-08 08:00:00,587,Nilgiris,7.0,-13.024
2022-08-08 09:00:00,587,Nilgiris,2.5,-13.024
2022-08-08 10:00:00,587,Nilgiris,2.5,-13.039
2022-08-08 11:00:00,587,Nilgiris,2.5,-13.039
2022-08-08 12:00:00,587,Nilgiris,5.0,-13.039
2022-08-08 13:00:00,587,Nilgiris,11.0,-13.039
2022-08-08 14:00:00,587,Nilgiris,11.5,-13.039
2022-08-08 15:00:00,587,Nilgiris,13.0,-13.039
2022-08-08 16:00:00,587,Nilgiris,5.0,-13.039
2022-08-11 11:00:00,587,Nilgiris,1.0,-13.035
2022-08-11 12:00:00,587,Nilgiris,7.0,-13.035
2022-08-11 15:00:00,587,Nilgiris,7.5,-13.035
2022-08-11 16:00:00,587,Nilgiris,33.5,-13.032
2022-08-11 17:00:00,587,Nilgiris,55.0,-13.032
2022-08-11 18:00:00,587,Nilgiris,78.5,-13.032
2022-08-11 19:00:00,587,Nilgiris,8.5,-13.032
2022-08-11 20:00:00,587,Nilgiris,3.0,-13.032
2022-08-11 21:00:00,587,Nilgiris,9.0,-13.032
2022-08-11 22:00:00,587,Nilgiris,3.5,-13.029
2022-08-12 00:00:00,587,Nilgiris,32.0,-13.029
2022-08-12 03:00:00,587,Nilgiris,26.5,-13.029
2022-08-12 04:00:00,587,Nilgiris,26.5,-13.027
2022-08-12 05:00:00,587,Nilgiris,15.5,-13.027
2022-08-12 07:00:00,587,Nilgiris,26.5,-13.027
2022-08-12 08:00:00,587,Nilgiris,4.5,-13.027
2022-08-12 10:00:00,587,Nilgiris,32.0,-13.043
2022-08-12 11:00:00,587,Nilgiris,0.5,-13.043
2022-08-12 12:00:00,587,Nilgiris,1.5,-13.043
2022-08-12 13:00:00,587,Nilgiris,16.5,-13.043
2022-08-12 14:00:00,587,Nilgiris,26.5,-13.043
2022-08-12 15:00:00,587,Nilgiris,4.0,-13.043
2022-08-12 16:00:00,587,Nilgiris,4.0,-13.035
2022-08-12 18:00:00,587,Nilgiris,1.0,-13.035
2022-08-12 19:00:00,587,Nilgiris,3.5,-13.035
2022-08-12 20:00:00,587,Nilgiris,1.0,-13.035
2022-08-12 21:00:00,587,Nilgiris,18.0,-13.035
2022-08-12 22:00:00,587,Nilgiris,6.0,-13.03
2022-08-12 23:00:00,587,Nilgiris,13.0,-13.03
2022-08-13 01:00:00,587,Nilgiris,1.5,-13.03
2022-08-13 02:00:00,587,Nilgiris,3.5,-13.03
2022-08-13 03:00:00,587,Nilgiris,8.5,-13.03
2022-08-14 11:00:00,587,Nilgiris,0.5,-13.031
2022-08-14 13:00:00,587,Nilgiris,1.5,-13.031
2022-08-14 15:00:00,587,Nilgiris,2.0,-13.031
2022-08-14 16:00:00,587,Nilgiris,0.5,-13.032
2022-08-15 00:00:00,587,Nilgiris,1.0,-13.031
2022-08-15 01:00:00,587,Nilgiris,74.0,-13.031
2022-08-15 02:00:00,587,Nilgiris,56.0,-13.031
2022-08-15 03:00:00,587,Nilgiris,18.0,-13.031
2022-08-15 04:00:00,587,Nilgiris,5.5,-13.028
2022-08-15 07:00:00,587,Nilgiris,15.5,-13.028
2022-08-15 08:00:00,587,Nilgiris,18.0,-13.028
2022-08-16 08:00:00,587,Nilgiris,0.5,-13.029
2022-08-19 13:00:00,587,Nilgiris,1.0,-13.031
2022-08-21 13:00:00,587,Nilgiris,1.0,-13.041
2022-08-21 14:00:00,587,Nilgiris,2.0,-13.041
2022-08-21 15:00:00,587,Nilgiris,10.0,-13.041
2022-08-22 11:00:00,587,Nilgiris,1.0,-13.03
2022-08-22 13:00:00,587,Nilgiris,3.5,-13.03
2022-08-22 14:00:00,587,Nilgiris,1.5,-13.03
2022-08-22 18:00:00,587,Nilgiris,2.25,-13.027
2022-08-22 19:00:00,587,Nilgiris,1.0,-13.027
2022-08-22 20:00:00,587,Nilgiris,1.0,-13.027
2022-08-23 04:00:00,587,Nilgiris,0.5,-13.023
2022-08-23 06:00:00,587,Nilgiris,1.0,-13.023
2022-08-23 07:00:00,587,Nilgiris,0.5,-13.023
2022-08-23 09:00:00,587,Nilgiris,1.0,-13.023
2022-08-24 07:00:00,587,Nilgiris,1.25,-13.021
2022-08-24 08:00:00,587,Nilgiris,1.5,-13.021
2022-08-24 23:00:00,587,Nilgiris,1.0,-13.022
2022-08-25 13:00:00,587,Nilgiris,0.5,-13.031
2022-08-25 18:00:00,587,Nilgiris,4.5,-13.029
2022-08-25 23:00:00,587,Nilgiris,0.5,-13.022
2022-08-26 02:00:00,587,Nilgiris,0.5,-13.022
2022-08-26 04:00:00,587,Nilgiris,0.5,-13.022
2022-08-26 13:00:00,587,Nilgiris,0.5,-13.034
2022-08-26 23:00:00,587,Nilgiris,1.5,-13.024
2022-08-27 00:00:00,587,Nilgiris,6.5,-13.024
2022-08-27 01:00:00,587,Nilgiris,8.0,-13.024
2022-08-27 02:00:00,587,Nilgiris,7.0,-13.024
2022-08-27 03:00:00,587,Nilgiris,4.25,-13.024
2022-08-27 04:00:00,587,Nilgiris,1.5,-13.024
2022-08-27 05:00:00,587,Nilgiris,0.5,-13.024
2022-08-27 13:00:00,587,Nilgiris,14.5,-13.026
2022-08-27 14:00:00,587,Nilgiris,2.0,-13.026
2022-08-27 19:00:00,587,Nilgiris,4.0,-13.022
2022-08-27 20:00:00,587,Nilgiris,0.5,-13.022
2022-08-27 22:00:00,587,Nilgiris,0.5,-13.017
2022-08-28 01:00:00,587,Nilgiris,0.5,-13.017
2022-08-28 19:00:00,587,Nilgiris,6.0,-13.016
2022-08-28 20:00:00,587,Nilgiris,3.0,-13.016
2022-08-28 21:00:00,587,Nilgiris,1.0,-13.016
2022-08-29 00:00:00,587,Nilgiris,0.5,-13.013
2022-08-29 01:00:00,587,Nilgiris,1.0,-13.013
2022-08-29 03:00:00,587,Nilgiris,0.5,-13.013
2022-08-29 04:00:00,587,Nilgiris,1.25,-13.011
2022-08-29 07:00:00,587,Nilgiris,0.5,-13.011
2022-08-29 08:00:00,587,Nilgiris,1.0,-13.011
2022-08-29 09:00:00,587,Nilgiris,0.5,-13.011
2022-08-29 10:00:00,587,Nilgiris,1.75,-13.016
2022-08-29 11:00:00,587,Nilgiris,9.5,-13.016
2022-08-29 12:00:00,587,Nilgiris,6.5,-13.016
2022-08-29 13:00:00,587,Nilgiris,1.25,-13.016
2022-08-29 14:00:00,587,Nilgiris,0.5,-13.016
2022-08-30 01:00:00,587,Nilgiris,0.5,-13.014
2022-08-30 02:00:00,587,Nilgiris,5.5,-13.014
2022-08-30 05:00:00,587,Nilgiris,0.5,-13.015
2022-08-30 06:00:00,587,Nilgiris,5.5,-13.015
2022-08-30 07:00:00,587,Nilgiris,7.5,-13.015
2022-08-30 08:00:00,587,Nilgiris,1.5,-13.015
2022-08-30 11:00:00,587,Nilgiris,2.0,-13.019
2022-08-30 13:00:00,587,Nilgiris,0.5,-13.019
2022-08-30 18:00:00,587,Nilgiris,0.5,-13.021
2022-08-30 22:00:00,587,Nilgiris,6.0,-13.017
2022-08-30 23:00:00,587,Nilgiris,4.0,-13.017
2022-08-31 00:00:00,587,Nilgiris,3.5,-13.017
2022-08-31 01:00:00,587,Nilgiris,3.0,-13.017
2022-08-31 02:00:00,587,Nilgiris,2.0,-13.017
2022-08-31 03:00:00,587,Nilgiris,1.5,-13.017
2022-08-31 04:00:00,587,Nilgiris,1.0,-13.017
2022-08-31 05:00:00,587,Nilgiris,1.0,-13.017
2022-08-31 06:00:00,587,Nilgiris,2.0,-13.017
2022-08-31 08:00:00,587,Nilgiris,0.5,-13.017
2022-08-31 09:00:00,587,Nilgiris,0.5,-13.017
2022-08-31 11:00:00,587,Nilgiris,0.5,-13.015
2022-08-31 12:00:00,587,Nilgiris,0.5,-13.015
2022-08-31 13:00:00,587,Nilgiris,1.5,-13.015
2022-08-31 14:00:00,587,Nilgiris,1.0,-13.015
2022-08-31 15:00:00,587,Nilgiris,0.5,-13.015
2022-08-31 16:00:00,587,Nilgiris,0.5,-13.021
2022-08-31 17:00:00,587,Nilgiris,0.5,-13.021
2022-08-31 18:00:00,587,Nilgiris,1.0,-13.021
2022-08-31 19:00:00,587,Nilgiris,22.5,-13.021
2022-08-31 20:00:00,587,Nilgiris,0.5,-13.021
2022-08-31 23:00:00,587,Nilgiris,0.5,-13.014
2022-09-01 18:00:00,587,Nilgiris,9.0,-13.016
2022-09-01 19:00:00,587,Nilgiris,3.0,-13.016
2022-09-02 02:00:00,587,Nilgiris,3.5,-13.016
2022-09-02 03:00:00,587,Nilgiris,0.5,-13.016
2022-09-02 08:00:00,587,Nilgiris,0.5,-13.015
2022-09-02 15:00:00,587,Nilgiris,0.5,-13.019
2022-09-02 16:00:00,587,Nilgiris,0.5,-13.019
2022-09-02 22:00:00,587,Nilgiris,1.5,-13.019
2022-09-03 11:00:00,587,Nilgiris,2.5,-13.037
2022-09-03 15:00:00,587,Nilgiris,4.5,-13.037
2022-09-03 16:00:00,587,Nilgiris,0.5,-13.026
2022-09-03 22:00:00,587,Nilgiris,0.5,-13.02
2022-09-04 19:00:00,587,Nilgiris,0.5,-13.029
2022-09-05 03:00:00,587,Nilgiris,8.5,-13.024
2022-09-05 04:00:00,587,Nilgiris,19.0,-13.021
2022-09-06 08:00:00,587,Nilgiris,0.5,-13.016
2022-09-06 09:00:00,587,Nilgiris,414.75,-13.016
2022-09-06 10:00:00,587,Nilgiris,448.0,-13.03
2022-09-06 17:00:00,587,Nilgiris,0.5,-13.021
2022-09-06 20:00:00,587,Nilgiris,0.5,-13.021
2022-09-07 01:00:00,587,Nilgiris,0.5,-13.014
2022-09-07 04:00:00,587,Nilgiris,0.5,-13.016
2022-09-07 14:00:00,587,Nilgiris,4.5,-13.02
2022-09-07 15:00:00,587,Nilgiris,0.5,-13.02
2022-09-07 16:00:00,587,Nilgiris,0.5,-13.02
2022-09-07 22:00:00,587,Nilgiris,0.5,-13.016
2022-09-08 03:00:00,587,Nilgiris,2.0,-13.016
2022-09-08 04:00:00,587,Nilgiris,1.5,-13.015
2022-09-08 07:00:00,587,Nilgiris,0.5,-13.015
2022-09-09 02:00:00,587,Nilgiris,0.5,-13.017
2022-09-09 04:00:00,587,Nilgiris,0.5,-13.015
2022-09-09 09:00:00,587,Nilgiris,0.5,-13.015
2022-09-09 12:00:00,587,Nilgiris,0.5,-13.022
2022-09-09 23:00:00,587,Nilgiris,0.5,-13.013
2022-09-10 12:00:00,587,Nilgiris,0.5,-13.02
2022-09-10 13:00:00,587,Nilgiris,9.5,-13.02
2022-09-10 14:00:00,587,Nilgiris,7.0,-13.02
2022-09-10 15:00:00,587,Nilgiris,6.75,-13.02
2022-09-10 16:00:00,587,Nilgiris,6.5,-13.015
2022-09-10 17:00:00,587,Nilgiris,3.0,-13.015
2022-09-10 18:00:00,587,Nilgiris,0.5,-13.015
2022-09-11 21:00:00,587,Nilgiris,0.5,-13.012
2022-09-12 04:00:00,587,Nilgiris,0.5,-13.01
2022-09-12 14:00:00,587,Nilgiris,0.5,-13.019
2022-09-12 19:00:00,587,Nilgiris,7.0,-13.012
2022-09-13 21:00:00,587,Nilgiris,1.0,-13.014
2022-09-16 19:00:00,587,Nilgiris,0.5,-13.013
2022-09-18 13:00:00,587,Nilgiris,2.5,-13.013
2022-09-18 14:00:00,587,Nilgiris,8.5,-13.013
2022-09-20 15:00:00,587,Nilgiris,0.5,-13.009
2022-09-25 22:00:00,587,Nilgiris,2.0,-13.008
2022-09-26 01:00:00,587,Nilgiris,1.0,-13.008
2022-09-26 19:00:00,587,Nilgiris,0.5,-13.012
2022-10-02 04:00:00,587,Nilgiris,0.5,-13.009
2022-10-02 17:00:00,587,Nilgiris,0.75,-13.014
2022-10-02 18:00:00,587,Nilgiris,0.5,-13.014
2022-10-02 20:00:00,587,Nilgiris,1.0,-13.014
2022-10-02 22:00:00,587,Nilgiris,1.0,-13.009
2022-10-03 01:00:00,587,Nilgiris,0.5,-13.009
2022-10-04 16:00:00,587,Nilgiris,1.0,-13.011
2022-10-04 17:00:00,587,Nilgiris,0.5,-13.011
2022-10-05 19:00:00,587,Nilgiris,0.5,-13.017
2022-10-06 14:00:00,587,Nilgiris,0.5,-13.015
2022-10-09 15:00:00,587,Nilgiris,1.0,-13.014
2022-10-10 00:00:00,587,Nilgiris,6.5,-13.009
2022-10-10 01:00:00,587,Nilgiris,4.25,-13.009
2022-10-10 02:00:00,587,Nilgiris,2.0,-13.009
2022-10-10 03:00:00,587,Nilgiris,1.0,-13.009
2022-10-10 04:00:00,587,Nilgiris,0.5,-13.009
2022-10-10 05:00:00,587,Nilgiris,0.5,-13.009
2022-10-10 06:00:00,587,Nilgiris,1.5,-13.009
2022-10-10 07:00:00,587,Nilgiris,4.0,-13.009
2022-10-10 09:00:00,587,Nilgiris,0.5,-13.009
2022-10-10 17:00:00,587,Nilgiris,0.5,-13.016
2022-10-10 20:00:00,587,Nilgiris,0.5,-13.016
2022-10-10 23:00:00,587,Nilgiris,0.5,-13.012
2022-10-11 10:00:00,587,Nilgiris,0.5,-13.011
2022-10-11 16:00:00,587,Nilgiris,0.5,-13.018
2022-10-14 05:00:00,587,Nilgiris,0.5,-13.014
2022-10-14 07:00:00,587,Nilgiris,2.0,-13.014
2022-10-14 19:00:00,587,Nilgiris,0.5,-13.022
2022-10-15 02:00:00,587,Nilgiris,1.0,-13.017
2022-10-15 03:00:00,587,Nilgiris,0.75,-13.017
2022-10-15 05:00:00,587,Nilgiris,0.5,-13.016
2022-10-15 10:00:00,587,Nilgiris,0.5,-13.028
2022-10-15 19:00:00,587,Nilgiris,0.5,-13.022
2022-10-15 21:00:00,587,Nilgiris,1.0,-13.022
2022-10-16 00:00:00,587,Nilgiris,1.0,-13.018
2022-10-16 03:00:00,587,Nilgiris,1.25,-13.018
2022-10-16 10:00:00,587,Nilgiris,0.5,-13.017
2022-10-16 16:00:00,587,Nilgiris,1.75,-13.017
2022-10-16 17:00:00,587,Nilgiris,2.75,-13.017
2022-10-16 22:00:00,587,Nilgiris,0.5,-13.013
2022-10-17 01:00:00,587,Nilgiris,0.5,-13.013
2022-10-17 03:00:00,587,Nilgiris,0.5,-13.013
2022-10-17 14:00:00,587,Nilgiris,0.5,-13.018
2022-10-17 17:00:00,587,Nilgiris,0.5,-13.02
2022-10-17 18:00:00,587,Nilgiris,9.5,-13.02
2022-10-17 19:00:00,587,Nilgiris,1.75,-13.02
2022-10-18 03:00:00,587,Nilgiris,0.75,-13.013
2022-10-18 06:00:00,587,Nilgiris,0.5,-13.013
2022-10-18 11:00:00,587,Nilgiris,0.5,-13.019
2022-10-18 12:00:00,587,Nilgiris,0.5,-13.019
2022-10-18 15:00:00,587,Nilgiris,0.5,-13.019
2022-10-18 17:00:00,587,Nilgiris,0.5,-13.019
2022-10-18 20:00:00,587,Nilgiris,0.5,-13.019
2022-10-18 22:00:00,587,Nilgiris,0.5,-13.014
2022-10-20 06:00:00,587,Nilgiris,0.5,-13.016
2022-10-20 09:00:00,587,Nilgiris,0.5,-13.016
2022-10-20 13:00:00,587,Nilgiris,0.5,-13.017
2022-10-20 16:00:00,587,Nilgiris,6.5,-13.021
2022-10-20 17:00:00,587,Nilgiris,1.25,-13.021
2022-10-20 19:00:00,587,Nilgiris,3.5,-13.021
2022-10-20 21:00:00,587,Nilgiris,0.5,-13.021
2022-10-20 22:00:00,587,Nilgiris,0.5,-13.013
2022-10-21 03:00:00,587,Nilgiris,0.75,-13.013
2022-10-21 04:00:00,587,Nilgiris,0.5,-13.011
2022-10-21 10:00:00,587,Nilgiris,0.5,-13.014
2022-10-21 14:00:00,587,Nilgiris,0.5,-13.014
2022-10-21 15:00:00,587,Nilgiris,0.5,-13.014
2022-10-21 16:00:00,587,Nilgiris,2.5,-13.015
2022-10-21 19:00:00,587,Nilgiris,1.0,-13.015
2022-10-21 21:00:00,587,Nilgiris,0.5,-13.015
2022-10-22 02:00:00,587,Nilgiris,0.5,-13.012
2022-10-22 08:00:00,587,Nilgiris,0.5,-13.013
2022-10-22 13:00:00,587,Nilgiris,0.5,-13.021
2022-10-22 17:00:00,587,Nilgiris,0.5,-13.023
2022-10-22 18:00:00,587,Nilgiris,2.0,-13.023
2022-10-29 03:00:00,587,Nilgiris,1.0,-13.015
2022-10-29 04:00:00,587,Nilgiris,0.5,-13.019
2022-10-29 17:00:00,587,Nilgiris,1.0,-13.019
2022-10-30 01:00:00,587,Nilgiris,0.5,-13.013
2022-10-30 04:00:00,587,Nilgiris,0.5,-13.013
2022-10-30 08:00:00,587,Nilgiris,0.5,-13.013
2022-10-30 10:00:00,587,Nilgiris,0.5,-13.015
2022-10-30 13:00:00,587,Nilgiris,5.5,-13.015
2022-10-30 14:00:00,587,Nilgiris,7.0,-13.015
2022-10-30 18:00:00,587,Nilgiris,0.5,-13.015
2022-10-31 02:00:00,587,Nilgiris,0.5,-13.011
2022-10-31 11:00:00,587,Nilgiris,0.5,-13.017
2022-10-31 22:00:00,587,Nilgiris,0.5,-13.011
2022-11-01 11:00:00,587,Nilgiris,0.5,-13.023
2022-11-02 18:00:00,587,Nilgiris,6.5,-13.018
2022-11-02 19:00:00,587,Nilgiris,3.0,-13.018
2022-11-03 03:00:00,587,Nilgiris,0.5,-13.015
2022-11-11 00:00:00,587,Nilgiris,0.5,-13.011
2022-11-11 05:00:00,587,Nilgiris,2.5,-13.013
2022-11-11 12:00:00,587,Nilgiris,2.5,-13.009
2022-11-11 13:00:00,587,Nilgiris,2.5,-13.009
2022-11-11 14:00:00,587,Nilgiris,1.5,-13.009
2022-11-11 16:00:00,587,Nilgiris,0.5,-13.01
2022-11-11 17:00:00,587,Nilgiris,2.0,-13.01
2022-11-11 18:00:00,587,Nilgiris,0.5,-13.01
2022-11-11 21:00:00,587,Nilgiris,2.5,-13.01
2022-11-11 22:00:00,587,Nilgiris,5.5,-13.011
2022-11-12 00:00:00,587,Nilgiris,5.5,-13.011
2022-11-12 06:00:00,587,Nilgiris,0.5,-12.587
2022-11-12 07:00:00,587,Nilgiris,0.5,-12.587
2022-11-12 14:00:00,587,Nilgiris,0.5,-12.658
2022-11-12 15:00:00,587,Nilgiris,1.0,-12.658
2022-11-12 16:00:00,587,Nilgiris,2.0,-12.843
2022-11-12 17:00:00,587,Nilgiris,1.5,-12.843
2022-11-13 00:00:00,587,Nilgiris,0.5,-12.871
2022-11-14 18:00:00,587,Nilgiris,2.0,-12.992
2022-11-14 19:00:00,587,Nilgiris,0.5,-12.992
2022-11-14 21:00:00,587,Nilgiris,1.5,-12.992
2022-11-15 01:00:00,587,Nilgiris,0.5,-12.986
2022-11-25 11:30:00,587,Nilgiris,1.0,-12.992
2022-11-25 11:35:00,587,Nilgiris,1.0,-12.992
2022-11-25 11:40:00,587,Nilgiris,1.0,-12.992
2022-11-25 11:45:00,587,Nilgiris,1.0,-12.992
2022-11-25 11:50:00,587,Nilgiris,3.5,-12.992
2022-11-25 11:55:00,587,Nilgiris,3.5,-12.992
2022-11-25 12:00:00,587,Nilgiris,3.5,-12.992
2022-11-26 19:00:00,587,Nilgiris,0.5,-12.997
2022-11-27 08:00:00,587,Nilgiris,4.5,-12.99
2022-11-27 11:00:00,587,Nilgiris,2.0,-12.993
2022-11-28 04:00:00,587,Nilgiris,6.5,-12.99
2022-11-28 11:00:00,587,Nilgiris,0.5,-12.992
2022-11-29 07:00:00,587,Nilgiris,1.5,-12.988
2022-11-29 08:00:00,587,Nilgiris,1.5,-12.988
2022-11-29 10:00:00,587,Nilgiris,3.5,-12.994
2022-11-29 11:00:00,587,Nilgiris,7.5,-12.994
2022-11-29 12:00:00,587,Nilgiris,1.0,-12.994
2022-12-01 20:00:00,587,Nilgiris,1.5,-13.0
2022-12-01 21:00:00,587,Nilgiris,1.5,-13.0
2022-12-02 06:00:00,587,Nilgiris,0.5,-12.994
2022-12-02 23:00:00,587,Nilgiris,2.0,-12.991
2022-12-03 01:00:00,587,Nilgiris,9.5,-12.991
2022-12-03 02:00:00,587,Nilgiris,1.5,-12.991
2022-12-03 05:00:00,587,Nilgiris,2.0,-12.993
2022-12-03 06:00:00,587,Nilgiris,0.5,-12.993
2022-12-07 19:00:00,587,Nilgiris,2.5,-13.004
2022-12-09 10:00:00,587,Nilgiris,0.5,-13.002
2022-12-09 18:00:00,587,Nilgiris,0.5,-13.001
2022-12-09 21:00:00,587,Nilgiris,0.5,-13.001
2022-12-09 23:00:00,587,Nilgiris,0.5,-12.999
2022-12-10 00:00:00,587,Nilgiris,0.5,-12.999
2022-12-10 14:00:00,587,Nilgiris,1.0,-13.003
2022-12-10 15:00:00,587,Nilgiris,1.0,-13.003
2022-12-10 16:00:00,587,Nilgiris,0.75,-13.006
2022-12-10 17:00:00,587,Nilgiris,2.25,-13.006
2022-12-10 18:00:00,587,Nilgiris,0.75,-13.006
2022-12-10 19:00:00,587,Nilgiris,0.5,-13.006
2022-12-10 22:00:00,587,Nilgiris,0.5,-13.004
2022-12-11 01:00:00,587,Nilgiris,0.5,-13.004
2022-12-11 03:00:00,587,Nilgiris,0.5,-13.004
2022-12-11 04:00:00,587,Nilgiris,0.5,-13.001
2022-12-11 06:00:00,587,Nilgiris,0.5,-13.001
2022-12-11 08:00:00,587,Nilgiris,0.5,-13.001
2022-12-11 13:00:00,587,Nilgiris,0.5,-13.002
2022-12-11 14:00:00,587,Nilgiris,1.5,-13.002
2022-12-11 15:00:00,587,Nilgiris,0.5,-13.002
2022-12-11 16:00:00,587,Nilgiris,2.0,-13.006
2022-12-11 17:00:00,587,Nilgiris,2.0,-13.006
2022-12-11 18:00:00,587,Nilgiris,1.0,-13.006
2022-12-12 01:00:00,587,Nilgiris,0.5,-13.001
2022-12-12 06:00:00,587,Nilgiris,1.0,-13.0
2022-12-12 07:00:00,587,Nilgiris,0.5,-13.0
2022-12-12 08:00:00,587,Nilgiris,1.0,-13.0
2022-12-12 09:00:00,587,Nilgiris,0.5,-13.0
2022-12-12 10:00:00,587,Nilgiris,4.0,-13.006
2022-12-12 18:00:00,587,Nilgiris,0.5,-13.007
2022-12-13 17:00:00,587,Nilgiris,1.0,-13.006
2022-12-13 18:00:00,587,Nilgiris,0.5,-13.006
2022-12-13 20:00:00,587,Nilgiris,0.5,-13.006
2022-12-13 21:00:00,587,Nilgiris,58.0,-13.006
2022-12-13 22:00:00,587,Nilgiris,24.25,-13.001
2022-12-13 23:00:00,587,Nilgiris,6.0,-13.001
2022-12-14 00:00:00,587,Nilgiris,1.75,-13.001
2022-12-14 01:00:00,587,Nilgiris,5.0,-13.001
2022-12-14 02:00:00,587,Nilgiris,2.5,-13.001
2022-12-14 03:00:00,587,Nilgiris,2.0,-13.001
2022-12-14 04:00:00,587,Nilgiris,3.0,-13.003
2022-12-14 05:00:00,587,Nilgiris,1.0,-13.003
2022-12-14 06:00:00,587,Nilgiris,1.0,-13.003
2022-12-14 14:00:00,587,Nilgiris,0.5,-13.001
2022-12-25 20:00:00,587,Nilgiris,1.0,-12.998
2022-12-25 21:00:00,587,Nilgiris,5.0,-12.998
2022-12-25 22:00:00,587,Nilgiris,6.0,-12.995
2022-12-25 23:00:00,587,Nilgiris,1.25,-12.995
2022-12-26 00:00:00,587,Nilgiris,3.75,-12.995
2022-12-26 01:00:00,587,Nilgiris,1.75,-12.995
2022-12-26 02:00:00,587,Nilgiris,0.5,-12.995
2022-12-26 12:00:00,587,Nilgiris,0.5,-12.998
2022-12-26 15:00:00,587,Nilgiris,0.5,-12.998
2022-12-26 19:00:00,587,Nilgiris,1.5,-12.994
2022-12-26 20:00:00,587,Nilgiris,0.5,-12.994
2022-12-26 21:00:00,587,Nilgiris,0.5,-12.994
2022-12-26 22:00:00,587,Nilgiris,0.5,-12.994
2022-12-26 23:00:00,587,Nilgiris,1.0,-12.994
2022-12-27 02:00:00,587,Nilgiris,1.0,-12.994
2022-12-27 03:00:00,587,Nilgiris,2.0,-12.994
2022-12-27 05:00:00,587,Nilgiris,0.5,-12.994
2022-12-27 07:00:00,587,Nilgiris,1.0,-12.994
2022-12-27 12:00:00,587,Nilgiris,0.5,-12.993
2022-12-27 14:00:00,587,Nilgiris,1.0,-12.993
2022-12-27 15:00:00,587,Nilgiris,0.5,-12.993
2022-12-28 00:00:00,587,Nilgiris,0.5,-12.991
2022-12-28 05:00:00,587,Nilgiris,2.0,-12.991
2022-12-28 06:00:00,587,Nilgiris,1.0,-12.991
2022-12-28 10:00:00,587,Nilgiris,0.5,-12.999
2022-12-28 14:00:00,587,Nilgiris,1.0,-12.999
2022-12-31 15:00:00,587,Nilgiris,1.0,-13.003
2023-01-17 14:00:00,587,Nilgiris,1.5,-13.028
2023-01-26 18:00:00,587,Nilgiris,1.0,-13.029
2023-02-03 14:00:00,587,Nilgiris,0.5,-13.022
2023-02-03 15:00:00,587,Nilgiris,1.5,-13.022
2023-02-03 16:00:00,587,Nilgiris,1.0,-13.026
2023-02-03 17:00:00,587,Nilgiris,0.5,-13.026
2023-02-03 22:00:00,587,Nilgiris,0.5,-13.026
2023-02-03 23:00:00,587,Nilgiris,1.5,-13.026
2023-02-04 00:00:00,587,Nilgiris,1.0,-13.026
2023-02-04 03:00:00,587,Nilgiris,0.5,-13.026
2023-02-05 13:00:00,587,Nilgiris,1.0,-13.05
2023-02-11 10:00:00,587,Nilgiris,0.5,-13.043
2023-02-11 14:00:00,587,Nilgiris,8.0,-13.043
2023-02-16 21:00:00,587,Nilgiris,2.0,-13.041
2023-02-18 22:00:00,587,Nilgiris,1.0,-13.036
2023-02-21 19:00:00,587,Nilgiris,9.0,-13.044
2023-02-25 15:00:00,587,Nilgiris,0.5,-13.06
2023-02-28 20:00:00,587,Nilgiris,1.5,-13.043
2023-03-01 11:00:00,587,Nilgiris,0.5,-13.043
2023-03-01 18:00:00,587,Nilgiris,3.5,-13.042
2023-03-01 19:00:00,587,Nilgiris,2.0,-13.042
2023-03-03 19:00:00,587,Nilgiris,0.5,-13.05
2023-03-05 20:00:00,587,Nilgiris,2.0,-13.049
2023-03-10 18:00:00,587,Nilgiris,0.5,-13.045
2023-03-12 11:00:00,587,Nilgiris,0.5,-13.068
2023-03-13 14:00:00,587,Nilgiris,4.5,-13.072
2023-03-15 19:00:00,587,Nilgiris,2.0,-13.071
2023-03-16 06:00:00,587,Nilgiris,0.5,-13.071
2023-03-16 12:00:00,587,Nilgiris,0.5,-13.054
2023-03-17 14:00:00,587,Nilgiris,7.5,-13.08
2023-03-17 15:00:00,587,Nilgiris,102.5,-13.08
2023-03-17 16:00:00,587,Nilgiris,2.0,-13.06
2023-03-17 17:00:00,587,Nilgiris,1.5,-13.06
2023-03-17 18:00:00,587,Nilgiris,1.0,-13.06
2023-03-17 19:00:00,587,Nilgiris,0.5,-13.06
2023-03-18 01:00:00,587,Nilgiris,1.0,-13.055
2023-03-18 02:00:00,587,Nilgiris,20.0,-13.055
2023-03-18 08:00:00,587,Nilgiris,61.5,-13.059
2023-03-18 09:00:00,587,Nilgiris,20.5,-13.059
2023-03-18 12:00:00,587,Nilgiris,0.5,-13.077
2023-03-21 16:00:00,587,Nilgiris,1.5,-13.077
2023-03-26 12:00:00,587,Nilgiris,1.5,-13.095
2023-03-26 17:00:00,587,Nilgiris,0.5,-13.082
2023-03-26 18:00:00,587,Nilgiris,0.5,-13.082
2023-03-26 22:00:00,587,Nilgiris,0.5,-13.078
2023-03-26 23:00:00,587,Nilgiris,3.5,-13.078
2023-03-27 00:00:00,587,Nilgiris,11.0,-13.078
2023-03-27 14:00:00,587,Nilgiris,1.5,-13.084
2023-03-28 23:00:00,587,Nilgiris,9.0,-13.082
2023-03-29 09:00:00,587,Nilgiris,3.0,-13.078
2023-03-29 13:00:00,587,Nilgiris,1.5,-13.096
2023-03-29 14:00:00,587,Nilgiris,7.5,-13.096
2023-03-29 15:00:00,587,Nilgiris,42.0,-13.096
2023-03-29 16:00:00,587,Nilgiris,7.25,-13.083
2023-03-29 17:00:00,587,Nilgiris,1.25,-13.083
2023-03-30 08:00:00,587,Nilgiris,1.5,-13.074
2023-03-30 11:00:00,587,Nilgiris,7.5,-13.09
2023-03-30 12:00:00,587,Nilgiris,7.5,-13.09
2023-03-30 13:00:00,587,Nilgiris,13.0,-13.09
2023-03-30 14:00:00,587,Nilgiris,5.0,-13.09
2023-03-30 15:00:00,587,Nilgiris,2.0,-13.09
2023-03-30 16:00:00,587,Nilgiris,2.0,-13.09
2023-03-30 17:00:00,587,Nilgiris,21.0,-13.09
2023-03-30 18:00:00,587,Nilgiris,29.0,-13.09
2023-03-30 19:00:00,587,Nilgiris,17.5,-13.09
2023-03-30 22:00:00,587,Nilgiris,2.0,-13.09
2023-03-30 23:00:00,587,Nilgiris,5.0,-13.09
2023-03-31 00:00:00,587,Nilgiris,2.5,-13.09
2023-03-31 01:00:00,587,Nilgiris,14.0,-13.09
2023-03-31 02:00:00,587,Nilgiris,12.5,-13.09
2023-03-31 03:00:00,587,Nilgiris,7.5,-13.09
2023-03-31 04:00:00,587,Nilgiris,0.5,-13.087
2023-03-31 08:00:00,587,Nilgiris,4.25,-13.087
2023-03-31 09:00:00,587,Nilgiris,44.0,-13.087
2023-03-31 10:00:00,587,Nilgiris,315.5,-13.087
2023-03-31 11:00:00,587,Nilgiris,136.5,-13.087
2023-03-31 12:00:00,587,Nilgiris,25.0,-13.087
2023-03-31 13:00:00,587,Nilgiris,43.0,-13.087
2023-03-31 14:00:00,587,Nilgiris,25.5,-13.087
2023-03-31 15:00:00,587,Nilgiris,10.5,-13.087
2023-03-31 16:00:00,587,Nilgiris,3.5,-13.087
2023-03-31 19:00:00,587,Nilgiris,12.0,-13.087
2023-03-31 20:00:00,587,Nilgiris,1.0,-13.087
2023-03-31 21:00:00,587,Nilgiris,44.5,-13.087
2023-03-31 22:00:00,587,Nilgiris,0.5,-13.078
2023-04-01 12:00:00,587,Nilgiris,89.5,-13.092
2023-04-01 13:00:00,587,Nilgiris,7.0,-13.092
2023-04-01 14:00:00,587,Nilgiris,8.0,-13.092
2023-04-01 15:00:00,587,Nilgiris,3.5,-13.092
2023-04-01 16:00:00,587,Nilgiris,0.5,-13.087
2023-04-01 17:00:00,587,Nilgiris,0.5,-13.087
2023-04-01 20:00:00,587,Nilgiris,0.5,-13.087
2023-04-01 22:00:00,587,Nilgiris,4.0,-13.08
2023-04-02 00:00:00,587,Nilgiris,4.5,-13.08
2023-04-02 09:00:00,587,Nilgiris,3.5,-13.08
2023-04-02 22:00:00,587,Nilgiris,2.5,-13.082
2023-04-03 22:00:00,587,Nilgiris,0.5,-13.084
2023-04-04 07:00:00,587,Nilgiris,9.0,-13.082
2023-04-04 09:00:00,587,Nilgiris,2.0,-13.082
2023-04-04 10:00:00,587,Nilgiris,1.0,-13.089
2023-04-04 23:00:00,587,Nilgiris,2.0,-13.082
2023-04-05 03:00:00,587,Nilgiris,1.0,-13.082
2023-04-05 06:00:00,587,Nilgiris,0.5,-13.08
2023-04-05 11:00:00,587,Nilgiris,1.0,-13.103
2023-04-05 12:00:00,587,Nilgiris,0.5,-13.103
2023-04-05 21:00:00,587,Nilgiris,55.0,-13.088
2023-04-05 22:00:00,587,Nilgiris,373.5,-13.084
2023-04-05 23:00:00,587,Nilgiris,241.5,-13.084
2023-04-06 14:00:00,587,Nilgiris,2.0,-13.097
2023-04-06 16:00:00,587,Nilgiris,2.0,-13.088
2023-04-07 04:00:00,587,Nilgiris,1.0,-13.082
2023-04-07 06:00:00,587,Nilgiris,0.5,-13.082
2023-04-07 20:00:00,587,Nilgiris,5.5,-13.085
2023-04-22 15:00:00,587,Nilgiris,0.5,-13.087
2023-04-23 17:00:00,587,Nilgiris,0.5,-13.076
2023-04-24 21:00:00,587,Nilgiris,4.5,-13.077
2023-04-24 22:00:00,587,Nilgiris,1.5,-13.077
2023-04-24 23:00:00,587,Nilgiris,30.0,-13.077
2023-04-25 01:00:00,587,Nilgiris,2.5,-13.077
2023-04-25 07:00:00,587,Nilgiris,0.5,-13.078
2023-04-25 13:00:00,587,Nilgiris,0.5,-13.079
2023-04-25 14:00:00,587,Nilgiris,0.5,-13.079
2023-04-28 00:00:00,587,Nilgiris,1.5,-13.077
2023-04-29 02:00:00,587,Nilgiris,1.5,-13.074
2023-04-29 10:00:00,587,Nilgiris,0.5,-13.08
2023-04-29 22:00:00,587,Nilgiris,1.5,-13.077
2023-04-30 10:00:00,587,Nilgiris,0.5,-13.082
2023-04-30 13:00:00,587,Nilgiris,1.0,-13.082
2023-04-30 14:00:00,587,Nilgiris,7.5,-13.082
2023-04-30 15:00:00,587,Nilgiris,9.0,-13.082
2023-05-01 00:00:00,587,Nilgiris,16.5,-13.078
2023-05-01 01:00:00,587,Nilgiris,4.0,-13.078
2023-05-01 08:00:00,587,Nilgiris,0.5,-13.081
2023-05-01 16:00:00,587,Nilgiris,0.5,-13.08
2023-05-01 17:00:00,587,Nilgiris,2.0,-13.08
2023-05-01 19:00:00,587,Nilgiris,7.0,-13.08
2023-05-01 21:00:00,587,Nilgiris,0.5,-13.08
2023-05-01 22:00:00,587,Nilgiris,1.0,-13.065
2023-05-01 23:00:00,587,Nilgiris,0.5,-13.065
2023-05-02 09:00:00,587,Nilgiris,0.5,-13.054
2023-05-02 13:00:00,587,Nilgiris,1.0,-13.065
2023-05-02 22:00:00,587,Nilgiris,3.5,-13.042
2023-05-02 23:00:00,587,Nilgiris,2.5,-13.042
2023-05-03 00:00:00,587,Nilgiris,1.0,-13.042
2023-05-03 02:00:00,587,Nilgiris,2.0,-13.042
2023-05-03 03:00:00,587,Nilgiris,1.5,-13.042
2023-05-03 04:00:00,587,Nilgiris,1.5,-13.04
2023-05-05 15:00:00,587,Nilgiris,0.5,-13.065
2023-05-06 15:00:00,587,Nilgiris,9.0,-13.066
2023-05-06 16:00:00,587,Nilgiris,0.5,-13.058
2023-05-06 22:00:00,587,Nilgiris,1.0,-13.058
2023-05-06 23:00:00,587,Nilgiris,2.25,-13.058
2023-05-07 00:00:00,587,Nilgiris,2.0,-13.058
2023-05-07 01:00:00,587,Nilgiris,1.0,-13.058
2023-05-07 02:00:00,587,Nilgiris,0.5,-13.058
2023-05-07 04:00:00,587,Nilgiris,0.5,-13.059
2023-05-07 09:00:00,587,Nilgiris,0.5,-13.059
2023-05-08 17:00:00,587,Nilgiris,0.5,-13.064
2023-05-09 00:00:00,587,Nilgiris,0.5,-13.058
2023-05-09 01:00:00,587,Nilgiris,3.5,-13.058
2023-05-09 02:00:00,587,Nilgiris,1.0,-13.058
2023-05-09 03:00:00,587,Nilgiris,1.0,-13.058
2023-05-09 04:00:00,587,Nilgiris,0.5,-13.061
2023-05-09 14:00:00,587,Nilgiris,0.5,-13.073
2023-05-09 15:00:00,587,Nilgiris,5.5,-13.073
2023-05-09 16:00:00,587,Nilgiris,1.0,-13.061
2023-05-09 18:00:00,587,Nilgiris,0.5,-13.061
2023-05-09 22:00:00,587,Nilgiris,3.0,-13.058
2023-05-09 23:00:00,587,Nilgiris,15.0,-13.058
2023-05-10 01:00:00,587,Nilgiris,1.0,-13.058
2023-05-10 18:00:00,587,Nilgiris,1.0,-13.065
2023-05-10 19:00:00,587,Nilgiris,3.0,-13.065
2023-05-10 21:00:00,587,Nilgiris,0.5,-13.065
2023-05-11 20:00:00,587,Nilgiris,16.5,-13.061
2023-05-11 21:00:00,587,Nilgiris,1.25,-13.061
2023-06-02 15:00:00,587,Nilgiris,0.5,-13.08
2023-06-04 13:00:00,587,Nilgiris,0.5,-13.082
2023-06-05 13:00:00,587,Nilgiris,0.5,-13.082
2023-06-05 18:00:00,587,Nilgiris,0.5,-13.068
2023-06-06 16:00:00,587,Nilgiris,2.0,-13.073
2023-06-07 14:00:00,587,Nilgiris,0.5,-13.09
2023-06-10 13:00:00,587,Nilgiris,1.0,-13.097
2023-06-10 20:00:00,587,Nilgiris,0.5,-13.078
2023-06-11 14:00:00,587,Nilgiris,1.0,-13.095
2023-06-11 15:00:00,587,Nilgiris,1.0,-13.095
2023-06-12 03:00:00,587,Nilgiris,0.5,-13.078
2023-06-12 05:00:00,587,Nilgiris,0.5,-13.079
2023-06-12 06:00:00,587,Nilgiris,0.5,-13.079
2023-06-12 13:00:00,587,Nilgiris,1.0,-13.092
2023-06-12 16:00:00,587,Nilgiris,7.0,-13.079
2023-06-12 17:00:00,587,Nilgiris,1.0,-13.079
2023-06-12 18:00:00,587,Nilgiris,2.0,-13.079
2023-06-13 15:00:00,587,Nilgiris,0.5,-13.09
2023-06-13 16:00:00,587,Nilgiris,0.5,-13.076
2023-06-13 17:00:00,587,Nilgiris,2.0,-13.076
2023-06-14 01:00:00,587,Nilgiris,0.5,-13.074
2023-06-14 15:00:00,587,Nilgiris,0.5,-13.089
2023-06-15 13:00:00,587,Nilgiris,1.0,-13.085
2023-06-15 16:00:00,587,Nilgiris,0.5,-13.074
2023-06-16 15:00:00,587,Nilgiris,0.5,-13.08
2023-06-18 18:00:00,587,Nilgiris,0.5,-13.06
2023-06-18 20:00:00,587,Nilgiris,0.5,-13.06
2023-06-20 04:00:00,587,Nilgiris,0.5,-13.055
2023-06-20 13:00:00,587,Nilgiris,0.5,-13.062
2023-06-20 17:00:00,587,Nilgiris,1.5,-13.065
2023-06-20 18:00:00,587,Nilgiris,1.5,-13.065
2023-06-21 00:00:00,587,Nilgiris,0.5,-13.056
2023-06-22 19:00:00,587,Nilgiris,0.5,-13.06
2023-06-22 22:00:00,587,Nilgiris,0.5,-13.053
2023-06-22 23:00:00,587,Nilgiris,0.5,-13.053
2023-06-23 18:00:00,587,Nilgiris,0.5,-13.059
2023-06-23 19:00:00,587,Nilgiris,0.5,-13.059
2023-06-24 19:00:00,587,Nilgiris,0.5,-13.058
2023-06-25 15:00:00,587,Nilgiris,1.5,-13.076
2023-06-25 16:00:00,587,Nilgiris,1.5,-13.058
2023-06-25 17:00:00,587,Nilgiris,0.5,-13.058
2023-06-26 02:00:00,587,Nilgiris,0.5,-13.05
2023-06-26 18:00:00,587,Nilgiris,4.0,-13.057
2023-06-26 19:00:00,587,Nilgiris,4.0,-13.057
2023-06-26 20:00:00,587,Nilgiris,1.5,-13.057
2023-06-27 00:00:00,587,Nilgiris,0.5,-13.05
2023-06-27 18:00:00,587,Nilgiris,0.5,-13.052
2023-06-27 19:00:00,587,Nilgiris,2.5,-13.052
2023-06-27 20:00:00,587,Nilgiris,0.5,-13.052
2023-06-29 08:00:00,587,Nilgiris,0.5,-13.05
2023-06-29 09:00:00,587,Nilgiris,3.0,-13.05
2023-06-29 10:00:00,587,Nilgiris,0.5,-13.055
2023-06-29 11:00:00,587,Nilgiris,6.5,-13.055
2023-06-29 12:00:00,587,Nilgiris,2.5,-13.055
2023-06-29 13:00:00,587,Nilgiris,3.5,-13.055
2023-06-29 14:00:00,587,Nilgiris,2.0,-13.055
2023-06-30 18:00:00,587,Nilgiris,1.0,-13.057
2023-07-01 15:00:00,587,Nilgiris,1.0,-13.067
2023-07-01 17:00:00,587,Nilgiris,1.0,-13.059
2023-07-01 18:00:00,587,Nilgiris,2.0,-13.059
2023-07-01 19:00:00,587,Nilgiris,0.5,-13.059
2023-07-01 20:00:00,587,Nilgiris,3.5,-13.059
2023-07-02 02:00:00,587,Nilgiris,0.5,-13.05
2023-07-02 14:00:00,587,Nilgiris,1.0,-13.071
2023-07-02 15:00:00,587,Nilgiris,22.0,-13.071
2023-07-02 16:00:00,587,Nilgiris,3.5,-13.056
2023-07-02 22:00:00,587,Nilgiris,2.5,-13.049
2023-07-02 23:00:00,587,Nilgiris,10.5,-13.049
2023-07-03 03:00:00,587,Nilgiris,1.0,-13.049
2023-07-03 16:00:00,587,Nilgiris,5.0,-13.056
2023-07-03 17:00:00,587,Nilgiris,9.0,-13.056
2023-07-03 18:00:00,587,Nilgiris,1.0,-13.056
2023-07-03 19:00:00,587,Nilgiris,3.0,-13.056
2023-07-04 14:00:00,587,Nilgiris,0.5,-13.058
2023-07-04 15:00:00,587,Nilgiris,1.5,-13.058
2023-07-04 16:00:00,587,Nilgiris,1.5,-13.058
2023-07-04 17:00:00,587,Nilgiris,2.0,-13.058
2023-07-04 18:00:00,587,Nilgiris,1.5,-13.058
2023-07-04 21:00:00,587,Nilgiris,0.5,-13.058
2023-07-05 00:00:00,587,Nilgiris,0.5,-13.057
2023-07-05 03:00:00,587,Nilgiris,3.0,-13.057
2023-07-05 04:00:00,587,Nilgiris,0.5,-13.054
2023-07-05 05:00:00,587,Nilgiris,0.5,-13.054
2023-07-05 06:00:00,587,Nilgiris,0.5,-13.054
2023-07-05 08:00:00,587,Nilgiris,0.5,-13.054
2023-07-05 09:00:00,587,Nilgiris,1.0,-13.054
2023-07-05 10:00:00,587,Nilgiris,0.75,-13.059
2023-07-05 11:00:00,587,Nilgiris,2.0,-13.059
2023-07-05 14:00:00,587,Nilgiris,0.5,-13.059
2023-07-05 15:00:00,587,Nilgiris,8.5,-13.059
2023-07-05 16:00:00,587,Nilgiris,1.5,-13.059
2023-07-05 17:00:00,587,Nilgiris,3.0,-13.059
2023-07-05 18:00:00,587,Nilgiris,2.0,-13.059
2023-07-05 19:00:00,587,Nilgiris,0.5,-13.059
2023-07-05 20:00:00,587,Nilgiris,1.5,-13.059
2023-07-05 21:00:00,587,Nilgiris,0.5,-13.059
2023-07-05 22:00:00,587,Nilgiris,1.0,-13.051
2023-07-05 23:00:00,587,Nilgiris,0.5,-13.051
2023-07-06 00:00:00,587,Nilgiris,0.5,-13.051
2023-07-06 01:00:00,587,Nilgiris,0.5,-13.051
2023-07-06 02:00:00,587,Nilgiris,1.0,-13.051
2023-07-06 03:00:00,587,Nilgiris,2.0,-13.051
2023-07-06 04:00:00,587,Nilgiris,2.0,-13.055
2023-07-06 05:00:00,587,Nilgiris,0.5,-13.055
2023-07-06 06:00:00,587,Nilgiris,2.0,-13.055
2023-07-06 07:00:00,587,Nilgiris,4.0,-13.055
2023-07-06 08:00:00,587,Nilgiris,1.0,-13.055
2023-07-06 09:00:00,587,Nilgiris,4.5,-13.055
2023-07-06 10:00:00,587,Nilgiris,5.0,-13.052
2023-07-06 11:00:00,587,Nilgiris,1.5,-13.052
2023-07-06 12:00:00,587,Nilgiris,1.0,-13.052
2023-07-06 13:00:00,587,Nilgiris,0.5,-13.052
2023-07-06 14:00:00,587,Nilgiris,0.5,-13.052
2023-07-06 16:00:00,587,Nilgiris,0.5,-13.055
2023-07-06 17:00:00,587,Nilgiris,0.5,-13.055
2023-07-06 18:00:00,587,Nilgiris,1.5,-13.055
2023-07-06 19:00:00,587,Nilgiris,1.0,-13.055
2023-07-06 22:00:00,587,Nilgiris,0.5,-13.055
2023-07-06 23:00:00,587,Nilgiris,0.5,-13.055
2023-07-07 00:00:00,587,Nilgiris,3.0,-13.055
2023-07-07 01:00:00,587,Nilgiris,2.5,-13.055
2023-07-07 02:00:00,587,Nilgiris,1.0,-13.055
2023-07-07 03:00:00,587,Nilgiris,1.5,-13.055
2023-07-07 04:00:00,587,Nilgiris,1.0,-13.052
2023-07-07 07:00:00,587,Nilgiris,1.5,-13.052
2023-07-07 08:00:00,587,Nilgiris,1.0,-13.052
2023-07-07 09:00:00,587,Nilgiris,0.5,-13.052
2023-07-07 12:00:00,587,Nilgiris,0.5,-13.062
2023-07-07 14:00:00,587,Nilgiris,9.0,-13.062
2023-07-07 15:00:00,587,Nilgiris,2.5,-13.062
2023-07-07 18:00:00,587,Nilgiris,3.0,-13.059
2023-07-07 19:00:00,587,Nilgiris,2.75,-13.059
2023-07-07 21:00:00,587,Nilgiris,1.5,-13.059
2023-07-07 22:00:00,587,Nilgiris,4.5,-13.054
2023-07-07 23:00:00,587,Nilgiris,2.0,-13.054
2023-07-08 00:00:00,587,Nilgiris,4.0,-13.054
2023-07-08 01:00:00,587,Nilgiris,0.5,-13.054
2023-07-08 04:00:00,587,Nilgiris,1.0,-13.055
2023-07-08 05:00:00,587,Nilgiris,3.5,-13.055
2023-07-08 06:00:00,587,Nilgiris,0.5,-13.055
2023-07-08 07:00:00,587,Nilgiris,1.5,-13.055
2023-07-08 08:00:00,587,Nilgiris,6.5,-13.055
2023-07-08 09:00:00,587,Nilgiris,1.0,-13.055
2023-07-08 10:00:00,587,Nilgiris,0.5,-13.06
2023-07-08 11:00:00,587,Nilgiris,0.5,-13.06
2023-07-08 12:00:00,587,Nilgiris,3.5,-13.06
2023-07-08 13:00:00,587,Nilgiris,0.5,-13.06
2023-07-08 15:00:00,587,Nilgiris,0.5,-13.06
2023-07-08 17:00:00,587,Nilgiris,0.5,-13.058
2023-07-08 18:00:00,587,Nilgiris,0.5,-13.058
2023-07-08 23:00:00,587,Nilgiris,0.5,-13.055
2023-07-10 04:00:00,587,Nilgiris,3.0,-13.058
2023-07-10 05:00:00,587,Nilgiris,0.75,-13.058
2023-07-10 18:00:00,587,Nilgiris,0.5,-13.065
2023-07-11 14:00:00,587,Nilgiris,2.0,-13.066
2023-07-11 15:00:00,587,Nilgiris,1.0,-13.066
2023-07-11 16:00:00,587,Nilgiris,1.0,-13.061
2023-07-11 17:00:00,587,Nilgiris,6.0,-13.061
2023-07-11 18:00:00,587,Nilgiris,0.5,-13.061
2023-07-12 18:00:00,587,Nilgiris,0.5,-13.06
2023-07-12 19:00:00,587,Nilgiris,7.5,-13.06
2023-07-12 20:00:00,587,Nilgiris,4.0,-13.06
2023-07-12 23:00:00,587,Nilgiris,0.5,-13.055
2023-07-13 15:00:00,587,Nilgiris,5.5,-13.063
2023-07-13 16:00:00,587,Nilgiris,0.5,-13.063
2023-07-14 14:00:00,587,Nilgiris,1.0,-13.072
2023-07-14 17:00:00,587,Nilgiris,5.0,-13.064
2023-07-15 17:00:00,587,Nilgiris,0.5,-13.062
2023-07-16 14:00:00,587,Nilgiris,4.5,-13.071
2023-07-16 20:00:00,587,Nilgiris,7.5,-13.061
2023-07-16 21:00:00,587,Nilgiris,8.0,-13.061
2023-07-17 17:00:00,587,Nilgiris,13.5,-13.064
2023-07-17 19:00:00,587,Nilgiris,1.0,-13.064
2023-07-18 09:00:00,587,Nilgiris,3.5,-13.056
2023-07-18 10:00:00,587,Nilgiris,6.0,-13.083
2023-07-18 11:00:00,587,Nilgiris,2.0,-13.083
2023-07-18 12:00:00,587,Nilgiris,0.5,-13.083
2023-07-18 14:00:00,587,Nilgiris,3.0,-13.083
2023-07-18 16:00:00,587,Nilgiris,2.0,-13.064
2023-07-18 17:00:00,587,Nilgiris,0.5,-13.064
2023-07-18 20:00:00,587,Nilgiris,2.0,-13.064
2023-07-18 21:00:00,587,Nilgiris,0.5,-13.064
2023-07-18 22:00:00,587,Nilgiris,1.5,-13.058
2023-07-18 23:00:00,587,Nilgiris,2.0,-13.058
2023-07-19 00:00:00,587,Nilgiris,5.0,-13.058
2023-07-19 01:00:00,587,Nilgiris,4.5,-13.058
2023-07-19 04:00:00,587,Nilgiris,0.5,-13.061
2023-07-19 07:00:00,587,Nilgiris,2.0,-13.061
2023-07-19 08:00:00,587,Nilgiris,0.5,-13.061
2023-07-19 09:00:00,587,Nilgiris,1.5,-13.061
2023-07-19 10:00:00,587,Nilgiris,0.5,-13.075
2023-07-19 11:00:00,587,Nilgiris,0.5,-13.075
2023-07-19 12:00:00,587,Nilgiris,1.5,-13.075
2023-07-19 17:00:00,587,Nilgiris,6.0,-13.066
2023-07-19 19:00:00,587,Nilgiris,2.5,-13.066
2023-07-19 20:00:00,587,Nilgiris,0.5,-13.066
2023-07-19 21:00:00,587,Nilgiris,0.5,-13.066
2023-07-20 00:00:00,587,Nilgiris,3.0,-13.062
2023-07-20 01:00:00,587,Nilgiris,8.5,-13.062
2023-07-20 02:00:00,587,Nilgiris,1.0,-13.062
2023-07-20 03:00:00,587,Nilgiris,3.0,-13.062
2023-07-20 05:00:00,587,Nilgiris,0.5,-13.064
2023-07-20 08:00:00,587,Nilgiris,0.5,-13.064
2023-07-20 09:00:00,587,Nilgiris,3.0,-13.064
2023-07-20 10:00:00,587,Nilgiris,0.5,-13.069
2023-07-20 11:00:00,587,Nilgiris,2.0,-13.069
2023-07-20 12:00:00,587,Nilgiris,17.0,-13.069
2023-07-20 13:00:00,587,Nilgiris,3.0,-13.069
2023-07-20 14:00:00,587,Nilgiris,4.5,-13.069
2023-07-20 17:00:00,587,Nilgiris,2.0,-13.066
2023-07-21 05:00:00,587,Nilgiris,1.0,-13.064
2023-07-21 06:00:00,587,Nilgiris,0.5,-13.064
2023-07-21 07:00:00,587,Nilgiris,0.5,-13.064
2023-07-21 10:00:00,587,Nilgiris,1.5,-13.078
2023-07-21 12:00:00,587,Nilgiris,1.0,-13.078
2023-07-21 13:00:00,587,Nilgiris,0.5,-13.078
2023-07-21 15:00:00,587,Nilgiris,9.0,-13.078
2023-07-21 17:00:00,587,Nilgiris,3.0,-13.069
2023-07-21 18:00:00,587,Nilgiris,0.5,-13.069
2023-07-21 19:00:00,587,Nilgiris,1.0,-13.069
2023-07-21 22:00:00,587,Nilgiris,1.0,-13.064
2023-07-22 00:00:00,587,Nilgiris,0.5,-13.064
2023-07-22 01:00:00,587,Nilgiris,1.5,-13.064
2023-07-22 03:00:00,587,Nilgiris,2.5,-13.064
2023-07-22 04:00:00,587,Nilgiris,0.5,-13.062
2023-07-22 05:00:00,587,Nilgiris,0.5,-13.062
2023-07-22 06:00:00,587,Nilgiris,0.5,-13.062
2023-07-22 08:00:00,587,Nilgiris,5.5,-13.062
2023-07-22 09:00:00,587,Nilgiris,3.5,-13.062
2023-07-22 10:00:00,587,Nilgiris,2.0,-13.074
2023-07-22 11:00:00,587,Nilgiris,1.5,-13.074
2023-07-22 12:00:00,587,Nilgiris,0.5,-13.074
2023-07-22 13:00:00,587,Nilgiris,10.0,-13.074
2023-07-22 14:00:00,587,Nilgiris,1.0,-13.074
2023-07-22 15:00:00,587,Nilgiris,0.5,-13.074
2023-07-22 16:00:00,587,Nilgiris,5.0,-13.071
2023-07-22 18:00:00,587,Nilgiris,144.5,-13.071
2023-07-22 19:00:00,587,Nilgiris,13.0,-13.071
2023-07-22 20:00:00,587,Nilgiris,1.5,-13.071
2023-07-22 21:00:00,587,Nilgiris,0.5,-13.071
2023-07-22 22:00:00,587,Nilgiris,2.0,-13.069
2023-07-22 23:00:00,587,Nilgiris,2.0,-13.069
2023-07-23 00:00:00,587,Nilgiris,5.5,-13.069
2023-07-23 02:00:00,587,Nilgiris,3.0,-13.069
2023-07-23 03:00:00,587,Nilgiris,0.5,-13.069
2023-07-23 06:00:00,587,Nilgiris,4.0,-13.065
2023-07-23 07:00:00,587,Nilgiris,2.0,-13.065
2023-07-23 11:00:00,587,Nilgiris,3.0,-13.081
2023-07-23 12:00:00,587,Nilgiris,0.5,-13.081
2023-07-23 13:00:00,587,Nilgiris,1.0,-13.081
2023-07-23 17:00:00,587,Nilgiris,0.5,-13.074
2023-07-23 19:00:00,587,Nilgiris,5.0,-13.074
2023-07-23 20:00:00,587,Nilgiris,46.75,-13.074
2023-07-23 21:00:00,587,Nilgiris,17.5,-13.074
2023-07-23 22:00:00,587,Nilgiris,1.5,-13.072
2023-07-23 23:00:00,587,Nilgiris,0.5,-13.072
2023-07-24 00:00:00,587,Nilgiris,0.5,-13.072
2023-07-24 01:00:00,587,Nilgiris,2.5,-13.072
2023-07-24 02:00:00,587,Nilgiris,0.5,-13.072
2023-07-24 03:00:00,587,Nilgiris,2.0,-13.072
2023-07-24 04:00:00,587,Nilgiris,3.0,-13.07
2023-07-24 06:00:00,587,Nilgiris,0.5,-13.07
2023-07-24 07:00:00,587,Nilgiris,0.5,-13.07
2023-07-24 08:00:00,587,Nilgiris,2.0,-13.07
2023-07-24 09:00:00,587,Nilgiris,4.5,-13.07
2023-07-24 11:00:00,587,Nilgiris,0.5,-13.074
2023-07-24 12:00:00,587,Nilgiris,3.5,-13.074
2023-07-24 14:00:00,587,Nilgiris,0.75,-13.074
2023-07-24 16:00:00,587,Nilgiris,6.0,-13.076
2023-07-24 17:00:00,587,Nilgiris,1.25,-13.076
2023-07-24 18:00:00,587,Nilgiris,4.5,-13.076
2023-07-24 19:00:00,587,Nilgiris,4.5,-13.076
2023-07-24 20:00:00,587,Nilgiris,3.0,-13.076
2023-07-24 22:00:00,587,Nilgiris,0.5,-13.072
2023-07-25 03:00:00,587,Nilgiris,0.5,-13.072
2023-07-25 04:00:00,587,Nilgiris,0.5,-13.073
2023-07-25 07:00:00,587,Nilgiris,0.5,-13.073
2023-07-25 08:00:00,587,Nilgiris,0.5,-13.073
2023-07-25 09:00:00,587,Nilgiris,1.0,-13.073
2023-07-25 11:00:00,587,Nilgiris,2.0,-13.082
2023-07-25 12:00:00,587,Nilgiris,3.0,-13.082
2023-07-25 13:00:00,587,Nilgiris,3.0,-13.082
2023-07-25 16:00:00,587,Nilgiris,3.0,-13.08
2023-07-25 17:00:00,587,Nilgiris,1.25,-13.08
2023-07-25 18:00:00,587,Nilgiris,3.0,-13.08
2023-07-25 23:00:00,587,Nilgiris,3.0,-13.075
2023-07-26 00:00:00,587,Nilgiris,0.5,-13.075
2023-07-26 01:00:00,587,Nilgiris,0.5,-13.075
2023-07-26 04:00:00,587,Nilgiris,1.0,-13.075
2023-07-26 06:00:00,587,Nilgiris,0.5,-13.075
2023-07-26 07:00:00,587,Nilgiris,1.5,-13.075
2023-07-26 12:00:00,587,Nilgiris,1.0,-13.083
2023-07-26 17:00:00,587,Nilgiris,2.0,-13.083
2023-07-26 18:00:00,587,Nilgiris,3.0,-13.083
2023-07-27 07:00:00,587,Nilgiris,1.5,-13.079
2023-07-27 08:00:00,587,Nilgiris,2.5,-13.079
2023-07-27 10:00:00,587,Nilgiris,1.0,-13.092
2023-07-27 16:00:00,587,Nilgiris,1.5,-13.087
2023-07-27 17:00:00,587,Nilgiris,6.5,-13.087
2023-07-28 14:00:00,587,Nilgiris,263.0,-13.106
2023-07-28 15:00:00,587,Nilgiris,40.5,-13.106
2023-07-28 16:00:00,587,Nilgiris,894.5,-13.095
2023-07-28 17:00:00,587,Nilgiris,288.5,-13.095
2023-07-28 18:00:00,587,Nilgiris,86.0,-13.095
2023-07-28 19:00:00,587,Nilgiris,21.0,-13.095
2023-07-28 20:00:00,587,Nilgiris,34.5,-13.095
2023-07-28 21:00:00,587,Nilgiris,430.5,-13.095
2023-07-29 16:00:00,587,Nilgiris,1.5,-13.099
2023-07-29 17:00:00,587,Nilgiris,24.5,-13.099
2023-07-29 23:00:00,587,Nilgiris,26.5,-13.093
2023-07-30 03:00:00,587,Nilgiris,417.5,-13.093
2023-07-30 18:00:00,587,Nilgiris,3.0,-13.101
2023-07-31 18:00:00,587,Nilgiris,11.5,-13.11
2023-07-31 19:00:00,587,Nilgiris,1.5,-13.11
2023-08-01 03:00:00,587,Nilgiris,0.5,-13.098
2023-08-01 05:00:00,587,Nilgiris,0.5,-13.098
2023-08-01 06:00:00,587,Nilgiris,1.5,-13.098
2023-08-03 18:00:00,587,Nilgiris,0.5,-13.1
2023-08-04 11:00:00,587,Nilgiris,0.5,-13.101
2023-08-04 13:00:00,587,Nilgiris,0.5,-13.101
2023-08-05 17:00:00,587,Nilgiris,6.0,-13.087
2023-08-05 18:00:00,587,Nilgiris,0.5,-13.087
2023-08-05 19:00:00,587,Nilgiris,1.0,-13.087
2023-08-05 20:00:00,587,Nilgiris,0.5,-13.087
2023-08-05 21:00:00,587,Nilgiris,0.5,-13.087
2023-08-06 00:00:00,587,Nilgiris,0.5,-13.081
2023-08-06 01:00:00,587,Nilgiris,0.5,-13.081
2023-08-06 06:00:00,587,Nilgiris,1.5,-13.078
2023-08-06 13:00:00,587,Nilgiris,5.0,-13.1
2023-08-06 17:00:00,587,Nilgiris,4.5,-13.079
2023-08-07 17:00:00,587,Nilgiris,1.5,-13.078
2023-08-08 09:00:00,587,Nilgiris,3.5,-13.07
2023-08-08 10:00:00,587,Nilgiris,2.0,-13.082
2023-08-08 11:00:00,587,Nilgiris,5.0,-13.082
2023-08-08 14:00:00,587,Nilgiris,3.5,-13.082
2023-08-08 16:00:00,587,Nilgiris,1.0,-13.072
2023-08-08 17:00:00,587,Nilgiris,20.5,-13.072
2023-08-08 18:00:00,587,Nilgiris,2.5,-13.072
2023-08-08 19:00:00,587,Nilgiris,0.75,-13.072
2023-08-08 20:00:00,587,Nilgiris,0.5,-13.072
2023-08-08 21:00:00,587,Nilgiris,1.0,-13.072
2023-08-08 22:00:00,587,Nilgiris,1.0,-13.067
2023-08-09 18:00:00,587,Nilgiris,3.5,-13.07
2023-08-09 19:00:00,587,Nilgiris,2.5,-13.07
2023-08-10 13:00:00,587,Nilgiris,1.5,-13.078
2023-08-11 12:00:00,587,Nilgiris,4.5,-13.065
2023-08-11 13:00:00,587,Nilgiris,1.0,-13.065
2023-08-11 15:00:00,587,Nilgiris,2.0,-13.065
2023-08-12 19:00:00,587,Nilgiris,1.0,-13.058
2023-08-12 20:00:00,587,Nilgiris,5.0,-13.058
2023-08-13 04:00:00,587,Nilgiris,0.5,-13.056
2023-08-13 08:00:00,587,Nilgiris,4.0,-13.056
2023-08-13 09:00:00,587,Nilgiris,1.5,-13.056
2023-08-13 10:00:00,587,Nilgiris,6.0,-13.073
2023-08-14 15:00:00,587,Nilgiris,4.5,-13.066
2023-08-14 17:00:00,587,Nilgiris,4.5,-13.054
2023-08-14 18:00:00,587,Nilgiris,0.5,-13.054
2023-08-15 14:00:00,587,Nilgiris,7.0,-13.069
2023-08-16 00:00:00,587,Nilgiris,0.5,-13.048
2023-08-16 01:00:00,587,Nilgiris,0.5,-13.048
2023-08-16 02:00:00,587,Nilgiris,0.5,-13.048
2023-08-16 03:00:00,587,Nilgiris,1.5,-13.048
2023-08-16 04:00:00,587,Nilgiris,0.5,-13.048
2023-08-17 03:00:00,587,Nilgiris,1.0,-13.05
2023-08-17 06:00:00,587,Nilgiris,1.5,-13.049
2023-08-17 08:00:00,587,Nilgiris,0.5,-13.049
2023-08-17 09:00:00,587,Nilgiris,2.0,-13.049
2023-08-17 10:00:00,587,Nilgiris,1.0,-13.07
2023-08-17 11:00:00,587,Nilgiris,3.0,-13.07
2023-08-17 13:00:00,587,Nilgiris,0.5,-13.07
2023-08-17 14:00:00,587,Nilgiris,1.5,-13.07
2023-08-18 00:00:00,587,Nilgiris,1.0,-13.158
2023-08-19 05:00:00,587,Nilgiris,0.75,-13.159
2023-08-19 06:00:00,587,Nilgiris,0.5,-13.159
2023-08-19 10:00:00,587,Nilgiris,3.0,-13.171
2023-08-19 12:00:00,587,Nilgiris,11.5,-13.171
2023-08-19 13:00:00,587,Nilgiris,3.0,-13.171
2023-08-19 14:00:00,587,Nilgiris,1.25,-13.171
2023-08-19 15:00:00,587,Nilgiris,3.5,-13.171
2023-08-19 16:00:00,587,Nilgiris,1.5,-13.168
2023-08-19 17:00:00,587,Nilgiris,1.0,-13.168
2023-08-20 14:00:00,587,Nilgiris,2.5,-13.176
2023-08-20 17:00:00,587,Nilgiris,4.0,-13.17
2023-08-20 18:00:00,587,Nilgiris,2.5,-13.17
2023-08-22 14:00:00,587,Nilgiris,8.5,-13.188
2023-08-22 16:00:00,587,Nilgiris,3.0,-13.179
2023-08-22 18:00:00,587,Nilgiris,5.5,-13.179
2023-08-26 18:00:00,587,Nilgiris,1.0,-13.17
2023-08-29 13:00:00,587,Nilgiris,10.5,-13.189
2023-08-29 15:00:00,587,Nilgiris,0.5,-13.189
2023-08-29 18:00:00,587,Nilgiris,1.25,-13.165
2023-08-29 19:00:00,587,Nilgiris,6.0,-13.165
2023-08-29 20:00:00,587,Nilgiris,1.0,-13.165
2023-08-30 07:00:00,587,Nilgiris,1.0,-13.168
2023-08-31 13:00:00,587,Nilgiris,4.5,-13.186
2023-08-31 14:00:00,587,Nilgiris,2.0,-13.186
2023-09-01 08:00:00,587,Nilgiris,0.5,-13.172
2023-09-01 14:00:00,587,Nilgiris,0.5,-13.191
2023-09-02 00:00:00,587,Nilgiris,0.5,-13.175
2023-09-02 08:00:00,587,Nilgiris,1.5,-13.175
2023-09-02 13:00:00,587,Nilgiris,9.5,-13.184
2023-09-02 14:00:00,587,Nilgiris,1.5,-13.184
2023-09-02 17:00:00,587,Nilgiris,14.0,-13.184
2023-09-02 19:00:00,587,Nilgiris,3.5,-13.184
2023-09-02 23:00:00,587,Nilgiris,2.5,-13.182
2023-09-03 09:00:00,587,Nilgiris,14.5,-13.179
2023-09-03 10:00:00,587,Nilgiris,1.5,-13.197
2023-09-03 11:00:00,587,Nilgiris,1.0,-13.197
2023-09-03 13:00:00,587,Nilgiris,0.5,-13.197
2023-09-03 14:00:00,587,Nilgiris,1.5,-13.197
2023-09-03 15:00:00,587,Nilgiris,190.5,-13.197
2023-09-03 17:00:00,587,Nilgiris,23.0,-13.19
2023-09-03 18:00:00,587,Nilgiris,43.5,-13.19
2023-09-03 19:00:00,587,Nilgiris,33.0,-13.19
2023-09-03 20:00:00,587,Nilgiris,134.5,-13.19
2023-09-03 21:00:00,587,Nilgiris,13.75,-13.19
2023-09-03 22:00:00,587,Nilgiris,0.5,-13.185
2023-09-04 11:00:00,587,Nilgiris,0.5,-13.199
2023-09-05 15:00:00,587,Nilgiris,5.0,-13.194
2023-09-06 15:00:00,587,Nilgiris,3.5,-13.201
2023-09-06 16:00:00,587,Nilgiris,1.0,-13.194
2023-09-06 18:00:00,587,Nilgiris,4.0,-13.194
2023-09-06 19:00:00,587,Nilgiris,1.0,-13.194
2023-09-06 20:00:00,587,Nilgiris,6.0,-13.194
2023-09-06 21:00:00,587,Nilgiris,3.5,-13.194
2023-09-06 22:00:00,587,Nilgiris,2.0,-13.191
2023-09-06 23:00:00,587,Nilgiris,1.0,-13.191
2023-09-07 15:00:00,587,Nilgiris,0.5,-13.206
2023-09-07 19:00:00,587,Nilgiris,55.0,-13.198
2023-09-08 21:00:00,587,Nilgiris,1.0,-13.206
2023-09-08 22:00:00,587,Nilgiris,7.0,-13.199
2023-09-08 23:00:00,587,Nilgiris,1.0,-13.199
2023-09-09 01:00:00,587,Nilgiris,11.0,-13.199
2023-09-11 18:00:00,587,Nilgiris,12.5,-13.213
2023-09-14 21:00:00,587,Nilgiris,1.0,-13.226
2023-09-14 22:00:00,587,Nilgiris,8.0,-13.22
2023-09-15 00:00:00,587,Nilgiris,0.5,-13.22
2023-09-15 01:00:00,587,Nilgiris,0.5,-13.22
2023-09-15 02:00:00,587,Nilgiris,0.5,-13.22
2023-09-15 03:00:00,587,Nilgiris,3.5,-13.22
2023-09-15 18:00:00,587,Nilgiris,0.5,-13.229
2023-09-15 19:00:00,587,Nilgiris,0.5,-13.229
2023-09-15 20:00:00,587,Nilgiris,0.5,-13.229
2023-09-15 21:00:00,587,Nilgiris,0.5,-13.229
2023-09-15 22:00:00,587,Nilgiris,0.5,-13.22
2023-09-16 07:00:00,587,Nilgiris,1.5,-13.221
2023-09-16 08:00:00,587,Nilgiris,7.0,-13.221
2023-09-16 15:00:00,587,Nilgiris,0.5,-13.23
2023-09-17 13:00:00,587,Nilgiris,3.0,-13.234
2023-09-17 14:00:00,587,Nilgiris,13.0,-13.234
2023-09-17 17:00:00,587,Nilgiris,4.0,-13.235
2023-09-17 18:00:00,587,Nilgiris,2.0,-13.235
2023-09-17 19:00:00,587,Nilgiris,0.5,-13.235
2023-09-17 21:00:00,587,Nilgiris,1.5,-13.235
2023-09-18 07:00:00,587,Nilgiris,2.0,-13.234
2023-09-18 10:00:00,587,Nilgiris,20.0,-13.245
2023-09-18 11:00:00,587,Nilgiris,52.5,-13.245
2023-09-18 12:00:00,587,Nilgiris,58.5,-13.245
2023-09-18 18:00:00,587,Nilgiris,1.0,-13.238
2023-09-18 20:00:00,587,Nilgiris,0.5,-13.238
2023-09-18 21:00:00,587,Nilgiris,0.5,-13.238
2023-09-18 23:00:00,587,Nilgiris,13.0,-13.233
2023-09-19 00:00:00,587,Nilgiris,7.0,-13.233
2023-09-19 01:00:00,587,Nilgiris,2.0,-13.233
2023-09-19 10:00:00,587,Nilgiris,6.5,-13.245
2023-09-19 11:00:00,587,Nilgiris,1.0,-13.245
2023-09-19 12:00:00,587,Nilgiris,2.5,-13.245
2023-09-20 09:00:00,587,Nilgiris,1.0,-13.235
2023-09-20 13:00:00,587,Nilgiris,0.5,-13.251
2023-09-21 17:00:00,587,Nilgiris,0.5,-13.234
2023-09-22 10:00:00,587,Nilgiris,1.5,-13.242
2023-09-22 11:00:00,587,Nilgiris,1.0,-13.242
2023-09-22 14:00:00,587,Nilgiris,2.0,-13.242
2023-09-22 19:00:00,587,Nilgiris,6.5,-13.228
2023-09-22 21:00:00,587,Nilgiris,0.5,-13.228
2023-09-25 17:00:00,587,Nilgiris,0.5,-13.21
2023-09-25 18:00:00,587,Nilgiris,11.0,-13.21
2023-09-25 19:00:00,587,Nilgiris,37.0,-13.21
2023-09-25 20:00:00,587,Nilgiris,15.5,-13.21
2023-09-25 21:00:00,587,Nilgiris,8.0,-13.21
2023-09-25 22:00:00,587,Nilgiris,2.5,-13.209
2023-09-25 23:00:00,587,Nilgiris,6.5,-13.209
2023-09-26 07:00:00,587,Nilgiris,4.5,-13.207
2023-09-26 08:00:00,587,Nilgiris,1.5,-13.207
2023-09-26 15:00:00,587,Nilgiris,0.5,-13.219
2023-09-26 17:00:00,587,Nilgiris,4.0,-13.212
2023-09-26 18:00:00,587,Nilgiris,3.75,-13.212
2023-09-26 19:00:00,587,Nilgiris,9.5,-13.212
2023-09-26 20:00:00,587,Nilgiris,1.0,-13.212
2023-09-26 21:00:00,587,Nilgiris,3.0,-13.212
2023-09-27 07:00:00,587,Nilgiris,0.5,-13.203
2023-09-27 08:00:00,587,Nilgiris,1.0,-13.203
2023-09-27 09:00:00,587,Nilgiris,0.5,-13.203
2023-09-27 15:00:00,587,Nilgiris,0.5,-13.223
2023-09-27 16:00:00,587,Nilgiris,9.0,-13.21
2023-09-27 18:00:00,587,Nilgiris,7.0,-13.21
2023-09-28 13:00:00,587,Nilgiris,0.5,-13.215
2023-09-29 09:00:00,587,Nilgiris,1.5,-13.196
2023-09-29 10:00:00,587,Nilgiris,9.0,-13.202
2023-09-29 17:00:00,587,Nilgiris,2.0,-13.195
2023-09-29 18:00:00,587,Nilgiris,0.5,-13.195
2023-09-29 22:00:00,587,Nilgiris,1.0,-13.193
2023-09-30 00:00:00,587,Nilgiris,1.0,-13.193
2023-09-30 01:00:00,587,Nilgiris,1.0,-13.193
2023-09-30 03:00:00,587,Nilgiris,1.0,-13.193
2023-09-30 09:00:00,587,Nilgiris,2.0,-13.191
2023-09-30 10:00:00,587,Nilgiris,1.0,-13.196
2023-09-30 11:00:00,587,Nilgiris,0.5,-13.196
2023-09-30 12:00:00,587,Nilgiris,1.0,-13.196
2023-09-30 15:00:00,587,Nilgiris,0.5,-13.196
2023-09-30 16:00:00,587,Nilgiris,0.5,-13.19
2023-09-30 17:00:00,587,Nilgiris,1.0,-13.19
2023-09-30 18:00:00,587,Nilgiris,0.5,-13.19
2023-09-30 20:00:00,587,Nilgiris,0.5,-13.19
2023-09-30 23:00:00,587,Nilgiris,0.5,-13.182
2023-10-01 02:00:00,587,Nilgiris,3.0,-13.182
2023-10-01 15:00:00,587,Nilgiris,0.5,-13.183
2023-10-01 23:00:00,587,Nilgiris,1.0,-13.179
2023-10-02 00:00:00,587,Nilgiris,0.5,-13.179
2023-10-02 04:00:00,587,Nilgiris,0.5,-13.178
2023-10-03 11:00:00,587,Nilgiris,2.0,-13.191
2023-10-03 12:00:00,587,Nilgiris,3.5,-13.191
2023-10-04 11:00:00,587,Nilgiris,1.5,-13.192
2023-10-08 18:00:00,587,Nilgiris,7.5,-13.178
2023-10-08 19:00:00,587,Nilgiris,9.5,-13.178
2023-10-08 21:00:00,587,Nilgiris,0.5,-13.178
2023-10-10 00:00:00,587,Nilgiris,0.5,-13.178
2023-10-10 15:00:00,587,Nilgiris,0.5,-13.197
2023-10-10 17:00:00,587,Nilgiris,1.0,-13.188
2023-10-10 18:00:00,587,Nilgiris,0.5,-13.188
2023-10-11 12:00:00,587,Nilgiris,10.0,-13.187
2023-10-11 14:00:00,587,Nilgiris,0.5,-13.187
2023-10-11 15:00:00,587,Nilgiris,0.5,-13.187
2023-10-11 17:00:00,587,Nilgiris,1.0,-13.188
2023-10-11 18:00:00,587,Nilgiris,0.5,-13.188
2023-10-11 20:00:00,587,Nilgiris,0.5,-13.188
2023-10-12 10:00:00,587,Nilgiris,2.0,-13.188
2023-10-12 15:00:00,587,Nilgiris,2.0,-13.188
2023-10-14 18:00:00,587,Nilgiris,0.5,-13.193
2023-10-14 19:00:00,587,Nilgiris,9.5,-13.193
2023-10-14 20:00:00,587,Nilgiris,37.5,-13.193
2023-10-14 21:00:00,587,Nilgiris,5.0,-13.193
2023-10-14 22:00:00,587,Nilgiris,2.0,-13.189
2023-10-16 00:00:00,587,Nilgiris,2.0,-13.191
2023-10-16 09:00:00,587,Nilgiris,0.5,-13.189
2023-10-16 16:00:00,587,Nilgiris,0.5,-13.191
2023-10-16 17:00:00,587,Nilgiris,0.5,-13.191
2023-10-16 18:00:00,587,Nilgiris,10.25,-13.191
2023-10-16 19:00:00,587,Nilgiris,3.5,-13.191
2023-10-16 20:00:00,587,Nilgiris,3.5,-13.191
2023-10-16 21:00:00,587,Nilgiris,4.0,-13.191
2023-10-16 22:00:00,587,Nilgiris,1.5,-13.191
2023-10-16 23:00:00,587,Nilgiris,0.5,-13.191
2023-10-17 00:00:00,587,Nilgiris,0.5,-13.191
2023-10-17 10:00:00,587,Nilgiris,3.5,-13.205
2023-10-17 11:00:00,587,Nilgiris,1.5,-13.205
2023-10-17 12:00:00,587,Nilgiris,3.5,-13.205
2023-10-17 15:00:00,587,Nilgiris,1.0,-13.205
2023-10-17 17:00:00,587,Nilgiris,16.5,-13.198
2023-10-17 18:00:00,587,Nilgiris,0.5,-13.198
2023-10-17 20:00:00,587,Nilgiris,4.5,-13.198
2023-10-17 21:00:00,587,Nilgiris,2.5,-13.198
2023-10-18 12:00:00,587,Nilgiris,4.5,-13.203
2023-10-18 13:00:00,587,Nilgiris,9.0,-13.203
2023-10-18 14:00:00,587,Nilgiris,1.0,-13.203
2023-10-18 17:00:00,587,Nilgiris,5.0,-13.195
2023-10-18 19:00:00,587,Nilgiris,0.5,-13.195
2023-10-19 02:00:00,587,Nilgiris,1.5,-13.191
2023-10-19 08:00:00,587,Nilgiris,0.5,-13.189
2023-10-19 10:00:00,587,Nilgiris,2.0,-13.201
2023-10-19 16:00:00,587,Nilgiris,15.0,-13.193
2023-10-20 08:00:00,587,Nilgiris,3.5,-13.185
2023-10-20 09:00:00,587,Nilgiris,1.0,-13.185
2023-10-20 19:00:00,587,Nilgiris,2.5,-13.185
2023-10-20 21:00:00,587,Nilgiris,6.5,-13.185
2023-10-20 22:00:00,587,Nilgiris,4.5,-13.185
2023-10-20 23:00:00,587,Nilgiris,1.0,-13.185
2023-10-21 00:00:00,587,Nilgiris,0.5,-13.185
2023-10-21 08:00:00,587,Nilgiris,0.5,-13.185
2023-10-21 10:00:00,587,Nilgiris,1.5,-13.185
2023-10-22 02:00:00,587,Nilgiris,44.5,-13.183
2023-10-22 09:00:00,587,Nilgiris,1.5,-13.183
2023-10-28 00:00:00,587,Nilgiris,3.5,-13.176
2023-10-28 01:00:00,587,Nilgiris,0.5,-13.176
2023-10-28 09:00:00,587,Nilgiris,3.5,-13.18
2023-10-28 12:00:00,587,Nilgiris,0.5,-13.184
2023-10-29 05:00:00,587,Nilgiris,3.5,-13.174
2023-10-29 06:00:00,587,Nilgiris,3.5,-13.174
2023-10-29 13:00:00,587,Nilgiris,3.0,-13.181
2023-10-29 16:00:00,587,Nilgiris,16.0,-13.181
2023-10-30 17:00:00,587,Nilgiris,9.0,-13.179
2023-10-30 18:00:00,587,Nilgiris,7.5,-13.179
2023-10-30 20:00:00,587,Nilgiris,10.0,-13.179
2023-10-31 17:00:00,587,Nilgiris,1.0,-13.18
2023-10-31 21:00:00,587,Nilgiris,10.0,-13.18
2023-10-31 22:00:00,587,Nilgiris,4.5,-13.175
2023-10-31 23:00:00,587,Nilgiris,2.0,-13.175
2023-11-01 00:00:00,587,Nilgiris,2.0,-13.175
2023-11-01 01:00:00,587,Nilgiris,4.5,-13.175
2023-11-01 02:00:00,587,Nilgiris,3.5,-13.175
2023-11-01 16:00:00,587,Nilgiris,1.0,-13.181
2023-11-01 17:00:00,587,Nilgiris,1.5,-13.181
2023-11-01 18:00:00,587,Nilgiris,1.0,-13.181
2023-11-01 20:00:00,587,Nilgiris,11.5,-13.181
2023-11-01 21:00:00,587,Nilgiris,16.5,-13.181
2023-11-01 22:00:00,587,Nilgiris,419.0,-13.176
2023-11-01 23:00:00,587,Nilgiris,112.5,-13.176
2023-11-02 00:00:00,587,Nilgiris,439.5,-13.176
2023-11-02 01:00:00,587,Nilgiris,543.5,-13.176
2023-11-02 02:00:00,587,Nilgiris,143.0,-13.176
2023-11-02 03:00:00,587,Nilgiris,114.0,-13.176
2023-11-02 10:00:00,587,Nilgiris,0.5,-13.186
2023-11-03 02:00:00,587,Nilgiris,10.0,-13.171
2023-11-03 03:00:00,587,Nilgiris,2.0,-13.171
2023-11-03 11:00:00,587,Nilgiris,4.0,-13.174
2023-11-03 16:00:00,587,Nilgiris,2.5,-13.171
2023-11-03 20:00:00,587,Nilgiris,3.5,-13.171
2023-11-03 21:00:00,587,Nilgiris,0.5,-13.171
2023-11-04 00:00:00,587,Nilgiris,0.5,-13.163
2023-11-04 13:00:00,587,Nilgiris,7.25,-13.165
2023-11-04 14:00:00,587,Nilgiris,4.0,-13.165
2023-11-04 15:00:00,587,Nilgiris,1.0,-13.165
2023-11-04 16:00:00,587,Nilgiris,1.5,-13.165
2023-11-04 17:00:00,587,Nilgiris,1.5,-13.165
2023-11-04 18:00:00,587,Nilgiris,2.0,-13.165
2023-11-04 19:00:00,587,Nilgiris,1.5,-13.165
2023-11-04 21:00:00,587,Nilgiris,1.0,-13.165
2023-11-05 02:00:00,587,Nilgiris,0.5,-13.158
2023-11-05 03:00:00,587,Nilgiris,0.5,-13.158
2023-11-05 04:00:00,587,Nilgiris,1.0,-13.158
2023-11-05 07:00:00,587,Nilgiris,0.5,-13.158
2023-11-05 14:00:00,587,Nilgiris,0.5,-13.167
2023-11-05 16:00:00,587,Nilgiris,5.0,-13.159
2023-11-05 17:00:00,587,Nilgiris,0.5,-13.159
2023-11-05 18:00:00,587,Nilgiris,3.0,-13.159
2023-11-05 19:00:00,587,Nilgiris,1.5,-13.159
2023-11-05 20:00:00,587,Nilgiris,0.5,-13.159
2023-11-05 21:00:00,587,Nilgiris,5.5,-13.159
2023-11-06 07:00:00,587,Nilgiris,1.0,-13.152
2023-11-06 14:00:00,587,Nilgiris,0.5,-13.167
2023-11-06 17:00:00,587,Nilgiris,4.0,-13.156
2023-11-06 22:00:00,587,Nilgiris,0.5,-13.15
2023-11-07 05:00:00,587,Nilgiris,12.5,-13.148
2023-11-07 06:00:00,587,Nilgiris,0.5,-13.148
2023-11-07 08:00:00,587,Nilgiris,0.5,-13.148
2023-11-07 10:00:00,587,Nilgiris,2.0,-13.163
2023-11-07 12:00:00,587,Nilgiris,2.5,-13.163
2023-11-07 13:00:00,587,Nilgiris,0.5,-13.163
2023-11-07 14:00:00,587,Nilgiris,0.5,-13.163
2023-11-07 16:00:00,587,Nilgiris,19.5,-13.151
2023-11-07 19:00:00,587,Nilgiris,8.0,-13.151
2023-11-07 20:00:00,587,Nilgiris,1.0,-13.151
2023-11-07 21:00:00,587,Nilgiris,0.5,-13.151
2023-11-08 01:00:00,587,Nilgiris,10.0,-13.147
2023-11-08 02:00:00,587,Nilgiris,1.5,-13.147
2023-11-08 12:00:00,587,Nilgiris,4.0,-13.155
2023-11-08 13:00:00,587,Nilgiris,0.5,-13.155
2023-11-08 16:00:00,587,Nilgiris,0.5,-13.151
2023-11-08 21:00:00,587,Nilgiris,5.0,-13.151
2023-11-08 22:00:00,587,Nilgiris,6.5,-13.148
2023-11-09 00:00:00,587,Nilgiris,2.0,-13.148
2023-11-09 01:00:00,587,Nilgiris,0.5,-13.148
2023-11-09 02:00:00,587,Nilgiris,7.5,-13.148
2023-11-09 03:00:00,587,Nilgiris,7.0,-13.148
2023-11-09 04:00:00,587,Nilgiris,3.5,-13.145
2023-11-09 05:00:00,587,Nilgiris,0.5,-13.145
2023-11-09 06:00:00,587,Nilgiris,1.0,-13.145
2023-11-09 07:00:00,587,Nilgiris,7.25,-13.145
2023-11-09 08:00:00,587,Nilgiris,6.0,-13.145
2023-11-09 10:00:00,587,Nilgiris,0.5,-13.15
2023-11-09 11:00:00,587,Nilgiris,0.5,-13.15
2023-11-09 12:00:00,587,Nilgiris,1.0,-13.15
2023-11-09 13:00:00,587,Nilgiris,5.0,-13.15
2023-11-09 15:00:00,587,Nilgiris,0.5,-13.15
2023-11-09 18:00:00,587,Nilgiris,0.5,-13.146
2023-11-09 22:00:00,587,Nilgiris,1.0,-13.14
2023-11-09 23:00:00,587,Nilgiris,2.5,-13.14
2023-11-10 01:00:00,587,Nilgiris,29.5,-13.14
2023-11-10 02:00:00,587,Nilgiris,0.5,-13.14
2023-11-10 03:00:00,587,Nilgiris,0.5,-13.14
2023-11-10 04:00:00,587,Nilgiris,1.0,-13.139
2023-11-10 12:00:00,587,Nilgiris,8.0,-13.144
2023-11-21 20:00:00,587,Nilgiris,0.5,-13.134
2023-11-22 18:00:00,587,Nilgiris,1.0,-13.131
2023-11-22 21:00:00,587,Nilgiris,4.5,-13.131
2023-11-23 01:00:00,587,Nilgiris,1.0,-13.125
2023-11-23 03:00:00,587,Nilgiris,0.5,-13.125
2023-11-23 04:00:00,587,Nilgiris,6.0,-13.122
2023-11-23 05:00:00,587,Nilgiris,7.0,-13.122
2023-11-23 06:00:00,587,Nilgiris,8.0,-13.122
2023-11-23 07:00:00,587,Nilgiris,4.5,-13.122
2023-11-23 08:00:00,587,Nilgiris,1.0,-13.122
2023-11-23 12:00:00,587,Nilgiris,0.5,-13.123
2023-11-23 13:00:00,587,Nilgiris,0.5,-13.123
2023-11-23 14:00:00,587,Nilgiris,12.0,-13.123
2023-11-23 15:00:00,587,Nilgiris,0.5,-13.123
2023-11-24 12:00:00,587,Nilgiris,8.5,-13.099
2023-11-24 13:00:00,587,Nilgiris,3.0,-13.099
2023-11-24 14:00:00,587,Nilgiris,1.0,-13.099
2023-11-30 14:00:00,587,Nilgiris,1.5,-13.094
2023-12-09 02:00:00,587,Nilgiris,1.5,-13.094
2023-12-09 05:00:00,587,Nilgiris,1.0,-13.094
2023-12-09 14:00:00,587,Nilgiris,11.0,-13.097
2023-12-09 16:00:00,587,Nilgiris,0.5,-13.1
2023-12-09 17:00:00,587,Nilgiris,5.0,-13.1
2023-12-10 02:00:00,587,Nilgiris,15.5,-13.096
2023-12-10 11:00:00,587,Nilgiris,0.5,-13.099
2023-12-10 16:00:00,587,Nilgiris,1.0,-13.101
2023-12-10 17:00:00,587,Nilgiris,9.0,-13.101
2023-12-10 18:00:00,587,Nilgiris,0.5,-13.101
2023-12-10 21:00:00,587,Nilgiris,10.5,-13.101
2023-12-11 00:00:00,587,Nilgiris,5.5,-13.095
2023-12-11 01:00:00,587,Nilgiris,1.0,-13.095
2023-12-11 13:00:00,587,Nilgiris,2.5,-13.108
2023-12-17 02:00:00,587,Nilgiris,1.0,-13.099
2023-12-18 04:00:00,587,Nilgiris,1.0,-13.096
2023-12-18 07:00:00,587,Nilgiris,0.5,-13.096
2023-12-18 10:00:00,587,Nilgiris,0.5,-13.094
2023-12-18 11:00:00,587,Nilgiris,1.0,-13.094
2024-01-03 16:00:00,587,Nilgiris,2.5,-13.11
2024-01-03 21:00:00,587,Nilgiris,0.5,-13.11
2024-01-05 02:00:00,587,Nilgiris,0.5,-13.105
2024-01-05 03:00:00,587,Nilgiris,0.5,-13.105
2024-01-05 04:00:00,587,Nilgiris,0.5,-13.106
2024-01-05 07:00:00,587,Nilgiris,0.5,-13.106
2024-01-09 14:00:00,587,Nilgiris,1.0,-13.107
2024-01-09 15:00:00,587,Nilgiris,1.0,-13.107
2024-04-14 00:00:00,587,Nilgiris,0.5,-13.163
2024-04-14 10:00:00,587,Nilgiris,3.0,-13.176
2024-04-20 17:00:00,587,Nilgiris,0.5,-13.161
2024-04-20 18:00:00,587,Nilgiris,0.5,-13.161
2024-05-03 17:00:00,587,Nilgiris,3.5,-13.157
2024-05-03 18:00:00,587,Nilgiris,0.5,-13.157
2024-05-03 21:00:00,587,Nilgiris,0.5,-13.157
2024-05-04 15:00:00,587,Nilgiris,5.5,-13.168
2024-05-05 18:00:00,587,Nilgiris,1.5,-13.165
2024-05-06 08:00:00,587,Nilgiris,0.5,-13.158
2024-05-06 09:00:00,587,Nilgiris,0.5,-13.158
2024-05-06 12:00:00,587,Nilgiris,0.5,-13.174
2024-05-06 14:00:00,587,Nilgiris,1.5,-13.174
2024-05-06 17:00:00,587,Nilgiris,3.5,-13.167
2024-05-07 05:00:00,587,Nilgiris,2.5,-13.158
2024-05-07 06:00:00,587,Nilgiris,0.5,-13.158
2024-05-07 07:00:00,587,Nilgiris,0.5,-13.158
2024-05-07 08:00:00,587,Nilgiris,0.5,-13.158
2024-05-07 10:00:00,587,Nilgiris,0.75,-13.172
2024-05-07 11:00:00,587,Nilgiris,0.5,-13.172
2024-05-07 12:00:00,587,Nilgiris,0.5,-13.172
2024-05-07 14:00:00,587,Nilgiris,0.5,-13.172
2024-05-07 15:00:00,587,Nilgiris,1.5,-13.172
2024-05-07 19:00:00,587,Nilgiris,0.5,-13.166
2024-05-08 03:00:00,587,Nilgiris,0.5,-13.161
2024-05-08 09:00:00,587,Nilgiris,0.5,-13.16
2024-05-08 11:00:00,587,Nilgiris,1.0,-13.172
2024-05-08 18:00:00,587,Nilgiris,0.5,-13.164
2024-05-09 04:00:00,587,Nilgiris,0.5,-13.162
2024-05-09 09:00:00,587,Nilgiris,9.0,-13.162
2024-05-09 11:00:00,587,Nilgiris,2.0,-13.176
2024-05-09 12:00:00,587,Nilgiris,1.5,-13.176
2024-05-09 13:00:00,587,Nilgiris,0.5,-13.176
2024-05-09 20:00:00,587,Nilgiris,0.5,-13.169
2024-05-10 03:00:00,587,Nilgiris,1.0,-13.164
2024-05-10 04:00:00,587,Nilgiris,2.5,-13.166
2024-05-10 10:00:00,587,Nilgiris,0.5,-13.184
2024-05-13 04:00:00,587,Nilgiris,0.5,-13.172
2024-05-13 15:00:00,587,Nilgiris,6.0,-13.188
2024-05-13 17:00:00,587,Nilgiris,8.5,-13.178
2024-05-13 18:00:00,587,Nilgiris,5.0,-13.178
2024-05-13 20:00:00,587,Nilgiris,0.5,-13.178
2024-05-14 10:00:00,587,Nilgiris,3.5,-13.182
2024-05-14 11:00:00,587,Nilgiris,2.5,-13.182
2024-05-14 12:00:00,587,Nilgiris,22.0,-13.182
2024-05-14 13:00:00,587,Nilgiris,3.0,-13.182
2024-05-14 14:00:00,587,Nilgiris,2.5,-13.182
2024-05-15 06:00:00,587,Nilgiris,4.5,-13.173
2024-05-15 09:00:00,587,Nilgiris,0.5,-13.173
2024-05-15 16:00:00,587,Nilgiris,0.5,-13.178
2024-05-15 19:00:00,587,Nilgiris,0.5,-13.178
2024-05-16 07:00:00,587,Nilgiris,0.5,-13.174
2024-05-16 19:00:00,587,Nilgiris,8.0,-13.184
2024-05-16 20:00:00,587,Nilgiris,1.5,-13.184
2024-05-16 23:00:00,587,Nilgiris,0.75,-13.178
2024-05-17 06:00:00,587,Nilgiris,1.0,-13.181
2024-05-17 18:00:00,587,Nilgiris,0.5,-13.186
2024-05-17 21:00:00,587,Nilgiris,0.5,-13.186
2024-05-18 11:00:00,587,Nilgiris,1.5,-13.196
2024-05-18 16:00:00,587,Nilgiris,0.5,-13.187
2024-05-19 08:00:00,587,Nilgiris,0.5,-13.181
2024-05-19 10:00:00,587,Nilgiris,1.5,-13.181
2024-05-19 11:00:00,587,Nilgiris,0.5,-13.181
2024-05-19 23:00:00,587,Nilgiris,0.5,-13.176
2024-05-20 16:00:00,587,Nilgiris,0.5,-13.173
2024-05-21 15:00:00,587,Nilgiris,0.5,-13.165
2024-05-21 18:00:00,587,Nilgiris,4.5,-13.168
2024-05-22 04:00:00,587,Nilgiris,0.5,-13.162
2024-05-22 15:00:00,587,Nilgiris,0.5,-13.174
2024-05-23 00:00:00,587,Nilgiris,0.5,-13.155
2024-05-23 04:00:00,587,Nilgiris,0.5,-13.148
2024-05-23 07:00:00,587,Nilgiris,0.5,-13.148
2024-05-23 10:00:00,587,Nilgiris,0.5,-13.137
2024-05-23 13:00:00,587,Nilgiris,0.5,-13.137
2024-05-23 15:00:00,587,Nilgiris,0.75,-13.137
2024-05-23 17:00:00,587,Nilgiris,0.5,-13.127
2024-05-23 19:00:00,587,Nilgiris,0.5,-13.127
2024-05-23 21:00:00,587,Nilgiris,0.75,-13.127
2024-05-23 23:00:00,587,Nilgiris,0.5,-13.123
2024-05-24 01:00:00,587,Nilgiris,0.5,-13.123
2024-05-24 03:00:00,587,Nilgiris,0.5,-13.123
2024-05-24 04:00:00,587,Nilgiris,0.5,-13.12
2024-05-24 06:00:00,587,Nilgiris,0.5,-13.12
2024-05-24 08:00:00,587,Nilgiris,0.5,-13.12
2024-05-24 10:00:00,587,Nilgiris,0.5,-13.121
2024-05-24 12:00:00,587,Nilgiris,0.5,-13.121
2024-05-24 13:00:00,587,Nilgiris,1.0,-13.121
2024-05-24 14:00:00,587,Nilgiris,0.5,-13.121
2024-05-24 15:00:00,587,Nilgiris,0.5,-13.121
2024-05-24 16:00:00,587,Nilgiris,0.5,-13.12
2024-05-24 18:00:00,587,Nilgiris,0.5,-13.12
2024-05-24 20:00:00,587,Nilgiris,0.5,-13.12
2024-05-24 21:00:00,587,Nilgiris,0.75,-13.12
2024-05-24 23:00:00,587,Nilgiris,0.5,-13.118
2024-05-25 00:00:00,587,Nilgiris,0.5,-13.118
2024-05-25 02:00:00,587,Nilgiris,0.5,-13.118
2024-05-25 03:00:00,587,Nilgiris,0.5,-13.118
2024-05-25 05:00:00,587,Nilgiris,0.5,-13.113
2024-05-25 06:00:00,587,Nilgiris,0.5,-13.113
2024-05-25 07:00:00,587,Nilgiris,0.5,-13.113
2024-05-25 08:00:00,587,Nilgiris,1.0,-13.113
2024-05-25 09:00:00,587,Nilgiris,0.5,-13.113
2024-05-25 10:00:00,587,Nilgiris,1.0,-13.125
2024-05-25 11:00:00,587,Nilgiris,0.5,-13.125
2024-05-25 12:00:00,587,Nilgiris,0.5,-13.125
2024-05-25 14:00:00,587,Nilgiris,0.5,-13.125
2024-05-25 15:00:00,587,Nilgiris,0.5,-13.125
2024-05-25 16:00:00,587,Nilgiris,0.5,-13.114
2024-05-25 17:00:00,587,Nilgiris,0.5,-13.114
2024-05-25 18:00:00,587,Nilgiris,0.5,-13.114
2024-05-25 20:00:00,587,Nilgiris,1.0,-13.114
2024-05-25 22:00:00,587,Nilgiris,0.5,-13.106
2024-05-26 01:00:00,587,Nilgiris,0.5,-13.106
2024-05-26 04:00:00,587,Nilgiris,0.5,-13.106
2024-05-26 08:00:00,587,Nilgiris,0.5,-13.106
2024-05-26 10:00:00,587,Nilgiris,0.5,-13.121
2024-05-26 13:00:00,587,Nilgiris,0.5,-13.121
2024-05-26 16:00:00,587,Nilgiris,0.5,-13.118
2024-05-26 20:00:00,587,Nilgiris,0.5,-13.118
2024-05-27 01:00:00,587,Nilgiris,0.5,-13.113
2024-05-27 06:00:00,587,Nilgiris,0.5,-13.114
2024-05-27 12:00:00,587,Nilgiris,0.5,-13.134
2024-05-27 16:00:00,587,Nilgiris,0.5,-13.116
2024-05-28 03:00:00,587,Nilgiris,0.5,-13.111
2024-05-28 17:00:00,587,Nilgiris,0.5,-13.117
2024-05-29 09:00:00,587,Nilgiris,0.5,-13.119
2024-05-29 14:00:00,587,Nilgiris,0.5,-13.134
2024-05-29 18:00:00,587,Nilgiris,0.5,-13.129
2024-05-30 01:00:00,587,Nilgiris,0.5,-13.119
2024-05-30 12:00:00,587,Nilgiris,0.5,-13.139
2024-05-30 18:00:00,587,Nilgiris,0.5,-13.129
2024-05-31 05:00:00,587,Nilgiris,0.5,-13.121
2024-05-31 13:00:00,587,Nilgiris,0.5,-13.136
2024-05-31 17:00:00,587,Nilgiris,0.5,-13.13
2024-06-01 04:00:00,587,Nilgiris,0.5,-13.119
2024-06-01 16:00:00,587,Nilgiris,0.5,-13.13
2024-06-02 04:00:00,587,Nilgiris,0.5,-13.118
2024-06-02 11:00:00,587,Nilgiris,0.5,-13.145
2024-06-02 15:00:00,587,Nilgiris,0.5,-13.145
2024-06-02 22:00:00,587,Nilgiris,0.5,-13.121
2024-06-03 08:00:00,587,Nilgiris,0.5,-13.126
2024-06-03 16:00:00,587,Nilgiris,0.5,-13.131
2024-06-03 19:00:00,587,Nilgiris,80.5,-13.131
2024-06-03 20:00:00,587,Nilgiris,5.0,-13.131
2024-06-04 00:00:00,587,Nilgiris,7.5,-13.124
2024-06-04 01:00:00,587,Nilgiris,19.75,-13.124
2024-06-04 02:00:00,587,Nilgiris,793.0,-13.124
2024-06-04 03:00:00,587,Nilgiris,350.5,-13.124
2024-06-04 06:00:00,587,Nilgiris,22.0,-13.126
2024-06-04 12:00:00,587,Nilgiris,0.5,-13.146
2024-06-04 20:00:00,587,Nilgiris,0.5,-13.132
2024-06-05 07:00:00,587,Nilgiris,0.5,-13.124
2024-06-05 14:00:00,587,Nilgiris,1.25,-13.137
2024-06-05 15:00:00,587,Nilgiris,2.5,-13.137
2024-06-05 16:00:00,587,Nilgiris,7.0,-13.129
2024-06-05 17:00:00,587,Nilgiris,2.0,-13.129
2024-06-05 18:00:00,587,Nilgiris,0.5,-13.129
2024-06-05 22:00:00,587,Nilgiris,0.5,-13.123
2024-06-06 04:00:00,587,Nilgiris,0.5,-13.123
2024-06-06 09:00:00,587,Nilgiris,0.5,-13.123
2024-06-06 13:00:00,587,Nilgiris,0.5,-13.137
2024-06-06 16:00:00,587,Nilgiris,0.5,-13.127
2024-06-06 17:00:00,587,Nilgiris,1.5,-13.127
2024-06-06 19:00:00,587,Nilgiris,0.5,-13.127
2024-06-06 22:00:00,587,Nilgiris,0.5,-13.123
2024-06-07 00:00:00,587,Nilgiris,0.5,-13.123
2024-06-07 03:00:00,587,Nilgiris,0.5,-13.123
2024-06-07 05:00:00,587,Nilgiris,0.5,-13.126
2024-06-07 08:00:00,587,Nilgiris,0.5,-13.126
2024-06-07 11:00:00,587,Nilgiris,0.5,-13.139
2024-06-07 13:00:00,587,Nilgiris,0.5,-13.139
2024-06-07 15:00:00,587,Nilgiris,0.5,-13.139
2024-06-07 17:00:00,587,Nilgiris,0.5,-13.13
2024-06-07 18:00:00,587,Nilgiris,0.5,-13.13
2024-06-07 21:00:00,587,Nilgiris,0.5,-13.13
2024-06-08 00:00:00,587,Nilgiris,0.5,-13.123
2024-06-08 03:00:00,587,Nilgiris,0.5,-13.123
2024-06-08 06:00:00,587,Nilgiris,0.5,-13.125
2024-06-08 09:00:00,587,Nilgiris,0.5,-13.125
2024-06-08 13:00:00,587,Nilgiris,0.5,-13.151
2024-06-08 16:00:00,587,Nilgiris,0.5,-13.137
2024-06-08 20:00:00,587,Nilgiris,0.5,-13.137
2024-06-08 23:00:00,587,Nilgiris,0.5,-13.13
2024-06-09 03:00:00,587,Nilgiris,0.5,-13.13
2024-06-09 07:00:00,587,Nilgiris,0.5,-13.131
2024-06-09 12:00:00,587,Nilgiris,0.5,-13.149
2024-06-09 16:00:00,587,Nilgiris,0.5,-13.14
2024-06-09 19:00:00,587,Nilgiris,0.5,-13.14
2024-06-09 21:00:00,587,Nilgiris,0.5,-13.14
2024-06-09 23:00:00,587,Nilgiris,0.5,-13.129
2024-06-10 01:00:00,587,Nilgiris,0.5,-13.129
2024-06-10 03:00:00,587,Nilgiris,0.5,-13.129
2024-06-10 06:00:00,587,Nilgiris,0.5,-13.127
2024-06-10 10:00:00,587,Nilgiris,0.5,-13.147
2024-06-10 11:00:00,587,Nilgiris,0.5,-13.147
2024-06-10 14:00:00,587,Nilgiris,0.5,-13.147
2024-06-10 15:00:00,587,Nilgiris,0.5,-13.147
2024-06-10 17:00:00,587,Nilgiris,0.5,-13.135
2024-06-10 18:00:00,587,Nilgiris,0.5,-13.135
2024-06-10 19:00:00,587,Nilgiris,0.5,-13.135
2024-06-10 21:00:00,587,Nilgiris,0.5,-13.135
2024-06-10 22:00:00,587,Nilgiris,0.5,-13.13
2024-06-11 00:00:00,587,Nilgiris,0.5,-13.13
2024-06-11 02:00:00,587,Nilgiris,0.5,-13.13
2024-06-11 03:00:00,587,Nilgiris,1.0,-13.13
2024-06-11 06:00:00,587,Nilgiris,0.5,-13.126
2024-06-11 07:00:00,587,Nilgiris,0.5,-13.126
2024-06-11 08:00:00,587,Nilgiris,0.5,-13.126
2024-06-11 09:00:00,587,Nilgiris,0.5,-13.126
2024-06-11 10:00:00,587,Nilgiris,0.5,-13.148
2024-06-11 11:00:00,587,Nilgiris,0.5,-13.148
2024-06-11 13:00:00,587,Nilgiris,0.5,-13.148
2024-06-11 15:00:00,587,Nilgiris,0.5,-13.148
2024-06-11 16:00:00,587,Nilgiris,0.5,-13.137
2024-06-11 17:00:00,587,Nilgiris,0.5,-13.137
2024-06-11 18:00:00,587,Nilgiris,0.5,-13.137
2024-06-11 19:00:00,587,Nilgiris,0.5,-13.137
2024-06-11 20:00:00,587,Nilgiris,0.5,-13.137
2024-06-11 22:00:00,587,Nilgiris,0.5,-13.127
2024-06-12 00:00:00,587,Nilgiris,0.5,-13.127
2024-06-12 02:00:00,587,Nilgiris,0.5,-13.127
2024-06-12 08:00:00,587,Nilgiris,0.5,-13.129
2024-06-12 10:00:00,587,Nilgiris,0.5,-13.13
2024-06-12 13:00:00,587,Nilgiris,0.5,-13.13
2024-06-12 15:00:00,587,Nilgiris,0.5,-13.13
2024-06-12 17:00:00,587,Nilgiris,0.5,-13.128
2024-06-12 19:00:00,587,Nilgiris,0.5,-13.128
2024-06-12 22:00:00,587,Nilgiris,0.5,-13.126
2024-06-13 00:00:00,587,Nilgiris,0.5,-13.126
2024-06-13 03:00:00,587,Nilgiris,0.5,-13.126
2024-06-13 05:00:00,587,Nilgiris,0.5,-13.126
2024-06-13 08:00:00,587,Nilgiris,0.5,-13.126
2024-06-13 11:00:00,587,Nilgiris,0.5,-13.144
2024-06-13 13:00:00,587,Nilgiris,0.5,-13.144
2024-06-13 15:00:00,587,Nilgiris,0.5,-13.144
2024-06-13 17:00:00,587,Nilgiris,0.5,-13.132
2024-06-13 19:00:00,587,Nilgiris,0.5,-13.132
2024-06-13 22:00:00,587,Nilgiris,0.5,-13.122
2024-06-14 01:00:00,587,Nilgiris,0.5,-13.122
2024-06-14 04:00:00,587,Nilgiris,0.5,-13.131
2024-06-14 07:00:00,587,Nilgiris,0.5,-13.131
2024-06-14 11:00:00,587,Nilgiris,0.5,-13.151
2024-06-14 14:00:00,587,Nilgiris,0.5,-13.151
2024-06-14 16:00:00,587,Nilgiris,0.5,-13.137
2024-06-14 19:00:00,587,Nilgiris,0.5,-13.137
2024-06-14 22:00:00,587,Nilgiris,0.5,-13.129
2024-06-15 01:00:00,587,Nilgiris,0.5,-13.129
2024-06-15 04:00:00,587,Nilgiris,0.5,-13.126
2024-06-15 08:00:00,587,Nilgiris,0.5,-13.126
2024-06-15 12:00:00,587,Nilgiris,0.5,-13.145
2024-06-15 14:00:00,587,Nilgiris,0.5,-13.145
2024-06-15 17:00:00,587,Nilgiris,0.5,-13.134
2024-06-15 20:00:00,587,Nilgiris,0.5,-13.134
2024-06-16 02:00:00,587,Nilgiris,0.5,-13.127
2024-06-16 06:00:00,587,Nilgiris,0.5,-13.124
2024-06-16 09:00:00,587,Nilgiris,0.5,-13.124
2024-06-16 11:00:00,587,Nilgiris,0.5,-13.149
2024-06-16 13:00:00,587,Nilgiris,0.5,-13.149
2024-06-16 14:00:00,587,Nilgiris,0.5,-13.149
2024-06-16 16:00:00,587,Nilgiris,0.75,-13.131
2024-06-16 18:00:00,587,Nilgiris,0.5,-13.131
2024-06-16 20:00:00,587,Nilgiris,0.5,-13.131
2024-06-16 21:00:00,587,Nilgiris,77.5,-13.131
2024-06-16 22:00:00,587,Nilgiris,4.0,-13.133
2024-06-16 23:00:00,587,Nilgiris,1.0,-13.133
2024-06-17 00:00:00,587,Nilgiris,0.5,-13.133
2024-06-17 02:00:00,587,Nilgiris,0.75,-13.133
2024-06-17 03:00:00,587,Nilgiris,2.5,-13.133
2024-06-17 04:00:00,587,Nilgiris,0.5,-13.13
2024-06-17 05:00:00,587,Nilgiris,0.5,-13.13
2024-06-17 08:00:00,587,Nilgiris,1.5,-13.13
2024-06-17 09:00:00,587,Nilgiris,0.5,-13.13
2024-06-17 11:00:00,587,Nilgiris,0.5,-13.151
2024-06-17 13:00:00,587,Nilgiris,0.5,-13.151
2024-06-17 15:00:00,587,Nilgiris,0.5,-13.151
2024-06-17 17:00:00,587,Nilgiris,0.5,-13.134
2024-06-17 19:00:00,587,Nilgiris,0.5,-13.134
2024-06-17 21:00:00,587,Nilgiris,0.5,-13.134
2024-06-17 22:00:00,587,Nilgiris,0.5,-13.132
2024-06-18 00:00:00,587,Nilgiris,0.5,-13.132
2024-06-18 02:00:00,587,Nilgiris,0.5,-13.132
2024-06-18 04:00:00,587,Nilgiris,0.5,-13.13
2024-06-18 06:00:00,587,Nilgiris,0.5,-13.13
2024-06-18 07:00:00,587,Nilgiris,0.5,-13.13
2024-06-18 09:00:00,587,Nilgiris,0.5,-13.13
2024-06-18 10:00:00,587,Nilgiris,0.5,-13.152
2024-06-18 12:00:00,587,Nilgiris,0.5,-13.152
2024-06-18 13:00:00,587,Nilgiris,0.5,-13.152
2024-06-18 15:00:00,587,Nilgiris,0.5,-13.152
2024-06-18 16:00:00,587,Nilgiris,0.5,-13.135
2024-06-18 18:00:00,587,Nilgiris,0.5,-13.135
2024-06-18 19:00:00,587,Nilgiris,0.5,-13.135
2024-06-18 20:00:00,587,Nilgiris,0.5,-13.135
2024-06-18 21:00:00,587,Nilgiris,1.0,-13.135
2024-06-18 22:00:00,587,Nilgiris,1.0,-13.126
2024-06-18 23:00:00,587,Nilgiris,1.0,-13.126
2024-06-19 00:00:00,587,Nilgiris,1.5,-13.126
2024-06-19 01:00:00,587,Nilgiris,2.0,-13.126
2024-06-19 02:00:00,587,Nilgiris,1.5,-13.126
2024-06-19 03:00:00,587,Nilgiris,1.5,-13.126
2024-06-19 04:00:00,587,Nilgiris,1.0,-13.129
2024-06-19 05:00:00,587,Nilgiris,1.0,-13.129
2024-06-19 06:00:00,587,Nilgiris,1.0,-13.129
2024-06-19 07:00:00,587,Nilgiris,0.5,-13.129
2024-06-19 08:00:00,587,Nilgiris,0.5,-13.129
2024-06-19 09:00:00,587,Nilgiris,1.0,-13.129
2024-06-19 10:00:00,587,Nilgiris,0.5,-13.15
2024-06-19 11:00:00,587,Nilgiris,1.0,-13.15
2024-06-19 12:00:00,587,Nilgiris,1.5,-13.15
2024-06-19 13:00:00,587,Nilgiris,1.0,-13.15
2024-06-19 14:00:00,587,Nilgiris,1.0,-13.15
2024-06-19 15:00:00,587,Nilgiris,1.5,-13.15
2024-06-19 16:00:00,587,Nilgiris,1.0,-13.135
2024-06-19 17:00:00,587,Nilgiris,1.0,-13.135
2024-06-19 18:00:00,587,Nilgiris,2.0,-13.135
2024-06-19 19:00:00,587,Nilgiris,1.5,-13.135
2024-06-19 20:00:00,587,Nilgiris,1.0,-13.135
2024-06-19 21:00:00,587,Nilgiris,0.5,-13.135
2024-06-19 22:00:00,587,Nilgiris,0.5,-13.129
2024-06-19 23:00:00,587,Nilgiris,1.0,-13.129
2024-06-20 00:00:00,587,Nilgiris,1.5,-13.129
2024-06-20 01:00:00,587,Nilgiris,1.0,-13.129
2024-06-20 02:00:00,587,Nilgiris,1.0,-13.129
2024-06-20 03:00:00,587,Nilgiris,0.5,-13.129
2024-06-20 04:00:00,587,Nilgiris,0.5,-13.129
2024-06-20 05:00:00,587,Nilgiris,0.5,-13.129
2024-06-20 06:00:00,587,Nilgiris,0.5,-13.129
2024-06-20 07:00:00,587,Nilgiris,1.0,-13.129
2024-06-20 08:00:00,587,Nilgiris,0.5,-13.129
2024-06-20 10:00:00,587,Nilgiris,0.5,-13.142
2024-06-20 11:00:00,587,Nilgiris,0.5,-13.142
2024-06-20 12:00:00,587,Nilgiris,0.5,-13.142
2024-06-20 13:00:00,587,Nilgiris,3.0,-13.142
2024-06-20 14:00:00,587,Nilgiris,8.5,-13.142
2024-06-20 15:00:00,587,Nilgiris,7.5,-13.142
2024-06-20 16:00:00,587,Nilgiris,6.0,-13.134
2024-06-20 17:00:00,587,Nilgiris,6.0,-13.134
2024-06-20 18:00:00,587,Nilgiris,5.5,-13.134
2024-06-20 19:00:00,587,Nilgiris,5.5,-13.134
2024-06-20 20:00:00,587,Nilgiris,5.0,-13.134
2024-06-20 21:00:00,587,Nilgiris,4.5,-13.134
2024-06-20 22:00:00,587,Nilgiris,4.5,-13.13
2024-06-20 23:00:00,587,Nilgiris,4.0,-13.13
2024-06-21 00:00:00,587,Nilgiris,4.0,-13.13
2024-06-21 01:00:00,587,Nilgiris,3.5,-13.13
2024-06-21 02:00:00,587,Nilgiris,3.5,-13.13
2024-06-21 03:00:00,587,Nilgiris,2.5,-13.13
2024-06-21 04:00:00,587,Nilgiris,2.5,-13.127
2024-06-21 05:00:00,587,Nilgiris,2.5,-13.127
2024-06-21 06:00:00,587,Nilgiris,2.0,-13.127
2024-06-21 07:00:00,587,Nilgiris,1.5,-13.127
2024-06-21 08:00:00,587,Nilgiris,1.0,-13.127
2024-06-21 09:00:00,587,Nilgiris,0.5,-13.127
2024-06-21 11:00:00,587,Nilgiris,0.5,-13.141
2024-06-21 13:00:00,587,Nilgiris,0.5,-13.141
2024-06-21 15:00:00,587,Nilgiris,0.5,-13.141
2024-06-21 17:00:00,587,Nilgiris,0.5,-13.137
2024-06-21 19:00:00,587,Nilgiris,0.5,-13.137
2024-06-21 21:00:00,587,Nilgiris,0.5,-13.137
2024-06-22 00:00:00,587,Nilgiris,0.5,-13.131
2024-06-22 03:00:00,587,Nilgiris,0.5,-13.131
2024-06-22 05:00:00,587,Nilgiris,0.5,-13.129
2024-06-22 08:00:00,587,Nilgiris,0.5,-13.129
2024-06-22 11:00:00,587,Nilgiris,0.5,-13.147
2024-06-22 14:00:00,587,Nilgiris,0.5,-13.147
2024-06-22 15:00:00,587,Nilgiris,2.0,-13.147
2024-06-22 19:00:00,587,Nilgiris,0.5,-13.134
2024-06-23 01:00:00,587,Nilgiris,0.5,-13.126
2024-06-23 10:00:00,587,Nilgiris,2.0,-13.148
2024-07-12 16:00:00,587,Nilgiris,2.0,-13.14
2024-07-13 10:00:00,587,Nilgiris,0.5,-13.14
2024-07-13 11:00:00,587,Nilgiris,2.5,-13.14
2024-07-13 12:00:00,587,Nilgiris,21.0,-13.14
2024-07-15 14:00:00,587,Nilgiris,3.5,-13.136
2024-07-15 16:00:00,587,Nilgiris,7.0,-13.136
2024-07-15 18:00:00,587,Nilgiris,2.0,-13.136
2024-07-15 21:00:00,587,Nilgiris,2.0,-13.136
2024-07-15 22:00:00,587,Nilgiris,22.0,-13.131
2024-07-16 03:00:00,587,Nilgiris,5.5,-13.131
2024-07-16 04:00:00,587,Nilgiris,0.5,-13.134
2024-07-16 06:00:00,587,Nilgiris,3.5,-13.134
2024-07-16 08:00:00,587,Nilgiris,2.5,-13.134
2024-07-16 10:00:00,587,Nilgiris,3.0,-13.137
2024-07-16 12:00:00,587,Nilgiris,2.0,-13.137
2024-07-16 13:00:00,587,Nilgiris,3.5,-13.137
2024-07-16 21:00:00,587,Nilgiris,0.5,-13.136
2024-07-16 22:00:00,587,Nilgiris,1.5,-13.13
2024-07-17 09:00:00,587,Nilgiris,74.0,-13.132
2024-07-17 10:00:00,587,Nilgiris,37.5,-13.135
2024-07-17 11:00:00,587,Nilgiris,14.5,-13.135
2024-07-18 12:00:00,587,Nilgiris,92.0,-13.132
2024-07-19 14:00:00,587,Nilgiris,0.5,-13.137
2024-07-19 16:00:00,587,Nilgiris,1.0,-13.134
2024-07-20 09:00:00,587,Nilgiris,142.0,-13.133
2024-07-20 10:00:00,587,Nilgiris,140.0,-13.141
2024-07-21 09:00:00,587,Nilgiris,800.0,-13.13
2024-07-21 10:00:00,587,Nilgiris,1555.5,-13.136
2024-07-21 11:00:00,587,Nilgiris,346.0,-13.136
2024-07-24 11:00:00,587,Nilgiris,5.0,-13.146
2024-07-24 12:00:00,587,Nilgiris,11.0,-13.146
2024-07-24 14:00:00,587,Nilgiris,1.0,-13.146
2024-07-24 22:00:00,587,Nilgiris,0.5,-13.134
2024-07-25 09:00:00,587,Nilgiris,0.5,-13.132
2024-07-25 10:00:00,587,Nilgiris,0.5,-13.145
2024-07-25 11:00:00,587,Nilgiris,11.0,-13.145
2024-07-25 12:00:00,587,Nilgiris,2.5,-13.145
2024-07-25 13:00:00,587,Nilgiris,0.5,-13.145
2024-07-26 09:50:00,587,Nilgiris,1.0,-13.146
2024-07-26 10:00:00,587,Nilgiris,1.0,-13.146
2024-07-26 15:20:00,587,Nilgiris,1.0,-13.139
2024-07-26 16:00:00,587,Nilgiris,3.0,-13.139
2024-10-21 09:00:00,587,Nilgiris,3.0,-13.115
2024-10-21 14:00:00,587,Nilgiris,1.0,-13.119
2024-10-21 14:30:00,587,Nilgiris,1.5,-13.119
2024-10-21 15:00:00,587,Nilgiris,1.5,-13.119
2024-10-21 17:00:00,587,Nilgiris,0.5,-13.119
2024-10-21 18:30:00,587,Nilgiris,1.5,-13.119
2024-10-21 19:00:00,587,Nilgiris,1.5,-13.119
2024-10-22 15:00:00,587,Nilgiris,1.0,-13.127
2024-10-22 15:30:00,587,Nilgiris,1.5,-13.118
2024-10-22 16:00:00,587,Nilgiris,1.5,-13.118
2024-10-24 11:30:00,587,Nilgiris,0.5,-13.118
2024-10-24 12:00:00,587,Nilgiris,0.5,-13.118
2024-10-24 14:30:00,587,Nilgiris,1.0,-13.118
2024-10-24 15:00:00,587,Nilgiris,1.0,-13.118
2024-10-25 10:30:00,587,Nilgiris,0.5,-13.123
2024-10-25 11:00:00,587,Nilgiris,0.5,-13.123
2024-10-25 14:00:00,587,Nilgiris,1.0,-13.123
2024-10-25 15:30:00,587,Nilgiris,1.0,-13.113
2024-10-25 16:00:00,587,Nilgiris,4.0,-13.113
2024-10-25 19:00:00,587,Nilgiris,0.5,-13.113
2024-10-27 07:30:00,587,Nilgiris,0.5,-13.112
2024-10-27 08:00:00,587,Nilgiris,0.5,-13.112
2024-10-31 19:30:00,587,Nilgiris,0.5,-13.113
2024-10-31 20:00:00,587,Nilgiris,0.5,-13.113
2024-10-31 22:30:00,587,Nilgiris,0.5,-13.105
2024-10-31 23:00:00,587,Nilgiris,1.0,-13.105
2024-11-01 00:00:00,587,Nilgiris,0.5,-13.105
2024-11-01 00:30:00,587,Nilgiris,4.5,-13.105
2024-11-01 01:00:00,587,Nilgiris,7.5,-13.105
2024-11-01 01:30:00,587,Nilgiris,1.0,-13.105
2024-11-01 02:00:00,587,Nilgiris,1.0,-13.105
2024-11-01 02:30:00,587,Nilgiris,0.5,-13.105
2024-11-01 07:00:00,587,Nilgiris,0.5,-13.108
2024-11-01 10:30:00,587,Nilgiris,0.5,-13.103
2024-11-01 11:00:00,587,Nilgiris,1.0,-13.103
2024-11-01 12:30:00,587,Nilgiris,0.5,-13.103
2024-11-01 13:00:00,587,Nilgiris,0.5,-13.103
2024-11-01 14:30:00,587,Nilgiris,1.0,-13.103
2024-11-01 15:00:00,587,Nilgiris,1.0,-13.103
2024-11-01 15:30:00,587,Nilgiris,0.5,-13.108
2024-11-01 16:00:00,587,Nilgiris,0.5,-13.108
2024-11-02 07:30:00,587,Nilgiris,0.5,-13.097
2024-11-02 08:00:00,587,Nilgiris,1.5,-13.097
2024-11-02 20:30:00,587,Nilgiris,0.5,-13.102
2024-11-02 21:00:00,587,Nilgiris,2.5,-13.102
2024-11-02 21:30:00,587,Nilgiris,5.0,-13.098
2024-11-02 22:00:00,587,Nilgiris,32.0,-13.098
2024-11-02 22:30:00,587,Nilgiris,10.0,-13.098
2024-11-02 23:00:00,587,Nilgiris,14.0,-13.098
2024-11-02 23:30:00,587,Nilgiris,14.0,-13.098
2024-11-03 00:00:00,587,Nilgiris,28.5,-13.098
2024-11-03 00:30:00,587,Nilgiris,12.5,-13.098
2024-11-03 01:00:00,587,Nilgiris,17.0,-13.098
2024-11-03 01:30:00,587,Nilgiris,3.0,-13.098
2024-11-03 02:00:00,587,Nilgiris,3.5,-13.098
2024-11-03 02:30:00,587,Nilgiris,2.0,-13.098
2024-11-03 03:00:00,587,Nilgiris,2.0,-13.098
2024-11-03 03:30:00,587,Nilgiris,0.5,-13.085
2024-11-03 04:00:00,587,Nilgiris,1.0,-13.085
2024-11-03 07:30:00,587,Nilgiris,0.5,-13.085
2024-11-03 08:00:00,587,Nilgiris,0.5,-13.085
2024-11-03 20:30:00,587,Nilgiris,1.5,-13.076
2024-11-03 21:30:00,587,Nilgiris,1.0,-13.076
2024-11-03 22:00:00,587,Nilgiris,2.0,-13.076
2024-11-04 00:00:00,587,Nilgiris,1.5,-13.076
2024-11-04 00:30:00,587,Nilgiris,1.5,-13.076
2024-11-04 01:00:00,587,Nilgiris,6.0,-13.076
2024-11-04 01:30:00,587,Nilgiris,8.0,-13.076
2024-11-04 02:00:00,587,Nilgiris,20.5,-13.076
2024-11-04 02:30:00,587,Nilgiris,17.0,-13.076
2024-11-04 03:00:00,587,Nilgiris,22.5,-13.076
2024-11-04 03:30:00,587,Nilgiris,2.0,-13.078
2024-11-04 04:00:00,587,Nilgiris,6.5,-13.078
2024-11-04 04:30:00,587,Nilgiris,1.5,-13.078
2024-11-04 05:00:00,587,Nilgiris,4.0,-13.078
2024-11-04 05:30:00,587,Nilgiris,6.0,-13.078
2024-11-04 06:00:00,587,Nilgiris,8.0,-13.078
2024-11-04 06:30:00,587,Nilgiris,5.0,-13.078
2024-11-04 07:00:00,587,Nilgiris,5.5,-13.078
2024-11-04 09:00:00,587,Nilgiris,1.0,-13.078
2024-11-04 23:00:00,587,Nilgiris,0.5,-13.053
2024-11-04 23:30:00,587,Nilgiris,5.0,-13.053
2024-11-05 00:00:00,587,Nilgiris,23.5,-13.053
2024-11-05 00:30:00,587,Nilgiris,12.0,-13.053
2024-11-05 01:00:00,587,Nilgiris,19.0,-13.053
2024-11-05 02:00:00,587,Nilgiris,0.5,-13.053
2024-11-05 02:30:00,587,Nilgiris,5.0,-13.053
2024-11-05 03:00:00,587,Nilgiris,6.0,-13.053
2024-11-05 03:30:00,587,Nilgiris,0.5,-12.878
2024-11-05 04:30:00,587,Nilgiris,0.5,-12.878
2024-11-05 05:00:00,587,Nilgiris,0.5,-12.878
2024-11-07 21:00:00,587,Nilgiris,1.0,-13.071
2024-11-07 21:30:00,587,Nilgiris,1.5,-13.07
2024-11-07 22:00:00,587,Nilgiris,1.5,-13.07
2024-11-13 08:30:00,587,Nilgiris,0.5,-13.076
2024-11-13 09:00:00,587,Nilgiris,0.5,-13.076
2024-11-13 10:00:00,587,Nilgiris,0.5,-13.083
2024-11-13 13:30:00,587,Nilgiris,1.0,-13.083
2024-11-13 14:30:00,587,Nilgiris,3.5,-13.083
2024-11-13 15:00:00,587,Nilgiris,10.5,-13.083
2024-11-13 16:00:00,587,Nilgiris,2.0,-13.078
2024-11-13 17:00:00,587,Nilgiris,0.5,-13.078
2024-11-13 19:00:00,587,Nilgiris,0.5,-13.078
2024-11-13 20:00:00,587,Nilgiris,1.0,-13.078
2024-11-13 20:30:00,587,Nilgiris,1.0,-13.078
2024-11-14 05:30:00,587,Nilgiris,0.5,-13.074
2024-11-14 06:00:00,587,Nilgiris,0.5,-13.074
2024-11-14 08:30:00,587,Nilgiris,1.5,-13.074
2024-11-14 09:00:00,587,Nilgiris,1.5,-13.074
2024-11-14 09:30:00,587,Nilgiris,2.0,-13.077
2024-11-14 10:00:00,587,Nilgiris,2.0,-13.077
2024-11-14 11:30:00,587,Nilgiris,2.0,-13.077
2024-11-14 12:00:00,587,Nilgiris,2.0,-13.077
2024-11-14 19:00:00,587,Nilgiris,3.0,-13.082
2024-11-14 19:30:00,587,Nilgiris,1.5,-13.082
2024-11-14 20:00:00,587,Nilgiris,1.5,-13.082
2024-11-14 22:00:00,587,Nilgiris,0.5,-13.075
2024-11-14 22:30:00,587,Nilgiris,0.5,-13.075
2024-11-14 23:00:00,587,Nilgiris,0.5,-13.075
2024-11-15 17:30:00,587,Nilgiris,2.0,-13.079
2024-11-15 18:00:00,587,Nilgiris,2.0,-13.079
2024-11-15 19:00:00,587,Nilgiris,3.5,-13.079
2024-11-15 19:30:00,587,Nilgiris,1.5,-13.079
2024-11-16 11:00:00,587,Nilgiris,0.5,-13.079
2024-11-16 11:30:00,587,Nilgiris,1.5,-13.079
2024-11-16 12:00:00,587,Nilgiris,3.5,-13.079
2024-11-16 13:00:00,587,Nilgiris,0.5,-13.079
2024-11-16 15:30:00,587,Nilgiris,0.5,-13.079
2024-11-16 16:00:00,587,Nilgiris,0.5,-13.079
2024-11-16 16:30:00,587,Nilgiris,7.5,-13.079
2024-11-16 17:00:00,587,Nilgiris,10.5,-13.079
2024-11-16 19:00:00,587,Nilgiris,4.5,-13.079
2024-11-16 21:00:00,587,Nilgiris,0.5,-13.079
2024-11-16 21:30:00,587,Nilgiris,0.5,-13.074
2024-11-16 22:00:00,587,Nilgiris,0.5,-13.074
2024-11-17 17:00:00,587,Nilgiris,2.5,-13.08
2024-11-17 17:30:00,587,Nilgiris,1.0,-13.08
2024-11-17 18:00:00,587,Nilgiris,2.0,-13.08
2024-11-17 19:00:00,587,Nilgiris,0.5,-13.08
2024-11-17 19:30:00,587,Nilgiris,0.5,-13.08
2024-11-17 20:00:00,587,Nilgiris,0.5,-13.08
2024-11-18 04:00:00,587,Nilgiris,0.5,-13.079
2024-11-18 23:30:00,587,Nilgiris,2.0,-13.076
2024-11-19 00:00:00,587,Nilgiris,2.5,-13.076
2024-11-19 06:30:00,587,Nilgiris,0.5,-13.081
2024-11-19 07:00:00,587,Nilgiris,0.5,-13.081
2024-11-19 13:00:00,587,Nilgiris,1.0,-13.089
2024-11-25 12:00:00,587,Nilgiris,0.5,-13.103
2024-11-27 05:00:00,587,Nilgiris,0.5,-13.093
2024-12-02 00:00:00,587,Nilgiris,1.0,-13.097
2024-12-02 01:00:00,587,Nilgiris,0.5,-13.097
2024-12-02 02:00:00,587,Nilgiris,0.5,-13.097
2024-12-02 06:00:00,587,Nilgiris,0.5,-13.1
2024-12-02 07:00:00,587,Nilgiris,1.0,-13.1
2024-12-02 07:30:00,587,Nilgiris,0.5,-13.1
2024-12-02 08:00:00,587,Nilgiris,0.5,-13.1
2024-12-03 00:30:00,587,Nilgiris,1.0,-13.096
2024-12-03 01:00:00,587,Nilgiris,1.5,-13.096
2024-12-03 01:30:00,587,Nilgiris,0.5,-13.096
2024-12-03 02:00:00,587,Nilgiris,1.5,-13.096
2024-12-03 03:00:00,587,Nilgiris,0.5,-13.096
2024-12-03 03:30:00,587,Nilgiris,0.5,-13.099
2024-12-03 04:30:00,587,Nilgiris,2.5,-13.099
2024-12-03 05:00:00,587,Nilgiris,5.5,-13.099
2024-12-03 05:30:00,587,Nilgiris,2.5,-13.099
2024-12-03 06:00:00,587,Nilgiris,5.0,-13.099
2024-12-03 07:00:00,587,Nilgiris,9.5,-13.099
2024-12-03 07:30:00,587,Nilgiris,0.5,-13.099
2024-12-03 08:00:00,587,Nilgiris,0.5,-13.099
2024-12-04 02:30:00,587,Nilgiris,0.5,-13.094
2024-12-04 03:00:00,587,Nilgiris,1.0,-13.094
2024-12-04 03:30:00,587,Nilgiris,0.5,-13.099
2024-12-04 04:00:00,587,Nilgiris,0.5,-13.099
2024-12-04 04:30:00,587,Nilgiris,0.5,-13.099
2024-12-04 05:00:00,587,Nilgiris,1.0,-13.099
2024-12-04 06:30:00,587,Nilgiris,0.5,-13.099
2024-12-04 07:00:00,587,Nilgiris,0.5,-13.099
2024-12-05 10:30:00,587,Nilgiris,0.5,-13.096
2024-12-05 11:00:00,587,Nilgiris,0.5,-13.096
2024-12-08 12:30:00,587,Nilgiris,0.5,-13.116
2024-12-10 17:30:00,587,Nilgiris,0.5,-13.108
2024-12-10 18:00:00,587,Nilgiris,12.5,-13.108
2024-12-10 18:30:00,587,Nilgiris,1.0,-13.108
2024-12-10 19:00:00,587,Nilgiris,1.0,-13.108
2024-12-10 19:30:00,587,Nilgiris,0.5,-13.108
2024-12-10 20:00:00,587,Nilgiris,0.5,-13.108
2024-12-11 18:00:00,587,Nilgiris,1.0,-13.109
2024-12-12 09:00:00,587,Nilgiris,9.0,-13.1
2024-12-12 09:30:00,587,Nilgiris,1.0,-13.1
2024-12-12 10:00:00,587,Nilgiris,1.0,-13.1
2024-12-12 21:30:00,587,Nilgiris,10.0,-13.096
2024-12-12 22:00:00,587,Nilgiris,304.5,-13.096
2024-12-12 22:30:00,587,Nilgiris,260.5,-13.096
2024-12-12 23:00:00,587,Nilgiris,260.5,-13.096
2024-12-13 01:00:00,587,Nilgiris,13.5,-13.096
2024-12-13 12:30:00,587,Nilgiris,61.0,-13.095
2024-12-13 13:00:00,587,Nilgiris,184.0,-13.095
2024-12-13 13:30:00,587,Nilgiris,13.5,-13.095
2024-12-13 14:00:00,587,Nilgiris,14.0,-13.095
2024-12-14 09:30:00,587,Nilgiris,0.5,-13.104
2024-12-14 10:00:00,587,Nilgiris,14.0,-13.104
2024-12-14 10:30:00,587,Nilgiris,76.0,-13.104
2024-12-14 11:00:00,587,Nilgiris,76.0,-13.104
2024-12-14 16:30:00,587,Nilgiris,3.0,-13.101
2024-12-14 17:00:00,587,Nilgiris,3.5,-13.101
2024-12-15 14:30:00,587,Nilgiris,131.5,-13.122
2024-12-15 15:00:00,587,Nilgiris,131.5,-13.122
2024-12-15 15:30:00,587,Nilgiris,1.0,-13.106
2024-12-15 16:00:00,587,Nilgiris,1.0,-13.106
2024-12-15 16:30:00,587,Nilgiris,19.5,-13.106
2024-12-15 17:00:00,587,Nilgiris,19.5,-13.106
2024-12-15 17:30:00,587,Nilgiris,0.5,-13.106
2024-12-15 18:00:00,587,Nilgiris,0.5,-13.106
2024-12-22 16:30:00,587,Nilgiris,1.5,-13.113
2024-12-22 17:00:00,587,Nilgiris,1.5,-13.113
2024-12-23 11:00:00,587,Nilgiris,0.5,-13.124
2024-12-26 22:30:00,587,Nilgiris,3.0,-13.106
2024-12-26 23:00:00,587,Nilgiris,3.0,-13.106
2024-12-27 15:30:00,587,Nilgiris,42.5,-13.106
2024-12-27 16:00:00,587,Nilgiris,64.0,-13.106
2024-12-27 20:00:00,587,Nilgiris,0.5,-13.106
2024-12-28 10:00:00,587,Nilgiris,4.0,-13.111
2024-12-28 18:00:00,587,Nilgiris,26.5,-13.11
2022-09-18 18:00:00,582,Pudukkottai,2.0,-44.285
2022-09-18 19:00:00,582,Pudukkottai,28.5,-44.285
2022-09-18 20:00:00,582,Pudukkottai,0.5,-44.285
2022-09-18 21:00:00,582,Pudukkottai,12.5,-44.285
2022-09-21 21:00:00,582,Pudukkottai,1.5,-44.285
2022-09-24 18:00:00,582,Pudukkottai,0.5,-44.285
2022-09-24 21:00:00,582,Pudukkottai,1.5,-44.285
2022-09-26 05:00:00,582,Pudukkottai,1.5,-43.996
2022-09-26 06:00:00,582,Pudukkottai,1.0,-43.996
2022-09-26 07:00:00,582,Pudukkottai,2.125,-43.996
2022-09-28 16:00:00,582,Pudukkottai,1.0,-44.094
2022-09-28 19:00:00,582,Pudukkottai,0.5,-44.094
2022-09-29 00:00:00,582,Pudukkottai,1.0,-43.872
2022-09-29 03:00:00,582,Pudukkottai,0.5,-43.872
2022-09-29 05:00:00,582,Pudukkottai,0.5,-43.754
2022-10-02 17:00:00,582,Pudukkottai,1.0,-43.935
2022-10-06 22:00:00,582,Pudukkottai,7.0,-43.849
2022-10-07 01:00:00,582,Pudukkottai,1.0,-43.849
2022-10-08 01:00:00,582,Pudukkottai,0.5,-43.886
2022-10-08 02:00:00,582,Pudukkottai,5.166666666666667,-43.886
2022-10-08 03:00:00,582,Pudukkottai,0.5,-43.886
2022-10-08 06:00:00,582,Pudukkottai,0.5,-43.803
2022-10-08 23:00:00,582,Pudukkottai,4.166666666666667,-43.955
2022-10-09 00:00:00,582,Pudukkottai,0.8333333333333334,-43.955
2022-10-09 08:00:00,582,Pudukkottai,1.125,-44.339
2022-10-09 12:00:00,582,Pudukkottai,1.0,-46.34
2022-10-09 13:00:00,582,Pudukkottai,0.6666666666666666,-46.34
2022-10-09 21:00:00,582,Pudukkottai,4.5,-44.002
2022-10-09 22:00:00,582,Pudukkottai,7.666666666666667,-43.916
2022-10-09 23:00:00,582,Pudukkottai,3.0,-43.916
2022-10-10 00:00:00,582,Pudukkottai,0.75,-43.916
2022-10-10 01:00:00,582,Pudukkottai,0.5,-43.916
2022-10-10 04:00:00,582,Pudukkottai,1.0,-43.768
2022-10-10 05:00:00,582,Pudukkottai,11.0,-43.768
2022-10-10 06:00:00,582,Pudukkottai,4.25,-43.768
2022-10-10 07:00:00,582,Pudukkottai,0.5,-43.768
2022-10-10 09:00:00,582,Pudukkottai,0.5,-43.768
2022-10-10 19:00:00,582,Pudukkottai,9.0,-43.874
2022-10-10 20:00:00,582,Pudukkottai,1.5,-43.874
2022-10-10 23:00:00,582,Pudukkottai,0.5,-43.876
2022-10-11 02:00:00,582,Pudukkottai,4.0,-43.876
2022-10-11 04:00:00,582,Pudukkottai,0.5,-43.686
2022-10-11 05:00:00,582,Pudukkottai,4.75,-43.686
2022-10-14 05:00:00,582,Pudukkottai,0.5,-43.449
2022-10-15 00:00:00,582,Pudukkottai,0.5,-43.535
2022-10-15 01:00:00,582,Pudukkottai,0.5,-43.535
2022-10-15 02:00:00,582,Pudukkottai,0.5,-43.535
2022-10-15 21:00:00,582,Pudukkottai,13.0,-43.616
2022-10-15 22:00:00,582,Pudukkottai,3.0,-43.459
2022-10-17 03:00:00,582,Pudukkottai,1.0,-43.47
2022-10-18 16:00:00,582,Pudukkottai,0.5,-43.571
2022-10-18 17:00:00,582,Pudukkottai,0.5,-43.571
2022-10-18 18:00:00,582,Pudukkottai,0.5,-43.571
2022-10-20 00:00:00,582,Pudukkottai,6.125,-43.378
2022-10-20 02:00:00,582,Pudukkottai,0.5,-43.378
2022-10-20 19:00:00,582,Pudukkottai,27.0,-43.494
2022-10-20 20:00:00,582,Pudukkottai,9.0,-43.494
2022-10-20 21:00:00,582,Pudukkottai,16.8,-43.494
2022-10-20 22:00:00,582,Pudukkottai,2.833333333333333,-43.322
2022-10-20 23:00:00,582,Pudukkottai,0.5,-43.322
2022-10-21 03:00:00,582,Pudukkottai,0.5,-43.322
2022-10-21 04:00:00,582,Pudukkottai,0.6666666666666666,-43.29
2022-10-21 06:00:00,582,Pudukkottai,0.5,-43.29
2022-10-21 12:00:00,582,Pudukkottai,1.0,-46.182
2022-10-21 14:00:00,582,Pudukkottai,4.0,-46.182
2022-10-22 10:00:00,582,Pudukkottai,0.5,-46.059
2022-10-22 11:00:00,582,Pudukkottai,76.5,-46.059
2022-10-22 12:00:00,582,Pudukkottai,35.0,-46.059
2022-10-22 13:00:00,582,Pudukkottai,2.5,-46.059
2022-10-22 14:00:00,582,Pudukkottai,7.0,-46.059
2022-10-22 15:00:00,582,Pudukkottai,8.0,-46.059
2022-10-29 13:50:00,582,Pudukkottai,2.0,-43.195
2022-10-29 13:55:00,582,Pudukkottai,3.5,-43.195
2022-10-29 14:00:00,582,Pudukkottai,2.333333333333333,-43.195
2022-10-29 14:05:00,582,Pudukkottai,0.5,-43.195
2022-10-29 14:10:00,582,Pudukkottai,0.5,-43.195
2022-10-29 14:15:00,582,Pudukkottai,0.5,-43.195
2022-10-29 14:20:00,582,Pudukkottai,0.5,-43.195
2022-10-29 14:25:00,582,Pudukkottai,0.5,-43.195
2022-10-29 14:30:00,582,Pudukkottai,0.5,-43.195
2022-10-29 14:35:00,582,Pudukkottai,0.5,-43.195
2022-10-29 14:40:00,582,Pudukkottai,0.5,-43.195
2022-10-29 14:45:00,582,Pudukkottai,0.5,-43.195
2022-10-29 14:50:00,582,Pudukkottai,0.5,-43.195
2022-10-29 14:55:00,582,Pudukkottai,0.5,-43.195
2022-10-29 15:00:00,582,Pudukkottai,4.166666666666667,-43.195
2022-10-30 14:00:00,582,Pudukkottai,1.0,-45.958
2022-10-30 16:00:00,582,Pudukkottai,1.5,-43.222
2022-11-01 22:45:00,582,Pudukkottai,2.0,-43.138
2022-11-01 22:50:00,582,Pudukkottai,2.5,-43.138
2022-11-01 22:55:00,582,Pudukkottai,3.0,-43.138
2022-11-01 23:00:00,582,Pudukkottai,3.0,-43.138
2022-11-01 23:30:00,582,Pudukkottai,1.0,-43.138
2022-11-01 23:35:00,582,Pudukkottai,1.0,-43.138
2022-11-01 23:40:00,582,Pudukkottai,1.0,-43.138
2022-11-01 23:55:00,582,Pudukkottai,1.0,-43.138
2022-11-02 00:00:00,582,Pudukkottai,1.25,-43.138
2022-11-03 04:00:00,582,Pudukkottai,2.0,-42.91
2022-11-03 05:00:00,582,Pudukkottai,0.5,-42.91
2022-11-04 13:00:00,582,Pudukkottai,0.5,-45.912
2022-11-04 17:00:00,582,Pudukkottai,5.0,-43.261
2022-11-05 07:00:00,582,Pudukkottai,6.0,-42.921
2022-11-05 08:00:00,582,Pudukkottai,0.5,-42.921
2022-11-05 12:00:00,582,Pudukkottai,0.5,-43.227
2022-11-05 13:00:00,582,Pudukkottai,2.5,-43.227
2022-11-05 14:00:00,582,Pudukkottai,18.0,-43.227
2022-11-09 14:00:00,582,Pudukkottai,3.0,-45.754
2022-11-09 15:00:00,582,Pudukkottai,95.0,-45.754
2022-11-09 16:00:00,582,Pudukkottai,74.5,-43.016
2022-11-09 17:00:00,582,Pudukkottai,6.5,-43.016
2022-11-09 18:00:00,582,Pudukkottai,2.25,-43.016
2022-11-09 22:00:00,582,Pudukkottai,7.0,-42.705
2022-11-10 02:00:00,582,Pudukkottai,5.5,-42.705
2022-11-10 04:00:00,582,Pudukkottai,1.0,-42.595
2022-11-10 06:00:00,582,Pudukkottai,4.5,-42.595
2022-11-10 08:00:00,582,Pudukkottai,0.5,-42.595
2022-11-10 09:00:00,582,Pudukkottai,3.0,-42.595
2022-11-10 10:00:00,582,Pudukkottai,16.0,-43.317
2022-11-10 12:00:00,582,Pudukkottai,155.5,-43.317
2022-11-10 15:00:00,582,Pudukkottai,3.0,-43.317
2022-11-10 21:00:00,582,Pudukkottai,14.0,-43.034
2022-11-10 22:00:00,582,Pudukkottai,30.5,-42.678
2022-11-10 23:00:00,582,Pudukkottai,17.5,-42.678
2022-11-11 00:00:00,582,Pudukkottai,19.5,-42.678
2022-11-11 01:00:00,582,Pudukkottai,12.0,-42.678
2022-11-11 02:00:00,582,Pudukkottai,1.0,-42.678
2022-11-11 04:00:00,582,Pudukkottai,0.5,-42.557
2022-11-11 04:30:00,582,Pudukkottai,0.5,-42.557
2022-11-11 04:35:00,582,Pudukkottai,0.5,-42.557
2022-11-11 04:40:00,582,Pudukkottai,0.5,-42.557
2022-11-11 04:45:00,582,Pudukkottai,0.5,-42.557
2022-11-11 04:50:00,582,Pudukkottai,1.0,-42.557
2022-11-11 04:55:00,582,Pudukkottai,1.0,-42.557
2022-11-11 05:00:00,582,Pudukkottai,1.0,-42.557
2022-11-11 06:00:00,582,Pudukkottai,2.375,-42.557
2022-11-11 06:10:00,582,Pudukkottai,0.5,-42.557
2022-11-11 06:15:00,582,Pudukkottai,0.5,-42.557
2022-11-11 07:00:00,582,Pudukkottai,15.9,-42.557
2022-11-11 07:05:00,582,Pudukkottai,0.5,-42.557
2022-11-11 07:10:00,582,Pudukkottai,0.5,-42.557
2022-11-11 07:15:00,582,Pudukkottai,1.0,-42.557
2022-11-11 07:20:00,582,Pudukkottai,1.0,-42.557
2022-11-11 07:25:00,582,Pudukkottai,1.5,-42.557
2022-11-11 07:30:00,582,Pudukkottai,1.5,-42.557
2022-11-11 07:35:00,582,Pudukkottai,2.0,-42.557
2022-11-11 07:40:00,582,Pudukkottai,2.0,-42.557
2022-11-11 07:50:00,582,Pudukkottai,3.0,-42.557
2022-11-11 07:55:00,582,Pudukkottai,3.0,-42.557
2022-11-11 08:00:00,582,Pudukkottai,4.2,-42.557
2022-11-11 08:05:00,582,Pudukkottai,0.5,-42.557
2022-11-11 08:10:00,582,Pudukkottai,0.5,-42.557
2022-11-11 08:15:00,582,Pudukkottai,0.5,-42.557
2022-11-11 08:20:00,582,Pudukkottai,1.0,-42.557
2022-11-11 08:25:00,582,Pudukkottai,1.0,-42.557
2022-11-11 08:30:00,582,Pudukkottai,1.0,-42.557
2022-11-11 08:35:00,582,Pudukkottai,1.5,-42.557
2022-11-11 08:40:00,582,Pudukkottai,2.0,-42.557
2022-11-11 09:00:00,582,Pudukkottai,2.333333333333333,-42.557
2022-11-11 10:00:00,582,Pudukkottai,1.0,-45.712
2022-11-11 10:05:00,582,Pudukkottai,0.5,-45.712
2022-11-11 10:10:00,582,Pudukkottai,0.5,-45.712
2022-11-11 10:15:00,582,Pudukkottai,0.5,-45.712
2022-11-11 10:55:00,582,Pudukkottai,5.0,-45.712
2022-11-11 11:00:00,582,Pudukkottai,5.25,-45.712
2022-11-11 11:55:00,582,Pudukkottai,1.0,-45.712
2022-11-11 12:00:00,582,Pudukkottai,3.0,-45.712
2022-11-11 12:30:00,582,Pudukkottai,0.5,-45.712
2022-11-11 12:35:00,582,Pudukkottai,0.5,-45.712
2022-11-11 12:55:00,582,Pudukkottai,0.5,-45.712
2022-11-11 13:00:00,582,Pudukkottai,1.0,-45.712
2022-11-11 14:00:00,582,Pudukkottai,0.75,-45.712
2022-11-11 19:00:00,582,Pudukkottai,1.5,-42.729
2022-11-11 19:55:00,582,Pudukkottai,6.5,-42.729
2022-11-11 20:00:00,582,Pudukkottai,24.0,-42.729
2022-11-11 20:05:00,582,Pudukkottai,3.0,-42.729
2022-11-11 20:10:00,582,Pudukkottai,5.5,-42.729
2022-11-11 20:15:00,582,Pudukkottai,11.5,-42.729
2022-11-11 20:20:00,582,Pudukkottai,15.5,-42.729
2022-11-11 20:25:00,582,Pudukkottai,17.5,-42.729
2022-11-11 20:30:00,582,Pudukkottai,19.5,-42.729
2022-11-11 20:35:00,582,Pudukkottai,21.0,-42.729
2022-11-11 20:40:00,582,Pudukkottai,22.0,-42.729
2022-11-11 20:45:00,582,Pudukkottai,23.0,-42.729
2022-11-11 20:50:00,582,Pudukkottai,24.0,-42.729
2022-11-11 20:55:00,582,Pudukkottai,25.5,-42.729
2022-11-11 21:30:00,582,Pudukkottai,4.0,-42.524
2022-11-11 21:35:00,582,Pudukkottai,5.0,-42.524
2022-11-11 21:40:00,582,Pudukkottai,7.0,-42.524
2022-11-11 21:45:00,582,Pudukkottai,8.0,-42.524
2022-11-11 21:50:00,582,Pudukkottai,9.0,-42.524
2022-11-11 21:55:00,582,Pudukkottai,10.5,-42.524
2022-11-11 22:00:00,582,Pudukkottai,7.875,-42.524
2022-11-11 22:05:00,582,Pudukkottai,1.0,-42.524
2022-11-11 22:10:00,582,Pudukkottai,1.5,-42.524
2022-11-11 22:30:00,582,Pudukkottai,6.5,-42.524
2022-11-11 22:35:00,582,Pudukkottai,7.5,-42.524
2022-11-11 22:40:00,582,Pudukkottai,8.5,-42.524
2022-11-11 22:45:00,582,Pudukkottai,8.5,-42.524
2022-11-11 23:00:00,582,Pudukkottai,7.25,-42.524
2022-11-11 23:10:00,582,Pudukkottai,0.5,-42.524
2022-11-11 23:15:00,582,Pudukkottai,2.0,-42.524
2022-11-11 23:20:00,582,Pudukkottai,2.5,-42.524
2022-11-12 00:00:00,582,Pudukkottai,17.75,-42.524
2022-11-12 03:00:00,582,Pudukkottai,0.5,-42.524
2022-11-12 06:00:00,582,Pudukkottai,0.5,-42.386
2022-11-12 06:05:00,582,Pudukkottai,0.5,-42.386
2022-11-12 06:10:00,582,Pudukkottai,0.5,-42.386
2022-11-12 06:15:00,582,Pudukkottai,1.0,-42.386
2022-11-12 06:20:00,582,Pudukkottai,1.0,-42.386
2022-11-12 06:25:00,582,Pudukkottai,1.5,-42.386
2022-11-12 06:30:00,582,Pudukkottai,1.5,-42.386
2022-11-12 06:35:00,582,Pudukkottai,1.5,-42.386
2022-11-12 06:40:00,582,Pudukkottai,1.5,-42.386
2022-11-12 06:45:00,582,Pudukkottai,1.5,-42.386
2022-11-12 06:50:00,582,Pudukkottai,1.5,-42.386
2022-11-12 06:55:00,582,Pudukkottai,2.0,-42.386
2022-11-12 07:00:00,582,Pudukkottai,1.5,-42.386
2022-11-12 07:05:00,582,Pudukkottai,1.0,-42.386
2022-11-12 07:40:00,582,Pudukkottai,6.5,-42.386
2022-11-12 07:45:00,582,Pudukkottai,6.5,-42.386
2022-11-12 07:50:00,582,Pudukkottai,6.5,-42.386
2022-11-12 07:55:00,582,Pudukkottai,6.5,-42.386
2022-11-12 08:00:00,582,Pudukkottai,3.5,-42.386
2022-11-12 09:00:00,582,Pudukkottai,0.5,-42.386
2022-11-12 10:00:00,582,Pudukkottai,0.5,-45.704
2022-11-12 15:00:00,582,Pudukkottai,0.5,-45.704
2022-11-13 12:00:00,582,Pudukkottai,0.5,-45.64
2022-11-13 17:10:00,582,Pudukkottai,1.5,-42.518
2022-11-13 17:15:00,582,Pudukkottai,2.0,-42.518
2022-11-13 17:20:00,582,Pudukkottai,2.0,-42.518
2022-11-13 17:25:00,582,Pudukkottai,2.0,-42.518
2022-11-13 17:30:00,582,Pudukkottai,2.0,-42.518
2022-11-13 17:35:00,582,Pudukkottai,2.0,-42.518
2022-11-13 17:40:00,582,Pudukkottai,2.5,-42.518
2022-11-13 17:45:00,582,Pudukkottai,2.5,-42.518
2022-11-13 17:50:00,582,Pudukkottai,2.5,-42.518
2022-11-13 17:55:00,582,Pudukkottai,2.5,-42.518
2022-11-13 18:00:00,582,Pudukkottai,2.5,-42.518
2022-11-13 18:10:00,582,Pudukkottai,0.5,-42.518
2022-11-13 18:15:00,582,Pudukkottai,0.5,-42.518
2022-11-13 18:20:00,582,Pudukkottai,0.5,-42.518
2022-11-13 18:25:00,582,Pudukkottai,1.0,-42.518
2022-11-13 18:30:00,582,Pudukkottai,1.0,-42.518
2022-11-13 18:35:00,582,Pudukkottai,1.0,-42.518
2022-11-13 18:40:00,582,Pudukkottai,1.0,-42.518
2022-11-13 18:45:00,582,Pudukkottai,1.0,-42.518
2022-11-13 18:50:00,582,Pudukkottai,1.0,-42.518
2022-11-13 18:55:00,582,Pudukkottai,1.0,-42.518
2022-11-13 19:00:00,582,Pudukkottai,3.5,-42.518
2022-11-14 02:00:00,582,Pudukkottai,0.5,-42.283
2022-11-14 06:00:00,582,Pudukkottai,0.5,-42.082
2022-11-14 07:25:00,582,Pudukkottai,0.5,-42.082
2022-11-14 07:30:00,582,Pudukkottai,0.5,-42.082
2022-11-14 07:35:00,582,Pudukkottai,0.5,-42.082
2022-11-14 07:40:00,582,Pudukkottai,0.5,-42.082
2022-11-14 07:45:00,582,Pudukkottai,0.5,-42.082
2022-11-14 07:50:00,582,Pudukkottai,0.5,-42.082
2022-11-14 07:55:00,582,Pudukkottai,0.5,-42.082
2022-11-14 08:00:00,582,Pudukkottai,0.5,-42.082
2022-11-14 08:45:00,582,Pudukkottai,0.5,-42.082
2022-11-14 08:50:00,582,Pudukkottai,0.5,-42.082
2022-11-14 08:55:00,582,Pudukkottai,1.0,-42.082
2022-11-14 09:00:00,582,Pudukkottai,1.0,-42.082
2022-11-14 09:05:00,582,Pudukkottai,1.0,-45.563
2022-11-14 09:10:00,582,Pudukkottai,1.0,-45.563
2022-11-14 09:15:00,582,Pudukkottai,1.0,-45.563
2022-11-14 09:20:00,582,Pudukkottai,1.0,-45.563
2022-11-14 09:25:00,582,Pudukkottai,1.0,-45.563
2022-11-14 09:30:00,582,Pudukkottai,1.0,-45.563
2022-11-14 09:35:00,582,Pudukkottai,1.0,-45.563
2022-11-14 09:40:00,582,Pudukkottai,1.0,-45.563
2022-11-14 09:45:00,582,Pudukkottai,1.0,-45.563
2022-11-14 09:50:00,582,Pudukkottai,1.0,-45.563
2022-11-14 09:55:00,582,Pudukkottai,1.0,-45.563
2022-11-14 10:00:00,582,Pudukkottai,1.6666666666666667,-45.563
2022-11-14 11:00:00,582,Pudukkottai,2.0,-45.563
2022-11-14 11:30:00,582,Pudukkottai,0.5,-45.563
2022-11-14 11:35:00,582,Pudukkottai,0.5,-45.563
2022-11-14 11:40:00,582,Pudukkottai,0.5,-45.563
2022-11-14 11:45:00,582,Pudukkottai,0.5,-45.563
2022-11-14 11:50:00,582,Pudukkottai,0.5,-45.563
2022-11-14 11:55:00,582,Pudukkottai,0.5,-45.563
2022-11-14 12:00:00,582,Pudukkottai,0.5,-45.563
2022-11-15 15:00:00,582,Pudukkottai,1.75,-41.983
2022-11-15 16:00:00,582,Pudukkottai,0.5,-41.889
2022-11-16 10:00:00,582,Pudukkottai,71.5,-45.224
2022-11-16 11:00:00,582,Pudukkottai,871.0,-45.224
2022-11-16 13:00:00,582,Pudukkottai,552.5,-45.224
2022-11-16 15:00:00,582,Pudukkottai,62.5,-45.224
2022-11-16 16:00:00,582,Pudukkottai,261.5,-42.495
2022-11-16 17:00:00,582,Pudukkottai,22.0,-42.495
2022-11-16 21:00:00,582,Pudukkottai,2.5,-42.495
2022-11-16 22:00:00,582,Pudukkottai,5.0,-41.969
2022-11-17 00:00:00,582,Pudukkottai,4.0,-41.969
2022-11-17 01:00:00,582,Pudukkottai,4.5,-41.969
2022-11-17 02:00:00,582,Pudukkottai,4.5,-41.969
2022-11-17 03:00:00,582,Pudukkottai,61.0,-41.969
2022-11-17 05:00:00,582,Pudukkottai,49.0,-41.797
2022-11-17 12:00:00,582,Pudukkottai,7.5,-45.232
2022-11-19 19:00:00,582,Pudukkottai,1.5,-41.992
2022-11-26 16:00:00,582,Pudukkottai,12.0,-41.882
2022-11-26 17:00:00,582,Pudukkottai,0.5,-41.882
2022-11-26 18:00:00,582,Pudukkottai,0.5,-41.882
2022-11-28 12:00:00,582,Pudukkottai,0.5,-44.547
2022-11-28 18:00:00,582,Pudukkottai,0.5,-41.917
2022-12-01 02:00:00,582,Pudukkottai,2.5,-41.753
2022-12-01 02:25:00,582,Pudukkottai,0.5,-41.753
2022-12-01 02:30:00,582,Pudukkottai,0.5,-41.753
2022-12-01 02:35:00,582,Pudukkottai,0.5,-41.753
2022-12-01 02:40:00,582,Pudukkottai,1.0,-41.753
2022-12-01 02:45:00,582,Pudukkottai,1.0,-41.753
2022-12-01 02:50:00,582,Pudukkottai,1.5,-41.753
2022-12-01 02:55:00,582,Pudukkottai,1.5,-41.753
2022-12-01 03:00:00,582,Pudukkottai,2.5,-41.753
2022-12-01 03:10:00,582,Pudukkottai,0.5,-41.753
2022-12-01 03:15:00,582,Pudukkottai,0.5,-41.753
2022-12-01 03:20:00,582,Pudukkottai,0.5,-41.753
2022-12-01 03:25:00,582,Pudukkottai,0.5,-41.753
2022-12-01 03:30:00,582,Pudukkottai,0.5,-41.753
2022-12-01 03:35:00,582,Pudukkottai,0.5,-41.753
2022-12-01 03:40:00,582,Pudukkottai,0.5,-41.753
2022-12-01 03:45:00,582,Pudukkottai,0.5,-41.753
2022-12-01 03:50:00,582,Pudukkottai,0.5,-41.753
2022-12-01 03:55:00,582,Pudukkottai,0.5,-41.753
2022-12-01 04:00:00,582,Pudukkottai,2.0,-41.753
2022-12-01 04:50:00,582,Pudukkottai,0.5,-41.753
2022-12-01 04:55:00,582,Pudukkottai,0.5,-41.753
2022-12-01 05:00:00,582,Pudukkottai,7.333333333333333,-41.753
2022-12-01 05:05:00,582,Pudukkottai,0.5,-41.753
2022-12-01 05:10:00,582,Pudukkottai,0.5,-41.753
2022-12-01 05:15:00,582,Pudukkottai,0.5,-41.753
2022-12-01 05:20:00,582,Pudukkottai,0.5,-41.753
2022-12-01 05:25:00,582,Pudukkottai,0.5,-41.753
2022-12-01 05:30:00,582,Pudukkottai,0.5,-41.753
2022-12-01 13:00:00,582,Pudukkottai,6.5,-44.728
2022-12-01 14:40:00,582,Pudukkottai,2.0,-44.728
2022-12-01 14:45:00,582,Pudukkottai,6.0,-44.728
2022-12-01 14:50:00,582,Pudukkottai,7.0,-44.728
2022-12-01 14:55:00,582,Pudukkottai,7.0,-44.728
2022-12-01 15:00:00,582,Pudukkottai,7.0,-44.728
2022-12-01 16:10:00,582,Pudukkottai,0.5,-41.981
2022-12-01 16:15:00,582,Pudukkottai,0.5,-41.981
2022-12-01 16:20:00,582,Pudukkottai,0.5,-41.981
2022-12-01 16:25:00,582,Pudukkottai,0.5,-41.981
2022-12-01 16:30:00,582,Pudukkottai,0.5,-41.981
2022-12-01 16:35:00,582,Pudukkottai,0.5,-41.981
2022-12-01 16:40:00,582,Pudukkottai,0.5,-41.981
2022-12-01 16:45:00,582,Pudukkottai,0.5,-41.981
2022-12-01 16:50:00,582,Pudukkottai,0.5,-41.981
2022-12-01 16:55:00,582,Pudukkottai,0.5,-41.981
2022-12-01 17:00:00,582,Pudukkottai,0.5,-41.981
2022-12-01 18:00:00,582,Pudukkottai,3.0,-41.981
2022-12-02 15:00:00,582,Pudukkottai,0.5,-43.244
2022-12-02 17:00:00,582,Pudukkottai,1.0,-43.35
2022-12-03 12:00:00,582,Pudukkottai,0.5,-41.933
2022-12-03 13:00:00,582,Pudukkottai,1.0,-41.933
2022-12-03 14:00:00,582,Pudukkottai,0.5,-41.933
2022-12-03 14:40:00,582,Pudukkottai,0.5,-41.933
2022-12-03 14:45:00,582,Pudukkottai,1.0,-41.933
2022-12-03 14:50:00,582,Pudukkottai,1.0,-41.933
2022-12-03 14:55:00,582,Pudukkottai,1.0,-41.933
2022-12-03 15:00:00,582,Pudukkottai,6.5,-41.933
2022-12-03 16:00:00,582,Pudukkottai,0.5,-41.933
2022-12-04 08:00:00,582,Pudukkottai,86.5,-41.618
2022-12-04 09:00:00,582,Pudukkottai,11.75,-41.618
2022-12-04 10:00:00,582,Pudukkottai,4.25,-44.703
2022-12-04 11:00:00,582,Pudukkottai,2.0,-44.703
2022-12-04 12:00:00,582,Pudukkottai,1.25,-44.703
2022-12-04 13:00:00,582,Pudukkottai,61.5,-44.703
2022-12-04 14:00:00,582,Pudukkottai,3.0,-44.703
2022-12-04 17:00:00,582,Pudukkottai,12.5,-41.895
2022-12-04 18:00:00,582,Pudukkottai,10.5,-41.895
2022-12-04 20:00:00,582,Pudukkottai,8.0,-41.895
2022-12-04 21:00:00,582,Pudukkottai,4.0,-41.895
2022-12-04 22:00:00,582,Pudukkottai,0.5,-41.661
2022-12-05 00:00:00,582,Pudukkottai,1.0,-41.661
2022-12-05 01:00:00,582,Pudukkottai,1.0,-41.661
2022-12-05 03:00:00,582,Pudukkottai,1.0,-41.661
2022-12-05 04:00:00,582,Pudukkottai,0.5,-41.525
2022-12-05 05:00:00,582,Pudukkottai,0.5,-41.525
2022-12-05 07:00:00,582,Pudukkottai,0.5,-41.525
2022-12-05 14:00:00,582,Pudukkottai,0.5,-42.646
2022-12-08 17:00:00,582,Pudukkottai,0.75,-41.474
2022-12-08 18:00:00,582,Pudukkottai,0.5,-41.474
2022-12-08 19:00:00,582,Pudukkottai,0.75,-41.474
2022-12-08 20:00:00,582,Pudukkottai,0.625,-41.474
2022-12-08 21:00:00,582,Pudukkottai,0.5,-41.474
2022-12-08 22:00:00,582,Pudukkottai,0.5,-41.198
2022-12-08 23:00:00,582,Pudukkottai,0.9,-41.198
2022-12-09 00:00:00,582,Pudukkottai,1.0,-41.198
2022-12-09 01:00:00,582,Pudukkottai,0.75,-41.198
2022-12-09 02:00:00,582,Pudukkottai,0.5,-41.198
2022-12-09 03:00:00,582,Pudukkottai,0.5,-41.198
2022-12-09 04:00:00,582,Pudukkottai,0.5,-41.072
2022-12-09 05:00:00,582,Pudukkottai,0.5,-41.072
2022-12-09 06:00:00,582,Pudukkottai,0.5,-41.072
2022-12-09 09:00:00,582,Pudukkottai,0.5,-41.072
2022-12-11 00:00:00,582,Pudukkottai,0.5,-41.068
2022-12-11 19:00:00,582,Pudukkottai,1.0,-41.237
2022-12-11 21:00:00,582,Pudukkottai,5.5,-41.237
2022-12-11 23:00:00,582,Pudukkottai,1.0,-41.053
2022-12-12 14:00:00,582,Pudukkottai,0.5,-44.253
2022-12-12 15:00:00,582,Pudukkottai,15.0,-44.253
2022-12-12 20:00:00,582,Pudukkottai,0.5,-41.013
2022-12-12 22:00:00,582,Pudukkottai,5.0,-40.7
2022-12-12 23:00:00,582,Pudukkottai,22.0,-40.7
2022-12-13 00:00:00,582,Pudukkottai,1.0,-40.7
2022-12-13 06:00:00,582,Pudukkottai,1.5,-40.55
2022-12-13 09:00:00,582,Pudukkottai,0.5,-40.55
2022-12-13 10:00:00,582,Pudukkottai,5.0,-42.407
2022-12-13 11:00:00,582,Pudukkottai,2.6666666666666665,-42.407
2022-12-13 12:00:00,582,Pudukkottai,10.75,-42.407
2022-12-13 13:00:00,582,Pudukkottai,34.5,-42.407
2022-12-13 14:00:00,582,Pudukkottai,0.5,-42.407
2022-12-13 16:00:00,582,Pudukkottai,1.0,-40.669
2022-12-13 17:00:00,582,Pudukkottai,4.0,-40.669
2022-12-13 18:00:00,582,Pudukkottai,5.0,-40.669
2022-12-13 19:00:00,582,Pudukkottai,0.75,-40.669
2022-12-13 20:00:00,582,Pudukkottai,3.5,-40.669
2022-12-13 21:00:00,582,Pudukkottai,13.5,-40.669
2022-12-14 00:00:00,582,Pudukkottai,1.5,-40.4
2022-12-14 01:00:00,582,Pudukkottai,124.5,-40.4
2022-12-14 02:00:00,582,Pudukkottai,3.0,-40.4
2022-12-14 03:00:00,582,Pudukkottai,10.5,-40.4
2022-12-14 04:00:00,582,Pudukkottai,28.5,-40.224
2022-12-14 05:00:00,582,Pudukkottai,45.5,-40.224
2022-12-14 06:00:00,582,Pudukkottai,165.5,-40.224
2022-12-14 08:00:00,582,Pudukkottai,172.5,-40.224
2022-12-14 09:00:00,582,Pudukkottai,116.5,-40.224
2022-12-14 10:00:00,582,Pudukkottai,2.0,-41.583
2022-12-14 12:00:00,582,Pudukkottai,16.0,-41.583
2022-12-14 13:00:00,582,Pudukkottai,263.5,-41.583
2022-12-14 14:00:00,582,Pudukkottai,235.0,-41.583
2022-12-14 15:00:00,582,Pudukkottai,72.0,-41.583
2022-12-14 16:00:00,582,Pudukkottai,164.5,-40.479
2022-12-14 17:00:00,582,Pudukkottai,1.0,-40.479
2022-12-14 18:00:00,582,Pudukkottai,9.0,-40.479
2022-12-14 22:00:00,582,Pudukkottai,1.0,-40.054
2022-12-15 10:00:00,582,Pudukkottai,0.5,-42.727
2022-12-15 11:00:00,582,Pudukkottai,0.5,-42.727
2022-12-15 12:00:00,582,Pudukkottai,6.5,-42.727
2022-12-15 13:00:00,582,Pudukkottai,6.5,-42.727
2022-12-15 14:00:00,582,Pudukkottai,46.0,-42.727
2022-12-17 09:00:00,582,Pudukkottai,9.0,-39.382
2022-12-17 10:00:00,582,Pudukkottai,35.0,-42.566
2022-12-17 11:00:00,582,Pudukkottai,130.5,-42.566
2022-12-17 12:00:00,582,Pudukkottai,112.5,-42.566
2022-12-17 13:00:00,582,Pudukkottai,27.5,-42.566
2022-12-17 14:00:00,582,Pudukkottai,25.0,-42.566
2022-12-17 15:00:00,582,Pudukkottai,19.0,-42.566
2022-12-17 16:00:00,582,Pudukkottai,7.5,-39.697
2022-12-17 17:00:00,582,Pudukkottai,8.0,-39.697
2022-12-21 16:00:00,582,Pudukkottai,2.0,-39.185
2022-12-25 13:00:00,582,Pudukkottai,0.8333333333333334,-41.11
2022-12-25 14:00:00,582,Pudukkottai,0.5,-41.11
2022-12-25 15:00:00,582,Pudukkottai,1.0,-41.11
2022-12-25 16:00:00,582,Pudukkottai,6.5,-39.186
2022-12-25 17:00:00,582,Pudukkottai,13.75,-39.186
2022-12-25 18:00:00,582,Pudukkottai,1.5,-39.186
2022-12-25 19:00:00,582,Pudukkottai,1.1666666666666667,-39.186
2022-12-26 00:00:00,582,Pudukkottai,0.8333333333333334,-39.031
2022-12-26 01:00:00,582,Pudukkottai,3.1666666666666665,-39.031
2022-12-26 02:00:00,582,Pudukkottai,2.833333333333333,-39.031
2022-12-26 04:00:00,582,Pudukkottai,4.0,-38.931
2022-12-26 05:00:00,582,Pudukkottai,1.5,-38.931
2022-12-26 13:00:00,582,Pudukkottai,1.6666666666666667,-42.055
2022-12-26 21:00:00,582,Pudukkottai,25.0,-39.169
2022-12-26 22:00:00,582,Pudukkottai,93.5,-39.012
2022-12-26 23:00:00,582,Pudukkottai,46.0,-39.012
2022-12-27 00:00:00,582,Pudukkottai,13.0,-39.012
2022-12-27 04:00:00,582,Pudukkottai,0.5,-38.903
2022-12-27 05:00:00,582,Pudukkottai,0.75,-38.903
2022-12-27 06:00:00,582,Pudukkottai,4.75,-38.903
2022-12-27 07:00:00,582,Pudukkottai,4.0,-38.903
2022-12-27 08:00:00,582,Pudukkottai,1.0,-38.903
2022-12-27 15:00:00,582,Pudukkottai,1.0,-42.93
2022-12-28 12:00:00,582,Pudukkottai,95.0,-42.283
2022-12-28 13:00:00,582,Pudukkottai,34.5,-42.283
2022-12-28 15:00:00,582,Pudukkottai,4.5,-42.283
2022-12-28 16:00:00,582,Pudukkottai,0.5,-39.093
2022-12-28 18:00:00,582,Pudukkottai,3.0,-39.093
2022-12-28 19:00:00,582,Pudukkottai,42.0,-39.093
2022-12-28 20:00:00,582,Pudukkottai,43.5,-39.093
2022-12-28 21:00:00,582,Pudukkottai,279.0,-39.093
2022-12-28 22:00:00,582,Pudukkottai,437.5,-38.772
2022-12-28 23:00:00,582,Pudukkottai,412.0,-38.772
2022-12-29 00:00:00,582,Pudukkottai,231.5,-38.772
2022-12-29 01:00:00,582,Pudukkottai,253.5,-38.772
2022-12-29 12:00:00,582,Pudukkottai,29.5,-40.004
2022-12-29 13:00:00,582,Pudukkottai,100.0,-40.004
2022-12-30 09:00:00,582,Pudukkottai,0.5,-38.626
2022-12-30 10:00:00,582,Pudukkottai,120.0,-40.635
2022-12-30 11:00:00,582,Pudukkottai,64.5,-40.635
2022-12-30 12:00:00,582,Pudukkottai,49.0,-40.635
2022-12-30 13:00:00,582,Pudukkottai,19.0,-40.635
2022-12-30 14:00:00,582,Pudukkottai,27.5,-40.635
2022-12-30 20:00:00,582,Pudukkottai,14.0,-41.424
2022-12-30 21:00:00,582,Pudukkottai,34.0,-41.424
2022-12-30 22:00:00,582,Pudukkottai,4.0,-38.779
2022-12-30 23:00:00,582,Pudukkottai,18.5,-38.779
2022-12-31 00:00:00,582,Pudukkottai,143.5,-38.779
2022-12-31 01:00:00,582,Pudukkottai,48.5,-38.779
2022-12-31 02:00:00,582,Pudukkottai,11.0,-38.779
2022-12-31 03:00:00,582,Pudukkottai,19.0,-38.779
2022-12-31 04:00:00,582,Pudukkottai,33.5,-38.655
2022-12-31 05:00:00,582,Pudukkottai,3.5,-38.655
2022-12-31 06:00:00,582,Pudukkottai,3.0,-38.655
2022-12-31 07:00:00,582,Pudukkottai,8.5,-38.655
2022-12-31 08:00:00,582,Pudukkottai,19.5,-38.655
2022-12-31 09:00:00,582,Pudukkottai,27.5,-38.655
2022-12-31 10:00:00,582,Pudukkottai,7.0,-39.466
2022-12-31 11:00:00,582,Pudukkottai,50.5,-39.466
2022-12-31 12:00:00,582,Pudukkottai,504.5,-39.466
2022-12-31 13:00:00,582,Pudukkottai,40.5,-39.466
2022-12-31 14:00:00,582,Pudukkottai,50.5,-39.466
2022-12-31 15:00:00,582,Pudukkottai,13.5,-39.466
2022-12-31 16:00:00,582,Pudukkottai,110.0,-39.466
2022-12-31 18:00:00,582,Pudukkottai,10.0,-39.466
2022-12-31 19:00:00,582,Pudukkottai,3.0,-39.466
2022-12-31 20:00:00,582,Pudukkottai,1.5,-39.466
2022-12-31 22:00:00,582,Pudukkottai,12.5,-38.643
2022-12-31 23:00:00,582,Pudukkottai,16.0,-38.643
2023-01-01 02:00:00,582,Pudukkottai,1.0,-38.643
2023-01-01 03:00:00,582,Pudukkottai,6.5,-38.643
2023-01-01 04:00:00,582,Pudukkottai,10.0,-38.643
2023-01-01 05:00:00,582,Pudukkottai,53.5,-38.643
2023-01-01 06:00:00,582,Pudukkottai,89.5,-38.643
2023-01-01 07:00:00,582,Pudukkottai,34.5,-38.643
2023-01-01 08:00:00,582,Pudukkottai,226.0,-38.643
2023-01-01 09:00:00,582,Pudukkottai,222.5,-38.643
2023-01-01 10:00:00,582,Pudukkottai,248.0,-42.655
2023-01-01 11:00:00,582,Pudukkottai,12.0,-42.655
2023-01-01 12:00:00,582,Pudukkottai,7.5,-42.655
2023-01-01 15:00:00,582,Pudukkottai,116.0,-42.655
2023-01-01 16:00:00,582,Pudukkottai,47.0,-42.655
2023-01-01 17:00:00,582,Pudukkottai,44.0,-42.655
2023-01-01 19:00:00,582,Pudukkottai,5.0,-42.655
2023-01-01 20:00:00,582,Pudukkottai,171.0,-42.655
2023-01-01 21:00:00,582,Pudukkottai,167.5,-42.655
2023-01-01 22:00:00,582,Pudukkottai,101.0,-38.668
2023-01-01 23:00:00,582,Pudukkottai,33.5,-38.668
2023-01-02 00:00:00,582,Pudukkottai,22.5,-38.668
2023-01-02 01:00:00,582,Pudukkottai,13.0,-38.668
2023-01-02 04:00:00,582,Pudukkottai,72.0,-38.668
2023-01-02 05:00:00,582,Pudukkottai,90.0,-38.668
2023-01-02 06:00:00,582,Pudukkottai,113.5,-38.668
2023-01-02 07:00:00,582,Pudukkottai,33.5,-38.668
2023-01-02 08:00:00,582,Pudukkottai,80.5,-38.668
2023-01-02 09:00:00,582,Pudukkottai,462.0,-38.668
2023-01-02 10:00:00,582,Pudukkottai,447.5,-39.082
2023-01-02 11:00:00,582,Pudukkottai,346.5,-39.082
2023-01-02 12:00:00,582,Pudukkottai,54.0,-39.082
2023-01-02 13:00:00,582,Pudukkottai,30.5,-39.082
2023-01-02 14:00:00,582,Pudukkottai,32.5,-39.082
2023-01-02 15:00:00,582,Pudukkottai,40.0,-39.082
2023-01-02 21:00:00,582,Pudukkottai,0.5,-39.697
2023-01-02 22:00:00,582,Pudukkottai,124.5,-38.918
2023-01-02 23:00:00,582,Pudukkottai,85.0,-38.918
2023-01-03 00:00:00,582,Pudukkottai,6.5,-38.918
2023-01-03 01:00:00,582,Pudukkottai,44.0,-38.918
2023-01-03 02:00:00,582,Pudukkottai,6.0,-38.918
2023-01-03 03:00:00,582,Pudukkottai,58.5,-38.918
2023-01-03 10:00:00,582,Pudukkottai,4.5,-42.619
2023-01-03 11:00:00,582,Pudukkottai,66.0,-42.619
2023-01-03 12:00:00,582,Pudukkottai,22.0,-42.619
2023-01-03 13:00:00,582,Pudukkottai,373.0,-42.619
2023-01-03 14:00:00,582,Pudukkottai,698.0,-42.619
2023-01-03 15:00:00,582,Pudukkottai,274.5,-42.619
2023-01-03 16:00:00,582,Pudukkottai,1278.0,-42.619
2023-01-03 17:00:00,582,Pudukkottai,948.0,-42.619
2023-01-03 18:00:00,582,Pudukkottai,27.0,-42.619
2023-01-03 19:00:00,582,Pudukkottai,0.5,-42.619
2023-01-03 21:00:00,582,Pudukkottai,1.0,-42.619
2023-01-03 22:00:00,582,Pudukkottai,9.5,-38.733
2023-01-03 23:00:00,582,Pudukkottai,19.5,-38.733
2023-01-04 00:00:00,582,Pudukkottai,0.5,-38.733
2023-01-04 02:00:00,582,Pudukkottai,0.5,-38.733
2023-01-04 12:00:00,582,Pudukkottai,1.0,-40.761
2023-01-04 13:00:00,582,Pudukkottai,1.0,-40.761
2023-01-04 14:00:00,582,Pudukkottai,294.5,-40.761
2023-01-04 15:00:00,582,Pudukkottai,191.5,-40.761
2023-01-04 16:00:00,582,Pudukkottai,216.5,-39.074
2023-01-04 17:00:00,582,Pudukkottai,9.5,-39.074
2023-01-04 18:00:00,582,Pudukkottai,8.5,-39.074
2023-01-04 20:00:00,582,Pudukkottai,6.5,-39.074
2023-01-04 21:00:00,582,Pudukkottai,5.0,-39.074
2023-01-05 08:00:00,582,Pudukkottai,20.5,-38.776
2023-01-05 09:00:00,582,Pudukkottai,13.5,-38.776
2023-01-05 10:00:00,582,Pudukkottai,34.5,-40.364
2023-01-05 11:00:00,582,Pudukkottai,11.5,-40.364
2023-01-07 15:00:00,582,Pudukkottai,9.0,-39.373
2023-01-08 11:00:00,582,Pudukkottai,0.5,-39.373
2023-01-09 08:00:00,582,Pudukkottai,6.5,-39.169
2023-01-10 11:00:00,582,Pudukkottai,97.5,-41.916
2023-01-10 12:00:00,582,Pudukkottai,807.5,-41.916
2023-01-10 13:00:00,582,Pudukkottai,62.5,-41.916
2023-01-10 14:00:00,582,Pudukkottai,777.0,-41.916
2023-01-10 15:00:00,582,Pudukkottai,921.5,-41.916
2023-01-10 16:00:00,582,Pudukkottai,816.0,-39.626
2023-01-10 17:00:00,582,Pudukkottai,144.5,-39.626
2023-01-10 18:00:00,582,Pudukkottai,1099.5,-39.626
2023-01-10 19:00:00,582,Pudukkottai,200.0,-39.626
2023-01-10 20:00:00,582,Pudukkottai,49.0,-39.626
2023-01-10 21:00:00,582,Pudukkottai,115.5,-39.626
2023-01-10 22:00:00,582,Pudukkottai,207.0,-39.404
2023-01-11 01:00:00,582,Pudukkottai,51.0,-39.404
2023-01-11 03:00:00,582,Pudukkottai,997.5,-39.404
2023-01-11 04:00:00,582,Pudukkottai,85.5,-39.323
2023-01-11 05:00:00,582,Pudukkottai,6.0,-39.323
2023-01-11 06:00:00,582,Pudukkottai,51.5,-39.323
2023-01-11 08:00:00,582,Pudukkottai,12.0,-39.323
2023-01-11 09:00:00,582,Pudukkottai,46.5,-39.323
2023-01-11 10:00:00,582,Pudukkottai,246.5,-41.814
2023-01-11 11:00:00,582,Pudukkottai,220.0,-41.814
2023-01-11 12:00:00,582,Pudukkottai,899.5,-41.814
2023-01-11 13:00:00,582,Pudukkottai,800.0,-41.814
2023-01-11 14:00:00,582,Pudukkottai,124.0,-41.814
2023-01-11 15:00:00,582,Pudukkottai,0.5,-41.814
2023-01-12 11:00:00,582,Pudukkottai,2.0,-42.212
2023-01-12 12:00:00,582,Pudukkottai,213.5,-42.212
2023-01-12 13:00:00,582,Pudukkottai,676.0,-42.212
2023-01-12 14:00:00,582,Pudukkottai,340.0,-42.212
2023-01-12 15:00:00,582,Pudukkottai,191.5,-42.212
2023-01-12 16:00:00,582,Pudukkottai,196.5,-39.797
2023-01-12 17:00:00,582,Pudukkottai,277.5,-39.797
2023-01-12 18:00:00,582,Pudukkottai,368.5,-39.797
2023-01-12 19:00:00,582,Pudukkottai,203.0,-39.797
2023-01-12 20:00:00,582,Pudukkottai,171.5,-39.797
2023-01-12 21:00:00,582,Pudukkottai,389.5,-39.797
2023-01-12 22:00:00,582,Pudukkottai,264.5,-39.651
2023-01-12 23:00:00,582,Pudukkottai,317.5,-39.651
2023-01-13 00:00:00,582,Pudukkottai,508.5,-39.651
2023-01-13 01:00:00,582,Pudukkottai,308.5,-39.651
2023-01-13 02:00:00,582,Pudukkottai,242.5,-39.651
2023-01-13 03:00:00,582,Pudukkottai,283.5,-39.651
2023-01-13 04:00:00,582,Pudukkottai,176.0,-39.583
2023-01-13 05:00:00,582,Pudukkottai,640.5,-39.583
2023-01-13 06:00:00,582,Pudukkottai,128.5,-39.583
2023-01-13 07:00:00,582,Pudukkottai,130.0,-39.583
2023-01-13 08:00:00,582,Pudukkottai,66.0,-39.583
2023-01-13 09:00:00,582,Pudukkottai,88.0,-39.583
2023-01-13 10:00:00,582,Pudukkottai,138.5,-43.192
2023-01-13 11:00:00,582,Pudukkottai,202.0,-43.192
2023-01-13 12:00:00,582,Pudukkottai,211.5,-43.192
2023-01-13 13:00:00,582,Pudukkottai,93.0,-43.192
2023-01-13 14:00:00,582,Pudukkottai,20.0,-43.192
2023-01-13 15:00:00,582,Pudukkottai,203.5,-43.192
2023-01-13 16:00:00,582,Pudukkottai,457.5,-39.929
2023-01-13 17:00:00,582,Pudukkottai,209.0,-39.929
2023-01-13 18:00:00,582,Pudukkottai,102.5,-39.929
2023-01-13 19:00:00,582,Pudukkottai,94.0,-39.929
2023-01-13 20:00:00,582,Pudukkottai,43.0,-39.929
2023-01-13 21:00:00,582,Pudukkottai,17.5,-39.929
2023-01-13 22:00:00,582,Pudukkottai,92.5,-39.778
2023-01-13 23:00:00,582,Pudukkottai,38.5,-39.778
2023-01-14 00:00:00,582,Pudukkottai,9.5,-39.778
2023-01-14 01:00:00,582,Pudukkottai,23.0,-39.778
2023-01-14 02:00:00,582,Pudukkottai,1.5,-39.778
2023-01-14 04:00:00,582,Pudukkottai,2.0,-39.695
2023-01-14 05:00:00,582,Pudukkottai,0.5,-39.695
2023-01-14 11:00:00,582,Pudukkottai,36.0,-43.3
2023-01-14 12:00:00,582,Pudukkottai,72.5,-43.3
2023-01-14 13:00:00,582,Pudukkottai,117.5,-43.3
2023-01-14 15:00:00,582,Pudukkottai,49.5,-43.3
2023-01-15 00:00:00,582,Pudukkottai,15.0,-39.882
2023-01-15 10:00:00,582,Pudukkottai,3.5,-43.348
2023-01-15 11:00:00,582,Pudukkottai,15.0,-43.348
2023-01-15 12:00:00,582,Pudukkottai,14.0,-43.348
2023-01-15 19:00:00,582,Pudukkottai,246.5,-40.817
2023-01-15 20:00:00,582,Pudukkottai,191.0,-40.817
2023-01-15 21:00:00,582,Pudukkottai,36.5,-40.817
2023-01-15 22:00:00,582,Pudukkottai,2.0,-40.637
2023-01-30 19:00:00,582,Pudukkottai,7.0,-41.216
2023-01-31 01:00:00,582,Pudukkottai,0.5,-41.072
2023-02-01 17:00:00,582,Pudukkottai,0.5,-41.461
2023-02-02 02:00:00,582,Pudukkottai,0.5,-41.234
2023-02-02 03:00:00,582,Pudukkottai,0.5,-41.234
2023-02-02 05:00:00,582,Pudukkottai,0.5,-41.127
2023-02-02 08:00:00,582,Pudukkottai,1.0,-41.127
2023-02-02 09:00:00,582,Pudukkottai,1.1666666666666667,-41.127
2023-02-02 10:00:00,582,Pudukkottai,1.9,-44.74
2023-02-02 11:00:00,582,Pudukkottai,6.8,-44.74
2023-02-02 12:00:00,582,Pudukkottai,6.2,-44.74
2023-02-02 13:00:00,582,Pudukkottai,5.4,-44.74
2023-02-02 14:00:00,582,Pudukkottai,0.9,-44.74
2023-02-02 15:00:00,582,Pudukkottai,1.0,-44.74
2023-02-02 16:00:00,582,Pudukkottai,1.1666666666666667,-41.34
2023-02-02 17:00:00,582,Pudukkottai,7.375,-41.34
2023-02-02 18:00:00,582,Pudukkottai,5.3,-41.34
2023-02-02 19:00:00,582,Pudukkottai,3.2,-41.34
2023-02-02 20:00:00,582,Pudukkottai,0.75,-41.34
2023-02-02 21:00:00,582,Pudukkottai,0.5,-41.34
2023-02-02 22:00:00,582,Pudukkottai,0.5,-41.017
2023-02-02 23:00:00,582,Pudukkottai,0.5,-41.017
2023-02-03 09:00:00,582,Pudukkottai,0.5,-40.819
2023-02-03 10:00:00,582,Pudukkottai,1.0,-44.544
2023-02-03 11:00:00,582,Pudukkottai,1.3333333333333333,-44.544
2023-02-03 12:00:00,582,Pudukkottai,0.75,-44.544
2023-02-03 13:00:00,582,Pudukkottai,0.75,-44.544
2023-02-03 15:00:00,582,Pudukkottai,7.5,-44.544
2023-02-03 16:00:00,582,Pudukkottai,6.25,-40.956
2023-02-03 17:00:00,582,Pudukkottai,7.0,-40.956
2023-02-03 18:00:00,582,Pudukkottai,2.333333333333333,-40.956
2023-02-03 19:00:00,582,Pudukkottai,1.75,-40.956
2023-02-03 20:00:00,582,Pudukkottai,4.333333333333333,-40.956
2023-02-03 21:00:00,582,Pudukkottai,1.0,-40.956
2023-02-03 22:00:00,582,Pudukkottai,0.6666666666666666,-40.655
2023-02-03 23:00:00,582,Pudukkottai,2.25,-40.655
2023-02-04 00:00:00,582,Pudukkottai,1.6666666666666667,-40.655
2023-02-04 01:00:00,582,Pudukkottai,1.0,-40.655
2023-02-04 04:00:00,582,Pudukkottai,0.5,-40.469
2023-02-04 05:00:00,582,Pudukkottai,1.0,-40.469
2023-02-04 07:00:00,582,Pudukkottai,1.0,-40.469
2023-02-04 09:00:00,582,Pudukkottai,0.5,-40.469
2023-03-19 22:00:00,582,Pudukkottai,4.0,-22.096
2023-03-19 23:00:00,582,Pudukkottai,6.0,-22.096
2023-03-20 01:00:00,582,Pudukkottai,0.5,-22.096
2023-03-20 15:00:00,582,Pudukkottai,15.0,-23.36
2023-03-20 16:00:00,582,Pudukkottai,1.5,-22.152
2023-03-20 17:00:00,582,Pudukkottai,0.5,-22.152
2023-03-21 09:00:00,582,Pudukkottai,0.5,-22.034
2023-03-28 16:00:00,582,Pudukkottai,0.5,-22.6105
2023-04-01 14:00:00,582,Pudukkottai,3.5,-24.121
2023-04-02 19:00:00,582,Pudukkottai,1.0,-22.924
2023-04-03 18:00:00,582,Pudukkottai,1.0,-23.069
2023-04-04 16:00:00,582,Pudukkottai,2.5,-23.161
2023-04-04 17:00:00,582,Pudukkottai,3.0,-23.161
2023-04-22 18:00:00,582,Pudukkottai,11.5,-24.7515
2023-04-22 19:00:00,582,Pudukkottai,4.5,-24.7515
2023-04-23 21:00:00,582,Pudukkottai,18.5,-24.1915
2023-04-23 22:00:00,582,Pudukkottai,15.5,-24.2445
2023-04-23 23:00:00,582,Pudukkottai,3.75,-24.2445
2023-04-24 00:00:00,582,Pudukkottai,1.6666666666666667,-24.2445
2023-04-24 01:00:00,582,Pudukkottai,2.0,-24.2445
2023-04-24 02:00:00,582,Pudukkottai,2.0,-24.2445
2023-04-24 03:00:00,582,Pudukkottai,1.0,-24.2445
2023-04-24 04:00:00,582,Pudukkottai,0.5,-24.181
2023-04-24 05:00:00,582,Pudukkottai,0.5,-24.181
2023-04-24 06:00:00,582,Pudukkottai,0.5,-24.181
2023-04-24 07:00:00,582,Pudukkottai,0.5,-24.181
2023-04-24 09:00:00,582,Pudukkottai,0.5,-24.181
2023-04-24 14:00:00,582,Pudukkottai,0.5,-24.7245
2023-04-25 04:00:00,582,Pudukkottai,0.5,-24.221
2023-04-25 05:00:00,582,Pudukkottai,2.5,-24.221
2023-04-25 06:00:00,582,Pudukkottai,0.5,-24.221
2023-04-25 07:00:00,582,Pudukkottai,0.5,-24.221
2023-04-25 14:00:00,582,Pudukkottai,0.5,-25.028
2023-04-25 16:00:00,582,Pudukkottai,0.5,-24.3285
2023-04-26 08:00:00,582,Pudukkottai,26.5,-24.277
2023-04-26 09:00:00,582,Pudukkottai,18.0,-24.277
2023-04-26 11:00:00,582,Pudukkottai,0.5,-24.8835
2023-04-26 13:00:00,582,Pudukkottai,0.5,-24.8835
2023-04-27 11:00:00,582,Pudukkottai,0.5,-25.1005
2023-04-27 15:00:00,582,Pudukkottai,14.5,-25.1005
2023-04-27 16:00:00,582,Pudukkottai,1.5,-24.4705
2023-04-28 10:00:00,582,Pudukkottai,7.5,-24.855
2023-04-28 12:00:00,582,Pudukkottai,0.5,-24.855
2023-04-28 13:00:00,582,Pudukkottai,0.5,-24.855
2023-04-28 17:00:00,582,Pudukkottai,60.0,-24.8915
2023-04-29 15:00:00,582,Pudukkottai,2.125,-24.9045
2023-04-29 17:00:00,582,Pudukkottai,0.5,-24.517
2023-04-29 18:00:00,582,Pudukkottai,1.5,-24.517
2023-04-29 19:00:00,582,Pudukkottai,1.0,-24.517
2023-04-29 22:00:00,582,Pudukkottai,1.0,-24.4525
2023-04-30 02:00:00,582,Pudukkottai,0.5,-24.4525
2023-04-30 13:00:00,582,Pudukkottai,1.0,-24.387
2023-04-30 14:00:00,582,Pudukkottai,3.5,-24.387
2023-05-01 03:00:00,582,Pudukkottai,5.5,-24.376
2023-05-01 14:00:00,582,Pudukkottai,26.0,-24.843
2023-05-01 15:00:00,582,Pudukkottai,7.75,-24.843
2023-05-02 03:00:00,582,Pudukkottai,1.1666666666666667,-24.2975
2023-05-02 04:00:00,582,Pudukkottai,11.0,-24.1865
2023-05-02 05:00:00,582,Pudukkottai,5.166666666666667,-24.1865
2023-05-02 06:00:00,582,Pudukkottai,1.0,-24.1865
2023-05-02 07:00:00,582,Pudukkottai,0.5,-24.1865
2023-05-02 08:00:00,582,Pudukkottai,0.5,-24.1865
2023-05-03 17:00:00,582,Pudukkottai,0.5,-24.1855
2023-05-03 18:00:00,582,Pudukkottai,10.666666666666666,-24.1855
2023-05-03 19:00:00,582,Pudukkottai,4.0,-24.1855
2023-05-03 20:00:00,582,Pudukkottai,1.0,-24.1855
2023-05-03 21:00:00,582,Pudukkottai,2.6666666666666665,-24.1855
2023-05-03 22:00:00,582,Pudukkottai,3.333333333333333,-24.041500000000003
2023-05-03 23:00:00,582,Pudukkottai,3.5,-24.041500000000003
2023-05-04 00:00:00,582,Pudukkottai,1.8333333333333333,-24.041500000000003
2023-05-04 01:00:00,582,Pudukkottai,0.6666666666666666,-24.041500000000003
2023-05-04 19:00:00,582,Pudukkottai,28.5,-23.9805
2023-05-04 20:00:00,582,Pudukkottai,6.166666666666667,-23.9805
2023-05-04 21:00:00,582,Pudukkottai,1.0,-23.9805
2023-05-04 22:00:00,582,Pudukkottai,1.0,-23.9425
2023-05-04 23:00:00,582,Pudukkottai,0.5,-23.9425
2023-05-05 01:00:00,582,Pudukkottai,0.5,-23.9425
2023-05-06 21:00:00,582,Pudukkottai,0.5,-23.838
2023-05-06 22:00:00,582,Pudukkottai,27.0,-23.802
2023-05-06 23:00:00,582,Pudukkottai,1.5,-23.802
2023-05-07 00:00:00,582,Pudukkottai,3.1666666666666665,-23.802
2023-05-07 01:00:00,582,Pudukkottai,1.0,-23.802
2023-05-07 02:00:00,582,Pudukkottai,0.5,-23.802
2023-05-07 04:00:00,582,Pudukkottai,0.5,-23.709
2023-05-07 05:00:00,582,Pudukkottai,0.5,-23.709
2023-05-08 00:00:00,582,Pudukkottai,6.0,-23.845
2023-05-08 17:00:00,582,Pudukkottai,0.5,-23.730500000000003
2023-05-08 18:00:00,582,Pudukkottai,1.0,-23.730500000000003
2023-05-09 20:00:00,582,Pudukkottai,1.5,-24.807
2023-06-04 20:00:00,582,Pudukkottai,1.5,-24.734
2023-06-05 19:00:00,582,Pudukkottai,12.0,-24.773
2023-06-05 20:00:00,582,Pudukkottai,3.0,-24.773
2023-06-05 23:00:00,582,Pudukkottai,0.5,-24.849
2023-06-07 19:00:00,582,Pudukkottai,5.0,-25.107
2023-06-07 20:00:00,582,Pudukkottai,13.5,-25.107
2023-06-07 21:00:00,582,Pudukkottai,0.5,-25.107
2023-06-07 22:00:00,582,Pudukkottai,0.5,-25.033
2023-06-12 17:00:00,582,Pudukkottai,7.5,-25.0685
2023-06-12 19:00:00,582,Pudukkottai,7.833333333333333,-25.0685
2023-06-12 20:00:00,582,Pudukkottai,1.0,-25.0685
2023-06-12 21:00:00,582,Pudukkottai,1.1666666666666667,-25.0685
2023-06-13 16:00:00,582,Pudukkottai,5.0,-25.1755
2023-06-18 13:00:00,582,Pudukkottai,0.5,-25.379
2023-06-18 16:00:00,582,Pudukkottai,0.5,-25.173
2023-06-18 17:00:00,582,Pudukkottai,0.5,-25.173
2023-06-19 01:00:00,582,Pudukkottai,0.5,-25.266
2023-06-19 03:00:00,582,Pudukkottai,0.5,-25.266
2023-06-19 04:00:00,582,Pudukkottai,0.5,-25.087
2023-06-19 08:00:00,582,Pudukkottai,0.5,-25.087
2023-06-21 21:00:00,582,Pudukkottai,20.5,-25.243
2023-06-21 22:00:00,582,Pudukkottai,5.5,-25.2185
2023-06-21 23:00:00,582,Pudukkottai,11.0,-25.2185
2023-06-22 19:00:00,582,Pudukkottai,3.25,-25.294
2023-06-22 20:00:00,582,Pudukkottai,14.166666666666666,-25.294
2023-06-22 21:00:00,582,Pudukkottai,5.166666666666667,-25.294
2023-06-22 22:00:00,582,Pudukkottai,0.5,-25.2365
2023-06-23 01:00:00,582,Pudukkottai,1.0,-25.2365
2023-06-23 02:00:00,582,Pudukkottai,18.75,-25.2365
2023-06-23 03:00:00,582,Pudukkottai,20.5,-25.2365
2023-06-23 04:00:00,582,Pudukkottai,3.5,-25.1765
2023-06-23 05:00:00,582,Pudukkottai,1.0,-25.1765
2023-06-23 08:00:00,582,Pudukkottai,0.5,-25.1765
2023-06-23 20:00:00,582,Pudukkottai,0.5,-25.343
2023-06-23 21:00:00,582,Pudukkottai,2.0,-25.343
2023-06-24 20:00:00,582,Pudukkottai,12.0,-25.337
2023-06-24 21:00:00,582,Pudukkottai,1.0,-25.337
2023-06-26 20:00:00,582,Pudukkottai,6.25,-25.386
2023-06-28 20:00:00,582,Pudukkottai,0.5,-25.389
2023-06-29 16:00:00,582,Pudukkottai,13.5,-25.412
2023-06-29 17:00:00,582,Pudukkottai,1.0,-25.412
2023-06-29 19:00:00,582,Pudukkottai,0.5,-25.412
2023-06-29 20:00:00,582,Pudukkottai,0.5,-25.412
2023-06-30 01:00:00,582,Pudukkottai,0.5,-25.382
2023-06-30 19:00:00,582,Pudukkottai,5.0,-25.431
2023-06-30 22:00:00,582,Pudukkottai,0.5,-25.376
2023-07-02 22:00:00,582,Pudukkottai,13.75,-25.468
2023-07-02 23:00:00,582,Pudukkottai,4.833333333333333,-25.468
2023-07-03 00:00:00,582,Pudukkottai,0.5,-25.468
2023-07-03 05:00:00,582,Pudukkottai,0.5,-25.427
2023-07-03 19:00:00,582,Pudukkottai,0.5,-25.443
2023-07-04 15:00:00,582,Pudukkottai,2.5,-25.524
2023-07-04 17:00:00,582,Pudukkottai,0.5,-25.518
2023-07-04 18:00:00,582,Pudukkottai,2.5,-25.518
2023-07-04 20:00:00,582,Pudukkottai,0.5,-25.518
2023-07-10 16:00:00,582,Pudukkottai,0.5,-25.7445
2023-07-10 17:00:00,582,Pudukkottai,4.0,-25.7445
2023-07-10 18:00:00,582,Pudukkottai,11.0,-25.7445
2023-07-10 19:00:00,582,Pudukkottai,2.5,-25.7445
2023-07-10 20:00:00,582,Pudukkottai,1.0,-25.7445
2023-07-10 21:00:00,582,Pudukkottai,1.5,-25.7445
2023-07-10 22:00:00,582,Pudukkottai,3.5,-25.7125
2023-07-10 23:00:00,582,Pudukkottai,2.0,-25.7125
2023-07-11 00:00:00,582,Pudukkottai,0.5,-25.7125
2023-07-11 01:00:00,582,Pudukkottai,0.5,-25.7125
2023-07-11 02:00:00,582,Pudukkottai,1.0,-25.7125
2023-07-11 03:00:00,582,Pudukkottai,0.5,-25.7125
2023-07-11 06:00:00,582,Pudukkottai,0.5,-25.6665
2023-07-11 17:00:00,582,Pudukkottai,3.25,-25.6655
2023-07-11 18:00:00,582,Pudukkottai,1.0,-25.6655
2023-07-11 22:00:00,582,Pudukkottai,0.5,-25.6965
2023-07-12 18:00:00,582,Pudukkottai,13.5,-25.669
2023-07-12 19:00:00,582,Pudukkottai,1.0,-25.669
2023-07-12 20:00:00,582,Pudukkottai,1.0,-25.669
2023-07-12 23:00:00,582,Pudukkottai,3.5,-25.65
2023-07-13 00:00:00,582,Pudukkottai,1.0,-25.65
2023-07-13 08:00:00,582,Pudukkottai,8.0,-25.5895
2023-07-13 09:00:00,582,Pudukkottai,34.0,-25.5895
2023-07-13 10:00:00,582,Pudukkottai,14.0,-25.6455
2023-07-13 11:00:00,582,Pudukkottai,6.0,-25.6455
2023-07-13 15:00:00,582,Pudukkottai,24.5,-25.6455
2023-07-13 16:00:00,582,Pudukkottai,74.0,-47.639
2023-07-26 17:00:00,582,Pudukkottai,4.5,-25.8895
2023-07-26 18:00:00,582,Pudukkottai,0.5,-25.8895
2023-08-06 19:00:00,582,Pudukkottai,0.5,-26.2395
2023-08-06 20:00:00,582,Pudukkottai,2.5,-26.2395
2023-08-06 21:00:00,582,Pudukkottai,0.5,-26.2395
2023-08-07 21:00:00,582,Pudukkottai,6.0,-26.264
2023-08-08 16:00:00,582,Pudukkottai,5.5,-26.2345
2023-08-08 17:00:00,582,Pudukkottai,0.5,-26.2345
2023-08-08 18:00:00,582,Pudukkottai,0.75,-26.2345
2023-08-08 19:00:00,582,Pudukkottai,0.5,-26.2345
2023-08-08 20:00:00,582,Pudukkottai,0.5,-26.2345
2023-08-08 21:00:00,582,Pudukkottai,0.5,-26.2345
2023-08-08 22:00:00,582,Pudukkottai,0.5,-26.2445
2023-08-10 20:00:00,582,Pudukkottai,1.0,-26.2575
2023-08-10 21:00:00,582,Pudukkottai,3.5,-26.2575
2023-08-11 02:00:00,582,Pudukkottai,3.0,-26.254
2023-08-11 17:00:00,582,Pudukkottai,12.5,-26.2365
2023-08-11 18:00:00,582,Pudukkottai,34.25,-26.2365
2023-08-11 19:00:00,582,Pudukkottai,1.5,-26.2365
2023-08-11 20:00:00,582,Pudukkottai,3.75,-26.2365
2023-08-11 21:00:00,582,Pudukkottai,5.0,-26.2365
2023-08-11 22:00:00,582,Pudukkottai,1.5,-26.256
2023-08-11 23:00:00,582,Pudukkottai,1.0,-26.256
2023-08-12 00:00:00,582,Pudukkottai,1.1666666666666667,-26.256
2023-08-12 01:00:00,582,Pudukkottai,0.5,-26.256
2023-08-12 02:00:00,582,Pudukkottai,0.5,-26.256
2023-08-12 19:00:00,582,Pudukkottai,1.0,-26.255000000000003
2023-08-12 20:00:00,582,Pudukkottai,38.66666666666666,-26.255000000000003
2023-08-12 21:00:00,582,Pudukkottai,6.0,-26.255000000000003
2023-08-12 22:00:00,582,Pudukkottai,0.5,-26.225
2023-08-13 02:00:00,582,Pudukkottai,0.5,-26.225
2023-08-14 22:00:00,582,Pudukkottai,9.75,-26.1635
2023-08-22 19:00:00,582,Pudukkottai,9.0,-26.2215
2023-08-22 20:00:00,582,Pudukkottai,32.5,-26.2215
2023-08-22 21:00:00,582,Pudukkottai,0.5,-26.2215
2023-08-29 18:00:00,582,Pudukkottai,3.5,-49.003
2023-08-29 20:00:00,582,Pudukkottai,44.5,-49.003
2023-08-29 21:00:00,582,Pudukkottai,7.5,-49.003
2023-08-29 22:00:00,582,Pudukkottai,4.125,-48.999
2023-08-29 23:00:00,582,Pudukkottai,2.1666666666666665,-48.999
2023-08-30 00:00:00,582,Pudukkottai,0.5,-48.999
2023-08-30 01:00:00,582,Pudukkottai,0.5,-48.999
2023-08-30 04:00:00,582,Pudukkottai,0.5,-48.853
2023-08-31 19:00:00,582,Pudukkottai,6.5,-49.071
2023-08-31 20:00:00,582,Pudukkottai,2.25,-49.071
2023-08-31 21:00:00,582,Pudukkottai,17.75,-49.071
2023-08-31 22:00:00,582,Pudukkottai,7.333333333333333,-49.08
2023-08-31 23:00:00,582,Pudukkottai,1.0,-49.08
2023-09-01 00:00:00,582,Pudukkottai,0.5,-49.08
2023-09-02 19:00:00,582,Pudukkottai,16.25,-49.126
2023-09-02 20:00:00,582,Pudukkottai,8.25,-49.126
2023-09-02 21:00:00,582,Pudukkottai,0.5,-49.126
2023-09-03 05:00:00,582,Pudukkottai,0.5,-49.125
2023-09-03 18:00:00,582,Pudukkottai,0.5,-49.168
2023-09-10 17:00:00,582,Pudukkottai,0.5,-49.35
2023-09-12 20:00:00,582,Pudukkottai,0.5,-49.332
2023-09-14 18:00:00,582,Pudukkottai,24.0,-49.37
2023-09-14 19:00:00,582,Pudukkottai,1.0,-49.37
2023-09-15 16:00:00,582,Pudukkottai,0.5,-49.498
2023-09-15 18:00:00,582,Pudukkottai,5.0,-49.498
2023-09-16 18:00:00,582,Pudukkottai,1.25,-49.527
2023-09-16 19:00:00,582,Pudukkottai,9.0,-49.527
2023-09-16 20:00:00,582,Pudukkottai,25.0,-49.527
2023-09-17 00:00:00,582,Pudukkottai,0.5,-49.351
2023-09-17 01:00:00,582,Pudukkottai,0.5,-49.351
2023-09-17 20:00:00,582,Pudukkottai,3.5,-49.363
2023-09-17 21:00:00,582,Pudukkottai,3.0,-49.363
2023-09-17 22:00:00,582,Pudukkottai,1.6666666666666667,-49.48
2023-09-17 23:00:00,582,Pudukkottai,2.0,-49.48
2023-09-18 00:00:00,582,Pudukkottai,0.5,-49.48
2023-09-18 01:00:00,582,Pudukkottai,0.75,-49.48
2023-09-18 02:00:00,582,Pudukkottai,0.75,-49.48
2023-09-18 03:00:00,582,Pudukkottai,0.75,-49.48
2023-09-18 04:00:00,582,Pudukkottai,0.5,-49.344
2023-09-18 05:00:00,582,Pudukkottai,0.5,-49.344
2023-09-18 10:00:00,582,Pudukkottai,0.5,-49.368
2023-09-18 17:00:00,582,Pudukkottai,8.0,-49.342
2023-09-18 18:00:00,582,Pudukkottai,22.75,-49.342
2023-09-18 19:00:00,582,Pudukkottai,17.75,-49.342
2023-09-18 20:00:00,582,Pudukkottai,1.75,-49.342
2023-09-18 21:00:00,582,Pudukkottai,1.0,-49.342
2023-09-18 22:00:00,582,Pudukkottai,1.0,-49.491
2023-09-18 23:00:00,582,Pudukkottai,0.5,-49.491
2023-09-19 12:00:00,582,Pudukkottai,0.5,-49.594
2023-09-19 20:00:00,582,Pudukkottai,13.0,-49.351
2023-09-19 21:00:00,582,Pudukkottai,1.0,-49.351
2023-09-20 01:00:00,582,Pudukkottai,0.5,-49.528
2023-09-20 10:00:00,582,Pudukkottai,0.5,-49.604
2023-09-20 19:00:00,582,Pudukkottai,0.5,-49.377
2023-09-21 11:00:00,582,Pudukkottai,0.5,-49.357
2023-09-21 16:00:00,582,Pudukkottai,0.5,-49.346
2023-09-21 17:00:00,582,Pudukkottai,29.0,-49.346
2023-09-22 00:00:00,582,Pudukkottai,0.5,-49.348
2023-09-22 15:45:00,582,Pudukkottai,0.5,-49.317
2023-09-22 15:50:00,582,Pudukkottai,0.5,-49.317
2023-09-22 15:55:00,582,Pudukkottai,0.5,-49.317
2023-09-22 16:00:00,582,Pudukkottai,0.5,-49.317
2023-09-22 18:00:00,582,Pudukkottai,0.5,-49.317
2023-09-23 13:00:00,582,Pudukkottai,0.5,-49.372
2023-09-24 00:00:00,582,Pudukkottai,0.5,-49.348
2023-09-24 04:00:00,582,Pudukkottai,0.5,-49.315
2023-09-24 07:00:00,582,Pudukkottai,0.5,-49.315
2023-09-24 20:00:00,582,Pudukkottai,0.5,-49.355
2023-09-24 23:00:00,582,Pudukkottai,2.0,-49.342
2023-09-25 00:00:00,582,Pudukkottai,0.5,-49.342
2023-09-25 01:00:00,582,Pudukkottai,0.5,-49.342
2023-09-25 04:00:00,582,Pudukkottai,0.5,-49.315
2023-09-25 06:00:00,582,Pudukkottai,0.5,-49.315
2023-09-25 08:00:00,582,Pudukkottai,0.5,-49.315
2023-09-25 09:00:00,582,Pudukkottai,0.5,-49.315
2023-09-25 11:00:00,582,Pudukkottai,0.5,-49.424
2023-09-25 12:00:00,582,Pudukkottai,0.5,-49.424
2023-09-25 13:00:00,582,Pudukkottai,0.5,-49.424
2023-09-25 14:00:00,582,Pudukkottai,0.5,-49.424
2023-09-25 15:00:00,582,Pudukkottai,0.5,-49.424
2023-09-25 16:00:00,582,Pudukkottai,0.5,-49.348
2023-09-25 18:00:00,582,Pudukkottai,0.5,-49.348
2023-09-25 19:00:00,582,Pudukkottai,0.5,-49.348
2023-09-25 21:00:00,582,Pudukkottai,0.5,-49.348
2023-09-25 22:00:00,582,Pudukkottai,0.5,-49.337
2023-09-26 00:00:00,582,Pudukkottai,0.5,-49.337
2023-09-26 02:00:00,582,Pudukkottai,0.5,-49.337
2023-09-26 03:00:00,582,Pudukkottai,0.5,-49.337
2023-09-26 05:00:00,582,Pudukkottai,0.5,-49.314
2023-09-26 06:00:00,582,Pudukkottai,1.5,-49.314
2023-09-26 07:00:00,582,Pudukkottai,0.75,-49.314
2023-09-26 08:00:00,582,Pudukkottai,0.5,-49.314
2023-09-26 09:00:00,582,Pudukkottai,0.5,-49.314
2023-09-26 11:00:00,582,Pudukkottai,0.5,-49.529
2023-09-26 12:00:00,582,Pudukkottai,0.5,-49.529
2023-09-26 14:00:00,582,Pudukkottai,0.5,-49.529
2023-09-26 15:00:00,582,Pudukkottai,0.5,-49.529
2023-09-26 17:00:00,582,Pudukkottai,0.5,-49.376
2023-09-26 19:00:00,582,Pudukkottai,0.5,-49.376
2023-09-26 20:00:00,582,Pudukkottai,0.5,-49.376
2023-09-26 22:00:00,582,Pudukkottai,0.5,-49.36
2023-09-27 00:00:00,582,Pudukkottai,0.5,-49.36
2023-09-27 02:00:00,582,Pudukkottai,0.5,-49.36
2023-09-27 04:00:00,582,Pudukkottai,0.5,-49.328
2023-09-27 06:00:00,582,Pudukkottai,0.5,-49.328
2023-09-27 08:00:00,582,Pudukkottai,0.5,-49.328
2023-09-27 09:00:00,582,Pudukkottai,0.5,-49.328
2023-09-27 11:00:00,582,Pudukkottai,0.5,-49.586
2023-09-27 12:00:00,582,Pudukkottai,0.5,-49.586
2023-09-27 15:00:00,582,Pudukkottai,0.75,-49.586
2023-09-27 16:00:00,582,Pudukkottai,0.5,-49.459
2023-09-27 17:00:00,582,Pudukkottai,0.75,-49.459
2023-09-27 18:00:00,582,Pudukkottai,0.6666666666666666,-49.459
2023-09-27 19:00:00,582,Pudukkottai,0.5,-49.459
2023-09-27 20:00:00,582,Pudukkottai,0.5,-49.459
2023-09-27 21:00:00,582,Pudukkottai,0.5,-49.459
2023-09-27 23:00:00,582,Pudukkottai,0.5,-49.457
2023-09-28 01:00:00,582,Pudukkottai,0.5,-49.457
2023-09-28 02:00:00,582,Pudukkottai,0.5,-49.457
2023-09-28 04:00:00,582,Pudukkottai,0.5,-49.338
2023-09-28 05:00:00,582,Pudukkottai,0.5,-49.338
2023-09-28 07:00:00,582,Pudukkottai,0.5,-49.338
2023-09-28 08:00:00,582,Pudukkottai,0.5,-49.338
2023-09-28 09:00:00,582,Pudukkottai,0.5,-49.338
2023-09-28 10:00:00,582,Pudukkottai,0.5,-49.59
2023-09-28 11:00:00,582,Pudukkottai,1.0,-49.59
2023-09-28 12:00:00,582,Pudukkottai,0.5,-49.59
2023-09-28 13:00:00,582,Pudukkottai,0.5,-49.59
2023-09-28 14:00:00,582,Pudukkottai,0.5,-49.59
2023-09-28 15:00:00,582,Pudukkottai,1.0,-49.59
2023-09-28 16:00:00,582,Pudukkottai,1.0,-49.353
2023-09-28 17:00:00,582,Pudukkottai,0.5,-49.353
2023-09-28 18:00:00,582,Pudukkottai,0.75,-49.353
2023-09-28 19:00:00,582,Pudukkottai,0.5,-49.353
2023-09-28 20:00:00,582,Pudukkottai,0.5,-49.353
2023-09-28 21:00:00,582,Pudukkottai,0.5,-49.353
2023-09-28 22:00:00,582,Pudukkottai,0.5,-49.463
2023-09-28 23:00:00,582,Pudukkottai,0.5,-49.463
2023-09-29 00:00:00,582,Pudukkottai,0.5,-49.463
2023-09-29 02:00:00,582,Pudukkottai,0.5,-49.463
2023-09-29 03:00:00,582,Pudukkottai,0.5,-49.463
2023-09-29 04:00:00,582,Pudukkottai,0.5,-49.336
2023-09-29 06:00:00,582,Pudukkottai,0.5,-49.336
2023-09-29 07:00:00,582,Pudukkottai,0.5,-49.336
2023-09-29 08:00:00,582,Pudukkottai,0.5,-49.336
2023-09-29 10:00:00,582,Pudukkottai,0.5,-49.364
2023-10-03 18:00:00,582,Pudukkottai,2.5,-49.424
2023-10-07 16:00:00,582,Pudukkottai,4.5,-49.471
2023-10-07 17:00:00,582,Pudukkottai,5.0,-49.471
2023-10-07 18:00:00,582,Pudukkottai,2.75,-49.471
2023-10-07 19:00:00,582,Pudukkottai,1.0,-49.471
2023-10-07 20:00:00,582,Pudukkottai,2.0,-49.471
2023-10-07 21:00:00,582,Pudukkottai,1.5,-49.471
2023-10-07 22:00:00,582,Pudukkottai,1.5,-49.501
2023-10-07 23:00:00,582,Pudukkottai,1.5,-49.501
2023-10-08 00:00:00,582,Pudukkottai,1.5,-49.501
2023-10-08 01:00:00,582,Pudukkottai,1.0,-49.501
2023-10-08 02:00:00,582,Pudukkottai,2.5,-49.501
2023-10-08 03:00:00,582,Pudukkottai,1.5,-49.501
2023-10-08 04:00:00,582,Pudukkottai,1.5,-49.342
2023-10-08 05:00:00,582,Pudukkottai,1.0,-49.342
2023-10-08 06:00:00,582,Pudukkottai,0.5,-49.342
2023-10-08 07:00:00,582,Pudukkottai,1.0,-49.342
2023-10-08 08:00:00,582,Pudukkottai,0.5,-49.342
2023-10-08 09:00:00,582,Pudukkottai,0.5,-49.342
2023-10-08 10:00:00,582,Pudukkottai,0.5,-49.631
2023-10-08 11:00:00,582,Pudukkottai,0.5,-49.631
2023-10-08 13:00:00,582,Pudukkottai,0.5,-49.631
2023-10-08 16:00:00,582,Pudukkottai,0.5,-49.471
2023-10-08 21:00:00,582,Pudukkottai,0.5,-49.471
2023-10-09 00:00:00,582,Pudukkottai,0.5,-49.457
2023-10-09 04:00:00,582,Pudukkottai,0.5,-49.418
2023-10-09 07:00:00,582,Pudukkottai,0.5,-49.418
2023-10-09 10:00:00,582,Pudukkottai,0.5,-49.546
2023-10-09 12:00:00,582,Pudukkottai,0.5,-49.546
2023-10-09 15:00:00,582,Pudukkottai,0.5,-49.546
2023-10-10 16:00:00,582,Pudukkottai,1.5,-49.517
2023-10-11 19:00:00,582,Pudukkottai,5.0,-49.463
2023-10-11 20:00:00,582,Pudukkottai,36.5,-49.463
2023-10-11 21:00:00,582,Pudukkottai,25.0,-49.463
2023-10-11 22:00:00,582,Pudukkottai,9.0,-49.411
2023-10-12 18:00:00,582,Pudukkottai,7.0,-49.5
2023-10-12 19:00:00,582,Pudukkottai,1.5,-49.5
2023-10-14 18:00:00,582,Pudukkottai,3.0,-49.431
2023-10-14 19:00:00,582,Pudukkottai,1.5,-49.431
2023-10-14 20:00:00,582,Pudukkottai,0.5,-49.431
2023-10-15 03:00:00,582,Pudukkottai,0.5,-49.369
2023-10-15 04:00:00,582,Pudukkottai,2.0,-49.316
2023-10-15 05:00:00,582,Pudukkottai,1.5,-49.316
2023-10-15 06:00:00,582,Pudukkottai,1.0,-49.316
2023-10-15 07:00:00,582,Pudukkottai,1.0,-49.316
2023-10-15 08:00:00,582,Pudukkottai,0.5,-49.316
2023-10-15 09:00:00,582,Pudukkottai,1.0,-49.316
2023-10-15 10:00:00,582,Pudukkottai,1.0,-49.462
2023-10-15 11:00:00,582,Pudukkottai,1.0,-49.462
2023-10-15 12:00:00,582,Pudukkottai,1.0,-49.462
2023-10-15 13:00:00,582,Pudukkottai,1.0,-49.462
2023-10-15 14:00:00,582,Pudukkottai,0.5,-49.462
2023-10-15 15:00:00,582,Pudukkottai,0.5,-49.462
2023-10-15 16:00:00,582,Pudukkottai,0.5,-49.399
2023-10-16 02:00:00,582,Pudukkottai,3.0,-49.378
2023-10-16 07:00:00,582,Pudukkottai,1.5,-49.326
2023-10-16 08:00:00,582,Pudukkottai,0.6666666666666666,-49.326
2023-10-16 09:00:00,582,Pudukkottai,1.3333333333333333,-49.326
2023-10-16 10:00:00,582,Pudukkottai,1.3333333333333333,-49.63
2023-10-16 11:00:00,582,Pudukkottai,0.8333333333333334,-49.63
2023-10-16 12:00:00,582,Pudukkottai,0.5,-49.63
2023-10-16 13:00:00,582,Pudukkottai,0.5,-49.63
2023-10-16 14:00:00,582,Pudukkottai,0.5,-49.63
2023-10-16 15:00:00,582,Pudukkottai,0.5,-49.63
2023-10-16 16:00:00,582,Pudukkottai,0.5,-49.415
2023-10-16 17:00:00,582,Pudukkottai,0.5,-49.415
2023-10-16 18:00:00,582,Pudukkottai,0.5,-49.415
2023-10-16 19:00:00,582,Pudukkottai,0.5,-49.415
2023-10-16 20:00:00,582,Pudukkottai,0.5,-49.415
2023-10-16 21:00:00,582,Pudukkottai,0.5,-49.415
2023-10-16 22:00:00,582,Pudukkottai,5.5,-49.35
2023-10-16 23:00:00,582,Pudukkottai,0.5,-49.35
2023-10-17 01:00:00,582,Pudukkottai,0.5,-49.35
2023-10-17 03:00:00,582,Pudukkottai,0.5,-49.35
2023-10-17 05:00:00,582,Pudukkottai,0.5,-49.317
2023-10-17 08:00:00,582,Pudukkottai,0.5,-49.317
2023-10-17 11:00:00,582,Pudukkottai,0.5,-49.4
2023-10-17 14:00:00,582,Pudukkottai,0.5,-49.4
2023-10-17 15:00:00,582,Pudukkottai,5.75,-49.4
2023-10-17 16:00:00,582,Pudukkottai,9.5,-49.445
2023-10-17 17:00:00,582,Pudukkottai,0.5,-49.445
2023-10-18 03:00:00,582,Pudukkottai,0.5,-49.373
2023-10-21 21:00:00,582,Pudukkottai,0.5,-49.36
2023-10-21 22:00:00,582,Pudukkottai,0.5,-49.347
2023-10-23 14:00:00,582,Pudukkottai,10.0,-49.347
2023-10-23 15:00:00,582,Pudukkottai,2.5,-49.347
2023-10-25 06:00:00,582,Pudukkottai,2.0,-49.256
2023-10-25 15:05:00,582,Pudukkottai,0.5,-49.35
2023-10-25 15:10:00,582,Pudukkottai,2.0,-49.35
2023-10-25 15:15:00,582,Pudukkottai,2.5,-49.35
2023-10-25 15:20:00,582,Pudukkottai,7.5,-49.35
2023-10-25 15:25:00,582,Pudukkottai,11.5,-49.35
2023-10-25 16:00:00,582,Pudukkottai,20.0,-49.35
2023-10-25 17:00:00,582,Pudukkottai,0.75,-49.35
2023-10-26 11:00:00,582,Pudukkottai,0.5,-49.378
2023-10-28 15:00:00,582,Pudukkottai,2.5,-49.38
2023-10-28 16:00:00,582,Pudukkottai,1.0,-49.353
2023-10-28 17:00:00,582,Pudukkottai,3.0,-49.353
2023-10-28 18:00:00,582,Pudukkottai,1.5,-49.353
2023-10-28 19:00:00,582,Pudukkottai,1.5,-49.353
2023-10-28 20:00:00,582,Pudukkottai,1.0,-49.353
2023-10-28 21:00:00,582,Pudukkottai,0.5,-49.353
2023-10-28 22:00:00,582,Pudukkottai,1.0,-49.322
2023-10-28 23:00:00,582,Pudukkottai,1.0,-49.322
2023-10-29 00:00:00,582,Pudukkottai,1.0,-49.322
2023-10-29 01:00:00,582,Pudukkottai,1.0,-49.322
2023-10-29 02:00:00,582,Pudukkottai,1.0,-49.322
2023-10-29 03:00:00,582,Pudukkottai,0.5,-49.322
2023-10-29 04:00:00,582,Pudukkottai,0.5,-49.296
2023-10-29 05:00:00,582,Pudukkottai,0.5,-49.296
2023-10-29 06:00:00,582,Pudukkottai,0.5,-49.296
2023-10-29 07:00:00,582,Pudukkottai,0.6666666666666666,-49.296
2023-10-29 08:00:00,582,Pudukkottai,0.5,-49.296
2023-10-29 11:00:00,582,Pudukkottai,1.0,-49.392
2023-10-29 12:00:00,582,Pudukkottai,1.8333333333333333,-49.392
2023-10-29 13:00:00,582,Pudukkottai,1.0,-49.392
2023-10-29 18:00:00,582,Pudukkottai,0.5,-49.372
2023-10-29 19:00:00,582,Pudukkottai,12.0,-49.372
2023-10-29 20:00:00,582,Pudukkottai,1.0,-49.372
2023-10-29 23:00:00,582,Pudukkottai,0.5,-49.321
2023-10-30 01:00:00,582,Pudukkottai,0.5,-49.321
2023-10-30 04:00:00,582,Pudukkottai,0.5,-49.271
2023-10-30 06:00:00,582,Pudukkottai,0.5,-49.271
2023-10-30 07:00:00,582,Pudukkottai,0.5,-49.271
2023-10-30 10:00:00,582,Pudukkottai,0.5,-49.37
2023-10-30 13:00:00,582,Pudukkottai,0.5,-49.37
2023-10-30 15:00:00,582,Pudukkottai,1.25,-49.37
2023-10-30 16:00:00,582,Pudukkottai,0.75,-49.281
2023-10-30 17:00:00,582,Pudukkottai,1.0,-49.281
2023-10-30 19:00:00,582,Pudukkottai,0.5,-49.281
2023-10-30 20:00:00,582,Pudukkottai,0.5,-49.281
2023-10-30 22:00:00,582,Pudukkottai,0.5,-49.244
2023-10-30 23:00:00,582,Pudukkottai,0.5,-49.244
2023-10-31 02:00:00,582,Pudukkottai,0.5,-49.244
2023-10-31 06:00:00,582,Pudukkottai,0.5,-49.197
2023-11-01 17:00:00,582,Pudukkottai,2.5,-49.198
2023-11-01 18:00:00,582,Pudukkottai,2.5,-49.198
2023-11-01 20:00:00,582,Pudukkottai,10.0,-49.198
2023-11-03 16:00:00,582,Pudukkottai,1.0,-49.198
2023-11-03 17:00:00,582,Pudukkottai,17.0,-49.198
2023-11-03 18:00:00,582,Pudukkottai,0.5,-49.198
2023-11-03 19:00:00,582,Pudukkottai,0.5,-49.198
2023-11-03 20:00:00,582,Pudukkottai,0.5,-49.198
2023-11-03 22:00:00,582,Pudukkottai,0.5,-49.168
2023-11-04 00:00:00,582,Pudukkottai,0.5,-49.168
2023-11-04 01:00:00,582,Pudukkottai,15.5,-49.168
2023-11-04 02:00:00,582,Pudukkottai,28.666666666666668,-49.168
2023-11-04 03:00:00,582,Pudukkottai,12.0,-49.168
2023-11-04 04:00:00,582,Pudukkottai,4.75,-49.129
2023-11-04 05:00:00,582,Pudukkottai,1.25,-49.129
2023-11-04 12:00:00,582,Pudukkottai,0.5,-49.253
2023-11-04 15:00:00,582,Pudukkottai,0.5,-49.253
2023-11-04 18:00:00,582,Pudukkottai,0.5,-49.202
2023-11-04 22:00:00,582,Pudukkottai,0.5,-49.171
2023-11-05 02:00:00,582,Pudukkottai,5.0,-49.171
2023-11-05 03:00:00,582,Pudukkottai,7.5,-49.171
2023-11-05 04:00:00,582,Pudukkottai,1.5,-49.136
2023-11-05 05:00:00,582,Pudukkottai,0.5,-49.136
2023-11-05 20:00:00,582,Pudukkottai,0.5,-49.178
2023-11-06 12:00:00,582,Pudukkottai,0.5,-49.152
2023-11-06 17:00:00,582,Pudukkottai,0.5,-49.224
2023-11-06 18:00:00,582,Pudukkottai,1.0,-49.224
2023-11-06 19:00:00,582,Pudukkottai,9.25,-49.224
2023-11-06 20:00:00,582,Pudukkottai,8.5,-49.224
2023-11-07 07:00:00,582,Pudukkottai,0.5,-49.128
2023-11-07 09:00:00,582,Pudukkottai,0.5,-49.128
2023-11-07 19:00:00,582,Pudukkottai,0.5,-49.192
2023-11-08 11:00:00,582,Pudukkottai,0.5,-49.203
2023-11-08 17:00:00,582,Pudukkottai,6.0,-49.151
2023-11-09 01:00:00,582,Pudukkottai,1.0,-49.123
2023-11-09 02:00:00,582,Pudukkottai,9.5,-49.123
2023-11-09 03:00:00,582,Pudukkottai,6.5,-49.123
2023-11-09 04:00:00,582,Pudukkottai,4.333333333333333,-49.08
2023-11-09 05:00:00,582,Pudukkottai,0.5,-49.08
2023-11-09 21:00:00,582,Pudukkottai,0.5,-49.16
2023-11-10 04:00:00,582,Pudukkottai,1.5,-49.081
2023-11-10 15:00:00,582,Pudukkottai,0.5,-49.215
2023-11-10 16:00:00,582,Pudukkottai,0.5,-49.154
2023-11-10 17:00:00,582,Pudukkottai,0.5,-49.154
2023-11-10 19:00:00,582,Pudukkottai,0.5,-49.154
2023-11-10 20:00:00,582,Pudukkottai,1.5,-49.154
2023-11-10 21:00:00,582,Pudukkottai,0.5,-49.154
2023-11-10 22:00:00,582,Pudukkottai,0.5,-49.138
2023-11-11 00:00:00,582,Pudukkottai,0.5,-49.138
2023-11-11 01:00:00,582,Pudukkottai,0.5,-49.138
2023-11-11 02:00:00,582,Pudukkottai,0.5,-49.138
2023-11-11 03:00:00,582,Pudukkottai,0.5,-49.138
2023-11-11 10:00:00,582,Pudukkottai,0.5,-49.218
2023-11-11 11:00:00,582,Pudukkottai,0.5,-49.218
2023-11-12 10:00:00,582,Pudukkottai,0.5,-49.29
2023-11-12 11:00:00,582,Pudukkottai,23.5,-49.29
2023-11-12 12:00:00,582,Pudukkottai,9.5,-49.29
2023-11-12 13:00:00,582,Pudukkottai,0.5,-49.29
2023-11-12 15:00:00,582,Pudukkottai,0.5,-49.29
2023-11-12 17:00:00,582,Pudukkottai,0.5,-49.242
2023-11-12 18:00:00,582,Pudukkottai,0.5,-49.242
2023-11-12 20:00:00,582,Pudukkottai,0.5,-49.242
2023-11-12 22:00:00,582,Pudukkottai,0.5,-49.21
2023-11-13 00:00:00,582,Pudukkottai,0.5,-49.21
2023-11-13 01:00:00,582,Pudukkottai,0.5,-49.21
2023-11-13 03:00:00,582,Pudukkottai,0.5,-49.21
2023-11-13 05:00:00,582,Pudukkottai,0.5,-49.168
2023-11-13 10:00:00,582,Pudukkottai,0.5,-49.264
2023-11-13 17:00:00,582,Pudukkottai,0.5,-49.215
2023-11-13 21:00:00,582,Pudukkottai,0.5,-49.215
2023-11-14 01:00:00,582,Pudukkottai,0.5,-49.192
2023-11-14 02:00:00,582,Pudukkottai,0.5,-49.192
2023-11-14 14:00:00,582,Pudukkottai,1.0,-49.25
2023-11-15 10:00:00,582,Pudukkottai,0.5,-49.259
2023-11-16 19:00:00,582,Pudukkottai,1.0,-49.211
2023-11-16 22:00:00,582,Pudukkottai,0.5,-49.192
2023-11-18 04:00:00,582,Pudukkottai,0.5,-49.153
2023-11-18 05:00:00,582,Pudukkottai,2.5,-49.153
2023-11-18 06:00:00,582,Pudukkottai,0.5,-49.153
2023-11-18 13:00:00,582,Pudukkottai,0.5,-49.212
2023-11-18 14:00:00,582,Pudukkottai,0.5,-49.212
2023-11-18 15:00:00,582,Pudukkottai,0.5,-49.212
2023-11-18 16:00:00,582,Pudukkottai,0.5,-49.218
2023-11-18 17:00:00,582,Pudukkottai,4.5,-49.218
2023-11-18 19:00:00,582,Pudukkottai,0.5,-49.218
2023-11-19 02:00:00,582,Pudukkottai,9.0,-49.16
2023-11-19 03:00:00,582,Pudukkottai,2.0,-49.16
2023-11-19 04:00:00,582,Pudukkottai,0.75,-49.094
2023-11-20 21:00:00,582,Pudukkottai,0.5,-49.099
2023-11-21 16:00:00,582,Pudukkottai,121.5,-49.022
2023-11-21 17:00:00,582,Pudukkottai,9.5,-49.022
2023-11-22 11:00:00,582,Pudukkottai,2.5,-49.006
2023-11-22 12:00:00,582,Pudukkottai,6.0,-49.006
2023-11-22 13:00:00,582,Pudukkottai,8.375,-49.006
2023-11-22 14:00:00,582,Pudukkottai,4.875,-49.006
2023-11-22 15:00:00,582,Pudukkottai,1.1666666666666667,-49.006
2023-11-22 16:00:00,582,Pudukkottai,0.5,-49.035
2023-11-22 17:00:00,582,Pudukkottai,93.5,-49.035
2023-11-22 22:00:00,582,Pudukkottai,0.5,-48.87
2023-11-22 23:00:00,582,Pudukkottai,1.0,-48.87
2023-11-23 02:00:00,582,Pudukkottai,5.5,-48.87
2023-11-23 03:00:00,582,Pudukkottai,1.5,-48.87
2023-11-23 04:00:00,582,Pudukkottai,1.25,-48.775
2023-11-23 05:00:00,582,Pudukkottai,2.5,-48.775
2023-11-23 06:00:00,582,Pudukkottai,6.125,-48.775
2023-11-23 07:00:00,582,Pudukkottai,3.333333333333333,-48.775
2023-11-23 08:00:00,582,Pudukkottai,0.75,-48.775
2023-11-23 09:00:00,582,Pudukkottai,1.0,-48.775
2023-11-23 10:00:00,582,Pudukkottai,1.5,-48.961
2023-11-23 11:00:00,582,Pudukkottai,1.0,-48.961
2023-11-24 09:00:00,582,Pudukkottai,1.5,-48.63
2023-11-24 10:00:00,582,Pudukkottai,3.5,-48.644
2023-11-24 15:00:00,582,Pudukkottai,5.5,-48.644
2023-11-24 16:00:00,582,Pudukkottai,7.0,-48.568
2023-11-25 10:00:00,582,Pudukkottai,1.5,-48.76
2023-11-25 13:00:00,582,Pudukkottai,1.0,-48.76
2023-11-25 14:00:00,582,Pudukkottai,11.25,-48.76
2023-11-25 15:00:00,582,Pudukkottai,0.5,-48.76
2023-11-25 19:00:00,582,Pudukkottai,4.5,-48.612
2023-11-26 09:00:00,582,Pudukkottai,1.5,-48.475
2023-11-26 10:00:00,582,Pudukkottai,4.0,-48.561
2023-11-26 13:00:00,582,Pudukkottai,1.25,-48.561
2023-11-26 14:00:00,582,Pudukkottai,1.5,-48.561
2023-11-26 15:00:00,582,Pudukkottai,0.75,-48.561
2023-11-27 10:00:00,582,Pudukkottai,0.5,-48.638
2023-11-27 11:00:00,582,Pudukkottai,0.5,-48.638
2023-11-27 13:00:00,582,Pudukkottai,6.0,-48.638
2023-11-27 14:00:00,582,Pudukkottai,2.5,-48.638
2023-11-27 15:00:00,582,Pudukkottai,1.25,-48.638
2023-11-27 16:00:00,582,Pudukkottai,0.5,-48.517
2023-11-28 10:00:00,582,Pudukkottai,0.5,-48.563
2023-11-28 15:00:00,582,Pudukkottai,2.0,-48.563
2023-11-28 16:00:00,582,Pudukkottai,1.0,-48.474
2023-11-29 12:00:00,582,Pudukkottai,0.5,-48.531
2023-11-29 15:00:00,582,Pudukkottai,1.0,-48.531
2023-11-30 00:00:00,582,Pudukkottai,4.5,-48.346
2023-11-30 01:00:00,582,Pudukkottai,3.25,-48.346
2023-11-30 02:00:00,582,Pudukkottai,1.0,-48.346
2023-11-30 03:00:00,582,Pudukkottai,0.5,-48.346
2023-11-30 09:00:00,582,Pudukkottai,0.5,-48.247
2023-11-30 14:00:00,582,Pudukkottai,1.5,-48.489
2023-12-01 10:00:00,582,Pudukkottai,0.5,-48.473
2023-12-01 19:00:00,582,Pudukkottai,2.25,-48.362
2023-12-01 20:00:00,582,Pudukkottai,0.6666666666666666,-48.362
2023-12-01 23:00:00,582,Pudukkottai,0.5,-48.309
2023-12-02 10:00:00,582,Pudukkottai,1.0,-48.23
2023-12-03 06:00:00,582,Pudukkottai,0.5,-48.194
2023-12-03 10:00:00,582,Pudukkottai,0.5,-48.446
2023-12-03 11:00:00,582,Pudukkottai,0.5,-48.446
2023-12-04 10:00:00,582,Pudukkottai,0.5,-48.235
2023-12-05 21:00:00,582,Pudukkottai,25.5,-48.316
2023-12-05 22:00:00,582,Pudukkottai,6.75,-48.202
2023-12-05 23:00:00,582,Pudukkottai,1.25,-48.202
2023-12-06 00:00:00,582,Pudukkottai,3.0,-48.202
2023-12-06 01:00:00,582,Pudukkottai,4.5,-48.202
2023-12-06 02:00:00,582,Pudukkottai,6.25,-48.202
2023-12-06 03:00:00,582,Pudukkottai,6.0,-48.202
2023-12-06 04:00:00,582,Pudukkottai,2.5,-48.089
2023-12-06 05:00:00,582,Pudukkottai,1.0,-48.089
2023-12-08 21:00:00,582,Pudukkottai,3.5,-48.229
2023-12-09 07:00:00,582,Pudukkottai,0.5,-48.01
2023-12-09 17:00:00,582,Pudukkottai,1.25,-48.119
2023-12-11 17:00:00,582,Pudukkottai,0.5,-48.064
2023-12-16 12:00:00,582,Pudukkottai,0.5,-47.97
2023-12-16 13:00:00,582,Pudukkottai,1.125,-47.97
2023-12-16 14:00:00,582,Pudukkottai,2.0,-47.97
2023-12-16 15:00:00,582,Pudukkottai,3.125,-47.97
2023-12-16 16:00:00,582,Pudukkottai,3.375,-47.904
2023-12-16 17:00:00,582,Pudukkottai,3.1666666666666665,-47.904
2023-12-16 18:00:00,582,Pudukkottai,2.5,-47.904
2023-12-16 19:00:00,582,Pudukkottai,0.5,-47.904
2023-12-16 20:00:00,582,Pudukkottai,0.875,-47.904
2023-12-16 21:00:00,582,Pudukkottai,0.5,-47.904
2023-12-16 22:00:00,582,Pudukkottai,2.0,-47.935
2023-12-16 23:00:00,582,Pudukkottai,1.0,-47.935
2023-12-17 00:00:00,582,Pudukkottai,1.5,-47.935
2023-12-17 01:00:00,582,Pudukkottai,1.0,-47.935
2023-12-17 02:00:00,582,Pudukkottai,0.5,-47.935
2023-12-17 03:00:00,582,Pudukkottai,1.3333333333333333,-47.935
2023-12-17 04:00:00,582,Pudukkottai,0.5,-47.855
2023-12-17 05:00:00,582,Pudukkottai,0.5,-47.855
2023-12-17 13:00:00,582,Pudukkottai,1.0,-48.023
2023-12-17 15:00:00,582,Pudukkottai,0.5,-48.023
2023-12-18 01:00:00,582,Pudukkottai,0.5,-47.874
2023-12-18 03:00:00,582,Pudukkottai,2.5,-47.874
2023-12-18 04:00:00,582,Pudukkottai,1.25,-47.772
2023-12-18 05:00:00,582,Pudukkottai,0.5,-47.772
2023-12-18 06:00:00,582,Pudukkottai,0.5,-47.772
2023-12-18 07:00:00,582,Pudukkottai,0.5,-47.772
2023-12-18 09:00:00,582,Pudukkottai,0.5,-47.772
2023-12-18 11:00:00,582,Pudukkottai,0.5,-47.886
2023-12-18 12:00:00,582,Pudukkottai,1.0,-47.886
2023-12-18 13:00:00,582,Pudukkottai,1.0,-47.886
2023-12-20 17:00:00,582,Pudukkottai,0.5,-27.1575
2023-12-20 22:00:00,582,Pudukkottai,0.5,-27.144
2023-12-20 23:00:00,582,Pudukkottai,1.75,-27.144
2023-12-21 00:00:00,582,Pudukkottai,0.75,-27.144
2023-12-21 01:00:00,582,Pudukkottai,1.0,-27.144
2023-12-21 02:00:00,582,Pudukkottai,0.5,-27.144
2023-12-21 06:00:00,582,Pudukkottai,0.5,-29.018
2023-12-21 07:00:00,582,Pudukkottai,1.0,-29.018
2023-12-21 11:00:00,582,Pudukkottai,0.6666666666666666,-27.3145
2023-12-21 12:00:00,582,Pudukkottai,1.3333333333333333,-27.3145
2023-12-21 17:00:00,582,Pudukkottai,0.5,-27.1325
2023-12-24 14:00:00,582,Pudukkottai,0.5,-16.741833333333332
2024-01-05 17:00:00,582,Pudukkottai,1.0,-16.695666666666668
2024-01-05 18:00:00,582,Pudukkottai,0.5,-16.695666666666668
2024-01-07 08:00:00,582,Pudukkottai,0.5,-15.702666666666666
2024-01-07 22:00:00,582,Pudukkottai,3.0,-15.0985
2024-01-07 23:00:00,582,Pudukkottai,2.1666666666666665,-15.0985
2024-01-08 00:00:00,582,Pudukkottai,0.6666666666666666,-15.0985
2024-01-08 04:00:00,582,Pudukkottai,0.5,-14.519
2024-01-08 06:00:00,582,Pudukkottai,0.5,-14.519
2024-01-08 08:00:00,582,Pudukkottai,0.5,-14.519
2024-01-08 18:00:00,582,Pudukkottai,12.5,-14.309833333333332
2024-01-08 19:00:00,582,Pudukkottai,1.0,-14.309833333333332
2024-01-08 21:00:00,582,Pudukkottai,0.75,-14.309833333333332
2024-01-08 22:00:00,582,Pudukkottai,0.5,-14.4315
2024-01-09 04:00:00,582,Pudukkottai,1.0,-15.254666666666669
2024-01-09 06:00:00,582,Pudukkottai,0.5,-15.254666666666669
2024-01-09 12:00:00,582,Pudukkottai,1.0,-15.834666666666667
2024-01-09 14:00:00,582,Pudukkottai,3.75,-15.834666666666667
2024-01-19 13:00:00,582,Pudukkottai,1.0,-17.0395
2024-01-19 14:00:00,582,Pudukkottai,3.0,-17.0395
2024-01-19 15:00:00,582,Pudukkottai,0.5,-4.93
2024-01-19 17:00:00,582,Pudukkottai,0.5,-4.93
2024-01-19 19:00:00,582,Pudukkottai,0.5,-4.95
2024-01-20 09:00:00,582,Pudukkottai,3.0,-14.418285714285714
2024-01-31 10:00:00,582,Pudukkottai,0.5,-16.600285714285715
2024-03-21 09:00:00,582,Pudukkottai,7.5,-19.789166666666667
2024-03-21 10:00:00,582,Pudukkottai,2.5,-21.5405
2024-03-21 16:00:00,582,Pudukkottai,3.0,-20.684833333333334
2024-04-12 14:00:00,582,Pudukkottai,5.0,-26.62985714285714
2024-04-12 15:00:00,582,Pudukkottai,1.0,-26.62985714285714
2024-04-12 17:00:00,582,Pudukkottai,2.25,-25.513714285714286
2024-04-12 18:00:00,582,Pudukkottai,1.0,-25.513714285714286
2024-04-13 12:00:00,582,Pudukkottai,1.0,-26.62628571428571
2024-04-13 13:00:00,582,Pudukkottai,0.5,-26.62628571428571
2024-04-29 13:30:00,582,Pudukkottai,2.0,-26.960857142857144
2024-04-29 15:55:00,582,Pudukkottai,4.0,-26.41242857142857
2024-04-29 16:00:00,582,Pudukkottai,18.5,-26.41242857142857
2024-04-29 17:00:00,582,Pudukkottai,0.5,-26.41242857142857
2024-04-29 18:00:00,582,Pudukkottai,1.5,-26.41242857142857
2024-04-30 08:00:00,582,Pudukkottai,0.5,-25.114
2024-05-09 13:50:00,582,Pudukkottai,1.0,-27.46
2024-05-09 13:55:00,582,Pudukkottai,1.5,-27.46
2024-05-09 14:00:00,582,Pudukkottai,1.5,-27.46
2024-05-10 03:00:00,582,Pudukkottai,2.5,-25.919857142857143
2024-05-10 16:25:00,582,Pudukkottai,3.0,-26.520857142857142
2024-05-10 16:30:00,582,Pudukkottai,9.0,-26.520857142857142
2024-05-10 16:35:00,582,Pudukkottai,4.5,-26.520857142857142
2024-05-10 16:40:00,582,Pudukkottai,4.5,-26.520857142857142
2024-05-10 16:45:00,582,Pudukkottai,1.0,-26.520857142857142
2024-05-11 14:00:00,582,Pudukkottai,7.0,-27.24614285714286
2024-05-11 16:10:00,582,Pudukkottai,0.5,-26.424714285714288
2024-05-11 16:15:00,582,Pudukkottai,0.5,-26.424714285714288
2024-05-11 16:25:00,582,Pudukkottai,3.5,-26.424714285714288
2024-05-11 16:35:00,582,Pudukkottai,9.5,-26.424714285714288
2024-05-11 16:40:00,582,Pudukkottai,11.0,-26.424714285714288
2024-05-11 16:45:00,582,Pudukkottai,11.5,-26.424714285714288
2024-05-11 17:05:00,582,Pudukkottai,0.5,-26.424714285714288
2024-05-11 17:10:00,582,Pudukkottai,0.5,-26.424714285714288
2024-05-11 17:15:00,582,Pudukkottai,0.5,-26.424714285714288
2024-05-11 17:20:00,582,Pudukkottai,0.5,-26.424714285714288
2024-05-11 17:25:00,582,Pudukkottai,0.5,-26.424714285714288
2024-05-11 17:30:00,582,Pudukkottai,0.5,-26.424714285714288
2024-05-11 17:35:00,582,Pudukkottai,0.5,-26.424714285714288
2024-05-11 17:45:00,582,Pudukkottai,0.5,-26.424714285714288
2024-05-11 18:00:00,582,Pudukkottai,0.5,-26.424714285714288
2024-05-12 13:00:00,582,Pudukkottai,0.5,-27.66442857142857
2024-05-13 12:45:00,582,Pudukkottai,1.5,-27.101142857142857
2024-05-13 12:50:00,582,Pudukkottai,6.0,-27.101142857142857
2024-05-13 12:55:00,582,Pudukkottai,7.0,-27.101142857142857
2024-05-13 13:00:00,582,Pudukkottai,8.0,-27.101142857142857
2024-05-13 13:10:00,582,Pudukkottai,0.5,-27.101142857142857
2024-05-13 13:15:00,582,Pudukkottai,0.5,-27.101142857142857
2024-05-13 13:20:00,582,Pudukkottai,0.5,-27.101142857142857
2024-05-13 13:25:00,582,Pudukkottai,0.5,-27.101142857142857
2024-05-13 13:30:00,582,Pudukkottai,0.5,-27.101142857142857
2024-05-13 13:35:00,582,Pudukkottai,0.5,-27.101142857142857
2024-05-13 13:40:00,582,Pudukkottai,0.5,-27.101142857142857
2024-05-13 13:45:00,582,Pudukkottai,0.5,-27.101142857142857
2024-05-13 13:50:00,582,Pudukkottai,0.5,-27.101142857142857
2024-05-13 13:55:00,582,Pudukkottai,0.5,-27.101142857142857
2024-05-13 14:00:00,582,Pudukkottai,10.0,-27.101142857142857
2024-05-13 15:00:00,582,Pudukkottai,1.0,-27.101142857142857
2024-05-14 04:00:00,582,Pudukkottai,0.5,-26.302714285714284
2024-05-14 11:55:00,582,Pudukkottai,3.5,-27.298571428571428
2024-05-14 12:00:00,582,Pudukkottai,3.75,-27.298571428571428
2024-05-14 12:05:00,582,Pudukkottai,1.5,-27.298571428571428
2024-05-14 12:10:00,582,Pudukkottai,2.5,-27.298571428571428
2024-05-14 12:15:00,582,Pudukkottai,3.0,-27.298571428571428
2024-05-14 12:20:00,582,Pudukkottai,3.5,-27.298571428571428
2024-05-14 12:25:00,582,Pudukkottai,3.5,-27.298571428571428
2024-05-14 12:30:00,582,Pudukkottai,3.5,-27.298571428571428
2024-05-14 12:35:00,582,Pudukkottai,3.5,-27.298571428571428
2024-05-14 12:40:00,582,Pudukkottai,3.5,-27.298571428571428
2024-05-14 12:45:00,582,Pudukkottai,3.5,-27.298571428571428
2024-05-14 12:50:00,582,Pudukkottai,3.5,-27.298571428571428
2024-05-14 12:55:00,582,Pudukkottai,3.5,-27.298571428571428
2024-05-14 13:00:00,582,Pudukkottai,5.75,-27.298571428571428
2024-05-14 14:00:00,582,Pudukkottai,0.5,-27.298571428571428
2024-05-14 15:00:00,582,Pudukkottai,0.5,-27.298571428571428
2024-05-15 04:05:00,582,Pudukkottai,0.5,-25.612
2024-05-15 04:10:00,582,Pudukkottai,1.5,-25.612
2024-05-15 04:15:00,582,Pudukkottai,1.5,-25.612
2024-05-15 04:40:00,582,Pudukkottai,0.5,-25.612
2024-05-15 04:45:00,582,Pudukkottai,0.5,-25.612
2024-05-15 04:50:00,582,Pudukkottai,0.5,-25.612
2024-05-15 04:55:00,582,Pudukkottai,0.5,-25.612
2024-05-15 05:00:00,582,Pudukkottai,1.0,-25.612
2024-05-15 16:00:00,582,Pudukkottai,1.0,-25.158
2024-05-16 01:00:00,582,Pudukkottai,0.5,-23.95825
2024-05-16 03:00:00,582,Pudukkottai,1.0,-23.95825
2024-05-16 04:00:00,582,Pudukkottai,2.5,-21.900222222222222
2024-05-16 04:50:00,582,Pudukkottai,0.5,-21.900222222222222
2024-05-16 04:55:00,582,Pudukkottai,0.5,-21.900222222222222
2024-05-16 05:00:00,582,Pudukkottai,1.25,-21.900222222222222
2024-05-16 05:10:00,582,Pudukkottai,0.5,-21.900222222222222
2024-05-16 05:15:00,582,Pudukkottai,0.5,-21.900222222222222
2024-05-16 05:20:00,582,Pudukkottai,0.5,-21.900222222222222
2024-05-16 05:25:00,582,Pudukkottai,0.5,-21.900222222222222
2024-05-16 05:30:00,582,Pudukkottai,1.0,-21.900222222222222
2024-05-16 05:35:00,582,Pudukkottai,1.0,-21.900222222222222
2024-05-16 05:40:00,582,Pudukkottai,1.0,-21.900222222222222
2024-05-16 05:45:00,582,Pudukkottai,1.0,-21.900222222222222
2024-05-16 05:50:00,582,Pudukkottai,1.5,-21.900222222222222
2024-05-16 05:55:00,582,Pudukkottai,1.5,-21.900222222222222
2024-05-16 06:00:00,582,Pudukkottai,2.25,-21.900222222222222
2024-05-16 06:10:00,582,Pudukkottai,0.5,-21.900222222222222
2024-05-16 06:15:00,582,Pudukkottai,0.5,-21.900222222222222
2024-05-16 06:20:00,582,Pudukkottai,0.5,-21.900222222222222
2024-05-16 06:25:00,582,Pudukkottai,0.5,-21.900222222222222
2024-05-16 06:30:00,582,Pudukkottai,0.5,-21.900222222222222
2024-05-16 06:35:00,582,Pudukkottai,0.5,-21.900222222222222
2024-05-16 06:40:00,582,Pudukkottai,0.5,-21.900222222222222
2024-05-16 06:45:00,582,Pudukkottai,0.5,-21.900222222222222
2024-05-16 06:50:00,582,Pudukkottai,0.5,-21.900222222222222
2024-05-16 06:55:00,582,Pudukkottai,0.5,-21.900222222222222
2024-05-16 07:00:00,582,Pudukkottai,0.8333333333333334,-21.900222222222222
2024-05-16 07:50:00,582,Pudukkottai,0.5,-21.900222222222222
2024-05-16 07:55:00,582,Pudukkottai,0.5,-21.900222222222222
2024-05-16 08:00:00,582,Pudukkottai,0.6666666666666666,-21.900222222222222
2024-05-17 13:00:00,582,Pudukkottai,1.0,-23.046888888888887
2024-05-17 14:00:00,582,Pudukkottai,7.0,-23.046888888888887
2024-05-17 15:00:00,582,Pudukkottai,1.0,-23.046888888888887
2024-05-17 17:00:00,582,Pudukkottai,0.5,-22.65511111111111
2024-05-18 19:00:00,582,Pudukkottai,0.75,-22.668666666666667
2024-05-19 04:00:00,582,Pudukkottai,0.5,-22.05155555555556
2024-05-19 05:55:00,582,Pudukkottai,0.5,-22.05155555555556
2024-05-19 06:00:00,582,Pudukkottai,0.5,-22.05155555555556
2024-05-19 06:10:00,582,Pudukkottai,0.5,-22.05155555555556
2024-05-19 06:15:00,582,Pudukkottai,0.5,-22.05155555555556
2024-05-19 06:20:00,582,Pudukkottai,0.5,-22.05155555555556
2024-05-19 06:25:00,582,Pudukkottai,1.0,-22.05155555555556
2024-05-19 06:30:00,582,Pudukkottai,1.0,-22.05155555555556
2024-05-19 06:35:00,582,Pudukkottai,1.0,-22.05155555555556
2024-05-19 06:40:00,582,Pudukkottai,1.0,-22.05155555555556
2024-05-19 06:45:00,582,Pudukkottai,1.0,-22.05155555555556
2024-05-19 06:50:00,582,Pudukkottai,1.5,-22.05155555555556
2024-05-19 06:55:00,582,Pudukkottai,1.5,-22.05155555555556
2024-05-19 07:00:00,582,Pudukkottai,1.0,-22.05155555555556
2024-05-19 08:00:00,582,Pudukkottai,0.5,-22.05155555555556
2024-05-19 08:55:00,582,Pudukkottai,0.5,-22.05155555555556
2024-05-19 09:00:00,582,Pudukkottai,0.8333333333333334,-22.05155555555556
2024-05-19 09:45:00,582,Pudukkottai,0.5,-23.29655555555556
2024-05-19 09:50:00,582,Pudukkottai,0.5,-23.29655555555556
2024-05-19 09:55:00,582,Pudukkottai,0.5,-23.29655555555556
2024-05-19 10:00:00,582,Pudukkottai,1.3333333333333333,-23.29655555555556
2024-05-19 10:15:00,582,Pudukkottai,0.5,-23.29655555555556
2024-05-19 10:20:00,582,Pudukkottai,0.5,-23.29655555555556
2024-05-19 10:25:00,582,Pudukkottai,0.5,-23.29655555555556
2024-05-19 10:30:00,582,Pudukkottai,0.5,-23.29655555555556
2024-05-19 10:35:00,582,Pudukkottai,0.5,-23.29655555555556
2024-05-19 10:40:00,582,Pudukkottai,0.5,-23.29655555555556
2024-05-19 10:45:00,582,Pudukkottai,1.0,-23.29655555555556
2024-05-19 10:50:00,582,Pudukkottai,1.0,-23.29655555555556
2024-05-19 10:55:00,582,Pudukkottai,1.0,-23.29655555555556
2024-05-19 11:00:00,582,Pudukkottai,0.75,-23.29655555555556
2024-05-19 15:00:00,582,Pudukkottai,9.0,-23.29655555555556
2024-05-19 16:00:00,582,Pudukkottai,13.5,-22.63955555555556
2024-05-19 16:50:00,582,Pudukkottai,0.5,-22.63955555555556
2024-05-19 16:55:00,582,Pudukkottai,0.5,-22.63955555555556
2024-05-19 17:00:00,582,Pudukkottai,0.5,-22.63955555555556
2024-05-19 18:00:00,582,Pudukkottai,9.166666666666666,-22.63955555555556
2024-05-19 19:00:00,582,Pudukkottai,2.0,-22.63955555555556
2024-05-19 19:05:00,582,Pudukkottai,0.5,-22.63955555555556
2024-05-19 19:10:00,582,Pudukkottai,1.0,-22.63955555555556
2024-05-19 19:15:00,582,Pudukkottai,1.0,-22.63955555555556
2024-05-19 19:20:00,582,Pudukkottai,1.5,-22.63955555555556
2024-05-19 19:25:00,582,Pudukkottai,2.0,-22.63955555555556
2024-05-19 19:30:00,582,Pudukkottai,2.5,-22.63955555555556
2024-05-19 19:35:00,582,Pudukkottai,3.0,-22.63955555555556
2024-05-19 19:40:00,582,Pudukkottai,3.0,-22.63955555555556
2024-05-19 19:45:00,582,Pudukkottai,3.5,-22.63955555555556
2024-05-19 19:50:00,582,Pudukkottai,4.0,-22.63955555555556
2024-05-19 19:55:00,582,Pudukkottai,4.5,-22.63955555555556
2024-05-19 20:00:00,582,Pudukkottai,2.0,-22.63955555555556
2024-05-19 20:05:00,582,Pudukkottai,0.5,-22.63955555555556
2024-05-19 20:10:00,582,Pudukkottai,1.0,-22.63955555555556
2024-05-19 20:15:00,582,Pudukkottai,1.0,-22.63955555555556
2024-05-19 20:20:00,582,Pudukkottai,1.5,-22.63955555555556
2024-05-19 20:25:00,582,Pudukkottai,2.0,-22.63955555555556
2024-05-19 20:30:00,582,Pudukkottai,2.0,-22.63955555555556
2024-05-19 20:35:00,582,Pudukkottai,2.5,-22.63955555555556
2024-05-19 20:40:00,582,Pudukkottai,3.0,-22.63955555555556
2024-05-19 20:45:00,582,Pudukkottai,3.0,-22.63955555555556
2024-05-19 20:50:00,582,Pudukkottai,3.0,-22.63955555555556
2024-05-19 20:55:00,582,Pudukkottai,3.5,-22.63955555555556
2024-05-19 21:00:00,582,Pudukkottai,2.375,-22.63955555555556
2024-05-19 21:20:00,582,Pudukkottai,0.5,-18.65625
2024-05-19 21:25:00,582,Pudukkottai,0.5,-18.65625
2024-05-19 21:30:00,582,Pudukkottai,0.5,-18.65625
2024-05-19 21:35:00,582,Pudukkottai,1.0,-18.65625
2024-05-19 21:40:00,582,Pudukkottai,1.0,-18.65625
2024-05-19 21:45:00,582,Pudukkottai,1.0,-18.65625
2024-05-19 21:50:00,582,Pudukkottai,1.0,-18.65625
2024-05-19 21:55:00,582,Pudukkottai,1.0,-18.65625
2024-05-19 22:00:00,582,Pudukkottai,1.3333333333333333,-18.65625
2024-05-19 22:30:00,582,Pudukkottai,0.5,-18.65625
2024-05-19 22:35:00,582,Pudukkottai,0.5,-18.65625
2024-05-19 22:40:00,582,Pudukkottai,0.5,-18.65625
2024-05-19 22:45:00,582,Pudukkottai,0.5,-18.65625
2024-05-19 22:50:00,582,Pudukkottai,0.5,-18.65625
2024-05-19 22:55:00,582,Pudukkottai,0.5,-18.65625
2024-05-19 23:00:00,582,Pudukkottai,0.5,-18.65625
2024-05-20 06:05:00,582,Pudukkottai,0.5,-18.33375
2024-05-20 06:10:00,582,Pudukkottai,0.5,-18.33375
2024-05-20 06:15:00,582,Pudukkottai,0.5,-18.33375
2024-05-20 06:20:00,582,Pudukkottai,0.5,-18.33375
2024-05-20 06:25:00,582,Pudukkottai,0.5,-18.33375
2024-05-20 06:30:00,582,Pudukkottai,0.5,-18.33375
2024-05-20 06:35:00,582,Pudukkottai,0.5,-18.33375
2024-05-20 06:40:00,582,Pudukkottai,0.5,-18.33375
2024-05-20 06:45:00,582,Pudukkottai,0.5,-18.33375
2024-05-20 06:50:00,582,Pudukkottai,0.5,-18.33375
2024-05-20 06:55:00,582,Pudukkottai,0.5,-18.33375
2024-05-20 07:00:00,582,Pudukkottai,0.5,-18.33375
2024-05-20 15:00:00,582,Pudukkottai,0.5,-18.96375
2024-05-20 15:05:00,582,Pudukkottai,1.0,-17.865
2024-05-20 15:10:00,582,Pudukkottai,1.0,-17.865
2024-05-20 15:15:00,582,Pudukkottai,1.5,-17.865
2024-05-20 15:20:00,582,Pudukkottai,2.5,-17.865
2024-05-20 15:25:00,582,Pudukkottai,4.0,-17.865
2024-05-20 15:30:00,582,Pudukkottai,6.0,-17.865
2024-05-20 15:35:00,582,Pudukkottai,6.5,-17.865
2024-05-20 15:40:00,582,Pudukkottai,7.0,-17.865
2024-05-20 15:45:00,582,Pudukkottai,7.5,-17.865
2024-05-20 15:50:00,582,Pudukkottai,8.0,-17.865
2024-05-20 15:55:00,582,Pudukkottai,8.0,-17.865
2024-05-20 16:00:00,582,Pudukkottai,16.166666666666668,-17.865
2024-05-20 16:05:00,582,Pudukkottai,1.0,-17.865
2024-05-20 16:10:00,582,Pudukkottai,2.0,-17.865
2024-05-20 16:15:00,582,Pudukkottai,2.0,-17.865
2024-05-20 16:20:00,582,Pudukkottai,2.5,-17.865
2024-05-20 16:25:00,582,Pudukkottai,3.0,-17.865
2024-05-20 16:30:00,582,Pudukkottai,3.5,-17.865
2024-05-20 16:35:00,582,Pudukkottai,4.0,-17.865
2024-05-20 16:40:00,582,Pudukkottai,5.0,-17.865
2024-05-20 16:45:00,582,Pudukkottai,5.5,-17.865
2024-05-20 16:50:00,582,Pudukkottai,5.5,-17.865
2024-05-20 16:55:00,582,Pudukkottai,6.0,-17.865
2024-05-20 17:00:00,582,Pudukkottai,4.8,-17.865
2024-05-20 17:10:00,582,Pudukkottai,0.5,-17.865
2024-05-20 17:15:00,582,Pudukkottai,1.0,-17.865
2024-05-20 17:20:00,582,Pudukkottai,1.5,-17.865
2024-05-20 17:25:00,582,Pudukkottai,2.0,-17.865
2024-05-20 17:30:00,582,Pudukkottai,2.0,-17.865
2024-05-20 17:35:00,582,Pudukkottai,2.5,-17.865
2024-05-20 17:40:00,582,Pudukkottai,2.5,-17.865
2024-05-20 17:45:00,582,Pudukkottai,3.0,-17.865
2024-05-20 17:50:00,582,Pudukkottai,3.0,-17.865
2024-05-20 17:55:00,582,Pudukkottai,3.0,-17.865
2024-05-20 18:00:00,582,Pudukkottai,4.375,-17.865
2024-05-20 18:25:00,582,Pudukkottai,0.5,-17.865
2024-05-20 18:30:00,582,Pudukkottai,0.5,-17.865
2024-05-20 18:35:00,582,Pudukkottai,0.5,-17.865
2024-05-20 18:40:00,582,Pudukkottai,1.0,-17.865
2024-05-20 18:45:00,582,Pudukkottai,1.5,-17.865
2024-05-20 18:50:00,582,Pudukkottai,2.0,-17.865
2024-05-20 18:55:00,582,Pudukkottai,2.0,-17.865
2024-05-20 19:00:00,582,Pudukkottai,3.5,-17.865
2024-05-20 19:05:00,582,Pudukkottai,0.5,-17.865
2024-05-20 19:10:00,582,Pudukkottai,1.0,-17.865
2024-05-20 19:15:00,582,Pudukkottai,1.0,-17.865
2024-05-20 19:20:00,582,Pudukkottai,1.5,-17.865
2024-05-20 19:25:00,582,Pudukkottai,1.5,-17.865
2024-05-20 19:30:00,582,Pudukkottai,1.5,-17.865
2024-05-20 19:35:00,582,Pudukkottai,2.0,-17.865
2024-05-20 19:40:00,582,Pudukkottai,2.0,-17.865
2024-05-20 19:45:00,582,Pudukkottai,2.0,-17.865
2024-05-20 19:50:00,582,Pudukkottai,2.0,-17.865
2024-05-20 19:55:00,582,Pudukkottai,2.0,-17.865
2024-05-20 20:00:00,582,Pudukkottai,2.8,-17.865
2024-05-20 21:00:00,582,Pudukkottai,1.3333333333333333,-17.865
2024-05-20 22:00:00,582,Pudukkottai,0.5,-16.98125
2024-05-21 16:00:00,582,Pudukkottai,0.5,-17.978749999999998
2024-05-21 17:00:00,582,Pudukkottai,11.0,-17.978749999999998
2024-05-21 18:00:00,582,Pudukkottai,16.75,-17.978749999999998
2024-05-21 18:50:00,582,Pudukkottai,0.5,-17.978749999999998
2024-05-21 18:55:00,582,Pudukkottai,0.5,-17.978749999999998
2024-05-21 19:00:00,582,Pudukkottai,3.375,-17.978749999999998
2024-05-21 19:05:00,582,Pudukkottai,0.5,-17.978749999999998
2024-05-21 19:10:00,582,Pudukkottai,0.5,-17.978749999999998
2024-05-21 19:15:00,582,Pudukkottai,0.5,-17.978749999999998
2024-05-21 19:20:00,582,Pudukkottai,1.0,-17.978749999999998
2024-05-21 19:25:00,582,Pudukkottai,1.0,-17.978749999999998
2024-05-21 19:30:00,582,Pudukkottai,1.5,-17.978749999999998
2024-05-21 19:35:00,582,Pudukkottai,1.5,-17.978749999999998
2024-05-21 19:40:00,582,Pudukkottai,2.0,-17.978749999999998
2024-05-21 19:45:00,582,Pudukkottai,2.5,-17.978749999999998
2024-05-21 19:50:00,582,Pudukkottai,2.5,-17.978749999999998
2024-05-21 19:55:00,582,Pudukkottai,3.0,-17.978749999999998
2024-05-21 20:00:00,582,Pudukkottai,1.375,-17.978749999999998
2024-05-21 20:05:00,582,Pudukkottai,0.5,-17.978749999999998
2024-05-21 20:10:00,582,Pudukkottai,0.5,-17.978749999999998
2024-05-21 20:15:00,582,Pudukkottai,0.5,-17.978749999999998
2024-05-21 20:20:00,582,Pudukkottai,1.0,-17.978749999999998
2024-05-21 20:25:00,582,Pudukkottai,1.0,-17.978749999999998
2024-05-21 20:30:00,582,Pudukkottai,1.0,-17.978749999999998
2024-05-21 20:35:00,582,Pudukkottai,1.0,-17.978749999999998
2024-05-21 20:40:00,582,Pudukkottai,1.0,-17.978749999999998
2024-05-21 20:45:00,582,Pudukkottai,1.0,-17.978749999999998
2024-05-21 20:50:00,582,Pudukkottai,1.0,-17.978749999999998
2024-05-21 20:55:00,582,Pudukkottai,1.0,-17.978749999999998
2024-05-21 21:00:00,582,Pudukkottai,1.0,-17.978749999999998
2024-05-22 05:00:00,582,Pudukkottai,0.5,-17.58
2024-05-23 06:00:00,582,Pudukkottai,0.5,-21.00555555555556
2024-05-23 16:00:00,582,Pudukkottai,0.5,-18.46875
2024-05-23 16:45:00,582,Pudukkottai,0.5,-18.46875
2024-05-23 16:50:00,582,Pudukkottai,0.5,-18.46875
2024-05-23 16:55:00,582,Pudukkottai,0.5,-18.46875
2024-05-23 17:00:00,582,Pudukkottai,0.5,-18.46875
2024-05-23 19:00:00,582,Pudukkottai,0.5,-18.46875
2024-05-23 20:00:00,582,Pudukkottai,3.0,-18.46875
2024-05-23 21:00:00,582,Pudukkottai,6.0,-18.46875
2024-05-23 23:00:00,582,Pudukkottai,0.5,-17.7925
2024-05-24 14:00:00,582,Pudukkottai,5.5,-22.29855555555556
2024-05-24 15:00:00,582,Pudukkottai,0.5,-22.29855555555556
2024-05-24 18:00:00,582,Pudukkottai,3.75,-21.63977777777778
2024-05-24 19:00:00,582,Pudukkottai,0.5,-21.63977777777778
2024-05-24 20:00:00,582,Pudukkottai,2.5,-21.63977777777778
2024-05-24 23:00:00,582,Pudukkottai,1.0,-21.129222222222225
2024-05-25 13:00:00,582,Pudukkottai,0.5,-22.70266666666667
2024-05-27 16:00:00,582,Pudukkottai,18.5,-21.986666666666665
2024-05-27 17:00:00,582,Pudukkottai,61.5,-21.986666666666665
2024-05-27 18:00:00,582,Pudukkottai,489.5,-21.986666666666665
2024-05-27 19:00:00,582,Pudukkottai,205.5,-21.986666666666665
2024-05-27 20:00:00,582,Pudukkottai,180.0,-21.986666666666665
2024-05-27 21:00:00,582,Pudukkottai,149.5,-21.986666666666665
2024-05-27 22:00:00,582,Pudukkottai,159.5,-21.37633333333333
2024-05-27 23:00:00,582,Pudukkottai,139.5,-21.37633333333333
2024-05-28 00:00:00,582,Pudukkottai,92.0,-21.37633333333333
2024-05-28 01:00:00,582,Pudukkottai,378.0,-21.37633333333333
2024-05-28 02:00:00,582,Pudukkottai,260.5,-21.37633333333333
2024-05-28 03:00:00,582,Pudukkottai,178.5,-21.37633333333333
2024-05-28 04:00:00,582,Pudukkottai,150.5,-21.26233333333333
2024-05-28 05:00:00,582,Pudukkottai,81.5,-21.26233333333333
2024-05-28 06:00:00,582,Pudukkottai,10.0,-21.26233333333333
2024-05-28 07:00:00,582,Pudukkottai,6.0,-21.26233333333333
2024-05-28 08:00:00,582,Pudukkottai,0.5,-21.26233333333333
2024-05-28 09:00:00,582,Pudukkottai,32.0,-21.26233333333333
2024-05-28 11:00:00,582,Pudukkottai,9.0,-22.598444444444443
2024-05-28 12:00:00,582,Pudukkottai,54.5,-22.598444444444443
2024-05-28 18:00:00,582,Pudukkottai,54.5,-21.886666666666667
2024-05-28 19:00:00,582,Pudukkottai,187.5,-21.886666666666667
2024-05-28 20:00:00,582,Pudukkottai,49.0,-21.886666666666667
2024-05-30 15:00:00,582,Pudukkottai,6.0,-22.84411111111111
2024-06-01 16:35:00,582,Pudukkottai,0.5,-22.564666666666668
2024-06-01 16:40:00,582,Pudukkottai,1.0,-22.564666666666668
2024-06-01 16:45:00,582,Pudukkottai,1.0,-22.564666666666668
2024-06-01 16:50:00,582,Pudukkottai,1.0,-22.564666666666668
2024-06-01 16:55:00,582,Pudukkottai,1.0,-22.564666666666668
2024-06-01 17:00:00,582,Pudukkottai,1.0,-22.564666666666668
2024-06-01 18:00:00,582,Pudukkottai,16.0,-22.564666666666668
2024-06-01 18:10:00,582,Pudukkottai,0.5,-22.564666666666668
2024-06-01 18:15:00,582,Pudukkottai,0.5,-22.564666666666668
2024-06-01 18:20:00,582,Pudukkottai,0.5,-22.564666666666668
2024-06-01 18:25:00,582,Pudukkottai,0.5,-22.564666666666668
2024-06-01 18:30:00,582,Pudukkottai,0.5,-22.564666666666668
2024-06-01 18:35:00,582,Pudukkottai,0.5,-22.564666666666668
2024-06-01 18:40:00,582,Pudukkottai,0.5,-22.564666666666668
2024-06-01 18:45:00,582,Pudukkottai,0.5,-22.564666666666668
2024-06-01 18:50:00,582,Pudukkottai,0.5,-22.564666666666668
2024-06-01 18:55:00,582,Pudukkottai,1.0,-22.564666666666668
2024-06-01 19:00:00,582,Pudukkottai,12.0,-22.564666666666668
2024-06-01 19:20:00,582,Pudukkottai,0.5,-22.564666666666668
2024-06-01 19:25:00,582,Pudukkottai,0.5,-22.564666666666668
2024-06-01 19:30:00,582,Pudukkottai,0.5,-22.564666666666668
2024-06-01 19:35:00,582,Pudukkottai,0.5,-22.564666666666668
2024-06-01 19:40:00,582,Pudukkottai,1.0,-22.564666666666668
2024-06-01 19:45:00,582,Pudukkottai,1.0,-22.564666666666668
2024-06-01 19:50:00,582,Pudukkottai,1.0,-22.564666666666668
2024-06-01 19:55:00,582,Pudukkottai,1.0,-22.564666666666668
2024-06-01 20:00:00,582,Pudukkottai,1.0,-22.564666666666668
2024-06-05 16:00:00,582,Pudukkottai,0.5,-22.613
2024-06-05 17:00:00,582,Pudukkottai,0.5,-22.613
2024-06-05 18:00:00,582,Pudukkottai,1.75,-22.613
2024-06-05 18:05:00,582,Pudukkottai,8.5,-22.613
2024-06-05 18:10:00,582,Pudukkottai,15.5,-22.613
2024-06-05 18:15:00,582,Pudukkottai,24.5,-22.613
2024-06-05 18:20:00,582,Pudukkottai,31.5,-22.613
2024-06-05 18:25:00,582,Pudukkottai,35.5,-22.613
2024-06-05 18:30:00,582,Pudukkottai,40.5,-22.613
2024-06-05 18:35:00,582,Pudukkottai,47.0,-22.613
2024-06-05 18:40:00,582,Pudukkottai,54.0,-22.613
2024-06-05 18:45:00,582,Pudukkottai,60.5,-22.613
2024-06-05 18:50:00,582,Pudukkottai,66.5,-22.613
2024-06-05 19:00:00,582,Pudukkottai,41.5,-22.613
2024-06-05 19:05:00,582,Pudukkottai,7.0,-22.613
2024-06-05 19:10:00,582,Pudukkottai,14.0,-22.613
2024-06-05 19:15:00,582,Pudukkottai,18.5,-22.613
2024-06-05 19:20:00,582,Pudukkottai,23.0,-22.613
2024-06-05 19:25:00,582,Pudukkottai,25.5,-22.613
2024-06-05 19:30:00,582,Pudukkottai,27.5,-22.613
2024-06-05 19:35:00,582,Pudukkottai,28.5,-22.613
2024-06-05 19:40:00,582,Pudukkottai,29.0,-22.613
2024-06-05 19:45:00,582,Pudukkottai,29.0,-22.613
2024-06-05 19:50:00,582,Pudukkottai,29.0,-22.613
2024-06-05 19:55:00,582,Pudukkottai,29.5,-22.613
2024-06-05 20:00:00,582,Pudukkottai,14.75,-22.613
2024-06-05 20:05:00,582,Pudukkottai,0.5,-22.613
2024-06-05 20:10:00,582,Pudukkottai,0.5,-22.613
2024-06-05 20:15:00,582,Pudukkottai,0.5,-22.613
2024-06-05 20:20:00,582,Pudukkottai,0.5,-22.613
2024-06-05 20:25:00,582,Pudukkottai,0.5,-22.613
2024-06-05 20:30:00,582,Pudukkottai,0.5,-22.613
2024-06-05 20:35:00,582,Pudukkottai,0.5,-22.613
2024-06-05 20:40:00,582,Pudukkottai,0.5,-22.613
2024-06-05 20:45:00,582,Pudukkottai,0.5,-22.613
2024-06-05 20:50:00,582,Pudukkottai,0.5,-22.613
2024-06-05 20:55:00,582,Pudukkottai,0.5,-22.613
2024-06-05 21:00:00,582,Pudukkottai,5.25,-22.613
2024-06-05 21:10:00,582,Pudukkottai,0.5,-20.38422222222222
2024-06-05 21:15:00,582,Pudukkottai,0.5,-20.38422222222222
2024-06-05 21:20:00,582,Pudukkottai,0.5,-20.38422222222222
2024-06-05 21:25:00,582,Pudukkottai,0.5,-20.38422222222222
2024-06-05 21:30:00,582,Pudukkottai,0.5,-20.38422222222222
2024-06-05 21:35:00,582,Pudukkottai,0.5,-20.38422222222222
2024-06-05 21:40:00,582,Pudukkottai,0.5,-20.38422222222222
2024-06-05 21:45:00,582,Pudukkottai,0.5,-20.38422222222222
2024-06-05 21:50:00,582,Pudukkottai,1.0,-20.38422222222222
2024-06-05 21:55:00,582,Pudukkottai,1.0,-20.38422222222222
2024-06-05 22:00:00,582,Pudukkottai,1.0,-20.38422222222222
2024-06-05 22:05:00,582,Pudukkottai,0.5,-20.38422222222222
2024-06-05 22:10:00,582,Pudukkottai,0.5,-20.38422222222222
2024-06-05 22:15:00,582,Pudukkottai,0.5,-20.38422222222222
2024-06-05 22:20:00,582,Pudukkottai,0.5,-20.38422222222222
2024-06-05 22:25:00,582,Pudukkottai,1.0,-20.38422222222222
2024-06-05 22:30:00,582,Pudukkottai,1.0,-20.38422222222222
2024-06-05 22:35:00,582,Pudukkottai,1.0,-20.38422222222222
2024-06-05 22:40:00,582,Pudukkottai,1.5,-20.38422222222222
2024-06-05 22:45:00,582,Pudukkottai,1.5,-20.38422222222222
2024-06-05 22:50:00,582,Pudukkottai,1.5,-20.38422222222222
2024-06-05 22:55:00,582,Pudukkottai,1.5,-20.38422222222222
2024-06-05 23:00:00,582,Pudukkottai,1.375,-20.38422222222222
2024-06-05 23:25:00,582,Pudukkottai,0.5,-20.38422222222222
2024-06-05 23:30:00,582,Pudukkottai,0.5,-20.38422222222222
2024-06-05 23:35:00,582,Pudukkottai,0.5,-20.38422222222222
2024-06-05 23:40:00,582,Pudukkottai,0.5,-20.38422222222222
2024-06-05 23:45:00,582,Pudukkottai,0.5,-20.38422222222222
2024-06-05 23:50:00,582,Pudukkottai,0.5,-20.38422222222222
2024-06-05 23:55:00,582,Pudukkottai,0.5,-20.38422222222222
2024-06-06 00:00:00,582,Pudukkottai,0.5,-20.38422222222222
2024-06-06 15:00:00,582,Pudukkottai,66.5,-21.447
2024-06-06 16:00:00,582,Pudukkottai,2.0,-21.37855555555556
2024-06-06 17:00:00,582,Pudukkottai,35.0,-21.37855555555556
2024-06-06 18:00:00,582,Pudukkottai,151.5,-21.37855555555556
2024-06-06 19:00:00,582,Pudukkottai,71.5,-21.37855555555556
2024-06-06 20:00:00,582,Pudukkottai,80.5,-21.37855555555556
2024-06-06 21:00:00,582,Pudukkottai,4.0,-21.37855555555556
2024-06-06 23:00:00,582,Pudukkottai,0.5,-21.082444444444448
2024-06-07 01:00:00,582,Pudukkottai,0.5,-21.082444444444448
2024-06-07 14:00:00,582,Pudukkottai,17.5,-22.348666666666663
2024-06-07 15:00:00,582,Pudukkottai,12.5,-22.348666666666663
2024-06-07 16:00:00,582,Pudukkottai,176.5,-21.809555555555555
2024-06-07 17:00:00,582,Pudukkottai,639.0,-21.809555555555555
2024-06-07 18:00:00,582,Pudukkottai,225.5,-21.809555555555555
2024-06-07 19:00:00,582,Pudukkottai,139.5,-21.809555555555555
2024-06-07 20:00:00,582,Pudukkottai,5.0,-21.809555555555555
2024-06-07 21:00:00,582,Pudukkottai,6.5,-21.809555555555555
2024-06-08 13:00:00,582,Pudukkottai,14.0,-22.29588888888889
2024-06-08 16:00:00,582,Pudukkottai,1.0,-21.61522222222222
2024-06-09 03:00:00,582,Pudukkottai,0.5,-21.22155555555556
2024-06-10 12:00:00,582,Pudukkottai,0.5,-22.28377777777778
2024-06-11 11:00:00,582,Pudukkottai,11.5,-22.571444444444445
2024-06-11 12:00:00,582,Pudukkottai,6.0,-22.571444444444445
2024-06-11 22:00:00,582,Pudukkottai,9.0,-21.32311111111111
2024-06-11 23:00:00,582,Pudukkottai,22.0,-21.32311111111111
2024-06-12 00:00:00,582,Pudukkottai,3.0,-21.32311111111111
2024-06-12 04:00:00,582,Pudukkottai,1.0,-21.60955555555556
2024-06-12 09:00:00,582,Pudukkottai,0.5,-21.60955555555556
2024-06-12 10:00:00,582,Pudukkottai,0.5,-23.012222222222224
2024-06-12 11:00:00,582,Pudukkottai,10.0,-23.012222222222224
2024-06-12 12:00:00,582,Pudukkottai,12.0,-23.012222222222224
2024-06-13 11:00:00,582,Pudukkottai,21.0,-22.622888888888887
2024-06-13 12:00:00,582,Pudukkottai,140.0,-22.622888888888887
2024-06-13 13:00:00,582,Pudukkottai,458.5,-22.622888888888887
2024-06-13 14:00:00,582,Pudukkottai,195.0,-22.622888888888887
2024-06-13 15:00:00,582,Pudukkottai,39.5,-22.622888888888887
2024-06-13 16:00:00,582,Pudukkottai,75.5,-22.086666666666662
2024-06-13 17:00:00,582,Pudukkottai,43.0,-22.086666666666662
2024-06-15 20:00:00,582,Pudukkottai,4.5,-22.099888888888888
2024-06-16 19:00:00,582,Pudukkottai,5.0,-22.16477777777778
2024-06-16 19:10:00,582,Pudukkottai,1.0,-22.16477777777778
2024-06-16 19:15:00,582,Pudukkottai,1.5,-22.16477777777778
2024-06-16 19:20:00,582,Pudukkottai,0.5,-22.16477777777778
2024-06-16 20:00:00,582,Pudukkottai,3.5,-22.16477777777778
2024-06-16 21:00:00,582,Pudukkottai,0.75,-22.16477777777778
2024-06-17 21:00:00,582,Pudukkottai,13.833333333333334,-22.395
2024-06-17 22:00:00,582,Pudukkottai,5.666666666666667,-21.63855555555556
2024-06-18 17:00:00,582,Pudukkottai,7.0,-21.98522222222222
2024-06-18 17:40:00,582,Pudukkottai,3.5,-21.98522222222222
2024-06-18 18:00:00,582,Pudukkottai,5.166666666666667,-21.98522222222222
2024-06-18 19:00:00,582,Pudukkottai,11.333333333333334,-21.98522222222222
2024-06-18 20:00:00,582,Pudukkottai,1.25,-21.98522222222222
2024-06-18 21:00:00,582,Pudukkottai,1.1666666666666667,-21.98522222222222
2024-06-18 22:00:00,582,Pudukkottai,0.5,-21.21388888888889
2024-06-19 17:00:00,582,Pudukkottai,1.0,-21.456666666666663
2024-06-19 18:00:00,582,Pudukkottai,6.75,-21.456666666666663
2024-06-22 17:00:00,582,Pudukkottai,6.5,-22.001
2024-06-22 17:40:00,582,Pudukkottai,7.5,-22.001
2024-06-22 17:45:00,582,Pudukkottai,4.0,-22.001
2024-06-22 17:50:00,582,Pudukkottai,0.5,-22.001
2024-06-22 17:55:00,582,Pudukkottai,1.0,-22.001
2024-06-22 18:15:00,582,Pudukkottai,2.0,-22.001
2024-06-22 18:20:00,582,Pudukkottai,1.0,-22.001
2024-06-22 19:00:00,582,Pudukkottai,0.5,-22.001
2024-06-22 20:00:00,582,Pudukkottai,1.0,-22.001
2024-06-26 19:00:00,582,Pudukkottai,0.5,-21.40055555555556
2024-06-29 20:00:00,582,Pudukkottai,26.0,-21.572666666666667
2024-06-29 21:00:00,582,Pudukkottai,6.0,-21.572666666666667
2024-06-30 15:00:00,582,Pudukkottai,5.0,-22.548777777777776
2024-06-30 16:00:00,582,Pudukkottai,4.0,-21.19255555555556
2024-07-03 19:00:00,582,Pudukkottai,2.0,-20.043875
2024-07-03 20:00:00,582,Pudukkottai,13.0,-20.043875
2024-07-03 20:05:00,582,Pudukkottai,3.0,-20.043875
2024-07-03 20:25:00,582,Pudukkottai,2.0,-20.043875
2024-07-03 20:30:00,582,Pudukkottai,2.5,-20.043875
2024-07-03 20:35:00,582,Pudukkottai,1.0,-20.043875
2024-07-03 21:00:00,582,Pudukkottai,1.6666666666666667,-20.043875
2024-07-03 22:00:00,582,Pudukkottai,0.5,-19.474
2024-07-05 17:00:00,582,Pudukkottai,11.833333333333334,-19.364375
2024-07-05 18:00:00,582,Pudukkottai,1.0,-19.364375
2024-07-05 19:00:00,582,Pudukkottai,0.5,-19.364375
2024-07-09 19:00:00,582,Pudukkottai,0.5,-20.093375
2024-07-09 20:00:00,582,Pudukkottai,0.5,-20.093375
2024-07-10 19:00:00,582,Pudukkottai,0.5,-19.695125
2024-07-10 19:45:00,582,Pudukkottai,0.5,-19.695125
2024-07-10 19:50:00,582,Pudukkottai,2.0,-19.695125
2024-07-10 20:00:00,582,Pudukkottai,11.0,-19.695125
2024-07-10 20:10:00,582,Pudukkottai,0.5,-19.695125
2024-07-10 20:15:00,582,Pudukkottai,0.5,-19.695125
2024-07-10 20:30:00,582,Pudukkottai,0.5,-19.695125
2024-07-10 20:35:00,582,Pudukkottai,0.5,-19.695125
2024-07-10 21:00:00,582,Pudukkottai,4.75,-19.695125
2024-07-10 21:20:00,582,Pudukkottai,0.5,-19.086375
2024-07-10 21:25:00,582,Pudukkottai,0.5,-19.086375
2024-07-10 21:30:00,582,Pudukkottai,0.5,-19.086375
2024-07-10 21:35:00,582,Pudukkottai,0.5,-19.086375
2024-07-10 21:40:00,582,Pudukkottai,0.5,-19.086375
2024-07-10 21:45:00,582,Pudukkottai,0.5,-19.086375
2024-07-10 21:50:00,582,Pudukkottai,0.5,-19.086375
2024-07-10 21:55:00,582,Pudukkottai,0.5,-19.086375
2024-07-10 22:00:00,582,Pudukkottai,0.5,-19.086375
2024-07-10 23:00:00,582,Pudukkottai,0.5,-19.086375
2024-07-11 00:00:00,582,Pudukkottai,0.5,-19.086375
2024-07-12 17:00:00,582,Pudukkottai,12.5,-20.202375
2024-07-12 18:00:00,582,Pudukkottai,6.75,-20.202375
2024-07-12 18:15:00,582,Pudukkottai,0.5,-20.202375
2024-07-12 19:00:00,582,Pudukkottai,0.75,-20.202375
2024-07-12 19:30:00,582,Pudukkottai,0.5,-20.202375
2024-07-12 19:35:00,582,Pudukkottai,0.5,-20.202375
2024-07-12 20:00:00,582,Pudukkottai,0.5,-20.202375
2024-07-12 21:00:00,582,Pudukkottai,2.0,-20.202375
2024-07-12 23:00:00,582,Pudukkottai,0.5,-19.255375
2024-07-13 12:00:00,582,Pudukkottai,0.5,-20.765875
2024-07-15 02:00:00,582,Pudukkottai,0.5,-19.277625
2024-07-15 08:00:00,582,Pudukkottai,0.5,-19.01325
2024-07-16 04:00:00,582,Pudukkottai,1.0,-19.0475
2024-07-16 05:00:00,582,Pudukkottai,0.5,-19.0475
2024-07-17 19:00:00,582,Pudukkottai,0.5,-20.104625
2024-07-17 20:00:00,582,Pudukkottai,0.5,-20.104625
2024-07-17 21:00:00,582,Pudukkottai,0.5,-20.104625
2024-07-18 16:00:00,582,Pudukkottai,0.5,-20.25425
2024-07-20 01:00:00,582,Pudukkottai,0.5,-19.44925
2024-07-20 16:00:00,582,Pudukkottai,0.5,-19.976875
2024-07-21 07:00:00,582,Pudukkottai,0.5,-21.61842857142857
2024-07-22 04:00:00,582,Pudukkottai,0.5,-19.3535
2024-07-23 15:25:00,582,Pudukkottai,10.5,-20.258125
2024-07-23 15:30:00,582,Pudukkottai,16.0,-20.258125
2024-07-25 18:00:00,582,Pudukkottai,0.75,-20.270625
2024-08-01 20:00:00,582,Pudukkottai,2.5,-21.675
2024-08-01 21:00:00,582,Pudukkottai,1.3333333333333333,-21.675
2024-08-01 22:00:00,582,Pudukkottai,0.5,-20.979875
2024-08-02 20:00:00,582,Pudukkottai,5.5,-21.47825
2024-08-03 18:00:00,582,Pudukkottai,2.25,-21.73225
2024-08-03 19:00:00,582,Pudukkottai,7.75,-21.73225
2024-08-03 20:00:00,582,Pudukkottai,1.5,-21.73225
2024-08-03 21:00:00,582,Pudukkottai,2.5,-21.73225
2024-08-03 22:00:00,582,Pudukkottai,0.5,-21.021875
2024-08-04 00:00:00,582,Pudukkottai,0.5,-21.021875
2024-08-04 01:00:00,582,Pudukkottai,0.5,-21.021875
2024-08-04 05:00:00,582,Pudukkottai,0.5,-20.73825
2024-08-04 14:00:00,582,Pudukkottai,0.5,-22.262625
2024-08-05 00:00:00,582,Pudukkottai,1.0,-20.968875
2024-08-05 01:00:00,582,Pudukkottai,0.5,-20.968875
2024-08-05 03:00:00,582,Pudukkottai,0.5,-20.968875
2024-08-05 04:00:00,582,Pudukkottai,2.0,-20.684125
2024-08-05 05:00:00,582,Pudukkottai,0.5,-20.684125
2024-08-05 06:00:00,582,Pudukkottai,0.5,-20.684125
2024-08-05 21:00:00,582,Pudukkottai,29.0,-21.577875
2024-08-05 22:00:00,582,Pudukkottai,7.5,-20.780875
2024-08-05 23:00:00,582,Pudukkottai,0.75,-20.780875
2024-08-06 17:00:00,582,Pudukkottai,3.5,-21.29725
2024-08-06 18:00:00,582,Pudukkottai,2.625,-21.29725
2024-08-06 19:00:00,582,Pudukkottai,16.666666666666668,-21.29725
2024-08-06 20:00:00,582,Pudukkottai,2.0,-21.29725
2024-08-06 21:00:00,582,Pudukkottai,1.1666666666666667,-21.29725
2024-08-06 22:00:00,582,Pudukkottai,1.0,-19.890125
2024-08-06 23:00:00,582,Pudukkottai,0.5,-19.890125
2024-08-07 20:00:00,582,Pudukkottai,12.5,-20.760625
2024-08-07 21:00:00,582,Pudukkottai,16.833333333333332,-20.760625
2024-08-07 22:00:00,582,Pudukkottai,1.6666666666666667,-18.5555
2024-08-07 23:00:00,582,Pudukkottai,1.25,-18.5555
2024-08-08 00:00:00,582,Pudukkottai,1.3333333333333333,-18.5555
2024-08-08 10:00:00,582,Pudukkottai,39.0,-20.029
2024-08-08 11:00:00,582,Pudukkottai,39.5,-20.029
2024-08-08 15:00:00,582,Pudukkottai,5.75,-20.029
2024-08-08 16:00:00,582,Pudukkottai,10.75,-19.955125
2024-08-08 17:00:00,582,Pudukkottai,4.166666666666667,-19.955125
2024-08-08 18:00:00,582,Pudukkottai,1.0,-19.955125
2024-08-10 23:00:00,582,Pudukkottai,7.5,-14.937142857142858
2024-08-11 01:00:00,582,Pudukkottai,1.0,-14.937142857142858
2024-08-11 02:00:00,582,Pudukkottai,0.5,-14.937142857142858
2024-08-11 04:00:00,582,Pudukkottai,1.0,-14.821428571428571
2024-08-11 07:00:00,582,Pudukkottai,0.5,-14.821428571428571
2024-08-11 22:00:00,582,Pudukkottai,2.0,-19.064875
2024-08-11 23:00:00,582,Pudukkottai,0.5,-19.064875
2024-08-12 00:00:00,582,Pudukkottai,1.0,-19.064875
2024-08-12 01:00:00,582,Pudukkottai,0.5,-19.064875
2024-08-13 03:00:00,582,Pudukkottai,1.5,-14.85
2024-08-13 18:00:00,582,Pudukkottai,1.0,-24.594666666666665
2024-08-14 04:00:00,582,Pudukkottai,2.5,-14.7
2024-08-14 05:00:00,582,Pudukkottai,1.125,-14.7
2024-08-14 07:00:00,582,Pudukkottai,0.5,-14.7
2024-08-14 10:00:00,582,Pudukkottai,0.5,-16.604285714285716
2024-08-15 12:00:00,582,Pudukkottai,8.0,-20.50275
2024-08-15 13:00:00,582,Pudukkottai,18.0,-20.50275
2024-08-15 14:00:00,582,Pudukkottai,2.5,-20.50275
2024-08-17 14:00:00,582,Pudukkottai,19.0,-18.764
2024-08-17 15:00:00,582,Pudukkottai,18.25,-18.764
2024-08-17 16:00:00,582,Pudukkottai,20.25,-17.7515
2024-08-18 20:00:00,582,Pudukkottai,1.0,-28.4978
2024-08-19 01:00:00,582,Pudukkottai,5.5,-27.4486
2024-08-19 02:00:00,582,Pudukkottai,1.0,-27.4486
2024-08-19 17:00:00,582,Pudukkottai,9.5,-18.086
2024-08-19 18:00:00,582,Pudukkottai,9.25,-18.086
2024-08-19 19:00:00,582,Pudukkottai,0.5,-18.086
2024-08-20 00:00:00,582,Pudukkottai,0.5,-18.536
2024-08-20 01:00:00,582,Pudukkottai,1.0,-18.536
2024-08-20 02:00:00,582,Pudukkottai,0.5,-18.536
2024-08-20 04:00:00,582,Pudukkottai,1.0,-11.931666666666668
2024-08-20 05:00:00,582,Pudukkottai,0.5,-11.931666666666668
2024-08-20 07:00:00,582,Pudukkottai,0.5,-11.931666666666668
2024-08-20 08:00:00,582,Pudukkottai,0.5,-11.931666666666668
2024-08-20 09:00:00,582,Pudukkottai,0.5,-11.931666666666668
2024-08-20 10:00:00,582,Pudukkottai,0.5,-12.216666666666669
2024-08-20 13:00:00,582,Pudukkottai,0.5,-12.216666666666669
2024-08-20 14:00:00,582,Pudukkottai,0.5,-12.216666666666669
2024-08-20 16:00:00,582,Pudukkottai,0.5,-17.312
2024-08-20 17:00:00,582,Pudukkottai,6.0,-17.312
2024-08-20 18:00:00,582,Pudukkottai,1.5,-17.312
2024-08-20 19:00:00,582,Pudukkottai,0.5,-17.312
2024-08-20 20:00:00,582,Pudukkottai,2.5,-17.312
2024-08-20 21:00:00,582,Pudukkottai,1.8333333333333333,-17.312
2024-08-20 22:00:00,582,Pudukkottai,0.5,-17.239428571428572
2024-08-20 23:00:00,582,Pudukkottai,0.5,-17.239428571428572
2024-08-21 00:00:00,582,Pudukkottai,0.5,-17.239428571428572
2024-08-21 01:00:00,582,Pudukkottai,0.5,-17.239428571428572
2024-08-21 02:00:00,582,Pudukkottai,0.5,-17.239428571428572
2024-08-21 03:00:00,582,Pudukkottai,0.5,-17.239428571428572
2024-08-21 05:00:00,582,Pudukkottai,0.5,-21.997400000000003
2024-08-21 08:00:00,582,Pudukkottai,0.5,-21.997400000000003
2024-08-21 12:00:00,582,Pudukkottai,0.5,-22.8196
2024-08-21 16:00:00,582,Pudukkottai,0.5,-22.4232
2024-08-21 23:00:00,582,Pudukkottai,0.5,-22.207
2024-08-22 08:00:00,582,Pudukkottai,0.5,-15.269999999999998
2024-08-22 20:00:00,582,Pudukkottai,0.5,-21.43928571428572
2024-08-22 23:00:00,582,Pudukkottai,0.5,-20.590857142857143
2024-08-23 02:00:00,582,Pudukkottai,0.5,-20.590857142857143
2024-08-23 04:00:00,582,Pudukkottai,0.5,-18.92825
2024-08-23 09:00:00,582,Pudukkottai,0.5,-18.92825
2024-08-23 10:05:00,582,Pudukkottai,0.5,-20.795625
2024-08-23 10:10:00,582,Pudukkottai,0.5,-20.795625
2024-08-23 10:15:00,582,Pudukkottai,0.5,-20.795625
2024-08-23 10:25:00,582,Pudukkottai,0.5,-20.795625
2024-08-23 10:30:00,582,Pudukkottai,0.5,-20.795625
2024-08-23 10:40:00,582,Pudukkottai,0.5,-20.795625
2024-08-23 10:45:00,582,Pudukkottai,0.5,-20.795625
2024-08-23 10:50:00,582,Pudukkottai,0.5,-20.795625
2024-08-23 11:40:00,582,Pudukkottai,0.5,-20.795625
2024-08-23 11:45:00,582,Pudukkottai,0.5,-20.795625
2024-08-23 11:50:00,582,Pudukkottai,0.5,-20.795625
2024-08-23 12:00:00,582,Pudukkottai,0.5,-20.795625
2024-08-23 13:25:00,582,Pudukkottai,0.5,-20.795625
2024-08-23 13:30:00,582,Pudukkottai,0.5,-20.795625
2024-08-23 13:35:00,582,Pudukkottai,0.5,-20.795625
2024-08-23 13:45:00,582,Pudukkottai,0.5,-20.795625
2024-08-23 13:55:00,582,Pudukkottai,0.5,-20.795625
2024-08-23 15:30:00,582,Pudukkottai,0.5,-19.911875
2024-08-23 15:55:00,582,Pudukkottai,0.5,-19.911875
2024-08-23 16:00:00,582,Pudukkottai,0.5,-19.911875
2024-08-23 18:45:00,582,Pudukkottai,0.5,-19.911875
2024-08-23 18:50:00,582,Pudukkottai,0.5,-19.911875
2024-08-23 18:55:00,582,Pudukkottai,0.5,-19.911875
2024-08-23 19:00:00,582,Pudukkottai,0.5,-19.911875
2024-08-23 22:45:00,582,Pudukkottai,0.5,-19.23175
2024-08-23 22:50:00,582,Pudukkottai,0.5,-19.23175
2024-08-23 22:55:00,582,Pudukkottai,0.5,-19.23175
2024-08-23 23:00:00,582,Pudukkottai,0.5,-19.23175
2024-08-24 02:05:00,582,Pudukkottai,0.5,-19.23175
2024-08-24 02:20:00,582,Pudukkottai,0.5,-19.23175
2024-08-24 02:25:00,582,Pudukkottai,0.5,-19.23175
2024-08-24 02:30:00,582,Pudukkottai,0.5,-19.23175
2024-08-24 02:35:00,582,Pudukkottai,0.5,-19.23175
2024-08-24 02:40:00,582,Pudukkottai,0.5,-19.23175
2024-08-24 02:55:00,582,Pudukkottai,0.5,-19.23175
2024-08-24 03:00:00,582,Pudukkottai,0.5,-19.23175
2024-08-24 05:00:00,582,Pudukkottai,0.5,-17.33685714285714
2024-08-24 07:45:00,582,Pudukkottai,0.5,-17.33685714285714
2024-08-24 08:00:00,582,Pudukkottai,0.5,-17.33685714285714
2024-08-24 10:20:00,582,Pudukkottai,0.5,-18.132285714285715
2024-08-24 10:30:00,582,Pudukkottai,0.5,-18.132285714285715
2024-08-24 10:40:00,582,Pudukkottai,0.5,-18.132285714285715
2024-08-24 10:50:00,582,Pudukkottai,0.5,-18.132285714285715
2024-08-24 10:55:00,582,Pudukkottai,0.5,-18.132285714285715
2024-08-24 11:00:00,582,Pudukkottai,0.5,-18.132285714285715
2024-08-24 13:35:00,582,Pudukkottai,0.5,-18.132285714285715
2024-08-24 13:40:00,582,Pudukkottai,0.5,-18.132285714285715
2024-08-24 16:15:00,582,Pudukkottai,0.5,-17.69757142857143
2024-08-24 16:20:00,582,Pudukkottai,0.5,-17.69757142857143
2024-08-24 16:25:00,582,Pudukkottai,0.5,-17.69757142857143
2024-08-24 16:30:00,582,Pudukkottai,0.5,-17.69757142857143
2024-08-24 16:35:00,582,Pudukkottai,0.5,-17.69757142857143
2024-08-24 16:40:00,582,Pudukkottai,0.5,-17.69757142857143
2024-08-24 16:45:00,582,Pudukkottai,0.5,-17.69757142857143
2024-08-24 16:50:00,582,Pudukkottai,0.5,-17.69757142857143
2024-08-24 16:55:00,582,Pudukkottai,0.5,-17.69757142857143
2024-08-24 17:00:00,582,Pudukkottai,0.5,-17.69757142857143
2024-08-24 19:15:00,582,Pudukkottai,0.5,-17.69757142857143
2024-08-24 19:35:00,582,Pudukkottai,0.5,-17.69757142857143
2024-08-24 19:40:00,582,Pudukkottai,0.5,-17.69757142857143
2024-08-24 19:45:00,582,Pudukkottai,0.5,-17.69757142857143
2024-08-24 19:50:00,582,Pudukkottai,0.5,-17.69757142857143
2024-08-24 19:55:00,582,Pudukkottai,0.5,-17.69757142857143
2024-08-24 23:00:00,582,Pudukkottai,0.5,-17.574714285714286
2024-08-25 04:35:00,582,Pudukkottai,0.5,-19.131625
2024-08-25 04:55:00,582,Pudukkottai,0.5,-19.131625
2024-08-25 05:00:00,582,Pudukkottai,0.5,-19.131625
2024-08-25 09:55:00,582,Pudukkottai,0.5,-21.102125
2024-08-25 10:00:00,582,Pudukkottai,0.5,-21.102125
2024-08-25 16:35:00,582,Pudukkottai,0.5,-20.25525
2024-08-25 16:40:00,582,Pudukkottai,0.5,-20.25525
2024-08-25 16:45:00,582,Pudukkottai,0.5,-20.25525
2024-08-25 16:55:00,582,Pudukkottai,0.5,-20.25525
2024-08-25 17:00:00,582,Pudukkottai,0.5,-20.25525
2024-08-26 00:50:00,582,Pudukkottai,0.5,-19.41625
2024-08-26 00:55:00,582,Pudukkottai,0.5,-19.41625
2024-08-26 01:00:00,582,Pudukkottai,0.5,-19.41625
2024-08-26 18:35:00,582,Pudukkottai,0.5,-19.1015
2024-08-26 18:40:00,582,Pudukkottai,0.5,-19.1015
2024-08-26 18:45:00,582,Pudukkottai,0.5,-19.1015
2024-08-26 18:50:00,582,Pudukkottai,0.5,-19.1015
2024-08-26 18:55:00,582,Pudukkottai,0.5,-19.1015
2024-08-26 19:00:00,582,Pudukkottai,0.5,-19.1015
2024-08-29 01:10:00,582,Pudukkottai,0.5,-20.5325
2024-08-29 01:15:00,582,Pudukkottai,0.5,-20.5325
2024-08-29 01:20:00,582,Pudukkottai,0.5,-20.5325
2024-08-29 01:25:00,582,Pudukkottai,0.5,-20.5325
2024-08-29 01:30:00,582,Pudukkottai,0.5,-20.5325
2024-08-29 01:35:00,582,Pudukkottai,0.5,-20.5325
2024-08-29 01:40:00,582,Pudukkottai,0.5,-20.5325
2024-08-29 01:45:00,582,Pudukkottai,0.5,-20.5325
2024-08-29 01:50:00,582,Pudukkottai,0.5,-20.5325
2024-08-29 01:55:00,582,Pudukkottai,0.5,-20.5325
2024-08-29 02:00:00,582,Pudukkottai,0.5,-20.5325
2024-08-29 21:00:00,582,Pudukkottai,0.5,-20.49775
2024-08-29 22:00:00,582,Pudukkottai,2.0,-19.8925
2024-08-31 17:00:00,582,Pudukkottai,14.0,-20.817
2024-08-31 18:00:00,582,Pudukkottai,5.25,-20.817
2024-08-31 19:00:00,582,Pudukkottai,0.5,-20.817
2024-08-31 23:00:00,582,Pudukkottai,0.5,-20.124125
2024-09-01 15:00:00,582,Pudukkottai,1.0,-21.35075
2024-09-03 18:00:00,582,Pudukkottai,8.0,-20.615625
2024-09-04 05:00:00,582,Pudukkottai,0.5,-19.794125
2024-09-06 15:00:00,582,Pudukkottai,5.5,-21.65425
2024-09-07 16:00:00,582,Pudukkottai,0.5,-20.328375
2024-09-07 17:00:00,582,Pudukkottai,4.0,-20.328375
2024-09-07 19:00:00,582,Pudukkottai,1.0,-20.328375
2024-09-08 19:00:00,582,Pudukkottai,0.5,-20.3405
2024-09-09 19:00:00,582,Pudukkottai,6.5,-20.35425
2024-09-11 18:00:00,582,Pudukkottai,3.5,-20.670375
2024-09-11 19:00:00,582,Pudukkottai,0.5,-20.670375
2024-09-14 18:00:00,582,Pudukkottai,4.0,-19.087
2024-09-18 16:45:00,582,Pudukkottai,2.0,-21.328375
2024-09-18 16:50:00,582,Pudukkottai,9.0,-21.328375
2024-09-18 16:55:00,582,Pudukkottai,133.5,-21.328375
2024-09-18 17:00:00,582,Pudukkottai,134.5,-21.328375
2024-09-21 16:00:00,582,Pudukkottai,1.5,-21.571875
2024-09-21 18:00:00,582,Pudukkottai,1.0,-21.571875
2024-09-23 16:00:00,582,Pudukkottai,2.5,-21.839125
2024-09-24 17:00:00,582,Pudukkottai,4.0,-21.676625
2024-09-25 19:00:00,582,Pudukkottai,0.5,-21.930125
2024-09-27 17:00:00,582,Pudukkottai,0.5,-21.72275
2024-09-27 18:00:00,582,Pudukkottai,6.5,-21.72275
2024-09-27 21:00:00,582,Pudukkottai,0.5,-21.72275
2024-09-27 22:00:00,582,Pudukkottai,0.5,-21.39725
2024-09-28 03:00:00,582,Pudukkottai,0.5,-21.39725
2024-09-28 17:00:00,582,Pudukkottai,0.5,-22.32475
2024-09-28 18:00:00,582,Pudukkottai,33.5,-22.32475
2024-09-28 19:00:00,582,Pudukkottai,13.75,-22.32475
2024-09-28 20:00:00,582,Pudukkottai,1.0,-22.32475
2024-09-28 21:00:00,582,Pudukkottai,0.5,-22.32475
2024-09-29 06:00:00,582,Pudukkottai,0.5,-21.416875
2024-09-29 07:00:00,582,Pudukkottai,0.5,-21.416875
2024-09-30 08:00:00,582,Pudukkottai,0.5,-21.46225
2024-09-30 09:00:00,582,Pudukkottai,1.5,-21.46225
2024-09-30 10:00:00,582,Pudukkottai,6.0,-22.940625
2024-09-30 11:00:00,582,Pudukkottai,5.25,-22.940625
2024-10-03 16:00:00,582,Pudukkottai,2.0,-30.8162
2024-10-03 17:00:00,582,Pudukkottai,19.25,-30.8162
2024-10-03 18:00:00,582,Pudukkottai,5.166666666666667,-30.8162
2024-10-03 19:00:00,582,Pudukkottai,1.5,-30.8162
2024-10-03 23:00:00,582,Pudukkottai,1.0,-29.8982
2024-10-04 01:00:00,582,Pudukkottai,0.5,-29.8982
2024-10-04 19:00:00,582,Pudukkottai,20.5,-22.011875
2024-10-04 20:00:00,582,Pudukkottai,28.33333333333333,-22.011875
2024-10-04 21:00:00,582,Pudukkottai,3.75,-22.011875
2024-10-04 22:00:00,582,Pudukkottai,0.6666666666666666,-21.391
2024-10-04 23:00:00,582,Pudukkottai,1.75,-21.391
2024-10-05 00:00:00,582,Pudukkottai,4.833333333333333,-21.391
2024-10-05 01:00:00,582,Pudukkottai,1.375,-21.391
2024-10-05 02:00:00,582,Pudukkottai,2.833333333333333,-21.391
2024-10-05 03:00:00,582,Pudukkottai,2.9,-21.391
2024-10-05 04:00:00,582,Pudukkottai,2.25,-21.062
2024-10-05 05:00:00,582,Pudukkottai,0.5,-21.062
2024-10-05 12:00:00,582,Pudukkottai,0.5,-22.115
2024-10-05 13:00:00,582,Pudukkottai,1.0,-22.115
2024-10-05 14:00:00,582,Pudukkottai,6.0,-22.115
2024-10-05 15:00:00,582,Pudukkottai,1.5,-22.115
2024-10-05 17:00:00,582,Pudukkottai,0.5,-22.131375
2024-10-05 22:00:00,582,Pudukkottai,4.0,-21.28075
2024-10-05 23:00:00,582,Pudukkottai,0.5,-21.28075
2024-10-06 02:00:00,582,Pudukkottai,8.5,-21.28075
2024-10-06 03:00:00,582,Pudukkottai,36.5,-21.28075
2024-10-06 04:00:00,582,Pudukkottai,15.5,-19.244625
2024-10-06 05:00:00,582,Pudukkottai,15.333333333333334,-19.244625
2024-10-06 06:00:00,582,Pudukkottai,37.625,-19.244625
2024-10-06 07:00:00,582,Pudukkottai,30.625,-19.244625
2024-10-06 08:00:00,582,Pudukkottai,3.25,-19.244625
2024-10-06 09:00:00,582,Pudukkottai,0.75,-19.244625
2024-10-06 10:00:00,582,Pudukkottai,2.5,-19.591
2024-10-06 11:00:00,582,Pudukkottai,11.5,-19.591
2024-10-06 12:00:00,582,Pudukkottai,26.5,-19.591
2024-10-06 13:00:00,582,Pudukkottai,21.5,-19.591
2024-10-06 16:00:00,582,Pudukkottai,30.5,-19.124
2024-10-06 19:00:00,582,Pudukkottai,16.0,-19.124
2024-10-07 15:00:00,582,Pudukkottai,4.5,-21.11625
2024-10-08 09:00:00,582,Pudukkottai,0.5,-20.024125
2024-10-08 16:00:00,582,Pudukkottai,2.5,-20.834
2024-10-08 19:00:00,582,Pudukkottai,0.5,-20.834
2024-10-08 21:00:00,582,Pudukkottai,0.5,-20.834
2024-10-09 04:00:00,582,Pudukkottai,0.5,-20.10075
2024-10-09 06:00:00,582,Pudukkottai,0.5,-20.10075
2024-10-09 08:00:00,582,Pudukkottai,0.5,-20.10075
2024-10-09 09:00:00,582,Pudukkottai,0.5,-20.10075
2024-10-09 12:00:00,582,Pudukkottai,0.5,-21.68325
2024-10-09 15:00:00,582,Pudukkottai,0.5,-21.68325
2024-10-09 18:00:00,582,Pudukkottai,0.5,-20.939625
2024-10-10 13:00:00,582,Pudukkottai,0.5,-21.449375
2024-10-10 16:00:00,582,Pudukkottai,10.0,-19.39375
2024-10-10 17:00:00,582,Pudukkottai,0.5,-19.39375
2024-10-10 21:00:00,582,Pudukkottai,0.5,-19.39375
2024-10-11 04:00:00,582,Pudukkottai,0.5,-18.568375
2024-10-11 05:00:00,582,Pudukkottai,0.5,-18.568375
2024-10-11 06:00:00,582,Pudukkottai,0.5,-18.568375
2024-10-11 08:00:00,582,Pudukkottai,0.5,-18.568375
2024-10-11 14:00:00,582,Pudukkottai,0.5,-20.02675
2024-10-11 23:00:00,582,Pudukkottai,13.0,-19.645
2024-10-12 01:00:00,582,Pudukkottai,0.5,-19.645
2024-10-12 02:00:00,582,Pudukkottai,0.5,-19.645
2024-10-12 03:00:00,582,Pudukkottai,0.5,-19.645
2024-10-12 05:00:00,582,Pudukkottai,0.5,-18.6005
2024-10-12 09:00:00,582,Pudukkottai,0.5,-18.6005
2024-10-12 19:00:00,582,Pudukkottai,2.5,-18.960875
2024-10-12 20:00:00,582,Pudukkottai,3.0,-18.960875
2024-10-12 21:00:00,582,Pudukkottai,17.333333333333332,-18.960875
2024-10-12 22:00:00,582,Pudukkottai,2.0,-18.864625
2024-10-12 23:00:00,582,Pudukkottai,4.666666666666667,-18.864625
2024-10-13 00:00:00,582,Pudukkottai,2.1666666666666665,-18.864625
2024-10-13 01:00:00,582,Pudukkottai,0.5,-18.864625
2024-10-13 02:00:00,582,Pudukkottai,5.0,-18.864625
2024-10-13 03:00:00,582,Pudukkottai,7.0,-18.864625
2024-10-13 05:00:00,582,Pudukkottai,0.5,-18.8985
2024-10-13 06:00:00,582,Pudukkottai,0.5,-18.8985
2024-10-13 07:00:00,582,Pudukkottai,1.0,-18.8985
2024-10-13 08:00:00,582,Pudukkottai,0.6666666666666666,-18.8985
2024-10-13 09:00:00,582,Pudukkottai,0.5,-18.8985
2024-10-13 11:00:00,582,Pudukkottai,0.5,-20.34525
2024-10-13 16:00:00,582,Pudukkottai,1.5,-19.570375
2024-10-13 19:00:00,582,Pudukkottai,0.5,-19.570375
2024-10-13 20:00:00,582,Pudukkottai,0.5,-19.570375
2024-10-13 22:00:00,582,Pudukkottai,0.5,-19.274625
2024-10-14 02:00:00,582,Pudukkottai,1.5,-19.274625
2024-10-14 03:00:00,582,Pudukkottai,0.5,-19.274625
2024-10-14 04:00:00,582,Pudukkottai,24.0,-19.1635
2024-10-14 06:00:00,582,Pudukkottai,0.5,-19.1635
2024-10-14 08:00:00,582,Pudukkottai,0.5,-19.1635
2024-10-14 12:00:00,582,Pudukkottai,1.5,-20.466
2024-10-14 13:00:00,582,Pudukkottai,1.75,-20.466
2024-10-14 14:00:00,582,Pudukkottai,0.625,-20.466
2024-10-14 15:00:00,582,Pudukkottai,0.5,-20.466
2024-10-14 16:00:00,582,Pudukkottai,0.5,-19.907375
2024-10-14 19:00:00,582,Pudukkottai,5.25,-19.907375
2024-10-15 00:00:00,582,Pudukkottai,1.0,-19.5375
2024-10-15 01:00:00,582,Pudukkottai,1.0,-19.5375
2024-10-15 02:00:00,582,Pudukkottai,0.5,-19.5375
2024-10-15 11:00:00,582,Pudukkottai,0.5,-20.499875
2024-10-15 19:00:00,582,Pudukkottai,9.666666666666666,-20.010625
2024-10-15 20:00:00,582,Pudukkottai,4.166666666666667,-20.010625
2024-10-15 21:00:00,582,Pudukkottai,1.0,-20.010625
2024-10-15 23:00:00,582,Pudukkottai,0.5,-19.379875
2024-10-16 07:00:00,582,Pudukkottai,0.5,-19.258875
2024-10-16 21:00:00,582,Pudukkottai,8.0,-20.127375
2024-10-16 22:00:00,582,Pudukkottai,0.5,-19.484625
2024-10-16 23:00:00,582,Pudukkottai,0.5,-19.484625
2024-10-17 00:00:00,582,Pudukkottai,0.5,-19.484625
2024-10-17 08:00:00,582,Pudukkottai,0.5,-19.364875
2024-10-17 18:00:00,582,Pudukkottai,0.5,-20.051125
2024-10-17 20:00:00,582,Pudukkottai,9.0,-20.051125
2024-10-17 21:00:00,582,Pudukkottai,0.5,-20.051125
2024-10-18 07:00:00,582,Pudukkottai,0.5,-14.941714285714284
2024-10-18 17:00:00,582,Pudukkottai,0.5,-19.879125
2024-10-19 01:00:00,582,Pudukkottai,0.5,-19.366
2024-10-19 02:00:00,582,Pudukkottai,12.5,-19.366
2024-10-19 03:00:00,582,Pudukkottai,67.5,-19.366
2024-10-19 04:00:00,582,Pudukkottai,15.5,-17.801625
2024-10-19 05:00:00,582,Pudukkottai,0.5,-17.801625
2024-10-19 06:00:00,582,Pudukkottai,1.375,-17.801625
2024-10-19 07:00:00,582,Pudukkottai,1.75,-17.801625
2024-10-19 08:00:00,582,Pudukkottai,0.8333333333333334,-17.801625
2024-10-19 09:00:00,582,Pudukkottai,0.5,-17.801625
2024-10-19 15:00:00,582,Pudukkottai,0.5,-18.272625
2024-10-19 19:00:00,582,Pudukkottai,2.0,-17.8905
2024-10-19 23:00:00,582,Pudukkottai,4.5,-17.5975
2024-10-20 00:00:00,582,Pudukkottai,0.5,-17.5975
2024-10-20 01:00:00,582,Pudukkottai,0.5,-17.5975
2024-10-20 02:00:00,582,Pudukkottai,0.5,-17.5975
2024-10-20 09:00:00,582,Pudukkottai,0.5,-17.780875
2024-10-20 12:00:00,582,Pudukkottai,0.5,-19.273125
2024-10-20 14:00:00,582,Pudukkottai,0.5,-19.273125
2024-10-20 16:00:00,582,Pudukkottai,0.5,-18.640625
2024-10-20 17:00:00,582,Pudukkottai,1.75,-18.640625
2024-10-20 18:00:00,582,Pudukkottai,19.0,-18.640625
2024-10-20 19:00:00,582,Pudukkottai,2.333333333333333,-18.640625
2024-10-20 20:00:00,582,Pudukkottai,0.5,-18.640625
2024-10-20 22:00:00,582,Pudukkottai,0.5,-18.39725
2024-10-21 01:00:00,582,Pudukkottai,0.5,-18.39725
2024-10-21 07:00:00,582,Pudukkottai,0.5,-18.310125
2024-10-21 17:00:00,582,Pudukkottai,0.5,-18.27475
2024-10-22 19:00:00,582,Pudukkottai,1.0,-13.823285714285715
2024-10-22 20:00:00,582,Pudukkottai,0.5,-13.823285714285715
2024-10-23 09:00:00,582,Pudukkottai,0.5,-18.38775
2024-10-23 14:00:00,582,Pudukkottai,0.5,-19.539625
2024-10-23 16:00:00,582,Pudukkottai,0.5,-19.139375
2024-10-23 17:00:00,582,Pudukkottai,4.5,-19.139375
2024-10-23 18:00:00,582,Pudukkottai,0.5,-19.139375
2024-10-23 21:00:00,582,Pudukkottai,0.5,-19.139375
2024-10-24 00:00:00,582,Pudukkottai,0.5,-18.55175
2024-10-24 03:00:00,582,Pudukkottai,0.5,-18.55175
2024-10-24 10:00:00,582,Pudukkottai,0.5,-20.051
2024-10-24 15:00:00,582,Pudukkottai,0.5,-20.051
2024-10-24 19:00:00,582,Pudukkottai,0.5,-19.1645
2024-10-24 22:00:00,582,Pudukkottai,0.5,-18.635125
2024-10-24 23:00:00,582,Pudukkottai,2.0,-18.635125
2024-10-25 00:00:00,582,Pudukkottai,3.5,-18.635125
2024-10-25 01:00:00,582,Pudukkottai,1.8,-18.635125
2024-10-25 02:00:00,582,Pudukkottai,1.25,-18.635125
2024-10-25 03:00:00,582,Pudukkottai,0.75,-18.635125
2024-10-25 04:00:00,582,Pudukkottai,1.0,-18.1965
2024-10-25 05:00:00,582,Pudukkottai,4.333333333333333,-18.1965
2024-10-25 07:00:00,582,Pudukkottai,0.5,-18.1965
2024-10-25 10:00:00,582,Pudukkottai,0.5,-19.464375
2024-10-25 12:00:00,582,Pudukkottai,0.5,-19.464375
2024-10-25 13:00:00,582,Pudukkottai,0.5,-19.464375
2024-10-25 17:00:00,582,Pudukkottai,5.375,-18.78575
2024-10-25 18:00:00,582,Pudukkottai,0.75,-18.78575
2024-10-25 19:00:00,582,Pudukkottai,0.5,-18.78575
2024-10-25 20:00:00,582,Pudukkottai,0.5,-18.78575
2024-10-25 22:00:00,582,Pudukkottai,0.5,-18.373
2024-10-25 23:00:00,582,Pudukkottai,0.5,-18.373
2024-10-26 02:00:00,582,Pudukkottai,0.5,-18.373
2024-10-26 04:00:00,582,Pudukkottai,0.5,-18.263375
2024-10-26 06:00:00,582,Pudukkottai,0.5,-18.263375
2024-10-26 10:00:00,582,Pudukkottai,0.5,-18.773375
2024-10-26 11:00:00,582,Pudukkottai,0.5,-18.773375
2024-10-26 13:00:00,582,Pudukkottai,0.5,-18.773375
2024-10-26 14:00:00,582,Pudukkottai,0.5,-18.773375
2024-10-26 15:00:00,582,Pudukkottai,0.5,-18.773375
2024-10-26 16:00:00,582,Pudukkottai,0.5,-19.372125
2024-10-26 17:00:00,582,Pudukkottai,0.5,-19.372125
2024-10-26 18:00:00,582,Pudukkottai,0.5,-19.372125
2024-10-26 19:00:00,582,Pudukkottai,0.5,-19.372125
2024-10-26 21:00:00,582,Pudukkottai,0.5,-19.372125
2024-10-26 22:00:00,582,Pudukkottai,0.5,-18.533125
2024-10-27 00:00:00,582,Pudukkottai,0.5,-18.533125
2024-10-27 03:00:00,582,Pudukkottai,0.5,-18.533125
2024-10-27 06:00:00,582,Pudukkottai,0.5,-18.236
2024-10-27 07:00:00,582,Pudukkottai,0.5,-18.236
2024-10-27 10:00:00,582,Pudukkottai,0.5,-20.061125
2024-10-27 12:00:00,582,Pudukkottai,0.5,-20.061125
2024-10-27 13:00:00,582,Pudukkottai,0.5,-20.061125
2024-10-27 15:00:00,582,Pudukkottai,0.5,-20.061125
2024-10-27 17:00:00,582,Pudukkottai,0.5,-18.783125
2024-10-27 19:00:00,582,Pudukkottai,0.5,-18.783125
2024-10-28 02:00:00,582,Pudukkottai,0.5,-18.323125
2024-10-28 12:00:00,582,Pudukkottai,0.5,-19.59975
2024-10-28 23:00:00,582,Pudukkottai,0.5,-18.375375
2024-10-29 12:00:00,582,Pudukkottai,0.5,-19.554375
2024-10-29 16:00:00,582,Pudukkottai,11.5,-19.25025
2024-10-29 17:00:00,582,Pudukkottai,5.5,-19.25025
2024-10-29 23:00:00,582,Pudukkottai,0.5,-18.411375
2024-10-30 14:00:00,582,Pudukkottai,0.5,-19.657
2024-10-30 21:00:00,582,Pudukkottai,0.5,-19.03975
2024-10-31 08:00:00,582,Pudukkottai,0.5,-16.626428571428573
2024-10-31 16:00:00,582,Pudukkottai,1.5,-17.029999999999998
2024-11-01 00:00:00,582,Pudukkottai,13.0,-16.788
2024-11-01 06:00:00,582,Pudukkottai,0.5,-18.21425
2024-11-01 10:00:00,582,Pudukkottai,0.5,-19.357625
2024-11-01 11:00:00,582,Pudukkottai,0.5,-19.357625
2024-11-01 12:00:00,582,Pudukkottai,0.5,-19.357625
2024-11-01 13:00:00,582,Pudukkottai,4.5,-19.357625
2024-11-01 14:00:00,582,Pudukkottai,8.5,-19.357625
2024-11-01 15:00:00,582,Pudukkottai,3.8333333333333335,-19.357625
2024-11-01 19:00:00,582,Pudukkottai,0.5,-18.83775
2024-11-02 12:00:00,582,Pudukkottai,4.0,-19.8875
2024-11-02 13:00:00,582,Pudukkottai,8.0,-19.8875
2024-11-02 16:00:00,582,Pudukkottai,7.0,-18.75725
2024-11-02 17:00:00,582,Pudukkottai,3.5,-18.75725
2024-11-02 20:00:00,582,Pudukkottai,1.0,-18.75725
2024-11-03 00:00:00,582,Pudukkottai,5.5,-18.19875
2024-11-03 01:00:00,582,Pudukkottai,2.5,-18.19875
2024-11-03 02:00:00,582,Pudukkottai,2.5,-18.19875
2024-11-04 13:00:00,582,Pudukkottai,6.0,-19.372
2024-11-04 14:00:00,582,Pudukkottai,1.5,-19.372
2024-11-04 16:00:00,582,Pudukkottai,2.0,-18.6365
2024-11-04 17:00:00,582,Pudukkottai,10.5,-18.6365
2024-11-07 17:00:00,582,Pudukkottai,3.5,-18.282875
2024-11-07 18:00:00,582,Pudukkottai,0.5,-18.282875
2024-11-08 07:00:00,582,Pudukkottai,1.75,-19.931142857142856
2024-11-08 08:00:00,582,Pudukkottai,1.5,-19.931142857142856
2024-11-08 09:00:00,582,Pudukkottai,1.0,-19.931142857142856
2024-11-08 10:00:00,582,Pudukkottai,15.5,-21.07514285714285
2024-11-08 11:00:00,582,Pudukkottai,5.0,-21.07514285714285
2024-11-08 12:00:00,582,Pudukkottai,0.5,-21.07514285714285
2024-11-08 16:00:00,582,Pudukkottai,1.0,-20.41242857142857
2024-11-12 00:30:00,582,Pudukkottai,0.5,-17.668
2024-11-12 01:00:00,582,Pudukkottai,0.5,-17.668
2024-11-12 13:30:00,582,Pudukkottai,0.5,-19.189125
2024-11-12 14:00:00,582,Pudukkottai,0.5,-19.189125
2024-11-13 06:30:00,582,Pudukkottai,0.5,-17.48925
2024-11-13 07:00:00,582,Pudukkottai,0.5,-17.48925
2024-11-14 01:00:00,582,Pudukkottai,0.5,-17.89675
2024-11-14 14:00:00,582,Pudukkottai,0.5,-21.142857142857142
2024-11-14 15:00:00,582,Pudukkottai,3.75,-21.142857142857142
2024-11-14 16:00:00,582,Pudukkottai,4.5,-20.305857142857143
2024-11-14 18:00:00,582,Pudukkottai,3.25,-20.305857142857143
2024-11-14 20:00:00,582,Pudukkottai,2.75,-20.305857142857143
2024-11-14 21:00:00,582,Pudukkottai,0.5,-20.305857142857143
2024-11-15 02:00:00,582,Pudukkottai,2.0,-19.57471428571429
2024-11-15 03:00:00,582,Pudukkottai,0.6666666666666666,-19.57471428571429
2024-11-15 04:00:00,582,Pudukkottai,0.5,-17.51225
2024-11-15 06:00:00,582,Pudukkottai,0.5,-17.51225
2024-11-15 07:00:00,582,Pudukkottai,0.5,-17.51225
2024-11-15 13:00:00,582,Pudukkottai,0.5,-19.15775
2024-11-15 14:00:00,582,Pudukkottai,8.5,-19.15775
2024-11-15 15:00:00,582,Pudukkottai,1.0,-19.15775
2024-11-15 16:00:00,582,Pudukkottai,1.625,-18.18875
2024-11-15 17:00:00,582,Pudukkottai,0.75,-18.18875
2024-11-15 18:00:00,582,Pudukkottai,0.5,-18.18875
2024-11-16 00:00:00,582,Pudukkottai,0.5,-17.675
2024-11-16 03:00:00,582,Pudukkottai,0.5,-17.675
2024-11-16 12:00:00,582,Pudukkottai,0.75,-19.265875
2024-11-16 13:00:00,582,Pudukkottai,6.833333333333333,-19.265875
2024-11-16 15:00:00,582,Pudukkottai,0.5,-19.265875
2024-11-17 04:30:00,582,Pudukkottai,0.5,-17.597875000000002
2024-11-17 05:00:00,582,Pudukkottai,0.5,-17.597875000000002
2024-11-17 13:00:00,582,Pudukkottai,1.0,-19.101875
2024-11-17 14:00:00,582,Pudukkottai,3.333333333333333,-19.101875
2024-11-17 16:00:00,582,Pudukkottai,0.5,-17.965374999999998
2024-11-17 17:00:00,582,Pudukkottai,1.0,-17.965374999999998
2024-11-17 19:00:00,582,Pudukkottai,0.5,-17.965374999999998
2024-11-17 20:00:00,582,Pudukkottai,1.25,-17.965374999999998
2024-11-17 21:00:00,582,Pudukkottai,0.5,-17.965374999999998
2024-11-17 22:00:00,582,Pudukkottai,0.5,-17.469875000000002
2024-11-18 00:00:00,582,Pudukkottai,0.5,-17.469875000000002
2024-11-18 04:30:00,582,Pudukkottai,0.5,-19.78442857142857
2024-11-18 05:00:00,582,Pudukkottai,0.5,-19.78442857142857
2024-11-18 07:00:00,582,Pudukkottai,1.0,-19.78442857142857
2024-11-18 08:00:00,582,Pudukkottai,0.5,-19.78442857142857
2024-11-18 09:00:00,582,Pudukkottai,0.5,-19.78442857142857
2024-11-18 12:00:00,582,Pudukkottai,0.5,-20.73685714285714
2024-11-18 12:30:00,582,Pudukkottai,2.0,-20.73685714285714
2024-11-18 13:00:00,582,Pudukkottai,4.0,-20.73685714285714
2024-11-18 13:30:00,582,Pudukkottai,1.5,-20.73685714285714
2024-11-18 14:00:00,582,Pudukkottai,7.333333333333333,-20.73685714285714
2024-11-18 14:30:00,582,Pudukkottai,1.0,-20.73685714285714
2024-11-18 15:00:00,582,Pudukkottai,4.5,-20.73685714285714
2024-11-18 15:30:00,582,Pudukkottai,1.0,-20.398571428571422
2024-11-18 16:00:00,582,Pudukkottai,1.5,-20.398571428571422
2024-11-18 16:30:00,582,Pudukkottai,0.5,-20.398571428571422
2024-11-18 17:00:00,582,Pudukkottai,1.5,-20.398571428571422
2024-11-18 17:30:00,582,Pudukkottai,1.0,-20.398571428571422
2024-11-18 18:00:00,582,Pudukkottai,1.1666666666666667,-20.398571428571422
2024-11-18 18:30:00,582,Pudukkottai,1.0,-20.398571428571422
2024-11-18 19:00:00,582,Pudukkottai,1.25,-20.398571428571422
2024-11-18 19:30:00,582,Pudukkottai,0.5,-20.398571428571422
2024-11-18 20:00:00,582,Pudukkottai,2.333333333333333,-20.398571428571422
2024-11-18 20:30:00,582,Pudukkottai,1.0,-20.398571428571422
2024-11-18 21:00:00,582,Pudukkottai,1.875,-20.398571428571422
2024-11-18 21:30:00,582,Pudukkottai,1.0,-19.34928571428572
2024-11-18 22:00:00,582,Pudukkottai,1.5,-19.34928571428572
2024-11-18 22:30:00,582,Pudukkottai,1.0,-19.34928571428572
2024-11-18 23:00:00,582,Pudukkottai,1.5,-19.34928571428572
2024-11-18 23:30:00,582,Pudukkottai,0.5,-19.34928571428572
2024-11-19 00:00:00,582,Pudukkottai,1.0,-19.34928571428572
2024-11-19 00:30:00,582,Pudukkottai,1.0,-19.34928571428572
2024-11-19 01:00:00,582,Pudukkottai,1.0,-19.34928571428572
2024-11-19 01:30:00,582,Pudukkottai,0.5,-19.34928571428572
2024-11-19 02:00:00,582,Pudukkottai,0.5,-19.34928571428572
2024-11-19 02:30:00,582,Pudukkottai,0.5,-19.34928571428572
2024-11-19 03:00:00,582,Pudukkottai,0.5,-19.34928571428572
2024-11-19 03:30:00,582,Pudukkottai,0.5,-16.95975
2024-11-19 04:00:00,582,Pudukkottai,0.5,-16.95975
2024-11-19 04:30:00,582,Pudukkottai,0.5,-16.95975
2024-11-19 05:00:00,582,Pudukkottai,0.5,-16.95975
2024-11-19 05:30:00,582,Pudukkottai,0.5,-16.95975
2024-11-19 06:00:00,582,Pudukkottai,1.75,-16.95975
2024-11-19 07:00:00,582,Pudukkottai,1.75,-16.95975
2024-11-19 08:30:00,582,Pudukkottai,0.5,-16.95975
2024-11-19 09:00:00,582,Pudukkottai,0.5,-16.95975
2024-11-19 10:00:00,582,Pudukkottai,0.5,-18.765375
2024-11-19 12:00:00,582,Pudukkottai,0.5,-18.765375
2024-11-19 19:00:00,582,Pudukkottai,0.5,-17.896375
2024-11-20 00:00:00,582,Pudukkottai,0.5,-16.91625
2024-11-20 01:00:00,582,Pudukkottai,0.5,-16.91625
2024-11-20 02:00:00,582,Pudukkottai,0.5,-16.91625
2024-11-20 03:00:00,582,Pudukkottai,1.1666666666666667,-16.91625
2024-11-20 04:00:00,582,Pudukkottai,1.25,-16.03725
2024-11-20 05:00:00,582,Pudukkottai,2.5,-16.03725
2024-11-20 06:00:00,582,Pudukkottai,1.5,-16.03725
2024-11-20 07:00:00,582,Pudukkottai,1.0,-16.03725
2024-11-20 08:00:00,582,Pudukkottai,0.5,-16.03725
2024-11-20 10:00:00,582,Pudukkottai,1.0,-16.440875000000002
2024-11-20 11:00:00,582,Pudukkottai,1.5,-16.440875000000002
2024-11-20 12:00:00,582,Pudukkottai,2.0,-16.440875000000002
2024-11-20 13:00:00,582,Pudukkottai,2.5,-16.440875000000002
2024-11-20 14:00:00,582,Pudukkottai,2.1666666666666665,-16.440875000000002
2024-11-20 15:00:00,582,Pudukkottai,1.5,-16.440875000000002
2024-11-20 16:00:00,582,Pudukkottai,0.625,-16.787125
2024-11-20 17:00:00,582,Pudukkottai,0.5,-16.787125
2024-11-20 22:00:00,582,Pudukkottai,0.5,-16.275625
2024-11-21 04:00:00,582,Pudukkottai,1.5,-14.12442857142857
2024-11-21 05:00:00,582,Pudukkottai,0.75,-14.12442857142857
2024-11-21 07:00:00,582,Pudukkottai,1.0,-14.12442857142857
2024-11-21 08:00:00,582,Pudukkottai,5.0,-14.12442857142857
2024-11-21 09:00:00,582,Pudukkottai,1.5,-14.12442857142857
2024-11-21 10:00:00,582,Pudukkottai,0.75,-15.392285714285716
2024-11-26 11:00:00,582,Pudukkottai,0.75,-16.975875
2024-11-26 12:00:00,582,Pudukkottai,7.5,-16.975875
2024-11-26 13:00:00,582,Pudukkottai,1.75,-16.975875
2024-11-26 14:00:00,582,Pudukkottai,2.1666666666666665,-16.975875
2024-11-26 15:00:00,582,Pudukkottai,3.5,-16.975875
2024-11-26 16:00:00,582,Pudukkottai,2.333333333333333,-16.2885
2024-11-26 17:00:00,582,Pudukkottai,2.833333333333333,-16.2885
2024-11-26 18:00:00,582,Pudukkottai,2.5,-16.2885
2024-11-26 19:00:00,582,Pudukkottai,1.25,-16.2885
2024-11-26 20:00:00,582,Pudukkottai,2.5,-16.2885
2024-11-26 21:00:00,582,Pudukkottai,1.5,-16.2885
2024-11-26 22:00:00,582,Pudukkottai,0.5,-16.037875
2024-11-26 23:00:00,582,Pudukkottai,0.5,-16.037875
2024-11-27 00:00:00,582,Pudukkottai,1.5,-16.037875
2024-11-27 01:00:00,582,Pudukkottai,0.6666666666666666,-16.037875
2024-11-27 02:00:00,582,Pudukkottai,0.5,-16.037875
2024-11-27 03:00:00,582,Pudukkottai,0.5,-16.037875
2024-11-27 04:00:00,582,Pudukkottai,0.5,-15.842625
2024-11-27 05:00:00,582,Pudukkottai,0.5,-15.842625
2024-11-27 06:00:00,582,Pudukkottai,0.5,-15.842625
2024-11-27 07:00:00,582,Pudukkottai,1.0,-15.842625
2024-11-27 08:00:00,582,Pudukkottai,5.75,-15.842625
2024-11-27 09:00:00,582,Pudukkottai,0.75,-15.842625
2024-11-27 10:00:00,582,Pudukkottai,0.5,-16.293875
2024-11-27 11:00:00,582,Pudukkottai,0.75,-16.293875
2024-11-27 12:00:00,582,Pudukkottai,1.75,-16.293875
2024-11-27 13:00:00,582,Pudukkottai,1.0,-16.293875
2024-11-27 14:00:00,582,Pudukkottai,0.5,-16.293875
2024-11-27 15:00:00,582,Pudukkottai,0.5,-16.293875
2024-11-27 23:00:00,582,Pudukkottai,0.5,-15.186375
2024-11-28 15:00:00,582,Pudukkottai,0.5,-16.722625
2024-11-29 11:00:00,582,Pudukkottai,0.5,-17.27325
2024-11-29 12:00:00,582,Pudukkottai,0.5,-17.27325
2024-12-01 06:00:00,582,Pudukkottai,0.5,-20.29083333333333
2024-12-01 14:00:00,582,Pudukkottai,0.5,-21.8605
2024-12-01 16:00:00,582,Pudukkottai,2.0,-20.932166666666667
2024-12-01 17:00:00,582,Pudukkottai,0.5,-20.932166666666667
2024-12-01 19:00:00,582,Pudukkottai,0.5,-20.932166666666667
2024-12-02 01:00:00,582,Pudukkottai,0.5,-20.44216666666667
2024-12-03 01:00:00,582,Pudukkottai,0.5,-16.04875
2024-12-03 04:00:00,582,Pudukkottai,0.5,-11.198
2024-12-06 10:30:00,582,Pudukkottai,0.5,-17.81675
2024-12-06 10:35:00,582,Pudukkottai,1.0,-17.81675
2024-12-06 10:40:00,582,Pudukkottai,1.0,-17.81675
2024-12-06 10:45:00,582,Pudukkottai,1.0,-17.81675
2024-12-06 11:00:00,582,Pudukkottai,1.0,-17.81675
2024-12-06 13:10:00,582,Pudukkottai,1.5,-17.81675
2024-12-06 13:15:00,582,Pudukkottai,3.0,-17.81675
2024-12-06 14:00:00,582,Pudukkottai,3.0,-17.81675
2024-12-06 19:00:00,582,Pudukkottai,0.5,-16.7255
2024-12-07 16:00:00,582,Pudukkottai,7.5,-17.0455
2024-12-07 16:30:00,582,Pudukkottai,1.5,-17.0455
2024-12-07 17:00:00,582,Pudukkottai,1.5,-17.0455
2024-12-11 12:00:00,582,Pudukkottai,0.75,-17.527375
2024-12-11 12:30:00,582,Pudukkottai,1.5,-17.527375
2024-12-11 13:00:00,582,Pudukkottai,2.0,-17.527375
2024-12-11 14:00:00,582,Pudukkottai,0.5,-17.527375
2024-12-11 15:00:00,582,Pudukkottai,2.0,-17.527375
2024-12-11 16:00:00,582,Pudukkottai,0.8333333333333334,-16.758875
2024-12-11 17:00:00,582,Pudukkottai,0.6666666666666666,-16.758875
2024-12-11 18:00:00,582,Pudukkottai,0.5,-16.758875
2024-12-11 19:00:00,582,Pudukkottai,0.5,-16.758875
2024-12-11 20:00:00,582,Pudukkottai,0.5,-16.758875
2024-12-11 22:00:00,582,Pudukkottai,0.625,-16.21725
2024-12-11 22:30:00,582,Pudukkottai,0.5,-16.21725
2024-12-11 23:00:00,582,Pudukkottai,0.625,-16.21725
2024-12-11 23:30:00,582,Pudukkottai,0.5,-16.21725
2024-12-12 00:00:00,582,Pudukkottai,0.5,-16.21725
2024-12-12 02:00:00,582,Pudukkottai,1.1666666666666667,-16.21725
2024-12-12 03:00:00,582,Pudukkottai,2.0,-16.21725
2024-12-12 03:30:00,582,Pudukkottai,2.0,-15.750375
2024-12-12 04:00:00,582,Pudukkottai,6.6,-15.750375
2024-12-12 04:30:00,582,Pudukkottai,11.5,-15.750375
2024-12-12 05:00:00,582,Pudukkottai,7.9,-15.750375
2024-12-12 05:30:00,582,Pudukkottai,5.5,-15.750375
2024-12-12 06:00:00,582,Pudukkottai,4.5,-15.750375
2024-12-12 06:30:00,582,Pudukkottai,0.5,-15.750375
2024-12-12 07:00:00,582,Pudukkottai,1.5,-15.750375
2024-12-12 07:30:00,582,Pudukkottai,0.5,-15.750375
2024-12-12 08:00:00,582,Pudukkottai,1.1,-15.750375
2024-12-12 08:30:00,582,Pudukkottai,2.0,-15.750375
2024-12-12 09:00:00,582,Pudukkottai,3.125,-15.750375
2024-12-12 09:30:00,582,Pudukkottai,1.0,-16.854
2024-12-12 10:00:00,582,Pudukkottai,6.6,-16.854
2024-12-12 10:30:00,582,Pudukkottai,5.0,-16.854
2024-12-12 11:00:00,582,Pudukkottai,4.7,-16.854
2024-12-12 11:30:00,582,Pudukkottai,2.0,-16.854
2024-12-12 12:00:00,582,Pudukkottai,1.7,-16.854
2024-12-12 12:30:00,582,Pudukkottai,0.5,-16.854
2024-12-12 13:00:00,582,Pudukkottai,1.0,-16.854
2024-12-12 13:30:00,582,Pudukkottai,1.0,-16.854
2024-12-12 14:00:00,582,Pudukkottai,0.75,-16.854
2024-12-12 15:00:00,582,Pudukkottai,1.0,-16.854
2024-12-12 15:30:00,582,Pudukkottai,0.5,-15.444625
2024-12-12 16:00:00,582,Pudukkottai,0.5,-15.444625
2024-12-12 17:00:00,582,Pudukkottai,5.333333333333333,-15.444625
2024-12-12 17:30:00,582,Pudukkottai,2.5,-15.444625
2024-12-12 18:00:00,582,Pudukkottai,1.7,-15.444625
2024-12-12 19:00:00,582,Pudukkottai,0.5,-15.444625
2024-12-12 20:00:00,582,Pudukkottai,0.5,-15.444625
2024-12-12 23:00:00,582,Pudukkottai,0.5,-14.916125
2024-12-12 23:30:00,582,Pudukkottai,0.5,-14.916125
2024-12-13 00:00:00,582,Pudukkottai,0.5,-14.916125
2024-12-13 01:00:00,582,Pudukkottai,0.5,-14.916125
2024-12-13 03:00:00,582,Pudukkottai,2.375,-14.916125
2024-12-13 04:00:00,582,Pudukkottai,1.25,-14.664375
2024-12-13 04:30:00,582,Pudukkottai,2.0,-14.664375
2024-12-13 05:00:00,582,Pudukkottai,4.2,-14.664375
2024-12-13 05:30:00,582,Pudukkottai,1.5,-14.664375
2024-12-13 06:00:00,582,Pudukkottai,9.1,-14.664375
2024-12-13 06:30:00,582,Pudukkottai,3.5,-14.664375
2024-12-13 07:00:00,582,Pudukkottai,10.1,-14.664375
2024-12-13 07:30:00,582,Pudukkottai,0.5,-14.664375
2024-12-13 08:00:00,582,Pudukkottai,2.125,-14.664375
2024-12-13 09:00:00,582,Pudukkottai,0.5,-14.664375
2024-12-13 10:00:00,582,Pudukkottai,0.5,-14.74875
2024-12-13 11:00:00,582,Pudukkottai,3.6666666666666665,-14.74875
2024-12-13 12:00:00,582,Pudukkottai,2.125,-14.74875
2024-12-13 13:00:00,582,Pudukkottai,0.625,-14.74875
2024-12-13 14:00:00,582,Pudukkottai,0.5,-14.74875
2024-12-13 17:00:00,582,Pudukkottai,1.5,-14.807
2024-12-13 18:00:00,582,Pudukkottai,0.75,-14.807
2024-12-13 18:30:00,582,Pudukkottai,0.5,-14.807
2024-12-13 19:00:00,582,Pudukkottai,0.5,-14.807
2024-12-13 20:00:00,582,Pudukkottai,1.25,-14.807
2024-12-13 20:30:00,582,Pudukkottai,2.0,-14.807
2024-12-13 21:00:00,582,Pudukkottai,2.5,-14.807
2024-12-13 23:00:00,582,Pudukkottai,0.5,-14.250875
2024-12-14 01:00:00,582,Pudukkottai,0.5,-14.250875
2024-12-14 01:30:00,582,Pudukkottai,1.5,-14.250875
2024-12-14 02:00:00,582,Pudukkottai,4.375,-14.250875
2024-12-14 03:00:00,582,Pudukkottai,3.25,-14.250875
2024-12-14 03:30:00,582,Pudukkottai,1.5,-14.322625
2024-12-14 04:00:00,582,Pudukkottai,4.6,-14.322625
2024-12-14 04:30:00,582,Pudukkottai,1.0,-14.322625
2024-12-14 05:00:00,582,Pudukkottai,5.0,-14.322625
2024-12-14 05:30:00,582,Pudukkottai,0.5,-14.322625
2024-12-14 06:00:00,582,Pudukkottai,4.333333333333333,-14.322625
2024-12-14 07:00:00,582,Pudukkottai,1.5,-14.322625
2024-12-14 08:00:00,582,Pudukkottai,2.25,-14.322625
2024-12-14 08:30:00,582,Pudukkottai,1.5,-14.322625
2024-12-14 09:00:00,582,Pudukkottai,1.7,-14.322625
2024-12-14 09:30:00,582,Pudukkottai,1.0,-14.70975
2024-12-14 10:00:00,582,Pudukkottai,0.7,-14.70975
2024-12-22 00:00:00,582,Pudukkottai,0.5,-14.743625
2024-12-22 01:00:00,582,Pudukkottai,17.5,-14.743625
2024-12-22 02:00:00,582,Pudukkottai,7.666666666666667,-14.743625
2024-12-22 03:00:00,582,Pudukkottai,7.166666666666667,-14.743625
2024-12-22 04:00:00,582,Pudukkottai,2.0,-13.785875
2024-12-22 07:00:00,582,Pudukkottai,0.5,-13.785875
2024-12-26 22:00:00,582,Pudukkottai,38.5,-14.2705
2024-12-26 23:00:00,582,Pudukkottai,1.0,-14.2705
2024-12-27 05:00:00,582,Pudukkottai,0.5,-14.439125
2024-12-27 13:00:00,582,Pudukkottai,1.5,-15.72825
2024-12-27 14:00:00,582,Pudukkottai,2.0,-15.72825
2024-12-27 15:00:00,582,Pudukkottai,0.5,-15.72825
2024-12-27 15:30:00,582,Pudukkottai,1.5,-15.12775
2024-12-27 16:00:00,582,Pudukkottai,1.0,-15.12775
2024-12-27 16:30:00,582,Pudukkottai,8.0,-15.12775
2024-12-27 17:00:00,582,Pudukkottai,3.333333333333333,-15.12775
2024-12-27 17:30:00,582,Pudukkottai,13.5,-15.12775
2024-12-27 18:00:00,582,Pudukkottai,17.0,-15.12775
2024-12-29 17:00:00,582,Pudukkottai,0.5,-15.18325
2024-12-30 00:00:00,582,Pudukkottai,0.5,-14.64675
2024-12-30 01:00:00,582,Pudukkottai,0.5,-14.64675
2024-12-30 02:00:00,582,Pudukkottai,1.125,-14.64675
2024-12-30 02:30:00,582,Pudukkottai,0.5,-14.64675
2024-12-30 03:00:00,582,Pudukkottai,2.0,-14.64675
2024-12-30 03:30:00,582,Pudukkottai,0.5,-14.740374999999998
2024-12-30 04:00:00,582,Pudukkottai,0.8333333333333334,-14.740374999999998
2024-12-30 05:00:00,582,Pudukkottai,0.5,-14.740374999999998
2024-12-30 07:00:00,582,Pudukkottai,2.25,-14.740374999999998
2024-12-30 08:00:00,582,Pudukkottai,0.5,-14.740374999999998
2024-12-30 13:00:00,582,Pudukkottai,0.5,-16.13525
2024-12-30 14:00:00,582,Pudukkottai,2.0,-16.13525
2024-12-30 14:30:00,582,Pudukkottai,3.5,-16.13525
2024-12-30 15:00:00,582,Pudukkottai,2.25,-16.13525
2024-12-31 04:00:00,582,Pudukkottai,2.5,-14.512125
2024-12-31 06:00:00,582,Pudukkottai,0.5,-14.512125
2025-01-10 18:00:00,582,Pudukkottai,1.0,-16.17075
2025-01-12 19:30:00,582,Pudukkottai,0.5,-15.71225
2025-01-12 20:00:00,582,Pudukkottai,0.5,-15.71225
2025-01-13 07:00:00,582,Pudukkottai,0.5,-14.960625
2025-01-15 02:30:00,582,Pudukkottai,0.5,-15.1655
2025-01-15 03:00:00,582,Pudukkottai,0.5,-15.1655
2025-01-15 03:30:00,582,Pudukkottai,0.5,-15.0245
2025-01-15 04:00:00,582,Pudukkottai,0.5,-15.0245
2025-01-19 01:00:00,582,Pudukkottai,0.5,-15.242125
2025-01-19 04:00:00,582,Pudukkottai,3.0,-14.999125
2025-01-19 04:30:00,582,Pudukkottai,1.0,-14.999125
2025-01-19 05:00:00,582,Pudukkottai,1.0,-14.999125
2025-01-19 06:00:00,582,Pudukkottai,0.5,-14.999125
2025-01-19 16:00:00,582,Pudukkottai,0.5,-15.718125
2025-01-20 06:00:00,582,Pudukkottai,0.5,-15.03525
2025-01-22 19:00:00,582,Pudukkottai,0.5,-15.38025
2025-02-01 16:00:00,582,Pudukkottai,6.0,-16.403
2025-02-01 17:00:00,582,Pudukkottai,0.5,-16.403
2025-02-28 02:00:00,582,Pudukkottai,3.5,-17.74175
2025-02-28 03:00:00,582,Pudukkottai,0.75,-17.74175
2025-02-28 03:30:00,582,Pudukkottai,1.0,-17.5025
2025-02-28 04:00:00,582,Pudukkottai,1.25,-17.5025
2025-02-28 05:00:00,582,Pudukkottai,0.75,-17.5025
2025-02-28 12:00:00,582,Pudukkottai,1.5,-19.206875
2025-02-28 12:30:00,582,Pudukkottai,1.5,-19.206875
2025-02-28 13:00:00,582,Pudukkottai,3.75,-19.206875
2025-02-28 13:30:00,582,Pudukkottai,1.5,-19.206875
2025-02-28 14:00:00,582,Pudukkottai,0.5,-19.206875
2025-03-01 02:00:00,582,Pudukkottai,0.5,-17.629
2025-03-01 03:00:00,582,Pudukkottai,0.5,-17.629
2025-03-01 04:00:00,582,Pudukkottai,1.6666666666666667,-17.36975
2025-03-01 05:00:00,582,Pudukkottai,0.75,-17.36975
2025-03-01 09:00:00,582,Pudukkottai,1.0,-17.36975
2025-03-01 10:00:00,582,Pudukkottai,1.0,-19.11675
2025-03-01 11:00:00,582,Pudukkottai,0.5,-19.11675
2025-03-01 17:00:00,582,Pudukkottai,0.5,-17.645125
2025-03-11 07:00:00,582,Pudukkottai,0.5,-12.881857142857143
2025-03-11 08:00:00,582,Pudukkottai,0.5,-12.881857142857143
2025-03-11 09:00:00,582,Pudukkottai,0.5,-12.881857142857143
2025-03-11 09:30:00,582,Pudukkottai,1.0,-14.843714285714286
2025-03-11 10:00:00,582,Pudukkottai,0.75,-14.843714285714286
2025-03-11 11:00:00,582,Pudukkottai,0.5,-14.843714285714286
2025-03-11 13:00:00,582,Pudukkottai,0.8333333333333334,-14.843714285714286
2025-03-11 14:00:00,582,Pudukkottai,2.333333333333333,-14.843714285714286
2025-03-11 15:00:00,582,Pudukkottai,0.5,-14.843714285714286
2025-03-11 16:00:00,582,Pudukkottai,0.75,-13.562
2025-03-11 18:00:00,582,Pudukkottai,8.875,-13.562
2025-03-11 18:30:00,582,Pudukkottai,3.5,-13.562
2025-03-11 19:00:00,582,Pudukkottai,2.125,-13.562
2025-03-11 20:00:00,582,Pudukkottai,2.125,-13.562
2025-03-11 21:00:00,582,Pudukkottai,0.5,-13.562
2025-03-11 22:00:00,582,Pudukkottai,0.5,-12.77757142857143
2025-03-12 10:00:00,582,Pudukkottai,2.0,-18.86925
2025-03-12 12:30:00,582,Pudukkottai,4.0,-18.86925
2025-03-12 13:00:00,582,Pudukkottai,4.333333333333333,-18.86925
2025-03-12 14:00:00,582,Pudukkottai,0.5,-18.86925
2025-03-19 13:45:00,582,Pudukkottai,2.5,-18.78525
2025-03-19 13:50:00,582,Pudukkottai,2.5,-18.78525
2025-03-19 13:55:00,582,Pudukkottai,2.5,-18.78525
2025-03-19 14:00:00,582,Pudukkottai,2.5,-18.78525
2025-03-21 09:00:00,582,Pudukkottai,13.0,-17.67225
2025-03-21 14:00:00,582,Pudukkottai,4.0,-19.300125
2025-03-21 16:00:00,582,Pudukkottai,2.0,-18.4495
2025-03-22 14:00:00,582,Pudukkottai,1.5,-19.313125
2025-03-23 10:30:00,582,Pudukkottai,2.5,-17.442666666666664
2025-03-23 11:00:00,582,Pudukkottai,3.0,-17.442666666666664
2025-04-03 05:00:00,582,Pudukkottai,6.0,-15.2674
2025-04-03 05:30:00,582,Pudukkottai,0.5,-15.2674
2025-04-03 06:00:00,582,Pudukkottai,3.25,-15.2674
2025-04-03 06:30:00,582,Pudukkottai,0.5,-15.2674
2025-04-03 07:00:00,582,Pudukkottai,8.0,-15.2674
2025-04-03 07:30:00,582,Pudukkottai,0.75,-15.2674
2025-04-03 08:00:00,582,Pudukkottai,1.0,-15.2674
2025-04-03 08:30:00,582,Pudukkottai,3.25,-15.2674
2025-04-03 09:00:00,582,Pudukkottai,4.75,-15.2674
2025-04-03 09:30:00,582,Pudukkottai,1.5,-15.2688
2025-04-03 10:00:00,582,Pudukkottai,3.0,-15.2688
2025-04-03 14:30:00,582,Pudukkottai,2.5,-15.2688
2025-04-03 16:30:00,582,Pudukkottai,2.5,-15.2306
2025-04-03 17:00:00,582,Pudukkottai,2.5,-15.2306
2025-04-07 01:00:00,582,Pudukkottai,2.5,-15.541249999999998
2025-04-07 01:30:00,582,Pudukkottai,1.0,-15.541249999999998
2025-04-07 02:00:00,582,Pudukkottai,1.5,-15.541249999999998
2025-04-07 02:30:00,582,Pudukkottai,0.5,-15.541249999999998
2025-04-07 03:00:00,582,Pudukkottai,0.5,-15.541249999999998
2025-04-11 22:30:00,582,Pudukkottai,19.5,-17.215
2025-04-11 23:00:00,582,Pudukkottai,11.0,-17.215
2025-04-11 23:30:00,582,Pudukkottai,0.5,-17.215
2025-04-12 00:00:00,582,Pudukkottai,0.5,-17.215
2025-04-12 01:30:00,582,Pudukkottai,2.5,-17.215
2025-04-12 02:00:00,582,Pudukkottai,7.0,-17.215
2025-04-12 02:30:00,582,Pudukkottai,2.5,-17.215
2025-04-12 03:00:00,582,Pudukkottai,4.0,-17.215
2025-04-12 03:30:00,582,Pudukkottai,4.0,-16.986444444444444
2025-04-12 04:00:00,582,Pudukkottai,12.5,-16.986444444444444
2025-04-12 04:30:00,582,Pudukkottai,2.0,-16.986444444444444
2025-04-12 05:00:00,582,Pudukkottai,2.0,-16.986444444444444
2025-04-12 08:00:00,582,Pudukkottai,0.5,-16.986444444444444
2025-04-12 17:00:00,582,Pudukkottai,9.0,-17.821111111111108
2025-04-13 17:00:00,582,Pudukkottai,1.0,-17.578666666666667
2025-04-13 18:00:00,582,Pudukkottai,3.5,-17.578666666666667
2025-04-13 19:00:00,582,Pudukkottai,0.5,-17.578666666666667
2025-04-14 12:00:00,582,Pudukkottai,0.5,-17.999333333333333
2025-04-15 04:00:00,582,Pudukkottai,10.0,-16.834222222222223
2025-04-15 04:30:00,582,Pudukkottai,1.0,-16.834222222222223
2025-04-15 05:00:00,582,Pudukkottai,1.5,-16.834222222222223
2025-04-15 05:30:00,582,Pudukkottai,1.0,-16.834222222222223
2025-04-15 06:00:00,582,Pudukkottai,1.0,-16.834222222222223
2025-04-15 18:00:00,582,Pudukkottai,0.5,-17.291666666666668
2025-04-16 19:00:00,582,Pudukkottai,1.5,-13.48325
2025-04-16 20:00:00,582,Pudukkottai,8.5,-13.48325
2025-04-17 02:00:00,582,Pudukkottai,1.0,-13.0095
2025-04-17 21:00:00,582,Pudukkottai,0.5,-13.940875
2025-04-22 18:00:00,582,Pudukkottai,21.5,-14.376
2025-04-24 16:00:00,582,Pudukkottai,5.5,-15.968333333333334
2025-04-25 15:00:00,582,Pudukkottai,4.0,-13.352142857142857
2025-04-26 03:00:00,582,Pudukkottai,2.0,-13.63957142857143
2025-04-26 03:30:00,582,Pudukkottai,2.0,-13.90757142857143
2025-04-26 04:00:00,582,Pudukkottai,2.0,-13.90757142857143
2025-04-26 09:30:00,582,Pudukkottai,1.0,-14.237714285714286
2025-04-26 10:00:00,582,Pudukkottai,3.0,-14.237714285714286
2025-04-26 13:30:00,582,Pudukkottai,1.0,-14.237714285714286
2025-04-26 14:00:00,582,Pudukkottai,1.0,-14.237714285714286
2025-04-27 10:00:00,582,Pudukkottai,0.5,-13.949142857142858
2025-04-27 10:30:00,582,Pudukkottai,0.5,-13.949142857142858
2025-04-27 11:00:00,582,Pudukkottai,0.5,-13.949142857142858
2025-04-28 12:30:00,582,Pudukkottai,0.5,-16.491333333333333
2025-04-28 13:00:00,582,Pudukkottai,0.5,-16.491333333333333
2025-04-29 02:00:00,582,Pudukkottai,0.5,-14.9275
2025-04-29 02:30:00,582,Pudukkottai,0.5,-14.9275
2025-04-29 03:00:00,582,Pudukkottai,0.5,-14.9275
2025-04-29 12:00:00,582,Pudukkottai,0.5,-18.327
2025-04-29 13:00:00,582,Pudukkottai,0.5,-18.327
2025-04-29 17:00:00,582,Pudukkottai,0.5,-18.2024
2025-04-29 18:00:00,582,Pudukkottai,0.5,-18.2024
2025-05-04 21:00:00,582,Pudukkottai,1.5,-10.767428571428573
2025-05-04 21:30:00,582,Pudukkottai,0.5,-10.275714285714288
2025-05-04 22:00:00,582,Pudukkottai,18.75,-10.275714285714288
2025-05-04 22:30:00,582,Pudukkottai,1.5,-10.275714285714288
2025-05-04 23:00:00,582,Pudukkottai,1.0,-10.275714285714288
2025-05-06 17:00:00,582,Pudukkottai,0.5,-14.415
2025-05-06 20:00:00,582,Pudukkottai,11.166666666666666,-14.415
2025-05-06 21:00:00,582,Pudukkottai,3.6666666666666665,-14.415
2025-05-06 22:00:00,582,Pudukkottai,0.5,-13.949
2025-05-07 00:00:00,582,Pudukkottai,0.5,-13.949
2025-05-09 21:00:00,582,Pudukkottai,1.0,-14.3685
2025-05-09 22:00:00,582,Pudukkottai,0.5,-13.908375
2025-05-10 00:00:00,582,Pudukkottai,0.5,-13.908375
2025-05-10 10:00:00,582,Pudukkottai,0.5,-15.561375
2025-05-11 11:00:00,582,Pudukkottai,0.5,-11.933285714285716
2025-05-11 16:30:00,582,Pudukkottai,5.0,-10.938857142857144
2025-05-13 22:00:00,582,Pudukkottai,3.0,-14.327625
2025-05-14 12:00:00,582,Pudukkottai,1.5,-17.46014285714286
2025-05-14 16:30:00,582,Pudukkottai,19.5,-16.62485714285714
2025-05-14 17:00:00,582,Pudukkottai,20.5,-16.62485714285714
2025-05-14 19:00:00,582,Pudukkottai,36.0,-16.62485714285714
2025-05-14 20:00:00,582,Pudukkottai,23.0,-16.62485714285714
2025-05-14 21:00:00,582,Pudukkottai,4.5,-16.62485714285714
2025-05-14 22:00:00,582,Pudukkottai,0.5,-15.520285714285714
2025-05-15 16:00:00,582,Pudukkottai,0.5,-10.667142857142858
2025-05-15 17:00:00,582,Pudukkottai,0.5,-10.667142857142858
2025-05-15 18:00:00,582,Pudukkottai,0.5,-10.667142857142858
2025-05-15 19:00:00,582,Pudukkottai,9.0,-10.667142857142858
2025-05-15 20:00:00,582,Pudukkottai,25.5,-10.667142857142858
2025-05-17 08:00:00,582,Pudukkottai,0.5,-13.654375
2025-05-17 10:00:00,582,Pudukkottai,0.5,-14.703875
2025-05-17 21:00:00,582,Pudukkottai,1.0,-14.546
2025-05-17 22:00:00,582,Pudukkottai,1.3333333333333333,-13.41425
2025-05-17 22:30:00,582,Pudukkottai,0.5,-13.41425
2025-05-17 23:00:00,582,Pudukkottai,2.5,-13.41425
2025-05-17 23:30:00,582,Pudukkottai,1.0,-13.41425
2025-05-18 00:00:00,582,Pudukkottai,3.25,-13.41425
2025-05-18 03:00:00,582,Pudukkottai,0.5,-13.41425
2025-05-18 07:00:00,582,Pudukkottai,0.5,-13.27925
2025-05-18 20:00:00,582,Pudukkottai,1.0,-14.045000000000002
2025-05-18 21:00:00,582,Pudukkottai,2.0,-14.045000000000002
2025-05-18 22:00:00,582,Pudukkottai,0.5,-13.5395
2025-05-18 23:00:00,582,Pudukkottai,1.5,-13.5395
2025-05-18 23:30:00,582,Pudukkottai,0.5,-13.5395
2025-05-19 00:00:00,582,Pudukkottai,1.0,-13.5395
2025-05-19 01:00:00,582,Pudukkottai,1.75,-13.5395
2025-05-19 01:30:00,582,Pudukkottai,1.5,-13.5395
2025-05-19 02:00:00,582,Pudukkottai,2.0,-13.5395
2025-05-19 03:30:00,582,Pudukkottai,0.5,-13.211625
2025-05-19 04:00:00,582,Pudukkottai,0.5,-13.211625
2025-05-19 04:30:00,582,Pudukkottai,0.5,-13.211625
2025-05-19 21:00:00,582,Pudukkottai,0.5,-13.92975
2025-05-21 21:00:00,582,Pudukkottai,0.5,-13.93775
2025-05-22 21:00:00,582,Pudukkottai,4.0,-10.871857142857143
2025-05-23 20:00:00,582,Pudukkottai,2.5,-14.642857142857142
2025-05-23 21:00:00,582,Pudukkottai,1.0,-14.642857142857142
2025-05-24 01:00:00,582,Pudukkottai,0.5,-14.048142857142858
2025-05-24 17:00:00,582,Pudukkottai,0.5,-10.035666666666666
2025-05-25 07:00:00,582,Pudukkottai,0.5,-13.20925
2025-05-26 23:00:00,582,Pudukkottai,0.5,-13.7355
2025-05-27 00:00:00,582,Pudukkottai,0.5,-13.7355
2025-05-27 04:00:00,582,Pudukkottai,0.5,-13.396625
2025-05-27 13:00:00,582,Pudukkottai,0.5,-15.260125
2025-06-01 21:00:00,582,Pudukkottai,0.5,-13.6995
2025-06-02 19:00:00,582,Pudukkottai,1.5,-14.815
2025-06-04 18:00:00,582,Pudukkottai,0.5,-16.248714285714286
2025-06-06 15:00:00,582,Pudukkottai,2.0,-17.285
2025-06-07 10:00:00,582,Pudukkottai,1.0,-17.095285714285716
2025-06-11 14:30:00,582,Pudukkottai,0.5,-15.00625
2025-06-11 15:00:00,582,Pudukkottai,7.5,-15.00625
2025-06-11 15:30:00,582,Pudukkottai,11.0,-16.073625
2025-06-11 16:00:00,582,Pudukkottai,21.5,-16.073625
2025-06-11 16:30:00,582,Pudukkottai,1.0,-16.073625
2025-06-11 17:00:00,582,Pudukkottai,1.0,-16.073625
2025-06-13 17:00:00,582,Pudukkottai,1.0,-16.234
2025-06-13 18:00:00,582,Pudukkottai,0.5,-16.234
2025-06-14 18:00:00,582,Pudukkottai,1.75,-16.87642857142857
2025-06-19 17:00:00,582,Pudukkottai,11.5,-16.779
2025-06-19 18:00:00,582,Pudukkottai,5.75,-16.779
2025-06-19 19:00:00,582,Pudukkottai,6.5,-16.779
2025-06-19 21:00:00,582,Pudukkottai,0.5,-16.779
2025-06-19 22:00:00,582,Pudukkottai,0.5,-16.779
2025-06-20 06:30:00,582,Pudukkottai,0.5,-16.468714285714288
2025-06-20 07:00:00,582,Pudukkottai,0.5,-16.468714285714288
2025-06-20 18:00:00,582,Pudukkottai,1.0,-17.375
2025-06-20 19:00:00,582,Pudukkottai,6.0,-17.375
2025-06-20 20:00:00,582,Pudukkottai,0.5,-17.375
2025-06-21 09:00:00,582,Pudukkottai,0.5,-16.438714285714287
2025-06-22 16:00:00,582,Pudukkottai,8.0,-17.434
2025-06-22 17:00:00,582,Pudukkottai,1.125,-17.434
2025-06-23 11:00:00,582,Pudukkottai,0.5,-21.3502
2025-06-24 14:30:00,582,Pudukkottai,0.5,-22.0044
2025-06-24 15:00:00,582,Pudukkottai,0.5,-22.0044
2025-06-25 16:00:00,582,Pudukkottai,0.75,-24.106250000000003
2025-06-26 07:00:00,582,Pudukkottai,0.5,-19.7566
2025-06-26 09:00:00,582,Pudukkottai,0.5,-19.7566
2025-06-26 10:00:00,582,Pudukkottai,0.5,-21.8206
2025-06-26 11:00:00,582,Pudukkottai,0.5,-21.8206
2025-06-26 11:30:00,582,Pudukkottai,1.5,-21.8206
2025-06-26 12:00:00,582,Pudukkottai,2.5,-21.8206
2025-06-26 12:30:00,582,Pudukkottai,1.0,-21.8206
2025-06-26 13:00:00,582,Pudukkottai,2.5,-21.8206
2025-06-26 13:30:00,582,Pudukkottai,1.0,-21.8206
2025-06-26 14:00:00,582,Pudukkottai,2.0,-21.8206
2025-06-26 14:30:00,582,Pudukkottai,1.5,-21.8206
2025-06-26 15:00:00,582,Pudukkottai,2.5,-21.8206
2025-06-26 15:30:00,582,Pudukkottai,0.5,-20.693
2025-06-26 16:00:00,582,Pudukkottai,1.5,-20.693
2025-06-26 16:30:00,582,Pudukkottai,0.5,-20.693
2025-06-26 17:00:00,582,Pudukkottai,1.0,-20.693
2025-06-26 17:30:00,582,Pudukkottai,0.5,-20.693
2025-06-26 18:00:00,582,Pudukkottai,1.0,-20.693
2025-06-26 18:30:00,582,Pudukkottai,0.5,-20.693
2025-06-26 19:00:00,582,Pudukkottai,2.6666666666666665,-20.693
2025-06-26 20:00:00,582,Pudukkottai,0.5,-20.693
2025-06-26 21:00:00,582,Pudukkottai,0.5,-20.693
2025-06-26 22:30:00,582,Pudukkottai,0.5,-19.4572
2025-06-26 23:00:00,582,Pudukkottai,0.5,-19.4572
2025-06-26 23:30:00,582,Pudukkottai,0.5,-19.4572
2025-06-27 00:00:00,582,Pudukkottai,0.5,-19.4572
2025-06-27 00:30:00,582,Pudukkottai,0.5,-19.4572
2025-06-27 01:00:00,582,Pudukkottai,0.5,-19.4572
2025-06-27 02:00:00,582,Pudukkottai,0.5,-19.4572
2025-06-27 04:30:00,582,Pudukkottai,0.5,-19.167
2025-06-27 05:00:00,582,Pudukkottai,0.5,-19.167
2025-06-27 08:00:00,582,Pudukkottai,0.5,-19.167
2025-06-27 10:00:00,582,Pudukkottai,0.5,-21.0396
2025-06-27 11:30:00,582,Pudukkottai,0.5,-21.0396
2025-06-27 12:00:00,582,Pudukkottai,0.5,-21.0396
2025-06-27 13:00:00,582,Pudukkottai,0.5,-21.0396
2025-06-27 15:00:00,582,Pudukkottai,0.5,-21.0396
2025-06-27 18:00:00,582,Pudukkottai,0.5,-20.859
2025-06-27 19:00:00,582,Pudukkottai,3.0,-20.859
2025-06-27 20:00:00,582,Pudukkottai,0.5,-20.859
2025-06-28 06:30:00,582,Pudukkottai,0.5,-19.2394
2025-06-28 07:00:00,582,Pudukkottai,0.5,-19.2394
2025-06-28 16:00:00,582,Pudukkottai,1.0,-19.9392
2025-06-28 17:00:00,582,Pudukkottai,6.5,-19.9392
2025-06-28 18:00:00,582,Pudukkottai,0.8333333333333334,-19.9392
2025-06-28 19:00:00,582,Pudukkottai,0.5,-19.9392
2025-06-28 21:30:00,582,Pudukkottai,0.5,-19.1524
2025-06-28 22:00:00,582,Pudukkottai,0.5,-19.1524
2025-06-29 05:00:00,582,Pudukkottai,0.5,-18.8354
2025-07-01 00:00:00,582,Pudukkottai,0.5,-18.904
2025-07-08 19:00:00,582,Pudukkottai,0.5,-20.8738
2025-07-10 18:00:00,582,Pudukkottai,8.0,-21.0532
2025-07-10 19:30:00,582,Pudukkottai,0.5,-21.0532
2025-07-10 20:00:00,582,Pudukkottai,1.0,-21.0532
2025-07-10 20:30:00,582,Pudukkottai,0.5,-21.0532
2025-07-10 21:00:00,582,Pudukkottai,1.0,-21.0532
2025-07-10 21:30:00,582,Pudukkottai,0.5,-20.089800000000004
2025-07-10 22:00:00,582,Pudukkottai,1.0,-20.089800000000004
2025-07-10 23:00:00,582,Pudukkottai,0.5,-20.089800000000004
2025-07-11 08:30:00,582,Pudukkottai,0.5,-20.055
2025-07-11 09:00:00,582,Pudukkottai,0.5,-20.055
2025-07-11 15:00:00,582,Pudukkottai,1.0,-22.5426
2025-07-11 16:00:00,582,Pudukkottai,2.5,-21.2402
2025-07-11 17:00:00,582,Pudukkottai,0.75,-21.2402
2025-07-11 19:00:00,582,Pudukkottai,0.5,-21.2402
2025-07-12 16:00:00,582,Pudukkottai,0.5,-20.6504
2025-07-14 11:00:00,582,Pudukkottai,0.5,-22.374
2025-07-14 17:00:00,582,Pudukkottai,2.5,-21.684
2025-07-14 18:00:00,582,Pudukkottai,0.5,-21.684
2025-07-16 16:00:00,582,Pudukkottai,9.5,-21.6796
2025-07-16 17:00:00,582,Pudukkottai,3.1666666666666665,-21.6796
2025-07-16 18:00:00,582,Pudukkottai,2.0,-21.6796
2025-07-21 18:00:00,582,Pudukkottai,0.5,-17.410999999999998
2025-07-23 16:00:00,582,Pudukkottai,1.0,-17.492285714285718
2025-07-24 16:00:00,582,Pudukkottai,2.0,-20.284166666666668
2025-07-27 05:00:00,582,Pudukkottai,0.5,-17.226142857142857
2025-07-31 17:00:00,582,Pudukkottai,1.5,-18.473000000000003
2025-07-31 19:00:00,582,Pudukkottai,0.5,-18.473000000000003
2025-07-31 21:00:00,582,Pudukkottai,0.5,-18.473000000000003
2025-08-01 19:00:00,582,Pudukkottai,2.5,-18.231142857142856
2025-08-01 20:00:00,582,Pudukkottai,5.0,-18.231142857142856
2025-08-01 21:00:00,582,Pudukkottai,4.5,-18.231142857142856
2025-08-01 21:30:00,582,Pudukkottai,0.5,-17.596714285714285
2025-08-01 22:00:00,582,Pudukkottai,4.166666666666667,-17.596714285714285
2025-08-01 23:00:00,582,Pudukkottai,0.5,-17.596714285714285
2025-08-02 01:00:00,582,Pudukkottai,0.5,-17.596714285714285
2025-08-02 02:00:00,582,Pudukkottai,0.5,-17.596714285714285
2025-08-02 03:00:00,582,Pudukkottai,0.5,-17.596714285714285
2025-08-02 05:30:00,582,Pudukkottai,0.5,-18.93316666666667
2025-08-02 06:00:00,582,Pudukkottai,0.5,-18.93316666666667
2025-08-02 07:30:00,582,Pudukkottai,0.5,-18.93316666666667
2025-08-02 08:00:00,582,Pudukkottai,0.5,-18.93316666666667
2025-08-02 09:00:00,582,Pudukkottai,0.5,-18.93316666666667
2025-08-02 10:00:00,582,Pudukkottai,0.5,-20.969
2025-08-02 11:30:00,582,Pudukkottai,0.5,-20.969
2025-08-02 12:00:00,582,Pudukkottai,0.5,-20.969
2025-08-02 13:00:00,582,Pudukkottai,0.5,-20.969
2025-08-02 18:00:00,582,Pudukkottai,7.5,-20.13
2025-08-02 19:00:00,582,Pudukkottai,52.333333333333336,-20.13
2025-08-02 20:00:00,582,Pudukkottai,59.0,-20.13
2025-08-02 20:30:00,582,Pudukkottai,0.5,-20.13
2025-08-02 21:00:00,582,Pudukkottai,11.1,-20.13
2025-08-02 21:30:00,582,Pudukkottai,2.0,-16.72585714285714
2025-08-02 22:00:00,582,Pudukkottai,3.875,-16.72585714285714
2025-08-02 22:30:00,582,Pudukkottai,3.0,-16.72585714285714
2025-08-02 23:00:00,582,Pudukkottai,2.125,-16.72585714285714
2025-08-02 23:30:00,582,Pudukkottai,2.5,-16.72585714285714
2025-08-03 00:00:00,582,Pudukkottai,3.0,-16.72585714285714
2025-08-03 00:30:00,582,Pudukkottai,2.5,-16.72585714285714
2025-08-03 01:00:00,582,Pudukkottai,5.5,-16.72585714285714
2025-08-03 01:30:00,582,Pudukkottai,3.0,-16.72585714285714
2025-08-03 02:00:00,582,Pudukkottai,5.5,-16.72585714285714
2025-08-03 02:30:00,582,Pudukkottai,2.5,-16.72585714285714
2025-08-03 03:00:00,582,Pudukkottai,5.5,-16.72585714285714
2025-08-03 03:30:00,582,Pudukkottai,4.0,-16.940142857142856
2025-08-03 04:00:00,582,Pudukkottai,7.5,-16.940142857142856
2025-08-03 04:30:00,582,Pudukkottai,3.5,-16.940142857142856
2025-08-03 05:00:00,582,Pudukkottai,6.5,-16.940142857142856
2025-08-03 05:30:00,582,Pudukkottai,3.0,-16.940142857142856
2025-08-03 06:00:00,582,Pudukkottai,5.5,-16.940142857142856
2025-08-03 06:30:00,582,Pudukkottai,2.5,-16.940142857142856
2025-08-03 07:00:00,582,Pudukkottai,5.0,-16.940142857142856
2025-08-03 07:30:00,582,Pudukkottai,2.5,-16.940142857142856
2025-08-03 08:00:00,582,Pudukkottai,5.0,-16.940142857142856
2025-08-03 08:30:00,582,Pudukkottai,2.0,-16.940142857142856
2025-08-03 09:00:00,582,Pudukkottai,4.5,-16.940142857142856
2025-08-03 09:30:00,582,Pudukkottai,2.0,-18.92242857142857
2025-08-03 10:00:00,582,Pudukkottai,4.0,-18.92242857142857
2025-08-03 10:30:00,582,Pudukkottai,2.0,-18.92242857142857
2025-08-03 11:00:00,582,Pudukkottai,4.0,-18.92242857142857
2025-08-03 11:30:00,582,Pudukkottai,2.5,-18.92242857142857
2025-08-03 12:00:00,582,Pudukkottai,4.5,-18.92242857142857
2025-08-03 12:30:00,582,Pudukkottai,1.5,-18.92242857142857
2025-08-03 13:00:00,582,Pudukkottai,3.5,-18.92242857142857
2025-08-03 13:30:00,582,Pudukkottai,1.5,-18.92242857142857
2025-08-03 14:00:00,582,Pudukkottai,2.5,-18.92242857142857
2025-08-03 14:30:00,582,Pudukkottai,1.0,-18.92242857142857
2025-08-03 15:00:00,582,Pudukkottai,2.0,-18.92242857142857
2025-08-03 15:30:00,582,Pudukkottai,0.5,-17.958
2025-08-03 16:00:00,582,Pudukkottai,1.0,-17.958
2025-08-03 16:30:00,582,Pudukkottai,0.5,-17.958
2025-08-03 17:00:00,582,Pudukkottai,0.5,-17.958
2025-08-03 22:00:00,582,Pudukkottai,0.5,-17.148857142857143
2025-08-04 18:00:00,582,Pudukkottai,22.75,-17.883857142857142
2025-08-04 19:00:00,582,Pudukkottai,2.0,-17.883857142857142
2025-08-04 20:00:00,582,Pudukkottai,0.5,-17.883857142857142
2025-08-05 00:00:00,582,Pudukkottai,0.5,-17.002142857142857
2025-08-05 02:00:00,582,Pudukkottai,0.5,-17.002142857142857
2025-08-05 18:00:00,582,Pudukkottai,6.0,-17.31957142857143
2025-08-05 18:30:00,582,Pudukkottai,0.5,-17.31957142857143
2025-08-05 19:00:00,582,Pudukkottai,5.0,-17.31957142857143
2025-08-05 20:00:00,582,Pudukkottai,1.1666666666666667,-17.31957142857143
2025-08-05 21:00:00,582,Pudukkottai,1.0,-17.31957142857143
2025-08-05 22:00:00,582,Pudukkottai,1.0,-16.765142857142855
2025-08-06 05:00:00,582,Pudukkottai,0.5,-16.512714285714285
2025-08-06 11:00:00,582,Pudukkottai,2.0,-18.69814285714286
2025-08-08 19:00:00,582,Pudukkottai,2.0,-17.42685714285714
2025-08-08 20:00:00,582,Pudukkottai,11.5,-17.42685714285714
2025-08-08 21:00:00,582,Pudukkottai,7.333333333333333,-17.42685714285714
2025-08-08 22:00:00,582,Pudukkottai,7.25,-15.656428571428572
2025-08-08 23:00:00,582,Pudukkottai,1.1666666666666667,-15.656428571428572
2025-08-09 00:00:00,582,Pudukkottai,1.25,-15.656428571428572
2025-08-09 01:00:00,582,Pudukkottai,0.5,-15.656428571428572
2025-08-09 01:30:00,582,Pudukkottai,0.5,-15.656428571428572
2025-08-09 02:00:00,582,Pudukkottai,0.5,-15.656428571428572
2025-08-09 02:30:00,582,Pudukkottai,0.5,-15.656428571428572
2025-08-09 03:00:00,582,Pudukkottai,1.0,-15.656428571428572
2025-08-09 22:00:00,582,Pudukkottai,1.5,-18.046666666666667
2025-08-10 00:00:00,582,Pudukkottai,0.5,-18.046666666666667
2025-08-10 14:00:00,582,Pudukkottai,2.5,-17.671142857142858
2025-08-10 15:00:00,582,Pudukkottai,0.75,-17.671142857142858
2025-08-10 16:00:00,582,Pudukkottai,1.3333333333333333,-17.178428571428572
2025-08-10 16:30:00,582,Pudukkottai,0.5,-17.178428571428572
2025-08-10 17:00:00,582,Pudukkottai,1.0,-17.178428571428572
2025-08-10 17:30:00,582,Pudukkottai,1.0,-17.178428571428572
2025-08-10 18:00:00,582,Pudukkottai,1.0,-17.178428571428572
2025-08-10 18:30:00,582,Pudukkottai,0.5,-17.178428571428572
2025-08-10 19:00:00,582,Pudukkottai,5.0,-17.178428571428572
2025-08-10 20:00:00,582,Pudukkottai,4.0,-17.178428571428572
2025-08-10 20:30:00,582,Pudukkottai,0.5,-17.178428571428572
2025-08-10 21:00:00,582,Pudukkottai,0.5,-17.178428571428572
2025-08-10 21:30:00,582,Pudukkottai,0.5,-16.473999999999997
2025-08-10 22:00:00,582,Pudukkottai,1.0,-16.473999999999997
2025-08-10 22:30:00,582,Pudukkottai,0.5,-16.473999999999997
2025-08-10 23:00:00,582,Pudukkottai,1.0,-16.473999999999997
2025-08-10 23:30:00,582,Pudukkottai,0.5,-16.473999999999997
2025-08-11 00:00:00,582,Pudukkottai,0.5,-16.473999999999997
2025-08-11 00:30:00,582,Pudukkottai,0.5,-16.473999999999997
2025-08-11 01:00:00,582,Pudukkottai,1.0,-16.473999999999997
2025-08-11 02:00:00,582,Pudukkottai,2.0,-16.473999999999997
2025-08-11 03:00:00,582,Pudukkottai,0.5,-16.473999999999997
2025-08-11 04:00:00,582,Pudukkottai,0.5,-16.30757142857143
2025-08-11 05:30:00,582,Pudukkottai,0.5,-16.30757142857143
2025-08-11 06:00:00,582,Pudukkottai,0.5,-16.30757142857143
2025-08-11 07:00:00,582,Pudukkottai,0.5,-16.30757142857143
2025-08-11 08:00:00,582,Pudukkottai,0.5,-16.30757142857143
2025-08-11 09:00:00,582,Pudukkottai,0.5,-16.30757142857143
2025-08-11 10:30:00,582,Pudukkottai,0.5,-17.353857142857144
2025-08-11 11:00:00,582,Pudukkottai,0.5,-17.353857142857144
2025-08-11 12:00:00,582,Pudukkottai,0.5,-17.353857142857144
2025-08-11 19:00:00,582,Pudukkottai,0.5,-16.738285714285716
2025-08-13 16:00:00,582,Pudukkottai,10.5,-16.433714285714284
2025-08-13 17:00:00,582,Pudukkottai,3.0,-16.433714285714284
2025-08-13 18:00:00,582,Pudukkottai,0.5,-16.433714285714284
2025-08-13 19:30:00,582,Pudukkottai,0.5,-16.433714285714284
2025-08-13 20:00:00,582,Pudukkottai,0.5,-16.433714285714284
2025-08-13 23:30:00,582,Pudukkottai,0.5,-15.938
2025-08-14 00:00:00,582,Pudukkottai,0.5,-15.938
2025-08-14 01:30:00,582,Pudukkottai,0.5,-15.938
2025-08-14 02:00:00,582,Pudukkottai,0.5,-15.938
2025-08-14 03:00:00,582,Pudukkottai,0.5,-15.938
2025-08-14 16:00:00,582,Pudukkottai,15.0,-16.012
2025-08-14 17:00:00,582,Pudukkottai,0.5,-16.012
2025-08-14 18:00:00,582,Pudukkottai,0.5,-16.012
2025-08-14 19:30:00,582,Pudukkottai,0.5,-16.012
2025-08-14 20:00:00,582,Pudukkottai,0.5,-16.012
2025-08-14 22:30:00,582,Pudukkottai,0.5,-15.697857142857142
2025-08-14 23:00:00,582,Pudukkottai,0.5,-15.697857142857142
2025-08-15 00:30:00,582,Pudukkottai,0.5,-15.697857142857142
2025-08-15 01:00:00,582,Pudukkottai,0.5,-15.697857142857142
2025-08-15 03:00:00,582,Pudukkottai,0.5,-15.697857142857142
2025-08-15 05:00:00,582,Pudukkottai,0.5,-15.499857142857142
2025-08-15 07:30:00,582,Pudukkottai,0.5,-15.499857142857142
2025-08-15 08:00:00,582,Pudukkottai,0.5,-15.499857142857142
2025-08-15 09:30:00,582,Pudukkottai,0.5,-15.827714285714285
2025-08-15 10:00:00,582,Pudukkottai,0.5,-15.827714285714285
2025-08-15 12:00:00,582,Pudukkottai,0.5,-15.827714285714285
2025-08-15 14:00:00,582,Pudukkottai,0.5,-15.827714285714285
2025-08-15 15:00:00,582,Pudukkottai,2.0,-15.827714285714285
2025-08-15 16:00:00,582,Pudukkottai,0.5,-16.017571428571426
2025-08-15 17:00:00,582,Pudukkottai,5.0,-16.017571428571426
2025-08-15 18:00:00,582,Pudukkottai,1.75,-16.017571428571426
2025-08-15 22:00:00,582,Pudukkottai,0.5,-15.605571428571428
2025-08-16 07:00:00,582,Pudukkottai,0.5,-15.474571428571428
2025-08-16 16:00:00,582,Pudukkottai,0.5,-16.161428571428573
2025-08-22 11:00:00,582,Pudukkottai,0.5,-17.91042857142857
2025-08-22 12:45:00,582,Pudukkottai,3.0,-17.91042857142857
2025-08-22 12:50:00,582,Pudukkottai,3.0,-17.91042857142857
2025-08-22 12:55:00,582,Pudukkottai,3.0,-17.91042857142857
2025-08-22 13:00:00,582,Pudukkottai,3.0,-17.91042857142857
2025-08-22 15:00:00,582,Pudukkottai,1.5,-17.91042857142857
2025-08-23 17:00:00,582,Pudukkottai,2.5,-21.4
2025-08-23 18:00:00,582,Pudukkottai,55.0,-21.4
2025-08-25 15:00:00,582,Pudukkottai,0.5,-17.36342857142857
2025-09-03 18:00:00,582,Pudukkottai,1.5,-17.107285714285716
2025-09-03 19:00:00,582,Pudukkottai,1.5,-17.107285714285716
2025-09-05 16:00:00,582,Pudukkottai,12.0,-17.40028571428571
2025-09-05 17:00:00,582,Pudukkottai,5.25,-17.40028571428571
2025-09-05 18:00:00,582,Pudukkottai,14.0,-17.40028571428571
2025-09-05 19:00:00,582,Pudukkottai,2.0,-17.40028571428571
2025-09-06 19:00:00,582,Pudukkottai,11.5,-17.693571428571428
2025-09-06 20:00:00,582,Pudukkottai,4.0,-17.693571428571428
2025-09-06 21:00:00,582,Pudukkottai,0.5,-17.693571428571428
2025-09-07 19:00:00,582,Pudukkottai,35.5,-17.538857142857143
2025-09-07 20:00:00,582,Pudukkottai,22.666666666666668,-17.538857142857143
2025-09-07 21:00:00,582,Pudukkottai,18.2,-17.538857142857143
2025-09-07 22:00:00,582,Pudukkottai,9.833333333333334,-16.62
2025-09-07 23:00:00,582,Pudukkottai,0.5,-16.62
2025-09-08 00:00:00,582,Pudukkottai,1.0,-16.62
2025-09-08 01:00:00,582,Pudukkottai,1.3333333333333333,-16.62
2025-09-08 02:00:00,582,Pudukkottai,1.0,-16.62
2025-09-08 03:00:00,582,Pudukkottai,0.5,-16.62
2025-09-08 21:00:00,582,Pudukkottai,2.5,-18.18557142857143
2025-09-10 16:00:00,582,Pudukkottai,3.0,-18.359571428571428
2025-09-10 17:00:00,582,Pudukkottai,19.0,-18.359571428571428
2025-09-10 18:00:00,582,Pudukkottai,5.25,-18.359571428571428
2025-09-10 19:00:00,582,Pudukkottai,0.5,-18.359571428571428
2025-09-11 12:00:00,582,Pudukkottai,0.5,-18.17428571428572
2025-09-11 17:00:00,582,Pudukkottai,1.0,-18.16042857142857
2025-09-11 18:00:00,582,Pudukkottai,2.0,-18.16042857142857
2025-09-11 19:00:00,582,Pudukkottai,2.0,-18.16042857142857
2025-09-13 16:00:00,582,Pudukkottai,0.5,-17.529142857142855
2025-09-13 17:00:00,582,Pudukkottai,3.1666666666666665,-17.529142857142855
2025-09-13 18:00:00,582,Pudukkottai,20.5,-17.529142857142855
2025-09-13 21:00:00,582,Pudukkottai,0.5,-17.529142857142855
2025-09-14 20:00:00,582,Pudukkottai,1.5,-17.330142857142857
2025-09-15 20:00:00,582,Pudukkottai,15.0,-17.151
2025-09-16 17:00:00,582,Pudukkottai,3.5,-17.344857142857144
2025-09-16 18:00:00,582,Pudukkottai,0.5,-17.344857142857144
2025-09-16 19:00:00,582,Pudukkottai,5.666666666666667,-17.344857142857144
2025-09-16 20:00:00,582,Pudukkottai,1.3333333333333333,-17.344857142857144
2025-09-16 22:00:00,582,Pudukkottai,0.5,-16.47357142857143
2025-09-16 23:00:00,582,Pudukkottai,0.5,-16.47357142857143
2025-09-17 00:00:00,582,Pudukkottai,0.5,-16.47357142857143
2025-09-17 09:00:00,582,Pudukkottai,0.5,-16.249285714285715
2025-09-17 20:00:00,582,Pudukkottai,3.0,-16.893714285714285
2025-09-17 21:00:00,582,Pudukkottai,2.5,-16.893714285714285
2025-09-17 22:00:00,582,Pudukkottai,0.5,-16.249428571428574
2025-09-17 23:00:00,582,Pudukkottai,0.75,-16.249428571428574
2025-09-18 05:00:00,582,Pudukkottai,0.5,-16.003571428571426
2025-09-18 15:00:00,582,Pudukkottai,3.5,-17.686285714285713
2025-09-18 16:00:00,582,Pudukkottai,3.75,-16.719857142857144
2025-09-18 18:00:00,582,Pudukkottai,2.5,-16.719857142857144
2025-09-20 00:00:00,582,Pudukkottai,0.75,-16.08942857142857
2025-09-20 06:00:00,582,Pudukkottai,0.5,-15.886571428571427
2025-09-20 22:00:00,582,Pudukkottai,9.833333333333334,-16.211285714285715
2025-09-20 23:00:00,582,Pudukkottai,5.25,-16.211285714285715
2025-09-21 00:00:00,582,Pudukkottai,0.5,-16.211285714285715
2025-09-21 01:00:00,582,Pudukkottai,0.5,-16.211285714285715
2025-09-22 16:00:00,582,Pudukkottai,0.5,-16.849714285714285
2025-09-23 20:00:00,582,Pudukkottai,3.0,-17.101142857142857
2025-09-23 21:00:00,582,Pudukkottai,1.0,-17.101142857142857
2025-09-24 18:00:00,582,Pudukkottai,0.5,-16.66057142857143
2025-09-24 19:00:00,582,Pudukkottai,1.5,-16.66057142857143
2025-09-24 20:00:00,582,Pudukkottai,1.0,-16.66057142857143
2025-09-25 14:00:00,582,Pudukkottai,1.5,-17.859285714285715
2025-09-25 15:00:00,582,Pudukkottai,0.5,-17.859285714285715
2025-09-25 17:00:00,582,Pudukkottai,9.0,-16.762142857142855
2025-09-25 18:00:00,582,Pudukkottai,5.125,-16.762142857142855
2025-09-25 19:00:00,582,Pudukkottai,5.375,-16.762142857142855
2025-09-25 20:00:00,582,Pudukkottai,1.875,-16.762142857142855
2025-09-25 21:00:00,582,Pudukkottai,0.5,-16.762142857142855
2025-09-26 04:00:00,582,Pudukkottai,0.5,-15.765714285714283
2025-09-26 17:00:00,582,Pudukkottai,0.5,-16.631571428571426
2025-09-26 18:00:00,582,Pudukkottai,3.0,-16.631571428571426
2025-09-26 19:00:00,582,Pudukkottai,6.333333333333333,-16.631571428571426
2025-09-26 20:00:00,582,Pudukkottai,1.0,-16.631571428571426
2025-10-01 19:00:00,582,Pudukkottai,0.5,-17.06085714285714
2025-10-03 22:00:00,582,Pudukkottai,4.0,-16.56942857142857
2025-10-04 08:00:00,582,Pudukkottai,0.5,-16.297428571428572
2025-10-04 09:00:00,582,Pudukkottai,1.0,-16.297428571428572
2025-10-05 14:00:00,582,Pudukkottai,0.5,-18.276714285714284
2025-10-05 16:00:00,582,Pudukkottai,1.25,-15.69285714285714
2025-10-05 17:00:00,582,Pudukkottai,10.5,-15.69285714285714
2025-10-05 18:00:00,582,Pudukkottai,1.0,-15.69285714285714
2025-10-05 19:00:00,582,Pudukkottai,1.3333333333333333,-15.69285714285714
2025-10-05 20:00:00,582,Pudukkottai,0.5,-15.69285714285714
2025-10-05 21:00:00,582,Pudukkottai,0.5,-15.69285714285714
2025-10-06 07:00:00,582,Pudukkottai,0.5,-15.43142857142857
2025-11-14 02:00:00,582,Pudukkottai,0.5,-17.6816
2025-11-14 03:00:00,582,Pudukkottai,0.5,-17.6816
2025-11-14 09:00:00,582,Pudukkottai,0.5,-17.6816
2025-11-14 16:00:00,582,Pudukkottai,0.5,-17.6816
2025-11-15 12:00:00,582,Pudukkottai,0.5,-17.6816
2025-11-15 15:00:00,582,Pudukkottai,0.5,-17.6816
2025-11-15 18:00:00,582,Pudukkottai,0.5,-17.6816
2025-11-15 19:00:00,582,Pudukkottai,0.5,-17.6816
2025-11-15 21:00:00,582,Pudukkottai,0.5,-17.6816
2025-11-15 22:00:00,582,Pudukkottai,0.5,-17.6816
2025-11-16 00:00:00,582,Pudukkottai,0.5,-17.6816
2025-11-16 01:00:00,582,Pudukkottai,0.5,-17.6816
2025-11-16 04:00:00,582,Pudukkottai,0.5,-17.6816
2025-11-16 07:00:00,582,Pudukkottai,0.5,-17.6816
2025-11-16 11:00:00,582,Pudukkottai,0.5,-17.6816
2025-11-16 14:00:00,582,Pudukkottai,0.5,-17.6816
2025-11-16 18:00:00,582,Pudukkottai,0.5,-17.6816
2025-11-16 21:00:00,582,Pudukkottai,0.5,-17.6816
2025-11-17 01:00:00,582,Pudukkottai,0.5,-17.6816
2025-11-17 05:00:00,582,Pudukkottai,0.5,-17.6816
2025-11-17 09:00:00,582,Pudukkottai,0.5,-17.6816
2025-11-17 14:00:00,582,Pudukkottai,0.5,-17.6816
2025-11-17 17:00:00,582,Pudukkottai,0.5,-17.6816
2025-11-17 19:00:00,582,Pudukkottai,1.0,-17.6816
2025-11-17 20:00:00,582,Pudukkottai,1.625,-17.6816
2025-11-17 21:00:00,582,Pudukkottai,1.0,-17.6816
2025-11-17 22:00:00,582,Pudukkottai,0.5,-17.6816
2025-11-17 23:00:00,582,Pudukkottai,1.0,-17.6816
2025-11-18 00:00:00,582,Pudukkottai,1.0,-17.6816
2025-11-18 01:00:00,582,Pudukkottai,0.5,-17.6816
2025-11-18 02:00:00,582,Pudukkottai,0.5,-17.6816
2025-11-18 03:00:00,582,Pudukkottai,1.5,-17.6816
2025-11-18 04:00:00,582,Pudukkottai,2.5,-17.6816
2025-11-18 05:00:00,582,Pudukkottai,1.1666666666666667,-17.6816
2025-11-18 06:00:00,582,Pudukkottai,0.5,-17.6816
2025-11-18 10:00:00,582,Pudukkottai,0.5,-17.6816
2025-11-18 11:00:00,582,Pudukkottai,0.5,-17.6816
2025-11-18 12:00:00,582,Pudukkottai,2.833333333333333,-17.6816
2025-11-18 13:00:00,582,Pudukkottai,0.8333333333333334,-17.6816
2025-11-18 14:00:00,582,Pudukkottai,0.5,-17.6816
2025-11-18 16:00:00,582,Pudukkottai,0.5,-17.6816
2025-11-18 23:00:00,582,Pudukkottai,0.5,-17.6816
2025-11-19 00:00:00,582,Pudukkottai,0.5,-17.6816
2025-11-19 02:00:00,582,Pudukkottai,8.0,-17.6816
2025-11-19 03:00:00,582,Pudukkottai,9.0,-17.6816
2025-11-19 04:00:00,582,Pudukkottai,1.0,-17.6816
2025-11-19 05:00:00,582,Pudukkottai,0.5,-17.6816
2025-11-19 10:00:00,582,Pudukkottai,0.5,-17.6816
2025-11-19 18:00:00,582,Pudukkottai,0.5,-17.6816
2025-11-20 00:00:00,582,Pudukkottai,0.5,-17.6816
2025-11-20 04:00:00,582,Pudukkottai,0.5,-17.6816
2025-11-20 06:00:00,582,Pudukkottai,0.5,-17.6816
2025-11-20 09:00:00,582,Pudukkottai,0.5,-17.6816
2025-11-20 11:00:00,582,Pudukkottai,0.5,-17.6816
2025-11-20 15:00:00,582,Pudukkottai,0.5,-17.6816
2025-11-20 19:00:00,582,Pudukkottai,0.5,-17.6816
2025-11-20 20:00:00,582,Pudukkottai,0.5,-17.6816
2025-11-21 00:00:00,582,Pudukkottai,0.5,-17.6816
2025-11-21 08:00:00,582,Pudukkottai,0.5,-17.444200000000002
2025-11-21 16:00:00,582,Pudukkottai,0.5,-18.2492
2025-11-21 18:00:00,582,Pudukkottai,0.5,-18.2492
2025-11-21 20:00:00,582,Pudukkottai,0.5,-18.2492
2025-11-21 23:00:00,582,Pudukkottai,1.0,-17.718200000000003
2025-11-22 00:00:00,582,Pudukkottai,2.0,-17.718200000000003
2025-11-22 01:00:00,582,Pudukkottai,7.166666666666667,-17.718200000000003
2025-11-22 02:00:00,582,Pudukkottai,4.5,-17.718200000000003
2025-11-22 03:00:00,582,Pudukkottai,0.5,-17.718200000000003
2025-11-22 06:00:00,582,Pudukkottai,0.5,-16.5094
2025-11-22 09:00:00,582,Pudukkottai,2.333333333333333,-16.5094
2025-11-22 10:00:00,582,Pudukkottai,1.3333333333333333,-17.8808
2025-11-22 11:00:00,582,Pudukkottai,0.5,-17.8808
2025-11-22 12:00:00,582,Pudukkottai,4.25,-17.8808
2025-11-22 14:00:00,582,Pudukkottai,1.5,-17.8808
2025-11-22 15:00:00,582,Pudukkottai,1.6666666666666667,-17.8808
2025-11-22 16:00:00,582,Pudukkottai,2.0,-15.7552
2025-11-22 17:00:00,582,Pudukkottai,0.6666666666666666,-15.7552
2025-11-22 18:00:00,582,Pudukkottai,0.5,-15.7552
2025-11-22 20:00:00,582,Pudukkottai,0.5,-15.7552
2025-11-22 21:00:00,582,Pudukkottai,0.5,-15.7552
2025-11-22 22:00:00,582,Pudukkottai,0.5,-15.2784
2025-11-23 01:00:00,582,Pudukkottai,0.5,-15.2784
2025-11-23 02:00:00,582,Pudukkottai,1.0,-15.2784
2025-11-23 03:00:00,582,Pudukkottai,0.75,-15.2784
2025-11-23 04:00:00,582,Pudukkottai,1.0,-15.65625
2025-11-23 05:00:00,582,Pudukkottai,2.0,-15.65625
2025-11-23 06:00:00,582,Pudukkottai,2.25,-15.65625
2025-11-23 08:00:00,582,Pudukkottai,0.5,-15.65625
2025-11-23 12:00:00,582,Pudukkottai,0.5,-17.840500000000002
2025-11-23 13:00:00,582,Pudukkottai,5.166666666666667,-17.840500000000002
2025-11-23 14:00:00,582,Pudukkottai,0.875,-17.840500000000002
2025-11-23 15:00:00,582,Pudukkottai,2.333333333333333,-17.840500000000002
2025-11-23 16:00:00,582,Pudukkottai,5.25,-15.375
2025-11-23 17:00:00,582,Pudukkottai,1.875,-15.375
2025-11-23 18:00:00,582,Pudukkottai,4.6,-15.375
2025-11-23 19:00:00,582,Pudukkottai,3.0,-15.375
2025-11-23 20:00:00,582,Pudukkottai,8.0,-15.375
2025-11-23 21:00:00,582,Pudukkottai,4.2,-15.375
2025-11-23 22:00:00,582,Pudukkottai,1.6666666666666667,-13.6808
2025-11-23 23:00:00,582,Pudukkottai,1.0,-13.6808
2025-11-24 00:00:00,582,Pudukkottai,3.5,-13.6808
2025-11-24 01:00:00,582,Pudukkottai,2.1666666666666665,-13.6808
2025-11-24 02:00:00,582,Pudukkottai,1.375,-13.6808
2025-11-24 03:00:00,582,Pudukkottai,1.125,-13.6808
2025-11-24 04:00:00,582,Pudukkottai,1.25,-13.273
2025-11-24 05:00:00,582,Pudukkottai,4.125,-13.273
2025-11-24 06:00:00,582,Pudukkottai,4.875,-13.273
2025-11-24 07:00:00,582,Pudukkottai,1.375,-13.273
2025-11-24 08:00:00,582,Pudukkottai,1.875,-13.273
2025-11-24 09:00:00,582,Pudukkottai,1.9,-13.273
2025-11-24 10:00:00,582,Pudukkottai,1.125,-13.3398
2025-11-24 11:00:00,582,Pudukkottai,1.5,-13.3398
2025-11-24 12:00:00,582,Pudukkottai,1.5,-13.3398
2025-11-24 13:00:00,582,Pudukkottai,3.0,-13.3398
2025-11-24 14:00:00,582,Pudukkottai,2.5,-13.3398
2025-11-24 15:00:00,582,Pudukkottai,2.25,-13.3398
2025-11-24 16:00:00,582,Pudukkottai,1.5,-13.129
2025-11-24 17:00:00,582,Pudukkottai,2.0,-13.129
2025-11-24 18:00:00,582,Pudukkottai,2.5,-13.129
2025-11-24 19:00:00,582,Pudukkottai,2.5,-13.129
2025-11-24 20:00:00,582,Pudukkottai,2.0,-13.129
2025-11-24 21:00:00,582,Pudukkottai,2.0,-13.129
2025-11-24 22:00:00,582,Pudukkottai,2.0,-12.9974
2025-11-24 23:00:00,582,Pudukkottai,2.0,-12.9974
2025-11-25 00:00:00,582,Pudukkottai,2.0,-12.9974
2025-11-25 01:00:00,582,Pudukkottai,1.5,-12.9974
2025-11-25 02:00:00,582,Pudukkottai,2.0,-12.9974
2025-11-25 04:00:00,582,Pudukkottai,1.5,-12.9396
2025-11-25 05:00:00,582,Pudukkottai,2.0,-12.9396
2025-11-25 06:00:00,582,Pudukkottai,1.5,-12.9396
2025-11-25 07:00:00,582,Pudukkottai,1.5,-12.9396
2025-11-25 08:00:00,582,Pudukkottai,1.5,-12.9396
2025-11-25 09:00:00,582,Pudukkottai,1.5,-12.9396
2025-11-25 10:00:00,582,Pudukkottai,1.5,-13.303999999999998
2025-11-25 11:00:00,582,Pudukkottai,1.0,-13.303999999999998
2025-11-25 12:00:00,582,Pudukkottai,1.5,-13.303999999999998
2025-11-25 13:00:00,582,Pudukkottai,1.5,-13.303999999999998
2025-11-25 14:00:00,582,Pudukkottai,1.0,-13.303999999999998
2025-11-25 15:00:00,582,Pudukkottai,1.0,-13.303999999999998
2025-11-25 16:00:00,582,Pudukkottai,1.5,-13.0846
2025-11-25 17:00:00,582,Pudukkottai,1.0,-13.0846
2025-11-25 18:00:00,582,Pudukkottai,1.0,-13.0846
2025-11-25 19:00:00,582,Pudukkottai,1.0,-13.0846
2025-11-25 20:00:00,582,Pudukkottai,1.0,-13.0846
2025-11-25 21:00:00,582,Pudukkottai,1.0,-13.0846
2025-11-30 00:00:00,582,Pudukkottai,1.0,-10.583
2025-11-30 02:00:00,582,Pudukkottai,0.5,-10.583
2025-11-30 03:00:00,582,Pudukkottai,0.5,-10.583
2025-11-30 04:00:00,582,Pudukkottai,0.5,-13.81
2025-11-30 05:00:00,582,Pudukkottai,0.5,-13.81
2025-11-30 07:00:00,582,Pudukkottai,0.75,-13.81
2025-11-30 17:00:00,582,Pudukkottai,0.5,-13.84
2025-11-30 19:00:00,582,Pudukkottai,0.5,-13.84
2025-12-01 03:00:00,582,Pudukkottai,0.5,-11.65
2025-12-01 07:00:00,582,Pudukkottai,0.5,-11.5586
2025-12-01 09:00:00,582,Pudukkottai,0.5,-11.5586
2025-12-01 11:00:00,582,Pudukkottai,0.5,-12.2634
2025-12-01 14:00:00,582,Pudukkottai,5.5,-12.2634
2025-12-01 15:00:00,582,Pudukkottai,107.75,-12.2634
2025-12-01 19:00:00,582,Pudukkottai,1.0,-11.767
2025-12-01 20:00:00,582,Pudukkottai,0.5,-11.767
2025-12-01 21:00:00,582,Pudukkottai,0.5,-11.767
2025-12-01 22:00:00,582,Pudukkottai,0.5,-11.5722
2025-12-01 23:00:00,582,Pudukkottai,0.5,-11.5722
2025-12-02 00:00:00,582,Pudukkottai,0.5,-11.5722
2025-12-02 01:00:00,582,Pudukkottai,1.0,-11.5722
2025-12-02 02:00:00,582,Pudukkottai,0.75,-11.5722
2025-12-02 03:00:00,582,Pudukkottai,1.0,-11.5722
2025-12-02 04:00:00,582,Pudukkottai,1.0,-10.8925
2025-12-02 05:00:00,582,Pudukkottai,1.0,-10.8925
2025-12-02 06:00:00,582,Pudukkottai,1.0,-10.8925
2025-12-02 07:00:00,582,Pudukkottai,1.0,-10.8925
2025-12-02 08:00:00,582,Pudukkottai,0.5,-10.8925
2025-12-02 14:00:00,582,Pudukkottai,0.5,-11.61825
2025-12-02 19:00:00,582,Pudukkottai,48.0,-11.3585
2025-12-02 20:00:00,582,Pudukkottai,22.0,-11.3585
2025-12-02 21:00:00,582,Pudukkottai,21.0,-11.3585
2025-12-02 22:00:00,582,Pudukkottai,5.5,-11.592
2025-12-02 23:00:00,582,Pudukkottai,18.166666666666668,-11.592
2025-12-03 00:00:00,582,Pudukkottai,15.5,-11.592
2025-12-03 01:00:00,582,Pudukkottai,2.0,-11.592
2025-12-03 02:00:00,582,Pudukkottai,2.25,-11.592
2025-12-03 03:00:00,582,Pudukkottai,0.5,-11.592
2025-12-03 06:00:00,582,Pudukkottai,0.5,-11.7
2025-12-03 07:00:00,582,Pudukkottai,0.5,-11.7
2025-12-03 09:00:00,582,Pudukkottai,0.75,-11.7
2025-12-03 13:00:00,582,Pudukkottai,0.5,-12.068
2025-12-03 14:00:00,582,Pudukkottai,12.5,-12.068
2025-12-03 15:00:00,582,Pudukkottai,0.5,-12.068
2025-12-03 16:00:00,582,Pudukkottai,1.0,-11.7032
2025-12-03 17:00:00,582,Pudukkottai,0.5,-11.7032
2025-12-03 22:00:00,582,Pudukkottai,0.5,-11.587
2025-12-04 05:00:00,582,Pudukkottai,0.5,-11.9424
2025-12-04 13:00:00,582,Pudukkottai,0.5,-13.1782
2025-12-04 18:00:00,582,Pudukkottai,1.0,-12.3644
2025-12-04 21:00:00,582,Pudukkottai,0.5,-12.3644
2025-12-05 06:00:00,582,Pudukkottai,0.5,-12.6342
2025-12-05 15:00:00,582,Pudukkottai,11.5,-14.1958
2025-12-05 16:00:00,582,Pudukkottai,0.75,-13.0982
2025-12-05 17:00:00,582,Pudukkottai,0.5,-13.0982
2025-12-05 20:00:00,582,Pudukkottai,4.0,-13.0982
2025-12-05 21:00:00,582,Pudukkottai,3.0,-13.0982
2025-12-05 23:00:00,582,Pudukkottai,0.5,-12.6862
2025-12-06 00:00:00,582,Pudukkottai,2.0,-12.6862
2025-12-06 01:00:00,582,Pudukkottai,0.75,-12.6862
2025-12-06 02:00:00,582,Pudukkottai,1.0,-12.6862
2025-12-06 03:00:00,582,Pudukkottai,1.0,-12.6862
2025-12-06 04:00:00,582,Pudukkottai,0.75,-13.0326
2025-12-06 05:00:00,582,Pudukkottai,1.0,-13.0326
2025-12-06 06:00:00,582,Pudukkottai,2.5,-13.0326
2025-12-06 07:00:00,582,Pudukkottai,1.0,-13.0326
2025-12-06 08:00:00,582,Pudukkottai,1.5,-13.0326
2025-12-06 09:00:00,582,Pudukkottai,0.5,-13.0326
2025-12-06 12:00:00,582,Pudukkottai,0.5,-14.5378
2025-12-06 16:00:00,582,Pudukkottai,1.0,-13.3564
2025-12-06 18:00:00,582,Pudukkottai,0.5,-13.3564
2025-12-06 19:00:00,582,Pudukkottai,1.0,-13.3564
2025-12-06 22:00:00,582,Pudukkottai,0.5,-12.9926
2025-12-06 23:00:00,582,Pudukkottai,0.5,-12.9926
2025-12-07 00:00:00,582,Pudukkottai,0.5,-12.9926
2025-12-07 01:00:00,582,Pudukkottai,29.0,-12.9926
2025-12-07 02:00:00,582,Pudukkottai,1.0,-12.9926
2025-12-07 03:00:00,582,Pudukkottai,1.25,-12.9926
2025-12-07 04:00:00,582,Pudukkottai,1.0,-12.9926
2025-12-07 05:00:00,582,Pudukkottai,0.75,-12.9926
2025-12-07 06:00:00,582,Pudukkottai,0.5,-12.9926
2025-12-07 07:00:00,582,Pudukkottai,2.0,-12.9926
2025-12-07 08:00:00,582,Pudukkottai,3.5,-12.9926
2025-12-07 09:00:00,582,Pudukkottai,2.0,-12.9926
2025-12-07 10:00:00,582,Pudukkottai,0.5,-12.9926
2025-12-07 11:00:00,582,Pudukkottai,1.0,-12.9926
2025-12-08 00:00:00,582,Pudukkottai,1.0,-13.1574
2025-12-08 01:00:00,582,Pudukkottai,1.0,-13.1574
2025-12-08 02:00:00,582,Pudukkottai,1.0,-13.1574
2025-12-08 03:00:00,582,Pudukkottai,1.0,-13.1574
2025-12-08 04:00:00,582,Pudukkottai,1.0,-13.1574
2025-12-08 05:00:00,582,Pudukkottai,1.0,-13.1574
2025-12-08 06:00:00,582,Pudukkottai,1.0,-13.1574
2025-12-08 07:00:00,582,Pudukkottai,3.5,-13.1574
2025-12-08 08:00:00,582,Pudukkottai,0.5,-13.1574
2025-12-08 11:00:00,582,Pudukkottai,0.5,-13.1574
2025-12-08 16:00:00,582,Pudukkottai,1.5,-13.0972
2025-12-09 04:00:00,582,Pudukkottai,74.5,-10.693
2025-12-09 05:00:00,582,Pudukkottai,2.0,-10.693
2025-12-09 06:00:00,582,Pudukkottai,3.0,-10.693
2025-12-09 07:00:00,582,Pudukkottai,1.5,-10.693
2025-12-09 08:00:00,582,Pudukkottai,0.5,-10.693
2025-12-10 07:00:00,582,Pudukkottai,2.5,-13.2198
2025-12-16 10:00:00,582,Pudukkottai,2.0,-14.0684
2025-12-16 17:00:00,582,Pudukkottai,0.5,-13.2864
2025-12-16 18:00:00,582,Pudukkottai,0.5,-13.2864
2025-12-16 23:00:00,582,Pudukkottai,0.5,-12.7436
2025-12-17 03:00:00,582,Pudukkottai,0.5,-12.7436
2025-12-17 04:00:00,582,Pudukkottai,1.3333333333333333,-12.7876
2025-12-17 05:00:00,582,Pudukkottai,1.0,-12.7876
2025-12-17 06:00:00,582,Pudukkottai,0.5,-12.7876
2025-12-17 12:00:00,582,Pudukkottai,0.5,-13.9434
2025-12-20 15:00:00,582,Pudukkottai,2.5,-15.1572
2025-12-31 23:00:00,582,Pudukkottai,0.5,-7.413
2026-01-01 00:00:00,582,Pudukkottai,1.0,-7.413
2026-01-02 16:00:00,582,Pudukkottai,1.0,-7.891058823529412
2026-01-02 20:00:00,582,Pudukkottai,0.5,-7.891058823529412
2026-01-10 01:00:00,582,Pudukkottai,1.0,-7.70425
2026-01-10 02:00:00,582,Pudukkottai,2.5,-7.70425
2026-01-10 03:00:00,582,Pudukkottai,1.0,-7.70425
2026-01-10 04:00:00,582,Pudukkottai,2.5,-7.70425
2026-01-10 05:00:00,582,Pudukkottai,1.1666666666666667,-7.70425
2026-01-10 06:00:00,582,Pudukkottai,1.0,-7.70425
2026-01-10 07:00:00,582,Pudukkottai,1.5,-7.70425
2026-01-10 08:00:00,582,Pudukkottai,1.75,-7.70425
2026-01-10 09:00:00,582,Pudukkottai,1.5,-7.70425
2026-01-10 12:00:00,582,Pudukkottai,1.5,-7.70425
2026-01-10 13:00:00,582,Pudukkottai,0.5,-7.70425
2026-01-10 14:00:00,582,Pudukkottai,0.5,-7.70425
2026-01-10 15:00:00,582,Pudukkottai,0.5,-7.70425
2026-01-10 16:00:00,582,Pudukkottai,0.5,-7.70425
2026-01-11 00:00:00,582,Pudukkottai,4.25,-7.70425
2026-01-11 01:00:00,582,Pudukkottai,4.5,-7.70425
2026-01-11 02:00:00,582,Pudukkottai,1.5,-7.70425
2026-01-11 03:00:00,582,Pudukkottai,2.75,-7.70425
2026-01-11 04:00:00,582,Pudukkottai,1.75,-7.802125
2026-01-11 05:00:00,582,Pudukkottai,1.25,-7.802125
2026-01-11 06:00:00,582,Pudukkottai,0.5,-7.802125
2026-01-11 07:00:00,582,Pudukkottai,0.5,-7.802125
2026-01-11 08:00:00,582,Pudukkottai,0.5,-7.802125
2026-01-11 09:00:00,582,Pudukkottai,0.5,-7.802125
2026-01-11 11:00:00,582,Pudukkottai,2.0,-8.2285
2026-01-12 08:00:00,582,Pudukkottai,0.5,-8.106294117647058
2026-01-12 09:00:00,582,Pudukkottai,0.5,-8.106294117647058
2026-01-12 17:00:00,582,Pudukkottai,1.0,-8.4303125
2026-01-12 18:00:00,582,Pudukkottai,2.333333333333333,-8.4303125
2026-01-12 19:00:00,582,Pudukkottai,0.5,-8.4303125
2026-01-12 20:00:00,582,Pudukkottai,1.0,-8.4303125
2026-01-13 00:00:00,582,Pudukkottai,0.5,-7.969470588235294
2026-01-13 04:00:00,582,Pudukkottai,3.0,-7.738470588235295
2026-01-13 06:00:00,582,Pudukkottai,0.5,-7.738470588235295
2026-01-13 07:00:00,582,Pudukkottai,3.1666666666666665,-7.738470588235295
2026-01-13 08:00:00,582,Pudukkottai,2.75,-7.738470588235295
2026-01-13 09:00:00,582,Pudukkottai,6.833333333333333,-7.738470588235295
2026-01-13 10:00:00,582,Pudukkottai,0.5,-7.950235294117647
2026-01-13 11:00:00,582,Pudukkottai,2.0,-7.950235294117647
2026-01-13 12:00:00,582,Pudukkottai,6.166666666666667,-7.950235294117647
2026-01-13 13:00:00,582,Pudukkottai,3.25,-7.950235294117647
2026-01-13 15:00:00,582,Pudukkottai,0.5,-7.950235294117647
2026-01-13 16:00:00,582,Pudukkottai,2.5,-7.784176470588235
2026-01-13 18:00:00,582,Pudukkottai,0.5,-7.784176470588235
2026-01-14 05:00:00,582,Pudukkottai,0.5,-5.9191666666666665
2026-01-14 08:00:00,582,Pudukkottai,46.0,-5.9191666666666665
2026-01-15 00:00:00,582,Pudukkottai,4.75,-7.484105263157895
2026-01-15 01:00:00,582,Pudukkottai,0.5,-7.484105263157895
2026-01-15 02:00:00,582,Pudukkottai,0.5,-7.484105263157895
2026-01-15 03:00:00,582,Pudukkottai,0.5,-7.484105263157895
2026-01-15 04:00:00,582,Pudukkottai,0.5,-7.422631578947368
2026-01-15 05:00:00,582,Pudukkottai,0.5,-7.422631578947368
2026-01-15 06:00:00,582,Pudukkottai,0.5,-7.422631578947368
2026-01-15 07:00:00,582,Pudukkottai,0.5,-7.422631578947368
2026-01-15 08:00:00,582,Pudukkottai,0.5,-7.422631578947368
2026-01-15 09:00:00,582,Pudukkottai,0.5,-7.422631578947368
2026-01-16 00:00:00,582,Pudukkottai,7.5,-7.678222222222222
2026-01-16 01:00:00,582,Pudukkottai,5.5,-7.678222222222222
2026-01-16 02:00:00,582,Pudukkottai,6.5,-7.678222222222222
2026-01-16 03:00:00,582,Pudukkottai,0.5,-7.678222222222222
2026-01-16 04:00:00,582,Pudukkottai,52.5,-5.985499999999999
2026-01-16 05:00:00,582,Pudukkottai,0.5,-5.985499999999999
2026-01-16 06:00:00,582,Pudukkottai,0.5,-5.985499999999999
2026-01-16 07:00:00,582,Pudukkottai,1.0,-5.985499999999999
2026-01-16 08:00:00,582,Pudukkottai,0.5,-5.985499999999999
2026-01-16 09:00:00,582,Pudukkottai,0.5,-5.985499999999999
2026-01-16 10:00:00,582,Pudukkottai,0.5,-6.023499999999999
2026-01-16 11:00:00,582,Pudukkottai,135.5,-6.023499999999999
2026-01-16 12:00:00,582,Pudukkottai,4.5,-6.023499999999999
2026-01-16 13:00:00,582,Pudukkottai,117.0,-6.023499999999999
2026-01-16 14:00:00,582,Pudukkottai,0.5,-6.023499999999999
2026-01-16 15:00:00,582,Pudukkottai,46.0,-6.023499999999999
2026-01-16 16:00:00,582,Pudukkottai,1.0,-6.023499999999999
2026-01-16 17:00:00,582,Pudukkottai,130.5,-6.023499999999999
2026-01-17 00:00:00,582,Pudukkottai,11.5,-7.536526315789473
2026-01-17 01:00:00,582,Pudukkottai,1.5,-7.536526315789473
2026-01-17 02:00:00,582,Pudukkottai,2.0,-7.536526315789473
2026-01-17 03:00:00,582,Pudukkottai,5.0,-7.536526315789473
2026-01-17 04:00:00,582,Pudukkottai,3.5,-7.5274210526315795
2026-01-17 05:00:00,582,Pudukkottai,31.0,-7.5274210526315795
2026-01-17 06:00:00,582,Pudukkottai,693.0,-7.5274210526315795
2026-01-17 07:00:00,582,Pudukkottai,588.5,-7.5274210526315795
2026-01-17 08:00:00,582,Pudukkottai,1.5,-7.5274210526315795
2026-01-17 09:00:00,582,Pudukkottai,11.0,-7.5274210526315795
2026-01-17 10:00:00,582,Pudukkottai,0.5,-7.789684210526315
2026-01-17 16:00:00,582,Pudukkottai,0.5,-8.761307692307692
2026-01-18 00:00:00,582,Pudukkottai,3.5,-8.106937499999999
2026-01-18 01:00:00,582,Pudukkottai,3.5,-8.106937499999999
2026-01-18 02:00:00,582,Pudukkottai,3.5,-8.106937499999999
2026-01-18 03:00:00,582,Pudukkottai,3.0,-8.106937499999999
2026-01-18 04:00:00,582,Pudukkottai,3.0,-7.641833333333333
2026-01-18 05:00:00,582,Pudukkottai,658.0,-7.641833333333333
2026-01-18 06:00:00,582,Pudukkottai,684.5,-7.641833333333333
2026-01-18 07:00:00,582,Pudukkottai,546.5,-7.641833333333333
2026-01-18 08:00:00,582,Pudukkottai,0.5,-7.641833333333333
2026-01-18 09:00:00,582,Pudukkottai,1.5,-7.641833333333333
2026-01-18 19:00:00,582,Pudukkottai,5.5,-9.69
2026-01-19 01:00:00,582,Pudukkottai,0.5,-8.51825
2026-01-19 02:00:00,582,Pudukkottai,1.0,-8.51825
2026-01-19 03:00:00,582,Pudukkottai,0.5,-8.51825
2026-01-19 04:00:00,582,Pudukkottai,0.5,-10.729666666666668
2026-01-19 05:00:00,582,Pudukkottai,1.0,-10.729666666666668
2026-01-19 08:00:00,582,Pudukkottai,0.5,-10.729666666666668
2026-01-19 14:00:00,582,Pudukkottai,0.5,-13.426666666666668
2026-01-19 15:00:00,582,Pudukkottai,0.5,-13.426666666666668
2026-01-19 20:00:00,582,Pudukkottai,0.5,-10.1526
2026-01-20 07:00:00,582,Pudukkottai,0.5,-6.98125
2026-01-20 08:00:00,582,Pudukkottai,1.0,-6.98125
2026-01-20 09:00:00,582,Pudukkottai,9.5,-6.98125
2026-01-20 16:00:00,582,Pudukkottai,0.5,-7.149
2026-01-20 17:00:00,582,Pudukkottai,0.5,-7.149
2026-01-21 08:00:00,582,Pudukkottai,1.0,-6.736
2026-01-21 09:00:00,582,Pudukkottai,0.5,-6.736
2026-01-21 12:00:00,582,Pudukkottai,0.5,-6.815
2026-01-21 14:00:00,582,Pudukkottai,0.5,-6.815
2026-01-21 15:00:00,582,Pudukkottai,1.0,-6.815
2026-01-21 16:00:00,582,Pudukkottai,0.5,-6.815
2026-01-23 09:00:00,582,Pudukkottai,0.5,-8.015833333333333
2026-01-23 14:00:00,582,Pudukkottai,0.5,-8.467055555555556
2026-01-23 15:00:00,582,Pudukkottai,1.0,-8.467055555555556
2026-01-23 16:00:00,582,Pudukkottai,0.5,-8.685588235294118
2026-01-24 10:00:00,582,Pudukkottai,0.5,-8.749411764705883
2026-01-24 11:00:00,582,Pudukkottai,0.75,-8.749411764705883
2026-01-24 13:00:00,582,Pudukkottai,0.5,-8.749411764705883
2026-01-24 14:00:00,582,Pudukkottai,0.5,-8.749411764705883
2026-01-24 16:00:00,582,Pudukkottai,0.5,-8.600235294117647
2026-01-25 09:00:00,582,Pudukkottai,0.75,-7.523000000000001
2026-01-25 16:00:00,582,Pudukkottai,0.5,-9.5302
2026-01-25 17:00:00,582,Pudukkottai,0.5,-9.5302
2026-01-25 18:00:00,582,Pudukkottai,0.5,-9.5302
2026-01-26 03:00:00,582,Pudukkottai,0.5,-8.360470588235295
2026-01-26 04:00:00,582,Pudukkottai,0.75,-8.25529411764706
2026-01-26 05:00:00,582,Pudukkottai,2.6666666666666665,-8.25529411764706
2026-01-26 06:00:00,582,Pudukkottai,1.6666666666666667,-8.25529411764706
2026-01-26 07:00:00,582,Pudukkottai,0.75,-8.25529411764706
2026-01-26 08:00:00,582,Pudukkottai,2.5,-8.25529411764706
2026-01-26 09:00:00,582,Pudukkottai,1.0,-8.25529411764706
2026-01-26 13:00:00,582,Pudukkottai,6.0,-8.622176470588235
2026-01-26 14:00:00,582,Pudukkottai,1.5,-8.622176470588235
2026-01-26 15:00:00,582,Pudukkottai,1.5,-8.622176470588235
2026-01-26 16:00:00,582,Pudukkottai,0.75,-8.469764705882353
2026-01-26 17:00:00,582,Pudukkottai,5.5,-8.469764705882353
2026-01-26 18:00:00,582,Pudukkottai,19.5,-8.469764705882353
2026-01-27 00:00:00,582,Pudukkottai,14.5,-8.295235294117647
2026-01-27 01:00:00,582,Pudukkottai,58.0,-8.295235294117647
2026-01-27 10:00:00,582,Pudukkottai,0.5,-8.729588235294116
2026-01-27 16:00:00,582,Pudukkottai,0.5,-8.429941176470589
2026-01-28 19:00:00,582,Pudukkottai,0.5,-7.097615384615385
2026-01-30 14:00:00,582,Pudukkottai,0.5,-8.373555555555555
2026-01-31 23:00:00,582,Pudukkottai,0.5,-8.5495
2026-02-01 14:00:00,582,Pudukkottai,0.5,-8.463055555555556
2026-02-02 04:00:00,582,Pudukkottai,0.5,-8.644882352941176
2026-02-20 16:00:00,582,Pudukkottai,0.5,-8.438666666666666
2026-03-18 04:00:00,582,Pudukkottai,12.5,-9.90285
2026-03-18 05:00:00,582,Pudukkottai,2.0,-9.90285
2026-03-18 06:00:00,582,Pudukkottai,1.0,-9.90285
2026-03-19 03:00:00,582,Pudukkottai,0.5,-9.588380952380952
2026-03-19 22:30:00,582,Pudukkottai,30.0,-9.380666666666666
2026-03-19 23:00:00,582,Pudukkottai,15.25,-9.380666666666666
2026-03-20 00:00:00,582,Pudukkottai,17.5,-9.380666666666666
2026-03-20 01:00:00,582,Pudukkottai,0.5,-9.380666666666666
2026-03-20 10:00:00,582,Pudukkottai,1.0,-8.147181818181819
2026-03-20 11:00:00,582,Pudukkottai,9.5,-8.147181818181819
2026-03-20 14:30:00,582,Pudukkottai,0.5,-8.147181818181819
2026-03-20 15:00:00,582,Pudukkottai,0.5,-8.147181818181819
2021-09-28 17:00:00,583,Ramanathapuram,11.5,-12.0025
2021-09-28 18:00:00,583,Ramanathapuram,0.5,-12.0025
2021-09-30 23:00:00,583,Ramanathapuram,12.833333333333334,-11.9665
2021-10-01 00:00:00,583,Ramanathapuram,18.0,-11.9665
2021-10-01 01:00:00,583,Ramanathapuram,4.25,-11.9665
2021-10-01 02:00:00,583,Ramanathapuram,16.5,-11.9665
2021-10-01 03:00:00,583,Ramanathapuram,1.0,-11.9665
2021-10-01 04:00:00,583,Ramanathapuram,1.5,-11.941
2021-10-01 05:00:00,583,Ramanathapuram,4.0,-11.941
2021-10-01 08:00:00,583,Ramanathapuram,3.5,-11.941
2021-10-01 22:00:00,583,Ramanathapuram,6.0,-11.938
2021-10-01 23:00:00,583,Ramanathapuram,18.5,-11.938
2021-10-02 00:00:00,583,Ramanathapuram,4.75,-11.938
2021-10-02 02:00:00,583,Ramanathapuram,2.0,-11.938
2021-10-02 03:00:00,583,Ramanathapuram,1.0,-11.938
2021-10-03 01:00:00,583,Ramanathapuram,7.0,-11.919
2021-10-03 02:00:00,583,Ramanathapuram,6.75,-11.919
2021-10-03 03:00:00,583,Ramanathapuram,7.0,-11.919
2021-11-06 18:00:00,583,Ramanathapuram,1.0,-11.1465
2021-12-30 08:00:00,583,Ramanathapuram,0.5,-10.6345
2021-12-30 09:00:00,583,Ramanathapuram,0.5,-10.6345
2021-12-30 18:00:00,583,Ramanathapuram,2.5,-10.6755
2021-12-30 19:00:00,583,Ramanathapuram,2.0,-10.6755
2021-12-30 20:00:00,583,Ramanathapuram,2.5,-10.6755
2021-12-30 22:00:00,583,Ramanathapuram,0.5,-10.6585
2021-12-30 23:00:00,583,Ramanathapuram,3.0,-10.6585
2021-12-31 00:00:00,583,Ramanathapuram,3.0,-10.6585
2021-12-31 03:00:00,583,Ramanathapuram,0.5,-10.6585
2021-12-31 04:00:00,583,Ramanathapuram,1.0,-10.6425
2021-12-31 06:00:00,583,Ramanathapuram,0.5,-10.6425
2021-12-31 07:00:00,583,Ramanathapuram,1.0,-10.6425
2021-12-31 12:00:00,583,Ramanathapuram,1.0,-10.6455
2021-12-31 13:00:00,583,Ramanathapuram,4.5,-10.6455
2021-12-31 14:00:00,583,Ramanathapuram,7.5,-10.6455
2021-12-31 15:00:00,583,Ramanathapuram,1.0,-10.6455
2022-01-01 03:00:00,583,Ramanathapuram,4.0,-10.6535
2022-01-01 04:00:00,583,Ramanathapuram,0.5,-10.636
2022-01-01 14:00:00,583,Ramanathapuram,1.25,-10.646999999999998
2022-01-01 15:00:00,583,Ramanathapuram,3.0,-10.646999999999998
2022-01-02 05:00:00,583,Ramanathapuram,1.0,-10.622
2022-01-02 12:00:00,583,Ramanathapuram,15.5,-10.6325
2022-01-02 13:00:00,583,Ramanathapuram,5.0,-10.6325
2022-01-02 14:00:00,583,Ramanathapuram,5.0,-10.6325
2022-01-02 15:00:00,583,Ramanathapuram,5.0,-10.6325
2022-01-02 16:00:00,583,Ramanathapuram,1.6666666666666667,-10.661
2022-01-07 15:00:00,583,Ramanathapuram,3.5,-10.8625
2022-01-07 16:00:00,583,Ramanathapuram,2.5,-10.85
2022-01-07 18:00:00,583,Ramanathapuram,0.5,-10.85
2022-01-07 21:00:00,583,Ramanathapuram,0.5,-10.85
2022-01-14 07:00:00,583,Ramanathapuram,5.0,-10.9
2022-01-14 08:00:00,583,Ramanathapuram,0.5,-10.9
2022-02-12 03:00:00,583,Ramanathapuram,0.5,-12.177
2022-02-12 07:00:00,583,Ramanathapuram,1.0,-12.177
2022-02-12 08:00:00,583,Ramanathapuram,4.0,-12.177
2022-02-12 09:00:00,583,Ramanathapuram,0.75,-12.177
2022-02-12 10:00:00,583,Ramanathapuram,9.0,-12.1825
2022-02-12 11:00:00,583,Ramanathapuram,2.5,-12.1825
2022-02-12 12:00:00,583,Ramanathapuram,1.1666666666666667,-12.1825
2022-02-12 13:00:00,583,Ramanathapuram,0.75,-12.1825
2022-02-12 14:00:00,583,Ramanathapuram,0.5,-12.1825
2022-02-12 15:00:00,583,Ramanathapuram,0.75,-12.1825
2022-02-12 18:00:00,583,Ramanathapuram,1.0,-12.1695
2022-02-12 21:00:00,583,Ramanathapuram,0.5,-12.1695
2022-02-13 13:00:00,583,Ramanathapuram,1.0,-12.163
2022-02-20 12:00:00,583,Ramanathapuram,0.5,-12.2025
2022-02-21 00:00:00,583,Ramanathapuram,0.5,-12.203
2022-02-21 16:00:00,583,Ramanathapuram,0.5,-12.201
2022-02-22 11:00:00,583,Ramanathapuram,0.5,-12.2355
2022-02-23 06:00:00,583,Ramanathapuram,0.5,-12.242
2022-02-23 19:00:00,583,Ramanathapuram,1.5,-12.252
2022-02-24 01:00:00,583,Ramanathapuram,7.0,-12.2525
2022-02-24 02:00:00,583,Ramanathapuram,3.0,-12.2525
2022-02-24 03:00:00,583,Ramanathapuram,0.5,-12.2525
2022-02-24 05:00:00,583,Ramanathapuram,0.5,-12.253
2022-02-24 06:00:00,583,Ramanathapuram,0.5,-12.253
2022-02-26 18:00:00,583,Ramanathapuram,0.5,-12.213
2022-02-27 03:00:00,583,Ramanathapuram,5.5,-12.2285
2022-02-27 04:00:00,583,Ramanathapuram,2.5,-12.2175
2022-02-27 05:00:00,583,Ramanathapuram,1.0,-12.2175
2022-02-27 06:00:00,583,Ramanathapuram,1.5,-12.2175
2022-02-27 23:00:00,583,Ramanathapuram,0.5,-12.2315
2022-03-01 06:00:00,583,Ramanathapuram,0.5,-12.1805
2022-03-01 22:00:00,583,Ramanathapuram,0.5,-12.174
2022-03-03 11:40:00,583,Ramanathapuram,2.0,-12.1265
2022-03-03 11:45:00,583,Ramanathapuram,2.0,-12.1265
2022-03-03 16:00:00,583,Ramanathapuram,1.0,-12.1005
2022-03-08 03:00:00,583,Ramanathapuram,1.5,-12.0205
2022-03-27 15:00:00,583,Ramanathapuram,0.5,-13.4195
2022-04-04 06:00:00,583,Ramanathapuram,4.5,-13.613
2022-04-04 07:00:00,583,Ramanathapuram,4.0,-13.613
2022-04-04 08:00:00,583,Ramanathapuram,6.0,-13.613
2022-04-04 09:00:00,583,Ramanathapuram,0.5,-13.613
2022-04-08 02:00:00,583,Ramanathapuram,5.5,-13.4615
2022-04-08 03:00:00,583,Ramanathapuram,4.5,-13.4615
2022-04-08 04:00:00,583,Ramanathapuram,20.5,-13.462
2022-04-08 05:00:00,583,Ramanathapuram,7.75,-13.462
2022-04-08 06:00:00,583,Ramanathapuram,0.5,-13.462
2022-04-08 07:00:00,583,Ramanathapuram,5.5,-13.462
2022-04-08 11:00:00,583,Ramanathapuram,0.5,-13.4685
2022-04-08 13:00:00,583,Ramanathapuram,3.5,-13.4685
2022-04-08 14:00:00,583,Ramanathapuram,0.5,-13.4685
2022-04-08 17:00:00,583,Ramanathapuram,2.0,-13.491
2022-04-08 18:00:00,583,Ramanathapuram,18.0,-13.491
2022-04-10 00:00:00,583,Ramanathapuram,1.5,-13.4125
2022-04-10 01:00:00,583,Ramanathapuram,1.0,-13.4125
2022-04-10 02:00:00,583,Ramanathapuram,0.5,-13.4125
2022-04-10 03:00:00,583,Ramanathapuram,0.5,-13.4125
2022-04-10 04:00:00,583,Ramanathapuram,0.5,-13.390999999999998
2022-04-11 15:00:00,583,Ramanathapuram,5.0,-13.334
2022-04-11 16:00:00,583,Ramanathapuram,39.0,-13.347
2022-04-11 17:00:00,583,Ramanathapuram,2.0,-13.347
2022-04-11 18:00:00,583,Ramanathapuram,2.0,-13.347
2022-04-11 19:00:00,583,Ramanathapuram,2.25,-13.347
2022-04-11 20:00:00,583,Ramanathapuram,1.25,-13.347
2022-04-11 21:00:00,583,Ramanathapuram,9.5,-13.347
2022-04-11 22:00:00,583,Ramanathapuram,2.25,-13.3155
2022-04-11 23:00:00,583,Ramanathapuram,0.75,-13.3155
2022-04-12 00:00:00,583,Ramanathapuram,1.0,-13.3155
2022-04-12 01:00:00,583,Ramanathapuram,0.625,-13.3155
2022-04-12 02:00:00,583,Ramanathapuram,0.75,-13.3155
2022-04-12 03:00:00,583,Ramanathapuram,0.5,-13.3155
2022-04-12 04:00:00,583,Ramanathapuram,0.5,-13.278
2022-04-12 07:00:00,583,Ramanathapuram,0.5,-13.278
2022-04-12 09:00:00,583,Ramanathapuram,0.5,-13.278
2022-04-12 13:00:00,583,Ramanathapuram,0.5,-13.2775
2022-04-12 16:00:00,583,Ramanathapuram,0.5,-13.2795
2022-04-12 22:00:00,583,Ramanathapuram,0.5,-13.2485
2022-04-13 00:00:00,583,Ramanathapuram,7.5,-13.2485
2022-04-13 06:00:00,583,Ramanathapuram,0.5,-13.2255
2022-04-13 13:00:00,583,Ramanathapuram,0.5,-13.224
2022-04-13 18:00:00,583,Ramanathapuram,0.5,-13.2075
2022-04-13 21:00:00,583,Ramanathapuram,1.0,-13.2075
2022-04-13 22:00:00,583,Ramanathapuram,1.0,-13.202
2022-04-14 02:00:00,583,Ramanathapuram,0.5,-13.202
2022-04-14 10:00:00,583,Ramanathapuram,0.5,-13.184
2022-04-14 16:00:00,583,Ramanathapuram,0.5,-13.156
2022-04-14 22:00:00,583,Ramanathapuram,0.5,-13.1605
2022-04-15 05:00:00,583,Ramanathapuram,0.5,-13.1375
2022-04-15 13:00:00,583,Ramanathapuram,0.5,-13.1465
2022-04-15 22:00:00,583,Ramanathapuram,0.5,-13.119
2022-04-16 08:00:00,583,Ramanathapuram,0.5,-13.092
2022-04-17 01:00:00,583,Ramanathapuram,0.5,-13.0795
2022-04-17 15:00:00,583,Ramanathapuram,1.5,-13.068499999999998
2022-04-17 16:00:00,583,Ramanathapuram,0.5,-13.113
2022-04-17 17:00:00,583,Ramanathapuram,8.5,-13.113
2022-04-17 18:00:00,583,Ramanathapuram,27.25,-13.113
2022-04-17 19:00:00,583,Ramanathapuram,4.0,-13.113
2022-04-17 21:00:00,583,Ramanathapuram,0.5,-13.113
2022-04-18 01:00:00,583,Ramanathapuram,0.5,-13.0515
2022-04-19 04:00:00,583,Ramanathapuram,0.5,-12.9955
2022-04-22 02:00:00,583,Ramanathapuram,0.5,-12.922999999999998
2022-04-23 02:00:00,583,Ramanathapuram,3.0,-12.8965
2022-04-23 03:00:00,583,Ramanathapuram,1.0,-12.8965
2022-04-23 04:00:00,583,Ramanathapuram,8.5,-12.896
2022-04-23 06:00:00,583,Ramanathapuram,1.0,-12.896
2022-04-23 08:00:00,583,Ramanathapuram,2.5,-12.896
2022-04-23 09:00:00,583,Ramanathapuram,2.75,-12.896
2022-04-23 10:00:00,583,Ramanathapuram,0.8333333333333334,-12.885
2022-04-23 11:00:00,583,Ramanathapuram,0.5,-12.885
2022-06-06 10:00:00,583,Ramanathapuram,0.5,-15.5965
2022-06-06 23:00:00,583,Ramanathapuram,6.0,-15.648
2022-06-07 00:00:00,583,Ramanathapuram,14.5,-15.648
2022-06-07 01:00:00,583,Ramanathapuram,5.5,-15.648
2022-06-07 02:00:00,583,Ramanathapuram,1.5,-15.648
2022-06-07 03:00:00,583,Ramanathapuram,2.0,-15.648
2022-06-07 04:00:00,583,Ramanathapuram,0.5,-15.6575
2022-06-15 19:00:00,583,Ramanathapuram,1.0,-15.7125
2022-06-15 20:00:00,583,Ramanathapuram,0.5,-15.7125
2022-06-15 21:00:00,583,Ramanathapuram,13.0,-15.7125
2022-06-17 15:00:00,583,Ramanathapuram,3.5,-15.7265
2022-06-17 16:00:00,583,Ramanathapuram,1.0,-15.512
2022-06-17 18:00:00,583,Ramanathapuram,28.5,-15.512
2022-06-17 19:00:00,583,Ramanathapuram,0.5,-15.512
2022-06-18 14:00:00,583,Ramanathapuram,6.5,-15.496
2022-06-19 15:00:00,583,Ramanathapuram,0.5,-15.499
2022-06-19 16:00:00,583,Ramanathapuram,2.5,-15.4755
2022-06-19 17:00:00,583,Ramanathapuram,2.0,-15.4755
2022-07-02 22:00:00,583,Ramanathapuram,1.5,-16.025
2022-07-03 02:00:00,583,Ramanathapuram,1.5,-16.025
2022-07-03 03:00:00,583,Ramanathapuram,0.5,-16.025
2022-07-03 17:00:00,583,Ramanathapuram,5.25,-15.984
2022-07-03 19:00:00,583,Ramanathapuram,0.5,-15.984
2022-07-03 20:00:00,583,Ramanathapuram,2.0,-15.984
2022-07-03 21:00:00,583,Ramanathapuram,0.5,-15.984
2022-07-26 21:00:00,583,Ramanathapuram,5.25,-14.56
2022-07-26 22:00:00,583,Ramanathapuram,19.5,-14.519
2022-07-26 23:00:00,583,Ramanathapuram,6.083333333333333,-14.519
2022-07-27 00:00:00,583,Ramanathapuram,1.5833333333333333,-14.519
2022-07-27 01:00:00,583,Ramanathapuram,0.75,-14.519
2022-07-27 02:00:00,583,Ramanathapuram,1.0,-14.519
2022-07-27 03:00:00,583,Ramanathapuram,1.0,-14.519
2022-07-27 04:00:00,583,Ramanathapuram,0.5,-14.481
2022-07-27 05:00:00,583,Ramanathapuram,0.5,-14.481
2022-07-27 06:00:00,583,Ramanathapuram,0.5,-14.481
2022-07-27 07:00:00,583,Ramanathapuram,0.5,-14.481
2022-07-27 08:00:00,583,Ramanathapuram,0.5,-14.481
2022-07-27 09:00:00,583,Ramanathapuram,0.5,-14.481
2022-07-27 11:00:00,583,Ramanathapuram,1.0,-14.477
2022-07-27 12:00:00,583,Ramanathapuram,0.5,-14.477
2022-07-27 13:00:00,583,Ramanathapuram,0.5,-14.477
2022-07-27 14:00:00,583,Ramanathapuram,1.0,-14.477
2022-07-27 15:00:00,583,Ramanathapuram,1.0,-14.477
2022-07-27 19:00:00,583,Ramanathapuram,17.5,-14.442
2022-07-28 03:00:00,583,Ramanathapuram,8.0,-14.4335
2022-07-28 04:00:00,583,Ramanathapuram,4.5,-14.404
2022-07-28 05:00:00,583,Ramanathapuram,22.5,-14.404
2022-07-28 06:00:00,583,Ramanathapuram,10.0,-14.404
2022-07-28 07:00:00,583,Ramanathapuram,2.0,-14.404
2022-07-28 08:00:00,583,Ramanathapuram,0.625,-14.404
2022-07-28 10:00:00,583,Ramanathapuram,0.5,-14.4125
2022-07-28 11:00:00,583,Ramanathapuram,0.5,-14.4125
2022-07-28 14:00:00,583,Ramanathapuram,0.5,-14.4125
2022-07-29 10:00:00,583,Ramanathapuram,0.5,-14.331
2022-07-30 21:00:00,583,Ramanathapuram,5.5,-14.2235
2022-07-31 09:00:00,583,Ramanathapuram,0.5,-14.1885
2022-07-31 23:00:00,583,Ramanathapuram,3.0,-14.151
2022-08-01 00:00:00,583,Ramanathapuram,2.5,-14.151
2022-08-01 01:00:00,583,Ramanathapuram,0.5,-14.151
2022-08-01 17:00:00,583,Ramanathapuram,1.5,-14.095
2022-08-02 19:00:00,583,Ramanathapuram,0.5,-14.039
2022-08-03 20:00:00,583,Ramanathapuram,1.0,-13.9895
2022-08-04 03:00:00,583,Ramanathapuram,1.5,-13.98
2022-08-04 08:00:00,583,Ramanathapuram,0.5,-13.973
2022-08-04 09:00:00,583,Ramanathapuram,0.5,-13.973
2022-08-18 17:00:00,583,Ramanathapuram,0.5,-13.46
2022-08-18 19:00:00,583,Ramanathapuram,6.75,-13.46
2022-08-18 20:00:00,583,Ramanathapuram,12.0,-13.46
2022-08-18 21:00:00,583,Ramanathapuram,6.25,-13.46
2022-08-18 22:00:00,583,Ramanathapuram,15.5,-13.4075
2022-08-18 23:00:00,583,Ramanathapuram,1.125,-13.4075
2022-08-19 00:00:00,583,Ramanathapuram,0.75,-13.4075
2022-08-19 18:00:00,583,Ramanathapuram,12.75,-13.376
2022-08-19 19:00:00,583,Ramanathapuram,1.5,-13.376
2022-08-19 20:00:00,583,Ramanathapuram,1.5,-13.376
2022-08-20 17:00:00,583,Ramanathapuram,4.0,-13.357
2022-08-22 15:00:00,583,Ramanathapuram,0.5,-13.306
2022-08-22 16:00:00,583,Ramanathapuram,4.333333333333333,-13.307
2022-08-22 17:00:00,583,Ramanathapuram,1.8333333333333333,-13.307
2022-08-22 18:00:00,583,Ramanathapuram,1.1666666666666667,-13.307
2022-08-22 19:00:00,583,Ramanathapuram,1.0,-13.307
2022-08-22 20:00:00,583,Ramanathapuram,1.25,-13.307
2022-08-22 21:00:00,583,Ramanathapuram,0.8333333333333334,-13.307
2022-08-22 22:00:00,583,Ramanathapuram,0.5,-13.285
2022-08-22 23:00:00,583,Ramanathapuram,0.625,-13.285
2022-08-23 00:00:00,583,Ramanathapuram,1.0,-13.285
2022-08-23 01:00:00,583,Ramanathapuram,0.5,-13.285
2022-08-24 01:00:00,583,Ramanathapuram,0.5,-13.258
2022-08-24 04:00:00,583,Ramanathapuram,1.25,-13.2445
2022-08-24 07:00:00,583,Ramanathapuram,0.5,-13.2445
2022-08-24 16:00:00,583,Ramanathapuram,14.0,-13.244
2022-08-25 16:00:00,583,Ramanathapuram,2.5,-13.2
2022-08-25 17:00:00,583,Ramanathapuram,2.0,-13.2
2022-08-25 18:00:00,583,Ramanathapuram,0.5,-13.2
2022-08-26 15:00:00,583,Ramanathapuram,1.5,-13.19
2022-08-26 16:00:00,583,Ramanathapuram,44.0,-13.1775
2022-08-27 00:00:00,583,Ramanathapuram,0.5,-13.179
2022-08-27 01:00:00,583,Ramanathapuram,0.5,-13.179
2022-08-29 04:00:00,583,Ramanathapuram,0.5,-13.108
2022-08-29 17:00:00,583,Ramanathapuram,14.75,-13.095
2022-08-29 23:00:00,583,Ramanathapuram,0.5,-13.111
2022-08-30 13:00:00,583,Ramanathapuram,1.5,-13.097
2022-08-30 14:00:00,583,Ramanathapuram,0.5,-13.097
2022-08-30 15:00:00,583,Ramanathapuram,9.5,-13.097
2022-08-30 16:00:00,583,Ramanathapuram,1.25,-13.088
2022-08-30 22:00:00,583,Ramanathapuram,0.5,-13.082
2022-08-30 23:00:00,583,Ramanathapuram,4.5,-13.082
2022-08-31 00:00:00,583,Ramanathapuram,1.5,-13.082
2022-08-31 01:00:00,583,Ramanathapuram,6.25,-13.082
2022-08-31 02:00:00,583,Ramanathapuram,8.0,-13.082
2022-08-31 03:00:00,583,Ramanathapuram,0.5,-13.082
2022-08-31 16:00:00,583,Ramanathapuram,0.5,-13.045
2022-08-31 19:00:00,583,Ramanathapuram,0.5,-13.045
2022-08-31 20:00:00,583,Ramanathapuram,1.3333333333333333,-13.045
2022-08-31 21:00:00,583,Ramanathapuram,0.5,-13.045
2022-08-31 23:00:00,583,Ramanathapuram,1.5,-13.052
2022-09-01 00:00:00,583,Ramanathapuram,0.5,-13.052
2022-09-01 07:00:00,583,Ramanathapuram,2.5,-13.037
2022-09-01 08:00:00,583,Ramanathapuram,2.4,-13.037
2022-09-01 09:00:00,583,Ramanathapuram,1.8,-13.037
2022-09-01 10:00:00,583,Ramanathapuram,1.5,-13.0345
2022-09-01 11:00:00,583,Ramanathapuram,0.9,-13.0345
2022-09-01 12:00:00,583,Ramanathapuram,0.5,-13.0345
2022-09-01 13:00:00,583,Ramanathapuram,0.5,-13.0345
2022-09-01 16:00:00,583,Ramanathapuram,0.5,-13.0375
2022-09-01 20:00:00,583,Ramanathapuram,0.5,-13.0375
2022-09-02 20:00:00,583,Ramanathapuram,0.5,-13.03
2022-09-05 14:00:00,583,Ramanathapuram,12.5,-12.944
2022-09-05 15:00:00,583,Ramanathapuram,9.5,-12.944
2022-09-06 15:00:00,583,Ramanathapuram,1.0,-12.8995
2022-09-17 16:00:00,583,Ramanathapuram,0.5,-12.6585
2022-09-18 14:00:00,583,Ramanathapuram,9.0,-12.646
2022-09-18 15:00:00,583,Ramanathapuram,0.5,-12.646
2022-09-18 16:00:00,583,Ramanathapuram,5.5,-12.688
2022-09-18 19:00:00,583,Ramanathapuram,3.5,-12.688
2022-09-18 20:00:00,583,Ramanathapuram,0.75,-12.688
2022-09-19 01:00:00,583,Ramanathapuram,5.5,-12.63
2022-09-19 02:00:00,583,Ramanathapuram,3.0,-12.63
2022-09-19 03:00:00,583,Ramanathapuram,1.0,-12.63
2022-09-19 04:00:00,583,Ramanathapuram,0.5,-12.624
2022-09-19 06:00:00,583,Ramanathapuram,0.5,-12.624
2022-09-20 11:00:00,583,Ramanathapuram,5.0,-12.596
2022-09-26 17:00:00,583,Ramanathapuram,10.5,-12.55
2022-09-28 14:00:00,583,Ramanathapuram,1.0,-12.461
2022-09-28 16:00:00,583,Ramanathapuram,1.0,-12.6225
2022-09-28 18:00:00,583,Ramanathapuram,1.0,-12.6225
2022-09-29 15:00:00,583,Ramanathapuram,0.5,-12.445
2022-10-02 18:00:00,583,Ramanathapuram,23.5,-12.413
2022-10-02 19:00:00,583,Ramanathapuram,8.0,-12.413
2022-10-02 20:00:00,583,Ramanathapuram,0.75,-12.413
2022-10-02 21:00:00,583,Ramanathapuram,1.0,-12.413
2022-10-02 22:00:00,583,Ramanathapuram,0.5,-12.395499999999998
2022-10-03 00:00:00,583,Ramanathapuram,0.5,-12.395499999999998
2022-10-03 17:00:00,583,Ramanathapuram,3.5,-12.4585
2022-10-06 17:00:00,583,Ramanathapuram,4.0,-12.439
2022-10-06 23:00:00,583,Ramanathapuram,1.0,-12.352
2022-10-07 14:00:00,583,Ramanathapuram,7.5,-12.343
2022-10-07 15:00:00,583,Ramanathapuram,6.0,-12.343
2022-10-07 16:00:00,583,Ramanathapuram,2.0,-12.3805
2022-10-07 17:00:00,583,Ramanathapuram,1.0,-12.3805
2022-10-07 18:00:00,583,Ramanathapuram,0.5,-12.3805
2022-10-07 19:00:00,583,Ramanathapuram,0.5,-12.3805
2022-10-07 22:00:00,583,Ramanathapuram,0.5,-12.3435
2022-10-07 23:00:00,583,Ramanathapuram,0.5,-12.3435
2022-10-08 02:00:00,583,Ramanathapuram,0.5,-12.3435
2022-10-08 03:00:00,583,Ramanathapuram,0.5,-12.3435
2022-10-08 04:00:00,583,Ramanathapuram,0.5,-12.324
2022-10-08 06:00:00,583,Ramanathapuram,0.5,-12.324
2022-10-08 07:00:00,583,Ramanathapuram,0.5,-12.324
2022-10-09 01:00:00,583,Ramanathapuram,16.0,-12.3325
2022-10-09 02:00:00,583,Ramanathapuram,14.333333333333334,-12.3325
2022-10-09 03:00:00,583,Ramanathapuram,4.25,-12.3325
2022-10-09 04:00:00,583,Ramanathapuram,2.333333333333333,-12.296
2022-10-09 05:00:00,583,Ramanathapuram,1.5,-12.296
2022-10-09 06:00:00,583,Ramanathapuram,1.0,-12.296
2022-10-09 07:00:00,583,Ramanathapuram,1.0,-12.296
2022-10-09 08:00:00,583,Ramanathapuram,1.5,-12.296
2022-10-09 12:00:00,583,Ramanathapuram,0.5,-12.3065
2022-10-09 13:00:00,583,Ramanathapuram,0.5,-12.3065
2022-10-09 16:00:00,583,Ramanathapuram,3.5,-12.468
2022-10-09 17:00:00,583,Ramanathapuram,0.5,-12.468
2022-10-09 18:00:00,583,Ramanathapuram,1.0,-12.468
2022-10-09 19:00:00,583,Ramanathapuram,0.5,-12.468
2022-10-09 20:00:00,583,Ramanathapuram,0.5,-12.468
2022-10-09 21:00:00,583,Ramanathapuram,0.5,-12.468
2022-10-09 23:00:00,583,Ramanathapuram,0.5,-12.305
2022-10-10 00:00:00,583,Ramanathapuram,0.5,-12.305
2022-10-10 01:00:00,583,Ramanathapuram,1.0,-12.305
2022-10-10 03:00:00,583,Ramanathapuram,0.5,-12.305
2022-10-10 04:00:00,583,Ramanathapuram,0.5,-12.281
2022-10-10 05:00:00,583,Ramanathapuram,2.0,-12.281
2022-10-10 06:00:00,583,Ramanathapuram,1.8333333333333333,-12.281
2022-10-10 07:00:00,583,Ramanathapuram,1.25,-12.281
2022-10-10 08:00:00,583,Ramanathapuram,0.5,-12.281
2022-10-10 09:00:00,583,Ramanathapuram,0.5,-12.281
2022-10-10 11:00:00,583,Ramanathapuram,2.25,-12.2925
2022-10-10 15:00:00,583,Ramanathapuram,0.5,-12.2925
2022-10-10 20:00:00,583,Ramanathapuram,0.5,-12.313
2022-10-11 00:00:00,583,Ramanathapuram,2.5,-12.289
2022-10-11 01:00:00,583,Ramanathapuram,5.5,-12.289
2022-10-12 07:00:00,583,Ramanathapuram,1.0,-12.2545
2022-10-12 08:00:00,583,Ramanathapuram,0.5,-12.2545
2022-10-12 11:00:00,583,Ramanathapuram,1.5,-12.261
2022-10-12 23:00:00,583,Ramanathapuram,0.5,-12.2555
2022-10-13 00:00:00,583,Ramanathapuram,1.5,-12.2555
2022-10-13 16:00:00,583,Ramanathapuram,0.5,-12.358
2022-10-13 22:00:00,583,Ramanathapuram,5.0,-12.233
2022-10-13 23:00:00,583,Ramanathapuram,8.75,-12.233
2022-10-14 15:00:00,583,Ramanathapuram,3.0,-12.213
2022-10-14 17:00:00,583,Ramanathapuram,0.5,-12.2745
2022-10-14 19:00:00,583,Ramanathapuram,2.0,-12.2745
2022-10-15 00:00:00,583,Ramanathapuram,2.0,-12.1945
2022-10-15 01:00:00,583,Ramanathapuram,0.5,-12.1945
2022-10-15 02:00:00,583,Ramanathapuram,0.5,-12.1945
2022-10-15 04:00:00,583,Ramanathapuram,0.5,-12.1815
2022-10-15 06:00:00,583,Ramanathapuram,0.5,-12.1815
2022-10-15 10:00:00,583,Ramanathapuram,0.5,-12.178
2022-10-16 15:00:00,583,Ramanathapuram,3.0,-12.1675
2022-10-17 05:00:00,583,Ramanathapuram,1.0,-12.154
2022-10-17 12:00:00,583,Ramanathapuram,5.0,-12.1385
2022-10-17 13:00:00,583,Ramanathapuram,1.0,-12.1385
2022-10-17 14:00:00,583,Ramanathapuram,1.0,-12.1385
2022-10-18 17:00:00,583,Ramanathapuram,6.0,-12.156
2022-10-19 13:00:00,583,Ramanathapuram,5.5,-12.090000000000002
2022-10-19 14:00:00,583,Ramanathapuram,8.5,-12.090000000000002
2022-10-19 15:00:00,583,Ramanathapuram,5.0,-12.090000000000002
2022-10-19 16:00:00,583,Ramanathapuram,0.5,-12.151
2022-10-19 21:00:00,583,Ramanathapuram,0.5,-12.151
2022-10-19 22:00:00,583,Ramanathapuram,0.5,-12.0795
2022-10-19 23:00:00,583,Ramanathapuram,0.5,-12.0795
2022-10-20 01:00:00,583,Ramanathapuram,0.5,-12.0795
2022-10-20 02:00:00,583,Ramanathapuram,55.0,-12.0795
2022-10-20 03:00:00,583,Ramanathapuram,0.5,-12.0795
2022-10-20 04:00:00,583,Ramanathapuram,0.5,-12.068
2022-10-20 05:00:00,583,Ramanathapuram,1.25,-12.068
2022-10-20 07:00:00,583,Ramanathapuram,0.5,-12.068
2022-10-20 10:00:00,583,Ramanathapuram,0.5,-12.0665
2022-10-20 12:00:00,583,Ramanathapuram,0.5,-12.0665
2022-10-20 16:00:00,583,Ramanathapuram,2.0,-12.0545
2022-10-20 18:00:00,583,Ramanathapuram,0.5,-12.0545
2022-10-20 19:00:00,583,Ramanathapuram,39.0,-12.0545
2022-10-20 20:00:00,583,Ramanathapuram,4.166666666666667,-12.0545
2022-10-20 21:00:00,583,Ramanathapuram,1.625,-12.0545
2022-10-20 22:00:00,583,Ramanathapuram,5.666666666666667,-12.0475
2022-10-20 23:00:00,583,Ramanathapuram,2.5,-12.0475
2022-10-21 00:00:00,583,Ramanathapuram,1.6666666666666667,-12.0475
2022-10-21 01:00:00,583,Ramanathapuram,1.125,-12.0475
2022-10-21 02:00:00,583,Ramanathapuram,0.5,-12.0475
2022-10-21 03:00:00,583,Ramanathapuram,0.5,-12.0475
2022-10-21 04:00:00,583,Ramanathapuram,0.5,-12.035
2022-10-21 06:00:00,583,Ramanathapuram,0.5,-12.035
2022-10-21 10:00:00,583,Ramanathapuram,0.5,-12.037
2022-10-21 12:00:00,583,Ramanathapuram,5.5,-12.037
2022-10-21 13:00:00,583,Ramanathapuram,0.5,-12.037
2022-10-21 14:00:00,583,Ramanathapuram,0.5,-12.037
2022-10-21 15:00:00,583,Ramanathapuram,1.5,-12.037
2022-10-21 16:00:00,583,Ramanathapuram,3.25,-12.053
2022-10-21 18:00:00,583,Ramanathapuram,1.0,-12.053
2022-10-21 19:00:00,583,Ramanathapuram,0.5,-12.053
2022-10-22 00:00:00,583,Ramanathapuram,0.5,-12.062
2022-10-22 04:00:00,583,Ramanathapuram,0.5,-12.018999999999998
2022-10-22 09:00:00,583,Ramanathapuram,0.5,-12.018999999999998
2022-10-22 14:00:00,583,Ramanathapuram,0.5,-12.0205
2022-10-22 15:00:00,583,Ramanathapuram,4.0,-12.0205
2022-10-22 16:00:00,583,Ramanathapuram,5.0,-12.0015
2022-10-22 17:00:00,583,Ramanathapuram,2.0,-12.0015
2022-10-22 18:00:00,583,Ramanathapuram,0.75,-12.0015
2022-10-22 20:00:00,583,Ramanathapuram,0.5,-12.0015
2022-10-23 00:00:00,583,Ramanathapuram,0.5,-12.0085
2022-10-23 02:00:00,583,Ramanathapuram,0.5,-12.0085
2022-10-23 03:00:00,583,Ramanathapuram,0.5,-12.0085
2022-10-23 05:00:00,583,Ramanathapuram,0.5,-12.1305
2022-10-23 11:00:00,583,Ramanathapuram,0.5,-12.0005
2022-10-23 16:00:00,583,Ramanathapuram,0.5,-11.981
2022-10-23 20:00:00,583,Ramanathapuram,0.75,-11.981
2022-10-23 23:00:00,583,Ramanathapuram,0.5,-11.984
2022-10-24 01:00:00,583,Ramanathapuram,0.5,-11.984
2022-10-24 07:00:00,583,Ramanathapuram,0.5,-11.9655
2022-10-24 13:00:00,583,Ramanathapuram,0.5,-11.973999999999998
2022-10-24 14:00:00,583,Ramanathapuram,3.5,-11.973999999999998
2022-10-24 15:00:00,583,Ramanathapuram,0.5,-11.973999999999998
2022-10-24 20:00:00,583,Ramanathapuram,0.5,-11.9455
2022-10-25 02:00:00,583,Ramanathapuram,0.5,-11.956
2022-10-25 09:00:00,583,Ramanathapuram,0.5,-11.9385
2022-10-25 14:00:00,583,Ramanathapuram,0.5,-11.949
2022-10-25 16:00:00,583,Ramanathapuram,3.5,-11.9295
2022-10-25 21:00:00,583,Ramanathapuram,0.5,-11.9295
2022-10-26 02:00:00,583,Ramanathapuram,1.0,-11.945
2022-10-26 03:00:00,583,Ramanathapuram,0.5,-11.945
2022-10-26 04:00:00,583,Ramanathapuram,0.5,-11.9265
2022-10-26 10:00:00,583,Ramanathapuram,0.5,-11.936
2022-10-26 11:00:00,583,Ramanathapuram,0.5,-11.936
2022-10-26 13:00:00,583,Ramanathapuram,1.5,-11.936
2022-10-26 16:00:00,583,Ramanathapuram,0.5,-11.916
2022-10-27 00:00:00,583,Ramanathapuram,0.5,-11.93
2022-10-27 07:00:00,583,Ramanathapuram,0.5,-11.9105
2022-10-27 14:00:00,583,Ramanathapuram,0.5,-11.918
2022-10-27 22:00:00,583,Ramanathapuram,0.5,-11.912
2022-10-28 07:00:00,583,Ramanathapuram,0.5,-11.8945
2022-10-28 15:00:00,583,Ramanathapuram,0.5,-11.898
2022-10-29 00:00:00,583,Ramanathapuram,0.5,-11.8925
2022-10-29 10:00:00,583,Ramanathapuram,0.5,-11.8895
2022-10-29 12:00:00,583,Ramanathapuram,3.25,-11.8895
2022-10-29 13:00:00,583,Ramanathapuram,10.0,-11.8895
2022-10-29 14:00:00,583,Ramanathapuram,1.5,-11.8895
2022-10-29 15:00:00,583,Ramanathapuram,1.0,-11.8895
2022-10-29 16:00:00,583,Ramanathapuram,0.5,-11.877
2022-10-29 17:00:00,583,Ramanathapuram,2.25,-11.877
2022-10-29 20:00:00,583,Ramanathapuram,0.5,-11.877
2022-10-30 05:00:00,583,Ramanathapuram,1.0,-19.832
2022-10-30 08:00:00,583,Ramanathapuram,0.5,-19.832
2022-10-30 10:00:00,583,Ramanathapuram,0.5,-19.831
2022-10-30 11:00:00,583,Ramanathapuram,24.0,-19.831
2022-10-30 16:00:00,583,Ramanathapuram,8.0,-19.813
2022-10-30 17:00:00,583,Ramanathapuram,0.5,-19.813
2022-10-30 18:00:00,583,Ramanathapuram,0.5,-19.813
2022-10-31 06:00:00,583,Ramanathapuram,0.5,-11.8555
2022-11-01 00:00:00,583,Ramanathapuram,1.0,-11.853000000000002
2022-11-01 01:00:00,583,Ramanathapuram,2.5,-11.853000000000002
2022-11-01 02:00:00,583,Ramanathapuram,2.0,-11.853000000000002
2022-11-01 03:00:00,583,Ramanathapuram,0.5,-11.853000000000002
2022-11-01 07:00:00,583,Ramanathapuram,0.5,-11.85
2022-11-01 19:00:00,583,Ramanathapuram,0.5,-11.96
2022-11-01 23:00:00,583,Ramanathapuram,0.5,-11.846
2022-11-02 01:00:00,583,Ramanathapuram,0.5,-11.846
2022-11-02 02:00:00,583,Ramanathapuram,3.0,-11.846
2022-11-02 09:00:00,583,Ramanathapuram,0.5,-11.8405
2022-11-02 13:00:00,583,Ramanathapuram,0.5,-11.8365
2022-11-02 18:00:00,583,Ramanathapuram,13.0,-11.8275
2022-11-02 19:00:00,583,Ramanathapuram,3.75,-11.8275
2022-11-02 20:00:00,583,Ramanathapuram,1.75,-11.8275
2022-11-02 21:00:00,583,Ramanathapuram,0.5,-11.8275
2022-11-02 22:00:00,583,Ramanathapuram,0.5,-11.8045
2022-11-02 23:00:00,583,Ramanathapuram,21.5,-11.8045
2022-11-03 00:00:00,583,Ramanathapuram,15.5,-11.8045
2022-11-03 01:00:00,583,Ramanathapuram,18.7,-11.8045
2022-11-03 02:00:00,583,Ramanathapuram,4.4,-11.8045
2022-11-03 03:00:00,583,Ramanathapuram,1.875,-11.8045
2022-11-03 04:00:00,583,Ramanathapuram,1.0,-11.7845
2022-11-03 05:00:00,583,Ramanathapuram,0.5,-11.7845
2022-11-03 06:00:00,583,Ramanathapuram,2.0,-11.7845
2022-11-03 08:00:00,583,Ramanathapuram,0.5,-11.7845
2022-11-03 14:45:00,583,Ramanathapuram,117.0,-11.7835
2022-11-03 14:50:00,583,Ramanathapuram,123.5,-11.7835
2022-11-03 15:00:00,583,Ramanathapuram,123.5,-11.7835
2022-11-03 17:00:00,583,Ramanathapuram,0.5,-11.7755
2022-11-04 01:00:00,583,Ramanathapuram,13.0,-11.7775
2022-11-04 02:00:00,583,Ramanathapuram,1.25,-11.7775
2022-11-04 03:00:00,583,Ramanathapuram,0.5,-11.7775
2022-11-04 06:00:00,583,Ramanathapuram,1.0,-11.769
2022-11-04 07:00:00,583,Ramanathapuram,0.5,-11.769
2022-11-04 09:00:00,583,Ramanathapuram,1.0,-11.769
2022-11-04 10:00:00,583,Ramanathapuram,3.0,-11.7715
2022-11-04 11:00:00,583,Ramanathapuram,2.5,-11.7715
2022-11-04 12:00:00,583,Ramanathapuram,0.5,-11.7715
2022-11-04 20:00:00,583,Ramanathapuram,2.0,-11.762
2022-11-04 21:00:00,583,Ramanathapuram,0.5,-11.762
2022-11-05 02:00:00,583,Ramanathapuram,11.5,-11.7595
2022-11-05 03:00:00,583,Ramanathapuram,1.0,-11.7595
2022-11-05 10:00:00,583,Ramanathapuram,11.5,-11.824
2022-11-05 11:00:00,583,Ramanathapuram,1.75,-11.824
2022-11-05 12:00:00,583,Ramanathapuram,1.5,-11.824
2022-11-05 13:00:00,583,Ramanathapuram,4.0,-11.824
2022-11-05 14:00:00,583,Ramanathapuram,0.5,-11.824
2022-11-09 14:00:00,583,Ramanathapuram,0.75,-11.7225
2022-11-09 15:00:00,583,Ramanathapuram,0.5,-11.7225
2022-11-09 21:00:00,583,Ramanathapuram,0.5,-11.662
2022-11-10 06:00:00,583,Ramanathapuram,0.5,-11.651
2022-11-10 14:00:00,583,Ramanathapuram,0.5,-11.655
2022-11-10 22:00:00,583,Ramanathapuram,0.5,-11.6515
2022-11-11 05:00:00,583,Ramanathapuram,0.875,-11.6315
2022-11-11 06:00:00,583,Ramanathapuram,0.5,-11.6315
2022-11-11 07:00:00,583,Ramanathapuram,1.125,-11.6315
2022-11-11 08:00:00,583,Ramanathapuram,0.5,-11.6315
2022-11-11 09:00:00,583,Ramanathapuram,0.5,-11.6315
2022-11-12 00:00:00,583,Ramanathapuram,0.5,-11.6275
2022-11-12 03:00:00,583,Ramanathapuram,3.0,-11.6275
2022-11-12 04:00:00,583,Ramanathapuram,3.0,-11.612
2022-11-12 05:00:00,583,Ramanathapuram,2.0,-11.612
2022-11-12 06:00:00,583,Ramanathapuram,0.5,-11.612
2022-11-12 10:00:00,583,Ramanathapuram,0.5,-11.6165
2022-11-12 15:00:00,583,Ramanathapuram,0.5,-11.6165
2022-11-12 17:00:00,583,Ramanathapuram,0.5,-11.651
2022-11-12 20:00:00,583,Ramanathapuram,0.5,-11.651
2022-11-13 03:00:00,583,Ramanathapuram,0.5,-11.6115
2022-11-13 04:00:00,583,Ramanathapuram,0.5,-11.5995
2022-11-13 06:00:00,583,Ramanathapuram,2.25,-11.5995
2022-11-13 10:00:00,583,Ramanathapuram,13.0,-11.6005
2022-11-13 11:00:00,583,Ramanathapuram,1.0,-11.6005
2022-11-13 12:00:00,583,Ramanathapuram,3.875,-11.6005
2022-11-13 13:00:00,583,Ramanathapuram,0.5,-11.6005
2022-11-13 14:00:00,583,Ramanathapuram,9.0,-11.6005
2022-11-13 15:00:00,583,Ramanathapuram,1.0,-11.6005
2022-11-13 17:00:00,583,Ramanathapuram,0.5,-11.6265
2022-11-13 20:00:00,583,Ramanathapuram,0.5,-11.6265
2022-11-13 21:00:00,583,Ramanathapuram,0.5,-11.6265
2022-11-14 06:00:00,583,Ramanathapuram,0.5,-11.584
2022-11-14 10:00:00,583,Ramanathapuram,44.5,-11.591
2022-11-14 12:00:00,583,Ramanathapuram,4.0,-11.591
2022-11-14 13:00:00,583,Ramanathapuram,1.0,-11.591
2022-11-14 14:00:00,583,Ramanathapuram,0.9,-11.591
2022-11-14 15:00:00,583,Ramanathapuram,2.5,-11.591
2022-11-14 16:00:00,583,Ramanathapuram,0.5,-11.591
2022-11-14 17:00:00,583,Ramanathapuram,2.5,-11.591
2022-11-14 18:00:00,583,Ramanathapuram,2.5,-11.591
2022-11-14 19:00:00,583,Ramanathapuram,0.5,-11.591
2022-11-14 20:00:00,583,Ramanathapuram,1.0,-11.591
2022-11-14 21:00:00,583,Ramanathapuram,1.0,-11.591
2022-11-14 22:00:00,583,Ramanathapuram,50.0,-11.5745
2022-11-15 00:00:00,583,Ramanathapuram,0.5,-11.5745
2022-11-15 01:00:00,583,Ramanathapuram,0.5,-11.5745
2022-11-15 04:00:00,583,Ramanathapuram,4.5,-11.567
2022-11-15 06:00:00,583,Ramanathapuram,0.5,-11.567
2022-11-15 11:00:00,583,Ramanathapuram,0.5,-11.5615
2022-11-15 18:00:00,583,Ramanathapuram,0.5,-11.765999999999998
2022-11-16 05:00:00,583,Ramanathapuram,0.5,-11.549
2022-11-16 07:00:00,583,Ramanathapuram,0.5,-11.549
2022-11-16 14:00:00,583,Ramanathapuram,0.5,-11.545
2022-11-17 00:00:00,583,Ramanathapuram,0.5,-11.5375
2022-11-17 10:00:00,583,Ramanathapuram,0.5,-11.5285
2022-11-17 19:00:00,583,Ramanathapuram,0.5,-11.599
2022-11-17 22:00:00,583,Ramanathapuram,0.5,-11.524
2022-11-18 00:00:00,583,Ramanathapuram,0.5,-11.524
2022-11-18 04:00:00,583,Ramanathapuram,0.5,-11.519
2022-11-18 09:00:00,583,Ramanathapuram,0.5,-11.519
2022-11-18 13:00:00,583,Ramanathapuram,0.5,-11.5165
2022-11-18 17:00:00,583,Ramanathapuram,0.5,-11.51
2022-11-18 21:00:00,583,Ramanathapuram,0.5,-11.51
2022-11-18 23:00:00,583,Ramanathapuram,0.5,-11.5105
2022-11-19 02:00:00,583,Ramanathapuram,0.5,-11.5105
2022-11-19 05:00:00,583,Ramanathapuram,0.5,-11.506
2022-11-19 06:00:00,583,Ramanathapuram,0.5,-11.506
2022-11-19 07:00:00,583,Ramanathapuram,1.0,-11.506
2022-11-19 08:00:00,583,Ramanathapuram,0.5,-11.506
2022-11-19 10:00:00,583,Ramanathapuram,0.5,-11.5095
2022-11-19 11:00:00,583,Ramanathapuram,0.5,-11.5095
2022-11-19 13:00:00,583,Ramanathapuram,0.5,-11.5095
2022-11-19 14:00:00,583,Ramanathapuram,0.5,-11.5095
2022-11-19 15:00:00,583,Ramanathapuram,0.5,-11.5095
2022-11-19 17:00:00,583,Ramanathapuram,0.5,-11.5305
2022-11-19 19:00:00,583,Ramanathapuram,0.5,-11.5305
2022-11-19 20:00:00,583,Ramanathapuram,0.5,-11.5305
2022-11-19 21:00:00,583,Ramanathapuram,0.5,-11.5305
2022-11-19 22:00:00,583,Ramanathapuram,0.5,-11.5
2022-11-19 23:00:00,583,Ramanathapuram,0.5,-11.5
2022-11-20 00:00:00,583,Ramanathapuram,0.5,-11.5
2022-11-20 02:00:00,583,Ramanathapuram,0.5,-11.5
2022-11-20 03:00:00,583,Ramanathapuram,0.5,-11.5
2022-11-20 05:00:00,583,Ramanathapuram,0.5,-11.489
2022-11-20 06:00:00,583,Ramanathapuram,0.5,-11.489
2022-11-20 08:00:00,583,Ramanathapuram,0.5,-11.489
2022-11-20 09:00:00,583,Ramanathapuram,0.5,-11.489
2022-11-20 11:00:00,583,Ramanathapuram,0.5,-11.5095
2022-11-20 13:00:00,583,Ramanathapuram,0.5,-11.5095
2022-11-20 14:00:00,583,Ramanathapuram,0.5,-11.5095
2022-11-20 15:00:00,583,Ramanathapuram,0.5,-11.5095
2022-11-20 16:00:00,583,Ramanathapuram,0.5,-11.791
2022-11-20 18:00:00,583,Ramanathapuram,0.5,-11.791
2022-11-20 20:00:00,583,Ramanathapuram,0.5,-11.791
2022-11-20 21:00:00,583,Ramanathapuram,0.5,-11.791
2022-11-20 23:00:00,583,Ramanathapuram,0.5,-11.56
2022-11-21 01:00:00,583,Ramanathapuram,0.5,-11.56
2022-11-21 03:00:00,583,Ramanathapuram,0.5,-11.56
2022-11-21 05:00:00,583,Ramanathapuram,0.5,-11.544
2022-11-21 07:00:00,583,Ramanathapuram,0.5,-11.544
2022-11-21 09:00:00,583,Ramanathapuram,0.5,-11.544
2022-11-21 11:00:00,583,Ramanathapuram,0.5,-11.5435
2022-11-21 13:00:00,583,Ramanathapuram,0.5,-11.5435
2022-11-21 14:00:00,583,Ramanathapuram,0.5,-11.5435
2022-11-21 16:00:00,583,Ramanathapuram,0.5,-11.527
2022-11-21 18:00:00,583,Ramanathapuram,0.5,-11.527
2022-11-21 20:00:00,583,Ramanathapuram,0.5,-11.527
2022-11-21 22:00:00,583,Ramanathapuram,0.5,-11.5385
2022-11-22 01:00:00,583,Ramanathapuram,0.5,-11.5385
2022-11-22 03:00:00,583,Ramanathapuram,0.5,-11.5385
2022-11-22 06:00:00,583,Ramanathapuram,0.5,-11.5185
2022-11-22 09:00:00,583,Ramanathapuram,0.5,-11.5185
2022-11-22 11:00:00,583,Ramanathapuram,0.5,-11.5235
2022-11-22 12:00:00,583,Ramanathapuram,0.5,-11.5235
2022-11-22 14:00:00,583,Ramanathapuram,0.5,-11.5235
2022-11-22 15:00:00,583,Ramanathapuram,0.5,-11.5235
2022-11-22 17:00:00,583,Ramanathapuram,0.5,-11.5425
2022-11-22 19:00:00,583,Ramanathapuram,0.5,-11.5425
2022-11-22 20:00:00,583,Ramanathapuram,0.5,-11.5425
2022-11-22 22:00:00,583,Ramanathapuram,0.5,-11.5255
2022-11-23 00:00:00,583,Ramanathapuram,0.5,-11.5255
2022-11-23 01:00:00,583,Ramanathapuram,0.5,-11.5255
2022-11-23 03:00:00,583,Ramanathapuram,0.5,-11.5255
2022-11-23 05:00:00,583,Ramanathapuram,0.5,-11.5055
2022-11-23 06:00:00,583,Ramanathapuram,0.5,-11.5055
2022-11-23 08:00:00,583,Ramanathapuram,0.5,-11.5055
2022-11-23 10:00:00,583,Ramanathapuram,0.5,-11.5135
2022-11-23 12:00:00,583,Ramanathapuram,0.5,-11.5135
2022-11-23 13:00:00,583,Ramanathapuram,0.5,-11.5135
2022-11-23 15:00:00,583,Ramanathapuram,0.5,-11.5135
2022-11-23 17:00:00,583,Ramanathapuram,0.5,-11.778
2022-11-23 19:00:00,583,Ramanathapuram,0.5,-11.778
2022-11-23 21:00:00,583,Ramanathapuram,0.5,-11.778
2022-11-23 23:00:00,583,Ramanathapuram,0.5,-11.5125
2022-11-24 01:00:00,583,Ramanathapuram,0.5,-11.5125
2022-11-24 04:00:00,583,Ramanathapuram,0.5,-11.49
2022-11-24 07:00:00,583,Ramanathapuram,0.5,-11.49
2022-11-24 10:00:00,583,Ramanathapuram,0.5,-11.502
2022-11-24 12:00:00,583,Ramanathapuram,0.5,-11.502
2022-11-24 15:00:00,583,Ramanathapuram,0.5,-11.502
2022-11-24 23:00:00,583,Ramanathapuram,0.5,-11.497
2022-11-25 09:00:00,583,Ramanathapuram,0.5,-11.4835
2022-11-26 16:00:00,583,Ramanathapuram,2.5,-11.456499999999998
2022-11-26 18:00:00,583,Ramanathapuram,0.5,-11.456499999999998
2022-11-27 07:00:00,583,Ramanathapuram,5.5,-11.4545
2022-11-27 15:00:00,583,Ramanathapuram,24.0,-11.4555
2022-11-27 16:00:00,583,Ramanathapuram,9.0,-11.6715
2022-11-27 21:00:00,583,Ramanathapuram,0.5,-11.6715
2022-11-28 16:00:00,583,Ramanathapuram,8.5,-11.5705
2022-11-29 09:00:00,583,Ramanathapuram,10.0,-11.4485
2022-11-29 10:00:00,583,Ramanathapuram,173.5,-11.4445
2022-11-29 11:00:00,583,Ramanathapuram,51.0,-11.4445
2022-11-29 14:00:00,583,Ramanathapuram,0.5,-11.4445
2022-11-30 21:00:00,583,Ramanathapuram,0.5,-11.438
2022-11-30 23:00:00,583,Ramanathapuram,5.0,-11.437
2022-12-01 00:00:00,583,Ramanathapuram,1.5,-11.437
2022-12-01 01:00:00,583,Ramanathapuram,1.0,-11.437
2022-12-01 03:00:00,583,Ramanathapuram,0.5,-11.437
2022-12-01 04:00:00,583,Ramanathapuram,0.5,-11.437
2022-12-01 17:00:00,583,Ramanathapuram,0.5,-11.4425
2022-12-02 05:00:00,583,Ramanathapuram,2.0,-11.4285
2022-12-02 06:00:00,583,Ramanathapuram,4.25,-11.4285
2022-12-02 07:00:00,583,Ramanathapuram,1.75,-11.4285
2022-12-02 08:00:00,583,Ramanathapuram,2.5,-11.4285
2022-12-02 09:00:00,583,Ramanathapuram,1.0,-11.4285
2022-12-02 17:00:00,583,Ramanathapuram,1.5,-11.483
2022-12-02 18:00:00,583,Ramanathapuram,1.75,-11.483
2022-12-03 04:00:00,583,Ramanathapuram,0.5,-11.5175
2022-12-03 05:00:00,583,Ramanathapuram,0.5,-11.5175
2022-12-03 06:00:00,583,Ramanathapuram,0.5,-11.5175
2022-12-03 07:00:00,583,Ramanathapuram,1.0,-11.5175
2022-12-03 08:00:00,583,Ramanathapuram,4.75,-11.5175
2022-12-03 09:00:00,583,Ramanathapuram,5.5,-11.5175
2022-12-03 10:00:00,583,Ramanathapuram,0.5,-11.5485
2022-12-03 11:00:00,583,Ramanathapuram,7.5,-11.5485
2022-12-03 12:00:00,583,Ramanathapuram,2.833333333333333,-11.5485
2022-12-03 13:00:00,583,Ramanathapuram,1.5,-11.5485
2022-12-03 15:00:00,583,Ramanathapuram,1.75,-11.5485
2022-12-03 16:00:00,583,Ramanathapuram,0.5,-11.5485
2022-12-03 17:00:00,583,Ramanathapuram,0.5,-11.5485
2022-12-03 22:00:00,583,Ramanathapuram,0.5,-11.475
2022-12-03 23:00:00,583,Ramanathapuram,5.75,-11.475
2022-12-04 00:00:00,583,Ramanathapuram,1.75,-11.475
2022-12-04 01:00:00,583,Ramanathapuram,1.0,-11.475
2022-12-04 02:00:00,583,Ramanathapuram,0.5,-11.475
2022-12-04 03:00:00,583,Ramanathapuram,3.5,-11.475
2022-12-04 04:00:00,583,Ramanathapuram,0.5,-11.457
2022-12-04 05:00:00,583,Ramanathapuram,1.0,-11.457
2022-12-04 07:00:00,583,Ramanathapuram,1.5,-11.457
2022-12-05 00:00:00,583,Ramanathapuram,1.0,-11.4565
2022-12-05 01:00:00,583,Ramanathapuram,0.8333333333333334,-11.4565
2022-12-05 02:00:00,583,Ramanathapuram,1.1666666666666667,-11.4565
2022-12-05 03:00:00,583,Ramanathapuram,1.0,-11.4565
2022-12-05 04:00:00,583,Ramanathapuram,0.5,-11.439
2022-12-05 08:00:00,583,Ramanathapuram,7.5,-11.439
2022-12-05 09:00:00,583,Ramanathapuram,4.0,-11.439
2022-12-05 10:00:00,583,Ramanathapuram,4.75,-11.4495
2022-12-05 11:00:00,583,Ramanathapuram,5.5,-11.4495
2022-12-05 12:55:00,583,Ramanathapuram,2.5,-11.4495
2022-12-05 13:00:00,583,Ramanathapuram,2.0,-11.4495
2022-12-08 17:00:00,583,Ramanathapuram,0.5,-11.391
2022-12-08 18:00:00,583,Ramanathapuram,0.625,-11.391
2022-12-08 19:00:00,583,Ramanathapuram,0.8333333333333334,-11.391
2022-12-08 20:00:00,583,Ramanathapuram,1.375,-11.391
2022-12-08 21:00:00,583,Ramanathapuram,1.5833333333333333,-11.391
2022-12-08 22:00:00,583,Ramanathapuram,2.7142857142857144,-11.3925
2022-12-08 23:00:00,583,Ramanathapuram,4.142857142857143,-11.3925
2022-12-09 00:00:00,583,Ramanathapuram,2.4166666666666665,-11.3925
2022-12-09 01:00:00,583,Ramanathapuram,1.7,-11.3925
2022-12-09 02:00:00,583,Ramanathapuram,1.0,-11.3925
2022-12-09 03:00:00,583,Ramanathapuram,0.5,-11.3925
2022-12-09 04:00:00,583,Ramanathapuram,0.5,-11.3685
2022-12-09 05:00:00,583,Ramanathapuram,0.5,-11.3685
2022-12-09 06:00:00,583,Ramanathapuram,0.5,-11.3685
2022-12-09 09:00:00,583,Ramanathapuram,0.5,-11.3685
2022-12-09 10:00:00,583,Ramanathapuram,0.5,-11.384
2022-12-09 11:00:00,583,Ramanathapuram,0.5,-11.384
2022-12-09 20:00:00,583,Ramanathapuram,0.5,-11.367
2022-12-10 18:00:00,583,Ramanathapuram,1.5,-11.355
2022-12-12 18:00:00,583,Ramanathapuram,0.5,-11.348
2022-12-12 19:00:00,583,Ramanathapuram,8.25,-11.348
2022-12-12 20:00:00,583,Ramanathapuram,14.5,-11.348
2022-12-12 21:00:00,583,Ramanathapuram,0.5,-11.348
2022-12-13 12:00:00,583,Ramanathapuram,0.5,-11.3565
2022-12-13 16:00:00,583,Ramanathapuram,0.5,-11.35
2022-12-14 00:00:00,583,Ramanathapuram,0.5,-11.3615
2022-12-14 01:00:00,583,Ramanathapuram,0.5,-11.3615
2022-12-14 03:00:00,583,Ramanathapuram,3.0,-11.3615
2022-12-14 04:00:00,583,Ramanathapuram,3.25,-11.346
2022-12-14 05:00:00,583,Ramanathapuram,2.0,-11.346
2022-12-14 06:00:00,583,Ramanathapuram,0.5,-11.346
2022-12-14 10:00:00,583,Ramanathapuram,2.75,-11.335
2022-12-14 11:00:00,583,Ramanathapuram,9.0,-11.335
2022-12-14 12:00:00,583,Ramanathapuram,3.0,-11.335
2022-12-14 14:00:00,583,Ramanathapuram,1.0,-11.335
2022-12-14 18:00:00,583,Ramanathapuram,0.5,-11.3415
2022-12-15 06:00:00,583,Ramanathapuram,0.5,-11.337
2022-12-15 18:00:00,583,Ramanathapuram,0.5,-11.6745
2022-12-20 03:00:00,583,Ramanathapuram,1.0,-11.3275
2022-12-20 17:00:00,583,Ramanathapuram,0.5,-11.3145
2022-12-21 15:00:00,583,Ramanathapuram,1.5,-11.3265
2022-12-21 16:00:00,583,Ramanathapuram,2.5,-11.31
2022-12-21 17:00:00,583,Ramanathapuram,0.5,-11.31
2022-12-21 18:00:00,583,Ramanathapuram,6.5,-11.31
2022-12-21 19:00:00,583,Ramanathapuram,0.5,-11.31
2022-12-21 20:00:00,583,Ramanathapuram,395.0,-11.31
2022-12-21 21:00:00,583,Ramanathapuram,18.0,-11.31
2022-12-22 08:00:00,583,Ramanathapuram,1.0,-11.306500000000002
2022-12-22 11:00:00,583,Ramanathapuram,0.5,-11.3195
2022-12-22 12:00:00,583,Ramanathapuram,1.0,-11.3195
2022-12-25 14:00:00,583,Ramanathapuram,0.5,-11.409
2022-12-25 20:00:00,583,Ramanathapuram,6.0,-11.3995
2022-12-25 23:00:00,583,Ramanathapuram,40.5,-11.4095
2022-12-26 00:00:00,583,Ramanathapuram,1.5,-11.4095
2022-12-26 04:00:00,583,Ramanathapuram,0.5,-11.3925
2022-12-26 13:00:00,583,Ramanathapuram,0.5,-11.3935
2022-12-27 03:00:00,583,Ramanathapuram,1.5,-11.396
2022-12-27 05:00:00,583,Ramanathapuram,0.5,-11.3815
2022-12-28 04:00:00,583,Ramanathapuram,0.5,-11.374
2022-12-28 05:00:00,583,Ramanathapuram,0.5,-11.374
2022-12-28 07:00:00,583,Ramanathapuram,6.5,-11.374
2022-12-28 08:00:00,583,Ramanathapuram,0.5,-11.374
2022-12-28 21:00:00,583,Ramanathapuram,3.0,-11.372
2022-12-28 22:00:00,583,Ramanathapuram,12.5,-11.381
2022-12-28 23:00:00,583,Ramanathapuram,3.0,-11.381
2022-12-29 00:00:00,583,Ramanathapuram,1.5,-11.381
2022-12-29 02:00:00,583,Ramanathapuram,7.5,-11.381
2022-12-29 03:00:00,583,Ramanathapuram,2.0,-11.381
2022-12-29 04:00:00,583,Ramanathapuram,0.5,-11.3785
2022-12-29 05:00:00,583,Ramanathapuram,0.5,-11.3785
2022-12-29 08:00:00,583,Ramanathapuram,0.5,-11.3785
2022-12-29 09:00:00,583,Ramanathapuram,9.0,-11.3785
2022-12-29 10:00:00,583,Ramanathapuram,4.0,-11.377
2022-12-29 11:00:00,583,Ramanathapuram,13.5,-11.377
2022-12-29 12:00:00,583,Ramanathapuram,2.0,-11.377
2022-12-29 13:00:00,583,Ramanathapuram,2.5,-11.377
2022-12-29 14:00:00,583,Ramanathapuram,1.5,-11.377
2022-12-29 15:00:00,583,Ramanathapuram,1.0,-11.377
2022-12-29 16:00:00,583,Ramanathapuram,8.5,-11.3755
2022-12-29 20:00:00,583,Ramanathapuram,1.0,-11.3755
2022-12-30 00:00:00,583,Ramanathapuram,0.5,-11.378
2022-12-30 02:00:00,583,Ramanathapuram,0.5,-11.378
2022-12-30 09:00:00,583,Ramanathapuram,0.5,-18.834
2022-12-30 11:00:00,583,Ramanathapuram,1.5,-18.835
2022-12-30 13:00:00,583,Ramanathapuram,6.5,-18.835
2022-12-30 14:00:00,583,Ramanathapuram,1.0,-18.835
2022-12-30 15:00:00,583,Ramanathapuram,1.0,-18.835
2022-12-31 12:00:00,583,Ramanathapuram,3.5,-11.3855
2023-01-08 16:00:00,583,Ramanathapuram,0.5,-11.7695
2023-01-09 14:00:00,583,Ramanathapuram,6.0,-19.644
2023-01-09 15:00:00,583,Ramanathapuram,0.5,-19.644
2023-01-09 17:00:00,583,Ramanathapuram,4.0,-11.8075
2023-01-09 22:00:00,583,Ramanathapuram,0.5,-11.8205
2023-01-10 09:00:00,583,Ramanathapuram,0.5,-3.982
2023-01-10 11:00:00,583,Ramanathapuram,0.5,-4.061
2023-01-10 12:00:00,583,Ramanathapuram,0.5,-4.061
2023-01-10 13:00:00,583,Ramanathapuram,5.0,-4.061
2023-01-10 16:00:00,583,Ramanathapuram,14.5,-11.8775
2023-01-11 10:00:00,583,Ramanathapuram,6.0,-11.978
2023-01-11 11:00:00,583,Ramanathapuram,1.5,-11.978
2023-01-11 17:00:00,583,Ramanathapuram,9.5,-11.9645
2023-01-11 18:00:00,583,Ramanathapuram,107.0,-11.9645
2023-01-12 09:00:00,583,Ramanathapuram,1.0,-11.969
2023-01-12 12:00:00,583,Ramanathapuram,2.5,-11.9785
2023-01-12 17:00:00,583,Ramanathapuram,13.0,-12.0725
2023-01-13 11:00:00,583,Ramanathapuram,0.5,-12.011
2023-01-13 13:00:00,583,Ramanathapuram,38.0,-12.011
2023-01-13 16:00:00,583,Ramanathapuram,27.0,-12.011
2023-01-13 18:00:00,583,Ramanathapuram,0.5,-12.011
2023-01-13 19:00:00,583,Ramanathapuram,35.5,-12.011
2023-01-13 20:00:00,583,Ramanathapuram,6.5,-12.011
2023-01-14 09:00:00,583,Ramanathapuram,0.5,-12.025
2023-01-14 10:00:00,583,Ramanathapuram,6.0,-12.049
2023-01-15 13:00:00,583,Ramanathapuram,0.5,-12.122
2023-01-15 14:00:00,583,Ramanathapuram,1.0,-12.122
2023-01-15 17:00:00,583,Ramanathapuram,1.5,-12.1415
2023-01-15 22:00:00,583,Ramanathapuram,0.5,-12.158
2023-01-16 00:00:00,583,Ramanathapuram,0.5,-12.158
2023-01-30 12:00:00,583,Ramanathapuram,2.5,-12.4985
2023-01-30 15:00:00,583,Ramanathapuram,0.5,-12.4985
2023-01-30 18:00:00,583,Ramanathapuram,0.5,-12.5455
2023-02-01 08:00:00,583,Ramanathapuram,0.5,-12.609
2023-02-01 17:00:00,583,Ramanathapuram,0.5,-12.614
2023-02-01 19:00:00,583,Ramanathapuram,2.0,-12.614
2023-02-01 20:00:00,583,Ramanathapuram,1.0,-12.614
2023-02-01 22:00:00,583,Ramanathapuram,0.5,-12.6155
2023-02-02 04:00:00,583,Ramanathapuram,0.5,-12.5965
2023-02-02 05:00:00,583,Ramanathapuram,2.0,-12.5965
2023-02-02 06:00:00,583,Ramanathapuram,1.75,-12.5965
2023-02-02 07:00:00,583,Ramanathapuram,2.875,-12.5965
2023-02-02 08:00:00,583,Ramanathapuram,2.5,-12.5965
2023-02-02 09:00:00,583,Ramanathapuram,3.9,-12.5965
2023-02-02 10:00:00,583,Ramanathapuram,2.875,-12.588
2023-02-02 11:00:00,583,Ramanathapuram,1.5,-12.588
2023-02-02 12:00:00,583,Ramanathapuram,1.0,-12.588
2023-02-02 13:00:00,583,Ramanathapuram,1.0,-12.588
2023-02-02 14:00:00,583,Ramanathapuram,1.5,-12.588
2023-02-02 15:00:00,583,Ramanathapuram,1.25,-12.588
2023-02-02 16:00:00,583,Ramanathapuram,2.333333333333333,-12.6215
2023-02-02 17:00:00,583,Ramanathapuram,0.875,-12.6215
2023-02-02 18:00:00,583,Ramanathapuram,2.0,-12.6215
2023-02-02 19:00:00,583,Ramanathapuram,1.75,-12.6215
2023-02-02 20:00:00,583,Ramanathapuram,0.5,-12.6215
2023-02-02 21:00:00,583,Ramanathapuram,0.5,-12.6215
2023-02-02 23:00:00,583,Ramanathapuram,0.5,-12.5765
2023-02-03 00:00:00,583,Ramanathapuram,1.5,-12.5765
2023-02-03 01:00:00,583,Ramanathapuram,0.5,-12.5765
2023-02-03 02:00:00,583,Ramanathapuram,0.5,-12.5765
2023-02-03 07:00:00,583,Ramanathapuram,0.5,-12.553
2023-02-03 08:00:00,583,Ramanathapuram,0.75,-12.553
2023-02-03 09:00:00,583,Ramanathapuram,1.0,-12.553
2023-02-03 12:00:00,583,Ramanathapuram,0.5,-12.5525
2023-02-04 05:00:00,583,Ramanathapuram,0.5,-12.5225
2023-02-04 10:00:00,583,Ramanathapuram,2.0,-12.5295
2023-02-04 11:00:00,583,Ramanathapuram,6.0,-12.5295
2023-02-04 12:00:00,583,Ramanathapuram,2.6666666666666665,-12.5295
2023-02-04 13:00:00,583,Ramanathapuram,0.5,-12.5295
2023-02-04 16:00:00,583,Ramanathapuram,14.5,-12.627
2023-02-04 17:00:00,583,Ramanathapuram,1.5,-12.627
2023-02-10 06:00:00,583,Ramanathapuram,0.5,-12.501
2023-02-16 07:00:00,583,Ramanathapuram,1.0,-12.668
2023-02-22 13:00:00,583,Ramanathapuram,2.0,-12.985
2023-02-22 14:00:00,583,Ramanathapuram,0.5,-12.985
2023-02-22 15:00:00,583,Ramanathapuram,0.5,-12.985
2023-02-22 16:00:00,583,Ramanathapuram,1.5,-12.9745
2023-02-22 17:00:00,583,Ramanathapuram,5.5,-12.9745
2023-02-22 18:00:00,583,Ramanathapuram,3.5,-12.9745
2023-02-22 19:00:00,583,Ramanathapuram,1.5,-12.9745
2023-02-22 20:00:00,583,Ramanathapuram,0.5,-12.9745
2023-02-22 21:00:00,583,Ramanathapuram,0.5,-12.9745
2023-02-22 23:00:00,583,Ramanathapuram,0.5,-13.0015
2023-02-23 00:00:00,583,Ramanathapuram,8.0,-13.0015
2023-02-23 01:00:00,583,Ramanathapuram,6.0,-13.0015
2023-02-23 02:00:00,583,Ramanathapuram,0.5,-13.0015
2023-02-23 03:00:00,583,Ramanathapuram,5.0,-13.0015
2023-02-23 04:00:00,583,Ramanathapuram,4.0,-12.9975
2023-02-23 05:00:00,583,Ramanathapuram,1.0,-12.9975
2023-02-23 07:00:00,583,Ramanathapuram,1.0,-12.9975
2023-02-23 08:00:00,583,Ramanathapuram,1.0,-12.9975
2023-02-23 09:00:00,583,Ramanathapuram,4.0,-12.9975
2023-02-23 10:00:00,583,Ramanathapuram,5.5,-13.035
2023-02-23 11:00:00,583,Ramanathapuram,2.5,-13.035
2023-02-23 12:00:00,583,Ramanathapuram,2.5,-13.035
2023-02-23 13:00:00,583,Ramanathapuram,2.0,-13.035
2023-02-23 14:00:00,583,Ramanathapuram,8.5,-13.035
2023-02-23 15:00:00,583,Ramanathapuram,2.5,-13.035
2023-02-23 16:00:00,583,Ramanathapuram,1.0,-13.051000000000002
2023-02-23 18:00:00,583,Ramanathapuram,0.5,-13.051000000000002
2023-02-23 21:00:00,583,Ramanathapuram,0.5,-13.051000000000002
2023-02-23 23:00:00,583,Ramanathapuram,0.5,-13.0945
2023-02-24 02:00:00,583,Ramanathapuram,1.0,-13.0945
2023-02-24 03:00:00,583,Ramanathapuram,0.5,-13.0945
2023-02-24 04:00:00,583,Ramanathapuram,0.5,-13.0995
2023-02-24 06:00:00,583,Ramanathapuram,0.5,-13.0995
2023-02-25 12:00:00,583,Ramanathapuram,4.0,-13.2545
2023-02-25 13:00:00,583,Ramanathapuram,2.0,-13.2545
2023-02-25 15:00:00,583,Ramanathapuram,1.5,-13.2545
2023-02-25 16:00:00,583,Ramanathapuram,1.5,-13.4405
2023-02-25 19:00:00,583,Ramanathapuram,3.0,-13.4405
2023-02-25 20:00:00,583,Ramanathapuram,0.5,-13.4405
2023-02-25 21:00:00,583,Ramanathapuram,2.0,-13.4405
2023-02-25 22:00:00,583,Ramanathapuram,1.0,-13.2985
2023-02-25 23:00:00,583,Ramanathapuram,0.5,-13.2985
2023-02-26 00:00:00,583,Ramanathapuram,1.0,-13.2985
2023-02-26 01:00:00,583,Ramanathapuram,7.5,-13.2985
2023-02-26 02:00:00,583,Ramanathapuram,4.0,-13.2985
2023-02-26 03:00:00,583,Ramanathapuram,5.5,-13.2985
2023-02-26 04:00:00,583,Ramanathapuram,6.0,-13.286
2023-02-26 06:00:00,583,Ramanathapuram,0.5,-13.286
2023-02-26 08:00:00,583,Ramanathapuram,0.5,-13.286
2023-02-26 09:00:00,583,Ramanathapuram,1.0,-13.286
2023-02-26 11:00:00,583,Ramanathapuram,0.5,-13.283
2023-02-26 17:00:00,583,Ramanathapuram,0.5,-13.538
2023-02-27 09:00:00,583,Ramanathapuram,0.5,-13.293
2023-02-27 16:00:00,583,Ramanathapuram,0.5,-13.422
2023-02-28 05:00:00,583,Ramanathapuram,2.25,-4.218
2023-02-28 06:00:00,583,Ramanathapuram,4.0,-4.218
2023-02-28 07:00:00,583,Ramanathapuram,12.0,-4.218
2023-02-28 08:00:00,583,Ramanathapuram,5.5,-4.218
2023-02-28 09:00:00,583,Ramanathapuram,1.6666666666666667,-4.218
2023-02-28 11:00:00,583,Ramanathapuram,14.5,-4.242
2023-02-28 12:00:00,583,Ramanathapuram,1.0,-4.242
2023-02-28 13:00:00,583,Ramanathapuram,2.5,-4.242
2023-02-28 14:00:00,583,Ramanathapuram,7.0,-4.242
2023-02-28 15:00:00,583,Ramanathapuram,0.5,-4.242
2023-02-28 16:00:00,583,Ramanathapuram,4.0,-4.695
2023-02-28 17:00:00,583,Ramanathapuram,3.5,-4.695
2023-02-28 18:00:00,583,Ramanathapuram,1.0,-4.695
2023-02-28 19:00:00,583,Ramanathapuram,0.5,-4.695
2023-03-01 02:00:00,583,Ramanathapuram,1.5,-4.237
2023-03-01 03:00:00,583,Ramanathapuram,0.5,-4.237
2023-03-01 04:00:00,583,Ramanathapuram,19.0,-13.2745
2023-03-01 05:00:00,583,Ramanathapuram,1.875,-13.2745
2023-03-01 06:00:00,583,Ramanathapuram,1.0,-13.2745
2023-03-01 07:00:00,583,Ramanathapuram,2.25,-13.2745
2023-03-01 08:00:00,583,Ramanathapuram,0.5,-13.2745
2023-03-01 11:00:00,583,Ramanathapuram,0.5,-13.2715
2023-03-01 17:00:00,583,Ramanathapuram,1.5,-13.2765
2023-03-01 19:00:00,583,Ramanathapuram,2.5,-13.2765
2023-03-01 21:00:00,583,Ramanathapuram,0.5,-13.2765
2023-03-02 12:00:00,583,Ramanathapuram,0.5,-13.2385
2023-03-04 19:00:00,583,Ramanathapuram,0.5,-22.258
2023-03-09 01:00:00,583,Ramanathapuram,0.5,-13.6765
2023-03-09 09:00:00,583,Ramanathapuram,0.5,-13.668
2023-03-09 21:00:00,583,Ramanathapuram,1.0,-13.877
2023-03-10 10:00:00,583,Ramanathapuram,0.5,-13.7355
2023-03-10 15:00:00,583,Ramanathapuram,0.5,-13.7355
2023-03-17 02:00:00,583,Ramanathapuram,11.5,-14.078
2023-03-17 03:00:00,583,Ramanathapuram,21.5,-14.078
2023-03-17 04:00:00,583,Ramanathapuram,3.0,-23.856
2023-03-17 07:00:00,583,Ramanathapuram,0.5,-23.856
2023-03-17 08:00:00,583,Ramanathapuram,0.5,-23.856
2023-03-20 00:00:00,583,Ramanathapuram,2.5,-14.351
2023-03-20 01:00:00,583,Ramanathapuram,0.5,-14.351
2023-03-20 02:00:00,583,Ramanathapuram,13.0,-14.351
2023-03-20 03:00:00,583,Ramanathapuram,0.5,-14.351
2023-03-20 11:00:00,583,Ramanathapuram,0.5,-14.3695
2023-03-20 13:00:00,583,Ramanathapuram,3.5,-14.3695
2023-03-20 14:00:00,583,Ramanathapuram,1.25,-14.3695
2023-03-20 15:00:00,583,Ramanathapuram,4.25,-14.3695
2023-03-20 16:00:00,583,Ramanathapuram,16.0,-14.388
2023-03-20 17:00:00,583,Ramanathapuram,2.25,-14.388
2023-03-20 18:00:00,583,Ramanathapuram,0.5,-14.388
2023-03-20 19:00:00,583,Ramanathapuram,0.5,-14.388
2023-03-20 20:00:00,583,Ramanathapuram,0.5,-14.388
2023-03-22 03:00:00,583,Ramanathapuram,3.0,-14.268
2023-03-22 04:00:00,583,Ramanathapuram,22.5,-14.2195
2023-03-22 05:00:00,583,Ramanathapuram,0.5,-14.2195
2023-03-23 08:00:00,583,Ramanathapuram,0.5,-14.107
2023-03-27 22:00:00,583,Ramanathapuram,5.0,-4.285
2023-03-28 00:00:00,583,Ramanathapuram,0.5,-4.285
2023-03-28 01:00:00,583,Ramanathapuram,2.0,-4.285
2023-03-28 07:00:00,583,Ramanathapuram,0.5,-4.277
2023-03-28 08:00:00,583,Ramanathapuram,80.5,-4.277
2023-03-28 09:00:00,583,Ramanathapuram,4.5,-4.277
2023-03-28 10:00:00,583,Ramanathapuram,8.0,-4.276
2023-03-28 11:00:00,583,Ramanathapuram,2.0,-4.276
2023-03-28 13:00:00,583,Ramanathapuram,1.0,-4.276
2023-03-28 14:00:00,583,Ramanathapuram,1.5,-4.276
2023-03-28 15:00:00,583,Ramanathapuram,0.5,-4.276
2023-03-28 16:00:00,583,Ramanathapuram,0.5,-13.742
2023-03-28 18:00:00,583,Ramanathapuram,2.0,-13.742
2023-03-28 19:00:00,583,Ramanathapuram,0.5,-13.742
2023-03-28 20:00:00,583,Ramanathapuram,2.5,-13.742
2023-03-28 21:00:00,583,Ramanathapuram,2.0,-13.742
2023-03-28 22:00:00,583,Ramanathapuram,0.5,-13.746
2023-03-28 23:00:00,583,Ramanathapuram,0.5,-13.746
2023-03-29 00:00:00,583,Ramanathapuram,0.5,-13.746
2023-03-29 01:00:00,583,Ramanathapuram,1.0,-13.746
2023-04-01 23:00:00,583,Ramanathapuram,0.5,-13.738
2023-04-22 15:15:00,583,Ramanathapuram,0.5,-26.106
2023-04-22 15:20:00,583,Ramanathapuram,1.0,-26.106
2023-04-22 15:25:00,583,Ramanathapuram,1.0,-26.106
2023-04-22 15:30:00,583,Ramanathapuram,1.0,-26.106
2023-04-22 15:35:00,583,Ramanathapuram,1.0,-26.106
2023-04-22 15:40:00,583,Ramanathapuram,1.0,-26.106
2023-04-22 15:45:00,583,Ramanathapuram,1.0,-26.106
2023-04-22 15:50:00,583,Ramanathapuram,1.0,-26.106
2023-04-22 15:55:00,583,Ramanathapuram,1.0,-26.106
2023-04-22 16:00:00,583,Ramanathapuram,1.0,-26.106
2023-04-23 14:00:00,583,Ramanathapuram,5.0,-26.165
2023-04-23 15:00:00,583,Ramanathapuram,0.5,-26.165
2023-04-24 00:00:00,583,Ramanathapuram,0.5,-26.159
2023-04-24 01:00:00,583,Ramanathapuram,0.5,-26.159
2023-04-24 03:00:00,583,Ramanathapuram,6.5,-26.159
2023-04-24 04:00:00,583,Ramanathapuram,9.25,-26.099
2023-04-24 05:00:00,583,Ramanathapuram,3.125,-26.099
2023-04-24 06:00:00,583,Ramanathapuram,2.75,-26.099
2023-04-24 07:00:00,583,Ramanathapuram,0.5,-26.099
2023-04-24 08:00:00,583,Ramanathapuram,0.5,-26.099
2023-04-24 10:00:00,583,Ramanathapuram,0.5,-26.038
2023-04-24 13:00:00,583,Ramanathapuram,0.5,-26.038
2023-04-24 14:00:00,583,Ramanathapuram,1.5,-26.038
2023-04-25 05:00:00,583,Ramanathapuram,1.75,-25.794
2023-04-25 06:00:00,583,Ramanathapuram,7.0,-25.794
2023-04-25 07:00:00,583,Ramanathapuram,2.0,-25.794
2023-04-25 08:00:00,583,Ramanathapuram,0.5,-25.794
2023-04-25 10:00:00,583,Ramanathapuram,1.75,-25.736
2023-04-25 11:00:00,583,Ramanathapuram,3.0,-25.736
2023-04-25 12:00:00,583,Ramanathapuram,1.5,-25.736
2023-04-25 13:00:00,583,Ramanathapuram,2.5,-25.736
2023-04-25 14:00:00,583,Ramanathapuram,3.0,-25.736
2023-04-25 15:00:00,583,Ramanathapuram,2.0,-25.736
2023-04-25 16:00:00,583,Ramanathapuram,1.5,-25.666
2023-04-25 17:00:00,583,Ramanathapuram,1.0,-25.666
2023-04-25 18:00:00,583,Ramanathapuram,1.0,-25.666
2023-04-25 19:00:00,583,Ramanathapuram,1.0,-25.666
2023-04-25 20:00:00,583,Ramanathapuram,1.0,-25.666
2023-04-25 21:00:00,583,Ramanathapuram,0.5,-25.666
2023-04-25 22:00:00,583,Ramanathapuram,0.5,-14.991
2023-04-25 23:00:00,583,Ramanathapuram,0.5,-14.991
2023-04-27 12:00:00,583,Ramanathapuram,0.5,-14.84
2023-04-27 12:55:00,583,Ramanathapuram,2.0,-14.84
2023-04-27 13:00:00,583,Ramanathapuram,3.0,-14.84
2023-04-27 13:05:00,583,Ramanathapuram,1.5,-14.84
2023-04-27 13:10:00,583,Ramanathapuram,6.0,-14.84
2023-04-27 13:15:00,583,Ramanathapuram,8.5,-14.84
2023-04-27 13:20:00,583,Ramanathapuram,12.5,-14.84
2023-04-27 13:25:00,583,Ramanathapuram,14.0,-14.84
2023-04-27 13:30:00,583,Ramanathapuram,14.5,-14.84
2023-04-27 13:35:00,583,Ramanathapuram,14.5,-14.84
2023-04-27 13:40:00,583,Ramanathapuram,14.5,-14.84
2023-04-27 13:45:00,583,Ramanathapuram,14.5,-14.84
2023-04-27 13:50:00,583,Ramanathapuram,14.5,-14.84
2023-04-27 13:55:00,583,Ramanathapuram,14.5,-14.84
2023-04-27 14:00:00,583,Ramanathapuram,14.5,-14.84
2023-04-27 15:00:00,583,Ramanathapuram,0.5,-14.84
2023-04-27 18:00:00,583,Ramanathapuram,0.5,-14.807
2023-04-27 20:00:00,583,Ramanathapuram,60.0,-14.807
2023-04-27 21:00:00,583,Ramanathapuram,516.0,-14.807
2023-04-27 22:00:00,583,Ramanathapuram,0.5,-14.782
2023-04-28 03:00:00,583,Ramanathapuram,0.5,-14.782
2023-04-28 08:00:00,583,Ramanathapuram,0.5,-14.7575
2023-04-28 10:00:00,583,Ramanathapuram,0.5,-14.7525
2023-04-28 11:00:00,583,Ramanathapuram,3.0,-14.7525
2023-04-28 12:00:00,583,Ramanathapuram,10.5,-14.7525
2023-04-28 13:00:00,583,Ramanathapuram,3.5,-14.7525
2023-04-28 14:00:00,583,Ramanathapuram,2.0,-14.7525
2023-04-28 16:00:00,583,Ramanathapuram,0.5,-14.782
2023-04-29 02:00:00,583,Ramanathapuram,1.5,-14.703
2023-04-29 04:00:00,583,Ramanathapuram,1.5,-14.6805
2023-04-29 06:00:00,583,Ramanathapuram,0.5,-14.6805
2023-04-29 12:30:00,583,Ramanathapuram,0.5,-14.6735
2023-04-29 12:35:00,583,Ramanathapuram,0.5,-14.6735
2023-04-29 12:40:00,583,Ramanathapuram,0.5,-14.6735
2023-04-29 12:45:00,583,Ramanathapuram,0.5,-14.6735
2023-04-29 12:50:00,583,Ramanathapuram,0.5,-14.6735
2023-04-29 12:55:00,583,Ramanathapuram,0.5,-14.6735
2023-04-29 13:00:00,583,Ramanathapuram,2.25,-14.6735
2023-04-29 14:00:00,583,Ramanathapuram,1.5,-14.6735
2023-04-29 15:00:00,583,Ramanathapuram,0.5,-14.6735
2023-04-29 17:00:00,583,Ramanathapuram,31.5,-14.645499999999998
2023-04-29 18:00:00,583,Ramanathapuram,4.2,-14.645499999999998
2023-04-29 19:00:00,583,Ramanathapuram,1.625,-14.645499999999998
2023-04-29 20:00:00,583,Ramanathapuram,1.5,-14.645499999999998
2023-04-30 14:00:00,583,Ramanathapuram,1.0,-14.8355
2023-04-30 14:25:00,583,Ramanathapuram,0.5,-14.8355
2023-04-30 14:30:00,583,Ramanathapuram,0.5,-14.8355
2023-04-30 14:35:00,583,Ramanathapuram,0.5,-14.8355
2023-04-30 14:40:00,583,Ramanathapuram,0.5,-14.8355
2023-04-30 14:45:00,583,Ramanathapuram,0.5,-14.8355
2023-04-30 14:50:00,583,Ramanathapuram,0.5,-14.8355
2023-04-30 14:55:00,583,Ramanathapuram,0.5,-14.8355
2023-04-30 15:00:00,583,Ramanathapuram,0.5,-14.8355
2023-04-30 19:00:00,583,Ramanathapuram,2.5,-24.745
2023-05-01 03:00:00,583,Ramanathapuram,1.5,-24.714
2023-05-01 05:00:00,583,Ramanathapuram,0.5,-24.651
2023-05-01 07:00:00,583,Ramanathapuram,0.5,-24.651
2023-05-01 12:00:00,583,Ramanathapuram,23.5,-24.63
2023-05-01 12:35:00,583,Ramanathapuram,1.0,-24.63
2023-05-01 12:40:00,583,Ramanathapuram,1.5,-24.63
2023-05-01 12:45:00,583,Ramanathapuram,1.5,-24.63
2023-05-01 12:50:00,583,Ramanathapuram,1.5,-24.63
2023-05-01 12:55:00,583,Ramanathapuram,2.0,-24.63
2023-05-01 13:00:00,583,Ramanathapuram,1.75,-24.63
2023-05-01 13:10:00,583,Ramanathapuram,0.5,-24.63
2023-05-01 13:15:00,583,Ramanathapuram,0.5,-24.63
2023-05-01 13:20:00,583,Ramanathapuram,1.0,-24.63
2023-05-01 13:25:00,583,Ramanathapuram,1.0,-24.63
2023-05-01 13:30:00,583,Ramanathapuram,1.5,-24.63
2023-05-01 13:35:00,583,Ramanathapuram,1.5,-24.63
2023-05-01 13:40:00,583,Ramanathapuram,2.0,-24.63
2023-05-01 13:50:00,583,Ramanathapuram,2.5,-24.63
2023-05-01 14:00:00,583,Ramanathapuram,2.5,-24.63
2023-05-01 14:05:00,583,Ramanathapuram,0.5,-24.63
2023-05-01 14:10:00,583,Ramanathapuram,0.5,-24.63
2023-05-01 14:15:00,583,Ramanathapuram,0.5,-24.63
2023-05-01 14:25:00,583,Ramanathapuram,0.5,-24.63
2023-05-01 14:30:00,583,Ramanathapuram,1.0,-24.63
2023-05-01 14:35:00,583,Ramanathapuram,1.0,-24.63
2023-05-01 14:40:00,583,Ramanathapuram,1.0,-24.63
2023-05-01 14:55:00,583,Ramanathapuram,1.0,-24.63
2023-05-01 15:05:00,583,Ramanathapuram,1.5,-24.584
2023-05-01 15:10:00,583,Ramanathapuram,1.5,-24.584
2023-05-01 15:15:00,583,Ramanathapuram,1.5,-24.584
2023-05-01 15:20:00,583,Ramanathapuram,1.5,-24.584
2023-05-01 15:25:00,583,Ramanathapuram,1.5,-24.584
2023-05-01 15:30:00,583,Ramanathapuram,1.5,-24.584
2023-05-01 15:35:00,583,Ramanathapuram,1.5,-24.584
2023-05-01 15:40:00,583,Ramanathapuram,1.5,-24.584
2023-05-01 15:45:00,583,Ramanathapuram,1.5,-24.584
2023-05-01 15:50:00,583,Ramanathapuram,2.0,-24.584
2023-05-01 15:55:00,583,Ramanathapuram,2.0,-24.584
2023-05-01 16:00:00,583,Ramanathapuram,2.0,-24.584
2023-05-01 16:55:00,583,Ramanathapuram,0.5,-24.584
2023-05-01 17:00:00,583,Ramanathapuram,0.5,-24.584
2023-05-01 19:00:00,583,Ramanathapuram,67.25,-24.584
2023-05-01 19:10:00,583,Ramanathapuram,0.5,-24.584
2023-05-01 19:15:00,583,Ramanathapuram,0.5,-24.584
2023-05-01 19:20:00,583,Ramanathapuram,0.5,-24.584
2023-05-01 19:25:00,583,Ramanathapuram,0.5,-24.584
2023-05-01 19:30:00,583,Ramanathapuram,0.5,-24.584
2023-05-01 19:35:00,583,Ramanathapuram,0.5,-24.584
2023-05-01 19:40:00,583,Ramanathapuram,0.5,-24.584
2023-05-01 19:45:00,583,Ramanathapuram,0.5,-24.584
2023-05-01 19:50:00,583,Ramanathapuram,0.5,-24.584
2023-05-01 19:55:00,583,Ramanathapuram,0.5,-24.584
2023-05-01 20:00:00,583,Ramanathapuram,217.3333333333333,-24.584
2023-05-01 21:00:00,583,Ramanathapuram,603.0,-24.584
2023-05-01 22:00:00,583,Ramanathapuram,612.5,-24.546
2023-05-01 23:00:00,583,Ramanathapuram,60.25,-24.546
2023-05-02 00:00:00,583,Ramanathapuram,29.0,-24.546
2023-05-02 01:00:00,583,Ramanathapuram,19.5,-24.546
2023-05-02 02:00:00,583,Ramanathapuram,74.33333333333333,-24.546
2023-05-02 03:00:00,583,Ramanathapuram,3.6666666666666665,-24.546
2023-05-02 04:00:00,583,Ramanathapuram,1.6666666666666667,-24.501
2023-05-02 05:00:00,583,Ramanathapuram,1.125,-24.501
2023-05-02 06:00:00,583,Ramanathapuram,0.5,-24.501
2023-05-02 07:00:00,583,Ramanathapuram,0.5,-24.501
2023-05-02 13:00:00,583,Ramanathapuram,1.0,-24.478
2023-05-02 14:00:00,583,Ramanathapuram,1.0,-24.478
2023-05-02 15:00:00,583,Ramanathapuram,0.5,-24.478
2023-05-02 20:00:00,583,Ramanathapuram,0.5,-24.434
2023-05-02 22:00:00,583,Ramanathapuram,11.0,-24.42
2023-05-02 23:00:00,583,Ramanathapuram,2.833333333333333,-24.42
2023-05-03 00:00:00,583,Ramanathapuram,2.6666666666666665,-24.42
2023-05-03 01:00:00,583,Ramanathapuram,11.5,-24.42
2023-05-03 02:00:00,583,Ramanathapuram,0.5,-24.42
2023-05-03 06:00:00,583,Ramanathapuram,1.0,-24.376
2023-05-03 06:05:00,583,Ramanathapuram,0.5,-24.376
2023-05-03 06:10:00,583,Ramanathapuram,0.5,-24.376
2023-05-03 06:15:00,583,Ramanathapuram,0.5,-24.376
2023-05-03 06:20:00,583,Ramanathapuram,0.5,-24.376
2023-05-03 06:25:00,583,Ramanathapuram,0.5,-24.376
2023-05-03 06:30:00,583,Ramanathapuram,0.5,-24.376
2023-05-03 06:35:00,583,Ramanathapuram,0.5,-24.376
2023-05-03 06:40:00,583,Ramanathapuram,0.5,-24.376
2023-05-03 06:45:00,583,Ramanathapuram,0.5,-24.376
2023-05-03 06:50:00,583,Ramanathapuram,0.5,-24.376
2023-05-03 06:55:00,583,Ramanathapuram,0.5,-24.376
2023-05-03 07:00:00,583,Ramanathapuram,0.5,-24.376
2023-05-03 19:00:00,583,Ramanathapuram,17.833333333333332,-24.308
2023-05-03 20:00:00,583,Ramanathapuram,4.1,-24.308
2023-05-03 21:00:00,583,Ramanathapuram,3.3,-24.308
2023-05-03 22:00:00,583,Ramanathapuram,14.6,-24.278
2023-05-03 23:00:00,583,Ramanathapuram,265.5,-24.278
2023-05-04 00:00:00,583,Ramanathapuram,4.5,-24.278
2023-05-04 01:00:00,583,Ramanathapuram,0.75,-24.278
2023-05-04 02:00:00,583,Ramanathapuram,1.8333333333333333,-24.278
2023-05-04 06:40:00,583,Ramanathapuram,0.5,-24.23
2023-05-04 06:45:00,583,Ramanathapuram,0.5,-24.23
2023-05-04 06:50:00,583,Ramanathapuram,0.5,-24.23
2023-05-04 06:55:00,583,Ramanathapuram,0.5,-24.23
2023-05-04 07:00:00,583,Ramanathapuram,0.5,-24.23
2023-05-04 21:00:00,583,Ramanathapuram,4.5,-14.2455
2023-05-04 23:00:00,583,Ramanathapuram,16.5,-14.235
2023-05-05 00:00:00,583,Ramanathapuram,13.375,-14.235
2023-05-05 00:55:00,583,Ramanathapuram,0.5,-14.235
2023-05-05 01:00:00,583,Ramanathapuram,41.7,-14.235
2023-05-05 02:00:00,583,Ramanathapuram,29.83333333333333,-14.235
2023-05-05 03:00:00,583,Ramanathapuram,1.4,-14.235
2023-05-05 04:00:00,583,Ramanathapuram,2.333333333333333,-14.1955
2023-05-05 05:00:00,583,Ramanathapuram,1.3333333333333333,-14.1955
2023-05-05 06:00:00,583,Ramanathapuram,0.75,-14.1955
2023-05-05 07:00:00,583,Ramanathapuram,0.6666666666666666,-14.1955
2023-05-05 08:00:00,583,Ramanathapuram,0.5,-14.1955
2023-05-05 19:00:00,583,Ramanathapuram,0.5,-14.1555
2023-05-06 08:20:00,583,Ramanathapuram,5.0,-14.1245
2023-05-06 08:25:00,583,Ramanathapuram,5.0,-14.1245
2023-05-06 08:30:00,583,Ramanathapuram,5.0,-14.1245
2023-05-06 08:35:00,583,Ramanathapuram,5.0,-14.1245
2023-05-06 08:40:00,583,Ramanathapuram,5.0,-14.1245
2023-05-06 08:45:00,583,Ramanathapuram,5.0,-14.1245
2023-05-06 08:50:00,583,Ramanathapuram,5.0,-14.1245
2023-05-06 08:55:00,583,Ramanathapuram,5.0,-14.1245
2023-05-06 09:00:00,583,Ramanathapuram,5.0,-14.1245
2023-05-06 16:00:00,583,Ramanathapuram,22.0,-14.084
2023-05-06 17:00:00,583,Ramanathapuram,135.0,-14.084
2023-05-06 20:00:00,583,Ramanathapuram,0.5,-14.084
2023-05-06 21:00:00,583,Ramanathapuram,4.0,-14.084
2023-05-06 22:00:00,583,Ramanathapuram,2.5,-14.096
2023-05-07 01:00:00,583,Ramanathapuram,1.5,-14.096
2023-05-07 03:00:00,583,Ramanathapuram,0.5,-14.096
2023-05-07 04:00:00,583,Ramanathapuram,0.75,-14.0575
2023-05-07 05:00:00,583,Ramanathapuram,0.5,-14.0575
2023-05-07 09:00:00,583,Ramanathapuram,45.0,-14.0575
2023-05-07 10:00:00,583,Ramanathapuram,3.5,-14.0545
2023-05-07 13:00:00,583,Ramanathapuram,2.5,-14.0545
2023-05-08 14:00:00,583,Ramanathapuram,0.5,-23.734
2023-05-08 15:00:00,583,Ramanathapuram,18.5,-23.734
2023-05-08 16:00:00,583,Ramanathapuram,0.5,-23.691
2023-05-08 17:00:00,583,Ramanathapuram,0.5,-23.691
2023-05-08 18:40:00,583,Ramanathapuram,0.5,-23.691
2023-05-08 18:45:00,583,Ramanathapuram,0.5,-23.691
2023-05-08 18:50:00,583,Ramanathapuram,0.5,-23.691
2023-05-08 18:55:00,583,Ramanathapuram,0.5,-23.691
2023-05-08 19:00:00,583,Ramanathapuram,0.75,-23.691
2023-05-08 20:00:00,583,Ramanathapuram,13.75,-23.691
2023-05-08 20:50:00,583,Ramanathapuram,0.5,-23.691
2023-05-08 20:55:00,583,Ramanathapuram,0.5,-23.691
2023-05-08 21:00:00,583,Ramanathapuram,3.8333333333333335,-23.691
2023-05-08 21:05:00,583,Ramanathapuram,0.5,-23.674
2023-05-08 21:10:00,583,Ramanathapuram,1.0,-23.674
2023-05-08 21:15:00,583,Ramanathapuram,1.0,-23.674
2023-05-08 21:20:00,583,Ramanathapuram,1.5,-23.674
2023-05-08 21:25:00,583,Ramanathapuram,2.0,-23.674
2023-05-08 21:30:00,583,Ramanathapuram,2.0,-23.674
2023-05-08 21:35:00,583,Ramanathapuram,2.0,-23.674
2023-05-08 21:40:00,583,Ramanathapuram,2.0,-23.674
2023-05-08 21:45:00,583,Ramanathapuram,2.0,-23.674
2023-05-08 21:55:00,583,Ramanathapuram,2.0,-23.674
2023-05-08 22:00:00,583,Ramanathapuram,1.0,-23.674
2023-05-08 22:05:00,583,Ramanathapuram,0.5,-23.674
2023-05-08 22:10:00,583,Ramanathapuram,0.5,-23.674
2023-05-08 22:15:00,583,Ramanathapuram,0.5,-23.674
2023-05-08 22:20:00,583,Ramanathapuram,0.5,-23.674
2023-05-08 22:25:00,583,Ramanathapuram,0.5,-23.674
2023-05-08 22:30:00,583,Ramanathapuram,0.5,-23.674
2023-05-08 22:35:00,583,Ramanathapuram,0.5,-23.674
2023-05-08 22:40:00,583,Ramanathapuram,0.5,-23.674
2023-05-08 22:45:00,583,Ramanathapuram,0.5,-23.674
2023-05-08 22:50:00,583,Ramanathapuram,0.5,-23.674
2023-05-08 22:55:00,583,Ramanathapuram,0.5,-23.674
2023-05-08 23:00:00,583,Ramanathapuram,0.5,-23.674
2023-05-09 05:00:00,583,Ramanathapuram,7.0,-23.645
2023-05-09 16:00:00,583,Ramanathapuram,4.0,-23.589
2023-05-09 18:00:00,583,Ramanathapuram,2.0,-23.589
2023-05-11 05:00:00,583,Ramanathapuram,1.0,-23.443
2023-05-11 22:00:00,583,Ramanathapuram,6.0,-23.373
2023-05-11 23:00:00,583,Ramanathapuram,7.0,-23.373
2023-06-02 10:00:00,583,Ramanathapuram,0.5,-14.1895
2023-06-03 09:00:00,583,Ramanathapuram,0.5,-14.1955
2023-06-03 12:00:00,583,Ramanathapuram,0.5,-14.19
2023-06-07 09:00:00,583,Ramanathapuram,27.5,-14.2565
2023-06-07 10:00:00,583,Ramanathapuram,0.5,-14.292000000000002
2023-06-07 13:00:00,583,Ramanathapuram,0.5,-14.292000000000002
2023-06-07 14:00:00,583,Ramanathapuram,5.0,-14.292000000000002
2023-06-07 16:00:00,583,Ramanathapuram,1.5,-14.2815
2023-06-07 17:00:00,583,Ramanathapuram,1.0,-14.2815
2023-06-10 08:00:00,583,Ramanathapuram,70.5,-14.43
2023-06-10 09:00:00,583,Ramanathapuram,3.0,-14.43
2023-06-10 10:00:00,583,Ramanathapuram,10.0,-14.662
2023-06-10 11:00:00,583,Ramanathapuram,72.5,-14.662
2023-06-10 12:00:00,583,Ramanathapuram,54.0,-14.662
2023-06-10 13:00:00,583,Ramanathapuram,71.5,-14.662
2023-06-10 14:00:00,583,Ramanathapuram,29.5,-14.662
2023-06-10 15:00:00,583,Ramanathapuram,35.5,-14.662
2023-06-10 16:00:00,583,Ramanathapuram,4.0,-14.497
2023-06-10 17:00:00,583,Ramanathapuram,13.25,-14.497
2023-06-11 08:00:00,583,Ramanathapuram,0.5,-14.4795
2023-06-11 09:00:00,583,Ramanathapuram,9.0,-14.4795
2023-06-11 10:00:00,583,Ramanathapuram,454.0,-14.4955
2023-06-11 11:00:00,583,Ramanathapuram,113.0,-14.4955
2023-06-11 12:00:00,583,Ramanathapuram,203.0,-14.4955
2023-06-11 13:00:00,583,Ramanathapuram,500.0,-14.4955
2023-06-11 14:00:00,583,Ramanathapuram,30.0,-14.4955
2023-06-11 15:00:00,583,Ramanathapuram,0.5,-14.4955
2023-06-11 16:00:00,583,Ramanathapuram,0.5,-14.469
2023-06-11 17:00:00,583,Ramanathapuram,24.5,-14.469
2023-06-12 08:00:00,583,Ramanathapuram,22.0,-14.4635
2023-06-12 09:00:00,583,Ramanathapuram,3.5,-14.4635
2023-06-12 11:00:00,583,Ramanathapuram,53.5,-14.4235
2023-06-12 12:00:00,583,Ramanathapuram,250.5,-14.4235
2023-06-12 13:00:00,583,Ramanathapuram,346.0,-14.4235
2023-06-12 14:00:00,583,Ramanathapuram,300.0,-14.4235
2023-06-12 15:00:00,583,Ramanathapuram,34.5,-14.4235
2023-06-12 16:00:00,583,Ramanathapuram,6.0,-14.717
2023-06-12 17:00:00,583,Ramanathapuram,0.5,-14.717
2023-06-13 08:00:00,583,Ramanathapuram,91.0,-14.422
2023-06-13 11:00:00,583,Ramanathapuram,6.5,-14.4305
2023-06-13 12:00:00,583,Ramanathapuram,2.0,-14.4305
2023-06-13 16:00:00,583,Ramanathapuram,2.25,-14.3915
2023-06-13 17:00:00,583,Ramanathapuram,1.0,-14.3915
2023-06-13 18:00:00,583,Ramanathapuram,1.0,-14.3915
2023-06-13 19:00:00,583,Ramanathapuram,4.166666666666667,-14.3915
2023-06-13 20:00:00,583,Ramanathapuram,0.75,-14.3915
2023-06-14 07:00:00,583,Ramanathapuram,0.5,-14.3625
2023-06-14 08:00:00,583,Ramanathapuram,1.0,-14.3625
2023-06-14 09:00:00,583,Ramanathapuram,3.5,-14.3625
2023-06-14 10:00:00,583,Ramanathapuram,3.0,-14.348
2023-06-14 11:00:00,583,Ramanathapuram,0.5,-14.348
2023-06-14 12:00:00,583,Ramanathapuram,341.0,-14.348
2023-06-14 13:00:00,583,Ramanathapuram,74.0,-14.348
2023-06-14 14:00:00,583,Ramanathapuram,82.0,-14.348
2023-06-14 15:00:00,583,Ramanathapuram,67.0,-14.348
2023-06-14 16:00:00,583,Ramanathapuram,87.5,-14.35
2023-06-14 17:00:00,583,Ramanathapuram,48.5,-14.35
2023-06-15 08:00:00,583,Ramanathapuram,38.0,-14.273
2023-06-15 09:00:00,583,Ramanathapuram,203.0,-14.273
2023-06-15 10:00:00,583,Ramanathapuram,151.0,-14.2545
2023-06-15 11:00:00,583,Ramanathapuram,239.5,-14.2545
2023-06-15 12:00:00,583,Ramanathapuram,125.0,-14.2545
2023-06-15 13:00:00,583,Ramanathapuram,429.5,-14.2545
2023-06-15 14:00:00,583,Ramanathapuram,777.5,-14.2545
2023-06-15 15:00:00,583,Ramanathapuram,17.0,-14.2545
2023-06-15 16:00:00,583,Ramanathapuram,3.5,-14.231
2023-06-15 20:00:00,583,Ramanathapuram,11.0,-14.231
2023-06-16 09:00:00,583,Ramanathapuram,7.5,-14.1755
2023-06-16 13:00:00,583,Ramanathapuram,0.5,-14.172
2023-06-16 14:00:00,583,Ramanathapuram,13.0,-14.172
2023-06-16 15:00:00,583,Ramanathapuram,40.5,-14.172
2023-06-16 16:00:00,583,Ramanathapuram,0.5,-14.1275
2023-06-17 08:00:00,583,Ramanathapuram,0.5,-14.093
2023-06-19 02:00:00,583,Ramanathapuram,0.5,-13.9805
2023-06-19 09:00:00,583,Ramanathapuram,1.0,-13.963
2023-06-19 11:00:00,583,Ramanathapuram,0.5,-14.046500000000002
2023-06-20 09:00:00,583,Ramanathapuram,0.5,-13.9075
2023-06-20 10:00:00,583,Ramanathapuram,1.5,-13.913
2023-06-20 11:00:00,583,Ramanathapuram,1.0,-13.913
2023-06-21 10:00:00,583,Ramanathapuram,2.5,-13.871
2023-06-21 11:00:00,583,Ramanathapuram,1.0,-13.871
2023-06-21 12:00:00,583,Ramanathapuram,0.5,-13.871
2023-06-21 13:00:00,583,Ramanathapuram,2.0,-13.871
2023-06-21 14:00:00,583,Ramanathapuram,1.0,-13.871
2023-06-21 15:00:00,583,Ramanathapuram,2.0,-13.871
2023-06-21 16:00:00,583,Ramanathapuram,1.0,-13.841
2023-06-21 20:00:00,583,Ramanathapuram,0.5,-13.841
2023-06-21 22:00:00,583,Ramanathapuram,1.5,-13.8365
2023-06-21 23:00:00,583,Ramanathapuram,2.0,-13.8365
2023-06-22 00:00:00,583,Ramanathapuram,0.5,-13.8365
2023-06-22 02:00:00,583,Ramanathapuram,2.0,-13.8365
2023-06-22 03:00:00,583,Ramanathapuram,1.0,-13.8365
2023-06-22 06:00:00,583,Ramanathapuram,1.5,-13.895
2023-06-22 07:00:00,583,Ramanathapuram,1.0,-13.895
2023-06-22 08:00:00,583,Ramanathapuram,1.0,-13.895
2023-06-22 23:00:00,583,Ramanathapuram,0.5,-13.8085
2023-06-23 00:00:00,583,Ramanathapuram,1.5,-13.8085
2023-06-23 01:00:00,583,Ramanathapuram,1.0,-13.8085
2023-06-23 02:00:00,583,Ramanathapuram,3.0,-13.8085
2023-06-23 05:00:00,583,Ramanathapuram,1.5,-13.7845
2023-06-23 06:00:00,583,Ramanathapuram,1.0,-13.7845
2023-06-23 07:00:00,583,Ramanathapuram,3.0,-13.7845
2023-06-23 08:00:00,583,Ramanathapuram,1.0,-13.7845
2023-06-23 22:00:00,583,Ramanathapuram,3.0,-13.8315
2023-06-23 23:00:00,583,Ramanathapuram,3.0,-13.8315
2023-06-24 01:00:00,583,Ramanathapuram,1.5,-13.8315
2023-06-24 02:00:00,583,Ramanathapuram,0.5,-13.8315
2023-06-24 03:00:00,583,Ramanathapuram,1.0,-13.8315
2023-06-24 04:00:00,583,Ramanathapuram,2.0,-13.8055
2023-06-24 05:00:00,583,Ramanathapuram,4.5,-13.8055
2023-06-24 06:00:00,583,Ramanathapuram,2.5,-13.8055
2023-06-24 07:00:00,583,Ramanathapuram,5.5,-13.8055
2023-06-25 08:00:00,583,Ramanathapuram,0.5,-13.7935
2023-06-26 08:00:00,583,Ramanathapuram,1.5,-13.8365
2023-06-27 16:00:00,583,Ramanathapuram,0.5,-13.9495
2023-06-29 08:00:00,583,Ramanathapuram,0.5,-14.009
2023-06-29 10:00:00,583,Ramanathapuram,0.5,-14.057
2023-06-29 16:00:00,583,Ramanathapuram,4.0,-14.042000000000002
2023-06-29 17:00:00,583,Ramanathapuram,57.75,-14.042000000000002
2023-06-29 18:00:00,583,Ramanathapuram,16.0,-14.042000000000002
2023-06-29 19:00:00,583,Ramanathapuram,7.25,-14.042000000000002
2023-06-29 20:00:00,583,Ramanathapuram,3.5,-14.042000000000002
2023-06-29 21:00:00,583,Ramanathapuram,3.0,-14.042000000000002
2023-06-29 22:00:00,583,Ramanathapuram,0.5,-14.075
2023-06-29 23:00:00,583,Ramanathapuram,1.5,-14.075
2023-06-30 00:00:00,583,Ramanathapuram,1.25,-14.075
2023-06-30 01:00:00,583,Ramanathapuram,1.5,-14.075
2023-06-30 02:00:00,583,Ramanathapuram,0.5,-14.075
2023-06-30 05:00:00,583,Ramanathapuram,0.5,-14.0225
2023-06-30 07:00:00,583,Ramanathapuram,2.0,-14.0225
2023-06-30 08:00:00,583,Ramanathapuram,6.5,-14.0225
2023-06-30 09:00:00,583,Ramanathapuram,1.5,-14.0225
2023-06-30 11:00:00,583,Ramanathapuram,1.5,-14.0385
2023-06-30 12:00:00,583,Ramanathapuram,13.5,-14.0385
2023-06-30 13:00:00,583,Ramanathapuram,95.0,-14.0385
2023-06-30 15:00:00,583,Ramanathapuram,9.5,-14.0385
2023-06-30 16:00:00,583,Ramanathapuram,7.0,-14.0455
2023-06-30 17:00:00,583,Ramanathapuram,2.0,-14.0455
2023-07-01 01:00:00,583,Ramanathapuram,1.5,-14.075
2023-07-01 02:00:00,583,Ramanathapuram,1.5,-14.075
2023-07-01 03:00:00,583,Ramanathapuram,0.5,-14.075
2023-07-01 08:00:00,583,Ramanathapuram,0.5,-14.086
2023-07-01 10:00:00,583,Ramanathapuram,11.0,-14.1275
2023-07-01 16:00:00,583,Ramanathapuram,5.0,-14.133500000000002
2023-07-01 20:00:00,583,Ramanathapuram,0.5,-14.133500000000002
2023-07-02 09:00:00,583,Ramanathapuram,0.5,-14.1815
2023-07-03 09:00:00,583,Ramanathapuram,1.5,-14.1845
2023-07-03 10:00:00,583,Ramanathapuram,0.5,-14.2315
2023-07-03 18:00:00,583,Ramanathapuram,2.0,-14.4055
2023-07-03 19:00:00,583,Ramanathapuram,3.5,-14.4055
2023-07-03 20:00:00,583,Ramanathapuram,4.0,-14.4055
2023-07-03 21:00:00,583,Ramanathapuram,3.5,-14.4055
2023-07-03 22:00:00,583,Ramanathapuram,3.0,-14.259
2023-07-03 23:00:00,583,Ramanathapuram,3.0,-14.259
2023-07-04 00:00:00,583,Ramanathapuram,2.5,-14.259
2023-07-04 01:00:00,583,Ramanathapuram,2.5,-14.259
2023-07-04 02:00:00,583,Ramanathapuram,2.0,-14.259
2023-07-04 03:00:00,583,Ramanathapuram,2.0,-14.259
2023-07-04 04:00:00,583,Ramanathapuram,2.0,-14.227
2023-07-04 05:00:00,583,Ramanathapuram,2.0,-14.227
2023-07-04 06:00:00,583,Ramanathapuram,2.0,-14.227
2023-07-04 07:00:00,583,Ramanathapuram,1.5,-14.227
2023-07-04 08:00:00,583,Ramanathapuram,1.5,-14.227
2023-07-04 09:00:00,583,Ramanathapuram,1.5,-14.227
2023-07-04 10:00:00,583,Ramanathapuram,1.5,-14.269
2023-07-04 11:00:00,583,Ramanathapuram,1.0,-14.269
2023-07-04 12:00:00,583,Ramanathapuram,0.5,-14.269
2023-07-04 13:00:00,583,Ramanathapuram,0.5,-14.269
2023-07-04 15:00:00,583,Ramanathapuram,0.5,-14.269
2023-07-04 19:00:00,583,Ramanathapuram,0.5,-14.2545
2023-07-05 05:00:00,583,Ramanathapuram,0.5,-14.252
2023-07-05 23:00:00,583,Ramanathapuram,0.5,-14.3345
2023-07-08 16:00:00,583,Ramanathapuram,0.5,-14.2975
2023-07-08 17:00:00,583,Ramanathapuram,2.0,-14.2975
2023-07-08 18:00:00,583,Ramanathapuram,193.25,-14.2975
2023-07-08 19:00:00,583,Ramanathapuram,0.5,-14.2975
2023-07-08 23:00:00,583,Ramanathapuram,2.0,-14.2705
2023-07-09 01:00:00,583,Ramanathapuram,2.0,-14.2705
2023-07-09 02:00:00,583,Ramanathapuram,0.5,-14.2705
2023-07-09 04:00:00,583,Ramanathapuram,2.5,-14.384
2023-07-09 05:00:00,583,Ramanathapuram,2.0,-14.384
2023-07-09 06:00:00,583,Ramanathapuram,2.0,-14.384
2023-07-09 07:00:00,583,Ramanathapuram,2.0,-14.384
2023-07-09 08:00:00,583,Ramanathapuram,2.0,-14.384
2023-07-09 09:00:00,583,Ramanathapuram,3.0,-14.384
2023-07-09 10:00:00,583,Ramanathapuram,0.5,-14.237
2023-07-09 18:00:00,583,Ramanathapuram,1.5,-14.2375
2023-07-09 19:00:00,583,Ramanathapuram,8.0,-14.2375
2023-07-09 20:00:00,583,Ramanathapuram,4.0,-14.2375
2023-07-09 21:00:00,583,Ramanathapuram,2.0,-14.2375
2023-07-09 22:00:00,583,Ramanathapuram,1.5,-14.203
2023-07-09 23:00:00,583,Ramanathapuram,3.0,-14.203
2023-07-10 00:00:00,583,Ramanathapuram,1.5,-14.203
2023-07-10 01:00:00,583,Ramanathapuram,3.5,-14.203
2023-07-10 02:00:00,583,Ramanathapuram,7.5,-14.203
2023-07-10 03:00:00,583,Ramanathapuram,0.5,-14.203
2023-07-10 04:00:00,583,Ramanathapuram,0.5,-14.187
2023-07-10 06:00:00,583,Ramanathapuram,1.0,-14.187
2023-07-10 07:00:00,583,Ramanathapuram,6.5,-14.187
2023-07-10 08:00:00,583,Ramanathapuram,2.0,-14.187
2023-07-10 16:00:00,583,Ramanathapuram,1.0,-14.157
2023-07-10 17:00:00,583,Ramanathapuram,2.5,-14.157
2023-07-10 19:00:00,583,Ramanathapuram,3.5,-14.157
2023-07-10 20:00:00,583,Ramanathapuram,2.25,-14.157
2023-07-10 21:00:00,583,Ramanathapuram,5.5,-14.157
2023-07-10 22:00:00,583,Ramanathapuram,1.0,-14.1315
2023-07-10 23:00:00,583,Ramanathapuram,0.5,-14.1315
2023-07-11 00:00:00,583,Ramanathapuram,0.5,-14.1315
2023-07-11 06:00:00,583,Ramanathapuram,0.5,-14.113
2023-07-11 10:00:00,583,Ramanathapuram,0.5,-14.092
2023-07-11 16:00:00,583,Ramanathapuram,0.5,-14.066
2023-07-11 17:00:00,583,Ramanathapuram,6.333333333333333,-14.066
2023-07-11 18:00:00,583,Ramanathapuram,9.5,-14.066
2023-07-11 19:00:00,583,Ramanathapuram,1.75,-14.066
2023-07-11 20:00:00,583,Ramanathapuram,5.0,-14.066
2023-07-11 21:00:00,583,Ramanathapuram,1.5,-14.066
2023-07-11 22:00:00,583,Ramanathapuram,1.5,-14.0545
2023-07-11 23:00:00,583,Ramanathapuram,4.0,-14.0545
2023-07-12 00:00:00,583,Ramanathapuram,1.0,-14.0545
2023-07-12 03:00:00,583,Ramanathapuram,2.0,-14.0545
2023-07-12 05:00:00,583,Ramanathapuram,0.5,-14.0145
2023-07-12 07:00:00,583,Ramanathapuram,2.5,-14.0145
2023-07-12 08:00:00,583,Ramanathapuram,0.5,-14.0145
2023-07-12 11:00:00,583,Ramanathapuram,1.0,-13.993
2023-07-12 18:00:00,583,Ramanathapuram,1.5,-14.003
2023-07-12 19:00:00,583,Ramanathapuram,18.5,-14.003
2023-07-12 20:00:00,583,Ramanathapuram,6.25,-14.003
2023-07-12 21:00:00,583,Ramanathapuram,1.0,-14.003
2023-07-12 22:00:00,583,Ramanathapuram,2.0,-13.9505
2023-07-12 23:00:00,583,Ramanathapuram,0.75,-13.9505
2023-07-13 00:00:00,583,Ramanathapuram,0.5,-13.9505
2023-07-13 01:00:00,583,Ramanathapuram,1.0,-13.9505
2023-07-13 04:00:00,583,Ramanathapuram,3.5,-13.972
2023-07-13 06:00:00,583,Ramanathapuram,1.5,-13.972
2023-07-13 07:00:00,583,Ramanathapuram,3.0,-13.972
2023-07-13 08:00:00,583,Ramanathapuram,5.0,-13.972
2023-07-13 09:00:00,583,Ramanathapuram,2.5,-13.972
2023-07-13 10:00:00,583,Ramanathapuram,0.5,-13.9135
2023-07-13 17:00:00,583,Ramanathapuram,2.0,-13.9135
2023-07-13 18:00:00,583,Ramanathapuram,6.0,-13.9135
2023-07-13 19:00:00,583,Ramanathapuram,9.5,-13.9135
2023-07-13 20:00:00,583,Ramanathapuram,7.5,-13.9135
2023-07-13 21:00:00,583,Ramanathapuram,3.75,-13.9135
2023-07-13 22:00:00,583,Ramanathapuram,8.5,-13.852
2023-07-14 00:00:00,583,Ramanathapuram,5.0,-13.852
2023-07-14 01:00:00,583,Ramanathapuram,2.5,-13.852
2023-07-14 04:00:00,583,Ramanathapuram,0.5,-13.852
2023-07-14 08:00:00,583,Ramanathapuram,1.0,-13.852
2023-07-14 21:00:00,583,Ramanathapuram,16.0,-13.8475
2023-07-14 22:00:00,583,Ramanathapuram,2.0,-13.8025
2023-07-14 23:00:00,583,Ramanathapuram,1.5,-13.8025
2023-07-15 00:00:00,583,Ramanathapuram,0.75,-13.8025
2023-07-15 05:00:00,583,Ramanathapuram,3.0,-13.776
2023-07-15 07:00:00,583,Ramanathapuram,9.0,-13.776
2023-07-15 08:00:00,583,Ramanathapuram,3.0,-13.776
2023-07-15 10:00:00,583,Ramanathapuram,0.5,-13.7805
2023-07-15 19:00:00,583,Ramanathapuram,3.5,-13.7405
2023-07-15 20:00:00,583,Ramanathapuram,4.0,-13.7405
2023-07-15 21:00:00,583,Ramanathapuram,7.0,-13.7405
2023-07-15 23:00:00,583,Ramanathapuram,1.0,-13.762
2023-07-16 00:00:00,583,Ramanathapuram,12.0,-13.762
2023-07-16 01:00:00,583,Ramanathapuram,3.5,-13.762
2023-07-16 02:00:00,583,Ramanathapuram,4.5,-13.762
2023-07-16 03:00:00,583,Ramanathapuram,3.0,-13.762
2023-07-16 04:00:00,583,Ramanathapuram,0.5,-13.716
2023-07-16 05:00:00,583,Ramanathapuram,4.0,-13.716
2023-07-16 06:00:00,583,Ramanathapuram,6.0,-13.716
2023-07-16 07:00:00,583,Ramanathapuram,11.0,-13.716
2023-07-16 08:00:00,583,Ramanathapuram,2.0,-13.716
2023-07-16 09:00:00,583,Ramanathapuram,2.0,-13.716
2023-07-16 10:00:00,583,Ramanathapuram,1.0,-13.73
2023-07-16 13:00:00,583,Ramanathapuram,2.5,-13.73
2023-07-16 18:00:00,583,Ramanathapuram,18.0,-13.6835
2023-07-16 19:00:00,583,Ramanathapuram,22.5,-13.6835
2023-07-16 20:00:00,583,Ramanathapuram,4.0,-13.6835
2023-07-16 21:00:00,583,Ramanathapuram,4.0,-13.6835
2023-07-16 22:00:00,583,Ramanathapuram,1.75,-13.6865
2023-07-17 07:00:00,583,Ramanathapuram,8.0,-13.6565
2023-07-17 08:00:00,583,Ramanathapuram,3.25,-13.6565
2023-07-17 09:00:00,583,Ramanathapuram,2.0,-13.6565
2023-07-17 19:00:00,583,Ramanathapuram,0.5,-13.6355
2023-07-17 20:00:00,583,Ramanathapuram,6.5,-13.6355
2023-07-17 21:00:00,583,Ramanathapuram,4.0,-13.6355
2023-07-17 22:00:00,583,Ramanathapuram,1.0,-13.6305
2023-07-17 23:00:00,583,Ramanathapuram,5.5,-13.6305
2023-07-18 01:00:00,583,Ramanathapuram,0.5,-13.6305
2023-07-18 04:00:00,583,Ramanathapuram,2.0,-13.613
2023-07-18 05:00:00,583,Ramanathapuram,4.0,-13.613
2023-07-18 09:00:00,583,Ramanathapuram,1.5,-13.613
2023-07-18 10:00:00,583,Ramanathapuram,2.0,-13.677499999999998
2023-07-19 01:00:00,583,Ramanathapuram,24.5,-13.584
2023-07-19 02:00:00,583,Ramanathapuram,20.5,-13.584
2023-07-19 03:00:00,583,Ramanathapuram,7.5,-13.584
2023-07-19 04:00:00,583,Ramanathapuram,35.0,-13.5625
2023-07-19 05:00:00,583,Ramanathapuram,15.5,-13.5625
2023-07-19 06:00:00,583,Ramanathapuram,20.0,-13.5625
2023-07-19 07:00:00,583,Ramanathapuram,1.0,-13.5625
2023-07-19 08:00:00,583,Ramanathapuram,1.5,-13.5625
2023-07-20 08:00:00,583,Ramanathapuram,0.5,-13.541
2023-07-21 06:00:00,583,Ramanathapuram,30.0,-13.4805
2023-07-21 07:00:00,583,Ramanathapuram,23.5,-13.4805
2023-07-22 04:00:00,583,Ramanathapuram,17.5,-13.4455
2023-07-22 05:00:00,583,Ramanathapuram,0.5,-13.4455
2023-07-24 03:00:00,583,Ramanathapuram,0.5,-13.405
2023-08-01 13:00:00,583,Ramanathapuram,2.5,-13.252
2023-08-01 15:00:00,583,Ramanathapuram,8.0,-13.252
2023-08-01 16:00:00,583,Ramanathapuram,1.0,-13.204
2023-08-02 12:00:00,583,Ramanathapuram,7.0,-13.2105
2023-08-02 13:00:00,583,Ramanathapuram,4.0,-13.2105
2023-08-02 14:00:00,583,Ramanathapuram,2.5,-13.2105
2023-08-02 15:00:00,583,Ramanathapuram,1.5,-13.2105
2023-08-03 11:00:00,583,Ramanathapuram,0.5,-13.186
2023-08-03 12:00:00,583,Ramanathapuram,10.0,-13.186
2023-08-03 13:00:00,583,Ramanathapuram,3.0,-13.186
2023-08-03 14:00:00,583,Ramanathapuram,9.0,-13.186
2023-08-03 15:00:00,583,Ramanathapuram,4.5,-13.186
2023-08-03 16:00:00,583,Ramanathapuram,18.0,-13.153
2023-08-04 11:00:00,583,Ramanathapuram,7.0,-13.15
2023-08-04 12:00:00,583,Ramanathapuram,2.0,-13.15
2023-08-04 14:00:00,583,Ramanathapuram,9.0,-13.15
2023-08-04 15:00:00,583,Ramanathapuram,16.5,-13.15
2023-08-04 16:00:00,583,Ramanathapuram,11.0,-13.1365
2023-08-04 18:00:00,583,Ramanathapuram,4.5,-13.1365
2023-08-05 11:00:00,583,Ramanathapuram,2.0,-13.1585
2023-08-05 12:00:00,583,Ramanathapuram,2.0,-13.1585
2023-08-05 13:00:00,583,Ramanathapuram,21.5,-13.1585
2023-08-05 14:00:00,583,Ramanathapuram,60.0,-13.1585
2023-08-05 15:00:00,583,Ramanathapuram,23.5,-13.1585
2023-08-05 16:00:00,583,Ramanathapuram,20.0,-13.117
2023-08-05 17:00:00,583,Ramanathapuram,31.5,-13.117
2023-08-06 12:00:00,583,Ramanathapuram,58.0,-13.107500000000002
2023-08-06 13:00:00,583,Ramanathapuram,69.5,-13.107500000000002
2023-08-06 14:00:00,583,Ramanathapuram,138.0,-13.107500000000002
2023-08-06 15:00:00,583,Ramanathapuram,2.5,-13.107500000000002
2023-08-06 16:00:00,583,Ramanathapuram,1.0,-13.086
2023-08-06 17:00:00,583,Ramanathapuram,5.5,-13.086
2023-08-07 12:00:00,583,Ramanathapuram,21.0,-13.11
2023-08-07 13:00:00,583,Ramanathapuram,12.0,-13.11
2023-08-07 14:00:00,583,Ramanathapuram,137.0,-13.11
2023-08-07 15:00:00,583,Ramanathapuram,133.0,-13.11
2023-08-07 16:00:00,583,Ramanathapuram,138.0,-13.066
2023-08-07 17:00:00,583,Ramanathapuram,0.5,-13.066
2023-08-08 12:00:00,583,Ramanathapuram,11.5,-13.068
2023-08-08 13:00:00,583,Ramanathapuram,229.5,-13.068
2023-08-08 14:00:00,583,Ramanathapuram,157.0,-13.068
2023-08-08 15:00:00,583,Ramanathapuram,70.0,-13.068
2023-08-08 16:00:00,583,Ramanathapuram,45.5,-13.038
2023-08-08 17:00:00,583,Ramanathapuram,31.5,-13.038
2023-08-08 20:00:00,583,Ramanathapuram,16.0,-13.038
2023-08-08 21:00:00,583,Ramanathapuram,0.5,-13.038
2023-08-09 07:00:00,583,Ramanathapuram,22.0,-13.035
2023-08-09 08:00:00,583,Ramanathapuram,5.5,-13.035
2023-08-09 09:00:00,583,Ramanathapuram,3.0,-13.035
2023-08-09 14:00:00,583,Ramanathapuram,209.0,-13.0485
2023-08-09 15:00:00,583,Ramanathapuram,282.0,-13.0485
2023-08-09 19:00:00,583,Ramanathapuram,12.0,-13.186
2023-08-09 20:00:00,583,Ramanathapuram,18.0,-13.186
2023-08-09 21:00:00,583,Ramanathapuram,2.5,-13.186
2023-08-10 01:00:00,583,Ramanathapuram,17.5,-13.0365
2023-08-10 18:00:00,583,Ramanathapuram,0.5,-13.0035
2023-08-10 19:00:00,583,Ramanathapuram,29.5,-13.0035
2023-08-10 20:00:00,583,Ramanathapuram,19.0,-13.0035
2023-08-10 21:00:00,583,Ramanathapuram,3.0,-13.0035
2023-08-10 22:00:00,583,Ramanathapuram,14.0,-13.001
2023-08-10 23:00:00,583,Ramanathapuram,0.5,-13.001
2023-08-11 00:00:00,583,Ramanathapuram,9.5,-13.001
2023-08-11 07:00:00,583,Ramanathapuram,9.5,-12.992
2023-08-11 09:00:00,583,Ramanathapuram,2.0,-12.992
2023-08-11 17:00:00,583,Ramanathapuram,1.0,-13.1265
2023-08-11 18:00:00,583,Ramanathapuram,10.0,-13.1265
2023-08-11 19:00:00,583,Ramanathapuram,1.0,-13.1265
2023-08-11 21:00:00,583,Ramanathapuram,11.5,-13.1265
2023-08-12 00:00:00,583,Ramanathapuram,0.5,-12.985
2023-08-12 01:00:00,583,Ramanathapuram,0.5,-12.985
2023-08-12 13:00:00,583,Ramanathapuram,1.5,-13.104
2023-08-12 14:00:00,583,Ramanathapuram,8.0,-13.104
2023-08-12 18:00:00,583,Ramanathapuram,7.5,-12.9545
2023-08-12 19:00:00,583,Ramanathapuram,25.75,-12.9545
2023-08-12 20:00:00,583,Ramanathapuram,49.0,-12.9545
2023-08-12 21:00:00,583,Ramanathapuram,1.5,-12.9545
2023-08-12 22:00:00,583,Ramanathapuram,1.5,-12.975
2023-08-13 01:00:00,583,Ramanathapuram,0.5,-12.975
2023-08-13 02:00:00,583,Ramanathapuram,0.5,-12.975
2023-08-13 03:00:00,583,Ramanathapuram,10.0,-12.975
2023-08-13 06:00:00,583,Ramanathapuram,4.5,-12.9455
2023-08-13 08:00:00,583,Ramanathapuram,3.0,-12.9455
2023-08-13 09:00:00,583,Ramanathapuram,8.5,-12.9455
2023-08-13 10:00:00,583,Ramanathapuram,2.5,-12.9485
2023-08-13 13:00:00,583,Ramanathapuram,9.875,-12.9485
2023-08-13 14:00:00,583,Ramanathapuram,3.75,-12.9485
2023-08-13 19:00:00,583,Ramanathapuram,10.0,-13.0
2023-08-13 20:00:00,583,Ramanathapuram,72.5,-13.0
2023-08-13 22:00:00,583,Ramanathapuram,6.5,-12.9315
2023-08-14 04:00:00,583,Ramanathapuram,3.5,-12.918500000000002
2023-08-14 05:00:00,583,Ramanathapuram,74.5,-12.918500000000002
2023-08-14 07:00:00,583,Ramanathapuram,70.5,-12.918500000000002
2023-08-14 08:00:00,583,Ramanathapuram,7.0,-12.918500000000002
2023-08-14 09:00:00,583,Ramanathapuram,17.5,-12.918500000000002
2023-08-14 10:00:00,583,Ramanathapuram,22.0,-12.9235
2023-08-14 11:00:00,583,Ramanathapuram,1.5,-12.9235
2023-08-14 17:00:00,583,Ramanathapuram,0.5,-13.1015
2023-08-14 18:00:00,583,Ramanathapuram,205.0,-13.1015
2023-08-14 19:00:00,583,Ramanathapuram,6.5,-13.1015
2023-08-15 00:00:00,583,Ramanathapuram,36.5,-12.9165
2023-08-15 02:00:00,583,Ramanathapuram,0.5,-12.9165
2023-08-15 04:00:00,583,Ramanathapuram,5.5,-12.9035
2023-08-15 08:00:00,583,Ramanathapuram,205.0,-12.9035
2023-08-15 09:00:00,583,Ramanathapuram,147.5,-12.9035
2023-08-15 10:00:00,583,Ramanathapuram,7.5,-12.943
2023-08-15 12:00:00,583,Ramanathapuram,1.0,-12.943
2023-08-15 20:00:00,583,Ramanathapuram,3.0,-12.8925
2023-08-15 21:00:00,583,Ramanathapuram,9.0,-12.8925
2023-08-15 22:00:00,583,Ramanathapuram,68.0,-12.9215
2023-08-15 23:00:00,583,Ramanathapuram,7.0,-12.9215
2023-08-16 01:00:00,583,Ramanathapuram,22.5,-12.9215
2023-08-16 03:00:00,583,Ramanathapuram,25.0,-12.9215
2023-08-16 06:00:00,583,Ramanathapuram,10.0,-12.884
2023-08-16 07:00:00,583,Ramanathapuram,35.0,-12.884
2023-08-17 02:00:00,583,Ramanathapuram,4.0,-12.9
2023-08-19 20:00:00,583,Ramanathapuram,68.0,-12.845
2023-08-19 21:00:00,583,Ramanathapuram,51.5,-12.845
2023-08-19 22:00:00,583,Ramanathapuram,106.5,-12.8275
2023-08-19 23:00:00,583,Ramanathapuram,49.5,-12.8275
2023-08-20 01:00:00,583,Ramanathapuram,23.5,-12.8275
2023-08-20 08:00:00,583,Ramanathapuram,4.5,-12.8115
2023-08-20 09:00:00,583,Ramanathapuram,0.5,-12.8115
2023-08-22 07:00:00,583,Ramanathapuram,0.5,-12.777
2023-08-22 08:00:00,583,Ramanathapuram,2.0,-12.777
2023-08-22 17:00:00,583,Ramanathapuram,27.0,-12.8335
2023-08-22 18:00:00,583,Ramanathapuram,3.5,-12.8335
2023-08-22 21:00:00,583,Ramanathapuram,4.0,-12.8335
2023-08-23 08:00:00,583,Ramanathapuram,6.5,-12.765
2023-08-23 21:00:00,583,Ramanathapuram,1.0,-12.783
2023-08-24 04:00:00,583,Ramanathapuram,2.0,-12.7585
2023-08-25 03:00:00,583,Ramanathapuram,5.5,-12.776
2023-08-25 04:00:00,583,Ramanathapuram,3.0,-12.7485
2023-08-25 05:00:00,583,Ramanathapuram,15.0,-12.7485
2023-08-25 06:00:00,583,Ramanathapuram,105.5,-12.7485
2023-08-25 07:00:00,583,Ramanathapuram,195.0,-12.7485
2023-08-25 08:00:00,583,Ramanathapuram,24.5,-12.7485
2023-08-25 21:00:00,583,Ramanathapuram,2.5,-12.7375
2023-08-25 22:00:00,583,Ramanathapuram,219.5,-12.761500000000002
2023-08-25 23:00:00,583,Ramanathapuram,58.0,-12.761500000000002
2023-08-26 00:00:00,583,Ramanathapuram,66.0,-12.761500000000002
2023-08-26 01:00:00,583,Ramanathapuram,17.5,-12.761500000000002
2023-08-26 02:00:00,583,Ramanathapuram,2.0,-12.761500000000002
2023-08-26 03:00:00,583,Ramanathapuram,14.5,-12.761500000000002
2023-08-26 04:00:00,583,Ramanathapuram,2.5,-12.7365
2023-08-26 09:00:00,583,Ramanathapuram,0.5,-12.7365
2023-08-26 10:00:00,583,Ramanathapuram,0.5,-12.762
2023-08-26 22:00:00,583,Ramanathapuram,81.0,-12.7795
2023-08-26 23:00:00,583,Ramanathapuram,117.5,-12.7795
2023-08-27 00:00:00,583,Ramanathapuram,37.5,-12.7795
2023-08-27 02:00:00,583,Ramanathapuram,14.5,-12.7795
2023-08-27 06:00:00,583,Ramanathapuram,1.0,-12.731000000000002
2023-08-27 07:00:00,583,Ramanathapuram,42.0,-12.731000000000002
2023-08-27 08:00:00,583,Ramanathapuram,5.5,-12.731000000000002
2023-08-27 09:00:00,583,Ramanathapuram,7.0,-12.731000000000002
2023-08-27 20:00:00,583,Ramanathapuram,88.0,-12.7105
2023-08-27 21:00:00,583,Ramanathapuram,262.0,-12.7105
2023-08-27 22:00:00,583,Ramanathapuram,235.0,-12.7285
2023-08-27 23:00:00,583,Ramanathapuram,11.0,-12.7285
2023-08-28 00:00:00,583,Ramanathapuram,2.0,-12.7285
2023-08-28 01:00:00,583,Ramanathapuram,23.5,-12.7285
2023-08-28 04:00:00,583,Ramanathapuram,0.5,-12.709
2023-08-28 05:00:00,583,Ramanathapuram,80.5,-12.709
2023-08-28 06:00:00,583,Ramanathapuram,21.0,-12.709
2023-08-28 07:00:00,583,Ramanathapuram,29.0,-12.709
2023-08-28 08:00:00,583,Ramanathapuram,8.0,-12.709
2023-08-28 09:00:00,583,Ramanathapuram,32.5,-12.709
2023-08-28 20:00:00,583,Ramanathapuram,28.0,-12.697
2023-08-28 21:00:00,583,Ramanathapuram,76.0,-12.697
2023-08-28 22:00:00,583,Ramanathapuram,180.5,-12.729
2023-08-28 23:00:00,583,Ramanathapuram,22.5,-12.729
2023-08-29 01:00:00,583,Ramanathapuram,74.5,-12.729
2023-08-29 02:00:00,583,Ramanathapuram,11.0,-12.729
2023-08-29 04:00:00,583,Ramanathapuram,0.5,-12.6915
2023-08-29 05:00:00,583,Ramanathapuram,0.5,-12.6915
2023-08-29 07:00:00,583,Ramanathapuram,21.5,-12.6915
2023-08-29 09:00:00,583,Ramanathapuram,0.5,-12.6915
2023-08-29 10:00:00,583,Ramanathapuram,0.5,-12.7115
2023-08-29 17:00:00,583,Ramanathapuram,4.0,-12.7105
2023-08-29 18:00:00,583,Ramanathapuram,127.0,-12.7105
2023-08-29 19:00:00,583,Ramanathapuram,87.5,-12.7105
2023-08-29 20:00:00,583,Ramanathapuram,176.5,-12.7105
2023-08-29 21:00:00,583,Ramanathapuram,29.5,-12.7105
2023-08-29 23:00:00,583,Ramanathapuram,2.0,-12.727
2023-08-30 07:00:00,583,Ramanathapuram,0.5,-12.682
2023-08-30 08:00:00,583,Ramanathapuram,4.0,-12.682
2023-08-30 09:00:00,583,Ramanathapuram,1.5,-12.682
2023-08-30 10:00:00,583,Ramanathapuram,6.0,-12.7075
2023-08-30 11:00:00,583,Ramanathapuram,11.0,-12.7075
2023-08-30 12:00:00,583,Ramanathapuram,0.5,-12.7075
2023-08-30 19:00:00,583,Ramanathapuram,0.5,-12.6985
2023-08-30 20:00:00,583,Ramanathapuram,32.5,-12.6985
2023-08-30 23:00:00,583,Ramanathapuram,19.0,-12.701999999999998
2023-08-31 12:00:00,583,Ramanathapuram,7.5,-12.7225
2023-08-31 13:00:00,583,Ramanathapuram,1.0,-12.7225
2023-08-31 16:00:00,583,Ramanathapuram,3.0,-12.6705
2023-09-01 11:00:00,583,Ramanathapuram,20.0,-12.712
2023-09-01 12:00:00,583,Ramanathapuram,33.0,-12.712
2023-09-01 13:00:00,583,Ramanathapuram,1.5,-12.712
2023-09-02 15:00:00,583,Ramanathapuram,19.5,-12.6195
2023-09-02 16:00:00,583,Ramanathapuram,19.0,-12.6195
2023-09-02 17:00:00,583,Ramanathapuram,16.5,-12.6195
2023-09-02 18:00:00,583,Ramanathapuram,1.75,-12.6195
2023-09-02 20:00:00,583,Ramanathapuram,0.5,-12.6195
2023-09-03 14:00:00,583,Ramanathapuram,16.0,-12.614
2023-09-03 15:00:00,583,Ramanathapuram,23.0,-12.614
2023-09-03 16:00:00,583,Ramanathapuram,14.0,-12.5855
2023-09-03 18:00:00,583,Ramanathapuram,0.5,-12.5855
2023-09-03 19:00:00,583,Ramanathapuram,2.25,-12.5855
2023-09-03 20:00:00,583,Ramanathapuram,4.5,-12.5855
2023-09-03 21:00:00,583,Ramanathapuram,0.5,-12.5855
2023-09-03 23:00:00,583,Ramanathapuram,1.5,-12.623
2023-09-04 00:00:00,583,Ramanathapuram,7.5,-12.623
2023-09-04 01:00:00,583,Ramanathapuram,22.5,-12.623
2023-09-04 02:00:00,583,Ramanathapuram,21.0,-12.623
2023-09-04 04:00:00,583,Ramanathapuram,2.5,-12.5745
2023-09-04 05:00:00,583,Ramanathapuram,5.0,-12.5745
2023-09-04 20:00:00,583,Ramanathapuram,1.0,-12.578
2023-09-09 14:00:00,583,Ramanathapuram,215.5,-12.482499999999998
2023-09-09 20:00:00,583,Ramanathapuram,0.5,-12.5885
2023-09-10 13:00:00,583,Ramanathapuram,4.0,-12.4755
2023-09-10 14:00:00,583,Ramanathapuram,0.5,-12.4755
2023-09-10 15:00:00,583,Ramanathapuram,21.5,-12.4755
2023-09-10 19:00:00,583,Ramanathapuram,2.0,-12.4485
2023-09-11 12:00:00,583,Ramanathapuram,0.5,-12.4645
2023-09-11 13:00:00,583,Ramanathapuram,10.0,-12.4645
2023-09-11 14:00:00,583,Ramanathapuram,4.25,-12.4645
2023-09-13 17:00:00,583,Ramanathapuram,0.5,-12.413
2023-09-13 19:00:00,583,Ramanathapuram,1.0,-12.413
2023-09-13 20:00:00,583,Ramanathapuram,0.5,-12.413
2023-09-13 21:00:00,583,Ramanathapuram,4.0,-12.413
2023-09-14 03:00:00,583,Ramanathapuram,0.5,-12.4465
2023-09-14 10:50:00,583,Ramanathapuram,0.5,-12.4315
2023-09-14 10:55:00,583,Ramanathapuram,4.0,-12.4315
2023-09-14 11:00:00,583,Ramanathapuram,4.0,-12.4315
2023-09-14 12:25:00,583,Ramanathapuram,4.5,-12.4315
2023-09-14 12:30:00,583,Ramanathapuram,4.5,-12.4315
2023-09-14 12:35:00,583,Ramanathapuram,4.5,-12.4315
2023-09-14 12:40:00,583,Ramanathapuram,4.5,-12.4315
2023-09-14 12:45:00,583,Ramanathapuram,4.5,-12.4315
2023-09-14 12:50:00,583,Ramanathapuram,4.5,-12.4315
2023-09-14 12:55:00,583,Ramanathapuram,4.5,-12.4315
2023-09-14 13:00:00,583,Ramanathapuram,4.5,-12.4315
2023-09-14 16:00:00,583,Ramanathapuram,7.5,-12.4265
2023-09-14 17:00:00,583,Ramanathapuram,0.5,-12.4265
2023-09-14 20:00:00,583,Ramanathapuram,0.5,-12.4265
2023-09-15 15:00:00,583,Ramanathapuram,4.0,-12.521
2023-09-15 16:00:00,583,Ramanathapuram,0.5,-12.409
2023-09-16 16:00:00,583,Ramanathapuram,1.5,-12.373
2023-09-16 17:00:00,583,Ramanathapuram,1.5,-12.373
2023-09-17 23:00:00,583,Ramanathapuram,0.5,-12.3585
2023-09-18 01:00:00,583,Ramanathapuram,0.5,-12.3585
2023-09-18 02:00:00,583,Ramanathapuram,0.75,-12.3585
2023-09-18 03:00:00,583,Ramanathapuram,0.5,-12.3585
2023-09-18 05:00:00,583,Ramanathapuram,0.5,-12.341
2023-09-18 10:00:00,583,Ramanathapuram,0.5,-12.3445
2023-09-18 14:00:00,583,Ramanathapuram,0.5,-12.3445
2023-09-18 15:00:00,583,Ramanathapuram,84.83333333333333,-12.3445
2023-09-18 16:00:00,583,Ramanathapuram,0.5,-12.47
2023-09-18 18:00:00,583,Ramanathapuram,8.5,-12.47
2023-09-18 19:00:00,583,Ramanathapuram,20.33333333333333,-12.47
2023-09-18 20:00:00,583,Ramanathapuram,132.25,-12.47
2023-09-18 21:00:00,583,Ramanathapuram,69.25,-12.47
2023-09-18 22:00:00,583,Ramanathapuram,2.125,-12.324
2023-09-18 23:00:00,583,Ramanathapuram,0.5,-12.324
2023-09-19 05:00:00,583,Ramanathapuram,36.0,-12.307
2023-09-19 08:00:00,583,Ramanathapuram,7.0,-12.307
2023-09-19 09:00:00,583,Ramanathapuram,10.0,-12.307
2023-09-19 10:00:00,583,Ramanathapuram,4.5,-12.3095
2023-09-19 11:00:00,583,Ramanathapuram,12.0,-12.3095
2023-09-19 12:00:00,583,Ramanathapuram,0.5,-12.3095
2023-09-19 13:00:00,583,Ramanathapuram,2.5,-12.3095
2023-09-19 14:00:00,583,Ramanathapuram,7.25,-12.3095
2023-09-19 15:00:00,583,Ramanathapuram,74.5,-12.3095
2023-09-19 17:00:00,583,Ramanathapuram,0.5,-12.297
2023-09-19 18:00:00,583,Ramanathapuram,9.5,-12.297
2023-09-19 19:00:00,583,Ramanathapuram,94.0,-12.297
2023-09-19 20:00:00,583,Ramanathapuram,201.5,-12.297
2023-09-19 21:00:00,583,Ramanathapuram,231.5,-12.297
2023-09-20 03:00:00,583,Ramanathapuram,244.0,-12.309
2023-09-20 07:00:00,583,Ramanathapuram,20.5,-12.294
2023-09-20 08:00:00,583,Ramanathapuram,23.0,-12.294
2023-09-20 09:00:00,583,Ramanathapuram,35.0,-12.294
2023-09-20 10:00:00,583,Ramanathapuram,63.0,-12.2915
2023-09-20 13:00:00,583,Ramanathapuram,0.5,-12.2915
2023-09-20 14:00:00,583,Ramanathapuram,3.5,-12.2915
2023-09-20 17:00:00,583,Ramanathapuram,5.0,-12.396
2023-09-21 00:00:00,583,Ramanathapuram,8.0,-12.2915
2023-09-21 07:00:00,583,Ramanathapuram,6.0,-12.2815
2023-09-21 08:00:00,583,Ramanathapuram,6.5,-12.2815
2023-09-21 09:00:00,583,Ramanathapuram,6.0,-12.2815
2023-09-21 10:00:00,583,Ramanathapuram,8.5,-12.288
2023-09-21 14:00:00,583,Ramanathapuram,1.0,-12.288
2023-09-21 15:00:00,583,Ramanathapuram,3.0,-12.288
2023-09-21 16:00:00,583,Ramanathapuram,0.5,-12.2725
2023-09-22 12:00:00,583,Ramanathapuram,315.5,-12.263
2023-09-22 13:00:00,583,Ramanathapuram,2.0,-12.263
2023-09-22 14:00:00,583,Ramanathapuram,0.5,-12.263
2023-09-22 15:00:00,583,Ramanathapuram,1.0,-12.263
2023-09-22 16:00:00,583,Ramanathapuram,7.0,-12.3025
2023-09-22 17:00:00,583,Ramanathapuram,40.5,-12.3025
2023-09-23 04:00:00,583,Ramanathapuram,81.5,-12.2535
2023-09-23 08:00:00,583,Ramanathapuram,15.0,-12.2535
2023-09-23 09:00:00,583,Ramanathapuram,7.0,-12.2535
2023-09-23 10:00:00,583,Ramanathapuram,7.5,-12.2475
2023-09-23 11:00:00,583,Ramanathapuram,0.5,-12.2475
2023-09-23 17:00:00,583,Ramanathapuram,4.0,-12.26
2023-09-23 18:00:00,583,Ramanathapuram,205.0,-12.26
2023-09-23 21:00:00,583,Ramanathapuram,9.0,-12.26
2023-09-24 03:00:00,583,Ramanathapuram,3.0,-12.2435
2023-09-24 04:00:00,583,Ramanathapuram,10.5,-12.241
2023-09-24 09:00:00,583,Ramanathapuram,545.0,-12.241
2023-09-24 10:00:00,583,Ramanathapuram,9.0,-12.2335
2023-09-24 11:00:00,583,Ramanathapuram,194.0,-12.2335
2023-09-24 12:00:00,583,Ramanathapuram,99.0,-12.2335
2023-09-24 13:00:00,583,Ramanathapuram,26.0,-12.2335
2023-09-24 14:00:00,583,Ramanathapuram,2.5,-12.2335
2023-09-24 17:00:00,583,Ramanathapuram,11.5,-12.2535
2023-09-24 18:00:00,583,Ramanathapuram,529.5,-12.2535
2023-09-24 19:00:00,583,Ramanathapuram,446.5,-12.2535
2023-09-24 20:00:00,583,Ramanathapuram,19.0,-12.2535
2023-09-24 21:00:00,583,Ramanathapuram,0.5,-12.2535
2023-09-25 00:00:00,583,Ramanathapuram,115.5,-12.2295
2023-09-25 04:00:00,583,Ramanathapuram,34.0,-12.223
2023-09-25 06:00:00,583,Ramanathapuram,3.5,-12.223
2023-09-25 07:00:00,583,Ramanathapuram,77.5,-12.223
2023-09-25 08:00:00,583,Ramanathapuram,15.0,-12.223
2023-09-25 09:00:00,583,Ramanathapuram,19.5,-12.223
2023-09-25 10:00:00,583,Ramanathapuram,117.5,-12.222
2023-09-25 11:00:00,583,Ramanathapuram,51.5,-12.222
2023-09-25 12:00:00,583,Ramanathapuram,12.0,-12.222
2023-09-25 13:00:00,583,Ramanathapuram,9.0,-12.222
2023-09-25 15:00:00,583,Ramanathapuram,1.5,-12.222
2023-09-25 16:00:00,583,Ramanathapuram,552.0,-12.3105
2023-09-25 17:00:00,583,Ramanathapuram,539.0,-12.3105
2023-09-25 18:00:00,583,Ramanathapuram,21.5,-12.3105
2023-09-25 19:00:00,583,Ramanathapuram,42.5,-12.3105
2023-09-25 22:00:00,583,Ramanathapuram,189.5,-12.22
2023-09-25 23:00:00,583,Ramanathapuram,1.0,-12.22
2023-09-26 00:00:00,583,Ramanathapuram,37.5,-12.22
2023-09-26 01:00:00,583,Ramanathapuram,154.5,-12.22
2023-09-26 02:00:00,583,Ramanathapuram,3.0,-12.22
2023-09-26 03:00:00,583,Ramanathapuram,10.0,-12.22
2023-09-26 04:00:00,583,Ramanathapuram,911.5,-12.2075
2023-09-26 05:00:00,583,Ramanathapuram,440.0,-12.2075
2023-09-26 06:00:00,583,Ramanathapuram,27.5,-12.2075
2023-09-26 07:00:00,583,Ramanathapuram,55.0,-12.2075
2023-09-26 10:00:00,583,Ramanathapuram,1.0,-12.2135
2023-09-26 14:00:00,583,Ramanathapuram,0.5,-12.2135
2023-09-26 16:00:00,583,Ramanathapuram,33.5,-12.2095
2023-09-26 19:00:00,583,Ramanathapuram,107.5,-12.2095
2023-09-26 20:00:00,583,Ramanathapuram,162.5,-12.2095
2023-09-26 21:00:00,583,Ramanathapuram,298.5,-12.2095
2023-09-26 22:00:00,583,Ramanathapuram,448.0,-12.209
2023-09-26 23:00:00,583,Ramanathapuram,361.5,-12.209
2023-09-27 00:00:00,583,Ramanathapuram,483.5,-12.209
2023-09-27 01:00:00,583,Ramanathapuram,42.5,-12.209
2023-09-27 03:00:00,583,Ramanathapuram,7.0,-12.209
2023-09-27 05:00:00,583,Ramanathapuram,13.5,-12.1935
2023-09-27 06:00:00,583,Ramanathapuram,0.5,-12.1935
2023-09-27 08:00:00,583,Ramanathapuram,2.5,-12.1935
2023-09-27 09:00:00,583,Ramanathapuram,97.5,-12.1935
2023-09-27 12:00:00,583,Ramanathapuram,1.5,-12.2005
2023-09-27 14:00:00,583,Ramanathapuram,59.0,-12.2005
2023-09-27 15:00:00,583,Ramanathapuram,95.0,-12.2005
2023-09-27 16:00:00,583,Ramanathapuram,46.5,-12.253
2023-09-27 18:00:00,583,Ramanathapuram,1.0,-12.253
2023-09-27 19:00:00,583,Ramanathapuram,10.666666666666666,-12.253
2023-09-27 20:00:00,583,Ramanathapuram,34.875,-12.253
2023-09-27 21:00:00,583,Ramanathapuram,32.0,-12.253
2023-09-27 22:00:00,583,Ramanathapuram,0.5,-12.19
2023-09-27 23:00:00,583,Ramanathapuram,0.5,-12.19
2023-09-28 01:00:00,583,Ramanathapuram,0.5,-12.19
2023-09-28 15:00:00,583,Ramanathapuram,3.5,-12.178999999999998
2023-09-28 17:00:00,583,Ramanathapuram,3.5,-12.182
2023-09-30 14:00:00,583,Ramanathapuram,16.5,-12.1575
2023-10-01 20:00:00,583,Ramanathapuram,10.5,-12.3815
2023-10-01 21:00:00,583,Ramanathapuram,0.5,-12.3815
2023-10-01 22:00:00,583,Ramanathapuram,24.5,-12.1495
2023-10-01 23:00:00,583,Ramanathapuram,522.5,-12.1495
2023-10-02 00:00:00,583,Ramanathapuram,609.5,-12.1495
2023-10-02 01:00:00,583,Ramanathapuram,632.0,-12.1495
2023-10-02 02:00:00,583,Ramanathapuram,954.5,-12.1495
2023-10-02 03:00:00,583,Ramanathapuram,539.5,-12.1495
2023-10-02 04:00:00,583,Ramanathapuram,593.5,-12.1295
2023-10-02 05:00:00,583,Ramanathapuram,775.5,-12.1295
2023-10-02 06:00:00,583,Ramanathapuram,683.5,-12.1295
2023-10-02 07:00:00,583,Ramanathapuram,624.0,-12.1295
2023-10-02 08:00:00,583,Ramanathapuram,216.0,-12.1295
2023-10-02 09:00:00,583,Ramanathapuram,89.0,-12.1295
2023-10-02 17:00:00,583,Ramanathapuram,25.0,-12.1225
2023-10-02 18:00:00,583,Ramanathapuram,243.5,-12.1225
2023-10-02 19:00:00,583,Ramanathapuram,1206.5,-12.1225
2023-10-02 20:00:00,583,Ramanathapuram,512.5,-12.1225
2023-10-02 21:00:00,583,Ramanathapuram,765.5,-12.1225
2023-10-02 22:00:00,583,Ramanathapuram,685.0,-12.1325
2023-10-02 23:00:00,583,Ramanathapuram,116.0,-12.1325
2023-10-03 00:00:00,583,Ramanathapuram,465.5,-12.1325
2023-10-03 01:00:00,583,Ramanathapuram,114.0,-12.1325
2023-10-03 02:00:00,583,Ramanathapuram,2.0,-12.1325
2023-10-03 05:00:00,583,Ramanathapuram,54.0,-12.119
2023-10-03 06:00:00,583,Ramanathapuram,700.0,-12.119
2023-10-03 07:00:00,583,Ramanathapuram,213.0,-12.119
2023-10-03 08:00:00,583,Ramanathapuram,480.5,-12.119
2023-10-03 09:00:00,583,Ramanathapuram,18.0,-12.119
2023-10-03 10:00:00,583,Ramanathapuram,129.0,-12.1205
2023-10-03 11:00:00,583,Ramanathapuram,50.0,-12.1205
2023-10-03 12:00:00,583,Ramanathapuram,6.5,-12.1205
2023-10-03 13:00:00,583,Ramanathapuram,10.5,-12.1205
2023-10-03 14:00:00,583,Ramanathapuram,4.0,-12.1205
2023-10-03 17:00:00,583,Ramanathapuram,1.0,-12.108
2023-10-03 18:00:00,583,Ramanathapuram,1.0,-12.108
2023-10-03 20:00:00,583,Ramanathapuram,1.0,-12.108
2023-10-03 21:00:00,583,Ramanathapuram,2.0,-12.108
2023-10-04 01:00:00,583,Ramanathapuram,4.5,-12.1245
2023-10-04 04:00:00,583,Ramanathapuram,20.0,-12.1085
2023-10-04 05:00:00,583,Ramanathapuram,9.0,-12.1085
2023-10-04 10:00:00,583,Ramanathapuram,7.5,-12.1065
2023-10-04 19:00:00,583,Ramanathapuram,10.0,-12.1005
2023-10-05 00:00:00,583,Ramanathapuram,0.5,-12.1005
2023-10-05 02:00:00,583,Ramanathapuram,6.0,-12.1005
2023-10-05 06:00:00,583,Ramanathapuram,7.0,-12.382
2023-10-05 09:00:00,583,Ramanathapuram,1.0,-12.382
2023-10-05 11:00:00,583,Ramanathapuram,1.0,-12.1
2023-10-05 12:00:00,583,Ramanathapuram,0.5,-12.1
2023-10-05 14:05:00,583,Ramanathapuram,2.0,-12.1
2023-10-05 14:10:00,583,Ramanathapuram,5.0,-12.1
2023-10-05 14:15:00,583,Ramanathapuram,9.0,-12.1
2023-10-05 14:20:00,583,Ramanathapuram,9.0,-12.1
2023-10-05 14:25:00,583,Ramanathapuram,9.0,-12.1
2023-10-05 14:30:00,583,Ramanathapuram,9.0,-12.1
2023-10-05 14:35:00,583,Ramanathapuram,9.0,-12.1
2023-10-05 14:40:00,583,Ramanathapuram,9.0,-12.1
2023-10-05 14:45:00,583,Ramanathapuram,9.0,-12.1
2023-10-05 14:50:00,583,Ramanathapuram,9.0,-12.1
2023-10-05 14:55:00,583,Ramanathapuram,9.0,-12.1
2023-10-05 15:00:00,583,Ramanathapuram,4.75,-12.1
2023-10-05 15:05:00,583,Ramanathapuram,0.5,-12.079
2023-10-05 15:10:00,583,Ramanathapuram,0.5,-12.079
2023-10-05 15:15:00,583,Ramanathapuram,0.5,-12.079
2023-10-05 15:20:00,583,Ramanathapuram,0.5,-12.079
2023-10-05 15:25:00,583,Ramanathapuram,0.5,-12.079
2023-10-05 15:30:00,583,Ramanathapuram,0.5,-12.079
2023-10-05 15:35:00,583,Ramanathapuram,0.5,-12.079
2023-10-05 15:40:00,583,Ramanathapuram,0.5,-12.079
2023-10-05 15:45:00,583,Ramanathapuram,0.5,-12.079
2023-10-05 15:50:00,583,Ramanathapuram,0.5,-12.079
2023-10-05 15:55:00,583,Ramanathapuram,0.5,-12.079
2023-10-05 16:00:00,583,Ramanathapuram,0.5,-12.079
2023-10-05 18:00:00,583,Ramanathapuram,0.5,-12.079
2023-10-05 19:00:00,583,Ramanathapuram,13.5,-12.079
2023-10-05 20:00:00,583,Ramanathapuram,218.0,-12.079
2023-10-05 21:00:00,583,Ramanathapuram,35.0,-12.079
2023-10-05 22:00:00,583,Ramanathapuram,0.5,-12.078
2023-10-05 23:00:00,583,Ramanathapuram,47.5,-12.078
2023-10-06 00:00:00,583,Ramanathapuram,153.0,-12.078
2023-10-06 01:00:00,583,Ramanathapuram,428.5,-12.078
2023-10-06 02:00:00,583,Ramanathapuram,60.0,-12.078
2023-10-06 03:00:00,583,Ramanathapuram,58.0,-12.078
2023-10-06 04:00:00,583,Ramanathapuram,18.0,-12.075499999999998
2023-10-06 05:00:00,583,Ramanathapuram,1.5,-12.075499999999998
2023-10-06 06:00:00,583,Ramanathapuram,0.5,-12.075499999999998
2023-10-06 07:00:00,583,Ramanathapuram,45.0,-12.075499999999998
2023-10-06 08:00:00,583,Ramanathapuram,78.5,-12.075499999999998
2023-10-06 09:00:00,583,Ramanathapuram,110.0,-12.075499999999998
2023-10-06 10:00:00,583,Ramanathapuram,13.0,-12.084
2023-10-06 11:00:00,583,Ramanathapuram,1.5,-12.084
2023-10-06 14:00:00,583,Ramanathapuram,2.0,-12.084
2023-10-06 14:40:00,583,Ramanathapuram,0.5,-12.084
2023-10-06 14:45:00,583,Ramanathapuram,0.5,-12.084
2023-10-06 14:50:00,583,Ramanathapuram,0.5,-12.084
2023-10-06 14:55:00,583,Ramanathapuram,0.5,-12.084
2023-10-06 15:00:00,583,Ramanathapuram,3.75,-12.084
2023-10-06 16:00:00,583,Ramanathapuram,20.0,-12.071
2023-10-06 16:10:00,583,Ramanathapuram,0.5,-12.071
2023-10-06 16:15:00,583,Ramanathapuram,1.5,-12.071
2023-10-06 16:20:00,583,Ramanathapuram,1.5,-12.071
2023-10-06 16:25:00,583,Ramanathapuram,2.0,-12.071
2023-10-06 16:30:00,583,Ramanathapuram,2.5,-12.071
2023-10-06 16:35:00,583,Ramanathapuram,3.0,-12.071
2023-10-06 16:40:00,583,Ramanathapuram,3.5,-12.071
2023-10-06 16:45:00,583,Ramanathapuram,3.5,-12.071
2023-10-06 16:50:00,583,Ramanathapuram,3.5,-12.071
2023-10-06 16:55:00,583,Ramanathapuram,3.5,-12.071
2023-10-06 17:00:00,583,Ramanathapuram,3.5,-12.071
2023-10-06 17:10:00,583,Ramanathapuram,0.5,-12.071
2023-10-06 18:00:00,583,Ramanathapuram,0.5,-12.071
2023-10-06 22:00:00,583,Ramanathapuram,0.5,-12.0645
2023-10-06 23:00:00,583,Ramanathapuram,4.0,-12.0645
2023-10-07 00:00:00,583,Ramanathapuram,1.0,-12.0645
2023-10-07 01:00:00,583,Ramanathapuram,10.5,-12.0645
2023-10-07 02:00:00,583,Ramanathapuram,50.0,-12.0645
2023-10-07 03:00:00,583,Ramanathapuram,82.0,-12.0645
2023-10-07 04:00:00,583,Ramanathapuram,41.5,-12.0595
2023-10-07 05:00:00,583,Ramanathapuram,214.5,-12.0595
2023-10-07 06:00:00,583,Ramanathapuram,52.0,-12.0595
2023-10-07 07:00:00,583,Ramanathapuram,573.5,-12.0595
2023-10-07 08:00:00,583,Ramanathapuram,423.5,-12.0595
2023-10-07 09:00:00,583,Ramanathapuram,1522.5,-12.0595
2023-10-07 10:00:00,583,Ramanathapuram,675.0,-12.058
2023-10-07 11:00:00,583,Ramanathapuram,519.5,-12.058
2023-10-07 12:00:00,583,Ramanathapuram,914.0,-12.058
2023-10-07 13:00:00,583,Ramanathapuram,755.5,-12.058
2023-10-07 14:00:00,583,Ramanathapuram,47.5,-12.058
2023-10-07 15:00:00,583,Ramanathapuram,679.0,-12.058
2023-10-07 16:00:00,583,Ramanathapuram,46.75,-12.2065
2023-10-07 17:00:00,583,Ramanathapuram,41.25,-12.2065
2023-10-07 18:00:00,583,Ramanathapuram,209.5,-12.2065
2023-10-07 19:00:00,583,Ramanathapuram,171.5,-12.2065
2023-10-07 20:00:00,583,Ramanathapuram,765.5,-12.2065
2023-10-07 21:00:00,583,Ramanathapuram,125.0,-12.2065
2023-10-07 22:00:00,583,Ramanathapuram,349.0,-12.0625
2023-10-07 23:00:00,583,Ramanathapuram,552.0,-12.0625
2023-10-08 00:00:00,583,Ramanathapuram,470.5,-12.0625
2023-10-08 01:00:00,583,Ramanathapuram,7.5,-12.0625
2023-10-08 02:00:00,583,Ramanathapuram,665.5,-12.0625
2023-10-08 03:00:00,583,Ramanathapuram,123.5,-12.0625
2023-10-08 04:00:00,583,Ramanathapuram,4.0,-12.053999999999998
2023-10-08 05:00:00,583,Ramanathapuram,116.0,-12.053999999999998
2023-10-08 06:00:00,583,Ramanathapuram,42.0,-12.053999999999998
2023-10-08 07:00:00,583,Ramanathapuram,67.0,-12.053999999999998
2023-10-08 08:00:00,583,Ramanathapuram,70.5,-12.053999999999998
2023-10-08 09:00:00,583,Ramanathapuram,314.0,-12.053999999999998
2023-10-08 10:00:00,583,Ramanathapuram,357.5,-12.055
2023-10-08 11:00:00,583,Ramanathapuram,576.0,-12.055
2023-10-08 12:00:00,583,Ramanathapuram,0.75,-12.055
2023-10-08 13:00:00,583,Ramanathapuram,1.5,-12.055
2023-10-08 14:00:00,583,Ramanathapuram,14.5,-12.055
2023-10-08 15:00:00,583,Ramanathapuram,5.5,-12.055
2023-10-08 18:00:00,583,Ramanathapuram,179.5,-12.1395
2023-10-08 19:00:00,583,Ramanathapuram,90.0,-12.1395
2023-10-08 20:00:00,583,Ramanathapuram,358.0,-12.1395
2023-10-08 21:00:00,583,Ramanathapuram,667.0,-12.1395
2023-10-08 22:00:00,583,Ramanathapuram,789.0,-12.053999999999998
2023-10-08 23:00:00,583,Ramanathapuram,802.0,-12.053999999999998
2023-10-09 00:00:00,583,Ramanathapuram,3.5,-12.053999999999998
2023-10-09 01:00:00,583,Ramanathapuram,97.0,-12.053999999999998
2023-10-09 02:00:00,583,Ramanathapuram,818.5,-12.053999999999998
2023-10-09 03:00:00,583,Ramanathapuram,26.5,-12.053999999999998
2023-10-09 04:00:00,583,Ramanathapuram,579.0,-12.046
2023-10-09 05:00:00,583,Ramanathapuram,1397.0,-12.046
2023-10-09 06:00:00,583,Ramanathapuram,372.0,-12.046
2023-10-09 07:00:00,583,Ramanathapuram,585.5,-12.046
2023-10-09 08:00:00,583,Ramanathapuram,941.5,-12.046
2023-10-09 09:00:00,583,Ramanathapuram,934.0,-12.046
2023-10-09 10:00:00,583,Ramanathapuram,437.0,-12.051
2023-10-09 11:00:00,583,Ramanathapuram,87.5,-12.051
2023-10-09 12:00:00,583,Ramanathapuram,583.5,-12.051
2023-10-09 13:00:00,583,Ramanathapuram,1030.0,-12.051
2023-10-09 14:00:00,583,Ramanathapuram,274.5,-12.051
2023-10-09 15:00:00,583,Ramanathapuram,843.0,-12.051
2023-10-09 16:00:00,583,Ramanathapuram,413.0,-12.07
2023-10-09 17:00:00,583,Ramanathapuram,647.5,-12.07
2023-10-09 18:00:00,583,Ramanathapuram,7.0,-12.07
2023-10-09 19:00:00,583,Ramanathapuram,63.0,-12.07
2023-10-09 20:00:00,583,Ramanathapuram,24.5,-12.07
2023-10-09 21:00:00,583,Ramanathapuram,23.0,-12.07
2023-10-09 22:00:00,583,Ramanathapuram,15.0,-12.052
2023-10-09 23:00:00,583,Ramanathapuram,204.0,-12.052
2023-10-10 00:00:00,583,Ramanathapuram,2.5,-12.052
2023-10-10 02:00:00,583,Ramanathapuram,9.5,-12.052
2023-10-10 03:00:00,583,Ramanathapuram,255.0,-12.052
2023-10-10 04:00:00,583,Ramanathapuram,1634.0,-12.0415
2023-10-10 05:00:00,583,Ramanathapuram,834.0,-12.0415
2023-10-10 06:00:00,583,Ramanathapuram,709.0,-12.0415
2023-10-10 07:00:00,583,Ramanathapuram,434.0,-12.0415
2023-10-10 08:00:00,583,Ramanathapuram,52.0,-12.0415
2023-10-10 09:00:00,583,Ramanathapuram,51.0,-12.0415
2023-10-10 10:00:00,583,Ramanathapuram,0.5,-12.044
2023-10-10 11:00:00,583,Ramanathapuram,1.0,-12.044
2023-10-10 13:00:00,583,Ramanathapuram,2.0,-12.044
2023-10-10 14:00:00,583,Ramanathapuram,7.0,-12.044
2023-10-10 15:00:00,583,Ramanathapuram,4.25,-12.044
2023-10-10 16:00:00,583,Ramanathapuram,9.0,-12.071
2023-10-10 18:00:00,583,Ramanathapuram,1.0,-12.071
2023-10-10 19:00:00,583,Ramanathapuram,4.0,-12.071
2023-10-10 21:00:00,583,Ramanathapuram,2.0,-12.071
2023-10-10 22:00:00,583,Ramanathapuram,0.5,-12.039
2023-10-10 23:00:00,583,Ramanathapuram,3.5,-12.039
2023-10-11 00:00:00,583,Ramanathapuram,2.5,-12.039
2023-10-11 01:00:00,583,Ramanathapuram,1.5,-12.039
2023-10-11 03:00:00,583,Ramanathapuram,34.5,-12.039
2023-10-11 05:00:00,583,Ramanathapuram,27.5,-12.0265
2023-10-11 06:00:00,583,Ramanathapuram,357.5,-12.0265
2023-10-11 07:00:00,583,Ramanathapuram,240.0,-12.0265
2023-10-11 08:00:00,583,Ramanathapuram,188.0,-12.0265
2023-10-11 09:00:00,583,Ramanathapuram,5.0,-12.0265
2023-10-11 10:00:00,583,Ramanathapuram,16.5,-12.0295
2023-10-11 12:00:00,583,Ramanathapuram,4.0,-12.0295
2023-10-11 13:00:00,583,Ramanathapuram,19.25,-12.0295
2023-10-11 14:00:00,583,Ramanathapuram,8.75,-12.0295
2023-10-11 15:00:00,583,Ramanathapuram,3.0,-12.0295
2023-10-11 16:00:00,583,Ramanathapuram,0.5,-12.0495
2023-10-11 17:00:00,583,Ramanathapuram,0.5,-12.0495
2023-10-11 18:00:00,583,Ramanathapuram,1.5,-12.0495
2023-10-11 19:00:00,583,Ramanathapuram,184.0,-12.0495
2023-10-11 21:00:00,583,Ramanathapuram,4.0,-12.0495
2023-10-11 22:00:00,583,Ramanathapuram,44.0,-12.0325
2023-10-11 23:00:00,583,Ramanathapuram,25.0,-12.0325
2023-10-12 00:00:00,583,Ramanathapuram,1.0,-12.0325
2023-10-12 01:00:00,583,Ramanathapuram,15.5,-12.0325
2023-10-12 02:00:00,583,Ramanathapuram,13.25,-12.0325
2023-10-12 03:00:00,583,Ramanathapuram,23.75,-12.0325
2023-10-12 04:00:00,583,Ramanathapuram,1275.5,-12.014
2023-10-12 05:00:00,583,Ramanathapuram,24.5,-12.014
2023-10-12 06:00:00,583,Ramanathapuram,314.0,-12.014
2023-10-12 07:00:00,583,Ramanathapuram,161.0,-12.014
2023-10-12 08:00:00,583,Ramanathapuram,181.0,-12.014
2023-10-12 09:00:00,583,Ramanathapuram,299.5,-12.014
2023-10-12 10:00:00,583,Ramanathapuram,16.5,-12.023
2023-10-12 11:00:00,583,Ramanathapuram,52.5,-12.023
2023-10-12 12:00:00,583,Ramanathapuram,317.5,-12.023
2023-10-12 13:00:00,583,Ramanathapuram,15.833333333333334,-12.023
2023-10-12 14:00:00,583,Ramanathapuram,109.0,-12.023
2023-10-12 15:00:00,583,Ramanathapuram,388.5,-12.023
2023-10-12 18:00:00,583,Ramanathapuram,14.5,-12.2465
2023-10-12 19:00:00,583,Ramanathapuram,473.5,-12.2465
2023-10-12 20:00:00,583,Ramanathapuram,694.0,-12.2465
2023-10-12 21:00:00,583,Ramanathapuram,550.0,-12.2465
2023-10-12 22:00:00,583,Ramanathapuram,31.5,-12.024
2023-10-12 23:00:00,583,Ramanathapuram,120.5,-12.024
2023-10-13 00:00:00,583,Ramanathapuram,279.0,-12.024
2023-10-13 01:00:00,583,Ramanathapuram,48.0,-12.024
2023-10-13 05:00:00,583,Ramanathapuram,7.5,-12.0065
2023-10-13 07:00:00,583,Ramanathapuram,21.5,-12.0065
2023-10-13 08:00:00,583,Ramanathapuram,10.0,-12.0065
2023-10-13 09:00:00,583,Ramanathapuram,1.5,-12.0065
2023-10-13 10:00:00,583,Ramanathapuram,28.0,-12.015999999999998
2023-10-13 11:00:00,583,Ramanathapuram,23.5,-12.015999999999998
2023-10-13 12:00:00,583,Ramanathapuram,15.5,-12.015999999999998
2023-10-13 13:00:00,583,Ramanathapuram,0.5,-12.015999999999998
2023-10-13 17:00:00,583,Ramanathapuram,1.0,-11.9915
2023-10-13 23:00:00,583,Ramanathapuram,4.5,-12.015
2023-10-14 00:00:00,583,Ramanathapuram,83.0,-12.015
2023-10-14 04:00:00,583,Ramanathapuram,1.0,-11.992
2023-10-14 05:00:00,583,Ramanathapuram,2.0,-11.992
2023-10-14 06:00:00,583,Ramanathapuram,0.5,-11.992
2023-10-14 07:00:00,583,Ramanathapuram,1.75,-11.992
2023-10-14 08:00:00,583,Ramanathapuram,38.5,-11.992
2023-10-14 09:00:00,583,Ramanathapuram,0.5,-11.992
2023-10-14 11:00:00,583,Ramanathapuram,11.5,-12.001
2023-10-14 12:00:00,583,Ramanathapuram,1.5,-12.001
2023-10-14 16:00:00,583,Ramanathapuram,1.5,-11.9875
2023-10-16 03:00:00,583,Ramanathapuram,0.5,-11.982
2023-10-16 04:00:00,583,Ramanathapuram,4.25,-11.9575
2023-10-16 05:00:00,583,Ramanathapuram,24.875,-11.9575
2023-10-16 06:00:00,583,Ramanathapuram,14.5,-11.9575
2023-10-16 07:00:00,583,Ramanathapuram,14.25,-11.9575
2023-10-16 08:00:00,583,Ramanathapuram,9.416666666666666,-11.9575
2023-10-16 09:00:00,583,Ramanathapuram,2.0,-11.9575
2023-10-16 10:00:00,583,Ramanathapuram,0.5,-11.962
2023-10-16 11:00:00,583,Ramanathapuram,0.75,-11.962
2023-10-16 16:00:00,583,Ramanathapuram,0.75,-11.9695
2023-10-17 10:00:00,583,Ramanathapuram,0.5,-11.953
2023-10-17 13:00:00,583,Ramanathapuram,51.5,-11.953
2023-10-17 14:00:00,583,Ramanathapuram,3.5,-11.953
2023-10-17 15:00:00,583,Ramanathapuram,3.5,-11.953
2023-10-17 16:00:00,583,Ramanathapuram,3.1666666666666665,-11.9845
2023-10-17 18:00:00,583,Ramanathapuram,0.5,-11.9845
2023-10-17 19:00:00,583,Ramanathapuram,0.5,-11.9845
2023-10-18 06:00:00,583,Ramanathapuram,0.5,-11.9375
2023-10-18 13:00:00,583,Ramanathapuram,0.5,-11.942
2023-10-18 16:00:00,583,Ramanathapuram,1.5,-11.928
2023-10-18 20:00:00,583,Ramanathapuram,0.5,-11.928
2023-10-19 12:00:00,583,Ramanathapuram,1.0,-11.9285
2023-10-19 13:00:00,583,Ramanathapuram,0.5,-11.9285
2023-10-19 16:00:00,583,Ramanathapuram,1.5,-12.181
2023-10-20 10:00:00,583,Ramanathapuram,0.5,-11.93
2023-10-21 23:00:00,583,Ramanathapuram,0.5,-11.890999999999998
2023-10-22 00:00:00,583,Ramanathapuram,16.0,-11.890999999999998
2023-10-22 06:00:00,583,Ramanathapuram,3.5,-11.890999999999998
2023-10-22 12:00:00,583,Ramanathapuram,2.0,-11.890999999999998
2023-10-22 14:00:00,583,Ramanathapuram,2.25,-11.890999999999998
2023-10-22 15:00:00,583,Ramanathapuram,13.5,-11.890999999999998
2023-10-22 16:00:00,583,Ramanathapuram,42.5,-11.890999999999998
2023-10-22 18:00:00,583,Ramanathapuram,137.5,-11.890999999999998
2023-10-22 19:00:00,583,Ramanathapuram,165.0,-11.890999999999998
2023-10-22 20:00:00,583,Ramanathapuram,101.0,-11.890999999999998
2023-10-22 21:00:00,583,Ramanathapuram,39.0,-11.890999999999998
2023-10-23 00:00:00,583,Ramanathapuram,0.5,-11.890999999999998
2023-10-23 12:00:00,583,Ramanathapuram,2.0,-11.890999999999998
2023-10-23 13:00:00,583,Ramanathapuram,40.0,-11.890999999999998
2023-10-23 14:00:00,583,Ramanathapuram,3.5,-11.890999999999998
2023-10-23 15:00:00,583,Ramanathapuram,0.75,-11.890999999999998
2023-10-23 16:00:00,583,Ramanathapuram,0.5,-11.890999999999998
2023-10-23 17:00:00,583,Ramanathapuram,6.0,-11.890999999999998
2023-10-23 18:00:00,583,Ramanathapuram,101.5,-11.890999999999998
2023-10-23 23:00:00,583,Ramanathapuram,10.0,-11.8915
2023-10-24 05:00:00,583,Ramanathapuram,0.5,-11.8845
2023-10-24 11:00:00,583,Ramanathapuram,1.5,-11.9175
2023-10-24 12:00:00,583,Ramanathapuram,0.5,-11.9175
2023-10-24 13:00:00,583,Ramanathapuram,1.0,-11.9175
2023-10-24 14:00:00,583,Ramanathapuram,1.5,-11.9175
2023-10-24 15:00:00,583,Ramanathapuram,0.5,-11.9175
2023-10-24 16:00:00,583,Ramanathapuram,0.5,-11.8795
2023-10-24 17:00:00,583,Ramanathapuram,0.5,-11.8795
2023-10-24 19:00:00,583,Ramanathapuram,0.5,-11.8795
2023-10-24 22:00:00,583,Ramanathapuram,0.5,-11.881
2023-10-25 00:00:00,583,Ramanathapuram,0.5,-11.881
2023-10-25 04:00:00,583,Ramanathapuram,24.0,-11.8735
2023-10-25 05:00:00,583,Ramanathapuram,18.5,-11.8735
2023-10-25 06:00:00,583,Ramanathapuram,3.0,-11.8735
2023-10-25 07:00:00,583,Ramanathapuram,3.0,-11.8735
2023-10-25 09:00:00,583,Ramanathapuram,14.0,-11.8735
2023-10-25 10:00:00,583,Ramanathapuram,2.0,-11.876
2023-10-25 11:00:00,583,Ramanathapuram,1.5,-11.876
2023-10-25 12:00:00,583,Ramanathapuram,2.25,-11.876
2023-10-25 13:00:00,583,Ramanathapuram,6.0,-11.876
2023-10-25 14:00:00,583,Ramanathapuram,3.5,-11.876
2023-10-25 15:00:00,583,Ramanathapuram,5.75,-11.876
2023-10-25 16:00:00,583,Ramanathapuram,61.0,-11.855
2023-10-25 17:00:00,583,Ramanathapuram,1.0,-11.855
2023-10-25 23:00:00,583,Ramanathapuram,0.5,-11.8675
2023-10-26 00:00:00,583,Ramanathapuram,4.5,-11.8675
2023-10-26 05:00:00,583,Ramanathapuram,0.5,-11.854
2023-10-26 08:00:00,583,Ramanathapuram,7.0,-11.854
2023-10-26 09:00:00,583,Ramanathapuram,12.0,-11.854
2023-10-26 10:00:00,583,Ramanathapuram,10.0,-11.8615
2023-10-26 11:00:00,583,Ramanathapuram,10.25,-11.8615
2023-10-26 12:00:00,583,Ramanathapuram,21.0,-11.8615
2023-10-26 13:00:00,583,Ramanathapuram,19.0,-11.8615
2023-10-26 14:00:00,583,Ramanathapuram,3.5,-11.8615
2023-10-26 15:00:00,583,Ramanathapuram,110.0,-11.8615
2023-10-26 16:00:00,583,Ramanathapuram,3.0,-11.845
2023-10-27 08:00:00,583,Ramanathapuram,8.5,-11.8385
2023-10-27 09:00:00,583,Ramanathapuram,2.0,-11.8385
2023-10-27 10:00:00,583,Ramanathapuram,33.5,-11.8635
2023-10-27 11:00:00,583,Ramanathapuram,173.5,-11.8635
2023-10-27 12:00:00,583,Ramanathapuram,143.0,-11.8635
2023-10-27 13:00:00,583,Ramanathapuram,95.0,-11.8635
2023-10-27 14:00:00,583,Ramanathapuram,35.0,-11.8635
2023-10-27 15:00:00,583,Ramanathapuram,43.5,-11.8635
2023-10-27 16:00:00,583,Ramanathapuram,19.5,-11.8365
2023-10-28 08:00:00,583,Ramanathapuram,9.0,-11.8305
2023-10-28 09:00:00,583,Ramanathapuram,98.0,-11.8305
2023-10-28 10:00:00,583,Ramanathapuram,313.0,-11.845
2023-10-28 11:00:00,583,Ramanathapuram,1297.5,-11.845
2023-10-28 12:00:00,583,Ramanathapuram,9.75,-11.845
2023-10-28 13:00:00,583,Ramanathapuram,39.0,-11.845
2023-10-28 14:00:00,583,Ramanathapuram,98.5,-11.845
2023-10-28 15:00:00,583,Ramanathapuram,35.75,-11.845
2023-10-29 00:00:00,583,Ramanathapuram,141.0,-11.8455
2023-10-29 07:00:00,583,Ramanathapuram,23.0,-11.825
2023-10-29 08:00:00,583,Ramanathapuram,16.0,-11.825
2023-10-29 09:00:00,583,Ramanathapuram,36.0,-11.825
2023-10-29 10:00:00,583,Ramanathapuram,129.0,-11.835
2023-10-29 11:00:00,583,Ramanathapuram,598.0,-11.835
2023-10-29 12:00:00,583,Ramanathapuram,172.0,-11.835
2023-10-29 13:00:00,583,Ramanathapuram,214.75,-11.835
2023-10-29 14:00:00,583,Ramanathapuram,381.0,-11.835
2023-10-29 15:00:00,583,Ramanathapuram,0.5,-11.835
2023-10-29 16:00:00,583,Ramanathapuram,54.5,-11.9055
2023-10-30 03:00:00,583,Ramanathapuram,0.5,-11.838
2023-10-30 04:00:00,583,Ramanathapuram,9.25,-11.8165
2023-10-30 05:00:00,583,Ramanathapuram,0.8333333333333334,-11.8165
2023-10-30 06:00:00,583,Ramanathapuram,3.8333333333333335,-11.8165
2023-10-30 07:00:00,583,Ramanathapuram,3.0,-11.8165
2023-10-30 08:00:00,583,Ramanathapuram,2.2,-11.8165
2023-10-30 09:00:00,583,Ramanathapuram,24.75,-11.8165
2023-10-30 10:00:00,583,Ramanathapuram,0.75,-11.816
2023-10-30 11:00:00,583,Ramanathapuram,69.0,-11.816
2023-10-30 12:00:00,583,Ramanathapuram,0.5,-11.816
2023-10-30 13:00:00,583,Ramanathapuram,42.5,-11.816
2023-10-30 14:00:00,583,Ramanathapuram,66.5,-11.816
2023-10-30 15:00:00,583,Ramanathapuram,623.0,-11.816
2023-10-30 17:00:00,583,Ramanathapuram,6.5,-11.801
2023-10-30 21:00:00,583,Ramanathapuram,0.5,-11.801
2023-10-30 22:00:00,583,Ramanathapuram,2.5,-11.818
2023-10-30 23:00:00,583,Ramanathapuram,1.0,-11.818
2023-10-31 00:00:00,583,Ramanathapuram,3.5,-11.818
2023-10-31 04:00:00,583,Ramanathapuram,0.5,-11.7965
2023-10-31 06:00:00,583,Ramanathapuram,0.5,-11.7965
2023-10-31 08:00:00,583,Ramanathapuram,182.0,-11.7965
2023-10-31 11:00:00,583,Ramanathapuram,248.0,-11.805
2023-10-31 12:00:00,583,Ramanathapuram,1562.0,-11.805
2023-10-31 13:00:00,583,Ramanathapuram,2246.5,-11.805
2023-10-31 14:00:00,583,Ramanathapuram,1205.0,-11.805
2023-10-31 15:00:00,583,Ramanathapuram,164.75,-11.805
2023-10-31 16:00:00,583,Ramanathapuram,904.5,-11.9495
2023-10-31 17:00:00,583,Ramanathapuram,19.5,-11.9495
2023-10-31 20:00:00,583,Ramanathapuram,0.5,-11.9495
2023-10-31 23:00:00,583,Ramanathapuram,0.5,-11.81
2023-11-01 00:00:00,583,Ramanathapuram,0.5,-11.81
2023-11-01 02:00:00,583,Ramanathapuram,5.0,-11.81
2023-11-01 03:00:00,583,Ramanathapuram,0.5,-11.81
2023-11-01 07:00:00,583,Ramanathapuram,0.5,-11.793500000000002
2023-11-01 08:00:00,583,Ramanathapuram,541.0,-11.793500000000002
2023-11-01 09:00:00,583,Ramanathapuram,16.0,-11.793500000000002
2023-11-01 10:00:00,583,Ramanathapuram,1359.5,-11.795
2023-11-01 11:00:00,583,Ramanathapuram,531.3333333333334,-11.795
2023-11-01 12:00:00,583,Ramanathapuram,1159.0,-11.795
2023-11-01 13:00:00,583,Ramanathapuram,748.5,-11.795
2023-11-01 14:00:00,583,Ramanathapuram,477.5,-11.795
2023-11-01 15:00:00,583,Ramanathapuram,309.5,-11.795
2023-11-01 16:00:00,583,Ramanathapuram,60.0,-11.787
2023-11-01 17:00:00,583,Ramanathapuram,48.0,-11.787
2023-11-01 18:00:00,583,Ramanathapuram,72.0,-11.787
2023-11-01 19:00:00,583,Ramanathapuram,9.75,-11.787
2023-11-01 20:00:00,583,Ramanathapuram,10.5,-11.787
2023-11-01 21:00:00,583,Ramanathapuram,11.5,-11.787
2023-11-01 22:00:00,583,Ramanathapuram,1.5,-11.785
2023-11-01 23:00:00,583,Ramanathapuram,4.0,-11.785
2023-11-02 00:00:00,583,Ramanathapuram,0.75,-11.785
2023-11-02 01:00:00,583,Ramanathapuram,0.5,-11.785
2023-11-02 04:00:00,583,Ramanathapuram,0.5,-11.772
2023-11-02 05:00:00,583,Ramanathapuram,0.5,-11.772
2023-11-02 06:00:00,583,Ramanathapuram,1.75,-11.772
2023-11-02 07:00:00,583,Ramanathapuram,4.5,-11.772
2023-11-02 08:00:00,583,Ramanathapuram,10.0,-11.772
2023-11-02 09:00:00,583,Ramanathapuram,25.0,-11.772
2023-11-02 10:00:00,583,Ramanathapuram,0.5,-11.7695
2023-11-02 11:00:00,583,Ramanathapuram,15.5,-11.7695
2023-11-02 12:00:00,583,Ramanathapuram,771.0,-11.7695
2023-11-02 13:00:00,583,Ramanathapuram,167.66666666666666,-11.7695
2023-11-02 14:00:00,583,Ramanathapuram,452.5,-11.7695
2023-11-02 15:00:00,583,Ramanathapuram,204.75,-11.7695
2023-11-02 16:00:00,583,Ramanathapuram,15.833333333333334,-11.7565
2023-11-02 17:00:00,583,Ramanathapuram,9.0,-11.7565
2023-11-02 18:00:00,583,Ramanathapuram,35.5,-11.7565
2023-11-02 19:00:00,583,Ramanathapuram,1.0,-11.7565
2023-11-02 20:00:00,583,Ramanathapuram,26.5,-11.7565
2023-11-02 21:00:00,583,Ramanathapuram,99.0,-11.7565
2023-11-02 22:00:00,583,Ramanathapuram,30.0,-11.7545
2023-11-02 23:00:00,583,Ramanathapuram,29.0,-11.7545
2023-11-03 00:00:00,583,Ramanathapuram,143.5,-11.7545
2023-11-03 01:00:00,583,Ramanathapuram,182.0,-11.7545
2023-11-03 02:00:00,583,Ramanathapuram,134.0,-11.7545
2023-11-03 03:00:00,583,Ramanathapuram,27.0,-11.7545
2023-11-03 04:00:00,583,Ramanathapuram,78.0,-11.746
2023-11-03 05:00:00,583,Ramanathapuram,65.33333333333333,-11.746
2023-11-03 06:00:00,583,Ramanathapuram,18.75,-11.746
2023-11-03 08:00:00,583,Ramanathapuram,6.5,-11.746
2023-11-03 09:00:00,583,Ramanathapuram,35.0,-11.746
2023-11-03 12:00:00,583,Ramanathapuram,1753.5,-11.7425
2023-11-03 13:00:00,583,Ramanathapuram,548.0,-11.7425
2023-11-03 14:00:00,583,Ramanathapuram,282.0,-11.7425
2023-11-03 15:00:00,583,Ramanathapuram,19.5,-11.7425
2023-11-03 16:00:00,583,Ramanathapuram,1041.5,-11.7525
2023-11-03 17:00:00,583,Ramanathapuram,308.0,-11.7525
2023-11-03 18:00:00,583,Ramanathapuram,187.5,-11.7525
2023-11-03 19:00:00,583,Ramanathapuram,148.875,-11.7525
2023-11-03 20:00:00,583,Ramanathapuram,10.0,-11.7525
2023-11-03 21:00:00,583,Ramanathapuram,50.833333333333336,-11.7525
2023-11-03 22:00:00,583,Ramanathapuram,96.66666666666669,-11.724
2023-11-03 23:00:00,583,Ramanathapuram,66.33333333333333,-11.724
2023-11-04 00:00:00,583,Ramanathapuram,1.3333333333333333,-11.724
2023-11-04 01:00:00,583,Ramanathapuram,2.125,-11.724
2023-11-04 02:00:00,583,Ramanathapuram,2.333333333333333,-11.724
2023-11-04 03:00:00,583,Ramanathapuram,0.75,-11.724
2023-11-04 07:00:00,583,Ramanathapuram,1.0,-11.711
2023-11-04 08:00:00,583,Ramanathapuram,0.75,-11.711
2023-11-04 09:00:00,583,Ramanathapuram,2.5,-11.711
2023-11-04 10:00:00,583,Ramanathapuram,254.0,-11.7055
2023-11-04 11:00:00,583,Ramanathapuram,38.0,-11.7055
2023-11-04 12:00:00,583,Ramanathapuram,525.75,-11.7055
2023-11-04 13:00:00,583,Ramanathapuram,1550.0,-11.7055
2023-11-04 14:00:00,583,Ramanathapuram,493.5,-11.7055
2023-11-04 15:00:00,583,Ramanathapuram,57.5,-11.7055
2023-11-04 16:00:00,583,Ramanathapuram,165.0,-11.7
2023-11-04 17:00:00,583,Ramanathapuram,182.66666666666663,-11.7
2023-11-04 18:00:00,583,Ramanathapuram,392.5,-11.7
2023-11-04 19:00:00,583,Ramanathapuram,295.25,-11.7
2023-11-04 20:00:00,583,Ramanathapuram,195.8333333333333,-11.7
2023-11-04 21:00:00,583,Ramanathapuram,64.66666666666667,-11.7
2023-11-04 22:00:00,583,Ramanathapuram,177.875,-11.692
2023-11-04 23:00:00,583,Ramanathapuram,94.75,-11.692
2023-11-05 01:00:00,583,Ramanathapuram,151.25,-11.692
2023-11-05 02:00:00,583,Ramanathapuram,236.0,-11.692
2023-11-05 03:00:00,583,Ramanathapuram,127.375,-11.692
2023-11-05 04:00:00,583,Ramanathapuram,40.7,-11.653
2023-11-05 05:00:00,583,Ramanathapuram,0.75,-11.653
2023-11-05 06:00:00,583,Ramanathapuram,0.5,-11.653
2023-11-05 07:00:00,583,Ramanathapuram,0.5,-11.653
2023-11-05 08:00:00,583,Ramanathapuram,93.0,-11.653
2023-11-05 09:00:00,583,Ramanathapuram,198.5,-11.653
2023-11-05 10:00:00,583,Ramanathapuram,566.75,-11.6475
2023-11-05 11:00:00,583,Ramanathapuram,345.5,-11.6475
2023-11-05 12:00:00,583,Ramanathapuram,306.0,-11.6475
2023-11-05 13:00:00,583,Ramanathapuram,1.75,-11.6475
2023-11-05 14:00:00,583,Ramanathapuram,10.333333333333334,-11.6475
2023-11-05 15:00:00,583,Ramanathapuram,7.5,-11.6475
2023-11-05 16:00:00,583,Ramanathapuram,1.0,-11.6215
2023-11-05 17:00:00,583,Ramanathapuram,145.0,-11.6215
2023-11-05 18:00:00,583,Ramanathapuram,21.33333333333333,-11.6215
2023-11-05 19:00:00,583,Ramanathapuram,7.75,-11.6215
2023-11-05 20:00:00,583,Ramanathapuram,75.5,-11.6215
2023-11-05 21:00:00,583,Ramanathapuram,399.0,-11.6215
2023-11-05 22:00:00,583,Ramanathapuram,355.75,-11.6265
2023-11-05 23:00:00,583,Ramanathapuram,24.75,-11.6265
2023-11-06 00:00:00,583,Ramanathapuram,499.5,-11.6265
2023-11-06 01:00:00,583,Ramanathapuram,343.0,-11.6265
2023-11-06 02:00:00,583,Ramanathapuram,258.75,-11.6265
2023-11-06 03:00:00,583,Ramanathapuram,0.5,-11.6265
2023-11-06 04:00:00,583,Ramanathapuram,4.5,-11.6135
2023-11-06 05:00:00,583,Ramanathapuram,320.0,-11.6135
2023-11-06 06:00:00,583,Ramanathapuram,313.75,-11.6135
2023-11-06 07:00:00,583,Ramanathapuram,504.3333333333333,-11.6135
2023-11-06 08:00:00,583,Ramanathapuram,338.5,-11.6135
2023-11-06 09:00:00,583,Ramanathapuram,1014.5,-11.6135
2023-11-06 10:00:00,583,Ramanathapuram,63.5,-11.606000000000002
2023-11-06 11:00:00,583,Ramanathapuram,112.5,-11.606000000000002
2023-11-06 13:00:00,583,Ramanathapuram,14.75,-11.606000000000002
2023-11-06 15:00:00,583,Ramanathapuram,13.75,-11.606000000000002
2023-11-06 16:00:00,583,Ramanathapuram,11.75,-11.6665
2023-11-06 17:00:00,583,Ramanathapuram,2.0,-11.6665
2023-11-06 18:00:00,583,Ramanathapuram,1.5,-11.6665
2023-11-07 00:00:00,583,Ramanathapuram,5.5,-11.6025
2023-11-07 01:00:00,583,Ramanathapuram,5.333333333333333,-11.6025
2023-11-07 02:00:00,583,Ramanathapuram,2.1666666666666665,-11.6025
2023-11-07 03:00:00,583,Ramanathapuram,3.75,-11.6025
2023-11-07 04:00:00,583,Ramanathapuram,55.5,-11.572
2023-11-07 05:00:00,583,Ramanathapuram,99.375,-11.572
2023-11-07 06:00:00,583,Ramanathapuram,8.1,-11.572
2023-11-07 07:00:00,583,Ramanathapuram,44.4,-11.572
2023-11-07 08:00:00,583,Ramanathapuram,474.0,-11.572
2023-11-07 09:00:00,583,Ramanathapuram,36.0,-11.572
2023-11-07 10:00:00,583,Ramanathapuram,121.5,-11.561
2023-11-07 11:00:00,583,Ramanathapuram,58.0,-11.561
2023-11-07 13:00:00,583,Ramanathapuram,129.0,-11.561
2023-11-07 14:00:00,583,Ramanathapuram,296.6666666666667,-11.561
2023-11-07 15:00:00,583,Ramanathapuram,20.0,-11.561
2023-11-07 18:00:00,583,Ramanathapuram,104.5,-11.7035
2023-11-07 19:00:00,583,Ramanathapuram,384.0,-11.7035
2023-11-07 20:00:00,583,Ramanathapuram,162.25,-11.7035
2023-11-07 21:00:00,583,Ramanathapuram,856.0,-11.7035
2023-11-07 22:00:00,583,Ramanathapuram,111.25,-11.5565
2023-11-07 23:00:00,583,Ramanathapuram,250.5,-11.5565
2023-11-08 00:00:00,583,Ramanathapuram,254.5,-11.5565
2023-11-08 03:00:00,583,Ramanathapuram,0.5,-11.5565
2023-11-08 04:00:00,583,Ramanathapuram,0.5,-11.5405
2023-11-08 07:00:00,583,Ramanathapuram,181.5,-11.5405
2023-11-08 08:00:00,583,Ramanathapuram,288.5,-11.5405
2023-11-08 09:00:00,583,Ramanathapuram,524.5,-11.5405
2023-11-08 10:00:00,583,Ramanathapuram,515.0,-11.536
2023-11-08 11:00:00,583,Ramanathapuram,697.0,-11.536
2023-11-08 12:00:00,583,Ramanathapuram,144.33333333333334,-11.536
2023-11-08 13:00:00,583,Ramanathapuram,5.333333333333333,-11.536
2023-11-08 16:00:00,583,Ramanathapuram,3.5,-11.678999999999998
2023-11-08 18:00:00,583,Ramanathapuram,9.333333333333334,-11.678999999999998
2023-11-08 20:00:00,583,Ramanathapuram,4.0,-11.678999999999998
2023-11-08 21:00:00,583,Ramanathapuram,2.1666666666666665,-11.678999999999998
2023-11-08 22:00:00,583,Ramanathapuram,6.8,-11.531
2023-11-08 23:00:00,583,Ramanathapuram,21.08333333333333,-11.531
2023-11-09 00:00:00,583,Ramanathapuram,13.125,-11.531
2023-11-09 01:00:00,583,Ramanathapuram,6.214285714285714,-11.531
2023-11-09 02:00:00,583,Ramanathapuram,14.4,-11.531
2023-11-09 03:00:00,583,Ramanathapuram,34.0,-11.531
2023-11-09 04:00:00,583,Ramanathapuram,3.0,-11.4975
2023-11-09 05:00:00,583,Ramanathapuram,2.6666666666666665,-11.4975
2023-11-09 06:00:00,583,Ramanathapuram,0.5,-11.4975
2023-11-09 07:00:00,583,Ramanathapuram,2.0,-11.4975
2023-11-09 08:00:00,583,Ramanathapuram,3.0,-11.4975
2023-11-09 09:00:00,583,Ramanathapuram,3.25,-11.4975
2023-11-09 10:00:00,583,Ramanathapuram,1.5,-11.495
2023-11-09 13:00:00,583,Ramanathapuram,0.5,-11.495
2023-11-09 15:00:00,583,Ramanathapuram,0.5,-11.495
2023-11-09 18:00:00,583,Ramanathapuram,0.5,-11.4785
2023-11-09 20:00:00,583,Ramanathapuram,0.5,-11.4785
2023-11-09 23:00:00,583,Ramanathapuram,12.0,-11.495
2023-11-10 00:00:00,583,Ramanathapuram,0.5,-11.495
2023-11-10 01:00:00,583,Ramanathapuram,8.0,-11.495
2023-11-10 02:00:00,583,Ramanathapuram,0.5,-11.495
2023-11-10 03:00:00,583,Ramanathapuram,1.5,-11.495
2023-11-10 04:00:00,583,Ramanathapuram,0.5,-11.473
2023-11-10 05:00:00,583,Ramanathapuram,1.1666666666666667,-11.473
2023-11-10 06:00:00,583,Ramanathapuram,3.6666666666666665,-11.473
2023-11-10 07:00:00,583,Ramanathapuram,1.5,-11.473
2023-11-10 08:00:00,583,Ramanathapuram,8.0,-11.473
2023-11-10 09:00:00,583,Ramanathapuram,21.75,-11.473
2023-11-10 10:00:00,583,Ramanathapuram,0.75,-11.472
2023-11-10 12:00:00,583,Ramanathapuram,0.5,-11.472
2023-11-10 13:00:00,583,Ramanathapuram,1.25,-11.472
2023-11-10 14:00:00,583,Ramanathapuram,12.0,-11.472
2023-11-10 15:00:00,583,Ramanathapuram,14.0,-11.472
2023-11-10 16:00:00,583,Ramanathapuram,5.833333333333333,-11.457
2023-11-10 17:00:00,583,Ramanathapuram,0.5,-11.457
2023-11-10 19:00:00,583,Ramanathapuram,1.125,-11.457
2023-11-10 20:00:00,583,Ramanathapuram,1.0,-11.457
2023-11-10 22:00:00,583,Ramanathapuram,0.6666666666666666,-11.4655
2023-11-10 23:00:00,583,Ramanathapuram,1.5,-11.4655
2023-11-11 00:00:00,583,Ramanathapuram,1.2,-11.4655
2023-11-11 01:00:00,583,Ramanathapuram,0.5,-11.4655
2023-11-11 02:00:00,583,Ramanathapuram,0.5,-11.4655
2023-11-11 03:00:00,583,Ramanathapuram,0.5,-11.4655
2023-11-11 04:00:00,583,Ramanathapuram,1.25,-11.4435
2023-11-11 05:00:00,583,Ramanathapuram,0.6666666666666666,-11.4435
2023-11-11 06:00:00,583,Ramanathapuram,0.5,-11.4435
2023-11-11 07:00:00,583,Ramanathapuram,1.0,-11.4435
2023-11-11 08:00:00,583,Ramanathapuram,0.5,-11.4435
2023-11-11 10:00:00,583,Ramanathapuram,0.5,-11.447500000000002
2023-11-11 11:00:00,583,Ramanathapuram,2.5,-11.447500000000002
2023-11-11 12:00:00,583,Ramanathapuram,0.5,-11.447500000000002
2023-11-11 14:00:00,583,Ramanathapuram,3.0,-11.447500000000002
2023-11-11 15:00:00,583,Ramanathapuram,0.5,-11.447500000000002
2023-11-11 16:00:00,583,Ramanathapuram,4.5,-11.432
2023-11-11 17:00:00,583,Ramanathapuram,1.0,-11.432
2023-11-11 18:00:00,583,Ramanathapuram,3.0,-11.432
2023-11-11 19:00:00,583,Ramanathapuram,1.75,-11.432
2023-11-11 20:00:00,583,Ramanathapuram,3.5,-11.432
2023-11-11 21:00:00,583,Ramanathapuram,0.5,-11.432
2023-11-11 22:00:00,583,Ramanathapuram,1.0,-11.5015
2023-11-11 23:00:00,583,Ramanathapuram,1.1666666666666667,-11.5015
2023-11-12 00:00:00,583,Ramanathapuram,0.5,-11.5015
2023-11-12 01:00:00,583,Ramanathapuram,0.75,-11.5015
2023-11-12 02:00:00,583,Ramanathapuram,0.5,-11.5015
2023-11-12 03:00:00,583,Ramanathapuram,0.5,-11.5015
2023-11-12 04:00:00,583,Ramanathapuram,0.5,-11.4235
2023-11-12 05:00:00,583,Ramanathapuram,0.5,-11.4235
2023-11-12 06:00:00,583,Ramanathapuram,0.5,-11.4235
2023-11-12 07:00:00,583,Ramanathapuram,0.5,-11.4235
2023-11-12 08:00:00,583,Ramanathapuram,0.5,-11.4235
2023-11-12 09:00:00,583,Ramanathapuram,0.5,-11.4235
2023-11-12 10:00:00,583,Ramanathapuram,0.5,-11.442
2023-11-12 11:00:00,583,Ramanathapuram,15.25,-11.442
2023-11-12 12:00:00,583,Ramanathapuram,26.25,-11.442
2023-11-12 13:00:00,583,Ramanathapuram,114.5,-11.442
2023-11-12 14:00:00,583,Ramanathapuram,40.5,-11.442
2023-11-12 15:00:00,583,Ramanathapuram,0.75,-11.442
2023-11-12 16:00:00,583,Ramanathapuram,1.5,-11.5355
2023-11-12 17:00:00,583,Ramanathapuram,0.5,-11.5355
2023-11-12 18:00:00,583,Ramanathapuram,16.5,-11.5355
2023-11-12 19:00:00,583,Ramanathapuram,1.25,-11.5355
2023-11-12 20:00:00,583,Ramanathapuram,15.5,-11.5355
2023-11-12 21:00:00,583,Ramanathapuram,1.25,-11.5355
2023-11-12 22:00:00,583,Ramanathapuram,0.5,-11.427
2023-11-13 00:00:00,583,Ramanathapuram,0.5,-11.427
2023-11-13 01:00:00,583,Ramanathapuram,0.5,-11.427
2023-11-13 03:00:00,583,Ramanathapuram,0.5,-11.427
2023-11-13 04:00:00,583,Ramanathapuram,0.5,-11.403
2023-11-13 05:00:00,583,Ramanathapuram,0.5,-11.403
2023-11-13 06:00:00,583,Ramanathapuram,0.5,-11.403
2023-11-13 07:00:00,583,Ramanathapuram,0.5,-11.403
2023-11-13 09:00:00,583,Ramanathapuram,0.5,-11.403
2023-11-13 10:00:00,583,Ramanathapuram,0.5,-11.41
2023-11-13 11:00:00,583,Ramanathapuram,0.5,-11.41
2023-11-13 12:00:00,583,Ramanathapuram,15.5,-11.41
2023-11-13 13:00:00,583,Ramanathapuram,9.5,-11.41
2023-11-13 14:00:00,583,Ramanathapuram,0.5,-11.41
2023-11-13 16:00:00,583,Ramanathapuram,0.5,-11.546
2023-11-13 17:00:00,583,Ramanathapuram,13.5,-11.546
2023-11-13 18:00:00,583,Ramanathapuram,10.5,-11.546
2023-11-13 20:00:00,583,Ramanathapuram,0.5,-11.546
2023-11-13 22:00:00,583,Ramanathapuram,0.5,-11.4085
2023-11-13 23:00:00,583,Ramanathapuram,0.5,-11.4085
2023-11-14 00:00:00,583,Ramanathapuram,2.0,-11.4085
2023-11-14 01:00:00,583,Ramanathapuram,107.5,-11.4085
2023-11-14 02:00:00,583,Ramanathapuram,17.25,-11.4085
2023-11-14 03:00:00,583,Ramanathapuram,59.25,-11.4085
2023-11-14 04:00:00,583,Ramanathapuram,16.25,-11.3845
2023-11-14 05:00:00,583,Ramanathapuram,70.5,-11.3845
2023-11-14 06:00:00,583,Ramanathapuram,27.0,-11.3845
2023-11-14 07:00:00,583,Ramanathapuram,2.0,-11.3845
2023-11-14 08:00:00,583,Ramanathapuram,151.5,-11.3845
2023-11-14 09:00:00,583,Ramanathapuram,25.5,-11.3845
2023-11-14 10:00:00,583,Ramanathapuram,921.0,-11.3925
2023-11-14 11:00:00,583,Ramanathapuram,12.0,-11.3925
2023-11-14 12:00:00,583,Ramanathapuram,19.5,-11.3925
2023-11-14 13:00:00,583,Ramanathapuram,1.0,-11.3925
2023-11-14 14:00:00,583,Ramanathapuram,4.5,-11.3925
2023-11-14 15:00:00,583,Ramanathapuram,3.25,-11.3925
2023-11-14 16:00:00,583,Ramanathapuram,13.0,-11.5075
2023-11-14 17:00:00,583,Ramanathapuram,5.5,-11.5075
2023-11-15 00:00:00,583,Ramanathapuram,2.0,-11.392499999999998
2023-11-15 01:00:00,583,Ramanathapuram,1.5,-11.392499999999998
2023-11-15 02:00:00,583,Ramanathapuram,15.0,-11.392499999999998
2023-11-15 03:00:00,583,Ramanathapuram,2.5,-11.392499999999998
2023-11-15 04:00:00,583,Ramanathapuram,9.0,-11.3695
2023-11-15 05:00:00,583,Ramanathapuram,9.5,-11.3695
2023-11-15 06:00:00,583,Ramanathapuram,15.0,-11.3695
2023-11-15 07:00:00,583,Ramanathapuram,0.5,-11.3695
2023-11-15 09:00:00,583,Ramanathapuram,0.5,-11.3695
2023-11-15 11:00:00,583,Ramanathapuram,2.5,-11.374
2023-11-15 12:00:00,583,Ramanathapuram,1.5,-11.374
2023-11-15 13:00:00,583,Ramanathapuram,80.0,-11.374
2023-11-15 17:00:00,583,Ramanathapuram,0.5,-11.3915
2023-11-15 19:00:00,583,Ramanathapuram,0.5,-11.3915
2023-11-16 02:00:00,583,Ramanathapuram,0.5,-11.375
2023-11-16 08:00:00,583,Ramanathapuram,0.5,-11.36
2023-11-16 09:00:00,583,Ramanathapuram,112.5,-11.36
2023-11-16 10:00:00,583,Ramanathapuram,9.0,-11.3745
2023-11-16 11:00:00,583,Ramanathapuram,0.5,-11.3745
2023-11-16 12:00:00,583,Ramanathapuram,0.5,-11.3745
2023-11-18 04:00:00,583,Ramanathapuram,1.0,-11.3405
2023-11-18 05:00:00,583,Ramanathapuram,8.5,-11.3405
2023-11-18 10:00:00,583,Ramanathapuram,1.75,-11.3505
2023-11-18 15:00:00,583,Ramanathapuram,0.5,-11.3505
2023-11-18 16:00:00,583,Ramanathapuram,0.5,-11.333
2023-11-18 17:00:00,583,Ramanathapuram,1.0,-11.333
2023-11-18 23:00:00,583,Ramanathapuram,3.0,-11.333
2023-11-19 00:00:00,583,Ramanathapuram,27.0,-11.333
2023-11-19 01:00:00,583,Ramanathapuram,2.5,-11.333
2023-11-19 02:00:00,583,Ramanathapuram,5.166666666666667,-11.333
2023-11-19 03:00:00,583,Ramanathapuram,3.5,-11.333
2023-11-19 05:00:00,583,Ramanathapuram,1.0,-11.323
2023-11-19 06:00:00,583,Ramanathapuram,1.3,-11.323
2023-11-19 07:00:00,583,Ramanathapuram,4.5,-11.323
2023-11-19 09:00:00,583,Ramanathapuram,1.0,-11.323
2023-11-19 10:00:00,583,Ramanathapuram,1.5,-11.334
2023-11-19 11:00:00,583,Ramanathapuram,4.9,-11.334
2023-11-19 12:00:00,583,Ramanathapuram,7.5,-11.334
2023-11-19 13:00:00,583,Ramanathapuram,2.375,-11.334
2023-11-19 14:00:00,583,Ramanathapuram,1.6666666666666667,-11.334
2023-11-19 15:00:00,583,Ramanathapuram,2.5,-11.334
2023-11-19 16:00:00,583,Ramanathapuram,9.5,-11.3115
2023-11-19 17:00:00,583,Ramanathapuram,2.375,-11.3115
2023-11-19 18:00:00,583,Ramanathapuram,4.625,-11.3115
2023-11-19 19:00:00,583,Ramanathapuram,2.5,-11.3115
2023-11-19 20:00:00,583,Ramanathapuram,1.0,-11.3115
2023-11-19 21:00:00,583,Ramanathapuram,2.5,-11.3115
2023-11-19 22:00:00,583,Ramanathapuram,0.5,-11.301
2023-11-20 03:00:00,583,Ramanathapuram,5.0,-11.301
2023-11-20 04:00:00,583,Ramanathapuram,11.0,-11.2975
2023-11-20 06:00:00,583,Ramanathapuram,3.0,-11.2975
2023-11-20 07:00:00,583,Ramanathapuram,0.5,-11.2975
2023-11-20 08:00:00,583,Ramanathapuram,0.5,-11.2975
2023-11-20 23:00:00,583,Ramanathapuram,0.5,-11.289
2023-11-21 02:00:00,583,Ramanathapuram,2.0,-11.289
2023-11-21 03:00:00,583,Ramanathapuram,2.5,-11.289
2023-11-21 06:00:00,583,Ramanathapuram,0.5,-11.2835
2023-11-21 07:00:00,583,Ramanathapuram,0.5,-11.2835
2023-11-21 12:00:00,583,Ramanathapuram,0.5,-11.277
2023-11-21 14:00:00,583,Ramanathapuram,3.5,-11.277
2023-11-22 00:00:00,583,Ramanathapuram,1.5,-11.2795
2023-11-22 03:00:00,583,Ramanathapuram,1.5,-11.2795
2023-11-22 04:00:00,583,Ramanathapuram,8.5,-11.27
2023-11-22 05:00:00,583,Ramanathapuram,7.25,-11.27
2023-11-22 06:00:00,583,Ramanathapuram,5.0,-11.27
2023-11-22 07:00:00,583,Ramanathapuram,2.0,-11.27
2023-11-22 08:00:00,583,Ramanathapuram,1.0,-11.27
2023-11-22 09:00:00,583,Ramanathapuram,3.0,-11.27
2023-11-22 10:00:00,583,Ramanathapuram,56.5,-11.265
2023-11-22 10:40:00,583,Ramanathapuram,1.0,-11.265
2023-11-22 10:45:00,583,Ramanathapuram,10.0,-11.265
2023-11-22 10:50:00,583,Ramanathapuram,12.5,-11.265
2023-11-22 10:55:00,583,Ramanathapuram,16.0,-11.265
2023-11-22 11:00:00,583,Ramanathapuram,16.0,-11.265
2023-11-22 12:00:00,583,Ramanathapuram,7.166666666666667,-11.265
2023-11-22 12:05:00,583,Ramanathapuram,2.0,-11.265
2023-11-22 12:30:00,583,Ramanathapuram,2.5,-11.265
2023-11-22 12:35:00,583,Ramanathapuram,4.0,-11.265
2023-11-22 13:00:00,583,Ramanathapuram,30.83333333333333,-11.265
2023-11-22 13:40:00,583,Ramanathapuram,3.5,-11.265
2023-11-22 13:45:00,583,Ramanathapuram,4.5,-11.265
2023-11-22 13:50:00,583,Ramanathapuram,5.5,-11.265
2023-11-22 13:55:00,583,Ramanathapuram,6.0,-11.265
2023-11-22 14:00:00,583,Ramanathapuram,216.5,-11.265
2023-11-22 14:20:00,583,Ramanathapuram,0.5,-11.265
2023-11-22 14:30:00,583,Ramanathapuram,0.5,-11.265
2023-11-22 14:35:00,583,Ramanathapuram,0.5,-11.265
2023-11-22 14:40:00,583,Ramanathapuram,0.5,-11.265
2023-11-22 14:45:00,583,Ramanathapuram,0.5,-11.265
2023-11-22 14:55:00,583,Ramanathapuram,0.5,-11.265
2023-11-22 15:00:00,583,Ramanathapuram,80.16666666666667,-11.265
2023-11-22 16:00:00,583,Ramanathapuram,4.0,-11.3475
2023-11-22 16:25:00,583,Ramanathapuram,6.5,-11.3475
2023-11-22 16:30:00,583,Ramanathapuram,12.0,-11.3475
2023-11-22 16:35:00,583,Ramanathapuram,17.5,-11.3475
2023-11-22 16:40:00,583,Ramanathapuram,18.5,-11.3475
2023-11-22 16:45:00,583,Ramanathapuram,19.0,-11.3475
2023-11-22 16:55:00,583,Ramanathapuram,19.5,-11.3475
2023-11-22 17:00:00,583,Ramanathapuram,8.5,-11.3475
2023-11-22 18:00:00,583,Ramanathapuram,13.5,-11.3475
2023-11-22 19:00:00,583,Ramanathapuram,31.5,-11.3475
2023-11-22 20:00:00,583,Ramanathapuram,4.0,-11.3475
2023-11-22 21:00:00,583,Ramanathapuram,2.875,-11.3475
2023-11-22 22:00:00,583,Ramanathapuram,9.5,-11.237
2023-11-22 23:00:00,583,Ramanathapuram,11.071428571428571,-11.237
2023-11-23 00:00:00,583,Ramanathapuram,16.142857142857142,-11.237
2023-11-23 01:00:00,583,Ramanathapuram,15.8125,-11.237
2023-11-23 02:00:00,583,Ramanathapuram,4.142857142857143,-11.237
2023-11-23 03:00:00,583,Ramanathapuram,6.0,-11.237
2023-11-23 04:00:00,583,Ramanathapuram,8.583333333333334,-11.2195
2023-11-23 05:00:00,583,Ramanathapuram,14.5,-11.2195
2023-11-23 06:00:00,583,Ramanathapuram,4.9,-11.2195
2023-11-23 07:00:00,583,Ramanathapuram,3.5,-11.2195
2023-11-23 09:00:00,583,Ramanathapuram,4.0,-11.2195
2023-11-23 10:00:00,583,Ramanathapuram,35.0,-11.213
2023-11-23 11:00:00,583,Ramanathapuram,77.0,-11.213
2023-11-23 12:00:00,583,Ramanathapuram,50.0,-11.213
2023-11-23 13:00:00,583,Ramanathapuram,1.0,-11.213
2023-11-23 17:00:00,583,Ramanathapuram,2.5,-11.223
2023-11-24 04:00:00,583,Ramanathapuram,3.0,-11.1985
2023-11-24 09:00:00,583,Ramanathapuram,4.0,-11.1985
2023-11-24 10:00:00,583,Ramanathapuram,136.0,-11.2025
2023-11-24 11:00:00,583,Ramanathapuram,10.0,-11.2025
2023-11-24 14:00:00,583,Ramanathapuram,14.25,-11.2025
2023-11-24 15:00:00,583,Ramanathapuram,24.5,-11.2025
2023-11-24 16:00:00,583,Ramanathapuram,28.5,-4.454
2023-11-24 17:00:00,583,Ramanathapuram,2.5,-4.454
2023-11-24 18:00:00,583,Ramanathapuram,24.0,-4.454
2023-11-24 19:00:00,583,Ramanathapuram,3.5,-4.454
2023-11-24 20:00:00,583,Ramanathapuram,1.0,-4.454
2023-11-24 23:00:00,583,Ramanathapuram,22.0,-3.951
2023-11-25 03:00:00,583,Ramanathapuram,5.5,-3.951
2023-11-25 08:00:00,583,Ramanathapuram,0.6666666666666666,-11.1885
2023-11-25 09:00:00,583,Ramanathapuram,1.8333333333333333,-11.1885
2023-11-25 10:00:00,583,Ramanathapuram,3.0,-11.1935
2023-11-25 11:00:00,583,Ramanathapuram,1.0,-11.1935
2023-11-25 12:00:00,583,Ramanathapuram,3.25,-11.1935
2023-11-25 13:00:00,583,Ramanathapuram,4.125,-11.1935
2023-11-25 14:00:00,583,Ramanathapuram,19.5,-11.1935
2023-11-25 15:00:00,583,Ramanathapuram,48.0,-11.1935
2023-11-25 16:00:00,583,Ramanathapuram,7.75,-11.18
2023-11-25 17:00:00,583,Ramanathapuram,17.5,-11.18
2023-11-25 18:00:00,583,Ramanathapuram,5.0,-11.18
2023-11-25 19:00:00,583,Ramanathapuram,2.5,-11.18
2023-11-26 00:00:00,583,Ramanathapuram,3.5,-11.188
2023-11-26 01:00:00,583,Ramanathapuram,2.333333333333333,-11.188
2023-11-26 08:00:00,583,Ramanathapuram,49.5,-11.171
2023-11-26 09:00:00,583,Ramanathapuram,22.0,-11.171
2023-11-26 10:00:00,583,Ramanathapuram,10.5,-11.212
2023-11-26 11:00:00,583,Ramanathapuram,9.0,-11.212
2023-11-26 12:00:00,583,Ramanathapuram,3.25,-11.212
2023-11-26 13:00:00,583,Ramanathapuram,4.5,-11.212
2023-11-26 17:00:00,583,Ramanathapuram,1.5,-11.32
2023-11-27 07:00:00,583,Ramanathapuram,0.8333333333333334,-11.158
2023-11-27 08:00:00,583,Ramanathapuram,2.0,-11.158
2023-11-27 09:00:00,583,Ramanathapuram,3.5,-11.158
2023-11-27 10:00:00,583,Ramanathapuram,0.5,-11.1595
2023-11-27 11:00:00,583,Ramanathapuram,7.5,-11.1595
2023-11-27 12:00:00,583,Ramanathapuram,0.75,-11.1595
2023-11-27 13:00:00,583,Ramanathapuram,4.25,-11.1595
2023-11-27 14:00:00,583,Ramanathapuram,2.5,-11.1595
2023-11-27 15:00:00,583,Ramanathapuram,1.5,-11.1595
2023-11-27 16:00:00,583,Ramanathapuram,1.5,-11.167
2023-11-27 22:00:00,583,Ramanathapuram,3.0,-11.153
2023-11-27 23:00:00,583,Ramanathapuram,1.25,-11.153
2023-11-28 01:00:00,583,Ramanathapuram,0.5,-11.153
2023-11-28 10:00:00,583,Ramanathapuram,9.5,-11.1365
2023-11-28 11:00:00,583,Ramanathapuram,7.0,-11.1365
2023-11-28 12:00:00,583,Ramanathapuram,5.5,-11.1365
2023-11-28 13:00:00,583,Ramanathapuram,1.0,-11.1365
2023-11-29 01:00:00,583,Ramanathapuram,12.5,-11.1385
2023-11-29 02:00:00,583,Ramanathapuram,12.5,-11.1385
2023-11-29 03:00:00,583,Ramanathapuram,6.333333333333333,-11.1385
2023-11-29 04:00:00,583,Ramanathapuram,5.0,-11.115
2023-11-29 07:00:00,583,Ramanathapuram,0.5,-11.115
2023-11-29 10:00:00,583,Ramanathapuram,62.5,-11.12
2023-11-29 11:00:00,583,Ramanathapuram,131.0,-11.12
2023-11-29 12:00:00,583,Ramanathapuram,1.5,-11.12
2023-11-29 15:00:00,583,Ramanathapuram,0.5,-11.12
2023-11-29 16:00:00,583,Ramanathapuram,5.0,-11.107
2023-11-29 17:00:00,583,Ramanathapuram,0.5,-11.107
2023-11-29 18:00:00,583,Ramanathapuram,3.5,-11.107
2023-11-29 21:00:00,583,Ramanathapuram,2.5,-11.107
2023-11-29 22:00:00,583,Ramanathapuram,5.0,-11.135000000000002
2023-11-29 23:00:00,583,Ramanathapuram,2.3,-11.135000000000002
2023-11-30 00:00:00,583,Ramanathapuram,1.0,-11.135000000000002
2023-11-30 03:00:00,583,Ramanathapuram,1.5,-11.135000000000002
2023-11-30 06:00:00,583,Ramanathapuram,0.5,-11.102
2023-11-30 08:00:00,583,Ramanathapuram,8.5,-11.102
2023-11-30 09:00:00,583,Ramanathapuram,2.0,-11.102
2023-11-30 10:00:00,583,Ramanathapuram,1.0,-11.1065
2023-11-30 11:00:00,583,Ramanathapuram,2.5,-11.1065
2023-11-30 12:00:00,583,Ramanathapuram,83.5,-11.1065
2023-11-30 13:00:00,583,Ramanathapuram,9.5,-11.1065
2023-11-30 16:00:00,583,Ramanathapuram,2.5,-11.0895
2023-11-30 17:00:00,583,Ramanathapuram,0.5,-11.0895
2023-12-01 10:00:00,583,Ramanathapuram,67.0,-11.0815
2023-12-01 11:00:00,583,Ramanathapuram,35.0,-11.0815
2023-12-01 12:00:00,583,Ramanathapuram,23.5,-11.0815
2023-12-01 14:00:00,583,Ramanathapuram,6.5,-11.0815
2023-12-01 15:00:00,583,Ramanathapuram,0.5,-11.0815
2023-12-02 04:00:00,583,Ramanathapuram,0.5,-11.061
2023-12-03 18:00:00,583,Ramanathapuram,0.5,-11.1145
2023-12-03 22:00:00,583,Ramanathapuram,0.5,-11.042
2023-12-08 13:00:00,583,Ramanathapuram,2.0,-11.037
2023-12-08 15:00:00,583,Ramanathapuram,2.0,-11.037
2023-12-08 17:00:00,583,Ramanathapuram,1.0,-11.034
2023-12-09 08:00:00,583,Ramanathapuram,1.0,-11.0355
2023-12-09 09:00:00,583,Ramanathapuram,0.5,-11.0355
2023-12-09 11:00:00,583,Ramanathapuram,0.5,-11.033
2023-12-09 12:00:00,583,Ramanathapuram,0.5,-11.033
2023-12-09 15:00:00,583,Ramanathapuram,3.5,-11.033
2023-12-09 16:00:00,583,Ramanathapuram,1.0,-11.0365
2023-12-09 17:00:00,583,Ramanathapuram,0.5,-11.0365
2023-12-10 04:00:00,583,Ramanathapuram,2.1666666666666665,-11.014
2023-12-10 05:00:00,583,Ramanathapuram,0.75,-11.014
2023-12-10 07:00:00,583,Ramanathapuram,0.5,-11.014
2023-12-10 08:00:00,583,Ramanathapuram,5.5,-11.014
2023-12-10 09:00:00,583,Ramanathapuram,23.5,-11.014
2023-12-10 10:00:00,583,Ramanathapuram,0.5,-11.0205
2023-12-10 12:00:00,583,Ramanathapuram,1.0,-11.0205
2023-12-10 13:00:00,583,Ramanathapuram,0.5,-11.0205
2023-12-10 14:00:00,583,Ramanathapuram,7.0,-11.0205
2023-12-10 15:00:00,583,Ramanathapuram,4.0,-11.0205
2023-12-10 19:00:00,583,Ramanathapuram,0.5,-11.0055
2023-12-10 20:00:00,583,Ramanathapuram,0.5,-11.0055
2023-12-10 21:00:00,583,Ramanathapuram,0.5,-11.0055
2023-12-10 22:00:00,583,Ramanathapuram,2.0,-11.075500000000002
2023-12-11 04:00:00,583,Ramanathapuram,0.5,-11.0165
2023-12-11 07:00:00,583,Ramanathapuram,7.0,-11.0165
2023-12-11 08:00:00,583,Ramanathapuram,1.0,-11.0165
2023-12-11 09:00:00,583,Ramanathapuram,0.5,-11.0165
2023-12-11 10:00:00,583,Ramanathapuram,2.5,-11.016
2023-12-11 18:00:00,583,Ramanathapuram,0.5,-11.064
2023-12-11 19:00:00,583,Ramanathapuram,0.5,-11.064
2023-12-12 12:00:00,583,Ramanathapuram,0.5,-11.038
2023-12-14 22:00:00,583,Ramanathapuram,1.5,-11.012
2023-12-14 23:00:00,583,Ramanathapuram,0.5,-11.012
2023-12-15 03:00:00,583,Ramanathapuram,0.5,-11.012
2023-12-15 06:00:00,583,Ramanathapuram,0.5,-11.281
2023-12-15 15:00:00,583,Ramanathapuram,0.5,-11.0185
2023-12-15 17:00:00,583,Ramanathapuram,1.0,-11.001
2023-12-16 05:00:00,583,Ramanathapuram,2.0,-11.001
2023-12-16 06:00:00,583,Ramanathapuram,0.5,-11.001
2023-12-16 09:00:00,583,Ramanathapuram,2.0,-11.001
2023-12-16 10:00:00,583,Ramanathapuram,2.1666666666666665,-11.0125
2023-12-16 11:00:00,583,Ramanathapuram,0.8333333333333334,-11.0125
2023-12-16 12:00:00,583,Ramanathapuram,1.0,-11.0125
2023-12-16 13:00:00,583,Ramanathapuram,1.1,-11.0125
2023-12-16 14:00:00,583,Ramanathapuram,1.75,-11.0125
2023-12-16 15:00:00,583,Ramanathapuram,1.5,-11.0125
2023-12-16 16:00:00,583,Ramanathapuram,2.0,-10.993
2023-12-16 17:00:00,583,Ramanathapuram,1.0,-10.993
2023-12-16 18:00:00,583,Ramanathapuram,1.5,-10.993
2023-12-16 19:00:00,583,Ramanathapuram,0.5,-10.993
2023-12-16 20:00:00,583,Ramanathapuram,1.75,-10.993
2023-12-16 21:00:00,583,Ramanathapuram,2.375,-10.993
2023-12-16 22:00:00,583,Ramanathapuram,2.4166666666666665,-10.991
2023-12-16 23:00:00,583,Ramanathapuram,2.0,-10.991
2023-12-17 00:00:00,583,Ramanathapuram,2.7,-10.991
2023-12-17 01:00:00,583,Ramanathapuram,5.3,-10.991
2023-12-17 02:00:00,583,Ramanathapuram,0.875,-10.991
2023-12-17 03:00:00,583,Ramanathapuram,3.1666666666666665,-10.991
2023-12-17 04:00:00,583,Ramanathapuram,2.833333333333333,-10.9755
2023-12-17 05:00:00,583,Ramanathapuram,1.0,-10.9755
2023-12-17 06:00:00,583,Ramanathapuram,0.5,-10.9755
2023-12-17 07:00:00,583,Ramanathapuram,1.8333333333333333,-10.9755
2023-12-17 08:00:00,583,Ramanathapuram,1.8333333333333333,-10.9755
2023-12-17 09:00:00,583,Ramanathapuram,3.1666666666666665,-10.9755
2023-12-17 10:00:00,583,Ramanathapuram,1.9,-10.966
2023-12-17 11:00:00,583,Ramanathapuram,1.875,-10.966
2023-12-17 12:00:00,583,Ramanathapuram,1.4285714285714286,-10.966
2023-12-17 13:00:00,583,Ramanathapuram,2.5,-10.966
2023-12-17 14:00:00,583,Ramanathapuram,5.833333333333333,-10.966
2023-12-17 15:00:00,583,Ramanathapuram,5.166666666666667,-10.966
2023-12-17 16:00:00,583,Ramanathapuram,4.833333333333333,-10.9515
2023-12-17 17:00:00,583,Ramanathapuram,4.875,-10.9515
2023-12-17 18:00:00,583,Ramanathapuram,1.75,-10.9515
2023-12-17 19:00:00,583,Ramanathapuram,1.8333333333333333,-10.9515
2023-12-17 20:00:00,583,Ramanathapuram,1.3333333333333333,-10.9515
2023-12-17 21:00:00,583,Ramanathapuram,1.5,-10.9515
2023-12-17 22:00:00,583,Ramanathapuram,2.083333333333333,-10.9425
2023-12-17 23:00:00,583,Ramanathapuram,3.9166666666666665,-10.9425
2023-12-18 00:00:00,583,Ramanathapuram,6.714285714285714,-10.9425
2023-12-18 01:00:00,583,Ramanathapuram,7.75,-10.9425
2023-12-18 02:00:00,583,Ramanathapuram,8.583333333333334,-10.9425
2023-12-18 03:00:00,583,Ramanathapuram,5.666666666666667,-10.9425
2023-12-18 04:00:00,583,Ramanathapuram,4.071428571428571,-10.923
2023-12-18 05:00:00,583,Ramanathapuram,1.9,-10.923
2023-12-18 06:00:00,583,Ramanathapuram,1.5,-10.923
2023-12-18 07:00:00,583,Ramanathapuram,5.833333333333333,-10.923
2023-12-18 08:00:00,583,Ramanathapuram,7.5,-10.923
2023-12-18 09:00:00,583,Ramanathapuram,6.083333333333333,-10.923
2023-12-18 10:00:00,583,Ramanathapuram,4.833333333333333,-10.920000000000002
2023-12-18 11:00:00,583,Ramanathapuram,4.0,-10.920000000000002
2023-12-18 12:00:00,583,Ramanathapuram,1.0,-10.920000000000002
2023-12-18 15:00:00,583,Ramanathapuram,13.0,-10.920000000000002
2023-12-18 15:30:00,583,Ramanathapuram,0.5,-10.9085
2023-12-18 15:35:00,583,Ramanathapuram,0.5,-10.9085
2023-12-18 15:40:00,583,Ramanathapuram,0.5,-10.9085
2023-12-18 15:45:00,583,Ramanathapuram,0.5,-10.9085
2023-12-18 15:50:00,583,Ramanathapuram,0.5,-10.9085
2023-12-18 15:55:00,583,Ramanathapuram,0.5,-10.9085
2023-12-18 16:00:00,583,Ramanathapuram,10.5,-10.9085
2023-12-18 20:00:00,583,Ramanathapuram,0.5,-10.9085
2023-12-18 21:00:00,583,Ramanathapuram,0.5,-10.9085
2023-12-18 22:00:00,583,Ramanathapuram,0.5,-10.906
2023-12-18 23:00:00,583,Ramanathapuram,0.5,-10.906
2023-12-19 00:00:00,583,Ramanathapuram,0.5,-10.906
2023-12-19 01:00:00,583,Ramanathapuram,0.5,-10.906
2023-12-19 02:00:00,583,Ramanathapuram,0.75,-10.906
2023-12-19 03:00:00,583,Ramanathapuram,1.0,-10.906
2023-12-19 04:00:00,583,Ramanathapuram,0.5,-10.9015
2023-12-19 05:00:00,583,Ramanathapuram,0.5,-10.9015
2023-12-19 06:00:00,583,Ramanathapuram,0.5,-10.9015
2023-12-19 07:00:00,583,Ramanathapuram,0.5,-10.9015
2023-12-19 08:00:00,583,Ramanathapuram,0.5,-10.9015
2023-12-19 09:00:00,583,Ramanathapuram,0.5,-10.9015
2023-12-19 10:00:00,583,Ramanathapuram,0.8333333333333334,-10.8895
2023-12-19 10:50:00,583,Ramanathapuram,0.5,-10.8895
2023-12-19 10:55:00,583,Ramanathapuram,0.5,-10.8895
2023-12-19 11:00:00,583,Ramanathapuram,2.0,-10.8895
2023-12-19 11:20:00,583,Ramanathapuram,0.5,-10.8895
2023-12-19 11:25:00,583,Ramanathapuram,0.5,-10.8895
2023-12-19 11:30:00,583,Ramanathapuram,0.5,-10.8895
2023-12-19 11:35:00,583,Ramanathapuram,0.5,-10.8895
2023-12-19 11:40:00,583,Ramanathapuram,0.5,-10.8895
2023-12-19 11:45:00,583,Ramanathapuram,0.5,-10.8895
2023-12-19 11:50:00,583,Ramanathapuram,0.5,-10.8895
2023-12-19 11:55:00,583,Ramanathapuram,0.5,-10.8895
2023-12-19 12:00:00,583,Ramanathapuram,0.5,-10.8895
2023-12-19 12:50:00,583,Ramanathapuram,0.5,-10.8895
2023-12-19 12:55:00,583,Ramanathapuram,0.5,-10.8895
2023-12-19 13:00:00,583,Ramanathapuram,0.5,-10.8895
2023-12-19 14:00:00,583,Ramanathapuram,2.5,-10.8895
2023-12-19 15:00:00,583,Ramanathapuram,0.75,-10.8895
2023-12-19 17:00:00,583,Ramanathapuram,0.5,-10.966
2023-12-19 18:00:00,583,Ramanathapuram,1.0,-10.966
2023-12-19 19:00:00,583,Ramanathapuram,1.5,-10.966
2023-12-19 20:00:00,583,Ramanathapuram,0.75,-10.966
2023-12-19 21:00:00,583,Ramanathapuram,0.5,-10.966
2023-12-20 01:00:00,583,Ramanathapuram,2.0,-10.8995
2023-12-20 02:00:00,583,Ramanathapuram,1.0,-10.8995
2023-12-20 03:00:00,583,Ramanathapuram,0.5,-10.8995
2023-12-20 04:00:00,583,Ramanathapuram,0.5,-10.895
2023-12-20 05:00:00,583,Ramanathapuram,0.5,-10.895
2023-12-20 06:00:00,583,Ramanathapuram,0.5,-10.895
2023-12-20 07:00:00,583,Ramanathapuram,0.5,-10.895
2023-12-20 08:00:00,583,Ramanathapuram,0.5,-10.895
2023-12-20 09:00:00,583,Ramanathapuram,1.0,-10.895
2023-12-20 10:00:00,583,Ramanathapuram,0.5,-10.882
2023-12-20 11:00:00,583,Ramanathapuram,0.5,-10.882
2023-12-20 12:00:00,583,Ramanathapuram,0.5,-10.882
2023-12-20 13:00:00,583,Ramanathapuram,0.5,-10.882
2023-12-20 14:00:00,583,Ramanathapuram,0.5,-10.882
2023-12-20 15:00:00,583,Ramanathapuram,0.5,-10.882
2023-12-20 16:00:00,583,Ramanathapuram,0.5,-10.8855
2023-12-20 17:00:00,583,Ramanathapuram,0.5,-10.8855
2023-12-20 18:00:00,583,Ramanathapuram,0.5,-10.8855
2023-12-20 19:00:00,583,Ramanathapuram,0.5,-10.8855
2023-12-20 21:00:00,583,Ramanathapuram,0.5,-10.8855
2023-12-20 22:00:00,583,Ramanathapuram,0.5,-10.8815
2023-12-21 05:00:00,583,Ramanathapuram,0.5,-10.873
2023-12-21 06:00:00,583,Ramanathapuram,0.5,-10.873
2023-12-21 08:00:00,583,Ramanathapuram,1.0,-10.873
2023-12-21 09:00:00,583,Ramanathapuram,6.0,-10.873
2023-12-21 10:00:00,583,Ramanathapuram,1.25,-10.8695
2023-12-21 11:00:00,583,Ramanathapuram,1.125,-10.8695
2023-12-21 12:00:00,583,Ramanathapuram,0.5,-10.8695
2023-12-21 13:00:00,583,Ramanathapuram,0.5,-10.8695
2023-12-21 14:00:00,583,Ramanathapuram,4.166666666666667,-10.8695
2023-12-21 15:00:00,583,Ramanathapuram,0.8333333333333334,-10.8695
2023-12-21 16:00:00,583,Ramanathapuram,0.5,-10.8875
2023-12-21 17:00:00,583,Ramanathapuram,0.5,-10.8875
2023-12-21 18:00:00,583,Ramanathapuram,2.0,-10.8875
2023-12-21 19:00:00,583,Ramanathapuram,1.25,-10.8875
2023-12-21 20:00:00,583,Ramanathapuram,19.0,-10.8875
2023-12-21 21:00:00,583,Ramanathapuram,9.0,-10.8875
2023-12-21 22:00:00,583,Ramanathapuram,0.5,-10.8675
2023-12-21 23:00:00,583,Ramanathapuram,47.0,-10.8675
2023-12-22 00:00:00,583,Ramanathapuram,150.5,-10.8675
2023-12-22 01:00:00,583,Ramanathapuram,6.5,-10.8675
2023-12-22 02:00:00,583,Ramanathapuram,0.5,-10.8675
2023-12-22 03:00:00,583,Ramanathapuram,42.25,-10.8675
2023-12-22 04:00:00,583,Ramanathapuram,51.0,-10.856
2023-12-22 05:00:00,583,Ramanathapuram,2.0,-10.856
2023-12-22 06:00:00,583,Ramanathapuram,0.5,-10.856
2023-12-22 08:00:00,583,Ramanathapuram,0.5,-10.856
2023-12-22 09:00:00,583,Ramanathapuram,281.75,-10.856
2023-12-22 10:00:00,583,Ramanathapuram,0.5,-10.8595
2023-12-22 12:00:00,583,Ramanathapuram,0.5,-10.8595
2023-12-22 13:00:00,583,Ramanathapuram,0.5,-10.8595
2023-12-22 14:00:00,583,Ramanathapuram,0.5,-10.8595
2023-12-22 15:00:00,583,Ramanathapuram,0.5,-10.8595
2023-12-22 16:00:00,583,Ramanathapuram,0.5,-10.9125
2023-12-22 17:00:00,583,Ramanathapuram,0.5,-10.9125
2023-12-22 18:00:00,583,Ramanathapuram,0.5,-10.9125
2023-12-22 19:00:00,583,Ramanathapuram,0.5,-10.9125
2023-12-22 20:00:00,583,Ramanathapuram,0.5,-10.9125
2023-12-22 21:00:00,583,Ramanathapuram,0.5,-10.9125
2023-12-22 23:00:00,583,Ramanathapuram,0.5,-10.86
2023-12-23 00:00:00,583,Ramanathapuram,0.5,-10.86
2023-12-23 02:00:00,583,Ramanathapuram,0.5,-10.86
2023-12-23 04:00:00,583,Ramanathapuram,0.5,-10.8495
2023-12-23 15:00:00,583,Ramanathapuram,0.5,-10.8535
2023-12-24 02:00:00,583,Ramanathapuram,0.5,-10.8565
2023-12-24 06:00:00,583,Ramanathapuram,0.5,-10.841
2023-12-24 09:00:00,583,Ramanathapuram,0.5,-10.841
2023-12-24 12:00:00,583,Ramanathapuram,0.5,-10.847
2023-12-24 14:00:00,583,Ramanathapuram,0.5,-10.847
2023-12-25 07:00:00,583,Ramanathapuram,0.5,-10.83
2023-12-25 08:00:00,583,Ramanathapuram,0.5,-10.83
2023-12-25 12:00:00,583,Ramanathapuram,0.5,-10.8385
2023-12-26 06:00:00,583,Ramanathapuram,0.5,-10.8215
2023-12-26 11:00:00,583,Ramanathapuram,0.5,-10.837
2023-12-27 02:00:00,583,Ramanathapuram,0.5,-10.8305
2023-12-27 08:00:00,583,Ramanathapuram,0.5,-10.811
2023-12-28 02:00:00,583,Ramanathapuram,0.5,-10.818
2023-12-28 04:00:00,583,Ramanathapuram,6.0,-10.799
2023-12-28 05:00:00,583,Ramanathapuram,0.5,-10.799
2023-12-28 06:00:00,583,Ramanathapuram,1.25,-10.799
2023-12-28 07:00:00,583,Ramanathapuram,2.75,-10.799
2023-12-28 09:00:00,583,Ramanathapuram,0.5,-10.799
2023-12-28 11:00:00,583,Ramanathapuram,0.5,-10.806
2023-12-28 12:00:00,583,Ramanathapuram,0.5,-10.806
2023-12-29 02:00:00,583,Ramanathapuram,0.5,-10.808
2023-12-29 06:00:00,583,Ramanathapuram,0.5,-10.791
2023-12-29 07:00:00,583,Ramanathapuram,0.5,-10.791
2023-12-29 10:00:00,583,Ramanathapuram,0.5,-10.797
2023-12-29 12:00:00,583,Ramanathapuram,0.5,-10.797
2023-12-29 13:00:00,583,Ramanathapuram,0.5,-10.797
2023-12-29 23:00:00,583,Ramanathapuram,0.5,-10.8
2023-12-30 03:00:00,583,Ramanathapuram,0.5,-10.8
2023-12-30 11:00:00,583,Ramanathapuram,0.5,-10.789
2023-12-30 16:00:00,583,Ramanathapuram,0.5,-10.7795
2023-12-30 23:00:00,583,Ramanathapuram,0.5,-10.788
2023-12-31 05:00:00,583,Ramanathapuram,0.5,-10.778
2023-12-31 10:00:00,583,Ramanathapuram,0.5,-10.7805
2023-12-31 16:00:00,583,Ramanathapuram,0.5,-10.7695
2024-01-01 07:00:00,583,Ramanathapuram,0.5,-10.773
2024-01-02 04:00:00,583,Ramanathapuram,0.5,-10.765999999999998
2024-01-03 04:00:00,583,Ramanathapuram,0.5,-10.7625
2024-01-03 12:00:00,583,Ramanathapuram,0.5,-10.7795
2024-01-03 16:00:00,583,Ramanathapuram,0.5,-10.769
2024-01-03 17:00:00,583,Ramanathapuram,0.5,-10.769
2024-01-03 23:00:00,583,Ramanathapuram,0.5,-10.772
2024-01-04 03:00:00,583,Ramanathapuram,0.5,-10.772
2024-01-04 05:00:00,583,Ramanathapuram,1.0,-10.768
2024-01-04 06:00:00,583,Ramanathapuram,2.0,-10.768
2024-01-04 07:00:00,583,Ramanathapuram,1.5,-10.768
2024-01-04 08:00:00,583,Ramanathapuram,1.5,-10.768
2024-01-04 09:00:00,583,Ramanathapuram,1.0,-10.768
2024-01-04 10:00:00,583,Ramanathapuram,2.5,-10.7685
2024-01-04 11:00:00,583,Ramanathapuram,35.0,-10.7685
2024-01-05 07:00:00,583,Ramanathapuram,0.5,-10.7635
2024-01-06 11:00:00,583,Ramanathapuram,1.5,-10.7565
2024-01-06 17:00:00,583,Ramanathapuram,1.5,-10.755
2024-01-08 13:00:00,583,Ramanathapuram,2.5,-10.7745
2024-01-08 14:00:00,583,Ramanathapuram,2.0,-10.7745
2024-01-08 19:00:00,583,Ramanathapuram,0.5,-10.774
2024-01-08 22:00:00,583,Ramanathapuram,2.0,-10.7775
2024-01-09 07:00:00,583,Ramanathapuram,1.0,-10.7605
2024-01-09 08:00:00,583,Ramanathapuram,3.0,-10.7605
2024-01-09 09:00:00,583,Ramanathapuram,6.166666666666667,-10.7605
2024-01-09 10:00:00,583,Ramanathapuram,10.0,-10.7625
2024-01-09 11:00:00,583,Ramanathapuram,9.5,-10.7625
2024-01-09 12:00:00,583,Ramanathapuram,12.333333333333334,-10.7625
2024-01-09 13:00:00,583,Ramanathapuram,3.4166666666666665,-10.7625
2024-01-09 14:00:00,583,Ramanathapuram,2.7142857142857144,-10.7625
2024-01-09 15:00:00,583,Ramanathapuram,1.25,-10.7625
2024-01-09 16:00:00,583,Ramanathapuram,0.5,-10.731
2024-01-09 17:00:00,583,Ramanathapuram,1.25,-10.731
2024-01-19 01:00:00,583,Ramanathapuram,10.0,-10.7085
2024-01-19 03:00:00,583,Ramanathapuram,2.0,-10.7085
2024-01-19 05:00:00,583,Ramanathapuram,1.0,-10.694
2024-01-19 06:00:00,583,Ramanathapuram,1.5,-10.694
2024-01-19 07:00:00,583,Ramanathapuram,2.1666666666666665,-10.694
2024-01-19 08:00:00,583,Ramanathapuram,1.1666666666666667,-10.694
2024-01-19 09:00:00,583,Ramanathapuram,2.0,-10.694
2024-01-20 03:00:00,583,Ramanathapuram,2.5,-10.683
2024-01-20 06:00:00,583,Ramanathapuram,0.5,-10.6795
2024-01-20 11:00:00,583,Ramanathapuram,0.5,-10.681
2024-02-24 13:00:00,583,Ramanathapuram,7.5,-8.544
2024-02-24 14:00:00,583,Ramanathapuram,0.5,-8.544
2024-02-26 08:00:00,583,Ramanathapuram,2.5,-8.6325
2024-03-16 07:00:00,583,Ramanathapuram,7851.0,-9.09775
2024-03-16 08:00:00,583,Ramanathapuram,2179.5,-9.09775
2024-03-19 08:00:00,583,Ramanathapuram,22.0,-9.2415
2024-03-21 10:00:00,583,Ramanathapuram,3.5,-9.1665
2024-03-21 12:00:00,583,Ramanathapuram,3.5,-9.1665
2024-03-22 03:00:00,583,Ramanathapuram,1.0,-9.154
2024-03-27 07:00:00,583,Ramanathapuram,0.5,-9.35175
2024-03-27 08:00:00,583,Ramanathapuram,0.5,-9.35175
2024-03-28 04:00:00,583,Ramanathapuram,1.0,-9.26825
2024-03-28 07:00:00,583,Ramanathapuram,10.5,-9.26825
2024-03-28 08:00:00,583,Ramanathapuram,7.0,-9.26825
2024-03-28 09:00:00,583,Ramanathapuram,1.25,-9.26825
2024-03-28 11:00:00,583,Ramanathapuram,0.5,-9.2925
2024-03-31 15:00:00,583,Ramanathapuram,1.0,-9.427
2024-04-01 03:00:00,583,Ramanathapuram,5.0,-9.419
2024-04-01 04:00:00,583,Ramanathapuram,1.0,-9.43225
2024-04-01 05:00:00,583,Ramanathapuram,3.25,-9.43225
2024-04-01 06:00:00,583,Ramanathapuram,2.0,-9.43225
2024-04-02 11:00:00,583,Ramanathapuram,9.0,-9.448
2024-04-02 12:00:00,583,Ramanathapuram,3.5,-9.448
2024-04-12 05:00:00,583,Ramanathapuram,2.0,-9.7435
2024-04-12 07:00:00,583,Ramanathapuram,0.5,-9.7435
2024-04-12 08:00:00,583,Ramanathapuram,0.5,-9.7435
2024-04-12 09:00:00,583,Ramanathapuram,0.5,-9.7435
2024-04-13 06:00:00,583,Ramanathapuram,1.5,-9.74
2024-04-13 11:00:00,583,Ramanathapuram,0.5,-9.7515
2024-04-13 13:00:00,583,Ramanathapuram,3.0,-9.7515
2024-04-13 16:00:00,583,Ramanathapuram,7.0,-9.76075
2024-04-13 17:00:00,583,Ramanathapuram,0.5,-9.76075
2024-04-14 07:00:00,583,Ramanathapuram,3.75,-9.70725
2024-04-14 08:00:00,583,Ramanathapuram,0.75,-9.70725
2024-04-15 12:00:00,583,Ramanathapuram,2.5,-9.68025
2024-04-15 13:00:00,583,Ramanathapuram,0.5,-9.68025
2024-04-15 15:00:00,583,Ramanathapuram,0.5,-9.68025
2024-04-16 07:00:00,583,Ramanathapuram,1.0,-9.659
2024-04-16 08:00:00,583,Ramanathapuram,3.5,-9.659
2024-04-29 13:00:00,583,Ramanathapuram,0.5,-10.20575
2024-05-09 13:00:00,583,Ramanathapuram,0.5,-10.57475
2024-05-11 04:00:00,583,Ramanathapuram,1.5,-10.468
2024-05-11 05:00:00,583,Ramanathapuram,1.0,-10.468
2024-05-11 10:00:00,583,Ramanathapuram,0.5,-10.4715
2024-05-11 15:00:00,583,Ramanathapuram,2.5,-10.4715
2024-05-11 16:00:00,583,Ramanathapuram,0.5,-10.555
2024-05-12 10:00:00,583,Ramanathapuram,3.5,-10.44375
2024-05-13 11:00:00,583,Ramanathapuram,21.0,-10.4925
2024-05-13 12:00:00,583,Ramanathapuram,20.75,-10.4925
2024-05-13 13:00:00,583,Ramanathapuram,1.0,-10.4925
2024-05-14 04:00:00,583,Ramanathapuram,16.0,-10.437
2024-05-14 05:00:00,583,Ramanathapuram,0.5,-10.437
2024-05-14 06:00:00,583,Ramanathapuram,4.25,-10.437
2024-05-14 07:00:00,583,Ramanathapuram,1.0,-10.437
2024-05-14 08:00:00,583,Ramanathapuram,0.5,-10.437
2024-05-14 11:00:00,583,Ramanathapuram,0.5,-10.45875
2024-05-14 12:00:00,583,Ramanathapuram,17.25,-10.45875
2024-05-14 13:00:00,583,Ramanathapuram,1.0,-10.45875
2024-05-14 16:00:00,583,Ramanathapuram,6.0,-10.482
2024-05-14 17:00:00,583,Ramanathapuram,2.5,-10.482
2024-05-14 19:00:00,583,Ramanathapuram,4.0,-10.482
2024-05-14 20:00:00,583,Ramanathapuram,34.0,-10.482
2024-05-15 00:00:00,583,Ramanathapuram,11.0,-10.43825
2024-05-15 01:00:00,583,Ramanathapuram,1.0,-10.43825
2024-05-15 02:00:00,583,Ramanathapuram,1.0,-10.43825
2024-05-15 14:00:00,583,Ramanathapuram,1.75,-10.422
2024-05-15 17:00:00,583,Ramanathapuram,0.5,-10.4625
2024-05-15 19:00:00,583,Ramanathapuram,7.0,-10.4625
2024-05-15 22:00:00,583,Ramanathapuram,3.0,-10.40225
2024-05-16 00:00:00,583,Ramanathapuram,6.75,-10.40225
2024-05-16 01:00:00,583,Ramanathapuram,0.5,-10.40225
2024-05-16 03:00:00,583,Ramanathapuram,12.0,-10.40225
2024-05-16 04:00:00,583,Ramanathapuram,6.75,-10.3795
2024-05-16 05:00:00,583,Ramanathapuram,1.0,-10.3795
2024-05-16 06:00:00,583,Ramanathapuram,0.5,-10.3795
2024-05-16 07:45:00,583,Ramanathapuram,1.0,-10.3795
2024-05-16 08:00:00,583,Ramanathapuram,0.5,-10.3795
2024-05-16 09:00:00,583,Ramanathapuram,1.5,-10.3795
2024-05-16 10:00:00,583,Ramanathapuram,1.5,-10.38075
2024-05-16 11:00:00,583,Ramanathapuram,3.0,-10.38075
2024-05-16 11:20:00,583,Ramanathapuram,0.5,-10.38075
2024-05-16 11:25:00,583,Ramanathapuram,0.5,-10.38075
2024-05-16 11:30:00,583,Ramanathapuram,0.5,-10.38075
2024-05-16 11:35:00,583,Ramanathapuram,0.5,-10.38075
2024-05-16 11:40:00,583,Ramanathapuram,0.5,-10.38075
2024-05-16 11:45:00,583,Ramanathapuram,0.5,-10.38075
2024-05-16 11:50:00,583,Ramanathapuram,1.0,-10.38075
2024-05-16 11:55:00,583,Ramanathapuram,1.0,-10.38075
2024-05-16 12:00:00,583,Ramanathapuram,0.75,-10.38075
2024-05-16 13:00:00,583,Ramanathapuram,0.5,-10.38075
2024-05-16 14:00:00,583,Ramanathapuram,0.5,-10.38075
2024-05-16 18:00:00,583,Ramanathapuram,28.5,-10.36475
2024-05-16 19:00:00,583,Ramanathapuram,7.5,-10.36475
2024-05-16 21:00:00,583,Ramanathapuram,0.5,-10.36475
2024-05-17 05:00:00,583,Ramanathapuram,0.5,-10.35275
2024-05-17 06:00:00,583,Ramanathapuram,6.0,-10.35275
2024-05-17 07:00:00,583,Ramanathapuram,0.5,-10.35275
2024-05-17 07:10:00,583,Ramanathapuram,0.5,-10.35275
2024-05-17 07:15:00,583,Ramanathapuram,1.0,-10.35275
2024-05-17 07:20:00,583,Ramanathapuram,1.0,-10.35275
2024-05-17 07:25:00,583,Ramanathapuram,1.0,-10.35275
2024-05-17 07:30:00,583,Ramanathapuram,1.0,-10.35275
2024-05-17 07:35:00,583,Ramanathapuram,1.0,-10.35275
2024-05-17 07:40:00,583,Ramanathapuram,1.0,-10.35275
2024-05-17 08:00:00,583,Ramanathapuram,1.0,-10.35275
2024-05-17 09:00:00,583,Ramanathapuram,0.5,-10.35275
2024-05-17 10:00:00,583,Ramanathapuram,0.5,-10.332
2024-05-17 11:00:00,583,Ramanathapuram,3.0,-10.332
2024-05-17 12:00:00,583,Ramanathapuram,1.3333333333333333,-10.332
2024-05-17 13:00:00,583,Ramanathapuram,0.5,-10.332
2024-05-18 15:00:00,583,Ramanathapuram,9.0,-10.2955
2024-05-18 16:00:00,583,Ramanathapuram,2.0,-10.3265
2024-05-19 04:00:00,583,Ramanathapuram,0.5,-10.248
2024-05-19 06:00:00,583,Ramanathapuram,1.0,-10.248
2024-05-19 07:00:00,583,Ramanathapuram,1.3333333333333333,-10.248
2024-05-19 08:00:00,583,Ramanathapuram,3.0,-10.248
2024-05-19 09:00:00,583,Ramanathapuram,0.5,-10.248
2024-05-19 10:00:00,583,Ramanathapuram,0.5,-10.25425
2024-05-19 16:00:00,583,Ramanathapuram,0.5,-10.2465
2024-05-19 17:00:00,583,Ramanathapuram,2.0,-10.2465
2024-05-19 18:00:00,583,Ramanathapuram,1.0,-10.2465
2024-05-19 19:00:00,583,Ramanathapuram,0.5,-10.2465
2024-05-19 22:00:00,583,Ramanathapuram,1.5,-10.23075
2024-05-19 23:00:00,583,Ramanathapuram,3.0,-10.23075
2024-05-20 00:00:00,583,Ramanathapuram,0.75,-10.23075
2024-05-20 01:00:00,583,Ramanathapuram,0.5,-10.23075
2024-05-20 08:00:00,583,Ramanathapuram,0.5,-10.22375
2024-05-20 14:00:00,583,Ramanathapuram,0.5,-10.227
2024-05-20 15:00:00,583,Ramanathapuram,4.0,-10.227
2024-05-20 16:00:00,583,Ramanathapuram,13.75,-10.194
2024-05-20 17:00:00,583,Ramanathapuram,4.0,-10.194
2024-05-20 18:00:00,583,Ramanathapuram,1.75,-10.194
2024-05-20 19:00:00,583,Ramanathapuram,3.333333333333333,-10.194
2024-05-20 20:00:00,583,Ramanathapuram,1.6666666666666667,-10.194
2024-05-20 21:00:00,583,Ramanathapuram,0.875,-10.194
2024-05-20 22:00:00,583,Ramanathapuram,0.8333333333333334,-10.1835
2024-05-21 00:00:00,583,Ramanathapuram,0.5,-10.1835
2024-05-21 13:00:00,583,Ramanathapuram,1.0,-10.17125
2024-05-21 14:00:00,583,Ramanathapuram,7.5,-10.17125
2024-05-21 15:00:00,583,Ramanathapuram,2.0,-10.17125
2024-05-22 15:00:00,583,Ramanathapuram,2.75,-10.14525
2024-05-22 16:00:00,583,Ramanathapuram,2.0,-10.17
2024-05-22 17:00:00,583,Ramanathapuram,38.0,-10.17
2024-05-22 18:00:00,583,Ramanathapuram,0.5,-10.17
2024-05-22 19:00:00,583,Ramanathapuram,0.5,-10.17
2024-05-22 21:00:00,583,Ramanathapuram,0.5,-10.17
2024-05-23 18:40:00,583,Ramanathapuram,1.0,-6.91
2024-05-23 18:45:00,583,Ramanathapuram,1.0,-6.91
2024-05-23 18:50:00,583,Ramanathapuram,1.5,-6.91
2024-05-23 18:55:00,583,Ramanathapuram,2.0,-6.91
2024-05-23 19:00:00,583,Ramanathapuram,1.25,-6.91
2024-05-23 20:00:00,583,Ramanathapuram,1.0,-6.91
2024-05-23 21:00:00,583,Ramanathapuram,1.5,-6.91
2024-05-24 17:00:00,583,Ramanathapuram,3.5,-10.19325
2024-05-24 18:00:00,583,Ramanathapuram,1.5,-10.19325
2024-05-24 19:00:00,583,Ramanathapuram,0.5,-10.19325
2024-05-24 20:00:00,583,Ramanathapuram,1.0,-10.19325
2024-05-24 21:00:00,583,Ramanathapuram,0.5,-10.19325
2024-05-24 23:00:00,583,Ramanathapuram,1.0,-10.10875
2024-05-25 00:00:00,583,Ramanathapuram,0.5,-10.10875
2024-05-31 19:00:00,583,Ramanathapuram,18.0,-10.36975
2024-05-31 20:00:00,583,Ramanathapuram,0.5,-10.36975
2024-06-01 16:00:00,583,Ramanathapuram,0.5,-10.36825
2024-06-01 18:00:00,583,Ramanathapuram,2.0,-10.36825
2024-06-01 19:00:00,583,Ramanathapuram,0.5,-10.36825
2024-06-02 19:00:00,583,Ramanathapuram,4.5,-10.4675
2024-06-02 20:00:00,583,Ramanathapuram,15.666666666666666,-10.4675
2024-06-02 21:00:00,583,Ramanathapuram,4.2,-10.4675
2024-06-03 04:00:00,583,Ramanathapuram,1.0,-10.38825
2024-06-04 14:00:00,583,Ramanathapuram,2.0,-10.32075
2024-06-04 16:00:00,583,Ramanathapuram,1.75,-10.297
2024-06-04 17:00:00,583,Ramanathapuram,8.5,-10.297
2024-06-04 18:00:00,583,Ramanathapuram,7.0,-10.297
2024-06-04 19:00:00,583,Ramanathapuram,0.5,-10.297
2024-06-05 14:00:00,583,Ramanathapuram,2.5,-10.3
2024-06-05 15:00:00,583,Ramanathapuram,0.5,-10.3
2024-06-06 01:00:00,583,Ramanathapuram,4.5,-10.2295
2024-06-06 02:00:00,583,Ramanathapuram,13.5,-10.2295
2024-06-06 04:00:00,583,Ramanathapuram,5.0,-10.21125
2024-06-06 08:00:00,583,Ramanathapuram,2.0,-10.21125
2024-06-06 09:00:00,583,Ramanathapuram,1.5,-10.21125
2024-06-06 21:00:00,583,Ramanathapuram,2.25,-10.22075
2024-06-06 22:00:00,583,Ramanathapuram,16.25,-10.1845
2024-06-06 23:00:00,583,Ramanathapuram,10.0,-10.1845
2024-06-07 00:00:00,583,Ramanathapuram,0.5,-10.1845
2024-06-07 02:00:00,583,Ramanathapuram,3.0,-10.1845
2024-06-07 03:00:00,583,Ramanathapuram,2.333333333333333,-10.1845
2024-06-07 04:00:00,583,Ramanathapuram,0.5,-10.15675
2024-06-07 09:00:00,583,Ramanathapuram,0.5,-10.15675
2024-06-08 14:00:00,583,Ramanathapuram,0.5,-10.13575
2024-06-18 16:00:00,583,Ramanathapuram,2.0,-10.622
2024-06-18 18:00:00,583,Ramanathapuram,1.5,-10.622
2024-06-18 19:00:00,583,Ramanathapuram,5.5,-10.622
2024-06-19 00:00:00,583,Ramanathapuram,0.5,-10.64075
2024-06-19 14:00:00,583,Ramanathapuram,2.5,-10.67025
2024-06-19 15:00:00,583,Ramanathapuram,8.625,-10.67025
2024-06-19 16:00:00,583,Ramanathapuram,7.0,-10.67825
2024-06-19 17:00:00,583,Ramanathapuram,4.75,-10.67825
2024-06-19 18:00:00,583,Ramanathapuram,0.75,-10.67825
2024-06-19 19:00:00,583,Ramanathapuram,1.0,-10.67825
2024-06-20 13:00:00,583,Ramanathapuram,1.0,-10.6495
2024-06-20 16:00:00,583,Ramanathapuram,0.5,-10.62375
2024-06-22 16:00:00,583,Ramanathapuram,1.5,-10.666
2024-06-22 17:00:00,583,Ramanathapuram,10.833333333333334,-10.666
2024-06-22 18:00:00,583,Ramanathapuram,17.75,-10.666
2024-06-22 19:00:00,583,Ramanathapuram,1.5,-10.666
2024-06-24 17:00:00,583,Ramanathapuram,3.25,-10.72625
2024-06-24 18:00:00,583,Ramanathapuram,0.75,-10.72625
2024-06-30 15:00:00,583,Ramanathapuram,0.5,-10.61525
2024-06-30 16:00:00,583,Ramanathapuram,13.5,-10.6805
2024-06-30 17:00:00,583,Ramanathapuram,1.0,-10.6805
2024-07-03 20:00:00,583,Ramanathapuram,2.5,-10.6695
2024-07-03 22:00:00,583,Ramanathapuram,0.5,-10.638
2024-07-04 05:00:00,583,Ramanathapuram,0.5,-7.255
2024-07-05 17:00:00,583,Ramanathapuram,7.0,-10.64775
2024-07-05 18:00:00,583,Ramanathapuram,7.25,-10.64775
2024-07-05 19:00:00,583,Ramanathapuram,16.0,-10.64775
2024-07-05 21:00:00,583,Ramanathapuram,0.5,-10.64775
2024-07-08 05:00:00,583,Ramanathapuram,1.0,-10.62525
2024-07-10 20:00:00,583,Ramanathapuram,0.5,-10.634
2024-07-10 21:00:00,583,Ramanathapuram,3.75,-10.634
2024-07-10 22:00:00,583,Ramanathapuram,8.75,-10.62125
2024-07-10 23:00:00,583,Ramanathapuram,0.5,-10.62125
2024-07-11 00:00:00,583,Ramanathapuram,0.5,-10.62125
2024-07-12 19:00:00,583,Ramanathapuram,13.5,-10.61425
2024-07-12 20:00:00,583,Ramanathapuram,14.0,-10.61425
2024-07-12 21:00:00,583,Ramanathapuram,1.0,-10.61425
2024-07-15 07:00:00,583,Ramanathapuram,0.5,-10.54475
2024-07-15 15:00:00,583,Ramanathapuram,2.0,-10.541
2024-07-15 16:00:00,583,Ramanathapuram,2.0,-10.539
2024-07-15 19:00:00,583,Ramanathapuram,0.5,-10.539
2024-07-15 23:00:00,583,Ramanathapuram,0.5,-10.51225
2024-08-03 20:00:00,583,Ramanathapuram,0.5,-10.298
2024-08-04 18:00:00,583,Ramanathapuram,13.75,-6.605333333333333
2024-08-04 19:00:00,583,Ramanathapuram,1.0,-6.605333333333333
2024-08-04 22:00:00,583,Ramanathapuram,15.5,-6.554666666666667
2024-08-04 23:00:00,583,Ramanathapuram,13.0,-6.554666666666667
2024-08-05 00:00:00,583,Ramanathapuram,1.0,-6.554666666666667
2024-08-05 04:00:00,583,Ramanathapuram,0.5,-10.23525
2024-08-05 16:20:00,583,Ramanathapuram,0.5,-10.26475
2024-08-05 16:25:00,583,Ramanathapuram,2.5,-10.26475
2024-08-05 16:30:00,583,Ramanathapuram,3.5,-10.26475
2024-08-05 16:35:00,583,Ramanathapuram,4.5,-10.26475
2024-08-05 16:40:00,583,Ramanathapuram,5.0,-10.26475
2024-08-05 17:10:00,583,Ramanathapuram,0.5,-10.26475
2024-08-05 17:15:00,583,Ramanathapuram,0.5,-10.26475
2024-08-05 17:20:00,583,Ramanathapuram,1.0,-10.26475
2024-08-05 17:25:00,583,Ramanathapuram,1.5,-10.26475
2024-08-05 17:30:00,583,Ramanathapuram,3.0,-10.26475
2024-08-05 17:35:00,583,Ramanathapuram,5.5,-10.26475
2024-08-05 17:40:00,583,Ramanathapuram,8.0,-10.26475
2024-08-05 17:45:00,583,Ramanathapuram,10.0,-10.26475
2024-08-05 17:50:00,583,Ramanathapuram,11.0,-10.26475
2024-08-05 17:55:00,583,Ramanathapuram,11.5,-10.26475
2024-08-05 18:00:00,583,Ramanathapuram,11.5,-10.26475
2024-08-05 18:15:00,583,Ramanathapuram,0.5,-10.26475
2024-08-05 18:20:00,583,Ramanathapuram,3.0,-10.26475
2024-08-05 20:00:00,583,Ramanathapuram,16.5,-10.26475
2024-08-05 22:00:00,583,Ramanathapuram,0.5,-10.23175
2024-08-06 19:00:00,583,Ramanathapuram,1.0,-10.2365
2024-08-06 20:00:00,583,Ramanathapuram,1.5,-10.2365
2024-08-07 15:30:00,583,Ramanathapuram,2.5,-10.198
2024-08-07 15:35:00,583,Ramanathapuram,3.0,-10.198
2024-08-07 15:40:00,583,Ramanathapuram,3.5,-10.198
2024-08-07 15:45:00,583,Ramanathapuram,3.5,-10.198
2024-08-07 15:50:00,583,Ramanathapuram,3.5,-10.198
2024-08-07 15:55:00,583,Ramanathapuram,3.5,-10.198
2024-08-07 16:00:00,583,Ramanathapuram,3.75,-10.198
2024-08-07 17:00:00,583,Ramanathapuram,10.25,-10.198
2024-08-07 18:00:00,583,Ramanathapuram,2.0,-10.198
2024-08-07 19:00:00,583,Ramanathapuram,3.0,-10.198
2024-08-07 20:00:00,583,Ramanathapuram,9.5,-10.198
2024-08-07 21:00:00,583,Ramanathapuram,0.5,-10.198
2024-08-07 22:00:00,583,Ramanathapuram,1.5,-10.1735
2024-08-08 18:00:00,583,Ramanathapuram,21.5,-10.15875
2024-08-08 18:55:00,583,Ramanathapuram,0.5,-10.15875
2024-08-08 19:00:00,583,Ramanathapuram,1.75,-10.15875
2024-08-08 19:05:00,583,Ramanathapuram,2.5,-10.15875
2024-08-08 19:10:00,583,Ramanathapuram,5.5,-10.15875
2024-08-08 19:15:00,583,Ramanathapuram,7.5,-10.15875
2024-08-08 19:20:00,583,Ramanathapuram,9.0,-10.15875
2024-08-08 19:25:00,583,Ramanathapuram,10.0,-10.15875
2024-08-08 19:30:00,583,Ramanathapuram,11.0,-10.15875
2024-08-08 19:35:00,583,Ramanathapuram,12.5,-10.15875
2024-08-08 19:40:00,583,Ramanathapuram,16.0,-10.15875
2024-08-08 20:00:00,583,Ramanathapuram,2.0,-10.15875
2024-08-08 21:00:00,583,Ramanathapuram,2.833333333333333,-10.15875
2024-08-08 22:00:00,583,Ramanathapuram,2.25,-10.15075
2024-08-08 23:00:00,583,Ramanathapuram,3.0,-10.15075
2024-08-09 00:00:00,583,Ramanathapuram,2.5,-10.15075
2024-08-09 01:00:00,583,Ramanathapuram,0.75,-10.15075
2024-08-09 08:00:00,583,Ramanathapuram,0.5,-10.142
2024-08-09 12:00:00,583,Ramanathapuram,0.5,-10.15
2024-08-10 12:00:00,583,Ramanathapuram,0.5,-12.160000000000002
2024-08-11 18:00:00,583,Ramanathapuram,0.5,-12.525
2024-08-11 22:00:00,583,Ramanathapuram,1.0,-12.5245
2024-08-12 16:00:00,583,Ramanathapuram,0.5,-9.917333333333334
2024-08-13 15:00:00,583,Ramanathapuram,1.0,-10.097
2024-08-13 15:30:00,583,Ramanathapuram,1.0,-11.945
2024-08-13 15:35:00,583,Ramanathapuram,8.0,-11.945
2024-08-13 15:40:00,583,Ramanathapuram,13.5,-11.945
2024-08-13 15:45:00,583,Ramanathapuram,19.5,-11.945
2024-08-13 15:50:00,583,Ramanathapuram,23.5,-11.945
2024-08-13 15:55:00,583,Ramanathapuram,31.0,-11.945
2024-08-13 16:00:00,583,Ramanathapuram,26.5,-11.945
2024-08-13 16:05:00,583,Ramanathapuram,8.5,-11.945
2024-08-13 16:10:00,583,Ramanathapuram,12.0,-11.945
2024-08-13 16:15:00,583,Ramanathapuram,16.5,-11.945
2024-08-13 16:20:00,583,Ramanathapuram,24.0,-11.945
2024-08-13 16:25:00,583,Ramanathapuram,24.0,-11.945
2024-08-13 16:30:00,583,Ramanathapuram,25.0,-11.945
2024-08-13 16:35:00,583,Ramanathapuram,25.0,-11.945
2024-08-13 16:40:00,583,Ramanathapuram,25.5,-11.945
2024-08-13 16:45:00,583,Ramanathapuram,25.5,-11.945
2024-08-13 16:50:00,583,Ramanathapuram,26.0,-11.945
2024-08-13 16:55:00,583,Ramanathapuram,26.0,-11.945
2024-08-13 17:00:00,583,Ramanathapuram,26.0,-11.945
2024-08-13 20:00:00,583,Ramanathapuram,0.5,-11.945
2024-08-13 21:00:00,583,Ramanathapuram,2.5,-11.945
2024-08-13 22:00:00,583,Ramanathapuram,1.5,-11.936333333333332
2024-08-13 23:00:00,583,Ramanathapuram,2.5,-11.936333333333332
2024-08-14 00:00:00,583,Ramanathapuram,0.5,-11.936333333333332
2024-08-14 05:00:00,583,Ramanathapuram,0.5,-10.074
2024-08-14 14:00:00,583,Ramanathapuram,3.0,-10.0795
2024-08-14 16:00:00,583,Ramanathapuram,3.5,-10.0655
2024-08-14 17:00:00,583,Ramanathapuram,0.5,-10.0655
2024-08-15 00:00:00,583,Ramanathapuram,0.5,-10.06675
2024-08-15 12:00:00,583,Ramanathapuram,14.5,-10.0685
2024-08-15 14:00:00,583,Ramanathapuram,22.5,-10.0685
2024-08-16 05:00:00,583,Ramanathapuram,0.5,-9.771
2024-08-16 15:00:00,583,Ramanathapuram,4.5,-9.775
2024-08-16 15:45:00,583,Ramanathapuram,0.5,-9.790666666666668
2024-08-16 15:50:00,583,Ramanathapuram,0.5,-9.790666666666668
2024-08-16 15:55:00,583,Ramanathapuram,0.5,-9.790666666666668
2024-08-16 16:00:00,583,Ramanathapuram,1.75,-9.790666666666668
2024-08-16 16:25:00,583,Ramanathapuram,0.5,-9.790666666666668
2024-08-16 16:30:00,583,Ramanathapuram,0.5,-9.790666666666668
2024-08-16 16:35:00,583,Ramanathapuram,1.0,-9.790666666666668
2024-08-16 16:40:00,583,Ramanathapuram,1.0,-9.790666666666668
2024-08-16 16:45:00,583,Ramanathapuram,1.0,-9.790666666666668
2024-08-16 16:50:00,583,Ramanathapuram,1.0,-9.790666666666668
2024-08-16 16:55:00,583,Ramanathapuram,1.0,-9.790666666666668
2024-08-16 17:00:00,583,Ramanathapuram,1.0,-9.790666666666668
2024-08-17 04:00:00,583,Ramanathapuram,1.5,-9.755666666666666
2024-08-17 05:00:00,583,Ramanathapuram,6.0,-9.755666666666666
2024-08-17 07:00:00,583,Ramanathapuram,0.5,-9.755666666666666
2024-08-17 12:00:00,583,Ramanathapuram,16.0,-9.766666666666666
2024-08-17 12:40:00,583,Ramanathapuram,1.5,-9.766666666666666
2024-08-17 12:45:00,583,Ramanathapuram,1.5,-9.766666666666666
2024-08-17 12:55:00,583,Ramanathapuram,1.5,-9.766666666666666
2024-08-17 13:00:00,583,Ramanathapuram,8.0,-9.766666666666666
2024-08-17 14:00:00,583,Ramanathapuram,5.0,-9.766666666666666
2024-08-18 08:00:00,583,Ramanathapuram,0.5,-11.905333333333331
2024-08-18 13:00:00,583,Ramanathapuram,7.5,-11.865
2024-08-18 15:00:00,583,Ramanathapuram,1.5,-11.865
2024-08-19 08:00:00,583,Ramanathapuram,0.5,-10.022749999999998
2024-08-19 12:35:00,583,Ramanathapuram,0.5,-10.009
2024-08-19 12:40:00,583,Ramanathapuram,0.5,-10.009
2024-08-19 12:45:00,583,Ramanathapuram,0.5,-10.009
2024-08-19 12:50:00,583,Ramanathapuram,0.5,-10.009
2024-08-19 12:55:00,583,Ramanathapuram,0.5,-10.009
2024-08-19 13:00:00,583,Ramanathapuram,0.5,-10.009
2024-08-19 16:00:00,583,Ramanathapuram,0.5,-9.98225
2024-08-19 16:20:00,583,Ramanathapuram,0.5,-9.98225
2024-08-19 16:30:00,583,Ramanathapuram,0.5,-9.98225
2024-08-19 16:35:00,583,Ramanathapuram,0.5,-9.98225
2024-08-19 16:40:00,583,Ramanathapuram,0.5,-9.98225
2024-08-19 16:45:00,583,Ramanathapuram,0.5,-9.98225
2024-08-19 16:50:00,583,Ramanathapuram,0.5,-9.98225
2024-08-19 16:55:00,583,Ramanathapuram,0.5,-9.98225
2024-08-20 11:00:00,583,Ramanathapuram,4.5,-12.5015
2024-08-20 13:00:00,583,Ramanathapuram,7.25,-12.5015
2024-08-20 14:00:00,583,Ramanathapuram,2.5,-12.5015
2024-08-20 15:00:00,583,Ramanathapuram,3.0,-12.5015
2024-08-21 16:00:00,583,Ramanathapuram,0.5,-9.994
2024-08-22 19:00:00,583,Ramanathapuram,0.5,-10.097
2024-08-23 19:00:00,583,Ramanathapuram,0.5,-9.9675
2024-08-24 20:00:00,583,Ramanathapuram,0.5,-9.944
2024-08-25 17:00:00,583,Ramanathapuram,0.5,-11.760666666666664
2024-08-26 16:00:00,583,Ramanathapuram,0.5,-9.9905
2024-08-27 11:00:00,583,Ramanathapuram,0.5,-11.769666666666666
2024-08-28 10:00:00,583,Ramanathapuram,0.5,-9.8985
2024-08-29 10:00:00,583,Ramanathapuram,0.5,-9.88375
2024-08-29 21:00:00,583,Ramanathapuram,0.5,-9.909
2024-08-29 22:00:00,583,Ramanathapuram,1.5,-9.87275
2024-08-30 16:00:00,583,Ramanathapuram,0.5,-9.8595
2024-08-31 19:00:00,583,Ramanathapuram,1.5,-9.85625
2024-09-01 17:00:00,583,Ramanathapuram,2.5,-9.86125
2024-09-01 18:00:00,583,Ramanathapuram,1.0,-9.86125
2024-09-01 19:00:00,583,Ramanathapuram,0.5,-9.86125
2024-09-01 21:00:00,583,Ramanathapuram,0.5,-9.86125
2024-09-03 16:00:00,583,Ramanathapuram,0.5,-9.855
2024-09-13 22:00:00,583,Ramanathapuram,1.0,-10.323
2024-09-18 17:00:00,583,Ramanathapuram,2.0,-10.3645
2024-09-23 18:00:00,583,Ramanathapuram,0.5,-10.372
2024-09-27 11:00:00,583,Ramanathapuram,1.0,-10.46525
2024-09-27 12:00:00,583,Ramanathapuram,2.75,-10.46525
2024-09-27 13:00:00,583,Ramanathapuram,1.5,-10.46525
2024-09-27 15:00:00,583,Ramanathapuram,1.0,-10.46525
2024-09-27 16:00:00,583,Ramanathapuram,6.25,-10.42725
2024-09-27 17:00:00,583,Ramanathapuram,7.0,-10.42725
2024-09-27 23:00:00,583,Ramanathapuram,4.0,-10.534
2024-09-28 06:00:00,583,Ramanathapuram,5.0,-10.47275
2024-09-28 16:00:00,583,Ramanathapuram,4.5,-10.480999999999998
2024-09-28 17:00:00,583,Ramanathapuram,2.75,-10.480999999999998
2024-09-29 00:00:00,583,Ramanathapuram,2.5,-10.542
2024-09-29 06:00:00,583,Ramanathapuram,0.5,-10.52425
2024-09-29 07:00:00,583,Ramanathapuram,2.5,-10.52425
2024-09-29 08:00:00,583,Ramanathapuram,1.0,-10.52425
2024-09-29 11:00:00,583,Ramanathapuram,1.0,-10.44625
2024-09-29 12:00:00,583,Ramanathapuram,0.5,-10.44625
2024-09-30 04:00:00,583,Ramanathapuram,0.5,-10.53625
2024-09-30 05:00:00,583,Ramanathapuram,2.0,-10.53625
2024-09-30 06:00:00,583,Ramanathapuram,5.75,-10.53625
2024-09-30 07:00:00,583,Ramanathapuram,0.5,-10.53625
2024-09-30 08:00:00,583,Ramanathapuram,0.75,-10.53625
2024-09-30 08:10:00,583,Ramanathapuram,0.5,-10.53625
2024-09-30 08:15:00,583,Ramanathapuram,2.5,-10.53625
2024-09-30 08:20:00,583,Ramanathapuram,4.0,-10.53625
2024-09-30 08:25:00,583,Ramanathapuram,5.0,-10.53625
2024-09-30 08:30:00,583,Ramanathapuram,9.5,-10.53625
2024-09-30 08:35:00,583,Ramanathapuram,12.0,-10.53625
2024-09-30 08:40:00,583,Ramanathapuram,12.0,-10.53625
2024-09-30 08:45:00,583,Ramanathapuram,12.0,-10.53625
2024-09-30 08:50:00,583,Ramanathapuram,12.0,-10.53625
2024-09-30 08:55:00,583,Ramanathapuram,12.0,-10.53625
2024-09-30 09:00:00,583,Ramanathapuram,6.25,-10.53625
2024-09-30 09:30:00,583,Ramanathapuram,1.5,-10.51125
2024-09-30 09:35:00,583,Ramanathapuram,4.0,-10.51125
2024-09-30 09:40:00,583,Ramanathapuram,5.0,-10.51125
2024-09-30 09:45:00,583,Ramanathapuram,6.0,-10.51125
2024-09-30 09:50:00,583,Ramanathapuram,10.5,-10.51125
2024-09-30 09:55:00,583,Ramanathapuram,12.0,-10.51125
2024-09-30 10:00:00,583,Ramanathapuram,3.4,-10.51125
2024-09-30 10:05:00,583,Ramanathapuram,0.5,-10.51125
2024-09-30 10:10:00,583,Ramanathapuram,0.5,-10.51125
2024-09-30 10:15:00,583,Ramanathapuram,0.5,-10.51125
2024-09-30 10:20:00,583,Ramanathapuram,0.5,-10.51125
2024-09-30 10:25:00,583,Ramanathapuram,0.5,-10.51125
2024-09-30 10:30:00,583,Ramanathapuram,0.5,-10.51125
2024-09-30 10:35:00,583,Ramanathapuram,0.5,-10.51125
2024-09-30 10:40:00,583,Ramanathapuram,0.5,-10.51125
2024-09-30 10:45:00,583,Ramanathapuram,0.5,-10.51125
2024-09-30 10:50:00,583,Ramanathapuram,0.5,-10.51125
2024-09-30 10:55:00,583,Ramanathapuram,0.5,-10.51125
2024-09-30 11:00:00,583,Ramanathapuram,0.9166666666666666,-10.51125
2024-09-30 12:00:00,583,Ramanathapuram,0.5,-10.51125
2024-09-30 14:00:00,583,Ramanathapuram,0.5,-10.51125
2024-09-30 16:00:00,583,Ramanathapuram,3.75,-10.5415
2024-09-30 17:00:00,583,Ramanathapuram,2.75,-10.5415
2024-09-30 22:00:00,583,Ramanathapuram,0.5,-10.53125
2024-10-01 05:00:00,583,Ramanathapuram,0.5,-10.45425
2024-10-01 12:00:00,583,Ramanathapuram,0.5,-10.51225
2024-10-01 19:00:00,583,Ramanathapuram,0.5,-10.55875
2024-10-02 05:00:00,583,Ramanathapuram,0.5,-10.45675
2024-10-02 16:00:00,583,Ramanathapuram,0.5,-10.53325
2024-10-03 07:00:00,583,Ramanathapuram,0.5,-10.482
2024-10-04 04:00:00,583,Ramanathapuram,0.5,-10.54425
2024-10-04 16:00:00,583,Ramanathapuram,0.5,-10.603
2024-10-04 21:00:00,583,Ramanathapuram,1.0,-10.603
2024-10-05 00:00:00,583,Ramanathapuram,0.5,-10.57375
2024-10-05 01:00:00,583,Ramanathapuram,16.0,-10.57375
2024-10-05 02:00:00,583,Ramanathapuram,17.5,-10.57375
2024-10-05 02:30:00,583,Ramanathapuram,3.0,-10.57375
2024-10-05 03:00:00,583,Ramanathapuram,16.25,-10.57375
2024-10-05 03:30:00,583,Ramanathapuram,19.0,-10.5765
2024-10-05 04:00:00,583,Ramanathapuram,47.0,-10.5765
2024-10-05 04:30:00,583,Ramanathapuram,28.5,-10.5765
2024-10-05 05:00:00,583,Ramanathapuram,18.5,-10.5765
2024-10-05 05:30:00,583,Ramanathapuram,11.0,-10.5765
2024-10-05 06:00:00,583,Ramanathapuram,12.0,-10.5765
2024-10-05 08:00:00,583,Ramanathapuram,0.5,-10.5765
2024-10-05 08:30:00,583,Ramanathapuram,0.5,-10.5765
2024-10-05 09:00:00,583,Ramanathapuram,0.5,-10.5765
2024-10-05 14:00:00,583,Ramanathapuram,6.5,-10.486999999999998
2024-10-05 15:00:00,583,Ramanathapuram,6.5,-10.486999999999998
2024-10-05 16:00:00,583,Ramanathapuram,2.0,-10.619
2024-10-05 17:00:00,583,Ramanathapuram,1.0,-10.619
2024-10-06 05:00:00,583,Ramanathapuram,5.0,-10.633
2024-10-06 06:00:00,583,Ramanathapuram,1.0,-10.633
2024-10-06 07:00:00,583,Ramanathapuram,5.75,-10.633
2024-10-06 07:30:00,583,Ramanathapuram,31.0,-10.633
2024-10-06 08:00:00,583,Ramanathapuram,34.0,-10.633
2024-10-06 08:30:00,583,Ramanathapuram,0.5,-10.633
2024-10-06 09:00:00,583,Ramanathapuram,0.5,-10.633
2024-10-06 10:00:00,583,Ramanathapuram,0.5,-10.576
2024-10-06 21:00:00,583,Ramanathapuram,0.5,-10.6635
2024-10-07 11:00:00,583,Ramanathapuram,0.5,-10.633
2024-10-07 12:00:00,583,Ramanathapuram,4.0,-10.633
2024-10-07 13:00:00,583,Ramanathapuram,12.0,-10.633
2024-10-07 14:00:00,583,Ramanathapuram,2.833333333333333,-10.633
2024-10-07 15:00:00,583,Ramanathapuram,1.0,-10.633
2024-10-08 05:00:00,583,Ramanathapuram,0.5,-10.6595
2024-10-08 15:00:00,583,Ramanathapuram,0.5,-10.515
2024-10-08 16:00:00,583,Ramanathapuram,3.0,-10.63875
2024-10-08 17:00:00,583,Ramanathapuram,1.5,-10.63875
2024-10-09 00:30:00,583,Ramanathapuram,6.5,-10.54875
2024-10-09 01:00:00,583,Ramanathapuram,12.5,-10.54875
2024-10-09 12:00:00,583,Ramanathapuram,26.0,-10.577
2024-10-09 13:00:00,583,Ramanathapuram,5.25,-10.577
2024-10-09 14:00:00,583,Ramanathapuram,1.0,-10.577
2024-10-09 15:00:00,583,Ramanathapuram,0.5,-10.577
2024-10-10 05:00:00,583,Ramanathapuram,0.5,-10.52475
2024-10-10 13:00:00,583,Ramanathapuram,1.0,-10.6135
2024-10-10 14:00:00,583,Ramanathapuram,0.75,-10.6135
2024-10-10 15:00:00,583,Ramanathapuram,0.5,-10.6135
2024-10-10 21:00:00,583,Ramanathapuram,0.5,-10.5925
2024-10-10 22:00:00,583,Ramanathapuram,2.5,-10.64475
2024-10-11 01:00:00,583,Ramanathapuram,0.5,-10.64475
2024-10-11 03:00:00,583,Ramanathapuram,1.0,-10.64475
2024-10-11 05:00:00,583,Ramanathapuram,0.5,-10.55625
2024-10-11 06:30:00,583,Ramanathapuram,3.5,-10.55625
2024-10-11 07:00:00,583,Ramanathapuram,4.0,-10.55625
2024-10-11 11:00:00,583,Ramanathapuram,0.5,-10.5565
2024-10-11 12:00:00,583,Ramanathapuram,0.5,-10.5565
2024-10-11 13:00:00,583,Ramanathapuram,0.5,-10.5565
2024-10-11 14:00:00,583,Ramanathapuram,0.5,-10.5565
2024-10-11 20:00:00,583,Ramanathapuram,5.0,-10.73
2024-10-11 21:00:00,583,Ramanathapuram,4.5,-10.73
2024-10-12 00:00:00,583,Ramanathapuram,0.5,-10.5865
2024-10-12 03:30:00,583,Ramanathapuram,0.5,-10.55675
2024-10-12 04:00:00,583,Ramanathapuram,0.5,-10.55675
2024-10-12 05:30:00,583,Ramanathapuram,0.5,-10.55675
2024-10-12 06:00:00,583,Ramanathapuram,0.5,-10.55675
2024-10-12 14:00:00,583,Ramanathapuram,0.5,-10.729
2024-10-12 15:00:00,583,Ramanathapuram,0.5,-10.729
2024-10-12 16:00:00,583,Ramanathapuram,6.5,-10.6465
2024-10-12 17:00:00,583,Ramanathapuram,0.5,-10.6465
2024-10-12 20:00:00,583,Ramanathapuram,0.5,-10.6465
2024-10-12 21:00:00,583,Ramanathapuram,4.0,-10.6465
2024-10-12 22:00:00,583,Ramanathapuram,11.5,-10.5615
2024-10-13 00:00:00,583,Ramanathapuram,2.5,-10.5615
2024-10-13 01:00:00,583,Ramanathapuram,4.75,-10.5615
2024-10-13 03:00:00,583,Ramanathapuram,0.5,-10.5615
2024-10-13 04:00:00,583,Ramanathapuram,2.0,-10.6515
2024-10-13 05:00:00,583,Ramanathapuram,1.75,-10.6515
2024-10-13 06:00:00,583,Ramanathapuram,0.5,-10.6515
2024-10-13 07:00:00,583,Ramanathapuram,0.5,-10.6515
2024-10-13 08:00:00,583,Ramanathapuram,0.5,-10.6515
2024-10-13 09:00:00,583,Ramanathapuram,1.0,-10.6515
2024-10-13 10:00:00,583,Ramanathapuram,1.0,-10.57925
2024-10-13 16:00:00,583,Ramanathapuram,0.5,-10.71475
2024-10-13 21:00:00,583,Ramanathapuram,0.5,-10.71475
2024-10-13 22:00:00,583,Ramanathapuram,0.5,-10.63125
2024-10-13 23:00:00,583,Ramanathapuram,11.5,-10.63125
2024-10-14 00:00:00,583,Ramanathapuram,3.0,-10.63125
2024-10-14 00:30:00,583,Ramanathapuram,24.5,-10.63125
2024-10-14 01:00:00,583,Ramanathapuram,23.5,-10.63125
2024-10-14 02:00:00,583,Ramanathapuram,2.0,-10.63125
2024-10-14 02:30:00,583,Ramanathapuram,0.5,-10.63125
2024-10-14 03:00:00,583,Ramanathapuram,1.1666666666666667,-10.63125
2024-10-14 03:30:00,583,Ramanathapuram,4.5,-10.65275
2024-10-14 04:00:00,583,Ramanathapuram,2.833333333333333,-10.65275
2024-10-14 04:30:00,583,Ramanathapuram,0.5,-10.65275
2024-10-14 05:00:00,583,Ramanathapuram,3.0,-10.65275
2024-10-14 05:30:00,583,Ramanathapuram,2.0,-10.65275
2024-10-14 06:00:00,583,Ramanathapuram,1.5,-10.65275
2024-10-14 07:00:00,583,Ramanathapuram,0.5,-10.65275
2024-10-14 08:00:00,583,Ramanathapuram,0.6666666666666666,-10.65275
2024-10-14 08:30:00,583,Ramanathapuram,0.75,-10.65275
2024-10-14 09:00:00,583,Ramanathapuram,0.9,-10.65275
2024-10-14 10:30:00,583,Ramanathapuram,0.5,-10.5855
2024-10-14 11:00:00,583,Ramanathapuram,0.5,-10.5855
2024-10-14 12:00:00,583,Ramanathapuram,0.5,-10.5855
2024-10-14 13:00:00,583,Ramanathapuram,0.5,-10.5855
2024-10-14 13:30:00,583,Ramanathapuram,0.75,-10.5855
2024-10-14 14:00:00,583,Ramanathapuram,0.6666666666666666,-10.5855
2024-10-14 14:30:00,583,Ramanathapuram,0.5,-10.5855
2024-10-14 15:00:00,583,Ramanathapuram,0.5,-10.5855
2024-10-14 17:00:00,583,Ramanathapuram,1.0,-10.67175
2024-10-14 19:00:00,583,Ramanathapuram,20.0,-10.67175
2024-10-14 20:00:00,583,Ramanathapuram,2.833333333333333,-10.67175
2024-10-14 21:00:00,583,Ramanathapuram,2.875,-10.67175
2024-10-14 22:00:00,583,Ramanathapuram,2.5,-10.594
2024-10-14 22:30:00,583,Ramanathapuram,0.5,-10.594
2024-10-14 23:00:00,583,Ramanathapuram,2.5,-10.594
2024-10-15 00:00:00,583,Ramanathapuram,0.5,-10.594
2024-10-15 02:00:00,583,Ramanathapuram,0.5,-10.594
2024-10-15 09:00:00,583,Ramanathapuram,0.5,-10.62975
2024-10-15 16:00:00,583,Ramanathapuram,0.5,-10.65875
2024-10-15 21:00:00,583,Ramanathapuram,3.0,-10.65875
2024-10-15 22:00:00,583,Ramanathapuram,12.5,-10.585
2024-10-16 08:00:00,583,Ramanathapuram,0.5,-10.5425
2024-10-16 16:30:00,583,Ramanathapuram,5.0,-10.616
2024-10-16 17:00:00,583,Ramanathapuram,5.0,-10.616
2024-10-16 20:00:00,583,Ramanathapuram,14.0,-10.616
2024-10-16 21:00:00,583,Ramanathapuram,10.0,-10.616
2024-10-16 22:00:00,583,Ramanathapuram,0.5,-10.584
2024-10-18 16:00:00,583,Ramanathapuram,0.5,-10.687
2024-10-18 17:00:00,583,Ramanathapuram,0.5,-10.687
2024-10-19 12:00:00,583,Ramanathapuram,0.5,-10.63875
2024-10-19 20:00:00,583,Ramanathapuram,0.5,-10.6215
2024-10-20 11:00:00,583,Ramanathapuram,2.0,-10.6315
2024-10-20 14:00:00,583,Ramanathapuram,0.5,-10.6315
2024-10-20 21:00:00,583,Ramanathapuram,0.5,-10.75775
2024-10-21 07:00:00,583,Ramanathapuram,5.0,-10.57425
2024-10-21 13:00:00,583,Ramanathapuram,0.5,-10.73175
2024-10-22 07:00:00,583,Ramanathapuram,0.5,-10.7235
2024-10-22 11:00:00,583,Ramanathapuram,1.0,-10.7355
2024-10-22 14:30:00,583,Ramanathapuram,0.5,-10.7355
2024-10-22 15:00:00,583,Ramanathapuram,0.5,-10.7355
2024-10-22 23:00:00,583,Ramanathapuram,0.5,-10.6725
2024-10-23 15:00:00,583,Ramanathapuram,11.5,-10.6265
2024-10-23 16:00:00,583,Ramanathapuram,10.0,-10.775
2024-10-23 17:00:00,583,Ramanathapuram,0.5,-10.775
2024-10-24 09:00:00,583,Ramanathapuram,0.5,-10.7195
2024-10-24 11:45:00,583,Ramanathapuram,1.5,-10.62775
2024-10-24 11:50:00,583,Ramanathapuram,2.5,-10.62775
2024-10-24 11:55:00,583,Ramanathapuram,2.5,-10.62775
2024-10-24 12:00:00,583,Ramanathapuram,2.5,-10.62775
2024-10-24 15:00:00,583,Ramanathapuram,342.0,-10.62775
2024-10-24 16:00:00,583,Ramanathapuram,223.5,-10.6955
2024-10-24 17:00:00,583,Ramanathapuram,8.5,-10.6955
2024-10-24 21:00:00,583,Ramanathapuram,21.0,-10.6955
2024-10-25 03:00:00,583,Ramanathapuram,0.5,-10.727
2024-10-25 08:00:00,583,Ramanathapuram,16.5,-10.648
2024-10-25 09:00:00,583,Ramanathapuram,1.0,-10.648
2024-10-25 10:00:00,583,Ramanathapuram,21.0,-10.79925
2024-10-25 11:00:00,583,Ramanathapuram,1.0,-10.79925
2024-10-25 13:00:00,583,Ramanathapuram,2.0,-10.79925
2024-10-25 14:00:00,583,Ramanathapuram,4.0,-10.79925
2024-10-25 15:00:00,583,Ramanathapuram,9.5,-10.79925
2024-10-25 16:00:00,583,Ramanathapuram,3.5,-10.687
2024-10-25 18:00:00,583,Ramanathapuram,1.5,-10.687
2024-10-25 19:00:00,583,Ramanathapuram,0.5,-10.687
2024-10-25 20:00:00,583,Ramanathapuram,0.5,-10.687
2024-10-26 10:00:00,583,Ramanathapuram,0.5,-10.7245
2024-10-26 12:00:00,583,Ramanathapuram,7.0,-10.7245
2024-10-26 12:30:00,583,Ramanathapuram,1.0,-10.7245
2024-10-26 13:00:00,583,Ramanathapuram,3.0,-10.7245
2024-10-26 13:30:00,583,Ramanathapuram,12.0,-10.7245
2024-10-26 19:00:00,583,Ramanathapuram,7.5,-10.75725
2024-10-26 20:00:00,583,Ramanathapuram,0.5,-10.75725
2024-10-27 02:00:00,583,Ramanathapuram,0.5,-10.70975
2024-10-27 16:00:00,583,Ramanathapuram,0.5,-10.67525
2024-10-28 00:00:00,583,Ramanathapuram,0.5,-10.723
2024-10-28 12:00:00,583,Ramanathapuram,0.5,-10.662
2024-10-28 13:00:00,583,Ramanathapuram,0.5,-10.662
2024-10-28 15:00:00,583,Ramanathapuram,0.5,-10.662
2024-10-28 16:00:00,583,Ramanathapuram,0.5,-10.78975
2024-10-28 17:00:00,583,Ramanathapuram,0.5,-10.78975
2024-10-28 20:00:00,583,Ramanathapuram,0.5,-10.78975
2024-10-29 00:00:00,583,Ramanathapuram,0.5,-10.68575
2024-10-29 03:00:00,583,Ramanathapuram,0.5,-10.68575
2024-10-29 06:00:00,583,Ramanathapuram,0.5,-10.75775
2024-10-29 10:00:00,583,Ramanathapuram,0.5,-10.7265
2024-10-29 13:00:00,583,Ramanathapuram,0.5,-10.7265
2024-10-29 15:00:00,583,Ramanathapuram,0.5,-10.7265
2024-10-29 16:00:00,583,Ramanathapuram,0.5,-10.7335
2024-10-29 18:00:00,583,Ramanathapuram,8.5,-10.7335
2024-10-29 19:00:00,583,Ramanathapuram,0.5,-10.7335
2024-10-30 00:00:00,583,Ramanathapuram,0.5,-10.771
2024-10-30 07:00:00,583,Ramanathapuram,0.5,-10.6995
2024-10-30 12:00:00,583,Ramanathapuram,2.0,-10.6995
2024-10-30 16:00:00,583,Ramanathapuram,0.5,-10.79875
2024-10-30 19:00:00,583,Ramanathapuram,0.5,-10.79875
2024-10-31 02:00:00,583,Ramanathapuram,0.5,-10.7105
2024-10-31 08:00:00,583,Ramanathapuram,0.5,-10.7825
2024-10-31 09:00:00,583,Ramanathapuram,0.5,-10.7825
2024-10-31 11:00:00,583,Ramanathapuram,0.5,-10.8225
2024-10-31 12:00:00,583,Ramanathapuram,0.5,-10.8225
2024-10-31 15:00:00,583,Ramanathapuram,0.5,-10.8225
2024-10-31 17:00:00,583,Ramanathapuram,0.5,-10.80225
2024-10-31 21:00:00,583,Ramanathapuram,0.5,-10.80225
2024-11-01 00:00:00,583,Ramanathapuram,0.5,-10.8195
2024-11-01 01:00:00,583,Ramanathapuram,0.5,-10.8195
2024-11-01 03:00:00,583,Ramanathapuram,0.5,-10.8195
2024-11-01 04:30:00,583,Ramanathapuram,0.5,-10.71375
2024-11-01 05:00:00,583,Ramanathapuram,0.5,-10.71375
2024-11-01 07:00:00,583,Ramanathapuram,0.5,-10.71375
2024-11-01 08:00:00,583,Ramanathapuram,0.5,-10.71375
2024-11-01 09:00:00,583,Ramanathapuram,1.0,-10.71375
2024-11-01 10:00:00,583,Ramanathapuram,1.0,-10.75375
2024-11-01 11:00:00,583,Ramanathapuram,1.5,-10.75375
2024-11-01 12:00:00,583,Ramanathapuram,6.0,-10.75375
2024-11-01 13:00:00,583,Ramanathapuram,1.125,-10.75375
2024-11-01 14:00:00,583,Ramanathapuram,2.0,-10.75375
2024-11-01 15:00:00,583,Ramanathapuram,0.5,-10.75375
2024-11-01 17:00:00,583,Ramanathapuram,0.5,-10.86525
2024-11-01 18:00:00,583,Ramanathapuram,0.5,-10.86525
2024-11-01 22:00:00,583,Ramanathapuram,0.5,-10.76175
2024-11-02 01:00:00,583,Ramanathapuram,13.5,-10.76175
2024-11-02 01:30:00,583,Ramanathapuram,17.5,-10.76175
2024-11-02 02:00:00,583,Ramanathapuram,18.5,-10.76175
2024-11-02 02:30:00,583,Ramanathapuram,27.0,-10.76175
2024-11-02 03:00:00,583,Ramanathapuram,28.5,-10.76175
2024-11-02 04:00:00,583,Ramanathapuram,1.5,-10.74825
2024-11-02 08:00:00,583,Ramanathapuram,0.5,-10.74825
2024-11-02 09:00:00,583,Ramanathapuram,0.5,-10.74825
2024-11-02 10:00:00,583,Ramanathapuram,0.5,-10.8105
2024-11-02 11:00:00,583,Ramanathapuram,0.5,-10.8105
2024-11-02 12:00:00,583,Ramanathapuram,3.8333333333333335,-10.8105
2024-11-02 13:00:00,583,Ramanathapuram,2.25,-10.8105
2024-11-02 14:00:00,583,Ramanathapuram,10.166666666666666,-10.8105
2024-11-02 15:00:00,583,Ramanathapuram,0.5,-10.8105
2024-11-02 16:00:00,583,Ramanathapuram,0.5,-10.75875
2024-11-02 21:00:00,583,Ramanathapuram,0.5,-10.75875
2024-11-02 23:00:00,583,Ramanathapuram,6.25,-10.7805
2024-11-03 00:00:00,583,Ramanathapuram,5.666666666666667,-10.7805
2024-11-03 01:00:00,583,Ramanathapuram,0.5,-10.7805
2024-11-03 02:00:00,583,Ramanathapuram,0.75,-10.7805
2024-11-03 05:00:00,583,Ramanathapuram,3.0,-10.81175
2024-11-03 06:00:00,583,Ramanathapuram,0.5,-10.81175
2024-11-03 09:00:00,583,Ramanathapuram,0.5,-10.81175
2024-11-03 10:00:00,583,Ramanathapuram,65.33333333333333,-10.8305
2024-11-03 11:00:00,583,Ramanathapuram,0.5,-10.8305
2024-11-03 12:00:00,583,Ramanathapuram,7.0,-10.8305
2024-11-03 14:00:00,583,Ramanathapuram,3.0,-10.8305
2024-11-03 16:00:00,583,Ramanathapuram,0.5,-10.808
2024-11-03 17:00:00,583,Ramanathapuram,1.25,-10.808
2024-11-03 18:00:00,583,Ramanathapuram,0.5,-10.808
2024-11-03 19:00:00,583,Ramanathapuram,0.5,-10.808
2024-11-03 20:00:00,583,Ramanathapuram,0.5,-10.808
2024-11-03 22:00:00,583,Ramanathapuram,0.5,-10.8235
2024-11-04 00:00:00,583,Ramanathapuram,0.5,-10.8235
2024-11-04 03:00:00,583,Ramanathapuram,0.5,-10.8235
2024-11-04 06:00:00,583,Ramanathapuram,0.5,-10.795
2024-11-04 08:00:00,583,Ramanathapuram,0.5,-10.795
2024-11-04 10:00:00,583,Ramanathapuram,2.0,-10.739999999999998
2024-11-04 11:00:00,583,Ramanathapuram,1.0,-10.739999999999998
2024-11-04 12:00:00,583,Ramanathapuram,0.5,-10.739999999999998
2024-11-04 14:00:00,583,Ramanathapuram,0.5,-10.739999999999998
2024-11-04 16:00:00,583,Ramanathapuram,0.5,-10.841
2024-11-04 17:00:00,583,Ramanathapuram,0.5,-10.841
2024-11-04 18:00:00,583,Ramanathapuram,0.5,-10.841
2024-11-04 19:00:00,583,Ramanathapuram,0.5,-10.841
2024-11-04 21:00:00,583,Ramanathapuram,0.5,-10.841
2024-11-05 01:00:00,583,Ramanathapuram,0.5,-10.773
2024-11-05 17:00:00,583,Ramanathapuram,0.5,-10.82275
2024-11-05 20:00:00,583,Ramanathapuram,0.5,-10.82275
2024-11-05 22:00:00,583,Ramanathapuram,0.5,-10.8475
2024-11-06 02:00:00,583,Ramanathapuram,0.5,-10.8475
2024-11-06 04:00:00,583,Ramanathapuram,0.5,-10.867
2024-11-06 06:00:00,583,Ramanathapuram,0.5,-10.867
2024-11-06 08:00:00,583,Ramanathapuram,0.5,-10.867
2024-11-06 09:00:00,583,Ramanathapuram,0.5,-10.867
2024-11-06 11:00:00,583,Ramanathapuram,1.0,-10.79
2024-11-06 13:00:00,583,Ramanathapuram,0.5,-10.79
2024-11-06 15:00:00,583,Ramanathapuram,0.5,-10.79
2024-11-06 19:00:00,583,Ramanathapuram,0.5,-10.93675
2024-11-06 21:00:00,583,Ramanathapuram,0.5,-10.93675
2024-11-06 23:00:00,583,Ramanathapuram,1.5,-10.873
2024-11-07 00:00:00,583,Ramanathapuram,2.5,-10.873
2024-11-07 01:00:00,583,Ramanathapuram,4.5,-10.873
2024-11-07 02:00:00,583,Ramanathapuram,13.5,-10.873
2024-11-07 03:00:00,583,Ramanathapuram,1.5,-10.873
2024-11-07 04:00:00,583,Ramanathapuram,0.5,-10.786
2024-11-07 06:00:00,583,Ramanathapuram,0.5,-10.786
2024-11-07 07:00:00,583,Ramanathapuram,0.5,-10.786
2024-11-07 11:00:00,583,Ramanathapuram,5.0,-10.851
2024-11-07 12:00:00,583,Ramanathapuram,1.5,-10.851
2024-11-07 13:00:00,583,Ramanathapuram,0.5,-10.851
2024-11-07 14:00:00,583,Ramanathapuram,1.5,-10.851
2024-11-07 15:00:00,583,Ramanathapuram,2.5,-10.851
2024-11-07 16:00:00,583,Ramanathapuram,2.0,-10.8675
2024-11-07 17:00:00,583,Ramanathapuram,2.0,-10.8675
2024-11-07 18:00:00,583,Ramanathapuram,8.5,-10.8675
2024-11-07 19:00:00,583,Ramanathapuram,2.0,-10.8675
2024-11-07 20:00:00,583,Ramanathapuram,2.5,-10.8675
2024-11-07 21:00:00,583,Ramanathapuram,2.5,-10.8675
2024-11-07 23:00:00,583,Ramanathapuram,0.5,-10.8625
2024-11-08 00:00:00,583,Ramanathapuram,1.5,-10.8625
2024-11-08 01:00:00,583,Ramanathapuram,1.0,-10.8625
2024-11-08 08:45:00,583,Ramanathapuram,2.5,-13.061666666666667
2024-11-08 08:50:00,583,Ramanathapuram,4.5,-13.061666666666667
2024-11-08 09:00:00,583,Ramanathapuram,4.5,-13.061666666666667
2024-11-08 11:00:00,583,Ramanathapuram,0.5,-13.128333333333332
2024-11-08 11:20:00,583,Ramanathapuram,4.0,-13.128333333333332
2024-11-08 11:25:00,583,Ramanathapuram,4.0,-13.128333333333332
2024-11-08 11:30:00,583,Ramanathapuram,4.0,-13.128333333333332
2024-11-08 12:00:00,583,Ramanathapuram,4.0,-13.128333333333332
2024-11-08 13:00:00,583,Ramanathapuram,2.1666666666666665,-13.128333333333332
2024-11-08 13:10:00,583,Ramanathapuram,0.5,-13.128333333333332
2024-11-08 13:20:00,583,Ramanathapuram,0.5,-13.128333333333332
2024-11-08 13:25:00,583,Ramanathapuram,0.5,-13.128333333333332
2024-11-08 13:30:00,583,Ramanathapuram,0.5,-13.128333333333332
2024-11-08 13:35:00,583,Ramanathapuram,0.5,-13.128333333333332
2024-11-08 13:45:00,583,Ramanathapuram,0.5,-13.128333333333332
2024-11-08 13:55:00,583,Ramanathapuram,0.5,-13.128333333333332
2024-11-08 14:00:00,583,Ramanathapuram,2.5,-13.128333333333332
2024-11-08 15:00:00,583,Ramanathapuram,2.5,-13.128333333333332
2024-11-08 15:30:00,583,Ramanathapuram,2.5,-10.80025
2024-11-08 15:35:00,583,Ramanathapuram,0.5,-10.80025
2024-11-08 15:45:00,583,Ramanathapuram,2.5,-10.80025
2024-11-08 15:50:00,583,Ramanathapuram,2.5,-10.80025
2024-11-08 15:55:00,583,Ramanathapuram,0.5,-10.80025
2024-11-08 16:00:00,583,Ramanathapuram,3.5,-10.80025
2024-11-08 16:30:00,583,Ramanathapuram,1.0,-10.80025
2024-11-08 17:00:00,583,Ramanathapuram,1.5,-10.80025
2024-11-08 17:30:00,583,Ramanathapuram,0.5,-10.80025
2024-11-08 18:00:00,583,Ramanathapuram,0.5,-10.80025
2024-11-12 18:30:00,583,Ramanathapuram,6.5,-10.9815
2024-11-12 19:00:00,583,Ramanathapuram,6.5,-10.9815
2024-11-14 05:00:00,583,Ramanathapuram,0.5,-9.9
2024-11-14 07:00:00,583,Ramanathapuram,0.5,-9.9
2024-11-14 08:00:00,583,Ramanathapuram,5.5,-9.9
2024-11-14 11:00:00,583,Ramanathapuram,0.5,-9.893666666666666
2024-11-14 12:00:00,583,Ramanathapuram,13.5,-9.893666666666666
2024-11-14 13:00:00,583,Ramanathapuram,6.5,-9.893666666666666
2024-11-14 15:00:00,583,Ramanathapuram,2.5,-9.893666666666666
2024-11-14 16:00:00,583,Ramanathapuram,4.0,-9.787333333333333
2024-11-14 16:30:00,583,Ramanathapuram,1.5,-9.787333333333333
2024-11-14 17:00:00,583,Ramanathapuram,1.5,-9.787333333333333
2024-11-14 19:30:00,583,Ramanathapuram,1.0,-9.787333333333333
2024-11-14 20:00:00,583,Ramanathapuram,1.0,-9.787333333333333
2024-11-14 22:30:00,583,Ramanathapuram,0.5,-9.909333333333334
2024-11-14 23:00:00,583,Ramanathapuram,0.5,-9.909333333333334
2024-11-15 02:00:00,583,Ramanathapuram,0.5,-9.909333333333334
2024-11-15 04:00:00,583,Ramanathapuram,10.0,-10.84925
2024-11-15 04:30:00,583,Ramanathapuram,0.5,-10.84925
2024-11-15 05:00:00,583,Ramanathapuram,1.0,-10.84925
2024-11-15 06:00:00,583,Ramanathapuram,1.0,-10.84925
2024-11-15 07:00:00,583,Ramanathapuram,0.5,-10.84925
2024-11-15 08:00:00,583,Ramanathapuram,0.5,-10.84925
2024-11-15 09:00:00,583,Ramanathapuram,0.5,-10.84925
2024-11-15 10:00:00,583,Ramanathapuram,0.5,-10.85225
2024-11-15 12:00:00,583,Ramanathapuram,0.5,-10.85225
2024-11-15 13:00:00,583,Ramanathapuram,1.0,-10.85225
2024-11-15 13:30:00,583,Ramanathapuram,15.0,-10.85225
2024-11-15 14:00:00,583,Ramanathapuram,10.5,-10.85225
2024-11-15 15:00:00,583,Ramanathapuram,2.375,-10.85225
2024-11-15 15:30:00,583,Ramanathapuram,0.5,-10.97475
2024-11-15 16:00:00,583,Ramanathapuram,0.75,-10.97475
2024-11-15 16:30:00,583,Ramanathapuram,0.5,-10.97475
2024-11-15 17:00:00,583,Ramanathapuram,0.5,-10.97475
2024-11-15 22:00:00,583,Ramanathapuram,0.5,-10.899
2024-11-15 23:30:00,583,Ramanathapuram,0.5,-10.899
2024-11-16 00:00:00,583,Ramanathapuram,0.5,-10.899
2024-11-16 03:00:00,583,Ramanathapuram,0.5,-10.899
2024-11-16 04:00:00,583,Ramanathapuram,0.5,-10.9275
2024-11-16 07:00:00,583,Ramanathapuram,8.0,-10.9275
2024-11-16 07:30:00,583,Ramanathapuram,1.0,-10.9275
2024-11-16 08:00:00,583,Ramanathapuram,1.25,-10.9275
2024-11-16 09:00:00,583,Ramanathapuram,6.5,-10.9275
2024-11-16 10:00:00,583,Ramanathapuram,5.0,-10.8785
2024-11-16 11:00:00,583,Ramanathapuram,1.25,-10.8785
2024-11-16 15:00:00,583,Ramanathapuram,4.0,-10.8785
2024-11-16 23:00:00,583,Ramanathapuram,0.5,-10.91025
2024-11-17 10:00:00,583,Ramanathapuram,3.0,-10.8985
2024-11-17 10:30:00,583,Ramanathapuram,1.5,-10.8985
2024-11-17 11:00:00,583,Ramanathapuram,1.25,-10.8985
2024-11-17 12:00:00,583,Ramanathapuram,4.0,-10.8985
2024-11-17 12:30:00,583,Ramanathapuram,3.75,-10.8985
2024-11-17 13:00:00,583,Ramanathapuram,3.875,-10.8985
2024-11-17 15:00:00,583,Ramanathapuram,1.75,-10.8985
2024-11-17 16:00:00,583,Ramanathapuram,15.666666666666666,-11.00225
2024-11-18 00:00:00,583,Ramanathapuram,2.0,-10.8575
2024-11-18 00:30:00,583,Ramanathapuram,1.5,-10.8575
2024-11-18 01:00:00,583,Ramanathapuram,2.0,-10.8575
2024-11-18 02:00:00,583,Ramanathapuram,1.0,-10.8575
2024-11-18 03:30:00,583,Ramanathapuram,2.0,-10.8775
2024-11-18 04:00:00,583,Ramanathapuram,3.0,-10.8775
2024-11-18 05:00:00,583,Ramanathapuram,1.5,-10.8775
2024-11-18 06:00:00,583,Ramanathapuram,1.5,-10.8775
2024-11-18 07:00:00,583,Ramanathapuram,1.25,-10.8775
2024-11-18 08:00:00,583,Ramanathapuram,0.5,-10.8775
2024-11-18 08:30:00,583,Ramanathapuram,0.5,-10.8775
2024-11-18 09:00:00,583,Ramanathapuram,1.0,-10.8775
2024-11-18 18:00:00,583,Ramanathapuram,0.5,-10.84675
2024-11-18 19:30:00,583,Ramanathapuram,0.5,-10.84675
2024-11-18 20:00:00,583,Ramanathapuram,1.5,-10.84675
2024-11-18 22:00:00,583,Ramanathapuram,1.25,-10.9515
2024-11-18 23:00:00,583,Ramanathapuram,2.75,-10.9515
2024-11-18 23:30:00,583,Ramanathapuram,0.5,-10.9515
2024-11-19 00:00:00,583,Ramanathapuram,1.0,-10.9515
2024-11-19 01:00:00,583,Ramanathapuram,0.5,-10.9515
2024-11-19 03:00:00,583,Ramanathapuram,2.0,-10.9515
2024-11-19 04:00:00,583,Ramanathapuram,2.5,-10.9475
2024-11-19 04:30:00,583,Ramanathapuram,0.5,-10.9475
2024-11-19 05:00:00,583,Ramanathapuram,2.0,-10.9475
2024-11-19 06:00:00,583,Ramanathapuram,1.75,-10.9475
2024-11-19 06:30:00,583,Ramanathapuram,0.5,-10.9475
2024-11-19 07:00:00,583,Ramanathapuram,3.5,-10.9475
2024-11-19 08:00:00,583,Ramanathapuram,2.0,-10.9475
2024-11-19 08:30:00,583,Ramanathapuram,3.5,-10.9475
2024-11-19 09:00:00,583,Ramanathapuram,3.75,-10.9475
2024-11-19 09:30:00,583,Ramanathapuram,1.5,-10.82675
2024-11-19 10:00:00,583,Ramanathapuram,1.25,-10.82675
2024-11-19 11:00:00,583,Ramanathapuram,0.75,-10.82675
2024-11-19 12:00:00,583,Ramanathapuram,0.75,-10.82675
2024-11-19 14:00:00,583,Ramanathapuram,0.5,-10.82675
2024-11-19 14:30:00,583,Ramanathapuram,0.5,-10.82675
2024-11-19 15:00:00,583,Ramanathapuram,0.5,-10.82675
2024-11-19 17:00:00,583,Ramanathapuram,1.0,-10.96325
2024-11-19 17:30:00,583,Ramanathapuram,1.0,-10.96325
2024-11-19 18:00:00,583,Ramanathapuram,1.0,-10.96325
2024-11-19 19:00:00,583,Ramanathapuram,2.5,-10.96325
2024-11-19 21:00:00,583,Ramanathapuram,0.5,-10.96325
2024-11-19 22:00:00,583,Ramanathapuram,0.5,-10.85725
2024-11-19 22:30:00,583,Ramanathapuram,0.5,-10.85725
2024-11-19 23:00:00,583,Ramanathapuram,9.0,-10.85725
2024-11-19 23:30:00,583,Ramanathapuram,9.0,-10.85725
2024-11-20 00:00:00,583,Ramanathapuram,6.25,-10.85725
2024-11-20 00:30:00,583,Ramanathapuram,1.0,-10.85725
2024-11-20 01:00:00,583,Ramanathapuram,2.3,-10.85725
2024-11-20 01:30:00,583,Ramanathapuram,0.5,-10.85725
2024-11-20 02:00:00,583,Ramanathapuram,3.6,-10.85725
2024-11-20 02:30:00,583,Ramanathapuram,1.5,-10.85725
2024-11-20 03:00:00,583,Ramanathapuram,5.4,-10.85725
2024-11-20 03:30:00,583,Ramanathapuram,1.5,-10.79625
2024-11-20 04:00:00,583,Ramanathapuram,6.5,-10.79625
2024-11-20 04:30:00,583,Ramanathapuram,4.5,-10.79625
2024-11-20 05:00:00,583,Ramanathapuram,4.1,-10.79625
2024-11-20 05:30:00,583,Ramanathapuram,0.5,-10.79625
2024-11-20 06:00:00,583,Ramanathapuram,3.6,-10.79625
2024-11-20 06:30:00,583,Ramanathapuram,2.25,-10.79625
2024-11-20 07:00:00,583,Ramanathapuram,3.5,-10.79625
2024-11-20 07:30:00,583,Ramanathapuram,0.5,-10.79625
2024-11-20 08:00:00,583,Ramanathapuram,1.1,-10.79625
2024-11-20 08:30:00,583,Ramanathapuram,0.5,-10.79625
2024-11-20 09:00:00,583,Ramanathapuram,1.5,-10.79625
2024-11-20 09:30:00,583,Ramanathapuram,3.25,-10.81475
2024-11-20 10:00:00,583,Ramanathapuram,4.2,-10.81475
2024-11-20 10:30:00,583,Ramanathapuram,9.5,-10.81475
2024-11-20 11:00:00,583,Ramanathapuram,6.2,-10.81475
2024-11-20 11:30:00,583,Ramanathapuram,2.75,-10.81475
2024-11-20 12:00:00,583,Ramanathapuram,6.9,-10.81475
2024-11-20 12:30:00,583,Ramanathapuram,6.0,-10.81475
2024-11-20 13:00:00,583,Ramanathapuram,15.0,-10.81475
2024-11-20 13:30:00,583,Ramanathapuram,81.0,-10.81475
2024-11-20 14:00:00,583,Ramanathapuram,45.0,-10.81475
2024-11-20 14:30:00,583,Ramanathapuram,28.5,-10.81475
2024-11-20 15:00:00,583,Ramanathapuram,10.4,-10.81475
2024-11-20 15:30:00,583,Ramanathapuram,6.75,-10.90575
2024-11-20 16:00:00,583,Ramanathapuram,5.333333333333333,-10.90575
2024-11-20 16:30:00,583,Ramanathapuram,0.5,-10.90575
2024-11-20 17:00:00,583,Ramanathapuram,0.6666666666666666,-10.90575
2024-11-21 03:30:00,583,Ramanathapuram,4.0,-4.085
2024-11-21 08:00:00,583,Ramanathapuram,0.75,-4.085
2024-11-21 09:00:00,583,Ramanathapuram,8.5,-4.085
2024-11-21 09:30:00,583,Ramanathapuram,3.5,-4.0815
2024-11-21 10:00:00,583,Ramanathapuram,3.0,-4.0815
2024-11-21 10:30:00,583,Ramanathapuram,9.0,-4.0815
2024-11-21 11:00:00,583,Ramanathapuram,12.166666666666666,-4.0815
2024-11-21 11:30:00,583,Ramanathapuram,3.75,-4.0815
2024-11-21 12:00:00,583,Ramanathapuram,2.833333333333333,-4.0815
2024-11-21 12:30:00,583,Ramanathapuram,5.5,-4.0815
2024-11-21 13:00:00,583,Ramanathapuram,2.25,-4.0815
2024-11-21 14:00:00,583,Ramanathapuram,1.75,-4.0815
2024-11-21 15:00:00,583,Ramanathapuram,0.75,-4.0815
2024-11-21 15:30:00,583,Ramanathapuram,1.0,-4.0755
2024-11-21 16:00:00,583,Ramanathapuram,0.5,-4.0755
2024-11-21 16:30:00,583,Ramanathapuram,1.0,-4.0755
2024-11-21 17:00:00,583,Ramanathapuram,1.0,-4.0755
2024-11-23 20:00:00,583,Ramanathapuram,1.0,-7.452333333333333
2024-11-25 14:30:00,583,Ramanathapuram,0.5,-7.378
2024-11-25 15:00:00,583,Ramanathapuram,0.5,-7.378
2024-11-25 16:30:00,583,Ramanathapuram,0.5,-7.427
2024-11-25 17:00:00,583,Ramanathapuram,0.5,-7.427
2024-11-26 10:00:00,583,Ramanathapuram,1.0,-7.411333333333334
2024-11-26 10:30:00,583,Ramanathapuram,3.5,-7.411333333333334
2024-11-26 11:00:00,583,Ramanathapuram,4.75,-7.411333333333334
2024-11-26 11:30:00,583,Ramanathapuram,2.0,-7.411333333333334
2024-11-26 12:00:00,583,Ramanathapuram,2.0,-7.411333333333334
2024-11-26 12:30:00,583,Ramanathapuram,0.5,-7.411333333333334
2024-11-26 13:00:00,583,Ramanathapuram,1.1666666666666667,-7.411333333333334
2024-11-26 13:30:00,583,Ramanathapuram,0.5,-7.411333333333334
2024-11-26 14:00:00,583,Ramanathapuram,1.25,-7.411333333333334
2024-11-26 14:30:00,583,Ramanathapuram,0.75,-7.411333333333334
2024-11-26 15:00:00,583,Ramanathapuram,1.75,-7.411333333333334
2024-11-26 15:30:00,583,Ramanathapuram,1.25,-7.417999999999999
2024-11-26 16:00:00,583,Ramanathapuram,2.4,-7.417999999999999
2024-11-26 16:30:00,583,Ramanathapuram,0.5,-7.417999999999999
2024-11-26 17:00:00,583,Ramanathapuram,1.125,-7.417999999999999
2024-11-26 18:00:00,583,Ramanathapuram,1.0,-7.417999999999999
2024-11-26 19:00:00,583,Ramanathapuram,2.5,-7.417999999999999
2024-11-26 19:30:00,583,Ramanathapuram,1.0,-7.417999999999999
2024-11-26 20:00:00,583,Ramanathapuram,2.5,-7.417999999999999
2024-11-26 21:00:00,583,Ramanathapuram,0.8333333333333334,-7.417999999999999
2024-11-26 21:30:00,583,Ramanathapuram,0.75,-7.371666666666667
2024-11-26 22:00:00,583,Ramanathapuram,1.125,-7.371666666666667
2024-11-26 22:30:00,583,Ramanathapuram,3.0,-7.371666666666667
2024-11-26 23:00:00,583,Ramanathapuram,1.0,-7.371666666666667
2024-11-26 23:30:00,583,Ramanathapuram,0.5,-7.371666666666667
2024-11-27 00:00:00,583,Ramanathapuram,1.8,-7.371666666666667
2024-11-27 00:30:00,583,Ramanathapuram,1.0,-7.371666666666667
2024-11-27 01:00:00,583,Ramanathapuram,1.75,-7.371666666666667
2024-11-27 01:30:00,583,Ramanathapuram,1.25,-7.371666666666667
2024-11-27 02:00:00,583,Ramanathapuram,1.3,-7.371666666666667
2024-11-27 02:30:00,583,Ramanathapuram,1.0,-7.371666666666667
2024-11-27 03:00:00,583,Ramanathapuram,1.1666666666666667,-7.371666666666667
2024-11-27 03:30:00,583,Ramanathapuram,0.5,-7.379666666666666
2024-11-27 04:00:00,583,Ramanathapuram,1.0,-7.379666666666666
2024-11-27 04:30:00,583,Ramanathapuram,0.5,-7.379666666666666
2024-11-27 05:00:00,583,Ramanathapuram,0.8333333333333334,-7.379666666666666
2024-11-27 06:00:00,583,Ramanathapuram,0.5,-7.379666666666666
2024-11-27 07:00:00,583,Ramanathapuram,0.5,-7.379666666666666
2024-11-27 07:30:00,583,Ramanathapuram,0.5,-7.379666666666666
2024-11-27 08:00:00,583,Ramanathapuram,0.6666666666666666,-7.379666666666666
2024-11-27 08:30:00,583,Ramanathapuram,0.5,-7.379666666666666
2024-11-27 09:00:00,583,Ramanathapuram,0.5,-7.379666666666666
2024-11-27 09:30:00,583,Ramanathapuram,0.5,-7.355666666666667
2024-11-27 10:00:00,583,Ramanathapuram,0.75,-7.355666666666667
2024-11-27 10:30:00,583,Ramanathapuram,0.5,-7.355666666666667
2024-11-27 11:00:00,583,Ramanathapuram,1.0,-7.355666666666667
2024-11-27 11:30:00,583,Ramanathapuram,1.0,-7.355666666666667
2024-11-27 12:00:00,583,Ramanathapuram,1.5,-7.355666666666667
2024-11-27 12:30:00,583,Ramanathapuram,0.75,-7.355666666666667
2024-11-27 13:00:00,583,Ramanathapuram,1.0,-7.355666666666667
2024-11-27 13:30:00,583,Ramanathapuram,0.5,-7.355666666666667
2024-11-27 14:00:00,583,Ramanathapuram,0.5,-7.355666666666667
2024-11-27 14:30:00,583,Ramanathapuram,0.5,-7.355666666666667
2024-11-27 15:00:00,583,Ramanathapuram,0.5,-7.355666666666667
2024-11-27 16:00:00,583,Ramanathapuram,0.5,-7.428666666666666
2024-11-27 18:00:00,583,Ramanathapuram,0.5,-7.428666666666666
2024-11-29 10:00:00,583,Ramanathapuram,1.0,-7.359999999999999
2024-11-29 13:00:00,583,Ramanathapuram,1.25,-7.359999999999999
2024-11-29 13:30:00,583,Ramanathapuram,1.0,-7.359999999999999
2024-11-29 14:00:00,583,Ramanathapuram,1.0,-7.359999999999999
2024-12-01 14:00:00,583,Ramanathapuram,0.5,-7.411
2024-12-01 18:00:00,583,Ramanathapuram,3.0,-9.22
2024-12-01 19:00:00,583,Ramanathapuram,1.75,-9.22
2024-12-01 20:00:00,583,Ramanathapuram,2.0,-9.22
2024-12-02 15:30:00,583,Ramanathapuram,0.5,-7.439333333333334
2024-12-02 16:00:00,583,Ramanathapuram,4.25,-7.439333333333334
2024-12-04 19:30:00,583,Ramanathapuram,0.5,-7.529666666666666
2024-12-04 20:00:00,583,Ramanathapuram,1.5,-7.529666666666666
2024-12-04 21:30:00,583,Ramanathapuram,2.0,-7.448666666666667
2024-12-04 22:00:00,583,Ramanathapuram,1.5,-7.448666666666667
2024-12-04 23:00:00,583,Ramanathapuram,9.25,-7.448666666666667
2024-12-05 00:00:00,583,Ramanathapuram,6.5,-7.448666666666667
2024-12-05 01:00:00,583,Ramanathapuram,1.8333333333333333,-7.448666666666667
2024-12-05 01:30:00,583,Ramanathapuram,1.0,-7.448666666666667
2024-12-05 02:00:00,583,Ramanathapuram,1.1,-7.448666666666667
2024-12-05 02:30:00,583,Ramanathapuram,0.5,-7.448666666666667
2024-12-05 03:00:00,583,Ramanathapuram,4.0,-7.448666666666667
2024-12-05 04:00:00,583,Ramanathapuram,3.5,-7.460666666666666
2024-12-05 05:00:00,583,Ramanathapuram,0.5,-7.460666666666666
2024-12-05 05:30:00,583,Ramanathapuram,1.0,-7.460666666666666
2024-12-05 06:00:00,583,Ramanathapuram,1.0,-7.460666666666666
2024-12-11 15:00:00,583,Ramanathapuram,1.0,-7.543
2024-12-12 00:30:00,583,Ramanathapuram,0.5,-7.538999999999999
2024-12-12 01:00:00,583,Ramanathapuram,2.0,-7.538999999999999
2024-12-12 01:30:00,583,Ramanathapuram,3.5,-7.538999999999999
2024-12-12 02:00:00,583,Ramanathapuram,2.5,-7.538999999999999
2024-12-12 02:30:00,583,Ramanathapuram,0.75,-7.538999999999999
2024-12-12 03:00:00,583,Ramanathapuram,2.3,-7.538999999999999
2024-12-12 03:30:00,583,Ramanathapuram,0.5,-7.550666666666667
2024-12-12 04:00:00,583,Ramanathapuram,4.666666666666667,-7.550666666666667
2024-12-12 05:00:00,583,Ramanathapuram,5.8,-7.550666666666667
2024-12-12 05:30:00,583,Ramanathapuram,2.75,-7.550666666666667
2024-12-12 06:00:00,583,Ramanathapuram,3.083333333333333,-7.550666666666667
2024-12-12 06:30:00,583,Ramanathapuram,1.0,-7.550666666666667
2024-12-12 07:00:00,583,Ramanathapuram,2.4166666666666665,-7.550666666666667
2024-12-12 07:30:00,583,Ramanathapuram,1.75,-7.550666666666667
2024-12-12 08:00:00,583,Ramanathapuram,4.666666666666667,-7.550666666666667
2024-12-12 08:30:00,583,Ramanathapuram,11.5,-7.550666666666667
2024-12-12 09:00:00,583,Ramanathapuram,8.1,-7.550666666666667
2024-12-12 09:30:00,583,Ramanathapuram,0.5,-7.501
2024-12-12 10:00:00,583,Ramanathapuram,2.1666666666666665,-7.501
2024-12-12 10:30:00,583,Ramanathapuram,0.5,-7.501
2024-12-12 11:00:00,583,Ramanathapuram,1.875,-7.501
2024-12-12 12:00:00,583,Ramanathapuram,7.75,-7.501
2024-12-12 12:30:00,583,Ramanathapuram,13.0,-7.501
2024-12-12 13:00:00,583,Ramanathapuram,6.833333333333333,-7.501
2024-12-12 14:00:00,583,Ramanathapuram,0.5,-7.501
2024-12-12 15:30:00,583,Ramanathapuram,1.0,-7.591666666666666
2024-12-12 16:00:00,583,Ramanathapuram,1.25,-7.591666666666666
2024-12-12 16:30:00,583,Ramanathapuram,2.0,-7.591666666666666
2024-12-12 17:00:00,583,Ramanathapuram,2.75,-7.591666666666666
2024-12-12 18:00:00,583,Ramanathapuram,2.125,-7.591666666666666
2024-12-12 18:30:00,583,Ramanathapuram,3.25,-7.591666666666666
2024-12-12 19:00:00,583,Ramanathapuram,4.0,-7.591666666666666
2024-12-12 19:30:00,583,Ramanathapuram,13.75,-7.591666666666666
2024-12-12 20:00:00,583,Ramanathapuram,6.916666666666667,-7.591666666666666
2024-12-12 21:00:00,583,Ramanathapuram,7.625,-7.591666666666666
2024-12-12 21:30:00,583,Ramanathapuram,20.0,-7.462333333333333
2024-12-12 22:00:00,583,Ramanathapuram,7.8,-7.462333333333333
2024-12-12 22:30:00,583,Ramanathapuram,13.0,-7.462333333333333
2024-12-12 23:00:00,583,Ramanathapuram,9.333333333333334,-7.462333333333333
2024-12-12 23:30:00,583,Ramanathapuram,26.5,-7.462333333333333
2024-12-13 00:00:00,583,Ramanathapuram,6.9,-7.462333333333333
2024-12-13 01:00:00,583,Ramanathapuram,4.5,-7.462333333333333
2024-12-13 02:00:00,583,Ramanathapuram,5.666666666666667,-7.462333333333333
2024-12-13 02:30:00,583,Ramanathapuram,1.5,-7.462333333333333
2024-12-13 03:00:00,583,Ramanathapuram,5.333333333333333,-7.462333333333333
2024-12-13 04:00:00,583,Ramanathapuram,1.0,-7.429333333333333
2024-12-13 04:30:00,583,Ramanathapuram,1.0,-7.429333333333333
2024-12-13 05:00:00,583,Ramanathapuram,10.75,-7.429333333333333
2024-12-13 05:30:00,583,Ramanathapuram,0.5,-7.429333333333333
2024-12-13 06:00:00,583,Ramanathapuram,1.6666666666666667,-7.429333333333333
2024-12-13 07:00:00,583,Ramanathapuram,7.5,-7.429333333333333
2024-12-13 07:30:00,583,Ramanathapuram,1.5,-7.429333333333333
2024-12-13 08:00:00,583,Ramanathapuram,7.5,-7.429333333333333
2024-12-13 09:00:00,583,Ramanathapuram,0.5,-7.429333333333333
2024-12-13 10:00:00,583,Ramanathapuram,1.5,-7.466666666666666
2024-12-13 10:30:00,583,Ramanathapuram,1.0,-7.466666666666666
2024-12-13 11:00:00,583,Ramanathapuram,4.75,-7.466666666666666
2024-12-13 11:30:00,583,Ramanathapuram,0.5,-7.466666666666666
2024-12-13 12:00:00,583,Ramanathapuram,1.25,-7.466666666666666
2024-12-13 13:30:00,583,Ramanathapuram,1.0,-7.466666666666666
2024-12-13 14:00:00,583,Ramanathapuram,1.5,-7.466666666666666
2024-12-13 15:00:00,583,Ramanathapuram,1.0,-7.466666666666666
2024-12-13 18:30:00,583,Ramanathapuram,0.5,-7.466666666666666
2024-12-13 19:00:00,583,Ramanathapuram,1.0,-7.466666666666666
2024-12-13 20:00:00,583,Ramanathapuram,0.5,-7.466666666666666
2024-12-13 21:00:00,583,Ramanathapuram,0.5,-7.466666666666666
2024-12-13 22:00:00,583,Ramanathapuram,1.5,-7.398666666666666
2024-12-13 23:00:00,583,Ramanathapuram,2.0,-7.398666666666666
2024-12-14 00:00:00,583,Ramanathapuram,1.5,-7.398666666666666
2024-12-14 01:00:00,583,Ramanathapuram,1.0,-7.398666666666666
2024-12-14 02:00:00,583,Ramanathapuram,0.5,-7.398666666666666
2024-12-14 03:00:00,583,Ramanathapuram,0.5,-7.398666666666666
2024-12-14 04:00:00,583,Ramanathapuram,4.0,-7.3756666666666675
2024-12-14 05:00:00,583,Ramanathapuram,4.5,-7.3756666666666675
2024-12-14 06:00:00,583,Ramanathapuram,1.625,-7.3756666666666675
2024-12-14 07:00:00,583,Ramanathapuram,4.5,-7.3756666666666675
2024-12-14 08:00:00,583,Ramanathapuram,2.6666666666666665,-7.3756666666666675
2024-12-14 09:00:00,583,Ramanathapuram,1.3333333333333333,-7.3756666666666675
2024-12-14 10:00:00,583,Ramanathapuram,1.5,-7.373666666666668
2024-12-14 11:00:00,583,Ramanathapuram,0.75,-7.373666666666668
2024-12-14 12:00:00,583,Ramanathapuram,6.5,-7.373666666666668
2024-12-14 13:00:00,583,Ramanathapuram,2.0,-7.373666666666668
2024-12-14 14:00:00,583,Ramanathapuram,1.0,-7.373666666666668
2024-12-14 15:00:00,583,Ramanathapuram,0.5,-7.373666666666668
2024-12-14 16:00:00,583,Ramanathapuram,0.5,-7.455000000000001
2024-12-21 23:00:00,583,Ramanathapuram,1.5,-7.294333333333334
2024-12-22 00:00:00,583,Ramanathapuram,6.75,-7.294333333333334
2024-12-22 01:00:00,583,Ramanathapuram,0.75,-7.294333333333334
2024-12-22 06:00:00,583,Ramanathapuram,0.5,-7.280666666666666
2024-12-26 05:00:00,583,Ramanathapuram,0.5,-7.328
2024-12-26 06:00:00,583,Ramanathapuram,1.0,-7.328
2024-12-27 01:00:00,583,Ramanathapuram,1.0,-7.395333333333333
2024-12-27 21:00:00,583,Ramanathapuram,0.5,-7.384333333333333
2024-12-29 20:00:00,583,Ramanathapuram,0.5,-7.382000000000001
2024-12-29 20:30:00,583,Ramanathapuram,0.5,-7.382000000000001
2024-12-29 21:00:00,583,Ramanathapuram,0.5,-7.382000000000001
2024-12-30 10:00:00,583,Ramanathapuram,1.0,-7.334666666666666
2024-12-30 10:30:00,583,Ramanathapuram,8.0,-7.334666666666666
2024-12-30 11:00:00,583,Ramanathapuram,8.0,-7.334666666666666
2024-12-30 12:30:00,583,Ramanathapuram,3.5,-7.334666666666666
2024-12-30 13:00:00,583,Ramanathapuram,1.6666666666666667,-7.334666666666666
2024-12-30 14:00:00,583,Ramanathapuram,4.0,-7.334666666666666
2024-12-30 15:00:00,583,Ramanathapuram,3.0,-7.334666666666666
2024-12-30 15:30:00,583,Ramanathapuram,0.5,-7.404
2024-12-30 16:00:00,583,Ramanathapuram,0.5,-7.404
2024-12-30 22:00:00,583,Ramanathapuram,0.5,-7.330666666666667
2024-12-30 23:00:00,583,Ramanathapuram,5.0,-7.330666666666667
2024-12-31 00:00:00,583,Ramanathapuram,1.875,-7.330666666666667
2024-12-31 01:00:00,583,Ramanathapuram,0.8333333333333334,-7.330666666666667
2024-12-31 01:30:00,583,Ramanathapuram,0.5,-7.330666666666667
2024-12-31 02:00:00,583,Ramanathapuram,2.25,-7.330666666666667
2024-12-31 03:00:00,583,Ramanathapuram,2.75,-7.330666666666667
2024-12-31 04:00:00,583,Ramanathapuram,1.75,-7.345333333333333
2024-12-31 05:00:00,583,Ramanathapuram,1.0,-7.345333333333333
2024-12-31 06:00:00,583,Ramanathapuram,0.75,-7.345333333333333
2024-12-31 08:00:00,583,Ramanathapuram,0.5,-7.345333333333333
2024-12-31 08:30:00,583,Ramanathapuram,1.5,-7.345333333333333
2024-12-31 09:00:00,583,Ramanathapuram,4.5,-7.345333333333333
2024-12-31 09:30:00,583,Ramanathapuram,1.0,-7.338333333333334
2024-12-31 10:00:00,583,Ramanathapuram,2.75,-7.338333333333334
2024-12-31 10:30:00,583,Ramanathapuram,2.0,-7.338333333333334
2024-12-31 11:00:00,583,Ramanathapuram,11.5,-7.338333333333334
2024-12-31 12:00:00,583,Ramanathapuram,1.0,-7.338333333333334
2024-12-31 13:00:00,583,Ramanathapuram,1.5,-7.338333333333334
2024-12-31 14:00:00,583,Ramanathapuram,0.5,-7.338333333333334
2024-12-31 16:00:00,583,Ramanathapuram,3.0,-7.326
2025-01-08 12:00:00,583,Ramanathapuram,0.5,-7.368333333333333
2025-01-08 12:30:00,583,Ramanathapuram,0.5,-7.368333333333333
2025-01-08 13:00:00,583,Ramanathapuram,0.5,-7.368333333333333
2025-01-12 06:30:00,583,Ramanathapuram,0.5,-7.331666666666667
2025-01-12 07:00:00,583,Ramanathapuram,1.0,-7.331666666666667
2025-01-12 07:30:00,583,Ramanathapuram,1.0,-7.331666666666667
2025-01-12 08:00:00,583,Ramanathapuram,6.5,-7.331666666666667
2025-01-12 09:00:00,583,Ramanathapuram,1.0,-7.331666666666667
2025-01-12 09:30:00,583,Ramanathapuram,1.0,-7.359333333333333
2025-01-12 10:00:00,583,Ramanathapuram,0.8333333333333334,-7.359333333333333
2025-01-12 10:30:00,583,Ramanathapuram,1.5,-7.359333333333333
2025-01-12 11:00:00,583,Ramanathapuram,1.25,-7.359333333333333
2025-01-12 11:30:00,583,Ramanathapuram,0.5,-7.359333333333333
2025-01-12 12:00:00,583,Ramanathapuram,0.5,-7.359333333333333
2025-01-12 17:30:00,583,Ramanathapuram,0.5,-9.13
2025-01-12 18:00:00,583,Ramanathapuram,0.5,-9.13
2025-01-13 03:00:00,583,Ramanathapuram,0.5,-9.1
2025-01-13 08:00:00,583,Ramanathapuram,0.5,-7.323333333333333
2025-01-13 17:00:00,583,Ramanathapuram,0.5,-7.523333333333333
2025-01-14 11:30:00,583,Ramanathapuram,0.5,-9.17
2025-01-14 12:00:00,583,Ramanathapuram,0.5,-9.17
2025-01-14 14:30:00,583,Ramanathapuram,0.5,-9.17
2025-01-14 15:30:00,583,Ramanathapuram,2.5,-7.367333333333334
2025-01-14 16:00:00,583,Ramanathapuram,2.0,-7.367333333333334
2025-01-14 16:30:00,583,Ramanathapuram,0.5,-7.367333333333334
2025-01-14 17:00:00,583,Ramanathapuram,0.5,-7.367333333333334
2025-01-14 18:00:00,583,Ramanathapuram,1.0,-7.367333333333334
2025-01-14 19:00:00,583,Ramanathapuram,0.5,-7.367333333333334
2025-01-14 20:00:00,583,Ramanathapuram,2.0,-7.367333333333334
2025-01-14 20:30:00,583,Ramanathapuram,1.0,-7.367333333333334
2025-01-14 21:00:00,583,Ramanathapuram,1.25,-7.367333333333334
2025-01-14 21:30:00,583,Ramanathapuram,1.5,-7.346333333333334
2025-01-14 22:00:00,583,Ramanathapuram,1.5,-7.346333333333334
2025-01-14 22:30:00,583,Ramanathapuram,8.5,-7.346333333333334
2025-01-14 23:00:00,583,Ramanathapuram,2.5,-7.346333333333334
2025-01-14 23:30:00,583,Ramanathapuram,0.5,-7.346333333333334
2025-01-15 00:00:00,583,Ramanathapuram,0.625,-7.346333333333334
2025-01-15 01:00:00,583,Ramanathapuram,0.6666666666666666,-7.346333333333334
2025-01-15 02:00:00,583,Ramanathapuram,1.3333333333333333,-7.346333333333334
2025-01-15 03:00:00,583,Ramanathapuram,0.5,-7.346333333333334
2025-01-15 14:00:00,583,Ramanathapuram,0.5,-7.378666666666667
2025-01-15 14:30:00,583,Ramanathapuram,1.0,-7.378666666666667
2025-01-15 15:00:00,583,Ramanathapuram,3.0,-7.378666666666667
2025-01-15 15:30:00,583,Ramanathapuram,0.5,-7.366333333333333
2025-01-15 16:00:00,583,Ramanathapuram,5.0,-7.366333333333333
2025-01-15 17:00:00,583,Ramanathapuram,1.25,-7.366333333333333
2025-01-15 19:00:00,583,Ramanathapuram,1.5,-7.366333333333333
2025-01-18 12:00:00,583,Ramanathapuram,0.5,-7.311666666666667
2025-01-18 16:00:00,583,Ramanathapuram,0.5,-7.319
2025-01-18 18:00:00,583,Ramanathapuram,0.5,-7.319
2025-01-18 19:30:00,583,Ramanathapuram,9.5,-7.319
2025-01-18 20:00:00,583,Ramanathapuram,7.25,-7.319
2025-01-18 21:00:00,583,Ramanathapuram,0.6666666666666666,-7.319
2025-01-18 22:00:00,583,Ramanathapuram,0.75,-7.280333333333334
2025-01-18 23:00:00,583,Ramanathapuram,0.5,-7.280333333333334
2025-01-18 23:30:00,583,Ramanathapuram,0.5,-7.280333333333334
2025-01-19 00:00:00,583,Ramanathapuram,1.0,-7.280333333333334
2025-01-19 01:30:00,583,Ramanathapuram,0.5,-7.280333333333334
2025-01-19 02:00:00,583,Ramanathapuram,0.5,-7.280333333333334
2025-01-19 02:30:00,583,Ramanathapuram,0.5,-7.280333333333334
2025-01-19 03:00:00,583,Ramanathapuram,0.5,-7.280333333333334
2025-01-19 04:00:00,583,Ramanathapuram,2.5,-7.270333333333333
2025-01-19 05:00:00,583,Ramanathapuram,0.5,-7.270333333333333
2025-01-19 06:00:00,583,Ramanathapuram,0.5,-7.270333333333333
2025-01-19 07:00:00,583,Ramanathapuram,0.5,-7.270333333333333
2025-01-19 07:30:00,583,Ramanathapuram,5.5,-7.270333333333333
2025-01-19 08:00:00,583,Ramanathapuram,10.0,-7.270333333333333
2025-01-19 09:00:00,583,Ramanathapuram,2.5,-7.270333333333333
2025-01-19 09:30:00,583,Ramanathapuram,1.0,-7.281666666666666
2025-01-19 10:00:00,583,Ramanathapuram,3.0,-7.281666666666666
2025-01-19 10:30:00,583,Ramanathapuram,2.0,-7.281666666666666
2025-01-19 11:00:00,583,Ramanathapuram,3.0,-7.281666666666666
2025-01-19 11:30:00,583,Ramanathapuram,3.5,-7.281666666666666
2025-01-19 12:00:00,583,Ramanathapuram,2.0,-7.281666666666666
2025-01-19 12:30:00,583,Ramanathapuram,0.5,-7.281666666666666
2025-01-19 13:00:00,583,Ramanathapuram,8.5,-7.281666666666666
2025-01-19 13:30:00,583,Ramanathapuram,1.5,-7.281666666666666
2025-01-19 14:00:00,583,Ramanathapuram,2.25,-7.281666666666666
2025-01-19 15:00:00,583,Ramanathapuram,1.0,-7.281666666666666
2025-01-19 15:30:00,583,Ramanathapuram,15.5,-7.276
2025-01-19 16:00:00,583,Ramanathapuram,24.5,-7.276
2025-01-19 16:30:00,583,Ramanathapuram,33.0,-7.276
2025-01-19 17:00:00,583,Ramanathapuram,37.5,-7.276
2025-01-19 18:00:00,583,Ramanathapuram,1.75,-7.276
2025-01-19 19:00:00,583,Ramanathapuram,0.5,-7.276
2025-01-20 03:00:00,583,Ramanathapuram,0.5,-7.260333333333333
2025-01-22 10:00:00,583,Ramanathapuram,0.5,-7.218333333333334
2025-01-22 10:30:00,583,Ramanathapuram,0.5,-7.218333333333334
2025-01-22 11:00:00,583,Ramanathapuram,0.5,-7.218333333333334
2025-01-22 12:00:00,583,Ramanathapuram,0.5,-7.218333333333334
2025-01-22 13:00:00,583,Ramanathapuram,1.0,-7.218333333333334
2025-01-22 14:00:00,583,Ramanathapuram,0.5,-7.218333333333334
2025-01-22 15:00:00,583,Ramanathapuram,0.5,-7.218333333333334
2025-01-22 15:30:00,583,Ramanathapuram,2.5,-7.291666666666667
2025-01-22 16:00:00,583,Ramanathapuram,7.0,-7.291666666666667
2025-01-22 16:30:00,583,Ramanathapuram,4.0,-7.291666666666667
2025-01-22 17:00:00,583,Ramanathapuram,9.5,-7.291666666666667
2025-01-22 17:30:00,583,Ramanathapuram,1.25,-7.291666666666667
2025-01-22 18:00:00,583,Ramanathapuram,1.5,-7.291666666666667
2025-01-22 19:00:00,583,Ramanathapuram,1.0,-7.291666666666667
2025-01-22 23:00:00,583,Ramanathapuram,0.5,-7.212666666666666
2025-01-23 01:00:00,583,Ramanathapuram,0.5,-7.212666666666666
2025-01-30 14:30:00,583,Ramanathapuram,0.5,-7.266333333333333
2025-01-30 15:00:00,583,Ramanathapuram,0.5,-7.266333333333333
2025-01-31 08:00:00,583,Ramanathapuram,0.5,-7.228666666666666
2025-02-17 12:40:00,583,Ramanathapuram,2.5,-7.343666666666667
2025-02-17 12:45:00,583,Ramanathapuram,2.5,-7.343666666666667
2025-02-17 12:50:00,583,Ramanathapuram,2.5,-7.343666666666667
2025-02-17 12:55:00,583,Ramanathapuram,2.5,-7.343666666666667
2025-02-17 13:00:00,583,Ramanathapuram,2.5,-7.343666666666667
2025-02-17 14:55:00,583,Ramanathapuram,0.5,-7.343666666666667
2025-02-17 15:00:00,583,Ramanathapuram,3.0,-7.343666666666667
2025-02-28 00:00:00,583,Ramanathapuram,1.0,-10.382
2025-02-28 01:00:00,583,Ramanathapuram,0.5,-10.382
2025-02-28 03:00:00,583,Ramanathapuram,0.5,-10.382
2025-02-28 04:00:00,583,Ramanathapuram,1.0,-12.517
2025-02-28 05:30:00,583,Ramanathapuram,0.5,-12.517
2025-02-28 06:00:00,583,Ramanathapuram,0.5,-12.517
2025-02-28 10:00:00,583,Ramanathapuram,1.0,-12.52
2025-02-28 15:00:00,583,Ramanathapuram,1.0,-12.52
2025-02-28 16:00:00,583,Ramanathapuram,4.0,-12.522666666666666
2025-02-28 16:30:00,583,Ramanathapuram,17.0,-12.522666666666666
2025-02-28 17:00:00,583,Ramanathapuram,25.5,-12.522666666666666
2025-02-28 18:00:00,583,Ramanathapuram,3.0,-12.522666666666666
2025-02-28 19:00:00,583,Ramanathapuram,7.25,-12.522666666666666
2025-02-28 20:00:00,583,Ramanathapuram,0.5,-12.522666666666666
2025-02-28 21:00:00,583,Ramanathapuram,0.5,-12.522666666666666
2025-02-28 22:00:00,583,Ramanathapuram,2.0,-12.483666666666666
2025-02-28 23:00:00,583,Ramanathapuram,0.5,-12.483666666666666
2025-03-01 00:00:00,583,Ramanathapuram,0.5,-12.483666666666666
2025-03-01 01:00:00,583,Ramanathapuram,0.5,-12.483666666666666
2025-03-01 02:00:00,583,Ramanathapuram,0.8333333333333334,-12.483666666666666
2025-03-01 03:00:00,583,Ramanathapuram,3.5,-12.483666666666666
2025-03-01 04:00:00,583,Ramanathapuram,1.0,-12.453666666666669
2025-03-01 05:00:00,583,Ramanathapuram,2.0,-12.453666666666669
2025-03-01 05:30:00,583,Ramanathapuram,0.5,-12.453666666666669
2025-03-01 06:00:00,583,Ramanathapuram,3.333333333333333,-12.453666666666669
2025-03-01 07:00:00,583,Ramanathapuram,2.5,-12.453666666666669
2025-03-01 08:00:00,583,Ramanathapuram,7.75,-12.453666666666669
2025-03-01 12:00:00,583,Ramanathapuram,2.5,-12.466666666666669
2025-03-01 13:00:00,583,Ramanathapuram,0.5,-12.466666666666669
2025-03-01 14:00:00,583,Ramanathapuram,1.5,-12.466666666666669
2025-03-01 22:00:00,583,Ramanathapuram,7.0,-12.418666666666669
2025-03-01 23:00:00,583,Ramanathapuram,6.5,-12.418666666666669
2025-03-01 23:30:00,583,Ramanathapuram,0.5,-12.418666666666669
2025-03-02 00:00:00,583,Ramanathapuram,1.5,-12.418666666666669
2025-03-02 01:00:00,583,Ramanathapuram,1.25,-12.418666666666669
2025-03-02 02:00:00,583,Ramanathapuram,1.0,-12.418666666666669
2025-03-02 03:00:00,583,Ramanathapuram,11.333333333333334,-12.418666666666669
2025-03-02 04:00:00,583,Ramanathapuram,5.5,-12.378666666666666
2025-03-02 04:30:00,583,Ramanathapuram,5.0,-12.378666666666666
2025-03-02 05:00:00,583,Ramanathapuram,14.0,-12.378666666666666
2025-03-02 05:30:00,583,Ramanathapuram,1.0,-12.378666666666666
2025-03-02 06:00:00,583,Ramanathapuram,3.125,-12.378666666666666
2025-03-02 06:30:00,583,Ramanathapuram,26.0,-12.378666666666666
2025-03-02 07:00:00,583,Ramanathapuram,18.33333333333333,-12.378666666666666
2025-03-02 08:00:00,583,Ramanathapuram,0.5,-12.378666666666666
2025-03-02 09:00:00,583,Ramanathapuram,6.0,-12.378666666666666
2025-03-02 10:00:00,583,Ramanathapuram,0.5,-12.410666666666666
2025-03-02 14:00:00,583,Ramanathapuram,3.0,-12.410666666666666
2025-03-11 00:00:00,583,Ramanathapuram,0.5,-12.118
2025-03-11 01:00:00,583,Ramanathapuram,0.5,-12.118
2025-03-11 02:00:00,583,Ramanathapuram,0.5,-12.118
2025-03-11 04:00:00,583,Ramanathapuram,1.0,-10.0535
2025-03-11 04:30:00,583,Ramanathapuram,11.0,-10.0535
2025-03-11 05:00:00,583,Ramanathapuram,12.0,-10.0535
2025-03-11 06:00:00,583,Ramanathapuram,6.625,-10.0535
2025-03-11 07:00:00,583,Ramanathapuram,0.6666666666666666,-10.0535
2025-03-11 08:00:00,583,Ramanathapuram,1.1666666666666667,-10.0535
2025-03-11 09:00:00,583,Ramanathapuram,7.4,-10.0535
2025-03-11 10:00:00,583,Ramanathapuram,20.5,-10.0375
2025-03-11 11:00:00,583,Ramanathapuram,8.0,-10.0375
2025-03-11 12:00:00,583,Ramanathapuram,1.75,-10.0375
2025-03-11 13:00:00,583,Ramanathapuram,4.7,-10.0375
2025-03-11 14:00:00,583,Ramanathapuram,2.25,-10.0375
2025-03-11 15:00:00,583,Ramanathapuram,0.5,-10.0375
2025-03-11 16:00:00,583,Ramanathapuram,2.5,-10.040500000000002
2025-03-11 17:00:00,583,Ramanathapuram,1.0,-10.040500000000002
2025-03-11 18:00:00,583,Ramanathapuram,0.75,-10.040500000000002
2025-03-11 19:00:00,583,Ramanathapuram,1.0,-10.040500000000002
2025-03-12 02:00:00,583,Ramanathapuram,0.5,-10.01575
2025-03-12 07:00:00,583,Ramanathapuram,2.25,-9.9985
2025-03-12 07:30:00,583,Ramanathapuram,0.5,-9.9985
2025-03-12 08:00:00,583,Ramanathapuram,2.5,-9.9985
2025-03-12 09:00:00,583,Ramanathapuram,14.125,-9.9985
2025-03-12 10:00:00,583,Ramanathapuram,5.5,-9.998
2025-03-12 11:00:00,583,Ramanathapuram,1.3333333333333333,-9.998
2025-03-16 07:00:00,583,Ramanathapuram,0.5,-9.88275
2025-03-16 13:00:00,583,Ramanathapuram,6.5,-9.8985
2025-03-22 12:00:00,583,Ramanathapuram,19.0,-9.863499999999998
2025-03-22 13:00:00,583,Ramanathapuram,1.5,-9.863499999999998
2025-03-22 14:00:00,583,Ramanathapuram,3.5,-9.863499999999998
2025-04-02 22:00:00,583,Ramanathapuram,8.5,-10.46875
2025-04-03 02:00:00,583,Ramanathapuram,10.0,-10.46875
2025-04-03 03:00:00,583,Ramanathapuram,1.25,-10.46875
2025-04-03 04:00:00,583,Ramanathapuram,2.25,-10.46025
2025-04-03 04:30:00,583,Ramanathapuram,13.5,-10.46025
2025-04-03 05:00:00,583,Ramanathapuram,9.833333333333334,-10.46025
2025-04-03 06:00:00,583,Ramanathapuram,0.75,-10.46025
2025-04-03 07:00:00,583,Ramanathapuram,1.0,-10.46025
2025-04-03 08:00:00,583,Ramanathapuram,2.833333333333333,-10.46025
2025-04-03 09:00:00,583,Ramanathapuram,2.0,-10.46025
2025-04-03 10:00:00,583,Ramanathapuram,1.5,-10.45925
2025-04-03 11:00:00,583,Ramanathapuram,0.5,-10.45925
2025-04-03 11:30:00,583,Ramanathapuram,17.5,-10.45925
2025-04-03 12:00:00,583,Ramanathapuram,0.5,-10.45925
2025-04-03 12:30:00,583,Ramanathapuram,5.5,-10.45925
2025-04-03 13:00:00,583,Ramanathapuram,6.0,-10.45925
2025-04-03 14:00:00,583,Ramanathapuram,11.5,-10.45925
2025-04-03 14:30:00,583,Ramanathapuram,0.5,-10.45925
2025-04-03 15:00:00,583,Ramanathapuram,0.5,-10.45925
2025-04-03 16:00:00,583,Ramanathapuram,13.0,-10.46775
2025-04-03 16:30:00,583,Ramanathapuram,1.0,-10.46775
2025-04-03 17:00:00,583,Ramanathapuram,5.25,-10.46775
2025-04-03 17:30:00,583,Ramanathapuram,0.5,-10.46775
2025-04-03 18:00:00,583,Ramanathapuram,0.5,-10.46775
2025-04-04 01:00:00,583,Ramanathapuram,2.0,-10.444
2025-04-04 02:00:00,583,Ramanathapuram,11.0,-10.444
2025-04-04 03:00:00,583,Ramanathapuram,2.5,-10.444
2025-04-04 08:00:00,583,Ramanathapuram,1.0,-10.43375
2025-04-04 13:10:00,583,Ramanathapuram,1.0,-10.46175
2025-04-04 13:15:00,583,Ramanathapuram,1.0,-10.46175
2025-04-04 13:20:00,583,Ramanathapuram,1.5,-10.46175
2025-04-04 13:25:00,583,Ramanathapuram,1.5,-10.46175
2025-04-04 13:30:00,583,Ramanathapuram,1.5,-10.46175
2025-04-04 13:35:00,583,Ramanathapuram,1.5,-10.46175
2025-04-04 13:40:00,583,Ramanathapuram,1.5,-10.46175
2025-04-04 13:45:00,583,Ramanathapuram,1.5,-10.46175
2025-04-04 13:50:00,583,Ramanathapuram,1.5,-10.46175
2025-04-04 13:55:00,583,Ramanathapuram,1.5,-10.46175
2025-04-04 14:00:00,583,Ramanathapuram,11.5,-10.46175
2025-04-05 01:00:00,583,Ramanathapuram,4.25,-10.44825
2025-04-06 14:00:00,583,Ramanathapuram,1.5,-12.591
2025-04-07 02:00:00,583,Ramanathapuram,1.0,-12.556
2025-04-07 02:30:00,583,Ramanathapuram,0.5,-12.556
2025-04-07 03:00:00,583,Ramanathapuram,0.875,-12.556
2025-04-07 04:00:00,583,Ramanathapuram,0.5,-12.518333333333333
2025-04-07 04:30:00,583,Ramanathapuram,0.5,-12.518333333333333
2025-04-07 06:00:00,583,Ramanathapuram,0.5,-12.518333333333333
2025-04-09 08:00:00,583,Ramanathapuram,2.5,-12.414
2025-04-12 01:00:00,583,Ramanathapuram,1.5,-10.258
2025-04-12 03:00:00,583,Ramanathapuram,0.5,-10.258
2025-04-12 05:00:00,583,Ramanathapuram,1.0,-10.24925
2025-04-12 05:30:00,583,Ramanathapuram,2.5,-10.24925
2025-04-12 06:00:00,583,Ramanathapuram,2.5,-10.24925
2025-04-16 10:00:00,583,Ramanathapuram,0.5,-10.3715
2025-04-20 17:00:00,583,Ramanathapuram,3.0,-9.255
2025-04-21 13:00:00,583,Ramanathapuram,5.0,-9.305
2025-04-22 16:00:00,583,Ramanathapuram,1.0,-9.285
2025-04-22 17:00:00,583,Ramanathapuram,7.5,-9.285
2025-04-23 16:00:00,583,Ramanathapuram,12.0,-9.32
2025-04-26 12:00:00,583,Ramanathapuram,5.5,-9.385
2025-04-27 13:00:00,583,Ramanathapuram,18.0,-9.415
2025-04-27 14:00:00,583,Ramanathapuram,5.5,-9.415
2025-04-28 12:00:00,583,Ramanathapuram,1.75,-9.355
2025-04-28 13:00:00,583,Ramanathapuram,25.25,-9.355
2025-04-28 14:00:00,583,Ramanathapuram,1.0,-9.355
2025-04-28 15:00:00,583,Ramanathapuram,0.5,-9.355
2025-04-29 04:00:00,583,Ramanathapuram,13.5,-9.375
2025-04-29 04:30:00,583,Ramanathapuram,3.5,-9.375
2025-04-29 05:00:00,583,Ramanathapuram,5.0,-9.375
2025-04-29 06:00:00,583,Ramanathapuram,18.5,-9.375
2025-04-30 10:00:00,583,Ramanathapuram,1.5,-9.4
2025-05-05 00:00:00,583,Ramanathapuram,1.0,-9.43
2025-05-05 01:00:00,583,Ramanathapuram,0.5,-9.43
2025-05-05 01:30:00,583,Ramanathapuram,2.5,-9.43
2025-05-05 02:00:00,583,Ramanathapuram,5.0,-9.43
2025-05-05 03:00:00,583,Ramanathapuram,38.0,-9.43
2025-05-05 03:30:00,583,Ramanathapuram,17.5,-9.415
2025-05-05 04:00:00,583,Ramanathapuram,21.0,-9.415
2025-05-05 04:30:00,583,Ramanathapuram,1.0,-9.415
2025-05-05 05:00:00,583,Ramanathapuram,1.0,-9.415
2025-05-06 19:00:00,583,Ramanathapuram,4.5,-9.445
2025-05-06 20:00:00,583,Ramanathapuram,10.666666666666666,-9.445
2025-05-06 21:00:00,583,Ramanathapuram,1.3333333333333333,-9.445
2025-05-06 22:00:00,583,Ramanathapuram,0.5,-9.415
2025-05-07 05:00:00,583,Ramanathapuram,0.5,-9.415
2025-05-09 17:00:00,583,Ramanathapuram,0.5,-9.51
2025-05-11 13:00:00,583,Ramanathapuram,0.5,-9.505
2025-05-14 17:00:00,583,Ramanathapuram,0.5,-3.47
2025-05-14 18:00:00,583,Ramanathapuram,17.75,-3.47
2025-05-14 19:00:00,583,Ramanathapuram,13.0,-3.47
2025-05-14 20:00:00,583,Ramanathapuram,2.5,-3.47
2025-05-14 21:00:00,583,Ramanathapuram,0.5,-3.47
2025-05-15 20:00:00,583,Ramanathapuram,4.5,-9.52
2025-05-15 21:00:00,583,Ramanathapuram,0.75,-9.52
2025-05-16 20:00:00,583,Ramanathapuram,1.5,-9.555
2025-05-17 08:00:00,583,Ramanathapuram,0.5,-9.485
2025-05-17 08:30:00,583,Ramanathapuram,1.0,-9.485
2025-05-17 09:00:00,583,Ramanathapuram,0.9,-9.485
2025-05-17 10:00:00,583,Ramanathapuram,0.5,-9.5
2025-05-17 13:00:00,583,Ramanathapuram,0.5,-9.5
2025-05-17 23:30:00,583,Ramanathapuram,4.0,-9.495
2025-05-18 00:00:00,583,Ramanathapuram,7.0,-9.495
2025-05-18 00:30:00,583,Ramanathapuram,0.5,-9.495
2025-05-18 02:00:00,583,Ramanathapuram,5.375,-9.495
2025-05-18 03:00:00,583,Ramanathapuram,1.1666666666666667,-9.495
2025-05-18 03:30:00,583,Ramanathapuram,2.0,-9.485
2025-05-18 04:00:00,583,Ramanathapuram,1.5,-9.485
2025-05-18 05:00:00,583,Ramanathapuram,0.5,-9.485
2025-05-18 05:30:00,583,Ramanathapuram,0.5,-9.485
2025-05-18 06:00:00,583,Ramanathapuram,0.5,-9.485
2025-05-18 07:00:00,583,Ramanathapuram,0.5,-9.485
2025-05-18 09:00:00,583,Ramanathapuram,0.5,-9.485
2025-05-18 18:00:00,583,Ramanathapuram,0.5,-9.55
2025-05-18 20:00:00,583,Ramanathapuram,19.5,-9.55
2025-05-18 21:00:00,583,Ramanathapuram,8.5,-9.55
2025-05-19 02:30:00,583,Ramanathapuram,33.5,-9.485
2025-05-19 03:00:00,583,Ramanathapuram,19.25,-9.485
2025-05-19 03:30:00,583,Ramanathapuram,4.0,-9.485
2025-05-19 04:00:00,583,Ramanathapuram,1.5,-9.485
2025-05-19 04:30:00,583,Ramanathapuram,0.5,-9.485
2025-05-19 05:00:00,583,Ramanathapuram,0.5,-9.485
2025-05-19 05:30:00,583,Ramanathapuram,0.5,-9.485
2025-05-19 06:00:00,583,Ramanathapuram,0.5,-9.485
2025-05-19 07:00:00,583,Ramanathapuram,0.5,-9.485
2025-05-19 14:00:00,583,Ramanathapuram,1.0,-9.5
2025-05-19 20:00:00,583,Ramanathapuram,0.5,-9.525
2025-05-20 23:00:00,583,Ramanathapuram,0.5,-9.495
2025-05-30 10:00:00,583,Ramanathapuram,3.5,-9.65
2025-05-30 11:00:00,583,Ramanathapuram,4.0,-9.65
2025-06-04 17:00:00,583,Ramanathapuram,21.5,-9.745
2025-06-04 18:00:00,583,Ramanathapuram,0.5,-9.745
2025-06-04 19:00:00,583,Ramanathapuram,0.5,-9.745
2025-06-10 00:00:00,583,Ramanathapuram,0.5,-9.785
2025-06-10 18:00:00,583,Ramanathapuram,8.0,-9.78
2025-06-10 19:00:00,583,Ramanathapuram,0.5,-9.78
2025-06-10 20:00:00,583,Ramanathapuram,0.5,-9.78
2025-06-10 21:00:00,583,Ramanathapuram,0.5,-9.78
2025-06-11 04:00:00,583,Ramanathapuram,0.5,-9.775
2025-06-11 14:00:00,583,Ramanathapuram,0.5,-9.785
2025-06-11 16:00:00,583,Ramanathapuram,3.5,-9.785
2025-06-11 17:00:00,583,Ramanathapuram,7.5,-9.785
2025-06-11 18:00:00,583,Ramanathapuram,7.0,-9.785
2025-06-11 19:00:00,583,Ramanathapuram,3.5,-9.785
2025-06-13 16:00:00,583,Ramanathapuram,0.5,-3.69
2025-06-14 18:00:00,583,Ramanathapuram,0.5,-9.845
2025-06-15 22:00:00,583,Ramanathapuram,0.5,-9.865
2025-06-22 16:00:00,583,Ramanathapuram,17.0,-9.995
2025-06-22 17:00:00,583,Ramanathapuram,7.5,-9.995
2025-06-22 18:00:00,583,Ramanathapuram,5.25,-9.995
2025-06-22 19:00:00,583,Ramanathapuram,1.0,-9.995
2025-06-22 20:00:00,583,Ramanathapuram,0.5,-9.995
2025-06-22 21:00:00,583,Ramanathapuram,0.5,-9.995
2025-07-11 16:00:00,583,Ramanathapuram,0.5,-10.155
2025-07-11 17:00:00,583,Ramanathapuram,1.0,-10.155
2025-07-15 20:00:00,583,Ramanathapuram,2.5,-10.305
2025-07-16 15:00:00,583,Ramanathapuram,5.5,-10.275
2025-07-16 16:00:00,583,Ramanathapuram,1.0,-10.295000000000002
2025-07-16 17:00:00,583,Ramanathapuram,1.3333333333333333,-10.295000000000002
2025-07-23 08:00:00,583,Ramanathapuram,0.5,-10.365
2025-07-23 17:00:00,583,Ramanathapuram,4.5,-10.425
2025-07-31 19:00:00,583,Ramanathapuram,1.0,-10.465
2025-08-01 20:00:00,583,Ramanathapuram,15.25,-10.47
2025-08-01 21:00:00,583,Ramanathapuram,3.333333333333333,-10.47
2025-08-01 22:00:00,583,Ramanathapuram,5.5,-10.47
2025-08-01 23:00:00,583,Ramanathapuram,0.5,-10.47
2025-08-02 03:00:00,583,Ramanathapuram,0.5,-10.47
2025-08-02 09:00:00,583,Ramanathapuram,0.5,-10.48
2025-08-02 15:00:00,583,Ramanathapuram,0.5,-10.495
2025-08-02 17:00:00,583,Ramanathapuram,17.5,-10.49
2025-08-02 18:00:00,583,Ramanathapuram,2.25,-10.49
2025-08-02 19:00:00,583,Ramanathapuram,6.5,-10.49
2025-08-02 22:00:00,583,Ramanathapuram,10.5,-10.485
2025-08-02 23:00:00,583,Ramanathapuram,1.5,-10.485
2025-08-03 01:00:00,583,Ramanathapuram,1.0,-10.485
2025-08-03 02:00:00,583,Ramanathapuram,1.25,-10.485
2025-08-03 03:00:00,583,Ramanathapuram,0.625,-10.485
2025-08-03 14:00:00,583,Ramanathapuram,0.5,-10.51
2025-08-03 15:00:00,583,Ramanathapuram,1.0,-10.51
2025-08-04 14:00:00,583,Ramanathapuram,11.5,-10.485
2025-08-04 15:00:00,583,Ramanathapuram,6.75,-10.485
2025-08-04 16:00:00,583,Ramanathapuram,26.5,-10.475
2025-08-05 13:00:00,583,Ramanathapuram,1.0,-10.475
2025-08-05 14:00:00,583,Ramanathapuram,3.0,-10.475
2025-08-05 15:00:00,583,Ramanathapuram,0.5,-10.475
2025-08-05 16:00:00,583,Ramanathapuram,0.5,-10.46
2025-08-05 19:00:00,583,Ramanathapuram,0.5,-10.46
2025-08-05 20:00:00,583,Ramanathapuram,0.5,-10.46
2025-08-06 00:00:00,583,Ramanathapuram,0.5,-10.45
2025-08-06 08:00:00,583,Ramanathapuram,0.5,-10.45
2025-08-06 14:00:00,583,Ramanathapuram,0.5,-10.5
2025-08-06 22:00:00,583,Ramanathapuram,0.5,-10.445
2025-08-07 10:00:00,583,Ramanathapuram,0.5,-10.44
2025-08-07 17:00:00,583,Ramanathapuram,0.5,-10.455000000000002
2025-08-08 06:00:00,583,Ramanathapuram,0.5,-10.43
2025-08-08 14:00:00,583,Ramanathapuram,2.5,-10.46
2025-08-08 15:00:00,583,Ramanathapuram,0.5,-10.46
2025-08-09 03:00:00,583,Ramanathapuram,0.5,-10.44
2025-08-09 08:00:00,583,Ramanathapuram,1.5,-10.425
2025-08-09 15:00:00,583,Ramanathapuram,0.5,-10.445
2025-08-09 16:00:00,583,Ramanathapuram,3.5,-10.48
2025-08-09 17:00:00,583,Ramanathapuram,2.5,-10.48
2025-08-10 07:00:00,583,Ramanathapuram,0.5,-10.475
2025-08-11 00:00:00,583,Ramanathapuram,0.5,-10.445
2025-08-11 06:00:00,583,Ramanathapuram,0.5,-10.455
2025-08-11 07:00:00,583,Ramanathapuram,0.5,-10.455
2025-08-11 08:00:00,583,Ramanathapuram,1.5,-10.455
2025-08-11 09:00:00,583,Ramanathapuram,1.5,-10.455
2025-08-11 12:00:00,583,Ramanathapuram,0.5,-10.48
2025-08-11 13:00:00,583,Ramanathapuram,0.5,-10.48
2025-08-11 19:00:00,583,Ramanathapuram,0.5,-10.46
2025-08-12 11:00:00,583,Ramanathapuram,0.5,-10.48
2025-08-12 17:00:00,583,Ramanathapuram,3.0,-10.445
2025-08-13 05:00:00,583,Ramanathapuram,0.5,-10.435
2025-08-13 21:00:00,583,Ramanathapuram,0.5,-10.45
2025-08-14 18:00:00,583,Ramanathapuram,0.5,-10.43
2025-08-15 17:00:00,583,Ramanathapuram,0.5,-10.5
2025-08-15 18:00:00,583,Ramanathapuram,0.5,-10.5
2025-08-21 14:45:00,583,Ramanathapuram,2.0,-10.595
2025-08-21 15:00:00,583,Ramanathapuram,2.0,-10.595
2025-08-21 16:15:00,583,Ramanathapuram,2.5,-10.625
2025-08-21 17:00:00,583,Ramanathapuram,2.5,-10.625
2025-08-21 17:10:00,583,Ramanathapuram,2.5,-10.625
2025-08-21 17:15:00,583,Ramanathapuram,2.5,-10.625
2025-08-21 18:00:00,583,Ramanathapuram,2.5,-10.625
2025-08-21 18:20:00,583,Ramanathapuram,2.5,-10.625
2025-08-21 19:00:00,583,Ramanathapuram,2.5,-10.625
2025-08-21 19:20:00,583,Ramanathapuram,1.5,-10.625
2025-08-21 20:00:00,583,Ramanathapuram,1.5,-10.625
2025-08-22 08:15:00,583,Ramanathapuram,2.5,-10.565
2025-08-22 09:00:00,583,Ramanathapuram,2.5,-10.565
2025-08-22 14:00:00,583,Ramanathapuram,0.5,-10.575
2025-08-22 17:00:00,583,Ramanathapuram,17.0,-10.585
2025-08-23 14:00:00,583,Ramanathapuram,0.8333333333333334,-10.585
2025-08-23 15:00:00,583,Ramanathapuram,10.0,-10.585
2025-08-23 16:00:00,583,Ramanathapuram,1.75,-10.645
2025-08-23 19:00:00,583,Ramanathapuram,30.5,-10.645
2025-08-23 20:00:00,583,Ramanathapuram,3.0,-10.645
2025-08-23 21:00:00,583,Ramanathapuram,0.5,-10.645
2025-08-24 20:00:00,583,Ramanathapuram,0.5,-10.61
2025-08-24 21:00:00,583,Ramanathapuram,19.5,-10.61
2025-08-24 22:00:00,583,Ramanathapuram,3.5,-10.585
2025-08-27 16:00:00,583,Ramanathapuram,0.5,-10.63
2025-08-27 17:00:00,583,Ramanathapuram,0.5,-10.63
2025-09-01 16:00:00,583,Ramanathapuram,4.5,-10.7
2025-09-01 17:00:00,583,Ramanathapuram,10.0,-10.7
2025-09-01 18:00:00,583,Ramanathapuram,2.5,-10.7
2025-09-01 22:00:00,583,Ramanathapuram,9.5,-10.675
2025-09-05 17:00:00,583,Ramanathapuram,3.25,-10.735
2025-09-05 19:00:00,583,Ramanathapuram,1.0,-10.735
2025-09-05 20:00:00,583,Ramanathapuram,0.5,-10.735
2025-09-06 14:00:00,583,Ramanathapuram,0.5,-10.755
2025-09-06 16:00:00,583,Ramanathapuram,2.0,-10.73
2025-09-06 19:00:00,583,Ramanathapuram,15.5,-10.73
2025-09-06 20:00:00,583,Ramanathapuram,3.0,-10.73
2025-09-06 21:00:00,583,Ramanathapuram,1.0,-10.73
2025-09-07 14:00:00,583,Ramanathapuram,6.5,-10.72
2025-09-07 15:00:00,583,Ramanathapuram,12.0,-10.72
2025-09-07 18:00:00,583,Ramanathapuram,0.5,-10.73
2025-09-07 19:00:00,583,Ramanathapuram,1.0,-10.73
2025-09-07 20:00:00,583,Ramanathapuram,0.5,-10.73
2025-09-08 03:30:00,583,Ramanathapuram,0.5,-10.71
2025-09-08 04:00:00,583,Ramanathapuram,1.0,-10.71
2025-09-08 05:00:00,583,Ramanathapuram,0.5,-10.71
2025-09-08 06:00:00,583,Ramanathapuram,0.5,-10.71
2025-09-08 07:00:00,583,Ramanathapuram,0.5,-10.71
2025-09-08 09:00:00,583,Ramanathapuram,0.5,-10.71
2025-09-08 16:00:00,583,Ramanathapuram,3.0,-10.76
2025-09-08 17:00:00,583,Ramanathapuram,4.5,-10.76
2025-09-09 14:00:00,583,Ramanathapuram,34.0,-10.725
2025-09-09 15:00:00,583,Ramanathapuram,11.25,-10.725
2025-09-09 16:00:00,583,Ramanathapuram,1.0,-10.725
2025-09-10 13:00:00,583,Ramanathapuram,6.5,-10.72
2025-09-10 14:00:00,583,Ramanathapuram,0.5,-10.72
2025-09-10 15:00:00,583,Ramanathapuram,41.0,-10.72
2025-09-10 16:00:00,583,Ramanathapuram,1.0,-10.735
2025-09-10 17:00:00,583,Ramanathapuram,0.5,-10.735
2025-09-12 16:00:00,583,Ramanathapuram,2.5,-10.755
2025-09-16 17:00:00,583,Ramanathapuram,2.0,-10.725
2025-09-16 18:00:00,583,Ramanathapuram,32.5,-10.725
2025-09-17 11:00:00,583,Ramanathapuram,0.5,-10.74
2025-09-17 11:30:00,583,Ramanathapuram,1.5,-10.74
2025-09-17 12:00:00,583,Ramanathapuram,4.0,-10.74
2025-09-17 12:30:00,583,Ramanathapuram,2.0,-10.74
2025-09-17 13:00:00,583,Ramanathapuram,2.0,-10.74
2025-09-17 14:00:00,583,Ramanathapuram,31.0,-10.74
2025-09-17 14:30:00,583,Ramanathapuram,0.5,-10.74
2025-09-17 15:00:00,583,Ramanathapuram,0.5,-10.74
2025-09-18 16:00:00,583,Ramanathapuram,4.5,-10.785
2025-09-18 17:00:00,583,Ramanathapuram,11.25,-10.785
2025-09-20 18:00:00,583,Ramanathapuram,0.5,-10.79
2025-09-21 00:00:00,583,Ramanathapuram,1.5,-10.755
2025-09-22 16:00:00,583,Ramanathapuram,1.0,-10.83
2025-09-22 18:00:00,583,Ramanathapuram,0.5,-10.83
2025-09-22 19:00:00,583,Ramanathapuram,3.5,-10.83
2025-09-23 16:00:00,583,Ramanathapuram,2.5,-10.86
2025-09-23 17:00:00,583,Ramanathapuram,3.0,-10.86
2025-09-23 18:00:00,583,Ramanathapuram,0.5,-10.86
2025-09-25 15:00:00,583,Ramanathapuram,3.5,-10.855
2025-09-25 16:00:00,583,Ramanathapuram,0.5,-10.89
2025-09-25 17:00:00,583,Ramanathapuram,3.25,-10.89
2025-09-25 18:00:00,583,Ramanathapuram,1.5,-10.89
2025-10-03 20:00:00,583,Ramanathapuram,6.0,-11.055
2025-10-04 10:30:00,583,Ramanathapuram,1.0,-11.03
2025-10-04 11:00:00,583,Ramanathapuram,2.0,-11.03
2025-10-04 12:00:00,583,Ramanathapuram,1.0,-11.03
2025-10-04 12:30:00,583,Ramanathapuram,0.5,-11.03
2025-10-04 13:00:00,583,Ramanathapuram,0.5,-11.03
2025-10-04 20:00:00,583,Ramanathapuram,2.0,-11.1
2025-10-05 15:00:00,583,Ramanathapuram,0.75,-11.06
2025-10-05 16:00:00,583,Ramanathapuram,0.5,-11.09
2025-10-05 17:00:00,583,Ramanathapuram,2.0,-11.09
2025-10-05 18:00:00,583,Ramanathapuram,9.5,-11.09
2025-10-05 19:00:00,583,Ramanathapuram,1.5,-11.09
2025-10-06 13:00:00,583,Ramanathapuram,32.0,-11.05
2025-10-16 00:00:00,583,Ramanathapuram,0.5,-10.4395
2025-10-16 01:30:00,583,Ramanathapuram,2.0,-10.4395
2025-10-16 02:00:00,583,Ramanathapuram,2.0,-10.4395
2025-10-16 03:00:00,583,Ramanathapuram,0.5,-10.4395
2025-10-16 03:30:00,583,Ramanathapuram,8.5,-10.4395
2025-10-16 04:00:00,583,Ramanathapuram,8.25,-10.4395
2025-10-16 04:30:00,583,Ramanathapuram,0.5,-10.4395
2025-10-16 05:00:00,583,Ramanathapuram,0.75,-10.4395
2025-10-16 06:00:00,583,Ramanathapuram,3.5,-10.4395
2025-10-16 06:30:00,583,Ramanathapuram,2.0,-10.4395
2025-10-16 07:00:00,583,Ramanathapuram,5.75,-10.4395
2025-10-16 07:30:00,583,Ramanathapuram,2.5,-10.4395
2025-10-16 08:00:00,583,Ramanathapuram,7.0,-10.4395
2025-10-16 08:30:00,583,Ramanathapuram,3.0,-10.4395
2025-10-16 09:00:00,583,Ramanathapuram,8.642857142857142,-10.4395
2025-10-16 10:00:00,583,Ramanathapuram,2.5,-10.4395
2025-10-16 11:00:00,583,Ramanathapuram,2.375,-10.4395
2025-10-16 12:00:00,583,Ramanathapuram,4.5,-10.4395
2025-10-16 13:00:00,583,Ramanathapuram,2.75,-10.4395
2025-10-16 14:00:00,583,Ramanathapuram,2.5,-10.4395
2025-10-16 15:00:00,583,Ramanathapuram,2.0,-10.4395
2025-10-16 16:00:00,583,Ramanathapuram,1.5,-10.4395
2025-10-16 16:30:00,583,Ramanathapuram,2.0,-10.4395
2025-10-16 17:00:00,583,Ramanathapuram,3.0,-10.4395
2025-10-16 17:30:00,583,Ramanathapuram,1.0,-10.4395
2025-10-16 18:00:00,583,Ramanathapuram,1.0,-10.4395
2025-10-16 19:00:00,583,Ramanathapuram,0.75,-10.4395
2025-10-16 20:00:00,583,Ramanathapuram,0.5,-10.4395
2025-10-16 21:00:00,583,Ramanathapuram,0.5,-10.4395
2025-10-16 22:00:00,583,Ramanathapuram,0.5,-10.4395
2025-10-17 00:00:00,583,Ramanathapuram,0.5,-10.4395
2025-10-17 03:00:00,583,Ramanathapuram,0.5,-10.4395
2025-10-17 05:00:00,583,Ramanathapuram,1.0,-10.4395
2025-10-17 06:00:00,583,Ramanathapuram,0.5,-10.4395
2025-10-17 07:00:00,583,Ramanathapuram,2.0,-10.4395
2025-10-17 08:00:00,583,Ramanathapuram,0.5,-10.4395
2025-10-17 09:00:00,583,Ramanathapuram,1.0,-10.4395
2025-10-17 10:00:00,583,Ramanathapuram,1.5,-10.4395
2025-10-17 11:00:00,583,Ramanathapuram,15.5,-10.4395
2025-10-17 12:00:00,583,Ramanathapuram,16.0,-10.4395
2025-10-17 15:00:00,583,Ramanathapuram,0.5,-10.4395
2025-10-17 17:00:00,583,Ramanathapuram,1.5,-10.4395
2025-10-17 18:00:00,583,Ramanathapuram,14.5,-10.4395
2025-10-17 19:00:00,583,Ramanathapuram,5.5,-10.4395
2025-10-17 21:00:00,583,Ramanathapuram,3.75,-10.4395
2025-10-17 22:00:00,583,Ramanathapuram,1.3333333333333333,-10.4395
2025-10-17 22:30:00,583,Ramanathapuram,7.5,-10.4395
2025-10-17 23:00:00,583,Ramanathapuram,13.125,-10.4395
2025-10-17 23:30:00,583,Ramanathapuram,2.5,-10.4395
2025-10-18 00:00:00,583,Ramanathapuram,4.0,-10.4395
2025-10-18 01:00:00,583,Ramanathapuram,6.6,-10.4395
2025-10-18 02:00:00,583,Ramanathapuram,1.875,-10.4395
2025-10-18 03:00:00,583,Ramanathapuram,0.6666666666666666,-10.4395
2025-10-18 08:00:00,583,Ramanathapuram,0.5,-10.4395
2025-10-18 09:00:00,583,Ramanathapuram,1.0,-10.4395
2025-10-18 11:00:00,583,Ramanathapuram,0.75,-10.4395
2025-10-18 11:30:00,583,Ramanathapuram,0.5,-10.4395
2025-10-18 12:00:00,583,Ramanathapuram,5.0,-10.4395
2025-10-18 12:30:00,583,Ramanathapuram,0.5,-10.4395
2025-10-18 13:00:00,583,Ramanathapuram,1.25,-10.4395
2025-10-18 14:00:00,583,Ramanathapuram,4.5,-10.4395
2025-10-18 15:00:00,583,Ramanathapuram,8.0,-10.4395
2025-10-18 16:00:00,583,Ramanathapuram,2.0,-10.4395
2025-10-18 19:00:00,583,Ramanathapuram,0.5,-10.4395
2025-10-18 23:00:00,583,Ramanathapuram,0.5,-10.4395
2025-10-19 00:00:00,583,Ramanathapuram,26.0,-10.4395
2025-10-19 00:30:00,583,Ramanathapuram,7.5,-10.4395
2025-10-19 01:00:00,583,Ramanathapuram,6.0,-10.4395
2025-10-19 01:30:00,583,Ramanathapuram,2.0,-10.4395
2025-10-19 02:00:00,583,Ramanathapuram,15.166666666666666,-10.4395
2025-10-19 02:30:00,583,Ramanathapuram,21.5,-10.4395
2025-10-19 03:00:00,583,Ramanathapuram,14.5,-10.4395
2025-10-19 03:30:00,583,Ramanathapuram,0.5,-10.4395
2025-10-19 04:00:00,583,Ramanathapuram,4.6,-10.4395
2025-10-19 04:30:00,583,Ramanathapuram,1.0,-10.4395
2025-10-19 05:00:00,583,Ramanathapuram,1.1666666666666667,-10.4395
2025-10-19 06:00:00,583,Ramanathapuram,0.5,-10.4395
2025-10-19 08:00:00,583,Ramanathapuram,0.5,-10.4395
2025-10-19 09:00:00,583,Ramanathapuram,0.5,-10.4395
2025-10-19 10:00:00,583,Ramanathapuram,1.0,-10.4395
2025-10-19 11:00:00,583,Ramanathapuram,0.5,-10.4395
2025-10-19 13:00:00,583,Ramanathapuram,41.5,-10.4395
2025-10-19 14:00:00,583,Ramanathapuram,80.0,-10.4395
2025-10-19 15:00:00,583,Ramanathapuram,6.0,-10.4395
2025-10-19 16:00:00,583,Ramanathapuram,34.0,-10.4395
2025-10-19 23:00:00,583,Ramanathapuram,2.0,-10.4395
2025-10-19 23:30:00,583,Ramanathapuram,3.0,-10.4395
2025-10-20 00:00:00,583,Ramanathapuram,6.75,-10.4395
2025-10-20 00:30:00,583,Ramanathapuram,0.5,-10.4395
2025-10-20 01:00:00,583,Ramanathapuram,4.833333333333333,-10.4395
2025-10-20 02:00:00,583,Ramanathapuram,3.25,-10.4395
2025-10-20 03:00:00,583,Ramanathapuram,3.6666666666666665,-10.4395
2025-10-20 04:00:00,583,Ramanathapuram,14.5,-10.4395
2025-10-20 04:30:00,583,Ramanathapuram,3.0,-10.4395
2025-10-20 05:00:00,583,Ramanathapuram,3.8333333333333335,-10.4395
2025-10-20 05:30:00,583,Ramanathapuram,3.5,-10.4395
2025-10-20 06:00:00,583,Ramanathapuram,2.0,-10.4395
2025-10-20 07:00:00,583,Ramanathapuram,0.75,-10.4395
2025-10-20 07:30:00,583,Ramanathapuram,5.5,-10.4395
2025-10-20 08:00:00,583,Ramanathapuram,9.25,-10.4395
2025-10-20 08:30:00,583,Ramanathapuram,0.5,-10.4395
2025-10-20 09:00:00,583,Ramanathapuram,0.5,-10.4395
2025-10-20 10:00:00,583,Ramanathapuram,0.5,-10.4395
2025-10-20 10:30:00,583,Ramanathapuram,0.5,-10.4395
2025-10-20 11:00:00,583,Ramanathapuram,0.5,-10.4395
2025-10-20 12:30:00,583,Ramanathapuram,1.0,-10.4395
2025-10-20 13:00:00,583,Ramanathapuram,1.25,-10.4395
2025-10-20 14:00:00,583,Ramanathapuram,2.5,-10.4395
2025-10-20 14:30:00,583,Ramanathapuram,0.5,-10.4395
2025-10-20 15:00:00,583,Ramanathapuram,1.0,-10.4395
2025-10-20 15:30:00,583,Ramanathapuram,6.5,-10.4395
2025-10-20 16:00:00,583,Ramanathapuram,2.75,-10.4395
2025-10-20 16:30:00,583,Ramanathapuram,1.0,-10.4395
2025-10-20 17:00:00,583,Ramanathapuram,1.5,-10.4395
2025-10-20 17:30:00,583,Ramanathapuram,1.0,-10.4395
2025-10-20 18:00:00,583,Ramanathapuram,0.75,-10.4395
2025-10-20 18:30:00,583,Ramanathapuram,0.5,-10.4395
2025-10-20 19:00:00,583,Ramanathapuram,7.5,-10.4395
2025-10-20 19:30:00,583,Ramanathapuram,1.5,-10.4395
2025-10-20 20:00:00,583,Ramanathapuram,1.0,-10.4395
2025-10-21 00:00:00,583,Ramanathapuram,3.333333333333333,-10.4395
2025-10-21 00:30:00,583,Ramanathapuram,1.0,-10.4395
2025-10-21 01:00:00,583,Ramanathapuram,2.0,-10.4395
2025-10-21 01:30:00,583,Ramanathapuram,10.0,-10.4395
2025-10-21 02:00:00,583,Ramanathapuram,7.5,-10.4395
2025-10-21 02:30:00,583,Ramanathapuram,5.0,-10.4395
2025-10-21 03:00:00,583,Ramanathapuram,3.75,-10.4395
2025-10-21 03:30:00,583,Ramanathapuram,0.5,-10.4395
2025-10-21 04:00:00,583,Ramanathapuram,1.5,-10.4395
2025-10-21 04:30:00,583,Ramanathapuram,0.5,-10.4395
2025-10-21 05:00:00,583,Ramanathapuram,2.833333333333333,-10.4395
2025-10-21 05:30:00,583,Ramanathapuram,8.5,-10.4395
2025-10-21 06:00:00,583,Ramanathapuram,7.2,-10.4395
2025-10-21 06:30:00,583,Ramanathapuram,11.5,-10.4395
2025-10-21 07:00:00,583,Ramanathapuram,5.083333333333333,-10.4395
2025-10-21 07:30:00,583,Ramanathapuram,2.0,-10.4395
2025-10-21 08:00:00,583,Ramanathapuram,2.6666666666666665,-10.4395
2025-10-21 08:30:00,583,Ramanathapuram,1.0,-10.4395
2025-10-21 09:00:00,583,Ramanathapuram,8.25,-10.4395
2025-10-21 09:30:00,583,Ramanathapuram,9.5,-10.4395
2025-10-21 10:00:00,583,Ramanathapuram,5.0,-10.4395
2025-10-21 10:30:00,583,Ramanathapuram,2.5,-10.4395
2025-10-21 11:00:00,583,Ramanathapuram,2.75,-10.4395
2025-10-21 12:00:00,583,Ramanathapuram,2.9,-10.4395
2025-10-21 13:00:00,583,Ramanathapuram,1.9166666666666667,-10.4395
2025-10-21 13:30:00,583,Ramanathapuram,1.0,-10.4395
2025-10-21 14:00:00,583,Ramanathapuram,4.0,-10.4395
2025-10-21 15:00:00,583,Ramanathapuram,3.2,-10.4395
2025-10-21 16:00:00,583,Ramanathapuram,4.125,-10.4395
2025-10-21 17:00:00,583,Ramanathapuram,5.0,-10.4395
2025-10-21 18:00:00,583,Ramanathapuram,1.25,-10.4395
2025-10-21 19:00:00,583,Ramanathapuram,6.75,-10.4395
2025-10-21 20:00:00,583,Ramanathapuram,2.75,-10.4395
2025-10-21 21:00:00,583,Ramanathapuram,0.5,-10.4395
2025-10-21 21:30:00,583,Ramanathapuram,3.0,-10.4395
2025-10-21 22:00:00,583,Ramanathapuram,2.5,-10.4395
2025-10-21 23:00:00,583,Ramanathapuram,1.25,-10.4395
2025-10-22 00:00:00,583,Ramanathapuram,15.0,-10.4395
2025-10-22 01:00:00,583,Ramanathapuram,9.5,-10.4395
2025-10-22 02:00:00,583,Ramanathapuram,0.5,-10.4395
2025-10-22 03:00:00,583,Ramanathapuram,0.5,-10.4395
2025-10-22 06:00:00,583,Ramanathapuram,0.5,-10.4395
2025-10-22 08:00:00,583,Ramanathapuram,1.5,-10.4395
2025-10-22 10:00:00,583,Ramanathapuram,3.5,-10.4395
2025-10-22 12:00:00,583,Ramanathapuram,1.0,-10.4395
2025-10-22 13:00:00,583,Ramanathapuram,33.0,-10.4395
2025-10-22 14:00:00,583,Ramanathapuram,163.0,-10.4395
2025-10-22 15:00:00,583,Ramanathapuram,89.0,-10.4395
2025-10-22 16:00:00,583,Ramanathapuram,15.0,-10.4395
2025-10-22 18:00:00,583,Ramanathapuram,5.5,-10.4395
2025-10-22 19:00:00,583,Ramanathapuram,0.5,-10.4395
2025-10-22 20:00:00,583,Ramanathapuram,35.0,-10.4395
2025-10-22 21:00:00,583,Ramanathapuram,18.5,-10.4395
2025-10-22 22:00:00,583,Ramanathapuram,4.5,-10.4395
2025-10-22 23:00:00,583,Ramanathapuram,5.5,-10.4395
2025-10-23 00:00:00,583,Ramanathapuram,4.0,-10.4395
2025-10-23 01:00:00,583,Ramanathapuram,12.0,-10.4395
2025-10-23 02:00:00,583,Ramanathapuram,10.5,-10.4395
2025-10-23 03:00:00,583,Ramanathapuram,1.0,-10.4395
2025-10-23 04:00:00,583,Ramanathapuram,1.0,-10.4155
2025-10-23 08:00:00,583,Ramanathapuram,0.5,-10.4155
2025-10-23 09:00:00,583,Ramanathapuram,19.5,-10.4155
2025-10-23 10:00:00,583,Ramanathapuram,28.5,-10.4205
2025-10-23 15:00:00,583,Ramanathapuram,2.0,-10.4205
2025-10-23 16:00:00,583,Ramanathapuram,2.0,-10.41
2025-10-23 18:00:00,583,Ramanathapuram,1.0,-10.41
2025-10-23 19:00:00,583,Ramanathapuram,0.5,-10.41
2025-10-23 23:00:00,583,Ramanathapuram,0.5,-10.4125
2025-10-24 00:00:00,583,Ramanathapuram,1.0,-10.4125
2025-10-24 01:00:00,583,Ramanathapuram,1.0,-10.4125
2025-10-24 06:00:00,583,Ramanathapuram,0.5,-10.3915
2025-10-24 10:00:00,583,Ramanathapuram,0.5,-10.41
2025-10-24 17:00:00,583,Ramanathapuram,6.5,-10.384
2025-10-24 18:00:00,583,Ramanathapuram,2.5,-10.384
2025-10-24 19:00:00,583,Ramanathapuram,0.8333333333333334,-10.384
2025-10-24 20:00:00,583,Ramanathapuram,0.5,-10.384
2025-10-25 06:00:00,583,Ramanathapuram,0.5,-16.647
2025-10-25 08:00:00,583,Ramanathapuram,0.5,-16.647
2025-10-25 11:00:00,583,Ramanathapuram,0.5,-16.65
2025-10-25 12:00:00,583,Ramanathapuram,1.5,-16.65
2025-10-25 13:00:00,583,Ramanathapuram,1.5,-16.65
2025-10-25 14:00:00,583,Ramanathapuram,0.5,-16.65
2025-10-25 15:00:00,583,Ramanathapuram,119.5,-16.65
2025-10-25 16:00:00,583,Ramanathapuram,3.0,-16.65
2025-10-25 17:00:00,583,Ramanathapuram,109.0,-16.65
2025-10-25 18:00:00,583,Ramanathapuram,5.0,-16.65
2025-10-25 19:00:00,583,Ramanathapuram,0.5,-10.354500000000002
2025-10-26 01:00:00,583,Ramanathapuram,2.0,-10.354500000000002
2025-10-26 03:00:00,583,Ramanathapuram,0.5,-10.354500000000002
2025-10-26 06:00:00,583,Ramanathapuram,5.5,-10.341
2025-10-26 17:00:00,583,Ramanathapuram,0.5,-10.3655
2025-10-26 18:00:00,583,Ramanathapuram,8.0,-10.3655
2025-10-26 19:00:00,583,Ramanathapuram,0.5,-10.3655
2025-10-26 20:00:00,583,Ramanathapuram,3.0,-10.3655
2025-10-27 01:00:00,583,Ramanathapuram,0.5,-10.334499999999998
2025-10-27 09:00:00,583,Ramanathapuram,0.5,-10.323
2025-10-27 10:00:00,583,Ramanathapuram,0.5,-10.3275
2025-10-28 01:00:00,583,Ramanathapuram,0.5,-10.3225
2025-10-28 02:00:00,583,Ramanathapuram,0.5,-10.3225
2025-10-28 09:00:00,583,Ramanathapuram,5.0,-10.311
2025-10-28 10:00:00,583,Ramanathapuram,8.0,-10.309
2025-10-29 10:00:00,583,Ramanathapuram,0.5,-10.311
2025-10-30 07:00:00,583,Ramanathapuram,1.0,-10.2945
2025-10-30 08:00:00,583,Ramanathapuram,0.5,-10.2945
2025-10-30 10:00:00,583,Ramanathapuram,1.5,-10.316
2025-10-31 03:00:00,583,Ramanathapuram,0.5,-10.297
2025-10-31 06:00:00,583,Ramanathapuram,0.5,-10.289
2025-10-31 07:00:00,583,Ramanathapuram,0.5,-10.289
2025-10-31 08:00:00,583,Ramanathapuram,0.5,-10.289
2025-10-31 10:00:00,583,Ramanathapuram,0.5,-10.2795
2025-10-31 11:00:00,583,Ramanathapuram,1.0,-10.2795
2025-10-31 12:00:00,583,Ramanathapuram,0.5,-10.2795
2025-10-31 13:00:00,583,Ramanathapuram,2.0,-10.2795
2025-10-31 15:00:00,583,Ramanathapuram,0.5,-10.2795
2025-10-31 16:00:00,583,Ramanathapuram,1.0,-10.316
2025-11-01 09:00:00,583,Ramanathapuram,0.5,-10.272
2025-11-01 10:00:00,583,Ramanathapuram,0.5,-10.2685
2025-11-01 11:00:00,583,Ramanathapuram,0.5,-10.2685
2025-11-01 12:00:00,583,Ramanathapuram,0.5,-10.2685
2025-11-01 13:00:00,583,Ramanathapuram,0.5,-10.2685
2025-11-01 14:00:00,583,Ramanathapuram,2.5,-10.2685
2025-11-01 15:00:00,583,Ramanathapuram,2.5,-10.2685
2025-11-01 16:00:00,583,Ramanathapuram,1.0,-10.2845
2025-11-01 17:00:00,583,Ramanathapuram,0.5,-10.2845
2025-11-01 18:00:00,583,Ramanathapuram,1.0,-10.2845
2025-11-02 08:00:00,583,Ramanathapuram,1.0,-10.262
2025-11-02 09:00:00,583,Ramanathapuram,1.5,-10.262
2025-11-02 10:00:00,583,Ramanathapuram,0.5,-10.2725
2025-11-02 11:00:00,583,Ramanathapuram,1.0,-10.2725
2025-11-02 12:00:00,583,Ramanathapuram,0.5,-10.2725
2025-11-02 14:00:00,583,Ramanathapuram,3.0,-10.2725
2025-11-02 15:00:00,583,Ramanathapuram,1.5,-10.2725
2025-11-02 16:00:00,583,Ramanathapuram,13.5,-4.011
2025-11-02 17:00:00,583,Ramanathapuram,10.5,-4.011
2025-11-02 18:00:00,583,Ramanathapuram,2.0,-4.011
2025-11-02 19:00:00,583,Ramanathapuram,0.5,-4.011
2025-11-02 20:00:00,583,Ramanathapuram,1.5,-4.011
2025-11-02 21:00:00,583,Ramanathapuram,0.5,-4.011
2025-11-02 22:00:00,583,Ramanathapuram,2.0,-10.2665
2025-11-03 00:00:00,583,Ramanathapuram,1.0,-10.2665
2025-11-03 01:00:00,583,Ramanathapuram,1.5,-10.2665
2025-11-03 02:00:00,583,Ramanathapuram,3.5,-10.2665
2025-11-03 03:00:00,583,Ramanathapuram,1.0,-10.2665
2025-11-03 04:00:00,583,Ramanathapuram,4.0,-10.2475
2025-11-03 06:00:00,583,Ramanathapuram,3.0,-10.2475
2025-11-03 07:00:00,583,Ramanathapuram,4.5,-10.2475
2025-11-03 08:00:00,583,Ramanathapuram,1.0,-10.2475
2025-11-03 14:00:00,583,Ramanathapuram,6.0,-10.271
2025-11-03 15:00:00,583,Ramanathapuram,15.0,-10.271
2025-11-03 16:00:00,583,Ramanathapuram,8.0,-10.2645
2025-11-03 17:00:00,583,Ramanathapuram,1.0,-10.2645
2025-11-03 18:00:00,583,Ramanathapuram,2.0,-10.2645
2025-11-03 23:00:00,583,Ramanathapuram,2.0,-10.259
2025-11-04 00:00:00,583,Ramanathapuram,1.0,-10.259
2025-11-04 01:00:00,583,Ramanathapuram,0.5,-10.259
2025-11-04 07:00:00,583,Ramanathapuram,0.5,-10.2345
2025-11-04 08:00:00,583,Ramanathapuram,0.5,-10.2345
2025-11-04 09:00:00,583,Ramanathapuram,1.5,-10.2345
2025-11-04 10:00:00,583,Ramanathapuram,1.5,-10.25
2025-11-04 11:00:00,583,Ramanathapuram,5.5,-10.25
2025-11-04 12:00:00,583,Ramanathapuram,5.0,-10.25
2025-11-04 13:00:00,583,Ramanathapuram,5.0,-10.25
2025-11-04 14:00:00,583,Ramanathapuram,4.5,-10.25
2025-11-04 15:00:00,583,Ramanathapuram,27.5,-10.25
2025-11-04 17:00:00,583,Ramanathapuram,4.0,-10.248
2025-11-04 18:00:00,583,Ramanathapuram,20.5,-10.248
2025-11-04 19:00:00,583,Ramanathapuram,4.0,-10.248
2025-11-04 20:00:00,583,Ramanathapuram,4.5,-10.248
2025-11-04 22:00:00,583,Ramanathapuram,0.5,-10.2465
2025-11-05 05:00:00,583,Ramanathapuram,1.0,-10.2235
2025-11-05 09:00:00,583,Ramanathapuram,1.0,-10.2235
2025-11-05 10:00:00,583,Ramanathapuram,1.5,-10.26
2025-11-05 12:00:00,583,Ramanathapuram,1.0,-10.26
2025-11-05 13:00:00,583,Ramanathapuram,5.5,-10.26
2025-11-05 14:00:00,583,Ramanathapuram,3.0,-10.26
2025-11-05 15:00:00,583,Ramanathapuram,3.0,-10.26
2025-11-05 16:00:00,583,Ramanathapuram,7.0,-10.2285
2025-11-05 17:00:00,583,Ramanathapuram,1.0,-10.2285
2025-11-05 18:00:00,583,Ramanathapuram,1.0,-10.2285
2025-11-05 19:00:00,583,Ramanathapuram,0.5,-10.2285
2025-11-05 20:00:00,583,Ramanathapuram,1.5,-10.2285
2025-11-05 21:00:00,583,Ramanathapuram,0.75,-10.2285
2025-11-05 22:00:00,583,Ramanathapuram,0.5,-10.2535
2025-11-05 23:00:00,583,Ramanathapuram,0.5,-10.2535
2025-11-06 00:00:00,583,Ramanathapuram,1.0,-10.2535
2025-11-06 01:00:00,583,Ramanathapuram,0.5,-10.2535
2025-11-06 02:00:00,583,Ramanathapuram,1.0,-10.2535
2025-11-06 03:00:00,583,Ramanathapuram,0.5,-10.2535
2025-11-06 04:00:00,583,Ramanathapuram,0.5,-10.222
2025-11-06 05:00:00,583,Ramanathapuram,0.5,-10.222
2025-11-06 06:00:00,583,Ramanathapuram,1.0,-10.222
2025-11-06 07:00:00,583,Ramanathapuram,1.0,-10.222
2025-11-06 08:00:00,583,Ramanathapuram,0.5,-10.222
2025-11-06 10:00:00,583,Ramanathapuram,0.5,-10.2335
2025-11-06 13:00:00,583,Ramanathapuram,1.5,-10.2335
2025-11-06 14:00:00,583,Ramanathapuram,0.5,-10.2335
2025-11-06 16:00:00,583,Ramanathapuram,0.5,-10.215
2025-11-06 17:00:00,583,Ramanathapuram,1.0,-10.215
2025-11-07 02:00:00,583,Ramanathapuram,7.0,-10.24
2025-11-07 03:00:00,583,Ramanathapuram,39.5,-10.24
2025-11-07 05:00:00,583,Ramanathapuram,1.0,-10.214
2025-11-07 06:00:00,583,Ramanathapuram,1.5,-10.214
2025-11-07 07:00:00,583,Ramanathapuram,1.0,-10.214
2025-11-07 09:00:00,583,Ramanathapuram,0.5,-10.214
2025-11-07 12:00:00,583,Ramanathapuram,1.0,-10.217
2025-11-07 14:00:00,583,Ramanathapuram,5.75,-10.217
2025-11-07 15:00:00,583,Ramanathapuram,4.0,-10.217
2025-11-07 16:00:00,583,Ramanathapuram,0.5,-10.2405
2025-11-07 17:00:00,583,Ramanathapuram,0.5,-10.2405
2025-11-08 08:00:00,583,Ramanathapuram,1.5,-10.2055
2025-11-08 08:30:00,583,Ramanathapuram,0.5,-10.2055
2025-11-08 09:00:00,583,Ramanathapuram,0.5,-10.2055
2025-11-08 10:30:00,583,Ramanathapuram,0.5,-10.2075
2025-11-08 11:00:00,583,Ramanathapuram,0.5,-10.2075
2025-11-08 12:00:00,583,Ramanathapuram,1.5,-10.2075
2025-11-09 21:00:00,583,Ramanathapuram,0.5,-10.1845
2025-11-11 07:00:00,583,Ramanathapuram,0.5,-10.179
2025-11-11 08:00:00,583,Ramanathapuram,0.5,-10.179
2025-11-11 14:00:00,583,Ramanathapuram,8.0,-10.23
2025-11-11 18:00:00,583,Ramanathapuram,0.5,-10.1725
2025-11-11 21:00:00,583,Ramanathapuram,3.0,-10.1725
2025-11-12 13:00:00,583,Ramanathapuram,1.0,-10.1515
2025-11-12 14:00:00,583,Ramanathapuram,1.5,-10.1515
2025-11-13 00:30:00,583,Ramanathapuram,3.0,-10.154
2025-11-13 01:00:00,583,Ramanathapuram,3.5,-10.154
2025-11-13 02:00:00,583,Ramanathapuram,3.0,-10.154
2025-11-13 03:00:00,583,Ramanathapuram,4.0,-10.154
2025-11-13 05:00:00,583,Ramanathapuram,0.5,-10.146
2025-11-13 05:30:00,583,Ramanathapuram,1.5,-10.146
2025-11-13 06:00:00,583,Ramanathapuram,6.5,-10.146
2025-11-13 07:00:00,583,Ramanathapuram,21.0,-10.146
2025-11-13 08:00:00,583,Ramanathapuram,2.0,-10.146
2025-11-13 09:00:00,583,Ramanathapuram,15.5,-10.146
2025-11-13 10:00:00,583,Ramanathapuram,4.0,-10.157
2025-11-13 11:00:00,583,Ramanathapuram,0.5,-10.157
2025-11-13 11:30:00,583,Ramanathapuram,5.5,-10.157
2025-11-13 12:00:00,583,Ramanathapuram,3.0,-10.157
2025-11-13 13:00:00,583,Ramanathapuram,12.0,-10.157
2025-11-13 14:00:00,583,Ramanathapuram,7.5,-10.157
2025-11-13 14:30:00,583,Ramanathapuram,0.5,-10.157
2025-11-13 15:00:00,583,Ramanathapuram,0.5,-10.157
2025-11-13 15:30:00,583,Ramanathapuram,0.5,-10.199
2025-11-13 16:00:00,583,Ramanathapuram,9.5,-10.199
2025-11-13 16:30:00,583,Ramanathapuram,4.0,-10.199
2025-11-13 17:00:00,583,Ramanathapuram,3.5,-10.199
2025-11-13 18:00:00,583,Ramanathapuram,0.5,-10.199
2025-11-14 02:00:00,583,Ramanathapuram,0.5,-10.1435
2025-11-14 05:00:00,583,Ramanathapuram,1.0,-10.1335
2025-11-14 06:00:00,583,Ramanathapuram,5.5,-10.1335
2025-11-14 07:00:00,583,Ramanathapuram,8.5,-10.1335
2025-11-14 09:00:00,583,Ramanathapuram,5.0,-10.1335
2025-11-16 12:00:00,583,Ramanathapuram,0.5,-10.1325
2025-11-16 13:00:00,583,Ramanathapuram,3.0,-10.1325
2025-11-16 14:00:00,583,Ramanathapuram,0.5,-10.1325
2025-11-16 16:00:00,583,Ramanathapuram,3.5,-10.118
2025-11-16 16:30:00,583,Ramanathapuram,1.0,-10.118
2025-11-16 17:00:00,583,Ramanathapuram,30.5,-10.118
2025-11-16 17:30:00,583,Ramanathapuram,0.5,-10.118
2025-11-16 18:00:00,583,Ramanathapuram,2.5,-10.118
2025-11-16 19:00:00,583,Ramanathapuram,1.0,-10.118
2025-11-16 19:30:00,583,Ramanathapuram,8.0,-10.118
2025-11-16 20:00:00,583,Ramanathapuram,9.0,-10.118
2025-11-16 22:00:00,583,Ramanathapuram,0.5,-10.118
2025-11-16 22:30:00,583,Ramanathapuram,0.5,-10.118
2025-11-16 23:00:00,583,Ramanathapuram,8.0,-10.118
2025-11-16 23:30:00,583,Ramanathapuram,0.5,-10.118
2025-11-17 00:00:00,583,Ramanathapuram,3.5,-10.118
2025-11-17 00:30:00,583,Ramanathapuram,21.5,-10.118
2025-11-17 01:00:00,583,Ramanathapuram,28.0,-10.118
2025-11-17 02:00:00,583,Ramanathapuram,0.5,-10.118
2025-11-17 02:30:00,583,Ramanathapuram,6.0,-10.118
2025-11-17 03:00:00,583,Ramanathapuram,6.0,-10.118
2025-11-17 04:00:00,583,Ramanathapuram,0.5,-10.1065
2025-11-17 04:30:00,583,Ramanathapuram,0.5,-10.1065
2025-11-17 05:00:00,583,Ramanathapuram,1.0,-10.1065
2025-11-17 08:30:00,583,Ramanathapuram,0.5,-10.1065
2025-11-17 09:00:00,583,Ramanathapuram,0.5,-10.1065
2025-11-17 13:30:00,583,Ramanathapuram,1.0,-10.1095
2025-11-17 14:00:00,583,Ramanathapuram,2.5,-10.1095
2025-11-17 14:30:00,583,Ramanathapuram,2.0,-10.1095
2025-11-17 15:00:00,583,Ramanathapuram,3.5,-10.1095
2025-11-17 15:30:00,583,Ramanathapuram,1.5,-10.2985
2025-11-17 16:00:00,583,Ramanathapuram,2.0,-10.2985
2025-11-17 16:30:00,583,Ramanathapuram,0.5,-10.2985
2025-11-17 17:00:00,583,Ramanathapuram,0.75,-10.2985
2025-11-17 17:30:00,583,Ramanathapuram,0.5,-10.2985
2025-11-17 18:00:00,583,Ramanathapuram,3.8333333333333335,-10.2985
2025-11-17 19:00:00,583,Ramanathapuram,1.125,-10.2985
2025-11-17 20:00:00,583,Ramanathapuram,1.0,-10.2985
2025-11-17 21:00:00,583,Ramanathapuram,0.5,-10.2985
2025-11-17 23:00:00,583,Ramanathapuram,0.5,-10.11
2025-11-18 06:00:00,583,Ramanathapuram,0.5,-10.0885
2025-11-18 08:00:00,583,Ramanathapuram,0.5,-10.0885
2025-11-18 10:00:00,583,Ramanathapuram,0.5,-10.1015
2025-11-18 11:00:00,583,Ramanathapuram,1.0,-10.1015
2025-11-18 13:00:00,583,Ramanathapuram,1.3333333333333333,-10.1015
2025-11-18 14:00:00,583,Ramanathapuram,1.0,-10.1015
2025-11-18 15:00:00,583,Ramanathapuram,0.5,-10.1015
2025-11-18 16:00:00,583,Ramanathapuram,0.6666666666666666,-10.093
2025-11-18 17:00:00,583,Ramanathapuram,3.5,-10.093
2025-11-18 18:00:00,583,Ramanathapuram,3.0,-10.093
2025-11-18 19:00:00,583,Ramanathapuram,0.5,-10.093
2025-11-18 19:30:00,583,Ramanathapuram,0.5,-10.093
2025-11-18 20:00:00,583,Ramanathapuram,3.0,-10.093
2025-11-18 20:30:00,583,Ramanathapuram,7.0,-10.093
2025-11-18 21:00:00,583,Ramanathapuram,3.8333333333333335,-10.093
2025-11-18 22:30:00,583,Ramanathapuram,2.5,-10.097
2025-11-18 23:00:00,583,Ramanathapuram,1.75,-10.097
2025-11-18 23:30:00,583,Ramanathapuram,0.5,-10.097
2025-11-19 00:00:00,583,Ramanathapuram,1.25,-10.097
2025-11-19 01:00:00,583,Ramanathapuram,0.5,-10.097
2025-11-19 02:00:00,583,Ramanathapuram,0.5,-10.097
2025-11-19 03:00:00,583,Ramanathapuram,4.0,-10.097
2025-11-19 04:00:00,583,Ramanathapuram,0.5,-10.079
2025-11-19 06:00:00,583,Ramanathapuram,0.5,-10.079
2025-11-19 10:00:00,583,Ramanathapuram,0.5,-10.085
2025-11-19 11:00:00,583,Ramanathapuram,0.5,-10.085
2025-11-19 12:00:00,583,Ramanathapuram,0.5,-10.085
2025-11-19 13:00:00,583,Ramanathapuram,0.5,-10.085
2025-11-19 14:00:00,583,Ramanathapuram,0.5,-10.085
2025-11-19 16:00:00,583,Ramanathapuram,0.5,-10.161
2025-11-19 18:00:00,583,Ramanathapuram,8.5,-10.161
2025-11-19 19:00:00,583,Ramanathapuram,2.5,-10.161
2025-11-19 20:00:00,583,Ramanathapuram,0.5,-10.161
2025-11-19 21:00:00,583,Ramanathapuram,3.5,-10.161
2025-11-19 22:00:00,583,Ramanathapuram,0.5,-10.097
2025-11-19 23:00:00,583,Ramanathapuram,0.5,-10.097
2025-11-20 00:00:00,583,Ramanathapuram,0.5,-10.097
2025-11-20 01:00:00,583,Ramanathapuram,0.5,-10.097
2025-11-20 02:00:00,583,Ramanathapuram,1.0,-10.097
2025-11-20 03:00:00,583,Ramanathapuram,2.0,-10.097
2025-11-20 04:00:00,583,Ramanathapuram,3.5,-16.17
2025-11-20 05:00:00,583,Ramanathapuram,1.5,-16.17
2025-11-20 06:00:00,583,Ramanathapuram,0.5,-16.17
2025-11-20 08:00:00,583,Ramanathapuram,0.5,-16.17
2025-11-20 09:00:00,583,Ramanathapuram,0.5,-16.17
2025-11-20 10:00:00,583,Ramanathapuram,0.5,-16.177
2025-11-20 11:00:00,583,Ramanathapuram,1.5,-16.177
2025-11-20 12:00:00,583,Ramanathapuram,1.5,-16.177
2025-11-20 13:00:00,583,Ramanathapuram,3.0,-16.177
2025-11-20 14:00:00,583,Ramanathapuram,3.0,-16.177
2025-11-20 15:00:00,583,Ramanathapuram,2.0,-16.177
2025-11-20 16:00:00,583,Ramanathapuram,2.5,-16.177
2025-11-20 17:00:00,583,Ramanathapuram,2.0,-16.177
2025-11-20 18:00:00,583,Ramanathapuram,1.5,-16.177
2025-11-20 19:00:00,583,Ramanathapuram,2.5,-10.61825
2025-11-20 20:00:00,583,Ramanathapuram,2.5,-10.61825
2025-11-20 21:00:00,583,Ramanathapuram,4.0,-10.61825
2025-11-20 22:00:00,583,Ramanathapuram,1.0,-10.61825
2025-11-20 23:00:00,583,Ramanathapuram,1.0,-10.61825
2025-11-21 00:00:00,583,Ramanathapuram,0.5,-10.61825
2025-11-21 01:00:00,583,Ramanathapuram,0.5,-10.61825
2025-11-21 03:00:00,583,Ramanathapuram,0.5,-10.61825
2025-11-21 05:00:00,583,Ramanathapuram,1.0,-10.61275
2025-11-21 06:00:00,583,Ramanathapuram,1.0,-10.61275
2025-11-21 07:00:00,583,Ramanathapuram,3.0,-10.61275
2025-11-21 08:00:00,583,Ramanathapuram,1.0,-10.61275
2025-11-21 09:00:00,583,Ramanathapuram,0.5,-10.61275
2025-11-21 10:00:00,583,Ramanathapuram,0.5,-10.6225
2025-11-21 11:00:00,583,Ramanathapuram,0.5,-10.6225
2025-11-21 12:00:00,583,Ramanathapuram,0.5,-10.6225
2025-11-21 13:00:00,583,Ramanathapuram,1.0,-10.6225
2025-11-21 14:00:00,583,Ramanathapuram,0.5,-10.6225
2025-11-21 16:00:00,583,Ramanathapuram,0.5,-10.69125
2025-11-21 17:00:00,583,Ramanathapuram,0.5,-10.69125
2025-11-21 18:00:00,583,Ramanathapuram,1.5,-10.69125
2025-11-21 19:00:00,583,Ramanathapuram,1.75,-10.69125
2025-11-21 20:00:00,583,Ramanathapuram,2.5,-10.69125
2025-11-21 21:00:00,583,Ramanathapuram,1.0,-10.69125
2025-11-21 22:00:00,583,Ramanathapuram,3.5,-10.607
2025-11-21 23:00:00,583,Ramanathapuram,1.0,-10.607
2025-11-22 00:00:00,583,Ramanathapuram,2.6,-10.607
2025-11-22 01:00:00,583,Ramanathapuram,1.625,-10.607
2025-11-22 02:00:00,583,Ramanathapuram,0.5,-10.607
2025-11-22 03:00:00,583,Ramanathapuram,1.0,-10.607
2025-11-22 04:00:00,583,Ramanathapuram,0.5,-13.084333333333332
2025-11-22 05:00:00,583,Ramanathapuram,1.0,-13.084333333333332
2025-11-22 06:00:00,583,Ramanathapuram,0.75,-13.084333333333332
2025-11-22 07:00:00,583,Ramanathapuram,1.0,-13.084333333333332
2025-11-22 08:00:00,583,Ramanathapuram,1.0,-13.084333333333332
2025-11-22 09:00:00,583,Ramanathapuram,0.5,-13.084333333333332
2025-11-22 10:00:00,583,Ramanathapuram,2.5,-13.086
2025-11-22 11:00:00,583,Ramanathapuram,2.25,-13.086
2025-11-22 12:00:00,583,Ramanathapuram,2.5,-13.086
2025-11-22 13:00:00,583,Ramanathapuram,1.0,-13.086
2025-11-22 14:00:00,583,Ramanathapuram,4.0,-13.086
2025-11-22 15:00:00,583,Ramanathapuram,1.25,-13.086
2025-11-22 16:00:00,583,Ramanathapuram,1.5,-13.082
2025-11-22 18:00:00,583,Ramanathapuram,0.75,-13.082
2025-11-22 19:00:00,583,Ramanathapuram,0.625,-13.082
2025-11-22 20:00:00,583,Ramanathapuram,2.0,-13.082
2025-11-22 21:00:00,583,Ramanathapuram,0.75,-13.082
2025-11-22 23:00:00,583,Ramanathapuram,0.5,-13.055
2025-11-23 02:00:00,583,Ramanathapuram,0.5,-13.055
2025-11-23 03:00:00,583,Ramanathapuram,0.5,-13.055
2025-11-23 04:00:00,583,Ramanathapuram,0.5,-7.731666666666666
2025-11-23 05:00:00,583,Ramanathapuram,0.5,-7.731666666666666
2025-11-23 06:00:00,583,Ramanathapuram,0.5,-7.731666666666666
2025-11-23 07:00:00,583,Ramanathapuram,1.0,-7.731666666666666
2025-11-23 08:00:00,583,Ramanathapuram,0.5,-7.731666666666666
2025-11-23 09:00:00,583,Ramanathapuram,0.5,-7.731666666666666
2025-11-23 12:00:00,583,Ramanathapuram,0.6666666666666666,-7.763333333333333
2025-11-23 13:00:00,583,Ramanathapuram,2.5,-7.763333333333333
2025-11-23 14:00:00,583,Ramanathapuram,4.0,-7.763333333333333
2025-11-23 15:00:00,583,Ramanathapuram,0.5,-7.763333333333333
2025-11-23 16:00:00,583,Ramanathapuram,1.5,-7.73
2025-11-23 17:00:00,583,Ramanathapuram,1.875,-7.73
2025-11-23 18:00:00,583,Ramanathapuram,0.5,-7.73
2025-11-23 19:00:00,583,Ramanathapuram,0.5,-7.73
2025-11-23 20:00:00,583,Ramanathapuram,2.75,-7.73
2025-11-23 21:00:00,583,Ramanathapuram,3.7,-7.73
2025-11-23 22:00:00,583,Ramanathapuram,6.375,-10.53525
2025-11-23 23:00:00,583,Ramanathapuram,2.3,-10.53525
2025-11-24 00:00:00,583,Ramanathapuram,0.8333333333333334,-10.53525
2025-11-24 01:00:00,583,Ramanathapuram,0.5,-10.53525
2025-11-24 02:00:00,583,Ramanathapuram,0.5,-10.53525
2025-11-24 03:00:00,583,Ramanathapuram,0.5,-10.53525
2025-11-24 04:00:00,583,Ramanathapuram,0.5,-10.51725
2025-11-24 05:00:00,583,Ramanathapuram,3.125,-10.51725
2025-11-24 06:00:00,583,Ramanathapuram,3.8333333333333335,-10.51725
2025-11-24 07:00:00,583,Ramanathapuram,1.25,-10.51725
2025-11-24 08:00:00,583,Ramanathapuram,8.0,-10.51725
2025-11-24 09:00:00,583,Ramanathapuram,13.0,-10.51725
2025-11-24 10:00:00,583,Ramanathapuram,0.5,-10.519749999999998
2025-11-24 11:00:00,583,Ramanathapuram,6.75,-10.519749999999998
2025-11-24 12:00:00,583,Ramanathapuram,0.5,-10.519749999999998
2025-11-24 13:00:00,583,Ramanathapuram,37.5,-10.519749999999998
2025-11-24 14:00:00,583,Ramanathapuram,10.166666666666666,-10.519749999999998
2025-11-24 15:00:00,583,Ramanathapuram,1.5,-10.519749999999998
2025-11-24 16:00:00,583,Ramanathapuram,1.0,-10.52775
2025-11-24 17:00:00,583,Ramanathapuram,1.0,-10.52775
2025-11-24 18:00:00,583,Ramanathapuram,2.0,-10.52775
2025-11-24 19:00:00,583,Ramanathapuram,5.5,-10.52775
2025-11-24 20:00:00,583,Ramanathapuram,1.25,-10.52775
2025-11-24 21:00:00,583,Ramanathapuram,2.0,-10.52775
2025-11-24 22:00:00,583,Ramanathapuram,1.5,-10.4995
2025-11-24 23:00:00,583,Ramanathapuram,2.5,-10.4995
2025-11-25 00:00:00,583,Ramanathapuram,1.5,-10.4995
2025-11-25 01:00:00,583,Ramanathapuram,2.5,-10.4995
2025-11-25 02:00:00,583,Ramanathapuram,2.5,-10.4995
2025-11-25 03:00:00,583,Ramanathapuram,2.5,-10.4995
2025-11-25 04:00:00,583,Ramanathapuram,2.5,-10.4925
2025-11-25 05:00:00,583,Ramanathapuram,2.0,-10.4925
2025-11-25 06:00:00,583,Ramanathapuram,2.5,-10.4925
2025-11-25 07:00:00,583,Ramanathapuram,1.25,-10.4925
2025-11-25 08:00:00,583,Ramanathapuram,2.5,-10.4925
2025-11-25 09:00:00,583,Ramanathapuram,2.0,-10.4925
2025-11-25 10:00:00,583,Ramanathapuram,2.0,-10.48125
2025-11-25 11:00:00,583,Ramanathapuram,1.5,-10.48125
2025-11-25 12:00:00,583,Ramanathapuram,2.5,-10.48125
2025-11-25 13:00:00,583,Ramanathapuram,2.0,-10.48125
2025-11-25 14:00:00,583,Ramanathapuram,1.25,-10.48125
2025-11-25 15:00:00,583,Ramanathapuram,2.0,-10.48125
2025-11-25 16:00:00,583,Ramanathapuram,1.25,-10.49425
2025-11-25 17:00:00,583,Ramanathapuram,1.25,-10.49425
2025-11-25 18:00:00,583,Ramanathapuram,1.25,-10.49425
2025-11-25 19:00:00,583,Ramanathapuram,1.0,-10.49425
2025-11-25 20:00:00,583,Ramanathapuram,1.0,-10.49425
2025-11-25 21:00:00,583,Ramanathapuram,1.0,-10.49425
2025-11-25 22:00:00,583,Ramanathapuram,1.0,-10.4675
2025-11-25 23:00:00,583,Ramanathapuram,1.0,-10.4675
2025-11-26 00:00:00,583,Ramanathapuram,6.5,-10.4675
2025-11-26 01:00:00,583,Ramanathapuram,0.6666666666666666,-10.4675
2025-11-26 02:00:00,583,Ramanathapuram,10.0,-10.4675
2025-11-26 03:00:00,583,Ramanathapuram,0.875,-10.4675
2025-11-26 04:00:00,583,Ramanathapuram,5.25,-10.4635
2025-11-26 05:00:00,583,Ramanathapuram,0.75,-10.4635
2025-11-26 06:00:00,583,Ramanathapuram,0.875,-10.4635
2025-11-26 07:00:00,583,Ramanathapuram,0.75,-10.4635
2025-11-26 08:00:00,583,Ramanathapuram,4.75,-10.4635
2025-11-26 09:00:00,583,Ramanathapuram,5.833333333333333,-10.4635
2025-11-26 10:00:00,583,Ramanathapuram,1.0,-10.47425
2025-11-26 11:00:00,583,Ramanathapuram,0.5,-10.47425
2025-11-26 12:00:00,583,Ramanathapuram,1.0,-10.47425
2025-11-26 13:00:00,583,Ramanathapuram,0.5,-10.47425
2025-11-26 14:00:00,583,Ramanathapuram,1.0,-10.47425
2025-11-26 15:00:00,583,Ramanathapuram,1.0,-10.47425
2025-11-26 16:00:00,583,Ramanathapuram,1.0,-10.47975
2025-11-26 17:00:00,583,Ramanathapuram,1.0,-10.47975
2025-11-26 18:00:00,583,Ramanathapuram,1.5,-10.47975
2025-11-26 19:00:00,583,Ramanathapuram,0.75,-10.47975
2025-11-26 20:00:00,583,Ramanathapuram,1.0,-10.47975
2025-11-26 21:00:00,583,Ramanathapuram,1.0,-10.47975
2025-11-26 22:00:00,583,Ramanathapuram,1.0,-10.445
2025-11-26 23:00:00,583,Ramanathapuram,0.5,-10.445
2025-11-27 00:00:00,583,Ramanathapuram,1.0,-10.445
2025-11-27 01:00:00,583,Ramanathapuram,0.75,-10.445
2025-11-27 02:00:00,583,Ramanathapuram,1.0,-10.445
2025-11-27 03:00:00,583,Ramanathapuram,1.0,-10.445
2025-11-27 04:00:00,583,Ramanathapuram,1.0,-16.025
2025-11-27 05:00:00,583,Ramanathapuram,1.0,-16.025
2025-11-27 06:00:00,583,Ramanathapuram,0.5,-16.025
2025-11-27 07:00:00,583,Ramanathapuram,1.0,-16.025
2025-11-27 08:00:00,583,Ramanathapuram,1.0,-16.025
2025-11-27 09:00:00,583,Ramanathapuram,1.0,-16.025
2025-11-27 10:00:00,583,Ramanathapuram,0.5,-16.02
2025-11-27 11:00:00,583,Ramanathapuram,1.0,-16.02
2025-11-27 12:00:00,583,Ramanathapuram,1.0,-16.02
2025-11-27 12:15:00,583,Ramanathapuram,1.0,-16.02
2025-11-27 12:20:00,583,Ramanathapuram,1.0,-16.02
2025-11-27 13:00:00,583,Ramanathapuram,0.5,-16.02
2025-11-27 14:00:00,583,Ramanathapuram,1.0,-16.02
2025-11-30 00:00:00,583,Ramanathapuram,5.0,-7.511
2025-11-30 01:00:00,583,Ramanathapuram,4.25,-7.511
2025-11-30 02:00:00,583,Ramanathapuram,0.75,-7.511
2025-11-30 03:00:00,583,Ramanathapuram,2.0,-7.511
2025-11-30 04:00:00,583,Ramanathapuram,2.0,-9.8395
2025-11-30 06:00:00,583,Ramanathapuram,1.0,-9.8395
2025-11-30 07:00:00,583,Ramanathapuram,1.0,-9.8395
2025-11-30 10:00:00,583,Ramanathapuram,1.0,-9.8405
2025-11-30 12:00:00,583,Ramanathapuram,1.5,-9.8405
2025-11-30 13:00:00,583,Ramanathapuram,1.0,-9.8405
2025-11-30 14:00:00,583,Ramanathapuram,1.5,-9.8405
2025-11-30 17:00:00,583,Ramanathapuram,1.5,-9.825
2025-11-30 18:00:00,583,Ramanathapuram,1.5,-9.825
2025-11-30 19:00:00,583,Ramanathapuram,2.0,-9.825
2025-11-30 20:00:00,583,Ramanathapuram,1.5,-9.825
2025-11-30 22:00:00,583,Ramanathapuram,1.5,-10.297
2025-11-30 23:00:00,583,Ramanathapuram,1.0,-10.297
2025-12-01 00:00:00,583,Ramanathapuram,1.5,-10.297
2025-12-01 01:00:00,583,Ramanathapuram,1.0,-10.297
2025-12-01 02:00:00,583,Ramanathapuram,1.5,-10.297
2025-12-01 03:00:00,583,Ramanathapuram,1.5,-10.297
2025-12-01 04:00:00,583,Ramanathapuram,1.0,-10.28725
2025-12-01 05:00:00,583,Ramanathapuram,1.5,-10.28725
2025-12-01 06:00:00,583,Ramanathapuram,2.0,-10.28725
2025-12-01 07:00:00,583,Ramanathapuram,2.5,-10.28725
2025-12-01 08:00:00,583,Ramanathapuram,1.0,-10.28725
2025-12-01 09:00:00,583,Ramanathapuram,0.75,-10.28725
2025-12-01 10:00:00,583,Ramanathapuram,1.0,-10.3045
2025-12-01 11:00:00,583,Ramanathapuram,1.0,-10.3045
2025-12-01 12:00:00,583,Ramanathapuram,0.75,-10.3045
2025-12-01 13:00:00,583,Ramanathapuram,1.0,-10.3045
2025-12-01 14:00:00,583,Ramanathapuram,0.75,-10.3045
2025-12-01 15:00:00,583,Ramanathapuram,1.0,-10.3045
2025-12-01 16:00:00,583,Ramanathapuram,0.5,-10.28
2025-12-01 17:00:00,583,Ramanathapuram,1.0,-10.28
2025-12-01 18:00:00,583,Ramanathapuram,0.5,-10.28
2025-12-01 19:00:00,583,Ramanathapuram,7.75,-10.28
2025-12-01 20:00:00,583,Ramanathapuram,0.5,-10.28
2025-12-01 21:00:00,583,Ramanathapuram,0.5,-10.28
2025-12-01 22:00:00,583,Ramanathapuram,0.5,-10.277
2025-12-02 00:00:00,583,Ramanathapuram,0.5,-10.277
2025-12-02 08:00:00,583,Ramanathapuram,0.5,-10.27425
2025-12-02 12:00:00,583,Ramanathapuram,0.5,-10.2895
2025-12-02 16:00:00,583,Ramanathapuram,0.5,-10.29825
2025-12-02 21:00:00,583,Ramanathapuram,0.5,-10.29825
2025-12-03 03:00:00,583,Ramanathapuram,0.5,-10.2915
2025-12-03 07:00:00,583,Ramanathapuram,0.75,-10.2875
2025-12-03 09:00:00,583,Ramanathapuram,0.5,-10.2875
2025-12-03 10:00:00,583,Ramanathapuram,0.5,-10.3045
2025-12-03 13:00:00,583,Ramanathapuram,3.0,-10.3045
2025-12-03 14:00:00,583,Ramanathapuram,0.5,-10.3045
2025-12-03 15:00:00,583,Ramanathapuram,0.5,-10.3045
2025-12-03 23:00:00,583,Ramanathapuram,0.5,-10.25925
2025-12-04 05:00:00,583,Ramanathapuram,0.5,-12.423666666666668
2025-12-04 10:00:00,583,Ramanathapuram,0.5,-12.434666666666669
2025-12-04 11:00:00,583,Ramanathapuram,1.5,-12.434666666666669
2025-12-04 16:00:00,583,Ramanathapuram,10.0,-10.75
2025-12-04 17:00:00,583,Ramanathapuram,0.5,-10.75
2025-12-05 05:00:00,583,Ramanathapuram,0.5,-10.254
2025-12-05 07:00:00,583,Ramanathapuram,30.5,-10.254
2025-12-05 08:00:00,583,Ramanathapuram,21.0,-10.254
2025-12-05 09:00:00,583,Ramanathapuram,0.5,-10.254
2025-12-05 10:00:00,583,Ramanathapuram,19.0,-10.257
2025-12-05 11:00:00,583,Ramanathapuram,4.25,-10.257
2025-12-05 12:00:00,583,Ramanathapuram,8.5,-10.257
2025-12-05 13:00:00,583,Ramanathapuram,9.0,-10.257
2025-12-05 13:10:00,583,Ramanathapuram,0.5,-10.257
2025-12-05 13:20:00,583,Ramanathapuram,0.5,-10.257
2025-12-05 13:30:00,583,Ramanathapuram,0.5,-10.257
2025-12-05 13:40:00,583,Ramanathapuram,0.5,-10.257
2025-12-05 13:50:00,583,Ramanathapuram,0.5,-10.257
2025-12-05 14:00:00,583,Ramanathapuram,0.5,-10.257
2025-12-05 15:00:00,583,Ramanathapuram,0.5,-10.257
2025-12-05 17:00:00,583,Ramanathapuram,0.5,-10.24475
2025-12-05 18:00:00,583,Ramanathapuram,0.5,-10.24475
2025-12-05 22:00:00,583,Ramanathapuram,0.5,-10.238
2025-12-05 23:00:00,583,Ramanathapuram,0.5,-10.238
2025-12-05 23:30:00,583,Ramanathapuram,1.0,-10.238
2025-12-05 23:40:00,583,Ramanathapuram,1.5,-10.238
2025-12-05 23:50:00,583,Ramanathapuram,1.5,-10.238
2025-12-06 00:00:00,583,Ramanathapuram,1.0,-10.238
2025-12-06 01:00:00,583,Ramanathapuram,1.0,-10.238
2025-12-06 02:00:00,583,Ramanathapuram,0.5,-10.238
2025-12-06 04:00:00,583,Ramanathapuram,1.0,-10.21775
2025-12-06 04:20:00,583,Ramanathapuram,0.5,-10.21775
2025-12-06 04:30:00,583,Ramanathapuram,2.0,-10.21775
2025-12-06 04:40:00,583,Ramanathapuram,2.0,-10.21775
2025-12-06 04:50:00,583,Ramanathapuram,2.0,-10.21775
2025-12-06 05:00:00,583,Ramanathapuram,4.0,-10.21775
2025-12-07 02:00:00,583,Ramanathapuram,10.5,-8.374333333333333
2025-12-07 03:00:00,583,Ramanathapuram,20.5,-8.374333333333333
2025-12-07 04:00:00,583,Ramanathapuram,9.0,-8.374333333333333
2025-12-07 05:00:00,583,Ramanathapuram,0.5,-8.374333333333333
2025-12-07 12:00:00,583,Ramanathapuram,0.5,-8.374333333333333
2025-12-08 02:00:00,583,Ramanathapuram,0.5,-7.371333333333333
2025-12-08 03:00:00,583,Ramanathapuram,0.5,-7.371333333333333
2025-12-08 04:00:00,583,Ramanathapuram,0.5,-15.747
2025-12-08 07:00:00,583,Ramanathapuram,0.5,-15.747
2025-12-08 08:00:00,583,Ramanathapuram,0.5,-15.747
2025-12-08 10:00:00,583,Ramanathapuram,0.5,-15.744
2025-12-08 15:00:00,583,Ramanathapuram,0.5,-15.744
2025-12-08 20:00:00,583,Ramanathapuram,0.5,-10.219
2025-12-09 03:00:00,583,Ramanathapuram,0.5,-10.219
2025-12-09 13:00:00,583,Ramanathapuram,0.5,-15.731
2025-12-09 16:00:00,583,Ramanathapuram,1.0,-15.731
2025-12-09 17:00:00,583,Ramanathapuram,0.5,-15.731
2025-12-09 18:00:00,583,Ramanathapuram,0.5,-15.731
2025-12-09 21:00:00,583,Ramanathapuram,0.5,-7.354333333333333
2025-12-10 06:00:00,583,Ramanathapuram,0.5,-15.741
2025-12-11 07:00:00,583,Ramanathapuram,9.5,-9.1605
2025-12-11 08:00:00,583,Ramanathapuram,19.5,-9.1605
2025-12-12 01:00:00,583,Ramanathapuram,0.5,-7.347666666666666
2025-12-12 03:00:00,583,Ramanathapuram,1.0,-7.347666666666666
2025-12-12 05:00:00,583,Ramanathapuram,0.5,-7.331666666666667
2025-12-12 11:00:00,583,Ramanathapuram,2.0,-7.333666666666667
2025-12-12 12:00:00,583,Ramanathapuram,0.5,-7.333666666666667
2025-12-13 02:00:00,583,Ramanathapuram,0.5,-7.331
2025-12-16 05:00:00,583,Ramanathapuram,1.0,-9.114
2025-12-16 06:00:00,583,Ramanathapuram,0.5,-9.114
2025-12-16 06:30:00,583,Ramanathapuram,1.0,-9.114
2025-12-16 07:00:00,583,Ramanathapuram,6.0,-9.114
2025-12-16 07:30:00,583,Ramanathapuram,3.0,-9.114
2025-12-16 08:00:00,583,Ramanathapuram,5.0,-9.114
2025-12-16 08:30:00,583,Ramanathapuram,0.5,-9.114
2025-12-16 09:00:00,583,Ramanathapuram,1.0,-9.114
2025-12-16 09:30:00,583,Ramanathapuram,0.5,-9.1165
2025-12-16 10:00:00,583,Ramanathapuram,1.0,-9.1165
2025-12-16 12:00:00,583,Ramanathapuram,1.0,-9.1165
2025-12-16 22:00:00,583,Ramanathapuram,0.5,-7.313
2025-12-16 23:00:00,583,Ramanathapuram,1.0,-7.313
2025-12-17 01:00:00,583,Ramanathapuram,6.5,-7.313
2025-12-17 01:30:00,583,Ramanathapuram,5.0,-7.313
2025-12-17 02:00:00,583,Ramanathapuram,9.0,-7.313
2025-12-17 02:30:00,583,Ramanathapuram,1.5,-7.313
2025-12-17 03:00:00,583,Ramanathapuram,1.0,-7.313
2025-12-17 03:20:00,583,Ramanathapuram,0.5,-7.289666666666666
2025-12-17 03:30:00,583,Ramanathapuram,0.5,-7.289666666666666
2025-12-17 03:40:00,583,Ramanathapuram,0.5,-7.289666666666666
2025-12-17 03:50:00,583,Ramanathapuram,0.5,-7.289666666666666
2025-12-17 04:00:00,583,Ramanathapuram,2.0,-7.289666666666666
2025-12-17 04:40:00,583,Ramanathapuram,0.5,-7.289666666666666
2025-12-17 04:50:00,583,Ramanathapuram,1.0,-7.289666666666666
2025-12-17 05:00:00,583,Ramanathapuram,5.625,-7.289666666666666
2025-12-17 05:10:00,583,Ramanathapuram,1.5,-7.289666666666666
2025-12-17 05:20:00,583,Ramanathapuram,3.0,-7.289666666666666
2025-12-17 05:30:00,583,Ramanathapuram,6.0,-7.289666666666666
2025-12-17 05:40:00,583,Ramanathapuram,11.5,-7.289666666666666
2025-12-17 05:50:00,583,Ramanathapuram,14.5,-7.289666666666666
2025-12-17 06:00:00,583,Ramanathapuram,7.0,-7.289666666666666
2025-12-17 06:30:00,583,Ramanathapuram,0.5,-7.289666666666666
2025-12-17 06:40:00,583,Ramanathapuram,1.0,-7.289666666666666
2025-12-17 06:50:00,583,Ramanathapuram,1.5,-7.289666666666666
2025-12-17 07:00:00,583,Ramanathapuram,2.5,-7.289666666666666
2025-12-17 07:10:00,583,Ramanathapuram,2.0,-7.289666666666666
2025-12-17 07:20:00,583,Ramanathapuram,3.5,-7.289666666666666
2025-12-17 07:30:00,583,Ramanathapuram,4.0,-7.289666666666666
2025-12-17 07:40:00,583,Ramanathapuram,4.5,-7.289666666666666
2025-12-17 07:50:00,583,Ramanathapuram,5.5,-7.289666666666666
2025-12-17 08:00:00,583,Ramanathapuram,10.166666666666666,-7.289666666666666
2025-12-17 08:10:00,583,Ramanathapuram,1.5,-7.289666666666666
2025-12-17 08:20:00,583,Ramanathapuram,2.0,-7.289666666666666
2025-12-17 08:30:00,583,Ramanathapuram,2.0,-7.289666666666666
2025-12-17 08:40:00,583,Ramanathapuram,2.5,-7.289666666666666
2025-12-17 08:50:00,583,Ramanathapuram,3.0,-7.289666666666666
2025-12-17 09:00:00,583,Ramanathapuram,4.1,-7.289666666666666
2025-12-17 09:20:00,583,Ramanathapuram,0.5,-7.283666666666666
2025-12-17 09:30:00,583,Ramanathapuram,2.75,-7.283666666666666
2025-12-17 09:40:00,583,Ramanathapuram,0.5,-7.283666666666666
2025-12-17 09:50:00,583,Ramanathapuram,0.5,-7.283666666666666
2025-12-17 10:00:00,583,Ramanathapuram,3.8333333333333335,-7.283666666666666
2025-12-17 10:20:00,583,Ramanathapuram,0.5,-7.283666666666666
2025-12-17 10:30:00,583,Ramanathapuram,0.5,-7.283666666666666
2025-12-17 10:40:00,583,Ramanathapuram,0.5,-7.283666666666666
2025-12-17 10:50:00,583,Ramanathapuram,0.5,-7.283666666666666
2025-12-17 11:00:00,583,Ramanathapuram,3.4,-7.283666666666666
2025-12-17 12:00:00,583,Ramanathapuram,3.5,-7.283666666666666
2025-12-17 15:00:00,583,Ramanathapuram,0.5,-7.283666666666666
2025-12-17 17:00:00,583,Ramanathapuram,0.5,-7.278666666666666
2025-12-17 21:00:00,583,Ramanathapuram,0.5,-7.278666666666666
2025-12-18 00:00:00,583,Ramanathapuram,0.5,-7.279333333333334
2025-12-18 16:00:00,583,Ramanathapuram,0.5,-9.6105
2025-12-18 19:00:00,583,Ramanathapuram,0.5,-9.6105
2025-12-19 09:00:00,583,Ramanathapuram,0.5,-7.254333333333332
2025-12-20 05:00:00,583,Ramanathapuram,0.5,-7.248
2025-12-20 22:00:00,583,Ramanathapuram,0.5,-7.260666666666666
2025-12-21 18:00:00,583,Ramanathapuram,0.5,-7.256333333333333
2025-12-22 17:00:00,583,Ramanathapuram,0.5,-7.256
2025-12-23 18:00:00,583,Ramanathapuram,0.5,-2.58
2025-12-24 21:00:00,583,Ramanathapuram,0.5,-7.260000000000001
2025-12-26 09:00:00,583,Ramanathapuram,0.5,-7.250333333333334
2025-12-27 05:00:00,583,Ramanathapuram,0.5,-3.167
2025-12-28 12:00:00,583,Ramanathapuram,0.5,-7.253
2025-12-29 02:00:00,583,Ramanathapuram,0.5,-7.256333333333334
2025-12-29 16:00:00,583,Ramanathapuram,0.5,-15.435
2025-12-30 12:00:00,583,Ramanathapuram,0.5,-7.259
2025-12-31 12:00:00,583,Ramanathapuram,0.5,-7.251666666666666
2026-01-01 16:00:00,583,Ramanathapuram,3.0,-9.873923076923075
2026-01-03 11:00:00,583,Ramanathapuram,0.5,-8.352153846153847
2026-01-10 01:40:00,583,Ramanathapuram,0.5,-7.720499999999999
2026-01-10 01:50:00,583,Ramanathapuram,0.5,-7.720499999999999
2026-01-10 02:00:00,583,Ramanathapuram,0.5,-7.720499999999999
2026-01-10 02:20:00,583,Ramanathapuram,0.5,-7.720499999999999
2026-01-10 02:30:00,583,Ramanathapuram,0.5,-7.720499999999999
2026-01-10 02:40:00,583,Ramanathapuram,0.5,-7.720499999999999
2026-01-10 02:50:00,583,Ramanathapuram,1.0,-7.720499999999999
2026-01-10 03:00:00,583,Ramanathapuram,1.0,-7.720499999999999
2026-01-10 04:00:00,583,Ramanathapuram,5.5,-7.720499999999999
2026-01-10 05:00:00,583,Ramanathapuram,9.0,-7.720499999999999
2026-01-10 07:00:00,583,Ramanathapuram,1.0,-7.720499999999999
2026-01-10 08:00:00,583,Ramanathapuram,2.25,-7.720499999999999
2026-01-10 23:00:00,583,Ramanathapuram,1.0,-7.720499999999999
2026-01-11 00:50:00,583,Ramanathapuram,0.5,-7.720499999999999
2026-01-11 01:00:00,583,Ramanathapuram,0.5,-7.720499999999999
2026-01-11 02:00:00,583,Ramanathapuram,0.5,-7.720499999999999
2026-01-11 02:40:00,583,Ramanathapuram,0.5,-7.720499999999999
2026-01-11 02:50:00,583,Ramanathapuram,0.5,-7.720499999999999
2026-01-11 03:00:00,583,Ramanathapuram,1.25,-7.720499999999999
2026-01-12 14:00:00,583,Ramanathapuram,0.5,-10.3385
2026-01-12 18:00:00,583,Ramanathapuram,2.0,-10.2652
2026-01-12 19:00:00,583,Ramanathapuram,1.5,-10.2652
2026-01-12 20:00:00,583,Ramanathapuram,0.5,-10.2652
2026-01-13 06:00:00,583,Ramanathapuram,1.0,-9.248076923076924
2026-01-13 07:00:00,583,Ramanathapuram,6.0,-9.248076923076924
2026-01-13 08:00:00,583,Ramanathapuram,1.3333333333333333,-9.248076923076924
2026-01-13 11:00:00,583,Ramanathapuram,4.0,-9.248692307692307
2026-01-13 12:00:00,583,Ramanathapuram,2.25,-9.248692307692307
2026-01-13 13:00:00,583,Ramanathapuram,2.5,-9.248692307692307
2026-01-13 14:00:00,583,Ramanathapuram,2.5,-9.248692307692307
2026-01-13 15:00:00,583,Ramanathapuram,1.5,-9.248692307692307
2026-01-14 00:00:00,583,Ramanathapuram,3.0,-9.233
2026-01-15 00:00:00,583,Ramanathapuram,0.5,-8.5115
2026-01-18 02:00:00,583,Ramanathapuram,0.5,-8.012272727272729
2026-01-24 08:30:00,583,Ramanathapuram,0.5,-11.28188888888889
2026-01-24 09:00:00,583,Ramanathapuram,0.5,-11.28188888888889
2026-01-24 13:00:00,583,Ramanathapuram,0.5,-11.276111111111112
2026-01-25 02:00:00,583,Ramanathapuram,0.5,-11.196222222222222
2026-01-25 03:00:00,583,Ramanathapuram,1.0,-11.196222222222222
2026-01-25 04:00:00,583,Ramanathapuram,0.5,-14.978666666666667
2026-01-27 09:00:00,583,Ramanathapuram,0.5,-10.697636363636365
2026-01-31 05:00:00,583,Ramanathapuram,1.5,-10.980555555555556
2026-01-31 06:00:00,583,Ramanathapuram,1.0,-10.980555555555556
2026-02-01 07:00:00,583,Ramanathapuram,0.5,-10.764545454545454
2026-02-01 08:00:00,583,Ramanathapuram,1.0,-10.764545454545454
2026-02-01 09:00:00,583,Ramanathapuram,1.0,-10.764545454545454
2026-02-01 10:00:00,583,Ramanathapuram,0.5,-10.81781818181818
2026-02-01 11:00:00,583,Ramanathapuram,0.5,-10.81781818181818
2026-02-01 12:00:00,583,Ramanathapuram,0.5,-10.81781818181818
2026-02-01 14:00:00,583,Ramanathapuram,0.5,-10.81781818181818
2026-02-01 19:00:00,583,Ramanathapuram,0.5,-10.82181818181818
2026-02-01 23:00:00,583,Ramanathapuram,0.5,-10.74709090909091
2026-02-02 06:00:00,583,Ramanathapuram,0.5,-8.749833333333333
2026-02-02 12:00:00,583,Ramanathapuram,0.5,-8.788166666666667
2026-02-02 20:00:00,583,Ramanathapuram,0.5,-3.2975000000000003
2026-02-05 03:00:00,583,Ramanathapuram,1.0,-10.684272727272727
2026-02-05 04:00:00,583,Ramanathapuram,1.75,-10.659999999999998
2026-02-05 05:00:00,583,Ramanathapuram,0.5,-10.659999999999998
2026-02-06 13:00:00,583,Ramanathapuram,0.5,-8.306833333333334
2026-02-20 00:00:00,583,Ramanathapuram,0.5,-10.4545
2026-03-01 05:00:00,583,Ramanathapuram,37.5,-10.022666666666666
2026-03-01 06:00:00,583,Ramanathapuram,261.5,-10.022666666666666
2026-03-01 07:00:00,583,Ramanathapuram,594.5,-10.022666666666666
2026-03-01 08:00:00,583,Ramanathapuram,46.5,-10.022666666666666
2026-03-01 09:00:00,583,Ramanathapuram,419.5,-10.022666666666666
2026-03-17 02:00:00,583,Ramanathapuram,0.5,-11.4827
2026-03-17 03:00:00,583,Ramanathapuram,0.5,-11.4827
2026-03-17 15:00:00,583,Ramanathapuram,0.5,-11.570222222222222
2026-03-18 04:00:00,583,Ramanathapuram,3.5,-9.934416666666666
2026-03-18 05:00:00,583,Ramanathapuram,14.5,-9.934416666666666
2026-03-18 06:00:00,583,Ramanathapuram,0.5,-9.934416666666666
2026-03-18 08:00:00,583,Ramanathapuram,4.5,-9.934416666666666
2026-03-18 09:00:00,583,Ramanathapuram,3.0,-9.934416666666666
2026-03-18 10:00:00,583,Ramanathapuram,0.5,-9.949083333333334
2026-03-18 10:30:00,583,Ramanathapuram,1.0,-9.949083333333334
2026-03-18 11:00:00,583,Ramanathapuram,0.75,-9.949083333333334
2026-03-18 22:30:00,583,Ramanathapuram,2.5,-9.938916666666668
2026-03-18 22:45:00,583,Ramanathapuram,4.0,-9.938916666666668
2026-03-18 23:00:00,583,Ramanathapuram,2.75,-9.938916666666668
2026-03-19 00:00:00,583,Ramanathapuram,8.5,-9.938916666666668
2026-03-19 00:30:00,583,Ramanathapuram,0.5,-9.938916666666668
2026-03-19 00:45:00,583,Ramanathapuram,1.5,-9.938916666666668
2026-03-19 01:00:00,583,Ramanathapuram,3.0,-9.938916666666668
2026-03-19 01:15:00,583,Ramanathapuram,8.0,-9.938916666666668
2026-03-19 01:30:00,583,Ramanathapuram,9.0,-9.938916666666668
2026-03-19 01:45:00,583,Ramanathapuram,10.0,-9.938916666666668
2026-03-19 02:00:00,583,Ramanathapuram,25.0,-9.938916666666668
2026-03-19 02:15:00,583,Ramanathapuram,12.0,-9.938916666666668
2026-03-19 02:30:00,583,Ramanathapuram,21.0,-9.938916666666668
2026-03-19 02:45:00,583,Ramanathapuram,26.5,-9.938916666666668
2026-03-19 03:00:00,583,Ramanathapuram,27.0,-9.938916666666668
2026-03-19 03:15:00,583,Ramanathapuram,1.5,-9.937846153846154
2026-03-19 03:30:00,583,Ramanathapuram,2.0,-9.937846153846154
2026-03-19 03:45:00,583,Ramanathapuram,4.5,-9.937846153846154
2026-03-19 04:00:00,583,Ramanathapuram,5.0,-9.937846153846154
2026-03-21 14:00:00,583,Ramanathapuram,0.5,-13.480777777777778
2023-10-29 07:00:00,731,Ranipet,10.5,-4.005
2023-10-30 15:00:00,731,Ranipet,0.5,-4.005
2023-10-30 16:00:00,731,Ranipet,0.5,-4.005
2023-10-30 22:00:00,731,Ranipet,0.5,-4.005
2023-10-30 23:00:00,731,Ranipet,1.0,-4.005
2023-10-31 00:00:00,731,Ranipet,0.5,-4.005
2023-10-31 01:00:00,731,Ranipet,0.5,-4.005
2023-10-31 04:00:00,731,Ranipet,0.5,-4.005
2023-10-31 08:00:00,731,Ranipet,0.5,-4.005
2023-10-31 11:00:00,731,Ranipet,0.5,-4.005
2023-10-31 14:00:00,731,Ranipet,0.5,-4.005
2023-10-31 20:00:00,731,Ranipet,0.5,-4.005
2023-11-01 13:00:00,731,Ranipet,0.5,-4.005
2023-11-02 00:00:00,731,Ranipet,0.5,-4.005
2023-11-02 11:00:00,731,Ranipet,0.5,-4.005
2023-11-02 17:00:00,731,Ranipet,0.5,-4.005
2023-11-03 02:00:00,731,Ranipet,0.5,-4.005
2023-11-03 13:00:00,731,Ranipet,0.5,-4.01
2023-11-03 23:00:00,731,Ranipet,0.5,-4.02
2023-11-04 14:00:00,731,Ranipet,0.5,-4.02
2023-11-05 05:00:00,731,Ranipet,0.5,-5.133333333333333
2023-11-05 16:00:00,731,Ranipet,0.5,-5.133333333333333
2023-11-05 21:00:00,731,Ranipet,0.5,-5.133333333333333
2023-11-06 01:00:00,731,Ranipet,0.5,-5.14
2023-11-06 04:00:00,731,Ranipet,0.5,-5.14
2023-11-06 07:00:00,731,Ranipet,0.5,-5.14
2023-11-06 10:00:00,731,Ranipet,0.5,-5.14
2023-11-06 12:00:00,731,Ranipet,0.5,-5.14
2023-11-06 15:00:00,731,Ranipet,0.5,-5.14
2023-11-06 17:00:00,731,Ranipet,0.5,-5.13
2023-11-06 19:00:00,731,Ranipet,0.5,-5.13
2023-11-06 20:00:00,731,Ranipet,0.5,-5.13
2023-11-06 22:00:00,731,Ranipet,0.5,-5.13
2023-11-06 23:00:00,731,Ranipet,0.5,-5.13
2023-11-07 00:00:00,731,Ranipet,0.5,-5.13
2023-11-07 02:00:00,731,Ranipet,0.5,-5.13
2023-11-07 03:00:00,731,Ranipet,0.5,-5.13
2023-11-07 04:00:00,731,Ranipet,0.5,-5.13
2023-11-07 05:00:00,731,Ranipet,1.0,-5.13
2023-11-07 06:00:00,731,Ranipet,1.5,-5.13
2023-11-07 07:00:00,731,Ranipet,1.5,-5.13
2023-11-07 08:00:00,731,Ranipet,2.0,-5.13
2023-11-07 09:00:00,731,Ranipet,1.5,-5.13
2023-11-07 10:00:00,731,Ranipet,1.0,-5.13
2023-11-07 11:00:00,731,Ranipet,2.0,-5.13
2023-11-07 12:00:00,731,Ranipet,1.5,-5.13
2023-11-07 13:00:00,731,Ranipet,2.0,-5.13
2023-11-07 14:00:00,731,Ranipet,2.0,-5.13
2023-11-07 15:00:00,731,Ranipet,2.0,-5.13
2023-11-07 16:00:00,731,Ranipet,2.0,-5.136666666666667
2023-11-07 17:00:00,731,Ranipet,2.0,-5.136666666666667
2023-11-07 18:00:00,731,Ranipet,1.5,-5.136666666666667
2023-11-07 19:00:00,731,Ranipet,1.5,-5.136666666666667
2023-11-07 20:00:00,731,Ranipet,1.5,-5.136666666666667
2023-11-07 21:00:00,731,Ranipet,0.5,-5.136666666666667
2023-11-07 22:00:00,731,Ranipet,1.0,-5.14
2023-11-07 23:00:00,731,Ranipet,0.5,-5.14
2023-11-08 00:00:00,731,Ranipet,1.0,-5.14
2023-11-08 01:00:00,731,Ranipet,0.5,-5.14
2023-11-08 02:00:00,731,Ranipet,0.5,-5.14
2023-11-08 03:00:00,731,Ranipet,1.0,-5.14
2023-11-08 04:00:00,731,Ranipet,1.0,-5.136666666666667
2023-11-08 05:00:00,731,Ranipet,1.0,-5.136666666666667
2023-11-08 06:00:00,731,Ranipet,1.5,-5.136666666666667
2023-11-08 07:00:00,731,Ranipet,1.0,-5.136666666666667
2023-11-08 08:00:00,731,Ranipet,1.5,-5.136666666666667
2023-11-08 09:00:00,731,Ranipet,1.5,-5.136666666666667
2023-11-08 10:00:00,731,Ranipet,1.5,-5.136666666666667
2023-11-08 11:00:00,731,Ranipet,1.5,-5.136666666666667
2023-11-08 12:00:00,731,Ranipet,2.0,-5.136666666666667
2023-11-08 13:00:00,731,Ranipet,1.5,-5.136666666666667
2023-11-08 14:00:00,731,Ranipet,1.0,-5.136666666666667
2023-11-08 15:00:00,731,Ranipet,1.5,-5.136666666666667
2023-11-08 16:00:00,731,Ranipet,0.5,-5.19
2023-11-08 17:00:00,731,Ranipet,1.0,-5.19
2023-11-08 18:00:00,731,Ranipet,0.5,-5.19
2023-11-08 19:00:00,731,Ranipet,0.5,-5.19
2023-11-08 20:00:00,731,Ranipet,0.5,-5.19
2023-11-08 21:00:00,731,Ranipet,0.5,-5.19
2023-11-08 22:00:00,731,Ranipet,0.5,-5.14
2023-11-08 23:00:00,731,Ranipet,0.5,-5.14
2023-11-09 00:00:00,731,Ranipet,0.5,-5.14
2023-11-09 02:00:00,731,Ranipet,0.5,-5.14
2023-11-09 03:00:00,731,Ranipet,0.5,-5.14
2023-11-09 05:00:00,731,Ranipet,0.5,-5.14
2023-11-09 06:00:00,731,Ranipet,0.5,-5.14
2023-11-09 08:00:00,731,Ranipet,0.5,-5.14
2023-11-09 11:00:00,731,Ranipet,0.5,-5.146666666666667
2023-11-09 15:00:00,731,Ranipet,0.5,-5.146666666666667
2023-11-09 18:00:00,731,Ranipet,0.5,-5.136666666666667
2023-11-09 22:00:00,731,Ranipet,0.5,-5.1466666666666665
2023-11-10 12:00:00,731,Ranipet,0.5,-5.1433333333333335
2023-11-14 00:00:00,731,Ranipet,0.5,-5.163333333333333
2023-11-14 04:00:00,731,Ranipet,0.5,-5.16
2023-11-14 09:00:00,731,Ranipet,0.5,-5.16
2023-11-15 07:00:00,731,Ranipet,0.5,-5.16
2023-11-16 19:00:00,731,Ranipet,0.5,-5.18
2023-11-18 23:00:00,731,Ranipet,0.5,-5.213333333333334
2023-11-22 00:00:00,731,Ranipet,0.5,-5.233333333333333
2023-11-24 16:00:00,731,Ranipet,0.5,-5.253333333333333
2023-11-25 00:00:00,731,Ranipet,0.5,-5.2
2023-11-25 07:00:00,731,Ranipet,0.5,-5.196666666666666
2023-11-25 13:00:00,731,Ranipet,0.5,-5.1866666666666665
2023-11-25 20:00:00,731,Ranipet,0.5,-5.19
2023-11-26 08:00:00,731,Ranipet,0.5,-5.19
2023-11-26 13:00:00,731,Ranipet,0.5,-5.1866666666666665
2023-11-26 15:00:00,731,Ranipet,0.5,-5.1866666666666665
2023-11-26 20:00:00,731,Ranipet,0.5,-5.19
2023-11-27 02:00:00,731,Ranipet,0.5,-5.136666666666667
2023-11-27 07:00:00,731,Ranipet,22.5,-5.113333333333333
2023-11-27 13:00:00,731,Ranipet,0.5,-5.163333333333333
2023-11-27 15:00:00,731,Ranipet,1.5,-5.163333333333333
2023-11-27 18:00:00,731,Ranipet,0.5,-5.06
2023-11-28 01:00:00,731,Ranipet,10.5,-5.053333333333334
2023-11-28 04:00:00,731,Ranipet,2.0,-5.033333333333333
2023-11-28 11:00:00,731,Ranipet,1.5,-5.010000000000001
2023-11-29 04:00:00,731,Ranipet,0.5,-4.963333333333334
2023-11-29 11:00:00,731,Ranipet,1.0,-4.953333333333333
2023-11-29 19:00:00,731,Ranipet,0.5,-4.926666666666667
2023-11-29 20:00:00,731,Ranipet,5.0,-4.926666666666667
2023-11-29 21:00:00,731,Ranipet,12.0,-4.926666666666667
2023-11-29 22:00:00,731,Ranipet,1.5,-4.886666666666667
2023-11-30 16:00:00,731,Ranipet,3.5,-4.743333333333333
2023-12-02 11:00:00,731,Ranipet,0.5,-4.5633333333333335
2023-12-02 12:00:00,731,Ranipet,1.0,-4.5633333333333335
2023-12-02 13:00:00,731,Ranipet,5.0,-4.5633333333333335
2023-12-02 14:00:00,731,Ranipet,1.0,-4.5633333333333335
2023-12-02 15:00:00,731,Ranipet,3.0,-4.5633333333333335
2023-12-02 16:00:00,731,Ranipet,0.5,-4.53
2023-12-02 18:00:00,731,Ranipet,1.0,-4.53
2023-12-02 19:00:00,731,Ranipet,1.0,-4.53
2023-12-02 21:00:00,731,Ranipet,3.5,-4.53
2023-12-02 22:00:00,731,Ranipet,1.0,-4.483333333333333
2023-12-02 23:00:00,731,Ranipet,2.0,-4.483333333333333
2023-12-03 00:00:00,731,Ranipet,0.5,-4.483333333333333
2023-12-03 01:00:00,731,Ranipet,3.5,-4.483333333333333
2023-12-03 02:00:00,731,Ranipet,1.0,-4.483333333333333
2023-12-03 04:00:00,731,Ranipet,0.5,-4.406666666666666
2023-12-03 05:00:00,731,Ranipet,3.0,-4.406666666666666
2023-12-03 06:00:00,731,Ranipet,4.0,-4.406666666666666
2023-12-03 07:00:00,731,Ranipet,2.0,-4.406666666666666
2023-12-03 08:00:00,731,Ranipet,1.5,-4.406666666666666
2023-12-03 11:00:00,731,Ranipet,1.0,-4.293333333333334
2023-12-03 12:00:00,731,Ranipet,0.5,-4.293333333333334
2023-12-03 13:00:00,731,Ranipet,1.5,-4.293333333333334
2023-12-03 14:00:00,731,Ranipet,1.5,-4.293333333333334
2023-12-03 16:00:00,731,Ranipet,2.5,-4.193333333333333
2023-12-03 17:00:00,731,Ranipet,2.0,-4.193333333333333
2023-12-03 18:00:00,731,Ranipet,2.0,-4.193333333333333
2023-12-03 19:00:00,731,Ranipet,1.0,-4.193333333333333
2023-12-03 20:00:00,731,Ranipet,1.0,-4.193333333333333
2023-12-03 21:00:00,731,Ranipet,1.5,-4.193333333333333
2023-12-03 22:00:00,731,Ranipet,0.5,-4.1033333333333335
2023-12-03 23:00:00,731,Ranipet,1.0,-4.1033333333333335
2023-12-04 00:00:00,731,Ranipet,2.5,-4.1033333333333335
2023-12-04 01:00:00,731,Ranipet,5.5,-4.1033333333333335
2023-12-04 02:00:00,731,Ranipet,11.0,-4.1033333333333335
2023-12-04 03:00:00,731,Ranipet,8.5,-4.1033333333333335
2023-12-04 04:00:00,731,Ranipet,9.0,-4.1033333333333335
2023-12-04 05:00:00,731,Ranipet,9.0,-4.1033333333333335
2024-01-07 12:00:00,731,Ranipet,8.0,-4.15
2024-01-07 13:00:00,731,Ranipet,3.5,-4.15
2024-01-07 14:00:00,731,Ranipet,0.5,-4.15
2024-01-07 21:00:00,731,Ranipet,1.5,-4.15
2024-01-07 23:00:00,731,Ranipet,1.0,-4.16
2024-01-08 00:00:00,731,Ranipet,0.5,-4.16
2024-01-08 01:00:00,731,Ranipet,2.0,-4.16
2024-01-08 02:00:00,731,Ranipet,1.0,-4.16
2024-01-08 03:00:00,731,Ranipet,1.0,-4.16
2024-01-08 04:00:00,731,Ranipet,1.0,-4.15
2024-01-08 05:00:00,731,Ranipet,0.5,-4.15
2024-01-08 06:00:00,731,Ranipet,0.5,-4.15
2024-01-08 07:00:00,731,Ranipet,0.5,-4.15
2024-01-08 09:00:00,731,Ranipet,0.5,-4.15
2024-01-08 10:00:00,731,Ranipet,0.5,-4.116666666666666
2024-01-08 11:00:00,731,Ranipet,0.5,-4.116666666666666
2024-01-08 12:00:00,731,Ranipet,0.5,-4.116666666666666
2024-01-08 13:00:00,731,Ranipet,0.5,-4.116666666666666
2024-01-08 14:00:00,731,Ranipet,0.5,-4.116666666666666
2024-05-16 11:00:00,731,Ranipet,2.0,-6.140000000000001
2024-05-17 13:00:00,731,Ranipet,0.5,-6.146666666666667
2024-05-19 14:00:00,731,Ranipet,25.5,-6.166666666666667
2024-05-19 15:00:00,731,Ranipet,4.0,-6.166666666666667
2024-05-21 16:00:00,731,Ranipet,3.0,-6.153333333333332
2024-06-04 17:00:00,731,Ranipet,1.0,-6.31
2024-06-05 04:00:00,731,Ranipet,0.5,-6.31
2024-06-05 16:00:00,731,Ranipet,1.5,-6.31
2024-06-05 18:00:00,731,Ranipet,0.5,-6.31
2024-06-05 19:00:00,731,Ranipet,0.5,-6.31
2024-06-05 20:00:00,731,Ranipet,0.5,-6.31
2024-06-06 18:00:00,731,Ranipet,2.0,-6.316666666666666
2024-06-06 19:00:00,731,Ranipet,25.5,-6.316666666666666
2024-06-06 20:00:00,731,Ranipet,1.5,-6.316666666666666
2024-06-06 21:00:00,731,Ranipet,1.5,-6.316666666666666
2024-06-06 22:00:00,731,Ranipet,1.0,-6.293333333333333
2024-06-06 23:00:00,731,Ranipet,2.0,-6.293333333333333
2024-06-07 00:00:00,731,Ranipet,0.5,-6.293333333333333
2024-06-07 01:00:00,731,Ranipet,0.5,-6.293333333333333
2024-06-07 08:00:00,731,Ranipet,0.5,-6.27
2024-06-07 23:00:00,731,Ranipet,6.5,-6.203333333333333
2024-06-08 00:00:00,731,Ranipet,5.0,-6.203333333333333
2024-06-10 17:00:00,731,Ranipet,2.0,-5.916666666666667
2024-06-12 04:00:00,731,Ranipet,0.5,-5.876666666666668
2024-06-12 23:00:00,731,Ranipet,3.5,-5.8566666666666665
2024-06-13 00:00:00,731,Ranipet,0.5,-5.8566666666666665
2024-06-17 03:00:00,731,Ranipet,2.5,-5.87
2024-06-17 04:00:00,731,Ranipet,1.0,-5.863333333333333
2024-06-17 05:00:00,731,Ranipet,0.5,-5.863333333333333
2024-06-18 01:00:00,731,Ranipet,21.5,-5.87
2024-06-18 02:00:00,731,Ranipet,61.5,-5.87
2024-06-18 03:00:00,731,Ranipet,2.0,-5.87
2024-06-18 04:00:00,731,Ranipet,1.0,-5.846666666666668
2024-06-18 05:00:00,731,Ranipet,1.0,-5.846666666666668
2024-06-18 06:00:00,731,Ranipet,0.5,-5.846666666666668
2024-06-18 21:00:00,731,Ranipet,10.5,-5.816666666666666
2024-06-18 22:00:00,731,Ranipet,1.0,-5.77
2024-06-18 23:00:00,731,Ranipet,1.5,-5.77
2024-06-19 00:00:00,731,Ranipet,0.5,-5.77
2024-06-19 01:00:00,731,Ranipet,1.0,-5.77
2024-06-19 02:00:00,731,Ranipet,0.5,-5.77
2024-06-19 03:00:00,731,Ranipet,0.5,-5.77
2024-06-19 04:00:00,731,Ranipet,0.5,-5.666666666666667
2024-06-19 23:00:00,731,Ranipet,1.0,-5.56
2024-06-20 01:00:00,731,Ranipet,2.5,-5.56
2024-06-20 02:00:00,731,Ranipet,1.0,-5.56
2024-06-20 03:00:00,731,Ranipet,0.5,-5.56
2024-06-20 16:00:00,731,Ranipet,1.0,-5.386666666666667
2024-06-20 18:00:00,731,Ranipet,0.5,-5.386666666666667
2024-06-20 20:00:00,731,Ranipet,1.0,-5.386666666666667
2024-06-20 21:00:00,731,Ranipet,13.0,-5.386666666666667
2024-06-20 22:00:00,731,Ranipet,0.5,-5.3566666666666665
2024-06-21 11:00:00,731,Ranipet,0.5,-5.273333333333333
2024-06-21 17:00:00,731,Ranipet,5.5,-5.236666666666666
2024-06-21 18:00:00,731,Ranipet,1.0,-5.236666666666666
2024-06-21 19:00:00,731,Ranipet,0.5,-5.236666666666666
2024-06-22 07:00:00,731,Ranipet,0.5,-5.176666666666667
2024-06-25 20:00:00,731,Ranipet,2.0,-5.003333333333333
2024-07-01 00:00:00,731,Ranipet,0.5,-5.123333333333334
2024-07-03 21:00:00,731,Ranipet,12.5,-5.136666666666667
2024-07-04 01:00:00,731,Ranipet,0.5,-5.163333333333333
2024-07-04 19:00:00,731,Ranipet,1.0,-5.173333333333333
2024-07-05 22:00:00,731,Ranipet,11.0,-5.180000000000001
2024-07-05 23:00:00,731,Ranipet,16.0,-5.180000000000001
2024-07-06 00:00:00,731,Ranipet,5.5,-5.180000000000001
2024-07-06 01:00:00,731,Ranipet,3.0,-5.180000000000001
2024-07-07 18:00:00,731,Ranipet,3.5,-5.16
2024-07-07 20:00:00,731,Ranipet,2.5,-5.16
2024-07-07 21:00:00,731,Ranipet,1.0,-5.16
2024-07-07 22:00:00,731,Ranipet,3.0,-5.14
2024-07-08 00:00:00,731,Ranipet,0.5,-5.14
2024-07-10 23:00:00,731,Ranipet,2.5,-5.093333333333334
2024-07-11 00:00:00,731,Ranipet,21.5,-5.093333333333334
2024-07-11 01:00:00,731,Ranipet,23.5,-5.093333333333334
2024-07-11 02:00:00,731,Ranipet,16.0,-5.093333333333334
2024-07-11 03:00:00,731,Ranipet,10.0,-5.093333333333334
2024-07-11 04:00:00,731,Ranipet,5.5,-5.066666666666666
2024-07-11 05:00:00,731,Ranipet,3.5,-5.066666666666666
2024-07-11 06:00:00,731,Ranipet,2.0,-5.066666666666666
2024-07-11 07:00:00,731,Ranipet,1.5,-5.066666666666666
2024-07-12 20:00:00,731,Ranipet,1.5,-4.94
2024-07-12 21:00:00,731,Ranipet,16.5,-4.94
2024-07-12 22:00:00,731,Ranipet,8.5,-4.92
2024-07-12 23:00:00,731,Ranipet,8.0,-4.92
2024-07-13 00:00:00,731,Ranipet,7.0,-4.92
2024-07-13 01:00:00,731,Ranipet,6.0,-4.92
2024-07-13 02:00:00,731,Ranipet,5.5,-4.92
2024-07-13 03:00:00,731,Ranipet,4.5,-4.92
2024-07-13 04:00:00,731,Ranipet,3.5,-4.859999999999999
2024-07-13 05:00:00,731,Ranipet,3.0,-4.859999999999999
2024-07-13 06:00:00,731,Ranipet,2.0,-4.859999999999999
2024-07-13 07:00:00,731,Ranipet,1.5,-4.859999999999999
2024-07-13 08:00:00,731,Ranipet,1.0,-4.859999999999999
2024-07-14 16:00:00,731,Ranipet,0.5,-4.62
2024-07-15 08:00:00,731,Ranipet,0.5,-4.58
2024-07-15 11:00:00,731,Ranipet,0.5,-4.569999999999999
2024-07-15 12:00:00,731,Ranipet,0.5,-4.569999999999999
2024-07-15 13:00:00,731,Ranipet,1.5,-4.569999999999999
2024-07-15 14:00:00,731,Ranipet,0.5,-4.569999999999999
2024-07-15 16:00:00,731,Ranipet,0.5,-4.54
2024-07-15 18:00:00,731,Ranipet,0.5,-4.54
2024-07-15 19:00:00,731,Ranipet,0.5,-4.54
2024-07-15 20:00:00,731,Ranipet,0.5,-4.54
2024-07-18 15:00:00,731,Ranipet,0.5,-4.47
2024-07-18 17:00:00,731,Ranipet,1.5,-4.456666666666666
2024-07-18 18:00:00,731,Ranipet,7.5,-4.456666666666666
2024-07-18 19:00:00,731,Ranipet,0.5,-4.456666666666666
2024-07-23 19:00:00,731,Ranipet,4.0,-4.373333333333334
2024-07-23 20:00:00,731,Ranipet,0.5,-4.373333333333334
2024-08-02 21:00:00,731,Ranipet,3.5,-4.6433333333333335
2024-08-02 22:00:00,731,Ranipet,0.5,-4.653333333333333
2024-08-03 23:00:00,731,Ranipet,8.5,-4.69
2024-08-04 00:00:00,731,Ranipet,1.5,-4.69
2024-08-04 01:00:00,731,Ranipet,2.0,-4.69
2024-08-04 18:00:00,731,Ranipet,0.5,-4.6866666666666665
2024-08-04 22:00:00,731,Ranipet,1.0,-4.703333333333333
2024-08-05 03:00:00,731,Ranipet,1.5,-4.703333333333333
2024-08-05 04:00:00,731,Ranipet,4.0,-4.6866666666666665
2024-08-05 05:00:00,731,Ranipet,4.0,-4.6866666666666665
2024-08-05 06:00:00,731,Ranipet,4.0,-4.6866666666666665
2024-08-05 07:00:00,731,Ranipet,3.0,-4.6866666666666665
2024-08-05 08:00:00,731,Ranipet,1.0,-4.6866666666666665
2024-08-05 11:00:00,731,Ranipet,0.5,-4.6866666666666665
2024-08-06 19:00:00,731,Ranipet,27.5,-4.58
2024-08-06 20:00:00,731,Ranipet,17.5,-4.58
2024-08-06 21:00:00,731,Ranipet,12.0,-4.58
2024-08-06 22:00:00,731,Ranipet,6.0,-4.5633333333333335
2024-08-07 00:00:00,731,Ranipet,1.0,-4.5633333333333335
2024-08-07 01:00:00,731,Ranipet,3.5,-4.5633333333333335
2024-08-07 02:00:00,731,Ranipet,0.5,-4.5633333333333335
2024-08-07 03:00:00,731,Ranipet,0.5,-4.5633333333333335
2024-08-07 23:00:00,731,Ranipet,0.5,-4.48
2024-08-08 00:00:00,731,Ranipet,1.5,-4.48
2024-08-08 01:00:00,731,Ranipet,1.5,-4.48
2024-08-08 02:00:00,731,Ranipet,1.0,-4.48
2024-08-08 03:00:00,731,Ranipet,1.0,-4.48
2024-08-08 04:00:00,731,Ranipet,1.0,-4.463333333333334
2024-08-08 05:00:00,731,Ranipet,1.0,-4.463333333333334
2024-08-08 06:00:00,731,Ranipet,1.0,-4.463333333333334
2024-08-08 07:00:00,731,Ranipet,1.0,-4.463333333333334
2024-08-08 08:00:00,731,Ranipet,0.5,-4.463333333333334
2024-08-08 09:00:00,731,Ranipet,0.5,-4.463333333333334
2024-08-08 14:00:00,731,Ranipet,0.5,-4.446666666666666
2024-08-09 03:00:00,731,Ranipet,0.5,-4.4366666666666665
2024-08-09 05:00:00,731,Ranipet,0.5,-5.4350000000000005
2024-08-10 19:00:00,731,Ranipet,15.5,-4.333333333333333
2024-08-10 20:00:00,731,Ranipet,6.0,-4.333333333333333
2024-08-12 01:00:00,731,Ranipet,1.5,-4.29
2024-08-12 02:00:00,731,Ranipet,7.0,-4.29
2024-08-12 03:00:00,731,Ranipet,5.5,-4.29
2024-08-12 04:00:00,731,Ranipet,4.5,-5.165
2024-08-12 05:00:00,731,Ranipet,3.5,-5.165
2024-08-12 07:00:00,731,Ranipet,0.5,-5.165
2024-08-12 08:00:00,731,Ranipet,2.5,-5.165
2024-08-12 09:00:00,731,Ranipet,2.5,-5.165
2024-08-12 10:00:00,731,Ranipet,2.0,-5.065
2024-08-12 11:00:00,731,Ranipet,1.5,-5.065
2024-08-12 13:00:00,731,Ranipet,0.5,-5.065
2024-08-28 05:00:00,731,Ranipet,0.5,-4.023333333333333
2024-08-29 17:00:00,731,Ranipet,1.0,-4.05
2024-08-29 20:00:00,731,Ranipet,3.5,-4.05
2024-08-29 22:00:00,731,Ranipet,0.5,-4.056666666666667
2024-08-30 20:00:00,731,Ranipet,3.5,-4.069999999999999
2024-08-30 21:00:00,731,Ranipet,1.0,-4.069999999999999
2024-08-30 22:00:00,731,Ranipet,0.5,-4.083333333333333
2024-08-31 00:00:00,731,Ranipet,0.5,-4.083333333333333
2024-09-02 23:00:00,731,Ranipet,3.0,-4.116666666666666
2024-09-03 00:00:00,731,Ranipet,4.5,-4.116666666666666
2024-09-03 23:00:00,731,Ranipet,0.5,-4.1466666666666665
2024-09-06 01:00:00,731,Ranipet,11.0,-4.183333333333333
2024-09-06 02:00:00,731,Ranipet,11.0,-4.183333333333333
2024-09-06 03:00:00,731,Ranipet,5.0,-4.183333333333333
2024-09-06 04:00:00,731,Ranipet,0.5,-4.183333333333333
2024-09-11 10:35:00,731,Ranipet,1.0,-4.226666666666667
2024-09-11 11:00:00,731,Ranipet,1.0,-4.226666666666667
2024-09-18 01:00:00,731,Ranipet,1.5,-4.3966666666666665
2024-09-21 01:00:00,731,Ranipet,2.5,-4.456666666666667
2024-09-21 02:00:00,731,Ranipet,7.5,-4.456666666666667
2024-09-21 03:00:00,731,Ranipet,1.0,-4.456666666666667
2024-09-21 04:00:00,731,Ranipet,1.5,-4.623333333333333
2024-09-21 05:00:00,731,Ranipet,2.0,-4.623333333333333
2024-09-21 06:00:00,731,Ranipet,0.5,-4.623333333333333
2024-09-21 07:00:00,731,Ranipet,0.5,-4.623333333333333
2024-09-21 09:00:00,731,Ranipet,0.5,-4.623333333333333
2024-09-22 03:00:00,731,Ranipet,1.5,-4.476666666666667
2024-09-23 19:00:00,731,Ranipet,0.5,-4.486666666666667
2024-09-24 02:00:00,731,Ranipet,2.0,-4.489999999999999
2024-09-24 03:00:00,731,Ranipet,0.5,-4.489999999999999
2024-09-24 04:00:00,731,Ranipet,0.5,-4.483333333333333
2024-09-24 16:00:00,731,Ranipet,1.5,-4.483333333333333
2024-09-24 17:00:00,731,Ranipet,2.0,-4.483333333333333
2024-09-24 18:00:00,731,Ranipet,0.5,-4.483333333333333
2024-09-25 17:00:00,731,Ranipet,3.0,-4.5
2024-09-25 20:00:00,731,Ranipet,9.0,-4.5
2024-09-25 21:00:00,731,Ranipet,15.5,-4.5
2024-09-25 22:00:00,731,Ranipet,37.0,-4.48
2024-09-25 23:00:00,731,Ranipet,2.5,-4.48
2024-09-26 09:00:00,731,Ranipet,0.5,-4.446666666666666
2024-10-07 13:00:00,731,Ranipet,8.0,-4.39
2024-10-07 14:00:00,731,Ranipet,20.5,-4.39
2024-10-08 15:00:00,731,Ranipet,20.5,-4.343333333333333
2024-10-10 09:00:00,731,Ranipet,2.5,-4.263333333333334
2024-10-10 10:00:00,731,Ranipet,0.5,-4.253333333333333
2024-10-12 01:00:00,731,Ranipet,1.5,-4.25
2024-10-12 10:00:00,731,Ranipet,0.5,-4.253333333333333
2024-10-14 02:00:00,731,Ranipet,0.5,-4.236666666666667
2024-10-14 03:00:00,731,Ranipet,1.5,-4.236666666666667
2024-10-14 04:00:00,731,Ranipet,0.5,-2.4066666666666667
2024-10-14 05:00:00,731,Ranipet,3.0,-2.4066666666666667
2024-10-14 06:00:00,731,Ranipet,5.5,-2.4066666666666667
2024-10-14 07:00:00,731,Ranipet,1.0,-2.4066666666666667
2024-10-14 14:00:00,731,Ranipet,0.5,-4.246666666666667
2024-10-14 16:00:00,731,Ranipet,0.5,-4.24
2024-10-14 22:00:00,731,Ranipet,0.5,-4.233333333333333
2024-10-14 23:00:00,731,Ranipet,3.0,-4.233333333333333
2024-10-15 00:00:00,731,Ranipet,3.5,-4.233333333333333
2024-10-15 01:00:00,731,Ranipet,1.0,-4.233333333333333
2024-10-15 02:00:00,731,Ranipet,1.5,-4.233333333333333
2024-10-15 03:00:00,731,Ranipet,1.0,-4.233333333333333
2024-10-15 06:00:00,731,Ranipet,0.5,-4.233333333333333
2024-10-15 09:00:00,731,Ranipet,1.0,-4.233333333333333
2024-10-15 10:00:00,731,Ranipet,1.5,-4.266666666666667
2024-10-15 12:00:00,731,Ranipet,2.5,-4.266666666666667
2024-10-15 13:00:00,731,Ranipet,3.5,-4.266666666666667
2024-10-15 14:00:00,731,Ranipet,1.5,-4.266666666666667
2024-10-15 15:00:00,731,Ranipet,2.0,-4.266666666666667
2024-10-15 16:00:00,731,Ranipet,5.5,-4.2
2024-10-15 17:00:00,731,Ranipet,1.0,-4.2
2024-10-15 18:00:00,731,Ranipet,0.5,-4.2
2024-10-15 19:00:00,731,Ranipet,0.5,-4.2
2024-10-15 20:00:00,731,Ranipet,3.0,-4.2
2024-10-15 21:00:00,731,Ranipet,5.5,-4.2
2024-10-15 22:00:00,731,Ranipet,0.5,-4.17
2024-10-16 00:00:00,731,Ranipet,1.0,-4.17
2024-10-16 01:00:00,731,Ranipet,0.5,-4.17
2024-10-16 02:00:00,731,Ranipet,1.0,-4.17
2024-10-16 03:00:00,731,Ranipet,1.5,-4.17
2024-10-16 04:00:00,731,Ranipet,1.5,-4.14
2024-10-16 05:00:00,731,Ranipet,1.5,-4.14
2024-10-16 07:00:00,731,Ranipet,0.5,-4.14
2024-10-16 08:00:00,731,Ranipet,1.0,-4.14
2024-10-16 09:00:00,731,Ranipet,1.0,-4.14
2024-10-16 10:00:00,731,Ranipet,7.0,-4.113333333333333
2024-10-16 11:00:00,731,Ranipet,11.0,-4.113333333333333
2024-10-18 18:00:00,731,Ranipet,0.5,-3.9333333333333336
2024-10-19 07:00:00,731,Ranipet,0.5,-3.92
2024-10-19 08:00:00,731,Ranipet,1.0,-3.92
2024-10-19 09:00:00,731,Ranipet,0.5,-3.92
2024-10-19 15:00:00,731,Ranipet,9.0,-3.8866666666666654
2024-10-20 04:00:00,731,Ranipet,8.0,-3.813333333333333
2024-10-20 05:00:00,731,Ranipet,0.5,-3.813333333333333
2024-10-21 02:00:00,731,Ranipet,1.0,-3.65
2024-10-21 03:00:00,731,Ranipet,17.5,-3.65
2024-10-22 18:00:00,731,Ranipet,13.5,-3.56
2024-11-01 14:00:00,731,Ranipet,0.5,-3.065
2024-11-02 11:00:00,731,Ranipet,5.5,-3.8433333333333337
2024-11-02 15:00:00,731,Ranipet,1.0,-3.8433333333333337
2024-11-02 17:00:00,731,Ranipet,0.5,-3.8533333333333335
2024-11-02 18:00:00,731,Ranipet,1.0,-3.8533333333333335
2024-11-04 06:00:00,731,Ranipet,1.0,-3.883333333333333
2024-11-06 21:00:00,731,Ranipet,0.5,-3.9466666666666654
2024-11-07 04:00:00,731,Ranipet,0.5,-3.953333333333333
2024-11-07 07:00:00,731,Ranipet,0.5,-3.953333333333333
2024-11-07 13:00:00,731,Ranipet,12.5,-3.9566666666666666
2024-11-07 14:00:00,731,Ranipet,1.0,-3.9566666666666666
2024-11-07 15:00:00,731,Ranipet,4.0,-3.9566666666666666
2024-11-14 03:00:00,731,Ranipet,3.0,-4.076666666666667
2024-11-14 04:00:00,731,Ranipet,2.0,-4.08
2024-11-14 05:00:00,731,Ranipet,1.5,-4.08
2024-11-14 14:00:00,731,Ranipet,2.0,-4.086666666666667
2024-11-14 16:00:00,731,Ranipet,0.5,-4.083333333333333
2024-11-14 23:00:00,731,Ranipet,6.5,-4.090000000000001
2024-11-15 02:00:00,731,Ranipet,0.5,-4.090000000000001
2024-11-15 04:00:00,731,Ranipet,1.0,-4.083333333333333
2024-11-15 05:00:00,731,Ranipet,4.5,-4.083333333333333
2024-11-15 09:00:00,731,Ranipet,1.0,-4.083333333333333
2024-11-15 15:00:00,731,Ranipet,3.0,-4.086666666666667
2024-11-16 03:00:00,731,Ranipet,0.5,-4.0633333333333335
2024-11-16 14:00:00,731,Ranipet,1.0,-4.06
2024-11-16 17:00:00,731,Ranipet,0.5,-4.05
2024-11-26 12:00:00,731,Ranipet,0.5,-3.3433333333333337
2024-11-26 13:00:00,731,Ranipet,5.0,-3.3433333333333337
2024-11-26 14:00:00,731,Ranipet,4.0,-3.3433333333333337
2024-11-26 15:00:00,731,Ranipet,0.5,-3.3433333333333337
2024-11-26 16:00:00,731,Ranipet,1.5,-3.353333333333333
2024-11-26 17:00:00,731,Ranipet,3.5,-3.353333333333333
2024-11-26 18:00:00,731,Ranipet,2.5,-3.353333333333333
2024-11-26 22:00:00,731,Ranipet,0.5,-3.356666666666667
2024-11-27 00:00:00,731,Ranipet,0.5,-3.356666666666667
2024-11-29 04:00:00,731,Ranipet,0.5,-3.3800000000000003
2024-11-29 07:00:00,731,Ranipet,0.5,-3.3800000000000003
2024-11-29 09:00:00,731,Ranipet,0.5,-3.3800000000000003
2024-11-29 10:00:00,731,Ranipet,0.5,-3.4466666666666668
2024-11-29 21:00:00,731,Ranipet,4.0,-3.403333333333333
2024-11-29 22:00:00,731,Ranipet,0.5,-3.45
2024-11-30 05:00:00,731,Ranipet,1.5,-3.3766666666666665
2024-11-30 06:00:00,731,Ranipet,4.0,-3.3766666666666665
2024-11-30 07:00:00,731,Ranipet,4.0,-3.3766666666666665
2024-11-30 08:00:00,731,Ranipet,3.5,-3.3766666666666665
2024-11-30 09:00:00,731,Ranipet,5.0,-3.3766666666666665
2024-11-30 10:00:00,731,Ranipet,19.5,-3.3633333333333333
2024-11-30 11:00:00,731,Ranipet,29.0,-3.3633333333333333
2024-11-30 12:00:00,731,Ranipet,20.5,-3.3633333333333333
2024-11-30 13:00:00,731,Ranipet,4.5,-3.3633333333333333
2024-11-30 14:00:00,731,Ranipet,6.0,-3.3633333333333333
2024-11-30 15:00:00,731,Ranipet,8.5,-3.3633333333333333
2024-11-30 16:00:00,731,Ranipet,9.0,-3.17
2024-11-30 17:00:00,731,Ranipet,7.0,-3.17
2024-11-30 18:00:00,731,Ranipet,5.0,-3.17
2024-11-30 19:00:00,731,Ranipet,1.5,-3.17
2024-11-30 21:00:00,731,Ranipet,0.5,-3.17
2024-12-01 09:00:00,731,Ranipet,4.0,-2.8366666666666664
2024-12-01 10:00:00,731,Ranipet,2.0,-2.786666666666666
2024-12-01 12:00:00,731,Ranipet,2.0,-2.786666666666666
2024-12-01 13:00:00,731,Ranipet,1.0,-2.786666666666666
2024-12-01 17:00:00,731,Ranipet,3.5,-2.68
2024-12-01 18:00:00,731,Ranipet,2.0,-2.68
2024-12-01 19:00:00,731,Ranipet,1.0,-2.68
2024-12-01 20:00:00,731,Ranipet,0.5,-2.68
2024-12-02 03:00:00,731,Ranipet,0.5,-2.6933333333333334
2024-12-02 08:00:00,731,Ranipet,0.5,-1.38
2024-12-02 09:00:00,731,Ranipet,1.5,-1.38
2024-12-03 04:00:00,731,Ranipet,2.5,-1.18
2024-12-04 17:00:00,731,Ranipet,3.5,-2.52
2024-12-04 22:00:00,731,Ranipet,11.0,-2.4433333333333334
2024-12-11 11:00:00,731,Ranipet,5.5,-2.6666666666666665
2024-12-11 12:00:00,731,Ranipet,1.0,-2.6666666666666665
2024-12-11 13:00:00,731,Ranipet,0.5,-2.6666666666666665
2024-12-12 11:00:00,731,Ranipet,0.5,-2.5500000000000003
2024-12-12 12:00:00,731,Ranipet,12.5,-2.5500000000000003
2024-12-12 13:00:00,731,Ranipet,24.0,-2.5500000000000003
2024-12-12 14:00:00,731,Ranipet,15.5,-2.5500000000000003
2024-12-16 14:00:00,731,Ranipet,0.5,-2.3233333333333333
2024-12-18 13:00:00,731,Ranipet,1.0,-2.396666666666667
2024-12-18 14:00:00,731,Ranipet,2.5,-2.396666666666667
2024-12-18 15:00:00,731,Ranipet,0.5,-2.396666666666667
2024-12-18 17:00:00,731,Ranipet,0.5,-2.41
2024-12-18 18:00:00,731,Ranipet,0.5,-2.41
2024-12-20 00:00:00,731,Ranipet,1.0,-2.513333333333333
2024-12-20 01:00:00,731,Ranipet,0.5,-2.513333333333333
2024-12-20 02:00:00,731,Ranipet,0.5,-2.513333333333333
2024-12-24 13:00:00,731,Ranipet,2.0,-2.603333333333333
2024-12-24 14:00:00,731,Ranipet,0.5,-2.603333333333333
2024-12-25 18:00:00,731,Ranipet,0.5,-2.6766666666666663
2024-12-25 21:00:00,731,Ranipet,0.5,-2.6766666666666663
2024-12-25 22:00:00,731,Ranipet,1.0,-2.65
2024-12-27 01:00:00,731,Ranipet,0.5,-2.653333333333333
2024-12-27 03:00:00,731,Ranipet,4.0,-2.653333333333333
2024-12-27 04:00:00,731,Ranipet,21.5,-2.6666666666666665
2024-12-27 05:00:00,731,Ranipet,2.5,-2.6666666666666665
2024-12-27 06:00:00,731,Ranipet,1.0,-2.6666666666666665
2024-12-27 07:00:00,731,Ranipet,4.5,-2.6666666666666665
2024-12-27 08:00:00,731,Ranipet,0.5,-2.6666666666666665
2025-01-13 14:00:00,731,Ranipet,0.5,-2.813333333333333
2025-01-19 12:00:00,731,Ranipet,5.5,-2.983333333333333
2025-03-11 14:00:00,731,Ranipet,4.0,-3.6366666666666654
2025-03-11 15:00:00,731,Ranipet,3.5,-3.6366666666666654
2025-03-11 17:00:00,731,Ranipet,6.0,-3.64
2025-03-11 18:00:00,731,Ranipet,0.5,-3.64
2025-04-27 16:00:00,731,Ranipet,0.5,-4.116666666666667
2025-04-27 17:00:00,731,Ranipet,2.5,-4.116666666666667
2025-05-04 18:00:00,731,Ranipet,0.5,-4.64
2025-05-06 20:00:00,731,Ranipet,0.5,-4.236666666666667
2025-05-06 22:00:00,731,Ranipet,1.0,-4.253333333333333
2025-05-06 23:00:00,731,Ranipet,0.5,-4.253333333333333
2025-05-07 01:00:00,731,Ranipet,0.5,-4.253333333333333
2025-05-19 10:00:00,731,Ranipet,6.0,-4.426666666666667
2025-05-19 11:00:00,731,Ranipet,1.5,-4.426666666666667
2025-05-19 16:00:00,731,Ranipet,5.5,-4.433333333333334
2025-05-20 16:00:00,731,Ranipet,0.5,-4.39
2025-05-20 18:00:00,731,Ranipet,19.5,-4.39
2025-05-20 19:00:00,731,Ranipet,16.0,-4.39
2025-05-20 21:00:00,731,Ranipet,1.0,-4.39
2025-05-23 20:00:00,731,Ranipet,2.5,-4.053333333333334
2025-05-23 21:00:00,731,Ranipet,0.5,-4.053333333333334
2025-05-25 20:00:00,731,Ranipet,0.5,-4.53
2025-05-30 16:00:00,731,Ranipet,0.5,-4.09
2025-05-30 17:00:00,731,Ranipet,0.5,-4.09
2025-05-30 18:00:00,731,Ranipet,0.5,-4.09
2025-05-30 22:00:00,731,Ranipet,4.0,-4.136666666666667
2025-05-30 23:00:00,731,Ranipet,1.0,-4.136666666666667
2025-06-10 18:00:00,731,Ranipet,2.0,-4.1066666666666665
2025-06-12 21:00:00,731,Ranipet,4.5,-4.19
2025-06-12 22:00:00,731,Ranipet,2.5,-4.076666666666667
2025-06-12 23:00:00,731,Ranipet,1.5,-4.076666666666667
2025-06-13 00:00:00,731,Ranipet,0.5,-4.076666666666667
2025-06-13 05:00:00,731,Ranipet,0.5,-4.5
2025-06-13 06:00:00,731,Ranipet,16.5,-4.5
2025-06-16 11:00:00,731,Ranipet,0.5,-4.0200000000000005
2025-06-20 19:00:00,731,Ranipet,2.0,-4.18
2025-06-20 22:00:00,731,Ranipet,2.0,-4.1866666666666665
2025-06-22 22:00:00,731,Ranipet,4.5,-4.3
2025-06-22 23:00:00,731,Ranipet,1.5,-4.3
2025-06-23 00:00:00,731,Ranipet,1.5,-4.3
2025-06-23 01:00:00,731,Ranipet,0.5,-4.3
2025-06-23 02:00:00,731,Ranipet,0.5,-4.3
2025-06-30 20:00:00,731,Ranipet,1.5,-4.353333333333333
2025-07-02 17:00:00,731,Ranipet,0.5,-4.336666666666667
2025-07-02 20:00:00,731,Ranipet,7.5,-4.336666666666667
2025-07-08 20:00:00,731,Ranipet,3.5,-4.98
2025-07-08 23:00:00,731,Ranipet,1.5,-4.99
2025-07-09 00:00:00,731,Ranipet,0.5,-4.99
2025-07-13 17:00:00,731,Ranipet,1.0,-4.945
2025-07-14 14:00:00,731,Ranipet,0.5,-4.94
2025-07-14 18:00:00,731,Ranipet,1.0,-4.94
2025-07-14 21:00:00,731,Ranipet,3.0,-4.94
2025-07-15 15:00:00,731,Ranipet,0.5,-4.9350000000000005
2025-07-21 05:00:00,731,Ranipet,0.5,-4.675
2025-07-21 13:00:00,731,Ranipet,0.5,-4.675
2025-07-23 20:00:00,731,Ranipet,1.0,-4.68
2025-07-23 23:00:00,731,Ranipet,0.5,-4.675
2025-07-24 07:00:00,731,Ranipet,0.5,-4.68
2025-08-04 18:00:00,731,Ranipet,46.0,-4.825
2025-08-04 19:00:00,731,Ranipet,3.0,-4.825
2025-08-04 20:00:00,731,Ranipet,1.5,-4.825
2025-08-04 21:00:00,731,Ranipet,2.0,-4.825
2025-08-04 22:00:00,731,Ranipet,2.0,-4.82
2025-08-06 03:00:00,731,Ranipet,2.0,-4.795
2025-08-06 06:00:00,731,Ranipet,0.5,-4.775
2025-08-06 20:00:00,731,Ranipet,0.5,-4.755
2025-08-08 01:00:00,731,Ranipet,3.5,-4.41
2025-08-08 02:00:00,731,Ranipet,13.0,-4.41
2025-08-08 03:00:00,731,Ranipet,0.5,-4.41
2025-08-09 01:00:00,731,Ranipet,0.5,-4.035
2025-08-10 18:00:00,731,Ranipet,2.0,-3.98
2025-08-10 19:00:00,731,Ranipet,1.5,-3.98
2025-08-10 20:00:00,731,Ranipet,2.0,-3.98
2025-08-10 21:00:00,731,Ranipet,1.0,-3.98
2025-08-11 09:00:00,731,Ranipet,0.5,-3.97
2025-08-13 00:00:00,731,Ranipet,0.5,-3.935
2025-08-13 01:00:00,731,Ranipet,0.5,-3.935
2025-08-14 07:00:00,731,Ranipet,0.5,-3.925
2025-08-15 21:00:00,731,Ranipet,0.5,-3.925
2025-08-15 23:00:00,731,Ranipet,0.5,-3.925
2025-08-17 18:00:00,731,Ranipet,3.5,-3.88
2025-08-17 19:00:00,731,Ranipet,2.5,-3.88
2025-08-17 20:00:00,731,Ranipet,0.5,-3.88
2025-08-17 21:00:00,731,Ranipet,2.5,-3.88
2025-08-17 22:00:00,731,Ranipet,0.5,-3.87
2025-08-18 12:00:00,731,Ranipet,0.5,-3.86
2025-08-21 04:00:00,731,Ranipet,0.5,-3.875
2025-08-22 19:00:00,731,Ranipet,11.0,-3.88
2025-08-22 20:00:00,731,Ranipet,0.5,-3.88
2025-08-22 22:00:00,731,Ranipet,0.5,-3.77
2025-08-23 00:00:00,731,Ranipet,0.5,-3.77
2025-08-23 01:00:00,731,Ranipet,14.0,-3.77
2025-08-23 02:00:00,731,Ranipet,11.5,-3.77
2025-08-23 03:00:00,731,Ranipet,7.0,-3.77
2025-08-23 04:00:00,731,Ranipet,4.5,-3.53
2025-08-23 05:00:00,731,Ranipet,3.0,-3.53
2025-08-23 06:00:00,731,Ranipet,2.5,-3.53
2025-08-23 07:00:00,731,Ranipet,2.0,-3.53
2025-08-23 08:00:00,731,Ranipet,1.5,-3.53
2025-08-23 09:00:00,731,Ranipet,1.5,-3.53
2025-08-23 10:00:00,731,Ranipet,1.0,-3.425
2025-08-23 11:00:00,731,Ranipet,1.0,-3.425
2025-08-23 12:00:00,731,Ranipet,1.0,-3.425
2025-08-23 13:00:00,731,Ranipet,1.0,-3.425
2025-08-23 14:00:00,731,Ranipet,1.0,-3.425
2025-08-23 15:00:00,731,Ranipet,0.5,-3.425
2025-08-23 16:00:00,731,Ranipet,0.5,-3.41
2025-08-23 17:00:00,731,Ranipet,0.5,-3.41
2025-08-23 18:00:00,731,Ranipet,0.5,-3.41
2025-08-23 21:00:00,731,Ranipet,0.5,-3.41
2025-08-24 00:00:00,731,Ranipet,0.5,-3.405
2025-08-24 05:00:00,731,Ranipet,0.5,-3.415
2025-08-24 09:00:00,731,Ranipet,0.5,-3.415
2025-08-24 15:00:00,731,Ranipet,0.5,-3.435
2025-08-28 08:00:00,731,Ranipet,0.5,-3.555
2025-09-03 23:00:00,731,Ranipet,1.0,-3.695
2025-09-04 00:00:00,731,Ranipet,0.5,-3.695
2025-09-04 03:00:00,731,Ranipet,0.5,-3.695
2025-09-05 01:00:00,731,Ranipet,1.5,-3.71
2025-09-05 03:00:00,731,Ranipet,0.5,-3.71
2025-09-05 06:00:00,731,Ranipet,0.5,-3.715
2025-09-06 20:00:00,731,Ranipet,2.0,-3.75
2025-09-06 21:00:00,731,Ranipet,2.0,-3.75
2025-09-06 23:00:00,731,Ranipet,0.5,-3.755
2025-09-08 03:00:00,731,Ranipet,0.5,-3.77
2025-09-14 07:00:00,731,Ranipet,1.5,-3.865
2025-09-14 09:00:00,731,Ranipet,0.5,-3.865
2025-09-16 03:00:00,731,Ranipet,5.5,-3.895
2025-09-16 04:00:00,731,Ranipet,0.5,-3.73
2025-09-16 06:00:00,731,Ranipet,1.0,-3.73
2025-09-16 07:00:00,731,Ranipet,0.5,-3.73
2025-09-16 09:00:00,731,Ranipet,0.5,-3.73
2025-09-16 13:00:00,731,Ranipet,0.5,-3.675
2025-09-17 03:00:00,731,Ranipet,14.5,-3.66
2025-09-17 04:00:00,731,Ranipet,10.5,-3.66
2025-09-17 05:00:00,731,Ranipet,1.5,-3.66
2025-09-17 06:00:00,731,Ranipet,1.5,-3.66
2025-09-17 07:00:00,731,Ranipet,1.0,-3.66
2025-09-17 08:00:00,731,Ranipet,0.5,-3.66
2025-09-17 09:00:00,731,Ranipet,1.0,-3.66
2025-09-17 10:00:00,731,Ranipet,0.5,-3.635
2025-09-17 11:00:00,731,Ranipet,0.5,-3.635
2025-09-17 12:00:00,731,Ranipet,1.0,-3.635
2025-09-17 13:00:00,731,Ranipet,0.5,-3.635
2025-09-17 15:00:00,731,Ranipet,0.5,-3.635
2025-09-17 18:00:00,731,Ranipet,0.5,-3.635
2025-09-17 21:00:00,731,Ranipet,3.0,-3.635
2025-09-17 22:00:00,731,Ranipet,3.0,-3.63
2025-09-17 23:00:00,731,Ranipet,3.5,-3.63
2025-09-18 00:00:00,731,Ranipet,2.5,-3.63
2025-09-18 01:00:00,731,Ranipet,1.5,-3.63
2025-09-18 02:00:00,731,Ranipet,1.0,-3.63
2025-09-18 03:00:00,731,Ranipet,1.0,-3.63
2025-09-18 04:00:00,731,Ranipet,1.0,-3.625
2025-09-18 05:00:00,731,Ranipet,0.5,-3.625
2025-09-18 06:00:00,731,Ranipet,0.5,-3.625
2025-09-18 07:00:00,731,Ranipet,0.5,-3.625
2025-09-18 08:00:00,731,Ranipet,0.5,-3.625
2025-09-18 09:00:00,731,Ranipet,1.0,-3.625
2025-09-18 10:00:00,731,Ranipet,0.5,-3.625
2025-09-18 11:00:00,731,Ranipet,1.0,-3.625
2025-09-18 12:00:00,731,Ranipet,0.5,-3.625
2025-09-18 13:00:00,731,Ranipet,0.5,-3.625
2025-09-18 14:00:00,731,Ranipet,0.5,-3.625
2025-09-18 15:00:00,731,Ranipet,1.0,-3.625
2025-09-18 16:00:00,731,Ranipet,2.0,-3.63
2025-09-18 17:00:00,731,Ranipet,1.0,-3.63
2025-09-18 18:00:00,731,Ranipet,1.0,-3.63
2025-09-18 19:00:00,731,Ranipet,0.5,-3.63
2025-09-18 20:00:00,731,Ranipet,0.5,-3.63
2025-09-18 23:00:00,731,Ranipet,0.5,-3.63
2025-09-20 00:00:00,731,Ranipet,0.5,-3.455
2025-09-20 02:00:00,731,Ranipet,0.5,-3.455
2025-09-20 04:00:00,731,Ranipet,0.5,-3.45
2025-09-20 06:00:00,731,Ranipet,0.5,-3.45
2025-09-20 07:00:00,731,Ranipet,0.5,-3.45
2025-09-20 09:00:00,731,Ranipet,0.5,-3.45
2025-09-20 11:00:00,731,Ranipet,0.5,-3.4450000000000003
2025-09-20 12:00:00,731,Ranipet,0.5,-3.4450000000000003
2025-09-20 14:00:00,731,Ranipet,0.5,-3.4450000000000003
2025-09-20 15:00:00,731,Ranipet,0.5,-3.4450000000000003
2025-09-20 17:00:00,731,Ranipet,0.5,-3.455
2025-09-20 19:00:00,731,Ranipet,0.5,-3.455
2025-09-20 21:00:00,731,Ranipet,0.5,-3.455
2025-09-21 01:00:00,731,Ranipet,0.5,-3.45
2025-09-21 05:00:00,731,Ranipet,0.5,-3.46
2025-09-21 09:00:00,731,Ranipet,0.5,-3.46
2025-09-21 14:00:00,731,Ranipet,0.5,-3.465
2025-09-21 18:00:00,731,Ranipet,0.5,-3.47
2025-09-21 23:00:00,731,Ranipet,0.5,-3.47
2025-09-22 07:00:00,731,Ranipet,0.5,-3.46
2025-09-22 13:00:00,731,Ranipet,0.5,-3.45
2025-09-22 19:00:00,731,Ranipet,0.5,-3.45
2025-09-23 02:00:00,731,Ranipet,0.5,-3.45
2025-09-23 09:00:00,731,Ranipet,0.5,-3.445
2025-09-23 13:00:00,731,Ranipet,0.5,-3.4450000000000003
2025-09-23 16:00:00,731,Ranipet,1.0,-3.45
2025-09-23 17:00:00,731,Ranipet,1.5,-3.45
2025-09-23 18:00:00,731,Ranipet,1.0,-3.45
2025-09-23 19:00:00,731,Ranipet,1.5,-3.45
2025-09-23 20:00:00,731,Ranipet,1.0,-3.45
2025-09-23 21:00:00,731,Ranipet,1.0,-3.45
2025-09-23 22:00:00,731,Ranipet,0.5,-3.455
2025-09-23 23:00:00,731,Ranipet,1.0,-3.455
2025-09-24 00:00:00,731,Ranipet,0.5,-3.455
2025-09-24 01:00:00,731,Ranipet,1.0,-3.455
2025-09-24 02:00:00,731,Ranipet,1.0,-3.455
2025-09-24 03:00:00,731,Ranipet,0.5,-3.455
2025-09-24 04:00:00,731,Ranipet,1.0,-3.45
2025-09-24 05:00:00,731,Ranipet,0.5,-3.45
2025-09-24 06:00:00,731,Ranipet,1.0,-3.45
2025-09-24 07:00:00,731,Ranipet,0.5,-3.45
2025-09-24 08:00:00,731,Ranipet,1.0,-3.45
2025-09-24 09:00:00,731,Ranipet,0.5,-3.45
2025-09-24 10:00:00,731,Ranipet,0.5,-3.46
2025-09-24 11:00:00,731,Ranipet,0.5,-3.46
2025-09-24 12:00:00,731,Ranipet,1.0,-3.46
2025-09-24 13:00:00,731,Ranipet,0.5,-3.46
2025-09-24 14:00:00,731,Ranipet,0.5,-3.46
2025-09-24 15:00:00,731,Ranipet,1.0,-3.46
2025-09-24 16:00:00,731,Ranipet,1.0,-3.4650000000000003
2025-09-24 17:00:00,731,Ranipet,0.5,-3.4650000000000003
2025-09-24 18:00:00,731,Ranipet,1.0,-3.4650000000000003
2025-09-24 19:00:00,731,Ranipet,1.0,-3.4650000000000003
2025-09-24 20:00:00,731,Ranipet,0.5,-3.4650000000000003
2025-09-24 21:00:00,731,Ranipet,1.0,-3.4650000000000003
2025-09-24 22:00:00,731,Ranipet,0.5,-3.46
2025-09-24 23:00:00,731,Ranipet,0.5,-3.46
2025-09-25 00:00:00,731,Ranipet,0.5,-3.46
2025-09-25 01:00:00,731,Ranipet,1.0,-3.46
2025-09-25 02:00:00,731,Ranipet,0.5,-3.46
2025-09-25 03:00:00,731,Ranipet,0.5,-3.46
2025-09-25 04:00:00,731,Ranipet,0.5,-3.465
2025-09-25 05:00:00,731,Ranipet,0.5,-3.465
2025-09-25 07:00:00,731,Ranipet,0.5,-3.465
2025-09-25 08:00:00,731,Ranipet,0.5,-3.465
2025-09-25 09:00:00,731,Ranipet,0.5,-3.465
2025-09-25 10:00:00,731,Ranipet,0.5,-3.475
2025-09-25 12:00:00,731,Ranipet,0.5,-3.475
2025-09-25 13:00:00,731,Ranipet,0.5,-3.475
2025-09-25 15:00:00,731,Ranipet,0.5,-3.475
2025-09-25 17:00:00,731,Ranipet,0.5,-3.48
2025-09-25 19:00:00,731,Ranipet,0.5,-3.48
2025-09-25 21:00:00,731,Ranipet,0.5,-3.48
2025-09-25 23:00:00,731,Ranipet,0.5,-3.48
2025-09-26 01:00:00,731,Ranipet,0.5,-3.48
2025-09-26 04:00:00,731,Ranipet,0.5,-3.485
2025-09-26 06:00:00,731,Ranipet,0.5,-3.485
2025-09-26 09:00:00,731,Ranipet,0.5,-3.485
2025-09-26 11:00:00,731,Ranipet,0.5,-3.49
2025-09-26 14:00:00,731,Ranipet,0.5,-3.49
2025-09-26 16:00:00,731,Ranipet,0.5,-3.5
2025-09-26 18:00:00,731,Ranipet,0.5,-3.5
2025-09-26 22:00:00,731,Ranipet,0.5,-3.505
2025-09-27 03:00:00,731,Ranipet,0.5,-3.505
2025-09-27 09:00:00,731,Ranipet,0.5,-3.5
2025-09-27 13:00:00,731,Ranipet,0.5,-3.515
2025-09-27 18:00:00,731,Ranipet,0.5,-3.5250000000000004
2025-09-27 21:00:00,731,Ranipet,0.5,-3.5250000000000004
2025-09-27 23:00:00,731,Ranipet,0.5,-3.53
2025-09-28 01:00:00,731,Ranipet,0.5,-3.53
2025-09-28 04:00:00,731,Ranipet,0.5,-3.53
2025-09-28 07:00:00,731,Ranipet,0.5,-3.53
2025-09-28 09:00:00,731,Ranipet,0.5,-3.53
2025-09-28 11:00:00,731,Ranipet,0.5,-3.535
2025-09-28 14:00:00,731,Ranipet,0.5,-3.535
2025-09-28 17:00:00,731,Ranipet,0.5,-3.545
2025-09-28 18:00:00,731,Ranipet,0.5,-3.545
2025-09-28 20:00:00,731,Ranipet,0.5,-3.545
2025-09-29 02:00:00,731,Ranipet,0.5,-3.545
2025-09-29 08:00:00,731,Ranipet,0.5,-3.545
2025-09-29 12:00:00,731,Ranipet,0.5,-3.55
2025-09-29 16:00:00,731,Ranipet,0.5,-3.565
2025-09-29 19:00:00,731,Ranipet,0.5,-3.565
2025-09-29 22:00:00,731,Ranipet,0.5,-3.565
2025-09-30 01:00:00,731,Ranipet,0.5,-3.565
2025-09-30 04:00:00,731,Ranipet,0.5,-3.565
2025-09-30 09:00:00,731,Ranipet,0.5,-3.565
2025-09-30 14:00:00,731,Ranipet,0.5,-3.5700000000000003
2025-09-30 18:00:00,731,Ranipet,0.5,-3.58
2025-10-01 00:00:00,731,Ranipet,0.5,-3.575
2025-10-01 06:00:00,731,Ranipet,0.5,-3.58
2025-10-01 11:00:00,731,Ranipet,0.5,-3.59
2025-10-01 16:00:00,731,Ranipet,0.5,-3.6
2025-10-01 21:00:00,731,Ranipet,0.5,-3.6
2025-10-02 01:00:00,731,Ranipet,0.5,-3.6
2025-10-02 05:00:00,731,Ranipet,0.5,-3.605
2025-10-02 10:00:00,731,Ranipet,0.5,-3.61
2025-10-02 22:00:00,731,Ranipet,0.5,-3.625
2025-10-03 14:00:00,731,Ranipet,0.5,-3.635
2025-10-04 05:00:00,731,Ranipet,1.5,-3.525
2025-10-04 06:00:00,731,Ranipet,1.0,-3.525
2025-10-04 07:00:00,731,Ranipet,0.5,-3.525
2025-10-04 08:00:00,731,Ranipet,1.0,-3.525
2025-10-04 09:00:00,731,Ranipet,0.5,-3.525
2025-10-04 10:00:00,731,Ranipet,1.0,-3.47
2025-10-04 11:00:00,731,Ranipet,0.5,-3.47
2025-10-04 23:00:00,731,Ranipet,0.5,-3.48
2025-10-05 15:00:00,731,Ranipet,2.5,-3.49
2025-10-05 16:00:00,731,Ranipet,5.0,-3.505
2025-10-05 18:00:00,731,Ranipet,2.0,-3.505
2025-10-05 19:00:00,731,Ranipet,1.5,-3.505
2025-10-05 20:00:00,731,Ranipet,1.0,-3.505
2025-10-05 21:00:00,731,Ranipet,1.0,-3.505
2025-10-05 22:00:00,731,Ranipet,0.5,-3.465
2025-10-05 23:00:00,731,Ranipet,1.0,-3.465
2025-10-06 00:00:00,731,Ranipet,0.5,-3.465
2025-10-06 01:00:00,731,Ranipet,1.0,-3.465
2025-10-06 02:00:00,731,Ranipet,0.5,-3.465
2025-10-06 03:00:00,731,Ranipet,0.5,-3.465
2025-10-06 04:00:00,731,Ranipet,0.5,-3.465
2025-10-06 05:00:00,731,Ranipet,0.5,-3.465
2025-10-06 06:00:00,731,Ranipet,0.5,-3.465
2025-10-06 07:00:00,731,Ranipet,0.5,-3.465
2025-10-06 08:00:00,731,Ranipet,0.5,-3.465
2025-10-06 09:00:00,731,Ranipet,0.5,-3.465
2025-10-06 10:00:00,731,Ranipet,1.0,-3.465
2025-10-06 11:00:00,731,Ranipet,0.5,-3.465
2025-10-06 12:00:00,731,Ranipet,0.5,-3.465
2025-11-18 06:00:00,731,Ranipet,8.5,-3.455
2025-11-18 11:00:00,731,Ranipet,0.5,-3.455
2025-11-18 14:00:00,731,Ranipet,0.5,-3.455
2025-11-18 15:00:00,731,Ranipet,2.5,-3.455
2025-11-18 19:00:00,731,Ranipet,1.0,-3.455
2025-11-18 21:00:00,731,Ranipet,1.0,-3.455
2025-11-18 22:00:00,731,Ranipet,1.0,-3.455
2025-11-21 17:00:00,731,Ranipet,1.0,-3.445
2025-11-21 18:00:00,731,Ranipet,0.5,-3.445
2025-11-21 22:00:00,731,Ranipet,0.5,-3.445
2025-11-22 00:00:00,731,Ranipet,1.5,-3.445
2025-11-22 01:00:00,731,Ranipet,0.5,-3.445
2025-11-22 04:00:00,731,Ranipet,0.5,-2.07
2025-11-22 10:00:00,731,Ranipet,0.5,-2.05
2025-11-22 18:00:00,731,Ranipet,0.5,-2.06
2025-11-23 08:00:00,731,Ranipet,0.5,-3.4400000000000004
2025-11-24 01:00:00,731,Ranipet,0.5,-3.45
2025-11-24 16:00:00,731,Ranipet,0.5,-3.465
2025-11-25 10:00:00,731,Ranipet,0.5,-3.47
2025-11-26 00:00:00,731,Ranipet,0.5,-3.485
2025-11-26 15:00:00,731,Ranipet,1.0,-3.49
2025-11-27 08:00:00,731,Ranipet,0.5,-3.505
2025-11-27 09:00:00,731,Ranipet,0.5,-3.505
2025-11-30 07:00:00,731,Ranipet,6.5,-2.18
2025-12-01 02:00:00,731,Ranipet,0.5,-3.505
2025-12-01 03:00:00,731,Ranipet,0.5,-3.505
2025-12-01 06:00:00,731,Ranipet,0.5,-3.485
2025-12-01 13:00:00,731,Ranipet,0.5,-3.46
2025-12-01 15:00:00,731,Ranipet,0.5,-3.46
2025-12-01 20:00:00,731,Ranipet,0.5,-3.35
2025-12-01 22:00:00,731,Ranipet,0.5,-2.935
2025-12-01 23:00:00,731,Ranipet,0.5,-2.935
2025-12-02 00:00:00,731,Ranipet,1.0,-2.935
2025-12-02 01:00:00,731,Ranipet,0.5,-2.935
2025-12-02 02:00:00,731,Ranipet,1.0,-2.935
2025-12-02 05:00:00,731,Ranipet,0.5,-1.875
2025-12-02 07:00:00,731,Ranipet,0.5,-1.875
2025-12-02 12:00:00,731,Ranipet,0.5,-0.08
2025-12-02 14:00:00,731,Ranipet,2.0,-0.08
2025-12-02 15:00:00,731,Ranipet,0.5,-0.08
2025-12-02 16:00:00,731,Ranipet,0.5,6.3
2025-12-02 17:00:00,731,Ranipet,1.5,6.3
2025-12-02 18:00:00,731,Ranipet,2.0,6.3
2025-12-02 19:00:00,731,Ranipet,0.5,6.3
2025-12-02 22:00:00,731,Ranipet,9.5,2.36
2025-12-02 23:00:00,731,Ranipet,4.5,2.36
2025-12-03 00:00:00,731,Ranipet,19.5,2.36
2025-12-03 01:00:00,731,Ranipet,13.0,2.36
2025-12-03 02:00:00,731,Ranipet,17.0,2.36
2025-12-03 03:00:00,731,Ranipet,0.5,2.36
2025-12-03 04:00:00,731,Ranipet,1.5,-2.625
2025-12-03 05:00:00,731,Ranipet,4.0,-2.625
2025-12-03 06:00:00,731,Ranipet,1.0,-2.625
2025-12-03 08:00:00,731,Ranipet,1.0,-2.625
2025-12-03 09:00:00,731,Ranipet,4.0,-2.625
2025-12-03 10:00:00,731,Ranipet,3.0,10.58
2025-12-03 11:00:00,731,Ranipet,1.5,10.58
2025-12-03 12:00:00,731,Ranipet,1.0,10.58
2025-12-03 13:00:00,731,Ranipet,1.0,10.58
2025-12-03 14:00:00,731,Ranipet,0.5,10.58
2025-12-03 15:00:00,731,Ranipet,0.5,10.58
2025-12-03 19:00:00,731,Ranipet,0.5,4.18
2025-12-04 14:00:00,731,Ranipet,1.5,-1.93
2025-12-04 15:00:00,731,Ranipet,1.0,-1.93
2025-12-04 16:00:00,731,Ranipet,1.0,-1.94
2025-12-04 17:00:00,731,Ranipet,0.5,-1.94
2025-12-04 19:00:00,731,Ranipet,0.5,-1.94
2025-12-04 23:00:00,731,Ranipet,0.5,-1.95
2025-12-05 05:00:00,731,Ranipet,0.5,-3.435
2025-12-05 06:00:00,731,Ranipet,0.5,-3.435
2025-12-05 07:00:00,731,Ranipet,0.5,-3.435
2025-12-05 08:00:00,731,Ranipet,0.5,-3.435
2025-12-05 10:00:00,731,Ranipet,0.5,-3.41
2025-12-05 11:00:00,731,Ranipet,0.5,-3.41
2025-12-05 13:00:00,731,Ranipet,0.5,-3.41
2025-12-05 16:00:00,731,Ranipet,0.5,-3.43
2025-12-05 19:00:00,731,Ranipet,0.5,-3.43
2025-12-12 15:00:00,731,Ranipet,1.5,-3.535
2025-12-16 14:00:00,731,Ranipet,0.5,10.435
2025-12-16 15:00:00,731,Ranipet,2.5,10.435
2025-12-16 16:00:00,731,Ranipet,0.5,10.44
2025-12-16 18:00:00,731,Ranipet,0.5,10.44
2026-02-25 13:00:00,731,Ranipet,2.5,-5.65
2026-03-19 02:00:00,731,Ranipet,50.5,-5.595
2026-03-19 03:00:00,731,Ranipet,4.5,-5.595
2021-09-28 16:00:00,584,Salem,3.5,-11.903200000000002
2021-10-23 22:00:00,584,Salem,10.0,-9.79975
2021-10-23 23:00:00,584,Salem,7.5,-9.79975
2021-10-24 21:00:00,584,Salem,3.0,-10.6465
2021-10-24 22:00:00,584,Salem,1.5,-9.6755
2021-10-27 00:00:00,584,Salem,0.5,-8.561666666666666
2021-10-27 06:00:00,584,Salem,0.5,-8.448
2021-10-30 15:00:00,584,Salem,0.5,-9.864
2021-10-31 21:00:00,584,Salem,0.5,-7.071
2021-11-01 15:00:00,584,Salem,1.0,-8.214
2021-11-01 20:00:00,584,Salem,2.0,-8.698
2021-11-01 21:00:00,584,Salem,0.5,-8.698
2021-11-01 23:00:00,584,Salem,1.5,-7.0520000000000005
2021-11-02 00:00:00,584,Salem,2.0,-7.0520000000000005
2021-11-02 01:00:00,584,Salem,7.0,-7.0520000000000005
2021-11-02 02:00:00,584,Salem,3.0,-7.0520000000000005
2021-11-02 03:00:00,584,Salem,0.5,-7.0520000000000005
2021-11-02 04:00:00,584,Salem,0.5,-6.91875
2021-11-02 07:00:00,584,Salem,0.5,-6.91875
2021-11-02 18:00:00,584,Salem,3.0,-8.274666666666667
2021-11-03 02:00:00,584,Salem,0.5,-8.168000000000001
2021-11-03 04:00:00,584,Salem,1.5,-8.054666666666668
2021-11-03 05:00:00,584,Salem,0.5,-8.054666666666668
2021-11-03 06:00:00,584,Salem,0.5,-8.054666666666668
2021-11-03 09:00:00,584,Salem,0.5,-8.054666666666668
2021-11-05 02:00:00,584,Salem,1.0,-7.963666666666666
2021-11-05 03:00:00,584,Salem,2.0,-7.963666666666666
2021-11-05 04:00:00,584,Salem,0.5,-7.63
2021-11-06 03:00:00,584,Salem,1.0,-7.32
2021-11-07 03:00:00,584,Salem,0.5,-7.210666666666666
2021-11-08 06:00:00,584,Salem,0.5,-7.117333333333334
2021-11-08 07:00:00,584,Salem,2.0,-7.117333333333334
2021-11-08 08:00:00,584,Salem,1.0,-7.117333333333334
2021-11-08 09:00:00,584,Salem,0.5,-7.117333333333334
2021-11-08 10:00:00,584,Salem,0.5,-7.154333333333334
2021-11-08 11:00:00,584,Salem,0.5,-7.154333333333334
2021-11-08 15:00:00,584,Salem,0.5,-7.154333333333334
2021-11-10 01:00:00,584,Salem,0.5,-7.160666666666667
2021-11-10 02:00:00,584,Salem,1.0,-7.160666666666667
2021-11-10 05:00:00,584,Salem,1.5,-7.0696666666666665
2021-11-10 06:00:00,584,Salem,2.5,-7.0696666666666665
2021-11-10 09:00:00,584,Salem,0.5,-7.0696666666666665
2021-11-11 15:00:00,584,Salem,0.5,-7.155
2021-11-11 21:00:00,584,Salem,1.0,-7.191666666666666
2021-11-11 22:00:00,584,Salem,5.0,-6.935
2021-11-11 23:00:00,584,Salem,13.5,-6.935
2021-11-12 06:00:00,584,Salem,1.0,-6.855333333333333
2021-11-12 07:00:00,584,Salem,0.5,-6.855333333333333
2021-11-13 19:00:00,584,Salem,2.5,-6.729666666666667
2021-11-13 20:00:00,584,Salem,1.5,-6.729666666666667
2021-11-13 21:00:00,584,Salem,0.5,-6.729666666666667
2021-11-14 00:00:00,584,Salem,1.0,-6.640666666666667
2021-11-14 05:00:00,584,Salem,5.5,-6.490333333333333
2021-11-14 06:00:00,584,Salem,4.5,-6.490333333333333
2021-11-14 07:00:00,584,Salem,1.5,-6.490333333333333
2021-11-14 18:00:00,584,Salem,0.5,-6.618333333333333
2021-11-15 23:00:00,584,Salem,13.75,-5.3385
2021-11-16 00:00:00,584,Salem,0.5,-5.3385
2021-11-16 14:00:00,584,Salem,2.0,-5.135
2021-11-16 17:00:00,584,Salem,0.5,-5.168
2021-11-16 19:00:00,584,Salem,43.0,-5.168
2021-11-16 20:00:00,584,Salem,8.0,-5.168
2021-11-16 21:00:00,584,Salem,1.0,-5.168
2021-11-16 22:00:00,584,Salem,0.5,-5.0068
2021-11-16 23:00:00,584,Salem,2.5,-5.0068
2021-11-17 00:00:00,584,Salem,2.0,-5.0068
2021-11-17 01:00:00,584,Salem,2.5,-5.0068
2021-11-17 02:00:00,584,Salem,0.5,-5.0068
2021-11-17 16:00:00,584,Salem,1.0,-4.55975
2021-11-17 17:00:00,584,Salem,2.0,-4.55975
2021-11-17 18:00:00,584,Salem,25.5,-4.55975
2021-11-17 19:00:00,584,Salem,2.25,-4.55975
2021-11-17 20:00:00,584,Salem,0.5,-4.55975
2021-11-18 01:00:00,584,Salem,0.5,-4.25375
2021-11-18 11:00:00,584,Salem,1.0,-4.664
2021-11-18 12:00:00,584,Salem,1.5,-4.664
2021-11-18 13:00:00,584,Salem,1.5,-4.664
2021-11-18 14:00:00,584,Salem,1.0,-4.664
2021-11-18 15:00:00,584,Salem,2.0,-4.664
2021-11-18 16:00:00,584,Salem,3.5,-4.1275
2021-11-18 17:00:00,584,Salem,4.0,-4.1275
2021-11-18 18:00:00,584,Salem,1.0,-4.1275
2021-11-18 19:00:00,584,Salem,2.0,-4.1275
2021-11-18 20:00:00,584,Salem,0.5,-4.1275
2021-11-19 00:00:00,584,Salem,1.0,-3.9135
2021-11-19 07:00:00,584,Salem,0.5,-3.7745
2021-11-19 19:00:00,584,Salem,8.0,-3.81325
2021-11-19 22:00:00,584,Salem,17.0,-3.7045
2021-11-19 23:00:00,584,Salem,10.5,-3.7045
2021-11-20 17:00:00,584,Salem,1.5,-3.6705
2021-11-20 18:00:00,584,Salem,1.0,-3.6705
2021-11-20 19:00:00,584,Salem,0.5,-3.6705
2021-11-21 03:00:00,584,Salem,0.5,-3.6055
2021-11-21 18:00:00,584,Salem,0.5,-3.61425
2021-11-21 19:00:00,584,Salem,0.5,-3.61425
2021-11-22 07:00:00,584,Salem,1.5,-3.54275
2021-11-22 13:55:00,584,Salem,9.0,-3.54425
2021-11-22 14:00:00,584,Salem,10.0,-3.54425
2021-11-23 00:00:00,584,Salem,0.5,-3.40775
2021-11-25 16:00:00,584,Salem,0.5,-3.32825
2021-11-25 17:00:00,584,Salem,0.5,-3.32825
2021-11-25 18:00:00,584,Salem,1.0,-3.32825
2021-11-25 19:00:00,584,Salem,0.75,-3.32825
2021-11-25 20:00:00,584,Salem,2.5,-3.32825
2021-11-25 22:00:00,584,Salem,0.5,-3.225
2021-11-26 00:00:00,584,Salem,3.5,-3.225
2021-11-26 01:00:00,584,Salem,0.5,-3.225
2021-11-26 16:00:00,584,Salem,0.5,-3.15775
2021-11-27 00:00:00,584,Salem,0.5,-3.088
2021-11-27 02:00:00,584,Salem,0.5,-3.088
2021-11-27 03:00:00,584,Salem,0.5,-3.088
2021-11-27 04:00:00,584,Salem,0.5,-3.0495
2021-11-27 15:00:00,584,Salem,0.5,-3.1635
2021-11-29 07:00:00,584,Salem,1.5,-3.0095
2021-11-29 09:00:00,584,Salem,1.0,-3.0095
2021-11-29 10:00:00,584,Salem,0.5,-3.1185
2021-12-30 17:00:00,584,Salem,4.5,-4.221333333333333
2021-12-31 18:00:00,584,Salem,2.0,-4.973333333333334
2022-01-14 05:00:00,584,Salem,0.5,-3.575
2022-03-07 03:00:00,584,Salem,2.5,-5.651666666666666
2022-03-07 04:00:00,584,Salem,0.5,-5.1546666666666665
2022-03-07 10:00:00,584,Salem,1.0,-7.635666666666666
2022-03-07 11:00:00,584,Salem,1.0,-7.635666666666666
2022-03-07 15:00:00,584,Salem,1.0,-7.635666666666666
2022-03-07 16:00:00,584,Salem,1.0,-5.532666666666667
2022-03-07 17:00:00,584,Salem,0.5,-5.532666666666667
2022-03-07 18:00:00,584,Salem,0.5,-5.532666666666667
2022-03-16 12:35:00,584,Salem,24.5,-5.667333333333333
2022-03-16 13:40:00,584,Salem,301.0,-5.667333333333333
2022-03-16 13:45:00,584,Salem,3462.0,-5.667333333333333
2022-03-16 14:10:00,584,Salem,2.0,-5.667333333333333
2022-03-16 15:00:00,584,Salem,2.0,-5.667333333333333
2022-03-22 04:00:00,584,Salem,1.0,-5.304
2022-04-09 18:00:00,584,Salem,0.5,-6.9755
2022-04-09 19:00:00,584,Salem,0.5,-6.9755
2022-04-13 00:00:00,584,Salem,1.5,-5.8335
2022-04-13 02:00:00,584,Salem,0.5,-5.8335
2022-04-13 15:00:00,584,Salem,17.5,-5.967499999999999
2022-04-13 16:00:00,584,Salem,19.5,-5.99025
2022-04-13 17:00:00,584,Salem,1.0,-5.99025
2022-04-13 18:00:00,584,Salem,1.0,-5.99025
2022-04-13 19:00:00,584,Salem,8.0,-5.99025
2022-04-14 19:00:00,584,Salem,1.5,-6.00625
2022-04-14 22:00:00,584,Salem,0.5,-5.766500000000001
2022-04-14 23:00:00,584,Salem,8.25,-5.766500000000001
2022-04-15 00:00:00,584,Salem,4.5,-5.766500000000001
2022-04-15 01:00:00,584,Salem,1.0,-5.766500000000001
2022-04-15 04:00:00,584,Salem,0.5,-5.7085
2022-04-15 19:00:00,584,Salem,0.5,-6.63725
2022-04-15 21:00:00,584,Salem,1.0,-6.63725
2022-04-17 00:00:00,584,Salem,0.5,-5.805
2022-04-17 02:00:00,584,Salem,16.0,-5.805
2022-04-17 17:00:00,584,Salem,4.5,-5.989
2022-04-17 18:00:00,584,Salem,2.0,-5.989
2022-04-17 21:00:00,584,Salem,19.0,-5.989
2022-04-17 22:00:00,584,Salem,7.0,-5.73875
2022-04-17 23:00:00,584,Salem,0.75,-5.73875
2022-04-18 00:00:00,584,Salem,1.0,-5.73875
2022-04-18 01:00:00,584,Salem,1.0,-5.73875
2022-04-18 02:00:00,584,Salem,0.5,-5.73875
2022-04-19 17:00:00,584,Salem,3.5,-5.69825
2022-04-23 18:00:00,584,Salem,11.0,-7.0316
2022-04-23 23:00:00,584,Salem,0.5,-5.8676
2022-04-24 00:00:00,584,Salem,0.5,-5.8676
2022-05-01 18:00:00,584,Salem,22.5,-27.614
2022-05-01 19:00:00,584,Salem,1.5,-27.614
2022-06-04 17:00:00,584,Salem,0.5,-6.2334000000000005
2022-06-04 18:00:00,584,Salem,8.5,-6.2334000000000005
2022-06-05 17:00:00,584,Salem,10.0,-7.0276
2022-06-05 18:00:00,584,Salem,0.5,-7.0276
2022-06-05 22:00:00,584,Salem,1.5,-6.0348
2022-06-05 23:00:00,584,Salem,0.5,-6.0348
2022-06-06 00:00:00,584,Salem,0.5,-6.0348
2022-06-07 02:00:00,584,Salem,0.5,-5.7714
2022-06-07 03:00:00,584,Salem,2.0,-5.7714
2022-06-07 04:00:00,584,Salem,0.75,-5.6164000000000005
2022-06-14 20:00:00,584,Salem,0.5,-5.831799999999999
2022-06-14 21:00:00,584,Salem,23.0,-5.831799999999999
2022-06-14 22:00:00,584,Salem,10.25,-5.687600000000001
2022-06-15 00:00:00,584,Salem,0.5,-5.687600000000001
2022-06-15 01:00:00,584,Salem,0.5,-5.687600000000001
2022-06-15 21:00:00,584,Salem,0.5,-5.918200000000001
2022-06-16 17:00:00,584,Salem,0.5,-5.755
2022-06-16 22:00:00,584,Salem,10.5,-5.5816
2022-06-16 23:00:00,584,Salem,1.25,-5.5816
2022-06-17 00:00:00,584,Salem,5.0,-5.5816
2022-06-17 01:00:00,584,Salem,20.0,-5.5816
2022-06-17 10:00:00,584,Salem,0.5,-6.1148
2022-06-18 01:00:00,584,Salem,7.5,-5.642799999999999
2022-06-18 02:00:00,584,Salem,1.0,-5.642799999999999
2022-06-18 21:00:00,584,Salem,6.0,-6.1554
2022-06-18 22:00:00,584,Salem,0.5,-5.614
2022-06-19 01:00:00,584,Salem,3.5,-5.614
2022-06-19 04:00:00,584,Salem,0.5,-5.5244
2022-06-20 21:00:00,584,Salem,9.0,-5.692
2022-06-20 22:00:00,584,Salem,0.5,-5.419
2022-06-21 16:00:00,584,Salem,0.5,-5.4030000000000005
2022-06-21 17:00:00,584,Salem,24.5,-5.4030000000000005
2022-07-01 20:00:00,584,Salem,4.0,-6.715333333333334
2022-07-01 21:00:00,584,Salem,0.5,-6.715333333333334
2022-07-05 16:00:00,584,Salem,1.0,-6.8808333333333325
2022-07-05 17:00:00,584,Salem,5.5,-6.8808333333333325
2022-07-05 18:00:00,584,Salem,1.5,-6.8808333333333325
2022-07-05 21:00:00,584,Salem,0.5,-6.8808333333333325
2022-07-05 23:00:00,584,Salem,0.5,-6.799333333333333
2022-07-06 00:00:00,584,Salem,0.5,-6.799333333333333
2022-07-06 04:00:00,584,Salem,0.5,-6.828666666666666
2022-07-07 17:00:00,584,Salem,0.5,-6.795333333333333
2022-07-07 18:00:00,584,Salem,2.5,-6.795333333333333
2022-07-07 19:00:00,584,Salem,1.0,-6.795333333333333
2022-07-07 20:00:00,584,Salem,0.5,-6.795333333333333
2022-07-09 04:00:00,584,Salem,0.5,-6.816666666666666
2022-07-09 13:00:00,584,Salem,0.5,-7.053666666666667
2022-07-09 15:00:00,584,Salem,0.5,-7.053666666666667
2022-07-09 19:00:00,584,Salem,0.5,-7.773833333333333
2022-07-09 20:00:00,584,Salem,1.0,-7.773833333333333
2022-07-09 21:00:00,584,Salem,0.5,-7.773833333333333
2022-07-09 22:00:00,584,Salem,0.5,-6.992999999999999
2022-07-10 02:00:00,584,Salem,0.5,-6.992999999999999
2022-07-10 03:00:00,584,Salem,0.5,-6.992999999999999
2022-07-10 04:00:00,584,Salem,0.5,-6.8855
2022-07-10 09:00:00,584,Salem,0.5,-6.8855
2022-07-10 17:00:00,584,Salem,1.0,-6.8695
2022-07-11 16:00:00,584,Salem,0.5,-7.372666666666667
2022-07-11 20:00:00,584,Salem,0.5,-7.372666666666667
2022-07-13 14:00:00,584,Salem,0.5,-7.001333333333332
2022-07-13 17:00:00,584,Salem,11.5,-6.960333333333334
2022-07-26 23:00:00,584,Salem,0.5,-6.908
2022-07-27 00:00:00,584,Salem,2.0,-6.908
2022-07-27 02:00:00,584,Salem,2.75,-6.908
2022-07-27 03:00:00,584,Salem,1.75,-6.908
2022-07-27 04:00:00,584,Salem,0.5,-6.840833333333333
2022-07-27 05:00:00,584,Salem,0.75,-6.840833333333333
2022-07-27 06:00:00,584,Salem,1.75,-6.840833333333333
2022-07-27 07:00:00,584,Salem,0.75,-6.840833333333333
2022-07-27 08:00:00,584,Salem,0.5,-6.840833333333333
2022-07-27 16:00:00,584,Salem,0.5,-7.052499999999999
2022-07-27 17:00:00,584,Salem,0.5,-7.052499999999999
2022-07-27 21:00:00,584,Salem,0.5,-7.052499999999999
2022-07-29 01:00:00,584,Salem,0.5,-6.988
2022-07-30 05:00:00,584,Salem,13.5,-6.9446666666666665
2022-07-30 06:00:00,584,Salem,9.5,-6.9446666666666665
2022-07-30 14:00:00,584,Salem,9.0,-7.040666666666667
2022-07-30 23:00:00,584,Salem,12.0,-6.7245
2022-07-31 02:00:00,584,Salem,0.5,-6.7245
2022-07-31 22:00:00,584,Salem,0.5,-6.764333333333333
2022-07-31 23:00:00,584,Salem,0.5,-6.764333333333333
2022-08-01 00:00:00,584,Salem,0.5,-6.764333333333333
2022-08-01 04:00:00,584,Salem,0.5,-6.723
2022-08-01 16:00:00,584,Salem,11.5,-6.6705
2022-08-01 17:00:00,584,Salem,1.5,-6.6705
2022-08-01 20:00:00,584,Salem,0.5,-6.6705
2022-08-01 21:00:00,584,Salem,75.5,-6.6705
2022-08-01 22:00:00,584,Salem,0.5,-6.555499999999999
2022-08-02 01:00:00,584,Salem,0.5,-6.555499999999999
2022-08-02 22:00:00,584,Salem,3.0,-6.457333333333334
2022-08-02 23:00:00,584,Salem,0.5,-6.457333333333334
2022-08-04 07:00:00,584,Salem,3.0,-6.296666666666667
2022-08-04 13:00:00,584,Salem,2.5,-6.502
2022-08-04 15:00:00,584,Salem,1.75,-6.502
2022-08-04 16:00:00,584,Salem,5.0,-6.3705
2022-08-04 17:00:00,584,Salem,2.0,-6.3705
2022-08-04 18:00:00,584,Salem,1.0,-6.3705
2022-08-04 19:00:00,584,Salem,1.25,-6.3705
2022-08-04 20:00:00,584,Salem,0.5,-6.3705
2022-08-04 21:00:00,584,Salem,0.5,-6.3705
2022-08-04 22:00:00,584,Salem,0.5,-6.2683333333333335
2022-08-05 05:00:00,584,Salem,0.5,-6.2316666666666665
2022-08-05 06:00:00,584,Salem,0.5,-6.2316666666666665
2022-08-05 07:00:00,584,Salem,0.5,-6.2316666666666665
2022-08-05 23:00:00,584,Salem,0.5,-6.319166666666667
2022-08-06 01:00:00,584,Salem,0.5,-6.319166666666667
2022-08-06 05:00:00,584,Salem,0.5,-6.211333333333333
2022-08-12 19:00:00,584,Salem,0.5,-6.418166666666667
2022-08-19 00:00:00,584,Salem,3.5,-6.2495
2022-08-19 01:00:00,584,Salem,31.5,-6.2495
2022-08-19 03:00:00,584,Salem,0.5,-6.2495
2022-08-21 15:00:00,584,Salem,10.0,-6.765666666666667
2022-08-23 21:00:00,584,Salem,0.5,-6.946333333333333
2022-08-23 22:00:00,584,Salem,0.5,-6.432
2022-08-25 00:00:00,584,Salem,15.0,-6.247666666666667
2022-08-25 23:00:00,584,Salem,23.5,-6.251
2022-08-26 00:00:00,584,Salem,4.5,-6.251
2022-08-26 01:00:00,584,Salem,2.5,-6.251
2022-08-26 02:00:00,584,Salem,0.5,-6.251
2022-08-26 03:00:00,584,Salem,2.0,-6.251
2022-08-26 04:00:00,584,Salem,0.5,-6.173333333333333
2022-08-26 15:00:00,584,Salem,16.0,-6.2828333333333335
2022-08-26 16:00:00,584,Salem,5.5,-6.219
2022-08-26 18:00:00,584,Salem,1.5,-6.219
2022-08-26 19:00:00,584,Salem,9.0,-6.219
2022-08-26 20:00:00,584,Salem,3.5,-6.219
2022-08-26 21:00:00,584,Salem,6.5,-6.219
2022-08-26 22:00:00,584,Salem,0.5,-6.121666666666666
2022-08-26 23:00:00,584,Salem,2.5,-6.121666666666666
2022-08-27 00:00:00,584,Salem,1.5,-6.121666666666666
2022-08-27 01:00:00,584,Salem,1.0,-6.121666666666666
2022-08-27 21:00:00,584,Salem,5.5,-6.105
2022-08-27 22:00:00,584,Salem,0.5,-6.160666666666667
2022-08-28 20:00:00,584,Salem,0.5,-6.593
2022-08-28 21:00:00,584,Salem,5.25,-6.593
2022-08-28 22:00:00,584,Salem,14.5,-6.7684
2022-08-28 23:00:00,584,Salem,2.25,-6.7684
2022-08-29 00:00:00,584,Salem,4.0,-6.7684
2022-08-29 01:00:00,584,Salem,1.5,-6.7684
2022-08-29 02:00:00,584,Salem,3.0,-6.7684
2022-08-29 03:00:00,584,Salem,1.5,-6.7684
2022-08-29 04:00:00,584,Salem,0.5,-6.6822
2022-08-29 15:00:00,584,Salem,8.0,-6.827
2022-08-29 19:00:00,584,Salem,2.5,-6.674
2022-08-29 20:00:00,584,Salem,5.0,-6.674
2022-08-29 21:00:00,584,Salem,0.5,-6.674
2022-08-30 04:00:00,584,Salem,3.0,-6.675
2022-08-30 05:00:00,584,Salem,4.0,-6.675
2022-08-30 07:00:00,584,Salem,3.5,-6.675
2022-08-30 09:00:00,584,Salem,1.5,-6.675
2022-08-31 12:00:00,584,Salem,1.5,-6.672200000000001
2022-08-31 13:00:00,584,Salem,0.5,-6.672200000000001
2022-08-31 14:00:00,584,Salem,22.0,-6.672200000000001
2022-08-31 15:00:00,584,Salem,8.5,-6.672200000000001
2022-08-31 16:00:00,584,Salem,3.75,-6.523999999999999
2022-08-31 17:00:00,584,Salem,2.0,-6.523999999999999
2022-08-31 18:00:00,584,Salem,2.5,-6.523999999999999
2022-08-31 19:00:00,584,Salem,2.0,-6.523999999999999
2022-09-01 12:00:00,584,Salem,2.5,-6.4504
2022-09-01 13:00:00,584,Salem,4.0,-6.4504
2022-09-01 14:00:00,584,Salem,0.5,-6.4504
2022-09-01 15:00:00,584,Salem,0.5,-6.4504
2022-09-01 16:00:00,584,Salem,0.5,-6.4366
2022-09-02 23:00:00,584,Salem,3.5,-6.386
2022-09-03 19:00:00,584,Salem,0.5,-6.3516
2022-09-04 16:00:00,584,Salem,1.0,-6.606999999999999
2022-09-04 22:00:00,584,Salem,0.5,-6.35
2022-09-05 01:00:00,584,Salem,2.0,-6.35
2022-09-05 16:00:00,584,Salem,1.5,-6.299
2022-09-06 22:00:00,584,Salem,0.5,-5.997400000000001
2022-09-07 01:00:00,584,Salem,0.5,-5.997400000000001
2022-09-07 19:00:00,584,Salem,1.5,-5.831799999999999
2022-09-07 20:00:00,584,Salem,1.5,-5.831799999999999
2022-09-07 21:00:00,584,Salem,0.5,-5.831799999999999
2022-09-08 04:00:00,584,Salem,0.5,-5.6092
2022-09-08 05:00:00,584,Salem,0.5,-5.6092
2022-09-08 08:00:00,584,Salem,0.5,-5.6092
2022-09-10 15:00:00,584,Salem,1.0,-6.106
2022-09-14 13:05:00,584,Salem,0.5,-5.8098
2022-09-14 14:00:00,584,Salem,0.5,-5.8098
2022-09-19 20:00:00,584,Salem,1.5,-5.299166666666667
2022-09-26 02:00:00,584,Salem,3.0,-5.408
2022-09-27 10:00:00,584,Salem,0.5,-5.547999999999999
2022-10-01 02:00:00,584,Salem,0.5,-5.438333333333333
2022-10-01 22:00:00,584,Salem,0.5,-5.545166666666667
2022-10-06 20:00:00,584,Salem,0.5,-5.780333333333334
2022-10-08 22:00:00,584,Salem,1.75,-5.771
2022-10-08 23:00:00,584,Salem,1.0,-5.771
2022-10-09 00:00:00,584,Salem,0.5,-5.771
2022-10-09 01:00:00,584,Salem,2.0,-5.771
2022-10-09 20:00:00,584,Salem,0.5,-5.855166666666666
2022-10-09 21:00:00,584,Salem,3.0,-5.855166666666666
2022-10-10 00:00:00,584,Salem,1.0,-5.764500000000001
2022-10-10 01:00:00,584,Salem,0.5,-5.764500000000001
2022-10-10 02:00:00,584,Salem,1.0,-5.764500000000001
2022-10-10 03:00:00,584,Salem,1.5,-5.764500000000001
2022-10-10 04:00:00,584,Salem,4.5,-5.636333333333333
2022-10-10 05:00:00,584,Salem,0.5,-5.636333333333333
2022-10-10 06:00:00,584,Salem,0.5,-5.636333333333333
2022-10-11 02:00:00,584,Salem,0.5,-8.105
2022-10-11 03:00:00,584,Salem,33.5,-8.105
2022-10-11 04:00:00,584,Salem,17.5,-6.3004
2022-10-11 05:00:00,584,Salem,25.5,-6.3004
2022-10-11 06:00:00,584,Salem,0.5,-6.3004
2022-10-11 08:00:00,584,Salem,4.5,-6.3004
2022-10-11 09:00:00,584,Salem,3.0,-6.3004
2022-10-11 22:00:00,584,Salem,1.5,-6.1802
2022-10-11 23:00:00,584,Salem,1.0,-6.1802
2022-10-12 01:00:00,584,Salem,1.0,-6.1802
2022-10-14 05:00:00,584,Salem,0.5,-5.281166666666667
2022-10-15 05:00:00,584,Salem,2.5,-5.1515
2022-10-15 19:00:00,584,Salem,9.5,-5.1513333333333335
2022-10-15 20:00:00,584,Salem,12.0,-5.1513333333333335
2022-10-15 21:00:00,584,Salem,11.0,-5.1513333333333335
2022-10-15 22:00:00,584,Salem,1.0,-5.071166666666667
2022-10-16 22:00:00,584,Salem,14.5,-4.871166666666666
2022-10-17 00:00:00,584,Salem,7.5,-4.871166666666666
2022-10-17 01:00:00,584,Salem,4.0,-4.871166666666666
2022-10-17 02:00:00,584,Salem,4.0,-4.871166666666666
2022-10-17 03:00:00,584,Salem,0.5,-4.871166666666666
2022-10-18 21:00:00,584,Salem,0.5,-4.636333333333333
2022-10-18 22:00:00,584,Salem,1.0,-4.522833333333334
2022-10-18 23:00:00,584,Salem,1.5,-4.522833333333334
2022-10-20 00:00:00,584,Salem,1.0,-4.5343333333333335
2022-10-20 19:00:00,584,Salem,5.5,-4.504333333333333
2022-10-20 20:00:00,584,Salem,2.5,-4.504333333333333
2022-10-20 22:00:00,584,Salem,2.25,-4.490833333333334
2022-10-21 13:00:00,584,Salem,1.5,-4.513833333333333
2022-10-21 16:00:00,584,Salem,1.0,-4.5776666666666666
2022-10-21 17:00:00,584,Salem,2.0,-4.5776666666666666
2022-10-21 19:00:00,584,Salem,12.5,-4.5776666666666666
2022-10-22 12:00:00,584,Salem,0.5,-4.868333333333333
2022-10-22 17:00:00,584,Salem,3.5,-4.569333333333334
2022-10-22 18:00:00,584,Salem,1.5,-4.569333333333334
2022-10-22 21:00:00,584,Salem,6.0,-4.569333333333334
2022-10-22 22:00:00,584,Salem,0.5,-4.484833333333333
2022-10-23 07:00:00,584,Salem,0.5,-4.388166666666667
2022-10-24 02:00:00,584,Salem,0.5,-4.396833333333333
2022-10-29 09:00:00,584,Salem,7.0,-4.7534
2022-10-29 10:00:00,584,Salem,0.5,-4.8264000000000005
2022-10-29 11:00:00,584,Salem,0.5,-4.8264000000000005
2022-11-01 16:00:00,584,Salem,0.5,-4.209666666666666
2022-11-01 17:00:00,584,Salem,1.0,-4.209666666666666
2022-11-01 20:00:00,584,Salem,1.0,-4.209666666666666
2022-11-01 21:00:00,584,Salem,0.5,-4.209666666666666
2022-11-01 23:00:00,584,Salem,1.0,-3.9726666666666666
2022-11-02 00:00:00,584,Salem,0.5,-3.9726666666666666
2022-11-02 13:00:00,584,Salem,1.0,-4.361833333333333
2022-11-02 14:00:00,584,Salem,1.0,-4.361833333333333
2022-11-02 15:00:00,584,Salem,1.0,-4.361833333333333
2022-11-02 16:00:00,584,Salem,0.5,-3.9296666666666655
2022-11-02 17:00:00,584,Salem,1.5,-3.9296666666666655
2022-11-02 18:00:00,584,Salem,1.5,-3.9296666666666655
2022-11-02 19:00:00,584,Salem,0.5,-3.9296666666666655
2022-11-02 22:00:00,584,Salem,4.0,-3.8951666666666656
2022-11-02 23:00:00,584,Salem,0.5,-3.8951666666666656
2022-11-03 02:00:00,584,Salem,2.0,-3.8951666666666656
2022-11-03 03:00:00,584,Salem,4.0,-3.8951666666666656
2022-11-03 04:00:00,584,Salem,1.0,-3.866
2022-11-03 11:00:00,584,Salem,0.5,-3.998666666666667
2022-11-03 12:00:00,584,Salem,0.5,-3.998666666666667
2022-11-03 14:00:00,584,Salem,0.5,-3.998666666666667
2022-11-03 16:00:00,584,Salem,0.5,-3.925166666666667
2022-11-03 17:00:00,584,Salem,8.5,-3.925166666666667
2022-11-03 18:00:00,584,Salem,2.75,-3.925166666666667
2022-11-04 20:00:00,584,Salem,3.5,-3.759
2022-11-04 21:00:00,584,Salem,1.0,-3.759
2022-11-11 05:00:00,584,Salem,1.0,-3.712142857142857
2022-11-11 06:00:00,584,Salem,1.0,-3.712142857142857
2022-11-11 07:00:00,584,Salem,2.5,-3.712142857142857
2022-11-11 08:00:00,584,Salem,1.75,-3.712142857142857
2022-11-11 09:00:00,584,Salem,1.5,-3.712142857142857
2022-11-11 10:00:00,584,Salem,0.75,-3.690714285714286
2022-11-11 11:00:00,584,Salem,3.5,-3.690714285714286
2022-11-11 12:00:00,584,Salem,3.0,-3.690714285714286
2022-11-11 13:00:00,584,Salem,3.75,-3.690714285714286
2022-11-11 14:00:00,584,Salem,1.75,-3.690714285714286
2022-11-11 16:00:00,584,Salem,10.0,-3.369
2022-11-11 18:00:00,584,Salem,1.0,-3.462285714285714
2022-11-11 22:00:00,584,Salem,1.0,-3.3688571428571428
2022-11-11 23:00:00,584,Salem,0.5,-3.3688571428571428
2022-11-12 00:00:00,584,Salem,2.0,-3.3688571428571428
2022-11-12 04:00:00,584,Salem,0.75,-3.3205714285714287
2022-11-12 05:00:00,584,Salem,1.0,-3.3205714285714287
2022-11-12 06:00:00,584,Salem,1.5,-3.3205714285714287
2022-11-12 07:00:00,584,Salem,0.5,-3.3205714285714287
2022-11-12 09:00:00,584,Salem,30.0,-3.3205714285714287
2022-11-12 10:00:00,584,Salem,1.0,-3.893857142857143
2022-11-12 11:00:00,584,Salem,2.5,-3.893857142857143
2022-11-12 13:00:00,584,Salem,0.5,-3.893857142857143
2022-11-12 18:00:00,584,Salem,1.5,-3.2582857142857145
2022-11-13 12:00:00,584,Salem,2.0,-3.173142857142857
2022-11-13 13:00:00,584,Salem,0.5,-3.173142857142857
2022-11-24 17:00:00,584,Salem,0.5,-3.476714285714286
2022-11-29 00:00:00,584,Salem,16.5,-3.4594285714285715
2022-11-29 01:00:00,584,Salem,33.0,-3.4594285714285715
2022-11-29 02:00:00,584,Salem,0.5,-3.4594285714285715
2022-11-29 03:00:00,584,Salem,11.5,-3.4594285714285715
2022-11-29 04:00:00,584,Salem,0.5,-3.432714285714286
2022-12-02 06:00:00,584,Salem,1.0,-3.447714285714286
2022-12-03 18:00:00,584,Salem,0.5,-3.6477142857142857
2022-12-04 04:00:00,584,Salem,0.5,-3.486857142857143
2022-12-08 15:00:00,584,Salem,0.5,-3.8042857142857134
2022-12-08 20:00:00,584,Salem,0.5,-3.614428571428572
2022-12-08 21:00:00,584,Salem,0.5,-3.614428571428572
2022-12-08 22:00:00,584,Salem,1.5,-3.5868571428571427
2022-12-08 23:00:00,584,Salem,1.0,-3.5868571428571427
2022-12-09 02:00:00,584,Salem,0.5,-3.5868571428571427
2022-12-09 06:00:00,584,Salem,0.5,-3.5265714285714287
2022-12-09 07:00:00,584,Salem,1.5,-3.5265714285714287
2022-12-09 08:00:00,584,Salem,3.0,-3.5265714285714287
2022-12-09 09:00:00,584,Salem,0.5,-3.5265714285714287
2022-12-09 10:00:00,584,Salem,0.5,-3.745857142857143
2022-12-10 00:00:00,584,Salem,0.5,-3.499
2022-12-10 06:00:00,584,Salem,0.5,-3.4650000000000003
2022-12-10 07:00:00,584,Salem,1.5,-3.4650000000000003
2022-12-10 13:00:00,584,Salem,0.5,-9.103285714285716
2022-12-10 18:00:00,584,Salem,0.5,-5.281285714285715
2022-12-10 19:00:00,584,Salem,0.5,-5.281285714285715
2022-12-10 20:00:00,584,Salem,1.0,-5.281285714285715
2022-12-10 22:00:00,584,Salem,0.5,-3.727857142857143
2022-12-11 01:00:00,584,Salem,0.5,-3.727857142857143
2022-12-11 03:00:00,584,Salem,0.5,-3.727857142857143
2022-12-11 19:00:00,584,Salem,9.5,-3.549285714285714
2022-12-11 23:00:00,584,Salem,1.0,-3.500714285714285
2022-12-12 00:00:00,584,Salem,1.0,-3.500714285714285
2022-12-12 01:00:00,584,Salem,1.5,-3.500714285714285
2022-12-13 00:00:00,584,Salem,0.5,-3.965285714285714
2022-12-13 04:00:00,584,Salem,1.5,-3.598142857142857
2022-12-13 11:00:00,584,Salem,0.5,-3.5545714285714283
2022-12-13 12:00:00,584,Salem,0.5,-3.5545714285714283
2022-12-13 13:00:00,584,Salem,1.0,-3.5545714285714283
2022-12-13 15:00:00,584,Salem,10.0,-3.5545714285714283
2022-12-13 16:00:00,584,Salem,6.0,-3.251714285714286
2022-12-13 17:00:00,584,Salem,2.5,-3.251714285714286
2022-12-13 18:00:00,584,Salem,6.5,-3.251714285714286
2022-12-13 19:00:00,584,Salem,0.5,-3.251714285714286
2022-12-13 22:00:00,584,Salem,1.0,-3.154
2022-12-25 15:00:00,584,Salem,0.5,-4.086428571428572
2022-12-25 16:00:00,584,Salem,1.0,-3.450714285714286
2022-12-25 18:00:00,584,Salem,0.5,-3.450714285714286
2022-12-25 19:00:00,584,Salem,2.0,-3.450714285714286
2022-12-25 20:00:00,584,Salem,1.5,-3.450714285714286
2022-12-25 22:00:00,584,Salem,1.0,-3.4298571428571427
2022-12-25 23:00:00,584,Salem,1.0,-3.4298571428571427
2022-12-26 00:00:00,584,Salem,0.5,-3.4298571428571427
2022-12-26 01:00:00,584,Salem,0.5,-3.4298571428571427
2022-12-26 15:00:00,584,Salem,1.0,-3.908428571428572
2022-12-26 16:00:00,584,Salem,0.5,-3.838428571428572
2022-12-26 17:00:00,584,Salem,1.0,-3.838428571428572
2022-12-26 19:00:00,584,Salem,0.5,-3.838428571428572
2022-12-26 20:00:00,584,Salem,1.0,-3.838428571428572
2022-12-26 22:00:00,584,Salem,0.5,-3.456
2022-12-27 08:00:00,584,Salem,0.5,-3.4178571428571423
2022-12-27 11:00:00,584,Salem,0.5,-3.747857142857143
2022-12-27 12:00:00,584,Salem,1.5,-3.747857142857143
2022-12-27 14:00:00,584,Salem,0.5,-3.747857142857143
2022-12-27 18:00:00,584,Salem,1.5,-3.674571428571429
2022-12-27 19:00:00,584,Salem,1.5,-3.674571428571429
2022-12-27 20:00:00,584,Salem,1.0,-3.674571428571429
2022-12-27 21:00:00,584,Salem,0.5,-3.674571428571429
2023-01-30 15:00:00,584,Salem,0.5,-4.043
2023-01-30 18:00:00,584,Salem,0.5,-4.198
2023-01-30 19:00:00,584,Salem,0.5,-4.198
2023-01-30 21:00:00,584,Salem,1.5,-4.198
2023-01-30 22:00:00,584,Salem,0.5,-3.9757142857142855
2023-01-30 23:00:00,584,Salem,1.0,-3.9757142857142855
2023-01-31 04:00:00,584,Salem,0.5,-4.017571428571428
2023-02-03 13:00:00,584,Salem,0.5,-4.125
2023-02-03 16:00:00,584,Salem,3.0,-4.132428571428571
2023-02-03 18:00:00,584,Salem,1.0,-4.132428571428571
2023-02-03 20:00:00,584,Salem,0.5,-4.132428571428571
2023-03-06 15:00:00,584,Salem,0.5,-4.739714285714285
2023-03-06 16:00:00,584,Salem,3.0,-5.273857142857144
2023-03-06 17:00:00,584,Salem,4.0,-5.273857142857144
2023-03-07 09:00:00,584,Salem,4.0,-4.260666666666666
2023-03-07 10:00:00,584,Salem,5.5,-4.4005
2023-03-10 13:10:00,584,Salem,0.5,-4.891285714285714
2023-03-10 14:00:00,584,Salem,0.5,-4.891285714285714
2023-03-18 22:00:00,584,Salem,0.5,-5.424857142857143
2023-03-19 00:00:00,584,Salem,3.0,-5.424857142857143
2023-03-19 01:00:00,584,Salem,31.5,-5.424857142857143
2023-03-19 02:00:00,584,Salem,7.0,-5.424857142857143
2023-03-19 03:00:00,584,Salem,10.5,-5.424857142857143
2023-03-19 04:00:00,584,Salem,6.0,-4.924571428571428
2023-03-19 17:00:00,584,Salem,4.0,-5.416142857142857
2023-03-19 22:00:00,584,Salem,6.5,-5.484857142857143
2023-03-20 11:00:00,584,Salem,0.5,-5.219142857142857
2023-03-20 21:00:00,584,Salem,10.0,-5.151857142857144
2023-04-03 18:00:00,584,Salem,20.5,-5.151285714285714
2023-04-22 16:00:00,584,Salem,11.0,-6.158571428571428
2023-04-22 17:00:00,584,Salem,1.5,-6.158571428571428
2023-04-23 21:00:00,584,Salem,2.0,-6.386714285714286
2023-04-23 22:00:00,584,Salem,5.0,-5.803857142857143
2023-04-23 23:00:00,584,Salem,7.0,-5.803857142857143
2023-04-25 17:00:00,584,Salem,0.5,-6.2987142857142855
2023-04-29 15:00:00,584,Salem,2.0,-6.284285714285714
2023-04-29 16:00:00,584,Salem,7.0,-4.949166666666667
2023-04-29 19:00:00,584,Salem,2.5,-4.949166666666667
2023-04-30 08:00:00,584,Salem,0.5,-6.348285714285715
2023-04-30 13:00:00,584,Salem,1.0,-6.412857142857143
2023-04-30 14:00:00,584,Salem,3.0,-6.412857142857143
2023-04-30 19:00:00,584,Salem,0.5,-6.595
2023-05-01 16:00:00,584,Salem,3.0,-6.190285714285714
2023-05-01 17:00:00,584,Salem,18.0,-6.190285714285714
2023-05-01 18:00:00,584,Salem,24.0,-6.190285714285714
2023-05-01 19:00:00,584,Salem,1.0,-6.190285714285714
2023-05-01 20:00:00,584,Salem,2.0,-6.190285714285714
2023-05-01 21:00:00,584,Salem,1.25,-6.190285714285714
2023-05-01 22:00:00,584,Salem,1.0,-6.009142857142857
2023-05-01 23:00:00,584,Salem,0.75,-6.009142857142857
2023-05-02 00:00:00,584,Salem,1.5,-6.009142857142857
2023-05-02 01:00:00,584,Salem,5.25,-6.009142857142857
2023-05-02 02:00:00,584,Salem,1.75,-6.009142857142857
2023-05-02 04:00:00,584,Salem,0.5,-5.954142857142857
2023-05-02 05:00:00,584,Salem,26.0,-5.954142857142857
2023-05-02 06:00:00,584,Salem,2.25,-5.954142857142857
2023-05-02 07:00:00,584,Salem,0.5,-5.954142857142857
2023-05-02 08:00:00,584,Salem,0.75,-5.954142857142857
2023-05-03 20:00:00,584,Salem,0.5,-6.369714285714286
2023-05-03 21:00:00,584,Salem,0.5,-6.369714285714286
2023-05-03 22:00:00,584,Salem,1.0,-5.928142857142857
2023-05-03 23:00:00,584,Salem,0.5,-5.928142857142857
2023-05-04 00:00:00,584,Salem,0.5,-5.928142857142857
2023-05-04 01:00:00,584,Salem,0.5,-5.928142857142857
2023-05-06 15:00:00,584,Salem,23.5,-5.879285714285714
2023-05-06 16:00:00,584,Salem,6.0,-5.792428571428571
2023-05-06 18:00:00,584,Salem,0.5,-5.792428571428571
2023-05-06 19:00:00,584,Salem,1.25,-5.792428571428571
2023-05-06 20:00:00,584,Salem,0.5,-5.792428571428571
2023-05-06 22:00:00,584,Salem,0.75,-5.759571428571428
2023-05-06 23:00:00,584,Salem,0.5,-5.759571428571428
2023-05-07 00:00:00,584,Salem,0.75,-5.759571428571428
2023-05-07 01:00:00,584,Salem,0.5,-5.759571428571428
2023-05-07 02:00:00,584,Salem,0.5,-5.759571428571428
2023-05-07 03:00:00,584,Salem,0.5,-5.759571428571428
2023-05-07 19:00:00,584,Salem,0.5,-5.825142857142857
2023-05-07 20:00:00,584,Salem,1.5,-5.825142857142857
2023-05-07 21:00:00,584,Salem,1.0,-5.825142857142857
2023-05-07 22:00:00,584,Salem,1.0,-5.675
2023-05-07 23:00:00,584,Salem,0.75,-5.675
2023-05-08 00:00:00,584,Salem,0.5,-5.675
2023-05-08 16:00:00,584,Salem,10.0,-5.719285714285713
2023-05-08 20:00:00,584,Salem,0.5,-5.719285714285713
2023-05-08 21:00:00,584,Salem,0.5,-5.719285714285713
2023-05-09 02:00:00,584,Salem,0.5,-5.606428571428572
2023-05-09 20:00:00,584,Salem,1.0,-5.651714285714285
2023-05-10 00:00:00,584,Salem,0.5,-5.542714285714287
2023-06-03 20:00:00,584,Salem,22.5,-6.150714285714286
2023-06-07 17:00:00,584,Salem,0.5,-6.262857142857143
2023-06-07 19:00:00,584,Salem,1.0,-6.262857142857143
2023-06-08 07:00:00,584,Salem,0.5,-10.010571428571428
2023-06-10 17:00:00,584,Salem,9.0,-6.622571428571429
2023-06-12 15:00:00,584,Salem,16.0,-6.934666666666668
2023-06-12 16:00:00,584,Salem,0.5,-6.260571428571429
2023-06-12 21:00:00,584,Salem,0.5,-6.260571428571429
2023-06-12 22:00:00,584,Salem,1.0,-6.244857142857143
2023-06-12 23:00:00,584,Salem,0.5,-6.244857142857143
2023-06-13 20:00:00,584,Salem,1.0,-6.222428571428572
2023-06-13 21:00:00,584,Salem,1.5,-6.222428571428572
2023-06-13 22:00:00,584,Salem,1.5,-6.055714285714286
2023-06-13 23:00:00,584,Salem,0.5,-6.055714285714286
2023-06-20 04:00:00,584,Salem,3.0,-6.062142857142858
2023-06-20 06:00:00,584,Salem,0.5,-6.062142857142858
2023-06-21 16:00:00,584,Salem,5.0,-6.156571428571428
2023-06-21 17:00:00,584,Salem,0.5,-6.156571428571428
2023-06-21 23:00:00,584,Salem,0.5,-5.969285714285713
2023-06-23 00:00:00,584,Salem,5.0,-5.980571428571429
2023-07-03 23:00:00,584,Salem,3.0,-6.817428571428572
2023-07-04 00:00:00,584,Salem,1.0,-6.817428571428572
2023-07-04 02:00:00,584,Salem,0.5,-6.817428571428572
2023-07-06 04:00:00,584,Salem,0.5,-6.193142857142858
2023-07-06 12:00:00,584,Salem,0.5,-6.324857142857143
2023-07-08 17:00:00,584,Salem,4.5,-6.312428571428571
2023-07-08 18:00:00,584,Salem,0.5,-6.312428571428571
2023-07-09 22:00:00,584,Salem,0.5,-10.453857142857144
2023-07-10 21:00:00,584,Salem,0.5,-6.572285714285714
2023-07-10 22:00:00,584,Salem,0.5,-6.488
2023-07-10 23:00:00,584,Salem,0.5,-6.488
2023-07-11 00:00:00,584,Salem,1.0,-6.488
2023-07-11 01:00:00,584,Salem,0.5,-6.488
2023-07-11 02:00:00,584,Salem,0.5,-6.488
2023-07-11 19:00:00,584,Salem,31.0,-6.440428571428571
2023-07-11 20:00:00,584,Salem,2.0,-6.440428571428571
2023-07-11 21:00:00,584,Salem,0.5,-6.440428571428571
2023-07-13 15:00:00,584,Salem,4.0,-9.170142857142858
2023-07-13 18:00:00,584,Salem,7.0,-12.81942857142857
2023-07-13 19:00:00,584,Salem,2.0,-12.81942857142857
2023-07-16 16:00:00,584,Salem,9.5,-10.122857142857145
2023-07-23 21:00:00,584,Salem,1.5,-7.289428571428571
2023-07-23 23:00:00,584,Salem,3.0,-7.413714285714286
2023-07-24 00:00:00,584,Salem,0.5,-7.413714285714286
2023-07-24 02:00:00,584,Salem,0.5,-7.413714285714286
2023-07-24 17:00:00,584,Salem,4.0,-7.001428571428572
2023-07-24 18:00:00,584,Salem,0.5,-7.001428571428572
2023-07-24 19:00:00,584,Salem,0.5,-7.001428571428572
2023-07-24 20:00:00,584,Salem,1.0,-7.001428571428572
2023-07-24 21:00:00,584,Salem,0.5,-7.001428571428572
2023-07-24 22:00:00,584,Salem,0.5,-6.787285714285715
2023-07-24 23:00:00,584,Salem,1.0,-6.787285714285715
2023-07-25 00:00:00,584,Salem,0.5,-6.787285714285715
2023-07-25 01:00:00,584,Salem,0.75,-6.787285714285715
2023-07-25 02:00:00,584,Salem,1.0,-6.787285714285715
2023-07-25 03:00:00,584,Salem,0.5,-6.787285714285715
2023-07-25 04:00:00,584,Salem,1.0,-6.592142857142856
2023-07-25 05:00:00,584,Salem,1.0,-6.592142857142856
2023-07-25 06:00:00,584,Salem,0.5,-6.592142857142856
2023-07-25 07:00:00,584,Salem,0.5,-6.592142857142856
2023-07-25 08:00:00,584,Salem,0.5,-6.592142857142856
2023-07-25 16:00:00,584,Salem,0.5,-7.2504285714285714
2023-07-25 18:00:00,584,Salem,0.5,-7.2504285714285714
2023-07-25 19:00:00,584,Salem,0.5,-7.2504285714285714
2023-07-25 20:00:00,584,Salem,2.0,-7.2504285714285714
2023-07-25 21:00:00,584,Salem,1.0,-7.2504285714285714
2023-07-25 22:00:00,584,Salem,0.5,-7.030714285714287
2023-07-25 23:00:00,584,Salem,0.5,-7.030714285714287
2023-07-26 00:00:00,584,Salem,0.5,-7.030714285714287
2023-07-26 01:00:00,584,Salem,0.5,-7.030714285714287
2023-07-26 03:00:00,584,Salem,0.5,-7.030714285714287
2023-07-26 16:00:00,584,Salem,0.5,-6.729571428571428
2023-07-26 18:00:00,584,Salem,0.5,-6.729571428571428
2023-07-27 04:00:00,584,Salem,0.5,-12.493285714285715
2023-07-27 06:00:00,584,Salem,0.5,-12.493285714285715
2023-08-06 22:00:00,584,Salem,2.0,-5.907333333333334
2023-08-09 23:00:00,584,Salem,8.5,-6.303333333333334
2023-08-10 00:00:00,584,Salem,1.5,-6.303333333333334
2023-08-10 01:00:00,584,Salem,2.5,-6.303333333333334
2023-08-10 02:00:00,584,Salem,3.0,-6.303333333333334
2023-08-10 04:00:00,584,Salem,0.5,-6.333333333333333
2023-08-10 07:00:00,584,Salem,0.5,-6.333333333333333
2023-08-11 15:00:00,584,Salem,1.0,-6.026666666666666
2023-08-11 16:00:00,584,Salem,0.5,-6.070833333333333
2023-08-11 22:00:00,584,Salem,1.5,-5.777666666666666
2023-08-11 23:00:00,584,Salem,8.0,-5.777666666666666
2023-08-12 00:00:00,584,Salem,10.25,-5.777666666666666
2023-08-12 01:00:00,584,Salem,3.0,-5.777666666666666
2023-08-12 02:00:00,584,Salem,3.0,-5.777666666666666
2023-08-12 03:00:00,584,Salem,2.25,-5.777666666666666
2023-08-12 04:00:00,584,Salem,1.0,-5.4623333333333335
2023-08-13 03:00:00,584,Salem,0.5,-5.7245
2023-08-27 22:00:00,584,Salem,1.0,-5.9830000000000005
2023-08-29 17:00:00,584,Salem,0.5,-6.120333333333334
2023-08-29 20:00:00,584,Salem,1.5,-6.120333333333334
2023-08-29 21:00:00,584,Salem,0.5,-6.120333333333334
2023-08-29 22:00:00,584,Salem,8.5,-5.959333333333333
2023-08-29 23:00:00,584,Salem,6.0,-5.959333333333333
2023-08-30 22:00:00,584,Salem,22.5,-5.963000000000001
2023-08-30 23:00:00,584,Salem,1.5,-5.963000000000001
2023-08-31 02:00:00,584,Salem,0.5,-5.963000000000001
2023-08-31 03:00:00,584,Salem,0.5,-5.963000000000001
2023-08-31 19:00:00,584,Salem,0.5,-5.824166666666667
2023-08-31 22:00:00,584,Salem,28.5,-5.491
2023-08-31 23:00:00,584,Salem,22.0,-5.491
2023-09-01 00:00:00,584,Salem,1.75,-5.491
2023-09-01 01:00:00,584,Salem,1.0,-5.491
2023-09-01 02:00:00,584,Salem,3.0,-5.491
2023-09-01 03:00:00,584,Salem,1.5,-5.491
2023-09-02 02:00:00,584,Salem,33.5,-5.523666666666666
2023-09-02 03:00:00,584,Salem,15.0,-5.523666666666666
2023-09-02 04:00:00,584,Salem,4.0,-6.550999999999999
2023-09-02 05:00:00,584,Salem,1.5,-6.550999999999999
2023-09-02 15:00:00,584,Salem,0.5,-6.379
2023-09-02 16:00:00,584,Salem,11.0,-5.3975
2023-09-03 01:00:00,584,Salem,0.5,-5.604333333333333
2023-09-03 02:00:00,584,Salem,0.5,-5.604333333333333
2023-09-03 19:00:00,584,Salem,30.5,-5.439166666666666
2023-09-03 20:00:00,584,Salem,2.0,-5.439166666666666
2023-09-04 18:00:00,584,Salem,5.5,-5.405333333333334
2023-09-04 19:00:00,584,Salem,5.0,-5.405333333333334
2023-09-05 02:00:00,584,Salem,0.5,-5.3175
2023-09-05 18:00:00,584,Salem,24.0,-5.335333333333334
2023-09-05 19:00:00,584,Salem,0.5,-5.335333333333334
2023-09-05 20:00:00,584,Salem,0.75,-5.335333333333334
2023-09-05 23:00:00,584,Salem,0.5,-5.329166666666667
2023-09-06 18:00:00,584,Salem,0.5,-5.6765
2023-09-06 19:00:00,584,Salem,1.25,-5.6765
2023-09-06 20:00:00,584,Salem,1.0,-5.6765
2023-09-07 00:00:00,584,Salem,0.5,-5.374666666666667
2023-09-07 14:00:00,584,Salem,2.0,-5.3935
2023-09-07 15:00:00,584,Salem,6.5,-5.3935
2023-09-07 16:00:00,584,Salem,0.5,-5.357666666666667
2023-09-07 17:00:00,584,Salem,1.5,-5.357666666666667
2023-09-07 18:00:00,584,Salem,0.5,-5.357666666666667
2023-09-08 05:00:00,584,Salem,0.5,-5.548666666666667
2023-09-10 18:00:00,584,Salem,0.5,-5.4928333333333335
2023-09-11 18:00:00,584,Salem,9.0,-5.3175
2023-09-12 18:00:00,584,Salem,1.5,-5.293333333333333
2023-09-13 01:00:00,584,Salem,0.5,-5.2375
2023-09-14 19:00:00,584,Salem,3.0,-6.04
2023-09-14 20:00:00,584,Salem,0.5,-6.04
2023-09-14 21:00:00,584,Salem,0.5,-6.04
2023-09-14 22:00:00,584,Salem,0.5,-5.288
2023-09-15 19:00:00,584,Salem,27.5,-5.529
2023-09-15 20:00:00,584,Salem,0.5,-5.529
2023-09-16 20:00:00,584,Salem,1.0,-5.377
2023-09-17 20:00:00,584,Salem,3.0,-5.483833333333333
2023-09-17 21:00:00,584,Salem,0.5,-5.483833333333333
2023-09-17 22:00:00,584,Salem,5.0,-5.264666666666667
2023-09-17 23:00:00,584,Salem,1.0,-5.264666666666667
2023-09-18 00:00:00,584,Salem,1.0,-5.264666666666667
2023-09-18 01:00:00,584,Salem,0.75,-5.264666666666667
2023-09-18 19:00:00,584,Salem,17.5,-5.38
2023-09-18 20:00:00,584,Salem,2.0,-5.38
2023-09-18 21:00:00,584,Salem,6.0,-5.38
2023-09-18 22:00:00,584,Salem,2.0,-5.2138333333333335
2023-09-18 23:00:00,584,Salem,3.0,-5.2138333333333335
2023-09-19 00:00:00,584,Salem,0.5,-5.2138333333333335
2023-09-19 01:00:00,584,Salem,1.0,-5.2138333333333335
2023-09-19 19:00:00,584,Salem,9.0,-5.1803333333333335
2023-09-19 20:00:00,584,Salem,25.0,-5.1803333333333335
2023-09-19 21:00:00,584,Salem,0.5,-5.1803333333333335
2023-09-21 00:00:00,584,Salem,33.0,-5.127666666666666
2023-09-21 01:00:00,584,Salem,6.0,-5.127666666666666
2023-09-21 02:00:00,584,Salem,2.0,-5.127666666666666
2023-09-21 03:00:00,584,Salem,1.0,-5.127666666666666
2023-09-21 07:00:00,584,Salem,0.5,-5.079666666666667
2023-09-21 22:00:00,584,Salem,4.5,-5.087833333333333
2023-09-21 23:00:00,584,Salem,37.5,-5.087833333333333
2023-09-22 00:00:00,584,Salem,0.5,-5.087833333333333
2023-09-22 01:00:00,584,Salem,1.0,-5.087833333333333
2023-09-22 02:00:00,584,Salem,0.5,-5.087833333333333
2023-09-22 21:00:00,584,Salem,2.0,-5.134333333333333
2023-09-23 17:00:00,584,Salem,0.5,-5.1611666666666665
2023-09-23 22:00:00,584,Salem,11.5,-5.018666666666667
2023-09-23 23:00:00,584,Salem,38.0,-5.018666666666667
2023-09-24 06:00:00,584,Salem,4.5,-5.0455
2023-09-24 07:00:00,584,Salem,21.5,-5.0455
2023-09-24 09:00:00,584,Salem,37.0,-5.0455
2023-09-24 10:00:00,584,Salem,16.5,-5.135333333333333
2023-09-24 11:00:00,584,Salem,5.0,-5.135333333333333
2023-09-25 21:00:00,584,Salem,0.5,-4.981833333333333
2023-09-25 22:00:00,584,Salem,0.5,-4.967
2023-09-25 23:00:00,584,Salem,0.5,-4.967
2023-09-26 01:00:00,584,Salem,0.5,-4.967
2023-09-27 18:00:00,584,Salem,7.0,-5.024333333333334
2023-09-27 22:00:00,584,Salem,2.0,-4.974333333333333
2023-10-02 17:00:00,584,Salem,2.0,-7.356833333333334
2023-10-06 22:00:00,584,Salem,1.5,-5.150166666666666
2023-10-06 23:00:00,584,Salem,1.0,-5.150166666666666
2023-10-08 00:00:00,584,Salem,5.5,-5.248333333333334
2023-10-08 01:00:00,584,Salem,0.5,-5.248333333333334
2023-10-08 18:00:00,584,Salem,4.0,-13.249714285714283
2023-10-08 19:00:00,584,Salem,2.0,-13.249714285714283
2023-10-08 20:00:00,584,Salem,1.0,-13.249714285714283
2023-10-08 21:00:00,584,Salem,0.5,-13.249714285714283
2023-10-09 17:00:00,584,Salem,1.5,-10.791285714285715
2023-10-09 18:00:00,584,Salem,0.5,-10.791285714285715
2023-10-10 16:00:00,584,Salem,2.5,-10.19357142857143
2023-10-11 00:00:00,584,Salem,2.0,-9.159571428571429
2023-10-11 01:00:00,584,Salem,3.0,-9.159571428571429
2023-10-11 02:00:00,584,Salem,0.5,-9.159571428571429
2023-10-11 04:00:00,584,Salem,0.5,-8.864285714285714
2023-10-14 20:00:00,584,Salem,2.0,-5.231833333333333
2023-10-14 21:00:00,584,Salem,0.5,-5.231833333333333
2023-10-14 22:00:00,584,Salem,7.5,-5.0568333333333335
2023-10-14 23:00:00,584,Salem,0.75,-5.0568333333333335
2023-10-15 00:00:00,584,Salem,8.25,-5.0568333333333335
2023-10-15 01:00:00,584,Salem,2.75,-5.0568333333333335
2023-10-15 02:00:00,584,Salem,1.0,-5.0568333333333335
2023-10-15 03:00:00,584,Salem,0.75,-5.0568333333333335
2023-10-15 05:00:00,584,Salem,0.5,-4.7171666666666665
2023-10-15 06:00:00,584,Salem,0.5,-4.7171666666666665
2023-10-15 11:00:00,584,Salem,0.5,-5.035
2023-10-16 17:00:00,584,Salem,17.0,-5.015666666666667
2023-10-16 18:00:00,584,Salem,10.5,-5.015666666666667
2023-10-16 19:00:00,584,Salem,20.75,-5.015666666666667
2023-10-16 20:00:00,584,Salem,3.75,-5.015666666666667
2023-10-16 21:00:00,584,Salem,15.0,-5.015666666666667
2023-10-16 22:00:00,584,Salem,5.0,-5.5968333333333335
2023-10-16 23:00:00,584,Salem,2.5,-5.5968333333333335
2023-10-17 00:00:00,584,Salem,1.0,-5.5968333333333335
2023-10-27 21:00:00,584,Salem,1.5,-13.532857142857145
2023-10-29 15:00:00,584,Salem,8.0,-12.890285714285714
2023-10-29 16:00:00,584,Salem,18.0,-12.850857142857144
2023-10-29 17:00:00,584,Salem,1.5,-12.850857142857144
2023-10-30 01:00:00,584,Salem,4.5,-12.778142857142855
2023-10-30 02:00:00,584,Salem,0.5,-12.778142857142855
2023-10-30 03:00:00,584,Salem,3.0,-12.778142857142855
2023-10-30 10:00:00,584,Salem,0.5,-13.074428571428571
2023-10-30 17:00:00,584,Salem,0.5,-13.424428571428573
2023-10-30 18:00:00,584,Salem,2.5,-13.424428571428573
2023-10-30 19:00:00,584,Salem,0.5,-13.424428571428573
2023-10-30 20:00:00,584,Salem,0.5,-13.424428571428573
2023-10-31 17:00:00,584,Salem,1.5,-13.105142857142855
2023-11-01 22:00:00,584,Salem,0.5,-12.774571428571427
2023-11-03 14:00:00,584,Salem,4.0,-12.958428571428572
2023-11-03 16:00:00,584,Salem,0.5,-12.832714285714289
2023-11-04 02:00:00,584,Salem,0.5,-11.226285714285712
2023-11-04 03:00:00,584,Salem,2.0,-11.226285714285712
2023-11-04 04:00:00,584,Salem,5.0,-10.598285714285714
2023-11-04 19:00:00,584,Salem,15.5,-12.847428571428573
2023-11-04 20:00:00,584,Salem,11.0,-12.847428571428573
2023-11-04 21:00:00,584,Salem,25.5,-12.847428571428573
2023-11-04 22:00:00,584,Salem,5.5,-11.122
2023-11-04 23:00:00,584,Salem,3.0,-11.122
2023-11-05 00:00:00,584,Salem,7.0,-11.122
2023-11-05 01:00:00,584,Salem,1.5,-11.122
2023-11-05 02:00:00,584,Salem,0.5,-11.122
2023-11-05 03:00:00,584,Salem,0.75,-11.122
2023-11-05 04:00:00,584,Salem,1.5,-10.117428571428572
2023-11-05 05:00:00,584,Salem,1.25,-10.117428571428572
2023-11-05 06:00:00,584,Salem,0.75,-10.117428571428572
2023-11-05 07:00:00,584,Salem,0.5,-10.117428571428572
2023-11-06 05:00:00,584,Salem,5.5,-10.34
2023-11-06 06:00:00,584,Salem,3.0,-10.34
2023-11-07 05:00:00,584,Salem,0.5,-8.849428571428572
2023-11-07 09:00:00,584,Salem,0.5,-8.849428571428572
2023-11-07 20:00:00,584,Salem,0.5,-8.693428571428571
2023-11-07 21:00:00,584,Salem,4.5,-8.693428571428571
2023-11-07 22:00:00,584,Salem,3.5,-7.920285714285714
2023-11-07 23:00:00,584,Salem,1.5,-7.920285714285714
2023-11-08 00:00:00,584,Salem,0.5,-7.920285714285714
2023-11-08 01:00:00,584,Salem,3.0,-7.920285714285714
2023-11-08 02:00:00,584,Salem,0.75,-7.920285714285714
2023-11-08 03:00:00,584,Salem,1.0,-7.920285714285714
2023-11-08 04:00:00,584,Salem,0.5,-11.508571428571427
2023-11-08 06:00:00,584,Salem,0.5,-11.508571428571427
2023-11-08 10:00:00,584,Salem,0.5,-11.902571428571427
2023-11-09 01:00:00,584,Salem,12.5,-12.165428571428572
2023-11-09 02:00:00,584,Salem,14.5,-12.165428571428572
2023-11-09 03:00:00,584,Salem,18.0,-12.165428571428572
2023-11-09 04:00:00,584,Salem,0.5,-12.190285714285713
2023-11-09 17:00:00,584,Salem,0.75,-12.325571428571427
2023-11-09 19:00:00,584,Salem,1.0,-12.325571428571427
2023-11-09 20:00:00,584,Salem,0.5,-12.325571428571427
2023-11-10 00:00:00,584,Salem,1.0,-12.212714285714286
2023-11-10 07:00:00,584,Salem,0.5,-12.17542857142857
2023-11-10 16:00:00,584,Salem,0.5,-12.379857142857144
2023-11-14 02:00:00,584,Salem,1.5,-7.032428571428571
2023-11-14 03:00:00,584,Salem,0.5,-7.032428571428571
2023-11-14 04:00:00,584,Salem,0.5,-6.905571428571428
2023-11-14 05:00:00,584,Salem,0.5,-6.905571428571428
2023-11-14 06:00:00,584,Salem,0.5,-6.905571428571428
2023-11-14 07:00:00,584,Salem,0.5,-6.905571428571428
2023-11-14 08:00:00,584,Salem,0.5,-6.905571428571428
2023-11-14 10:00:00,584,Salem,0.5,-6.884142857142857
2023-11-22 12:00:00,584,Salem,0.5,-7.311
2023-11-22 13:00:00,584,Salem,0.5,-7.311
2023-11-22 14:00:00,584,Salem,3.5,-7.311
2023-11-22 15:00:00,584,Salem,0.5,-7.311
2023-11-22 17:00:00,584,Salem,0.5,-6.671571428571427
2023-11-22 18:00:00,584,Salem,1.5,-6.671571428571427
2023-11-23 00:00:00,584,Salem,1.0,-6.4435714285714285
2023-11-23 06:00:00,584,Salem,0.5,-6.423428571428572
2023-11-23 15:00:00,584,Salem,4.5,-6.522714285714286
2023-11-24 18:00:00,584,Salem,1.0,-6.582
2023-11-25 09:00:00,584,Salem,0.5,-6.586857142857142
2023-11-25 14:00:00,584,Salem,4.0,-6.941285714285714
2023-11-25 16:00:00,584,Salem,6.5,-6.673285714285714
2023-11-25 21:00:00,584,Salem,0.5,-6.673285714285714
2023-11-26 01:00:00,584,Salem,1.5,-6.446
2023-11-26 02:00:00,584,Salem,2.25,-6.446
2023-11-26 04:00:00,584,Salem,0.5,-6.483857142857143
2023-11-26 06:00:00,584,Salem,1.5,-6.483857142857143
2023-11-26 11:00:00,584,Salem,1.0,-6.717714285714286
2023-11-26 15:00:00,584,Salem,3.5,-6.717714285714286
2023-11-26 19:00:00,584,Salem,0.5,-6.587428571428572
2023-11-27 11:00:00,584,Salem,0.5,-6.755571428571429
2023-11-27 14:00:00,584,Salem,2.5,-6.755571428571429
2023-11-27 18:00:00,584,Salem,1.5,-6.338571428571429
2023-11-27 19:00:00,584,Salem,1.0,-6.338571428571429
2023-11-27 20:00:00,584,Salem,0.5,-6.338571428571429
2023-11-27 21:00:00,584,Salem,6.0,-6.338571428571429
2023-11-27 22:00:00,584,Salem,14.0,-4.444500000000001
2023-11-30 01:00:00,584,Salem,1.0,-4.4395
2023-11-30 12:00:00,584,Salem,4.5,-4.385166666666667
2023-11-30 14:00:00,584,Salem,0.5,-4.385166666666667
2023-11-30 15:00:00,584,Salem,1.5,-4.385166666666667
2023-12-02 05:00:00,584,Salem,0.5,-4.346166666666667
2023-12-03 06:00:00,584,Salem,0.5,-4.352833333333334
2023-12-04 05:00:00,584,Salem,0.5,-4.5365
2023-12-04 06:00:00,584,Salem,0.5,-4.5365
2023-12-07 05:00:00,584,Salem,4.5,-4.374833333333334
2023-12-07 06:00:00,584,Salem,1.0,-4.374833333333334
2023-12-17 14:00:00,584,Salem,0.5,-5.456499999999999
2023-12-17 16:00:00,584,Salem,0.5,-4.937
2023-12-25 05:00:00,584,Salem,0.5,-4.797428571428571
2024-01-06 16:00:00,584,Salem,0.5,-7.222
2024-01-08 02:00:00,584,Salem,9.5,-6.573
2024-01-08 03:00:00,584,Salem,12.5,-6.573
2024-01-08 04:00:00,584,Salem,4.5,-6.859875000000001
2024-01-08 06:00:00,584,Salem,0.5,-6.859875000000001
2024-01-08 07:00:00,584,Salem,0.5,-6.859875000000001
2024-01-08 11:00:00,584,Salem,0.5,-7.2105
2024-01-08 13:00:00,584,Salem,1.0,-7.2105
2024-01-08 14:00:00,584,Salem,1.0,-7.2105
2024-01-08 15:00:00,584,Salem,3.5,-7.2105
2024-01-08 16:00:00,584,Salem,1.5,-6.604625
2024-01-08 18:00:00,584,Salem,0.5,-6.604625
2024-01-09 03:00:00,584,Salem,0.5,-6.536625000000001
2024-01-09 04:00:00,584,Salem,0.5,-6.4982500000000005
2024-01-09 07:00:00,584,Salem,0.5,-6.4982500000000005
2024-01-09 08:00:00,584,Salem,0.5,-6.4982500000000005
2024-01-09 09:00:00,584,Salem,2.5,-6.4982500000000005
2024-01-09 13:00:00,584,Salem,0.5,-6.543
2024-04-25 11:10:00,584,Salem,3.0,21.736666666666668
2024-04-25 12:00:00,584,Salem,3.0,21.736666666666668
2024-05-04 17:00:00,584,Salem,14.0,21.86833333333333
2024-05-04 21:00:00,584,Salem,4.0,21.86833333333333
2024-05-07 02:00:00,584,Salem,19.5,21.777583333333336
2024-05-07 03:00:00,584,Salem,3.5,21.777583333333336
2024-05-07 04:00:00,584,Salem,0.5,20.116
2024-05-08 03:00:00,584,Salem,39.0,19.973384615384614
2024-05-08 04:00:00,584,Salem,5.5,20.23076923076923
2024-05-08 05:00:00,584,Salem,0.5,20.23076923076923
2024-05-08 08:00:00,584,Salem,1.5,20.23076923076923
2024-05-08 09:00:00,584,Salem,4.75,20.23076923076923
2024-05-08 10:00:00,584,Salem,2.0,20.09423076923077
2024-05-09 21:00:00,584,Salem,0.5,19.48907692307692
2024-05-10 21:00:00,584,Salem,2.5,19.69953846153846
2024-05-11 14:00:00,584,Salem,1.5,19.61846153846154
2024-05-11 15:00:00,584,Salem,5.0,19.61846153846154
2024-05-12 18:00:00,584,Salem,18.0,19.67269230769231
2024-05-12 19:00:00,584,Salem,0.5,19.67269230769231
2024-05-14 14:00:00,584,Salem,4.5,19.859769230769228
2024-05-14 15:00:00,584,Salem,7.0,19.859769230769228
2024-05-14 16:00:00,584,Salem,0.5,20.09038461538461
2024-05-16 00:00:00,584,Salem,8.25,20.373538461538462
2024-05-16 01:00:00,584,Salem,4.0,20.373538461538462
2024-05-16 02:00:00,584,Salem,0.5,20.373538461538462
2024-05-16 03:00:00,584,Salem,2.5,20.373538461538462
2024-05-16 06:00:00,584,Salem,0.5,20.423615384615385
2024-05-16 08:00:00,584,Salem,1.0,20.423615384615385
2024-05-16 09:00:00,584,Salem,0.5,20.423615384615385
2024-05-17 14:00:00,584,Salem,34.5,22.1955
2024-05-17 16:00:00,584,Salem,1.5,20.292538461538463
2024-05-17 17:00:00,584,Salem,1.0,20.292538461538463
2024-05-17 18:00:00,584,Salem,0.5,20.292538461538463
2024-05-18 06:00:00,584,Salem,0.5,20.411
2024-05-18 13:00:00,584,Salem,3.5,20.368230769230767
2024-05-18 14:00:00,584,Salem,2.0,20.368230769230767
2024-05-18 16:00:00,584,Salem,0.5,20.361
2024-05-19 12:00:00,584,Salem,1.0,19.712307692307693
2024-05-19 14:00:00,584,Salem,0.5,19.712307692307693
2024-05-19 15:00:00,584,Salem,13.5,19.712307692307693
2024-05-19 16:00:00,584,Salem,1.25,20.363615384615382
2024-05-20 13:00:00,584,Salem,0.5,20.42992307692308
2024-05-20 14:00:00,584,Salem,4.0,20.42992307692308
2024-05-20 15:00:00,584,Salem,0.5,20.42992307692308
2024-05-20 16:00:00,584,Salem,4.0,20.57453846153846
2024-05-20 17:00:00,584,Salem,2.25,20.57453846153846
2024-05-20 18:00:00,584,Salem,2.75,20.57453846153846
2024-05-20 19:00:00,584,Salem,6.0,20.57453846153846
2024-05-20 20:00:00,584,Salem,5.25,20.57453846153846
2024-05-20 21:00:00,584,Salem,5.0,20.57453846153846
2024-05-20 22:00:00,584,Salem,5.0,20.889615384615382
2024-05-20 23:00:00,584,Salem,9.0,20.889615384615382
2024-05-21 00:00:00,584,Salem,1.5,20.889615384615382
2024-05-21 14:00:00,584,Salem,1.0,21.03192307692308
2024-05-21 15:00:00,584,Salem,3.5,21.03192307692308
2024-05-21 16:00:00,584,Salem,1.0,20.669461538461537
2024-05-21 18:00:00,584,Salem,0.75,20.669461538461537
2024-05-22 18:00:00,584,Salem,41.0,21.42892307692308
2024-05-22 19:00:00,584,Salem,23.0,21.42892307692308
2024-05-22 20:00:00,584,Salem,12.5,21.42892307692308
2024-05-22 22:00:00,584,Salem,0.5,21.61192307692308
2024-05-22 23:00:00,584,Salem,0.5,21.61192307692308
2024-06-01 15:00:00,584,Salem,1.5,21.75007692307692
2024-06-01 16:00:00,584,Salem,7.5,33.74992307692308
2024-06-02 00:00:00,584,Salem,0.5,33.909615384615385
2024-06-02 19:00:00,584,Salem,3.0,33.95246153846154
2024-06-02 20:00:00,584,Salem,3.5,33.95246153846154
2024-06-02 21:00:00,584,Salem,6.5,33.95246153846154
2024-06-02 22:00:00,584,Salem,0.5,34.14615384615385
2024-06-02 23:00:00,584,Salem,1.25,34.14615384615385
2024-06-03 00:00:00,584,Salem,0.5,34.14615384615385
2024-06-03 01:00:00,584,Salem,1.0,34.14615384615385
2024-06-03 15:00:00,584,Salem,3.0,34.11930769230769
2024-06-03 16:00:00,584,Salem,1.5,34.13815384615385
2024-06-03 21:00:00,584,Salem,6.5,34.13815384615385
2024-06-03 22:00:00,584,Salem,0.5,34.36223076923077
2024-06-04 16:00:00,584,Salem,1.0,34.36861538461539
2024-06-05 18:00:00,584,Salem,4.0,34.50123076923077
2024-06-05 21:00:00,584,Salem,2.5,34.50123076923077
2024-06-05 22:00:00,584,Salem,0.5,34.69330769230769
2024-06-06 13:00:00,584,Salem,3.5,34.65515384615385
2024-06-06 14:00:00,584,Salem,0.5,34.65515384615385
2024-06-06 15:00:00,584,Salem,1.0,34.65515384615385
2024-06-06 17:00:00,584,Salem,3.0,34.77761538461538
2024-06-06 19:00:00,584,Salem,32.5,34.77761538461538
2024-06-06 20:00:00,584,Salem,6.5,34.77761538461538
2024-06-06 21:00:00,584,Salem,3.5,34.77761538461538
2024-06-06 22:00:00,584,Salem,2.0,35.03530769230769
2024-06-06 23:00:00,584,Salem,1.0,35.03530769230769
2024-06-07 19:00:00,584,Salem,1.0,34.987538461538456
2024-06-07 22:00:00,584,Salem,0.5,35.11015384615385
2024-06-07 23:00:00,584,Salem,1.0,35.11015384615385
2024-06-08 19:00:00,584,Salem,0.5,35.075307692307696
2024-06-10 14:00:00,584,Salem,3.5,35.09830769230769
2024-06-10 18:00:00,584,Salem,7.0,35.132384615384616
2024-06-10 19:00:00,584,Salem,0.5,35.132384615384616
2024-06-11 18:00:00,584,Salem,2.0,37.54166666666666
2024-06-13 16:00:00,584,Salem,0.5,42.64309090909091
2024-06-13 17:00:00,584,Salem,1.0,42.64309090909091
2024-06-16 17:00:00,584,Salem,28.5,42.55536363636364
2024-06-18 17:00:00,584,Salem,17.0,42.08936363636364
2024-06-18 18:00:00,584,Salem,9.0,42.08936363636364
2024-06-19 16:00:00,584,Salem,3.5,43.44827272727273
2024-06-19 17:00:00,584,Salem,11.5,43.44827272727273
2024-06-20 15:00:00,584,Salem,4.5,42.71372727272728
2024-06-20 16:00:00,584,Salem,1.0,42.79145454545455
2024-06-20 17:00:00,584,Salem,6.0,42.79145454545455
2024-06-21 05:00:00,584,Salem,0.5,42.898363636363634
2024-06-21 16:00:00,584,Salem,13.0,42.75172727272728
2024-06-22 17:00:00,584,Salem,2.5,42.790454545454544
2024-06-22 18:00:00,584,Salem,13.5,42.790454545454544
2024-06-22 19:00:00,584,Salem,1.5,42.790454545454544
2024-06-22 20:00:00,584,Salem,1.5,42.790454545454544
2024-06-23 15:00:00,584,Salem,3.0,44.475181818181824
2024-06-23 17:00:00,584,Salem,0.5,44.414909090909084
2024-06-24 02:00:00,584,Salem,0.5,43.56518181818182
2024-06-26 05:00:00,584,Salem,0.5,42.84445454545455
2024-06-26 18:00:00,584,Salem,0.5,42.69172727272728
2024-06-29 18:00:00,584,Salem,0.5,42.71009090909091
2024-06-29 20:00:00,584,Salem,3.5,42.71009090909091
2024-06-30 17:00:00,584,Salem,13.5,42.62554545454545
2024-06-30 18:00:00,584,Salem,1.0,42.62554545454545
2024-06-30 19:00:00,584,Salem,1.5,42.62554545454545
2024-07-04 18:00:00,584,Salem,1.5,112.292
2024-07-05 16:00:00,584,Salem,0.5,42.438
2024-07-05 19:00:00,584,Salem,10.5,42.438
2024-07-05 20:00:00,584,Salem,0.5,42.438
2024-07-06 00:00:00,584,Salem,0.5,42.63718181818182
2024-07-08 18:35:00,584,Salem,1.0,42.41227272727272
2024-07-08 18:40:00,584,Salem,7.0,42.41227272727272
2024-07-08 18:45:00,584,Salem,13.0,42.41227272727272
2024-07-08 18:50:00,584,Salem,18.0,42.41227272727272
2024-07-12 19:00:00,584,Salem,16.0,42.200818181818185
2024-07-12 20:00:00,584,Salem,1.5,42.200818181818185
2024-07-12 21:00:00,584,Salem,0.5,42.200818181818185
2024-07-12 22:00:00,584,Salem,1.5,42.55518181818182
2024-07-12 23:00:00,584,Salem,2.0,42.55518181818182
2024-07-13 00:00:00,584,Salem,1.0,42.55518181818182
2024-07-13 01:00:00,584,Salem,0.5,42.55518181818182
2024-07-13 02:00:00,584,Salem,0.5,42.55518181818182
2024-07-15 03:00:00,584,Salem,0.5,42.527545454545454
2024-07-15 05:00:00,584,Salem,0.5,42.56818181818182
2024-07-15 20:00:00,584,Salem,0.5,42.42045454545455
2024-07-16 00:00:00,584,Salem,0.5,42.47927272727273
2024-07-16 01:00:00,584,Salem,0.5,42.47927272727273
2024-07-16 03:00:00,584,Salem,0.5,42.47927272727273
2024-07-16 04:00:00,584,Salem,1.0,42.51518181818182
2024-07-16 05:00:00,584,Salem,1.0,42.51518181818182
2024-07-16 07:00:00,584,Salem,0.5,42.51518181818182
2024-07-16 08:00:00,584,Salem,0.5,42.51518181818182
2024-07-16 15:30:00,584,Salem,0.5,41.1850909090909
2024-07-16 16:00:00,584,Salem,0.5,41.1850909090909
2024-07-17 00:30:00,584,Salem,0.5,42.55645454545454
2024-07-17 01:00:00,584,Salem,0.5,42.55645454545454
2024-07-17 01:30:00,584,Salem,1.0,42.55645454545454
2024-07-17 02:00:00,584,Salem,2.0,42.55645454545454
2024-07-17 03:00:00,584,Salem,0.5,42.55645454545454
2024-07-17 04:00:00,584,Salem,0.5,42.59345454545455
2024-07-17 05:00:00,584,Salem,0.5,42.59345454545455
2024-07-17 07:00:00,584,Salem,0.5,42.59345454545455
2024-07-17 08:00:00,584,Salem,0.5,42.59345454545455
2024-07-17 17:30:00,584,Salem,0.5,42.45790909090909
2024-07-17 18:00:00,584,Salem,0.5,42.45790909090909
2024-07-17 19:00:00,584,Salem,0.5,42.45790909090909
2024-07-18 10:30:00,584,Salem,0.5,42.62590909090909
2024-07-18 11:00:00,584,Salem,0.5,42.62590909090909
2024-07-18 15:30:00,584,Salem,1.0,42.307545454545455
2024-07-18 16:00:00,584,Salem,1.0,42.307545454545455
2024-07-18 19:30:00,584,Salem,0.5,42.307545454545455
2024-07-18 20:00:00,584,Salem,0.5,42.307545454545455
2024-07-19 00:30:00,584,Salem,0.5,42.58163636363636
2024-07-19 01:00:00,584,Salem,0.5,42.58163636363636
2024-07-23 20:00:00,584,Salem,0.5,41.99190909090909
2024-07-25 15:00:00,584,Salem,0.5,40.99872727272727
2024-07-31 16:30:00,584,Salem,14.0,41.429818181818185
2024-07-31 17:00:00,584,Salem,22.5,41.429818181818185
2024-07-31 17:30:00,584,Salem,1.5,41.429818181818185
2024-07-31 18:00:00,584,Salem,1.5,41.429818181818185
2024-08-01 19:00:00,584,Salem,0.5,41.98081818181818
2024-08-01 19:30:00,584,Salem,0.5,41.98081818181818
2024-08-01 20:00:00,584,Salem,1.0,41.98081818181818
2024-08-01 21:00:00,584,Salem,1.0,41.98081818181818
2024-08-03 15:30:00,584,Salem,2.5,41.868
2024-08-03 16:00:00,584,Salem,3.5,41.868
2024-08-05 00:00:00,584,Salem,0.5,45.234300000000005
2024-08-05 01:00:00,584,Salem,9.0,45.234300000000005
2024-08-05 03:00:00,584,Salem,0.5,45.234300000000005
2024-08-05 04:00:00,584,Salem,1.0,42.15227272727273
2024-08-05 05:00:00,584,Salem,2.25,42.15227272727273
2024-08-05 06:00:00,584,Salem,1.0,42.15227272727273
2024-08-05 07:00:00,584,Salem,0.5,42.15227272727273
2024-08-05 23:00:00,584,Salem,4.0,42.14309090909091
2024-08-06 01:00:00,584,Salem,1.5,42.14309090909091
2024-08-06 17:30:00,584,Salem,1.0,42.10218181818181
2024-08-06 18:00:00,584,Salem,2.0,42.10218181818181
2024-08-06 20:00:00,584,Salem,0.5,42.10218181818181
2024-08-06 21:00:00,584,Salem,0.5,42.10218181818181
2024-08-06 22:00:00,584,Salem,0.5,42.29972727272728
2024-08-06 23:00:00,584,Salem,2.0,42.29972727272728
2024-08-07 00:00:00,584,Salem,2.0,42.29972727272728
2024-08-07 01:00:00,584,Salem,0.5,42.29972727272728
2024-08-07 02:00:00,584,Salem,0.5,42.29972727272728
2024-08-08 15:00:00,584,Salem,2.0,42.43336363636364
2024-08-09 00:00:00,584,Salem,0.5,42.65172727272728
2024-08-09 22:00:00,584,Salem,4.5,54.39611111111112
2024-08-10 00:00:00,584,Salem,8.25,54.39611111111112
2024-08-10 00:30:00,584,Salem,0.5,54.39611111111112
2024-08-10 01:00:00,584,Salem,16.0,54.39611111111112
2024-08-10 01:30:00,584,Salem,0.5,54.39611111111112
2024-08-10 02:00:00,584,Salem,2.25,54.39611111111112
2024-08-10 02:30:00,584,Salem,1.0,54.39611111111112
2024-08-10 03:00:00,584,Salem,1.0,54.39611111111112
2024-08-10 04:00:00,584,Salem,2.0,60.26911111111112
2024-08-11 21:00:00,584,Salem,6.0,54.16811111111111
2024-08-11 21:30:00,584,Salem,3.5,38.30733333333333
2024-08-11 22:00:00,584,Salem,31.5,38.30733333333333
2024-08-11 22:30:00,584,Salem,5.0,38.30733333333333
2024-08-12 00:00:00,584,Salem,0.5,38.30733333333333
2024-08-12 01:00:00,584,Salem,1.0,38.30733333333333
2024-08-12 01:30:00,584,Salem,0.5,38.30733333333333
2024-08-12 02:00:00,584,Salem,1.0,38.30733333333333
2024-08-12 02:30:00,584,Salem,0.5,38.30733333333333
2024-08-12 03:00:00,584,Salem,0.5,38.30733333333333
2024-08-13 06:00:00,584,Salem,3.0,51.10175
2024-08-13 06:30:00,584,Salem,8.5,51.10175
2024-08-13 07:00:00,584,Salem,13.5,51.10175
2024-08-13 16:00:00,584,Salem,1.0,42.8975
2024-08-14 23:00:00,584,Salem,2.0,34.4416
2024-08-15 00:00:00,584,Salem,38.0,34.4416
2024-08-15 00:30:00,584,Salem,1.5,34.4416
2024-08-15 01:00:00,584,Salem,1.25,34.4416
2024-08-17 18:00:00,584,Salem,2.0,52.17514285714286
2024-08-17 19:00:00,584,Salem,1.5,52.17514285714286
2024-08-18 17:00:00,584,Salem,14.5,73.3982
2024-08-18 18:00:00,584,Salem,2.5,73.3982
2024-08-18 21:00:00,584,Salem,1.5,73.3982
2024-08-18 22:00:00,584,Salem,1.0,73.8872
2024-08-18 23:00:00,584,Salem,0.5,73.8872
2024-08-19 19:00:00,584,Salem,8.0,-4.268800000000001
2024-08-19 20:00:00,584,Salem,0.5,-4.268800000000001
2024-08-19 21:00:00,584,Salem,0.5,-4.268800000000001
2024-08-19 22:00:00,584,Salem,0.5,-4.2142
2024-08-20 22:00:00,584,Salem,44.5,-11.292375
2024-08-21 00:00:00,584,Salem,0.5,-11.292375
2024-08-21 12:00:00,584,Salem,0.5,28.246416666666665
2024-08-21 14:00:00,584,Salem,2.0,-59.682
2024-08-28 15:40:00,584,Salem,0.5,27.88875
2024-08-28 15:45:00,584,Salem,1.5,27.88875
2024-08-28 15:50:00,584,Salem,2.0,27.88875
2024-08-28 15:55:00,584,Salem,2.0,27.88875
2024-08-28 16:00:00,584,Salem,2.0,27.88875
2024-08-29 14:20:00,584,Salem,2.5,27.674166666666668
2024-08-29 14:25:00,584,Salem,4.5,27.674166666666668
2024-08-29 14:30:00,584,Salem,5.0,27.674166666666668
2024-08-29 14:35:00,584,Salem,5.0,27.674166666666668
2024-08-29 14:40:00,584,Salem,5.0,27.674166666666668
2024-08-29 14:45:00,584,Salem,5.0,27.674166666666668
2024-08-29 14:50:00,584,Salem,5.0,27.674166666666668
2024-08-29 14:55:00,584,Salem,5.0,27.674166666666668
2024-08-29 15:00:00,584,Salem,5.0,27.674166666666668
2024-08-29 17:00:00,584,Salem,26.0,27.912000000000003
2024-08-29 18:00:00,584,Salem,1.0,27.912000000000003
2024-08-29 20:00:00,584,Salem,5.5,27.912000000000003
2024-08-29 21:00:00,584,Salem,3.0,27.912000000000003
2024-08-29 22:00:00,584,Salem,1.0,28.109916666666667
2024-08-30 23:00:00,584,Salem,0.5,28.29575
2024-09-02 19:00:00,584,Salem,11.5,30.563545454545466
2024-09-08 19:00:00,584,Salem,0.5,27.942666666666668
2024-09-12 12:45:00,584,Salem,1.5,27.897333333333336
2024-09-12 12:50:00,584,Salem,1.5,27.897333333333336
2024-09-12 13:00:00,584,Salem,1.5,27.897333333333336
2024-09-14 17:00:00,584,Salem,2.0,27.418000000000003
2024-09-21 22:00:00,584,Salem,1.0,27.543000000000003
2024-09-21 23:00:00,584,Salem,0.5,27.543000000000003
2024-09-22 00:00:00,584,Salem,0.5,27.543000000000003
2024-09-22 01:00:00,584,Salem,0.5,27.543000000000003
2024-09-22 02:00:00,584,Salem,0.5,27.543000000000003
2024-09-24 15:00:00,584,Salem,9.5,27.29691666666667
2024-09-27 20:00:00,584,Salem,4.5,27.16433333333333
2024-09-27 21:00:00,584,Salem,18.5,27.16433333333333
2024-09-27 23:00:00,584,Salem,0.5,27.206083333333336
2024-09-28 05:00:00,584,Salem,0.5,27.24566666666667
2024-09-30 13:00:00,584,Salem,1.0,27.103250000000003
2024-10-03 02:00:00,584,Salem,0.5,27.079083333333333
2024-10-04 16:00:00,584,Salem,4.0,26.895750000000003
2024-10-04 17:00:00,584,Salem,1.5,26.895750000000003
2024-10-04 20:00:00,584,Salem,0.5,26.895750000000003
2024-10-04 21:00:00,584,Salem,0.5,26.895750000000003
2024-10-04 23:00:00,584,Salem,0.5,27.187583333333336
2024-10-05 00:00:00,584,Salem,3.0,27.187583333333336
2024-10-05 01:00:00,584,Salem,1.75,27.187583333333336
2024-10-05 02:00:00,584,Salem,2.0,27.187583333333336
2024-10-05 03:00:00,584,Salem,1.0,27.187583333333336
2024-10-05 04:00:00,584,Salem,0.75,27.23658333333333
2024-10-05 06:00:00,584,Salem,0.5,27.23658333333333
2024-10-05 22:00:00,584,Salem,1.5,27.212083333333336
2024-10-06 00:00:00,584,Salem,0.5,27.212083333333336
2024-10-06 01:00:00,584,Salem,0.5,27.212083333333336
2024-10-06 02:00:00,584,Salem,1.5,27.212083333333336
2024-10-06 03:00:00,584,Salem,2.0,27.212083333333336
2024-10-06 04:00:00,584,Salem,0.75,27.552000000000003
2024-10-07 17:00:00,584,Salem,8.0,27.444750000000003
2024-10-07 22:00:00,584,Salem,2.0,27.611416666666667
2024-10-07 23:00:00,584,Salem,3.0,27.611416666666667
2024-10-08 00:00:00,584,Salem,0.75,27.611416666666667
2024-10-08 01:00:00,584,Salem,5.0,27.611416666666667
2024-10-08 02:00:00,584,Salem,1.0,27.611416666666667
2024-10-08 03:00:00,584,Salem,1.5,27.611416666666667
2024-10-08 07:00:00,584,Salem,0.5,27.621250000000003
2024-10-08 16:00:00,584,Salem,2.5,27.226333333333333
2024-10-08 17:00:00,584,Salem,2.0,27.226333333333333
2024-10-08 18:00:00,584,Salem,0.5,27.226333333333333
2024-10-08 20:00:00,584,Salem,1.0,27.226333333333333
2024-10-08 21:00:00,584,Salem,4.0,27.226333333333333
2024-10-09 01:00:00,584,Salem,0.5,27.87341666666667
2024-10-09 02:00:00,584,Salem,0.5,27.87341666666667
2024-10-09 22:00:00,584,Salem,1.0,27.89891666666667
2024-10-09 23:00:00,584,Salem,0.5,27.89891666666667
2024-10-10 01:00:00,584,Salem,0.5,27.89891666666667
2024-10-10 02:00:00,584,Salem,0.5,27.89891666666667
2024-10-10 17:00:00,584,Salem,0.5,27.84491666666668
2024-10-10 23:00:00,584,Salem,1.0,27.895083333333336
2024-10-11 08:00:00,584,Salem,0.5,27.90991666666667
2024-10-11 17:00:00,584,Salem,1.0,27.72741666666667
2024-10-11 18:00:00,584,Salem,0.5,27.72741666666667
2024-10-11 20:00:00,584,Salem,3.0,27.72741666666667
2024-10-11 21:00:00,584,Salem,3.5,27.72741666666667
2024-10-11 22:00:00,584,Salem,0.5,27.818916666666667
2024-10-11 23:00:00,584,Salem,7.0,27.818916666666667
2024-10-12 00:00:00,584,Salem,3.0,27.818916666666667
2024-10-12 01:00:00,584,Salem,0.5,27.818916666666667
2024-10-12 02:00:00,584,Salem,0.5,27.818916666666667
2024-10-13 04:00:00,584,Salem,0.5,27.863833333333336
2024-10-13 05:00:00,584,Salem,2.5,27.863833333333336
2024-10-13 06:00:00,584,Salem,0.5,27.863833333333336
2024-10-13 14:00:00,584,Salem,0.5,27.8195
2024-10-13 15:00:00,584,Salem,0.5,27.8195
2024-10-13 16:00:00,584,Salem,6.25,27.916750000000004
2024-10-13 17:00:00,584,Salem,8.5,27.916750000000004
2024-10-14 08:00:00,584,Salem,1.0,28.12966666666667
2024-10-14 09:00:00,584,Salem,0.5,28.12966666666667
2024-10-14 10:00:00,584,Salem,0.5,28.10008333333333
2024-10-14 14:00:00,584,Salem,0.5,28.10008333333333
2024-10-14 15:00:00,584,Salem,0.5,28.10008333333333
2024-10-14 16:00:00,584,Salem,0.5,28.14283333333334
2024-10-14 18:00:00,584,Salem,3.25,28.14283333333334
2024-10-14 19:00:00,584,Salem,1.5,28.14283333333334
2024-10-14 20:00:00,584,Salem,0.5,28.14283333333334
2024-10-14 22:00:00,584,Salem,0.5,28.23783333333333
2024-10-14 23:00:00,584,Salem,0.5,28.23783333333333
2024-10-15 00:00:00,584,Salem,1.0,28.23783333333333
2024-10-15 11:00:00,584,Salem,0.5,28.298
2024-10-15 12:00:00,584,Salem,3.0,28.298
2024-10-15 13:00:00,584,Salem,1.0,28.298
2024-10-15 15:00:00,584,Salem,1.0,28.298
2024-10-15 16:00:00,584,Salem,2.0,28.300083333333333
2024-10-15 18:00:00,584,Salem,0.5,28.300083333333333
2024-10-15 19:00:00,584,Salem,2.0,28.300083333333333
2024-10-15 20:00:00,584,Salem,3.0,28.300083333333333
2024-10-19 11:00:00,584,Salem,0.5,29.95116666666667
2024-10-20 05:00:00,584,Salem,4.5,28.77566666666667
2024-10-20 06:00:00,584,Salem,20.0,28.77566666666667
2024-10-20 07:00:00,584,Salem,33.5,28.77566666666667
2024-10-20 08:00:00,584,Salem,4.0,28.77566666666667
2024-10-20 19:00:00,584,Salem,3.5,28.40158333333333
2024-10-20 21:00:00,584,Salem,61.5,28.40158333333333
2024-10-20 22:00:00,584,Salem,24.5,28.41208333333334
2024-10-20 23:00:00,584,Salem,4.5,28.41208333333334
2024-10-21 10:00:00,584,Salem,0.5,28.30808333333334
2024-10-22 05:00:00,584,Salem,22.0,28.60641666666667
2024-10-22 06:00:00,584,Salem,34.5,28.60641666666667
2024-10-22 09:00:00,584,Salem,0.5,28.60641666666667
2024-10-22 16:00:00,584,Salem,12.0,28.597833333333337
2024-10-22 17:00:00,584,Salem,4.5,28.597833333333337
2024-10-22 21:00:00,584,Salem,0.5,28.597833333333337
2024-10-23 16:00:00,584,Salem,0.5,28.670583333333337
2024-10-24 03:00:00,584,Salem,0.5,29.14775
2024-10-24 04:00:00,584,Salem,2.5,30.790500000000005
2024-10-24 05:00:00,584,Salem,0.5,30.790500000000005
2024-10-24 19:00:00,584,Salem,0.5,28.421166666666668
2024-10-24 20:00:00,584,Salem,0.5,28.421166666666668
2024-10-25 01:00:00,584,Salem,0.5,28.79808333333333
2024-10-25 02:00:00,584,Salem,2.0,28.79808333333333
2024-10-31 19:00:00,584,Salem,28.5,43.87622222222223
2024-10-31 20:00:00,584,Salem,2.5,43.87622222222223
2024-11-01 18:00:00,584,Salem,8.5,43.284666666666666
2024-11-01 19:00:00,584,Salem,5.0,43.284666666666666
2024-11-03 16:00:00,584,Salem,1.0,32.69525
2024-11-03 19:00:00,584,Salem,0.5,32.69525
2024-11-03 20:00:00,584,Salem,10.0,32.69525
2024-11-04 03:00:00,584,Salem,0.5,32.79108333333333
2024-11-04 04:00:00,584,Salem,1.0,35.861090909090905
2024-11-14 02:00:00,584,Salem,0.5,32.607000000000006
2024-11-14 14:00:00,584,Salem,0.5,32.4095
2024-11-14 15:00:00,584,Salem,0.5,32.4095
2024-11-15 03:00:00,584,Salem,0.5,36.537090909090914
2024-11-15 05:00:00,584,Salem,0.5,32.74691666666667
2024-11-15 15:00:00,584,Salem,0.5,32.4335
2024-11-15 16:00:00,584,Salem,0.5,32.64633333333334
2024-11-15 18:00:00,584,Salem,3.25,32.64633333333334
2024-11-15 20:00:00,584,Salem,0.5,32.64633333333334
2024-11-15 21:00:00,584,Salem,0.5,32.64633333333334
2024-11-16 08:00:00,584,Salem,0.5,28.9075
2024-11-16 10:00:00,584,Salem,1.0,28.559833333333334
2024-11-16 14:00:00,584,Salem,0.5,28.559833333333334
2024-11-16 16:00:00,584,Salem,0.5,28.14041666666667
2024-11-17 09:00:00,584,Salem,0.5,-8.25090909090909
2024-11-17 11:00:00,584,Salem,0.75,-8.31
2024-11-17 17:00:00,584,Salem,7.0,-8.259818181818183
2024-11-17 19:00:00,584,Salem,1.5,-8.259818181818183
2024-11-17 20:00:00,584,Salem,0.5,-8.259818181818183
2024-11-26 13:00:00,584,Salem,0.5,28.057916666666667
2024-11-26 14:00:00,584,Salem,0.5,28.057916666666667
2024-11-26 17:00:00,584,Salem,0.5,31.18541666666667
2024-11-26 19:00:00,584,Salem,0.5,31.18541666666667
2024-11-26 20:00:00,584,Salem,1.5,31.18541666666667
2024-11-27 00:00:00,584,Salem,0.5,31.8395
2024-11-27 01:00:00,584,Salem,0.5,31.8395
2024-11-27 02:00:00,584,Salem,1.5,31.8395
2024-11-27 03:00:00,584,Salem,1.0,31.8395
2024-11-27 04:00:00,584,Salem,2.0,32.00508333333333
2024-11-30 07:00:00,584,Salem,0.5,40.0095
2024-11-30 10:00:00,584,Salem,1.0,39.540200000000006
2024-11-30 11:00:00,584,Salem,0.5,39.540200000000006
2024-11-30 15:00:00,584,Salem,1.0,39.540200000000006
2024-11-30 17:00:00,584,Salem,0.5,36.173
2024-11-30 18:00:00,584,Salem,1.5,36.173
2024-11-30 19:00:00,584,Salem,2.5,36.173
2024-11-30 20:00:00,584,Salem,2.5,36.173
2024-11-30 21:00:00,584,Salem,2.5,36.173
2024-11-30 22:00:00,584,Salem,5.5,36.349545454545456
2024-11-30 23:00:00,584,Salem,4.25,36.349545454545456
2024-12-01 00:00:00,584,Salem,3.5,36.349545454545456
2024-12-01 01:00:00,584,Salem,0.5,36.349545454545456
2024-12-01 02:00:00,584,Salem,1.0,36.349545454545456
2024-12-01 05:00:00,584,Salem,1.0,45.419
2024-12-01 06:00:00,584,Salem,0.5,45.419
2024-12-01 07:00:00,584,Salem,0.5,45.419
2024-12-01 08:00:00,584,Salem,2.5,45.419
2024-12-01 14:00:00,584,Salem,2.5,45.483222222222224
2024-12-01 16:00:00,584,Salem,1.0,44.95444444444445
2024-12-01 17:00:00,584,Salem,1.75,44.95444444444445
2024-12-01 18:00:00,584,Salem,0.5,44.95444444444445
2024-12-01 19:00:00,584,Salem,1.5,44.95444444444445
2024-12-01 20:00:00,584,Salem,3.5,44.95444444444445
2024-12-01 21:00:00,584,Salem,2.5,44.95444444444445
2024-12-01 22:00:00,584,Salem,3.0,45.577000000000005
2024-12-01 23:00:00,584,Salem,5.0,45.577000000000005
2024-12-02 00:00:00,584,Salem,2.5,45.577000000000005
2024-12-02 01:00:00,584,Salem,4.5,45.577000000000005
2024-12-02 02:00:00,584,Salem,4.0,45.577000000000005
2024-12-02 08:00:00,584,Salem,0.5,40.3466
2024-12-02 10:00:00,584,Salem,1.5,40.3215
2024-12-02 11:00:00,584,Salem,0.5,40.3215
2024-12-02 12:00:00,584,Salem,1.0,40.3215
2024-12-02 16:00:00,584,Salem,7.0,36.675272727272734
2024-12-02 17:00:00,584,Salem,1.0,36.675272727272734
2024-12-02 19:00:00,584,Salem,0.5,36.675272727272734
2024-12-02 20:00:00,584,Salem,0.5,36.675272727272734
2024-12-02 21:00:00,584,Salem,1.5,36.675272727272734
2024-12-02 22:00:00,584,Salem,5.5,40.9996
2024-12-02 23:00:00,584,Salem,10.75,40.9996
2024-12-03 00:00:00,584,Salem,2.25,40.9996
2024-12-03 01:00:00,584,Salem,1.0,40.9996
2024-12-03 03:00:00,584,Salem,0.5,40.9996
2024-12-04 09:00:00,584,Salem,0.5,37.72381818181818
2024-12-07 18:00:00,584,Salem,0.5,37.78509090909091
2024-12-11 22:00:00,584,Salem,0.5,33.43845454545454
2024-12-12 02:00:00,584,Salem,0.5,33.43845454545454
2024-12-12 08:00:00,584,Salem,3.0,33.41263636363636
2024-12-12 09:00:00,584,Salem,2.0,33.41263636363636
2024-12-12 10:00:00,584,Salem,2.5,33.437090909090905
2024-12-12 11:00:00,584,Salem,1.5,33.437090909090905
2024-12-12 12:00:00,584,Salem,6.5,33.437090909090905
2024-12-12 13:00:00,584,Salem,4.0,33.437090909090905
2024-12-12 14:00:00,584,Salem,3.0,33.437090909090905
2024-12-12 15:00:00,584,Salem,1.75,33.437090909090905
2024-12-12 16:00:00,584,Salem,1.0,36.98345454545454
2024-12-12 17:00:00,584,Salem,1.0,36.98345454545454
2024-12-12 18:00:00,584,Salem,1.5,36.98345454545454
2024-12-12 23:00:00,584,Salem,0.5,37.98327272727273
2024-12-13 05:00:00,584,Salem,0.5,38.21909090909091
2024-12-13 07:00:00,584,Salem,0.5,38.21909090909091
2024-12-13 15:00:00,584,Salem,0.5,38.382636363636365
2024-12-13 17:00:00,584,Salem,0.5,38.015181818181816
2024-12-13 18:00:00,584,Salem,0.5,38.015181818181816
2024-12-13 19:00:00,584,Salem,1.0,38.015181818181816
2024-12-13 23:00:00,584,Salem,0.5,34.66263636363636
2024-12-14 00:00:00,584,Salem,0.5,34.66263636363636
2024-12-14 02:00:00,584,Salem,1.5,34.66263636363636
2024-12-14 03:00:00,584,Salem,1.0,34.66263636363636
2024-12-20 22:00:00,584,Salem,25.5,38.40218181818182
2024-12-20 23:00:00,584,Salem,2.0,38.40218181818182
2024-12-23 04:00:00,584,Salem,0.5,34.31545454545454
2024-12-23 05:00:00,584,Salem,0.5,34.31545454545454
2024-12-23 07:00:00,584,Salem,1.5,34.31545454545454
2024-12-23 08:00:00,584,Salem,0.5,34.31545454545454
2024-12-23 10:00:00,584,Salem,0.5,36.08772727272728
2024-12-26 23:00:00,584,Salem,0.5,34.67281818181818
2024-12-27 13:00:00,584,Salem,7.5,35.03908333333333
2024-12-27 14:00:00,584,Salem,0.5,35.03908333333333
2024-12-27 15:00:00,584,Salem,0.5,35.03908333333333
2024-12-27 16:00:00,584,Salem,6.5,39.06836363636364
2024-12-27 18:00:00,584,Salem,0.5,39.06836363636364
2024-12-27 19:00:00,584,Salem,0.5,39.06836363636364
2024-12-30 09:00:00,584,Salem,0.5,39.83436363636364
2024-12-30 21:00:00,584,Salem,0.5,39.50381818181818
2024-12-31 09:00:00,584,Salem,0.5,44.10379999999999
2025-01-13 18:00:00,584,Salem,0.5,48.18511111111111
2025-01-13 22:00:00,584,Salem,2.0,48.24411111111111
2025-01-14 00:00:00,584,Salem,0.5,48.24411111111111
2025-01-14 07:00:00,584,Salem,0.5,48.19166666666667
2025-01-19 11:00:00,584,Salem,2.5,48.231222222222215
2025-01-19 12:00:00,584,Salem,0.5,48.231222222222215
2025-01-19 19:00:00,584,Salem,2.5,43.0647
2025-03-11 15:00:00,584,Salem,3.0,34.12281818181818
2025-03-11 16:00:00,584,Salem,2.0,33.745636363636365
2025-03-11 17:00:00,584,Salem,7.0,33.745636363636365
2025-03-11 18:00:00,584,Salem,2.0,33.745636363636365
2025-03-11 19:00:00,584,Salem,1.0,33.745636363636365
2025-03-11 20:00:00,584,Salem,1.75,33.745636363636365
2025-03-11 21:00:00,584,Salem,1.0,33.745636363636365
2025-03-11 22:00:00,584,Salem,0.5,34.31018181818182
2025-03-11 23:00:00,584,Salem,0.5,34.31018181818182
2025-03-12 00:00:00,584,Salem,1.0,34.31018181818182
2025-03-12 01:00:00,584,Salem,0.5,34.31018181818182
2025-03-12 03:00:00,584,Salem,0.5,34.31018181818182
2025-03-12 05:00:00,584,Salem,0.5,34.373090909090905
2025-03-12 12:00:00,584,Salem,0.5,34.12109090909091
2025-03-12 16:00:00,584,Salem,0.5,37.8579
2025-03-12 17:00:00,584,Salem,0.5,37.8579
2025-03-12 18:00:00,584,Salem,0.5,37.8579
2025-03-12 21:00:00,584,Salem,0.5,37.8579
2025-03-13 03:00:00,584,Salem,0.5,37.9725
2025-03-13 12:00:00,584,Salem,0.5,33.921
2025-04-03 15:00:00,584,Salem,10.0,-7.832615384615384
2025-04-03 16:00:00,584,Salem,0.5,-8.761666666666667
2025-04-11 11:00:00,584,Salem,0.5,24.875714285714285
2025-04-11 22:00:00,584,Salem,2.5,25.28307142857143
2025-04-27 18:00:00,584,Salem,12.5,40.55911111111112
2025-04-27 19:00:00,584,Salem,1.5,40.55911111111112
2025-04-30 13:00:00,584,Salem,0.5,42.070625
2025-05-02 13:00:00,584,Salem,10.0,-5.06925
2025-05-02 14:00:00,584,Salem,15.0,-5.06925
2025-05-02 16:00:00,584,Salem,0.5,-4.702125
2025-05-04 01:00:00,584,Salem,0.5,37.7582
2025-05-04 23:00:00,584,Salem,11.5,37.5963
2025-05-05 00:00:00,584,Salem,10.0,37.5963
2025-05-06 02:00:00,584,Salem,0.5,38.2356
2025-05-06 16:00:00,584,Salem,35.5,28.20425
2025-05-06 17:00:00,584,Salem,10.5,28.20425
2025-05-07 09:25:00,584,Salem,2.0,26.715666666666667
2025-05-07 09:30:00,584,Salem,2.0,26.715666666666667
2025-05-07 09:50:00,584,Salem,2.0,26.715666666666667
2025-05-07 10:00:00,584,Salem,2.5,26.715666666666667
2025-05-07 17:00:00,584,Salem,0.5,27.34091666666667
2025-05-07 18:00:00,584,Salem,1.5,27.34091666666667
2025-05-07 22:00:00,584,Salem,1.0,33.15636363636364
2025-05-07 23:00:00,584,Salem,8.25,33.15636363636364
2025-05-08 00:00:00,584,Salem,0.5,33.15636363636364
2025-05-13 00:00:00,584,Salem,3.0,29.56590909090909
2025-05-13 01:00:00,584,Salem,16.5,29.56590909090909
2025-05-13 02:00:00,584,Salem,2.5,29.56590909090909
2025-05-13 03:00:00,584,Salem,0.5,29.56590909090909
2025-05-14 22:00:00,584,Salem,13.5,30.133916666666668
2025-05-17 02:00:00,584,Salem,1.0,30.64475
2025-05-17 05:00:00,584,Salem,1.5,30.64916666666667
2025-05-17 19:00:00,584,Salem,7.5,30.905500000000004
2025-05-17 20:00:00,584,Salem,2.5,30.905500000000004
2025-05-17 21:00:00,584,Salem,4.0,30.905500000000004
2025-05-17 22:00:00,584,Salem,4.0,31.13058333333333
2025-05-17 23:00:00,584,Salem,11.0,31.13058333333333
2025-05-18 00:00:00,584,Salem,6.0,31.13058333333333
2025-05-18 20:00:00,584,Salem,32.5,31.410666666666668
2025-05-18 21:00:00,584,Salem,1.0,31.410666666666668
2025-05-18 22:00:00,584,Salem,0.5,34.70672727272727
2025-05-18 23:00:00,584,Salem,18.0,34.70672727272727
2025-05-19 00:00:00,584,Salem,17.0,34.70672727272727
2025-05-19 01:00:00,584,Salem,3.0,34.70672727272727
2025-05-19 02:00:00,584,Salem,3.0,34.70672727272727
2025-05-19 03:00:00,584,Salem,1.5,34.70672727272727
2025-05-19 04:00:00,584,Salem,1.5,35.03972727272727
2025-05-19 05:00:00,584,Salem,1.0,35.03972727272727
2025-05-19 06:00:00,584,Salem,1.0,35.03972727272727
2025-05-19 09:00:00,584,Salem,0.5,35.03972727272727
2025-05-19 18:00:00,584,Salem,15.5,35.213454545454546
2025-05-19 19:00:00,584,Salem,25.0,35.213454545454546
2025-05-19 21:00:00,584,Salem,30.5,35.213454545454546
2025-05-20 03:00:00,584,Salem,1.0,32.20491666666667
2025-05-20 04:00:00,584,Salem,1.0,36.01618181818182
2025-05-20 13:00:00,584,Salem,1.0,36.10327272727272
2025-05-20 15:00:00,584,Salem,0.5,36.10327272727272
2025-05-21 15:00:00,584,Salem,0.5,-0.8376666666666664
2025-05-23 18:00:00,584,Salem,1.0,-5.2259
2025-05-23 19:00:00,584,Salem,0.5,-5.2259
2025-05-24 04:00:00,584,Salem,0.5,36.92144444444445
2025-05-25 01:00:00,584,Salem,0.5,30.86963636363636
2025-05-25 03:00:00,584,Salem,0.5,30.86963636363636
2025-05-25 19:00:00,584,Salem,0.5,33.72525
2025-05-25 20:00:00,584,Salem,0.5,33.72525
2025-05-25 21:00:00,584,Salem,0.5,33.72525
2025-05-25 22:00:00,584,Salem,0.5,31.101416666666665
2025-05-25 23:00:00,584,Salem,0.5,31.101416666666665
2025-05-26 00:00:00,584,Salem,0.5,31.101416666666665
2025-05-26 03:00:00,584,Salem,0.5,31.101416666666665
2025-05-28 17:00:00,584,Salem,2.0,34.472500000000004
2025-06-02 19:00:00,584,Salem,3.0,34.90266666666667
2025-06-03 15:00:00,584,Salem,1.5,35.25533333333333
2025-06-05 00:00:00,584,Salem,0.5,48.22555555555555
2025-06-09 00:00:00,584,Salem,51.5,48.35422222222223
2025-06-09 01:00:00,584,Salem,3.75,48.35422222222223
2025-06-09 02:00:00,584,Salem,0.75,48.35422222222223
2025-06-09 22:00:00,584,Salem,11.0,35.263666666666666
2025-06-09 23:00:00,584,Salem,1.0,35.263666666666666
2025-06-10 00:00:00,584,Salem,1.5,35.263666666666666
2025-06-11 18:00:00,584,Salem,2.5,35.27425
2025-06-11 19:00:00,584,Salem,3.5,35.27425
2025-06-11 22:00:00,584,Salem,0.5,35.40225
2025-06-11 23:00:00,584,Salem,0.5,35.40225
2025-06-13 15:00:00,584,Salem,0.5,48.64644444444444
2025-06-14 17:00:00,584,Salem,0.5,48.70222222222223
2025-06-15 19:00:00,584,Salem,0.5,48.73111111111112
2025-06-15 21:00:00,584,Salem,0.5,48.73111111111112
2025-06-15 22:00:00,584,Salem,1.0,48.72433333333333
2025-06-15 23:00:00,584,Salem,1.0,48.72433333333333
2025-06-16 08:00:00,584,Salem,0.5,48.657222222222224
2025-06-18 16:00:00,584,Salem,0.5,48.71133333333333
2025-06-18 17:00:00,584,Salem,3.5,48.71133333333333
2025-06-20 20:00:00,584,Salem,0.5,48.54777777777778
2025-06-21 01:00:00,584,Salem,0.5,44.19222222222222
2025-06-22 16:00:00,584,Salem,15.0,48.41455555555555
2025-06-22 18:00:00,584,Salem,20.0,48.41455555555555
2025-06-22 20:00:00,584,Salem,0.5,48.41455555555555
2025-06-25 18:00:00,584,Salem,1.0,4.257499999999999
2025-06-26 18:00:00,584,Salem,5.5,4.325666666666667
2025-06-27 07:00:00,584,Salem,0.5,4.374166666666667
2025-07-01 19:00:00,584,Salem,2.5,4.2635000000000005
2025-07-02 16:00:00,584,Salem,0.5,4.306333333333334
2025-07-11 13:00:00,584,Salem,2.0,-4.578
2025-07-16 19:00:00,584,Salem,2.5,4.029599999999999
2025-07-20 19:00:00,584,Salem,10.5,3.274666666666666
2025-07-20 20:00:00,584,Salem,1.0,3.274666666666666
2025-07-20 21:00:00,584,Salem,0.5,3.274666666666666
2025-07-21 00:00:00,584,Salem,0.5,53.782375
2025-07-21 18:00:00,584,Salem,0.5,53.720125
2025-07-21 19:00:00,584,Salem,1.0,53.720125
2025-07-21 20:00:00,584,Salem,2.5,53.720125
2025-07-21 21:00:00,584,Salem,0.5,53.720125
2025-07-23 18:00:00,584,Salem,2.0,53.815625
2025-07-23 19:00:00,584,Salem,4.5,53.815625
2025-07-23 20:00:00,584,Salem,1.5,53.815625
2025-08-01 17:00:00,584,Salem,1.0,62.093
2025-08-02 02:00:00,584,Salem,1.5,62.07114285714285
2025-08-02 03:00:00,584,Salem,1.5,62.07114285714285
2025-08-02 04:00:00,584,Salem,1.0,62.19885714285714
2025-08-02 23:00:00,584,Salem,2.5,53.454
2025-08-03 20:00:00,584,Salem,1.0,53.367
2025-08-04 15:00:00,584,Salem,14.0,53.1895
2025-08-04 16:00:00,584,Salem,34.5,53.25825
2025-08-04 18:00:00,584,Salem,0.5,53.25825
2025-08-04 22:00:00,584,Salem,0.5,53.332875
2025-08-04 23:00:00,584,Salem,1.0,53.332875
2025-08-05 18:00:00,584,Salem,1.0,53.08625
2025-08-05 19:00:00,584,Salem,3.5,53.08625
2025-08-05 20:00:00,584,Salem,0.5,53.08625
2025-08-07 19:00:00,584,Salem,1.0,52.91525
2025-08-08 23:00:00,584,Salem,9.0,52.10212500000001
2025-08-09 00:00:00,584,Salem,3.0,52.10212500000001
2025-08-09 01:00:00,584,Salem,3.5,52.10212500000001
2025-08-09 04:00:00,584,Salem,0.5,61.47785714285714
2025-08-09 07:00:00,584,Salem,1.5,61.47785714285714
2025-08-09 08:00:00,584,Salem,1.5,61.47785714285714
2025-08-09 16:00:00,584,Salem,13.0,61.328857142857146
2025-08-09 17:00:00,584,Salem,1.5,61.328857142857146
2025-08-09 20:00:00,584,Salem,0.5,61.328857142857146
2025-08-09 21:00:00,584,Salem,0.5,61.328857142857146
2025-08-10 20:00:00,584,Salem,4.5,52.812375
2025-08-11 19:00:00,584,Salem,1.0,53.170375
2025-08-14 14:00:00,584,Salem,8.5,53.401250000000005
2025-08-16 17:00:00,584,Salem,0.5,53.7435
2025-08-17 18:00:00,584,Salem,0.5,53.66475
2025-08-17 21:00:00,584,Salem,0.5,53.66475
2025-08-17 23:00:00,584,Salem,0.5,53.719
2025-08-22 19:00:00,584,Salem,4.5,46.76933333333333
2025-08-22 20:00:00,584,Salem,7.0,46.76933333333333
2025-08-22 23:00:00,584,Salem,19.5,46.81433333333334
2025-08-23 00:00:00,584,Salem,4.5,46.81433333333334
2025-08-23 01:00:00,584,Salem,0.5,46.81433333333334
2025-08-23 02:00:00,584,Salem,0.5,46.81433333333334
2025-08-23 03:00:00,584,Salem,0.5,46.81433333333334
2025-08-23 20:00:00,584,Salem,6.5,46.78488888888889
2025-08-23 21:00:00,584,Salem,0.5,46.78488888888889
2025-08-28 16:00:00,584,Salem,3.0,2.7462000000000004
2025-08-28 17:00:00,584,Salem,0.5,2.7462000000000004
2025-08-28 22:00:00,584,Salem,0.5,2.7462000000000004
2025-09-01 20:00:00,584,Salem,0.5,85.8574
2025-09-06 15:00:00,584,Salem,1.5,-0.1107500000000005
2025-09-06 20:00:00,584,Salem,0.5,-0.258375
2025-09-07 01:00:00,584,Salem,0.5,0.2746250000000003
2025-09-09 02:00:00,584,Salem,0.5,45.17822222222222
2025-09-09 15:00:00,584,Salem,1.5,44.85322222222222
2025-09-10 00:00:00,584,Salem,37.5,45.27755555555556
2025-09-10 20:00:00,584,Salem,2.5,45.132777777777775
2025-09-10 23:00:00,584,Salem,10.5,45.288777777777774
2025-09-11 00:00:00,584,Salem,28.5,45.288777777777774
2025-09-11 01:00:00,584,Salem,5.0,45.288777777777774
2025-09-11 02:00:00,584,Salem,2.5,45.288777777777774
2025-09-11 03:00:00,584,Salem,0.5,45.288777777777774
2025-09-14 23:00:00,584,Salem,0.5,45.58500000000001
2025-09-15 01:00:00,584,Salem,0.5,45.58500000000001
2025-09-16 01:00:00,584,Salem,1.0,45.57422222222223
2025-09-16 02:00:00,584,Salem,0.5,45.57422222222223
2025-09-16 23:00:00,584,Salem,2.0,45.53833333333333
2025-09-17 00:00:00,584,Salem,0.5,45.53833333333333
2025-09-17 03:00:00,584,Salem,0.5,45.53833333333333
2025-09-17 19:00:00,584,Salem,0.5,45.23655555555556
2025-09-17 20:00:00,584,Salem,1.0,45.23655555555556
2025-09-18 22:00:00,584,Salem,0.5,109.903
2025-09-18 23:00:00,584,Salem,1.0,109.903
2025-09-20 14:00:00,584,Salem,0.5,46.43899999999999
2025-09-22 20:15:00,584,Salem,0.5,46.525444444444446
2025-09-22 20:20:00,584,Salem,3.0,46.525444444444446
2025-09-22 21:00:00,584,Salem,3.0,46.525444444444446
2025-09-24 11:10:00,584,Salem,0.5,47.10288888888888
2025-09-24 11:15:00,584,Salem,0.5,47.10288888888888
2025-09-24 12:00:00,584,Salem,1.0,47.10288888888888
2025-09-24 19:00:00,584,Salem,2.0,47.23044444444444
2025-09-24 20:00:00,584,Salem,1.5,47.23044444444444
2025-09-24 21:00:00,584,Salem,0.5,47.23044444444444
2025-09-25 16:00:00,584,Salem,1.5,46.67911111111111
2025-09-25 23:00:00,584,Salem,1.0,47.358555555555554
2025-09-28 18:00:00,584,Salem,3.5,41.3835
2025-10-03 22:00:00,584,Salem,0.5,37.75218181818183
2025-10-03 23:00:00,584,Salem,12.0,37.75218181818183
2025-10-04 00:00:00,584,Salem,1.5,37.75218181818183
2025-10-04 01:00:00,584,Salem,2.0,37.75218181818183
2025-10-04 02:00:00,584,Salem,2.5,37.75218181818183
2025-10-04 03:00:00,584,Salem,0.75,37.75218181818183
2025-10-04 04:00:00,584,Salem,1.5,37.762
2025-10-04 05:00:00,584,Salem,0.75,37.762
2025-10-04 22:00:00,584,Salem,1.5,37.77190909090909
2025-10-04 23:00:00,584,Salem,2.0,37.77190909090909
2025-10-05 00:00:00,584,Salem,0.5,37.77190909090909
2025-10-05 01:00:00,584,Salem,0.5,37.77190909090909
2025-10-05 17:00:00,584,Salem,2.0,37.55236363636363
2025-10-05 23:00:00,584,Salem,0.5,37.81445454545455
2025-10-16 12:00:00,584,Salem,0.5,-3.5592
2025-10-16 13:00:00,584,Salem,0.5,-3.5592
2025-10-16 14:00:00,584,Salem,2.0,-3.5592
2025-10-16 15:00:00,584,Salem,13.5,-3.5592
2025-10-16 16:00:00,584,Salem,0.5,-3.5592
2025-10-17 02:00:00,584,Salem,0.5,-3.5592
2025-10-17 04:00:00,584,Salem,0.5,-3.5592
2025-10-17 10:00:00,584,Salem,0.5,-3.5592
2025-10-17 11:00:00,584,Salem,0.5,-3.5592
2025-10-17 20:00:00,584,Salem,1.5,-3.5592
2025-10-17 21:00:00,584,Salem,0.5,-3.5592
2025-10-17 22:00:00,584,Salem,0.5,-3.5592
2025-10-18 00:00:00,584,Salem,0.5,-3.5592
2025-10-18 03:00:00,584,Salem,1.0,-3.5592
2025-10-18 04:00:00,584,Salem,4.5,-3.5592
2025-10-18 07:00:00,584,Salem,0.5,-3.5592
2025-10-19 03:00:00,584,Salem,2.0,-3.5592
2025-10-19 06:00:00,584,Salem,0.5,-3.5592
2025-10-19 17:00:00,584,Salem,0.75,-3.5592
2025-10-20 02:00:00,584,Salem,0.5,-3.5592
2025-10-20 04:00:00,584,Salem,5.0,-3.5592
2025-10-20 05:00:00,584,Salem,25.0,-3.5592
2025-10-20 18:00:00,584,Salem,2.0,-3.5592
2025-10-21 09:00:00,584,Salem,1.5,-3.5592
2025-10-21 10:00:00,584,Salem,1.5,-3.5592
2025-10-21 11:00:00,584,Salem,1.0,-3.5592
2025-10-21 12:00:00,584,Salem,2.0,-3.5592
2025-10-21 13:00:00,584,Salem,1.0,-3.5592
2025-10-21 14:00:00,584,Salem,0.5,-3.5592
2025-10-21 15:00:00,584,Salem,0.5,-3.5592
2025-10-21 19:00:00,584,Salem,0.5,-3.5592
2025-10-21 22:00:00,584,Salem,3.5,-3.5592
2025-10-21 23:00:00,584,Salem,2.0,-3.5592
2025-10-22 00:00:00,584,Salem,1.0,-3.5592
2025-10-22 01:00:00,584,Salem,0.5,-3.5592
2025-10-22 03:00:00,584,Salem,0.5,-3.5592
2025-10-22 04:00:00,584,Salem,0.5,-3.5592
2025-10-22 05:00:00,584,Salem,3.0,-3.5592
2025-10-22 06:00:00,584,Salem,4.5,-3.5592
2025-10-22 07:00:00,584,Salem,4.5,-3.5592
2025-10-22 08:00:00,584,Salem,0.5,-3.5592
2025-10-22 13:00:00,584,Salem,0.75,-3.5592
2025-10-22 14:00:00,584,Salem,8.5,-3.5592
2025-10-22 15:00:00,584,Salem,25.5,-3.5592
2025-10-22 16:00:00,584,Salem,15.0,-3.5592
2025-10-22 17:00:00,584,Salem,1.0,-3.5592
2025-10-22 19:00:00,584,Salem,0.5,-3.5592
2025-10-22 22:00:00,584,Salem,4.0,-3.5592
2025-10-22 23:00:00,584,Salem,0.5,-3.5592
2025-10-23 00:00:00,584,Salem,2.5,-3.5592
2025-10-23 04:00:00,584,Salem,0.5,-3.5200000000000005
2025-10-23 06:00:00,584,Salem,0.5,-3.5200000000000005
2025-11-06 04:00:00,584,Salem,2.5,-3.3748000000000005
2025-11-06 05:00:00,584,Salem,5.0,-3.3748000000000005
2025-11-06 08:00:00,584,Salem,0.5,-3.3748000000000005
2025-11-06 09:00:00,584,Salem,0.5,-3.3748000000000005
2025-11-06 11:00:00,584,Salem,0.5,-4.7564
2025-11-07 01:00:00,584,Salem,2.0,-3.3105999999999995
2025-11-07 02:00:00,584,Salem,0.5,-3.3105999999999995
2025-11-07 19:00:00,584,Salem,3.5,-3.2744
2025-11-08 11:00:00,584,Salem,130.0,-2.95525
2025-11-09 01:00:00,584,Salem,155.5,-2.9335
2025-11-09 04:00:00,584,Salem,70.0,-3.2578000000000005
2025-11-09 07:00:00,584,Salem,4.0,-3.2578000000000005
2025-11-09 08:00:00,584,Salem,20.0,-3.2578000000000005
2025-11-09 10:00:00,584,Salem,5.5,-3.2794
2025-11-14 00:00:00,584,Salem,6.5,-3.3192
2025-11-14 01:00:00,584,Salem,1.0,-3.3192
2025-11-17 23:00:00,584,Salem,0.5,-3.4170000000000003
2025-11-18 02:00:00,584,Salem,0.5,-3.4170000000000003
2025-11-18 11:00:00,584,Salem,0.5,-3.6276
2025-11-18 12:00:00,584,Salem,1.5,-3.6276
2025-11-18 13:00:00,584,Salem,3.0,-3.6276
2025-11-18 14:00:00,584,Salem,1.0,-3.6276
2025-11-18 16:00:00,584,Salem,3.5,-3.4858
2025-11-18 22:00:00,584,Salem,0.5,-3.3784
2025-11-19 02:00:00,584,Salem,0.5,-3.3784
2025-11-21 15:00:00,584,Salem,0.5,42.93455555555555
2025-11-21 16:00:00,584,Salem,1.5,43.00422222222223
2025-11-22 01:00:00,584,Salem,0.5,38.3004
2025-11-22 04:00:00,584,Salem,6.75,38.2967
2025-11-22 05:00:00,584,Salem,1.5,38.2967
2025-11-22 06:00:00,584,Salem,11.5,38.2967
2025-11-22 07:00:00,584,Salem,4.0,38.2967
2025-11-22 08:00:00,584,Salem,0.5,38.2967
2025-11-22 16:00:00,584,Salem,3.0,47.98625
2025-11-22 19:00:00,584,Salem,0.5,47.98625
2025-11-22 20:00:00,584,Salem,0.5,47.98625
2025-11-23 00:00:00,584,Salem,2.0,43.50366666666667
2025-11-23 01:00:00,584,Salem,2.5,43.50366666666667
2025-11-23 02:00:00,584,Salem,0.5,43.50366666666667
2025-11-23 07:00:00,584,Salem,0.5,42.75877777777778
2025-11-23 10:00:00,584,Salem,9.0,43.38977777777777
2025-11-23 12:00:00,584,Salem,0.5,43.38977777777777
2025-11-23 15:00:00,584,Salem,0.5,43.38977777777777
2025-11-23 16:00:00,584,Salem,0.5,39.0448
2025-11-23 20:00:00,584,Salem,51.5,39.0448
2025-11-23 21:00:00,584,Salem,0.5,39.0448
2025-11-23 22:00:00,584,Salem,0.5,39.1717
2025-11-24 01:00:00,584,Salem,0.5,39.1717
2025-11-24 02:00:00,584,Salem,1.0,39.1717
2025-11-24 03:00:00,584,Salem,1.5,39.1717
2025-11-24 04:00:00,584,Salem,2.5,39.096
2025-11-24 05:00:00,584,Salem,6.0,39.096
2025-11-24 06:00:00,584,Salem,1.0,39.096
2025-11-24 07:00:00,584,Salem,1.0,39.096
2025-11-24 08:00:00,584,Salem,1.5,39.096
2025-11-24 09:00:00,584,Salem,0.5,39.096
2025-11-24 10:00:00,584,Salem,1.0,39.1379
2025-11-24 18:00:00,584,Salem,12.5,39.1915
2025-11-24 19:00:00,584,Salem,2.0,39.1915
2025-11-24 20:00:00,584,Salem,0.5,39.1915
2025-11-30 00:00:00,584,Salem,0.5,-5.2395
2025-11-30 01:00:00,584,Salem,1.0,-5.2395
2025-12-01 21:00:00,584,Salem,109.5,44.11666666666667
2025-12-02 01:00:00,584,Salem,5.5,44.23255555555556
2025-12-02 02:00:00,584,Salem,37.0,44.23255555555556
2025-12-02 03:00:00,584,Salem,154.0,44.23255555555556
2025-12-02 04:00:00,584,Salem,591.5,44.27433333333333
2025-12-02 05:00:00,584,Salem,116.5,44.27433333333333
2025-12-02 06:00:00,584,Salem,18.0,44.27433333333333
2025-12-02 07:00:00,584,Salem,2.0,44.27433333333333
2025-12-02 08:00:00,584,Salem,13.5,44.27433333333333
2025-12-02 09:00:00,584,Salem,28.0,44.27433333333333
2025-12-02 10:00:00,584,Salem,3014.0,43.952666666666666
2025-12-02 11:00:00,584,Salem,214.0,43.952666666666666
2025-12-02 12:00:00,584,Salem,144.5,43.952666666666666
2025-12-02 13:00:00,584,Salem,38.5,43.952666666666666
2025-12-02 14:00:00,584,Salem,126.0,43.952666666666666
2025-12-03 05:00:00,584,Salem,0.5,44.16388888888889
2025-12-03 06:00:00,584,Salem,2.5,44.16388888888889
2025-12-03 07:00:00,584,Salem,0.5,44.16388888888889
2025-12-03 08:00:00,584,Salem,0.5,44.16388888888889
2025-12-03 09:00:00,584,Salem,1.0,44.16388888888889
2025-12-03 17:00:00,584,Salem,1.0,43.93922222222222
2025-12-03 21:00:00,584,Salem,17.5,43.93922222222222
2025-12-03 22:00:00,584,Salem,6.5,44.132333333333335
2025-12-03 23:00:00,584,Salem,1.0,44.132333333333335
2025-12-04 01:00:00,584,Salem,0.5,44.132333333333335
2025-12-04 02:00:00,584,Salem,138.0,44.132333333333335
2025-12-05 10:00:00,584,Salem,1.0,39.1422
2025-12-05 13:00:00,584,Salem,0.5,39.1422
2025-12-05 15:00:00,584,Salem,0.5,39.1422
2025-12-16 18:00:00,584,Salem,0.5,80.86659999999999
2025-12-16 19:00:00,584,Salem,1.0,80.86659999999999
2025-12-16 20:00:00,584,Salem,1.0,80.86659999999999
2025-12-16 22:00:00,584,Salem,1.25,38.967
2025-12-16 23:00:00,584,Salem,1.0,38.967
2025-12-17 00:00:00,584,Salem,1.0,38.967
2025-12-17 05:00:00,584,Salem,4.5,39.0117
2025-12-17 06:00:00,584,Salem,21.0,39.0117
2025-12-17 08:00:00,584,Salem,19.5,39.0117
2025-12-17 09:00:00,584,Salem,20.5,39.0117
2025-12-17 10:00:00,584,Salem,279.0,38.8591
2025-12-17 11:00:00,584,Salem,1.0,38.8591
2025-12-17 12:00:00,584,Salem,22.5,38.8591
2026-01-10 06:00:00,584,Salem,0.5,19.268625
2026-01-10 09:00:00,584,Salem,0.5,19.268625
2026-01-10 19:00:00,584,Salem,0.5,19.268625
2026-01-10 20:00:00,584,Salem,2.0,19.268625
2026-01-10 21:00:00,584,Salem,0.5,19.268625
2026-01-11 02:00:00,584,Salem,5.0,19.268625
2026-01-11 03:00:00,584,Salem,1.5,19.268625
2026-01-11 04:00:00,584,Salem,3.0,15.202166666666669
2026-01-11 05:00:00,584,Salem,1.5,15.202166666666669
2026-01-11 06:00:00,584,Salem,0.5,15.202166666666669
2026-01-11 14:00:00,584,Salem,0.5,14.25461111111111
2026-01-11 15:00:00,584,Salem,0.5,14.25461111111111
2026-01-11 18:00:00,584,Salem,0.5,9.748772727272728
2026-01-11 19:00:00,584,Salem,0.5,9.748772727272728
2026-01-12 07:00:00,584,Salem,0.5,11.39931818181818
2026-01-12 10:00:00,584,Salem,1.0,10.065772727272728
2026-01-12 11:00:00,584,Salem,0.5,10.065772727272728
2026-01-12 12:00:00,584,Salem,1.5,10.065772727272728
2026-01-12 13:00:00,584,Salem,1.0,10.065772727272728
2026-01-12 14:00:00,584,Salem,1.5,10.065772727272728
2026-01-12 15:00:00,584,Salem,1.5,10.065772727272728
2026-01-12 16:00:00,584,Salem,0.5,11.258863636363635
2026-01-12 17:00:00,584,Salem,1.5,11.258863636363635
2026-01-12 18:00:00,584,Salem,1.0,11.258863636363635
2026-01-12 19:00:00,584,Salem,0.5,11.258863636363635
2026-01-12 21:00:00,584,Salem,0.5,11.258863636363635
2026-01-12 23:00:00,584,Salem,0.5,9.1862
2026-01-13 02:00:00,584,Salem,0.5,9.1862
2026-01-25 02:00:00,584,Salem,0.5,14.172789473684208
2026-01-25 23:00:00,584,Salem,0.5,11.680190476190475
2026-01-26 01:00:00,584,Salem,0.5,11.680190476190475
2026-01-26 02:00:00,584,Salem,0.5,11.680190476190475
2026-01-26 04:00:00,584,Salem,0.5,12.59335
2026-01-26 05:00:00,584,Salem,0.5,12.59335
2026-01-26 07:00:00,584,Salem,1.5,12.59335
2026-01-26 12:00:00,584,Salem,0.5,12.5747
2026-01-26 14:00:00,584,Salem,2.0,12.5747
2026-01-26 15:00:00,584,Salem,4.0,12.5747
2026-01-26 16:00:00,584,Salem,172.5,13.544947368421054
2026-01-26 17:00:00,584,Salem,690.0,13.544947368421054
2026-01-26 18:00:00,584,Salem,310.0,13.544947368421054
2026-01-26 19:00:00,584,Salem,150.5,13.544947368421054
2026-01-26 20:00:00,584,Salem,80.5,13.544947368421054
2026-01-26 21:00:00,584,Salem,133.5,13.544947368421054
2026-01-26 22:00:00,584,Salem,90.5,11.861
2026-01-27 02:00:00,584,Salem,62.5,11.861
2026-01-27 03:00:00,584,Salem,16.0,11.861
2026-01-27 04:00:00,584,Salem,92.0,11.888761904761909
2026-02-25 03:00:00,584,Salem,2.0,19.6749375
2026-02-25 04:00:00,584,Salem,0.5,-5.847499999999999
2026-03-18 01:00:00,584,Salem,0.5,6.534
2026-03-18 02:00:00,584,Salem,0.5,6.534
2026-03-18 05:00:00,584,Salem,0.5,6.581615384615384
2026-03-18 22:00:00,584,Salem,0.5,6.170222222222223
2026-03-18 23:00:00,584,Salem,1.0,6.170222222222223
2026-03-19 00:00:00,584,Salem,1.5,6.170222222222223
2026-03-19 01:00:00,584,Salem,0.75,6.170222222222223
2026-03-19 02:00:00,584,Salem,1.75,6.170222222222223
2026-03-19 03:00:00,584,Salem,1.0,6.170222222222223
2026-03-19 04:00:00,584,Salem,0.5,6.298925925925925
2026-03-19 05:00:00,584,Salem,0.5,6.298925925925925
2026-03-19 06:00:00,584,Salem,0.5,6.298925925925925
2026-03-19 07:00:00,584,Salem,0.5,6.298925925925925
2026-03-19 08:00:00,584,Salem,0.5,6.298925925925925
2026-03-19 09:00:00,584,Salem,0.5,6.298925925925925
2026-03-19 10:00:00,584,Salem,0.5,6.246814814814814
2026-03-19 12:00:00,584,Salem,0.5,6.246814814814814
2026-03-19 13:00:00,584,Salem,0.5,6.246814814814814
2026-03-19 17:00:00,584,Salem,0.5,6.927653846153846
2026-03-20 00:00:00,584,Salem,0.5,6.856807692307693
2026-03-20 04:00:00,584,Salem,0.5,-10.338866666666666
2026-03-20 05:00:00,584,Salem,0.5,-10.338866666666666
2026-03-20 08:00:00,584,Salem,0.5,-10.338866666666666
2026-03-20 12:00:00,584,Salem,0.5,-10.358466666666668
2026-03-20 13:00:00,584,Salem,0.5,-10.358466666666668
2026-03-20 14:00:00,584,Salem,101.0,-10.358466666666668
2021-09-29 21:00:00,585,Sivaganga,0.5,-8.5075
2021-10-01 00:00:00,585,Sivaganga,26.0,-8.3905
2021-10-01 01:00:00,585,Sivaganga,0.5,-8.3905
2021-10-01 02:00:00,585,Sivaganga,1.5,-8.3905
2021-10-01 03:00:00,585,Sivaganga,1.75,-8.3905
2021-10-01 04:00:00,585,Sivaganga,3.5,-8.20475
2021-10-01 05:00:00,585,Sivaganga,4.5,-8.20475
2021-10-01 06:00:00,585,Sivaganga,4.5,-8.20475
2021-10-01 07:00:00,585,Sivaganga,0.5,-8.20475
2021-10-02 02:00:00,585,Sivaganga,8.5,-8.05225
2021-10-02 03:00:00,585,Sivaganga,4.0,-8.05225
2021-10-02 04:00:00,585,Sivaganga,10.0,-7.91325
2021-10-02 17:00:00,585,Sivaganga,3.0,-7.9105
2021-11-08 09:00:00,585,Sivaganga,0.5,-4.3012500000000005
2021-12-30 17:00:00,585,Sivaganga,1.0,-2.76025
2021-12-30 21:00:00,585,Sivaganga,0.5,-2.76025
2021-12-31 06:00:00,585,Sivaganga,1.0,-2.5865
2021-12-31 07:00:00,585,Sivaganga,3.25,-2.5865
2021-12-31 08:00:00,585,Sivaganga,0.5,-2.5865
2021-12-31 13:00:00,585,Sivaganga,0.5,-2.71325
2021-12-31 14:00:00,585,Sivaganga,0.5,-2.71325
2021-12-31 15:00:00,585,Sivaganga,1.0,-2.71325
2021-12-31 17:00:00,585,Sivaganga,2.0,-2.67025
2021-12-31 18:00:00,585,Sivaganga,2.0,-2.67025
2021-12-31 20:00:00,585,Sivaganga,0.5,-2.67025
2022-01-01 19:00:00,585,Sivaganga,2.75,-2.764
2022-01-01 20:00:00,585,Sivaganga,0.75,-2.764
2022-01-01 21:00:00,585,Sivaganga,0.5,-2.764
2022-01-01 22:00:00,585,Sivaganga,2.5,-2.6485
2022-01-01 23:00:00,585,Sivaganga,0.75,-2.6485
2022-01-02 17:00:00,585,Sivaganga,1.5,-2.62275
2022-01-07 18:00:00,585,Sivaganga,3.0,-2.5095
2022-01-07 21:00:00,585,Sivaganga,1.0,-2.5095
2022-01-08 07:00:00,585,Sivaganga,0.5,-2.4215
2022-01-10 17:00:00,585,Sivaganga,0.5,-2.58075
2022-02-18 12:15:00,585,Sivaganga,5.0,-3.67075
2022-02-18 13:00:00,585,Sivaganga,5.0,-3.67075
2022-02-18 13:40:00,585,Sivaganga,1.5,-3.67075
2022-02-18 13:45:00,585,Sivaganga,1.5,-3.67075
2022-02-18 13:50:00,585,Sivaganga,1.5,-3.67075
2022-02-18 13:55:00,585,Sivaganga,1.5,-3.67075
2022-03-20 17:00:00,585,Sivaganga,5.5,-4.5047500000000005
2022-03-20 18:00:00,585,Sivaganga,11.166666666666666,-4.5047500000000005
2022-03-20 19:00:00,585,Sivaganga,1.5,-4.5047500000000005
2022-03-20 20:00:00,585,Sivaganga,0.5,-4.5047500000000005
2022-03-24 18:00:00,585,Sivaganga,0.5,-4.58425
2022-03-26 16:00:00,585,Sivaganga,0.5,-4.56625
2022-03-27 16:00:00,585,Sivaganga,11.0,-4.53075
2022-04-02 16:00:00,585,Sivaganga,1.0,-4.6425
2022-04-08 06:00:00,585,Sivaganga,7.0,-4.656499999999999
2022-04-08 07:00:00,585,Sivaganga,1.0,-4.656499999999999
2022-04-08 15:00:00,585,Sivaganga,0.5,-4.9215
2022-04-08 16:00:00,585,Sivaganga,1.0,-4.87225
2022-04-08 17:00:00,585,Sivaganga,1.0,-4.87225
2022-04-08 18:00:00,585,Sivaganga,0.5,-4.87225
2022-04-08 19:00:00,585,Sivaganga,0.5,-4.87225
2022-04-09 05:00:00,585,Sivaganga,1.0,-4.64775
2022-04-09 11:00:00,585,Sivaganga,0.5,-4.94
2022-04-09 14:00:00,585,Sivaganga,4.5,-4.94
2022-04-09 16:00:00,585,Sivaganga,4.333333333333333,-4.777
2022-04-09 17:00:00,585,Sivaganga,2.0,-4.777
2022-04-09 18:00:00,585,Sivaganga,0.75,-4.777
2022-04-09 19:00:00,585,Sivaganga,0.5,-4.777
2022-04-09 20:00:00,585,Sivaganga,0.5,-4.777
2022-04-09 22:00:00,585,Sivaganga,0.5,-4.662
2022-04-10 00:00:00,585,Sivaganga,0.5,-4.662
2022-04-10 02:00:00,585,Sivaganga,0.5,-4.662
2022-04-10 05:00:00,585,Sivaganga,0.5,-4.58125
2022-04-10 08:00:00,585,Sivaganga,0.5,-4.58125
2022-04-11 04:00:00,585,Sivaganga,0.5,-4.48675
2022-04-11 12:00:00,585,Sivaganga,0.5,-4.7225
2022-04-11 17:00:00,585,Sivaganga,2.75,-4.65025
2022-04-11 18:00:00,585,Sivaganga,1.0,-4.65025
2022-04-11 20:00:00,585,Sivaganga,0.5,-4.65025
2022-04-11 21:00:00,585,Sivaganga,0.5,-4.65025
2022-04-11 22:00:00,585,Sivaganga,1.0,-4.55425
2022-04-11 23:00:00,585,Sivaganga,0.5,-4.55425
2022-04-12 00:00:00,585,Sivaganga,1.0,-4.55425
2022-04-12 01:00:00,585,Sivaganga,1.0,-4.55425
2022-04-12 03:00:00,585,Sivaganga,0.5,-4.55425
2022-04-12 05:00:00,585,Sivaganga,0.5,-4.47125
2022-04-12 07:00:00,585,Sivaganga,0.5,-4.47125
2022-04-12 16:00:00,585,Sivaganga,0.5,-4.5745
2022-04-13 07:00:00,585,Sivaganga,0.5,-4.446
2022-04-13 08:00:00,585,Sivaganga,1.5,-4.446
2022-04-13 09:00:00,585,Sivaganga,0.5,-4.446
2022-04-13 12:00:00,585,Sivaganga,13.0,-4.52725
2022-04-13 13:00:00,585,Sivaganga,10.25,-4.52725
2022-04-13 14:00:00,585,Sivaganga,3.0,-4.52725
2022-04-13 15:00:00,585,Sivaganga,0.5,-4.52725
2022-04-13 20:00:00,585,Sivaganga,0.5,-4.47925
2022-04-14 01:00:00,585,Sivaganga,0.5,-4.4225
2022-04-14 10:00:00,585,Sivaganga,236.5,-4.5685
2022-04-14 11:00:00,585,Sivaganga,1.5,-4.5685
2022-04-14 12:00:00,585,Sivaganga,59.5,-4.5685
2022-04-15 13:00:00,585,Sivaganga,15.0,-4.5795
2022-04-15 15:00:00,585,Sivaganga,2.5,-4.5795
2022-04-17 16:00:00,585,Sivaganga,2.0,-4.38025
2022-04-17 17:00:00,585,Sivaganga,2.0,-4.38025
2022-04-17 18:00:00,585,Sivaganga,0.5,-4.38025
2022-04-17 19:00:00,585,Sivaganga,0.5,-4.38025
2022-04-17 20:00:00,585,Sivaganga,0.75,-4.38025
2022-04-17 21:00:00,585,Sivaganga,0.5,-4.38025
2022-06-06 19:00:00,585,Sivaganga,56.5,-5.52825
2022-06-07 00:00:00,585,Sivaganga,0.5,-5.422750000000001
2022-06-07 02:00:00,585,Sivaganga,0.5,-5.422750000000001
2022-06-10 21:00:00,585,Sivaganga,4.25,-5.67925
2022-06-10 22:00:00,585,Sivaganga,0.5,-5.5687500000000005
2022-06-11 00:00:00,585,Sivaganga,0.5,-5.5687500000000005
2022-06-12 18:00:00,585,Sivaganga,27.0,-5.564
2022-06-12 19:00:00,585,Sivaganga,25.75,-5.564
2022-06-15 20:00:00,585,Sivaganga,0.5,-5.5225
2022-06-15 21:00:00,585,Sivaganga,0.5,-5.5225
2022-06-19 20:00:00,585,Sivaganga,2.5,-5.41875
2022-06-19 21:00:00,585,Sivaganga,0.5,-5.41875
2022-06-20 19:00:00,585,Sivaganga,29.5,-5.548
2022-06-24 20:00:00,585,Sivaganga,25.0,-5.69125
2022-06-28 21:00:00,585,Sivaganga,0.5,-5.922000000000001
2022-06-30 17:00:00,585,Sivaganga,2.5,-5.86375
2022-07-01 19:00:00,585,Sivaganga,2.0,-5.932
2022-07-02 18:00:00,585,Sivaganga,2.0,-5.92725
2022-07-26 19:00:00,585,Sivaganga,2.5,-6.123
2022-07-26 20:00:00,585,Sivaganga,16.25,-6.123
2022-07-26 21:00:00,585,Sivaganga,0.75,-6.123
2022-07-26 22:00:00,585,Sivaganga,1.75,-5.95325
2022-07-26 23:00:00,585,Sivaganga,2.0,-5.95325
2022-07-27 00:00:00,585,Sivaganga,1.5,-5.95325
2022-07-27 01:00:00,585,Sivaganga,3.5,-5.95325
2022-07-27 02:00:00,585,Sivaganga,0.5,-5.95325
2022-07-27 03:00:00,585,Sivaganga,0.5,-5.95325
2022-07-27 04:00:00,585,Sivaganga,0.5,-5.8345
2022-07-27 11:00:00,585,Sivaganga,0.5,-5.908
2022-07-27 19:00:00,585,Sivaganga,0.5,-5.86975
2022-07-28 06:00:00,585,Sivaganga,0.5,-5.6805
2022-07-28 11:15:00,585,Sivaganga,7.5,-5.79225
2022-07-28 11:20:00,585,Sivaganga,7.5,-5.79225
2022-07-28 11:25:00,585,Sivaganga,7.5,-5.79225
2022-07-28 12:00:00,585,Sivaganga,7.5,-5.79225
2022-07-30 17:00:00,585,Sivaganga,4.0,-5.758
2022-07-30 18:00:00,585,Sivaganga,3.5,-5.758
2022-07-30 19:00:00,585,Sivaganga,1.0,-5.758
2022-07-30 20:00:00,585,Sivaganga,10.0,-5.758
2022-07-31 21:00:00,585,Sivaganga,0.5,-5.63125
2022-07-31 22:00:00,585,Sivaganga,19.5,-5.569
2022-07-31 23:00:00,585,Sivaganga,15.0,-5.569
2022-08-01 19:00:00,585,Sivaganga,0.5,-5.659000000000001
2022-08-03 18:00:00,585,Sivaganga,1.5,-5.7595
2022-08-04 01:00:00,585,Sivaganga,1.5,-5.69
2022-08-04 02:00:00,585,Sivaganga,1.5,-5.69
2022-08-04 09:00:00,585,Sivaganga,1.5,-5.59625
2022-08-04 10:00:00,585,Sivaganga,0.5,-5.827500000000001
2022-08-12 19:00:00,585,Sivaganga,0.5,-6.05375
2022-08-18 16:00:00,585,Sivaganga,0.5,-6.2255
2022-08-18 17:00:00,585,Sivaganga,1.0,-6.2255
2022-08-18 18:00:00,585,Sivaganga,0.5,-6.2255
2022-08-18 19:00:00,585,Sivaganga,0.5,-6.2255
2022-08-18 21:00:00,585,Sivaganga,8.0,-6.2255
2022-08-18 22:00:00,585,Sivaganga,2.75,-6.06225
2022-08-18 23:00:00,585,Sivaganga,1.0,-6.06225
2022-08-19 00:00:00,585,Sivaganga,1.0,-6.06225
2022-08-19 01:00:00,585,Sivaganga,1.0,-6.06225
2022-08-19 02:00:00,585,Sivaganga,0.5,-6.06225
2022-08-19 03:00:00,585,Sivaganga,0.5,-6.06225
2022-08-19 11:00:00,585,Sivaganga,0.5,-6.04025
2022-08-20 19:00:00,585,Sivaganga,0.5,-5.96525
2022-08-21 06:00:00,585,Sivaganga,0.5,-5.93125
2022-08-21 21:00:00,585,Sivaganga,3.0,-5.9345
2022-08-22 17:00:00,585,Sivaganga,24.5,-6.0055
2022-08-22 18:00:00,585,Sivaganga,6.25,-6.0055
2022-08-22 19:00:00,585,Sivaganga,1.0,-6.0055
2022-08-22 20:00:00,585,Sivaganga,1.0,-6.0055
2022-08-22 21:00:00,585,Sivaganga,0.5,-6.0055
2022-08-22 22:00:00,585,Sivaganga,0.5,-5.85475
2022-08-23 09:00:00,585,Sivaganga,0.5,-5.746499999999999
2022-08-24 02:00:00,585,Sivaganga,0.75,-5.813750000000001
2022-08-24 16:00:00,585,Sivaganga,0.5,-8.304
2022-08-25 20:00:00,585,Sivaganga,18.5,-5.64125
2022-08-25 21:00:00,585,Sivaganga,43.5,-5.64125
2022-08-25 22:00:00,585,Sivaganga,0.5,-5.5795
2022-08-26 06:00:00,585,Sivaganga,0.5,-5.48925
2022-08-26 15:00:00,585,Sivaganga,1.0,-5.69475
2022-08-26 16:00:00,585,Sivaganga,0.5,-5.65325
2022-08-26 20:00:00,585,Sivaganga,0.5,-5.65325
2022-08-26 21:00:00,585,Sivaganga,3.0,-5.65325
2022-08-26 22:00:00,585,Sivaganga,45.0,-5.535
2022-08-26 23:00:00,585,Sivaganga,4.0,-5.535
2022-08-27 00:00:00,585,Sivaganga,1.75,-5.535
2022-08-27 01:00:00,585,Sivaganga,1.0,-5.535
2022-08-27 14:00:00,585,Sivaganga,0.5,-5.43825
2022-08-27 20:00:00,585,Sivaganga,13.0,-5.202249999999999
2022-08-27 21:00:00,585,Sivaganga,1.0,-5.202249999999999
2022-08-27 23:00:00,585,Sivaganga,0.5,-5.0845
2022-08-28 11:00:00,585,Sivaganga,0.5,-4.99775
2022-08-28 21:00:00,585,Sivaganga,8.5,-4.86475
2022-08-28 22:00:00,585,Sivaganga,6.75,-4.81375
2022-08-29 02:00:00,585,Sivaganga,4.0,-4.81375
2022-08-29 03:00:00,585,Sivaganga,4.5,-4.81375
2022-08-29 04:00:00,585,Sivaganga,0.5,-4.70875
2022-08-29 11:00:00,585,Sivaganga,0.5,-4.782
2022-08-29 18:00:00,585,Sivaganga,1.0,-4.6525
2022-08-29 20:00:00,585,Sivaganga,0.5,-4.6525
2022-08-29 21:00:00,585,Sivaganga,32.0,-4.6525
2022-08-29 22:00:00,585,Sivaganga,11.0,-4.638
2022-08-30 01:00:00,585,Sivaganga,0.5,-4.638
2022-08-30 10:00:00,585,Sivaganga,0.5,-4.78625
2022-08-30 14:00:00,585,Sivaganga,0.5,-4.78625
2022-08-30 18:00:00,585,Sivaganga,2.5,-4.7295
2022-08-30 21:00:00,585,Sivaganga,0.5,-4.7295
2022-08-30 23:00:00,585,Sivaganga,0.5,-4.6217500000000005
2022-08-31 02:00:00,585,Sivaganga,0.5,-4.6217500000000005
2022-08-31 03:00:00,585,Sivaganga,0.5,-4.6217500000000005
2022-08-31 05:00:00,585,Sivaganga,0.5,-4.5440000000000005
2022-08-31 08:00:00,585,Sivaganga,0.5,-4.5440000000000005
2022-08-31 11:00:00,585,Sivaganga,0.5,-4.74925
2022-08-31 13:00:00,585,Sivaganga,0.5,-4.74925
2022-08-31 15:00:00,585,Sivaganga,0.5,-4.74925
2022-08-31 16:00:00,585,Sivaganga,13.166666666666666,-4.58675
2022-08-31 17:00:00,585,Sivaganga,27.0,-4.58675
2022-08-31 18:00:00,585,Sivaganga,0.5,-4.58675
2022-08-31 19:00:00,585,Sivaganga,1.25,-4.58675
2022-08-31 20:00:00,585,Sivaganga,0.5,-4.58675
2022-08-31 21:00:00,585,Sivaganga,0.5,-4.58675
2022-09-01 00:00:00,585,Sivaganga,0.5,-4.545
2022-09-01 02:00:00,585,Sivaganga,0.5,-4.545
2022-09-01 04:00:00,585,Sivaganga,0.5,-4.47475
2022-09-01 06:00:00,585,Sivaganga,0.5,-4.47475
2022-09-01 08:00:00,585,Sivaganga,0.5,-4.47475
2022-09-01 09:00:00,585,Sivaganga,0.5,-4.47475
2022-09-01 10:00:00,585,Sivaganga,1.5,-4.721
2022-09-01 11:00:00,585,Sivaganga,1.0,-4.721
2022-09-01 12:00:00,585,Sivaganga,0.5,-4.721
2022-09-01 14:00:00,585,Sivaganga,0.5,-4.721
2022-09-01 19:00:00,585,Sivaganga,0.5,-4.55825
2022-09-01 23:00:00,585,Sivaganga,0.5,-4.472
2022-09-04 00:00:00,585,Sivaganga,0.5,-4.3965000000000005
2022-09-04 15:00:00,585,Sivaganga,1.5,-4.5992500000000005
2022-09-04 17:00:00,585,Sivaganga,0.5,-4.5145
2022-09-04 21:00:00,585,Sivaganga,1.5,-4.5145
2022-09-04 22:00:00,585,Sivaganga,14.0,-4.43325
2022-09-05 02:00:00,585,Sivaganga,0.5,-4.43325
2022-09-05 14:00:00,585,Sivaganga,1.0,-4.638
2022-09-05 15:00:00,585,Sivaganga,1.0,-4.638
2022-09-05 16:00:00,585,Sivaganga,5.5,-4.484249999999999
2022-09-05 17:00:00,585,Sivaganga,0.5,-4.484249999999999
2022-09-05 19:00:00,585,Sivaganga,0.5,-4.484249999999999
2022-09-06 17:00:00,585,Sivaganga,46.75,-4.41725
2022-09-06 18:00:00,585,Sivaganga,5.0,-4.41725
2022-09-06 19:00:00,585,Sivaganga,1.0,-4.41725
2022-09-08 06:00:00,585,Sivaganga,0.5,-3.97425
2022-09-09 07:00:00,585,Sivaganga,0.5,-3.94575
2022-09-11 07:00:00,585,Sivaganga,0.5,-3.98925
2022-09-15 00:00:00,585,Sivaganga,0.5,-4.37925
2022-09-18 20:00:00,585,Sivaganga,28.5,-4.452
2022-09-18 21:00:00,585,Sivaganga,7.75,-4.452
2022-09-20 05:00:00,585,Sivaganga,0.5,-4.2375
2022-09-29 03:00:00,585,Sivaganga,4.5,-4.6635
2022-09-29 05:00:00,585,Sivaganga,0.5,-4.58725
2022-10-07 02:00:00,585,Sivaganga,2.5,-4.82325
2022-10-07 12:00:00,585,Sivaganga,0.5,-5.0555
2022-10-08 23:00:00,585,Sivaganga,6.75,-4.8045
2022-10-09 00:00:00,585,Sivaganga,3.0,-4.8045
2022-10-09 05:00:00,585,Sivaganga,0.5,-4.7275
2022-10-09 06:00:00,585,Sivaganga,0.5,-4.7275
2022-10-09 08:00:00,585,Sivaganga,1.25,-4.7275
2022-10-09 16:00:00,585,Sivaganga,15.5,-4.78325
2022-10-10 01:00:00,585,Sivaganga,9.5,-4.74275
2022-10-10 02:00:00,585,Sivaganga,27.0,-4.74275
2022-10-10 03:00:00,585,Sivaganga,30.5,-4.74275
2022-10-10 04:00:00,585,Sivaganga,20.75,-4.66125
2022-10-10 05:00:00,585,Sivaganga,6.5,-4.66125
2022-10-10 06:00:00,585,Sivaganga,1.25,-4.66125
2022-10-10 07:00:00,585,Sivaganga,0.5,-4.66125
2022-10-11 13:00:00,585,Sivaganga,0.5,-4.718
2022-10-11 14:00:00,585,Sivaganga,5.5,-4.718
2022-10-11 15:00:00,585,Sivaganga,4.0,-4.718
2022-10-11 16:00:00,585,Sivaganga,19.5,-4.63875
2022-10-14 01:00:00,585,Sivaganga,2.5,-4.48475
2022-10-14 19:00:00,585,Sivaganga,7.5,-4.47825
2022-10-15 01:00:00,585,Sivaganga,0.5,-4.44275
2022-10-15 19:00:00,585,Sivaganga,3.0,-4.25525
2022-10-18 16:00:00,585,Sivaganga,7.5,-3.9395
2022-10-18 17:00:00,585,Sivaganga,2.0,-3.9395
2022-10-18 18:00:00,585,Sivaganga,1.0,-3.9395
2022-10-18 19:00:00,585,Sivaganga,0.5,-3.9395
2022-10-20 09:00:00,585,Sivaganga,1.0,-3.69375
2022-10-20 20:00:00,585,Sivaganga,2.25,-3.795
2022-10-20 21:00:00,585,Sivaganga,4.0,-3.795
2022-10-20 22:00:00,585,Sivaganga,15.166666666666666,-3.68575
2022-10-20 23:00:00,585,Sivaganga,3.333333333333333,-3.68575
2022-10-21 00:00:00,585,Sivaganga,1.5,-3.68575
2022-10-21 13:00:00,585,Sivaganga,0.5,-3.508
2022-10-21 14:00:00,585,Sivaganga,0.5,-3.508
2022-10-23 14:00:00,585,Sivaganga,1.0,-3.34675
2022-10-23 15:00:00,585,Sivaganga,0.5,-3.34675
2022-10-29 15:00:00,585,Sivaganga,8.0,-3.57825
2022-10-29 16:00:00,585,Sivaganga,0.5,-3.433
2022-10-29 17:00:00,585,Sivaganga,1.0,-3.433
2022-10-30 15:00:00,585,Sivaganga,3.5,-3.6395
2022-10-30 16:00:00,585,Sivaganga,2.5,-2.508
2022-10-30 17:00:00,585,Sivaganga,0.5,-2.508
2022-10-31 01:00:00,585,Sivaganga,0.5,-2.5046666666666666
2022-11-02 21:00:00,585,Sivaganga,1.0,-3.5715
2022-11-02 22:00:00,585,Sivaganga,7.0,-3.53275
2022-11-02 23:00:00,585,Sivaganga,11.5,-3.53275
2022-11-03 03:00:00,585,Sivaganga,0.5,-3.53275
2022-11-03 04:00:00,585,Sivaganga,0.5,-3.474
2022-11-04 16:00:00,585,Sivaganga,12.0,-3.7225
2022-11-04 17:00:00,585,Sivaganga,1.0,-3.7225
2022-11-04 18:00:00,585,Sivaganga,1.5,-3.7225
2022-11-10 16:00:00,585,Sivaganga,2.5,-3.55775
2022-11-11 05:00:00,585,Sivaganga,1.5,-3.41825
2022-11-11 06:00:00,585,Sivaganga,1.1666666666666667,-3.41825
2022-11-11 07:00:00,585,Sivaganga,0.8333333333333334,-3.41825
2022-11-11 08:00:00,585,Sivaganga,2.75,-3.41825
2022-11-11 09:00:00,585,Sivaganga,2.0,-3.41825
2022-11-11 10:00:00,585,Sivaganga,1.0,-3.49
2022-11-11 11:00:00,585,Sivaganga,0.6666666666666666,-3.49
2022-11-11 12:00:00,585,Sivaganga,1.0,-3.49
2022-11-11 13:00:00,585,Sivaganga,0.5,-3.49
2022-11-11 21:00:00,585,Sivaganga,1.5,-3.4355
2022-11-11 22:00:00,585,Sivaganga,37.0,-3.4355
2022-11-12 00:00:00,585,Sivaganga,6.333333333333333,-3.4355
2022-11-12 01:00:00,585,Sivaganga,10.0,-3.4355
2022-11-12 02:00:00,585,Sivaganga,6.5,-3.4355
2022-11-12 03:00:00,585,Sivaganga,0.5,-3.4355
2022-11-12 07:00:00,585,Sivaganga,5.25,-3.2382500000000003
2022-11-12 08:00:00,585,Sivaganga,16.0,-3.2382500000000003
2022-11-12 09:00:00,585,Sivaganga,5.0,-3.2382500000000003
2022-11-12 10:00:00,585,Sivaganga,0.5,-3.29
2022-11-12 11:00:00,585,Sivaganga,0.5,-3.29
2022-11-12 13:00:00,585,Sivaganga,0.5,-3.29
2022-11-13 13:00:00,585,Sivaganga,3.5,-3.1065
2022-11-14 09:00:00,585,Sivaganga,0.75,-2.83425
2022-11-14 12:00:00,585,Sivaganga,0.5,-3.02625
2022-11-14 15:00:00,585,Sivaganga,0.5,-3.02625
2022-11-26 14:00:00,585,Sivaganga,1.0,-3.45
2022-11-26 15:00:00,585,Sivaganga,5.5,-3.45
2022-11-27 18:00:00,585,Sivaganga,8.0,-3.217
2022-11-27 19:00:00,585,Sivaganga,48.0,-3.217
2022-11-28 10:00:00,585,Sivaganga,0.5,-3.41475
2022-11-28 11:00:00,585,Sivaganga,1.5,-3.41475
2022-11-28 14:00:00,585,Sivaganga,8.5,-3.41475
2022-11-28 15:00:00,585,Sivaganga,12.5,-3.41475
2022-11-29 14:00:00,585,Sivaganga,1.0,-3.51275
2022-11-29 16:00:00,585,Sivaganga,0.5,-3.1075
2022-11-29 17:00:00,585,Sivaganga,0.5,-3.1075
2022-12-01 03:00:00,585,Sivaganga,2.0,-3.144
2022-12-01 14:00:00,585,Sivaganga,0.5,-4.8385
2022-12-01 17:00:00,585,Sivaganga,2.75,-3.37975
2022-12-01 18:00:00,585,Sivaganga,7.5,-3.37975
2022-12-01 21:00:00,585,Sivaganga,0.5,-3.37975
2022-12-02 18:00:00,585,Sivaganga,0.5,-3.33875
2022-12-02 19:00:00,585,Sivaganga,2.5,-3.33875
2022-12-03 14:00:00,585,Sivaganga,0.5,-3.393
2022-12-03 15:00:00,585,Sivaganga,1.5,-3.393
2022-12-03 16:00:00,585,Sivaganga,2.6666666666666665,-3.2915
2022-12-03 19:00:00,585,Sivaganga,0.5,-3.2915
2022-12-03 22:00:00,585,Sivaganga,0.5,-3.283
2022-12-04 12:00:00,585,Sivaganga,0.5,-3.3447500000000003
2022-12-04 13:00:00,585,Sivaganga,0.5,-3.3447500000000003
2022-12-04 14:00:00,585,Sivaganga,18.0,-3.3447500000000003
2022-12-04 17:00:00,585,Sivaganga,11.0,-3.29375
2022-12-04 18:00:00,585,Sivaganga,5.5,-3.29375
2022-12-04 19:00:00,585,Sivaganga,0.5,-3.29375
2022-12-05 03:00:00,585,Sivaganga,0.5,-3.23625
2022-12-08 18:00:00,585,Sivaganga,0.5,-3.24875
2022-12-08 19:00:00,585,Sivaganga,1.25,-3.24875
2022-12-08 20:00:00,585,Sivaganga,0.75,-3.24875
2022-12-08 21:00:00,585,Sivaganga,0.75,-3.24875
2022-12-08 22:00:00,585,Sivaganga,0.75,-3.2025
2022-12-09 00:00:00,585,Sivaganga,0.5,-3.2025
2022-12-09 02:00:00,585,Sivaganga,0.5,-3.2025
2022-12-09 03:00:00,585,Sivaganga,0.5,-3.2025
2022-12-09 04:00:00,585,Sivaganga,0.5,-3.1185
2022-12-09 06:00:00,585,Sivaganga,0.5,-3.1185
2022-12-09 07:00:00,585,Sivaganga,0.5,-3.1185
2022-12-09 08:00:00,585,Sivaganga,1.5,-3.1185
2022-12-09 09:00:00,585,Sivaganga,0.5,-3.1185
2022-12-11 14:00:00,585,Sivaganga,0.5,-3.32975
2022-12-12 13:00:00,585,Sivaganga,8.25,-3.42225
2022-12-13 12:00:00,585,Sivaganga,2.5,-3.3555
2022-12-13 13:00:00,585,Sivaganga,1.5,-3.3555
2022-12-13 14:00:00,585,Sivaganga,10.5,-3.3555
2022-12-13 15:00:00,585,Sivaganga,1.5,-3.3555
2022-12-13 16:00:00,585,Sivaganga,1.75,-3.24025
2022-12-14 04:00:00,585,Sivaganga,1.0,-3.137
2022-12-14 05:00:00,585,Sivaganga,0.5,-3.137
2022-12-25 15:00:00,585,Sivaganga,5.0,-2.6013333333333333
2022-12-25 16:00:00,585,Sivaganga,10.0,-2.574666666666667
2022-12-25 17:00:00,585,Sivaganga,2.5,-2.574666666666667
2022-12-25 20:00:00,585,Sivaganga,1.5,-2.574666666666667
2022-12-25 22:00:00,585,Sivaganga,0.5,-2.5866666666666664
2022-12-26 00:00:00,585,Sivaganga,2.333333333333333,-2.5866666666666664
2022-12-26 03:00:00,585,Sivaganga,0.75,-2.5866666666666664
2022-12-26 05:00:00,585,Sivaganga,1.75,-2.562333333333333
2022-12-26 06:00:00,585,Sivaganga,0.5,-2.562333333333333
2022-12-26 08:00:00,585,Sivaganga,0.5,-2.562333333333333
2022-12-26 15:00:00,585,Sivaganga,2.5,-2.667666666666667
2022-12-26 16:00:00,585,Sivaganga,1.0,-2.611
2022-12-27 03:00:00,585,Sivaganga,1.0,-2.6176666666666666
2022-12-27 04:00:00,585,Sivaganga,5.5,-2.5740000000000003
2022-12-27 05:00:00,585,Sivaganga,4.5,-2.5740000000000003
2022-12-30 19:00:00,585,Sivaganga,5.0,-2.968
2022-12-31 07:00:00,585,Sivaganga,0.5,-2.474
2023-01-07 11:10:00,585,Sivaganga,0.5,-1.811
2023-02-02 02:00:00,585,Sivaganga,0.5,-4.026
2023-02-02 08:00:00,585,Sivaganga,0.5,-3.918
2023-02-02 09:00:00,585,Sivaganga,2.333333333333333,-3.918
2023-02-02 10:00:00,585,Sivaganga,2.5,-4.237
2023-02-02 11:00:00,585,Sivaganga,6.833333333333333,-4.237
2023-02-02 12:00:00,585,Sivaganga,45.16666666666666,-4.237
2023-02-02 13:00:00,585,Sivaganga,2.833333333333333,-4.237
2023-02-02 14:00:00,585,Sivaganga,0.6666666666666666,-4.237
2023-02-02 15:00:00,585,Sivaganga,0.75,-4.237
2023-02-02 17:00:00,585,Sivaganga,2.5,-3.97275
2023-02-02 18:00:00,585,Sivaganga,8.666666666666666,-3.97275
2023-02-02 19:00:00,585,Sivaganga,3.6666666666666665,-3.97275
2023-02-02 20:00:00,585,Sivaganga,1.0,-3.97275
2023-02-03 09:00:00,585,Sivaganga,0.5,-3.2086666666666663
2023-02-03 16:00:00,585,Sivaganga,1.5,-3.231666666666667
2023-02-03 17:00:00,585,Sivaganga,0.5,-3.231666666666667
2023-02-03 19:00:00,585,Sivaganga,2.0,-3.231666666666667
2023-02-04 13:00:00,585,Sivaganga,0.5,-3.207333333333333
2023-03-18 11:00:00,585,Sivaganga,0.5,-102.54525
2023-03-19 22:00:00,585,Sivaganga,0.5,-13.71575
2023-03-19 23:00:00,585,Sivaganga,6.5,-13.71575
2023-03-20 00:00:00,585,Sivaganga,10.0,-13.71575
2023-03-20 01:00:00,585,Sivaganga,1.5,-13.71575
2023-03-20 03:00:00,585,Sivaganga,0.5,-13.71575
2023-03-20 07:00:00,585,Sivaganga,0.5,-13.70225
2023-03-20 17:00:00,585,Sivaganga,0.5,-251.351
2023-04-01 16:00:00,585,Sivaganga,0.5,-4.185666666666667
2023-04-01 17:00:00,585,Sivaganga,0.5,-4.185666666666667
2023-04-24 08:00:00,585,Sivaganga,0.5,-4.646
2023-04-25 01:00:00,585,Sivaganga,21.0,-4.817
2023-04-25 02:00:00,585,Sivaganga,3.0,-4.817
2023-04-25 12:00:00,585,Sivaganga,15.0,-4.879
2023-04-25 13:00:00,585,Sivaganga,3.0,-4.879
2023-04-25 14:00:00,585,Sivaganga,6.0,-4.879
2023-04-26 12:00:00,585,Sivaganga,7.5,-4.905
2023-04-26 13:00:00,585,Sivaganga,0.5,-4.905
2023-04-27 07:00:00,585,Sivaganga,2.0,-4.740666666666667
2023-04-27 08:00:00,585,Sivaganga,1.5,-4.740666666666667
2023-04-27 12:00:00,585,Sivaganga,6.0,-4.875333333333334
2023-04-29 12:00:00,585,Sivaganga,1.0,-4.947333333333334
2023-04-29 13:00:00,585,Sivaganga,6.5,-4.947333333333334
2023-04-29 14:00:00,585,Sivaganga,0.5,-4.947333333333334
2023-04-30 14:00:00,585,Sivaganga,6.0,-4.910666666666667
2023-05-01 01:00:00,585,Sivaganga,2.0,-4.848333333333334
2023-05-01 05:00:00,585,Sivaganga,0.5,-4.815
2023-05-01 06:00:00,585,Sivaganga,1.0,-4.815
2023-05-01 07:00:00,585,Sivaganga,0.5,-4.815
2023-05-01 14:00:00,585,Sivaganga,20.5,-4.852
2023-05-01 15:00:00,585,Sivaganga,11.75,-4.852
2023-05-01 16:00:00,585,Sivaganga,17.0,-4.834
2023-05-02 04:00:00,585,Sivaganga,0.5,-4.759
2023-05-02 05:00:00,585,Sivaganga,0.6666666666666666,-4.759
2023-05-02 06:00:00,585,Sivaganga,0.5,-4.759
2023-05-02 07:00:00,585,Sivaganga,0.5,-4.759
2023-05-02 20:00:00,585,Sivaganga,0.5,-4.805
2023-05-03 01:00:00,585,Sivaganga,0.75,-4.796666666666667
2023-05-03 17:00:00,585,Sivaganga,3.0,-4.83
2023-05-03 18:00:00,585,Sivaganga,32.5,-4.83
2023-05-03 19:00:00,585,Sivaganga,34.0,-4.83
2023-05-03 20:00:00,585,Sivaganga,17.166666666666668,-4.83
2023-05-03 21:00:00,585,Sivaganga,3.333333333333333,-4.83
2023-05-03 22:00:00,585,Sivaganga,3.1666666666666665,-4.744666666666666
2023-05-03 23:00:00,585,Sivaganga,2.1666666666666665,-4.744666666666666
2023-05-04 00:00:00,585,Sivaganga,1.25,-4.744666666666666
2023-05-04 01:00:00,585,Sivaganga,0.5,-4.744666666666666
2023-05-04 19:00:00,585,Sivaganga,6.833333333333333,-4.479333333333333
2023-05-04 20:00:00,585,Sivaganga,12.0,-4.479333333333333
2023-05-04 21:00:00,585,Sivaganga,1.0,-4.479333333333333
2023-05-04 22:00:00,585,Sivaganga,1.75,-4.344
2023-05-04 23:00:00,585,Sivaganga,1.5,-4.344
2023-05-05 00:00:00,585,Sivaganga,2.5,-4.344
2023-05-05 01:00:00,585,Sivaganga,1.0,-4.344
2023-05-05 02:00:00,585,Sivaganga,1.0,-4.344
2023-05-05 03:00:00,585,Sivaganga,0.5,-4.344
2023-05-05 04:00:00,585,Sivaganga,1.0,-4.065333333333333
2023-05-06 21:00:00,585,Sivaganga,0.5,-3.677666666666667
2023-05-06 22:00:00,585,Sivaganga,1.0,-3.6556666666666655
2023-05-06 23:00:00,585,Sivaganga,0.5,-3.6556666666666655
2023-05-07 00:00:00,585,Sivaganga,0.5,-3.6556666666666655
2023-05-07 01:00:00,585,Sivaganga,1.25,-3.6556666666666655
2023-05-07 02:00:00,585,Sivaganga,0.5,-3.6556666666666655
2023-05-07 03:00:00,585,Sivaganga,0.5,-3.6556666666666655
2023-05-07 04:00:00,585,Sivaganga,0.5,-3.548666666666667
2023-05-07 05:00:00,585,Sivaganga,0.5,-3.548666666666667
2023-05-07 07:00:00,585,Sivaganga,0.5,-3.548666666666667
2023-05-08 01:00:00,585,Sivaganga,3.0,-3.6
2023-05-08 17:00:00,585,Sivaganga,4.5,-3.624666666666666
2023-05-08 19:00:00,585,Sivaganga,2.5,-3.624666666666666
2023-05-09 22:00:00,585,Sivaganga,0.5,-3.677
2023-05-09 23:00:00,585,Sivaganga,3.5,-3.677
2023-05-11 22:00:00,585,Sivaganga,2.0,-3.7856666666666654
2023-06-04 18:00:00,585,Sivaganga,27.0,-4.079
2023-06-04 21:00:00,585,Sivaganga,0.5,-4.079
2023-06-05 22:00:00,585,Sivaganga,1.0,-4.203333333333334
2023-06-10 18:00:00,585,Sivaganga,7.166666666666667,-4.289
2023-06-10 19:00:00,585,Sivaganga,8.0,-4.289
2023-06-11 00:00:00,585,Sivaganga,0.5,-4.2763333333333335
2023-06-11 18:00:00,585,Sivaganga,9.0,-4.24
2023-06-11 19:00:00,585,Sivaganga,9.5,-4.24
2023-06-12 18:00:00,585,Sivaganga,22.25,-4.266333333333333
2023-06-12 19:00:00,585,Sivaganga,1.25,-4.266333333333333
2023-06-12 20:00:00,585,Sivaganga,0.5,-4.266333333333333
2023-06-13 05:00:00,585,Sivaganga,0.5,-4.230333333333333
2023-06-13 18:00:00,585,Sivaganga,6.5,-4.273000000000001
2023-06-18 12:00:00,585,Sivaganga,0.5,-12.888333333333334
2023-06-18 13:00:00,585,Sivaganga,1.5,-12.888333333333334
2023-06-18 14:00:00,585,Sivaganga,0.5,-12.888333333333334
2023-06-19 03:00:00,585,Sivaganga,0.5,-4.415
2023-06-20 20:00:00,585,Sivaganga,5.0,-4.444333333333334
2023-06-22 21:00:00,585,Sivaganga,0.5,-4.496
2023-06-22 22:00:00,585,Sivaganga,1.0,-4.512666666666667
2023-06-23 00:00:00,585,Sivaganga,0.5,-4.512666666666667
2023-06-23 02:00:00,585,Sivaganga,4.25,-4.512666666666667
2023-06-23 21:00:00,585,Sivaganga,0.75,-4.599666666666667
2023-06-23 22:00:00,585,Sivaganga,2.5,-4.623
2023-06-23 23:00:00,585,Sivaganga,2.0,-4.623
2023-06-26 20:00:00,585,Sivaganga,2.0,-4.6706666666666665
2023-06-26 21:00:00,585,Sivaganga,2.0,-4.6706666666666665
2023-06-29 20:00:00,585,Sivaganga,0.5,-4.651666666666666
2023-06-29 21:00:00,585,Sivaganga,1.25,-4.651666666666666
2023-06-29 22:00:00,585,Sivaganga,1.0,-4.656666666666666
2023-06-29 23:00:00,585,Sivaganga,0.5,-4.656666666666666
2023-06-30 00:00:00,585,Sivaganga,0.5,-4.656666666666666
2023-06-30 04:00:00,585,Sivaganga,0.5,-4.583
2023-07-01 19:00:00,585,Sivaganga,9.0,-4.745
2023-07-01 20:00:00,585,Sivaganga,1.0,-4.745
2023-07-03 00:00:00,585,Sivaganga,1.0,-4.747333333333334
2023-07-03 01:00:00,585,Sivaganga,0.5,-4.747333333333334
2023-07-03 02:00:00,585,Sivaganga,0.5,-4.747333333333334
2023-07-08 17:00:00,585,Sivaganga,5.25,-4.927333333333333
2023-07-08 18:00:00,585,Sivaganga,12.75,-4.927333333333333
2023-07-09 20:00:00,585,Sivaganga,4.0,-13.525666666666666
2023-07-10 06:00:00,585,Sivaganga,0.5,-4.839
2023-07-10 18:00:00,585,Sivaganga,0.5,-13.588666666666668
2023-07-10 19:00:00,585,Sivaganga,16.0,-13.588666666666668
2023-07-10 20:00:00,585,Sivaganga,1.3333333333333333,-13.588666666666668
2023-07-10 21:00:00,585,Sivaganga,2.5,-13.588666666666668
2023-07-10 22:00:00,585,Sivaganga,3.5,-13.56
2023-07-10 23:00:00,585,Sivaganga,1.5,-13.56
2023-07-11 00:00:00,585,Sivaganga,0.75,-13.56
2023-07-11 03:00:00,585,Sivaganga,0.5,-13.56
2023-07-11 20:00:00,585,Sivaganga,1.6666666666666667,-4.919333333333333
2023-07-12 00:00:00,585,Sivaganga,0.5,-13.541333333333332
2023-07-12 20:00:00,585,Sivaganga,0.5,-4.931
2023-07-12 21:00:00,585,Sivaganga,0.5,-4.931
2023-07-13 18:00:00,585,Sivaganga,4.666666666666667,-4.936333333333333
2023-07-13 19:00:00,585,Sivaganga,2.5,-4.936333333333333
2023-07-14 20:00:00,585,Sivaganga,4.5,-4.997
2023-07-14 21:00:00,585,Sivaganga,4.5,-4.997
2023-07-14 22:00:00,585,Sivaganga,0.5,-13.58
2023-07-16 19:00:00,585,Sivaganga,20.5,-4.913333333333333
2023-07-16 20:00:00,585,Sivaganga,0.75,-4.913333333333333
2023-07-17 12:00:00,585,Sivaganga,0.5,-4.973
2023-07-25 18:00:00,585,Sivaganga,5.5,-5.2363333333333335
2023-07-25 19:00:00,585,Sivaganga,0.5,-5.2363333333333335
2023-08-04 19:00:00,585,Sivaganga,1.0,-5.562666666666666
2023-08-04 20:00:00,585,Sivaganga,3.5,-5.562666666666666
2023-08-04 21:00:00,585,Sivaganga,2.5,-5.562666666666666
2023-08-04 22:00:00,585,Sivaganga,0.5,-5.514333333333333
2023-08-05 20:00:00,585,Sivaganga,0.5,-5.510000000000001
2023-08-07 21:00:00,585,Sivaganga,19.5,-5.649
2023-08-08 19:00:00,585,Sivaganga,5.333333333333333,-5.617
2023-08-08 20:00:00,585,Sivaganga,22.25,-5.617
2023-08-08 21:00:00,585,Sivaganga,0.75,-5.617
2023-08-10 21:00:00,585,Sivaganga,33.0,-5.625666666666667
2023-08-11 21:00:00,585,Sivaganga,33.25,-5.642333333333333
2023-08-11 22:00:00,585,Sivaganga,1.25,-5.538
2023-08-11 23:00:00,585,Sivaganga,0.5,-5.538
2023-08-12 19:00:00,585,Sivaganga,10.25,-5.4543333333333335
2023-08-12 20:00:00,585,Sivaganga,0.5,-5.4543333333333335
2023-08-22 18:00:00,585,Sivaganga,23.0,-5.623666666666666
2023-08-22 19:00:00,585,Sivaganga,3.0,-5.623666666666666
2023-08-22 21:00:00,585,Sivaganga,12.5,-5.623666666666666
2023-08-22 22:00:00,585,Sivaganga,3.0,-5.562333333333334
2023-08-29 20:00:00,585,Sivaganga,3.0,-5.677666666666667
2023-08-29 21:00:00,585,Sivaganga,5.666666666666667,-5.677666666666667
2023-08-30 00:00:00,585,Sivaganga,0.5,-5.664333333333334
2023-09-03 19:00:00,585,Sivaganga,3.5,-5.553999999999999
2023-09-03 20:00:00,585,Sivaganga,1.0,-5.553999999999999
2023-09-04 05:00:00,585,Sivaganga,0.5,-5.525
2023-09-09 18:00:00,585,Sivaganga,0.5,-5.830666666666667
2023-09-09 19:00:00,585,Sivaganga,2.75,-5.830666666666667
2023-09-09 20:00:00,585,Sivaganga,2.0,-5.830666666666667
2023-09-14 17:00:00,585,Sivaganga,7.5,-5.8053333333333335
2023-09-14 18:00:00,585,Sivaganga,6.0,-5.8053333333333335
2023-09-14 19:00:00,585,Sivaganga,0.5,-5.8053333333333335
2023-09-15 17:00:00,585,Sivaganga,2.25,-6.75625
2023-09-15 18:00:00,585,Sivaganga,0.5,-6.75625
2023-09-17 19:00:00,585,Sivaganga,12.0,-6.83875
2023-09-17 20:00:00,585,Sivaganga,1.75,-6.83875
2023-09-17 21:00:00,585,Sivaganga,0.5,-6.83875
2023-09-17 22:00:00,585,Sivaganga,0.5,-6.705
2023-09-17 23:00:00,585,Sivaganga,0.5,-6.705
2023-09-18 00:00:00,585,Sivaganga,1.0,-6.705
2023-09-18 01:00:00,585,Sivaganga,0.75,-6.705
2023-09-18 02:00:00,585,Sivaganga,1.3333333333333333,-6.705
2023-09-18 03:00:00,585,Sivaganga,1.0,-6.705
2023-09-18 04:00:00,585,Sivaganga,0.5,-6.672
2023-09-18 11:00:00,585,Sivaganga,0.5,-7.00175
2023-09-18 17:00:00,585,Sivaganga,12.166666666666666,-6.8740000000000006
2023-09-18 18:00:00,585,Sivaganga,2.6666666666666665,-6.8740000000000006
2023-09-18 19:00:00,585,Sivaganga,8.75,-6.8740000000000006
2023-09-18 20:00:00,585,Sivaganga,2.5,-6.8740000000000006
2023-09-18 21:00:00,585,Sivaganga,1.5,-6.8740000000000006
2023-09-18 22:00:00,585,Sivaganga,0.75,-6.695
2023-09-18 23:00:00,585,Sivaganga,0.5,-6.695
2023-09-19 15:00:00,585,Sivaganga,0.5,-6.8105
2023-09-19 18:00:00,585,Sivaganga,21.0,-6.7335
2023-09-19 19:00:00,585,Sivaganga,28.5,-6.7335
2023-09-19 20:00:00,585,Sivaganga,1.5,-6.7335
2023-09-20 17:00:00,585,Sivaganga,1.0,-6.638
2023-09-20 18:00:00,585,Sivaganga,1.0,-6.638
2023-09-21 16:00:00,585,Sivaganga,33.5,-6.70925
2023-09-21 17:00:00,585,Sivaganga,4.5,-6.70925
2023-09-22 16:00:00,585,Sivaganga,0.5,-6.52375
2023-09-22 17:00:00,585,Sivaganga,31.0,-6.52375
2023-09-22 18:00:00,585,Sivaganga,9.5,-6.52375
2023-09-27 17:00:00,585,Sivaganga,13.0,-6.8332500000000005
2023-09-27 18:00:00,585,Sivaganga,19.5,-6.8332500000000005
2023-09-27 19:00:00,585,Sivaganga,0.5,-6.8332500000000005
2023-09-27 20:00:00,585,Sivaganga,0.6666666666666666,-6.8332500000000005
2023-09-27 21:00:00,585,Sivaganga,0.5,-6.8332500000000005
2023-09-28 17:00:00,585,Sivaganga,1.25,-6.67675
2023-09-28 19:00:00,585,Sivaganga,1.0,-6.67675
2023-10-07 17:00:00,585,Sivaganga,17.5,-6.9695
2023-10-07 18:00:00,585,Sivaganga,9.0,-6.9695
2023-10-08 15:00:00,585,Sivaganga,2.0,-7.12275
2023-10-08 16:00:00,585,Sivaganga,8.0,-7.108
2023-10-11 21:00:00,585,Sivaganga,1.5,-7.13575
2023-10-11 22:00:00,585,Sivaganga,4.5,-7.13125
2023-10-11 23:00:00,585,Sivaganga,0.5,-7.13125
2023-10-13 04:00:00,585,Sivaganga,0.5,-6.90325
2023-10-14 07:00:00,585,Sivaganga,0.5,-6.9195
2023-10-14 08:00:00,585,Sivaganga,0.5,-6.9195
2023-10-14 09:00:00,585,Sivaganga,0.5,-6.9195
2023-10-14 12:00:00,585,Sivaganga,0.5,-7.09925
2023-10-16 06:00:00,585,Sivaganga,12.0,-6.85525
2023-10-16 07:00:00,585,Sivaganga,9.75,-6.85525
2023-10-16 08:00:00,585,Sivaganga,2.25,-6.85525
2023-10-16 09:00:00,585,Sivaganga,3.333333333333333,-6.85525
2023-10-16 10:00:00,585,Sivaganga,3.1666666666666665,-6.85025
2023-10-16 11:00:00,585,Sivaganga,1.1666666666666667,-6.85025
2023-10-16 20:00:00,585,Sivaganga,0.75,-6.993
2023-10-16 21:00:00,585,Sivaganga,0.5,-6.993
2023-10-17 13:00:00,585,Sivaganga,2.25,-6.94425
2023-10-17 16:00:00,585,Sivaganga,12.0,-6.88075
2023-10-17 17:00:00,585,Sivaganga,10.5,-6.88075
2023-10-17 18:00:00,585,Sivaganga,1.0,-6.88075
2023-10-17 19:00:00,585,Sivaganga,0.5,-6.88075
2023-10-22 14:00:00,585,Sivaganga,2.5,-6.99725
2023-10-22 15:00:00,585,Sivaganga,0.5,-6.99725
2023-10-22 18:00:00,585,Sivaganga,0.5,-6.99725
2023-10-23 13:00:00,585,Sivaganga,5.0,-6.99725
2023-10-23 14:00:00,585,Sivaganga,7.0,-6.99725
2023-10-25 06:00:00,585,Sivaganga,8.5,-6.77675
2023-10-25 07:00:00,585,Sivaganga,15.5,-6.77675
2023-10-25 16:00:00,585,Sivaganga,11.0,-6.99575
2023-10-25 17:00:00,585,Sivaganga,27.0,-6.99575
2023-10-27 16:00:00,585,Sivaganga,5.0,-6.939
2023-10-27 17:00:00,585,Sivaganga,1.5,-6.939
2023-10-28 15:00:00,585,Sivaganga,1.5,-7.02125
2023-10-29 01:00:00,585,Sivaganga,0.5,-6.89525
2023-10-29 13:00:00,585,Sivaganga,4.25,-7.1365
2023-10-29 14:00:00,585,Sivaganga,0.75,-7.1365
2023-10-29 17:00:00,585,Sivaganga,0.5,-6.83
2023-10-29 20:00:00,585,Sivaganga,8.0,-6.83
2023-10-29 21:00:00,585,Sivaganga,1.25,-6.83
2023-10-29 22:00:00,585,Sivaganga,0.5,-6.84075
2023-10-30 09:00:00,585,Sivaganga,0.5,-6.696
2023-10-30 13:00:00,585,Sivaganga,0.5,-6.871
2023-10-30 14:00:00,585,Sivaganga,0.5,-6.871
2023-10-30 15:00:00,585,Sivaganga,1.5,-6.871
2023-10-30 16:00:00,585,Sivaganga,0.5,-6.8715
2023-10-30 17:00:00,585,Sivaganga,0.5,-6.8715
2023-11-01 01:00:00,585,Sivaganga,0.5,-6.83675
2023-11-01 04:00:00,585,Sivaganga,0.5,-6.8025
2023-11-01 08:00:00,585,Sivaganga,0.5,-6.8025
2023-11-01 16:00:00,585,Sivaganga,1.0,-6.96575
2023-11-01 17:00:00,585,Sivaganga,1.5,-6.96575
2023-11-01 18:00:00,585,Sivaganga,10.75,-6.96575
2023-11-01 19:00:00,585,Sivaganga,12.666666666666666,-6.96575
2023-11-01 20:00:00,585,Sivaganga,6.166666666666667,-6.96575
2023-11-01 21:00:00,585,Sivaganga,4.0,-6.96575
2023-11-01 22:00:00,585,Sivaganga,0.5,-6.786
2023-11-02 14:00:00,585,Sivaganga,1.0,-6.86475
2023-11-02 15:00:00,585,Sivaganga,1.0,-6.86475
2023-11-02 17:00:00,585,Sivaganga,0.75,-6.75525
2023-11-02 19:00:00,585,Sivaganga,3.0,-6.75525
2023-11-03 03:00:00,585,Sivaganga,0.5,-6.76025
2023-11-03 16:00:00,585,Sivaganga,9.0,-6.7005
2023-11-03 17:00:00,585,Sivaganga,2.0,-6.7005
2023-11-03 21:00:00,585,Sivaganga,0.5,-6.7005
2023-11-03 22:00:00,585,Sivaganga,5.5,-6.69325
2023-11-03 23:00:00,585,Sivaganga,1.0,-6.69325
2023-11-04 00:00:00,585,Sivaganga,15.833333333333334,-6.69325
2023-11-04 01:00:00,585,Sivaganga,13.333333333333334,-6.69325
2023-11-04 02:00:00,585,Sivaganga,9.0,-6.69325
2023-11-04 03:00:00,585,Sivaganga,5.333333333333333,-6.69325
2023-11-04 04:00:00,585,Sivaganga,3.5,-6.43625
2023-11-04 05:00:00,585,Sivaganga,1.1666666666666667,-6.43625
2023-11-04 06:00:00,585,Sivaganga,1.5,-6.43625
2023-11-04 07:00:00,585,Sivaganga,0.5,-6.43625
2023-11-04 10:00:00,585,Sivaganga,0.5,-6.38575
2023-11-04 17:00:00,585,Sivaganga,0.5,-6.381
2023-11-04 18:00:00,585,Sivaganga,0.5,-6.381
2023-11-04 19:00:00,585,Sivaganga,0.5,-6.381
2023-11-04 20:00:00,585,Sivaganga,0.5,-6.381
2023-11-04 21:00:00,585,Sivaganga,0.5,-6.381
2023-11-05 02:00:00,585,Sivaganga,0.5,-6.23625
2023-11-05 03:00:00,585,Sivaganga,3.25,-6.23625
2023-11-05 04:00:00,585,Sivaganga,1.25,-6.09975
2023-11-05 05:00:00,585,Sivaganga,0.5,-6.09975
2023-11-05 06:00:00,585,Sivaganga,0.5,-6.09975
2023-11-05 08:00:00,585,Sivaganga,0.5,-6.09975
2023-11-05 17:00:00,585,Sivaganga,0.5,-6.16925
2023-11-06 03:00:00,585,Sivaganga,0.5,-5.98825
2023-11-06 10:00:00,585,Sivaganga,0.5,-6.02325
2023-11-06 16:00:00,585,Sivaganga,0.5,-5.98175
2023-11-06 17:00:00,585,Sivaganga,1.5,-5.98175
2023-11-06 18:00:00,585,Sivaganga,1.0,-5.98175
2023-11-06 19:00:00,585,Sivaganga,1.0,-5.98175
2023-11-06 20:00:00,585,Sivaganga,0.5,-5.98175
2023-11-06 21:00:00,585,Sivaganga,0.5,-5.98175
2023-11-07 01:00:00,585,Sivaganga,0.5,-12.29225
2023-11-07 05:00:00,585,Sivaganga,1.0,-5.736
2023-11-07 06:00:00,585,Sivaganga,3.75,-5.736
2023-11-07 07:00:00,585,Sivaganga,2.0,-5.736
2023-11-07 09:00:00,585,Sivaganga,0.5,-5.736
2023-11-07 10:00:00,585,Sivaganga,18.0,-5.7195
2023-11-08 06:00:00,585,Sivaganga,166.0,-5.1282
2023-11-08 07:00:00,585,Sivaganga,80.5,-5.1282
2023-11-08 08:00:00,585,Sivaganga,16.0,-5.1282
2023-11-08 16:00:00,585,Sivaganga,14.0,-5.27
2023-11-08 17:00:00,585,Sivaganga,2.25,-5.3
2023-11-08 18:00:00,585,Sivaganga,1.75,-5.236833333333333
2023-11-08 20:00:00,585,Sivaganga,3.5,-5.236833333333333
2023-11-08 22:00:00,585,Sivaganga,0.5,-5.199833333333333
2023-11-09 02:00:00,585,Sivaganga,0.5,-5.199833333333333
2023-11-09 03:00:00,585,Sivaganga,19.25,-5.199833333333333
2023-11-09 04:00:00,585,Sivaganga,1.0,-4.9750000000000005
2023-11-09 09:00:00,585,Sivaganga,0.5,-4.9750000000000005
2023-11-09 17:00:00,585,Sivaganga,12.0,-8.61
2023-11-09 20:00:00,585,Sivaganga,0.75,-6.627750000000001
2023-11-10 05:00:00,585,Sivaganga,0.5,-6.767428571428572
2023-11-10 06:00:00,585,Sivaganga,0.5,-6.767428571428572
2023-11-10 14:00:00,585,Sivaganga,0.5,-23.97
2023-11-10 16:00:00,585,Sivaganga,2.5,-24.05
2023-11-10 17:00:00,585,Sivaganga,10.5,-8.916
2023-11-10 19:00:00,585,Sivaganga,0.5,-8.916
2023-11-10 20:00:00,585,Sivaganga,1.5,-8.916
2023-11-11 12:00:00,585,Sivaganga,1.0,-6.4811250000000005
2023-11-11 13:00:00,585,Sivaganga,0.5,-6.4811250000000005
2023-11-12 04:00:00,585,Sivaganga,0.5,-8.621125000000001
2023-11-12 16:00:00,585,Sivaganga,1.5,-8.6955
2023-11-12 19:00:00,585,Sivaganga,58.5,-8.6955
2023-11-12 20:00:00,585,Sivaganga,14.0,-8.6955
2023-11-13 18:00:00,585,Sivaganga,0.5,-8.688125
2023-11-14 03:00:00,585,Sivaganga,0.5,-8.638375
2023-11-14 10:00:00,585,Sivaganga,0.5,-6.1995
2023-11-16 06:00:00,585,Sivaganga,0.5,-6.088
2023-11-18 12:00:00,585,Sivaganga,0.5,-5.154000000000001
2023-11-18 13:00:00,585,Sivaganga,0.5,-5.154000000000001
2023-11-18 15:00:00,585,Sivaganga,1.25,-5.154000000000001
2023-11-18 16:00:00,585,Sivaganga,0.6666666666666666,-5.082714285714286
2023-11-18 17:00:00,585,Sivaganga,2.5,-5.082714285714286
2023-11-19 02:00:00,585,Sivaganga,1.0,-5.039714285714285
2023-11-19 15:00:00,585,Sivaganga,0.5,-7.910428571428571
2023-11-21 11:00:00,585,Sivaganga,2.5,-7.969285714285713
2023-11-21 11:20:00,585,Sivaganga,14.0,-7.969285714285713
2023-11-21 11:25:00,585,Sivaganga,17.0,-7.969285714285713
2023-11-21 12:00:00,585,Sivaganga,8.75,-7.969285714285713
2023-11-21 12:55:00,585,Sivaganga,2.0,-7.969285714285713
2023-11-21 14:00:00,585,Sivaganga,2.0,-7.969285714285713
2023-11-22 12:00:00,585,Sivaganga,1.75,-8.035857142857143
2023-11-22 13:00:00,585,Sivaganga,0.5,-8.035857142857143
2023-11-22 14:00:00,585,Sivaganga,0.5,-8.035857142857143
2023-11-22 15:00:00,585,Sivaganga,1.25,-8.035857142857143
2023-11-22 16:00:00,585,Sivaganga,0.5,-7.972
2023-11-23 01:00:00,585,Sivaganga,3.0,-7.902714285714285
2023-11-23 03:00:00,585,Sivaganga,1.5,-7.902714285714285
2023-11-23 04:00:00,585,Sivaganga,1.25,-7.828142857142857
2023-11-23 05:00:00,585,Sivaganga,0.5,-7.828142857142857
2023-11-24 15:00:00,585,Sivaganga,0.5,-4.969285714285713
2023-11-24 17:00:00,585,Sivaganga,5.0,-4.9750000000000005
2023-11-25 14:00:00,585,Sivaganga,4.0,-7.868714285714286
2023-11-25 15:00:00,585,Sivaganga,0.75,-7.868714285714286
2023-11-25 16:00:00,585,Sivaganga,2.0,-7.803142857142857
2023-11-26 14:00:00,585,Sivaganga,2.75,-8.70375
2023-11-26 15:00:00,585,Sivaganga,1.0,-8.70375
2023-11-26 16:00:00,585,Sivaganga,0.5,-8.658625
2023-11-27 12:00:00,585,Sivaganga,0.5,-8.610375
2023-11-27 13:00:00,585,Sivaganga,4.0,-8.610375
2023-11-27 14:00:00,585,Sivaganga,2.75,-8.610375
2023-11-27 15:00:00,585,Sivaganga,2.5,-8.610375
2023-11-28 17:00:00,585,Sivaganga,0.5,-8.649125
2023-11-30 10:00:00,585,Sivaganga,0.5,-7.716571428571428
2023-11-30 11:00:00,585,Sivaganga,6.0,-7.716571428571428
2023-11-30 15:00:00,585,Sivaganga,2.5,-7.716571428571428
2023-11-30 17:00:00,585,Sivaganga,1.5,-7.658714285714285
2023-12-02 00:00:00,585,Sivaganga,0.5,-7.644571428571429
2023-12-03 04:00:00,585,Sivaganga,0.5,-7.622142857142856
2023-12-03 16:00:00,585,Sivaganga,0.5,-7.698714285714286
2023-12-03 17:00:00,585,Sivaganga,0.5,-7.698714285714286
2023-12-06 02:00:00,585,Sivaganga,27.5,-5.163250000000001
2023-12-08 04:00:00,585,Sivaganga,3.5,-5.282
2023-12-08 08:00:00,585,Sivaganga,0.5,-5.282
2023-12-09 16:00:00,585,Sivaganga,1.0,-5.7165
2023-12-09 17:00:00,585,Sivaganga,0.5,-5.7165
2023-12-16 14:00:00,585,Sivaganga,0.5,-6.1985
2023-12-16 15:00:00,585,Sivaganga,1.3333333333333333,-6.1985
2023-12-16 16:00:00,585,Sivaganga,2.0,-12.24125
2023-12-16 17:00:00,585,Sivaganga,1.8333333333333333,-12.24125
2023-12-16 18:00:00,585,Sivaganga,2.0,-12.24125
2023-12-16 19:00:00,585,Sivaganga,0.75,-12.24125
2023-12-16 22:00:00,585,Sivaganga,0.6666666666666666,-12.154
2023-12-16 23:00:00,585,Sivaganga,0.5,-12.154
2023-12-17 01:00:00,585,Sivaganga,2.1666666666666665,-12.154
2023-12-17 02:00:00,585,Sivaganga,1.75,-12.154
2023-12-17 03:00:00,585,Sivaganga,2.25,-12.154
2023-12-17 04:00:00,585,Sivaganga,0.75,-12.01025
2023-12-17 14:00:00,585,Sivaganga,2.1666666666666665,-12.260750000000002
2023-12-17 15:00:00,585,Sivaganga,0.5,-12.260750000000002
2023-12-17 16:00:00,585,Sivaganga,0.5,-12.15975
2023-12-17 17:00:00,585,Sivaganga,2.0,-12.15975
2023-12-17 18:00:00,585,Sivaganga,1.0,-12.15975
2023-12-17 19:00:00,585,Sivaganga,0.5,-12.15975
2023-12-18 00:00:00,585,Sivaganga,0.5,-5.72525
2023-12-18 01:00:00,585,Sivaganga,0.5,-5.72525
2023-12-18 03:00:00,585,Sivaganga,1.0,-5.72525
2023-12-18 04:00:00,585,Sivaganga,0.5,-5.704
2023-12-18 05:00:00,585,Sivaganga,1.5,-5.704
2023-12-18 06:00:00,585,Sivaganga,0.5,-5.704
2023-12-18 07:00:00,585,Sivaganga,0.5,-5.704
2023-12-18 08:00:00,585,Sivaganga,0.5,-5.704
2023-12-18 11:00:00,585,Sivaganga,0.5,-5.954
2023-12-18 12:00:00,585,Sivaganga,0.75,-5.954
2023-12-20 09:00:00,585,Sivaganga,0.5,-5.890499999999999
2023-12-20 17:00:00,585,Sivaganga,0.5,-12.29325
2023-12-20 18:00:00,585,Sivaganga,0.5,-12.29325
2023-12-20 19:00:00,585,Sivaganga,0.5,-12.29325
2023-12-21 09:00:00,585,Sivaganga,0.5,-12.15775
2023-12-21 12:00:00,585,Sivaganga,2.75,-12.33125
2023-12-21 13:00:00,585,Sivaganga,0.5,-12.33125
2023-12-25 09:00:00,585,Sivaganga,0.5,-7.671142857142857
2023-12-25 15:00:00,585,Sivaganga,0.5,-7.80042857142857
2023-12-25 17:00:00,585,Sivaganga,1.0,-7.788714285714286
2023-12-29 15:00:00,585,Sivaganga,1.5,-7.873714285714286
2024-01-06 17:00:00,585,Sivaganga,3.0,-9.232
2024-01-06 18:00:00,585,Sivaganga,2.5,-9.232
2024-01-06 19:00:00,585,Sivaganga,1.0,-9.232
2024-01-08 18:00:00,585,Sivaganga,0.5,-9.20225
2024-01-08 19:00:00,585,Sivaganga,3.0,-9.20225
2024-01-08 20:00:00,585,Sivaganga,0.5,-9.20225
2024-01-08 21:00:00,585,Sivaganga,0.5,-9.20225
2024-01-08 22:00:00,585,Sivaganga,0.6666666666666666,-9.1625
2024-01-08 23:00:00,585,Sivaganga,0.5,-9.1625
2024-01-09 11:00:00,585,Sivaganga,0.5,-9.114375
2024-01-09 12:00:00,585,Sivaganga,0.5,-9.114375
2024-01-09 13:00:00,585,Sivaganga,0.5,-9.114375
2024-01-09 14:00:00,585,Sivaganga,1.3333333333333333,-9.114375
2024-01-09 16:00:00,585,Sivaganga,0.5,-9.230375
2024-01-09 17:00:00,585,Sivaganga,0.5,-9.230375
2024-01-20 06:00:00,585,Sivaganga,0.5,-9.192
2024-01-20 07:00:00,585,Sivaganga,1.0,-9.192
2024-01-20 08:00:00,585,Sivaganga,8.5,-9.192
2024-01-20 09:00:00,585,Sivaganga,1.0,-9.192
2024-01-20 10:00:00,585,Sivaganga,0.75,-9.3795
2024-01-20 11:00:00,585,Sivaganga,1.0,-9.3795
2024-01-20 12:00:00,585,Sivaganga,0.5,-9.3795
2024-03-21 09:00:00,585,Sivaganga,1.75,-11.158625
2024-03-21 10:00:00,585,Sivaganga,3.25,-11.106875
2024-03-21 11:00:00,585,Sivaganga,0.5,-11.106875
2024-04-01 05:00:00,585,Sivaganga,0.5,-11.42575
2024-04-12 09:00:00,585,Sivaganga,0.5,-11.7835
2024-04-12 16:00:00,585,Sivaganga,2.5,-11.977
2024-04-12 17:00:00,585,Sivaganga,3.0,-11.977
2024-04-13 10:00:00,585,Sivaganga,1.5,-11.96875
2024-04-22 16:00:00,585,Sivaganga,1.5,-10.702714285714285
2024-05-10 20:00:00,585,Sivaganga,0.5,-10.959
2024-05-12 13:00:00,585,Sivaganga,4.5,-11.045285714285717
2024-05-12 14:00:00,585,Sivaganga,12.0,-11.045285714285717
2024-05-12 15:00:00,585,Sivaganga,0.5,-11.045285714285717
2024-05-13 15:00:00,585,Sivaganga,1.0,-10.976571428571429
2024-05-14 15:00:00,585,Sivaganga,1.5,-11.032
2024-05-15 16:00:00,585,Sivaganga,0.5,-12.869375
2024-05-16 02:00:00,585,Sivaganga,0.5,-12.801375
2024-05-16 06:00:00,585,Sivaganga,0.75,-12.751
2024-05-16 07:00:00,585,Sivaganga,0.5,-12.751
2024-05-16 10:00:00,585,Sivaganga,0.5,-12.89325
2024-05-17 12:00:00,585,Sivaganga,45.0,-12.881125
2024-05-17 13:00:00,585,Sivaganga,14.0,-12.881125
2024-05-17 14:00:00,585,Sivaganga,2.25,-12.881125
2024-05-17 16:00:00,585,Sivaganga,0.5,-12.832
2024-05-18 13:00:00,585,Sivaganga,13.5,-12.8145
2024-05-18 14:00:00,585,Sivaganga,0.5,-12.8145
2024-05-19 07:00:00,585,Sivaganga,1.1666666666666667,-12.730375
2024-05-19 08:00:00,585,Sivaganga,1.25,-12.730375
2024-05-19 09:00:00,585,Sivaganga,2.5,-12.730375
2024-05-19 10:00:00,585,Sivaganga,1.0,-12.842125
2024-05-19 15:00:00,585,Sivaganga,2.0,-12.842125
2024-05-19 16:00:00,585,Sivaganga,7.25,-12.747875
2024-05-19 17:00:00,585,Sivaganga,18.666666666666668,-12.747875
2024-05-19 18:00:00,585,Sivaganga,12.166666666666666,-12.747875
2024-05-19 19:00:00,585,Sivaganga,1.5,-12.747875
2024-05-19 20:00:00,585,Sivaganga,0.75,-12.747875
2024-05-20 01:00:00,585,Sivaganga,0.5,-12.68175
2024-05-20 04:00:00,585,Sivaganga,1.0,-12.634125
2024-05-20 06:00:00,585,Sivaganga,0.5,-12.634125
2024-05-20 09:00:00,585,Sivaganga,1.5,-12.634125
2024-05-20 11:00:00,585,Sivaganga,1.0,-12.6675
2024-05-20 13:00:00,585,Sivaganga,3.5,-12.6675
2024-05-20 14:00:00,585,Sivaganga,5.666666666666667,-12.6675
2024-05-20 15:00:00,585,Sivaganga,31.75,-12.6675
2024-05-20 16:00:00,585,Sivaganga,4.5,-12.736375
2024-05-20 17:00:00,585,Sivaganga,1.5,-12.736375
2024-05-20 18:00:00,585,Sivaganga,1.0,-12.736375
2024-05-20 19:00:00,585,Sivaganga,0.8333333333333334,-12.736375
2024-05-20 20:00:00,585,Sivaganga,0.5,-12.736375
2024-05-20 21:00:00,585,Sivaganga,1.5,-12.736375
2024-05-20 22:00:00,585,Sivaganga,0.5,-12.6115
2024-05-21 08:00:00,585,Sivaganga,6.5,-12.567
2024-05-21 09:00:00,585,Sivaganga,25.5,-12.567
2024-05-21 18:00:00,585,Sivaganga,68.5,-12.62125
2024-05-21 19:00:00,585,Sivaganga,18.0,-12.62125
2024-05-21 20:00:00,585,Sivaganga,0.5,-12.62125
2024-05-21 21:00:00,585,Sivaganga,0.5,-12.62125
2024-05-23 08:00:00,585,Sivaganga,1.0,-12.858428571428572
2024-05-23 09:00:00,585,Sivaganga,4.0,-12.858428571428572
2024-05-23 16:00:00,585,Sivaganga,5.0,-14.5782
2024-05-23 17:00:00,585,Sivaganga,2.0,-14.5782
2024-05-23 18:00:00,585,Sivaganga,0.5,-14.5782
2024-05-23 19:00:00,585,Sivaganga,2.6666666666666665,-14.5782
2024-05-23 20:00:00,585,Sivaganga,1.5,-14.5782
2024-05-24 19:00:00,585,Sivaganga,3.0,-12.353875
2024-05-24 20:00:00,585,Sivaganga,2.75,-12.353875
2024-05-24 21:00:00,585,Sivaganga,0.5,-12.353875
2024-05-24 22:00:00,585,Sivaganga,3.1666666666666665,-12.254625
2024-05-26 08:00:00,585,Sivaganga,19.5,-12.034875
2024-05-26 09:00:00,585,Sivaganga,70.5,-12.034875
2024-05-26 10:00:00,585,Sivaganga,5.5,-12.169375
2024-06-01 17:00:00,585,Sivaganga,3.75,-12.207875
2024-06-01 18:00:00,585,Sivaganga,5.5,-12.207875
2024-06-01 19:00:00,585,Sivaganga,9.25,-12.207875
2024-06-01 20:00:00,585,Sivaganga,0.5,-12.207875
2024-06-05 20:00:00,585,Sivaganga,13.25,-12.208875
2024-06-05 21:00:00,585,Sivaganga,22.5,-12.208875
2024-06-05 22:00:00,585,Sivaganga,6.0,-12.054125
2024-06-05 23:00:00,585,Sivaganga,0.5,-12.054125
2024-06-06 20:00:00,585,Sivaganga,4.5,-11.863625
2024-06-06 21:00:00,585,Sivaganga,9.75,-11.863625
2024-06-06 22:00:00,585,Sivaganga,0.5,-11.842125
2024-06-06 23:00:00,585,Sivaganga,0.75,-11.842125
2024-06-07 00:00:00,585,Sivaganga,1.8333333333333333,-11.842125
2024-06-07 01:00:00,585,Sivaganga,0.75,-11.842125
2024-06-07 04:00:00,585,Sivaganga,0.5,-10.004285714285714
2024-06-07 18:00:00,585,Sivaganga,1.0,-10.261571428571427
2024-06-16 19:00:00,585,Sivaganga,5.75,-11.413666666666666
2024-06-16 20:00:00,585,Sivaganga,15.5,-11.413666666666666
2024-06-18 17:00:00,585,Sivaganga,5.0,-11.524666666666668
2024-06-18 18:00:00,585,Sivaganga,37.16666666666666,-11.524666666666668
2024-06-18 19:00:00,585,Sivaganga,1.75,-11.524666666666668
2024-06-18 20:00:00,585,Sivaganga,1.5,-11.524666666666668
2024-06-19 16:00:00,585,Sivaganga,0.5,-10.93311111111111
2024-06-19 17:00:00,585,Sivaganga,15.0,-10.93311111111111
2024-06-19 18:00:00,585,Sivaganga,1.0,-10.93311111111111
2024-06-20 18:00:00,585,Sivaganga,0.5,-11.4615
2024-06-20 19:00:00,585,Sivaganga,2.5,-11.4615
2024-06-22 18:00:00,585,Sivaganga,9.0,-11.332
2024-06-22 19:00:00,585,Sivaganga,10.0,-11.332
2024-06-30 16:00:00,585,Sivaganga,4.25,-10.9206
2024-06-30 17:00:00,585,Sivaganga,5.5,-10.9206
2024-06-30 18:00:00,585,Sivaganga,0.75,-10.9206
2024-07-03 20:00:00,585,Sivaganga,9.0,-9.681111111111113
2024-07-03 21:00:00,585,Sivaganga,9.75,-9.681111111111113
2024-07-05 17:00:00,585,Sivaganga,11.5,-9.78025
2024-07-05 18:00:00,585,Sivaganga,16.0,-9.78025
2024-07-05 19:00:00,585,Sivaganga,0.5,-9.78025
2024-07-05 20:00:00,585,Sivaganga,0.75,-9.78025
2024-07-05 21:00:00,585,Sivaganga,0.5,-9.78025
2024-07-07 18:00:00,585,Sivaganga,1.5,-9.66
2024-07-10 20:00:00,585,Sivaganga,2.5,-9.743625
2024-07-10 21:00:00,585,Sivaganga,4.0,-9.743625
2024-07-10 22:00:00,585,Sivaganga,0.75,-9.645125
2024-07-12 18:00:00,585,Sivaganga,9.333333333333334,-11.229
2024-07-12 19:00:00,585,Sivaganga,21.83333333333333,-11.229
2024-07-12 20:00:00,585,Sivaganga,1.25,-11.229
2024-07-12 21:00:00,585,Sivaganga,1.0,-11.229
2024-07-15 20:00:00,585,Sivaganga,0.5,-9.242666666666668
2024-07-17 19:00:00,585,Sivaganga,0.5,-8.999
2024-07-23 11:35:00,585,Sivaganga,1.5,-11.0277
2024-07-23 12:00:00,585,Sivaganga,3.0,-11.0277
2024-08-01 20:00:00,585,Sivaganga,3.0,-11.463555555555557
2024-08-02 19:00:00,585,Sivaganga,5.5,-11.511
2024-08-03 19:00:00,585,Sivaganga,2.5,-11.648111111111112
2024-08-03 20:00:00,585,Sivaganga,10.0,-11.648111111111112
2024-08-04 23:00:00,585,Sivaganga,23.75,-11.477
2024-08-05 00:00:00,585,Sivaganga,8.25,-11.477
2024-08-05 01:00:00,585,Sivaganga,1.3333333333333333,-11.477
2024-08-05 19:00:00,585,Sivaganga,1.5,-11.697555555555557
2024-08-05 20:00:00,585,Sivaganga,19.5,-11.697555555555557
2024-08-05 21:00:00,585,Sivaganga,12.0,-11.697555555555557
2024-08-05 22:00:00,585,Sivaganga,1.0,-11.47222222222222
2024-08-05 23:00:00,585,Sivaganga,5.0,-11.47222222222222
2024-08-06 18:00:00,585,Sivaganga,14.25,-11.617666666666668
2024-08-06 19:00:00,585,Sivaganga,13.166666666666666,-11.617666666666668
2024-08-06 20:00:00,585,Sivaganga,1.0,-11.617666666666668
2024-08-06 21:00:00,585,Sivaganga,0.5,-11.617666666666668
2024-08-07 19:00:00,585,Sivaganga,1.5,-11.463666666666668
2024-08-07 20:00:00,585,Sivaganga,5.5,-11.463666666666668
2024-08-07 21:00:00,585,Sivaganga,14.0,-11.463666666666668
2024-08-07 22:00:00,585,Sivaganga,2.0,-11.295
2024-08-08 00:00:00,585,Sivaganga,0.5,-11.295
2024-08-08 16:00:00,585,Sivaganga,2.75,-11.578875
2024-08-08 17:00:00,585,Sivaganga,28.25,-11.578875
2024-08-08 19:00:00,585,Sivaganga,0.5,-11.578875
2024-08-08 20:00:00,585,Sivaganga,34.5,-11.578875
2024-08-08 21:00:00,585,Sivaganga,5.833333333333333,-11.578875
2024-08-08 22:00:00,585,Sivaganga,2.5,-11.552875
2024-08-08 23:00:00,585,Sivaganga,0.5,-11.552875
2024-08-10 19:00:00,585,Sivaganga,4.5,-12.146166666666666
2024-08-10 20:00:00,585,Sivaganga,12.0,-12.146166666666666
2024-08-10 21:00:00,585,Sivaganga,12.0,-12.146166666666666
2024-08-10 22:00:00,585,Sivaganga,1.75,-11.893499999999998
2024-08-10 23:00:00,585,Sivaganga,5.75,-11.893499999999998
2024-08-11 21:00:00,585,Sivaganga,1.0,-11.705285714285717
2024-08-11 22:00:00,585,Sivaganga,4.0,-11.632571428571428
2024-08-11 23:00:00,585,Sivaganga,2.0,-11.632571428571428
2024-08-12 21:00:00,585,Sivaganga,1.5,-12.758857142857142
2024-08-14 05:00:00,585,Sivaganga,0.5,-11.12525
2024-08-17 14:00:00,585,Sivaganga,9.0,-7.18975
2024-08-17 15:00:00,585,Sivaganga,26.0,-7.18975
2024-08-17 16:00:00,585,Sivaganga,0.5,-7.140666666666665
2024-08-19 18:00:00,585,Sivaganga,1.5,-11.833
2024-08-20 11:00:00,585,Sivaganga,2.5,-9.380571428571429
2024-08-20 13:00:00,585,Sivaganga,3.5,-9.380571428571429
2024-08-20 16:00:00,585,Sivaganga,22.0,-9.239857142857144
2024-08-20 20:00:00,585,Sivaganga,1.0,-9.239857142857144
2024-08-29 20:00:00,585,Sivaganga,0.5,-10.059333333333331
2024-08-31 17:00:00,585,Sivaganga,5.0,-10.034
2024-08-31 18:00:00,585,Sivaganga,7.75,-10.034
2024-08-31 19:00:00,585,Sivaganga,1.0,-10.034
2024-09-01 15:00:00,585,Sivaganga,5.0,-10.079777777777778
2024-09-01 16:00:00,585,Sivaganga,0.5,-10.05
2024-09-06 17:00:00,585,Sivaganga,0.5,-9.6
2024-09-14 18:00:00,585,Sivaganga,26.0,-10.5529
2024-09-14 19:00:00,585,Sivaganga,4.5,-10.5529
2024-09-21 18:00:00,585,Sivaganga,0.5,-10.5602
2024-09-27 22:00:00,585,Sivaganga,1.5,-10.957888888888888
2024-09-28 15:00:00,585,Sivaganga,0.5,-11.207555555555556
2024-09-29 01:00:00,585,Sivaganga,1.5,-10.95711111111111
2024-09-29 03:00:00,585,Sivaganga,4.0,-10.95711111111111
2024-09-30 10:00:00,585,Sivaganga,0.75,-10.952222222222222
2024-09-30 11:00:00,585,Sivaganga,9.5,-10.952222222222222
2024-09-30 12:00:00,585,Sivaganga,0.75,-10.952222222222222
2024-10-01 14:00:00,585,Sivaganga,9.5,-11.026444444444444
2024-10-01 17:00:00,585,Sivaganga,0.5,-11.096666666666668
2024-10-02 13:00:00,585,Sivaganga,0.5,-11.102444444444444
2024-10-02 14:00:00,585,Sivaganga,2.0,-11.102444444444444
2024-10-03 18:00:00,585,Sivaganga,0.5,-9.210625
2024-10-04 20:00:00,585,Sivaganga,2.0,-10.971
2024-10-04 23:00:00,585,Sivaganga,23.75,-10.950333333333331
2024-10-05 00:00:00,585,Sivaganga,13.5,-10.950333333333331
2024-10-05 01:00:00,585,Sivaganga,2.0,-10.950333333333331
2024-10-05 02:00:00,585,Sivaganga,0.75,-10.950333333333331
2024-10-05 03:00:00,585,Sivaganga,1.0,-10.950333333333331
2024-10-05 13:00:00,585,Sivaganga,1.0,-10.974222222222222
2024-10-05 14:00:00,585,Sivaganga,0.5,-10.974222222222222
2024-10-05 15:00:00,585,Sivaganga,1.0,-10.974222222222222
2024-10-06 02:00:00,585,Sivaganga,1.5,-10.801
2024-10-06 03:00:00,585,Sivaganga,24.5,-10.801
2024-10-06 04:00:00,585,Sivaganga,34.25,-10.843555555555556
2024-10-06 05:00:00,585,Sivaganga,2.5,-10.843555555555556
2024-10-06 06:00:00,585,Sivaganga,3.25,-10.843555555555556
2024-10-06 07:00:00,585,Sivaganga,1.5,-10.843555555555556
2024-10-06 08:00:00,585,Sivaganga,0.8333333333333334,-10.843555555555556
2024-10-06 09:00:00,585,Sivaganga,0.5,-10.843555555555556
2024-10-07 13:00:00,585,Sivaganga,0.5,-10.663222222222222
2024-10-07 14:00:00,585,Sivaganga,18.0,-10.663222222222222
2024-10-07 15:00:00,585,Sivaganga,7.0,-10.663222222222222
2024-10-08 06:00:00,585,Sivaganga,0.5,-10.640222222222222
2024-10-08 16:00:00,585,Sivaganga,18.5,-10.501666666666669
2024-10-08 17:00:00,585,Sivaganga,1.5,-10.501666666666669
2024-10-08 18:00:00,585,Sivaganga,0.5,-10.501666666666669
2024-10-08 19:00:00,585,Sivaganga,0.5,-10.501666666666669
2024-10-09 14:00:00,585,Sivaganga,5.5,-10.431777777777777
2024-10-09 15:00:00,585,Sivaganga,0.5,-10.431777777777777
2024-10-10 12:00:00,585,Sivaganga,0.5,-10.493555555555554
2024-10-10 13:00:00,585,Sivaganga,2.0,-10.493555555555554
2024-10-10 14:55:00,585,Sivaganga,6.5,-10.493555555555554
2024-10-10 15:00:00,585,Sivaganga,8.5,-10.493555555555554
2024-10-10 15:10:00,585,Sivaganga,1.0,-10.551333333333334
2024-10-10 15:15:00,585,Sivaganga,1.0,-10.551333333333334
2024-10-10 15:20:00,585,Sivaganga,1.0,-10.551333333333334
2024-10-10 15:25:00,585,Sivaganga,1.0,-10.551333333333334
2024-10-10 15:30:00,585,Sivaganga,1.0,-10.551333333333334
2024-10-10 15:35:00,585,Sivaganga,1.0,-10.551333333333334
2024-10-10 15:40:00,585,Sivaganga,1.0,-10.551333333333334
2024-10-10 15:45:00,585,Sivaganga,1.0,-10.551333333333334
2024-10-10 15:50:00,585,Sivaganga,1.0,-10.551333333333334
2024-10-10 15:55:00,585,Sivaganga,1.0,-10.551333333333334
2024-10-10 16:00:00,585,Sivaganga,1.0,-10.551333333333334
2024-10-10 17:00:00,585,Sivaganga,18.0,-10.551333333333334
2024-10-11 02:45:00,585,Sivaganga,0.5,-10.413444444444444
2024-10-11 02:50:00,585,Sivaganga,0.5,-10.413444444444444
2024-10-11 02:55:00,585,Sivaganga,0.5,-10.413444444444444
2024-10-11 03:00:00,585,Sivaganga,0.5,-10.413444444444444
2024-10-11 03:05:00,585,Sivaganga,0.5,-10.2439
2024-10-11 03:10:00,585,Sivaganga,0.5,-10.2439
2024-10-11 03:15:00,585,Sivaganga,0.5,-10.2439
2024-10-11 03:20:00,585,Sivaganga,0.5,-10.2439
2024-10-11 03:25:00,585,Sivaganga,0.5,-10.2439
2024-10-11 03:30:00,585,Sivaganga,0.5,-10.2439
2024-10-11 03:35:00,585,Sivaganga,0.5,-10.2439
2024-10-11 03:40:00,585,Sivaganga,0.5,-10.2439
2024-10-11 03:45:00,585,Sivaganga,0.5,-10.2439
2024-10-11 03:50:00,585,Sivaganga,0.5,-10.2439
2024-10-11 03:55:00,585,Sivaganga,0.5,-10.2439
2024-10-11 04:00:00,585,Sivaganga,0.5,-10.2439
2024-10-11 05:00:00,585,Sivaganga,4.0,-10.2439
2024-10-11 05:15:00,585,Sivaganga,0.5,-10.2439
2024-10-11 05:20:00,585,Sivaganga,0.5,-10.2439
2024-10-11 05:25:00,585,Sivaganga,0.5,-10.2439
2024-10-11 05:30:00,585,Sivaganga,0.5,-10.2439
2024-10-11 05:35:00,585,Sivaganga,0.5,-10.2439
2024-10-11 05:40:00,585,Sivaganga,0.5,-10.2439
2024-10-11 05:45:00,585,Sivaganga,1.0,-10.2439
2024-10-11 05:50:00,585,Sivaganga,1.0,-10.2439
2024-10-11 05:55:00,585,Sivaganga,1.0,-10.2439
2024-10-11 06:00:00,585,Sivaganga,1.1666666666666667,-10.2439
2024-10-11 07:00:00,585,Sivaganga,1.0,-10.2439
2024-10-11 15:00:00,585,Sivaganga,9.0,-10.4244
2024-10-11 16:00:00,585,Sivaganga,36.25,-10.1465
2024-10-11 17:00:00,585,Sivaganga,55.25,-10.1465
2024-10-11 18:00:00,585,Sivaganga,13.5,-10.1465
2024-10-11 19:00:00,585,Sivaganga,13.5,-10.1465
2024-10-11 20:00:00,585,Sivaganga,1.0,-10.1465
2024-10-12 00:00:00,585,Sivaganga,3.0,-9.6211
2024-10-12 01:00:00,585,Sivaganga,2.5,-9.6211
2024-10-12 02:00:00,585,Sivaganga,0.5,-9.6211
2024-10-12 03:00:00,585,Sivaganga,1.5,-9.6211
2024-10-12 04:00:00,585,Sivaganga,3.5,-9.5917
2024-10-12 05:00:00,585,Sivaganga,0.5,-9.5917
2024-10-12 15:00:00,585,Sivaganga,3.5,-9.5864
2024-10-12 16:00:00,585,Sivaganga,13.5,-9.5257
2024-10-12 17:00:00,585,Sivaganga,0.5,-9.5257
2024-10-12 18:00:00,585,Sivaganga,1.8333333333333333,-9.5257
2024-10-12 21:00:00,585,Sivaganga,0.5,-9.5257
2024-10-12 22:00:00,585,Sivaganga,6.5,-9.4958
2024-10-12 23:00:00,585,Sivaganga,6.166666666666667,-9.4958
2024-10-13 00:00:00,585,Sivaganga,17.25,-9.4958
2024-10-13 01:00:00,585,Sivaganga,1.3333333333333333,-9.4958
2024-10-13 02:00:00,585,Sivaganga,2.833333333333333,-9.4958
2024-10-13 03:00:00,585,Sivaganga,0.5,-9.4958
2024-10-13 04:00:00,585,Sivaganga,0.5,-9.3393
2024-10-13 05:00:00,585,Sivaganga,0.5,-9.3393
2024-10-13 08:00:00,585,Sivaganga,0.5,-9.3393
2024-10-13 09:00:00,585,Sivaganga,0.5,-9.3393
2024-10-13 20:00:00,585,Sivaganga,1.75,-9.2731
2024-10-13 21:00:00,585,Sivaganga,2.5,-9.2731
2024-10-13 22:00:00,585,Sivaganga,1.5,-9.0555
2024-10-13 23:00:00,585,Sivaganga,2.5,-9.0555
2024-10-14 00:00:00,585,Sivaganga,0.5,-9.0555
2024-10-14 01:00:00,585,Sivaganga,1.8333333333333333,-9.0555
2024-10-14 02:00:00,585,Sivaganga,3.75,-9.0555
2024-10-14 03:00:00,585,Sivaganga,1.3333333333333333,-9.0555
2024-10-14 04:00:00,585,Sivaganga,0.5,-8.9953
2024-10-14 07:00:00,585,Sivaganga,0.5,-8.9953
2024-10-14 09:00:00,585,Sivaganga,0.5,-8.9953
2024-10-14 10:00:00,585,Sivaganga,0.5,-8.913
2024-10-14 12:00:00,585,Sivaganga,0.5,-8.913
2024-10-14 13:00:00,585,Sivaganga,0.6666666666666666,-8.913
2024-10-14 14:00:00,585,Sivaganga,0.5,-8.913
2024-10-14 19:00:00,585,Sivaganga,16.25,-8.8659
2024-10-14 20:00:00,585,Sivaganga,5.75,-8.8659
2024-10-14 21:00:00,585,Sivaganga,21.75,-8.8659
2024-10-14 22:00:00,585,Sivaganga,2.6666666666666665,-8.6508
2024-10-14 23:00:00,585,Sivaganga,1.5,-8.6508
2024-10-15 00:00:00,585,Sivaganga,0.5,-8.6508
2024-10-15 01:00:00,585,Sivaganga,0.5,-8.6508
2024-10-16 19:00:00,585,Sivaganga,10.5,-9.012555555555556
2024-10-16 20:00:00,585,Sivaganga,8.5,-9.012555555555556
2024-10-16 21:00:00,585,Sivaganga,22.0,-9.012555555555556
2024-10-16 22:00:00,585,Sivaganga,0.5,-8.955444444444446
2024-10-17 07:00:00,585,Sivaganga,0.5,-9.002444444444444
2024-10-19 03:00:00,585,Sivaganga,1.0,-8.884444444444446
2024-10-19 04:00:00,585,Sivaganga,1.0,-8.946777777777777
2024-10-19 05:00:00,585,Sivaganga,1.5,-8.946777777777777
2024-10-19 06:00:00,585,Sivaganga,1.0,-8.946777777777777
2024-10-19 07:00:00,585,Sivaganga,0.5,-8.946777777777777
2024-10-19 08:00:00,585,Sivaganga,0.5,-8.946777777777777
2024-10-19 19:00:00,585,Sivaganga,5.5,-8.95411111111111
2024-10-19 20:00:00,585,Sivaganga,27.0,-8.95411111111111
2024-10-21 14:00:00,585,Sivaganga,1.0,-8.920555555555556
2024-10-21 17:00:00,585,Sivaganga,0.5,-8.889666666666667
2024-10-22 14:00:00,585,Sivaganga,10.5,-8.756777777777778
2024-10-24 21:00:00,585,Sivaganga,14.5,-8.1674
2024-10-24 22:00:00,585,Sivaganga,13.333333333333334,-7.703100000000001
2024-10-24 23:00:00,585,Sivaganga,18.33333333333333,-7.703100000000001
2024-10-25 00:00:00,585,Sivaganga,1.3333333333333333,-7.703100000000001
2024-10-25 01:00:00,585,Sivaganga,1.1666666666666667,-7.703100000000001
2024-10-25 15:00:00,585,Sivaganga,19.0,-8.554444444444444
2024-10-25 16:00:00,585,Sivaganga,17.333333333333332,-8.289555555555555
2024-10-25 17:00:00,585,Sivaganga,9.166666666666666,-8.289555555555555
2024-10-25 18:00:00,585,Sivaganga,1.8333333333333333,-8.289555555555555
2024-10-25 19:00:00,585,Sivaganga,0.75,-8.289555555555555
2024-10-25 20:00:00,585,Sivaganga,0.5,-8.289555555555555
2024-10-25 21:00:00,585,Sivaganga,0.5,-8.289555555555555
2024-10-29 01:00:00,585,Sivaganga,1.5,-7.433222222222223
2024-10-31 22:00:00,585,Sivaganga,0.5,-8.740571428571428
2024-11-01 11:00:00,585,Sivaganga,4.0,-7.5632222222222225
2024-11-01 12:00:00,585,Sivaganga,2.5,-7.5632222222222225
2024-11-01 13:00:00,585,Sivaganga,1.5,-7.5632222222222225
2024-11-01 17:00:00,585,Sivaganga,1.5,-7.299
2024-11-02 02:00:00,585,Sivaganga,2.0,-7.276111111111111
2024-11-02 11:00:00,585,Sivaganga,1.0,-7.403555555555556
2024-11-02 12:00:00,585,Sivaganga,1.5,-7.403555555555556
2024-11-02 13:00:00,585,Sivaganga,0.5,-7.403555555555556
2024-11-02 14:00:00,585,Sivaganga,12.0,-7.403555555555556
2024-11-02 15:00:00,585,Sivaganga,16.5,-7.403555555555556
2024-11-02 21:00:00,585,Sivaganga,5.25,-7.288888888888888
2024-11-02 22:00:00,585,Sivaganga,11.0,-7.288444444444445
2024-11-02 23:00:00,585,Sivaganga,2.0,-7.288444444444445
2024-11-03 00:00:00,585,Sivaganga,2.25,-7.288444444444445
2024-11-03 01:00:00,585,Sivaganga,1.0,-7.288444444444445
2024-11-03 15:00:00,585,Sivaganga,0.5,-7.288
2024-11-04 13:00:00,585,Sivaganga,0.5,-7.079777777777778
2024-11-04 14:00:00,585,Sivaganga,0.5,-7.079777777777778
2024-11-04 15:00:00,585,Sivaganga,0.5,-7.079777777777778
2024-11-05 17:00:00,585,Sivaganga,6.0,-6.955333333333333
2024-11-08 04:00:00,585,Sivaganga,1.0,-6.899777777777778
2024-11-08 05:00:00,585,Sivaganga,7.0,-6.899777777777778
2024-11-08 06:00:00,585,Sivaganga,0.5,-6.899777777777778
2024-11-08 07:00:00,585,Sivaganga,8.5,-6.899777777777778
2024-11-08 08:00:00,585,Sivaganga,11.0,-6.899777777777778
2024-11-08 10:00:00,585,Sivaganga,0.5,-6.944
2024-11-08 11:00:00,585,Sivaganga,8.75,-6.944
2024-11-08 12:00:00,585,Sivaganga,3.5,-6.944
2024-11-08 13:00:00,585,Sivaganga,2.0,-6.944
2024-11-14 15:00:00,585,Sivaganga,0.5,-7.234111111111111
2024-11-14 16:00:00,585,Sivaganga,0.75,-6.933000000000001
2024-11-14 17:40:00,585,Sivaganga,1.0,-6.933000000000001
2024-11-14 17:45:00,585,Sivaganga,1.5,-6.933000000000001
2024-11-14 17:50:00,585,Sivaganga,1.5,-6.933000000000001
2024-11-14 17:55:00,585,Sivaganga,1.5,-6.933000000000001
2024-11-14 18:00:00,585,Sivaganga,1.5,-6.933000000000001
2024-11-14 20:00:00,585,Sivaganga,0.5,-6.933000000000001
2024-11-14 21:00:00,585,Sivaganga,0.5,-6.933000000000001
2024-11-15 06:00:00,585,Sivaganga,0.5,-7.02
2024-11-15 14:25:00,585,Sivaganga,0.5,-7.196
2024-11-15 14:30:00,585,Sivaganga,0.5,-7.196
2024-11-15 14:35:00,585,Sivaganga,0.5,-7.196
2024-11-15 14:40:00,585,Sivaganga,0.5,-7.196
2024-11-15 14:45:00,585,Sivaganga,0.5,-7.196
2024-11-15 14:50:00,585,Sivaganga,0.5,-7.196
2024-11-15 14:55:00,585,Sivaganga,1.0,-7.196
2024-11-15 15:00:00,585,Sivaganga,4.0,-7.196
2024-11-15 15:10:00,585,Sivaganga,0.5,-7.492125
2024-11-15 15:15:00,585,Sivaganga,0.5,-7.492125
2024-11-15 15:20:00,585,Sivaganga,0.5,-7.492125
2024-11-15 15:25:00,585,Sivaganga,0.5,-7.492125
2024-11-15 15:30:00,585,Sivaganga,0.5,-7.492125
2024-11-15 15:35:00,585,Sivaganga,0.5,-7.492125
2024-11-15 15:40:00,585,Sivaganga,0.5,-7.492125
2024-11-15 15:45:00,585,Sivaganga,0.5,-7.492125
2024-11-15 15:50:00,585,Sivaganga,0.5,-7.492125
2024-11-15 15:55:00,585,Sivaganga,1.0,-7.492125
2024-11-15 16:00:00,585,Sivaganga,1.3333333333333333,-7.492125
2024-11-15 16:25:00,585,Sivaganga,0.5,-7.492125
2024-11-15 16:30:00,585,Sivaganga,0.5,-7.492125
2024-11-15 16:35:00,585,Sivaganga,0.5,-7.492125
2024-11-15 16:40:00,585,Sivaganga,0.5,-7.492125
2024-11-15 16:45:00,585,Sivaganga,0.5,-7.492125
2024-11-15 16:50:00,585,Sivaganga,1.0,-7.492125
2024-11-15 16:55:00,585,Sivaganga,1.0,-7.492125
2024-11-15 17:00:00,585,Sivaganga,0.6666666666666666,-7.492125
2024-11-15 18:00:00,585,Sivaganga,0.5,-7.492125
2024-11-16 01:00:00,585,Sivaganga,0.5,-7.421
2024-11-16 11:05:00,585,Sivaganga,0.5,-7.516
2024-11-16 11:10:00,585,Sivaganga,1.5,-7.516
2024-11-16 11:15:00,585,Sivaganga,2.5,-7.516
2024-11-16 11:20:00,585,Sivaganga,2.5,-7.516
2024-11-16 11:25:00,585,Sivaganga,2.5,-7.516
2024-11-16 11:30:00,585,Sivaganga,2.5,-7.516
2024-11-16 11:35:00,585,Sivaganga,2.5,-7.516
2024-11-16 11:40:00,585,Sivaganga,2.5,-7.516
2024-11-16 11:45:00,585,Sivaganga,2.5,-7.516
2024-11-16 11:50:00,585,Sivaganga,2.5,-7.516
2024-11-16 11:55:00,585,Sivaganga,2.5,-7.516
2024-11-16 12:00:00,585,Sivaganga,2.5,-7.516
2024-11-16 17:00:00,585,Sivaganga,0.5,-7.503375
2024-11-16 17:10:00,585,Sivaganga,0.5,-7.503375
2024-11-16 17:15:00,585,Sivaganga,1.5,-7.503375
2024-11-16 17:20:00,585,Sivaganga,2.0,-7.503375
2024-11-16 17:25:00,585,Sivaganga,2.0,-7.503375
2024-11-16 17:30:00,585,Sivaganga,2.0,-7.503375
2024-11-16 17:35:00,585,Sivaganga,2.0,-7.503375
2024-11-16 17:40:00,585,Sivaganga,2.0,-7.503375
2024-11-16 17:45:00,585,Sivaganga,2.0,-7.503375
2024-11-16 17:50:00,585,Sivaganga,2.0,-7.503375
2024-11-16 17:55:00,585,Sivaganga,2.0,-7.503375
2024-11-16 18:00:00,585,Sivaganga,2.0,-7.503375
2024-11-17 03:50:00,585,Sivaganga,0.5,-7.372125
2024-11-17 03:55:00,585,Sivaganga,0.5,-7.372125
2024-11-17 04:00:00,585,Sivaganga,0.5,-7.372125
2024-11-17 14:00:00,585,Sivaganga,10.0,-7.769125
2024-11-17 15:00:00,585,Sivaganga,1.5,-7.769125
2024-11-17 15:05:00,585,Sivaganga,2.5,-7.959571428571428
2024-11-17 15:10:00,585,Sivaganga,5.5,-7.959571428571428
2024-11-17 15:15:00,585,Sivaganga,6.0,-7.959571428571428
2024-11-17 15:20:00,585,Sivaganga,6.5,-7.959571428571428
2024-11-17 15:25:00,585,Sivaganga,6.5,-7.959571428571428
2024-11-17 15:30:00,585,Sivaganga,6.5,-7.959571428571428
2024-11-17 15:40:00,585,Sivaganga,7.5,-7.959571428571428
2024-11-17 15:45:00,585,Sivaganga,8.0,-7.959571428571428
2024-11-17 15:50:00,585,Sivaganga,8.0,-7.959571428571428
2024-11-17 15:55:00,585,Sivaganga,8.0,-7.959571428571428
2024-11-17 16:00:00,585,Sivaganga,4.25,-7.959571428571428
2024-11-17 17:00:00,585,Sivaganga,0.5,-7.959571428571428
2024-11-17 20:00:00,585,Sivaganga,0.75,-7.959571428571428
2024-11-17 21:00:00,585,Sivaganga,0.5,-7.959571428571428
2024-11-18 06:00:00,585,Sivaganga,2.75,-7.2935
2024-11-18 07:00:00,585,Sivaganga,0.5,-7.2935
2024-11-18 07:20:00,585,Sivaganga,0.5,-7.2935
2024-11-18 07:25:00,585,Sivaganga,0.5,-7.2935
2024-11-18 07:30:00,585,Sivaganga,1.0,-7.2935
2024-11-18 07:35:00,585,Sivaganga,1.0,-7.2935
2024-11-18 07:40:00,585,Sivaganga,1.5,-7.2935
2024-11-18 07:45:00,585,Sivaganga,1.5,-7.2935
2024-11-18 07:50:00,585,Sivaganga,1.5,-7.2935
2024-11-18 07:55:00,585,Sivaganga,1.5,-7.2935
2024-11-18 08:00:00,585,Sivaganga,1.75,-7.2935
2024-11-18 14:00:00,585,Sivaganga,0.5,-7.432625
2024-11-18 15:00:00,585,Sivaganga,1.25,-7.432625
2024-11-18 15:05:00,585,Sivaganga,3.0,-6.989555555555556
2024-11-18 15:10:00,585,Sivaganga,6.0,-6.989555555555556
2024-11-18 15:15:00,585,Sivaganga,7.0,-6.989555555555556
2024-11-18 15:20:00,585,Sivaganga,7.0,-6.989555555555556
2024-11-18 15:25:00,585,Sivaganga,7.0,-6.989555555555556
2024-11-18 15:30:00,585,Sivaganga,7.0,-6.989555555555556
2024-11-18 15:35:00,585,Sivaganga,7.0,-6.989555555555556
2024-11-18 15:40:00,585,Sivaganga,7.0,-6.989555555555556
2024-11-18 15:45:00,585,Sivaganga,7.0,-6.989555555555556
2024-11-18 15:50:00,585,Sivaganga,7.0,-6.989555555555556
2024-11-18 15:55:00,585,Sivaganga,7.0,-6.989555555555556
2024-11-18 16:00:00,585,Sivaganga,7.0,-6.989555555555556
2024-11-18 19:00:00,585,Sivaganga,0.5,-6.989555555555556
2024-11-18 20:00:00,585,Sivaganga,3.25,-6.989555555555556
2024-11-18 21:00:00,585,Sivaganga,1.0,-6.989555555555556
2024-11-18 22:00:00,585,Sivaganga,0.5,-6.819555555555556
2024-11-18 23:25:00,585,Sivaganga,0.5,-6.819555555555556
2024-11-18 23:30:00,585,Sivaganga,0.5,-6.819555555555556
2024-11-18 23:35:00,585,Sivaganga,0.5,-6.819555555555556
2024-11-18 23:40:00,585,Sivaganga,0.5,-6.819555555555556
2024-11-18 23:45:00,585,Sivaganga,0.5,-6.819555555555556
2024-11-18 23:50:00,585,Sivaganga,0.5,-6.819555555555556
2024-11-18 23:55:00,585,Sivaganga,0.5,-6.819555555555556
2024-11-19 00:00:00,585,Sivaganga,0.5,-6.819555555555556
2024-11-19 00:15:00,585,Sivaganga,0.5,-6.819555555555556
2024-11-19 00:20:00,585,Sivaganga,0.5,-6.819555555555556
2024-11-19 00:25:00,585,Sivaganga,0.5,-6.819555555555556
2024-11-19 00:30:00,585,Sivaganga,0.5,-6.819555555555556
2024-11-19 00:35:00,585,Sivaganga,0.5,-6.819555555555556
2024-11-19 00:40:00,585,Sivaganga,0.5,-6.819555555555556
2024-11-19 00:45:00,585,Sivaganga,0.5,-6.819555555555556
2024-11-19 00:50:00,585,Sivaganga,0.5,-6.819555555555556
2024-11-19 00:55:00,585,Sivaganga,0.5,-6.819555555555556
2024-11-19 01:00:00,585,Sivaganga,0.5,-6.819555555555556
2024-11-19 01:15:00,585,Sivaganga,0.5,-6.819555555555556
2024-11-19 01:20:00,585,Sivaganga,0.5,-6.819555555555556
2024-11-19 01:25:00,585,Sivaganga,0.5,-6.819555555555556
2024-11-19 01:30:00,585,Sivaganga,0.5,-6.819555555555556
2024-11-19 01:35:00,585,Sivaganga,0.5,-6.819555555555556
2024-11-19 01:40:00,585,Sivaganga,0.5,-6.819555555555556
2024-11-19 01:45:00,585,Sivaganga,0.5,-6.819555555555556
2024-11-19 01:50:00,585,Sivaganga,0.5,-6.819555555555556
2024-11-19 01:55:00,585,Sivaganga,0.5,-6.819555555555556
2024-11-19 02:00:00,585,Sivaganga,0.5,-6.819555555555556
2024-11-19 05:00:00,585,Sivaganga,0.5,-6.905222222222223
2024-11-19 05:25:00,585,Sivaganga,0.5,-6.905222222222223
2024-11-19 05:30:00,585,Sivaganga,0.5,-6.905222222222223
2024-11-19 05:35:00,585,Sivaganga,0.5,-6.905222222222223
2024-11-19 05:40:00,585,Sivaganga,0.5,-6.905222222222223
2024-11-19 05:45:00,585,Sivaganga,0.5,-6.905222222222223
2024-11-19 05:50:00,585,Sivaganga,0.5,-6.905222222222223
2024-11-19 05:55:00,585,Sivaganga,0.5,-6.905222222222223
2024-11-19 06:00:00,585,Sivaganga,0.75,-6.905222222222223
2024-11-19 06:25:00,585,Sivaganga,0.5,-6.905222222222223
2024-11-19 06:30:00,585,Sivaganga,0.5,-6.905222222222223
2024-11-19 06:35:00,585,Sivaganga,0.5,-6.905222222222223
2024-11-19 06:40:00,585,Sivaganga,1.0,-6.905222222222223
2024-11-19 06:45:00,585,Sivaganga,1.0,-6.905222222222223
2024-11-19 06:50:00,585,Sivaganga,1.0,-6.905222222222223
2024-11-19 06:55:00,585,Sivaganga,1.5,-6.905222222222223
2024-11-19 07:00:00,585,Sivaganga,1.3333333333333333,-6.905222222222223
2024-11-19 07:05:00,585,Sivaganga,0.5,-6.905222222222223
2024-11-19 07:15:00,585,Sivaganga,0.5,-6.905222222222223
2024-11-19 07:20:00,585,Sivaganga,0.5,-6.905222222222223
2024-11-19 07:25:00,585,Sivaganga,1.0,-6.905222222222223
2024-11-19 07:30:00,585,Sivaganga,1.0,-6.905222222222223
2024-11-19 07:35:00,585,Sivaganga,1.0,-6.905222222222223
2024-11-19 07:40:00,585,Sivaganga,1.5,-6.905222222222223
2024-11-19 07:45:00,585,Sivaganga,2.0,-6.905222222222223
2024-11-19 07:55:00,585,Sivaganga,2.5,-6.905222222222223
2024-11-19 08:00:00,585,Sivaganga,1.75,-6.905222222222223
2024-11-19 08:10:00,585,Sivaganga,0.5,-6.905222222222223
2024-11-19 08:15:00,585,Sivaganga,0.5,-6.905222222222223
2024-11-19 08:25:00,585,Sivaganga,1.0,-6.905222222222223
2024-11-19 08:30:00,585,Sivaganga,1.0,-6.905222222222223
2024-11-19 08:35:00,585,Sivaganga,1.0,-6.905222222222223
2024-11-19 08:40:00,585,Sivaganga,1.5,-6.905222222222223
2024-11-19 08:45:00,585,Sivaganga,1.5,-6.905222222222223
2024-11-19 08:50:00,585,Sivaganga,1.5,-6.905222222222223
2024-11-19 08:55:00,585,Sivaganga,2.0,-6.905222222222223
2024-11-19 09:00:00,585,Sivaganga,2.0,-6.905222222222223
2024-11-19 09:05:00,585,Sivaganga,0.5,-6.772222222222222
2024-11-19 09:10:00,585,Sivaganga,0.5,-6.772222222222222
2024-11-19 09:15:00,585,Sivaganga,0.5,-6.772222222222222
2024-11-19 09:20:00,585,Sivaganga,1.0,-6.772222222222222
2024-11-19 09:25:00,585,Sivaganga,1.0,-6.772222222222222
2024-11-19 09:40:00,585,Sivaganga,1.0,-6.772222222222222
2024-11-19 09:45:00,585,Sivaganga,1.0,-6.772222222222222
2024-11-19 09:50:00,585,Sivaganga,1.0,-6.772222222222222
2024-11-19 09:55:00,585,Sivaganga,1.0,-6.772222222222222
2024-11-19 10:00:00,585,Sivaganga,1.0,-6.772222222222222
2024-11-20 00:00:00,585,Sivaganga,0.5,-6.746888888888888
2024-11-20 01:00:00,585,Sivaganga,0.5,-6.746888888888888
2024-11-20 01:10:00,585,Sivaganga,1.0,-6.746888888888888
2024-11-20 01:15:00,585,Sivaganga,1.5,-6.746888888888888
2024-11-20 01:20:00,585,Sivaganga,2.0,-6.746888888888888
2024-11-20 01:25:00,585,Sivaganga,2.5,-6.746888888888888
2024-11-20 01:30:00,585,Sivaganga,2.5,-6.746888888888888
2024-11-20 01:35:00,585,Sivaganga,3.0,-6.746888888888888
2024-11-20 01:40:00,585,Sivaganga,3.0,-6.746888888888888
2024-11-20 01:45:00,585,Sivaganga,3.0,-6.746888888888888
2024-11-20 01:50:00,585,Sivaganga,3.0,-6.746888888888888
2024-11-20 01:55:00,585,Sivaganga,3.0,-6.746888888888888
2024-11-20 02:00:00,585,Sivaganga,1.75,-6.746888888888888
2024-11-20 04:00:00,585,Sivaganga,1.75,-6.704666666666666
2024-11-20 04:15:00,585,Sivaganga,0.5,-6.704666666666666
2024-11-20 04:20:00,585,Sivaganga,0.5,-6.704666666666666
2024-11-20 04:25:00,585,Sivaganga,0.5,-6.704666666666666
2024-11-20 04:30:00,585,Sivaganga,1.0,-6.704666666666666
2024-11-20 04:35:00,585,Sivaganga,1.0,-6.704666666666666
2024-11-20 04:40:00,585,Sivaganga,1.0,-6.704666666666666
2024-11-20 04:45:00,585,Sivaganga,1.5,-6.704666666666666
2024-11-20 04:50:00,585,Sivaganga,1.5,-6.704666666666666
2024-11-20 04:55:00,585,Sivaganga,1.5,-6.704666666666666
2024-11-20 05:00:00,585,Sivaganga,1.25,-6.704666666666666
2024-11-20 05:25:00,585,Sivaganga,0.5,-6.704666666666666
2024-11-20 05:30:00,585,Sivaganga,0.5,-6.704666666666666
2024-11-20 05:35:00,585,Sivaganga,0.5,-6.704666666666666
2024-11-20 05:40:00,585,Sivaganga,0.5,-6.704666666666666
2024-11-20 05:45:00,585,Sivaganga,0.5,-6.704666666666666
2024-11-20 05:50:00,585,Sivaganga,0.5,-6.704666666666666
2024-11-20 05:55:00,585,Sivaganga,0.5,-6.704666666666666
2024-11-20 06:00:00,585,Sivaganga,0.5,-6.704666666666666
2024-11-20 07:00:00,585,Sivaganga,0.5,-6.704666666666666
2024-11-20 07:40:00,585,Sivaganga,0.5,-6.704666666666666
2024-11-20 07:45:00,585,Sivaganga,0.5,-6.704666666666666
2024-11-20 07:50:00,585,Sivaganga,0.5,-6.704666666666666
2024-11-20 07:55:00,585,Sivaganga,0.5,-6.704666666666666
2024-11-20 08:00:00,585,Sivaganga,0.5,-6.704666666666666
2024-11-20 08:35:00,585,Sivaganga,0.5,-6.704666666666666
2024-11-20 08:40:00,585,Sivaganga,0.5,-6.704666666666666
2024-11-20 08:45:00,585,Sivaganga,0.5,-6.704666666666666
2024-11-20 08:50:00,585,Sivaganga,0.5,-6.704666666666666
2024-11-20 08:55:00,585,Sivaganga,0.5,-6.704666666666666
2024-11-20 09:00:00,585,Sivaganga,0.5,-6.704666666666666
2024-11-20 10:15:00,585,Sivaganga,0.5,-6.881777777777778
2024-11-20 10:20:00,585,Sivaganga,1.0,-6.881777777777778
2024-11-20 10:25:00,585,Sivaganga,1.0,-6.881777777777778
2024-11-20 10:30:00,585,Sivaganga,1.5,-6.881777777777778
2024-11-20 10:35:00,585,Sivaganga,2.0,-6.881777777777778
2024-11-20 10:40:00,585,Sivaganga,2.0,-6.881777777777778
2024-11-20 10:45:00,585,Sivaganga,2.5,-6.881777777777778
2024-11-20 10:50:00,585,Sivaganga,2.5,-6.881777777777778
2024-11-20 11:00:00,585,Sivaganga,2.5,-6.881777777777778
2024-11-20 11:10:00,585,Sivaganga,0.5,-6.881777777777778
2024-11-20 11:15:00,585,Sivaganga,0.5,-6.881777777777778
2024-11-20 11:20:00,585,Sivaganga,0.5,-6.881777777777778
2024-11-20 11:25:00,585,Sivaganga,0.5,-6.881777777777778
2024-11-20 11:30:00,585,Sivaganga,0.5,-6.881777777777778
2024-11-20 11:35:00,585,Sivaganga,0.5,-6.881777777777778
2024-11-20 11:40:00,585,Sivaganga,0.5,-6.881777777777778
2024-11-20 11:45:00,585,Sivaganga,0.5,-6.881777777777778
2024-11-20 11:50:00,585,Sivaganga,0.5,-6.881777777777778
2024-11-20 11:55:00,585,Sivaganga,0.5,-6.881777777777778
2024-11-20 12:00:00,585,Sivaganga,1.1666666666666667,-6.881777777777778
2024-11-20 12:25:00,585,Sivaganga,0.5,-6.881777777777778
2024-11-20 12:30:00,585,Sivaganga,0.5,-6.881777777777778
2024-11-20 12:35:00,585,Sivaganga,0.5,-6.881777777777778
2024-11-20 12:40:00,585,Sivaganga,0.5,-6.881777777777778
2024-11-20 12:45:00,585,Sivaganga,0.5,-6.881777777777778
2024-11-20 12:50:00,585,Sivaganga,0.5,-6.881777777777778
2024-11-20 12:55:00,585,Sivaganga,0.5,-6.881777777777778
2024-11-20 13:00:00,585,Sivaganga,1.5,-6.881777777777778
2024-11-20 13:10:00,585,Sivaganga,0.5,-6.881777777777778
2024-11-20 13:15:00,585,Sivaganga,0.5,-6.881777777777778
2024-11-20 13:20:00,585,Sivaganga,0.5,-6.881777777777778
2024-11-20 13:25:00,585,Sivaganga,0.5,-6.881777777777778
2024-11-20 13:30:00,585,Sivaganga,0.5,-6.881777777777778
2024-11-20 13:35:00,585,Sivaganga,0.5,-6.881777777777778
2024-11-20 13:40:00,585,Sivaganga,0.5,-6.881777777777778
2024-11-20 13:45:00,585,Sivaganga,0.5,-6.881777777777778
2024-11-20 13:50:00,585,Sivaganga,0.5,-6.881777777777778
2024-11-20 13:55:00,585,Sivaganga,0.5,-6.881777777777778
2024-11-20 14:00:00,585,Sivaganga,1.0,-6.881777777777778
2024-11-20 15:00:00,585,Sivaganga,0.5,-6.881777777777778
2024-11-20 16:00:00,585,Sivaganga,0.5,-6.723555555555556
2024-11-20 16:10:00,585,Sivaganga,0.5,-6.723555555555556
2024-11-20 16:15:00,585,Sivaganga,0.5,-6.723555555555556
2024-11-20 16:20:00,585,Sivaganga,0.5,-6.723555555555556
2024-11-20 16:25:00,585,Sivaganga,0.5,-6.723555555555556
2024-11-20 16:30:00,585,Sivaganga,0.5,-6.723555555555556
2024-11-20 16:35:00,585,Sivaganga,0.5,-6.723555555555556
2024-11-20 16:40:00,585,Sivaganga,0.5,-6.723555555555556
2024-11-20 16:45:00,585,Sivaganga,0.5,-6.723555555555556
2024-11-20 16:50:00,585,Sivaganga,0.5,-6.723555555555556
2024-11-20 16:55:00,585,Sivaganga,0.5,-6.723555555555556
2024-11-20 17:00:00,585,Sivaganga,0.5,-6.723555555555556
2024-11-21 05:00:00,585,Sivaganga,1.0,-7.32975
2024-11-21 06:00:00,585,Sivaganga,0.75,-7.32975
2024-11-21 06:15:00,585,Sivaganga,0.5,-7.32975
2024-11-21 06:20:00,585,Sivaganga,0.5,-7.32975
2024-11-21 06:25:00,585,Sivaganga,0.5,-7.32975
2024-11-21 06:30:00,585,Sivaganga,0.5,-7.32975
2024-11-21 06:35:00,585,Sivaganga,0.5,-7.32975
2024-11-21 06:40:00,585,Sivaganga,0.5,-7.32975
2024-11-21 06:45:00,585,Sivaganga,0.5,-7.32975
2024-11-21 06:50:00,585,Sivaganga,0.5,-7.32975
2024-11-21 06:55:00,585,Sivaganga,0.5,-7.32975
2024-11-21 07:00:00,585,Sivaganga,0.5,-7.32975
2024-11-21 08:00:00,585,Sivaganga,0.5,-7.32975
2024-11-21 09:00:00,585,Sivaganga,4.5,-7.32975
2024-11-21 10:00:00,585,Sivaganga,2.0,-7.473625
2024-11-26 12:00:00,585,Sivaganga,2.25,-6.714125
2024-11-26 13:00:00,585,Sivaganga,2.1666666666666665,-6.714125
2024-11-26 14:00:00,585,Sivaganga,0.75,-6.714125
2024-11-26 15:00:00,585,Sivaganga,3.75,-6.714125
2024-11-26 16:00:00,585,Sivaganga,0.75,-6.571375
2024-11-26 17:00:00,585,Sivaganga,2.25,-6.571375
2024-11-26 18:00:00,585,Sivaganga,0.5,-6.571375
2024-11-26 19:00:00,585,Sivaganga,0.5,-6.571375
2024-11-26 20:00:00,585,Sivaganga,1.5,-6.571375
2024-11-26 21:00:00,585,Sivaganga,1.25,-6.571375
2024-11-26 23:00:00,585,Sivaganga,0.5,-6.5425
2024-11-27 00:00:00,585,Sivaganga,0.75,-6.5425
2024-11-27 01:00:00,585,Sivaganga,1.0,-6.5425
2024-11-27 02:00:00,585,Sivaganga,0.5,-6.5425
2024-11-27 03:00:00,585,Sivaganga,0.5,-6.5425
2024-11-27 04:00:00,585,Sivaganga,3.5,-6.649375
2024-11-27 05:00:00,585,Sivaganga,0.5,-6.649375
2024-11-27 07:00:00,585,Sivaganga,0.5,-6.649375
2024-11-27 08:00:00,585,Sivaganga,2.25,-6.649375
2024-11-27 09:00:00,585,Sivaganga,1.0,-6.649375
2024-11-27 11:00:00,585,Sivaganga,1.0,-6.681125
2024-11-27 11:20:00,585,Sivaganga,0.5,-6.681125
2024-11-27 11:25:00,585,Sivaganga,0.5,-6.681125
2024-11-27 11:30:00,585,Sivaganga,0.5,-6.681125
2024-11-27 11:35:00,585,Sivaganga,0.5,-6.681125
2024-11-27 11:40:00,585,Sivaganga,0.5,-6.681125
2024-11-27 11:45:00,585,Sivaganga,0.5,-6.681125
2024-11-27 11:50:00,585,Sivaganga,0.5,-6.681125
2024-11-27 11:55:00,585,Sivaganga,0.5,-6.681125
2024-11-27 12:00:00,585,Sivaganga,1.5,-6.681125
2024-11-27 12:15:00,585,Sivaganga,0.5,-6.681125
2024-11-27 12:20:00,585,Sivaganga,0.5,-6.681125
2024-11-27 12:25:00,585,Sivaganga,0.5,-6.681125
2024-11-27 12:30:00,585,Sivaganga,0.5,-6.681125
2024-11-27 12:35:00,585,Sivaganga,1.0,-6.681125
2024-11-27 12:40:00,585,Sivaganga,1.0,-6.681125
2024-11-27 12:45:00,585,Sivaganga,1.0,-6.681125
2024-11-27 12:50:00,585,Sivaganga,1.0,-6.681125
2024-11-27 12:55:00,585,Sivaganga,1.0,-6.681125
2024-11-27 13:00:00,585,Sivaganga,0.75,-6.681125
2024-11-27 14:00:00,585,Sivaganga,1.0,-6.681125
2024-11-29 11:00:00,585,Sivaganga,2.0,-6.6625
2024-11-29 23:00:00,585,Sivaganga,0.5,-7.185142857142857
2024-11-30 00:00:00,585,Sivaganga,1.0,-7.185142857142857
2024-12-01 15:00:00,585,Sivaganga,0.75,-7.911285714285714
2024-12-02 18:00:00,585,Sivaganga,3.5,-6.497333333333334
2024-12-02 22:00:00,585,Sivaganga,0.5,-6.515777777777778
2024-12-05 04:00:00,585,Sivaganga,0.5,-6.441111111111111
2024-12-11 12:00:00,585,Sivaganga,1.0,-7.344428571428572
2024-12-11 13:00:00,585,Sivaganga,0.75,-7.344428571428572
2024-12-11 14:00:00,585,Sivaganga,1.0,-7.344428571428572
2024-12-11 16:00:00,585,Sivaganga,0.5,-7.260714285714286
2024-12-11 17:00:00,585,Sivaganga,1.25,-7.260714285714286
2024-12-11 22:00:00,585,Sivaganga,0.5,-7.286142857142857
2024-12-11 23:00:00,585,Sivaganga,0.5,-7.286142857142857
2024-12-12 02:00:00,585,Sivaganga,0.5,-7.286142857142857
2024-12-12 03:00:00,585,Sivaganga,2.0,-7.286142857142857
2024-12-12 04:00:00,585,Sivaganga,11.75,-6.63425
2024-12-12 05:00:00,585,Sivaganga,4.0,-6.63425
2024-12-12 06:00:00,585,Sivaganga,3.75,-6.63425
2024-12-12 07:00:00,585,Sivaganga,5.5,-6.63425
2024-12-12 08:00:00,585,Sivaganga,2.25,-6.63425
2024-12-12 09:00:00,585,Sivaganga,5.75,-6.63425
2024-12-12 10:00:00,585,Sivaganga,6.75,-6.626
2024-12-12 11:00:00,585,Sivaganga,1.6666666666666667,-6.626
2024-12-12 12:00:00,585,Sivaganga,0.5,-6.626
2024-12-12 13:00:00,585,Sivaganga,4.5,-6.626
2024-12-12 14:00:00,585,Sivaganga,0.75,-6.626
2024-12-12 15:00:00,585,Sivaganga,1.8333333333333333,-6.626
2024-12-12 16:00:00,585,Sivaganga,1.5,-6.610625
2024-12-12 19:00:00,585,Sivaganga,0.5,-6.610625
2024-12-12 23:00:00,585,Sivaganga,3.5,-6.5195
2024-12-13 00:00:00,585,Sivaganga,0.5,-6.5195
2024-12-13 02:00:00,585,Sivaganga,0.5,-6.5195
2024-12-13 03:00:00,585,Sivaganga,1.0,-6.5195
2024-12-13 04:00:00,585,Sivaganga,24.5,-6.419375
2024-12-13 05:00:00,585,Sivaganga,26.25,-6.419375
2024-12-13 06:00:00,585,Sivaganga,7.75,-6.419375
2024-12-13 07:00:00,585,Sivaganga,0.5,-6.419375
2024-12-13 08:00:00,585,Sivaganga,1.75,-6.419375
2024-12-13 09:00:00,585,Sivaganga,0.6666666666666666,-6.419375
2024-12-13 10:00:00,585,Sivaganga,0.5,-6.36675
2024-12-13 11:00:00,585,Sivaganga,1.0,-6.36675
2024-12-13 16:00:00,585,Sivaganga,1.0,-6.2885
2024-12-13 20:00:00,585,Sivaganga,1.5,-6.2885
2024-12-13 21:00:00,585,Sivaganga,1.0,-6.2885
2024-12-14 03:00:00,585,Sivaganga,22.0,-6.207750000000001
2024-12-14 04:00:00,585,Sivaganga,7.0,-6.132875
2024-12-14 05:00:00,585,Sivaganga,2.0,-6.132875
2024-12-14 06:00:00,585,Sivaganga,2.5,-6.132875
2024-12-14 07:00:00,585,Sivaganga,1.0,-6.132875
2024-12-14 08:00:00,585,Sivaganga,1.0,-6.132875
2024-12-14 09:00:00,585,Sivaganga,1.0,-6.132875
2024-12-14 11:00:00,585,Sivaganga,3.0,-6.10175
2024-12-14 12:00:00,585,Sivaganga,3.25,-6.10175
2024-12-14 13:00:00,585,Sivaganga,4.0,-6.10175
2024-12-18 11:30:00,585,Sivaganga,1.5,-6.6201428571428576
2024-12-18 11:35:00,585,Sivaganga,1.5,-6.6201428571428576
2024-12-18 11:40:00,585,Sivaganga,1.5,-6.6201428571428576
2024-12-18 11:45:00,585,Sivaganga,1.5,-6.6201428571428576
2024-12-18 11:50:00,585,Sivaganga,1.5,-6.6201428571428576
2024-12-18 11:55:00,585,Sivaganga,1.5,-6.6201428571428576
2024-12-18 12:00:00,585,Sivaganga,1.5,-6.6201428571428576
2024-12-20 18:00:00,585,Sivaganga,3.5,-5.9475
2024-12-20 19:00:00,585,Sivaganga,3.0,-5.9475
2024-12-20 19:30:00,585,Sivaganga,15.0,-5.9475
2024-12-20 20:00:00,585,Sivaganga,15.0,-5.9475
2024-12-27 15:00:00,585,Sivaganga,0.5,-5.595888888888889
2024-12-27 15:30:00,585,Sivaganga,4.5,-5.531
2024-12-27 16:00:00,585,Sivaganga,13.75,-5.531
2024-12-27 18:00:00,585,Sivaganga,0.5,-5.531
2024-12-27 19:00:00,585,Sivaganga,0.5,-5.531
2024-12-27 21:30:00,585,Sivaganga,0.5,-5.529
2024-12-27 22:00:00,585,Sivaganga,0.5,-5.529
2024-12-29 18:00:00,585,Sivaganga,0.5,-5.543
2024-12-30 01:00:00,585,Sivaganga,0.5,-5.549666666666667
2024-12-30 14:00:00,585,Sivaganga,2.5,-5.567
2024-12-30 14:30:00,585,Sivaganga,1.5,-5.567
2024-12-30 15:00:00,585,Sivaganga,1.5,-5.567
2024-12-31 04:00:00,585,Sivaganga,0.5,-5.507111111111112
2024-12-31 05:00:00,585,Sivaganga,2.5,-5.507111111111112
2025-01-14 14:00:00,585,Sivaganga,0.5,-6.353375
2025-01-14 16:00:00,585,Sivaganga,2.25,-6.321875
2025-01-14 17:00:00,585,Sivaganga,7.0,-6.321875
2025-01-14 18:00:00,585,Sivaganga,0.5,-6.321875
2025-01-15 02:00:00,585,Sivaganga,0.5,-6.289625
2025-01-15 03:00:00,585,Sivaganga,0.5,-6.289625
2025-01-15 04:00:00,585,Sivaganga,0.5,-6.287875
2025-01-15 15:00:00,585,Sivaganga,0.5,-6.303
2025-01-15 16:00:00,585,Sivaganga,0.5,-6.300999999999999
2025-01-22 17:00:00,585,Sivaganga,1.0,-6.359125000000001
2025-02-01 16:00:00,585,Sivaganga,1.5,-6.48025
2025-02-25 17:00:00,585,Sivaganga,4.0,-6.506777777777778
2025-02-28 00:00:00,585,Sivaganga,2.5,-7.156499999999999
2025-02-28 03:00:00,585,Sivaganga,4.75,-7.156499999999999
2025-02-28 11:00:00,585,Sivaganga,0.5,-7.2295
2025-02-28 15:00:00,585,Sivaganga,1.0,-7.2295
2025-02-28 20:00:00,585,Sivaganga,3.0,-7.136375
2025-03-01 08:00:00,585,Sivaganga,2.5,-7.111875
2025-03-01 14:00:00,585,Sivaganga,1.0,-7.131625
2025-03-11 01:00:00,585,Sivaganga,0.5,-7.395124999999999
2025-03-11 02:00:00,585,Sivaganga,0.5,-7.395124999999999
2025-03-11 07:00:00,585,Sivaganga,0.75,-7.355625
2025-03-11 08:00:00,585,Sivaganga,0.5,-7.355625
2025-03-11 09:00:00,585,Sivaganga,1.0,-7.355625
2025-03-11 10:00:00,585,Sivaganga,0.5,-7.4095
2025-03-11 12:00:00,585,Sivaganga,4.5,-7.4095
2025-03-11 13:00:00,585,Sivaganga,0.5,-7.4095
2025-03-11 14:00:00,585,Sivaganga,1.0,-7.4095
2025-03-11 15:00:00,585,Sivaganga,0.5,-7.4095
2025-03-11 17:00:00,585,Sivaganga,2.0,-7.926428571428572
2025-03-11 18:00:00,585,Sivaganga,18.0,-7.926428571428572
2025-03-11 19:00:00,585,Sivaganga,2.75,-7.926428571428572
2025-03-11 20:00:00,585,Sivaganga,0.75,-7.926428571428572
2025-03-11 21:00:00,585,Sivaganga,0.75,-7.926428571428572
2025-03-12 11:00:00,585,Sivaganga,8.25,-7.35725
2025-03-12 12:00:00,585,Sivaganga,16.0,-7.35725
2025-03-21 12:30:00,585,Sivaganga,0.5,-7.35625
2025-03-21 13:00:00,585,Sivaganga,0.5,-7.35625
2025-03-22 14:00:00,585,Sivaganga,1.5,-7.34675
2025-04-01 15:00:00,585,Sivaganga,0.5,-7.2515
2025-04-01 15:30:00,585,Sivaganga,0.5,-7.24225
2025-04-01 16:00:00,585,Sivaganga,0.5,-7.24225
2025-04-03 03:00:00,585,Sivaganga,13.5,-7.015888888888889
2025-04-03 03:30:00,585,Sivaganga,19.5,-7.585749999999999
2025-04-03 04:00:00,585,Sivaganga,41.5,-7.585749999999999
2025-04-03 05:00:00,585,Sivaganga,2.0,-7.585749999999999
2025-04-03 06:00:00,585,Sivaganga,11.0,-7.585749999999999
2025-04-03 07:00:00,585,Sivaganga,1.0,-7.585749999999999
2025-04-03 08:00:00,585,Sivaganga,0.5,-7.585749999999999
2025-04-03 09:00:00,585,Sivaganga,0.5,-7.585749999999999
2025-04-07 02:00:00,585,Sivaganga,23.0,-7.2785
2025-04-07 03:00:00,585,Sivaganga,1.0,-7.2785
2025-04-12 01:00:00,585,Sivaganga,9.25,-9.91477777777778
2025-04-12 02:00:00,585,Sivaganga,18.5,-9.91477777777778
2025-04-12 03:00:00,585,Sivaganga,11.5,-9.91477777777778
2025-04-12 04:00:00,585,Sivaganga,6.0,-9.90877777777778
2025-04-12 05:00:00,585,Sivaganga,3.0,-9.90877777777778
2025-04-15 05:00:00,585,Sivaganga,1.0,-9.906777777777778
2025-04-16 11:40:00,585,Sivaganga,2.5,-7.112444444444445
2025-04-16 12:00:00,585,Sivaganga,2.5,-7.112444444444445
2025-04-16 12:30:00,585,Sivaganga,1.0,-7.112444444444445
2025-04-16 13:00:00,585,Sivaganga,1.0,-7.112444444444445
2025-05-04 18:00:00,585,Sivaganga,38.5,-6.881125
2025-05-04 19:00:00,585,Sivaganga,5.0,-6.881125
2025-05-04 23:00:00,585,Sivaganga,2.5,-6.885875
2025-05-06 19:00:00,585,Sivaganga,13.0,-9.824333333333334
2025-05-06 20:00:00,585,Sivaganga,0.5,-9.824333333333334
2025-05-06 21:00:00,585,Sivaganga,5.0,-9.824333333333334
2025-05-06 22:00:00,585,Sivaganga,1.0,-7.420333333333334
2025-05-07 17:00:00,585,Sivaganga,0.5,-10.12088888888889
2025-05-14 17:00:00,585,Sivaganga,9.5,-7.442666666666666
2025-05-14 18:00:00,585,Sivaganga,14.0,-7.442666666666666
2025-05-14 22:00:00,585,Sivaganga,1.0,-7.344222222222222
2025-05-15 18:00:00,585,Sivaganga,57.0,-6.159714285714286
2025-05-15 19:00:00,585,Sivaganga,26.5,-6.159714285714286
2025-05-15 20:00:00,585,Sivaganga,0.5,-6.159714285714286
2025-05-17 08:00:00,585,Sivaganga,0.5,-7.243444444444445
2025-05-17 10:00:00,585,Sivaganga,0.5,-7.2315555555555555
2025-05-18 00:00:00,585,Sivaganga,2.0,-7.217333333333333
2025-05-18 01:00:00,585,Sivaganga,1.5,-7.217333333333333
2025-05-18 03:00:00,585,Sivaganga,0.5,-7.217333333333333
2025-05-18 09:00:00,585,Sivaganga,0.5,-7.189888888888889
2025-05-18 19:00:00,585,Sivaganga,9.5,-7.173222222222222
2025-05-18 20:00:00,585,Sivaganga,19.25,-7.173222222222222
2025-05-18 21:00:00,585,Sivaganga,3.0,-7.173222222222222
2025-05-19 01:00:00,585,Sivaganga,0.5,-7.138222222222222
2025-05-19 20:00:00,585,Sivaganga,1.0,-7.111999999999999
2025-05-19 21:00:00,585,Sivaganga,0.5,-7.111999999999999
2025-05-26 10:00:00,585,Sivaganga,0.5,-7.158444444444445
2025-06-02 18:00:00,585,Sivaganga,12.0,-7.288333333333333
2025-06-02 19:00:00,585,Sivaganga,0.5,-7.288333333333333
2025-06-04 15:00:00,585,Sivaganga,1.0,-8.01825
2025-06-04 18:00:00,585,Sivaganga,1.0,-8.015625
2025-06-10 18:00:00,585,Sivaganga,12.0,-7.9115
2025-06-10 19:00:00,585,Sivaganga,1.5,-7.9115
2025-06-11 15:00:00,585,Sivaganga,42.5,-7.917375
2025-06-11 16:00:00,585,Sivaganga,12.0,-7.908374999999999
2025-06-19 19:00:00,585,Sivaganga,10.5,-7.274
2025-06-20 19:00:00,585,Sivaganga,0.5,-8.38475
2025-06-21 19:00:00,585,Sivaganga,2.5,-8.384875
2025-06-22 17:00:00,585,Sivaganga,0.75,-9.129571428571428
2025-06-22 20:00:00,585,Sivaganga,0.5,-9.129571428571428
2025-06-25 17:00:00,585,Sivaganga,3.0,-9.86
2025-07-10 18:00:00,585,Sivaganga,2.0,-10.302166666666666
2025-07-10 19:00:00,585,Sivaganga,9.0,-10.302166666666666
2025-07-11 17:00:00,585,Sivaganga,2.5,-10.316
2025-07-12 20:00:00,585,Sivaganga,0.5,-10.2346
2025-07-12 21:00:00,585,Sivaganga,0.5,-10.2346
2025-07-14 17:00:00,585,Sivaganga,2.0,-10.345333333333334
2025-07-14 18:00:00,585,Sivaganga,1.0,-10.345333333333334
2025-07-14 19:00:00,585,Sivaganga,5.0,-10.345333333333334
2025-07-14 20:00:00,585,Sivaganga,2.0,-10.345333333333334
2025-07-16 18:00:00,585,Sivaganga,7.5,-10.3738
2025-07-16 19:00:00,585,Sivaganga,2.0,-10.3738
2025-07-16 20:00:00,585,Sivaganga,0.5,-10.3738
2025-07-20 18:00:00,585,Sivaganga,0.5,-8.3662
2025-07-31 18:00:00,585,Sivaganga,1.0,-10.114999999999998
2025-08-01 17:00:00,585,Sivaganga,1.0,-10.147285714285712
2025-08-01 18:00:00,585,Sivaganga,0.5,-10.147285714285712
2025-08-01 19:00:00,585,Sivaganga,9.0,-10.147285714285712
2025-08-01 20:00:00,585,Sivaganga,9.25,-10.147285714285712
2025-08-01 21:00:00,585,Sivaganga,0.75,-10.147285714285712
2025-08-02 00:00:00,585,Sivaganga,0.5,-10.096428571428572
2025-08-02 18:00:00,585,Sivaganga,36.0,-9.997714285714284
2025-08-02 19:00:00,585,Sivaganga,4.833333333333333,-9.997714285714284
2025-08-02 20:00:00,585,Sivaganga,0.5,-9.997714285714284
2025-08-02 21:00:00,585,Sivaganga,0.5,-9.997714285714284
2025-08-02 22:00:00,585,Sivaganga,0.5,-9.929428571428572
2025-08-02 23:00:00,585,Sivaganga,1.25,-9.929428571428572
2025-08-03 23:00:00,585,Sivaganga,0.5,-9.868
2025-08-04 19:00:00,585,Sivaganga,5.5,-9.873857142857144
2025-08-04 20:00:00,585,Sivaganga,0.5,-9.873857142857144
2025-08-05 12:00:00,585,Sivaganga,4.0,-9.852285714285712
2025-08-05 18:00:00,585,Sivaganga,3.5,-9.820285714285715
2025-08-08 21:00:00,585,Sivaganga,12.5,-9.764
2025-08-08 22:00:00,585,Sivaganga,0.5,-9.77357142857143
2025-08-09 04:00:00,585,Sivaganga,0.5,-10.572666666666668
2025-08-10 17:00:00,585,Sivaganga,0.5,-9.726857142857142
2025-08-10 20:00:00,585,Sivaganga,1.0,-9.726857142857142
2025-08-10 21:00:00,585,Sivaganga,0.5,-9.726857142857142
2025-08-11 00:00:00,585,Sivaganga,3.0,-9.692285714285717
2025-08-11 08:00:00,585,Sivaganga,0.5,-9.675428571428572
2025-08-11 09:00:00,585,Sivaganga,0.5,-9.675428571428572
2025-08-13 17:00:00,585,Sivaganga,1.5,-10.721166666666669
2025-08-14 06:00:00,585,Sivaganga,0.5,-9.638
2025-08-14 17:00:00,585,Sivaganga,0.5,-9.756285714285712
2025-08-15 14:00:00,585,Sivaganga,0.5,-9.755714285714284
2025-08-15 15:00:00,585,Sivaganga,5.0,-9.755714285714284
2025-08-15 19:00:00,585,Sivaganga,0.75,-9.700285714285714
2025-08-22 11:20:00,585,Sivaganga,2.5,-9.894714285714286
2025-08-22 11:25:00,585,Sivaganga,2.5,-9.894714285714286
2025-08-22 12:00:00,585,Sivaganga,2.5,-9.894714285714286
2025-08-23 17:00:00,585,Sivaganga,9.25,-9.825857142857142
2025-08-23 18:00:00,585,Sivaganga,0.75,-9.825857142857142
2025-08-23 19:00:00,585,Sivaganga,0.5,-9.825857142857142
2025-09-04 21:00:00,585,Sivaganga,0.5,-10.276285714285716
2025-09-04 22:00:00,585,Sivaganga,0.5,-10.183857142857144
2025-09-05 17:00:00,585,Sivaganga,2.5,-10.183000000000002
2025-09-05 18:00:00,585,Sivaganga,7.0,-10.183000000000002
2025-09-05 19:00:00,585,Sivaganga,1.25,-10.183000000000002
2025-09-06 18:00:00,585,Sivaganga,16.0,-10.196714285714284
2025-09-06 19:00:00,585,Sivaganga,15.0,-10.196714285714284
2025-09-06 20:00:00,585,Sivaganga,0.75,-10.196714285714284
2025-09-06 21:00:00,585,Sivaganga,0.5,-10.196714285714284
2025-09-06 22:00:00,585,Sivaganga,0.5,-10.131
2025-09-08 00:00:00,585,Sivaganga,1.25,-10.126142857142856
2025-09-08 01:00:00,585,Sivaganga,0.5,-10.126142857142856
2025-09-08 02:00:00,585,Sivaganga,1.75,-10.126142857142856
2025-09-08 03:00:00,585,Sivaganga,0.5,-10.126142857142856
2025-09-09 02:00:00,585,Sivaganga,0.5,-10.140428571428572
2025-09-09 03:00:00,585,Sivaganga,0.5,-10.140428571428572
2025-09-11 16:00:00,585,Sivaganga,7.0,-9.510000000000002
2025-09-11 17:00:00,585,Sivaganga,53.0,-9.510000000000002
2025-09-11 18:00:00,585,Sivaganga,3.0,-9.510000000000002
2025-09-11 19:00:00,585,Sivaganga,0.6666666666666666,-9.510000000000002
2025-09-11 20:00:00,585,Sivaganga,0.5,-9.510000000000002
2025-09-12 00:00:00,585,Sivaganga,0.5,-9.429875
2025-09-14 00:00:00,585,Sivaganga,8.5,-8.292555555555555
2025-09-15 20:00:00,585,Sivaganga,20.0,-9.787875
2025-09-15 21:00:00,585,Sivaganga,14.166666666666666,-9.787875
2025-09-15 22:00:00,585,Sivaganga,0.75,-9.7535
2025-09-15 23:00:00,585,Sivaganga,0.5,-9.7535
2025-09-16 07:00:00,585,Sivaganga,0.5,-9.545857142857145
2025-09-16 19:00:00,585,Sivaganga,5.75,-9.579
2025-09-16 20:00:00,585,Sivaganga,0.5,-9.579
2025-09-16 23:00:00,585,Sivaganga,0.5,-9.754375
2025-09-17 21:00:00,585,Sivaganga,9.5,-9.79875
2025-09-17 22:00:00,585,Sivaganga,0.5,-9.75975
2025-09-17 23:00:00,585,Sivaganga,0.5,-9.75975
2025-09-18 17:00:00,585,Sivaganga,13.0,-9.7755
2025-09-18 18:00:00,585,Sivaganga,6.0,-9.7755
2025-09-20 23:00:00,585,Sivaganga,34.5,-9.247777777777776
2025-09-21 00:00:00,585,Sivaganga,7.25,-9.247777777777776
2025-09-21 01:00:00,585,Sivaganga,0.5,-9.247777777777776
2025-09-21 02:00:00,585,Sivaganga,0.5,-9.247777777777776
2025-09-24 18:00:00,585,Sivaganga,0.5,-9.73325
2025-09-25 16:00:00,585,Sivaganga,2.0,-9.692
2025-09-25 17:00:00,585,Sivaganga,9.25,-9.692
2025-09-25 18:00:00,585,Sivaganga,0.5,-9.692
2025-09-25 19:00:00,585,Sivaganga,0.8333333333333334,-9.692
2025-09-25 20:00:00,585,Sivaganga,0.5,-9.692
2025-09-25 21:00:00,585,Sivaganga,0.5,-9.692
2025-09-26 19:00:00,585,Sivaganga,6.0,-9.65625
2025-10-03 21:00:00,585,Sivaganga,1.5,-10.645142857142856
2025-10-03 23:00:00,585,Sivaganga,0.75,-9.82225
2025-10-04 00:00:00,585,Sivaganga,0.5,-9.82225
2025-10-05 15:00:00,585,Sivaganga,9.0,-7.954333333333333
2025-10-05 16:00:00,585,Sivaganga,12.0,-8.641
2025-10-05 17:00:00,585,Sivaganga,1.5,-8.641
2025-10-05 18:00:00,585,Sivaganga,0.5,-8.641
2025-10-05 19:00:00,585,Sivaganga,0.5,-8.641
2025-10-16 09:00:00,585,Sivaganga,0.5,-1.656
2025-10-16 10:00:00,585,Sivaganga,3.25,-1.656
2025-10-16 11:00:00,585,Sivaganga,2.5,-1.656
2025-10-18 01:00:00,585,Sivaganga,2.0,-1.656
2025-10-18 02:00:00,585,Sivaganga,7.75,-1.656
2025-10-18 03:00:00,585,Sivaganga,2.0,-1.656
2025-10-18 04:00:00,585,Sivaganga,0.75,-1.656
2025-10-18 05:00:00,585,Sivaganga,0.5,-1.656
2025-10-19 04:00:00,585,Sivaganga,0.5,-1.656
2025-10-19 07:00:00,585,Sivaganga,0.75,-1.656
2025-10-19 13:00:00,585,Sivaganga,0.5,-1.656
2025-10-20 02:00:00,585,Sivaganga,26.0,-1.656
2025-10-20 03:00:00,585,Sivaganga,7.0,-1.656
2025-10-20 04:00:00,585,Sivaganga,0.5,-1.656
2025-10-20 05:00:00,585,Sivaganga,0.5,-1.656
2025-10-20 06:00:00,585,Sivaganga,4.0,-1.656
2025-10-20 08:00:00,585,Sivaganga,0.5,-1.656
2025-10-20 13:00:00,585,Sivaganga,0.5,-1.656
2025-10-20 15:00:00,585,Sivaganga,0.5,-1.656
2025-10-21 07:00:00,585,Sivaganga,12.5,-1.656
2025-10-21 08:00:00,585,Sivaganga,7.0,-1.656
2025-10-21 09:00:00,585,Sivaganga,3.5,-1.656
2025-10-21 10:00:00,585,Sivaganga,2.333333333333333,-1.656
2025-10-21 11:00:00,585,Sivaganga,5.0,-1.656
2025-10-21 12:00:00,585,Sivaganga,1.25,-1.656
2025-10-21 14:00:00,585,Sivaganga,1.0,-1.656
2025-10-21 15:00:00,585,Sivaganga,6.75,-1.656
2025-10-21 16:00:00,585,Sivaganga,4.5,-1.656
2025-10-21 17:00:00,585,Sivaganga,4.25,-1.656
2025-10-21 18:00:00,585,Sivaganga,6.0,-1.656
2025-10-21 19:00:00,585,Sivaganga,3.0,-1.656
2025-10-21 20:00:00,585,Sivaganga,0.5,-1.656
2025-10-21 21:00:00,585,Sivaganga,0.75,-1.656
2025-10-21 22:00:00,585,Sivaganga,1.5,-1.656
2025-10-21 23:00:00,585,Sivaganga,5.0,-1.656
2025-10-22 01:00:00,585,Sivaganga,2.5,-1.656
2025-10-22 02:00:00,585,Sivaganga,29.5,-1.656
2025-10-22 03:00:00,585,Sivaganga,18.0,-1.656
2025-10-22 04:00:00,585,Sivaganga,7.0,-1.656
2025-10-22 05:00:00,585,Sivaganga,2.0,-1.656
2025-10-22 06:00:00,585,Sivaganga,2.0,-1.656
2025-10-22 07:00:00,585,Sivaganga,1.0,-1.656
2025-10-22 18:00:00,585,Sivaganga,1.0,-1.656
2025-10-22 19:00:00,585,Sivaganga,3.0,-1.656
2025-10-22 20:00:00,585,Sivaganga,1.5,-1.656
2025-10-23 17:00:00,585,Sivaganga,9.0,-1.636
2025-10-23 18:00:00,585,Sivaganga,1.5,-1.636
2025-10-23 19:00:00,585,Sivaganga,0.5,-1.636
2025-10-24 15:00:00,585,Sivaganga,0.5,-1.433
2025-10-24 16:00:00,585,Sivaganga,1.0,-1.356
2025-10-24 17:00:00,585,Sivaganga,7.0,-1.356
2025-10-24 18:00:00,585,Sivaganga,3.0,-1.356
2025-10-24 19:00:00,585,Sivaganga,2.0,-1.356
2025-11-05 20:00:00,585,Sivaganga,9.0,-1.465
2025-11-13 14:00:00,585,Sivaganga,2.5,-1.736
2025-11-17 20:00:00,585,Sivaganga,1.5,-1.848
2025-11-17 21:00:00,585,Sivaganga,1.0,-1.848
2025-11-18 00:00:00,585,Sivaganga,0.5,-1.822
2025-11-18 11:00:00,585,Sivaganga,0.5,-1.812
2025-11-18 13:00:00,585,Sivaganga,2.5,-1.812
2025-11-18 18:00:00,585,Sivaganga,1.5,-1.792
2025-11-21 16:00:00,585,Sivaganga,0.5,-9.032166666666669
2025-11-21 17:00:00,585,Sivaganga,0.5,-9.032166666666669
2025-11-21 19:00:00,585,Sivaganga,1.0,-9.032166666666669
2025-11-21 23:00:00,585,Sivaganga,0.5,-9.130142857142856
2025-11-22 00:00:00,585,Sivaganga,1.0,-9.130142857142856
2025-11-22 01:00:00,585,Sivaganga,3.0,-9.130142857142856
2025-11-22 02:00:00,585,Sivaganga,4.0,-9.130142857142856
2025-11-22 11:00:00,585,Sivaganga,0.5,-10.190666666666669
2025-11-22 12:00:00,585,Sivaganga,3.5,-10.190666666666669
2025-11-22 13:00:00,585,Sivaganga,0.5,-10.190666666666669
2025-11-22 17:00:00,585,Sivaganga,0.5,-10.144666666666666
2025-11-22 20:00:00,585,Sivaganga,0.5,-10.144666666666666
2025-11-23 14:00:00,585,Sivaganga,4.0,-6.7123333333333335
2025-11-23 16:00:00,585,Sivaganga,0.5,-6.660833333333333
2025-11-23 17:00:00,585,Sivaganga,10.0,-6.660833333333333
2025-11-23 18:00:00,585,Sivaganga,18.5,-6.660833333333333
2025-11-23 19:00:00,585,Sivaganga,26.0,-6.660833333333333
2025-11-23 20:00:00,585,Sivaganga,5.5,-6.660833333333333
2025-11-23 21:00:00,585,Sivaganga,3.5,-6.660833333333333
2025-11-23 22:00:00,585,Sivaganga,2.0,-6.549333333333333
2025-11-23 23:00:00,585,Sivaganga,5.0,-6.549333333333333
2025-11-24 00:00:00,585,Sivaganga,3.0,-6.549333333333333
2025-11-24 05:00:00,585,Sivaganga,0.5,-2.98825
2025-11-24 06:00:00,585,Sivaganga,4.0,-2.98825
2025-11-24 07:00:00,585,Sivaganga,3.5,-2.98825
2025-11-24 08:00:00,585,Sivaganga,1.0,-2.98825
2025-11-24 09:00:00,585,Sivaganga,0.5,-2.98825
2025-11-24 13:00:00,585,Sivaganga,0.5,-2.88875
2025-11-30 02:00:00,585,Sivaganga,2.0,-2.644
2025-11-30 03:00:00,585,Sivaganga,3.5,-2.644
2025-11-30 08:00:00,585,Sivaganga,0.5,-4.185666666666667
2025-12-03 02:00:00,585,Sivaganga,1.5,-5.7571666666666665
2025-12-05 16:00:00,585,Sivaganga,7.5,-5.436833333333333
2025-12-05 20:00:00,585,Sivaganga,0.5,-5.436833333333333
2025-12-09 13:00:00,585,Sivaganga,1.5,-3.205166666666667
2025-12-09 14:00:00,585,Sivaganga,0.5,-3.205166666666667
2025-12-09 18:00:00,585,Sivaganga,5.0,-3.205166666666667
2025-12-09 19:00:00,585,Sivaganga,3.0,-3.205166666666667
2025-12-10 08:00:00,585,Sivaganga,1.5,-0.797
2025-12-10 09:00:00,585,Sivaganga,2.0,-0.797
2025-12-16 19:00:00,585,Sivaganga,2.5,-6.478
2025-12-17 03:00:00,585,Sivaganga,1.0,-5.546333333333333
2025-12-17 04:00:00,585,Sivaganga,0.5,-3.5652
2025-12-17 05:00:00,585,Sivaganga,0.5,-3.5652
2025-12-17 07:00:00,585,Sivaganga,0.5,-3.5652
2026-01-10 06:00:00,585,Sivaganga,0.5,-5.563272727272727
2026-01-11 01:00:00,585,Sivaganga,8.5,-5.563272727272727
2026-01-11 02:00:00,585,Sivaganga,1.0,-5.563272727272727
2026-01-11 03:00:00,585,Sivaganga,1.5,-5.563272727272727
2026-01-11 04:00:00,585,Sivaganga,1.0,-4.566857142857143
2026-01-11 05:00:00,585,Sivaganga,1.0,-4.566857142857143
2026-01-11 06:00:00,585,Sivaganga,0.5,-4.566857142857143
2026-01-11 08:00:00,585,Sivaganga,0.5,-4.566857142857143
2026-01-12 18:00:00,585,Sivaganga,1.0,-4.6225
2026-01-12 19:00:00,585,Sivaganga,3.0,-4.6225
2026-01-12 20:00:00,585,Sivaganga,3.5,-4.6225
2026-01-13 05:00:00,585,Sivaganga,0.5,-5.7199375
2026-01-13 06:00:00,585,Sivaganga,2.0,-5.7199375
2026-01-13 08:00:00,585,Sivaganga,0.5,-5.7199375
2026-01-13 09:00:00,585,Sivaganga,0.5,-5.7199375
2026-01-13 13:00:00,585,Sivaganga,9.0,-5.7603125
2026-01-13 14:00:00,585,Sivaganga,10.5,-5.7603125
2026-01-13 15:00:00,585,Sivaganga,6.0,-5.7603125
2026-01-26 07:00:00,585,Sivaganga,0.5,-5.647166666666667
2026-01-26 17:00:00,585,Sivaganga,2.0,-5.679222222222222
2026-02-05 15:00:00,585,Sivaganga,0.5,-5.5979090909090905
2026-02-20 17:00:00,585,Sivaganga,1.5,-4.9065
2026-03-17 03:00:00,585,Sivaganga,2.0,-6.674875
2026-03-18 00:00:00,585,Sivaganga,2.5,-6.9267619047619045
2026-03-18 04:00:00,585,Sivaganga,1.5,-5.9056
2026-03-19 03:00:00,585,Sivaganga,3.0,-6.1625
2026-03-19 22:00:00,585,Sivaganga,1.0,-6.211526315789474
2026-03-20 00:00:00,585,Sivaganga,48.0,-6.211526315789474
2023-10-28 05:00:00,733,Tenkasi,1.0,-0.03
2023-10-28 17:00:00,733,Tenkasi,0.5,-0.03
2023-10-29 07:00:00,733,Tenkasi,9.5,-0.03
2023-10-29 12:00:00,733,Tenkasi,2.0,-0.03
2023-10-29 13:00:00,733,Tenkasi,4.0,-0.03
2023-10-29 16:00:00,733,Tenkasi,1.0,-0.03
2023-10-30 02:00:00,733,Tenkasi,1.0,-0.03
2023-10-30 04:00:00,733,Tenkasi,1.5,-0.03
2023-10-30 07:00:00,733,Tenkasi,0.5,-0.03
2023-10-30 11:00:00,733,Tenkasi,5.5,-0.03
2023-10-30 14:00:00,733,Tenkasi,6.5,-0.03
2023-10-30 15:00:00,733,Tenkasi,1.0,-0.03
2023-10-30 16:00:00,733,Tenkasi,1.0,-0.03
2023-10-30 20:00:00,733,Tenkasi,11.5,-0.03
2023-10-31 03:00:00,733,Tenkasi,0.5,-0.03
2023-10-31 16:00:00,733,Tenkasi,2.0,-0.03
2023-10-31 20:00:00,733,Tenkasi,2.0,-0.03
2023-10-31 21:00:00,733,Tenkasi,2.75,-0.03
2023-10-31 22:00:00,733,Tenkasi,0.5,-0.03
2023-10-31 23:00:00,733,Tenkasi,2.333333333333333,-0.03
2023-11-01 18:00:00,733,Tenkasi,0.5,-0.03
2023-11-01 21:00:00,733,Tenkasi,1.0,-0.03
2023-11-01 22:00:00,733,Tenkasi,8.5,-0.03
2023-11-01 23:00:00,733,Tenkasi,20.666666666666668,-0.03
2023-11-02 00:00:00,733,Tenkasi,3.333333333333333,-0.03
2023-11-02 01:00:00,733,Tenkasi,3.5,-0.03
2023-11-02 02:00:00,733,Tenkasi,0.5,-0.03
2023-11-02 03:00:00,733,Tenkasi,0.5,-0.03
2023-11-02 13:00:00,733,Tenkasi,0.5,-0.03
2023-11-02 20:00:00,733,Tenkasi,11.5,-0.03
2023-11-02 21:00:00,733,Tenkasi,2.0,-0.03
2023-11-02 22:00:00,733,Tenkasi,1.0,-0.03
2023-11-02 23:00:00,733,Tenkasi,1.0,-0.03
2023-11-03 00:00:00,733,Tenkasi,1.75,-0.03
2023-11-03 01:00:00,733,Tenkasi,2.75,-0.03
2023-11-03 03:00:00,733,Tenkasi,1.0,-0.03
2023-11-03 13:00:00,733,Tenkasi,3.0,-0.03
2023-11-03 14:00:00,733,Tenkasi,0.5,-0.03
2023-11-03 16:00:00,733,Tenkasi,13.75,-0.03
2023-11-03 17:00:00,733,Tenkasi,25.5,-0.03
2023-11-03 18:00:00,733,Tenkasi,23.0,-8.75
2023-11-03 19:00:00,733,Tenkasi,0.5,-8.75
2023-11-03 20:00:00,733,Tenkasi,1.0,-8.75
2023-11-03 21:00:00,733,Tenkasi,2.25,-8.75
2023-11-03 22:00:00,733,Tenkasi,1.75,-8.75
2023-11-03 23:00:00,733,Tenkasi,0.5,-8.75
2023-11-04 04:00:00,733,Tenkasi,0.5,-8.75
2023-11-04 12:00:00,733,Tenkasi,2.0,-8.75
2023-11-04 15:00:00,733,Tenkasi,1.0,-8.75
2023-11-04 16:00:00,733,Tenkasi,4.0,-8.75
2023-11-04 17:00:00,733,Tenkasi,1.0,-8.75
2023-11-05 18:00:00,733,Tenkasi,47.0,-8.59
2023-11-05 19:00:00,733,Tenkasi,7.5,-8.59
2023-11-05 20:00:00,733,Tenkasi,0.5,-8.59
2023-11-05 22:00:00,733,Tenkasi,2.5,-8.59
2023-11-05 23:00:00,733,Tenkasi,1.0,-8.59
2023-11-06 00:00:00,733,Tenkasi,0.5,-8.59
2023-11-06 18:00:00,733,Tenkasi,3.25,-8.59
2023-11-06 19:00:00,733,Tenkasi,14.0,-8.59
2023-11-06 20:00:00,733,Tenkasi,12.25,-8.59
2023-11-06 21:00:00,733,Tenkasi,2.25,-8.59
2023-11-06 22:00:00,733,Tenkasi,1.75,-8.59
2023-11-06 23:00:00,733,Tenkasi,0.75,-8.59
2023-11-07 00:00:00,733,Tenkasi,2.25,-8.59
2023-11-07 02:00:00,733,Tenkasi,1.75,-8.59
2023-11-07 03:00:00,733,Tenkasi,0.75,-8.59
2023-11-07 04:00:00,733,Tenkasi,0.5,-8.59
2023-11-07 22:00:00,733,Tenkasi,17.0,-5.48
2023-11-08 00:00:00,733,Tenkasi,1.0,-5.48
2023-11-08 19:00:00,733,Tenkasi,2.0,-5.58
2023-11-08 20:00:00,733,Tenkasi,2.0,-5.58
2023-11-08 21:00:00,733,Tenkasi,19.5,-5.58
2023-11-08 22:00:00,733,Tenkasi,1.5,-5.47
2023-11-09 00:00:00,733,Tenkasi,2.0,-5.47
2023-11-09 01:00:00,733,Tenkasi,1.5,-5.47
2023-11-09 02:00:00,733,Tenkasi,1.0,-5.47
2023-11-09 03:00:00,733,Tenkasi,0.75,-5.47
2023-11-09 04:00:00,733,Tenkasi,0.5,-5.425
2023-11-09 05:00:00,733,Tenkasi,0.5,-5.425
2023-11-09 06:00:00,733,Tenkasi,0.5,-5.425
2023-11-09 16:00:00,733,Tenkasi,5.0,-5.475
2023-11-09 17:00:00,733,Tenkasi,0.5,-5.475
2023-11-09 21:00:00,733,Tenkasi,3.0,-5.475
2023-11-09 22:00:00,733,Tenkasi,0.5,-5.425000000000001
2023-11-10 01:00:00,733,Tenkasi,2.0,-5.425000000000001
2023-11-10 04:00:00,733,Tenkasi,3.5,-5.385
2023-11-10 06:00:00,733,Tenkasi,12.0,-5.385
2023-11-10 07:00:00,733,Tenkasi,0.5,-5.385
2023-11-10 08:00:00,733,Tenkasi,1.5,-5.385
2023-11-10 11:00:00,733,Tenkasi,1.0,-5.565
2023-11-10 12:00:00,733,Tenkasi,2.0,-5.565
2023-11-10 14:00:00,733,Tenkasi,16.0,-5.565
2023-11-10 15:00:00,733,Tenkasi,6.5,-5.565
2023-11-11 14:00:00,733,Tenkasi,5.5,-5.43
2023-11-11 15:00:00,733,Tenkasi,4.5,-5.43
2023-11-11 16:00:00,733,Tenkasi,6.5,-5.405
2023-11-11 17:00:00,733,Tenkasi,8.25,-5.405
2023-11-11 18:00:00,733,Tenkasi,1.5,-5.405
2023-11-15 16:00:00,733,Tenkasi,2.0,-5.08
2023-11-15 17:00:00,733,Tenkasi,3.0,-5.08
2023-11-16 18:00:00,733,Tenkasi,0.5,-5.05
2023-11-16 21:00:00,733,Tenkasi,4.5,-5.05
2023-11-16 22:00:00,733,Tenkasi,1.0,-5.02
2023-11-16 23:00:00,733,Tenkasi,1.5,-5.02
2023-11-17 05:00:00,733,Tenkasi,0.5,-4.775
2023-11-17 08:00:00,733,Tenkasi,0.5,-4.775
2023-11-17 22:00:00,733,Tenkasi,1.0,-4.66
2023-11-17 23:00:00,733,Tenkasi,8.0,-4.66
2023-11-18 21:00:00,733,Tenkasi,0.5,-4.72
2023-11-19 00:00:00,733,Tenkasi,0.5,-4.565
2023-11-19 01:00:00,733,Tenkasi,0.5,-4.565
2023-11-19 02:00:00,733,Tenkasi,2.5,-4.565
2023-11-19 12:00:00,733,Tenkasi,2.0,-4.565
2023-11-19 13:00:00,733,Tenkasi,2.5,-4.565
2023-11-19 14:00:00,733,Tenkasi,4.0,-4.565
2023-11-19 15:00:00,733,Tenkasi,0.5,-4.565
2023-11-19 16:00:00,733,Tenkasi,0.5,-4.54
2023-11-21 18:00:00,733,Tenkasi,24.5,-5.025
2023-11-21 19:00:00,733,Tenkasi,28.0,-5.025
2023-11-21 20:00:00,733,Tenkasi,0.5,-5.025
2023-11-21 22:00:00,733,Tenkasi,2.0,-4.585
2023-11-21 23:00:00,733,Tenkasi,2.5,-4.585
2023-11-22 00:00:00,733,Tenkasi,4.5,-4.585
2023-11-22 01:00:00,733,Tenkasi,7.5,-4.585
2023-11-22 20:00:00,733,Tenkasi,0.5,-4.59
2023-11-22 22:00:00,733,Tenkasi,1.75,-4.484999999999999
2023-11-22 23:00:00,733,Tenkasi,4.25,-4.484999999999999
2023-11-23 00:00:00,733,Tenkasi,10.0,-4.484999999999999
2023-11-23 01:00:00,733,Tenkasi,5.75,-4.484999999999999
2023-11-23 02:00:00,733,Tenkasi,6.0,-4.484999999999999
2023-11-23 03:00:00,733,Tenkasi,2.75,-4.484999999999999
2023-11-23 04:00:00,733,Tenkasi,3.5,-4.375
2023-11-23 05:00:00,733,Tenkasi,1.0,-4.375
2023-11-23 06:00:00,733,Tenkasi,0.75,-4.375
2023-11-23 07:00:00,733,Tenkasi,0.5,-4.375
2023-11-24 19:00:00,733,Tenkasi,1.25,-4.405
2023-11-24 20:00:00,733,Tenkasi,4.5,-4.405
2023-11-25 14:00:00,733,Tenkasi,6.0,-4.44
2023-11-25 16:00:00,733,Tenkasi,0.5,-4.4
2023-11-25 20:00:00,733,Tenkasi,4.0,-4.4
2023-11-27 18:00:00,733,Tenkasi,9.0,-4.359999999999999
2023-11-27 19:00:00,733,Tenkasi,1.0,-4.359999999999999
2023-11-27 20:00:00,733,Tenkasi,0.5,-4.359999999999999
2023-11-28 11:00:00,733,Tenkasi,10.0,-4.58
2023-11-28 15:00:00,733,Tenkasi,238.5,-4.58
2023-11-28 16:00:00,733,Tenkasi,516.5,-4.355
2023-11-28 17:00:00,733,Tenkasi,1227.0,-4.355
2023-11-28 18:00:00,733,Tenkasi,618.0,-4.355
2023-11-29 13:00:00,733,Tenkasi,6.5,-4.4
2023-11-29 15:50:00,733,Tenkasi,4.0,-4.345
2023-11-29 15:55:00,733,Tenkasi,4.5,-4.345
2023-11-29 16:00:00,733,Tenkasi,4.5,-4.345
2023-11-30 01:00:00,733,Tenkasi,0.5,-4.315
2023-11-30 15:00:00,733,Tenkasi,22.5,-4.33
2023-11-30 16:00:00,733,Tenkasi,1.0,-4.35
2023-11-30 23:00:00,733,Tenkasi,1.5,-4.32
2023-12-01 22:00:00,733,Tenkasi,25.5,-4.33
2023-12-02 03:00:00,733,Tenkasi,1.0,-4.33
2023-12-02 18:00:00,733,Tenkasi,3.25,-4.255
2023-12-02 19:00:00,733,Tenkasi,0.5,-4.255
2023-12-02 21:00:00,733,Tenkasi,10.0,-4.255
2023-12-02 22:00:00,733,Tenkasi,4.5,-4.205
2023-12-02 23:00:00,733,Tenkasi,23.5,-4.205
2023-12-03 00:00:00,733,Tenkasi,12.5,-4.205
2023-12-03 20:00:00,733,Tenkasi,0.5,-4.234999999999999
2023-12-03 21:00:00,733,Tenkasi,0.5,-4.234999999999999
2023-12-07 17:00:00,733,Tenkasi,11.0,-3.885
2023-12-07 18:00:00,733,Tenkasi,18.5,-3.885
2023-12-07 22:00:00,733,Tenkasi,0.5,-3.885
2023-12-09 00:00:00,733,Tenkasi,3.5,-3.885
2023-12-09 02:00:00,733,Tenkasi,2.5,-3.885
2023-12-09 03:00:00,733,Tenkasi,2.0,-3.885
2023-12-09 04:00:00,733,Tenkasi,0.5,-3.885
2023-12-09 07:00:00,733,Tenkasi,2.0,-3.885
2023-12-09 08:00:00,733,Tenkasi,8.5,-3.885
2023-12-09 09:00:00,733,Tenkasi,3.0,-3.885
2023-12-09 10:00:00,733,Tenkasi,0.5,-3.885
2023-12-09 11:00:00,733,Tenkasi,1.0,-3.885
2023-12-09 12:00:00,733,Tenkasi,7.0,-3.885
2023-12-09 13:00:00,733,Tenkasi,1.5,-3.885
2023-12-09 14:00:00,733,Tenkasi,0.5,-3.885
2023-12-09 15:00:00,733,Tenkasi,2.0,-3.885
2023-12-09 19:00:00,733,Tenkasi,9.0,-3.885
2023-12-09 21:00:00,733,Tenkasi,1.0,-3.885
2023-12-09 22:00:00,733,Tenkasi,6.0,-3.885
2023-12-09 23:00:00,733,Tenkasi,1.0,-3.885
2023-12-10 00:00:00,733,Tenkasi,1.5,-3.885
2023-12-10 01:00:00,733,Tenkasi,11.0,-3.885
2023-12-10 02:00:00,733,Tenkasi,0.5,-3.885
2023-12-10 23:00:00,733,Tenkasi,4.0,-3.885
2023-12-11 00:00:00,733,Tenkasi,2.0,-3.885
2023-12-16 13:00:00,733,Tenkasi,0.5,-2.125
2023-12-16 17:00:00,733,Tenkasi,0.5,-2.125
2023-12-16 22:00:00,733,Tenkasi,0.5,-2.125
2023-12-17 00:00:00,733,Tenkasi,1.0,-2.125
2023-12-17 02:00:00,733,Tenkasi,1.5,-2.125
2023-12-17 04:00:00,733,Tenkasi,1.0,-2.125
2023-12-17 05:00:00,733,Tenkasi,0.5,-2.125
2023-12-17 06:00:00,733,Tenkasi,2.5,-2.125
2023-12-17 07:00:00,733,Tenkasi,3.0,-2.125
2023-12-17 08:00:00,733,Tenkasi,6.5,-2.125
2023-12-17 09:00:00,733,Tenkasi,3.5,-2.125
2023-12-17 10:00:00,733,Tenkasi,7.5,-2.125
2023-12-17 11:00:00,733,Tenkasi,7.5,-2.125
2023-12-17 12:00:00,733,Tenkasi,8.0,-2.125
2023-12-17 13:00:00,733,Tenkasi,9.0,-2.125
2023-12-17 14:00:00,733,Tenkasi,3.75,-2.125
2023-12-17 15:00:00,733,Tenkasi,11.0,-2.125
2023-12-17 16:00:00,733,Tenkasi,11.5,-2.125
2023-12-17 17:00:00,733,Tenkasi,19.0,-2.125
2023-12-17 18:00:00,733,Tenkasi,12.75,-2.125
2023-12-17 19:00:00,733,Tenkasi,10.75,-2.125
2023-12-17 20:00:00,733,Tenkasi,6.75,-2.125
2023-12-17 21:00:00,733,Tenkasi,14.0,-2.125
2023-12-17 22:00:00,733,Tenkasi,6.0,-2.125
2023-12-17 23:00:00,733,Tenkasi,9.5,-2.125
2023-12-18 00:00:00,733,Tenkasi,10.0,-2.125
2023-12-18 01:00:00,733,Tenkasi,17.5,-2.125
2023-12-18 02:00:00,733,Tenkasi,15.5,-2.125
2023-12-18 03:00:00,733,Tenkasi,13.5,-2.125
2023-12-18 04:00:00,733,Tenkasi,5.5,-2.125
2023-12-18 05:00:00,733,Tenkasi,2.5,-2.125
2023-12-18 06:00:00,733,Tenkasi,4.0,-2.125
2023-12-18 07:00:00,733,Tenkasi,3.5,-2.125
2023-12-18 08:00:00,733,Tenkasi,3.0,-2.125
2023-12-18 09:00:00,733,Tenkasi,4.5,-2.125
2023-12-18 10:00:00,733,Tenkasi,2.5,-2.125
2023-12-18 11:00:00,733,Tenkasi,2.0,-2.125
2023-12-18 13:00:00,733,Tenkasi,1.0,-2.125
2023-12-18 14:00:00,733,Tenkasi,0.5,-2.125
2023-12-18 15:00:00,733,Tenkasi,0.5,-2.125
2023-12-18 19:00:00,733,Tenkasi,1.0,-2.125
2023-12-18 20:00:00,733,Tenkasi,0.5,-2.125
2023-12-18 21:00:00,733,Tenkasi,0.5,-2.125
2023-12-18 22:00:00,733,Tenkasi,0.5,-2.125
2023-12-19 05:00:00,733,Tenkasi,0.5,-2.125
2023-12-21 16:00:00,733,Tenkasi,3.0,-2.125
2023-12-21 17:00:00,733,Tenkasi,0.5,-2.125
2023-12-21 18:00:00,733,Tenkasi,1.5,-2.125
2023-12-22 02:00:00,733,Tenkasi,1.0,-2.125
2023-12-28 08:00:00,733,Tenkasi,0.5,-2.07
2023-12-28 09:00:00,733,Tenkasi,0.5,-2.07
2023-12-28 14:00:00,733,Tenkasi,2.0,-2.11
2023-12-29 19:00:00,733,Tenkasi,0.5,-2.135
2024-01-02 01:00:00,733,Tenkasi,0.5,-2.1500000000000004
2024-01-02 18:00:00,733,Tenkasi,0.5,-2.2350000000000003
2024-01-02 23:00:00,733,Tenkasi,2.5,-2.185
2024-01-03 00:00:00,733,Tenkasi,2.0,-2.185
2024-01-03 01:00:00,733,Tenkasi,3.75,-2.185
2024-01-03 04:00:00,733,Tenkasi,0.5,-2.14
2024-01-03 07:00:00,733,Tenkasi,0.5,-2.14
2024-01-03 19:00:00,733,Tenkasi,0.5,-2.175
2024-01-03 21:00:00,733,Tenkasi,1.5,-2.175
2024-01-04 00:00:00,733,Tenkasi,0.5,-2.18
2024-01-04 01:00:00,733,Tenkasi,1.25,-2.18
2024-01-04 02:00:00,733,Tenkasi,1.0,-2.18
2024-01-04 03:00:00,733,Tenkasi,0.5,-2.18
2024-01-04 08:00:00,733,Tenkasi,0.5,-2.15
2024-01-05 00:00:00,733,Tenkasi,1.5,-2.23
2024-01-05 01:00:00,733,Tenkasi,6.5,-2.23
2024-01-05 02:00:00,733,Tenkasi,9.0,-2.23
2024-01-05 03:00:00,733,Tenkasi,4.0,-2.23
2024-01-05 04:00:00,733,Tenkasi,5.0,-2.355
2024-01-05 05:00:00,733,Tenkasi,2.0,-2.355
2024-01-05 16:00:00,733,Tenkasi,0.5,-2.29
2024-01-05 17:00:00,733,Tenkasi,1.0,-2.29
2024-01-05 23:00:00,733,Tenkasi,2.0,-2.235
2024-01-06 00:00:00,733,Tenkasi,0.5,-2.235
2024-01-06 01:00:00,733,Tenkasi,0.5,-2.235
2024-01-06 03:00:00,733,Tenkasi,0.5,-2.235
2024-01-06 04:00:00,733,Tenkasi,1.25,-2.215
2024-01-06 06:00:00,733,Tenkasi,0.5,-2.215
2024-01-06 23:00:00,733,Tenkasi,0.5,-2.27
2024-01-07 00:00:00,733,Tenkasi,4.5,-2.27
2024-01-07 01:00:00,733,Tenkasi,0.5,-2.27
2024-01-07 02:00:00,733,Tenkasi,2.25,-2.27
2024-01-07 03:00:00,733,Tenkasi,0.5,-2.27
2024-01-07 05:00:00,733,Tenkasi,0.5,-2.335
2024-01-07 13:00:00,733,Tenkasi,0.5,-2.275
2024-01-08 12:00:00,733,Tenkasi,1.0,-2.285
2024-01-08 15:00:00,733,Tenkasi,6.5,-2.285
2024-01-08 16:00:00,733,Tenkasi,1.0,-2.295
2024-01-08 17:00:00,733,Tenkasi,5.0,-2.295
2024-01-08 19:00:00,733,Tenkasi,1.5,-2.295
2024-01-08 20:00:00,733,Tenkasi,0.5,-2.295
2024-01-08 22:00:00,733,Tenkasi,3.0,-2.265
2024-01-08 23:00:00,733,Tenkasi,1.5,-2.265
2024-01-09 10:00:00,733,Tenkasi,0.5,-2.345
2024-01-09 12:00:00,733,Tenkasi,2.5,-2.345
2024-01-09 13:00:00,733,Tenkasi,0.5,-2.345
2024-01-09 14:00:00,733,Tenkasi,3.0,-2.345
2024-01-09 17:00:00,733,Tenkasi,0.5,-2.295
2024-01-09 20:00:00,733,Tenkasi,1.0,-2.295
2024-01-10 19:00:00,733,Tenkasi,0.5,-2.295
2024-01-11 10:30:00,733,Tenkasi,0.5,-2.315
2024-01-11 10:35:00,733,Tenkasi,0.5,-2.315
2024-01-11 11:00:00,733,Tenkasi,0.5,-2.315
2024-01-11 12:10:00,733,Tenkasi,0.5,-2.315
2024-01-11 12:15:00,733,Tenkasi,0.5,-2.315
2024-01-19 21:00:00,733,Tenkasi,2.0,-2.675
2024-01-20 06:00:00,733,Tenkasi,1.0,-2.59
2024-01-20 07:00:00,733,Tenkasi,0.5,-2.59
2024-01-20 10:00:00,733,Tenkasi,1.0,-2.66
2024-01-20 11:00:00,733,Tenkasi,0.5,-2.66
2024-01-20 13:00:00,733,Tenkasi,2.0,-2.66
2024-02-01 03:00:00,733,Tenkasi,0.5,-2.85
2024-02-01 08:00:00,733,Tenkasi,1.0,-2.825
2024-02-01 10:00:00,733,Tenkasi,3.0,-2.865
2024-02-01 12:00:00,733,Tenkasi,1.0,-2.865
2024-02-02 22:00:00,733,Tenkasi,5.5,-2.765
2024-03-04 09:00:00,733,Tenkasi,0.5,-3.42
2024-03-28 21:00:00,733,Tenkasi,0.5,-4.21
2024-03-28 21:30:00,733,Tenkasi,1.0,-4.175
2024-03-28 22:00:00,733,Tenkasi,1.0,-4.175
2024-04-08 17:30:00,733,Tenkasi,4.5,-4.32
2024-04-08 18:00:00,733,Tenkasi,7.5,-4.32
2024-04-12 01:00:00,733,Tenkasi,0.5,-4.42
2024-04-12 02:00:00,733,Tenkasi,0.5,-4.42
2024-04-12 05:00:00,733,Tenkasi,0.5,-4.23
2024-04-12 07:00:00,733,Tenkasi,0.5,-4.23
2024-04-12 08:00:00,733,Tenkasi,0.5,-4.23
2024-04-12 11:00:00,733,Tenkasi,0.5,-4.21
2024-04-12 13:00:00,733,Tenkasi,0.5,-4.21
2024-04-12 15:00:00,733,Tenkasi,0.5,-4.21
2024-04-12 17:00:00,733,Tenkasi,3.75,-4.13
2024-04-12 17:30:00,733,Tenkasi,0.5,-4.13
2024-04-12 18:00:00,733,Tenkasi,0.5,-4.13
2024-04-12 19:00:00,733,Tenkasi,0.5,-4.13
2024-04-12 21:00:00,733,Tenkasi,0.5,-4.13
2024-04-13 00:00:00,733,Tenkasi,0.5,-4.0600000000000005
2024-04-13 03:00:00,733,Tenkasi,0.5,-4.0600000000000005
2024-04-13 06:00:00,733,Tenkasi,0.5,-4.11
2024-04-13 10:00:00,733,Tenkasi,0.5,-4.05
2024-04-13 13:00:00,733,Tenkasi,0.5,-4.05
2024-04-13 16:00:00,733,Tenkasi,0.5,-4.0200000000000005
2024-04-13 21:00:00,733,Tenkasi,0.5,-4.0200000000000005
2024-04-14 02:00:00,733,Tenkasi,0.5,-3.995
2024-04-14 08:00:00,733,Tenkasi,0.5,-3.95
2024-04-14 09:00:00,733,Tenkasi,2.5,-3.95
2024-04-14 19:00:00,733,Tenkasi,8.0,-3.97
2024-04-14 20:00:00,733,Tenkasi,1.0,-3.97
2024-04-15 14:05:00,733,Tenkasi,0.5,-4.0
2024-04-15 15:00:00,733,Tenkasi,7.0,-4.0
2024-04-15 17:00:00,733,Tenkasi,0.5,-3.985
2024-04-16 04:00:00,733,Tenkasi,0.5,-3.945
2024-04-16 05:00:00,733,Tenkasi,1.5,-3.945
2024-04-16 07:00:00,733,Tenkasi,6.0,-3.945
2024-04-16 08:00:00,733,Tenkasi,3.5,-3.945
2024-04-16 10:00:00,733,Tenkasi,9.0,-4.04
2024-04-28 15:45:00,733,Tenkasi,1.0,-4.49
2024-04-28 15:50:00,733,Tenkasi,1.5,-4.49
2024-04-28 15:55:00,733,Tenkasi,1.5,-4.49
2024-04-28 16:00:00,733,Tenkasi,1.5,-4.49
2024-04-29 21:30:00,733,Tenkasi,0.5,-4.445
2024-04-29 22:00:00,733,Tenkasi,0.5,-4.445
2024-05-03 18:00:00,733,Tenkasi,1.0,-4.9350000000000005
2024-05-03 18:30:00,733,Tenkasi,1.0,-4.9350000000000005
2024-05-03 19:00:00,733,Tenkasi,1.0,-4.9350000000000005
2024-05-08 19:00:00,733,Tenkasi,2.0,-4.85
2024-05-08 19:30:00,733,Tenkasi,1.5,-4.85
2024-05-08 20:00:00,733,Tenkasi,1.5,-4.85
2024-05-08 21:00:00,733,Tenkasi,1.0,-4.85
2024-05-09 03:30:00,733,Tenkasi,0.5,-4.6850000000000005
2024-05-09 04:00:00,733,Tenkasi,0.5,-4.6850000000000005
2024-05-09 18:00:00,733,Tenkasi,4.5,-4.86
2024-05-09 19:00:00,733,Tenkasi,5.0,-4.86
2024-05-09 22:30:00,733,Tenkasi,0.5,-4.785
2024-05-09 23:00:00,733,Tenkasi,1.5,-4.785
2024-05-09 23:30:00,733,Tenkasi,0.5,-4.785
2024-05-10 00:00:00,733,Tenkasi,1.0,-4.785
2024-05-10 02:00:00,733,Tenkasi,0.5,-4.785
2024-05-11 18:00:00,733,Tenkasi,2.0,-4.715
2024-05-11 18:30:00,733,Tenkasi,1.0,-4.715
2024-05-11 21:30:00,733,Tenkasi,0.5,-4.675000000000001
2024-05-11 22:00:00,733,Tenkasi,1.0,-4.675000000000001
2024-05-11 22:30:00,733,Tenkasi,0.5,-4.675000000000001
2024-05-11 23:00:00,733,Tenkasi,0.5,-4.675000000000001
2024-05-11 23:30:00,733,Tenkasi,0.5,-4.675000000000001
2024-05-12 00:00:00,733,Tenkasi,0.5,-4.675000000000001
2024-05-12 00:30:00,733,Tenkasi,0.5,-4.675000000000001
2024-05-12 01:00:00,733,Tenkasi,1.0,-4.675000000000001
2024-05-12 03:30:00,733,Tenkasi,0.5,-4.63
2024-05-12 04:00:00,733,Tenkasi,0.5,-4.63
2024-05-12 05:00:00,733,Tenkasi,0.5,-4.63
2024-05-12 06:30:00,733,Tenkasi,0.5,-4.63
2024-05-12 07:00:00,733,Tenkasi,0.5,-4.63
2024-05-12 09:00:00,733,Tenkasi,0.5,-4.63
2024-05-12 10:30:00,733,Tenkasi,0.5,-4.65
2024-05-12 11:00:00,733,Tenkasi,0.5,-4.65
2024-05-12 12:30:00,733,Tenkasi,0.5,-4.65
2024-05-12 13:00:00,733,Tenkasi,0.5,-4.65
2024-05-12 15:00:00,733,Tenkasi,0.5,-4.65
2024-05-12 18:00:00,733,Tenkasi,0.5,-4.69
2024-05-12 19:30:00,733,Tenkasi,0.5,-4.69
2024-05-12 20:00:00,733,Tenkasi,1.0,-4.69
2024-05-12 21:00:00,733,Tenkasi,0.5,-4.69
2024-05-12 22:00:00,733,Tenkasi,0.5,-4.655
2024-05-12 23:00:00,733,Tenkasi,0.5,-4.655
2024-05-12 23:30:00,733,Tenkasi,0.5,-4.655
2024-05-13 00:00:00,733,Tenkasi,0.5,-4.655
2024-05-13 00:30:00,733,Tenkasi,0.5,-4.655
2024-05-13 01:00:00,733,Tenkasi,1.0,-4.655
2024-05-13 03:00:00,733,Tenkasi,0.5,-4.655
2024-05-13 04:00:00,733,Tenkasi,0.5,-4.62
2024-05-13 05:30:00,733,Tenkasi,0.5,-4.62
2024-05-13 06:00:00,733,Tenkasi,0.5,-4.62
2024-05-13 07:00:00,733,Tenkasi,0.5,-4.62
2024-05-13 09:00:00,733,Tenkasi,0.5,-4.62
2024-05-13 10:30:00,733,Tenkasi,0.5,-4.62
2024-05-13 11:00:00,733,Tenkasi,0.5,-4.62
2024-05-13 12:00:00,733,Tenkasi,0.5,-4.62
2024-05-13 13:00:00,733,Tenkasi,0.5,-4.62
2024-05-13 14:30:00,733,Tenkasi,0.5,-4.62
2024-05-13 15:00:00,733,Tenkasi,2.5,-4.62
2024-05-13 15:30:00,733,Tenkasi,0.5,-4.605
2024-05-13 16:00:00,733,Tenkasi,0.5,-4.605
2024-05-13 17:00:00,733,Tenkasi,0.5,-4.605
2024-05-13 19:00:00,733,Tenkasi,0.5,-4.605
2024-05-13 21:00:00,733,Tenkasi,0.5,-4.605
2024-05-13 23:30:00,733,Tenkasi,0.5,-4.515000000000001
2024-05-14 00:00:00,733,Tenkasi,0.5,-4.515000000000001
2024-05-14 02:00:00,733,Tenkasi,0.5,-4.515000000000001
2024-05-14 04:30:00,733,Tenkasi,0.5,-4.42
2024-05-14 05:00:00,733,Tenkasi,0.5,-4.42
2024-05-14 07:00:00,733,Tenkasi,0.5,-4.42
2024-05-14 09:30:00,733,Tenkasi,0.5,-4.465
2024-05-14 10:00:00,733,Tenkasi,0.5,-4.465
2024-05-14 12:00:00,733,Tenkasi,0.5,-4.465
2024-05-14 14:00:00,733,Tenkasi,0.5,-4.465
2024-05-14 16:00:00,733,Tenkasi,0.5,-4.42
2024-05-14 18:30:00,733,Tenkasi,0.5,-4.42
2024-05-14 19:00:00,733,Tenkasi,0.5,-4.42
2024-05-14 21:30:00,733,Tenkasi,0.5,-4.375
2024-05-14 22:00:00,733,Tenkasi,0.5,-4.375
2024-05-15 00:30:00,733,Tenkasi,0.5,-4.375
2024-05-15 01:00:00,733,Tenkasi,0.5,-4.375
2024-05-15 03:30:00,733,Tenkasi,0.5,-4.295
2024-05-15 04:00:00,733,Tenkasi,0.5,-4.295
2024-05-15 07:00:00,733,Tenkasi,0.5,-4.295
2024-05-15 10:00:00,733,Tenkasi,0.5,-4.295
2024-05-15 13:00:00,733,Tenkasi,0.5,-4.295
2024-05-15 15:30:00,733,Tenkasi,0.5,-4.300000000000001
2024-05-15 16:00:00,733,Tenkasi,0.5,-4.300000000000001
2024-05-15 18:30:00,733,Tenkasi,0.5,-4.300000000000001
2024-05-15 19:00:00,733,Tenkasi,0.5,-4.300000000000001
2024-05-15 22:00:00,733,Tenkasi,0.5,-4.26
2024-05-16 02:00:00,733,Tenkasi,0.5,-4.26
2024-05-16 05:30:00,733,Tenkasi,0.5,-4.19
2024-05-16 06:00:00,733,Tenkasi,0.5,-4.19
2024-05-16 10:00:00,733,Tenkasi,0.5,-4.185
2024-05-16 13:30:00,733,Tenkasi,0.5,-4.185
2024-05-16 14:00:00,733,Tenkasi,0.5,-4.185
2024-05-16 17:00:00,733,Tenkasi,0.5,-4.175
2024-05-16 21:00:00,733,Tenkasi,0.5,-4.175
2024-05-16 22:00:00,733,Tenkasi,0.5,-4.135
2024-05-16 23:00:00,733,Tenkasi,0.5,-4.135
2024-05-17 00:00:00,733,Tenkasi,0.5,-4.135
2024-05-17 01:00:00,733,Tenkasi,0.5,-4.135
2024-05-17 05:00:00,733,Tenkasi,0.5,-4.08
2024-05-17 10:00:00,733,Tenkasi,0.5,-4.135
2024-05-17 13:00:00,733,Tenkasi,1.5,-4.135
2024-05-17 14:00:00,733,Tenkasi,22.5,-4.135
2024-05-17 15:00:00,733,Tenkasi,3.0,-4.135
2024-05-17 16:00:00,733,Tenkasi,3.0,-4.105
2024-05-17 17:00:00,733,Tenkasi,1.25,-4.105
2024-05-17 18:00:00,733,Tenkasi,0.5,-4.105
2024-05-17 19:00:00,733,Tenkasi,0.5,-4.105
2024-05-18 01:00:00,733,Tenkasi,0.5,-4.06
2024-05-18 05:00:00,733,Tenkasi,0.5,-4.02
2024-05-18 08:00:00,733,Tenkasi,0.5,-4.02
2024-05-18 11:00:00,733,Tenkasi,0.5,-4.115
2024-05-18 12:00:00,733,Tenkasi,0.5,-4.115
2024-05-18 14:00:00,733,Tenkasi,0.5,-4.115
2024-05-18 16:00:00,733,Tenkasi,0.5,-4.07
2024-05-18 18:00:00,733,Tenkasi,0.5,-4.07
2024-05-18 19:00:00,733,Tenkasi,3.0,-4.07
2024-05-18 20:00:00,733,Tenkasi,1.0,-4.07
2024-05-18 21:00:00,733,Tenkasi,0.5,-4.07
2024-05-18 22:00:00,733,Tenkasi,0.5,-4.0
2024-05-19 00:00:00,733,Tenkasi,0.5,-4.0
2024-05-19 03:00:00,733,Tenkasi,0.5,-4.0
2024-05-19 07:00:00,733,Tenkasi,0.5,-3.92
2024-05-19 10:00:00,733,Tenkasi,0.5,-3.88
2024-05-19 14:00:00,733,Tenkasi,0.5,-3.88
2024-05-19 17:00:00,733,Tenkasi,0.5,-3.87
2024-05-19 21:00:00,733,Tenkasi,0.5,-3.87
2024-05-20 01:00:00,733,Tenkasi,0.5,-3.845
2024-05-20 06:00:00,733,Tenkasi,0.5,-3.78
2024-05-20 11:00:00,733,Tenkasi,0.75,-3.79
2024-05-20 12:00:00,733,Tenkasi,2.5,-3.79
2024-05-20 13:00:00,733,Tenkasi,0.5,-3.79
2024-05-20 15:00:00,733,Tenkasi,0.5,-3.79
2024-05-20 20:00:00,733,Tenkasi,0.5,-3.79
2024-05-21 02:00:00,733,Tenkasi,0.5,-3.735
2024-05-21 07:00:00,733,Tenkasi,0.5,-3.695
2024-05-21 14:00:00,733,Tenkasi,0.5,-3.74
2024-05-21 16:00:00,733,Tenkasi,3.5,-3.73
2024-05-21 18:00:00,733,Tenkasi,0.5,-3.73
2024-05-21 19:00:00,733,Tenkasi,0.5,-3.73
2024-05-21 21:00:00,733,Tenkasi,1.0,-3.73
2024-05-21 23:00:00,733,Tenkasi,0.5,-3.745
2024-05-22 01:00:00,733,Tenkasi,0.5,-3.745
2024-05-22 08:00:00,733,Tenkasi,0.5,-3.695
2024-05-22 15:00:00,733,Tenkasi,1.0,-3.72
2024-05-22 16:00:00,733,Tenkasi,0.5,-3.76
2024-05-22 21:00:00,733,Tenkasi,0.5,-3.76
2024-05-22 22:00:00,733,Tenkasi,0.5,-3.7
2024-05-23 04:00:00,733,Tenkasi,0.5,-3.615
2024-05-23 05:00:00,733,Tenkasi,1.5,-3.615
2024-05-23 06:00:00,733,Tenkasi,2.0,-3.615
2024-05-23 08:00:00,733,Tenkasi,0.5,-3.615
2024-05-23 09:00:00,733,Tenkasi,0.5,-3.615
2024-05-23 10:00:00,733,Tenkasi,0.5,-3.555
2024-05-23 13:00:00,733,Tenkasi,0.5,-3.555
2024-05-23 16:00:00,733,Tenkasi,0.5,-3.515
2024-05-23 17:00:00,733,Tenkasi,8.0,-3.515
2024-05-23 18:00:00,733,Tenkasi,1.0,-3.515
2024-05-23 21:00:00,733,Tenkasi,0.5,-3.515
2024-05-24 06:00:00,733,Tenkasi,0.5,-3.36
2024-05-24 17:00:00,733,Tenkasi,2.5,-3.36
2024-05-24 18:00:00,733,Tenkasi,0.5,-3.36
2024-05-24 20:00:00,733,Tenkasi,2.0,-3.36
2024-05-25 03:00:00,733,Tenkasi,0.5,-3.305
2024-05-25 14:00:00,733,Tenkasi,0.5,-3.195
2024-05-26 02:00:00,733,Tenkasi,0.5,-3.145
2024-05-26 11:00:00,733,Tenkasi,5.5,-3.145
2024-05-26 16:00:00,733,Tenkasi,0.5,-3.19
2024-05-27 06:00:00,733,Tenkasi,0.5,-3.13
2024-05-27 23:00:00,733,Tenkasi,0.5,-3.18
2024-05-28 16:00:00,733,Tenkasi,0.5,-3.265
2024-05-29 10:00:00,733,Tenkasi,0.5,-3.31
2024-05-30 06:00:00,733,Tenkasi,0.5,-3.2750000000000004
2024-05-31 04:00:00,733,Tenkasi,0.5,-3.4000000000000004
2024-06-01 03:00:00,733,Tenkasi,0.5,-3.555
2024-06-02 02:00:00,733,Tenkasi,0.5,-3.515
2024-06-03 05:00:00,733,Tenkasi,0.5,-3.49
2024-06-04 12:00:00,733,Tenkasi,0.5,-3.58
2024-06-06 05:00:00,733,Tenkasi,0.5,-3.62
2024-06-07 20:00:00,733,Tenkasi,0.5,-3.735
2024-06-08 01:00:00,733,Tenkasi,0.5,-3.71
2024-06-08 12:00:00,733,Tenkasi,0.5,-3.67
2024-06-08 18:00:00,733,Tenkasi,1.0,-3.755
2024-06-08 19:00:00,733,Tenkasi,4.0,-3.755
2024-06-08 21:00:00,733,Tenkasi,0.5,-3.755
2024-06-08 22:00:00,733,Tenkasi,0.5,-3.635
2024-06-09 03:00:00,733,Tenkasi,0.5,-3.635
2024-06-09 08:00:00,733,Tenkasi,0.5,-3.47
2024-06-09 10:00:00,733,Tenkasi,0.5,-3.52
2024-06-09 19:00:00,733,Tenkasi,0.5,-3.555
2024-06-09 21:00:00,733,Tenkasi,0.5,-3.555
2024-06-09 23:00:00,733,Tenkasi,1.5,-3.47
2024-06-10 00:00:00,733,Tenkasi,6.0,-3.47
2024-06-10 01:00:00,733,Tenkasi,4.5,-3.47
2024-06-10 02:00:00,733,Tenkasi,4.0,-3.47
2024-06-10 03:00:00,733,Tenkasi,3.0,-3.47
2024-06-10 04:00:00,733,Tenkasi,2.5,-3.38
2024-06-10 05:00:00,733,Tenkasi,3.0,-3.38
2024-06-10 06:00:00,733,Tenkasi,2.0,-3.38
2024-06-10 07:00:00,733,Tenkasi,2.0,-3.38
2024-06-10 08:00:00,733,Tenkasi,1.5,-3.38
2024-06-10 20:00:00,733,Tenkasi,0.5,-3.52
2024-06-10 21:00:00,733,Tenkasi,0.5,-3.52
2024-06-10 22:00:00,733,Tenkasi,0.5,-3.46
2024-06-10 23:00:00,733,Tenkasi,0.5,-3.46
2024-06-11 02:00:00,733,Tenkasi,3.0,-3.46
2024-06-11 08:00:00,733,Tenkasi,0.5,-3.385
2024-06-11 09:00:00,733,Tenkasi,3.0,-3.385
2024-06-11 10:00:00,733,Tenkasi,3.5,-3.48
2024-06-11 12:00:00,733,Tenkasi,0.5,-3.48
2024-06-11 18:00:00,733,Tenkasi,0.5,-3.635
2024-06-12 12:00:00,733,Tenkasi,0.5,-3.655
2024-06-12 14:00:00,733,Tenkasi,0.5,-3.655
2024-06-12 16:00:00,733,Tenkasi,2.5,-3.7
2024-06-12 17:00:00,733,Tenkasi,1.5,-3.7
2024-06-18 08:00:00,733,Tenkasi,3.0,-3.62
2024-06-18 11:00:00,733,Tenkasi,3.5,-3.71
2024-06-18 16:00:00,733,Tenkasi,6.0,-3.81
2024-06-18 22:00:00,733,Tenkasi,8.25,-3.775
2024-06-18 23:00:00,733,Tenkasi,1.5,-3.775
2024-06-19 13:00:00,733,Tenkasi,0.5,-3.765
2024-06-19 14:00:00,733,Tenkasi,0.5,-3.765
2024-06-19 15:00:00,733,Tenkasi,0.5,-3.765
2024-06-19 18:00:00,733,Tenkasi,1.5,-3.735
2024-06-20 19:00:00,733,Tenkasi,0.5,-3.575
2024-06-20 20:00:00,733,Tenkasi,0.5,-3.575
2024-06-21 09:00:00,733,Tenkasi,0.5,-3.5
2024-06-21 10:00:00,733,Tenkasi,0.5,-3.6
2024-06-21 12:00:00,733,Tenkasi,0.5,-3.6
2024-06-21 18:00:00,733,Tenkasi,0.5,-3.51
2024-06-22 02:00:00,733,Tenkasi,1.0,-3.4850000000000003
2024-06-22 15:00:00,733,Tenkasi,3.0,-3.47
2024-06-22 16:00:00,733,Tenkasi,0.5,-3.51
2024-06-22 17:00:00,733,Tenkasi,3.0,-3.51
2024-06-22 18:00:00,733,Tenkasi,0.5,-3.51
2024-06-22 20:00:00,733,Tenkasi,0.5,-3.51
2024-06-22 22:00:00,733,Tenkasi,0.5,-3.49
2024-06-22 23:00:00,733,Tenkasi,0.5,-3.49
2024-06-23 00:00:00,733,Tenkasi,1.0,-3.49
2024-06-23 02:00:00,733,Tenkasi,0.5,-3.49
2024-06-23 03:00:00,733,Tenkasi,1.5,-3.49
2024-06-23 04:00:00,733,Tenkasi,0.5,-3.425
2024-06-23 05:00:00,733,Tenkasi,0.5,-3.425
2024-06-23 06:00:00,733,Tenkasi,0.5,-3.425
2024-06-23 12:00:00,733,Tenkasi,2.5,-3.44
2024-06-23 13:00:00,733,Tenkasi,0.5,-3.44
2024-06-23 18:00:00,733,Tenkasi,1.0,-3.56
2024-06-23 21:00:00,733,Tenkasi,0.5,-3.56
2024-06-23 22:00:00,733,Tenkasi,0.5,-3.46
2024-06-24 10:00:00,733,Tenkasi,0.5,-3.48
2024-06-24 12:00:00,733,Tenkasi,1.5,-3.48
2024-06-24 14:00:00,733,Tenkasi,7.0,-3.48
2024-06-24 15:00:00,733,Tenkasi,4.5,-3.48
2024-06-24 16:00:00,733,Tenkasi,3.5,-3.465
2024-06-24 17:00:00,733,Tenkasi,0.6666666666666666,-3.465
2024-06-24 18:00:00,733,Tenkasi,0.75,-3.465
2024-06-24 19:00:00,733,Tenkasi,0.75,-3.465
2024-06-25 01:00:00,733,Tenkasi,0.5,-3.375
2024-06-25 02:00:00,733,Tenkasi,1.0,-3.375
2024-06-25 03:00:00,733,Tenkasi,0.5,-3.375
2024-06-25 04:00:00,733,Tenkasi,2.0,-3.305
2024-06-25 07:00:00,733,Tenkasi,1.0,-3.305
2024-06-25 09:00:00,733,Tenkasi,1.5,-3.305
2024-06-25 10:00:00,733,Tenkasi,0.5,-3.31
2024-06-25 11:00:00,733,Tenkasi,1.5,-3.31
2024-06-25 12:00:00,733,Tenkasi,0.5,-3.31
2024-06-25 13:00:00,733,Tenkasi,0.75,-3.31
2024-06-25 14:00:00,733,Tenkasi,2.25,-3.31
2024-06-25 15:00:00,733,Tenkasi,2.5,-3.31
2024-06-25 16:00:00,733,Tenkasi,0.8333333333333334,-3.255
2024-06-25 18:00:00,733,Tenkasi,1.25,-3.255
2024-06-25 19:00:00,733,Tenkasi,1.0,-3.255
2024-06-25 20:00:00,733,Tenkasi,0.5,-3.255
2024-06-26 02:00:00,733,Tenkasi,0.5,-3.2
2024-06-26 03:00:00,733,Tenkasi,3.0,-3.2
2024-06-26 04:00:00,733,Tenkasi,1.0,-3.08
2024-06-26 05:00:00,733,Tenkasi,1.0,-3.08
2024-06-26 06:00:00,733,Tenkasi,2.5,-3.08
2024-06-26 07:00:00,733,Tenkasi,1.5,-3.08
2024-06-26 08:00:00,733,Tenkasi,0.5,-3.08
2024-06-26 11:00:00,733,Tenkasi,0.5,-3.04
2024-06-26 15:00:00,733,Tenkasi,1.0,-3.04
2024-06-26 16:00:00,733,Tenkasi,0.6666666666666666,-2.965
2024-06-26 17:00:00,733,Tenkasi,1.1666666666666667,-2.965
2024-06-26 18:00:00,733,Tenkasi,1.3333333333333333,-2.965
2024-06-26 19:00:00,733,Tenkasi,0.5,-2.965
2024-06-26 21:00:00,733,Tenkasi,0.5,-2.965
2024-06-26 23:00:00,733,Tenkasi,1.0,-2.905
2024-06-27 00:00:00,733,Tenkasi,0.5,-2.905
2024-06-27 18:00:00,733,Tenkasi,0.5,-2.9400000000000004
2024-06-27 21:00:00,733,Tenkasi,1.0,-2.9400000000000004
2024-06-27 22:00:00,733,Tenkasi,0.5,-2.935
2024-06-27 23:00:00,733,Tenkasi,0.5,-2.935
2024-06-28 23:00:00,733,Tenkasi,1.0,-2.9450000000000003
2024-06-29 00:00:00,733,Tenkasi,0.5,-2.9450000000000003
2024-07-12 16:00:00,733,Tenkasi,5.5,-3.935
2024-07-12 17:00:00,733,Tenkasi,1.0,-3.935
2024-07-12 18:00:00,733,Tenkasi,4.833333333333333,-3.935
2024-07-12 19:00:00,733,Tenkasi,2.1666666666666665,-3.935
2024-07-12 20:00:00,733,Tenkasi,0.75,-3.935
2024-07-13 11:00:00,733,Tenkasi,3.0,-3.97
2024-07-13 12:00:00,733,Tenkasi,0.5,-3.97
2024-07-13 21:00:00,733,Tenkasi,0.5,-3.84
2024-07-14 17:00:00,733,Tenkasi,0.5,-3.87
2024-07-14 18:00:00,733,Tenkasi,0.5,-3.87
2024-07-14 19:00:00,733,Tenkasi,1.5,-3.87
2024-07-14 21:00:00,733,Tenkasi,2.0,-3.87
2024-07-14 23:00:00,733,Tenkasi,0.5,-3.855
2024-07-15 00:00:00,733,Tenkasi,0.5,-3.855
2024-07-15 01:00:00,733,Tenkasi,0.5,-3.855
2024-07-15 02:00:00,733,Tenkasi,1.5,-3.855
2024-07-15 03:00:00,733,Tenkasi,1.0,-3.855
2024-07-15 04:00:00,733,Tenkasi,1.5,-3.795
2024-07-15 05:00:00,733,Tenkasi,2.0,-3.795
2024-07-15 06:00:00,733,Tenkasi,2.75,-3.795
2024-07-15 07:00:00,733,Tenkasi,1.0,-3.795
2024-07-15 14:00:00,733,Tenkasi,3.1666666666666665,-3.72
2024-07-15 15:00:00,733,Tenkasi,1.1666666666666667,-3.72
2024-07-15 18:00:00,733,Tenkasi,3.5,-3.62
2024-07-15 19:00:00,733,Tenkasi,1.0,-3.62
2024-07-15 20:00:00,733,Tenkasi,0.5,-3.62
2024-07-15 21:00:00,733,Tenkasi,14.5,-3.62
2024-07-15 22:00:00,733,Tenkasi,3.5,-3.4
2024-07-15 23:00:00,733,Tenkasi,0.5,-3.4
2024-07-16 00:00:00,733,Tenkasi,2.5,-3.4
2024-07-16 01:00:00,733,Tenkasi,1.0,-3.4
2024-07-16 02:00:00,733,Tenkasi,0.5,-3.4
2024-07-16 11:00:00,733,Tenkasi,0.5,-3.29
2024-07-16 12:00:00,733,Tenkasi,0.5,-3.29
2024-07-16 13:00:00,733,Tenkasi,0.5,-3.29
2024-07-16 21:00:00,733,Tenkasi,0.5,-3.31
2024-07-17 04:00:00,733,Tenkasi,0.5,-3.275
2024-07-17 10:00:00,733,Tenkasi,0.5,-3.3200000000000003
2024-07-17 11:00:00,733,Tenkasi,0.5,-3.3200000000000003
2024-07-17 14:00:00,733,Tenkasi,0.5,-3.3200000000000003
2024-07-17 17:00:00,733,Tenkasi,0.5,-3.27
2024-07-18 12:00:00,733,Tenkasi,0.5,-3.285
2024-07-19 10:00:00,733,Tenkasi,0.5,-3.385
2024-07-19 13:00:00,733,Tenkasi,1.0,-3.385
2024-07-19 14:00:00,733,Tenkasi,1.0,-3.385
2024-07-19 15:00:00,733,Tenkasi,0.8333333333333334,-3.385
2024-07-19 16:00:00,733,Tenkasi,1.0,-3.3600000000000003
2024-07-19 17:00:00,733,Tenkasi,0.5,-3.3600000000000003
2024-07-19 19:00:00,733,Tenkasi,0.5,-3.3600000000000003
2024-07-20 00:00:00,733,Tenkasi,1.0,-3.375
2024-07-20 02:00:00,733,Tenkasi,0.5,-3.375
2024-07-25 03:00:00,733,Tenkasi,0.5,-3.705
2024-07-25 04:00:00,733,Tenkasi,1.0,-3.69
2024-07-25 12:00:00,733,Tenkasi,0.5,-3.745
2024-07-25 13:00:00,733,Tenkasi,0.5,-3.745
2024-07-25 14:00:00,733,Tenkasi,1.0,-3.745
2024-07-25 15:00:00,733,Tenkasi,0.5,-3.745
2024-07-25 16:00:00,733,Tenkasi,1.5,-3.735
2024-07-25 17:00:00,733,Tenkasi,1.3333333333333333,-3.735
2024-07-26 07:00:00,733,Tenkasi,0.5,-0.925
2024-07-26 14:00:00,733,Tenkasi,0.5,-3.805
2024-07-28 08:00:00,733,Tenkasi,0.5,-3.84
2024-07-28 09:00:00,733,Tenkasi,1.5,-3.84
2024-07-28 10:00:00,733,Tenkasi,1.0,-3.875
2024-07-28 12:00:00,733,Tenkasi,1.5,-3.875
2024-07-28 15:00:00,733,Tenkasi,2.5,-3.875
2024-07-28 16:00:00,733,Tenkasi,0.5,-3.885
2024-07-28 17:00:00,733,Tenkasi,0.5,-3.885
2024-07-28 20:00:00,733,Tenkasi,0.5,-3.885
2024-07-29 00:00:00,733,Tenkasi,1.0,-3.775
2024-07-29 15:00:00,733,Tenkasi,0.5,-3.67
2024-07-29 23:00:00,733,Tenkasi,3.5,-3.68
2024-07-30 00:00:00,733,Tenkasi,3.0,-3.68
2024-07-31 12:00:00,733,Tenkasi,1.5,-3.71
2024-07-31 13:00:00,733,Tenkasi,0.5,-3.71
2024-08-05 20:00:00,733,Tenkasi,2.0,-4.115
2024-08-07 15:30:00,733,Tenkasi,1.5,-4.225
2024-08-07 15:35:00,733,Tenkasi,1.5,-4.225
2024-08-07 16:00:00,733,Tenkasi,1.5,-4.225
2024-08-11 17:00:00,733,Tenkasi,0.75,-4.38
2024-08-11 18:00:00,733,Tenkasi,45.5,-4.38
2024-08-11 19:00:00,733,Tenkasi,4.0,-4.38
2024-08-11 22:00:00,733,Tenkasi,0.5,-4.345000000000001
2024-08-11 23:00:00,733,Tenkasi,4.5,-4.345000000000001
2024-08-13 03:00:00,733,Tenkasi,0.5,-4.345
2024-08-13 04:00:00,733,Tenkasi,0.5,-4.315
2024-08-13 15:00:00,733,Tenkasi,2.0,-4.355
2024-08-13 16:00:00,733,Tenkasi,1.5,-4.38
2024-08-14 02:00:00,733,Tenkasi,0.5,-4.365
2024-08-14 03:00:00,733,Tenkasi,1.5,-4.365
2024-08-14 04:00:00,733,Tenkasi,2.75,-4.35
2024-08-14 05:00:00,733,Tenkasi,0.5,-4.35
2024-08-14 10:00:00,733,Tenkasi,0.5,-4.44
2024-08-20 14:00:00,733,Tenkasi,2.0,-4.605
2024-08-21 08:00:00,733,Tenkasi,0.5,-4.58
2024-08-28 02:45:00,733,Tenkasi,0.5,-5.64
2024-08-28 02:50:00,733,Tenkasi,0.5,-5.64
2024-08-28 11:05:00,733,Tenkasi,0.5,-4.945
2024-08-28 11:10:00,733,Tenkasi,0.5,-4.945
2024-08-28 11:15:00,733,Tenkasi,0.5,-4.945
2024-08-28 11:20:00,733,Tenkasi,0.5,-4.945
2024-08-28 11:25:00,733,Tenkasi,0.5,-4.945
2024-08-28 11:30:00,733,Tenkasi,0.5,-4.945
2024-08-28 11:35:00,733,Tenkasi,0.5,-4.945
2024-08-28 11:40:00,733,Tenkasi,0.5,-4.945
2024-08-28 11:45:00,733,Tenkasi,0.5,-4.945
2024-08-28 11:50:00,733,Tenkasi,0.5,-4.945
2024-08-28 11:55:00,733,Tenkasi,0.5,-4.945
2024-08-28 12:00:00,733,Tenkasi,0.5,-4.945
2024-08-28 12:30:00,733,Tenkasi,1.5,-4.945
2024-08-28 12:35:00,733,Tenkasi,1.5,-4.945
2024-08-28 12:40:00,733,Tenkasi,1.5,-4.945
2024-08-28 13:00:00,733,Tenkasi,1.5,-4.945
2024-08-29 14:50:00,733,Tenkasi,0.5,-5.05
2024-08-29 14:55:00,733,Tenkasi,0.5,-5.05
2024-08-29 15:00:00,733,Tenkasi,0.5,-5.05
2024-08-29 20:35:00,733,Tenkasi,0.5,-5.12
2024-08-29 20:40:00,733,Tenkasi,0.5,-5.12
2024-08-29 20:45:00,733,Tenkasi,0.5,-5.12
2024-08-29 20:50:00,733,Tenkasi,0.5,-5.12
2024-08-29 20:55:00,733,Tenkasi,0.5,-5.12
2024-08-29 21:00:00,733,Tenkasi,0.5,-5.12
2024-08-30 05:45:00,733,Tenkasi,0.5,-5.065
2024-08-30 05:50:00,733,Tenkasi,0.5,-5.065
2024-08-30 05:55:00,733,Tenkasi,0.5,-5.065
2024-08-30 06:00:00,733,Tenkasi,0.5,-5.065
2024-08-30 07:00:00,733,Tenkasi,0.5,-5.065
2024-08-30 10:00:00,733,Tenkasi,0.5,-5.09
2024-08-30 11:50:00,733,Tenkasi,0.5,-5.09
2024-08-30 11:55:00,733,Tenkasi,0.5,-5.09
2024-08-30 12:00:00,733,Tenkasi,0.5,-5.09
2024-08-30 13:00:00,733,Tenkasi,1.0,-5.09
2024-08-30 14:00:00,733,Tenkasi,0.5,-5.09
2024-08-30 17:00:00,733,Tenkasi,0.5,-5.095000000000001
2024-08-31 14:00:00,733,Tenkasi,0.5,-4.955
2024-09-01 14:00:00,733,Tenkasi,1.0,-5.015000000000001
2024-09-02 06:00:00,733,Tenkasi,0.5,-4.9350000000000005
2024-09-02 07:00:00,733,Tenkasi,2.0,-4.9350000000000005
2024-09-03 14:00:00,733,Tenkasi,1.0,-5.065
2024-09-03 15:00:00,733,Tenkasi,0.5,-5.065
2024-09-03 16:00:00,733,Tenkasi,0.5,-5.025
2024-09-10 09:00:00,733,Tenkasi,0.5,-5.23
2024-09-27 19:00:00,733,Tenkasi,0.5,-6.32
2024-09-27 20:00:00,733,Tenkasi,2.0,-6.32
2024-09-28 15:00:00,733,Tenkasi,3.0,-6.295
2024-09-29 00:00:00,733,Tenkasi,1.5,-6.265000000000001
2024-09-29 13:00:00,733,Tenkasi,0.5,-6.23
2024-09-29 15:00:00,733,Tenkasi,10.5,-6.23
2024-09-29 16:00:00,733,Tenkasi,15.5,-6.25
2024-09-29 17:00:00,733,Tenkasi,6.75,-6.25
2024-09-29 18:00:00,733,Tenkasi,14.0,-6.25
2024-09-30 00:00:00,733,Tenkasi,22.0,-6.195
2024-09-30 01:00:00,733,Tenkasi,18.0,-6.195
2024-09-30 02:00:00,733,Tenkasi,2.0,-6.195
2024-09-30 03:00:00,733,Tenkasi,0.5,-6.195
2024-09-30 04:00:00,733,Tenkasi,2.0,-6.045
2024-09-30 13:00:00,733,Tenkasi,0.5,-6.0
2024-09-30 22:00:00,733,Tenkasi,0.5,-5.890000000000001
2024-10-02 08:00:00,733,Tenkasi,0.5,-5.83
2024-10-06 14:00:00,733,Tenkasi,6.5,-5.779999999999999
2024-10-08 22:00:00,733,Tenkasi,0.5,-5.66
2024-10-09 16:00:00,733,Tenkasi,0.5,-5.71
2024-10-09 17:00:00,733,Tenkasi,0.5,-5.71
2024-10-09 18:00:00,733,Tenkasi,7.25,-5.71
2024-10-09 19:00:00,733,Tenkasi,1.0,-5.71
2024-10-09 20:00:00,733,Tenkasi,1.0,-5.71
2024-10-09 21:00:00,733,Tenkasi,1.0,-5.71
2024-10-10 15:00:00,733,Tenkasi,0.5,-5.665
2024-10-11 15:00:00,733,Tenkasi,1.0,-5.72
2024-10-11 16:00:00,733,Tenkasi,1.5,-5.755
2024-10-12 06:00:00,733,Tenkasi,0.5,-5.66
2024-10-12 08:00:00,733,Tenkasi,0.5,-5.66
2024-10-12 22:00:00,733,Tenkasi,0.5,-5.73
2024-10-12 23:00:00,733,Tenkasi,0.5,-5.73
2024-10-13 16:00:00,733,Tenkasi,1.0,-5.66
2024-10-13 17:00:00,733,Tenkasi,2.0,-5.66
2024-10-13 18:00:00,733,Tenkasi,1.0,-5.66
2024-10-13 19:00:00,733,Tenkasi,0.5,-5.66
2024-10-13 20:00:00,733,Tenkasi,0.75,-5.66
2024-10-14 04:00:00,733,Tenkasi,0.5,-5.515000000000001
2024-10-14 10:00:00,733,Tenkasi,0.5,-5.61
2024-10-14 15:00:00,733,Tenkasi,1.0,-5.61
2024-10-14 16:00:00,733,Tenkasi,0.5,-5.65
2024-10-14 17:00:00,733,Tenkasi,2.0,-5.65
2024-10-14 19:00:00,733,Tenkasi,0.5,-5.65
2024-10-14 20:00:00,733,Tenkasi,0.5,-5.65
2024-10-14 23:00:00,733,Tenkasi,0.5,-5.525
2024-10-15 16:00:00,733,Tenkasi,1.5,-5.545
2024-10-16 13:00:00,733,Tenkasi,1.5,-5.52
2024-10-18 13:00:00,733,Tenkasi,0.5,-5.445
2024-10-19 15:00:00,733,Tenkasi,0.5,-5.445
2024-10-20 13:00:00,733,Tenkasi,3.5,-5.445
2024-10-20 14:00:00,733,Tenkasi,2.5,-5.445
2024-10-21 01:00:00,733,Tenkasi,4.0,-5.390000000000001
2024-10-21 02:00:00,733,Tenkasi,1.0,-5.390000000000001
2024-10-22 12:00:00,733,Tenkasi,1.0,-5.405
2024-10-22 13:00:00,733,Tenkasi,1.0,-5.405
2024-10-22 14:00:00,733,Tenkasi,4.5,-5.405
2024-10-22 15:00:00,733,Tenkasi,2.5,-5.405
2024-10-22 19:00:00,733,Tenkasi,13.0,-5.38
2024-10-22 20:00:00,733,Tenkasi,24.0,-5.38
2024-10-22 21:00:00,733,Tenkasi,7.0,-5.38
2024-10-22 22:00:00,733,Tenkasi,1.25,-5.324999999999999
2024-10-22 23:00:00,733,Tenkasi,0.5,-5.324999999999999
2024-10-23 16:00:00,733,Tenkasi,1.0,-5.125
2024-10-23 17:00:00,733,Tenkasi,3.5,-5.125
2024-10-23 18:00:00,733,Tenkasi,3.0,-5.125
2024-10-23 19:00:00,733,Tenkasi,37.0,-5.125
2024-10-23 20:00:00,733,Tenkasi,4.833333333333333,-5.125
2024-10-23 21:00:00,733,Tenkasi,1.3333333333333333,-5.125
2024-10-23 22:00:00,733,Tenkasi,0.5,-5.07
2024-10-25 05:00:00,733,Tenkasi,0.5,-4.99
2024-10-25 06:00:00,733,Tenkasi,0.5,-4.99
2024-10-25 09:00:00,733,Tenkasi,1.0,-4.99
2024-10-25 10:00:00,733,Tenkasi,1.5,-5.04
2024-10-25 11:00:00,733,Tenkasi,1.0,-5.04
2024-10-25 12:00:00,733,Tenkasi,1.0,-5.04
2024-10-25 13:00:00,733,Tenkasi,3.5,-5.04
2024-10-25 14:00:00,733,Tenkasi,6.5,-5.04
2024-10-25 15:00:00,733,Tenkasi,1.0,-5.04
2024-10-25 18:00:00,733,Tenkasi,0.5,-4.915
2024-10-26 00:00:00,733,Tenkasi,0.5,-4.83
2024-10-26 13:00:00,733,Tenkasi,0.5,-4.83
2024-10-26 14:00:00,733,Tenkasi,1.0,-4.83
2024-10-26 15:00:00,733,Tenkasi,3.5,-4.83
2024-10-26 16:00:00,733,Tenkasi,6.5,-4.805
2024-10-26 17:00:00,733,Tenkasi,12.0,-4.805
2024-10-26 18:00:00,733,Tenkasi,0.5,-4.805
2024-10-31 19:00:00,733,Tenkasi,4.5,-4.71
2024-10-31 20:00:00,733,Tenkasi,7.5,-4.71
2024-10-31 21:00:00,733,Tenkasi,2.0,-4.71
2024-10-31 22:00:00,733,Tenkasi,0.75,-4.695
2024-10-31 23:00:00,733,Tenkasi,0.5,-4.695
2024-11-01 00:00:00,733,Tenkasi,7.0,-4.695
2024-11-01 01:00:00,733,Tenkasi,1.0,-4.695
2024-11-01 17:00:00,733,Tenkasi,8.0,-4.55
2024-11-01 18:00:00,733,Tenkasi,1.0,-4.55
2024-11-01 19:00:00,733,Tenkasi,7.0,-4.55
2024-11-01 21:00:00,733,Tenkasi,0.5,-4.55
2024-11-01 22:00:00,733,Tenkasi,4.0,-4.495
2024-11-01 23:00:00,733,Tenkasi,0.5,-4.495
2024-11-02 00:00:00,733,Tenkasi,0.5,-4.495
2024-11-02 15:00:00,733,Tenkasi,3.25,-4.51
2024-11-02 16:00:00,733,Tenkasi,1.0,-4.48
2024-11-02 17:00:00,733,Tenkasi,2.25,-4.48
2024-11-03 15:00:00,733,Tenkasi,6.0,-4.44
2024-11-04 04:00:00,733,Tenkasi,1.5,-4.39
2024-11-06 08:00:00,733,Tenkasi,0.5,-5.45
2024-11-07 23:00:00,733,Tenkasi,0.5,-4.53
2024-11-08 14:00:00,733,Tenkasi,0.5,-4.545
2024-11-14 13:00:00,733,Tenkasi,0.5,-5.154999999999999
2024-11-14 16:00:00,733,Tenkasi,4.75,-5.135
2024-11-14 17:00:00,733,Tenkasi,3.5,-5.135
2024-11-14 18:00:00,733,Tenkasi,0.5,-5.135
2024-11-14 20:00:00,733,Tenkasi,0.5,-5.135
2024-11-15 01:00:00,733,Tenkasi,0.5,-5.13
2024-11-15 02:00:00,733,Tenkasi,0.5,-5.13
2024-11-15 03:00:00,733,Tenkasi,0.5,-5.13
2024-11-15 10:00:00,733,Tenkasi,0.5,-5.15
2024-11-15 11:00:00,733,Tenkasi,3.0,-5.15
2024-11-15 12:00:00,733,Tenkasi,1.0,-5.15
2024-11-15 13:00:00,733,Tenkasi,0.5,-5.15
2024-11-15 19:00:00,733,Tenkasi,9.0,-5.15
2024-11-15 20:00:00,733,Tenkasi,9.0,-5.15
2024-11-16 10:20:00,733,Tenkasi,0.5,-5.125
2024-11-16 10:30:00,733,Tenkasi,0.5,-5.125
2024-11-16 11:00:00,733,Tenkasi,0.5,-5.125
2024-11-16 12:30:00,733,Tenkasi,12.0,-5.125
2024-11-16 13:00:00,733,Tenkasi,4.666666666666667,-5.125
2024-11-16 14:00:00,733,Tenkasi,0.5,-5.125
2024-11-16 15:00:00,733,Tenkasi,16.25,-5.125
2024-11-16 17:30:00,733,Tenkasi,0.5,-5.125
2024-11-16 18:00:00,733,Tenkasi,1.0,-5.125
2024-11-16 19:00:00,733,Tenkasi,5.0,-5.125
2024-11-17 01:30:00,733,Tenkasi,0.5,-5.04
2024-11-17 02:00:00,733,Tenkasi,2.5,-5.04
2024-11-17 02:30:00,733,Tenkasi,1.0,-5.04
2024-11-17 03:00:00,733,Tenkasi,1.0,-5.04
2024-11-17 14:00:00,733,Tenkasi,3.0,-5.109999999999999
2024-11-17 14:30:00,733,Tenkasi,12.0,-5.109999999999999
2024-11-17 15:00:00,733,Tenkasi,16.0,-5.109999999999999
2024-11-17 19:00:00,733,Tenkasi,10.5,-5.04
2024-11-17 19:30:00,733,Tenkasi,1.0,-5.04
2024-11-17 20:00:00,733,Tenkasi,1.0,-5.04
2024-11-17 22:00:00,733,Tenkasi,1.0,-5.02
2024-11-18 14:00:00,733,Tenkasi,0.75,-5.15
2024-11-20 01:00:00,733,Tenkasi,1.0,-5.140000000000001
2024-11-20 01:30:00,733,Tenkasi,2.0,-5.140000000000001
2024-11-20 02:00:00,733,Tenkasi,3.0,-5.140000000000001
2024-11-20 02:30:00,733,Tenkasi,0.5,-5.140000000000001
2024-11-20 03:00:00,733,Tenkasi,3.25,-5.140000000000001
2024-11-20 04:00:00,733,Tenkasi,1.75,-5.154999999999999
2024-11-20 04:30:00,733,Tenkasi,2.0,-5.154999999999999
2024-11-20 05:00:00,733,Tenkasi,2.0,-5.154999999999999
2024-11-20 05:30:00,733,Tenkasi,4.0,-5.154999999999999
2024-11-20 06:00:00,733,Tenkasi,4.333333333333333,-5.154999999999999
2024-11-20 06:30:00,733,Tenkasi,0.5,-5.154999999999999
2024-11-20 07:00:00,733,Tenkasi,1.0,-5.154999999999999
2024-11-20 07:30:00,733,Tenkasi,1.0,-5.154999999999999
2024-11-20 08:00:00,733,Tenkasi,1.1666666666666667,-5.154999999999999
2024-11-20 08:30:00,733,Tenkasi,1.5,-5.154999999999999
2024-11-20 09:00:00,733,Tenkasi,1.6666666666666667,-5.154999999999999
2024-11-20 09:30:00,733,Tenkasi,1.0,-5.145
2024-11-20 10:00:00,733,Tenkasi,1.75,-5.145
2024-11-20 10:30:00,733,Tenkasi,0.5,-5.145
2024-11-20 11:00:00,733,Tenkasi,1.0,-5.145
2024-11-20 11:30:00,733,Tenkasi,1.0,-5.145
2024-11-20 12:00:00,733,Tenkasi,1.0,-5.145
2024-11-20 12:30:00,733,Tenkasi,0.5,-5.145
2024-11-20 13:00:00,733,Tenkasi,0.8333333333333334,-5.145
2024-11-20 14:00:00,733,Tenkasi,1.0,-5.145
2024-11-21 08:30:00,733,Tenkasi,0.5,-5.025
2024-11-21 09:00:00,733,Tenkasi,1.0,-5.025
2024-11-21 09:30:00,733,Tenkasi,0.5,-5.1
2024-11-21 10:00:00,733,Tenkasi,0.5,-5.1
2024-11-21 10:30:00,733,Tenkasi,2.5,-5.1
2024-11-21 11:00:00,733,Tenkasi,1.5,-5.1
2024-11-21 11:30:00,733,Tenkasi,0.5,-5.1
2024-11-21 12:00:00,733,Tenkasi,1.0,-5.1
2024-11-23 20:00:00,733,Tenkasi,5.0,-5.065
2024-11-26 16:00:00,733,Tenkasi,0.5,-5.115
2024-11-26 16:30:00,733,Tenkasi,0.5,-5.115
2024-11-26 17:00:00,733,Tenkasi,2.833333333333333,-5.115
2024-11-26 18:00:00,733,Tenkasi,1.6666666666666667,-5.115
2024-11-26 18:30:00,733,Tenkasi,0.5,-5.115
2024-11-26 19:00:00,733,Tenkasi,0.6666666666666666,-5.115
2024-11-26 20:00:00,733,Tenkasi,0.5,-5.115
2024-11-26 20:30:00,733,Tenkasi,0.5,-5.115
2024-11-26 21:00:00,733,Tenkasi,0.5,-5.115
2024-11-26 23:00:00,733,Tenkasi,0.5,-5.085
2024-11-27 00:00:00,733,Tenkasi,0.5,-5.085
2024-11-27 01:00:00,733,Tenkasi,1.0,-5.085
2024-11-27 01:30:00,733,Tenkasi,0.5,-5.085
2024-11-27 02:00:00,733,Tenkasi,1.0,-5.085
2024-11-27 03:00:00,733,Tenkasi,0.5,-5.085
2024-11-27 04:00:00,733,Tenkasi,0.5,-5.045
2024-11-27 05:00:00,733,Tenkasi,0.75,-5.045
2024-11-27 05:30:00,733,Tenkasi,0.5,-5.045
2024-11-27 06:00:00,733,Tenkasi,0.8333333333333334,-5.045
2024-11-27 06:30:00,733,Tenkasi,0.5,-5.045
2024-11-27 07:00:00,733,Tenkasi,0.5,-5.045
2024-11-27 07:30:00,733,Tenkasi,0.5,-5.045
2024-11-27 08:00:00,733,Tenkasi,0.5,-5.045
2024-11-27 12:00:00,733,Tenkasi,0.5,-5.21
2024-11-27 16:00:00,733,Tenkasi,0.5,-5.12
2024-11-29 16:00:00,733,Tenkasi,3.5,-4.18
2024-12-01 06:30:00,733,Tenkasi,1.0,-5.135
2024-12-01 07:00:00,733,Tenkasi,1.0,-5.135
2024-12-01 10:00:00,733,Tenkasi,0.5,-5.185
2024-12-01 11:00:00,733,Tenkasi,0.5,-5.185
2024-12-01 12:30:00,733,Tenkasi,0.5,-5.185
2024-12-01 13:00:00,733,Tenkasi,0.5,-5.185
2024-12-01 14:00:00,733,Tenkasi,0.5,-5.185
2024-12-01 15:00:00,733,Tenkasi,0.5,-5.185
2024-12-01 15:30:00,733,Tenkasi,0.5,-5.19
2024-12-01 16:00:00,733,Tenkasi,1.0,-5.19
2024-12-01 16:30:00,733,Tenkasi,0.5,-5.19
2024-12-01 17:00:00,733,Tenkasi,1.0,-5.19
2024-12-01 18:00:00,733,Tenkasi,2.0,-5.19
2024-12-01 19:00:00,733,Tenkasi,0.6666666666666666,-5.19
2024-12-01 20:00:00,733,Tenkasi,3.25,-5.19
2024-12-01 21:00:00,733,Tenkasi,0.5,-5.19
2024-12-01 22:00:00,733,Tenkasi,0.5,-5.12
2024-12-03 18:00:00,733,Tenkasi,0.5,-5.074999999999999
2024-12-04 00:00:00,733,Tenkasi,0.5,-5.03
2024-12-04 06:00:00,733,Tenkasi,0.5,-4.995
2024-12-04 10:00:00,733,Tenkasi,2.0,-5.065
2024-12-04 13:00:00,733,Tenkasi,2.0,-5.065
2024-12-04 14:00:00,733,Tenkasi,0.75,-5.065
2024-12-04 19:00:00,733,Tenkasi,4.5,-5.055
2024-12-05 03:00:00,733,Tenkasi,0.5,-5.04
2024-12-05 04:00:00,733,Tenkasi,0.5,-5.015000000000001
2024-12-05 05:00:00,733,Tenkasi,2.5,-5.015000000000001
2024-12-05 06:00:00,733,Tenkasi,1.0,-5.015000000000001
2024-12-05 07:00:00,733,Tenkasi,2.5,-5.015000000000001
2024-12-05 08:00:00,733,Tenkasi,0.5,-5.015000000000001
2024-12-05 09:00:00,733,Tenkasi,1.0,-5.015000000000001
2024-12-05 10:00:00,733,Tenkasi,1.5,-5.045
2024-12-05 11:00:00,733,Tenkasi,3.5,-5.045
2024-12-05 12:00:00,733,Tenkasi,1.0,-5.045
2024-12-07 22:00:00,733,Tenkasi,10.0,-5.12
2024-12-08 00:00:00,733,Tenkasi,3.25,-5.12
2024-12-12 06:00:00,733,Tenkasi,2.0,-5.26
2024-12-12 07:00:00,733,Tenkasi,1.8333333333333333,-5.26
2024-12-12 08:00:00,733,Tenkasi,1.75,-5.26
2024-12-12 09:00:00,733,Tenkasi,5.5,-5.26
2024-12-12 10:00:00,733,Tenkasi,5.666666666666667,-5.305
2024-12-12 11:00:00,733,Tenkasi,6.75,-5.305
2024-12-12 12:00:00,733,Tenkasi,3.0,-5.305
2024-12-12 13:00:00,733,Tenkasi,1.25,-5.305
2024-12-12 14:00:00,733,Tenkasi,3.0,-5.305
2024-12-12 15:00:00,733,Tenkasi,2.0,-5.305
2024-12-12 16:00:00,733,Tenkasi,5.0,-5.285
2024-12-12 17:00:00,733,Tenkasi,5.166666666666667,-5.285
2024-12-12 18:00:00,733,Tenkasi,1.5,-5.285
2024-12-12 19:00:00,733,Tenkasi,11.666666666666666,-5.285
2024-12-12 20:00:00,733,Tenkasi,17.333333333333332,-5.285
2024-12-12 21:00:00,733,Tenkasi,9.833333333333334,-5.285
2024-12-12 22:00:00,733,Tenkasi,10.0,-5.055
2024-12-12 23:00:00,733,Tenkasi,10.333333333333334,-5.055
2024-12-13 00:00:00,733,Tenkasi,6.333333333333333,-5.055
2024-12-13 01:00:00,733,Tenkasi,23.0,-5.055
2024-12-13 02:00:00,733,Tenkasi,37.5,-5.055
2024-12-13 03:00:00,733,Tenkasi,19.666666666666668,-5.055
2024-12-13 04:00:00,733,Tenkasi,15.5,-4.505
2024-12-13 05:00:00,733,Tenkasi,7.666666666666667,-4.505
2024-12-13 06:00:00,733,Tenkasi,15.833333333333334,-4.505
2024-12-13 07:00:00,733,Tenkasi,6.166666666666667,-4.505
2024-12-13 08:00:00,733,Tenkasi,4.0,-4.505
2024-12-13 09:00:00,733,Tenkasi,15.75,-4.505
2024-12-13 10:00:00,733,Tenkasi,9.5,-4.135
2024-12-13 11:00:00,733,Tenkasi,7.0,-4.135
2024-12-13 12:00:00,733,Tenkasi,6.5,-4.135
2024-12-13 13:00:00,733,Tenkasi,7.0,-4.135
2024-12-13 14:00:00,733,Tenkasi,0.8333333333333334,-4.135
2024-12-13 15:00:00,733,Tenkasi,1.0,-4.135
2024-12-13 16:00:00,733,Tenkasi,1.3333333333333333,-3.985
2024-12-13 17:00:00,733,Tenkasi,8.75,-3.985
2024-12-13 18:00:00,733,Tenkasi,2.6666666666666665,-3.985
2024-12-13 19:00:00,733,Tenkasi,2.0,-3.985
2024-12-13 20:00:00,733,Tenkasi,1.25,-3.985
2024-12-13 22:00:00,733,Tenkasi,2.0,-3.89
2024-12-13 23:00:00,733,Tenkasi,33.5,-3.89
2024-12-14 00:00:00,733,Tenkasi,4.5,-3.89
2024-12-14 01:00:00,733,Tenkasi,1.75,-3.89
2024-12-14 02:00:00,733,Tenkasi,0.5,-3.89
2024-12-14 03:00:00,733,Tenkasi,1.75,-3.89
2024-12-14 06:00:00,733,Tenkasi,0.5,-3.8
2024-12-14 07:00:00,733,Tenkasi,0.5,-3.8
2024-12-14 10:00:00,733,Tenkasi,0.75,-3.72
2024-12-14 11:00:00,733,Tenkasi,1.5,-3.72
2024-12-14 12:00:00,733,Tenkasi,1.25,-3.72
2024-12-14 14:00:00,733,Tenkasi,0.5,-3.72
2024-12-14 15:00:00,733,Tenkasi,1.1666666666666667,-3.72
2024-12-14 16:00:00,733,Tenkasi,3.5,-3.54
2024-12-14 17:00:00,733,Tenkasi,2.25,-3.54
2024-12-14 18:00:00,733,Tenkasi,3.5,-3.54
2024-12-14 19:00:00,733,Tenkasi,0.5,-3.54
2024-12-14 20:00:00,733,Tenkasi,0.5,-3.54
2024-12-17 23:00:00,733,Tenkasi,1.0,-2.36
2024-12-18 00:00:00,733,Tenkasi,0.5,-2.36
2024-12-18 02:00:00,733,Tenkasi,0.5,-2.36
2024-12-19 17:00:00,733,Tenkasi,7.5,-2.36
2024-12-20 20:00:00,733,Tenkasi,0.5,-2.365
2024-12-29 01:00:00,733,Tenkasi,0.75,-2.58
2024-12-29 02:00:00,733,Tenkasi,2.0,-2.58
2024-12-29 03:00:00,733,Tenkasi,0.5,-2.58
2024-12-30 05:00:00,733,Tenkasi,0.5,-2.555
2024-12-30 14:00:00,733,Tenkasi,0.5,-2.635
2024-12-30 15:00:00,733,Tenkasi,0.5,-2.635
2024-12-30 16:00:00,733,Tenkasi,0.5,-2.65
2024-12-30 17:00:00,733,Tenkasi,0.5,-2.65
2024-12-30 18:00:00,733,Tenkasi,1.0,-2.65
2024-12-31 03:00:00,733,Tenkasi,0.5,-2.645
2024-12-31 06:00:00,733,Tenkasi,1.75,-2.61
2024-12-31 07:00:00,733,Tenkasi,0.75,-2.61
2024-12-31 08:00:00,733,Tenkasi,1.0,-2.61
2024-12-31 13:00:00,733,Tenkasi,2.0,-2.67
2024-12-31 14:00:00,733,Tenkasi,1.5,-2.67
2024-12-31 15:00:00,733,Tenkasi,2.0,-2.67
2025-01-12 23:00:00,733,Tenkasi,0.5,-3.095
2025-01-13 12:00:00,733,Tenkasi,2.5,-3.115
2025-01-13 20:00:00,733,Tenkasi,1.5,-3.1
2025-01-14 19:00:00,733,Tenkasi,0.5,-3.075
2025-01-14 20:00:00,733,Tenkasi,3.0,-3.075
2025-01-14 21:00:00,733,Tenkasi,1.75,-3.075
2025-01-15 00:00:00,733,Tenkasi,0.5,-3.055
2025-01-15 11:00:00,733,Tenkasi,0.5,-3.07
2025-01-15 20:00:00,733,Tenkasi,0.5,-3.045
2025-01-18 16:00:00,733,Tenkasi,0.5,-3.07
2025-01-19 02:00:00,733,Tenkasi,0.5,-3.02
2025-01-19 03:00:00,733,Tenkasi,1.0,-3.02
2025-01-19 04:00:00,733,Tenkasi,3.0,-2.94
2025-01-19 05:00:00,733,Tenkasi,3.0,-2.94
2025-01-19 06:00:00,733,Tenkasi,7.666666666666667,-2.94
2025-01-19 07:00:00,733,Tenkasi,4.5,-2.94
2025-01-19 08:00:00,733,Tenkasi,1.6666666666666667,-2.94
2025-01-19 09:00:00,733,Tenkasi,0.5,-2.94
2025-01-19 12:00:00,733,Tenkasi,1.0,-2.93
2025-01-19 13:00:00,733,Tenkasi,3.25,-2.93
2025-01-19 14:00:00,733,Tenkasi,0.5,-2.93
2025-01-19 15:00:00,733,Tenkasi,4.0,-2.93
2025-01-19 16:00:00,733,Tenkasi,4.25,-2.905
2025-01-19 17:00:00,733,Tenkasi,1.3333333333333333,-2.905
2025-01-19 18:00:00,733,Tenkasi,4.0,-2.905
2025-01-19 19:00:00,733,Tenkasi,1.0,-2.905
2025-01-19 21:00:00,733,Tenkasi,1.5,-2.905
2025-01-19 23:00:00,733,Tenkasi,0.5,-2.88
2025-01-22 12:00:00,733,Tenkasi,0.5,-2.89
2025-01-22 14:00:00,733,Tenkasi,1.5,-2.89
2025-01-22 21:00:00,733,Tenkasi,0.5,-2.915
2025-01-23 02:00:00,733,Tenkasi,0.5,-2.91
2025-01-23 03:00:00,733,Tenkasi,0.5,-2.91
2025-01-31 15:30:00,733,Tenkasi,0.5,-3.2350000000000003
2025-01-31 16:00:00,733,Tenkasi,0.5,-3.2350000000000003
2025-01-31 17:00:00,733,Tenkasi,6.5,-3.2350000000000003
2025-02-28 19:00:00,733,Tenkasi,4.5,-3.685
2025-03-01 03:00:00,733,Tenkasi,2.5,-3.66
2025-03-01 04:00:00,733,Tenkasi,0.5,-3.585
2025-03-01 05:00:00,733,Tenkasi,4.0,-3.585
2025-03-01 06:00:00,733,Tenkasi,4.0,-3.585
2025-03-01 08:00:00,733,Tenkasi,0.5,-3.585
2025-03-01 14:00:00,733,Tenkasi,6.0,-3.585
2025-03-01 15:00:00,733,Tenkasi,1.5,-3.585
2025-03-02 01:00:00,733,Tenkasi,1.5,-3.4799999999999995
2025-03-02 02:00:00,733,Tenkasi,0.5,-3.4799999999999995
2025-03-02 05:00:00,733,Tenkasi,1.0,-3.395
2025-03-02 06:00:00,733,Tenkasi,1.0,-3.395
2025-03-02 07:00:00,733,Tenkasi,0.5,-3.395
2025-03-02 08:00:00,733,Tenkasi,2.5,-3.395
2025-03-02 10:00:00,733,Tenkasi,2.0,-3.45
2025-03-02 11:00:00,733,Tenkasi,5.0,-3.45
2025-03-02 15:00:00,733,Tenkasi,4.0,-3.45
2025-03-02 16:00:00,733,Tenkasi,1.5,-3.405
2025-03-08 20:00:00,733,Tenkasi,3.0,-1.55
2025-03-08 21:00:00,733,Tenkasi,0.5,-1.55
2025-03-11 09:00:00,733,Tenkasi,0.5,-3.6
2025-03-11 10:00:00,733,Tenkasi,0.5,-3.635
2025-03-11 12:00:00,733,Tenkasi,8.5,-3.635
2025-03-11 13:00:00,733,Tenkasi,1.5,-3.635
2025-03-11 14:00:00,733,Tenkasi,0.5,-3.635
2025-03-11 15:00:00,733,Tenkasi,1.0,-3.635
2025-03-11 16:00:00,733,Tenkasi,0.5,-3.705
2025-03-11 19:00:00,733,Tenkasi,1.0,-3.705
2025-03-12 11:00:00,733,Tenkasi,0.5,-3.515
2025-03-12 11:05:00,733,Tenkasi,0.5,-3.515
2025-03-12 11:10:00,733,Tenkasi,0.5,-3.515
2025-03-12 11:15:00,733,Tenkasi,1.5,-3.515
2025-03-12 11:20:00,733,Tenkasi,2.5,-3.515
2025-03-12 11:25:00,733,Tenkasi,2.5,-3.515
2025-03-12 11:30:00,733,Tenkasi,3.0,-3.515
2025-03-12 11:35:00,733,Tenkasi,4.0,-3.515
2025-03-12 11:40:00,733,Tenkasi,6.0,-3.515
2025-03-12 11:45:00,733,Tenkasi,9.5,-3.515
2025-03-12 11:50:00,733,Tenkasi,13.5,-3.515
2025-03-12 11:55:00,733,Tenkasi,15.5,-3.515
2025-03-12 12:00:00,733,Tenkasi,16.5,-3.515
2025-03-12 12:05:00,733,Tenkasi,2.0,-3.515
2025-03-12 12:10:00,733,Tenkasi,3.5,-3.515
2025-03-12 12:15:00,733,Tenkasi,4.0,-3.515
2025-03-12 12:20:00,733,Tenkasi,5.0,-3.515
2025-03-12 12:25:00,733,Tenkasi,5.5,-3.515
2025-03-12 12:30:00,733,Tenkasi,6.0,-3.515
2025-03-12 12:35:00,733,Tenkasi,6.5,-3.515
2025-03-12 12:40:00,733,Tenkasi,7.0,-3.515
2025-03-12 12:45:00,733,Tenkasi,7.0,-3.515
2025-03-12 12:50:00,733,Tenkasi,7.5,-3.515
2025-03-12 12:55:00,733,Tenkasi,7.5,-3.515
2025-03-12 13:00:00,733,Tenkasi,7.5,-3.515
2025-03-12 13:05:00,733,Tenkasi,0.5,-3.515
2025-03-12 13:10:00,733,Tenkasi,0.5,-3.515
2025-03-12 13:15:00,733,Tenkasi,1.0,-3.515
2025-03-12 13:20:00,733,Tenkasi,1.0,-3.515
2025-03-12 13:25:00,733,Tenkasi,1.0,-3.515
2025-03-12 13:30:00,733,Tenkasi,1.0,-3.515
2025-03-12 13:35:00,733,Tenkasi,1.0,-3.515
2025-03-12 13:40:00,733,Tenkasi,1.0,-3.515
2025-03-12 13:45:00,733,Tenkasi,1.0,-3.515
2025-03-12 13:50:00,733,Tenkasi,1.0,-3.515
2025-03-12 13:55:00,733,Tenkasi,1.0,-3.515
2025-03-12 14:00:00,733,Tenkasi,1.0,-3.515
2025-03-18 19:00:00,733,Tenkasi,6.0,-3.7
2025-03-18 19:05:00,733,Tenkasi,7.0,-3.7
2025-03-18 19:10:00,733,Tenkasi,11.5,-3.7
2025-03-18 19:15:00,733,Tenkasi,13.0,-3.7
2025-03-18 19:20:00,733,Tenkasi,13.5,-3.7
2025-03-18 19:25:00,733,Tenkasi,14.5,-3.7
2025-03-18 19:30:00,733,Tenkasi,15.5,-3.7
2025-03-18 19:35:00,733,Tenkasi,17.0,-3.7
2025-03-18 19:40:00,733,Tenkasi,17.0,-3.7
2025-03-18 19:45:00,733,Tenkasi,17.0,-3.7
2025-03-18 19:50:00,733,Tenkasi,17.0,-3.7
2025-03-18 19:55:00,733,Tenkasi,17.0,-3.7
2025-03-18 20:00:00,733,Tenkasi,17.5,-3.7
2025-03-20 02:30:00,733,Tenkasi,1.0,-3.5650000000000004
2025-03-20 03:00:00,733,Tenkasi,1.0,-3.5650000000000004
2025-03-22 14:30:00,733,Tenkasi,0.5,-3.37
2025-03-22 15:00:00,733,Tenkasi,0.5,-3.37
2025-03-22 15:30:00,733,Tenkasi,3.0,-3.435
2025-03-22 16:00:00,733,Tenkasi,3.5,-3.435
2025-03-23 18:00:00,733,Tenkasi,1.0,-3.415
2025-03-26 23:00:00,733,Tenkasi,0.5,-3.79
2025-04-02 19:00:00,733,Tenkasi,4.0,-3.755
2025-04-02 19:30:00,733,Tenkasi,45.0,-3.755
2025-04-02 20:00:00,733,Tenkasi,44.75,-3.755
2025-04-02 20:30:00,733,Tenkasi,13.0,-3.755
2025-04-02 21:00:00,733,Tenkasi,7.75,-3.755
2025-04-02 21:30:00,733,Tenkasi,0.5,-3.69
2025-04-02 22:00:00,733,Tenkasi,16.75,-3.69
2025-04-02 23:00:00,733,Tenkasi,0.5,-3.69
2025-04-03 18:30:00,733,Tenkasi,0.5,-3.595
2025-04-03 19:00:00,733,Tenkasi,1.0,-3.595
2025-04-03 19:30:00,733,Tenkasi,1.5,-3.595
2025-04-03 20:00:00,733,Tenkasi,3.75,-3.595
2025-04-03 20:30:00,733,Tenkasi,1.0,-3.595
2025-04-03 21:00:00,733,Tenkasi,14.0,-3.595
2025-04-03 21:30:00,733,Tenkasi,1.0,-3.555
2025-04-03 22:00:00,733,Tenkasi,1.5,-3.555
2025-04-03 22:30:00,733,Tenkasi,0.5,-3.555
2025-04-03 23:00:00,733,Tenkasi,1.0,-3.555
2025-04-03 23:30:00,733,Tenkasi,0.5,-3.555
2025-04-04 00:00:00,733,Tenkasi,1.0,-3.555
2025-04-04 01:30:00,733,Tenkasi,0.5,-3.555
2025-04-04 02:00:00,733,Tenkasi,0.5,-3.555
2025-04-04 04:00:00,733,Tenkasi,0.5,-3.51
2025-04-04 18:00:00,733,Tenkasi,0.5,-3.555
2025-04-05 22:30:00,733,Tenkasi,0.5,-3.535
2025-04-05 23:00:00,733,Tenkasi,0.5,-3.535
2025-04-06 14:00:00,733,Tenkasi,0.5,-5.31
2025-04-06 15:00:00,733,Tenkasi,7.0,-5.31
2025-04-06 16:00:00,733,Tenkasi,5.0,-5.36
2025-04-06 19:00:00,733,Tenkasi,0.5,-5.36
2025-04-07 20:30:00,733,Tenkasi,0.5,-3.565
2025-04-08 21:00:00,733,Tenkasi,0.5,-5.33
2025-04-11 18:00:00,733,Tenkasi,0.5,-3.645
2025-04-11 19:00:00,733,Tenkasi,0.5,-3.645
2025-04-12 09:00:00,733,Tenkasi,0.5,-3.49
2025-04-13 16:00:00,733,Tenkasi,2.0,-3.62
2025-04-14 21:00:00,733,Tenkasi,3.0,-3.505
2025-04-19 15:00:00,733,Tenkasi,0.5,-1.7
2025-04-22 19:00:00,733,Tenkasi,0.5,-3.705
2025-04-22 22:00:00,733,Tenkasi,0.5,-3.74
2025-04-26 18:00:00,733,Tenkasi,7.0,-3.93
2025-05-01 18:00:00,733,Tenkasi,0.5,-1.87
2025-05-01 19:00:00,733,Tenkasi,0.5,-1.87
2025-05-01 20:30:00,733,Tenkasi,0.5,-1.87
2025-05-01 21:00:00,733,Tenkasi,0.5,-1.87
2025-05-01 22:00:00,733,Tenkasi,0.5,-1.86
2025-05-02 00:00:00,733,Tenkasi,0.5,-1.86
2025-05-02 03:00:00,733,Tenkasi,0.5,-1.86
2025-05-02 16:00:00,733,Tenkasi,4.0,-4.01
2025-05-02 16:30:00,733,Tenkasi,1.0,-4.01
2025-05-02 17:00:00,733,Tenkasi,8.833333333333334,-4.01
2025-05-02 18:00:00,733,Tenkasi,10.25,-4.01
2025-05-02 19:00:00,733,Tenkasi,13.5,-4.01
2025-05-05 06:00:00,733,Tenkasi,3.5,-3.92
2025-05-06 16:00:00,733,Tenkasi,0.5,-4.0200000000000005
2025-05-06 19:30:00,733,Tenkasi,0.5,-4.0200000000000005
2025-05-06 20:00:00,733,Tenkasi,1.0,-4.0200000000000005
2025-05-07 18:00:00,733,Tenkasi,0.5,-4.085
2025-05-07 19:00:00,733,Tenkasi,1.25,-4.085
2025-05-07 20:00:00,733,Tenkasi,1.0,-4.085
2025-05-07 21:00:00,733,Tenkasi,1.5,-4.085
2025-05-07 21:30:00,733,Tenkasi,0.5,-4.04
2025-05-07 22:00:00,733,Tenkasi,0.5,-4.04
2025-05-07 23:00:00,733,Tenkasi,0.5,-4.04
2025-05-08 01:00:00,733,Tenkasi,0.5,-4.04
2025-05-19 17:00:00,733,Tenkasi,0.5,-4.29
2025-05-19 17:30:00,733,Tenkasi,0.5,-4.29
2025-05-19 18:00:00,733,Tenkasi,0.5,-4.29
2025-05-19 18:30:00,733,Tenkasi,0.5,-4.29
2025-05-19 19:00:00,733,Tenkasi,4.0,-4.29
2025-05-19 19:30:00,733,Tenkasi,0.5,-4.29
2025-05-19 20:00:00,733,Tenkasi,0.5,-4.29
2025-05-19 20:30:00,733,Tenkasi,0.5,-4.29
2025-05-19 21:00:00,733,Tenkasi,0.5,-4.29
2025-05-19 21:30:00,733,Tenkasi,0.5,-4.2
2025-05-19 22:00:00,733,Tenkasi,0.5,-4.2
2025-05-19 23:00:00,733,Tenkasi,0.5,-4.2
2025-05-20 00:30:00,733,Tenkasi,0.5,-4.2
2025-05-20 01:00:00,733,Tenkasi,0.5,-4.2
2025-05-20 03:00:00,733,Tenkasi,0.5,-4.2
2025-05-20 06:30:00,733,Tenkasi,0.5,-4.04
2025-05-20 10:00:00,733,Tenkasi,0.5,-4.01
2025-05-20 13:00:00,733,Tenkasi,0.5,-4.01
2025-05-23 07:00:00,733,Tenkasi,0.5,-3.97
2025-05-23 09:00:00,733,Tenkasi,0.5,-3.97
2025-05-23 10:00:00,733,Tenkasi,0.5,-4.035
2025-05-23 11:00:00,733,Tenkasi,4.0,-4.035
2025-05-29 20:00:00,733,Tenkasi,0.5,-2.54
2025-05-29 23:00:00,733,Tenkasi,0.5,-2.43
2025-05-30 02:00:00,733,Tenkasi,0.5,-2.43
2025-05-30 05:00:00,733,Tenkasi,0.5,-2.38
2025-05-30 08:00:00,733,Tenkasi,0.5,-2.38
2025-05-30 11:00:00,733,Tenkasi,0.5,-2.405
2025-05-30 21:00:00,733,Tenkasi,0.5,-2.39
2025-06-04 03:00:00,733,Tenkasi,0.5,-2.62
2025-06-10 18:00:00,733,Tenkasi,0.5,-3.09
2025-06-13 21:00:00,733,Tenkasi,1.0,-2.925
2025-06-13 22:00:00,733,Tenkasi,0.5,-2.8200000000000003
2025-06-13 23:00:00,733,Tenkasi,1.0,-2.8200000000000003
2025-06-14 00:00:00,733,Tenkasi,0.5,-2.8200000000000003
2025-06-15 02:00:00,733,Tenkasi,0.5,-2.725
2025-06-15 11:00:00,733,Tenkasi,0.5,-2.655
2025-06-15 15:00:00,733,Tenkasi,1.0,-2.655
2025-06-15 17:00:00,733,Tenkasi,0.5,-2.595
2025-06-15 21:00:00,733,Tenkasi,1.0,-2.595
2025-06-15 23:00:00,733,Tenkasi,1.5,-2.56
2025-06-16 00:00:00,733,Tenkasi,0.5,-2.56
2025-06-16 03:00:00,733,Tenkasi,0.5,-2.56
2025-06-16 05:00:00,733,Tenkasi,0.5,-2.4850000000000003
2025-06-16 14:00:00,733,Tenkasi,0.5,-2.48
2025-06-16 15:00:00,733,Tenkasi,1.0,-2.48
2025-06-16 16:00:00,733,Tenkasi,0.5,-2.535
2025-06-16 18:00:00,733,Tenkasi,0.5,-2.535
2025-06-16 20:00:00,733,Tenkasi,0.5,-2.535
2025-06-16 21:00:00,733,Tenkasi,0.5,-2.535
2025-06-19 17:00:00,733,Tenkasi,0.5,-2.645
2025-06-23 01:00:00,733,Tenkasi,0.5,-2.79
2025-06-24 02:00:00,733,Tenkasi,2.0,-2.855
2025-06-24 03:00:00,733,Tenkasi,0.5,-2.855
2025-06-25 09:00:00,733,Tenkasi,0.5,-2.76
2025-06-25 16:00:00,733,Tenkasi,0.5,-2.6900000000000004
2025-06-25 21:00:00,733,Tenkasi,1.0,-2.6900000000000004
2025-06-25 22:00:00,733,Tenkasi,0.5,-2.625
2025-06-25 23:00:00,733,Tenkasi,0.5,-2.625
2025-06-26 00:00:00,733,Tenkasi,0.5,-2.625
2025-06-26 01:00:00,733,Tenkasi,0.5,-2.625
2025-06-26 11:00:00,733,Tenkasi,0.5,-2.605
2025-06-26 23:00:00,733,Tenkasi,0.5,-2.68
2025-07-15 21:00:00,733,Tenkasi,2.0,-3.81
2025-07-15 22:00:00,733,Tenkasi,0.5,-3.82
2025-07-15 23:00:00,733,Tenkasi,1.0,-3.82
2025-07-16 00:00:00,733,Tenkasi,0.5,-3.82
2025-07-20 00:00:00,733,Tenkasi,3.0,-3.815
2025-07-20 01:00:00,733,Tenkasi,2.5,-3.815
2025-07-20 03:00:00,733,Tenkasi,0.5,-3.815
2025-07-20 06:00:00,733,Tenkasi,0.5,-3.59
2025-07-20 13:00:00,733,Tenkasi,0.5,-3.56
2025-07-20 17:00:00,733,Tenkasi,1.0,-3.54
2025-07-20 18:00:00,733,Tenkasi,1.0,-3.54
2025-07-21 02:00:00,733,Tenkasi,0.5,-3.73
2025-07-21 04:00:00,733,Tenkasi,1.0,-3.675
2025-07-21 05:00:00,733,Tenkasi,1.0,-3.675
2025-07-21 13:00:00,733,Tenkasi,0.5,-3.7
2025-07-22 20:00:00,733,Tenkasi,0.5,-3.625
2025-07-23 00:00:00,733,Tenkasi,0.5,-3.61
2025-07-23 19:00:00,733,Tenkasi,2.0,-2.85
2025-07-23 22:00:00,733,Tenkasi,0.5,-2.61
2025-07-24 14:00:00,733,Tenkasi,1.5,-3.35
2025-07-24 20:00:00,733,Tenkasi,1.0,-3.26
2025-07-24 23:00:00,733,Tenkasi,0.5,-3.26
2025-07-27 10:00:00,733,Tenkasi,0.5,-3.14
2025-08-04 15:00:00,733,Tenkasi,1.0,-3.75
2025-08-15 04:00:00,733,Tenkasi,1.0,-4.53
2025-08-16 20:00:00,733,Tenkasi,0.5,-4.455
2025-08-16 21:00:00,733,Tenkasi,0.5,-4.455
2025-08-16 23:00:00,733,Tenkasi,0.5,-4.4
2025-08-17 00:00:00,733,Tenkasi,0.5,-4.4
2025-08-17 02:00:00,733,Tenkasi,0.5,-4.4
2025-08-17 03:00:00,733,Tenkasi,0.5,-4.4
2025-08-17 07:00:00,733,Tenkasi,0.5,-4.345
2025-08-17 08:00:00,733,Tenkasi,1.0,-4.345
2025-08-17 13:00:00,733,Tenkasi,0.5,-4.345
2025-08-17 14:00:00,733,Tenkasi,0.5,-4.345
2025-08-17 23:00:00,733,Tenkasi,0.5,-4.34
2025-08-18 09:00:00,733,Tenkasi,3.0,-4.305
2025-08-18 10:00:00,733,Tenkasi,3.0,-4.33
2025-08-18 13:00:00,733,Tenkasi,12.5,-4.33
2025-08-27 06:00:00,733,Tenkasi,0.5,-4.734999999999999
2025-08-27 07:00:00,733,Tenkasi,0.5,-4.734999999999999
2025-08-27 23:00:00,733,Tenkasi,2.5,-4.75
2025-08-28 00:00:00,733,Tenkasi,0.5,-4.75
2025-08-28 01:00:00,733,Tenkasi,2.5,-4.75
2025-08-28 03:00:00,733,Tenkasi,0.5,-4.75
2025-08-28 07:00:00,733,Tenkasi,0.5,-4.695
2025-08-28 08:00:00,733,Tenkasi,0.5,-4.695
2025-08-28 12:00:00,733,Tenkasi,1.0,-4.75
2025-09-09 17:00:00,733,Tenkasi,1.5,-5.31
2025-09-09 18:00:00,733,Tenkasi,1.5,-5.31
2025-09-09 19:00:00,733,Tenkasi,8.0,-5.31
2025-09-17 15:00:00,733,Tenkasi,0.5,-5.33
2025-09-17 16:00:00,733,Tenkasi,0.5,-5.3100000000000005
2025-09-21 19:00:00,733,Tenkasi,0.5,-5.635
2025-09-24 16:00:00,733,Tenkasi,0.5,-5.855
2025-09-24 20:00:00,733,Tenkasi,0.5,-5.855
2025-09-25 11:00:00,733,Tenkasi,0.5,-5.875
2025-09-25 12:00:00,733,Tenkasi,0.5,-5.875
2025-09-25 13:00:00,733,Tenkasi,2.0,-5.875
2025-09-25 14:00:00,733,Tenkasi,1.75,-5.875
2025-09-25 15:00:00,733,Tenkasi,0.6666666666666666,-5.875
2025-09-25 16:00:00,733,Tenkasi,2.0,-5.74
2025-09-25 17:00:00,733,Tenkasi,0.75,-5.74
2025-09-25 18:00:00,733,Tenkasi,1.1666666666666667,-5.74
2025-09-25 19:00:00,733,Tenkasi,1.3333333333333333,-5.74
2025-09-25 20:00:00,733,Tenkasi,2.0,-5.74
2025-09-25 21:00:00,733,Tenkasi,0.5,-5.74
2025-09-26 00:00:00,733,Tenkasi,1.5,-5.605
2025-09-26 01:00:00,733,Tenkasi,1.0,-5.605
2025-09-26 03:00:00,733,Tenkasi,0.5,-5.605
2025-09-26 10:00:00,733,Tenkasi,0.75,-5.425000000000001
2025-09-26 15:00:00,733,Tenkasi,1.0,-5.425000000000001
2025-09-26 18:00:00,733,Tenkasi,0.5,-5.48
2025-09-26 19:00:00,733,Tenkasi,0.5,-5.48
2025-09-26 22:00:00,733,Tenkasi,0.5,-5.41
2025-09-28 05:00:00,733,Tenkasi,0.5,-5.385
2025-09-28 21:00:00,733,Tenkasi,1.0,-5.46
2025-09-29 00:00:00,733,Tenkasi,1.5,-5.48
2025-09-29 04:00:00,733,Tenkasi,0.5,-5.475
2025-09-29 05:00:00,733,Tenkasi,1.5,-5.475
2025-09-29 08:00:00,733,Tenkasi,1.0,-5.475
2025-09-29 11:00:00,733,Tenkasi,1.5,-5.51
2025-09-29 13:00:00,733,Tenkasi,1.0,-5.51
2025-09-29 15:00:00,733,Tenkasi,0.5,-5.51
2025-09-29 16:00:00,733,Tenkasi,1.5,-5.505
2025-10-03 16:00:00,733,Tenkasi,9.5,-3.75
2025-10-03 17:00:00,733,Tenkasi,5.0,-3.75
2025-10-04 13:00:00,733,Tenkasi,35.0,-5.815
2025-10-04 14:00:00,733,Tenkasi,3.0,-5.815
2025-10-04 17:00:00,733,Tenkasi,3.5,-5.76
2025-10-04 18:00:00,733,Tenkasi,14.5,-5.76
2025-10-04 19:00:00,733,Tenkasi,5.5,-5.76
2025-10-04 21:00:00,733,Tenkasi,1.25,-5.76
2025-10-05 13:00:00,733,Tenkasi,3.5,-5.77
2025-10-05 14:00:00,733,Tenkasi,1.5,-5.77
2025-11-14 07:00:00,733,Tenkasi,0.5,-2.345
2025-11-14 15:00:00,733,Tenkasi,1.5,-2.345
2025-11-14 20:00:00,733,Tenkasi,2.0,-2.345
2025-11-14 23:00:00,733,Tenkasi,0.5,-2.345
2025-11-16 17:00:00,733,Tenkasi,0.5,-2.345
2025-11-17 17:00:00,733,Tenkasi,1.25,-2.345
2025-11-17 18:00:00,733,Tenkasi,0.5,-2.345
2025-11-18 00:00:00,733,Tenkasi,0.5,-2.345
2025-11-18 02:00:00,733,Tenkasi,0.5,-2.345
2025-11-18 03:00:00,733,Tenkasi,0.5,-2.345
2025-11-18 04:00:00,733,Tenkasi,0.5,-2.345
2025-11-18 08:00:00,733,Tenkasi,0.5,-2.345
2025-11-18 09:00:00,733,Tenkasi,1.0,-2.345
2025-11-18 12:00:00,733,Tenkasi,0.5,-2.345
2025-11-18 13:00:00,733,Tenkasi,5.0,-2.345
2025-11-18 14:00:00,733,Tenkasi,3.0,-2.345
2025-11-18 15:00:00,733,Tenkasi,2.5,-2.345
2025-11-18 16:00:00,733,Tenkasi,1.5,-2.345
2025-11-18 17:00:00,733,Tenkasi,3.6666666666666665,-2.345
2025-11-18 18:00:00,733,Tenkasi,4.666666666666667,-2.345
2025-11-18 19:00:00,733,Tenkasi,1.5,-2.345
2025-11-18 21:00:00,733,Tenkasi,2.25,-2.345
2025-11-18 22:00:00,733,Tenkasi,10.0,-2.345
2025-11-18 23:00:00,733,Tenkasi,4.0,-2.345
2025-11-19 00:00:00,733,Tenkasi,1.5,-2.345
2025-11-19 01:00:00,733,Tenkasi,8.5,-2.345
2025-11-19 02:00:00,733,Tenkasi,2.0,-2.345
2025-11-19 03:00:00,733,Tenkasi,4.666666666666667,-2.345
2025-11-19 04:00:00,733,Tenkasi,1.25,-2.345
2025-11-19 05:00:00,733,Tenkasi,0.5,-2.345
2025-11-19 17:00:00,733,Tenkasi,3.0,-2.345
2025-11-19 18:00:00,733,Tenkasi,0.5,-2.345
2025-11-19 20:00:00,733,Tenkasi,10.0,-2.345
2025-11-19 21:00:00,733,Tenkasi,17.5,-2.345
2025-11-19 22:00:00,733,Tenkasi,17.25,-2.345
2025-11-19 23:00:00,733,Tenkasi,31.75,-2.345
2025-11-20 00:00:00,733,Tenkasi,8.5,-2.345
2025-11-21 21:00:00,733,Tenkasi,4.0,-2.655
2025-11-21 22:00:00,733,Tenkasi,1.1666666666666667,-2.5650000000000004
2025-11-21 23:00:00,733,Tenkasi,1.25,-2.5650000000000004
2025-11-22 00:00:00,733,Tenkasi,4.75,-2.5650000000000004
2025-11-22 01:00:00,733,Tenkasi,3.5,-2.5650000000000004
2025-11-22 02:00:00,733,Tenkasi,3.0,-2.5650000000000004
2025-11-22 03:00:00,733,Tenkasi,1.25,-2.5650000000000004
2025-11-22 05:00:00,733,Tenkasi,0.5,-2.48
2025-11-22 06:00:00,733,Tenkasi,0.75,-2.48
2025-11-22 07:00:00,733,Tenkasi,1.25,-2.48
2025-11-22 13:00:00,733,Tenkasi,4.75,-2.5700000000000003
2025-11-22 14:00:00,733,Tenkasi,2.333333333333333,-2.5700000000000003
2025-11-22 15:00:00,733,Tenkasi,10.25,-2.5700000000000003
2025-11-22 16:00:00,733,Tenkasi,0.5,-2.485
2025-11-22 17:00:00,733,Tenkasi,0.5,-2.485
2025-11-22 18:00:00,733,Tenkasi,4.666666666666667,-2.485
2025-11-22 19:00:00,733,Tenkasi,8.5,-2.485
2025-11-22 20:00:00,733,Tenkasi,7.5,-2.485
2025-11-22 21:00:00,733,Tenkasi,5.0,-2.485
2025-11-22 22:00:00,733,Tenkasi,4.75,-2.3
2025-11-22 23:00:00,733,Tenkasi,2.75,-2.3
2025-11-23 02:00:00,733,Tenkasi,0.5,-2.3
2025-11-23 03:00:00,733,Tenkasi,1.0,-2.3
2025-11-23 04:00:00,733,Tenkasi,2.0,-2.215
2025-11-23 05:00:00,733,Tenkasi,1.0,-2.215
2025-11-23 06:00:00,733,Tenkasi,0.5,-2.215
2025-11-23 11:00:00,733,Tenkasi,0.5,-2.25
2025-11-23 12:00:00,733,Tenkasi,0.5,-2.25
2025-11-23 13:00:00,733,Tenkasi,2.5,-2.25
2025-11-23 14:00:00,733,Tenkasi,9.0,-2.25
2025-11-23 15:00:00,733,Tenkasi,1.75,-2.25
2025-11-23 16:00:00,733,Tenkasi,3.0,-2.225
2025-11-23 17:00:00,733,Tenkasi,7.5,-2.225
2025-11-23 18:00:00,733,Tenkasi,3.6666666666666665,-2.225
2025-11-23 19:00:00,733,Tenkasi,7.666666666666667,-2.225
2025-11-23 20:00:00,733,Tenkasi,6.666666666666667,-2.225
2025-11-23 21:00:00,733,Tenkasi,4.5,-2.225
2025-11-23 22:00:00,733,Tenkasi,5.333333333333333,-2.14
2025-11-23 23:00:00,733,Tenkasi,10.0,-2.14
2025-11-24 00:00:00,733,Tenkasi,2.6666666666666665,-2.14
2025-11-24 01:00:00,733,Tenkasi,0.5,-2.14
2025-11-24 03:00:00,733,Tenkasi,1.5,-2.14
2025-11-24 04:00:00,733,Tenkasi,1.5,-2.085
2025-11-24 05:00:00,733,Tenkasi,1.5,-2.085
2025-11-24 06:00:00,733,Tenkasi,1.0,-2.085
2025-11-24 08:00:00,733,Tenkasi,1.5,-2.085
2025-11-24 09:00:00,733,Tenkasi,3.0,-2.085
2025-11-24 10:00:00,733,Tenkasi,1.25,-2.1
2025-11-24 11:00:00,733,Tenkasi,0.5,-2.1
2025-11-24 13:00:00,733,Tenkasi,0.75,-2.1
2025-11-25 02:00:00,733,Tenkasi,0.5,-2.085
2025-11-25 03:00:00,733,Tenkasi,1.5,-2.085
2025-12-01 23:00:00,733,Tenkasi,2.0,-2.42
2025-12-02 00:00:00,733,Tenkasi,4.0,-2.42
2025-12-02 08:00:00,733,Tenkasi,0.5,-2.395
2025-12-03 18:00:00,733,Tenkasi,2.0,-2.495
2025-12-03 19:00:00,733,Tenkasi,0.5,-2.495
2025-12-03 23:00:00,733,Tenkasi,0.5,-2.465
2025-12-04 05:00:00,733,Tenkasi,0.5,-2.435
2025-12-04 06:00:00,733,Tenkasi,1.0,-2.435
2025-12-04 11:00:00,733,Tenkasi,0.5,-2.535
2025-12-04 13:00:00,733,Tenkasi,0.5,-2.535
2025-12-04 18:00:00,733,Tenkasi,0.5,-2.48
2025-12-04 21:00:00,733,Tenkasi,5.5,-2.48
2025-12-04 22:00:00,733,Tenkasi,1.5,-2.465
2025-12-05 07:00:00,733,Tenkasi,0.5,-2.46
2025-12-05 09:00:00,733,Tenkasi,1.0,-2.46
2025-12-05 10:00:00,733,Tenkasi,0.5,-2.495
2025-12-05 11:00:00,733,Tenkasi,0.5,-2.495
2025-12-05 14:00:00,733,Tenkasi,4.5,-2.495
2025-12-05 15:00:00,733,Tenkasi,1.25,-2.495
2025-12-05 20:00:00,733,Tenkasi,1.5,-2.485
2025-12-05 22:00:00,733,Tenkasi,0.5,-2.46
2025-12-06 02:00:00,733,Tenkasi,2.5,-2.46
2025-12-06 05:00:00,733,Tenkasi,0.5,-2.435
2025-12-06 08:00:00,733,Tenkasi,1.5,-2.435
2025-12-08 00:00:00,733,Tenkasi,2.5,-2.505
2025-12-16 19:00:00,733,Tenkasi,0.5,-2.88
2025-12-16 22:00:00,733,Tenkasi,0.5,-2.855
2025-12-16 23:00:00,733,Tenkasi,1.25,-2.855
2025-12-17 00:00:00,733,Tenkasi,1.5,-2.855
2025-12-17 02:00:00,733,Tenkasi,0.5,-2.855
2025-12-17 06:00:00,733,Tenkasi,0.5,-2.85
2025-12-17 07:00:00,733,Tenkasi,8.5,-2.85
2025-12-17 08:00:00,733,Tenkasi,2.25,-2.85
2025-12-17 09:00:00,733,Tenkasi,7.0,-2.85
2025-12-17 10:00:00,733,Tenkasi,4.0,-2.91
2025-12-17 11:00:00,733,Tenkasi,2.25,-2.91
2025-12-17 12:00:00,733,Tenkasi,0.75,-2.91
2025-12-17 13:00:00,733,Tenkasi,1.5,-2.91
2025-12-17 14:00:00,733,Tenkasi,0.5,-2.91
2025-12-26 21:00:00,733,Tenkasi,7.5,-3.465
2025-12-27 00:00:00,733,Tenkasi,0.5,-3.42
2026-01-01 21:00:00,733,Tenkasi,40.25,-3.7277777777777774
2026-01-01 22:00:00,733,Tenkasi,21.33333333333333,-3.681111111111112
2026-01-01 23:00:00,733,Tenkasi,19.666666666666668,-3.681111111111112
2026-01-02 00:00:00,733,Tenkasi,7.833333333333333,-3.681111111111112
2026-01-02 01:00:00,733,Tenkasi,13.25,-3.681111111111112
2026-01-02 02:00:00,733,Tenkasi,6.333333333333333,-3.681111111111112
2026-01-02 03:00:00,733,Tenkasi,12.25,-3.681111111111112
2026-01-02 04:00:00,733,Tenkasi,9.0,-3.632222222222222
2026-01-02 05:00:00,733,Tenkasi,10.75,-3.632222222222222
2026-01-02 06:00:00,733,Tenkasi,3.5,-3.632222222222222
2026-01-02 07:00:00,733,Tenkasi,0.5,-3.632222222222222
2026-01-02 08:00:00,733,Tenkasi,5.0,-3.632222222222222
2026-01-02 09:00:00,733,Tenkasi,0.5,-3.632222222222222
2026-01-03 01:00:00,733,Tenkasi,1.0,-3.5733333333333337
2026-01-03 02:00:00,733,Tenkasi,1.0,-3.5733333333333337
2026-01-03 23:00:00,733,Tenkasi,0.5,-3.5700000000000003
2026-01-04 00:00:00,733,Tenkasi,0.5,-3.5700000000000003
2026-01-10 22:00:00,733,Tenkasi,2.5,-3.25
2026-01-10 23:00:00,733,Tenkasi,0.75,-3.25
2026-01-11 03:00:00,733,Tenkasi,0.5,-3.25
2026-01-11 04:00:00,733,Tenkasi,0.5,-3.621111111111112
2026-01-11 05:00:00,733,Tenkasi,3.0,-3.621111111111112
2026-01-11 06:00:00,733,Tenkasi,1.8333333333333333,-3.621111111111112
2026-01-11 07:00:00,733,Tenkasi,1.8333333333333333,-3.621111111111112
2026-01-11 08:00:00,733,Tenkasi,2.0,-3.621111111111112
2026-01-11 09:00:00,733,Tenkasi,1.1666666666666667,-3.621111111111112
2026-01-11 10:00:00,733,Tenkasi,0.5,-3.631111111111111
2026-01-11 11:00:00,733,Tenkasi,0.5,-3.631111111111111
2026-01-13 02:00:00,733,Tenkasi,1.0,-3.842
2026-01-13 03:00:00,733,Tenkasi,2.0,-3.842
2026-01-13 04:00:00,733,Tenkasi,0.75,-3.615
2026-01-13 15:00:00,733,Tenkasi,0.5,-3.6525
2026-01-24 22:00:00,733,Tenkasi,0.5,-3.6525
2026-01-26 19:00:00,733,Tenkasi,0.5,-3.63375
2026-01-26 20:00:00,733,Tenkasi,0.5,-3.63375
2026-02-02 06:00:00,733,Tenkasi,0.5,-2.76
2026-02-23 04:00:00,733,Tenkasi,0.5,-4.743333333333333
2026-02-23 05:00:00,733,Tenkasi,0.5,-4.743333333333333
2026-02-23 07:00:00,733,Tenkasi,1.25,-4.743333333333333
2026-02-25 14:00:00,733,Tenkasi,1.0,-2.995
2026-02-25 15:00:00,733,Tenkasi,8.5,-2.995
2026-02-25 17:00:00,733,Tenkasi,1.5,-2.9975
2026-02-25 18:00:00,733,Tenkasi,0.75,-2.9975
2026-02-25 19:00:00,733,Tenkasi,9.0,-2.9975
2026-02-25 20:00:00,733,Tenkasi,0.5,-2.9975
2026-02-27 00:00:00,733,Tenkasi,2.0,-1.78125
2026-02-27 01:00:00,733,Tenkasi,0.5,-1.78125
2026-02-27 08:00:00,733,Tenkasi,0.5,4.22
2026-03-17 18:00:00,733,Tenkasi,2.0,-2.111428571428572
2026-03-17 19:00:00,733,Tenkasi,0.5,-2.111428571428572
2026-03-17 20:00:00,733,Tenkasi,5.5,-2.111428571428572
2026-03-18 18:00:00,733,Tenkasi,10.5,-2.135
2026-03-18 19:00:00,733,Tenkasi,2.5,-2.135
2026-03-18 20:00:00,733,Tenkasi,1.0,-2.135
2026-03-18 21:00:00,733,Tenkasi,1.0,-2.135
2026-03-19 18:00:00,733,Tenkasi,0.5,-2.04375
2026-03-19 20:00:00,733,Tenkasi,2.5,-2.04375
2026-03-19 21:00:00,733,Tenkasi,1.0,-2.04375
2026-03-20 21:00:00,733,Tenkasi,0.5,-6.35
2021-11-15 07:00:00,586,Thanjavur,0.5,-25.4765
2021-11-17 16:00:00,586,Thanjavur,17.0,-25.324
2021-11-17 17:00:00,586,Thanjavur,1.5,-25.324
2021-11-17 18:00:00,586,Thanjavur,4.5,-25.324
2021-11-17 19:00:00,586,Thanjavur,0.5,-25.324
2021-11-17 21:00:00,586,Thanjavur,1.0,-25.324
2021-11-18 00:00:00,586,Thanjavur,1.5,-25.2895
2021-11-18 01:00:00,586,Thanjavur,0.5,-25.2895
2021-11-18 02:00:00,586,Thanjavur,12.0,-25.2895
2021-11-18 03:00:00,586,Thanjavur,3.5,-25.2895
2021-11-18 04:00:00,586,Thanjavur,5.5,-25.216
2021-11-18 05:00:00,586,Thanjavur,2.5,-25.216
2021-11-18 06:00:00,586,Thanjavur,3.0,-25.216
2021-11-18 07:00:00,586,Thanjavur,9.5,-25.216
2021-11-18 08:00:00,586,Thanjavur,0.5,-25.216
2021-11-18 09:00:00,586,Thanjavur,0.5,-25.216
2021-11-18 10:00:00,586,Thanjavur,1.5,-25.218000000000004
2021-11-18 11:00:00,586,Thanjavur,2.5,-25.218000000000004
2021-11-18 12:00:00,586,Thanjavur,2.5,-25.218000000000004
2021-11-18 13:00:00,586,Thanjavur,2.0,-25.218000000000004
2021-11-19 16:00:00,586,Thanjavur,2.5,-25.161
2021-11-21 00:00:00,586,Thanjavur,4.5,-25.07
2021-11-21 01:00:00,586,Thanjavur,5.5,-25.07
2021-11-21 02:00:00,586,Thanjavur,0.5,-25.07
2021-11-21 14:00:00,586,Thanjavur,19.5,-25.053
2021-11-21 15:00:00,586,Thanjavur,0.5,-25.053
2021-11-22 16:00:00,586,Thanjavur,9.0,-25.058
2021-11-22 17:00:00,586,Thanjavur,11.5,-25.058
2021-11-22 20:00:00,586,Thanjavur,1.0,-25.058
2021-11-25 02:00:00,586,Thanjavur,18.0,-24.9
2021-11-25 03:00:00,586,Thanjavur,0.5,-24.9
2021-11-25 06:00:00,586,Thanjavur,0.5,-24.848
2021-11-25 11:00:00,586,Thanjavur,1.5,-24.9205
2021-11-25 17:00:00,586,Thanjavur,11.5,-24.893
2021-11-25 21:00:00,586,Thanjavur,0.5,-24.893
2021-11-25 22:00:00,586,Thanjavur,0.5,-24.8225
2021-11-26 00:00:00,586,Thanjavur,1.0,-24.8225
2021-11-26 02:00:00,586,Thanjavur,0.5,-24.8225
2021-11-26 03:00:00,586,Thanjavur,0.5,-24.8225
2021-11-26 04:00:00,586,Thanjavur,0.5,-24.784
2021-11-26 06:00:00,586,Thanjavur,0.5,-24.784
2021-11-26 07:00:00,586,Thanjavur,5.5,-24.784
2021-11-26 08:00:00,586,Thanjavur,3.0,-24.784
2021-11-26 17:00:00,586,Thanjavur,16.5,-24.7385
2021-11-26 18:00:00,586,Thanjavur,19.0,-24.7385
2021-11-26 19:00:00,586,Thanjavur,29.0,-24.7385
2021-11-26 20:00:00,586,Thanjavur,5.0,-24.7385
2021-11-26 21:00:00,586,Thanjavur,2.0,-24.7385
2021-11-26 22:00:00,586,Thanjavur,1.0,-24.692
2021-11-26 23:00:00,586,Thanjavur,0.5,-24.692
2021-11-27 07:00:00,586,Thanjavur,5.0,-24.629
2021-11-27 17:00:00,586,Thanjavur,1.5,-24.6335
2021-11-27 20:00:00,586,Thanjavur,0.5,-24.6335
2021-11-27 21:00:00,586,Thanjavur,5.0,-24.6335
2021-11-27 22:00:00,586,Thanjavur,8.5,-24.531
2021-11-27 23:00:00,586,Thanjavur,4.5,-24.531
2021-11-28 00:00:00,586,Thanjavur,3.0,-24.531
2021-11-28 01:00:00,586,Thanjavur,1.5,-24.531
2021-11-28 02:00:00,586,Thanjavur,1.0,-24.531
2021-11-28 03:00:00,586,Thanjavur,2.5,-24.531
2021-11-28 04:00:00,586,Thanjavur,2.5,-24.4745
2021-11-28 05:00:00,586,Thanjavur,3.0,-24.4745
2021-11-28 06:00:00,586,Thanjavur,2.0,-24.4745
2021-11-28 07:00:00,586,Thanjavur,0.5,-24.4745
2021-11-28 09:00:00,586,Thanjavur,3.0,-24.4745
2021-11-28 10:00:00,586,Thanjavur,2.0,-24.48
2021-11-28 12:00:00,586,Thanjavur,2.0,-24.48
2021-11-28 13:00:00,586,Thanjavur,2.0,-24.48
2021-11-28 14:00:00,586,Thanjavur,2.0,-24.48
2021-11-28 15:00:00,586,Thanjavur,2.0,-24.48
2021-11-29 01:00:00,586,Thanjavur,0.5,-24.3875
2021-11-29 02:00:00,586,Thanjavur,2.5,-24.3875
2021-11-29 03:00:00,586,Thanjavur,7.0,-24.3875
2021-11-29 04:00:00,586,Thanjavur,13.0,-24.3165
2021-11-29 06:00:00,586,Thanjavur,5.5,-24.3165
2021-11-29 07:00:00,586,Thanjavur,3.0,-24.3165
2021-11-29 08:00:00,586,Thanjavur,2.0,-24.3165
2021-11-29 09:00:00,586,Thanjavur,1.0,-24.3165
2021-11-30 05:00:00,586,Thanjavur,1.0,-24.1775
2021-12-01 01:00:00,586,Thanjavur,15.0,-24.147
2021-12-28 15:00:00,586,Thanjavur,0.5,-25.0265
2021-12-28 18:00:00,586,Thanjavur,1.0,-25.1895
2021-12-28 19:00:00,586,Thanjavur,0.5,-25.1895
2021-12-30 12:00:00,586,Thanjavur,0.5,-25.102000000000004
2021-12-30 13:00:00,586,Thanjavur,1.0,-25.102000000000004
2021-12-30 14:00:00,586,Thanjavur,0.5,-25.102000000000004
2021-12-30 15:00:00,586,Thanjavur,2.25,-25.102000000000004
2021-12-30 17:00:00,586,Thanjavur,9.0,-25.212000000000003
2021-12-30 20:00:00,586,Thanjavur,11.0,-25.212000000000003
2021-12-30 21:00:00,586,Thanjavur,0.5,-25.212000000000003
2021-12-30 23:00:00,586,Thanjavur,1.5,-25.0605
2021-12-31 00:00:00,586,Thanjavur,0.5,-25.0605
2021-12-31 02:00:00,586,Thanjavur,1.5,-25.0605
2021-12-31 03:00:00,586,Thanjavur,6.75,-25.0605
2021-12-31 04:00:00,586,Thanjavur,3.5,-25.043
2021-12-31 05:00:00,586,Thanjavur,1.5,-25.043
2021-12-31 06:00:00,586,Thanjavur,0.8333333333333334,-25.043
2021-12-31 07:00:00,586,Thanjavur,2.0,-25.043
2021-12-31 08:00:00,586,Thanjavur,1.25,-25.043
2021-12-31 09:00:00,586,Thanjavur,0.5,-25.043
2021-12-31 10:00:00,586,Thanjavur,15.5,-25.07
2021-12-31 11:00:00,586,Thanjavur,7.25,-25.07
2021-12-31 12:00:00,586,Thanjavur,11.5,-25.07
2021-12-31 13:00:00,586,Thanjavur,1.125,-25.07
2021-12-31 14:00:00,586,Thanjavur,3.25,-25.07
2021-12-31 15:00:00,586,Thanjavur,5.166666666666667,-25.07
2021-12-31 16:00:00,586,Thanjavur,3.5,-24.9525
2021-12-31 17:00:00,586,Thanjavur,1.5,-24.9525
2022-01-01 01:00:00,586,Thanjavur,2.0,-24.903
2022-01-01 03:00:00,586,Thanjavur,0.5,-24.903
2022-01-01 07:00:00,586,Thanjavur,0.5,-24.832
2022-01-01 08:00:00,586,Thanjavur,3.6666666666666665,-24.832
2022-01-01 09:00:00,586,Thanjavur,13.5,-24.832
2022-01-01 10:00:00,586,Thanjavur,1.9,-24.8395
2022-01-01 11:00:00,586,Thanjavur,2.0,-24.8395
2022-01-01 12:00:00,586,Thanjavur,0.6666666666666666,-24.8395
2022-01-01 13:00:00,586,Thanjavur,6.833333333333333,-24.8395
2022-01-01 14:00:00,586,Thanjavur,6.625,-24.8395
2022-01-01 15:00:00,586,Thanjavur,7.75,-24.8395
2022-01-01 16:00:00,586,Thanjavur,4.5,-24.7885
2022-01-01 17:00:00,586,Thanjavur,7.75,-24.7885
2022-01-01 18:00:00,586,Thanjavur,5.166666666666667,-24.7885
2022-01-01 19:00:00,586,Thanjavur,14.0,-24.7885
2022-01-01 20:00:00,586,Thanjavur,4.666666666666667,-24.7885
2022-01-01 21:00:00,586,Thanjavur,3.6,-24.7885
2022-01-01 22:00:00,586,Thanjavur,15.625,-24.7085
2022-01-01 23:00:00,586,Thanjavur,13.25,-24.7085
2022-01-02 00:00:00,586,Thanjavur,5.5,-24.7085
2022-01-02 01:00:00,586,Thanjavur,12.5,-24.7085
2022-01-02 02:00:00,586,Thanjavur,12.75,-24.7085
2022-01-02 03:00:00,586,Thanjavur,13.75,-24.7085
2022-01-02 04:00:00,586,Thanjavur,0.75,-24.6335
2022-01-02 05:00:00,586,Thanjavur,0.5,-24.6335
2022-01-23 08:00:00,586,Thanjavur,2.0,-25.163
2022-01-30 03:00:00,586,Thanjavur,0.5,-25.2695
2022-01-30 05:00:00,586,Thanjavur,0.5,-25.227
2022-01-30 10:00:00,586,Thanjavur,0.5,-25.3025
2022-01-30 13:00:00,586,Thanjavur,0.5,-25.3025
2022-02-04 07:00:00,586,Thanjavur,1.0,-25.264
2022-02-11 01:00:00,586,Thanjavur,1.0,-26.004
2022-02-11 02:00:00,586,Thanjavur,1.25,-26.004
2022-02-11 03:00:00,586,Thanjavur,0.5,-26.004
2022-02-11 04:00:00,586,Thanjavur,2.0,-26.03
2022-02-11 05:00:00,586,Thanjavur,0.75,-26.03
2022-02-11 06:00:00,586,Thanjavur,1.0,-26.03
2022-02-11 07:00:00,586,Thanjavur,4.0,-26.03
2022-02-11 08:00:00,586,Thanjavur,0.5,-26.03
2022-02-11 09:00:00,586,Thanjavur,3.0,-26.03
2022-02-11 10:00:00,586,Thanjavur,6.5,-25.9875
2022-02-11 11:00:00,586,Thanjavur,3.0,-25.9875
2022-02-11 12:00:00,586,Thanjavur,5.5,-25.9875
2022-02-11 13:00:00,586,Thanjavur,3.25,-25.9875
2022-02-11 14:00:00,586,Thanjavur,3.5,-25.9875
2022-02-11 15:00:00,586,Thanjavur,4.25,-25.9875
2022-02-11 16:00:00,586,Thanjavur,0.6666666666666666,-25.995
2022-02-11 17:00:00,586,Thanjavur,5.75,-25.995
2022-02-11 18:00:00,586,Thanjavur,1.5,-25.995
2022-02-11 19:00:00,586,Thanjavur,1.5,-25.995
2022-02-11 20:00:00,586,Thanjavur,0.5,-25.995
2022-02-12 00:00:00,586,Thanjavur,1.0,-25.950000000000003
2022-02-12 02:00:00,586,Thanjavur,0.5,-25.950000000000003
2022-02-12 07:00:00,586,Thanjavur,0.5,-25.9035
2022-02-12 08:00:00,586,Thanjavur,1.75,-25.9035
2022-02-12 10:00:00,586,Thanjavur,0.5,-25.9265
2022-02-12 11:00:00,586,Thanjavur,12.75,-25.9265
2022-02-12 12:00:00,586,Thanjavur,4.75,-25.9265
2022-02-12 15:00:00,586,Thanjavur,1.5,-25.9265
2022-02-12 18:00:00,586,Thanjavur,0.5,-25.9015
2022-02-13 15:00:00,586,Thanjavur,0.5,-25.867
2022-02-14 08:00:00,586,Thanjavur,1.0,-25.781
2022-02-17 07:00:00,586,Thanjavur,3.0,-25.8345
2022-02-21 11:00:00,586,Thanjavur,21.0,-26.243
2022-02-22 16:50:00,586,Thanjavur,0.5,-26.6125
2022-02-22 16:55:00,586,Thanjavur,59.5,-26.6125
2022-02-22 17:00:00,586,Thanjavur,60.0,-26.6125
2022-02-22 17:05:00,586,Thanjavur,3.0,-26.6125
2022-02-22 17:10:00,586,Thanjavur,11.5,-26.6125
2022-02-23 09:00:00,586,Thanjavur,20.5,-26.6905
2022-03-04 08:00:00,586,Thanjavur,28.0,-27.8525
2022-03-04 14:00:00,586,Thanjavur,0.5,-28.0345
2022-03-04 16:00:00,586,Thanjavur,2.0,-27.912
2022-03-04 17:00:00,586,Thanjavur,1.5,-27.912
2022-03-06 20:00:00,586,Thanjavur,2.0,-28.1335
2022-03-06 21:00:00,586,Thanjavur,1.0,-28.1335
2022-03-06 23:00:00,586,Thanjavur,0.5,-28.1045
2022-03-07 01:00:00,586,Thanjavur,1.0,-28.1045
2022-03-07 02:00:00,586,Thanjavur,2.5,-28.1045
2022-03-07 03:00:00,586,Thanjavur,2.333333333333333,-28.1045
2022-03-07 04:00:00,586,Thanjavur,0.5,-28.065
2022-03-07 05:00:00,586,Thanjavur,0.5,-28.065
2022-03-07 06:00:00,586,Thanjavur,1.0,-28.065
2022-03-07 07:00:00,586,Thanjavur,0.75,-28.065
2022-03-07 08:00:00,586,Thanjavur,0.75,-28.065
2022-03-07 09:00:00,586,Thanjavur,0.5,-28.065
2022-03-07 10:00:00,586,Thanjavur,0.75,-28.105
2022-03-07 11:00:00,586,Thanjavur,0.5,-28.105
2022-03-07 14:00:00,586,Thanjavur,0.5,-28.105
2022-03-07 15:00:00,586,Thanjavur,0.5,-28.105
2022-03-07 17:00:00,586,Thanjavur,8.75,-28.096
2022-03-07 18:00:00,586,Thanjavur,6.666666666666667,-28.096
2022-03-07 19:00:00,586,Thanjavur,2.5,-28.096
2022-03-08 08:00:00,586,Thanjavur,0.5,-28.0435
2022-03-08 17:00:00,586,Thanjavur,17.0,-28.0955
2022-03-09 14:00:00,586,Thanjavur,14.0,-28.034
2022-03-09 15:00:00,586,Thanjavur,3.0,-28.034
2022-03-09 16:00:00,586,Thanjavur,1.0,-17.875
2022-03-09 22:00:00,586,Thanjavur,1.0,-17.877
2022-03-10 04:00:00,586,Thanjavur,0.5,-17.875
2022-03-10 05:00:00,586,Thanjavur,1.0,-17.875
2022-03-10 12:00:00,586,Thanjavur,5.0,-17.877
2022-03-10 15:00:00,586,Thanjavur,1.5,-17.877
2022-03-10 16:00:00,586,Thanjavur,1.5,-28.289
2022-03-10 18:00:00,586,Thanjavur,3.0,-28.289
2022-03-11 14:00:00,586,Thanjavur,15.5,-28.2245
2022-03-11 15:00:00,586,Thanjavur,0.5,-28.2245
2022-03-11 17:00:00,586,Thanjavur,0.5,-28.368
2022-03-11 19:00:00,586,Thanjavur,0.5,-28.368
2022-03-11 20:00:00,586,Thanjavur,2.5,-28.368
2022-03-11 21:00:00,586,Thanjavur,1.0,-28.368
2022-03-11 22:00:00,586,Thanjavur,2.0,-28.404
2022-03-12 14:00:00,586,Thanjavur,0.5,-28.378500000000003
2022-03-12 16:00:00,586,Thanjavur,4.0,-28.606
2022-03-18 07:00:00,586,Thanjavur,0.5,-29.135
2022-03-20 19:00:00,586,Thanjavur,0.5,-29.3405
2022-03-20 20:00:00,586,Thanjavur,13.25,-29.3405
2022-03-20 21:00:00,586,Thanjavur,0.5,-29.3405
2022-03-21 01:00:00,586,Thanjavur,0.5,-29.2755
2022-03-22 00:00:00,586,Thanjavur,0.5,-29.3355
2022-03-22 01:00:00,586,Thanjavur,1.0,-29.3355
2022-03-22 02:00:00,586,Thanjavur,0.5,-29.3355
2022-03-24 17:00:00,586,Thanjavur,4.5,-29.754
2022-03-24 18:00:00,586,Thanjavur,0.5,-29.754
2022-03-25 13:00:00,586,Thanjavur,0.5,-29.6935
2022-03-25 15:00:00,586,Thanjavur,0.5,-29.6935
2022-03-26 16:00:00,586,Thanjavur,2.5,-30.052
2022-03-26 17:00:00,586,Thanjavur,12.0,-30.052
2022-04-02 17:00:00,586,Thanjavur,1.0,-30.507
2022-04-02 18:00:00,586,Thanjavur,5.25,-30.507
2022-04-03 07:00:00,586,Thanjavur,0.5,-30.5135
2022-04-03 08:00:00,586,Thanjavur,3.0,-30.5135
2022-04-03 16:00:00,586,Thanjavur,0.5,-30.5745
2022-04-05 04:00:00,586,Thanjavur,1.0,-30.759500000000003
2022-04-09 01:00:00,586,Thanjavur,1.0,-30.9055
2022-04-09 02:00:00,586,Thanjavur,14.5,-30.9055
2022-04-09 03:00:00,586,Thanjavur,7.0,-30.9055
2022-04-09 04:00:00,586,Thanjavur,2.0,-30.951500000000003
2022-04-09 14:00:00,586,Thanjavur,11.5,-30.9445
2022-04-09 15:00:00,586,Thanjavur,10.0,-30.9445
2022-04-09 16:00:00,586,Thanjavur,1.25,-30.9515
2022-04-10 01:00:00,586,Thanjavur,8.833333333333334,-30.9345
2022-04-10 02:00:00,586,Thanjavur,1.0,-30.9345
2022-04-10 03:00:00,586,Thanjavur,0.5,-30.9345
2022-04-10 04:00:00,586,Thanjavur,0.5,-30.9165
2022-04-10 05:00:00,586,Thanjavur,0.5,-30.9165
2022-04-11 03:00:00,586,Thanjavur,2.0,-30.881
2022-04-11 04:00:00,586,Thanjavur,0.6666666666666666,-30.851
2022-04-11 05:00:00,586,Thanjavur,1.5,-30.851
2022-04-11 06:00:00,586,Thanjavur,0.75,-30.851
2022-04-11 07:00:00,586,Thanjavur,5.5,-30.851
2022-04-11 08:00:00,586,Thanjavur,0.5,-30.851
2022-04-11 09:00:00,586,Thanjavur,0.75,-30.851
2022-04-11 10:00:00,586,Thanjavur,0.5,-30.861
2022-04-11 12:00:00,586,Thanjavur,0.5,-30.861
2022-04-11 16:00:00,586,Thanjavur,4.0,-30.871
2022-04-11 18:00:00,586,Thanjavur,1.5,-30.871
2022-04-12 10:00:00,586,Thanjavur,1.5,-30.8435
2022-04-12 11:00:00,586,Thanjavur,1.25,-30.8435
2022-04-12 12:00:00,586,Thanjavur,4.8,-30.8435
2022-04-12 13:00:00,586,Thanjavur,9.5,-30.8435
2022-04-13 08:00:00,586,Thanjavur,0.5,-30.734
2022-04-13 09:00:00,586,Thanjavur,7.25,-30.734
2022-04-13 11:00:00,586,Thanjavur,3.5,-30.821
2022-04-13 12:00:00,586,Thanjavur,1.0,-30.821
2022-04-13 14:00:00,586,Thanjavur,0.5,-30.821
2022-04-13 15:00:00,586,Thanjavur,1.0,-30.821
2022-04-13 23:00:00,586,Thanjavur,0.5,-30.7115
2022-04-14 01:00:00,586,Thanjavur,0.5,-30.7115
2022-04-14 03:00:00,586,Thanjavur,0.5,-30.7115
2022-04-17 02:00:00,586,Thanjavur,0.5,-30.8015
2022-04-17 03:00:00,586,Thanjavur,3.5,-30.8015
2022-04-17 04:00:00,586,Thanjavur,13.7,-30.82
2022-04-17 05:00:00,586,Thanjavur,21.6,-30.82
2022-04-17 06:00:00,586,Thanjavur,26.83333333333333,-30.82
2022-04-17 07:00:00,586,Thanjavur,1.0,-30.82
2022-04-17 08:00:00,586,Thanjavur,0.5,-30.82
2022-04-17 22:00:00,586,Thanjavur,0.5,-30.798
2022-04-17 23:00:00,586,Thanjavur,16.5,-30.798
2022-04-18 00:00:00,586,Thanjavur,6.0,-30.798
2022-04-22 21:00:00,586,Thanjavur,2.0,-30.765500000000003
2022-04-22 22:00:00,586,Thanjavur,6.5,-30.701500000000003
2022-04-22 23:00:00,586,Thanjavur,5.5,-30.701500000000003
2022-04-23 04:00:00,586,Thanjavur,1.5,-30.772
2022-04-23 06:00:00,586,Thanjavur,1.0,-30.772
2022-04-23 10:00:00,586,Thanjavur,0.5,-30.758
2022-04-23 11:00:00,586,Thanjavur,0.5,-30.758
2022-04-23 16:00:00,586,Thanjavur,0.5,-30.8705
2022-04-24 01:00:00,586,Thanjavur,1.5,-30.791
2022-04-24 03:00:00,586,Thanjavur,2.0,-30.791
2022-04-24 04:00:00,586,Thanjavur,0.75,-30.8505
2022-04-24 09:00:00,586,Thanjavur,0.5,-30.8505
2022-06-05 21:00:00,586,Thanjavur,2.875,-32.802
2022-06-05 22:00:00,586,Thanjavur,4.5,-32.7485
2022-06-05 23:00:00,586,Thanjavur,16.166666666666668,-32.7485
2022-06-06 00:00:00,586,Thanjavur,2.75,-32.7485
2022-06-06 01:00:00,586,Thanjavur,2.5,-32.7485
2022-06-06 02:00:00,586,Thanjavur,2.0,-32.7485
2022-06-06 03:00:00,586,Thanjavur,1.5,-32.7485
2022-06-06 04:00:00,586,Thanjavur,0.5,-32.7625
2022-06-06 05:00:00,586,Thanjavur,0.5,-32.7625
2022-06-06 06:00:00,586,Thanjavur,0.5,-32.7625
2022-06-06 10:00:00,586,Thanjavur,0.5,-32.767
2022-06-06 15:00:00,586,Thanjavur,0.5,-32.767
2022-06-06 22:00:00,586,Thanjavur,0.5,-32.676
2022-06-06 23:00:00,586,Thanjavur,0.5,-32.676
2022-06-07 04:00:00,586,Thanjavur,4.0,-32.6425
2022-06-07 05:00:00,586,Thanjavur,2.0,-32.6425
2022-06-07 06:00:00,586,Thanjavur,1.0,-32.6425
2022-06-07 16:00:00,586,Thanjavur,0.5,-32.6995
2022-06-08 09:00:00,586,Thanjavur,0.5,-32.694500000000005
2022-06-09 05:00:00,586,Thanjavur,0.5,-32.7175
2022-06-10 10:00:00,586,Thanjavur,0.5,-32.81
2022-06-12 09:00:00,586,Thanjavur,0.5,-32.826
2022-06-12 21:00:00,586,Thanjavur,2.0,-32.9535
2022-06-15 14:00:00,586,Thanjavur,0.5,-33.1375
2022-06-15 21:00:00,586,Thanjavur,14.166666666666666,-33.098
2022-06-15 22:00:00,586,Thanjavur,40.0,-33.014
2022-06-15 23:00:00,586,Thanjavur,7.0,-33.014
2022-06-16 00:00:00,586,Thanjavur,1.1666666666666667,-33.014
2022-06-19 05:00:00,586,Thanjavur,1.0,-32.6945
2022-06-21 20:00:00,586,Thanjavur,10.25,-32.6435
2022-06-21 21:00:00,586,Thanjavur,4.0,-32.6435
2022-06-21 22:00:00,586,Thanjavur,0.5,-32.627
2022-06-29 15:00:00,586,Thanjavur,3.0,-32.5225
2022-06-30 16:00:00,586,Thanjavur,0.5,-32.5405
2022-06-30 18:00:00,586,Thanjavur,6.5,-32.5405
2022-07-01 18:00:00,586,Thanjavur,8.0,-32.6135
2022-07-02 17:00:00,586,Thanjavur,1.0,-32.6485
2022-07-02 18:00:00,586,Thanjavur,1.0,-32.6485
2022-07-02 23:00:00,586,Thanjavur,0.5,-32.5335
2022-07-03 00:00:00,586,Thanjavur,0.5,-32.5335
2022-07-07 17:00:00,586,Thanjavur,2.5,-32.6085
2022-07-17 19:00:00,586,Thanjavur,2.5,-32.426500000000004
2022-07-21 19:00:00,586,Thanjavur,16.0,-32.1475
2022-07-21 20:00:00,586,Thanjavur,38.5,-32.1475
2022-07-21 21:00:00,586,Thanjavur,70.0,-32.1475
2022-07-21 22:00:00,586,Thanjavur,43.0,-32.063
2022-07-21 23:00:00,586,Thanjavur,0.5,-32.063
2022-07-22 00:00:00,586,Thanjavur,1.0,-32.063
2022-07-22 01:00:00,586,Thanjavur,0.5,-32.063
2022-07-22 18:00:00,586,Thanjavur,0.5,-32.001000000000005
2022-07-23 01:00:00,586,Thanjavur,0.5,-31.9225
2022-07-23 02:00:00,586,Thanjavur,1.0,-31.9225
2022-07-23 22:00:00,586,Thanjavur,2.0,-31.802
2022-07-26 23:00:00,586,Thanjavur,6.5,-31.509
2022-07-27 00:00:00,586,Thanjavur,7.125,-31.509
2022-07-27 01:00:00,586,Thanjavur,9.25,-31.509
2022-07-27 02:00:00,586,Thanjavur,8.0,-31.509
2022-07-27 03:00:00,586,Thanjavur,4.642857142857143,-31.509
2022-07-27 04:00:00,586,Thanjavur,3.333333333333333,-31.410000000000004
2022-07-27 05:00:00,586,Thanjavur,5.0,-31.410000000000004
2022-07-27 06:00:00,586,Thanjavur,1.0,-31.410000000000004
2022-07-27 15:00:00,586,Thanjavur,2.0,-31.385
2022-07-27 17:00:00,586,Thanjavur,2.5,-31.339
2022-07-27 18:00:00,586,Thanjavur,1.5,-31.339
2022-07-28 02:00:00,586,Thanjavur,1.0,-31.2775
2022-07-28 13:00:00,586,Thanjavur,1.0,-31.268
2022-07-28 15:00:00,586,Thanjavur,0.5,-31.268
2022-07-30 17:00:00,586,Thanjavur,12.0,-31.041
2022-07-30 18:00:00,586,Thanjavur,4.5,-31.041
2022-07-30 19:00:00,586,Thanjavur,10.5,-31.041
2022-07-30 20:00:00,586,Thanjavur,10.5,-31.041
2022-08-01 01:00:00,586,Thanjavur,3.25,-30.7575
2022-08-01 02:00:00,586,Thanjavur,2.0,-30.7575
2022-08-01 03:00:00,586,Thanjavur,9.5,-30.7575
2022-08-01 04:00:00,586,Thanjavur,3.0,-30.6905
2022-08-01 20:00:00,586,Thanjavur,0.5,-30.662
2022-08-01 21:00:00,586,Thanjavur,2.2,-30.662
2022-08-01 22:00:00,586,Thanjavur,1.0,-30.617
2022-08-01 23:00:00,586,Thanjavur,0.5,-30.617
2022-08-02 19:00:00,586,Thanjavur,4.5,-30.598
2022-08-02 20:00:00,586,Thanjavur,0.5,-30.598
2022-08-02 21:00:00,586,Thanjavur,45.0,-30.598
2022-08-02 22:00:00,586,Thanjavur,1.6666666666666667,-30.5085
2022-08-02 23:00:00,586,Thanjavur,1.0,-30.5085
2022-08-04 00:00:00,586,Thanjavur,1.75,-30.4155
2022-08-04 01:00:00,586,Thanjavur,8.5,-30.4155
2022-08-04 03:00:00,586,Thanjavur,0.6666666666666666,-30.4155
2022-08-04 04:00:00,586,Thanjavur,1.3333333333333333,-30.3325
2022-08-04 05:00:00,586,Thanjavur,0.8333333333333334,-30.3325
2022-08-04 06:00:00,586,Thanjavur,0.5,-30.3325
2022-08-04 07:00:00,586,Thanjavur,1.0,-30.3325
2022-08-04 08:00:00,586,Thanjavur,1.0,-30.3325
2022-08-04 09:00:00,586,Thanjavur,0.5,-30.3325
2022-08-04 11:00:00,586,Thanjavur,0.5,-30.3495
2022-08-04 14:00:00,586,Thanjavur,0.5,-30.3495
2022-08-04 15:00:00,586,Thanjavur,1.5,-30.3495
2022-08-04 22:00:00,586,Thanjavur,0.5,-30.2145
2022-08-06 03:00:00,586,Thanjavur,0.5,-30.139000000000003
2022-08-12 16:00:00,586,Thanjavur,0.5,-29.912
2022-08-17 23:00:00,586,Thanjavur,3.0,-29.745
2022-08-18 01:00:00,586,Thanjavur,8.0,-29.745
2022-08-18 22:00:00,586,Thanjavur,1.0,-29.7325
2022-08-19 07:00:00,586,Thanjavur,5.5,-29.709
2022-08-19 08:00:00,586,Thanjavur,6.0,-29.709
2022-08-19 09:00:00,586,Thanjavur,0.5,-29.709
2022-08-20 00:00:00,586,Thanjavur,6.0,-29.6585
2022-08-20 01:00:00,586,Thanjavur,7.0,-29.6585
2022-08-20 02:00:00,586,Thanjavur,0.5,-29.6585
2022-08-20 07:00:00,586,Thanjavur,0.5,-29.66
2022-08-21 21:00:00,586,Thanjavur,2.833333333333333,-29.6125
2022-08-21 22:00:00,586,Thanjavur,5.7,-29.53
2022-08-21 23:00:00,586,Thanjavur,1.6666666666666667,-29.53
2022-08-22 00:00:00,586,Thanjavur,0.5,-29.53
2022-08-22 16:00:00,586,Thanjavur,0.5,-29.591
2022-08-22 17:00:00,586,Thanjavur,9.0,-29.591
2022-08-22 18:00:00,586,Thanjavur,40.25,-29.591
2022-08-22 19:00:00,586,Thanjavur,4.25,-29.591
2022-08-22 20:00:00,586,Thanjavur,1.0,-29.591
2022-08-22 21:00:00,586,Thanjavur,1.2,-29.591
2022-08-22 22:00:00,586,Thanjavur,0.875,-29.496
2022-08-22 23:00:00,586,Thanjavur,0.5,-29.496
2022-08-23 01:00:00,586,Thanjavur,0.5,-29.496
2022-08-23 03:00:00,586,Thanjavur,0.5,-29.496
2022-08-23 04:00:00,586,Thanjavur,0.5,-29.4395
2022-08-23 17:00:00,586,Thanjavur,0.5,-29.332
2022-08-23 18:00:00,586,Thanjavur,8.0,-29.332
2022-08-23 19:00:00,586,Thanjavur,0.5,-29.332
2022-08-23 20:00:00,586,Thanjavur,11.0,-29.332
2022-08-23 21:00:00,586,Thanjavur,8.166666666666666,-29.332
2022-08-23 22:00:00,586,Thanjavur,9.285714285714286,-29.3615
2022-08-23 23:00:00,586,Thanjavur,4.083333333333333,-29.3615
2022-08-24 00:00:00,586,Thanjavur,2.142857142857143,-29.3615
2022-08-24 01:00:00,586,Thanjavur,2.0,-29.3615
2022-08-24 02:00:00,586,Thanjavur,2.625,-29.3615
2022-08-24 03:00:00,586,Thanjavur,1.6666666666666667,-29.3615
2022-08-24 04:00:00,586,Thanjavur,1.0,-29.3245
2022-08-24 07:00:00,586,Thanjavur,0.5,-29.3245
2022-08-24 08:00:00,586,Thanjavur,0.5,-29.3245
2022-08-24 09:00:00,586,Thanjavur,1.0,-29.3245
2022-08-24 11:00:00,586,Thanjavur,0.5,-29.288
2022-08-25 22:00:00,586,Thanjavur,1.0,-29.126
2022-08-25 23:00:00,586,Thanjavur,12.25,-29.126
2022-08-26 00:00:00,586,Thanjavur,1.75,-29.126
2022-08-26 01:00:00,586,Thanjavur,1.5,-29.126
2022-08-26 02:00:00,586,Thanjavur,0.5,-29.126
2022-08-26 18:00:00,586,Thanjavur,0.5,-29.048
2022-08-26 19:00:00,586,Thanjavur,1.5,-29.048
2022-08-26 20:00:00,586,Thanjavur,5.375,-29.048
2022-08-26 21:00:00,586,Thanjavur,0.75,-29.048
2022-08-26 22:00:00,586,Thanjavur,1.0,-28.9355
2022-08-27 19:00:00,586,Thanjavur,1.0,-28.797
2022-08-27 20:00:00,586,Thanjavur,17.0,-28.797
2022-08-27 21:00:00,586,Thanjavur,2.0,-28.797
2022-08-27 22:00:00,586,Thanjavur,0.75,-28.6995
2022-08-27 23:00:00,586,Thanjavur,1.5,-28.6995
2022-08-28 17:00:00,586,Thanjavur,8.5,-28.515
2022-08-28 18:00:00,586,Thanjavur,3.0,-28.515
2022-08-28 19:00:00,586,Thanjavur,0.5,-28.515
2022-08-28 20:00:00,586,Thanjavur,0.5,-28.515
2022-08-28 21:00:00,586,Thanjavur,0.5,-28.515
2022-08-29 15:00:00,586,Thanjavur,1.5,-28.4325
2022-08-29 16:00:00,586,Thanjavur,45.0,-28.328000000000003
2022-08-29 17:00:00,586,Thanjavur,4.0,-28.328000000000003
2022-08-29 18:00:00,586,Thanjavur,1.0,-28.328000000000003
2022-08-29 22:00:00,586,Thanjavur,0.5,-28.2965
2022-08-30 05:00:00,586,Thanjavur,0.5,-28.2325
2022-08-30 07:00:00,586,Thanjavur,0.5,-28.2325
2022-08-30 14:00:00,586,Thanjavur,10.0,-28.3075
2022-08-30 15:00:00,586,Thanjavur,10.166666666666666,-28.3075
2022-08-30 16:00:00,586,Thanjavur,2.333333333333333,-28.2725
2022-08-31 11:00:00,586,Thanjavur,0.75,-28.196
2022-08-31 12:00:00,586,Thanjavur,2.0,-28.196
2022-08-31 13:00:00,586,Thanjavur,1.5,-28.196
2022-08-31 14:00:00,586,Thanjavur,0.625,-28.196
2022-08-31 15:00:00,586,Thanjavur,1.5,-28.196
2022-08-31 16:00:00,586,Thanjavur,2.3,-28.1125
2022-08-31 17:00:00,586,Thanjavur,0.9,-28.1125
2022-08-31 18:00:00,586,Thanjavur,0.75,-28.1125
2022-08-31 21:00:00,586,Thanjavur,0.5,-28.1125
2022-09-01 06:00:00,586,Thanjavur,0.5,-28.0235
2022-09-01 07:00:00,586,Thanjavur,0.5,-28.0235
2022-09-01 08:00:00,586,Thanjavur,0.5,-28.0235
2022-09-01 09:00:00,586,Thanjavur,1.375,-28.0235
2022-09-01 10:00:00,586,Thanjavur,1.1,-28.0025
2022-09-01 11:00:00,586,Thanjavur,1.4,-28.0025
2022-09-01 12:00:00,586,Thanjavur,1.1,-28.0025
2022-09-01 13:00:00,586,Thanjavur,0.5,-28.0025
2022-09-01 14:00:00,586,Thanjavur,0.5,-28.0025
2022-09-02 03:00:00,586,Thanjavur,0.5,-27.904000000000003
2022-09-02 17:00:00,586,Thanjavur,0.5,-27.906
2022-09-03 13:00:00,586,Thanjavur,0.5,-27.8775
2022-09-03 14:00:00,586,Thanjavur,1.5,-27.8775
2022-09-03 15:00:00,586,Thanjavur,2.0,-27.8775
2022-09-03 16:00:00,586,Thanjavur,3.5,-27.9095
2022-09-03 17:00:00,586,Thanjavur,4.5,-27.9095
2022-09-03 18:00:00,586,Thanjavur,3.0,-27.9095
2022-09-03 19:00:00,586,Thanjavur,2.0,-27.9095
2022-09-03 20:00:00,586,Thanjavur,1.0,-27.9095
2022-09-03 21:00:00,586,Thanjavur,1.0,-27.9095
2022-09-03 22:00:00,586,Thanjavur,0.5,-27.867
2022-09-03 23:00:00,586,Thanjavur,0.5,-27.867
2022-09-04 07:00:00,586,Thanjavur,0.5,-27.836
2022-09-04 10:00:00,586,Thanjavur,0.5,-27.913
2022-09-04 13:00:00,586,Thanjavur,0.5,-27.913
2022-09-04 16:00:00,586,Thanjavur,1.5,-27.9595
2022-09-04 17:00:00,586,Thanjavur,9.0,-27.9595
2022-09-04 18:00:00,586,Thanjavur,6.75,-27.9595
2022-09-04 19:00:00,586,Thanjavur,3.5,-27.9595
2022-09-04 20:00:00,586,Thanjavur,7.0,-27.9595
2022-09-04 21:00:00,586,Thanjavur,1.0,-27.9595
2022-09-04 22:00:00,586,Thanjavur,0.5,-27.8215
2022-09-05 15:00:00,586,Thanjavur,14.0,-27.774
2022-09-06 18:00:00,586,Thanjavur,3.25,-27.7115
2022-09-06 19:00:00,586,Thanjavur,11.3,-27.7115
2022-09-06 20:00:00,586,Thanjavur,1.3,-27.7115
2022-09-06 21:00:00,586,Thanjavur,0.5,-27.7115
2022-09-07 12:15:00,586,Thanjavur,0.5,-27.6645
2022-09-07 12:20:00,586,Thanjavur,1.5,-27.6645
2022-09-07 13:00:00,586,Thanjavur,1.5,-27.6645
2022-09-07 16:00:00,586,Thanjavur,0.5,-27.6195
2022-09-07 18:00:00,586,Thanjavur,1.0,-27.6195
2022-09-07 19:00:00,586,Thanjavur,14.5,-27.6195
2022-09-07 20:00:00,586,Thanjavur,0.5,-27.6195
2022-09-07 21:00:00,586,Thanjavur,0.5,-27.6195
2022-09-08 03:00:00,586,Thanjavur,0.5,-27.5825
2022-09-08 13:00:00,586,Thanjavur,0.5,-27.571
2022-09-10 14:05:00,586,Thanjavur,0.5,-27.5755
2022-09-10 15:00:00,586,Thanjavur,0.5,-27.5755
2022-09-11 19:00:00,586,Thanjavur,3.5,-27.4665
2022-09-18 19:00:00,586,Thanjavur,9.0,-27.46
2022-09-18 20:00:00,586,Thanjavur,0.5,-27.46
2022-09-24 17:00:00,586,Thanjavur,9.5,-27.5435
2022-09-24 18:00:00,586,Thanjavur,1.0,-27.5435
2022-09-24 20:00:00,586,Thanjavur,3.0,-27.5435
2022-09-24 21:00:00,586,Thanjavur,0.5,-27.5435
2022-09-25 00:00:00,586,Thanjavur,1.0,-27.4215
2022-09-25 01:00:00,586,Thanjavur,3.0,-27.4215
2022-09-25 17:00:00,586,Thanjavur,2.5,-27.5345
2022-09-25 19:00:00,586,Thanjavur,1.5,-27.5345
2022-09-26 01:00:00,586,Thanjavur,50.0,-27.4995
2022-09-26 02:00:00,586,Thanjavur,19.7,-27.4995
2022-09-26 03:00:00,586,Thanjavur,10.5,-27.4995
2022-09-26 04:00:00,586,Thanjavur,0.5,-27.4065
2022-09-26 05:00:00,586,Thanjavur,263.5,-27.4065
2022-09-26 06:00:00,586,Thanjavur,68.0,-27.4065
2022-09-26 07:00:00,586,Thanjavur,10.25,-27.4065
2022-09-26 10:00:00,586,Thanjavur,1.3333333333333333,-27.328
2022-09-26 11:00:00,586,Thanjavur,1.0,-27.328
2022-09-26 14:00:00,586,Thanjavur,0.5,-27.328
2022-09-26 15:00:00,586,Thanjavur,0.5,-27.328
2022-09-26 16:00:00,586,Thanjavur,0.5,-27.2615
2022-09-26 21:00:00,586,Thanjavur,0.5,-27.2615
2022-09-26 22:00:00,586,Thanjavur,0.5,-27.168
2022-09-27 00:00:00,586,Thanjavur,0.5,-27.168
2022-09-27 02:00:00,586,Thanjavur,1.0,-27.168
2022-09-27 03:00:00,586,Thanjavur,1.5,-27.168
2022-09-27 04:00:00,586,Thanjavur,1.0,-27.077
2022-09-27 05:00:00,586,Thanjavur,0.5,-27.077
2022-09-27 06:00:00,586,Thanjavur,2.0,-27.077
2022-09-27 07:00:00,586,Thanjavur,0.5,-27.077
2022-09-28 07:00:00,586,Thanjavur,0.5,-26.8975
2022-09-28 09:00:00,586,Thanjavur,0.5,-26.8975
2022-09-28 21:00:00,586,Thanjavur,2.5,-26.8855
2022-09-28 22:00:00,586,Thanjavur,11.0,-26.8455
2022-09-28 23:00:00,586,Thanjavur,1.75,-26.8455
2022-09-29 00:00:00,586,Thanjavur,3.0,-26.8455
2022-09-29 01:00:00,586,Thanjavur,1.0,-26.8455
2022-09-29 03:00:00,586,Thanjavur,1.75,-26.8455
2022-09-29 05:00:00,586,Thanjavur,0.5,-26.762
2022-10-04 22:00:00,586,Thanjavur,1.0,-26.8985
2022-10-05 01:00:00,586,Thanjavur,0.5,-26.8985
2022-10-08 03:00:00,586,Thanjavur,39.5,-26.719
2022-10-08 04:00:00,586,Thanjavur,6.0,-26.6355
2022-10-08 05:00:00,586,Thanjavur,0.5,-26.6355
2022-10-08 06:00:00,586,Thanjavur,0.5,-26.6355
2022-10-08 17:00:00,586,Thanjavur,9.0,-26.7165
2022-10-08 20:00:00,586,Thanjavur,2.0,-26.7165
2022-10-08 21:00:00,586,Thanjavur,19.25,-26.7165
2022-10-08 22:00:00,586,Thanjavur,25.75,-26.609
2022-10-08 23:00:00,586,Thanjavur,4.833333333333333,-26.609
2022-10-09 00:00:00,586,Thanjavur,0.5,-26.609
2022-10-09 01:00:00,586,Thanjavur,0.5,-26.609
2022-10-09 04:00:00,586,Thanjavur,0.5,-26.55
2022-10-09 06:00:00,586,Thanjavur,0.75,-26.55
2022-10-09 08:00:00,586,Thanjavur,3.5,-26.55
2022-10-09 11:00:00,586,Thanjavur,2.0,-26.5585
2022-10-09 12:00:00,586,Thanjavur,2.0,-26.5585
2022-10-09 13:00:00,586,Thanjavur,0.5,-26.5585
2022-10-09 19:00:00,586,Thanjavur,1.25,-26.533
2022-10-09 20:00:00,586,Thanjavur,2.0,-26.533
2022-10-09 21:00:00,586,Thanjavur,8.333333333333334,-26.533
2022-10-09 22:00:00,586,Thanjavur,2.0,-26.479
2022-10-09 23:00:00,586,Thanjavur,4.0,-26.479
2022-10-10 00:00:00,586,Thanjavur,1.5,-26.479
2022-10-10 01:00:00,586,Thanjavur,3.5,-26.479
2022-10-10 06:00:00,586,Thanjavur,0.5,-26.416
2022-10-10 09:00:00,586,Thanjavur,0.5,-26.416
2022-10-10 20:00:00,586,Thanjavur,9.5,-26.435
2022-10-11 06:00:00,586,Thanjavur,0.5,-26.3255
2022-10-11 07:00:00,586,Thanjavur,4.833333333333333,-26.3255
2022-10-11 08:00:00,586,Thanjavur,0.5,-26.3255
2022-10-11 10:00:00,586,Thanjavur,1.0,-26.324
2022-10-13 15:00:00,586,Thanjavur,1.0,-26.302
2022-10-13 16:00:00,586,Thanjavur,6.5,-26.246
2022-10-14 14:00:00,586,Thanjavur,3.5,-26.2385
2022-10-14 15:00:00,586,Thanjavur,5.5,-26.2385
2022-10-14 17:00:00,586,Thanjavur,2.5,-26.1995
2022-10-14 18:00:00,586,Thanjavur,13.0,-26.1995
2022-10-15 00:00:00,586,Thanjavur,9.5,-26.142000000000003
2022-10-15 01:00:00,586,Thanjavur,0.5,-26.142000000000003
2022-10-15 02:00:00,586,Thanjavur,10.5,-26.142000000000003
2022-10-15 03:00:00,586,Thanjavur,15.5,-26.142000000000003
2022-10-15 04:00:00,586,Thanjavur,0.5,-26.064
2022-10-15 09:00:00,586,Thanjavur,0.5,-26.064
2022-10-15 23:00:00,586,Thanjavur,0.5,-26.125
2022-10-16 00:00:00,586,Thanjavur,0.5,-26.125
2022-10-16 01:00:00,586,Thanjavur,1.5,-26.125
2022-10-16 06:00:00,586,Thanjavur,0.5,-26.0775
2022-10-16 08:00:00,586,Thanjavur,0.5,-26.0775
2022-10-16 09:00:00,586,Thanjavur,1.0,-26.0775
2022-10-16 16:00:00,586,Thanjavur,0.5,-26.2355
2022-10-16 17:00:00,586,Thanjavur,0.5,-26.2355
2022-10-16 18:00:00,586,Thanjavur,0.5,-26.2355
2022-10-17 00:00:00,586,Thanjavur,1.0,-26.1565
2022-10-17 01:00:00,586,Thanjavur,0.5,-26.1565
2022-10-17 03:00:00,586,Thanjavur,0.5,-26.1565
2022-10-17 11:00:00,586,Thanjavur,1.0,-26.2285
2022-10-17 12:00:00,586,Thanjavur,0.5,-26.2285
2022-10-17 13:00:00,586,Thanjavur,1.0,-26.2285
2022-10-17 14:00:00,586,Thanjavur,1.0,-26.2285
2022-10-17 17:00:00,586,Thanjavur,1.0,-26.1995
2022-10-17 18:00:00,586,Thanjavur,1.0,-26.1995
2022-10-17 19:00:00,586,Thanjavur,1.0,-26.1995
2022-10-17 20:00:00,586,Thanjavur,1.0,-26.1995
2022-10-18 06:00:00,586,Thanjavur,0.5,-26.0955
2022-10-18 08:00:00,586,Thanjavur,0.5,-26.0955
2022-10-18 09:00:00,586,Thanjavur,0.5,-26.0955
2022-10-18 10:00:00,586,Thanjavur,1.0,-26.1995
2022-10-18 11:00:00,586,Thanjavur,0.5,-26.1995
2022-10-18 14:00:00,586,Thanjavur,0.5,-26.1995
2022-10-18 15:00:00,586,Thanjavur,0.5,-26.1995
2022-10-18 16:00:00,586,Thanjavur,1.0,-26.184
2022-10-18 17:00:00,586,Thanjavur,26.75,-26.184
2022-10-18 18:00:00,586,Thanjavur,0.5,-26.184
2022-10-18 19:00:00,586,Thanjavur,11.5,-26.184
2022-10-18 20:00:00,586,Thanjavur,7.25,-26.184
2022-10-18 21:00:00,586,Thanjavur,2.125,-26.184
2022-10-18 22:00:00,586,Thanjavur,1.0,-26.1015
2022-10-18 23:00:00,586,Thanjavur,0.5,-26.1015
2022-10-19 12:00:00,586,Thanjavur,0.5,-26.1825
2022-10-20 00:00:00,586,Thanjavur,0.5,-26.121
2022-10-20 02:00:00,586,Thanjavur,0.5,-26.121
2022-10-20 03:00:00,586,Thanjavur,0.5,-26.121
2022-10-20 04:00:00,586,Thanjavur,0.5,-26.063
2022-10-20 05:00:00,586,Thanjavur,0.5,-26.063
2022-10-20 06:00:00,586,Thanjavur,0.5,-26.063
2022-10-20 07:00:00,586,Thanjavur,0.5,-26.063
2022-10-20 09:00:00,586,Thanjavur,0.75,-26.063
2022-10-20 16:00:00,586,Thanjavur,0.5,-26.0995
2022-10-20 17:00:00,586,Thanjavur,0.6666666666666666,-26.0995
2022-10-20 18:00:00,586,Thanjavur,5.25,-26.0995
2022-10-20 19:00:00,586,Thanjavur,0.6666666666666666,-26.0995
2022-10-20 20:00:00,586,Thanjavur,0.5,-26.0995
2022-10-20 21:00:00,586,Thanjavur,0.5,-26.0995
2022-10-20 22:00:00,586,Thanjavur,0.5,-26.055
2022-10-20 23:00:00,586,Thanjavur,3.0,-26.055
2022-10-21 00:00:00,586,Thanjavur,0.5,-26.055
2022-10-21 01:00:00,586,Thanjavur,7.8,-26.055
2022-10-21 02:00:00,586,Thanjavur,3.2857142857142856,-26.055
2022-10-21 03:00:00,586,Thanjavur,2.0,-26.055
2022-10-21 04:00:00,586,Thanjavur,4.5,-26.003
2022-10-21 05:00:00,586,Thanjavur,0.6666666666666666,-26.003
2022-10-21 06:00:00,586,Thanjavur,0.75,-26.003
2022-10-21 07:00:00,586,Thanjavur,1.0,-26.003
2022-10-21 08:00:00,586,Thanjavur,0.5,-26.003
2022-10-21 09:00:00,586,Thanjavur,0.5,-26.003
2022-10-21 10:00:00,586,Thanjavur,0.5,-26.064
2022-10-21 11:00:00,586,Thanjavur,0.5,-26.064
2022-10-21 12:00:00,586,Thanjavur,0.5,-26.064
2022-10-21 13:00:00,586,Thanjavur,0.5,-26.064
2022-10-21 14:00:00,586,Thanjavur,0.5,-26.064
2022-10-21 15:00:00,586,Thanjavur,0.5,-26.064
2022-10-21 16:00:00,586,Thanjavur,0.5,-26.024500000000003
2022-10-21 18:00:00,586,Thanjavur,0.5,-26.024500000000003
2022-10-21 19:00:00,586,Thanjavur,0.5,-26.024500000000003
2022-10-21 20:00:00,586,Thanjavur,0.5,-26.024500000000003
2022-10-21 21:00:00,586,Thanjavur,0.5,-26.024500000000003
2022-10-21 22:00:00,586,Thanjavur,0.5,-25.961
2022-10-22 00:00:00,586,Thanjavur,0.5,-25.961
2022-10-22 01:00:00,586,Thanjavur,0.5,-25.961
2022-10-22 02:00:00,586,Thanjavur,0.5,-25.961
2022-10-22 03:00:00,586,Thanjavur,0.5,-25.961
2022-10-22 04:00:00,586,Thanjavur,0.5,-25.9075
2022-10-22 05:00:00,586,Thanjavur,0.5,-25.9075
2022-10-22 06:00:00,586,Thanjavur,0.5,-25.9075
2022-10-22 07:00:00,586,Thanjavur,0.5,-25.9075
2022-10-22 09:00:00,586,Thanjavur,0.5,-25.9075
2022-10-22 13:00:00,586,Thanjavur,0.5,-26.0305
2022-10-22 14:00:00,586,Thanjavur,1.0,-26.0305
2022-10-22 16:00:00,586,Thanjavur,5.5,-26.013
2022-10-22 17:00:00,586,Thanjavur,0.5,-26.013
2022-10-22 18:00:00,586,Thanjavur,1.25,-26.013
2022-10-22 19:00:00,586,Thanjavur,0.5,-26.013
2022-10-22 20:00:00,586,Thanjavur,0.5,-26.013
2022-10-22 21:00:00,586,Thanjavur,2.75,-26.013
2022-10-22 22:00:00,586,Thanjavur,1.5,-25.9615
2022-10-22 23:00:00,586,Thanjavur,0.5,-25.9615
2022-10-23 00:00:00,586,Thanjavur,0.5,-25.9615
2022-10-23 02:00:00,586,Thanjavur,0.5,-25.9615
2022-10-23 03:00:00,586,Thanjavur,0.5,-25.9615
2022-10-23 04:00:00,586,Thanjavur,0.5,-25.91
2022-10-23 06:00:00,586,Thanjavur,0.5,-25.91
2022-10-23 07:00:00,586,Thanjavur,0.5,-25.91
2022-10-23 08:00:00,586,Thanjavur,0.5,-25.91
2022-10-23 09:00:00,586,Thanjavur,0.5,-25.91
2022-10-23 10:00:00,586,Thanjavur,0.5,-26.0945
2022-10-23 11:00:00,586,Thanjavur,0.5,-26.0945
2022-10-23 12:00:00,586,Thanjavur,0.5,-26.0945
2022-10-23 13:00:00,586,Thanjavur,0.5,-26.0945
2022-10-23 14:00:00,586,Thanjavur,0.5,-26.0945
2022-10-23 15:00:00,586,Thanjavur,0.5,-26.0945
2022-10-23 16:00:00,586,Thanjavur,0.5,-26.066
2022-10-23 17:00:00,586,Thanjavur,0.5,-26.066
2022-10-23 20:00:00,586,Thanjavur,0.5,-26.066
2022-10-23 21:00:00,586,Thanjavur,0.5,-26.066
2022-10-23 23:00:00,586,Thanjavur,0.5,-26.0275
2022-10-24 01:00:00,586,Thanjavur,0.5,-26.0275
2022-10-24 03:00:00,586,Thanjavur,0.5,-26.0275
2022-10-24 05:00:00,586,Thanjavur,0.5,-25.955
2022-10-24 07:00:00,586,Thanjavur,0.5,-25.955
2022-10-24 09:00:00,586,Thanjavur,0.5,-25.955
2022-10-24 11:00:00,586,Thanjavur,0.5,-26.054
2022-10-24 12:00:00,586,Thanjavur,0.5,-26.054
2022-10-24 13:00:00,586,Thanjavur,0.5,-26.054
2022-10-24 14:00:00,586,Thanjavur,0.5,-26.054
2022-10-24 15:00:00,586,Thanjavur,0.5,-26.054
2022-10-24 17:00:00,586,Thanjavur,0.5,-25.9825
2022-10-24 18:00:00,586,Thanjavur,0.5,-25.9825
2022-10-24 20:00:00,586,Thanjavur,0.5,-25.9825
2022-10-24 22:00:00,586,Thanjavur,0.5,-25.934
2022-10-25 00:00:00,586,Thanjavur,0.5,-25.934
2022-10-25 02:00:00,586,Thanjavur,0.5,-25.934
2022-10-25 04:00:00,586,Thanjavur,0.5,-25.889000000000003
2022-10-25 06:00:00,586,Thanjavur,0.5,-25.889000000000003
2022-10-25 08:00:00,586,Thanjavur,0.5,-25.889000000000003
2022-10-25 10:00:00,586,Thanjavur,0.5,-26.0745
2022-10-25 11:00:00,586,Thanjavur,0.5,-26.0745
2022-10-25 12:00:00,586,Thanjavur,0.5,-26.0745
2022-10-25 14:00:00,586,Thanjavur,0.5,-26.0745
2022-10-25 15:00:00,586,Thanjavur,0.5,-26.0745
2022-10-25 17:00:00,586,Thanjavur,0.5,-26.1275
2022-10-25 18:00:00,586,Thanjavur,0.5,-26.1275
2022-10-25 19:00:00,586,Thanjavur,0.5,-26.1275
2022-10-25 21:00:00,586,Thanjavur,0.5,-26.1275
2022-10-25 23:00:00,586,Thanjavur,0.5,-26.0175
2022-10-26 00:00:00,586,Thanjavur,0.5,-26.0175
2022-10-26 02:00:00,586,Thanjavur,0.5,-26.0175
2022-10-26 05:00:00,586,Thanjavur,0.5,-25.9615
2022-10-26 07:00:00,586,Thanjavur,0.5,-25.9615
2022-10-26 09:00:00,586,Thanjavur,0.5,-25.9615
2022-10-26 11:00:00,586,Thanjavur,0.5,-26.1225
2022-10-26 13:00:00,586,Thanjavur,0.5,-26.1225
2022-10-26 15:00:00,586,Thanjavur,0.5,-26.1225
2022-10-26 17:00:00,586,Thanjavur,0.5,-26.129
2022-10-26 18:00:00,586,Thanjavur,0.5,-26.129
2022-10-26 20:00:00,586,Thanjavur,0.5,-26.129
2022-10-26 22:00:00,586,Thanjavur,0.5,-26.069
2022-10-27 01:00:00,586,Thanjavur,0.5,-26.069
2022-10-27 03:00:00,586,Thanjavur,0.5,-26.069
2022-10-27 05:00:00,586,Thanjavur,0.5,-25.9995
2022-10-27 08:00:00,586,Thanjavur,0.5,-25.9995
2022-10-27 11:00:00,586,Thanjavur,0.5,-26.19
2022-10-27 14:00:00,586,Thanjavur,0.5,-26.19
2022-10-27 17:00:00,586,Thanjavur,0.5,-26.067
2022-10-29 03:00:00,586,Thanjavur,2.5,-26.0035
2022-10-29 04:00:00,586,Thanjavur,1.1666666666666667,-26.0105
2022-10-29 05:00:00,586,Thanjavur,1.3333333333333333,-26.0105
2022-10-29 13:00:00,586,Thanjavur,0.5,-26.107
2022-10-29 23:00:00,586,Thanjavur,0.5,-25.9635
2022-10-30 00:00:00,586,Thanjavur,2.0,-25.9635
2022-10-30 01:00:00,586,Thanjavur,1.625,-25.9635
2022-10-30 02:00:00,586,Thanjavur,0.5,-25.9635
2022-10-30 04:00:00,586,Thanjavur,1.0,-25.9415
2022-10-30 06:00:00,586,Thanjavur,0.5,-25.9415
2022-10-30 08:00:00,586,Thanjavur,0.5,-25.9415
2022-10-30 11:00:00,586,Thanjavur,0.5,-26.039
2022-10-30 16:00:00,586,Thanjavur,7.5,-18.135
2022-10-30 17:00:00,586,Thanjavur,4.5,-18.135
2022-11-01 04:00:00,586,Thanjavur,1.0,-25.9705
2022-11-01 05:00:00,586,Thanjavur,0.875,-25.9705
2022-11-01 06:00:00,586,Thanjavur,0.5,-25.9705
2022-11-01 07:00:00,586,Thanjavur,0.8333333333333334,-25.9705
2022-11-01 11:00:00,586,Thanjavur,0.5,-26.091
2022-11-01 12:00:00,586,Thanjavur,0.5,-26.091
2022-11-01 13:00:00,586,Thanjavur,0.5,-26.091
2022-11-01 15:00:00,586,Thanjavur,1.0,-26.091
2022-11-01 16:00:00,586,Thanjavur,0.5,-26.0625
2022-11-01 18:00:00,586,Thanjavur,0.5,-26.0625
2022-11-02 04:00:00,586,Thanjavur,0.5,-25.922000000000004
2022-11-02 10:00:00,586,Thanjavur,0.5,-26.056
2022-11-02 13:00:00,586,Thanjavur,0.5,-26.056
2022-11-02 17:00:00,586,Thanjavur,7.0,-26.0655
2022-11-02 18:00:00,586,Thanjavur,45.5,-26.0655
2022-11-02 19:00:00,586,Thanjavur,23.33333333333333,-26.0655
2022-11-02 20:00:00,586,Thanjavur,14.5,-26.0655
2022-11-03 00:00:00,586,Thanjavur,1.0,-26.0015
2022-11-03 01:00:00,586,Thanjavur,14.0,-26.0015
2022-11-03 02:00:00,586,Thanjavur,0.5,-26.0015
2022-11-03 04:00:00,586,Thanjavur,1.0,-25.9585
2022-11-03 05:00:00,586,Thanjavur,4.0,-25.9585
2022-11-03 06:00:00,586,Thanjavur,7.0,-25.9585
2022-11-03 07:00:00,586,Thanjavur,3.5,-25.9585
2022-11-03 08:00:00,586,Thanjavur,2.0,-25.9585
2022-11-03 09:00:00,586,Thanjavur,0.5,-25.9585
2022-11-03 15:00:00,586,Thanjavur,1.5,-26.035000000000004
2022-11-03 16:00:00,586,Thanjavur,2.5,-25.961
2022-11-03 17:00:00,586,Thanjavur,0.5,-25.961
2022-11-04 07:00:00,586,Thanjavur,0.5,-25.8125
2022-11-04 17:00:00,586,Thanjavur,0.5,-25.8015
2022-11-04 23:00:00,586,Thanjavur,0.5,-25.7245
2022-11-05 00:00:00,586,Thanjavur,1.0,-25.7245
2022-11-05 01:00:00,586,Thanjavur,0.5,-25.7245
2022-11-09 13:00:00,586,Thanjavur,0.5,-25.5865
2022-11-09 14:00:00,586,Thanjavur,0.5,-25.5865
2022-11-09 15:00:00,586,Thanjavur,0.5,-25.5865
2022-11-09 16:00:00,586,Thanjavur,0.5,-25.582
2022-11-09 17:00:00,586,Thanjavur,0.5,-25.582
2022-11-10 15:00:00,586,Thanjavur,0.5,-25.582
2022-11-10 21:00:00,586,Thanjavur,0.5,-25.579
2022-11-10 22:00:00,586,Thanjavur,2.0,-25.5205
2022-11-10 23:00:00,586,Thanjavur,1.25,-25.5205
2022-11-11 00:00:00,586,Thanjavur,0.5,-25.5205
2022-11-11 02:00:00,586,Thanjavur,0.5,-25.5205
2022-11-11 03:00:00,586,Thanjavur,2.5,-25.5205
2022-11-11 04:00:00,586,Thanjavur,2.5,-25.4675
2022-11-11 05:00:00,586,Thanjavur,4.833333333333333,-25.4675
2022-11-11 06:00:00,586,Thanjavur,5.833333333333333,-25.4675
2022-11-11 07:00:00,586,Thanjavur,6.583333333333333,-25.4675
2022-11-11 08:00:00,586,Thanjavur,4.25,-25.4675
2022-11-11 09:00:00,586,Thanjavur,8.75,-25.4675
2022-11-11 10:00:00,586,Thanjavur,4.916666666666667,-25.4275
2022-11-11 11:00:00,586,Thanjavur,3.6666666666666665,-25.4275
2022-11-11 12:00:00,586,Thanjavur,2.4,-25.4275
2022-11-11 13:00:00,586,Thanjavur,1.8333333333333333,-25.4275
2022-11-11 14:00:00,586,Thanjavur,3.25,-25.4275
2022-11-11 15:00:00,586,Thanjavur,3.5,-25.4275
2022-11-11 16:00:00,586,Thanjavur,2.625,-25.367
2022-11-11 17:00:00,586,Thanjavur,0.6666666666666666,-25.367
2022-11-11 18:00:00,586,Thanjavur,2.0,-25.367
2022-11-11 19:00:00,586,Thanjavur,2.75,-25.367
2022-11-11 20:00:00,586,Thanjavur,8.0,-25.367
2022-11-11 21:00:00,586,Thanjavur,2.375,-25.367
2022-11-11 22:00:00,586,Thanjavur,1.9166666666666667,-25.2985
2022-11-11 23:00:00,586,Thanjavur,1.6,-25.2985
2022-11-12 00:00:00,586,Thanjavur,1.3333333333333333,-25.2985
2022-11-12 02:00:00,586,Thanjavur,0.5,-25.2985
2022-11-12 03:00:00,586,Thanjavur,0.5,-25.2985
2022-11-12 04:00:00,586,Thanjavur,0.75,-25.237
2022-11-12 05:00:00,586,Thanjavur,0.9,-25.237
2022-11-12 06:00:00,586,Thanjavur,0.875,-25.237
2022-11-12 07:00:00,586,Thanjavur,0.7,-25.237
2022-11-12 08:00:00,586,Thanjavur,0.5,-25.237
2022-11-12 09:00:00,586,Thanjavur,0.6666666666666666,-25.237
2022-11-12 10:00:00,586,Thanjavur,0.5,-25.233
2022-11-12 11:00:00,586,Thanjavur,0.5,-25.233
2022-11-12 12:00:00,586,Thanjavur,0.5,-25.233
2022-11-12 13:00:00,586,Thanjavur,0.5,-25.233
2022-11-12 14:00:00,586,Thanjavur,0.5,-25.233
2022-11-13 08:00:00,586,Thanjavur,0.5,-25.104
2022-11-13 10:00:00,586,Thanjavur,1.5,-25.164
2022-11-13 12:00:00,586,Thanjavur,2.0,-25.164
2022-11-13 13:00:00,586,Thanjavur,0.8333333333333334,-25.164
2022-11-13 14:00:00,586,Thanjavur,0.5,-25.164
2022-11-13 15:00:00,586,Thanjavur,0.5,-25.164
2022-11-13 18:00:00,586,Thanjavur,5.5,-25.1805
2022-11-13 19:00:00,586,Thanjavur,0.5,-25.1805
2022-11-13 22:00:00,586,Thanjavur,0.5,-25.1285
2022-11-14 00:00:00,586,Thanjavur,0.5,-25.1285
2022-11-14 02:00:00,586,Thanjavur,2.5,-25.1285
2022-11-14 03:00:00,586,Thanjavur,0.5,-25.1285
2022-11-14 07:00:00,586,Thanjavur,0.5,-25.079
2022-11-14 08:00:00,586,Thanjavur,0.5,-25.079
2022-11-14 12:00:00,586,Thanjavur,0.5,-25.1075
2022-11-14 14:00:00,586,Thanjavur,1.5,-25.1075
2022-11-14 16:00:00,586,Thanjavur,0.5,-25.0325
2022-11-14 19:00:00,586,Thanjavur,0.5,-25.0325
2022-11-14 22:00:00,586,Thanjavur,0.5,-24.976
2022-11-15 01:00:00,586,Thanjavur,3.25,-24.976
2022-11-15 04:00:00,586,Thanjavur,1.0,-24.921
2022-11-15 05:00:00,586,Thanjavur,0.75,-24.921
2022-11-15 06:00:00,586,Thanjavur,1.0,-24.921
2022-11-15 09:00:00,586,Thanjavur,0.5,-24.921
2022-11-15 16:00:00,586,Thanjavur,0.5,-24.9335
2022-11-15 17:00:00,586,Thanjavur,5.5,-24.9335
2022-11-15 19:00:00,586,Thanjavur,1.5,-24.9335
2022-11-15 20:00:00,586,Thanjavur,0.5,-24.9335
2022-11-16 03:00:00,586,Thanjavur,0.5,-24.8765
2022-11-16 11:00:00,586,Thanjavur,0.5,-24.852
2022-11-17 00:00:00,586,Thanjavur,0.5,-24.8505
2022-11-17 20:00:00,586,Thanjavur,0.5,-25.06
2022-11-19 04:00:00,586,Thanjavur,0.5,-25.037
2022-11-21 01:00:00,586,Thanjavur,0.5,-25.193
2022-11-24 11:15:00,586,Thanjavur,0.5,-25.3665
2022-11-24 11:20:00,586,Thanjavur,0.5,-25.3665
2022-11-24 11:25:00,586,Thanjavur,0.5,-25.3665
2022-11-24 11:30:00,586,Thanjavur,0.5,-25.3665
2022-11-24 11:35:00,586,Thanjavur,0.5,-25.3665
2022-11-24 11:40:00,586,Thanjavur,0.5,-25.3665
2022-11-24 11:45:00,586,Thanjavur,0.5,-25.3665
2022-11-24 11:50:00,586,Thanjavur,0.5,-25.3665
2022-11-24 11:55:00,586,Thanjavur,0.5,-25.3665
2022-11-24 12:00:00,586,Thanjavur,0.5,-25.3665
2022-11-25 14:00:00,586,Thanjavur,8.5,-25.368
2022-11-26 15:00:00,586,Thanjavur,2.5,-25.443
2022-11-26 16:00:00,586,Thanjavur,2.0,-25.29
2022-11-26 17:00:00,586,Thanjavur,1.5,-25.29
2022-11-26 18:00:00,586,Thanjavur,0.5,-25.29
2022-11-27 17:00:00,586,Thanjavur,8.0,-25.2765
2022-11-27 18:00:00,586,Thanjavur,2.25,-25.2765
2022-11-28 04:00:00,586,Thanjavur,51.5,-25.111
2022-11-29 12:00:00,586,Thanjavur,0.5,-25.132
2022-11-30 16:00:00,586,Thanjavur,0.5,-25.2815
2022-12-01 02:00:00,586,Thanjavur,0.5,-25.24
2022-12-01 03:00:00,586,Thanjavur,0.5,-25.24
2022-12-01 04:00:00,586,Thanjavur,1.5,-25.2055
2022-12-01 05:00:00,586,Thanjavur,0.5,-25.2055
2022-12-01 10:00:00,586,Thanjavur,0.5,-25.2075
2022-12-01 14:00:00,586,Thanjavur,11.0,-25.2075
2022-12-01 15:00:00,586,Thanjavur,15.0,-25.2075
2022-12-01 16:00:00,586,Thanjavur,134.0,-25.314
2022-12-01 17:00:00,586,Thanjavur,16.0,-25.314
2022-12-01 19:00:00,586,Thanjavur,9.0,-25.314
2022-12-01 21:00:00,586,Thanjavur,975.5,-25.314
2022-12-01 23:00:00,586,Thanjavur,17.0,-25.2405
2022-12-02 01:00:00,586,Thanjavur,0.5,-25.2405
2022-12-02 02:00:00,586,Thanjavur,4.5,-25.2405
2022-12-02 10:00:00,586,Thanjavur,34.25,-25.1665
2022-12-02 16:00:00,586,Thanjavur,0.5,-25.264000000000003
2022-12-02 17:00:00,586,Thanjavur,0.5,-25.264000000000003
2022-12-03 14:00:00,586,Thanjavur,5.666666666666667,-25.1665
2022-12-03 15:00:00,586,Thanjavur,1.0,-25.1665
2022-12-03 16:00:00,586,Thanjavur,0.5,-25.1355
2022-12-03 17:00:00,586,Thanjavur,1.5,-25.1355
2022-12-03 18:00:00,586,Thanjavur,0.5,-25.1355
2022-12-04 02:00:00,586,Thanjavur,11.0,-25.067
2022-12-04 03:00:00,586,Thanjavur,15.0,-25.067
2022-12-04 04:00:00,586,Thanjavur,1.0,-25.001
2022-12-04 05:00:00,586,Thanjavur,3.0,-25.001
2022-12-04 06:00:00,586,Thanjavur,0.5,-25.001
2022-12-04 09:00:00,586,Thanjavur,2.0,-25.001
2022-12-04 10:00:00,586,Thanjavur,3.0,-25.026
2022-12-04 11:00:00,586,Thanjavur,2.375,-25.026
2022-12-04 12:00:00,586,Thanjavur,2.1,-25.026
2022-12-04 13:00:00,586,Thanjavur,2.75,-25.026
2022-12-04 14:00:00,586,Thanjavur,3.0,-25.026
2022-12-04 15:00:00,586,Thanjavur,10.625,-25.026
2022-12-04 16:00:00,586,Thanjavur,3.6666666666666665,-24.9625
2022-12-04 17:00:00,586,Thanjavur,12.75,-24.9625
2022-12-04 18:00:00,586,Thanjavur,89.0,-24.9625
2022-12-04 19:00:00,586,Thanjavur,5.4,-24.9625
2022-12-04 20:00:00,586,Thanjavur,4.375,-24.9625
2022-12-04 21:00:00,586,Thanjavur,1.375,-24.9625
2022-12-04 22:00:00,586,Thanjavur,1.5,-24.9
2022-12-04 23:00:00,586,Thanjavur,1.875,-24.9
2022-12-05 00:00:00,586,Thanjavur,6.0,-24.9
2022-12-05 01:00:00,586,Thanjavur,12.5,-24.9
2022-12-05 02:00:00,586,Thanjavur,6.5,-24.9
2022-12-05 03:00:00,586,Thanjavur,3.7,-24.9
2022-12-05 04:00:00,586,Thanjavur,2.25,-24.821
2022-12-05 05:00:00,586,Thanjavur,1.3333333333333333,-24.821
2022-12-05 06:00:00,586,Thanjavur,1.5,-24.821
2022-12-05 07:00:00,586,Thanjavur,0.5,-24.821
2022-12-06 01:00:00,586,Thanjavur,0.5,-24.707
2022-12-06 04:00:00,586,Thanjavur,0.5,-24.6385
2022-12-06 07:00:00,586,Thanjavur,0.5,-24.6385
2022-12-06 09:00:00,586,Thanjavur,0.5,-24.6385
2022-12-06 11:00:00,586,Thanjavur,0.5,-24.691000000000003
2022-12-06 13:00:00,586,Thanjavur,0.5,-24.691000000000003
2022-12-06 16:00:00,586,Thanjavur,0.5,-24.6525
2022-12-06 18:00:00,586,Thanjavur,0.5,-24.6525
2022-12-06 20:00:00,586,Thanjavur,0.5,-24.6525
2022-12-06 22:00:00,586,Thanjavur,0.5,-24.597
2022-12-07 01:00:00,586,Thanjavur,0.5,-24.597
2022-12-07 02:00:00,586,Thanjavur,0.5,-24.597
2022-12-07 03:00:00,586,Thanjavur,0.5,-24.597
2022-12-07 04:00:00,586,Thanjavur,0.5,-24.539
2022-12-07 05:00:00,586,Thanjavur,0.5,-24.539
2022-12-07 06:00:00,586,Thanjavur,0.5,-24.539
2022-12-07 08:00:00,586,Thanjavur,0.5,-24.539
2022-12-07 09:00:00,586,Thanjavur,0.5,-24.539
2022-12-07 10:00:00,586,Thanjavur,0.5,-24.630000000000003
2022-12-07 11:00:00,586,Thanjavur,0.5,-24.630000000000003
2022-12-07 12:00:00,586,Thanjavur,0.5,-24.630000000000003
2022-12-07 13:00:00,586,Thanjavur,0.5,-24.630000000000003
2022-12-07 14:00:00,586,Thanjavur,0.5,-24.630000000000003
2022-12-07 15:00:00,586,Thanjavur,0.5,-24.630000000000003
2022-12-07 16:00:00,586,Thanjavur,0.5,-24.592
2022-12-07 17:00:00,586,Thanjavur,0.5,-24.592
2022-12-07 18:00:00,586,Thanjavur,0.5,-24.592
2022-12-07 20:00:00,586,Thanjavur,0.5,-24.592
2022-12-07 21:00:00,586,Thanjavur,0.5,-24.592
2022-12-07 23:00:00,586,Thanjavur,0.5,-24.549
2022-12-08 01:00:00,586,Thanjavur,0.5,-24.549
2022-12-08 04:00:00,586,Thanjavur,0.5,-24.497
2022-12-08 06:00:00,586,Thanjavur,0.5,-24.497
2022-12-08 09:00:00,586,Thanjavur,0.5,-24.497
2022-12-08 12:00:00,586,Thanjavur,0.5,-24.539
2022-12-08 16:00:00,586,Thanjavur,0.5,-24.4725
2022-12-08 17:00:00,586,Thanjavur,0.5,-24.4725
2022-12-08 18:00:00,586,Thanjavur,0.5,-24.4725
2022-12-08 19:00:00,586,Thanjavur,0.75,-24.4725
2022-12-08 20:00:00,586,Thanjavur,0.875,-24.4725
2022-12-08 21:00:00,586,Thanjavur,0.9,-24.4725
2022-12-08 22:00:00,586,Thanjavur,0.625,-24.4185
2022-12-08 23:00:00,586,Thanjavur,0.6666666666666666,-24.4185
2022-12-09 00:00:00,586,Thanjavur,0.8333333333333334,-24.4185
2022-12-09 01:00:00,586,Thanjavur,0.5,-24.4185
2022-12-09 02:00:00,586,Thanjavur,0.75,-24.4185
2022-12-09 05:00:00,586,Thanjavur,1.0,-24.3515
2022-12-09 06:00:00,586,Thanjavur,0.5,-24.3515
2022-12-09 08:00:00,586,Thanjavur,0.5,-24.3515
2022-12-09 09:00:00,586,Thanjavur,0.5,-24.3515
2022-12-09 10:00:00,586,Thanjavur,0.5,-24.372
2022-12-09 19:00:00,586,Thanjavur,0.5,-24.322
2022-12-10 05:00:00,586,Thanjavur,0.5,-24.2395
2022-12-10 06:00:00,586,Thanjavur,0.5,-24.2395
2022-12-10 09:00:00,586,Thanjavur,0.5,-24.2395
2022-12-10 10:00:00,586,Thanjavur,0.5,-24.4175
2022-12-10 11:00:00,586,Thanjavur,0.5,-24.4175
2022-12-10 14:00:00,586,Thanjavur,0.5,-24.4175
2022-12-10 16:00:00,586,Thanjavur,0.5,-24.4625
2022-12-10 21:00:00,586,Thanjavur,0.5,-24.4625
2022-12-11 04:00:00,586,Thanjavur,0.5,-24.3845
2022-12-11 05:00:00,586,Thanjavur,0.8333333333333334,-24.3845
2022-12-11 07:00:00,586,Thanjavur,0.5,-24.3845
2022-12-11 10:00:00,586,Thanjavur,0.5,-24.554
2022-12-11 13:00:00,586,Thanjavur,0.5,-24.554
2022-12-11 14:00:00,586,Thanjavur,2.5,-24.554
2022-12-11 15:00:00,586,Thanjavur,0.5,-24.554
2022-12-11 16:00:00,586,Thanjavur,17.0,-24.492
2022-12-11 17:00:00,586,Thanjavur,0.5,-24.492
2022-12-11 19:00:00,586,Thanjavur,0.5,-24.492
2022-12-11 22:00:00,586,Thanjavur,0.5,-24.459000000000003
2022-12-12 00:00:00,586,Thanjavur,0.5,-24.459000000000003
2022-12-12 01:00:00,586,Thanjavur,0.5,-24.459000000000003
2022-12-12 02:00:00,586,Thanjavur,0.5,-24.459000000000003
2022-12-12 04:00:00,586,Thanjavur,0.5,-24.4275
2022-12-12 05:00:00,586,Thanjavur,0.5,-24.4275
2022-12-12 06:00:00,586,Thanjavur,0.5,-24.4275
2022-12-12 07:00:00,586,Thanjavur,1.0,-24.4275
2022-12-12 08:00:00,586,Thanjavur,0.5,-24.4275
2022-12-12 09:00:00,586,Thanjavur,1.0,-24.4275
2022-12-12 10:00:00,586,Thanjavur,1.75,-24.5845
2022-12-12 11:00:00,586,Thanjavur,1.5,-24.5845
2022-12-12 12:00:00,586,Thanjavur,4.833333333333333,-24.5845
2022-12-12 13:00:00,586,Thanjavur,8.166666666666666,-24.5845
2022-12-12 14:00:00,586,Thanjavur,9.5,-24.5845
2022-12-12 15:00:00,586,Thanjavur,1.375,-24.5845
2022-12-12 16:00:00,586,Thanjavur,1.0,-24.519
2022-12-12 17:00:00,586,Thanjavur,1.0,-24.519
2022-12-12 18:00:00,586,Thanjavur,1.0,-24.519
2022-12-12 19:00:00,586,Thanjavur,11.75,-24.519
2022-12-12 20:00:00,586,Thanjavur,1.0,-24.519
2022-12-12 21:00:00,586,Thanjavur,0.75,-24.519
2022-12-12 22:00:00,586,Thanjavur,0.5,-24.495
2022-12-12 23:00:00,586,Thanjavur,1.0,-24.495
2022-12-13 00:00:00,586,Thanjavur,0.5,-24.495
2022-12-13 01:00:00,586,Thanjavur,0.75,-24.495
2022-12-13 02:00:00,586,Thanjavur,1.0,-24.495
2022-12-13 03:00:00,586,Thanjavur,1.5,-24.495
2022-12-13 04:00:00,586,Thanjavur,1.25,-24.455
2022-12-13 05:00:00,586,Thanjavur,5.833333333333333,-24.455
2022-12-13 06:00:00,586,Thanjavur,2.1,-24.455
2022-12-13 07:00:00,586,Thanjavur,7.0,-24.455
2022-12-13 08:00:00,586,Thanjavur,1.8333333333333333,-24.455
2022-12-13 09:00:00,586,Thanjavur,2.5,-24.455
2022-12-13 10:00:00,586,Thanjavur,1.5,-24.4815
2022-12-13 11:00:00,586,Thanjavur,2.5,-24.4815
2022-12-13 12:00:00,586,Thanjavur,2.0,-24.4815
2022-12-13 13:00:00,586,Thanjavur,3.5,-24.4815
2022-12-13 14:00:00,586,Thanjavur,12.25,-24.4815
2022-12-13 15:00:00,586,Thanjavur,15.0,-24.4815
2022-12-13 16:00:00,586,Thanjavur,4.875,-24.4535
2022-12-13 17:00:00,586,Thanjavur,4.5,-24.4535
2022-12-13 18:00:00,586,Thanjavur,1.6666666666666667,-24.4535
2022-12-13 19:00:00,586,Thanjavur,2.0,-24.4535
2022-12-13 20:00:00,586,Thanjavur,2.5,-24.4535
2022-12-13 21:00:00,586,Thanjavur,2.0,-24.4535
2022-12-13 22:00:00,586,Thanjavur,2.0,-24.41
2022-12-13 23:00:00,586,Thanjavur,1.5,-24.41
2022-12-14 00:00:00,586,Thanjavur,2.0,-24.41
2022-12-14 01:00:00,586,Thanjavur,1.5,-24.41
2022-12-14 02:00:00,586,Thanjavur,1.5,-24.41
2022-12-14 03:00:00,586,Thanjavur,1.0,-24.41
2022-12-14 04:00:00,586,Thanjavur,1.0,-24.36
2022-12-14 05:00:00,586,Thanjavur,1.5,-24.36
2022-12-14 06:00:00,586,Thanjavur,1.0,-24.36
2022-12-14 08:00:00,586,Thanjavur,0.75,-24.36
2022-12-14 09:00:00,586,Thanjavur,1.5,-24.36
2022-12-14 10:00:00,586,Thanjavur,1.0,-24.3965
2022-12-14 11:00:00,586,Thanjavur,1.0,-24.3965
2022-12-14 12:00:00,586,Thanjavur,1.0,-24.3965
2022-12-14 13:00:00,586,Thanjavur,1.5,-24.3965
2022-12-14 14:00:00,586,Thanjavur,1.0,-24.3965
2022-12-14 15:00:00,586,Thanjavur,1.0,-24.3965
2022-12-14 16:00:00,586,Thanjavur,1.0,-24.4195
2022-12-14 17:00:00,586,Thanjavur,1.0,-24.4195
2022-12-14 18:00:00,586,Thanjavur,1.0,-24.4195
2022-12-14 19:00:00,586,Thanjavur,1.0,-24.4195
2022-12-14 20:00:00,586,Thanjavur,1.0,-24.4195
2022-12-14 21:00:00,586,Thanjavur,0.5,-24.4195
2022-12-14 22:00:00,586,Thanjavur,1.0,-24.3295
2022-12-14 23:00:00,586,Thanjavur,0.5,-24.3295
2022-12-15 00:00:00,586,Thanjavur,0.5,-24.3295
2022-12-15 01:00:00,586,Thanjavur,1.0,-24.3295
2022-12-15 02:00:00,586,Thanjavur,0.5,-24.3295
2022-12-15 03:00:00,586,Thanjavur,0.5,-24.3295
2022-12-15 04:00:00,586,Thanjavur,0.5,-24.273
2022-12-15 05:00:00,586,Thanjavur,0.5,-24.273
2022-12-15 06:00:00,586,Thanjavur,1.0,-24.273
2022-12-15 07:00:00,586,Thanjavur,0.5,-24.273
2022-12-15 08:00:00,586,Thanjavur,0.5,-24.273
2022-12-15 09:00:00,586,Thanjavur,0.5,-24.273
2022-12-15 10:00:00,586,Thanjavur,0.5,-24.3795
2022-12-15 11:00:00,586,Thanjavur,0.5,-24.3795
2022-12-15 12:00:00,586,Thanjavur,0.5,-24.3795
2022-12-15 13:00:00,586,Thanjavur,0.5,-24.3795
2022-12-15 14:00:00,586,Thanjavur,0.5,-24.3795
2022-12-15 15:00:00,586,Thanjavur,0.5,-24.3795
2022-12-15 16:00:00,586,Thanjavur,0.5,-24.3655
2022-12-15 18:00:00,586,Thanjavur,0.5,-24.3655
2022-12-15 19:00:00,586,Thanjavur,0.5,-24.3655
2022-12-15 21:00:00,586,Thanjavur,0.5,-24.3655
2022-12-19 17:00:00,586,Thanjavur,1.0,-24.5875
2022-12-19 20:00:00,586,Thanjavur,0.5,-24.5875
2022-12-21 15:00:00,586,Thanjavur,15.0,-24.4775
2022-12-21 16:00:00,586,Thanjavur,1.5,-24.4205
2022-12-21 17:00:00,586,Thanjavur,0.5,-24.4205
2022-12-25 08:00:00,586,Thanjavur,0.5,-24.615
2022-12-25 09:00:00,586,Thanjavur,1.0,-24.615
2022-12-25 10:00:00,586,Thanjavur,0.5,-24.6775
2022-12-25 11:00:00,586,Thanjavur,2.75,-24.6775
2022-12-25 12:00:00,586,Thanjavur,1.8,-24.6775
2022-12-25 13:00:00,586,Thanjavur,1.5,-24.6775
2022-12-25 14:00:00,586,Thanjavur,2.1666666666666665,-24.6775
2022-12-25 15:00:00,586,Thanjavur,4.4,-24.6775
2022-12-25 16:00:00,586,Thanjavur,1.5,-24.698
2022-12-25 17:00:00,586,Thanjavur,0.6666666666666666,-24.698
2022-12-25 18:00:00,586,Thanjavur,0.5,-24.698
2022-12-25 22:00:00,586,Thanjavur,0.5,-24.6435
2022-12-25 23:00:00,586,Thanjavur,0.5,-24.6435
2022-12-26 00:00:00,586,Thanjavur,0.5,-24.6435
2022-12-26 02:00:00,586,Thanjavur,0.5,-24.6435
2022-12-26 03:00:00,586,Thanjavur,14.125,-24.6435
2022-12-26 04:00:00,586,Thanjavur,4.5,-24.5975
2022-12-26 07:00:00,586,Thanjavur,1.5,-24.5975
2022-12-26 13:00:00,586,Thanjavur,6.0,-24.653
2022-12-26 14:00:00,586,Thanjavur,1.25,-24.653
2022-12-26 15:00:00,586,Thanjavur,0.5,-24.653
2022-12-26 17:00:00,586,Thanjavur,4.5,-24.6335
2022-12-26 18:00:00,586,Thanjavur,0.5,-24.6335
2022-12-27 03:00:00,586,Thanjavur,2.0,-24.573500000000003
2022-12-27 04:00:00,586,Thanjavur,10.5,-24.5175
2022-12-27 05:00:00,586,Thanjavur,1.5,-24.5175
2022-12-27 07:00:00,586,Thanjavur,0.5,-24.5175
2022-12-27 08:00:00,586,Thanjavur,0.5,-24.5175
2022-12-27 09:00:00,586,Thanjavur,0.5,-24.5175
2022-12-27 10:00:00,586,Thanjavur,2.0,-24.651
2022-12-27 11:00:00,586,Thanjavur,338.25,-24.651
2022-12-27 12:00:00,586,Thanjavur,1.25,-24.651
2022-12-27 14:00:00,586,Thanjavur,0.5,-24.651
2022-12-27 15:00:00,586,Thanjavur,0.5,-24.651
2022-12-27 16:00:00,586,Thanjavur,2.25,-24.571
2022-12-27 17:00:00,586,Thanjavur,1.0,-24.571
2022-12-27 20:00:00,586,Thanjavur,0.5,-24.571
2023-01-08 05:00:00,586,Thanjavur,0.5,-25.0305
2023-01-08 07:00:00,586,Thanjavur,1.0,-25.0305
2023-01-08 08:00:00,586,Thanjavur,0.5,-25.0305
2023-01-08 09:00:00,586,Thanjavur,2.5,-25.0305
2023-01-08 10:00:00,586,Thanjavur,0.5,-25.129
2023-01-08 11:00:00,586,Thanjavur,0.8333333333333334,-25.129
2023-01-08 12:00:00,586,Thanjavur,0.5,-25.129
2023-01-30 08:00:00,586,Thanjavur,0.5,-25.283
2023-01-30 09:00:00,586,Thanjavur,4.5,-25.283
2023-01-30 10:00:00,586,Thanjavur,2.0,-25.380000000000003
2023-02-01 08:00:00,586,Thanjavur,0.5,-25.193
2023-02-01 16:00:00,586,Thanjavur,1.25,-25.283
2023-02-01 22:40:00,586,Thanjavur,0.5,-25.2785
2023-02-01 22:45:00,586,Thanjavur,0.5,-25.2785
2023-02-01 22:50:00,586,Thanjavur,0.5,-25.2785
2023-02-01 22:55:00,586,Thanjavur,0.5,-25.2785
2023-02-01 23:00:00,586,Thanjavur,0.5,-25.2785
2023-02-02 00:00:00,586,Thanjavur,1.0,-25.2785
2023-02-02 00:15:00,586,Thanjavur,0.5,-25.2785
2023-02-02 00:20:00,586,Thanjavur,1.0,-25.2785
2023-02-02 00:25:00,586,Thanjavur,1.0,-25.2785
2023-02-02 00:30:00,586,Thanjavur,1.5,-25.2785
2023-02-02 00:35:00,586,Thanjavur,1.5,-25.2785
2023-02-02 00:40:00,586,Thanjavur,1.5,-25.2785
2023-02-02 00:45:00,586,Thanjavur,1.5,-25.2785
2023-02-02 00:50:00,586,Thanjavur,1.5,-25.2785
2023-02-02 00:55:00,586,Thanjavur,1.5,-25.2785
2023-02-02 01:00:00,586,Thanjavur,1.5,-25.2785
2023-02-02 02:00:00,586,Thanjavur,1.25,-25.2785
2023-02-02 06:00:00,586,Thanjavur,0.5,-25.255000000000003
2023-02-02 07:00:00,586,Thanjavur,0.6,-25.255000000000003
2023-02-02 08:00:00,586,Thanjavur,0.5,-25.255000000000003
2023-02-02 08:05:00,586,Thanjavur,0.5,-25.255000000000003
2023-02-02 08:10:00,586,Thanjavur,0.5,-25.255000000000003
2023-02-02 08:15:00,586,Thanjavur,0.5,-25.255000000000003
2023-02-02 08:20:00,586,Thanjavur,0.5,-25.255000000000003
2023-02-02 08:25:00,586,Thanjavur,1.0,-25.255000000000003
2023-02-02 08:30:00,586,Thanjavur,1.0,-25.255000000000003
2023-02-02 08:35:00,586,Thanjavur,1.5,-25.255000000000003
2023-02-02 08:40:00,586,Thanjavur,1.5,-25.255000000000003
2023-02-02 08:45:00,586,Thanjavur,2.0,-25.255000000000003
2023-02-02 08:50:00,586,Thanjavur,2.0,-25.255000000000003
2023-02-02 08:55:00,586,Thanjavur,2.0,-25.255000000000003
2023-02-02 09:00:00,586,Thanjavur,3.142857142857143,-25.255000000000003
2023-02-02 09:10:00,586,Thanjavur,0.5,-25.275
2023-02-02 09:15:00,586,Thanjavur,0.5,-25.275
2023-02-02 09:20:00,586,Thanjavur,1.0,-25.275
2023-02-02 09:25:00,586,Thanjavur,1.0,-25.275
2023-02-02 09:30:00,586,Thanjavur,1.0,-25.275
2023-02-02 09:35:00,586,Thanjavur,1.5,-25.275
2023-02-02 09:40:00,586,Thanjavur,1.5,-25.275
2023-02-02 09:45:00,586,Thanjavur,2.0,-25.275
2023-02-02 09:50:00,586,Thanjavur,2.0,-25.275
2023-02-02 09:55:00,586,Thanjavur,2.0,-25.275
2023-02-02 10:00:00,586,Thanjavur,4.5,-25.275
2023-02-02 10:10:00,586,Thanjavur,0.5,-25.275
2023-02-02 10:15:00,586,Thanjavur,0.5,-25.275
2023-02-02 11:00:00,586,Thanjavur,3.1,-25.275
2023-02-02 12:00:00,586,Thanjavur,6.25,-25.275
2023-02-02 13:00:00,586,Thanjavur,6.4,-25.275
2023-02-02 13:30:00,586,Thanjavur,0.5,-25.275
2023-02-02 13:35:00,586,Thanjavur,0.5,-25.275
2023-02-02 13:40:00,586,Thanjavur,0.5,-25.275
2023-02-02 13:45:00,586,Thanjavur,0.5,-25.275
2023-02-02 13:50:00,586,Thanjavur,0.5,-25.275
2023-02-02 13:55:00,586,Thanjavur,0.5,-25.275
2023-02-02 14:00:00,586,Thanjavur,1.375,-25.275
2023-02-02 14:10:00,586,Thanjavur,0.5,-25.275
2023-02-02 14:15:00,586,Thanjavur,0.5,-25.275
2023-02-02 14:20:00,586,Thanjavur,0.5,-25.275
2023-02-02 14:25:00,586,Thanjavur,0.5,-25.275
2023-02-02 14:30:00,586,Thanjavur,0.5,-25.275
2023-02-02 14:35:00,586,Thanjavur,0.5,-25.275
2023-02-02 14:40:00,586,Thanjavur,0.5,-25.275
2023-02-02 14:45:00,586,Thanjavur,0.5,-25.275
2023-02-02 14:50:00,586,Thanjavur,0.5,-25.275
2023-02-02 14:55:00,586,Thanjavur,1.0,-25.275
2023-02-02 15:00:00,586,Thanjavur,1.6,-25.275
2023-02-02 15:30:00,586,Thanjavur,0.5,-25.2225
2023-02-02 15:35:00,586,Thanjavur,0.5,-25.2225
2023-02-02 15:40:00,586,Thanjavur,0.5,-25.2225
2023-02-02 15:45:00,586,Thanjavur,0.5,-25.2225
2023-02-02 15:50:00,586,Thanjavur,0.5,-25.2225
2023-02-02 15:55:00,586,Thanjavur,0.5,-25.2225
2023-02-02 16:00:00,586,Thanjavur,3.3,-25.2225
2023-02-02 16:05:00,586,Thanjavur,0.5,-25.2225
2023-02-02 16:10:00,586,Thanjavur,0.5,-25.2225
2023-02-02 16:15:00,586,Thanjavur,0.5,-25.2225
2023-02-02 16:20:00,586,Thanjavur,0.5,-25.2225
2023-02-02 16:25:00,586,Thanjavur,0.5,-25.2225
2023-02-02 16:30:00,586,Thanjavur,0.5,-25.2225
2023-02-02 16:35:00,586,Thanjavur,1.0,-25.2225
2023-02-02 16:40:00,586,Thanjavur,1.0,-25.2225
2023-02-02 16:45:00,586,Thanjavur,1.0,-25.2225
2023-02-02 16:50:00,586,Thanjavur,1.0,-25.2225
2023-02-02 16:55:00,586,Thanjavur,1.0,-25.2225
2023-02-02 17:00:00,586,Thanjavur,7.125,-25.2225
2023-02-02 17:05:00,586,Thanjavur,0.5,-25.2225
2023-02-02 17:10:00,586,Thanjavur,0.5,-25.2225
2023-02-02 17:15:00,586,Thanjavur,0.5,-25.2225
2023-02-02 17:20:00,586,Thanjavur,0.5,-25.2225
2023-02-02 17:25:00,586,Thanjavur,0.5,-25.2225
2023-02-02 17:30:00,586,Thanjavur,0.5,-25.2225
2023-02-02 17:35:00,586,Thanjavur,1.0,-25.2225
2023-02-02 17:40:00,586,Thanjavur,1.0,-25.2225
2023-02-02 17:45:00,586,Thanjavur,1.0,-25.2225
2023-02-02 17:50:00,586,Thanjavur,1.0,-25.2225
2023-02-02 17:55:00,586,Thanjavur,1.0,-25.2225
2023-02-02 18:00:00,586,Thanjavur,5.857142857142857,-25.2225
2023-02-02 18:05:00,586,Thanjavur,0.5,-25.2225
2023-02-02 18:10:00,586,Thanjavur,0.5,-25.2225
2023-02-02 18:15:00,586,Thanjavur,0.5,-25.2225
2023-02-02 18:20:00,586,Thanjavur,0.5,-25.2225
2023-02-02 18:25:00,586,Thanjavur,0.5,-25.2225
2023-02-02 18:30:00,586,Thanjavur,0.5,-25.2225
2023-02-02 18:35:00,586,Thanjavur,1.0,-25.2225
2023-02-02 18:40:00,586,Thanjavur,1.0,-25.2225
2023-02-02 18:45:00,586,Thanjavur,1.0,-25.2225
2023-02-02 18:50:00,586,Thanjavur,1.0,-25.2225
2023-02-02 18:55:00,586,Thanjavur,1.0,-25.2225
2023-02-02 19:00:00,586,Thanjavur,1.7142857142857142,-25.2225
2023-02-02 19:10:00,586,Thanjavur,0.5,-25.2225
2023-02-02 19:15:00,586,Thanjavur,0.5,-25.2225
2023-02-02 19:20:00,586,Thanjavur,0.5,-25.2225
2023-02-02 19:25:00,586,Thanjavur,0.5,-25.2225
2023-02-02 19:30:00,586,Thanjavur,0.5,-25.2225
2023-02-02 19:35:00,586,Thanjavur,0.5,-25.2225
2023-02-02 19:40:00,586,Thanjavur,1.0,-25.2225
2023-02-02 19:45:00,586,Thanjavur,1.0,-25.2225
2023-02-02 19:50:00,586,Thanjavur,1.0,-25.2225
2023-02-02 19:55:00,586,Thanjavur,1.0,-25.2225
2023-02-02 20:00:00,586,Thanjavur,1.25,-25.2225
2023-02-02 20:15:00,586,Thanjavur,0.5,-25.2225
2023-02-02 20:20:00,586,Thanjavur,0.5,-25.2225
2023-02-02 20:25:00,586,Thanjavur,0.5,-25.2225
2023-02-02 20:30:00,586,Thanjavur,0.5,-25.2225
2023-02-02 20:35:00,586,Thanjavur,0.5,-25.2225
2023-02-02 20:40:00,586,Thanjavur,0.5,-25.2225
2023-02-02 20:45:00,586,Thanjavur,1.0,-25.2225
2023-02-02 20:50:00,586,Thanjavur,1.0,-25.2225
2023-02-02 20:55:00,586,Thanjavur,1.0,-25.2225
2023-02-02 21:00:00,586,Thanjavur,0.6666666666666666,-25.2225
2023-02-02 21:20:00,586,Thanjavur,0.5,-25.1635
2023-02-02 21:25:00,586,Thanjavur,0.5,-25.1635
2023-02-02 21:30:00,586,Thanjavur,0.5,-25.1635
2023-02-02 21:35:00,586,Thanjavur,0.5,-25.1635
2023-02-02 21:40:00,586,Thanjavur,0.5,-25.1635
2023-02-02 21:45:00,586,Thanjavur,0.5,-25.1635
2023-02-02 21:50:00,586,Thanjavur,0.5,-25.1635
2023-02-02 21:55:00,586,Thanjavur,1.0,-25.1635
2023-02-02 22:00:00,586,Thanjavur,0.625,-25.1635
2023-02-02 22:35:00,586,Thanjavur,0.5,-25.1635
2023-02-02 22:40:00,586,Thanjavur,0.5,-25.1635
2023-02-02 22:45:00,586,Thanjavur,0.5,-25.1635
2023-02-02 22:50:00,586,Thanjavur,0.5,-25.1635
2023-02-02 22:55:00,586,Thanjavur,0.5,-25.1635
2023-02-02 23:00:00,586,Thanjavur,1.0,-25.1635
2023-02-02 23:15:00,586,Thanjavur,0.5,-25.1635
2023-02-02 23:20:00,586,Thanjavur,0.5,-25.1635
2023-02-02 23:25:00,586,Thanjavur,0.5,-25.1635
2023-02-02 23:30:00,586,Thanjavur,0.5,-25.1635
2023-02-02 23:35:00,586,Thanjavur,0.5,-25.1635
2023-02-02 23:40:00,586,Thanjavur,0.5,-25.1635
2023-02-02 23:45:00,586,Thanjavur,0.5,-25.1635
2023-02-02 23:50:00,586,Thanjavur,0.5,-25.1635
2023-02-02 23:55:00,586,Thanjavur,1.0,-25.1635
2023-02-03 00:00:00,586,Thanjavur,1.0,-25.1635
2023-02-03 00:40:00,586,Thanjavur,0.5,-25.1635
2023-02-03 00:45:00,586,Thanjavur,0.5,-25.1635
2023-02-03 00:50:00,586,Thanjavur,0.5,-25.1635
2023-02-03 00:55:00,586,Thanjavur,0.5,-25.1635
2023-02-03 01:00:00,586,Thanjavur,0.5,-25.1635
2023-02-03 01:30:00,586,Thanjavur,0.5,-25.1635
2023-02-03 01:35:00,586,Thanjavur,0.5,-25.1635
2023-02-03 01:40:00,586,Thanjavur,0.5,-25.1635
2023-02-03 01:45:00,586,Thanjavur,0.5,-25.1635
2023-02-03 01:50:00,586,Thanjavur,0.5,-25.1635
2023-02-03 01:55:00,586,Thanjavur,0.5,-25.1635
2023-02-03 02:00:00,586,Thanjavur,0.5,-25.1635
2023-02-03 02:20:00,586,Thanjavur,0.5,-25.1635
2023-02-03 02:25:00,586,Thanjavur,0.5,-25.1635
2023-02-03 02:30:00,586,Thanjavur,0.5,-25.1635
2023-02-03 02:35:00,586,Thanjavur,0.5,-25.1635
2023-02-03 02:40:00,586,Thanjavur,0.5,-25.1635
2023-02-03 02:45:00,586,Thanjavur,0.5,-25.1635
2023-02-03 02:50:00,586,Thanjavur,0.5,-25.1635
2023-02-03 02:55:00,586,Thanjavur,0.5,-25.1635
2023-02-03 03:00:00,586,Thanjavur,0.5,-25.1635
2023-02-03 03:10:00,586,Thanjavur,0.5,-25.0955
2023-02-03 03:15:00,586,Thanjavur,0.5,-25.0955
2023-02-03 03:20:00,586,Thanjavur,0.5,-25.0955
2023-02-03 03:25:00,586,Thanjavur,0.5,-25.0955
2023-02-03 03:30:00,586,Thanjavur,0.5,-25.0955
2023-02-03 03:35:00,586,Thanjavur,0.5,-25.0955
2023-02-03 03:40:00,586,Thanjavur,0.5,-25.0955
2023-02-03 03:45:00,586,Thanjavur,0.5,-25.0955
2023-02-03 03:50:00,586,Thanjavur,0.5,-25.0955
2023-02-03 03:55:00,586,Thanjavur,0.5,-25.0955
2023-02-03 04:00:00,586,Thanjavur,0.5,-25.0955
2023-02-03 04:10:00,586,Thanjavur,0.5,-25.0955
2023-02-03 04:15:00,586,Thanjavur,0.5,-25.0955
2023-02-03 04:20:00,586,Thanjavur,0.5,-25.0955
2023-02-03 04:25:00,586,Thanjavur,0.5,-25.0955
2023-02-03 04:30:00,586,Thanjavur,0.5,-25.0955
2023-02-03 04:35:00,586,Thanjavur,0.5,-25.0955
2023-02-03 04:40:00,586,Thanjavur,0.5,-25.0955
2023-02-03 04:45:00,586,Thanjavur,0.5,-25.0955
2023-02-03 04:50:00,586,Thanjavur,0.5,-25.0955
2023-02-03 04:55:00,586,Thanjavur,0.5,-25.0955
2023-02-03 05:00:00,586,Thanjavur,0.5,-25.0955
2023-02-03 05:05:00,586,Thanjavur,0.5,-25.0955
2023-02-03 05:10:00,586,Thanjavur,0.5,-25.0955
2023-02-03 05:15:00,586,Thanjavur,0.5,-25.0955
2023-02-03 05:20:00,586,Thanjavur,0.5,-25.0955
2023-02-03 05:25:00,586,Thanjavur,0.5,-25.0955
2023-02-03 05:30:00,586,Thanjavur,0.5,-25.0955
2023-02-03 05:35:00,586,Thanjavur,0.5,-25.0955
2023-02-03 05:40:00,586,Thanjavur,0.5,-25.0955
2023-02-03 05:45:00,586,Thanjavur,0.5,-25.0955
2023-02-03 05:50:00,586,Thanjavur,0.5,-25.0955
2023-02-03 05:55:00,586,Thanjavur,0.5,-25.0955
2023-02-03 06:00:00,586,Thanjavur,0.5,-25.0955
2023-02-03 06:05:00,586,Thanjavur,0.5,-25.0955
2023-02-03 06:10:00,586,Thanjavur,0.5,-25.0955
2023-02-03 06:15:00,586,Thanjavur,0.5,-25.0955
2023-02-03 06:20:00,586,Thanjavur,0.5,-25.0955
2023-02-03 06:25:00,586,Thanjavur,0.5,-25.0955
2023-02-03 06:30:00,586,Thanjavur,0.5,-25.0955
2023-02-03 06:35:00,586,Thanjavur,0.5,-25.0955
2023-02-03 06:40:00,586,Thanjavur,0.5,-25.0955
2023-02-03 06:45:00,586,Thanjavur,0.5,-25.0955
2023-02-03 06:50:00,586,Thanjavur,0.5,-25.0955
2023-02-03 06:55:00,586,Thanjavur,0.5,-25.0955
2023-02-03 07:00:00,586,Thanjavur,0.5,-25.0955
2023-02-03 07:20:00,586,Thanjavur,0.5,-25.0955
2023-02-03 07:25:00,586,Thanjavur,0.5,-25.0955
2023-02-03 07:30:00,586,Thanjavur,0.5,-25.0955
2023-02-03 07:35:00,586,Thanjavur,0.5,-25.0955
2023-02-03 07:40:00,586,Thanjavur,0.5,-25.0955
2023-02-03 07:45:00,586,Thanjavur,0.5,-25.0955
2023-02-03 07:50:00,586,Thanjavur,0.5,-25.0955
2023-02-03 07:55:00,586,Thanjavur,0.5,-25.0955
2023-02-03 08:00:00,586,Thanjavur,0.6666666666666666,-25.0955
2023-02-03 08:30:00,586,Thanjavur,0.5,-25.0955
2023-02-03 08:35:00,586,Thanjavur,0.5,-25.0955
2023-02-03 08:40:00,586,Thanjavur,0.5,-25.0955
2023-02-03 08:45:00,586,Thanjavur,0.5,-25.0955
2023-02-03 08:50:00,586,Thanjavur,0.5,-25.0955
2023-02-03 08:55:00,586,Thanjavur,0.5,-25.0955
2023-02-03 09:00:00,586,Thanjavur,0.8333333333333334,-25.0955
2023-02-03 09:50:00,586,Thanjavur,0.5,-25.0945
2023-02-03 09:55:00,586,Thanjavur,0.5,-25.0945
2023-02-03 10:00:00,586,Thanjavur,0.75,-25.0945
2023-02-03 11:05:00,586,Thanjavur,0.5,-25.0945
2023-02-03 11:10:00,586,Thanjavur,0.5,-25.0945
2023-02-03 11:15:00,586,Thanjavur,0.5,-25.0945
2023-02-03 11:20:00,586,Thanjavur,0.5,-25.0945
2023-02-03 11:25:00,586,Thanjavur,0.5,-25.0945
2023-02-03 11:30:00,586,Thanjavur,0.5,-25.0945
2023-02-03 11:35:00,586,Thanjavur,0.5,-25.0945
2023-02-03 11:40:00,586,Thanjavur,0.5,-25.0945
2023-02-03 11:45:00,586,Thanjavur,0.5,-25.0945
2023-02-03 11:50:00,586,Thanjavur,0.5,-25.0945
2023-02-03 11:55:00,586,Thanjavur,0.5,-25.0945
2023-02-03 12:00:00,586,Thanjavur,1.5,-25.0945
2023-02-03 12:15:00,586,Thanjavur,0.5,-25.0945
2023-02-03 12:20:00,586,Thanjavur,0.5,-25.0945
2023-02-03 12:25:00,586,Thanjavur,0.5,-25.0945
2023-02-03 12:30:00,586,Thanjavur,0.5,-25.0945
2023-02-03 12:35:00,586,Thanjavur,0.5,-25.0945
2023-02-03 12:40:00,586,Thanjavur,0.5,-25.0945
2023-02-03 12:45:00,586,Thanjavur,0.5,-25.0945
2023-02-03 12:50:00,586,Thanjavur,0.5,-25.0945
2023-02-03 12:55:00,586,Thanjavur,0.5,-25.0945
2023-02-03 13:00:00,586,Thanjavur,0.5,-25.0945
2023-02-03 13:20:00,586,Thanjavur,0.5,-25.0945
2023-02-03 13:25:00,586,Thanjavur,0.5,-25.0945
2023-02-03 13:30:00,586,Thanjavur,0.5,-25.0945
2023-02-03 13:35:00,586,Thanjavur,0.5,-25.0945
2023-02-03 13:40:00,586,Thanjavur,0.5,-25.0945
2023-02-03 13:45:00,586,Thanjavur,0.5,-25.0945
2023-02-03 13:50:00,586,Thanjavur,0.5,-25.0945
2023-02-03 13:55:00,586,Thanjavur,0.5,-25.0945
2023-02-03 14:00:00,586,Thanjavur,0.75,-25.0945
2023-02-03 14:15:00,586,Thanjavur,0.5,-25.0945
2023-02-03 14:20:00,586,Thanjavur,0.5,-25.0945
2023-02-03 14:25:00,586,Thanjavur,0.5,-25.0945
2023-02-03 14:30:00,586,Thanjavur,0.5,-25.0945
2023-02-03 14:35:00,586,Thanjavur,0.5,-25.0945
2023-02-03 14:40:00,586,Thanjavur,0.5,-25.0945
2023-02-03 14:45:00,586,Thanjavur,0.5,-25.0945
2023-02-03 14:50:00,586,Thanjavur,0.5,-25.0945
2023-02-03 14:55:00,586,Thanjavur,0.5,-25.0945
2023-02-03 15:00:00,586,Thanjavur,2.75,-25.0945
2023-02-03 15:25:00,586,Thanjavur,0.5,-25.034
2023-02-03 15:30:00,586,Thanjavur,0.5,-25.034
2023-02-03 15:35:00,586,Thanjavur,0.5,-25.034
2023-02-03 15:40:00,586,Thanjavur,0.5,-25.034
2023-02-03 15:45:00,586,Thanjavur,0.5,-25.034
2023-02-03 15:50:00,586,Thanjavur,0.5,-25.034
2023-02-03 15:55:00,586,Thanjavur,0.5,-25.034
2023-02-03 16:00:00,586,Thanjavur,3.25,-25.034
2023-02-03 16:55:00,586,Thanjavur,0.5,-25.034
2023-02-03 17:00:00,586,Thanjavur,1.3333333333333333,-25.034
2023-02-03 18:00:00,586,Thanjavur,1.25,-25.034
2023-02-03 19:00:00,586,Thanjavur,18.5,-25.034
2023-02-03 19:05:00,586,Thanjavur,0.5,-25.034
2023-02-03 19:10:00,586,Thanjavur,0.5,-25.034
2023-02-03 19:15:00,586,Thanjavur,0.5,-25.034
2023-02-03 19:20:00,586,Thanjavur,0.5,-25.034
2023-02-03 19:25:00,586,Thanjavur,0.5,-25.034
2023-02-03 19:30:00,586,Thanjavur,0.5,-25.034
2023-02-03 19:35:00,586,Thanjavur,0.5,-25.034
2023-02-03 19:40:00,586,Thanjavur,0.5,-25.034
2023-02-03 19:45:00,586,Thanjavur,0.5,-25.034
2023-02-03 19:50:00,586,Thanjavur,0.5,-25.034
2023-02-03 19:55:00,586,Thanjavur,0.5,-25.034
2023-02-03 20:00:00,586,Thanjavur,1.6666666666666667,-25.034
2023-02-03 21:00:00,586,Thanjavur,1.5,-25.034
2023-02-03 22:00:00,586,Thanjavur,0.8333333333333334,-24.9755
2023-02-03 23:00:00,586,Thanjavur,1.875,-24.9755
2023-02-04 00:00:00,586,Thanjavur,0.75,-24.9755
2023-02-04 01:00:00,586,Thanjavur,0.5,-24.9755
2023-02-04 02:00:00,586,Thanjavur,1.0,-24.9755
2023-02-04 03:00:00,586,Thanjavur,2.6,-24.9755
2023-02-04 04:00:00,586,Thanjavur,1.5,-24.8975
2023-02-04 04:40:00,586,Thanjavur,0.5,-24.8975
2023-02-04 04:45:00,586,Thanjavur,0.5,-24.8975
2023-02-04 04:50:00,586,Thanjavur,0.5,-24.8975
2023-02-04 04:55:00,586,Thanjavur,0.5,-24.8975
2023-02-04 05:00:00,586,Thanjavur,1.1,-24.8975
2023-02-04 06:00:00,586,Thanjavur,0.7,-24.8975
2023-02-04 07:00:00,586,Thanjavur,0.5,-24.8975
2023-02-05 12:35:00,586,Thanjavur,0.5,-24.736
2023-02-05 12:40:00,586,Thanjavur,0.5,-24.736
2023-02-05 12:45:00,586,Thanjavur,0.5,-24.736
2023-02-05 12:50:00,586,Thanjavur,0.5,-24.736
2023-02-05 12:55:00,586,Thanjavur,0.5,-24.736
2023-02-05 13:00:00,586,Thanjavur,0.5,-24.736
2023-02-06 02:40:00,586,Thanjavur,0.5,-24.655
2023-02-06 02:45:00,586,Thanjavur,0.5,-24.655
2023-02-06 02:50:00,586,Thanjavur,0.5,-24.655
2023-02-06 02:55:00,586,Thanjavur,0.5,-24.655
2023-02-06 03:00:00,586,Thanjavur,0.5,-24.655
2023-02-09 08:00:00,586,Thanjavur,0.5,-24.637
2023-02-13 23:30:00,586,Thanjavur,0.5,-25.1015
2023-02-13 23:35:00,586,Thanjavur,0.5,-25.1015
2023-02-13 23:40:00,586,Thanjavur,0.5,-25.1015
2023-02-13 23:45:00,586,Thanjavur,0.5,-25.1015
2023-02-13 23:50:00,586,Thanjavur,0.5,-25.1015
2023-02-13 23:55:00,586,Thanjavur,0.5,-25.1015
2023-02-14 00:00:00,586,Thanjavur,0.5,-25.1015
2023-02-16 04:00:00,586,Thanjavur,0.5,-25.44
2023-02-18 07:00:00,586,Thanjavur,0.5,-25.8665
2023-02-20 01:00:00,586,Thanjavur,0.5,-26.1295
2023-02-24 03:00:00,586,Thanjavur,0.5,-26.5675
2023-02-28 09:00:00,586,Thanjavur,0.5,-27.221
2023-02-28 10:00:00,586,Thanjavur,0.5,-27.242
2023-02-28 13:00:00,586,Thanjavur,2.6666666666666665,-27.242
2023-02-28 14:00:00,586,Thanjavur,0.5,-27.242
2023-03-01 02:00:00,586,Thanjavur,0.5,-27.3365
2023-03-01 08:00:00,586,Thanjavur,0.5,-27.365
2023-03-17 07:00:00,586,Thanjavur,11.5,-18.166
2023-03-18 13:00:00,586,Thanjavur,12.75,-29.7725
2023-03-18 14:00:00,586,Thanjavur,3.6666666666666665,-29.7725
2023-03-18 15:00:00,586,Thanjavur,4.0,-29.7725
2023-03-18 16:00:00,586,Thanjavur,27.5,-29.6685
2023-03-18 17:00:00,586,Thanjavur,5.0,-29.6685
2023-03-19 15:00:00,586,Thanjavur,0.5,-29.5315
2023-03-19 19:00:00,586,Thanjavur,7.5,-29.4815
2023-03-19 20:00:00,586,Thanjavur,14.5,-29.4815
2023-03-19 21:00:00,586,Thanjavur,0.75,-29.4815
2023-03-19 23:00:00,586,Thanjavur,3.0,-29.4095
2023-03-20 00:00:00,586,Thanjavur,0.5,-29.4095
2023-03-20 01:00:00,586,Thanjavur,0.5,-29.4095
2023-03-20 03:00:00,586,Thanjavur,0.5,-29.4095
2023-03-20 17:00:00,586,Thanjavur,0.5,-29.4185
2023-03-20 18:00:00,586,Thanjavur,0.5,-29.4185
2023-03-20 19:00:00,586,Thanjavur,2.5,-29.4185
2023-03-20 20:00:00,586,Thanjavur,1.0,-29.4185
2023-03-20 21:00:00,586,Thanjavur,0.5,-29.4185
2023-03-20 22:00:00,586,Thanjavur,0.5,-29.344
2023-03-20 23:00:00,586,Thanjavur,0.5,-29.344
2023-03-21 00:00:00,586,Thanjavur,0.5,-29.344
2023-03-21 01:00:00,586,Thanjavur,0.5,-29.344
2023-03-21 02:00:00,586,Thanjavur,0.5,-29.344
2023-03-21 04:00:00,586,Thanjavur,0.5,-29.2735
2023-03-21 06:00:00,586,Thanjavur,0.5,-29.2735
2023-03-21 08:00:00,586,Thanjavur,0.5,-29.2735
2023-03-21 10:00:00,586,Thanjavur,0.5,-29.4125
2023-03-21 13:00:00,586,Thanjavur,0.5,-29.4125
2023-03-21 19:00:00,586,Thanjavur,0.5,-29.3155
2023-03-22 02:00:00,586,Thanjavur,0.5,-29.309
2023-03-22 03:00:00,586,Thanjavur,6.25,-29.309
2023-03-22 04:00:00,586,Thanjavur,19.0,-29.267
2023-03-22 05:00:00,586,Thanjavur,1.25,-29.267
2023-03-22 06:00:00,586,Thanjavur,7.0,-29.267
2023-03-22 09:00:00,586,Thanjavur,0.5,-29.267
2023-03-22 14:00:00,586,Thanjavur,0.5,-29.317
2023-03-22 23:00:00,586,Thanjavur,80.0,-29.241
2023-03-23 00:00:00,586,Thanjavur,807.5,-29.241
2023-03-23 01:00:00,586,Thanjavur,1370.5,-29.241
2023-03-23 02:00:00,586,Thanjavur,1931.0,-29.241
2023-03-23 03:00:00,586,Thanjavur,987.5,-29.241
2023-03-23 04:00:00,586,Thanjavur,839.5,-29.1835
2023-03-23 05:00:00,586,Thanjavur,149.0,-29.1835
2023-03-23 06:00:00,586,Thanjavur,395.5,-29.1835
2023-03-23 09:00:00,586,Thanjavur,142.0,-29.1835
2023-03-25 15:00:00,586,Thanjavur,4.0,-29.3045
2023-03-26 08:00:00,586,Thanjavur,195.0,-29.2635
2023-03-26 09:00:00,586,Thanjavur,159.0,-29.2635
2023-03-26 10:00:00,586,Thanjavur,1.5,-29.4245
2023-03-28 03:00:00,586,Thanjavur,16.0,-29.408500000000004
2023-03-28 04:00:00,586,Thanjavur,3.5,-18.168
2023-04-04 05:00:00,586,Thanjavur,1.0,-30.496
2023-04-04 06:00:00,586,Thanjavur,2.5,-30.496
2023-04-04 13:00:00,586,Thanjavur,2.5,-30.6065
2023-04-04 14:00:00,586,Thanjavur,0.5,-30.6065
2023-04-23 23:00:00,586,Thanjavur,0.5,-32.146
2023-04-24 10:00:00,586,Thanjavur,0.5,-32.2745
2023-04-25 09:00:00,586,Thanjavur,0.5,-32.213
2023-04-25 11:00:00,586,Thanjavur,0.5,-32.295500000000004
2023-04-25 12:00:00,586,Thanjavur,0.5,-32.295500000000004
2023-04-25 14:00:00,586,Thanjavur,0.5,-32.295500000000004
2023-04-25 16:00:00,586,Thanjavur,10.0,-32.294
2023-04-26 10:00:00,586,Thanjavur,1.0,-32.428
2023-04-26 13:00:00,586,Thanjavur,10.5,-32.428
2023-04-27 16:00:00,586,Thanjavur,15.0,-32.3335
2023-04-29 07:00:00,586,Thanjavur,15.0,-32.3565
2023-04-29 11:00:00,586,Thanjavur,0.5,-32.413000000000004
2023-04-29 14:00:00,586,Thanjavur,8.5,-32.413000000000004
2023-04-29 15:00:00,586,Thanjavur,11.0,-32.413000000000004
2023-04-30 03:00:00,586,Thanjavur,0.5,-32.2635
2023-04-30 04:00:00,586,Thanjavur,10.5,-32.214
2023-04-30 05:00:00,586,Thanjavur,0.5,-32.214
2023-04-30 08:00:00,586,Thanjavur,0.5,-32.214
2023-04-30 15:00:00,586,Thanjavur,5.5,-32.2705
2023-04-30 15:30:00,586,Thanjavur,0.5,-32.2255
2023-04-30 16:00:00,586,Thanjavur,14.25,-32.2255
2023-04-30 16:30:00,586,Thanjavur,0.5,-32.2255
2023-04-30 17:00:00,586,Thanjavur,0.5,-32.2255
2023-05-01 02:00:00,586,Thanjavur,1.75,-32.2175
2023-05-01 03:00:00,586,Thanjavur,0.75,-32.2175
2023-05-01 14:00:00,586,Thanjavur,3.333333333333333,-32.222
2023-05-01 14:30:00,586,Thanjavur,21.0,-32.222
2023-05-01 15:00:00,586,Thanjavur,8.166666666666666,-32.222
2023-05-01 16:00:00,586,Thanjavur,0.5,-32.2175
2023-05-01 16:30:00,586,Thanjavur,2.0,-32.2175
2023-05-01 17:00:00,586,Thanjavur,2.0,-32.2175
2023-05-01 21:00:00,586,Thanjavur,1.0,-32.2175
2023-05-01 22:00:00,586,Thanjavur,9.5,-32.1655
2023-05-01 23:00:00,586,Thanjavur,5.833333333333333,-32.1655
2023-05-02 00:00:00,586,Thanjavur,2.5,-32.1655
2023-05-02 00:30:00,586,Thanjavur,3.0,-32.1655
2023-05-02 01:00:00,586,Thanjavur,12.25,-32.1655
2023-05-02 02:00:00,586,Thanjavur,14.071428571428571,-32.1655
2023-05-02 02:30:00,586,Thanjavur,0.5,-32.1655
2023-05-02 03:00:00,586,Thanjavur,8.428571428571429,-32.1655
2023-05-02 03:30:00,586,Thanjavur,0.5,-32.1185
2023-05-02 04:00:00,586,Thanjavur,7.357142857142857,-32.1185
2023-05-02 04:30:00,586,Thanjavur,3.0,-32.1185
2023-05-02 05:00:00,586,Thanjavur,4.357142857142857,-32.1185
2023-05-02 05:30:00,586,Thanjavur,0.5,-32.1185
2023-05-02 06:00:00,586,Thanjavur,1.2857142857142858,-32.1185
2023-05-02 07:00:00,586,Thanjavur,0.875,-32.1185
2023-05-02 08:00:00,586,Thanjavur,0.625,-32.1185
2023-05-02 09:00:00,586,Thanjavur,0.5,-32.1185
2023-05-03 00:00:00,586,Thanjavur,3.0,-32.0225
2023-05-03 02:00:00,586,Thanjavur,0.5,-32.0225
2023-05-03 03:00:00,586,Thanjavur,5.666666666666667,-32.0225
2023-05-03 14:00:00,586,Thanjavur,117.5,-31.9895
2023-05-03 15:00:00,586,Thanjavur,1.5,-31.9895
2023-05-03 16:00:00,586,Thanjavur,7.0,-31.9245
2023-05-03 17:00:00,586,Thanjavur,2.3,-31.9245
2023-05-03 18:00:00,586,Thanjavur,5.125,-31.9245
2023-05-03 19:00:00,586,Thanjavur,1.6666666666666667,-31.9245
2023-05-03 20:00:00,586,Thanjavur,1.3,-31.9245
2023-05-03 21:00:00,586,Thanjavur,3.375,-31.9245
2023-05-03 22:00:00,586,Thanjavur,2.125,-31.894
2023-05-03 23:00:00,586,Thanjavur,1.6666666666666667,-31.894
2023-05-04 00:00:00,586,Thanjavur,1.5,-31.894
2023-05-04 01:00:00,586,Thanjavur,0.5,-31.894
2023-05-04 04:00:00,586,Thanjavur,0.5,-31.8295
2023-05-04 05:00:00,586,Thanjavur,0.5,-31.8295
2023-05-04 09:25:00,586,Thanjavur,10.0,-31.875
2023-05-04 10:00:00,586,Thanjavur,5.25,-31.875
2023-05-04 15:00:00,586,Thanjavur,0.5,-31.875
2023-05-05 01:00:00,586,Thanjavur,0.5,-31.764000000000003
2023-05-05 13:00:00,586,Thanjavur,0.5,-31.756500000000003
2023-05-06 08:00:00,586,Thanjavur,0.5,-31.602
2023-05-06 19:00:00,586,Thanjavur,4.25,-31.6505
2023-05-06 20:00:00,586,Thanjavur,3.875,-31.6505
2023-05-06 21:00:00,586,Thanjavur,1.0,-31.6505
2023-05-06 22:00:00,586,Thanjavur,1.125,-31.547
2023-05-06 23:00:00,586,Thanjavur,2.25,-31.547
2023-05-07 00:00:00,586,Thanjavur,1.4,-31.547
2023-05-07 01:00:00,586,Thanjavur,0.5,-31.547
2023-05-07 02:00:00,586,Thanjavur,0.5,-31.547
2023-05-07 03:00:00,586,Thanjavur,0.5,-31.547
2023-05-07 04:00:00,586,Thanjavur,0.5,-31.480000000000004
2023-05-07 11:00:00,586,Thanjavur,0.5,-31.497
2023-05-07 14:00:00,586,Thanjavur,20.5,-31.497
2023-05-07 15:00:00,586,Thanjavur,753.0,-31.497
2023-05-07 16:00:00,586,Thanjavur,0.5,-31.4255
2023-05-07 18:00:00,586,Thanjavur,0.5,-31.4255
2023-05-07 21:00:00,586,Thanjavur,1.0,-31.4255
2023-05-07 22:00:00,586,Thanjavur,5.5,-31.389000000000003
2023-05-07 23:00:00,586,Thanjavur,12.5,-31.389000000000003
2023-05-08 00:00:00,586,Thanjavur,3.0,-31.389000000000003
2023-05-08 01:00:00,586,Thanjavur,1.0,-31.389000000000003
2023-05-08 14:00:00,586,Thanjavur,8.0,-31.374
2023-05-08 19:00:00,586,Thanjavur,0.5,-31.3255
2023-05-09 10:00:00,586,Thanjavur,0.5,-31.3535
2023-05-09 16:00:00,586,Thanjavur,1.0,-31.338500000000003
2023-05-09 17:00:00,586,Thanjavur,1.0,-31.338500000000003
2023-05-10 23:00:00,586,Thanjavur,0.5,-31.2285
2023-05-12 12:00:00,586,Thanjavur,0.5,-31.4325
2023-05-13 10:00:00,586,Thanjavur,0.5,-31.445
2023-06-05 20:00:00,586,Thanjavur,29.5,-32.4985
2023-06-05 21:00:00,586,Thanjavur,12.25,-32.4985
2023-06-05 22:00:00,586,Thanjavur,3.8,-32.334
2023-06-05 23:00:00,586,Thanjavur,1.125,-32.334
2023-06-06 00:00:00,586,Thanjavur,1.5,-32.334
2023-06-06 01:00:00,586,Thanjavur,0.9,-32.334
2023-06-06 02:00:00,586,Thanjavur,0.8333333333333334,-32.334
2023-06-06 03:00:00,586,Thanjavur,0.5,-32.334
2023-06-07 18:00:00,586,Thanjavur,6.5,-32.3495
2023-06-07 19:00:00,586,Thanjavur,3.0,-32.3495
2023-06-07 20:00:00,586,Thanjavur,6.833333333333333,-32.3495
2023-06-07 21:00:00,586,Thanjavur,7.5,-32.3495
2023-06-11 17:00:00,586,Thanjavur,6.5,-32.4635
2023-06-11 18:00:00,586,Thanjavur,1.0,-32.4635
2023-06-12 18:00:00,586,Thanjavur,4.0,-32.4035
2023-06-12 19:00:00,586,Thanjavur,8.625,-32.4035
2023-06-12 20:00:00,586,Thanjavur,0.8333333333333334,-32.4035
2023-06-12 21:00:00,586,Thanjavur,1.3333333333333333,-32.4035
2023-06-12 22:00:00,586,Thanjavur,1.0,-32.33
2023-06-12 23:00:00,586,Thanjavur,0.5,-32.33
2023-06-16 19:00:00,586,Thanjavur,2.5,-32.2175
2023-06-18 09:00:00,586,Thanjavur,1.0,-32.3525
2023-06-18 10:00:00,586,Thanjavur,1.5,-32.4575
2023-06-18 11:00:00,586,Thanjavur,0.5,-32.4575
2023-06-18 12:00:00,586,Thanjavur,0.5,-32.4575
2023-06-18 13:00:00,586,Thanjavur,0.5,-32.4575
2023-06-18 14:00:00,586,Thanjavur,1.5,-32.4575
2023-06-18 15:00:00,586,Thanjavur,0.5,-32.4575
2023-06-18 16:00:00,586,Thanjavur,1.75,-32.451
2023-06-18 17:00:00,586,Thanjavur,0.5,-32.451
2023-06-18 20:00:00,586,Thanjavur,0.5,-32.451
2023-06-18 22:00:00,586,Thanjavur,0.5,-32.427
2023-06-18 23:00:00,586,Thanjavur,0.5,-32.427
2023-06-19 00:00:00,586,Thanjavur,0.5,-32.427
2023-06-19 01:00:00,586,Thanjavur,0.75,-32.427
2023-06-19 02:00:00,586,Thanjavur,0.5,-32.427
2023-06-19 03:00:00,586,Thanjavur,0.5,-32.427
2023-06-19 04:00:00,586,Thanjavur,0.5,-32.402
2023-06-19 05:00:00,586,Thanjavur,0.5,-32.402
2023-06-19 06:00:00,586,Thanjavur,0.75,-32.402
2023-06-19 07:00:00,586,Thanjavur,0.5,-32.402
2023-06-19 08:00:00,586,Thanjavur,0.5,-32.402
2023-06-19 18:00:00,586,Thanjavur,0.5,-32.55
2023-06-20 03:00:00,586,Thanjavur,1.0,-32.52
2023-06-20 07:00:00,586,Thanjavur,1.0,-32.521
2023-06-20 19:00:00,586,Thanjavur,20.0,-32.5905
2023-06-20 20:00:00,586,Thanjavur,40.5,-32.5905
2023-06-21 19:00:00,586,Thanjavur,0.5,-32.636
2023-06-21 21:00:00,586,Thanjavur,0.5,-32.636
2023-06-21 22:00:00,586,Thanjavur,1.5,-32.5765
2023-06-22 14:00:00,586,Thanjavur,0.5,-32.589
2023-06-22 15:00:00,586,Thanjavur,3.0,-32.589
2023-06-22 16:00:00,586,Thanjavur,0.5,-32.568
2023-06-22 17:00:00,586,Thanjavur,0.5,-32.568
2023-06-23 03:00:00,586,Thanjavur,1.5,-32.5405
2023-06-23 04:00:00,586,Thanjavur,1.0,-32.5255
2023-06-23 05:00:00,586,Thanjavur,1.0,-32.5255
2023-06-23 06:00:00,586,Thanjavur,0.5,-32.5255
2023-06-23 09:00:00,586,Thanjavur,1.5,-32.5255
2023-06-23 11:00:00,586,Thanjavur,0.5,-32.614000000000004
2023-06-23 12:00:00,586,Thanjavur,1.0,-32.614000000000004
2023-06-23 13:00:00,586,Thanjavur,1.0,-32.614000000000004
2023-06-23 17:00:00,586,Thanjavur,0.5,-32.672
2023-06-23 18:00:00,586,Thanjavur,0.5,-32.672
2023-06-24 09:00:00,586,Thanjavur,2.0,-32.578500000000005
2023-06-24 11:00:00,586,Thanjavur,0.5,-32.689
2023-06-24 17:00:00,586,Thanjavur,0.5,-32.7285
2023-06-25 15:00:00,586,Thanjavur,0.5,-32.7635
2023-06-25 16:00:00,586,Thanjavur,0.5,-32.783
2023-06-26 09:00:00,586,Thanjavur,1.0,-32.743
2023-06-26 15:00:00,586,Thanjavur,2.5,-32.834
2023-06-27 17:00:00,586,Thanjavur,11.5,-32.901
2023-06-27 18:00:00,586,Thanjavur,11.833333333333334,-32.901
2023-06-27 19:00:00,586,Thanjavur,0.5,-32.901
2023-06-29 15:00:00,586,Thanjavur,0.5,-32.754999999999995
2023-06-29 16:00:00,586,Thanjavur,2.0,-32.786
2023-06-29 17:00:00,586,Thanjavur,7.833333333333333,-32.786
2023-06-29 18:00:00,586,Thanjavur,4.0,-32.786
2023-06-29 19:00:00,586,Thanjavur,2.5,-32.786
2023-06-29 20:00:00,586,Thanjavur,3.25,-32.786
2023-06-29 21:00:00,586,Thanjavur,3.75,-32.786
2023-06-29 22:00:00,586,Thanjavur,5.0,-32.727000000000004
2023-06-29 23:00:00,586,Thanjavur,4.5,-32.727000000000004
2023-06-30 00:00:00,586,Thanjavur,2.5,-32.727000000000004
2023-06-30 01:00:00,586,Thanjavur,2.0,-32.727000000000004
2023-06-30 15:00:00,586,Thanjavur,0.5,-32.822500000000005
2023-07-01 12:00:00,586,Thanjavur,0.5,-32.715
2023-07-01 21:00:00,586,Thanjavur,8.0,-32.8335
2023-07-02 04:00:00,586,Thanjavur,0.5,-32.7325
2023-07-02 21:00:00,586,Thanjavur,4.75,-32.8885
2023-07-02 22:00:00,586,Thanjavur,6.5,-32.766
2023-07-02 23:00:00,586,Thanjavur,0.5,-32.766
2023-07-03 00:00:00,586,Thanjavur,0.5,-32.766
2023-07-03 01:00:00,586,Thanjavur,4.0,-32.766
2023-07-03 19:00:00,586,Thanjavur,2.5,-32.6725
2023-07-03 20:00:00,586,Thanjavur,0.5,-32.6725
2023-07-04 15:00:00,586,Thanjavur,1.0,-32.691
2023-07-04 16:00:00,586,Thanjavur,1.5,-32.6265
2023-07-04 17:00:00,586,Thanjavur,1.0,-32.6265
2023-07-04 18:00:00,586,Thanjavur,0.5,-32.6265
2023-07-04 19:00:00,586,Thanjavur,0.5,-32.6265
2023-07-04 20:00:00,586,Thanjavur,0.5,-32.6265
2023-07-08 11:00:00,586,Thanjavur,0.5,-32.5825
2023-07-08 19:00:00,586,Thanjavur,2.0,-32.533
2023-07-08 20:00:00,586,Thanjavur,0.5,-32.533
2023-07-09 19:00:00,586,Thanjavur,1.5,-32.6165
2023-07-09 20:00:00,586,Thanjavur,13.0,-32.6165
2023-07-09 21:00:00,586,Thanjavur,1.75,-32.6165
2023-07-09 22:00:00,586,Thanjavur,4.0,-32.532
2023-07-09 23:00:00,586,Thanjavur,1.5,-32.532
2023-07-10 00:00:00,586,Thanjavur,1.25,-32.532
2023-07-10 01:00:00,586,Thanjavur,0.5,-32.532
2023-07-10 02:00:00,586,Thanjavur,0.5,-32.532
2023-07-10 03:00:00,586,Thanjavur,0.5,-32.532
2023-07-10 04:00:00,586,Thanjavur,0.5,-32.4825
2023-07-10 05:00:00,586,Thanjavur,0.5,-32.4825
2023-07-10 17:00:00,586,Thanjavur,3.5,-32.4595
2023-07-10 18:00:00,586,Thanjavur,8.166666666666666,-32.4595
2023-07-10 19:00:00,586,Thanjavur,9.5,-32.4595
2023-07-10 20:00:00,586,Thanjavur,2.375,-32.4595
2023-07-10 21:00:00,586,Thanjavur,7.166666666666667,-32.4595
2023-07-10 22:00:00,586,Thanjavur,2.875,-32.3995
2023-07-10 23:00:00,586,Thanjavur,1.5,-32.3995
2023-07-11 00:00:00,586,Thanjavur,5.666666666666667,-32.3995
2023-07-11 01:00:00,586,Thanjavur,1.0,-32.3995
2023-07-11 02:00:00,586,Thanjavur,0.6666666666666666,-32.3995
2023-07-11 03:00:00,586,Thanjavur,0.5,-32.3995
2023-07-11 04:00:00,586,Thanjavur,0.5,-32.3375
2023-07-11 05:00:00,586,Thanjavur,0.5,-32.3375
2023-07-11 08:00:00,586,Thanjavur,0.5,-32.3375
2023-07-11 19:00:00,586,Thanjavur,1.25,-32.3055
2023-07-11 20:00:00,586,Thanjavur,7.25,-32.3055
2023-07-11 21:00:00,586,Thanjavur,4.25,-32.3055
2023-07-11 22:00:00,586,Thanjavur,0.5,-32.2515
2023-07-12 07:00:00,586,Thanjavur,0.5,-32.193
2023-07-12 09:00:00,586,Thanjavur,1.0,-32.193
2023-07-13 02:00:00,586,Thanjavur,0.5,-32.1545
2023-07-13 19:00:00,586,Thanjavur,23.0,-18.529
2023-07-13 20:00:00,586,Thanjavur,6.5,-18.529
2023-07-13 21:00:00,586,Thanjavur,5.0,-18.529
2023-07-14 02:00:00,586,Thanjavur,0.5,-18.536
2023-07-14 08:00:00,586,Thanjavur,0.5,-31.9965
2023-07-14 20:00:00,586,Thanjavur,1.5,-32.009
2023-07-15 09:00:00,586,Thanjavur,0.5,-31.8915
2023-07-15 10:00:00,586,Thanjavur,0.5,-32.032
2023-07-16 21:00:00,586,Thanjavur,6.0,-31.9565
2023-07-17 09:00:00,586,Thanjavur,0.5,-31.8065
2023-07-19 09:00:00,586,Thanjavur,0.5,-31.763
2023-07-20 16:00:00,586,Thanjavur,1.5,-31.729
2023-07-21 09:00:00,586,Thanjavur,0.5,-31.711
2023-07-21 17:00:00,586,Thanjavur,0.5,-31.729
2023-07-22 09:00:00,586,Thanjavur,2.0,-31.779
2023-07-23 18:00:00,586,Thanjavur,2.5,-31.9855
2023-07-24 02:00:00,586,Thanjavur,1.0,-31.9325
2023-07-25 18:00:00,586,Thanjavur,5.0,-32.0105
2023-07-26 17:00:00,586,Thanjavur,0.5,-32.073
2023-07-26 18:00:00,586,Thanjavur,9.0,-32.073
2023-07-26 19:00:00,586,Thanjavur,1.5,-32.073
2023-07-26 20:00:00,586,Thanjavur,0.5,-32.073
2023-07-29 13:00:00,586,Thanjavur,1.0,-32.0385
2023-07-29 16:00:00,586,Thanjavur,0.5,-31.9925
2023-07-30 21:00:00,586,Thanjavur,1.5,-32.1295
2023-08-05 22:00:00,586,Thanjavur,1.0,-32.261
2023-08-08 20:00:00,586,Thanjavur,11.0,-32.365
2023-08-08 21:00:00,586,Thanjavur,8.25,-32.365
2023-08-08 22:00:00,586,Thanjavur,2.5,-32.2675
2023-08-08 23:00:00,586,Thanjavur,2.0,-32.2675
2023-08-09 00:00:00,586,Thanjavur,1.5,-32.2675
2023-08-09 01:00:00,586,Thanjavur,0.5,-32.2675
2023-08-09 02:00:00,586,Thanjavur,0.5,-32.2675
2023-08-09 03:00:00,586,Thanjavur,0.5,-32.2675
2023-08-09 04:00:00,586,Thanjavur,0.5,-32.347
2023-08-09 05:00:00,586,Thanjavur,0.5,-32.347
2023-08-09 07:00:00,586,Thanjavur,0.5,-32.347
2023-08-09 10:00:00,586,Thanjavur,0.5,-32.319
2023-08-09 14:00:00,586,Thanjavur,0.5,-32.319
2023-08-09 21:00:00,586,Thanjavur,0.5,-32.3915
2023-08-10 00:00:00,586,Thanjavur,14.0,-32.2585
2023-08-10 01:00:00,586,Thanjavur,55.5,-32.2585
2023-08-10 02:00:00,586,Thanjavur,6.166666666666667,-32.2585
2023-08-10 03:00:00,586,Thanjavur,12.666666666666666,-32.2585
2023-08-10 04:00:00,586,Thanjavur,4.0,-32.3595
2023-08-10 05:00:00,586,Thanjavur,1.5,-32.3595
2023-08-10 06:00:00,586,Thanjavur,0.5,-32.3595
2023-08-10 11:00:00,586,Thanjavur,0.5,-32.2725
2023-08-10 14:00:00,586,Thanjavur,0.5,-32.2725
2023-08-10 18:00:00,586,Thanjavur,0.5,-32.167
2023-08-10 19:00:00,586,Thanjavur,1.0,-32.167
2023-08-10 23:00:00,586,Thanjavur,0.5,-32.2395
2023-08-11 00:00:00,586,Thanjavur,2.0,-32.2395
2023-08-11 06:00:00,586,Thanjavur,0.5,-32.2335
2023-08-11 12:00:00,586,Thanjavur,0.5,-32.3275
2023-08-11 17:00:00,586,Thanjavur,0.5,-32.3415
2023-08-11 18:00:00,586,Thanjavur,0.5,-32.3415
2023-08-11 19:00:00,586,Thanjavur,5.0,-32.3415
2023-08-11 20:00:00,586,Thanjavur,4.25,-32.3415
2023-08-11 21:00:00,586,Thanjavur,2.0,-32.3415
2023-08-11 22:00:00,586,Thanjavur,6.833333333333333,-32.1845
2023-08-11 23:00:00,586,Thanjavur,1.5,-32.1845
2023-08-12 00:00:00,586,Thanjavur,1.9,-32.1845
2023-08-12 01:00:00,586,Thanjavur,1.0,-32.1845
2023-08-12 02:00:00,586,Thanjavur,0.5,-32.1845
2023-08-12 03:00:00,586,Thanjavur,0.5,-32.1845
2023-08-12 09:00:00,586,Thanjavur,0.5,-32.0925
2023-08-12 11:00:00,586,Thanjavur,0.5,-32.11
2023-08-12 16:00:00,586,Thanjavur,0.5,-32.065
2023-08-12 17:00:00,586,Thanjavur,0.5,-32.065
2023-08-12 21:00:00,586,Thanjavur,10.5,-32.065
2023-08-12 23:00:00,586,Thanjavur,0.5,-32.01
2023-08-13 00:00:00,586,Thanjavur,0.5,-32.01
2023-08-13 01:00:00,586,Thanjavur,1.0,-32.01
2023-08-13 07:00:00,586,Thanjavur,0.5,-31.932
2023-08-13 10:00:00,586,Thanjavur,0.5,-31.9745
2023-08-13 12:00:00,586,Thanjavur,0.5,-31.9745
2023-08-13 13:00:00,586,Thanjavur,1.0,-31.9745
2023-08-13 14:00:00,586,Thanjavur,1.0,-31.9745
2023-08-13 15:00:00,586,Thanjavur,1.5,-31.9745
2023-08-13 16:00:00,586,Thanjavur,79.5,-31.945500000000003
2023-08-13 17:00:00,586,Thanjavur,1.0,-31.945500000000003
2023-08-13 18:00:00,586,Thanjavur,3.0,-31.945500000000003
2023-08-13 19:00:00,586,Thanjavur,1.5,-31.945500000000003
2023-08-13 20:00:00,586,Thanjavur,4.0,-31.945500000000003
2023-08-13 21:00:00,586,Thanjavur,0.5,-31.945500000000003
2023-08-14 02:00:00,586,Thanjavur,2.0,-31.8555
2023-08-14 03:00:00,586,Thanjavur,1.0,-31.8555
2023-08-14 04:00:00,586,Thanjavur,0.5,-31.7925
2023-08-14 05:00:00,586,Thanjavur,0.5,-31.7925
2023-08-14 06:00:00,586,Thanjavur,0.5,-31.7925
2023-08-14 15:00:00,586,Thanjavur,0.5,-31.79
2023-08-14 22:00:00,586,Thanjavur,3.5,-31.704
2023-08-14 23:00:00,586,Thanjavur,27.5,-31.704
2023-08-15 03:00:00,586,Thanjavur,0.5,-31.704
2023-08-15 14:00:00,586,Thanjavur,0.5,-31.657
2023-08-15 15:00:00,586,Thanjavur,3.0,-31.657
2023-08-16 00:00:00,586,Thanjavur,0.5,-31.5955
2023-08-16 12:00:00,586,Thanjavur,0.5,-31.5615
2023-08-16 21:00:00,586,Thanjavur,0.5,-31.5455
2023-08-17 10:00:00,586,Thanjavur,0.5,-31.5315
2023-08-17 20:00:00,586,Thanjavur,0.5,-31.509
2023-08-18 09:00:00,586,Thanjavur,0.5,-31.478
2023-08-18 20:00:00,586,Thanjavur,0.5,-31.5015
2023-08-19 13:00:00,586,Thanjavur,0.5,-31.559
2023-08-20 19:00:00,586,Thanjavur,0.5,-31.634500000000003
2023-08-22 07:00:00,586,Thanjavur,4.0,-31.64
2023-08-22 14:00:00,586,Thanjavur,0.5,-31.7365
2023-08-25 10:00:00,586,Thanjavur,0.5,-32.195
2023-08-28 03:00:00,586,Thanjavur,0.5,-32.2855
2023-08-29 18:00:00,586,Thanjavur,40.5,-32.186
2023-08-29 19:00:00,586,Thanjavur,4.0,-32.186
2023-08-29 20:00:00,586,Thanjavur,2.833333333333333,-32.186
2023-08-29 21:00:00,586,Thanjavur,1.0,-32.186
2023-08-29 22:00:00,586,Thanjavur,8.125,-32.079
2023-08-29 23:00:00,586,Thanjavur,9.0,-32.079
2023-08-30 00:00:00,586,Thanjavur,1.0,-32.079
2023-08-30 01:00:00,586,Thanjavur,0.5,-32.079
2023-08-30 02:00:00,586,Thanjavur,0.5,-32.079
2023-08-30 04:00:00,586,Thanjavur,0.5,-32.0025
2023-08-30 07:00:00,586,Thanjavur,0.5,-32.0025
2023-08-30 13:00:00,586,Thanjavur,0.5,-32.064
2023-08-30 14:00:00,586,Thanjavur,0.5,-32.064
2023-08-30 16:00:00,586,Thanjavur,0.5,-31.9355
2023-08-31 08:00:00,586,Thanjavur,0.5,-31.857
2023-08-31 15:00:00,586,Thanjavur,0.5,-31.969
2023-08-31 17:00:00,586,Thanjavur,1.0,-31.8805
2023-08-31 18:00:00,586,Thanjavur,6.0,-31.8805
2023-08-31 19:00:00,586,Thanjavur,3.0,-31.8805
2023-08-31 22:00:00,586,Thanjavur,24.0,-31.805
2023-08-31 23:00:00,586,Thanjavur,3.0,-31.805
2023-09-01 00:00:00,586,Thanjavur,0.5,-31.805
2023-09-01 10:00:00,586,Thanjavur,0.5,-31.896500000000003
2023-09-02 05:00:00,586,Thanjavur,0.5,-18.577
2023-09-02 20:00:00,586,Thanjavur,5.5,-31.872
2023-09-02 21:00:00,586,Thanjavur,1.0,-31.872
2023-09-03 06:00:00,586,Thanjavur,0.5,-31.846
2023-09-03 19:00:00,586,Thanjavur,9.0,-31.962
2023-09-04 07:00:00,586,Thanjavur,0.5,-31.961
2023-09-04 15:00:00,586,Thanjavur,0.5,-32.092
2023-09-04 21:00:00,586,Thanjavur,0.5,-31.9715
2023-09-06 20:00:00,586,Thanjavur,2.0,-31.8675
2023-09-06 21:00:00,586,Thanjavur,15.5,-31.8675
2023-09-07 17:00:00,586,Thanjavur,1.0,-31.816000000000003
2023-09-07 18:00:00,586,Thanjavur,1.0,-31.816000000000003
2023-09-07 19:00:00,586,Thanjavur,13.5,-31.816000000000003
2023-09-07 20:00:00,586,Thanjavur,2.75,-31.816000000000003
2023-09-07 21:00:00,586,Thanjavur,1.0,-31.816000000000003
2023-09-07 22:00:00,586,Thanjavur,0.5,-31.765
2023-09-08 00:00:00,586,Thanjavur,0.5,-31.765
2023-09-08 08:00:00,586,Thanjavur,0.5,-31.7885
2023-09-08 18:00:00,586,Thanjavur,10.5,-31.626
2023-09-08 19:00:00,586,Thanjavur,7.5,-31.626
2023-09-08 20:00:00,586,Thanjavur,11.25,-31.626
2023-09-08 21:00:00,586,Thanjavur,0.75,-31.626
2023-09-09 21:00:00,586,Thanjavur,3.5,-31.5815
2023-09-09 22:00:00,586,Thanjavur,7.0,-31.561
2023-09-10 00:00:00,586,Thanjavur,0.5,-31.561
2023-09-10 04:00:00,586,Thanjavur,0.5,-31.5415
2023-09-10 09:00:00,586,Thanjavur,0.5,-31.5415
2023-09-10 21:00:00,586,Thanjavur,0.5,-31.6125
2023-09-12 17:00:00,586,Thanjavur,2.0,-31.592
2023-09-12 21:00:00,586,Thanjavur,4.0,-31.592
2023-09-12 23:00:00,586,Thanjavur,0.5,-31.5565
2023-09-13 00:00:00,586,Thanjavur,22.0,-31.5565
2023-09-13 18:00:00,586,Thanjavur,2.5,-31.5995
2023-09-13 19:00:00,586,Thanjavur,9.5,-31.5995
2023-09-13 20:00:00,586,Thanjavur,8.5,-31.5995
2023-09-14 18:00:00,586,Thanjavur,1.0,-31.6185
2023-09-14 19:00:00,586,Thanjavur,15.5,-31.6185
2023-09-14 20:00:00,586,Thanjavur,5.75,-31.6185
2023-09-14 21:00:00,586,Thanjavur,2.25,-31.6185
2023-09-14 22:00:00,586,Thanjavur,2.0,-31.537
2023-09-14 23:00:00,586,Thanjavur,2.0,-31.537
2023-09-15 00:00:00,586,Thanjavur,2.0,-31.537
2023-09-15 01:00:00,586,Thanjavur,1.0,-31.537
2023-09-15 02:00:00,586,Thanjavur,0.75,-31.537
2023-09-15 03:00:00,586,Thanjavur,1.0,-31.537
2023-09-15 04:00:00,586,Thanjavur,0.5,-31.4795
2023-09-15 05:00:00,586,Thanjavur,0.5,-31.4795
2023-09-15 07:00:00,586,Thanjavur,0.5,-31.4795
2023-09-15 09:00:00,586,Thanjavur,0.5,-31.4795
2023-09-15 16:00:00,586,Thanjavur,0.5,-31.4385
2023-09-15 18:00:00,586,Thanjavur,4.0,-31.4385
2023-09-15 19:00:00,586,Thanjavur,9.5,-31.4385
2023-09-16 11:00:00,586,Thanjavur,0.5,-31.412
2023-09-16 12:00:00,586,Thanjavur,1.0,-31.412
2023-09-16 13:00:00,586,Thanjavur,1.5,-31.412
2023-09-16 14:00:00,586,Thanjavur,0.5,-31.412
2023-09-16 15:00:00,586,Thanjavur,0.5,-31.412
2023-09-16 19:00:00,586,Thanjavur,0.5,-31.374
2023-09-16 21:00:00,586,Thanjavur,1.0,-31.374
2023-09-17 06:00:00,586,Thanjavur,0.5,-31.2415
2023-09-17 12:00:00,586,Thanjavur,0.5,-31.2665
2023-09-17 18:00:00,586,Thanjavur,4.0,-31.2305
2023-09-17 19:00:00,586,Thanjavur,2.0,-31.2305
2023-09-17 20:00:00,586,Thanjavur,0.5,-31.2305
2023-09-17 21:00:00,586,Thanjavur,5.25,-31.2305
2023-09-17 22:00:00,586,Thanjavur,9.75,-31.2035
2023-09-17 23:00:00,586,Thanjavur,6.375,-31.2035
2023-09-18 00:00:00,586,Thanjavur,1.625,-31.2035
2023-09-18 01:00:00,586,Thanjavur,0.8333333333333334,-31.2035
2023-09-18 02:00:00,586,Thanjavur,0.6666666666666666,-31.2035
2023-09-18 03:00:00,586,Thanjavur,0.75,-31.2035
2023-09-18 04:00:00,586,Thanjavur,0.5,-31.1365
2023-09-18 06:00:00,586,Thanjavur,0.5,-31.1365
2023-09-18 09:00:00,586,Thanjavur,0.5,-31.1365
2023-09-18 11:00:00,586,Thanjavur,0.5,-31.1705
2023-09-18 12:00:00,586,Thanjavur,0.5,-31.1705
2023-09-18 15:00:00,586,Thanjavur,1.25,-31.1705
2023-09-18 16:00:00,586,Thanjavur,0.5,-31.122
2023-09-18 17:00:00,586,Thanjavur,5.0,-31.122
2023-09-18 18:00:00,586,Thanjavur,6.0,-31.122
2023-09-18 19:00:00,586,Thanjavur,9.25,-31.122
2023-09-18 20:00:00,586,Thanjavur,1.6666666666666667,-31.122
2023-09-18 21:00:00,586,Thanjavur,0.75,-31.122
2023-09-18 22:00:00,586,Thanjavur,2.0,-31.0305
2023-09-18 23:00:00,586,Thanjavur,0.5,-31.0305
2023-09-19 01:00:00,586,Thanjavur,0.5,-31.0305
2023-09-19 04:00:00,586,Thanjavur,0.5,-30.9645
2023-09-19 06:00:00,586,Thanjavur,0.5,-30.9645
2023-09-19 09:00:00,586,Thanjavur,0.5,-30.9645
2023-09-19 11:00:00,586,Thanjavur,0.5,-30.936
2023-09-19 13:00:00,586,Thanjavur,0.5,-30.936
2023-09-19 14:00:00,586,Thanjavur,0.5,-30.936
2023-09-19 17:00:00,586,Thanjavur,0.5,-30.883000000000003
2023-09-19 20:00:00,586,Thanjavur,22.0,-30.883000000000003
2023-09-19 21:00:00,586,Thanjavur,15.25,-30.883000000000003
2023-09-19 22:00:00,586,Thanjavur,6.0,-30.829
2023-09-19 23:00:00,586,Thanjavur,0.5,-30.829
2023-09-20 01:00:00,586,Thanjavur,0.5,-30.829
2023-09-20 02:00:00,586,Thanjavur,0.5,-30.829
2023-09-20 04:00:00,586,Thanjavur,0.5,-30.7605
2023-09-20 08:00:00,586,Thanjavur,0.5,-30.7605
2023-09-20 11:00:00,586,Thanjavur,0.5,-30.8045
2023-09-20 13:00:00,586,Thanjavur,0.5,-30.8045
2023-09-20 14:00:00,586,Thanjavur,0.5,-30.8045
2023-09-20 15:00:00,586,Thanjavur,0.5,-30.8045
2023-09-20 16:00:00,586,Thanjavur,0.5,-30.7675
2023-09-20 17:00:00,586,Thanjavur,1.0,-30.7675
2023-09-20 18:00:00,586,Thanjavur,0.5,-30.7675
2023-09-20 19:00:00,586,Thanjavur,0.5,-30.7675
2023-09-20 20:00:00,586,Thanjavur,1.0,-30.7675
2023-09-20 21:00:00,586,Thanjavur,0.5,-30.7675
2023-09-20 22:00:00,586,Thanjavur,0.5,-30.705
2023-09-20 23:00:00,586,Thanjavur,1.0,-30.705
2023-09-21 00:00:00,586,Thanjavur,1.0,-30.705
2023-09-21 01:00:00,586,Thanjavur,0.5,-30.705
2023-09-21 02:00:00,586,Thanjavur,0.5,-30.705
2023-09-21 03:00:00,586,Thanjavur,1.0,-30.705
2023-09-21 04:00:00,586,Thanjavur,0.5,-30.666000000000004
2023-09-21 05:00:00,586,Thanjavur,0.5,-30.666000000000004
2023-09-21 06:00:00,586,Thanjavur,0.5,-30.666000000000004
2023-09-21 07:00:00,586,Thanjavur,0.5,-30.666000000000004
2023-09-21 08:00:00,586,Thanjavur,1.0,-30.666000000000004
2023-09-21 09:00:00,586,Thanjavur,0.5,-30.666000000000004
2023-09-21 10:00:00,586,Thanjavur,1.0,-30.717
2023-09-21 11:00:00,586,Thanjavur,1.0,-30.717
2023-09-21 12:00:00,586,Thanjavur,1.0,-30.717
2023-09-21 13:00:00,586,Thanjavur,1.0,-30.717
2023-09-21 14:00:00,586,Thanjavur,1.5,-30.717
2023-09-21 15:00:00,586,Thanjavur,0.5,-30.717
2023-09-21 16:00:00,586,Thanjavur,0.5,-30.712
2023-09-21 17:00:00,586,Thanjavur,0.5,-30.712
2023-09-21 19:00:00,586,Thanjavur,0.5,-30.712
2023-09-21 22:00:00,586,Thanjavur,0.5,-30.653
2023-09-22 00:00:00,586,Thanjavur,0.5,-30.653
2023-09-22 02:00:00,586,Thanjavur,0.5,-30.653
2023-09-22 04:00:00,586,Thanjavur,0.5,-30.6215
2023-09-22 05:00:00,586,Thanjavur,0.5,-30.6215
2023-09-22 06:00:00,586,Thanjavur,0.5,-30.6215
2023-09-22 07:00:00,586,Thanjavur,0.5,-30.6215
2023-09-22 08:00:00,586,Thanjavur,0.5,-30.6215
2023-09-22 09:00:00,586,Thanjavur,1.0,-30.6215
2023-09-22 10:00:00,586,Thanjavur,1.0,-30.6615
2023-09-22 11:00:00,586,Thanjavur,2.5,-30.6615
2023-09-22 12:00:00,586,Thanjavur,3.5,-30.6615
2023-09-22 13:00:00,586,Thanjavur,4.5,-30.6615
2023-09-22 14:00:00,586,Thanjavur,3.5,-30.6615
2023-09-22 15:00:00,586,Thanjavur,2.75,-30.6615
2023-09-22 16:00:00,586,Thanjavur,4.5,-30.639000000000003
2023-09-22 17:00:00,586,Thanjavur,4.0,-30.639000000000003
2023-09-22 18:00:00,586,Thanjavur,4.0,-30.639000000000003
2023-09-22 19:00:00,586,Thanjavur,4.0,-30.639000000000003
2023-09-22 20:00:00,586,Thanjavur,3.0,-30.639000000000003
2023-09-22 21:00:00,586,Thanjavur,3.0,-30.639000000000003
2023-09-22 22:00:00,586,Thanjavur,2.5,-30.5755
2023-09-22 23:00:00,586,Thanjavur,1.5,-30.5755
2023-09-23 00:00:00,586,Thanjavur,1.0,-30.5755
2023-09-23 22:00:00,586,Thanjavur,0.5,-30.685
2023-09-24 23:00:00,586,Thanjavur,2.5,-30.774
2023-09-25 00:00:00,586,Thanjavur,4.0,-30.774
2023-09-25 01:00:00,586,Thanjavur,1.0,-30.774
2023-09-25 02:00:00,586,Thanjavur,1.5,-30.774
2023-09-25 03:00:00,586,Thanjavur,0.5,-30.774
2023-09-25 13:00:00,586,Thanjavur,0.5,-30.8385
2023-09-25 20:00:00,586,Thanjavur,0.5,-30.838
2023-09-25 23:00:00,586,Thanjavur,1.0,-30.7765
2023-09-26 01:00:00,586,Thanjavur,0.5,-30.7765
2023-09-26 02:00:00,586,Thanjavur,0.5,-30.7765
2023-09-26 03:00:00,586,Thanjavur,0.5,-30.7765
2023-09-26 06:00:00,586,Thanjavur,0.5,-30.7325
2023-09-26 07:00:00,586,Thanjavur,0.5,-30.7325
2023-09-26 10:00:00,586,Thanjavur,0.5,-30.7595
2023-09-26 16:00:00,586,Thanjavur,0.5,-30.7705
2023-09-26 22:00:00,586,Thanjavur,0.5,-30.7175
2023-09-27 06:00:00,586,Thanjavur,0.5,-30.6815
2023-09-27 12:00:00,586,Thanjavur,0.5,-30.786
2023-09-27 17:00:00,586,Thanjavur,28.0,-30.77
2023-09-27 18:00:00,586,Thanjavur,13.166666666666666,-30.77
2023-09-27 19:00:00,586,Thanjavur,6.75,-30.77
2023-09-27 20:00:00,586,Thanjavur,2.5,-30.77
2023-09-27 21:00:00,586,Thanjavur,1.5,-30.77
2023-09-27 22:00:00,586,Thanjavur,3.0,-30.6945
2023-09-27 23:00:00,586,Thanjavur,3.0,-30.6945
2023-09-28 00:00:00,586,Thanjavur,2.5,-30.6945
2023-09-28 01:00:00,586,Thanjavur,2.5,-30.6945
2023-09-28 02:00:00,586,Thanjavur,2.0,-30.6945
2023-09-28 03:00:00,586,Thanjavur,2.0,-30.6945
2023-09-28 04:00:00,586,Thanjavur,2.0,-30.636
2023-09-28 05:00:00,586,Thanjavur,2.0,-30.636
2023-09-28 06:00:00,586,Thanjavur,2.0,-30.636
2023-09-28 07:00:00,586,Thanjavur,1.5,-30.636
2023-09-28 08:00:00,586,Thanjavur,1.5,-30.636
2023-09-28 09:00:00,586,Thanjavur,1.5,-30.636
2023-09-28 10:00:00,586,Thanjavur,1.0,-30.7245
2023-09-28 11:00:00,586,Thanjavur,1.0,-30.7245
2023-09-28 12:00:00,586,Thanjavur,0.5,-30.7245
2023-09-28 13:00:00,586,Thanjavur,0.5,-30.7245
2023-09-28 15:00:00,586,Thanjavur,0.5,-30.7245
2023-09-28 19:00:00,586,Thanjavur,8.5,-30.7185
2023-09-28 20:00:00,586,Thanjavur,5.5,-30.7185
2023-09-28 21:00:00,586,Thanjavur,0.75,-30.7185
2023-09-29 01:00:00,586,Thanjavur,0.5,-30.6195
2023-09-29 03:00:00,586,Thanjavur,0.5,-30.6195
2023-09-29 05:00:00,586,Thanjavur,0.5,-30.5615
2023-09-29 09:00:00,586,Thanjavur,0.5,-30.5615
2023-09-29 10:00:00,586,Thanjavur,0.5,-30.634
2023-09-29 13:00:00,586,Thanjavur,0.5,-30.634
2023-09-29 16:00:00,586,Thanjavur,1.5,-30.634
2023-09-29 20:00:00,586,Thanjavur,0.5,-30.634
2023-09-29 23:00:00,586,Thanjavur,0.5,-30.62
2023-09-30 04:00:00,586,Thanjavur,0.5,-30.5745
2023-09-30 11:00:00,586,Thanjavur,0.5,-30.6475
2023-09-30 17:00:00,586,Thanjavur,4.0,-30.628500000000003
2023-09-30 18:00:00,586,Thanjavur,0.5,-30.628500000000003
2023-10-01 04:00:00,586,Thanjavur,0.5,-30.4945
2023-10-01 11:00:00,586,Thanjavur,0.5,-30.558
2023-10-01 18:00:00,586,Thanjavur,0.5,-30.535000000000004
2023-10-03 10:00:00,586,Thanjavur,1.0,-30.5325
2023-10-03 13:00:00,586,Thanjavur,0.5,-30.5325
2023-10-03 17:00:00,586,Thanjavur,4.0,-30.537
2023-10-03 22:00:00,586,Thanjavur,12.5,-30.4775
2023-10-05 17:00:00,586,Thanjavur,5.0,-30.408
2023-10-06 11:45:00,586,Thanjavur,1.0,-30.4655
2023-10-06 11:50:00,586,Thanjavur,1.0,-30.4655
2023-10-06 11:55:00,586,Thanjavur,1.0,-30.4655
2023-10-06 12:00:00,586,Thanjavur,1.5,-30.4655
2023-10-07 00:00:00,586,Thanjavur,0.5,-30.4675
2023-10-08 16:00:00,586,Thanjavur,30.5,-30.56
2023-10-10 02:00:00,586,Thanjavur,0.5,-30.5925
2023-10-11 13:00:00,586,Thanjavur,5.0,-30.8015
2023-10-11 14:00:00,586,Thanjavur,0.5,-30.8015
2023-10-11 15:00:00,586,Thanjavur,3.25,-30.8015
2023-10-11 16:00:00,586,Thanjavur,1.5,-30.7685
2023-10-11 18:00:00,586,Thanjavur,1.1666666666666667,-30.7685
2023-10-11 20:00:00,586,Thanjavur,9.0,-30.7685
2023-10-11 22:00:00,586,Thanjavur,2.5,-30.701
2023-10-12 09:00:00,586,Thanjavur,0.5,-30.6425
2023-10-12 12:00:00,586,Thanjavur,10.5,-30.68
2023-10-12 16:00:00,586,Thanjavur,5.5,-30.6865
2023-10-12 18:00:00,586,Thanjavur,0.5,-30.6865
2023-10-12 19:00:00,586,Thanjavur,1.5,-30.6865
2023-10-13 21:00:00,586,Thanjavur,0.5,-30.6965
2023-10-14 05:00:00,586,Thanjavur,0.5,-30.669
2023-10-14 15:00:00,586,Thanjavur,1.0,-30.753500000000003
2023-10-14 17:00:00,586,Thanjavur,0.5,-30.7135
2023-10-14 18:00:00,586,Thanjavur,10.0,-30.7135
2023-10-14 19:00:00,586,Thanjavur,10.25,-30.7135
2023-10-14 20:00:00,586,Thanjavur,1.5,-30.7135
2023-10-14 21:00:00,586,Thanjavur,0.5,-30.7135
2023-10-15 01:00:00,586,Thanjavur,0.5,-30.6975
2023-10-15 03:00:00,586,Thanjavur,2.833333333333333,-30.6975
2023-10-15 04:00:00,586,Thanjavur,4.5,-30.6645
2023-10-15 05:00:00,586,Thanjavur,0.5,-30.6645
2023-10-15 19:00:00,586,Thanjavur,0.5,-30.7515
2023-10-16 02:00:00,586,Thanjavur,6.25,-30.6965
2023-10-16 03:00:00,586,Thanjavur,6.5,-30.6965
2023-10-16 04:00:00,586,Thanjavur,4.25,-30.692
2023-10-16 05:00:00,586,Thanjavur,0.5,-30.692
2023-10-16 07:00:00,586,Thanjavur,0.5,-30.692
2023-10-16 09:00:00,586,Thanjavur,0.5,-30.692
2023-10-16 10:00:00,586,Thanjavur,10.25,-30.7485
2023-10-16 16:00:00,586,Thanjavur,6.666666666666667,-30.733
2023-10-16 17:00:00,586,Thanjavur,9.0,-30.733
2023-10-16 18:00:00,586,Thanjavur,4.75,-30.733
2023-10-16 19:00:00,586,Thanjavur,0.5,-30.733
2023-10-16 20:00:00,586,Thanjavur,0.5,-30.733
2023-10-17 12:00:00,586,Thanjavur,1.5,-30.653
2023-10-17 13:00:00,586,Thanjavur,4.5,-30.653
2023-10-17 14:00:00,586,Thanjavur,4.666666666666667,-30.653
2023-10-17 15:00:00,586,Thanjavur,7.0,-30.653
2023-10-17 16:00:00,586,Thanjavur,0.5,-30.594500000000004
2023-10-18 09:00:00,586,Thanjavur,0.5,-30.55
2023-10-18 16:00:00,586,Thanjavur,20.0,-30.6465
2023-10-18 17:00:00,586,Thanjavur,2.0,-30.6465
2023-10-19 07:00:00,586,Thanjavur,0.5,-30.612
2023-10-19 14:00:00,586,Thanjavur,3.0,-30.6595
2023-10-19 15:00:00,586,Thanjavur,2.0,-30.6595
2023-10-19 16:00:00,586,Thanjavur,1.0,-30.6895
2023-10-20 06:00:00,586,Thanjavur,0.5,-18.714
2023-10-21 07:00:00,586,Thanjavur,0.5,-18.716
2023-10-21 19:00:00,586,Thanjavur,2.25,-18.716
2023-10-22 06:00:00,586,Thanjavur,0.5,-18.725
2023-10-23 06:00:00,586,Thanjavur,0.5,-18.723
2023-10-24 09:00:00,586,Thanjavur,0.5,-31.1145
2023-10-25 04:00:00,586,Thanjavur,15.0,-31.1895
2023-10-25 05:00:00,586,Thanjavur,2.25,-31.1895
2023-10-25 06:00:00,586,Thanjavur,1.5,-31.1895
2023-10-25 07:00:00,586,Thanjavur,0.5,-31.1895
2023-10-27 13:00:00,586,Thanjavur,1.25,-31.324
2023-10-27 14:00:00,586,Thanjavur,24.0,-31.324
2023-10-27 15:00:00,586,Thanjavur,7.0,-31.324
2023-10-28 13:00:00,586,Thanjavur,3.5,-31.47
2023-10-28 14:00:00,586,Thanjavur,16.5,-31.47
2023-10-28 15:00:00,586,Thanjavur,15.0,-31.47
2023-10-28 16:00:00,586,Thanjavur,0.5,-31.461
2023-10-29 05:00:00,586,Thanjavur,13.0,-31.4735
2023-10-29 06:00:00,586,Thanjavur,2.75,-31.4735
2023-10-29 07:00:00,586,Thanjavur,0.5,-31.4735
2023-10-29 08:00:00,586,Thanjavur,0.75,-31.4735
2023-10-29 10:00:00,586,Thanjavur,1.0,-31.5515
2023-10-29 11:00:00,586,Thanjavur,0.6666666666666666,-31.5515
2023-10-29 12:00:00,586,Thanjavur,3.75,-31.5515
2023-10-29 18:00:00,586,Thanjavur,2.625,-31.5295
2023-10-29 19:00:00,586,Thanjavur,1.0,-31.5295
2023-10-29 20:00:00,586,Thanjavur,1.75,-31.5295
2023-10-29 21:00:00,586,Thanjavur,0.5,-31.5295
2023-10-29 22:00:00,586,Thanjavur,1.0,-31.47
2023-10-29 23:00:00,586,Thanjavur,1.5,-31.47
2023-10-30 00:00:00,586,Thanjavur,5.0,-31.47
2023-10-30 01:00:00,586,Thanjavur,0.5,-31.47
2023-10-30 05:00:00,586,Thanjavur,3.0,-31.4285
2023-10-30 06:00:00,586,Thanjavur,1.3333333333333333,-31.4285
2023-10-30 12:00:00,586,Thanjavur,2.0,-31.478
2023-10-30 13:00:00,586,Thanjavur,13.5,-31.478
2023-10-30 14:00:00,586,Thanjavur,3.25,-31.478
2023-10-30 15:00:00,586,Thanjavur,1.0,-31.478
2023-10-30 16:00:00,586,Thanjavur,0.5,-31.433
2023-10-30 17:00:00,586,Thanjavur,0.5,-31.433
2023-10-31 14:00:00,586,Thanjavur,0.5,-31.5305
2023-10-31 23:00:00,586,Thanjavur,6.5,-31.53
2023-11-01 14:00:00,586,Thanjavur,0.5,-31.602
2023-11-01 15:00:00,586,Thanjavur,0.5,-31.602
2023-11-01 16:00:00,586,Thanjavur,7.0,-31.659
2023-11-02 01:00:00,586,Thanjavur,0.5,-31.615
2023-11-02 02:00:00,586,Thanjavur,0.5,-31.615
2023-11-02 03:00:00,586,Thanjavur,1.5,-31.615
2023-11-02 04:00:00,586,Thanjavur,1.3,-31.5965
2023-11-02 05:00:00,586,Thanjavur,1.0,-31.5965
2023-11-02 07:00:00,586,Thanjavur,0.5,-31.5965
2023-11-02 11:00:00,586,Thanjavur,0.5,-31.6845
2023-11-02 13:00:00,586,Thanjavur,2.0,-31.6845
2023-11-02 15:00:00,586,Thanjavur,1.75,-31.6845
2023-11-02 17:00:00,586,Thanjavur,1.0,-31.643500000000003
2023-11-02 18:00:00,586,Thanjavur,2.5,-31.643500000000003
2023-11-02 19:00:00,586,Thanjavur,0.5,-31.643500000000003
2023-11-03 02:00:00,586,Thanjavur,0.5,-31.584
2023-11-03 04:00:00,586,Thanjavur,0.5,-31.548
2023-11-03 05:00:00,586,Thanjavur,0.5,-31.548
2023-11-03 12:00:00,586,Thanjavur,0.5,-31.544
2023-11-03 13:00:00,586,Thanjavur,0.5,-31.544
2023-11-03 15:00:00,586,Thanjavur,0.5,-31.544
2023-11-03 22:00:00,586,Thanjavur,15.5,-31.525
2023-11-03 23:00:00,586,Thanjavur,1.25,-31.525
2023-11-04 00:00:00,586,Thanjavur,1.0,-31.525
2023-11-04 01:00:00,586,Thanjavur,5.214285714285714,-31.525
2023-11-04 02:00:00,586,Thanjavur,7.6,-31.525
2023-11-04 03:00:00,586,Thanjavur,3.0,-31.525
2023-11-04 04:00:00,586,Thanjavur,1.3333333333333333,-31.492
2023-11-04 05:00:00,586,Thanjavur,0.5,-31.492
2023-11-04 06:00:00,586,Thanjavur,0.5,-31.492
2023-11-04 07:00:00,586,Thanjavur,0.875,-31.492
2023-11-04 08:00:00,586,Thanjavur,0.5,-31.492
2023-11-04 09:00:00,586,Thanjavur,0.5,-31.492
2023-11-04 11:00:00,586,Thanjavur,0.5,-31.5175
2023-11-04 13:00:00,586,Thanjavur,0.5,-31.5175
2023-11-04 16:00:00,586,Thanjavur,0.5,-31.538
2023-11-04 19:00:00,586,Thanjavur,0.5,-31.538
2023-11-04 22:00:00,586,Thanjavur,0.5,-31.4815
2023-11-05 00:00:00,586,Thanjavur,12.5,-31.4815
2023-11-05 01:00:00,586,Thanjavur,14.166666666666666,-31.4815
2023-11-05 02:00:00,586,Thanjavur,5.333333333333333,-31.4815
2023-11-05 03:00:00,586,Thanjavur,2.6666666666666665,-31.4815
2023-11-05 04:00:00,586,Thanjavur,1.6666666666666667,-31.4425
2023-11-05 05:00:00,586,Thanjavur,0.5,-31.4425
2023-11-05 06:00:00,586,Thanjavur,0.5,-31.4425
2023-11-05 10:00:00,586,Thanjavur,0.5,-31.547
2023-11-05 12:00:00,586,Thanjavur,4.0,-31.547
2023-11-05 13:00:00,586,Thanjavur,4.25,-31.547
2023-11-05 14:00:00,586,Thanjavur,4.0,-31.547
2023-11-05 15:00:00,586,Thanjavur,5.5,-31.547
2023-11-05 16:00:00,586,Thanjavur,4.0,-31.5345
2023-11-05 17:00:00,586,Thanjavur,7.5,-31.5345
2023-11-05 18:00:00,586,Thanjavur,0.5,-31.5345
2023-11-05 19:00:00,586,Thanjavur,0.5,-31.5345
2023-11-05 23:00:00,586,Thanjavur,0.5,-31.482
2023-11-06 04:00:00,586,Thanjavur,0.5,-31.4565
2023-11-06 11:00:00,586,Thanjavur,0.5,-31.558
2023-11-06 15:00:00,586,Thanjavur,4.75,-31.558
2023-11-06 16:00:00,586,Thanjavur,0.5,-31.5065
2023-11-06 17:00:00,586,Thanjavur,1.0,-31.5065
2023-11-06 22:00:00,586,Thanjavur,0.5,-31.4585
2023-11-07 04:00:00,586,Thanjavur,2.0,-31.4265
2023-11-07 05:00:00,586,Thanjavur,0.5,-31.4265
2023-11-07 06:00:00,586,Thanjavur,1.25,-31.4265
2023-11-07 07:00:00,586,Thanjavur,0.5,-31.4265
2023-11-07 09:00:00,586,Thanjavur,0.5,-31.4265
2023-11-07 10:00:00,586,Thanjavur,0.75,-31.484
2023-11-07 11:00:00,586,Thanjavur,1.125,-31.484
2023-11-07 12:00:00,586,Thanjavur,0.5,-31.484
2023-11-07 13:00:00,586,Thanjavur,0.5,-31.484
2023-11-07 20:00:00,586,Thanjavur,0.5,-31.44
2023-11-07 23:00:00,586,Thanjavur,3.3,-31.420500000000004
2023-11-08 00:00:00,586,Thanjavur,1.25,-31.420500000000004
2023-11-08 01:00:00,586,Thanjavur,1.5833333333333333,-31.420500000000004
2023-11-08 02:00:00,586,Thanjavur,0.6666666666666666,-31.420500000000004
2023-11-08 03:00:00,586,Thanjavur,0.5,-31.420500000000004
2023-11-08 07:00:00,586,Thanjavur,0.5,-31.387
2023-11-08 11:00:00,586,Thanjavur,2.5,-31.464
2023-11-08 12:00:00,586,Thanjavur,0.5,-31.464
2023-11-08 13:00:00,586,Thanjavur,0.5,-31.464
2023-11-08 15:00:00,586,Thanjavur,0.5,-31.464
2023-11-08 16:00:00,586,Thanjavur,14.0,-31.442500000000003
2023-11-08 17:00:00,586,Thanjavur,19.0,-31.442500000000003
2023-11-08 22:00:00,586,Thanjavur,2.0,-31.4145
2023-11-08 23:00:00,586,Thanjavur,2.0,-31.4145
2023-11-09 01:00:00,586,Thanjavur,1.5,-31.4145
2023-11-09 02:00:00,586,Thanjavur,0.8333333333333334,-31.4145
2023-11-09 03:00:00,586,Thanjavur,0.6666666666666666,-31.4145
2023-11-09 04:00:00,586,Thanjavur,0.5,-31.3825
2023-11-09 05:00:00,586,Thanjavur,0.5,-31.3825
2023-11-09 06:00:00,586,Thanjavur,0.75,-31.3825
2023-11-09 16:00:00,586,Thanjavur,2.25,-31.424
2023-11-09 17:00:00,586,Thanjavur,0.5,-31.424
2023-11-09 18:00:00,586,Thanjavur,0.5,-31.424
2023-11-09 22:00:00,586,Thanjavur,0.5,-31.3705
2023-11-09 23:00:00,586,Thanjavur,1.75,-31.3705
2023-11-10 00:00:00,586,Thanjavur,0.5,-31.3705
2023-11-10 01:00:00,586,Thanjavur,4.5,-31.3705
2023-11-10 02:00:00,586,Thanjavur,3.5,-31.3705
2023-11-10 03:00:00,586,Thanjavur,1.5,-31.3705
2023-11-10 04:00:00,586,Thanjavur,1.6666666666666667,-31.3195
2023-11-10 06:00:00,586,Thanjavur,1.0,-31.3195
2023-11-10 07:00:00,586,Thanjavur,3.0,-31.3195
2023-11-10 08:00:00,586,Thanjavur,1.5,-31.3195
2023-11-10 09:00:00,586,Thanjavur,0.5,-31.3195
2023-11-10 10:00:00,586,Thanjavur,0.5,-31.342
2023-11-10 14:00:00,586,Thanjavur,0.75,-31.342
2023-11-10 18:00:00,586,Thanjavur,6.75,-31.3195
2023-11-10 19:00:00,586,Thanjavur,5.0,-31.3195
2023-11-10 20:00:00,586,Thanjavur,2.25,-31.3195
2023-11-11 07:00:00,586,Thanjavur,0.5,-31.208
2023-11-11 10:00:00,586,Thanjavur,0.5,-31.2655
2023-11-11 11:00:00,586,Thanjavur,5.25,-31.2655
2023-11-11 12:00:00,586,Thanjavur,6.5,-31.2655
2023-11-11 13:00:00,586,Thanjavur,3.5,-31.2655
2023-11-11 21:00:00,586,Thanjavur,0.5,-31.2545
2023-11-12 10:00:00,586,Thanjavur,0.5,-31.2475
2023-11-12 22:00:00,586,Thanjavur,0.5,-31.198
2023-11-13 11:00:00,586,Thanjavur,0.5,-31.2765
2023-11-13 14:00:00,586,Thanjavur,0.5,-31.2765
2023-11-13 15:00:00,586,Thanjavur,2.7,-31.2765
2023-11-13 16:00:00,586,Thanjavur,2.5,-31.2305
2023-11-13 17:00:00,586,Thanjavur,0.5,-31.2305
2023-11-13 19:00:00,586,Thanjavur,0.5,-31.2305
2023-11-13 21:00:00,586,Thanjavur,0.5,-31.2305
2023-11-13 22:00:00,586,Thanjavur,1.5,-31.2
2023-11-13 23:00:00,586,Thanjavur,0.6,-31.2
2023-11-14 00:00:00,586,Thanjavur,1.25,-31.2
2023-11-14 01:00:00,586,Thanjavur,2.0,-31.2
2023-11-14 02:00:00,586,Thanjavur,3.0,-31.2
2023-11-14 03:00:00,586,Thanjavur,5.0,-31.2
2023-11-14 04:00:00,586,Thanjavur,4.4,-31.1385
2023-11-14 05:00:00,586,Thanjavur,1.9,-31.1385
2023-11-14 06:00:00,586,Thanjavur,2.0,-31.1385
2023-11-14 07:00:00,586,Thanjavur,2.125,-31.1385
2023-11-14 08:00:00,586,Thanjavur,1.5,-31.1385
2023-11-14 09:00:00,586,Thanjavur,0.5,-31.1385
2023-11-14 10:00:00,586,Thanjavur,0.5,-31.155
2023-11-14 11:00:00,586,Thanjavur,1.0,-31.155
2023-11-14 12:00:00,586,Thanjavur,7.0,-31.155
2023-11-14 13:00:00,586,Thanjavur,0.5,-31.155
2023-11-14 14:00:00,586,Thanjavur,1.5,-31.155
2023-11-14 15:00:00,586,Thanjavur,0.5,-31.155
2023-11-14 16:00:00,586,Thanjavur,1.75,-31.1035
2023-11-14 18:00:00,586,Thanjavur,0.5,-31.1035
2023-11-14 22:00:00,586,Thanjavur,3.0,-31.0505
2023-11-14 23:00:00,586,Thanjavur,4.5,-31.0505
2023-11-15 01:00:00,586,Thanjavur,0.8333333333333334,-31.0505
2023-11-15 02:00:00,586,Thanjavur,2.5,-31.0505
2023-11-15 03:00:00,586,Thanjavur,0.8333333333333334,-31.0505
2023-11-15 04:00:00,586,Thanjavur,0.5,-30.996
2023-11-15 10:00:00,586,Thanjavur,0.5,-31.069
2023-11-15 17:00:00,586,Thanjavur,0.5,-31.037
2023-11-15 18:00:00,586,Thanjavur,1.75,-31.037
2023-11-16 02:00:00,586,Thanjavur,0.5,-30.989
2023-11-16 11:00:00,586,Thanjavur,0.5,-31.0455
2023-11-16 19:00:00,586,Thanjavur,0.5,-31.0785
2023-11-16 20:00:00,586,Thanjavur,1.5,-31.0785
2023-11-17 00:00:00,586,Thanjavur,0.5,-30.995
2023-11-17 05:00:00,586,Thanjavur,0.5,-30.9485
2023-11-17 13:00:00,586,Thanjavur,0.5,-31.0225
2023-11-17 23:00:00,586,Thanjavur,0.5,-30.997
2023-11-18 00:00:00,586,Thanjavur,8.5,-30.997
2023-11-18 01:00:00,586,Thanjavur,1.5,-30.997
2023-11-18 03:00:00,586,Thanjavur,7.0,-30.997
2023-11-18 04:00:00,586,Thanjavur,4.833333333333333,-30.9565
2023-11-18 05:00:00,586,Thanjavur,11.0,-30.9565
2023-11-18 06:00:00,586,Thanjavur,0.75,-30.9565
2023-11-18 07:00:00,586,Thanjavur,0.5,-30.9565
2023-11-18 08:00:00,586,Thanjavur,0.5,-30.9565
2023-11-18 09:00:00,586,Thanjavur,0.5,-30.9565
2023-11-18 16:00:00,586,Thanjavur,1.0,-31.035
2023-11-18 18:00:00,586,Thanjavur,0.5,-31.035
2023-11-19 01:00:00,586,Thanjavur,0.5,-30.9695
2023-11-19 02:00:00,586,Thanjavur,3.75,-30.9695
2023-11-19 03:00:00,586,Thanjavur,1.5,-30.9695
2023-11-19 04:00:00,586,Thanjavur,2.125,-30.919
2023-11-19 05:00:00,586,Thanjavur,0.5,-30.919
2023-11-19 06:00:00,586,Thanjavur,0.5,-30.919
2023-11-19 07:00:00,586,Thanjavur,0.5,-30.919
2023-11-19 13:00:00,586,Thanjavur,0.5,-30.9505
2023-11-19 14:00:00,586,Thanjavur,2.0,-30.9505
2023-11-19 22:00:00,586,Thanjavur,0.5,-30.858
2023-11-20 09:00:00,586,Thanjavur,0.5,-30.7935
2023-11-20 10:00:00,586,Thanjavur,2.0,-30.932
2023-11-20 12:20:00,586,Thanjavur,12.0,-30.932
2023-11-20 15:00:00,586,Thanjavur,1.0,-30.932
2023-11-20 16:00:00,586,Thanjavur,409.25,-30.875
2023-11-20 18:00:00,586,Thanjavur,453.0,-30.875
2023-11-20 19:00:00,586,Thanjavur,927.5,-30.875
2023-11-21 14:00:00,586,Thanjavur,2.5,-30.8915
2023-11-22 04:00:00,586,Thanjavur,0.5,-30.7695
2023-11-22 05:00:00,586,Thanjavur,8.0,-30.7695
2023-11-22 06:00:00,586,Thanjavur,3.5,-30.7695
2023-11-22 10:00:00,586,Thanjavur,2.5,-30.8455
2023-11-22 11:00:00,586,Thanjavur,2.125,-30.8455
2023-11-22 12:00:00,586,Thanjavur,2.125,-30.8455
2023-11-22 13:00:00,586,Thanjavur,2.125,-30.8455
2023-11-22 14:00:00,586,Thanjavur,1.6666666666666667,-30.8455
2023-11-22 15:00:00,586,Thanjavur,0.75,-30.8455
2023-11-22 20:00:00,586,Thanjavur,1.25,-30.8085
2023-11-22 21:00:00,586,Thanjavur,1.0,-30.8085
2023-11-22 22:00:00,586,Thanjavur,3.1666666666666665,-30.7485
2023-11-23 00:00:00,586,Thanjavur,0.5,-30.7485
2023-11-23 02:00:00,586,Thanjavur,2.0,-30.7485
2023-11-23 06:00:00,586,Thanjavur,0.75,-30.704
2023-11-23 07:00:00,586,Thanjavur,1.25,-30.704
2023-11-23 08:00:00,586,Thanjavur,1.1666666666666667,-30.704
2023-11-23 09:00:00,586,Thanjavur,5.0,-30.704
2023-11-23 10:00:00,586,Thanjavur,1.5,-30.7275
2023-11-23 11:00:00,586,Thanjavur,1.5,-30.7275
2023-11-23 13:00:00,586,Thanjavur,2.5,-30.7275
2023-11-23 14:00:00,586,Thanjavur,0.5,-30.7275
2023-11-23 15:00:00,586,Thanjavur,0.5,-30.7275
2023-11-23 15:35:00,586,Thanjavur,3.5,-30.751
2023-11-23 15:40:00,586,Thanjavur,3.5,-30.751
2023-11-23 15:45:00,586,Thanjavur,3.5,-30.751
2023-11-23 16:00:00,586,Thanjavur,3.5,-30.751
2023-11-23 18:00:00,586,Thanjavur,0.5,-30.751
2023-11-24 12:00:00,586,Thanjavur,6.0,-30.7335
2023-11-24 13:00:00,586,Thanjavur,3.0,-30.7335
2023-11-24 14:00:00,586,Thanjavur,5.166666666666667,-30.7335
2023-11-24 15:00:00,586,Thanjavur,0.5,-30.7335
2023-11-24 16:00:00,586,Thanjavur,2.0,-30.738
2023-11-24 17:00:00,586,Thanjavur,5.0,-30.738
2023-11-24 18:00:00,586,Thanjavur,0.5,-30.738
2023-11-25 00:00:00,586,Thanjavur,1.5,-30.6795
2023-11-25 01:00:00,586,Thanjavur,2.0,-30.6795
2023-11-25 08:00:00,586,Thanjavur,0.5,-30.628
2023-11-25 12:00:00,586,Thanjavur,0.5,-30.7135
2023-11-25 13:00:00,586,Thanjavur,2.25,-30.7135
2023-11-25 16:00:00,586,Thanjavur,7.5,-30.7065
2023-11-25 17:00:00,586,Thanjavur,2.0,-30.7065
2023-11-25 18:00:00,586,Thanjavur,1.5,-30.7065
2023-11-25 20:00:00,586,Thanjavur,2.5,-30.7065
2023-11-25 21:00:00,586,Thanjavur,6.5,-30.7065
2023-11-25 22:00:00,586,Thanjavur,11.5,-30.6775
2023-11-25 23:00:00,586,Thanjavur,2.25,-30.6775
2023-11-26 00:00:00,586,Thanjavur,2.5,-30.6775
2023-11-26 01:00:00,586,Thanjavur,2.625,-30.6775
2023-11-26 02:00:00,586,Thanjavur,0.75,-30.6775
2023-11-26 03:00:00,586,Thanjavur,0.5,-30.6775
2023-11-26 05:00:00,586,Thanjavur,0.5,-30.598
2023-11-26 12:00:00,586,Thanjavur,3.0,-30.6905
2023-11-26 13:00:00,586,Thanjavur,1.5,-30.6905
2023-11-26 14:00:00,586,Thanjavur,1.3333333333333333,-30.6905
2023-11-26 15:00:00,586,Thanjavur,3.5,-30.6905
2023-11-26 18:00:00,586,Thanjavur,1.5,-30.6795
2023-11-26 20:00:00,586,Thanjavur,0.5,-30.6795
2023-11-27 09:00:00,586,Thanjavur,0.5,-30.5145
2023-11-27 10:00:00,586,Thanjavur,1.5,-30.617
2023-11-27 12:00:00,586,Thanjavur,0.5,-30.617
2023-11-27 13:00:00,586,Thanjavur,4.0,-30.617
2023-11-27 14:00:00,586,Thanjavur,0.5,-30.617
2023-11-28 07:00:00,586,Thanjavur,0.5,-30.487
2023-11-28 11:00:00,586,Thanjavur,0.75,-30.6095
2023-11-28 14:00:00,586,Thanjavur,0.5,-30.6095
2023-11-29 04:00:00,586,Thanjavur,0.5,-30.4885
2023-11-29 11:00:00,586,Thanjavur,1.5,-30.5895
2023-11-29 12:00:00,586,Thanjavur,0.5,-30.5895
2023-11-29 13:00:00,586,Thanjavur,4.75,-30.5895
2023-11-29 14:00:00,586,Thanjavur,4.0,-30.5895
2023-11-29 15:00:00,586,Thanjavur,1.5,-30.5895
2023-11-29 16:00:00,586,Thanjavur,0.5,-30.528
2023-11-29 18:00:00,586,Thanjavur,3.25,-30.528
2023-11-29 21:00:00,586,Thanjavur,0.5,-30.528
2023-11-29 22:00:00,586,Thanjavur,2.1666666666666665,-30.4595
2023-11-29 23:00:00,586,Thanjavur,3.75,-30.4595
2023-11-30 00:00:00,586,Thanjavur,2.7,-30.4595
2023-11-30 01:00:00,586,Thanjavur,4.083333333333333,-30.4595
2023-11-30 02:00:00,586,Thanjavur,1.0,-30.4595
2023-11-30 03:00:00,586,Thanjavur,0.75,-30.4595
2023-11-30 04:00:00,586,Thanjavur,0.5,-30.394
2023-11-30 05:00:00,586,Thanjavur,0.75,-30.394
2023-11-30 06:00:00,586,Thanjavur,1.0,-30.394
2023-11-30 08:00:00,586,Thanjavur,0.75,-30.394
2023-11-30 09:00:00,586,Thanjavur,2.0,-30.394
2023-11-30 14:00:00,586,Thanjavur,3.75,-30.4405
2023-11-30 15:00:00,586,Thanjavur,8.5,-30.4405
2023-11-30 16:00:00,586,Thanjavur,2.0,-30.394
2023-11-30 17:00:00,586,Thanjavur,0.5,-30.394
2023-11-30 18:00:00,586,Thanjavur,0.5,-30.394
2023-12-01 00:00:00,586,Thanjavur,2.5,-30.3315
2023-12-01 01:00:00,586,Thanjavur,0.5,-30.3315
2023-12-01 14:00:00,586,Thanjavur,6.0,-30.3295
2023-12-01 16:00:00,586,Thanjavur,2.5,-30.323500000000003
2023-12-01 17:00:00,586,Thanjavur,0.75,-30.323500000000003
2023-12-01 18:00:00,586,Thanjavur,2.0,-30.323500000000003
2023-12-02 02:00:00,586,Thanjavur,0.5,-30.265
2023-12-02 14:00:00,586,Thanjavur,0.5,-30.2395
2023-12-03 02:00:00,586,Thanjavur,1.0,-30.1595
2023-12-03 03:00:00,586,Thanjavur,0.5,-30.1595
2023-12-03 04:00:00,586,Thanjavur,0.5,-30.114
2023-12-03 05:00:00,586,Thanjavur,10.0,-30.114
2023-12-03 06:00:00,586,Thanjavur,26.5,-30.114
2023-12-03 08:00:00,586,Thanjavur,0.5,-30.114
2023-12-03 12:00:00,586,Thanjavur,0.5,-30.1785
2023-12-03 13:00:00,586,Thanjavur,0.5,-30.1785
2023-12-03 14:00:00,586,Thanjavur,0.5,-30.1785
2023-12-03 15:00:00,586,Thanjavur,0.5,-30.1785
2023-12-03 21:00:00,586,Thanjavur,7.5,-30.1885
2023-12-03 22:00:00,586,Thanjavur,0.5,-30.1035
2023-12-03 23:00:00,586,Thanjavur,0.5,-30.1035
2023-12-04 00:00:00,586,Thanjavur,267.0,-30.1035
2023-12-04 01:00:00,586,Thanjavur,10.0,-30.1035
2023-12-04 02:00:00,586,Thanjavur,12.5,-30.1035
2023-12-04 04:00:00,586,Thanjavur,0.5,-30.0555
2023-12-04 05:00:00,586,Thanjavur,0.5,-30.0555
2023-12-04 07:00:00,586,Thanjavur,0.5,-30.0555
2023-12-04 09:00:00,586,Thanjavur,4.5,-30.0555
2023-12-04 10:00:00,586,Thanjavur,1.0,-30.0755
2023-12-04 13:00:00,586,Thanjavur,0.5,-30.0755
2023-12-04 14:00:00,586,Thanjavur,116.5,-30.0755
2023-12-04 20:00:00,586,Thanjavur,0.5,-18.663
2023-12-04 22:00:00,586,Thanjavur,4.0,-18.664
2023-12-05 00:00:00,586,Thanjavur,11.5,-18.664
2023-12-05 10:00:00,586,Thanjavur,2.5,-30.13
2023-12-05 11:00:00,586,Thanjavur,4.5,-30.13
2023-12-06 04:00:00,586,Thanjavur,1.5,-30.139000000000003
2023-12-06 05:00:00,586,Thanjavur,0.5,-30.139000000000003
2023-12-07 16:00:00,586,Thanjavur,0.5,-30.1785
2023-12-07 17:00:00,586,Thanjavur,0.5,-30.1785
2023-12-07 18:00:00,586,Thanjavur,0.5,-30.1785
2023-12-08 09:00:00,586,Thanjavur,0.5,-30.152
2023-12-09 14:00:00,586,Thanjavur,6.5,-30.3915
2023-12-09 15:00:00,586,Thanjavur,1.0,-30.3915
2023-12-15 18:00:00,586,Thanjavur,2.25,-30.707500000000003
2023-12-15 19:00:00,586,Thanjavur,5.2,-30.707500000000003
2023-12-15 20:00:00,586,Thanjavur,0.5,-30.707500000000003
2023-12-15 21:00:00,586,Thanjavur,0.5,-30.707500000000003
2023-12-15 22:00:00,586,Thanjavur,0.5,-30.6895
2023-12-16 11:00:00,586,Thanjavur,0.5,-30.81
2023-12-16 12:00:00,586,Thanjavur,4.75,-30.81
2023-12-16 13:00:00,586,Thanjavur,8.0,-30.81
2023-12-16 14:00:00,586,Thanjavur,5.083333333333333,-30.81
2023-12-16 15:00:00,586,Thanjavur,2.6666666666666665,-30.81
2023-12-16 16:00:00,586,Thanjavur,4.0,-30.7335
2023-12-16 17:00:00,586,Thanjavur,2.9166666666666665,-30.7335
2023-12-16 18:00:00,586,Thanjavur,0.5,-30.7335
2023-12-16 19:00:00,586,Thanjavur,2.583333333333333,-30.7335
2023-12-16 20:00:00,586,Thanjavur,1.0,-30.7335
2023-12-16 21:00:00,586,Thanjavur,1.25,-30.7335
2023-12-16 22:00:00,586,Thanjavur,1.375,-30.694
2023-12-16 23:00:00,586,Thanjavur,0.8333333333333334,-30.694
2023-12-17 00:00:00,586,Thanjavur,1.1666666666666667,-30.694
2023-12-17 01:00:00,586,Thanjavur,1.0,-30.694
2023-12-17 02:00:00,586,Thanjavur,0.8333333333333334,-30.694
2023-12-17 03:00:00,586,Thanjavur,0.5,-30.694
2023-12-17 07:00:00,586,Thanjavur,0.5,-30.6465
2023-12-17 13:00:00,586,Thanjavur,0.5,-30.695500000000003
2023-12-17 14:00:00,586,Thanjavur,0.5,-30.695500000000003
2023-12-17 15:00:00,586,Thanjavur,0.5,-30.695500000000003
2023-12-17 18:00:00,586,Thanjavur,0.5,-30.646
2023-12-18 02:00:00,586,Thanjavur,1.0,-30.58
2023-12-18 07:00:00,586,Thanjavur,0.5,-30.539
2023-12-18 08:00:00,586,Thanjavur,0.5,-30.539
2023-12-18 11:00:00,586,Thanjavur,1.0,-30.549
2023-12-18 12:00:00,586,Thanjavur,0.5,-30.549
2023-12-18 18:00:00,586,Thanjavur,0.5,-30.528
2023-12-19 03:00:00,586,Thanjavur,0.5,-30.4615
2023-12-19 12:00:00,586,Thanjavur,0.5,-30.4545
2023-12-19 20:00:00,586,Thanjavur,0.5,-30.4535
2023-12-20 02:00:00,586,Thanjavur,0.5,-30.413000000000004
2023-12-20 06:00:00,586,Thanjavur,0.5,-30.3765
2023-12-20 08:00:00,586,Thanjavur,0.5,-30.3765
2023-12-20 10:00:00,586,Thanjavur,0.5,-30.4685
2023-12-20 12:00:00,586,Thanjavur,0.5,-30.4685
2023-12-20 13:00:00,586,Thanjavur,0.5,-30.4685
2023-12-20 14:00:00,586,Thanjavur,1.0,-30.4685
2023-12-20 15:00:00,586,Thanjavur,0.5,-30.4685
2023-12-20 18:00:00,586,Thanjavur,0.5,-30.451
2023-12-20 22:00:00,586,Thanjavur,1.0,-30.4135
2023-12-20 23:00:00,586,Thanjavur,1.0,-30.4135
2023-12-21 00:00:00,586,Thanjavur,1.3333333333333333,-30.4135
2023-12-21 01:00:00,586,Thanjavur,0.5,-30.4135
2023-12-21 02:00:00,586,Thanjavur,0.5,-30.4135
2023-12-21 03:00:00,586,Thanjavur,2.5,-30.4135
2023-12-21 04:00:00,586,Thanjavur,1.0,-30.3655
2023-12-21 05:00:00,586,Thanjavur,0.5,-30.3655
2023-12-21 06:00:00,586,Thanjavur,0.7,-30.3655
2023-12-21 07:00:00,586,Thanjavur,0.8333333333333334,-30.3655
2023-12-21 08:00:00,586,Thanjavur,1.625,-30.3655
2023-12-21 09:00:00,586,Thanjavur,0.5,-30.3655
2023-12-21 10:00:00,586,Thanjavur,0.75,-30.3915
2023-12-21 11:00:00,586,Thanjavur,1.5,-30.3915
2023-12-21 12:00:00,586,Thanjavur,0.5,-30.3915
2023-12-21 13:00:00,586,Thanjavur,0.5,-30.3915
2023-12-21 15:00:00,586,Thanjavur,0.5,-30.3915
2023-12-21 16:00:00,586,Thanjavur,0.5,-30.3545
2023-12-21 17:00:00,586,Thanjavur,0.5,-30.3545
2023-12-21 19:00:00,586,Thanjavur,0.5,-30.3545
2023-12-21 20:00:00,586,Thanjavur,0.5,-30.3545
2023-12-21 21:00:00,586,Thanjavur,0.5,-30.3545
2023-12-21 23:00:00,586,Thanjavur,0.5,-30.306
2023-12-22 00:00:00,586,Thanjavur,0.5,-30.306
2023-12-22 02:00:00,586,Thanjavur,0.5,-30.306
2023-12-22 09:00:00,586,Thanjavur,0.5,-30.258000000000003
2023-12-22 10:00:00,586,Thanjavur,0.5,-30.3505
2023-12-22 11:00:00,586,Thanjavur,0.5,-30.3505
2023-12-22 12:00:00,586,Thanjavur,0.5,-30.3505
2023-12-22 13:00:00,586,Thanjavur,0.5,-30.3505
2023-12-22 14:00:00,586,Thanjavur,0.5,-30.3505
2023-12-22 15:00:00,586,Thanjavur,1.0,-30.3505
2023-12-22 16:00:00,586,Thanjavur,0.5,-30.343000000000004
2023-12-22 17:00:00,586,Thanjavur,0.5,-30.343000000000004
2023-12-22 18:00:00,586,Thanjavur,1.0,-30.343000000000004
2023-12-22 19:00:00,586,Thanjavur,0.5,-30.343000000000004
2023-12-22 20:00:00,586,Thanjavur,0.5,-30.343000000000004
2023-12-22 21:00:00,586,Thanjavur,0.5,-30.343000000000004
2023-12-22 22:00:00,586,Thanjavur,0.5,-30.3315
2023-12-22 23:00:00,586,Thanjavur,0.5,-30.3315
2023-12-23 00:00:00,586,Thanjavur,0.5,-30.3315
2023-12-23 02:00:00,586,Thanjavur,0.5,-30.3315
2023-12-23 03:00:00,586,Thanjavur,0.5,-30.3315
2023-12-23 04:00:00,586,Thanjavur,0.5,-30.3035
2023-12-23 06:00:00,586,Thanjavur,0.5,-30.3035
2023-12-23 07:00:00,586,Thanjavur,0.5,-30.3035
2023-12-23 09:00:00,586,Thanjavur,0.5,-30.3035
2023-12-23 10:00:00,586,Thanjavur,0.5,-30.441000000000003
2023-12-23 11:00:00,586,Thanjavur,0.5,-30.441000000000003
2023-12-23 13:00:00,586,Thanjavur,0.5,-30.441000000000003
2023-12-23 14:00:00,586,Thanjavur,0.5,-30.441000000000003
2023-12-23 15:00:00,586,Thanjavur,0.5,-30.441000000000003
2023-12-23 17:00:00,586,Thanjavur,0.5,-30.4955
2023-12-23 19:00:00,586,Thanjavur,0.5,-30.4955
2023-12-23 21:00:00,586,Thanjavur,0.5,-30.4955
2023-12-23 23:00:00,586,Thanjavur,0.5,-30.4165
2023-12-24 02:00:00,586,Thanjavur,0.5,-30.4165
2023-12-24 04:00:00,586,Thanjavur,0.5,-30.375
2023-12-24 07:00:00,586,Thanjavur,0.5,-30.375
2023-12-24 10:00:00,586,Thanjavur,0.5,-30.4435
2023-12-24 14:00:00,586,Thanjavur,0.5,-30.4435
2023-12-24 17:00:00,586,Thanjavur,0.5,-30.441000000000003
2023-12-24 20:00:00,586,Thanjavur,0.5,-30.441000000000003
2023-12-25 02:00:00,586,Thanjavur,1.0,-30.412
2023-12-25 03:00:00,586,Thanjavur,2.0,-30.412
2023-12-25 05:00:00,586,Thanjavur,0.5,-30.372
2023-12-25 15:00:00,586,Thanjavur,0.5,-30.504
2023-12-27 04:00:00,586,Thanjavur,0.5,-30.5155
2023-12-27 21:00:00,586,Thanjavur,0.5,-30.6195
2023-12-28 01:00:00,586,Thanjavur,0.5,-30.6
2023-12-28 08:00:00,586,Thanjavur,0.5,-30.601
2023-12-28 22:00:00,586,Thanjavur,0.5,-30.728
2023-12-29 07:00:00,586,Thanjavur,1.0,-30.7205
2023-12-29 08:00:00,586,Thanjavur,0.5,-30.7205
2023-12-29 10:00:00,586,Thanjavur,0.5,-30.738
2024-01-04 18:00:00,586,Thanjavur,1.0,-18.709
2024-01-06 17:00:00,586,Thanjavur,1.75,-31.4235
2024-01-06 23:00:00,586,Thanjavur,1.0,-31.3895
2024-01-07 00:00:00,586,Thanjavur,1.5,-31.3895
2024-01-07 01:00:00,586,Thanjavur,0.5,-31.3895
2024-01-07 03:00:00,586,Thanjavur,0.5,-31.3895
2024-01-07 04:00:00,586,Thanjavur,1.6666666666666667,-31.3595
2024-01-07 05:00:00,586,Thanjavur,1.0,-31.3595
2024-01-07 06:00:00,586,Thanjavur,0.875,-31.3595
2024-01-07 07:00:00,586,Thanjavur,2.5,-31.3595
2024-01-07 14:00:00,586,Thanjavur,0.5,-31.4185
2024-01-07 15:00:00,586,Thanjavur,0.5,-31.4185
2024-01-07 16:00:00,586,Thanjavur,4.0,-31.3975
2024-01-07 17:00:00,586,Thanjavur,0.5,-31.3975
2024-01-07 18:00:00,586,Thanjavur,0.5,-31.3975
2024-01-07 20:00:00,586,Thanjavur,5.25,-31.3975
2024-01-07 21:00:00,586,Thanjavur,5.357142857142857,-31.3975
2024-01-07 22:00:00,586,Thanjavur,8.75,-31.3195
2024-01-07 23:00:00,586,Thanjavur,5.5,-31.3195
2024-01-08 00:00:00,586,Thanjavur,6.0,-31.3195
2024-01-08 01:00:00,586,Thanjavur,2.8,-31.3195
2024-01-08 02:00:00,586,Thanjavur,4.666666666666667,-31.3195
2024-01-08 03:00:00,586,Thanjavur,3.25,-31.3195
2024-01-08 04:00:00,586,Thanjavur,2.5,-31.262500000000003
2024-01-08 05:00:00,586,Thanjavur,5.0,-31.262500000000003
2024-01-08 06:00:00,586,Thanjavur,1.9,-31.262500000000003
2024-01-08 07:00:00,586,Thanjavur,0.875,-31.262500000000003
2024-01-08 08:00:00,586,Thanjavur,0.5,-31.262500000000003
2024-01-08 11:00:00,586,Thanjavur,4.0,-31.273000000000003
2024-01-08 12:00:00,586,Thanjavur,2.1666666666666665,-31.273000000000003
2024-01-08 13:00:00,586,Thanjavur,2.9,-31.273000000000003
2024-01-08 14:00:00,586,Thanjavur,2.0,-31.273000000000003
2024-01-08 19:00:00,586,Thanjavur,0.5,-31.222500000000004
2024-01-08 20:00:00,586,Thanjavur,0.5,-31.222500000000004
2024-01-08 21:00:00,586,Thanjavur,1.0,-31.222500000000004
2024-01-08 22:00:00,586,Thanjavur,0.5,-31.184
2024-01-08 23:00:00,586,Thanjavur,0.5,-31.184
2024-01-09 00:00:00,586,Thanjavur,1.0,-31.184
2024-01-09 01:00:00,586,Thanjavur,1.8333333333333333,-31.184
2024-01-09 02:00:00,586,Thanjavur,5.25,-31.184
2024-01-09 03:00:00,586,Thanjavur,5.0,-31.184
2024-01-09 04:00:00,586,Thanjavur,6.5,-31.1235
2024-01-09 05:00:00,586,Thanjavur,3.625,-31.1235
2024-01-09 06:00:00,586,Thanjavur,4.166666666666667,-31.1235
2024-01-09 07:00:00,586,Thanjavur,0.5,-31.1235
2024-01-09 09:00:00,586,Thanjavur,0.5,-31.1235
2024-01-09 11:00:00,586,Thanjavur,0.5,-31.151
2024-01-09 12:00:00,586,Thanjavur,3.5,-31.151
2024-01-09 13:00:00,586,Thanjavur,2.5,-31.151
2024-01-09 14:00:00,586,Thanjavur,0.5,-31.151
2024-01-11 09:00:00,586,Thanjavur,0.5,-30.8045
2024-01-19 15:00:00,586,Thanjavur,1.0,-30.8375
2024-01-19 16:00:00,586,Thanjavur,1.0,-30.814
2024-02-02 17:00:00,586,Thanjavur,0.5,-21.621
2024-02-07 09:00:00,586,Thanjavur,0.5,-22.087000000000003
2024-02-24 06:00:00,586,Thanjavur,3.0,-23.77575
2024-02-24 07:00:00,586,Thanjavur,18.0,-23.77575
2024-02-24 09:00:00,586,Thanjavur,5.0,-23.77575
2024-02-26 07:00:00,586,Thanjavur,0.5,-23.89975
2024-03-21 09:00:00,586,Thanjavur,0.5,-34.7905
2024-03-27 10:00:00,586,Thanjavur,1.0,-35.1035
2024-03-27 14:00:00,586,Thanjavur,2.5,-35.1035
2024-04-12 08:00:00,586,Thanjavur,2.0,-35.956
2024-04-12 09:00:00,586,Thanjavur,2.0,-35.956
2024-04-12 10:00:00,586,Thanjavur,0.5,-36.0155
2024-04-12 12:00:00,586,Thanjavur,0.5,-36.0155
2024-04-12 13:00:00,586,Thanjavur,13.5,-36.0155
2024-04-12 15:00:00,586,Thanjavur,16.0,-36.0155
2024-04-12 15:15:00,586,Thanjavur,0.5,-35.898
2024-04-12 15:20:00,586,Thanjavur,0.5,-35.898
2024-04-12 15:25:00,586,Thanjavur,0.5,-35.898
2024-04-12 15:30:00,586,Thanjavur,0.5,-35.898
2024-04-12 15:35:00,586,Thanjavur,0.5,-35.898
2024-04-12 15:40:00,586,Thanjavur,0.5,-35.898
2024-04-12 15:45:00,586,Thanjavur,0.5,-35.898
2024-04-12 15:50:00,586,Thanjavur,0.5,-35.898
2024-04-12 15:55:00,586,Thanjavur,0.5,-35.898
2024-04-12 16:00:00,586,Thanjavur,4.166666666666667,-35.898
2024-04-12 17:00:00,586,Thanjavur,0.5,-35.898
2024-04-13 12:00:00,586,Thanjavur,1.75,-35.8835
2024-04-13 13:00:00,586,Thanjavur,1.0,-35.8835
2024-04-13 15:00:00,586,Thanjavur,0.5,-35.8835
2024-04-30 08:15:00,586,Thanjavur,6.0,-28.22125
2024-04-30 09:00:00,586,Thanjavur,6.0,-28.22125
2024-04-30 11:50:00,586,Thanjavur,4.0,-28.29025
2024-04-30 11:55:00,586,Thanjavur,4.5,-28.29025
2024-04-30 12:00:00,586,Thanjavur,4.5,-28.29025
2024-04-30 13:20:00,586,Thanjavur,3.0,-28.29025
2024-04-30 13:25:00,586,Thanjavur,3.0,-28.29025
2024-04-30 13:30:00,586,Thanjavur,3.0,-28.29025
2024-04-30 13:35:00,586,Thanjavur,3.0,-28.29025
2024-04-30 13:40:00,586,Thanjavur,3.0,-28.29025
2024-04-30 13:45:00,586,Thanjavur,3.0,-28.29025
2024-04-30 13:50:00,586,Thanjavur,3.0,-28.29025
2024-04-30 13:55:00,586,Thanjavur,3.0,-28.29025
2024-04-30 14:00:00,586,Thanjavur,3.0,-28.29025
2024-05-08 10:00:00,586,Thanjavur,1.0,-28.76875
2024-05-08 11:00:00,586,Thanjavur,0.5,-28.76875
2024-05-10 03:00:00,586,Thanjavur,0.5,-28.769
2024-05-10 03:05:00,586,Thanjavur,1.0,-28.777
2024-05-10 03:10:00,586,Thanjavur,1.5,-28.777
2024-05-10 03:20:00,586,Thanjavur,1.5,-28.777
2024-05-10 03:30:00,586,Thanjavur,2.0,-28.777
2024-05-10 03:35:00,586,Thanjavur,2.5,-28.777
2024-05-10 03:40:00,586,Thanjavur,3.5,-28.777
2024-05-10 03:45:00,586,Thanjavur,4.0,-28.777
2024-05-10 03:50:00,586,Thanjavur,4.5,-28.777
2024-05-10 03:55:00,586,Thanjavur,4.5,-28.777
2024-05-10 04:00:00,586,Thanjavur,4.5,-28.777
2024-05-10 23:30:00,586,Thanjavur,0.5,-28.8115
2024-05-10 23:40:00,586,Thanjavur,1.5,-28.8115
2024-05-10 23:50:00,586,Thanjavur,2.0,-28.8115
2024-05-11 00:00:00,586,Thanjavur,2.0,-28.8115
2024-05-11 05:00:00,586,Thanjavur,1.0,-28.82725
2024-05-11 06:00:00,586,Thanjavur,0.5,-28.82725
2024-05-11 07:00:00,586,Thanjavur,0.5,-28.82725
2024-05-12 06:00:00,586,Thanjavur,4.25,-28.845
2024-05-12 07:00:00,586,Thanjavur,0.5,-28.845
2024-05-12 15:00:00,586,Thanjavur,0.5,-28.80475
2024-05-12 17:00:00,586,Thanjavur,0.5,-28.862
2024-05-12 20:00:00,586,Thanjavur,0.5,-28.862
2024-05-12 23:00:00,586,Thanjavur,0.5,-28.8255
2024-05-13 03:00:00,586,Thanjavur,2.5,-28.8255
2024-05-13 05:00:00,586,Thanjavur,0.5,-28.83575
2024-05-13 11:00:00,586,Thanjavur,0.5,-28.9045
2024-05-13 12:00:00,586,Thanjavur,1.5,-28.9045
2024-05-13 13:00:00,586,Thanjavur,0.75,-28.9045
2024-05-13 14:00:00,586,Thanjavur,0.5,-28.9045
2024-05-13 15:00:00,586,Thanjavur,0.5,-28.9045
2024-05-14 07:00:00,586,Thanjavur,0.5,-28.86775
2024-05-14 12:25:00,586,Thanjavur,3.5,-28.95275
2024-05-14 12:30:00,586,Thanjavur,5.5,-28.95275
2024-05-14 12:35:00,586,Thanjavur,5.5,-28.95275
2024-05-14 12:40:00,586,Thanjavur,5.5,-28.95275
2024-05-14 12:45:00,586,Thanjavur,5.5,-28.95275
2024-05-14 12:50:00,586,Thanjavur,5.5,-28.95275
2024-05-14 12:55:00,586,Thanjavur,5.5,-28.95275
2024-05-14 13:00:00,586,Thanjavur,5.5,-28.95275
2024-05-14 17:00:00,586,Thanjavur,0.5,-28.867
2024-05-15 08:00:00,586,Thanjavur,0.5,-28.90075
2024-05-15 13:15:00,586,Thanjavur,2.0,-28.993
2024-05-15 13:20:00,586,Thanjavur,3.0,-28.993
2024-05-15 13:25:00,586,Thanjavur,5.0,-28.993
2024-05-15 13:30:00,586,Thanjavur,6.0,-28.993
2024-05-15 13:35:00,586,Thanjavur,7.0,-28.993
2024-05-15 13:40:00,586,Thanjavur,7.0,-28.993
2024-05-15 13:45:00,586,Thanjavur,7.0,-28.993
2024-05-15 13:50:00,586,Thanjavur,7.5,-28.993
2024-05-15 13:55:00,586,Thanjavur,8.0,-28.993
2024-05-15 14:00:00,586,Thanjavur,10.5,-28.993
2024-05-15 14:05:00,586,Thanjavur,1.5,-28.993
2024-05-15 14:10:00,586,Thanjavur,3.5,-28.993
2024-05-15 14:15:00,586,Thanjavur,9.5,-28.993
2024-05-15 14:20:00,586,Thanjavur,14.5,-28.993
2024-05-15 14:25:00,586,Thanjavur,21.0,-28.993
2024-05-15 14:30:00,586,Thanjavur,26.5,-28.993
2024-05-15 14:35:00,586,Thanjavur,28.0,-28.993
2024-05-15 14:40:00,586,Thanjavur,28.5,-28.993
2024-05-15 14:45:00,586,Thanjavur,29.5,-28.993
2024-05-15 14:50:00,586,Thanjavur,30.5,-28.993
2024-05-15 14:55:00,586,Thanjavur,32.0,-28.993
2024-05-15 15:00:00,586,Thanjavur,35.0,-28.993
2024-05-15 15:05:00,586,Thanjavur,2.5,-28.90775
2024-05-15 15:10:00,586,Thanjavur,4.5,-28.90775
2024-05-15 15:15:00,586,Thanjavur,6.0,-28.90775
2024-05-15 15:20:00,586,Thanjavur,7.0,-28.90775
2024-05-15 15:25:00,586,Thanjavur,7.5,-28.90775
2024-05-15 15:30:00,586,Thanjavur,7.5,-28.90775
2024-05-15 15:35:00,586,Thanjavur,7.5,-28.90775
2024-05-15 15:40:00,586,Thanjavur,7.5,-28.90775
2024-05-15 15:45:00,586,Thanjavur,8.0,-28.90775
2024-05-15 15:50:00,586,Thanjavur,8.0,-28.90775
2024-05-15 15:55:00,586,Thanjavur,8.0,-28.90775
2024-05-15 16:00:00,586,Thanjavur,8.0,-28.90775
2024-05-15 17:00:00,586,Thanjavur,1.5,-28.90775
2024-05-15 18:00:00,586,Thanjavur,1.0,-28.90775
2024-05-15 22:00:00,586,Thanjavur,0.5,-28.9075
2024-05-16 01:50:00,586,Thanjavur,0.5,-28.9075
2024-05-16 01:55:00,586,Thanjavur,0.5,-28.9075
2024-05-16 02:00:00,586,Thanjavur,0.5,-28.9075
2024-05-16 02:15:00,586,Thanjavur,0.5,-28.9075
2024-05-16 02:20:00,586,Thanjavur,0.5,-28.9075
2024-05-16 02:25:00,586,Thanjavur,0.5,-28.9075
2024-05-16 02:30:00,586,Thanjavur,0.5,-28.9075
2024-05-16 02:35:00,586,Thanjavur,1.0,-28.9075
2024-05-16 02:40:00,586,Thanjavur,1.5,-28.9075
2024-05-16 02:45:00,586,Thanjavur,2.0,-28.9075
2024-05-16 02:50:00,586,Thanjavur,2.0,-28.9075
2024-05-16 02:55:00,586,Thanjavur,2.5,-28.9075
2024-05-16 03:00:00,586,Thanjavur,4.25,-28.9075
2024-05-16 03:05:00,586,Thanjavur,0.5,-26.817
2024-05-16 03:10:00,586,Thanjavur,0.5,-26.817
2024-05-16 03:15:00,586,Thanjavur,1.0,-26.817
2024-05-16 03:20:00,586,Thanjavur,1.5,-26.817
2024-05-16 03:25:00,586,Thanjavur,2.0,-26.817
2024-05-16 03:30:00,586,Thanjavur,2.5,-26.817
2024-05-16 03:35:00,586,Thanjavur,3.0,-26.817
2024-05-16 03:40:00,586,Thanjavur,4.0,-26.817
2024-05-16 03:45:00,586,Thanjavur,4.0,-26.817
2024-05-16 03:50:00,586,Thanjavur,5.0,-26.817
2024-05-16 03:55:00,586,Thanjavur,5.0,-26.817
2024-05-16 04:00:00,586,Thanjavur,4.25,-26.817
2024-05-16 04:10:00,586,Thanjavur,0.5,-26.817
2024-05-16 04:15:00,586,Thanjavur,0.5,-26.817
2024-05-16 04:20:00,586,Thanjavur,1.0,-26.817
2024-05-16 04:25:00,586,Thanjavur,1.5,-26.817
2024-05-16 04:30:00,586,Thanjavur,2.0,-26.817
2024-05-16 04:35:00,586,Thanjavur,2.0,-26.817
2024-05-16 04:40:00,586,Thanjavur,2.5,-26.817
2024-05-16 04:45:00,586,Thanjavur,3.5,-26.817
2024-05-16 04:50:00,586,Thanjavur,4.0,-26.817
2024-05-16 04:55:00,586,Thanjavur,4.5,-26.817
2024-05-16 05:00:00,586,Thanjavur,5.571428571428571,-26.817
2024-05-16 05:05:00,586,Thanjavur,0.5,-26.817
2024-05-16 05:10:00,586,Thanjavur,1.0,-26.817
2024-05-16 05:15:00,586,Thanjavur,1.0,-26.817
2024-05-16 05:20:00,586,Thanjavur,1.5,-26.817
2024-05-16 05:25:00,586,Thanjavur,1.5,-26.817
2024-05-16 05:30:00,586,Thanjavur,2.0,-26.817
2024-05-16 05:35:00,586,Thanjavur,2.5,-26.817
2024-05-16 05:40:00,586,Thanjavur,3.0,-26.817
2024-05-16 05:45:00,586,Thanjavur,3.5,-26.817
2024-05-16 05:50:00,586,Thanjavur,3.5,-26.817
2024-05-16 05:55:00,586,Thanjavur,4.0,-26.817
2024-05-16 06:00:00,586,Thanjavur,3.25,-26.817
2024-05-16 06:05:00,586,Thanjavur,0.5,-26.817
2024-05-16 06:10:00,586,Thanjavur,0.5,-26.817
2024-05-16 06:15:00,586,Thanjavur,1.0,-26.817
2024-05-16 06:20:00,586,Thanjavur,1.0,-26.817
2024-05-16 06:25:00,586,Thanjavur,1.5,-26.817
2024-05-16 06:30:00,586,Thanjavur,1.5,-26.817
2024-05-16 06:35:00,586,Thanjavur,2.0,-26.817
2024-05-16 06:40:00,586,Thanjavur,2.0,-26.817
2024-05-16 06:45:00,586,Thanjavur,2.0,-26.817
2024-05-16 06:50:00,586,Thanjavur,2.0,-26.817
2024-05-16 06:55:00,586,Thanjavur,2.0,-26.817
2024-05-16 07:00:00,586,Thanjavur,4.083333333333333,-26.817
2024-05-16 08:00:00,586,Thanjavur,2.9,-26.817
2024-05-16 08:15:00,586,Thanjavur,0.5,-26.817
2024-05-16 08:20:00,586,Thanjavur,0.5,-26.817
2024-05-16 08:25:00,586,Thanjavur,0.5,-26.817
2024-05-16 08:30:00,586,Thanjavur,0.5,-26.817
2024-05-16 08:35:00,586,Thanjavur,0.5,-26.817
2024-05-16 08:40:00,586,Thanjavur,0.5,-26.817
2024-05-16 08:45:00,586,Thanjavur,0.5,-26.817
2024-05-16 08:50:00,586,Thanjavur,0.5,-26.817
2024-05-16 08:55:00,586,Thanjavur,0.5,-26.817
2024-05-16 09:00:00,586,Thanjavur,1.7,-26.817
2024-05-16 10:00:00,586,Thanjavur,2.0,-26.834666666666667
2024-05-16 11:00:00,586,Thanjavur,0.5,-26.834666666666667
2024-05-16 19:00:00,586,Thanjavur,0.5,-26.732
2024-05-17 07:00:00,586,Thanjavur,0.5,-26.705
2024-05-17 08:00:00,586,Thanjavur,0.5,-26.705
2024-05-17 12:00:00,586,Thanjavur,0.5,-26.738333333333333
2024-05-17 15:00:00,586,Thanjavur,0.5,-26.738333333333333
2024-05-17 16:00:00,586,Thanjavur,0.5,-26.718
2024-05-18 14:00:00,586,Thanjavur,1.5,-26.701
2024-05-18 15:00:00,586,Thanjavur,0.5,-26.701
2024-05-18 17:00:00,586,Thanjavur,0.5,-26.718666666666667
2024-05-19 06:00:00,586,Thanjavur,0.5,-26.650333333333336
2024-05-19 08:00:00,586,Thanjavur,0.5,-26.650333333333336
2024-05-19 09:00:00,586,Thanjavur,2.25,-26.650333333333336
2024-05-19 10:00:00,586,Thanjavur,1.5,-26.677333333333337
2024-05-19 11:00:00,586,Thanjavur,1.0,-26.677333333333337
2024-05-19 12:00:00,586,Thanjavur,0.5,-26.677333333333337
2024-05-19 15:00:00,586,Thanjavur,0.5,-26.677333333333337
2024-05-19 17:00:00,586,Thanjavur,0.5,-26.65833333333333
2024-05-19 18:00:00,586,Thanjavur,4.0,-26.65833333333333
2024-05-19 19:00:00,586,Thanjavur,18.166666666666668,-26.65833333333333
2024-05-19 20:00:00,586,Thanjavur,21.25,-26.65833333333333
2024-05-19 21:00:00,586,Thanjavur,6.7,-26.65833333333333
2024-05-19 22:00:00,586,Thanjavur,2.6,-26.56833333333333
2024-05-19 23:00:00,586,Thanjavur,0.5,-26.56833333333333
2024-05-20 02:00:00,586,Thanjavur,0.5,-26.56833333333333
2024-05-20 05:00:00,586,Thanjavur,0.5,-26.502
2024-05-20 09:00:00,586,Thanjavur,0.5,-26.502
2024-05-20 14:00:00,586,Thanjavur,2.0,-26.504
2024-05-20 15:00:00,586,Thanjavur,6.0,-26.504
2024-05-20 16:00:00,586,Thanjavur,1.0,-26.462666666666667
2024-05-20 17:00:00,586,Thanjavur,8.625,-26.462666666666667
2024-05-20 18:00:00,586,Thanjavur,9.0,-26.462666666666667
2024-05-20 19:00:00,586,Thanjavur,1.75,-26.462666666666667
2024-05-20 20:00:00,586,Thanjavur,0.8333333333333334,-26.462666666666667
2024-05-20 21:00:00,586,Thanjavur,0.5,-26.462666666666667
2024-05-21 00:00:00,586,Thanjavur,0.5,-26.402666666666665
2024-05-21 02:00:00,586,Thanjavur,0.5,-26.402666666666665
2024-05-21 03:00:00,586,Thanjavur,0.5,-26.402666666666665
2024-05-21 05:00:00,586,Thanjavur,0.5,-26.354666666666663
2024-05-21 08:00:00,586,Thanjavur,0.5,-26.354666666666663
2024-05-21 10:00:00,586,Thanjavur,0.5,-26.4
2024-05-21 11:00:00,586,Thanjavur,0.5,-26.4
2024-05-21 12:00:00,586,Thanjavur,0.5,-26.4
2024-05-21 15:00:00,586,Thanjavur,17.5,-26.4
2024-05-21 16:00:00,586,Thanjavur,1.25,-26.376
2024-05-21 17:00:00,586,Thanjavur,3.5,-26.376
2024-05-21 18:00:00,586,Thanjavur,0.75,-26.376
2024-05-21 20:00:00,586,Thanjavur,0.5,-26.376
2024-05-21 22:00:00,586,Thanjavur,0.5,-26.340333333333334
2024-05-22 00:00:00,586,Thanjavur,0.5,-26.340333333333334
2024-05-22 02:00:00,586,Thanjavur,0.5,-26.340333333333334
2024-05-22 04:00:00,586,Thanjavur,0.5,-26.304666666666662
2024-05-22 06:00:00,586,Thanjavur,0.5,-26.304666666666662
2024-05-22 07:00:00,586,Thanjavur,0.5,-26.304666666666662
2024-05-22 10:00:00,586,Thanjavur,0.5,-26.363333333333333
2024-05-22 12:00:00,586,Thanjavur,0.5,-26.363333333333333
2024-05-22 13:00:00,586,Thanjavur,0.5,-26.363333333333333
2024-05-22 15:00:00,586,Thanjavur,0.5,-26.363333333333333
2024-05-22 16:00:00,586,Thanjavur,0.5,-26.347666666666665
2024-05-22 18:00:00,586,Thanjavur,0.5,-26.347666666666665
2024-05-22 20:00:00,586,Thanjavur,0.5,-26.347666666666665
2024-05-22 22:00:00,586,Thanjavur,0.5,-26.313
2024-05-23 00:00:00,586,Thanjavur,0.5,-26.313
2024-05-23 01:00:00,586,Thanjavur,0.5,-26.313
2024-05-23 04:00:00,586,Thanjavur,0.5,-26.271666666666665
2024-05-23 08:00:00,586,Thanjavur,0.5,-26.271666666666665
2024-05-23 12:00:00,586,Thanjavur,0.5,-26.314666666666668
2024-05-23 15:00:00,586,Thanjavur,0.5,-26.314666666666668
2024-05-23 17:00:00,586,Thanjavur,0.5,-12.498
2024-05-23 20:00:00,586,Thanjavur,0.5,-12.498
2024-05-23 22:00:00,586,Thanjavur,0.5,-12.4985
2024-05-24 05:00:00,586,Thanjavur,0.5,-26.24933333333333
2024-05-24 10:00:00,586,Thanjavur,0.5,-26.331666666666667
2024-05-24 17:00:00,586,Thanjavur,0.5,-26.338
2024-05-24 23:00:00,586,Thanjavur,0.5,-26.288666666666668
2024-05-25 08:00:00,586,Thanjavur,0.5,-26.256
2024-05-25 15:00:00,586,Thanjavur,0.5,-26.339
2024-05-26 00:00:00,586,Thanjavur,0.5,-26.31566666666667
2024-05-26 11:00:00,586,Thanjavur,0.5,-26.358
2024-05-26 22:00:00,586,Thanjavur,0.5,-26.361
2024-05-27 10:00:00,586,Thanjavur,0.5,-26.421666666666667
2024-05-28 00:00:00,586,Thanjavur,0.5,-26.389666666666667
2024-05-28 05:00:00,586,Thanjavur,0.5,-26.379
2024-05-28 12:00:00,586,Thanjavur,0.5,-26.481
2024-05-28 13:00:00,586,Thanjavur,0.5,-26.481
2024-05-28 14:00:00,586,Thanjavur,0.5,-26.481
2024-05-28 16:00:00,586,Thanjavur,0.5,-26.422666666666668
2024-05-28 17:00:00,586,Thanjavur,0.5,-26.422666666666668
2024-05-28 18:00:00,586,Thanjavur,0.5,-26.422666666666668
2024-05-28 19:00:00,586,Thanjavur,1.0,-26.422666666666668
2024-05-29 04:00:00,586,Thanjavur,0.5,-26.41733333333333
2024-05-29 05:00:00,586,Thanjavur,1.0,-26.41733333333333
2024-05-29 06:00:00,586,Thanjavur,1.0,-26.41733333333333
2024-05-29 07:00:00,586,Thanjavur,0.5,-26.41733333333333
2024-05-29 08:00:00,586,Thanjavur,0.5,-26.41733333333333
2024-05-29 12:00:00,586,Thanjavur,0.5,-26.540666666666667
2024-05-29 13:00:00,586,Thanjavur,1.0,-26.540666666666667
2024-05-29 14:00:00,586,Thanjavur,1.5,-26.540666666666667
2024-05-29 17:00:00,586,Thanjavur,2.0,-26.493333333333336
2024-05-29 18:00:00,586,Thanjavur,2.0,-26.493333333333336
2024-05-29 19:00:00,586,Thanjavur,1.5,-26.493333333333336
2024-05-29 20:00:00,586,Thanjavur,1.5,-26.493333333333336
2024-05-29 21:00:00,586,Thanjavur,1.5,-26.493333333333336
2024-05-29 22:00:00,586,Thanjavur,2.5,-26.458
2024-05-29 23:00:00,586,Thanjavur,1.5,-26.458
2024-05-30 00:00:00,586,Thanjavur,2.0,-26.458
2024-05-30 01:00:00,586,Thanjavur,1.5,-26.458
2024-05-30 02:00:00,586,Thanjavur,0.5,-26.458
2024-05-30 03:00:00,586,Thanjavur,0.5,-26.458
2024-05-30 04:00:00,586,Thanjavur,0.5,-26.511333333333337
2024-05-30 05:00:00,586,Thanjavur,1.0,-26.511333333333337
2024-05-30 06:00:00,586,Thanjavur,2.5,-26.511333333333337
2024-05-30 07:00:00,586,Thanjavur,4.5,-26.511333333333337
2024-05-30 08:00:00,586,Thanjavur,5.0,-26.511333333333337
2024-05-30 09:00:00,586,Thanjavur,6.0,-26.511333333333337
2024-05-30 10:00:00,586,Thanjavur,7.0,-26.611666666666665
2024-05-30 11:00:00,586,Thanjavur,4.0,-26.611666666666665
2024-05-30 12:00:00,586,Thanjavur,8.0,-26.611666666666665
2024-05-30 13:00:00,586,Thanjavur,9.0,-26.611666666666665
2024-06-01 07:00:00,586,Thanjavur,0.5,-26.616666666666664
2024-06-01 17:00:00,586,Thanjavur,2.0,-26.647333333333336
2024-06-01 18:00:00,586,Thanjavur,0.5,-26.647333333333336
2024-06-01 19:00:00,586,Thanjavur,0.5,-26.647333333333336
2024-06-01 20:00:00,586,Thanjavur,3.333333333333333,-26.647333333333336
2024-06-01 21:00:00,586,Thanjavur,4.833333333333333,-26.647333333333336
2024-06-01 22:00:00,586,Thanjavur,0.5,-26.56033333333333
2024-06-01 23:00:00,586,Thanjavur,0.5,-26.56033333333333
2024-06-02 05:00:00,586,Thanjavur,0.5,-26.589
2024-06-02 10:00:00,586,Thanjavur,0.5,-26.703666666666667
2024-06-02 23:00:00,586,Thanjavur,2.125,-26.664666666666665
2024-06-03 00:00:00,586,Thanjavur,0.5,-26.664666666666665
2024-06-03 12:00:00,586,Thanjavur,0.5,-26.71966666666667
2024-06-03 18:00:00,586,Thanjavur,0.5,-26.72566666666667
2024-06-03 20:00:00,586,Thanjavur,0.5,-26.72566666666667
2024-06-04 13:00:00,586,Thanjavur,0.5,-26.357750000000003
2024-06-05 01:00:00,586,Thanjavur,0.5,-26.32175
2024-06-05 16:00:00,586,Thanjavur,1.0,-26.3595
2024-06-05 18:00:00,586,Thanjavur,18.0,-26.3595
2024-06-05 19:00:00,586,Thanjavur,4.25,-26.3595
2024-06-05 20:00:00,586,Thanjavur,2.0,-26.3595
2024-06-05 21:00:00,586,Thanjavur,9.5,-26.3595
2024-06-05 22:00:00,586,Thanjavur,5.5,-26.311
2024-06-05 23:00:00,586,Thanjavur,0.5,-26.311
2024-06-06 02:00:00,586,Thanjavur,0.5,-26.311
2024-06-06 08:00:00,586,Thanjavur,0.5,-26.250750000000004
2024-06-06 09:00:00,586,Thanjavur,0.5,-26.250750000000004
2024-06-06 21:00:00,586,Thanjavur,5.5,-26.283
2024-06-06 22:00:00,586,Thanjavur,7.0,-26.2315
2024-06-06 23:00:00,586,Thanjavur,2.125,-26.2315
2024-06-07 00:00:00,586,Thanjavur,0.5,-26.2315
2024-06-07 01:00:00,586,Thanjavur,1.0,-26.2315
2024-06-07 02:00:00,586,Thanjavur,0.5,-26.2315
2024-06-07 18:00:00,586,Thanjavur,4.0,-26.196
2024-06-07 20:00:00,586,Thanjavur,0.5,-26.196
2024-06-07 21:00:00,586,Thanjavur,1.5,-26.196
2024-06-07 22:00:00,586,Thanjavur,1.3333333333333333,-26.1725
2024-06-07 23:00:00,586,Thanjavur,0.5,-26.1725
2024-06-08 00:00:00,586,Thanjavur,0.5,-26.1725
2024-06-08 01:00:00,586,Thanjavur,1.5,-26.1725
2024-06-08 14:00:00,586,Thanjavur,2.25,-26.17225
2024-06-08 17:00:00,586,Thanjavur,7.5,-26.1915
2024-06-08 18:00:00,586,Thanjavur,12.75,-26.1915
2024-06-08 19:00:00,586,Thanjavur,5.75,-26.1915
2024-06-08 20:00:00,586,Thanjavur,5.5,-26.1915
2024-06-08 21:00:00,586,Thanjavur,3.5,-26.1915
2024-06-08 22:00:00,586,Thanjavur,2.0,-26.13725
2024-06-08 23:00:00,586,Thanjavur,1.5,-26.13725
2024-06-09 00:00:00,586,Thanjavur,2.0,-26.13725
2024-06-09 01:00:00,586,Thanjavur,0.5,-26.13725
2024-06-09 02:00:00,586,Thanjavur,1.0,-26.13725
2024-06-09 03:00:00,586,Thanjavur,0.5,-26.13725
2024-06-09 04:00:00,586,Thanjavur,0.5,-26.11475
2024-06-09 06:00:00,586,Thanjavur,0.5,-26.11475
2024-06-09 07:00:00,586,Thanjavur,0.5,-26.11475
2024-06-09 09:00:00,586,Thanjavur,0.5,-26.11475
2024-06-09 11:00:00,586,Thanjavur,0.5,-26.16475
2024-06-09 14:00:00,586,Thanjavur,0.5,-26.16475
2024-06-09 22:00:00,586,Thanjavur,0.5,-26.161
2024-06-10 07:00:00,586,Thanjavur,0.5,-26.12225
2024-06-10 11:00:00,586,Thanjavur,0.5,-26.1955
2024-06-10 18:00:00,586,Thanjavur,0.5,-26.18775
2024-06-10 19:00:00,586,Thanjavur,11.5,-26.18775
2024-06-11 04:00:00,586,Thanjavur,0.5,-26.083
2024-06-11 13:00:00,586,Thanjavur,0.5,-26.1435
2024-06-12 11:00:00,586,Thanjavur,0.5,-26.1115
2024-06-12 16:00:00,586,Thanjavur,0.5,-26.0905
2024-06-12 21:00:00,586,Thanjavur,0.5,-26.0905
2024-06-13 14:00:00,586,Thanjavur,0.5,-26.22225
2024-06-13 15:00:00,586,Thanjavur,0.5,-26.22225
2024-06-13 16:00:00,586,Thanjavur,0.5,-26.16675
2024-06-13 17:00:00,586,Thanjavur,2.0,-26.16675
2024-06-13 18:00:00,586,Thanjavur,1.5,-26.16675
2024-06-13 19:00:00,586,Thanjavur,3.0,-26.16675
2024-06-13 20:00:00,586,Thanjavur,1.0,-26.16675
2024-06-13 21:00:00,586,Thanjavur,0.5,-26.16675
2024-06-13 22:00:00,586,Thanjavur,1.0,-26.11875
2024-06-13 23:00:00,586,Thanjavur,3.5,-26.11875
2024-06-14 00:00:00,586,Thanjavur,3.5,-26.11875
2024-06-14 01:00:00,586,Thanjavur,1.5,-26.11875
2024-06-15 17:00:00,586,Thanjavur,0.5,-26.25425
2024-06-17 22:00:00,586,Thanjavur,0.5,-26.346
2024-06-18 18:00:00,586,Thanjavur,7.0,-26.34875
2024-06-18 19:00:00,586,Thanjavur,4.0,-26.34875
2024-06-18 20:00:00,586,Thanjavur,3.25,-26.34875
2024-06-18 21:00:00,586,Thanjavur,1.3333333333333333,-26.34875
2024-06-18 22:00:00,586,Thanjavur,0.625,-26.343
2024-06-18 23:00:00,586,Thanjavur,0.5,-26.343
2024-06-19 00:00:00,586,Thanjavur,1.0,-26.343
2024-06-19 01:00:00,586,Thanjavur,0.5,-26.343
2024-06-19 03:00:00,586,Thanjavur,0.5,-26.343
2024-06-19 05:00:00,586,Thanjavur,0.5,-26.348
2024-06-19 18:00:00,586,Thanjavur,17.5,-26.494
2024-06-19 19:00:00,586,Thanjavur,1.9166666666666667,-26.494
2024-06-19 20:00:00,586,Thanjavur,1.0,-26.494
2024-06-19 21:00:00,586,Thanjavur,1.3333333333333333,-26.494
2024-06-19 22:00:00,586,Thanjavur,1.0,-26.52525
2024-06-19 23:00:00,586,Thanjavur,1.25,-26.52525
2024-06-20 00:00:00,586,Thanjavur,0.75,-26.52525
2024-06-20 01:00:00,586,Thanjavur,1.0,-26.52525
2024-06-20 02:00:00,586,Thanjavur,1.0,-26.52525
2024-06-20 03:00:00,586,Thanjavur,1.25,-26.52525
2024-06-20 04:00:00,586,Thanjavur,1.25,-26.5335
2024-06-20 05:00:00,586,Thanjavur,1.5,-26.5335
2024-06-20 06:00:00,586,Thanjavur,0.5,-26.5335
2024-06-20 07:00:00,586,Thanjavur,0.75,-26.5335
2024-06-20 08:00:00,586,Thanjavur,0.5,-26.5335
2024-06-20 09:00:00,586,Thanjavur,0.5,-26.5335
2024-06-20 10:00:00,586,Thanjavur,0.5,-26.63025
2024-06-20 11:00:00,586,Thanjavur,0.5,-26.63025
2024-06-20 12:00:00,586,Thanjavur,0.5,-26.63025
2024-06-20 13:00:00,586,Thanjavur,0.5,-26.63025
2024-06-20 16:00:00,586,Thanjavur,0.5,-26.612
2024-06-20 19:00:00,586,Thanjavur,0.5,-26.612
2024-06-20 21:00:00,586,Thanjavur,0.5,-26.612
2024-06-21 00:00:00,586,Thanjavur,0.5,-26.44125
2024-06-21 02:00:00,586,Thanjavur,0.5,-26.44125
2024-06-21 05:00:00,586,Thanjavur,0.5,-28.1658
2024-06-21 07:00:00,586,Thanjavur,0.5,-28.1658
2024-06-21 08:00:00,586,Thanjavur,0.5,-28.1658
2024-06-21 10:00:00,586,Thanjavur,0.5,-28.247000000000003
2024-06-21 11:00:00,586,Thanjavur,0.5,-28.247000000000003
2024-06-21 12:00:00,586,Thanjavur,0.5,-28.247000000000003
2024-06-21 16:00:00,586,Thanjavur,0.5,-28.333
2024-06-21 19:00:00,586,Thanjavur,0.5,-28.333
2024-06-21 21:00:00,586,Thanjavur,0.5,-28.333
2024-06-21 22:00:00,586,Thanjavur,0.5,-28.3512
2024-06-21 23:00:00,586,Thanjavur,0.5,-28.3512
2024-06-22 01:00:00,586,Thanjavur,0.5,-28.3512
2024-06-22 03:00:00,586,Thanjavur,0.5,-28.3512
2024-06-22 05:00:00,586,Thanjavur,0.5,-28.329
2024-06-22 07:00:00,586,Thanjavur,0.5,-28.329
2024-06-22 09:00:00,586,Thanjavur,0.5,-28.329
2024-06-22 11:00:00,586,Thanjavur,0.5,-28.712200000000003
2024-06-22 13:00:00,586,Thanjavur,0.5,-28.712200000000003
2024-06-22 16:00:00,586,Thanjavur,0.5,-28.7654
2024-06-22 20:00:00,586,Thanjavur,30.0,-28.7654
2024-06-22 22:00:00,586,Thanjavur,0.5,-28.6766
2024-06-23 00:00:00,586,Thanjavur,0.5,-28.6766
2024-06-23 04:00:00,586,Thanjavur,0.5,-28.6768
2024-06-23 12:00:00,586,Thanjavur,0.5,-28.7806
2024-06-23 17:00:00,586,Thanjavur,1.5,-28.7544
2024-06-23 18:00:00,586,Thanjavur,0.5,-28.7544
2024-06-23 19:00:00,586,Thanjavur,0.5,-28.7544
2024-06-23 21:00:00,586,Thanjavur,0.5,-28.7544
2024-06-24 03:00:00,586,Thanjavur,0.5,-28.660400000000003
2024-06-24 18:00:00,586,Thanjavur,0.5,-28.739600000000003
2024-06-25 07:00:00,586,Thanjavur,0.5,-28.7552
2024-06-27 07:00:00,586,Thanjavur,0.5,-28.7966
2024-06-27 14:00:00,586,Thanjavur,0.5,-28.8788
2024-06-27 19:00:00,586,Thanjavur,0.5,-28.8526
2024-06-28 07:00:00,586,Thanjavur,0.5,-28.837200000000003
2024-06-28 21:00:00,586,Thanjavur,0.5,-28.9082
2024-06-29 08:00:00,586,Thanjavur,0.5,-28.898000000000003
2024-06-29 18:00:00,586,Thanjavur,0.5,-29.303800000000003
2024-06-29 20:00:00,586,Thanjavur,2.5,-29.303800000000003
2024-06-29 21:00:00,586,Thanjavur,0.5,-29.303800000000003
2024-06-30 07:00:00,586,Thanjavur,0.5,-28.9206
2024-06-30 15:00:00,586,Thanjavur,0.5,-29.0336
2024-06-30 16:00:00,586,Thanjavur,3.0,-28.9724
2024-06-30 17:00:00,586,Thanjavur,1.0,-28.9724
2024-06-30 18:00:00,586,Thanjavur,5.5,-28.9724
2024-06-30 19:00:00,586,Thanjavur,1.375,-28.9724
2024-06-30 20:00:00,586,Thanjavur,1.0,-28.9724
2024-06-30 21:00:00,586,Thanjavur,0.6666666666666666,-28.9724
2024-06-30 22:00:00,586,Thanjavur,0.5,-28.9332
2024-06-30 23:00:00,586,Thanjavur,0.5,-28.9332
2024-07-01 00:00:00,586,Thanjavur,0.5,-28.9332
2024-07-01 02:00:00,586,Thanjavur,0.5,-28.9332
2024-07-01 05:00:00,586,Thanjavur,0.5,-28.9404
2024-07-01 07:00:00,586,Thanjavur,0.5,-28.9404
2024-07-01 09:00:00,586,Thanjavur,0.5,-28.9404
2024-07-01 13:00:00,586,Thanjavur,0.5,-29.041
2024-07-01 14:00:00,586,Thanjavur,0.5,-29.041
2024-07-01 19:00:00,586,Thanjavur,0.5,-28.9904
2024-07-02 06:00:00,586,Thanjavur,0.5,-28.8688
2024-07-03 01:00:00,586,Thanjavur,0.5,-28.8898
2024-07-03 22:00:00,586,Thanjavur,10.5,-28.9292
2024-07-04 07:00:00,586,Thanjavur,0.5,-22.134500000000003
2024-07-05 17:00:00,586,Thanjavur,1.0,-29.107
2024-07-05 18:00:00,586,Thanjavur,9.5,-29.107
2024-07-05 19:00:00,586,Thanjavur,1.0,-29.107
2024-07-05 20:00:00,586,Thanjavur,0.5,-29.107
2024-07-05 21:00:00,586,Thanjavur,0.5,-29.107
2024-07-05 22:00:00,586,Thanjavur,0.5,-28.9672
2024-07-10 20:00:00,586,Thanjavur,2.25,-29.4366
2024-07-10 21:00:00,586,Thanjavur,7.875,-29.4366
2024-07-10 22:00:00,586,Thanjavur,1.0,-29.152800000000003
2024-07-10 23:00:00,586,Thanjavur,0.75,-29.152800000000003
2024-07-11 00:00:00,586,Thanjavur,0.5,-29.152800000000003
2024-07-11 01:00:00,586,Thanjavur,0.5,-29.152800000000003
2024-07-11 02:00:00,586,Thanjavur,0.5,-29.152800000000003
2024-07-11 03:00:00,586,Thanjavur,0.5,-29.152800000000003
2024-07-11 04:00:00,586,Thanjavur,0.5,-29.163
2024-07-11 05:00:00,586,Thanjavur,0.5,-29.163
2024-07-11 07:00:00,586,Thanjavur,0.5,-29.163
2024-07-11 11:00:00,586,Thanjavur,0.5,-29.3318
2024-07-12 18:00:00,586,Thanjavur,0.5,-29.311
2024-07-12 19:00:00,586,Thanjavur,1.5,-29.311
2024-07-12 20:00:00,586,Thanjavur,4.833333333333333,-29.311
2024-07-12 21:00:00,586,Thanjavur,2.5,-29.311
2024-07-12 22:00:00,586,Thanjavur,1.75,-29.1796
2024-07-12 23:00:00,586,Thanjavur,1.5,-29.1796
2024-07-13 00:00:00,586,Thanjavur,1.0,-29.1796
2024-07-13 01:00:00,586,Thanjavur,0.5,-29.1796
2024-07-13 02:00:00,586,Thanjavur,0.5,-29.1796
2024-07-13 04:00:00,586,Thanjavur,0.5,-29.149400000000004
2024-07-13 05:00:00,586,Thanjavur,0.5,-29.149400000000004
2024-07-13 06:00:00,586,Thanjavur,0.5,-29.149400000000004
2024-07-13 07:00:00,586,Thanjavur,0.5,-29.149400000000004
2024-07-13 08:00:00,586,Thanjavur,0.5,-29.149400000000004
2024-07-13 09:00:00,586,Thanjavur,0.5,-29.149400000000004
2024-07-13 10:00:00,586,Thanjavur,0.5,-50.9584
2024-07-13 11:00:00,586,Thanjavur,0.5,-50.9584
2024-07-13 12:00:00,586,Thanjavur,0.5,-50.9584
2024-07-13 13:00:00,586,Thanjavur,0.5,-50.9584
2024-07-13 14:00:00,586,Thanjavur,0.5,-50.9584
2024-07-13 15:00:00,586,Thanjavur,0.5,-50.9584
2024-07-13 18:00:00,586,Thanjavur,0.5,-29.301800000000004
2024-07-13 20:00:00,586,Thanjavur,0.5,-29.301800000000004
2024-07-14 18:00:00,586,Thanjavur,0.5,-29.3284
2024-07-14 19:00:00,586,Thanjavur,0.5,-29.3284
2024-07-14 21:00:00,586,Thanjavur,0.5,-29.3284
2024-07-16 01:00:00,586,Thanjavur,0.5,-29.2654
2024-07-16 05:00:00,586,Thanjavur,0.75,-29.2752
2024-07-16 07:00:00,586,Thanjavur,0.5,-29.2752
2024-07-16 16:00:00,586,Thanjavur,0.5,-29.3984
2024-07-16 17:00:00,586,Thanjavur,0.5,-29.3984
2024-07-17 19:00:00,586,Thanjavur,1.5,-29.5074
2024-07-17 20:00:00,586,Thanjavur,0.5,-29.5074
2024-07-17 22:00:00,586,Thanjavur,0.5,-29.3382
2024-07-18 02:00:00,586,Thanjavur,0.5,-29.3382
2024-07-18 09:00:00,586,Thanjavur,0.5,-29.325
2024-07-20 09:00:00,586,Thanjavur,0.5,-29.378
2024-07-25 17:00:00,586,Thanjavur,0.5,-29.7048
2024-08-01 19:00:00,586,Thanjavur,0.5,-29.9468
2024-08-01 21:00:00,586,Thanjavur,26.0,-29.9468
2024-08-01 22:00:00,586,Thanjavur,2.5,-29.7628
2024-08-03 20:00:00,586,Thanjavur,2.0,-30.2984
2024-08-03 21:00:00,586,Thanjavur,0.75,-30.2984
2024-08-03 22:00:00,586,Thanjavur,2.0,-29.9256
2024-08-03 23:00:00,586,Thanjavur,1.8333333333333333,-29.9256
2024-08-04 00:00:00,586,Thanjavur,1.5,-29.9256
2024-08-04 01:00:00,586,Thanjavur,1.0,-29.9256
2024-08-04 02:00:00,586,Thanjavur,0.5,-29.9256
2024-08-04 03:00:00,586,Thanjavur,0.5,-29.9256
2024-08-04 04:00:00,586,Thanjavur,0.5,-29.903
2024-08-04 06:00:00,586,Thanjavur,0.5,-29.903
2024-08-04 08:00:00,586,Thanjavur,0.5,-29.903
2024-08-04 10:00:00,586,Thanjavur,0.5,-30.000400000000003
2024-08-04 11:00:00,586,Thanjavur,0.5,-30.000400000000003
2024-08-04 12:00:00,586,Thanjavur,0.5,-30.000400000000003
2024-08-04 13:00:00,586,Thanjavur,0.5,-30.000400000000003
2024-08-04 15:00:00,586,Thanjavur,0.5,-30.000400000000003
2024-08-04 17:00:00,586,Thanjavur,0.5,-30.016200000000005
2024-08-04 20:00:00,586,Thanjavur,0.5,-30.016200000000005
2024-08-04 23:00:00,586,Thanjavur,3.0,-29.9506
2024-08-05 00:00:00,586,Thanjavur,0.75,-29.9506
2024-08-05 02:00:00,586,Thanjavur,1.5,-29.9506
2024-08-05 03:00:00,586,Thanjavur,1.75,-29.9506
2024-08-05 04:00:00,586,Thanjavur,0.75,-29.9162
2024-08-05 05:00:00,586,Thanjavur,5.25,-29.9162
2024-08-05 06:00:00,586,Thanjavur,5.333333333333333,-29.9162
2024-08-05 07:00:00,586,Thanjavur,0.5,-29.9162
2024-08-05 08:00:00,586,Thanjavur,0.5,-29.9162
2024-08-05 12:00:00,586,Thanjavur,0.5,-29.9794
2024-08-05 13:00:00,586,Thanjavur,0.5,-29.9794
2024-08-05 18:00:00,586,Thanjavur,0.5,-30.001800000000003
2024-08-05 22:00:00,586,Thanjavur,6.0,-29.8372
2024-08-05 23:00:00,586,Thanjavur,3.5,-29.8372
2024-08-06 00:00:00,586,Thanjavur,0.5,-29.8372
2024-08-06 01:00:00,586,Thanjavur,1.0,-29.8372
2024-08-06 02:00:00,586,Thanjavur,0.5,-29.8372
2024-08-06 03:00:00,586,Thanjavur,0.5,-29.8372
2024-08-06 04:00:00,586,Thanjavur,0.5,-29.7596
2024-08-06 06:00:00,586,Thanjavur,0.5,-29.7596
2024-08-06 11:00:00,586,Thanjavur,0.5,-29.9188
2024-08-06 19:00:00,586,Thanjavur,35.5,-29.875
2024-08-06 20:00:00,586,Thanjavur,15.166666666666666,-29.875
2024-08-06 21:00:00,586,Thanjavur,6.125,-29.875
2024-08-06 22:00:00,586,Thanjavur,2.625,-29.8852
2024-08-06 23:00:00,586,Thanjavur,2.0,-29.8852
2024-08-07 00:00:00,586,Thanjavur,0.5,-29.8852
2024-08-07 01:00:00,586,Thanjavur,2.5,-29.8852
2024-08-07 02:00:00,586,Thanjavur,2.0,-29.8852
2024-08-07 03:00:00,586,Thanjavur,1.5,-29.8852
2024-08-07 04:00:00,586,Thanjavur,1.0,-29.835
2024-08-07 05:00:00,586,Thanjavur,1.0,-29.835
2024-08-07 06:00:00,586,Thanjavur,1.0,-29.835
2024-08-07 07:00:00,586,Thanjavur,0.5,-29.835
2024-08-07 08:00:00,586,Thanjavur,0.5,-29.835
2024-08-07 09:00:00,586,Thanjavur,0.5,-29.835
2024-08-07 10:00:00,586,Thanjavur,0.5,-29.8416
2024-08-07 12:00:00,586,Thanjavur,0.5,-29.8416
2024-08-07 13:00:00,586,Thanjavur,0.5,-29.8416
2024-08-07 14:00:00,586,Thanjavur,0.5,-29.8416
2024-08-07 16:00:00,586,Thanjavur,0.5,-29.798
2024-08-07 17:00:00,586,Thanjavur,0.5,-29.798
2024-08-07 18:00:00,586,Thanjavur,0.5,-29.798
2024-08-07 19:00:00,586,Thanjavur,0.5,-29.798
2024-08-07 20:00:00,586,Thanjavur,0.5,-29.798
2024-08-07 21:00:00,586,Thanjavur,1.75,-29.798
2024-08-07 22:00:00,586,Thanjavur,16.0,-29.8058
2024-08-07 23:00:00,586,Thanjavur,1.25,-29.8058
2024-08-08 00:00:00,586,Thanjavur,1.25,-29.8058
2024-08-08 01:00:00,586,Thanjavur,0.6666666666666666,-29.8058
2024-08-08 02:00:00,586,Thanjavur,0.5,-29.8058
2024-08-08 04:00:00,586,Thanjavur,0.5,-29.7622
2024-08-08 07:00:00,586,Thanjavur,0.5,-29.7622
2024-08-08 10:00:00,586,Thanjavur,0.5,-29.7774
2024-08-08 13:00:00,586,Thanjavur,0.5,-29.7774
2024-08-08 18:00:00,586,Thanjavur,0.5,-29.759000000000004
2024-08-08 19:00:00,586,Thanjavur,20.0,-29.759000000000004
2024-08-08 20:00:00,586,Thanjavur,15.625,-29.759000000000004
2024-08-08 21:00:00,586,Thanjavur,0.5,-29.759000000000004
2024-08-08 22:00:00,586,Thanjavur,0.5,-29.803999999999995
2024-08-08 23:00:00,586,Thanjavur,0.5,-29.803999999999995
2024-08-09 00:00:00,586,Thanjavur,0.5,-29.803999999999995
2024-08-09 02:00:00,586,Thanjavur,0.5,-29.803999999999995
2024-08-09 13:00:00,586,Thanjavur,0.5,-22.79175
2024-08-09 15:00:00,586,Thanjavur,0.5,-22.79175
2024-08-09 18:00:00,586,Thanjavur,1.5,-29.7052
2024-08-09 20:00:00,586,Thanjavur,19.0,-29.7052
2024-08-09 21:00:00,586,Thanjavur,1.1666666666666667,-29.7052
2024-08-09 22:00:00,586,Thanjavur,10.75,-29.7142
2024-08-09 23:00:00,586,Thanjavur,1.5,-29.7142
2024-08-10 00:00:00,586,Thanjavur,1.5,-29.7142
2024-08-10 02:00:00,586,Thanjavur,0.5,-29.7142
2024-08-10 03:00:00,586,Thanjavur,0.5,-29.7142
2024-08-10 04:00:00,586,Thanjavur,0.5,-29.628200000000003
2024-08-10 08:00:00,586,Thanjavur,0.5,-29.628200000000003
2024-08-10 16:00:00,586,Thanjavur,0.5,-29.582600000000003
2024-08-11 01:00:00,586,Thanjavur,0.75,-29.5762
2024-08-11 09:00:00,586,Thanjavur,0.5,-28.055666666666667
2024-08-11 10:00:00,586,Thanjavur,0.5,-28.104333333333333
2024-08-11 18:00:00,586,Thanjavur,0.5,-35.258250000000004
2024-08-11 23:00:00,586,Thanjavur,0.5,-35.2805
2024-08-12 00:00:00,586,Thanjavur,0.5,-35.2805
2024-08-12 01:00:00,586,Thanjavur,0.5,-35.2805
2024-08-12 04:00:00,586,Thanjavur,0.5,-21.31866666666667
2024-08-12 13:00:00,586,Thanjavur,0.5,-21.31
2024-08-12 16:00:00,586,Thanjavur,0.5,-30.2065
2024-08-13 03:00:00,586,Thanjavur,0.5,-30.16575
2024-08-13 04:00:00,586,Thanjavur,0.5,-21.27533333333333
2024-08-13 06:00:00,586,Thanjavur,0.5,-21.27533333333333
2024-08-13 21:00:00,586,Thanjavur,0.5,-30.21475
2024-08-14 00:00:00,586,Thanjavur,0.5,-30.07625
2024-08-14 04:00:00,586,Thanjavur,3.0,-29.3264
2024-08-14 14:00:00,586,Thanjavur,0.75,-29.4608
2024-08-14 19:00:00,586,Thanjavur,0.5,-29.4126
2024-08-15 08:00:00,586,Thanjavur,0.5,-29.291200000000003
2024-08-15 12:00:00,586,Thanjavur,16.0,-29.4504
2024-08-15 13:00:00,586,Thanjavur,7.0,-29.4504
2024-08-15 14:00:00,586,Thanjavur,9.0,-29.4504
2024-08-15 15:00:00,586,Thanjavur,3.5,-29.4504
2024-08-15 19:00:00,586,Thanjavur,0.5,-29.347
2024-08-16 03:00:00,586,Thanjavur,0.5,-29.294
2024-08-17 04:00:00,586,Thanjavur,0.5,-29.212800000000005
2024-08-17 13:00:00,586,Thanjavur,5.5,-29.3654
2024-08-17 16:00:00,586,Thanjavur,2.5,-29.26
2024-08-17 17:00:00,586,Thanjavur,0.5,-29.26
2024-08-17 18:00:00,586,Thanjavur,5.5,-29.26
2024-08-18 00:00:00,586,Thanjavur,0.5,-29.230400000000003
2024-08-19 02:00:00,586,Thanjavur,1.0,-22.53575
2024-08-19 05:00:00,586,Thanjavur,0.5,-27.08566666666667
2024-08-19 07:00:00,586,Thanjavur,0.5,-27.08566666666667
2024-08-20 04:00:00,586,Thanjavur,0.5,-34.9545
2024-08-20 09:00:00,586,Thanjavur,0.5,-34.9545
2024-08-22 17:00:00,586,Thanjavur,0.5,-27.012
2024-08-24 17:15:00,586,Thanjavur,0.5,-29.815
2024-08-24 17:20:00,586,Thanjavur,1.0,-29.815
2024-08-24 17:25:00,586,Thanjavur,1.0,-29.815
2024-08-24 17:30:00,586,Thanjavur,1.0,-29.815
2024-08-24 17:35:00,586,Thanjavur,1.0,-29.815
2024-08-24 17:40:00,586,Thanjavur,1.0,-29.815
2024-08-24 17:45:00,586,Thanjavur,1.0,-29.815
2024-08-24 17:50:00,586,Thanjavur,1.0,-29.815
2024-08-24 17:55:00,586,Thanjavur,1.0,-29.815
2024-08-24 18:00:00,586,Thanjavur,1.0,-29.815
2024-08-27 15:50:00,586,Thanjavur,0.5,-29.2224
2024-08-27 15:55:00,586,Thanjavur,1.0,-29.2224
2024-08-27 16:00:00,586,Thanjavur,1.0,-29.2224
2024-08-28 08:05:00,586,Thanjavur,0.5,-29.1424
2024-08-28 08:10:00,586,Thanjavur,0.5,-29.1424
2024-08-28 08:15:00,586,Thanjavur,0.5,-29.1424
2024-08-28 08:20:00,586,Thanjavur,0.5,-29.1424
2024-08-28 08:25:00,586,Thanjavur,0.5,-29.1424
2024-08-28 08:30:00,586,Thanjavur,1.0,-29.1424
2024-08-28 08:35:00,586,Thanjavur,1.0,-29.1424
2024-08-28 08:40:00,586,Thanjavur,1.0,-29.1424
2024-08-28 08:45:00,586,Thanjavur,1.0,-29.1424
2024-08-28 08:50:00,586,Thanjavur,1.0,-29.1424
2024-08-28 08:55:00,586,Thanjavur,1.0,-29.1424
2024-08-28 09:00:00,586,Thanjavur,1.0,-29.1424
2024-08-28 22:15:00,586,Thanjavur,0.5,-29.1958
2024-08-28 22:20:00,586,Thanjavur,2.0,-29.1958
2024-08-28 22:25:00,586,Thanjavur,2.5,-29.1958
2024-08-28 22:30:00,586,Thanjavur,2.5,-29.1958
2024-08-28 22:35:00,586,Thanjavur,2.5,-29.1958
2024-08-28 22:40:00,586,Thanjavur,2.5,-29.1958
2024-08-28 22:45:00,586,Thanjavur,2.5,-29.1958
2024-08-28 22:50:00,586,Thanjavur,2.5,-29.1958
2024-08-28 22:55:00,586,Thanjavur,2.5,-29.1958
2024-08-28 23:00:00,586,Thanjavur,2.5,-29.1958
2024-08-29 11:35:00,586,Thanjavur,1.5,-29.2858
2024-08-29 11:40:00,586,Thanjavur,1.5,-29.2858
2024-08-29 11:45:00,586,Thanjavur,1.5,-29.2858
2024-08-29 11:50:00,586,Thanjavur,1.5,-29.2858
2024-08-29 11:55:00,586,Thanjavur,1.5,-29.2858
2024-08-29 12:00:00,586,Thanjavur,1.5,-29.2858
2024-08-29 16:00:00,586,Thanjavur,0.5,-29.157
2024-08-29 19:00:00,586,Thanjavur,1.75,-29.157
2024-08-29 19:05:00,586,Thanjavur,1.0,-29.157
2024-08-29 19:10:00,586,Thanjavur,2.0,-29.157
2024-08-29 19:15:00,586,Thanjavur,2.5,-29.157
2024-08-29 19:20:00,586,Thanjavur,2.5,-29.157
2024-08-29 19:25:00,586,Thanjavur,2.5,-29.157
2024-08-29 19:30:00,586,Thanjavur,2.5,-29.157
2024-08-29 19:35:00,586,Thanjavur,3.0,-29.157
2024-08-29 19:40:00,586,Thanjavur,3.5,-29.157
2024-08-29 19:45:00,586,Thanjavur,3.5,-29.157
2024-08-29 19:50:00,586,Thanjavur,4.0,-29.157
2024-08-29 19:55:00,586,Thanjavur,4.5,-29.157
2024-08-29 20:00:00,586,Thanjavur,4.5,-29.157
2024-08-29 20:05:00,586,Thanjavur,0.5,-29.157
2024-08-29 20:10:00,586,Thanjavur,1.0,-29.157
2024-08-29 20:15:00,586,Thanjavur,1.0,-29.157
2024-08-29 20:20:00,586,Thanjavur,1.5,-29.157
2024-08-29 20:25:00,586,Thanjavur,1.5,-29.157
2024-08-29 20:30:00,586,Thanjavur,1.5,-29.157
2024-08-29 20:35:00,586,Thanjavur,1.5,-29.157
2024-08-29 20:40:00,586,Thanjavur,1.5,-29.157
2024-08-29 20:45:00,586,Thanjavur,2.0,-29.157
2024-08-29 20:50:00,586,Thanjavur,2.0,-29.157
2024-08-29 20:55:00,586,Thanjavur,2.0,-29.157
2024-08-29 21:00:00,586,Thanjavur,2.0,-29.157
2024-08-29 21:35:00,586,Thanjavur,0.5,-29.087
2024-08-29 21:40:00,586,Thanjavur,2.0,-29.087
2024-08-29 21:45:00,586,Thanjavur,2.5,-29.087
2024-08-29 21:50:00,586,Thanjavur,3.0,-29.087
2024-08-29 21:55:00,586,Thanjavur,3.0,-29.087
2024-08-29 22:00:00,586,Thanjavur,3.0,-29.087
2024-08-29 22:05:00,586,Thanjavur,1.0,-29.087
2024-08-29 22:10:00,586,Thanjavur,1.5,-29.087
2024-08-29 22:15:00,586,Thanjavur,2.0,-29.087
2024-08-29 22:20:00,586,Thanjavur,2.5,-29.087
2024-08-29 22:25:00,586,Thanjavur,3.0,-29.087
2024-08-29 22:30:00,586,Thanjavur,3.0,-29.087
2024-08-29 22:35:00,586,Thanjavur,3.0,-29.087
2024-08-29 22:40:00,586,Thanjavur,3.0,-29.087
2024-08-29 22:45:00,586,Thanjavur,3.0,-29.087
2024-08-29 22:50:00,586,Thanjavur,3.0,-29.087
2024-08-29 22:55:00,586,Thanjavur,3.5,-29.087
2024-08-29 23:00:00,586,Thanjavur,3.5,-29.087
2024-08-30 00:00:00,586,Thanjavur,0.5,-29.087
2024-08-30 01:00:00,586,Thanjavur,0.5,-29.087
2024-08-30 02:00:00,586,Thanjavur,0.5,-29.087
2024-08-30 02:15:00,586,Thanjavur,0.5,-29.087
2024-08-30 02:20:00,586,Thanjavur,0.5,-29.087
2024-08-30 02:25:00,586,Thanjavur,0.5,-29.087
2024-08-30 02:30:00,586,Thanjavur,0.5,-29.087
2024-08-30 02:35:00,586,Thanjavur,0.5,-29.087
2024-08-30 02:40:00,586,Thanjavur,0.5,-29.087
2024-08-30 02:45:00,586,Thanjavur,0.5,-29.087
2024-08-30 02:50:00,586,Thanjavur,0.5,-29.087
2024-08-30 02:55:00,586,Thanjavur,0.5,-29.087
2024-08-30 03:00:00,586,Thanjavur,0.5,-29.087
2024-08-30 05:10:00,586,Thanjavur,0.5,-29.2684
2024-08-30 05:15:00,586,Thanjavur,0.5,-29.2684
2024-08-30 05:20:00,586,Thanjavur,0.5,-29.2684
2024-08-30 05:25:00,586,Thanjavur,0.5,-29.2684
2024-08-30 05:30:00,586,Thanjavur,0.5,-29.2684
2024-08-30 05:35:00,586,Thanjavur,1.0,-29.2684
2024-08-30 05:40:00,586,Thanjavur,1.0,-29.2684
2024-08-30 05:45:00,586,Thanjavur,1.0,-29.2684
2024-08-30 05:50:00,586,Thanjavur,1.0,-29.2684
2024-08-30 05:55:00,586,Thanjavur,1.0,-29.2684
2024-08-30 06:00:00,586,Thanjavur,1.0,-29.2684
2024-08-30 06:50:00,586,Thanjavur,0.5,-29.2684
2024-08-30 06:55:00,586,Thanjavur,0.5,-29.2684
2024-08-30 07:00:00,586,Thanjavur,0.5,-29.2684
2024-08-30 11:00:00,586,Thanjavur,0.5,-29.2634
2024-08-30 21:00:00,586,Thanjavur,0.5,-29.2048
2024-08-31 12:00:00,586,Thanjavur,0.5,-29.1846
2024-08-31 14:50:00,586,Thanjavur,0.5,-29.1846
2024-08-31 14:55:00,586,Thanjavur,0.5,-29.1846
2024-08-31 15:00:00,586,Thanjavur,0.5,-29.1846
2024-08-31 17:00:00,586,Thanjavur,2.5,-29.142200000000003
2024-08-31 18:00:00,586,Thanjavur,11.666666666666666,-29.142200000000003
2024-08-31 19:00:00,586,Thanjavur,2.833333333333333,-29.142200000000003
2024-09-03 16:00:00,586,Thanjavur,0.5,-28.9308
2024-09-03 17:00:00,586,Thanjavur,15.5,-28.9308
2024-09-03 18:00:00,586,Thanjavur,16.5,-28.9308
2024-09-03 19:00:00,586,Thanjavur,1.0,-28.9308
2024-09-06 16:00:00,586,Thanjavur,0.5,-28.5756
2024-09-06 18:00:00,586,Thanjavur,0.5,-28.5756
2024-09-07 16:00:00,586,Thanjavur,1.0,-28.582600000000003
2024-09-10 23:00:00,586,Thanjavur,1.0,-26.4885
2024-09-11 00:00:00,586,Thanjavur,3.0,-26.4885
2024-09-11 06:00:00,586,Thanjavur,0.5,-28.374
2024-09-11 18:15:00,586,Thanjavur,3.5,-30.47725
2024-09-11 18:20:00,586,Thanjavur,11.5,-30.47725
2024-09-11 18:25:00,586,Thanjavur,15.5,-30.47725
2024-09-11 18:30:00,586,Thanjavur,17.5,-30.47725
2024-09-11 18:35:00,586,Thanjavur,20.0,-30.47725
2024-09-11 18:40:00,586,Thanjavur,22.0,-30.47725
2024-09-11 18:45:00,586,Thanjavur,24.0,-30.47725
2024-09-11 18:50:00,586,Thanjavur,24.5,-30.47725
2024-09-11 18:55:00,586,Thanjavur,25.5,-30.47725
2024-09-11 19:00:00,586,Thanjavur,19.0,-30.47725
2024-09-11 19:15:00,586,Thanjavur,0.5,-30.47725
2024-09-11 19:20:00,586,Thanjavur,0.5,-30.47725
2024-09-11 19:25:00,586,Thanjavur,0.5,-30.47725
2024-09-11 19:30:00,586,Thanjavur,0.5,-30.47725
2024-09-11 19:35:00,586,Thanjavur,0.5,-30.47725
2024-09-11 19:40:00,586,Thanjavur,0.5,-30.47725
2024-09-11 19:45:00,586,Thanjavur,0.5,-30.47725
2024-09-11 19:50:00,586,Thanjavur,0.5,-30.47725
2024-09-11 19:55:00,586,Thanjavur,0.5,-30.47725
2024-09-11 20:00:00,586,Thanjavur,2.25,-30.47725
2024-09-13 08:00:00,586,Thanjavur,3.0,-28.0652
2024-09-13 10:30:00,586,Thanjavur,2.0,-28.1692
2024-09-13 10:35:00,586,Thanjavur,2.0,-28.1692
2024-09-13 10:40:00,586,Thanjavur,2.0,-28.1692
2024-09-13 10:45:00,586,Thanjavur,2.0,-28.1692
2024-09-13 19:00:00,586,Thanjavur,0.5,-28.0854
2024-09-14 18:00:00,586,Thanjavur,1.0,-33.52075
2024-09-14 20:00:00,586,Thanjavur,1.0,-33.52075
2024-09-14 21:00:00,586,Thanjavur,0.5,-33.52075
2024-09-14 23:00:00,586,Thanjavur,0.5,-33.79175
2024-09-21 10:00:00,586,Thanjavur,0.5,-27.6412
2024-09-23 22:00:00,586,Thanjavur,0.5,-27.3978
2024-09-23 23:00:00,586,Thanjavur,0.5,-27.3978
2024-09-24 00:00:00,586,Thanjavur,0.5,-27.3978
2024-09-24 02:00:00,586,Thanjavur,0.5,-27.3978
2024-09-24 05:00:00,586,Thanjavur,0.5,-27.3722
2024-09-24 08:00:00,586,Thanjavur,0.5,-27.3722
2024-09-24 13:00:00,586,Thanjavur,0.5,-27.4072
2024-09-27 20:00:00,586,Thanjavur,1.0,-27.0676
2024-09-28 12:00:00,586,Thanjavur,0.5,-27.071800000000003
2024-09-28 13:00:00,586,Thanjavur,0.5,-27.071800000000003
2024-09-28 14:00:00,586,Thanjavur,1.0,-27.071800000000003
2024-09-28 15:00:00,586,Thanjavur,0.5,-27.071800000000003
2024-09-28 16:00:00,586,Thanjavur,0.5,-26.9486
2024-09-28 17:00:00,586,Thanjavur,5.0,-26.9486
2024-09-28 18:00:00,586,Thanjavur,0.5,-26.9486
2024-09-29 12:00:00,586,Thanjavur,0.5,-26.9906
2024-09-29 13:00:00,586,Thanjavur,4.0,-26.9906
2024-09-29 14:00:00,586,Thanjavur,0.5,-26.9906
2024-09-29 15:00:00,586,Thanjavur,2.75,-26.9906
2024-09-29 16:00:00,586,Thanjavur,0.5,-26.9166
2024-09-29 18:00:00,586,Thanjavur,0.5,-26.9166
2024-09-29 21:00:00,586,Thanjavur,0.5,-26.9166
2024-09-30 05:00:00,586,Thanjavur,0.5,-26.8276
2024-09-30 08:00:00,586,Thanjavur,0.5,-26.8276
2024-09-30 09:00:00,586,Thanjavur,1.0,-26.8276
2024-09-30 10:00:00,586,Thanjavur,4.25,-26.943
2024-09-30 11:00:00,586,Thanjavur,2.5,-26.943
2024-09-30 12:00:00,586,Thanjavur,0.5,-26.943
2024-09-30 17:00:00,586,Thanjavur,0.5,-26.8096
2024-09-30 23:00:00,586,Thanjavur,0.5,-26.7784
2024-10-01 18:00:00,586,Thanjavur,0.5,-27.4214
2024-10-02 06:00:00,586,Thanjavur,0.5,-26.6496
2024-10-02 21:00:00,586,Thanjavur,0.5,-26.6868
2024-10-03 16:00:00,586,Thanjavur,0.5,-31.819
2024-10-03 17:00:00,586,Thanjavur,0.5,-31.819
2024-10-03 18:00:00,586,Thanjavur,4.0,-31.819
2024-10-04 06:00:00,586,Thanjavur,0.5,-26.528
2024-10-04 15:00:00,586,Thanjavur,0.5,-26.6002
2024-10-04 16:00:00,586,Thanjavur,6.0,-26.5174
2024-10-04 17:00:00,586,Thanjavur,5.0,-26.5174
2024-10-04 18:00:00,586,Thanjavur,1.0,-26.5174
2024-10-04 19:00:00,586,Thanjavur,0.5,-26.5174
2024-10-04 20:00:00,586,Thanjavur,0.5,-26.5174
2024-10-04 21:00:00,586,Thanjavur,10.625,-26.5174
2024-10-04 22:00:00,586,Thanjavur,3.5,-26.446000000000005
2024-10-04 23:00:00,586,Thanjavur,2.1666666666666665,-26.446000000000005
2024-10-05 00:00:00,586,Thanjavur,4.0,-26.446000000000005
2024-10-05 01:00:00,586,Thanjavur,0.5,-26.446000000000005
2024-10-05 02:00:00,586,Thanjavur,1.5,-26.446000000000005
2024-10-05 03:00:00,586,Thanjavur,1.8333333333333333,-26.446000000000005
2024-10-05 04:00:00,586,Thanjavur,1.5,-26.4084
2024-10-05 06:00:00,586,Thanjavur,0.5,-26.4084
2024-10-05 09:00:00,586,Thanjavur,0.5,-26.4084
2024-10-05 14:00:00,586,Thanjavur,0.5,-26.4632
2024-10-05 18:00:00,586,Thanjavur,10.0,-26.418600000000005
2024-10-05 19:00:00,586,Thanjavur,1.5,-26.418600000000005
2024-10-05 20:00:00,586,Thanjavur,1.0,-26.418600000000005
2024-10-05 21:00:00,586,Thanjavur,0.5,-26.418600000000005
2024-10-05 22:00:00,586,Thanjavur,0.5,-26.375800000000005
2024-10-05 23:00:00,586,Thanjavur,0.5,-26.375800000000005
2024-10-06 03:00:00,586,Thanjavur,0.5,-26.375800000000005
2024-10-06 04:00:00,586,Thanjavur,0.5,-26.3606
2024-10-06 06:00:00,586,Thanjavur,1.5,-26.3606
2024-10-06 07:00:00,586,Thanjavur,2.0,-26.3606
2024-10-06 08:00:00,586,Thanjavur,2.5,-26.3606
2024-10-06 09:00:00,586,Thanjavur,2.0,-26.3606
2024-10-06 10:00:00,586,Thanjavur,0.5,-26.3794
2024-10-06 11:00:00,586,Thanjavur,0.5,-26.3794
2024-10-06 12:00:00,586,Thanjavur,0.5,-26.3794
2024-10-06 21:00:00,586,Thanjavur,0.5,-26.364600000000003
2024-10-07 06:00:00,586,Thanjavur,0.5,-26.2552
2024-10-07 13:00:00,586,Thanjavur,0.5,-26.288400000000003
2024-10-07 15:00:00,586,Thanjavur,0.5,-26.288400000000003
2024-10-07 16:00:00,586,Thanjavur,0.5,-26.1752
2024-10-07 23:00:00,586,Thanjavur,0.5,-26.1958
2024-10-08 02:00:00,586,Thanjavur,0.5,-26.1958
2024-10-08 08:00:00,586,Thanjavur,0.5,-26.1394
2024-10-08 10:00:00,586,Thanjavur,0.5,-26.166999999999994
2024-10-08 13:00:00,586,Thanjavur,0.5,-26.166999999999994
2024-10-08 22:00:00,586,Thanjavur,0.5,-26.0664
2024-10-08 23:00:00,586,Thanjavur,0.75,-26.0664
2024-10-09 00:00:00,586,Thanjavur,0.5,-26.0664
2024-10-09 13:00:00,586,Thanjavur,3.0,-26.0346
2024-10-09 14:00:00,586,Thanjavur,0.5,-26.0346
2024-10-09 16:00:00,586,Thanjavur,0.5,-25.9914
2024-10-10 02:00:00,586,Thanjavur,0.5,-25.937400000000004
2024-10-10 14:00:00,586,Thanjavur,5.25,-25.9272
2024-10-10 15:00:00,586,Thanjavur,12.5,-25.9272
2024-10-10 16:00:00,586,Thanjavur,0.8333333333333334,-25.7804
2024-10-10 19:00:00,586,Thanjavur,0.5,-25.7804
2024-10-11 01:00:00,586,Thanjavur,8.25,-25.718200000000003
2024-10-11 02:00:00,586,Thanjavur,2.75,-25.718200000000003
2024-10-11 03:00:00,586,Thanjavur,4.333333333333333,-25.718200000000003
2024-10-11 04:00:00,586,Thanjavur,2.0,-25.6818
2024-10-11 05:00:00,586,Thanjavur,0.5,-25.6818
2024-10-11 06:00:00,586,Thanjavur,0.5,-25.6818
2024-10-11 15:00:00,586,Thanjavur,1.0,-25.776
2024-10-11 16:00:00,586,Thanjavur,0.5,-25.7512
2024-10-11 18:00:00,586,Thanjavur,1.0,-25.7512
2024-10-11 22:00:00,586,Thanjavur,0.5,-25.6062
2024-10-12 00:00:00,586,Thanjavur,9.5,-25.6062
2024-10-12 01:00:00,586,Thanjavur,6.0,-25.6062
2024-10-12 02:00:00,586,Thanjavur,0.5,-25.6062
2024-10-12 04:00:00,586,Thanjavur,2.5,-25.5272
2024-10-12 05:00:00,586,Thanjavur,11.25,-25.5272
2024-10-12 10:00:00,586,Thanjavur,1.25,-25.6148
2024-10-12 19:00:00,586,Thanjavur,3.5,-25.5052
2024-10-12 20:00:00,586,Thanjavur,3.0,-25.5052
2024-10-12 21:00:00,586,Thanjavur,6.0,-25.5052
2024-10-12 22:00:00,586,Thanjavur,5.0,-25.4296
2024-10-12 23:00:00,586,Thanjavur,2.75,-25.4296
2024-10-13 01:00:00,586,Thanjavur,3.333333333333333,-25.4296
2024-10-13 03:00:00,586,Thanjavur,1.0,-25.4296
2024-10-13 06:00:00,586,Thanjavur,1.25,-25.3742
2024-10-13 07:00:00,586,Thanjavur,0.5,-25.3742
2024-10-13 08:00:00,586,Thanjavur,0.5,-25.3742
2024-10-13 13:00:00,586,Thanjavur,0.5,-25.448
2024-10-13 17:00:00,586,Thanjavur,3.0,-25.3182
2024-10-13 18:00:00,586,Thanjavur,0.5,-25.3182
2024-10-13 23:00:00,586,Thanjavur,1.5,-25.247
2024-10-14 00:00:00,586,Thanjavur,2.5,-25.247
2024-10-14 02:00:00,586,Thanjavur,0.5,-25.247
2024-10-14 05:00:00,586,Thanjavur,1.0,-25.1846
2024-10-14 06:00:00,586,Thanjavur,2.25,-25.1846
2024-10-14 07:00:00,586,Thanjavur,0.5,-25.1846
2024-10-14 08:00:00,586,Thanjavur,0.5,-25.1846
2024-10-14 09:00:00,586,Thanjavur,0.5,-25.1846
2024-10-14 12:00:00,586,Thanjavur,0.5,-25.184
2024-10-14 13:00:00,586,Thanjavur,0.75,-25.184
2024-10-14 14:00:00,586,Thanjavur,1.1666666666666667,-25.184
2024-10-14 15:00:00,586,Thanjavur,1.6666666666666667,-25.184
2024-10-14 16:00:00,586,Thanjavur,0.5,-25.0204
2024-10-14 18:00:00,586,Thanjavur,0.5,-25.0204
2024-10-14 20:00:00,586,Thanjavur,0.5,-25.0204
2024-10-14 21:00:00,586,Thanjavur,0.5,-25.0204
2024-10-14 22:00:00,586,Thanjavur,1.0,-24.9308
2024-10-14 23:00:00,586,Thanjavur,0.625,-24.9308
2024-10-15 00:00:00,586,Thanjavur,7.0,-24.9308
2024-10-15 01:00:00,586,Thanjavur,7.0,-24.9308
2024-10-15 02:00:00,586,Thanjavur,1.75,-24.9308
2024-10-15 03:00:00,586,Thanjavur,0.5,-24.9308
2024-10-15 10:00:00,586,Thanjavur,0.5,-24.9262
2024-10-15 11:00:00,586,Thanjavur,9.0,-24.9262
2024-10-15 13:00:00,586,Thanjavur,0.5,-24.9262
2024-10-15 16:00:00,586,Thanjavur,0.5,-24.8168
2024-10-16 09:00:00,586,Thanjavur,30.0,-24.6388
2024-10-16 20:00:00,586,Thanjavur,0.5,-24.606
2024-10-17 12:00:00,586,Thanjavur,18.5,-24.588
2024-10-17 16:00:00,586,Thanjavur,0.5,-24.4498
2024-10-17 18:00:00,586,Thanjavur,19.5,-24.4498
2024-10-18 02:00:00,586,Thanjavur,0.5,-24.384
2024-10-19 03:00:00,586,Thanjavur,20.5,-24.2638
2024-10-19 04:00:00,586,Thanjavur,54.0,-24.2068
2024-10-19 06:00:00,586,Thanjavur,4.0,-24.2068
2024-10-19 07:00:00,586,Thanjavur,2.0,-24.2068
2024-10-19 16:00:00,586,Thanjavur,24.0,-24.1784
2024-10-19 17:00:00,586,Thanjavur,0.5,-24.1784
2024-10-19 18:00:00,586,Thanjavur,0.5,-24.1784
2024-10-20 04:00:00,586,Thanjavur,4.0,-24.046
2024-10-20 05:00:00,586,Thanjavur,4.5,-24.046
2024-10-20 06:00:00,586,Thanjavur,11.0,-24.046
2024-10-21 01:00:00,586,Thanjavur,3.0,-23.9712
2024-10-21 02:00:00,586,Thanjavur,12.0,-23.9712
2024-10-21 12:00:00,586,Thanjavur,0.5,-23.9994
2024-10-22 05:00:00,586,Thanjavur,0.5,-23.789
2024-10-22 07:00:00,586,Thanjavur,0.5,-23.789
2024-10-22 15:00:00,586,Thanjavur,2.0,-23.8088
2024-10-22 16:00:00,586,Thanjavur,3.25,-23.746
2024-10-22 21:00:00,586,Thanjavur,0.5,-23.746
2024-10-23 04:00:00,586,Thanjavur,1.0,-23.7812
2024-10-23 05:00:00,586,Thanjavur,0.5,-23.7812
2024-10-23 06:00:00,586,Thanjavur,2.0,-23.7812
2024-10-23 07:00:00,586,Thanjavur,2.0,-23.7812
2024-10-23 09:00:00,586,Thanjavur,0.5,-23.7812
2024-10-23 10:00:00,586,Thanjavur,0.5,-23.8106
2024-10-23 18:00:00,586,Thanjavur,0.5,-23.7604
2024-10-23 19:00:00,586,Thanjavur,1.0,-23.7604
2024-10-23 22:00:00,586,Thanjavur,17.5,-23.671
2024-10-23 23:00:00,586,Thanjavur,11.5,-23.671
2024-10-24 00:00:00,586,Thanjavur,2.5,-23.671
2024-10-24 06:00:00,586,Thanjavur,0.5,-23.633000000000003
2024-10-24 07:00:00,586,Thanjavur,1.0,-23.633000000000003
2024-10-24 09:00:00,586,Thanjavur,1.0,-23.633000000000003
2024-10-24 10:00:00,586,Thanjavur,2.5,-23.7792
2024-10-24 12:00:00,586,Thanjavur,1.5,-23.7792
2024-10-24 13:00:00,586,Thanjavur,0.5,-23.7792
2024-10-24 14:00:00,586,Thanjavur,0.5,-23.7792
2024-10-24 16:00:00,586,Thanjavur,0.5,-24.0628
2024-10-24 17:00:00,586,Thanjavur,39.0,-24.0628
2024-10-24 18:00:00,586,Thanjavur,2.0,-24.0628
2024-10-24 19:00:00,586,Thanjavur,7.5,-24.0628
2024-10-24 20:00:00,586,Thanjavur,4.0,-24.0628
2024-10-24 21:00:00,586,Thanjavur,0.5,-24.0628
2024-10-24 23:00:00,586,Thanjavur,16.625,-23.579
2024-10-25 00:00:00,586,Thanjavur,13.5,-23.579
2024-10-25 01:00:00,586,Thanjavur,3.6,-23.579
2024-10-25 02:00:00,586,Thanjavur,4.1,-23.579
2024-10-25 03:00:00,586,Thanjavur,1.7,-23.579
2024-10-25 04:00:00,586,Thanjavur,0.5,-23.488
2024-10-25 06:00:00,586,Thanjavur,4.25,-23.488
2024-10-25 08:00:00,586,Thanjavur,0.5,-23.488
2024-10-25 12:00:00,586,Thanjavur,5.5,-23.5682
2024-10-25 13:00:00,586,Thanjavur,11.0,-23.5682
2024-10-25 14:00:00,586,Thanjavur,188.5,-23.5682
2024-10-25 15:00:00,586,Thanjavur,126.0,-23.5682
2024-10-25 16:00:00,586,Thanjavur,8.5,-23.4544
2024-10-25 19:00:00,586,Thanjavur,0.5,-23.4544
2024-10-25 20:00:00,586,Thanjavur,8.5,-23.4544
2024-10-25 21:00:00,586,Thanjavur,104.0,-23.4544
2024-10-25 22:00:00,586,Thanjavur,7.5,-23.3944
2024-10-25 23:00:00,586,Thanjavur,1.5,-23.3944
2024-10-26 02:00:00,586,Thanjavur,2.0,-23.3944
2024-10-26 03:00:00,586,Thanjavur,43.0,-23.3944
2024-10-26 04:00:00,586,Thanjavur,1189.5,-23.3448
2024-10-26 05:00:00,586,Thanjavur,128.0,-23.3448
2024-10-26 06:00:00,586,Thanjavur,334.5,-23.3448
2024-10-26 07:00:00,586,Thanjavur,12.5,-23.3448
2024-10-26 08:00:00,586,Thanjavur,16.5,-23.3448
2024-10-26 09:00:00,586,Thanjavur,50.0,-23.3448
2024-10-26 10:00:00,586,Thanjavur,651.0,-23.4098
2024-10-26 16:00:00,586,Thanjavur,0.5,-16.78
2024-10-26 17:00:00,586,Thanjavur,1.0,-16.78
2024-10-26 18:00:00,586,Thanjavur,0.5,-16.78
2024-10-27 01:00:00,586,Thanjavur,3.5,-16.703333333333333
2024-10-27 02:00:00,586,Thanjavur,12.0,-16.703333333333333
2024-10-27 11:00:00,586,Thanjavur,3.0,-23.3142
2024-10-27 12:00:00,586,Thanjavur,2.5,-23.3142
2024-10-27 14:00:00,586,Thanjavur,5.0,-23.3142
2024-10-27 15:00:00,586,Thanjavur,4.5,-23.3142
2024-10-27 16:00:00,586,Thanjavur,3.5,-23.2212
2024-10-27 18:00:00,586,Thanjavur,4.0,-23.2212
2024-10-27 19:00:00,586,Thanjavur,6.0,-23.2212
2024-10-27 20:00:00,586,Thanjavur,14.0,-23.2212
2024-10-28 02:00:00,586,Thanjavur,0.5,-23.169
2024-10-28 08:00:00,586,Thanjavur,7.5,-23.135
2024-10-28 10:00:00,586,Thanjavur,4.0,-23.247
2024-10-28 12:00:00,586,Thanjavur,0.5,-23.247
2024-10-28 19:00:00,586,Thanjavur,0.5,-23.151
2024-10-29 03:00:00,586,Thanjavur,0.5,-23.1196
2024-10-29 04:00:00,586,Thanjavur,0.5,-23.0868
2024-10-29 05:00:00,586,Thanjavur,0.5,-23.0868
2024-10-29 07:00:00,586,Thanjavur,0.5,-23.0868
2024-10-29 08:00:00,586,Thanjavur,0.5,-23.0868
2024-10-29 09:00:00,586,Thanjavur,0.5,-23.0868
2024-10-29 10:00:00,586,Thanjavur,0.5,-23.206200000000003
2024-10-29 11:00:00,586,Thanjavur,1.0,-23.206200000000003
2024-10-29 12:00:00,586,Thanjavur,0.5,-23.206200000000003
2024-10-29 13:00:00,586,Thanjavur,0.5,-23.206200000000003
2024-10-29 15:00:00,586,Thanjavur,0.5,-23.206200000000003
2024-10-29 17:00:00,586,Thanjavur,1.5,-23.104
2024-10-29 19:00:00,586,Thanjavur,0.5,-23.104
2024-10-29 21:00:00,586,Thanjavur,0.5,-23.104
2024-10-30 03:00:00,586,Thanjavur,5.0,-23.056
2024-10-30 06:00:00,586,Thanjavur,0.5,-23.013
2024-10-30 08:00:00,586,Thanjavur,0.5,-23.013
2024-10-30 10:00:00,586,Thanjavur,0.5,-23.1442
2024-10-30 11:00:00,586,Thanjavur,0.5,-23.1442
2024-10-30 15:00:00,586,Thanjavur,0.5,-23.1442
2024-10-30 17:00:00,586,Thanjavur,1.0,-23.0656
2024-10-30 18:00:00,586,Thanjavur,1.0,-23.0656
2024-10-30 19:00:00,586,Thanjavur,0.5,-23.0656
2024-10-30 20:00:00,586,Thanjavur,1.0,-23.0656
2024-10-30 21:00:00,586,Thanjavur,0.5,-23.0656
2024-10-30 23:00:00,586,Thanjavur,0.5,-23.091
2024-10-31 02:00:00,586,Thanjavur,0.5,-23.091
2024-10-31 05:00:00,586,Thanjavur,0.5,-23.0776
2024-10-31 06:00:00,586,Thanjavur,1.0,-23.0776
2024-10-31 07:00:00,586,Thanjavur,1.5,-23.0776
2024-10-31 08:00:00,586,Thanjavur,2.0,-23.0776
2024-10-31 09:00:00,586,Thanjavur,1.75,-23.0776
2024-10-31 10:00:00,586,Thanjavur,2.0,-23.0936
2024-10-31 11:00:00,586,Thanjavur,1.5,-23.0936
2024-10-31 12:00:00,586,Thanjavur,2.0,-23.0936
2024-10-31 13:00:00,586,Thanjavur,1.5,-23.0936
2024-10-31 14:00:00,586,Thanjavur,11.0,-23.0936
2024-10-31 15:00:00,586,Thanjavur,1.0,-23.0936
2024-10-31 17:00:00,586,Thanjavur,0.5,-22.9534
2024-10-31 19:00:00,586,Thanjavur,0.5,-22.9534
2024-11-01 00:00:00,586,Thanjavur,0.5,-22.9096
2024-11-01 01:00:00,586,Thanjavur,0.5,-22.9096
2024-11-01 02:00:00,586,Thanjavur,6.5,-22.9096
2024-11-01 04:00:00,586,Thanjavur,9.0,-22.833
2024-11-01 05:00:00,586,Thanjavur,15.5,-22.833
2024-11-01 07:00:00,586,Thanjavur,0.75,-22.833
2024-11-01 08:00:00,586,Thanjavur,1.25,-22.833
2024-11-01 09:00:00,586,Thanjavur,1.0,-22.833
2024-11-01 10:00:00,586,Thanjavur,1.5,-22.9828
2024-11-01 11:00:00,586,Thanjavur,3.5,-22.9828
2024-11-01 11:55:00,586,Thanjavur,0.5,-22.9828
2024-11-01 12:00:00,586,Thanjavur,5.125,-22.9828
2024-11-01 13:00:00,586,Thanjavur,1.0,-22.9828
2024-11-01 13:05:00,586,Thanjavur,0.5,-22.9828
2024-11-01 13:10:00,586,Thanjavur,0.5,-22.9828
2024-11-01 13:15:00,586,Thanjavur,0.5,-22.9828
2024-11-01 13:20:00,586,Thanjavur,0.5,-22.9828
2024-11-01 13:25:00,586,Thanjavur,0.5,-22.9828
2024-11-01 13:30:00,586,Thanjavur,0.5,-22.9828
2024-11-01 13:35:00,586,Thanjavur,0.5,-22.9828
2024-11-01 13:40:00,586,Thanjavur,0.5,-22.9828
2024-11-01 13:45:00,586,Thanjavur,0.5,-22.9828
2024-11-01 13:50:00,586,Thanjavur,0.5,-22.9828
2024-11-01 13:55:00,586,Thanjavur,0.5,-22.9828
2024-11-01 14:00:00,586,Thanjavur,1.75,-22.9828
2024-11-01 15:00:00,586,Thanjavur,7.25,-22.9828
2024-11-01 16:00:00,586,Thanjavur,1.0,-23.85625
2024-11-01 17:00:00,586,Thanjavur,1.5,-23.85625
2024-11-01 18:00:00,586,Thanjavur,1.0,-23.85625
2024-11-01 19:00:00,586,Thanjavur,1.0,-23.85625
2024-11-01 20:00:00,586,Thanjavur,1.0,-23.85625
2024-11-01 21:00:00,586,Thanjavur,1.0,-23.85625
2024-11-01 22:00:00,586,Thanjavur,1.0,-23.75875
2024-11-01 23:00:00,586,Thanjavur,0.5,-23.75875
2024-11-02 00:00:00,586,Thanjavur,1.0,-23.75875
2024-11-02 01:00:00,586,Thanjavur,0.5,-23.75875
2024-11-02 02:00:00,586,Thanjavur,0.5,-23.75875
2024-11-02 03:00:00,586,Thanjavur,0.5,-23.75875
2024-11-02 04:00:00,586,Thanjavur,0.5,-22.8014
2024-11-02 04:40:00,586,Thanjavur,0.5,-22.8014
2024-11-02 04:45:00,586,Thanjavur,0.5,-22.8014
2024-11-02 04:50:00,586,Thanjavur,0.5,-22.8014
2024-11-02 04:55:00,586,Thanjavur,0.5,-22.8014
2024-11-02 05:00:00,586,Thanjavur,0.5,-22.8014
2024-11-02 08:00:00,586,Thanjavur,0.5,-22.8014
2024-11-02 10:00:00,586,Thanjavur,0.5,-22.9136
2024-11-02 11:00:00,586,Thanjavur,0.5,-22.9136
2024-11-02 14:00:00,586,Thanjavur,0.5,-22.9136
2024-11-02 18:00:00,586,Thanjavur,9.0,-22.821
2024-11-02 19:00:00,586,Thanjavur,0.5,-22.821
2024-11-02 20:00:00,586,Thanjavur,0.5,-22.821
2024-11-03 01:00:00,586,Thanjavur,0.5,-22.7832
2024-11-03 07:00:00,586,Thanjavur,0.5,-22.7308
2024-11-03 12:00:00,586,Thanjavur,3.0,-22.861
2024-11-03 13:00:00,586,Thanjavur,2.5,-22.861
2024-11-03 15:00:00,586,Thanjavur,0.5,-22.861
2024-11-03 16:00:00,586,Thanjavur,11.5,-22.7848
2024-11-03 17:00:00,586,Thanjavur,0.5,-22.7848
2024-11-03 19:00:00,586,Thanjavur,0.5,-22.7848
2024-11-04 03:00:00,586,Thanjavur,1.0,-22.7206
2024-11-04 06:00:00,586,Thanjavur,0.5,-22.6798
2024-11-04 10:00:00,586,Thanjavur,0.5,-22.8042
2024-11-04 13:00:00,586,Thanjavur,2.0,-22.8042
2024-11-04 14:00:00,586,Thanjavur,0.5,-22.8042
2024-11-04 15:00:00,586,Thanjavur,5.5,-22.8042
2024-11-05 09:00:00,586,Thanjavur,0.5,-22.6124
2024-11-05 14:00:00,586,Thanjavur,2.5,-22.7466
2024-11-07 14:00:00,586,Thanjavur,11.0,-22.6154
2024-11-07 15:00:00,586,Thanjavur,3.0,-22.6154
2024-11-07 16:00:00,586,Thanjavur,1.0,-22.5264
2024-11-07 19:00:00,586,Thanjavur,0.5,-22.5264
2024-11-07 23:00:00,586,Thanjavur,0.5,-22.4666
2024-11-08 03:00:00,586,Thanjavur,1.0,-22.4666
2024-11-08 04:00:00,586,Thanjavur,0.5,-23.28275
2024-11-08 05:00:00,586,Thanjavur,0.5,-23.28275
2024-11-08 06:00:00,586,Thanjavur,3.0,-23.28275
2024-11-08 07:00:00,586,Thanjavur,0.75,-23.28275
2024-11-08 08:00:00,586,Thanjavur,0.5,-23.28275
2024-11-08 09:00:00,586,Thanjavur,4.5,-23.28275
2024-11-08 11:00:00,586,Thanjavur,10.5,-23.39925
2024-11-08 14:00:00,586,Thanjavur,22.0,-23.39925
2024-11-08 15:00:00,586,Thanjavur,6.5,-23.39925
2024-11-12 22:00:00,586,Thanjavur,1.5,-22.06
2024-11-12 23:00:00,586,Thanjavur,5.5,-22.06
2024-11-13 00:00:00,586,Thanjavur,0.5,-22.06
2024-11-13 01:00:00,586,Thanjavur,11.0,-22.06
2024-11-13 02:00:00,586,Thanjavur,21.0,-22.06
2024-11-13 03:00:00,586,Thanjavur,3.5,-22.06
2024-11-13 04:00:00,586,Thanjavur,1.25,-22.0108
2024-11-13 05:00:00,586,Thanjavur,1.875,-22.0108
2024-11-13 06:00:00,586,Thanjavur,1.5,-22.0108
2024-11-13 07:00:00,586,Thanjavur,1.875,-22.0108
2024-11-13 08:00:00,586,Thanjavur,1.125,-22.0108
2024-11-13 09:00:00,586,Thanjavur,0.5,-22.0108
2024-11-13 10:00:00,586,Thanjavur,0.5,-22.1176
2024-11-13 12:00:00,586,Thanjavur,2.0,-22.1176
2024-11-13 13:00:00,586,Thanjavur,33.5,-22.1176
2024-11-13 14:00:00,586,Thanjavur,0.5,-22.1176
2024-11-14 03:00:00,586,Thanjavur,1.0,-22.067
2024-11-14 04:00:00,586,Thanjavur,0.5,-22.0364
2024-11-14 06:00:00,586,Thanjavur,0.5,-22.0364
2024-11-14 07:00:00,586,Thanjavur,0.5,-22.0364
2024-11-14 08:30:00,586,Thanjavur,1.0,-22.0364
2024-11-14 09:00:00,586,Thanjavur,5.0,-22.0364
2024-11-14 09:30:00,586,Thanjavur,4.0,-22.0584
2024-11-14 10:00:00,586,Thanjavur,4.5,-22.0584
2024-11-14 11:00:00,586,Thanjavur,1.5,-22.0584
2024-11-14 13:00:00,586,Thanjavur,2.75,-22.0584
2024-11-14 13:30:00,586,Thanjavur,3.0,-22.0584
2024-11-14 14:00:00,586,Thanjavur,8.375,-22.0584
2024-11-14 15:00:00,586,Thanjavur,0.6666666666666666,-22.0584
2024-11-14 16:30:00,586,Thanjavur,1.0,-21.9356
2024-11-14 17:00:00,586,Thanjavur,2.25,-21.9356
2024-11-14 18:00:00,586,Thanjavur,1.25,-21.9356
2024-11-14 18:30:00,586,Thanjavur,1.0,-21.9356
2024-11-14 19:00:00,586,Thanjavur,1.1666666666666667,-21.9356
2024-11-15 02:00:00,586,Thanjavur,6.0,-21.8994
2024-11-15 03:00:00,586,Thanjavur,0.5,-21.8994
2024-11-15 04:00:00,586,Thanjavur,0.5,-21.8506
2024-11-15 05:00:00,586,Thanjavur,6.75,-21.8506
2024-11-15 05:30:00,586,Thanjavur,0.5,-21.8506
2024-11-15 06:00:00,586,Thanjavur,568.75,-21.8506
2024-11-15 06:30:00,586,Thanjavur,2.5,-21.8506
2024-11-15 07:00:00,586,Thanjavur,3.0,-21.8506
2024-11-15 08:00:00,586,Thanjavur,0.75,-21.8506
2024-11-15 10:00:00,586,Thanjavur,0.5,-21.9092
2024-11-15 13:00:00,586,Thanjavur,1.5,-21.9092
2024-11-15 14:00:00,586,Thanjavur,3.1666666666666665,-21.9092
2024-11-15 14:30:00,586,Thanjavur,0.5,-21.9092
2024-11-15 15:00:00,586,Thanjavur,0.7,-21.9092
2024-11-15 15:30:00,586,Thanjavur,0.5,-21.8844
2024-11-15 16:00:00,586,Thanjavur,0.5,-21.8844
2024-11-15 21:30:00,586,Thanjavur,3.0,-21.7952
2024-11-15 22:00:00,586,Thanjavur,4.0,-21.7952
2024-11-15 23:00:00,586,Thanjavur,0.8333333333333334,-21.7952
2024-11-15 23:30:00,586,Thanjavur,0.5,-21.7952
2024-11-16 00:00:00,586,Thanjavur,4.166666666666667,-21.7952
2024-11-16 01:00:00,586,Thanjavur,2.5,-21.7952
2024-11-16 03:00:00,586,Thanjavur,3.0,-21.7952
2024-11-16 03:30:00,586,Thanjavur,17.5,-21.7442
2024-11-16 04:00:00,586,Thanjavur,9.75,-21.7442
2024-11-16 05:00:00,586,Thanjavur,0.5,-21.7442
2024-11-16 07:00:00,586,Thanjavur,1.5,-21.7442
2024-11-16 09:00:00,586,Thanjavur,2.5,-21.7442
2024-11-16 10:00:00,586,Thanjavur,3.0,-21.822000000000003
2024-11-16 10:30:00,586,Thanjavur,1.0,-21.822000000000003
2024-11-16 11:00:00,586,Thanjavur,5.75,-21.822000000000003
2024-11-16 12:00:00,586,Thanjavur,9.125,-21.822000000000003
2024-11-16 12:30:00,586,Thanjavur,3.0,-21.822000000000003
2024-11-16 13:00:00,586,Thanjavur,4.7,-21.822000000000003
2024-11-16 14:00:00,586,Thanjavur,3.5,-21.822000000000003
2024-11-16 14:30:00,586,Thanjavur,4.0,-21.822000000000003
2024-11-16 15:00:00,586,Thanjavur,5.4,-21.822000000000003
2024-11-16 15:30:00,586,Thanjavur,28.0,-21.7376
2024-11-16 16:00:00,586,Thanjavur,16.833333333333332,-21.7376
2024-11-16 17:00:00,586,Thanjavur,1.5,-21.7376
2024-11-16 20:00:00,586,Thanjavur,0.5,-21.7376
2024-11-17 00:00:00,586,Thanjavur,0.5,-21.6064
2024-11-17 09:00:00,586,Thanjavur,50.0,-21.534
2024-11-17 10:00:00,586,Thanjavur,0.5,-21.6516
2024-11-17 11:00:00,586,Thanjavur,3.75,-21.6516
2024-11-17 12:00:00,586,Thanjavur,1.75,-21.6516
2024-11-17 12:30:00,586,Thanjavur,0.5,-21.6516
2024-11-17 13:00:00,586,Thanjavur,1.375,-21.6516
2024-11-17 14:00:00,586,Thanjavur,0.5,-21.6516
2024-11-17 14:30:00,586,Thanjavur,1.0,-21.6516
2024-11-17 15:00:00,586,Thanjavur,1.6666666666666667,-21.6516
2024-11-17 15:30:00,586,Thanjavur,0.5,-21.585
2024-11-17 16:00:00,586,Thanjavur,2.5,-21.585
2024-11-17 16:30:00,586,Thanjavur,1.0,-21.585
2024-11-17 17:00:00,586,Thanjavur,1.5,-21.585
2024-11-17 18:00:00,586,Thanjavur,1.0,-21.585
2024-11-17 21:00:00,586,Thanjavur,0.5,-21.585
2024-11-18 01:30:00,586,Thanjavur,0.5,-21.4686
2024-11-18 02:00:00,586,Thanjavur,0.5,-21.4686
2024-11-18 04:00:00,586,Thanjavur,0.5,-21.4018
2024-11-18 05:00:00,586,Thanjavur,3.0,-21.4018
2024-11-18 05:30:00,586,Thanjavur,0.5,-21.4018
2024-11-18 06:00:00,586,Thanjavur,0.5,-21.4018
2024-11-18 06:30:00,586,Thanjavur,0.5,-21.4018
2024-11-18 07:00:00,586,Thanjavur,1.0,-21.4018
2024-11-18 13:00:00,586,Thanjavur,1.25,-21.489
2024-11-18 13:30:00,586,Thanjavur,0.5,-21.489
2024-11-18 14:00:00,586,Thanjavur,1.3333333333333333,-21.489
2024-11-18 15:00:00,586,Thanjavur,1.0,-21.489
2024-11-18 16:00:00,586,Thanjavur,0.8333333333333334,-21.4446
2024-11-18 17:00:00,586,Thanjavur,4.875,-21.4446
2024-11-18 17:30:00,586,Thanjavur,8.5,-21.4446
2024-11-18 18:00:00,586,Thanjavur,13.0,-21.4446
2024-11-18 19:00:00,586,Thanjavur,10.0,-21.4446
2024-11-18 20:00:00,586,Thanjavur,16.5,-21.4446
2024-11-18 22:00:00,586,Thanjavur,0.5,-21.337200000000003
2024-11-19 05:00:00,586,Thanjavur,0.5,-21.2716
2024-11-19 06:00:00,586,Thanjavur,1.5,-21.2716
2024-11-19 06:30:00,586,Thanjavur,0.5,-21.2716
2024-11-19 07:00:00,586,Thanjavur,1.0,-21.2716
2024-11-19 09:00:00,586,Thanjavur,0.5,-21.2716
2024-11-19 10:00:00,586,Thanjavur,0.5,-21.3592
2024-11-19 14:00:00,586,Thanjavur,0.5,-21.3592
2024-11-20 01:00:00,586,Thanjavur,0.5,-21.212
2024-11-20 02:00:00,586,Thanjavur,1.0,-21.212
2024-11-20 03:00:00,586,Thanjavur,1.0,-21.212
2024-11-20 04:00:00,586,Thanjavur,5.5,-12.261666666666668
2024-11-20 05:00:00,586,Thanjavur,3.0,-12.261666666666668
2024-11-20 06:00:00,586,Thanjavur,1.0,-12.261666666666668
2024-11-20 06:30:00,586,Thanjavur,0.5,-12.261666666666668
2024-11-20 07:00:00,586,Thanjavur,1.75,-12.261666666666668
2024-11-20 07:30:00,586,Thanjavur,2.5,-12.261666666666668
2024-11-20 08:00:00,586,Thanjavur,3.0,-12.261666666666668
2024-11-20 08:30:00,586,Thanjavur,0.5,-12.261666666666668
2024-11-20 09:00:00,586,Thanjavur,0.8333333333333334,-12.261666666666668
2024-11-20 09:30:00,586,Thanjavur,1.0,-12.247
2024-11-20 10:00:00,586,Thanjavur,1.75,-12.247
2024-11-20 10:30:00,586,Thanjavur,1.0,-12.247
2024-11-20 11:00:00,586,Thanjavur,1.3333333333333333,-12.247
2024-11-20 11:30:00,586,Thanjavur,0.5,-12.247
2024-11-20 12:00:00,586,Thanjavur,2.833333333333333,-12.247
2024-11-20 12:30:00,586,Thanjavur,2.0,-12.247
2024-11-20 13:00:00,586,Thanjavur,2.75,-12.247
2024-11-20 14:00:00,586,Thanjavur,2.125,-12.247
2024-11-20 14:30:00,586,Thanjavur,2.5,-12.247
2024-11-20 15:00:00,586,Thanjavur,2.0,-12.247
2024-11-20 16:00:00,586,Thanjavur,0.5,-12.21
2024-11-20 17:00:00,586,Thanjavur,0.5,-12.21
2024-11-21 04:00:00,586,Thanjavur,1.0,-20.9922
2024-11-21 05:00:00,586,Thanjavur,1.0,-20.9922
2024-11-21 07:00:00,586,Thanjavur,0.5,-20.9922
2024-11-21 08:00:00,586,Thanjavur,2.0,-20.9922
2024-11-21 10:00:00,586,Thanjavur,6.0,-21.0772
2024-11-21 11:00:00,586,Thanjavur,1.5,-21.0772
2024-11-21 12:00:00,586,Thanjavur,9.0,-21.0772
2024-11-21 13:00:00,586,Thanjavur,1.5,-21.0772
2024-11-21 16:00:00,586,Thanjavur,0.5,-21.0262
2024-11-23 15:00:00,586,Thanjavur,731.5,-20.8992
2024-11-23 16:00:00,586,Thanjavur,82.0,-20.8548
2024-11-23 17:00:00,586,Thanjavur,9198.5,-20.8548
2024-11-24 03:00:00,586,Thanjavur,0.5,-20.738
2024-11-26 06:00:00,586,Thanjavur,0.875,-20.6592
2024-11-26 06:30:00,586,Thanjavur,0.5,-20.6592
2024-11-26 07:00:00,586,Thanjavur,1.375,-20.6592
2024-11-26 08:00:00,586,Thanjavur,1.0,-20.6592
2024-11-26 09:00:00,586,Thanjavur,1.5833333333333333,-20.6592
2024-11-26 10:00:00,586,Thanjavur,2.6,-20.624
2024-11-26 10:30:00,586,Thanjavur,1.5,-20.624
2024-11-26 11:00:00,586,Thanjavur,3.7,-20.624
2024-11-26 11:30:00,586,Thanjavur,4.0,-20.624
2024-11-26 12:00:00,586,Thanjavur,2.8,-20.624
2024-11-26 12:30:00,586,Thanjavur,3.0,-20.624
2024-11-26 13:00:00,586,Thanjavur,1.875,-20.624
2024-11-26 13:30:00,586,Thanjavur,1.5,-20.624
2024-11-26 14:00:00,586,Thanjavur,1.75,-20.624
2024-11-26 14:30:00,586,Thanjavur,1.5,-20.624
2024-11-26 15:00:00,586,Thanjavur,2.333333333333333,-20.624
2024-11-26 15:30:00,586,Thanjavur,5.0,-20.6074
2024-11-26 16:00:00,586,Thanjavur,5.3,-20.6074
2024-11-26 16:30:00,586,Thanjavur,3.5,-20.6074
2024-11-26 17:00:00,586,Thanjavur,6.0,-20.6074
2024-11-26 17:30:00,586,Thanjavur,2.5,-20.6074
2024-11-26 18:00:00,586,Thanjavur,3.8,-20.6074
2024-11-26 18:30:00,586,Thanjavur,2.5,-20.6074
2024-11-26 19:00:00,586,Thanjavur,5.8,-20.6074
2024-11-26 19:30:00,586,Thanjavur,1.0,-20.6074
2024-11-26 20:00:00,586,Thanjavur,1.9,-20.6074
2024-11-26 20:30:00,586,Thanjavur,1.0,-20.6074
2024-11-26 21:00:00,586,Thanjavur,0.75,-20.6074
2024-11-26 22:00:00,586,Thanjavur,0.5,-20.5536
2024-11-27 00:00:00,586,Thanjavur,0.5,-20.5536
2024-11-27 00:30:00,586,Thanjavur,0.5,-20.5536
2024-11-27 01:00:00,586,Thanjavur,0.5,-20.5536
2024-11-27 02:00:00,586,Thanjavur,1.0,-20.5536
2024-11-27 02:30:00,586,Thanjavur,1.5,-20.5536
2024-11-27 03:00:00,586,Thanjavur,0.8333333333333334,-20.5536
2024-11-27 04:00:00,586,Thanjavur,0.5,-20.4882
2024-11-27 05:00:00,586,Thanjavur,1.5,-20.4882
2024-11-27 05:30:00,586,Thanjavur,2.0,-20.4882
2024-11-27 06:00:00,586,Thanjavur,1.25,-20.4882
2024-11-27 07:00:00,586,Thanjavur,3.125,-20.4882
2024-11-27 08:00:00,586,Thanjavur,1.0,-20.4882
2024-11-27 09:00:00,586,Thanjavur,0.75,-20.4882
2024-11-27 09:30:00,586,Thanjavur,1.5,-20.4618
2024-11-27 10:00:00,586,Thanjavur,1.625,-20.4618
2024-11-27 10:30:00,586,Thanjavur,1.0,-20.4618
2024-11-27 11:00:00,586,Thanjavur,2.875,-20.4618
2024-11-27 11:30:00,586,Thanjavur,1.5,-20.4618
2024-11-27 12:00:00,586,Thanjavur,2.1,-20.4618
2024-11-27 12:30:00,586,Thanjavur,0.5,-20.4618
2024-11-27 13:00:00,586,Thanjavur,1.0,-20.4618
2024-11-27 14:00:00,586,Thanjavur,0.5,-20.4618
2024-11-27 16:30:00,586,Thanjavur,0.5,-20.4164
2024-11-27 17:00:00,586,Thanjavur,0.5,-20.4164
2024-11-27 18:00:00,586,Thanjavur,0.5,-20.4164
2024-11-27 19:00:00,586,Thanjavur,0.5,-20.4164
2024-11-27 19:30:00,586,Thanjavur,0.5,-20.4164
2024-11-27 20:00:00,586,Thanjavur,0.5,-20.4164
2024-11-28 12:00:00,586,Thanjavur,0.5,-20.2444
2024-11-28 13:00:00,586,Thanjavur,0.5,-20.2444
2024-11-28 14:00:00,586,Thanjavur,0.75,-20.2444
2024-11-28 14:30:00,586,Thanjavur,0.5,-20.2444
2024-11-28 15:00:00,586,Thanjavur,0.5,-20.2444
2024-11-28 17:00:00,586,Thanjavur,0.5,-20.2686
2024-11-30 11:30:00,586,Thanjavur,0.5,-20.0496
2024-11-30 12:00:00,586,Thanjavur,0.5,-20.0496
2024-11-30 14:00:00,586,Thanjavur,0.5,-20.0496
2024-11-30 20:00:00,586,Thanjavur,0.5,-19.9544
2024-11-30 21:00:00,586,Thanjavur,1.0,-19.9544
2024-11-30 22:00:00,586,Thanjavur,0.5,-19.9366
2024-11-30 23:00:00,586,Thanjavur,0.5,-19.9366
2024-12-01 00:00:00,586,Thanjavur,0.75,-19.9366
2024-12-01 01:00:00,586,Thanjavur,1.0,-19.9366
2024-12-01 02:00:00,586,Thanjavur,2.25,-19.9366
2024-12-01 03:00:00,586,Thanjavur,3.5,-19.9366
2024-12-01 05:00:00,586,Thanjavur,3.5,-19.8804
2024-12-01 06:00:00,586,Thanjavur,0.5,-19.8804
2024-12-01 07:00:00,586,Thanjavur,0.5,-19.8804
2024-12-01 09:00:00,586,Thanjavur,0.5,-19.8804
2024-12-01 10:00:00,586,Thanjavur,0.5,-19.9594
2024-12-01 11:00:00,586,Thanjavur,0.5,-19.9594
2024-12-01 13:00:00,586,Thanjavur,3.0,-19.9594
2024-12-01 14:00:00,586,Thanjavur,3.0,-19.9594
2024-12-01 14:30:00,586,Thanjavur,1.5,-19.9594
2024-12-01 15:00:00,586,Thanjavur,1.6666666666666667,-19.9594
2024-12-01 15:30:00,586,Thanjavur,0.5,-19.9488
2024-12-01 16:00:00,586,Thanjavur,0.875,-19.9488
2024-12-01 17:00:00,586,Thanjavur,1.0,-19.9488
2024-12-01 18:00:00,586,Thanjavur,0.8333333333333334,-19.9488
2024-12-01 19:00:00,586,Thanjavur,2.5,-19.9488
2024-12-01 21:00:00,586,Thanjavur,0.5,-19.9488
2024-12-01 22:00:00,586,Thanjavur,0.75,-19.956
2024-12-01 22:30:00,586,Thanjavur,1.0,-19.956
2024-12-01 23:00:00,586,Thanjavur,1.5,-19.956
2024-12-02 02:00:00,586,Thanjavur,0.5,-19.956
2024-12-02 06:00:00,586,Thanjavur,0.5,-21.91375
2024-12-02 13:00:00,586,Thanjavur,92.5,-21.9735
2024-12-02 14:00:00,586,Thanjavur,97.0,-21.9735
2024-12-02 15:00:00,586,Thanjavur,7.5,-21.9735
2024-12-02 16:00:00,586,Thanjavur,0.5,-21.9705
2024-12-02 17:00:00,586,Thanjavur,1.5,-21.9705
2024-12-02 23:00:00,586,Thanjavur,0.5,-21.848
2024-12-03 09:00:00,586,Thanjavur,1.0,-21.7885
2024-12-03 11:00:00,586,Thanjavur,0.5,-21.964
2024-12-03 12:00:00,586,Thanjavur,4.5,-21.964
2024-12-03 14:00:00,586,Thanjavur,2.5,-21.964
2024-12-03 18:00:00,586,Thanjavur,1.0,-21.95275
2024-12-03 22:00:00,586,Thanjavur,1968.0,-21.80875
2024-12-04 10:00:00,586,Thanjavur,2.0,-19.9566
2024-12-04 15:30:00,586,Thanjavur,7.5,-19.9498
2024-12-04 16:00:00,586,Thanjavur,7.5,-19.9498
2024-12-04 17:00:00,586,Thanjavur,0.5,-19.9498
2024-12-04 18:00:00,586,Thanjavur,3.333333333333333,-19.9498
2024-12-05 15:00:00,586,Thanjavur,1.5,-19.9166
2024-12-11 08:00:00,586,Thanjavur,0.5,-19.7356
2024-12-11 09:00:00,586,Thanjavur,1.5,-19.7356
2024-12-11 10:00:00,586,Thanjavur,0.9,-19.8352
2024-12-11 11:00:00,586,Thanjavur,1.875,-19.8352
2024-12-11 12:00:00,586,Thanjavur,1.0,-19.8352
2024-12-11 12:30:00,586,Thanjavur,0.5,-19.8352
2024-12-11 13:00:00,586,Thanjavur,1.125,-19.8352
2024-12-11 13:30:00,586,Thanjavur,0.5,-19.8352
2024-12-11 14:00:00,586,Thanjavur,1.0,-19.8352
2024-12-11 14:30:00,586,Thanjavur,1.0,-19.8352
2024-12-11 15:00:00,586,Thanjavur,1.25,-19.8352
2024-12-11 16:00:00,586,Thanjavur,0.625,-19.812
2024-12-11 17:00:00,586,Thanjavur,0.5,-19.812
2024-12-11 18:00:00,586,Thanjavur,0.5,-19.812
2024-12-11 19:00:00,586,Thanjavur,0.5,-19.812
2024-12-11 19:30:00,586,Thanjavur,0.5,-19.812
2024-12-11 20:00:00,586,Thanjavur,0.6666666666666666,-19.812
2024-12-11 21:00:00,586,Thanjavur,2.5,-19.812
2024-12-11 22:00:00,586,Thanjavur,1.25,-19.6976
2024-12-11 23:00:00,586,Thanjavur,0.5,-19.6976
2024-12-11 23:30:00,586,Thanjavur,0.5,-19.6976
2024-12-12 00:00:00,586,Thanjavur,0.5,-19.6976
2024-12-12 01:00:00,586,Thanjavur,0.8,-19.6976
2024-12-12 01:30:00,586,Thanjavur,1.0,-19.6976
2024-12-12 02:00:00,586,Thanjavur,1.5833333333333333,-19.6976
2024-12-12 02:30:00,586,Thanjavur,7.0,-19.6976
2024-12-12 03:00:00,586,Thanjavur,12.833333333333334,-19.6976
2024-12-12 03:30:00,586,Thanjavur,5.0,-19.6424
2024-12-12 04:00:00,586,Thanjavur,8.2,-19.6424
2024-12-12 04:30:00,586,Thanjavur,3.0,-19.6424
2024-12-12 05:00:00,586,Thanjavur,5.5,-19.6424
2024-12-12 05:30:00,586,Thanjavur,2.5,-19.6424
2024-12-12 06:00:00,586,Thanjavur,3.2,-19.6424
2024-12-12 06:30:00,586,Thanjavur,2.5,-19.6424
2024-12-12 07:00:00,586,Thanjavur,3.9,-19.6424
2024-12-12 07:30:00,586,Thanjavur,0.5,-19.6424
2024-12-12 08:00:00,586,Thanjavur,3.6,-19.6424
2024-12-12 09:00:00,586,Thanjavur,2.75,-19.6424
2024-12-12 10:00:00,586,Thanjavur,3.5,-19.7118
2024-12-12 10:30:00,586,Thanjavur,1.0,-19.7118
2024-12-12 11:00:00,586,Thanjavur,6.875,-19.7118
2024-12-12 11:30:00,586,Thanjavur,0.5,-19.7118
2024-12-12 12:00:00,586,Thanjavur,2.125,-19.7118
2024-12-12 12:30:00,586,Thanjavur,16.5,-19.7118
2024-12-12 13:00:00,586,Thanjavur,9.666666666666666,-19.7118
2024-12-12 14:00:00,586,Thanjavur,1.25,-19.7118
2024-12-12 15:00:00,586,Thanjavur,4.75,-19.7118
2024-12-12 15:30:00,586,Thanjavur,1.5,-19.6566
2024-12-12 16:00:00,586,Thanjavur,3.375,-19.6566
2024-12-12 17:00:00,586,Thanjavur,1.5,-19.6566
2024-12-12 18:00:00,586,Thanjavur,4.5,-19.6566
2024-12-12 20:00:00,586,Thanjavur,0.5,-19.6566
2024-12-12 21:00:00,586,Thanjavur,1.0,-19.6566
2024-12-12 22:00:00,586,Thanjavur,6.666666666666667,-19.5174
2024-12-12 23:00:00,586,Thanjavur,12.5,-19.5174
2024-12-12 23:30:00,586,Thanjavur,2.0,-19.5174
2024-12-13 00:00:00,586,Thanjavur,3.25,-19.5174
2024-12-13 00:30:00,586,Thanjavur,0.5,-19.5174
2024-12-13 01:00:00,586,Thanjavur,3.2,-19.5174
2024-12-13 01:30:00,586,Thanjavur,0.5,-19.5174
2024-12-13 02:00:00,586,Thanjavur,6.2,-19.5174
2024-12-13 03:00:00,586,Thanjavur,2.833333333333333,-19.5174
2024-12-13 03:30:00,586,Thanjavur,0.5,-19.4304
2024-12-13 04:00:00,586,Thanjavur,0.8333333333333334,-19.4304
2024-12-13 05:00:00,586,Thanjavur,8.25,-19.4304
2024-12-13 06:00:00,586,Thanjavur,10.25,-19.4304
2024-12-13 07:00:00,586,Thanjavur,8.666666666666666,-19.4304
2024-12-13 07:30:00,586,Thanjavur,0.5,-19.4304
2024-12-13 08:00:00,586,Thanjavur,5.75,-19.4304
2024-12-13 08:30:00,586,Thanjavur,7.0,-19.4304
2024-12-13 09:00:00,586,Thanjavur,22.33333333333333,-19.4304
2024-12-13 10:00:00,586,Thanjavur,3.6666666666666665,-19.4556
2024-12-13 10:30:00,586,Thanjavur,0.5,-19.4556
2024-12-13 11:00:00,586,Thanjavur,3.1666666666666665,-19.4556
2024-12-13 11:30:00,586,Thanjavur,1.5,-19.4556
2024-12-13 12:00:00,586,Thanjavur,4.75,-19.4556
2024-12-13 12:30:00,586,Thanjavur,1.5,-19.4556
2024-12-13 13:00:00,586,Thanjavur,4.0,-19.4556
2024-12-13 13:30:00,586,Thanjavur,1.0,-19.4556
2024-12-13 14:00:00,586,Thanjavur,5.375,-19.4556
2024-12-13 16:00:00,586,Thanjavur,0.5,-19.357
2024-12-13 16:30:00,586,Thanjavur,1.0,-19.357
2024-12-13 17:00:00,586,Thanjavur,1.25,-19.357
2024-12-13 18:00:00,586,Thanjavur,1.0,-19.357
2024-12-13 18:30:00,586,Thanjavur,6.0,-19.357
2024-12-13 19:00:00,586,Thanjavur,2.833333333333333,-19.357
2024-12-13 20:00:00,586,Thanjavur,4.666666666666667,-19.357
2024-12-13 21:00:00,586,Thanjavur,6.0,-19.357
2024-12-13 22:00:00,586,Thanjavur,4.0,-19.2472
2024-12-13 23:30:00,586,Thanjavur,1.0,-19.2472
2024-12-14 00:00:00,586,Thanjavur,1.625,-19.2472
2024-12-14 01:00:00,586,Thanjavur,2.0,-19.2472
2024-12-14 02:00:00,586,Thanjavur,4.5,-19.2472
2024-12-14 02:30:00,586,Thanjavur,2.0,-19.2472
2024-12-14 03:00:00,586,Thanjavur,2.0,-19.2472
2024-12-14 03:30:00,586,Thanjavur,1.0,-19.1714
2024-12-14 04:00:00,586,Thanjavur,0.875,-19.1714
2024-12-14 04:30:00,586,Thanjavur,0.5,-19.1714
2024-12-14 05:00:00,586,Thanjavur,2.75,-19.1714
2024-12-14 06:00:00,586,Thanjavur,7.5,-19.1714
2024-12-14 07:00:00,586,Thanjavur,2.5,-19.1714
2024-12-14 08:00:00,586,Thanjavur,7.75,-19.1714
2024-12-14 09:00:00,586,Thanjavur,2.5,-19.1714
2024-12-14 11:00:00,586,Thanjavur,0.5,-19.282
2024-12-15 20:00:00,586,Thanjavur,307.0,-19.0838
2024-12-16 03:00:00,586,Thanjavur,0.5,-18.9398
2024-12-16 04:00:00,586,Thanjavur,4.0,-18.8644
2024-12-16 05:00:00,586,Thanjavur,1.5,-18.8644
2024-12-16 06:00:00,586,Thanjavur,3.0,-18.8644
2024-12-16 13:30:00,586,Thanjavur,0.5,-18.982
2024-12-16 14:00:00,586,Thanjavur,0.5,-18.982
2024-12-17 00:30:00,586,Thanjavur,0.5,-13.6895
2024-12-17 01:00:00,586,Thanjavur,0.5,-13.6895
2024-12-17 07:30:00,586,Thanjavur,0.5,-13.6465
2024-12-17 08:00:00,586,Thanjavur,0.5,-13.6465
2024-12-17 19:00:00,586,Thanjavur,0.5,-13.748
2024-12-17 19:30:00,586,Thanjavur,0.5,-13.748
2024-12-17 20:00:00,586,Thanjavur,1.0,-13.748
2024-12-17 21:00:00,586,Thanjavur,0.5,-13.748
2024-12-17 22:00:00,586,Thanjavur,0.5,-13.644
2024-12-17 23:00:00,586,Thanjavur,0.5,-13.644
2024-12-18 00:00:00,586,Thanjavur,0.5,-13.644
2024-12-18 01:00:00,586,Thanjavur,0.5,-13.644
2024-12-18 02:30:00,586,Thanjavur,0.5,-13.644
2024-12-18 08:00:00,586,Thanjavur,1.0,-13.61675
2024-12-18 08:30:00,586,Thanjavur,0.5,-13.61675
2024-12-18 09:00:00,586,Thanjavur,0.5,-13.61675
2024-12-18 11:00:00,586,Thanjavur,0.5,-13.74575
2024-12-18 15:30:00,586,Thanjavur,0.5,-18.8162
2024-12-18 16:00:00,586,Thanjavur,0.5,-18.8162
2024-12-18 17:30:00,586,Thanjavur,0.5,-18.8162
2024-12-18 18:00:00,586,Thanjavur,0.5,-18.8162
2024-12-18 19:30:00,586,Thanjavur,0.5,-18.8162
2024-12-18 20:00:00,586,Thanjavur,0.5,-18.8162
2024-12-18 22:30:00,586,Thanjavur,0.5,-18.705
2024-12-18 23:00:00,586,Thanjavur,0.5,-18.705
2024-12-19 00:30:00,586,Thanjavur,0.5,-18.705
2024-12-19 01:00:00,586,Thanjavur,0.5,-18.705
2024-12-19 02:30:00,586,Thanjavur,0.5,-18.705
2024-12-19 03:00:00,586,Thanjavur,0.5,-18.705
2024-12-19 03:30:00,586,Thanjavur,0.5,-18.6596
2024-12-19 04:00:00,586,Thanjavur,1.5,-18.6596
2024-12-19 04:30:00,586,Thanjavur,0.5,-18.6596
2024-12-19 05:00:00,586,Thanjavur,1.0,-18.6596
2024-12-19 05:30:00,586,Thanjavur,0.5,-18.6596
2024-12-19 06:00:00,586,Thanjavur,0.6666666666666666,-18.6596
2024-12-19 06:30:00,586,Thanjavur,0.5,-18.6596
2024-12-19 07:00:00,586,Thanjavur,1.0,-18.6596
2024-12-19 07:30:00,586,Thanjavur,0.5,-18.6596
2024-12-19 08:00:00,586,Thanjavur,0.75,-18.6596
2024-12-19 08:30:00,586,Thanjavur,0.5,-18.6596
2024-12-19 10:30:00,586,Thanjavur,0.5,-18.7934
2024-12-19 11:00:00,586,Thanjavur,0.5,-18.7934
2024-12-19 12:30:00,586,Thanjavur,0.5,-18.7934
2024-12-19 13:00:00,586,Thanjavur,0.5,-18.7934
2024-12-19 14:30:00,586,Thanjavur,0.5,-18.7934
2024-12-19 15:00:00,586,Thanjavur,0.5,-18.7934
2024-12-19 16:30:00,586,Thanjavur,0.5,-18.7604
2024-12-19 17:00:00,586,Thanjavur,0.5,-18.7604
2024-12-19 20:30:00,586,Thanjavur,0.5,-18.7604
2024-12-19 21:00:00,586,Thanjavur,0.5,-18.7604
2024-12-20 00:00:00,586,Thanjavur,4.5,-18.673
2024-12-20 01:00:00,586,Thanjavur,0.5,-18.673
2024-12-20 02:00:00,586,Thanjavur,0.5,-18.673
2024-12-20 03:30:00,586,Thanjavur,0.5,-18.6476
2024-12-20 04:00:00,586,Thanjavur,0.5,-18.6476
2024-12-20 06:00:00,586,Thanjavur,1.5,-18.6476
2024-12-20 07:00:00,586,Thanjavur,0.5,-18.6476
2024-12-20 07:30:00,586,Thanjavur,0.5,-18.6476
2024-12-20 08:00:00,586,Thanjavur,0.75,-18.6476
2024-12-20 09:30:00,586,Thanjavur,0.5,-18.7956
2024-12-20 10:00:00,586,Thanjavur,0.5,-18.7956
2024-12-20 11:00:00,586,Thanjavur,0.5,-18.7956
2024-12-20 13:00:00,586,Thanjavur,0.5,-18.7956
2024-12-20 14:30:00,586,Thanjavur,0.5,-18.7956
2024-12-20 15:00:00,586,Thanjavur,0.5,-18.7956
2024-12-20 16:30:00,586,Thanjavur,0.5,-18.7734
2024-12-20 17:00:00,586,Thanjavur,0.5,-18.7734
2024-12-20 17:30:00,586,Thanjavur,0.5,-18.7734
2024-12-20 18:00:00,586,Thanjavur,0.5,-18.7734
2024-12-20 18:30:00,586,Thanjavur,0.5,-18.7734
2024-12-20 19:00:00,586,Thanjavur,0.5,-18.7734
2024-12-20 20:00:00,586,Thanjavur,1.0,-18.7734
2024-12-20 20:30:00,586,Thanjavur,0.5,-18.7734
2024-12-20 21:00:00,586,Thanjavur,0.5,-18.7734
2024-12-20 22:00:00,586,Thanjavur,10.5,-18.666000000000004
2024-12-21 00:00:00,586,Thanjavur,0.5,-18.666000000000004
2024-12-21 04:00:00,586,Thanjavur,0.5,-18.6098
2024-12-21 05:00:00,586,Thanjavur,0.5,-18.6098
2024-12-21 09:00:00,586,Thanjavur,2.0,-18.6098
2024-12-21 10:00:00,586,Thanjavur,0.5,-18.7678
2024-12-21 11:00:00,586,Thanjavur,0.5,-18.7678
2024-12-21 12:30:00,586,Thanjavur,0.5,-18.7678
2024-12-21 13:00:00,586,Thanjavur,1.5,-18.7678
2024-12-21 13:30:00,586,Thanjavur,1.0,-18.7678
2024-12-21 14:00:00,586,Thanjavur,2.0,-18.7678
2024-12-21 14:30:00,586,Thanjavur,0.5,-18.7678
2024-12-21 15:00:00,586,Thanjavur,1.5,-18.7678
2024-12-21 15:30:00,586,Thanjavur,0.5,-18.7576
2024-12-21 16:00:00,586,Thanjavur,1.0,-18.7576
2024-12-21 16:30:00,586,Thanjavur,1.5,-18.7576
2024-12-21 17:00:00,586,Thanjavur,3.0,-18.7576
2024-12-21 17:30:00,586,Thanjavur,2.0,-18.7576
2024-12-21 18:00:00,586,Thanjavur,3.0,-18.7576
2024-12-21 18:30:00,586,Thanjavur,0.5,-18.7576
2024-12-21 19:00:00,586,Thanjavur,9.25,-18.7576
2024-12-21 19:30:00,586,Thanjavur,0.5,-18.7576
2024-12-21 20:00:00,586,Thanjavur,4.0,-18.7576
2024-12-21 21:00:00,586,Thanjavur,0.5,-18.7576
2024-12-21 22:00:00,586,Thanjavur,1.5,-18.6488
2024-12-21 22:30:00,586,Thanjavur,0.5,-18.6488
2024-12-21 23:00:00,586,Thanjavur,0.5,-18.6488
2024-12-22 00:00:00,586,Thanjavur,0.5,-18.6488
2024-12-22 02:00:00,586,Thanjavur,0.75,-18.6488
2024-12-22 03:00:00,586,Thanjavur,4.0,-18.6488
2024-12-22 03:30:00,586,Thanjavur,5.0,-18.6068
2024-12-22 04:00:00,586,Thanjavur,2.75,-18.6068
2024-12-22 04:30:00,586,Thanjavur,0.5,-18.6068
2024-12-22 05:00:00,586,Thanjavur,0.5,-18.6068
2024-12-22 05:30:00,586,Thanjavur,0.75,-18.6068
2024-12-22 06:00:00,586,Thanjavur,0.75,-18.6068
2024-12-22 09:00:00,586,Thanjavur,0.5,-18.6068
2024-12-22 10:30:00,586,Thanjavur,0.5,-18.7422
2024-12-22 11:00:00,586,Thanjavur,1.5,-18.7422
2024-12-22 11:30:00,586,Thanjavur,0.5,-18.7422
2024-12-22 12:00:00,586,Thanjavur,0.5,-18.7422
2024-12-22 13:00:00,586,Thanjavur,0.5,-18.7422
2024-12-22 14:30:00,586,Thanjavur,0.5,-18.7422
2024-12-22 15:00:00,586,Thanjavur,0.5,-18.7422
2024-12-22 17:00:00,586,Thanjavur,0.5,-18.7548
2024-12-22 20:30:00,586,Thanjavur,0.5,-18.7548
2024-12-22 21:00:00,586,Thanjavur,0.5,-18.7548
2024-12-23 01:00:00,586,Thanjavur,0.5,-18.6394
2024-12-23 03:00:00,586,Thanjavur,0.5,-18.6394
2024-12-23 04:30:00,586,Thanjavur,0.5,-18.5952
2024-12-23 05:00:00,586,Thanjavur,0.5,-18.5952
2024-12-23 06:00:00,586,Thanjavur,0.5,-18.5952
2024-12-23 08:00:00,586,Thanjavur,2.0,-18.5952
2024-12-23 12:30:00,586,Thanjavur,0.5,-18.7216
2024-12-23 13:00:00,586,Thanjavur,0.5,-18.7216
2024-12-23 15:00:00,586,Thanjavur,3.5,-18.7216
2024-12-23 19:30:00,586,Thanjavur,0.5,-18.7462
2024-12-23 20:00:00,586,Thanjavur,0.5,-18.7462
2024-12-23 20:30:00,586,Thanjavur,0.5,-18.7462
2024-12-23 21:00:00,586,Thanjavur,1.0,-18.7462
2024-12-23 21:30:00,586,Thanjavur,0.5,-18.6378
2024-12-23 22:00:00,586,Thanjavur,1.0,-18.6378
2024-12-23 23:00:00,586,Thanjavur,0.5,-18.6378
2024-12-23 23:30:00,586,Thanjavur,0.5,-18.6378
2024-12-24 00:00:00,586,Thanjavur,0.5,-18.6378
2024-12-24 01:00:00,586,Thanjavur,0.5,-18.6378
2024-12-24 03:00:00,586,Thanjavur,0.5,-18.6378
2024-12-24 03:30:00,586,Thanjavur,1.0,-18.5946
2024-12-24 04:00:00,586,Thanjavur,1.5,-18.5946
2024-12-24 05:00:00,586,Thanjavur,0.5,-18.5946
2024-12-24 05:30:00,586,Thanjavur,0.5,-18.5946
2024-12-24 06:00:00,586,Thanjavur,0.5,-18.5946
2024-12-24 06:30:00,586,Thanjavur,0.5,-18.5946
2024-12-24 07:00:00,586,Thanjavur,0.5,-18.5946
2024-12-24 07:30:00,586,Thanjavur,0.5,-18.5946
2024-12-24 08:00:00,586,Thanjavur,0.5,-18.5946
2024-12-24 09:00:00,586,Thanjavur,0.5,-18.5946
2024-12-24 10:30:00,586,Thanjavur,0.5,-18.748
2024-12-24 11:00:00,586,Thanjavur,0.5,-18.748
2024-12-24 13:00:00,586,Thanjavur,0.5,-18.748
2024-12-24 18:00:00,586,Thanjavur,0.5,-18.7162
2024-12-25 02:30:00,586,Thanjavur,0.5,-18.6246
2024-12-25 03:00:00,586,Thanjavur,0.5,-18.6246
2024-12-25 07:00:00,586,Thanjavur,0.5,-18.5832
2024-12-25 09:30:00,586,Thanjavur,0.5,-18.7292
2024-12-25 10:00:00,586,Thanjavur,1.0,-18.7292
2024-12-25 10:30:00,586,Thanjavur,0.5,-18.7292
2024-12-25 11:00:00,586,Thanjavur,1.0,-18.7292
2024-12-25 11:30:00,586,Thanjavur,0.5,-18.7292
2024-12-25 12:00:00,586,Thanjavur,1.0,-18.7292
2024-12-25 13:00:00,586,Thanjavur,0.5,-18.7292
2024-12-25 13:30:00,586,Thanjavur,1.0,-18.7292
2024-12-25 14:00:00,586,Thanjavur,2.0,-18.7292
2024-12-25 14:30:00,586,Thanjavur,1.5,-18.7292
2024-12-25 15:00:00,586,Thanjavur,2.5,-18.7292
2024-12-25 15:30:00,586,Thanjavur,1.0,-18.7392
2024-12-25 16:00:00,586,Thanjavur,2.0,-18.7392
2024-12-25 16:30:00,586,Thanjavur,1.0,-18.7392
2024-12-25 17:00:00,586,Thanjavur,1.5,-18.7392
2024-12-25 17:30:00,586,Thanjavur,1.0,-18.7392
2024-12-25 18:00:00,586,Thanjavur,1.5,-18.7392
2024-12-25 18:30:00,586,Thanjavur,0.5,-18.7392
2024-12-25 19:00:00,586,Thanjavur,0.5,-18.7392
2024-12-25 19:30:00,586,Thanjavur,0.5,-18.7392
2024-12-25 20:00:00,586,Thanjavur,0.5,-18.7392
2024-12-25 20:30:00,586,Thanjavur,0.5,-18.7392
2024-12-25 21:00:00,586,Thanjavur,0.5,-18.7392
2024-12-25 21:30:00,586,Thanjavur,0.5,-18.6202
2024-12-25 22:00:00,586,Thanjavur,0.5,-18.6202
2024-12-25 22:30:00,586,Thanjavur,0.5,-18.6202
2024-12-25 23:00:00,586,Thanjavur,1.0,-18.6202
2024-12-25 23:30:00,586,Thanjavur,0.5,-18.6202
2024-12-26 00:00:00,586,Thanjavur,1.0,-18.6202
2024-12-26 01:00:00,586,Thanjavur,1.0,-18.6202
2024-12-26 01:30:00,586,Thanjavur,0.5,-18.6202
2024-12-26 02:00:00,586,Thanjavur,1.0,-18.6202
2024-12-26 02:30:00,586,Thanjavur,0.5,-18.6202
2024-12-26 03:00:00,586,Thanjavur,0.75,-18.6202
2024-12-26 03:30:00,586,Thanjavur,0.5,-18.5808
2024-12-26 04:00:00,586,Thanjavur,23.0,-18.5808
2024-12-26 16:00:00,586,Thanjavur,0.5,-18.6998
2024-12-27 08:00:00,586,Thanjavur,0.5,-18.5614
2024-12-27 14:00:00,586,Thanjavur,1.25,-18.7098
2024-12-27 15:00:00,586,Thanjavur,0.75,-18.7098
2024-12-28 04:00:00,586,Thanjavur,0.5,-18.5836
2024-12-28 17:00:00,586,Thanjavur,1.5,-18.7064
2024-12-29 16:00:00,586,Thanjavur,0.5,-18.729
2024-12-29 17:00:00,586,Thanjavur,3.25,-18.729
2024-12-29 18:00:00,586,Thanjavur,0.5,-18.729
2024-12-29 19:00:00,586,Thanjavur,0.5,-18.729
2024-12-29 20:00:00,586,Thanjavur,0.5,-18.729
2024-12-29 21:00:00,586,Thanjavur,0.5,-18.729
2024-12-29 22:00:00,586,Thanjavur,0.5,-18.6132
2024-12-29 22:30:00,586,Thanjavur,2.0,-18.6132
2024-12-29 23:00:00,586,Thanjavur,1.25,-18.6132
2024-12-30 00:00:00,586,Thanjavur,1.5,-18.6132
2024-12-30 00:30:00,586,Thanjavur,1.0,-18.6132
2024-12-30 01:00:00,586,Thanjavur,1.5,-18.6132
2024-12-30 01:30:00,586,Thanjavur,1.5,-18.6132
2024-12-30 02:00:00,586,Thanjavur,2.333333333333333,-18.6132
2024-12-30 02:30:00,586,Thanjavur,0.5,-18.6132
2024-12-30 03:00:00,586,Thanjavur,0.5,-18.6132
2024-12-30 03:30:00,586,Thanjavur,1.0,-18.562400000000004
2024-12-30 04:00:00,586,Thanjavur,0.6666666666666666,-18.562400000000004
2024-12-30 04:30:00,586,Thanjavur,1.0,-18.562400000000004
2024-12-30 05:00:00,586,Thanjavur,2.0,-18.562400000000004
2024-12-30 05:30:00,586,Thanjavur,5.5,-18.562400000000004
2024-12-30 06:00:00,586,Thanjavur,2.5,-18.562400000000004
2024-12-30 07:00:00,586,Thanjavur,3.0,-18.562400000000004
2024-12-30 11:30:00,586,Thanjavur,2.0,-18.6822
2024-12-30 12:00:00,586,Thanjavur,2.0,-18.6822
2024-12-30 12:30:00,586,Thanjavur,0.75,-18.6822
2024-12-30 13:00:00,586,Thanjavur,1.375,-18.6822
2024-12-31 03:00:00,586,Thanjavur,0.5,-18.5712
2025-01-10 14:00:00,586,Thanjavur,0.5,-18.7932
2025-01-10 15:00:00,586,Thanjavur,0.5,-18.7932
2025-01-10 16:00:00,586,Thanjavur,0.5,-18.8202
2025-01-10 18:00:00,586,Thanjavur,0.5,-18.8202
2025-01-13 03:00:00,586,Thanjavur,2.0,-18.6912
2025-01-13 03:30:00,586,Thanjavur,2.25,-18.659
2025-01-13 04:00:00,586,Thanjavur,3.5,-18.659
2025-01-13 04:30:00,586,Thanjavur,6.5,-18.659
2025-01-13 14:00:00,586,Thanjavur,0.5,-18.799
2025-01-15 02:00:00,586,Thanjavur,0.5,-18.8034
2025-01-15 04:00:00,586,Thanjavur,1.0,-18.7768
2025-01-18 15:00:00,586,Thanjavur,0.5,-18.8692
2025-01-18 15:30:00,586,Thanjavur,0.5,-18.8406
2025-01-18 16:00:00,586,Thanjavur,0.5,-18.8406
2025-01-18 16:30:00,586,Thanjavur,1.5,-18.8406
2025-01-18 17:00:00,586,Thanjavur,1.0,-18.8406
2025-01-18 18:00:00,586,Thanjavur,0.5,-18.8406
2025-01-18 18:30:00,586,Thanjavur,1.5,-18.8406
2025-01-18 19:00:00,586,Thanjavur,1.25,-18.8406
2025-01-18 19:30:00,586,Thanjavur,1.0,-18.8406
2025-01-18 20:00:00,586,Thanjavur,7.75,-18.8406
2025-01-18 20:30:00,586,Thanjavur,0.5,-18.8406
2025-01-18 21:00:00,586,Thanjavur,0.6666666666666666,-18.8406
2025-01-18 22:30:00,586,Thanjavur,1.0,-18.7506
2025-01-18 23:00:00,586,Thanjavur,2.0,-18.7506
2025-01-18 23:30:00,586,Thanjavur,1.25,-18.7506
2025-01-19 00:00:00,586,Thanjavur,1.8333333333333333,-18.7506
2025-01-19 00:30:00,586,Thanjavur,0.75,-18.7506
2025-01-19 01:00:00,586,Thanjavur,2.333333333333333,-18.7506
2025-01-19 01:30:00,586,Thanjavur,0.75,-18.7506
2025-01-19 02:00:00,586,Thanjavur,2.5,-18.7506
2025-01-19 03:00:00,586,Thanjavur,2.0,-18.7506
2025-01-19 03:30:00,586,Thanjavur,1.0,-18.686
2025-01-19 04:00:00,586,Thanjavur,1.75,-18.686
2025-01-19 04:30:00,586,Thanjavur,2.0,-18.686
2025-01-19 05:00:00,586,Thanjavur,1.75,-18.686
2025-01-19 05:30:00,586,Thanjavur,0.5,-18.686
2025-01-19 06:00:00,586,Thanjavur,0.5,-18.686
2025-01-19 14:00:00,586,Thanjavur,2.0,-18.8008
2025-01-19 14:30:00,586,Thanjavur,5.25,-18.8008
2025-01-19 15:00:00,586,Thanjavur,3.8333333333333335,-18.8008
2025-01-19 16:00:00,586,Thanjavur,0.5,-18.7998
2025-01-19 18:00:00,586,Thanjavur,1.75,-18.7998
2025-01-19 20:00:00,586,Thanjavur,2.5,-18.7998
2025-01-20 00:00:00,586,Thanjavur,1.0,-18.7912
2025-01-20 06:00:00,586,Thanjavur,0.5,-18.762
2025-01-20 11:00:00,586,Thanjavur,0.5,-18.7918
2025-01-20 16:00:00,586,Thanjavur,0.5,-18.7526
2025-01-20 21:00:00,586,Thanjavur,9.5,-18.7526
2025-01-20 22:00:00,586,Thanjavur,53.0,-18.6688
2025-01-20 23:00:00,586,Thanjavur,4.0,-18.6688
2025-01-21 00:00:00,586,Thanjavur,1.0,-18.6688
2025-01-21 02:00:00,586,Thanjavur,1.0,-18.6688
2025-01-21 03:00:00,586,Thanjavur,6.5,-18.6688
2025-01-21 07:00:00,586,Thanjavur,0.5,-18.6252
2025-01-21 23:00:00,586,Thanjavur,1.5,-18.634
2025-01-22 00:00:00,586,Thanjavur,2.5,-18.634
2025-01-22 07:00:00,586,Thanjavur,1.5,-18.596
2025-01-22 09:00:00,586,Thanjavur,0.5,-18.596
2025-02-01 14:00:00,586,Thanjavur,1.0,-18.9235
2025-02-02 06:00:00,586,Thanjavur,1.0,-18.78875
2025-02-02 09:00:00,586,Thanjavur,4.5,-18.78875
2025-02-03 02:00:00,586,Thanjavur,1.0,-18.8595
2025-02-03 13:00:00,586,Thanjavur,4.0,-19.04325
2025-02-27 22:00:00,586,Thanjavur,4.25,-21.206
2025-02-27 23:00:00,586,Thanjavur,0.5,-21.206
2025-02-28 00:00:00,586,Thanjavur,2.6666666666666665,-21.206
2025-02-28 00:30:00,586,Thanjavur,0.5,-21.206
2025-02-28 01:00:00,586,Thanjavur,2.25,-21.206
2025-02-28 02:00:00,586,Thanjavur,1.25,-21.206
2025-02-28 02:30:00,586,Thanjavur,5.5,-21.206
2025-02-28 03:00:00,586,Thanjavur,7.25,-21.206
2025-02-28 04:30:00,586,Thanjavur,0.5,-21.17875
2025-02-28 05:00:00,586,Thanjavur,0.8333333333333334,-21.17875
2025-02-28 11:00:00,586,Thanjavur,1.5,-21.3585
2025-02-28 12:00:00,586,Thanjavur,2.5,-21.3585
2025-02-28 13:00:00,586,Thanjavur,6.5,-21.3585
2025-02-28 14:00:00,586,Thanjavur,7.333333333333333,-21.3585
2025-02-28 14:30:00,586,Thanjavur,0.5,-21.3585
2025-02-28 15:00:00,586,Thanjavur,6.0,-21.3585
2025-02-28 21:30:00,586,Thanjavur,2.5,-21.231
2025-02-28 22:00:00,586,Thanjavur,6.5,-21.231
2025-02-28 22:30:00,586,Thanjavur,4.0,-21.231
2025-02-28 23:00:00,586,Thanjavur,4.0,-21.231
2025-03-01 00:00:00,586,Thanjavur,1.0,-21.231
2025-03-01 05:00:00,586,Thanjavur,5.0,-20.5498
2025-03-01 05:30:00,586,Thanjavur,0.5,-20.5498
2025-03-01 06:00:00,586,Thanjavur,0.5,-20.5498
2025-03-01 08:00:00,586,Thanjavur,11.0,-20.5498
2025-03-01 08:30:00,586,Thanjavur,1.0,-20.5498
2025-03-01 09:00:00,586,Thanjavur,2.0,-20.5498
2025-03-01 09:30:00,586,Thanjavur,0.5,-21.3645
2025-03-01 10:00:00,586,Thanjavur,0.5,-21.3645
2025-03-01 11:00:00,586,Thanjavur,0.5,-21.3645
2025-03-01 13:00:00,586,Thanjavur,0.75,-21.3645
2025-03-01 15:00:00,586,Thanjavur,5.5,-21.3645
2025-03-11 00:00:00,586,Thanjavur,0.5,-21.4062
2025-03-11 03:30:00,586,Thanjavur,0.5,-21.3946
2025-03-11 04:00:00,586,Thanjavur,0.5,-21.3946
2025-03-11 05:00:00,586,Thanjavur,0.5,-21.3946
2025-03-11 06:00:00,586,Thanjavur,0.6666666666666666,-21.3946
2025-03-11 07:00:00,586,Thanjavur,2.0,-21.3946
2025-03-11 07:30:00,586,Thanjavur,0.5,-21.3946
2025-03-11 08:00:00,586,Thanjavur,2.5,-21.3946
2025-03-11 09:00:00,586,Thanjavur,2.25,-21.3946
2025-03-11 09:30:00,586,Thanjavur,0.5,-21.5134
2025-03-11 10:00:00,586,Thanjavur,0.8333333333333334,-21.5134
2025-03-11 10:30:00,586,Thanjavur,5.5,-21.5134
2025-03-11 11:00:00,586,Thanjavur,4.4,-21.5134
2025-03-11 11:30:00,586,Thanjavur,0.5,-21.5134
2025-03-11 12:00:00,586,Thanjavur,3.6666666666666665,-21.5134
2025-03-11 12:30:00,586,Thanjavur,1.25,-21.5134
2025-03-11 13:00:00,586,Thanjavur,6.333333333333333,-21.5134
2025-03-11 13:30:00,586,Thanjavur,0.5,-21.5134
2025-03-11 14:00:00,586,Thanjavur,1.1666666666666667,-21.5134
2025-03-11 14:30:00,586,Thanjavur,0.75,-21.5134
2025-03-11 15:00:00,586,Thanjavur,4.9,-21.5134
2025-03-11 15:30:00,586,Thanjavur,0.5,-21.5
2025-03-11 16:00:00,586,Thanjavur,6.166666666666667,-21.5
2025-03-11 16:30:00,586,Thanjavur,5.5,-21.5
2025-03-11 17:00:00,586,Thanjavur,6.916666666666667,-21.5
2025-03-11 17:30:00,586,Thanjavur,5.0,-21.5
2025-03-11 18:00:00,586,Thanjavur,6.9,-21.5
2025-03-11 18:30:00,586,Thanjavur,2.5,-21.5
2025-03-11 19:00:00,586,Thanjavur,3.333333333333333,-21.5
2025-03-11 19:30:00,586,Thanjavur,0.5,-21.5
2025-03-11 20:00:00,586,Thanjavur,0.75,-21.5
2025-03-12 08:00:00,586,Thanjavur,0.5,-21.335
2025-03-12 09:30:00,586,Thanjavur,0.5,-21.4686
2025-03-12 10:00:00,586,Thanjavur,16.5,-21.4686
2025-03-12 10:30:00,586,Thanjavur,0.5,-21.4686
2025-03-12 11:00:00,586,Thanjavur,1.6666666666666667,-21.4686
2025-03-12 11:30:00,586,Thanjavur,1.75,-21.4686
2025-03-12 12:00:00,586,Thanjavur,5.333333333333333,-21.4686
2025-03-12 13:00:00,586,Thanjavur,2.5,-21.4686
2025-03-12 13:30:00,586,Thanjavur,0.5,-21.4686
2025-03-12 14:00:00,586,Thanjavur,3.25,-21.4686
2025-03-16 14:30:00,586,Thanjavur,6.0,-22.11125
2025-03-16 15:00:00,586,Thanjavur,6.5,-22.11125
2025-03-21 13:30:00,586,Thanjavur,0.5,-22.5885
2025-03-21 14:00:00,586,Thanjavur,0.5,-22.5885
2025-03-21 16:30:00,586,Thanjavur,0.5,-21.709
2025-03-21 17:00:00,586,Thanjavur,0.5,-21.709
2025-03-22 14:00:00,586,Thanjavur,1.5,-22.71
2025-03-23 09:30:00,586,Thanjavur,1.5,-14.8
2025-03-23 10:00:00,586,Thanjavur,4.0,-14.8
2025-03-23 18:00:00,586,Thanjavur,2.5,-15.89275
2025-03-26 16:00:00,586,Thanjavur,0.5,-20.74233333333333
2025-03-26 18:00:00,586,Thanjavur,0.5,-20.74233333333333
2025-03-26 19:15:00,586,Thanjavur,1.5,-20.74233333333333
2025-03-26 19:30:00,586,Thanjavur,9.5,-20.74233333333333
2025-03-27 07:00:00,586,Thanjavur,0.5,-15.97825
2025-03-31 14:00:00,586,Thanjavur,2.5,-11.5005
2025-03-31 17:00:00,586,Thanjavur,5.5,-11.499
2025-03-31 18:00:00,586,Thanjavur,2.5,-11.499
2025-03-31 19:00:00,586,Thanjavur,0.5,-11.499
2025-04-01 13:00:00,586,Thanjavur,0.5,-14.338666666666668
2025-04-01 16:00:00,586,Thanjavur,4.0,-14.334
2025-04-02 15:00:00,586,Thanjavur,0.5,-14.391999999999998
2025-04-02 16:00:00,586,Thanjavur,3.0,-14.407000000000002
2025-04-02 17:00:00,586,Thanjavur,33.0,-14.407000000000002
2025-04-02 21:00:00,586,Thanjavur,0.5,-14.407000000000002
2025-04-03 07:00:00,586,Thanjavur,6.0,-16.58525
2025-04-03 08:00:00,586,Thanjavur,3.0,-16.58525
2025-04-03 09:00:00,586,Thanjavur,2.0,-16.58525
2025-04-03 09:30:00,586,Thanjavur,0.5,-16.757
2025-04-03 09:35:00,586,Thanjavur,0.5,-16.757
2025-04-03 09:40:00,586,Thanjavur,0.5,-16.757
2025-04-03 09:45:00,586,Thanjavur,0.5,-16.757
2025-04-03 09:50:00,586,Thanjavur,1.0,-16.757
2025-04-03 09:55:00,586,Thanjavur,1.0,-16.757
2025-04-03 10:00:00,586,Thanjavur,1.0,-16.757
2025-04-03 11:00:00,586,Thanjavur,3.0,-16.757
2025-04-03 12:00:00,586,Thanjavur,0.5,-16.757
2025-04-03 12:30:00,586,Thanjavur,1.0,-16.757
2025-04-03 13:00:00,586,Thanjavur,1.5,-16.757
2025-04-03 14:10:00,586,Thanjavur,0.5,-16.757
2025-04-03 14:15:00,586,Thanjavur,1.5,-16.757
2025-04-03 14:20:00,586,Thanjavur,3.0,-16.757
2025-04-03 14:25:00,586,Thanjavur,3.5,-16.757
2025-04-03 14:30:00,586,Thanjavur,3.5,-16.757
2025-04-03 14:35:00,586,Thanjavur,3.5,-16.757
2025-04-03 14:40:00,586,Thanjavur,3.5,-16.757
2025-04-03 14:45:00,586,Thanjavur,3.5,-16.757
2025-04-03 14:50:00,586,Thanjavur,3.5,-16.757
2025-04-03 14:55:00,586,Thanjavur,3.5,-16.757
2025-04-03 15:00:00,586,Thanjavur,6.25,-16.757
2025-04-03 16:00:00,586,Thanjavur,3.5,-16.76175
2025-04-03 16:30:00,586,Thanjavur,0.5,-16.76175
2025-04-03 16:35:00,586,Thanjavur,1.5,-16.76175
2025-04-03 16:40:00,586,Thanjavur,1.5,-16.76175
2025-04-03 16:45:00,586,Thanjavur,1.5,-16.76175
2025-04-03 16:50:00,586,Thanjavur,1.5,-16.76175
2025-04-03 16:55:00,586,Thanjavur,2.0,-16.76175
2025-04-03 17:00:00,586,Thanjavur,2.0,-16.76175
2025-04-05 14:00:00,586,Thanjavur,0.5,-16.823999999999998
2025-04-05 15:30:00,586,Thanjavur,0.5,-16.83425
2025-04-05 16:00:00,586,Thanjavur,1.0,-16.83425
2025-04-11 19:00:00,586,Thanjavur,1.25,-17.379
2025-04-11 20:00:00,586,Thanjavur,13.0,-17.379
2025-04-11 21:00:00,586,Thanjavur,0.75,-17.379
2025-04-11 21:30:00,586,Thanjavur,3.5,-17.1075
2025-04-11 22:00:00,586,Thanjavur,3.0,-17.1075
2025-04-11 22:30:00,586,Thanjavur,4.5,-17.1075
2025-04-11 23:00:00,586,Thanjavur,11.833333333333334,-17.1075
2025-04-11 23:30:00,586,Thanjavur,3.5,-17.1075
2025-04-12 00:00:00,586,Thanjavur,7.75,-17.1075
2025-04-12 00:30:00,586,Thanjavur,0.5,-17.1075
2025-04-12 01:00:00,586,Thanjavur,1.0,-17.1075
2025-04-12 03:00:00,586,Thanjavur,1.5,-17.1075
2025-04-12 04:00:00,586,Thanjavur,0.5,-17.07825
2025-04-17 04:00:00,586,Thanjavur,0.5,-17.323
2025-04-18 11:00:00,586,Thanjavur,2.5,-16.783333333333335
2025-04-18 12:00:00,586,Thanjavur,1.0,-16.783333333333335
2025-04-18 19:00:00,586,Thanjavur,16.5,-16.836666666666666
2025-04-21 06:00:00,586,Thanjavur,0.5,-17.425
2025-04-22 03:00:00,586,Thanjavur,2.0,-17.52675
2025-04-22 04:00:00,586,Thanjavur,0.5,-17.49775
2025-04-26 05:00:00,586,Thanjavur,1.5,-17.77275
2025-04-26 06:00:00,586,Thanjavur,8.0,-17.77275
2025-04-26 06:30:00,586,Thanjavur,2.0,-17.77275
2025-04-26 07:00:00,586,Thanjavur,4.5,-17.77275
2025-04-26 07:30:00,586,Thanjavur,0.5,-17.77275
2025-04-26 08:00:00,586,Thanjavur,6.5,-17.77275
2025-04-26 11:00:00,586,Thanjavur,0.5,-17.1055
2025-04-26 15:00:00,586,Thanjavur,2.0,-17.1055
2025-04-26 16:00:00,586,Thanjavur,0.5,-17.90875
2025-04-27 02:00:00,586,Thanjavur,0.5,-17.952749999999998
2025-04-27 03:00:00,586,Thanjavur,1.0,-17.952749999999998
2025-04-27 09:00:00,586,Thanjavur,1.0,-17.97125
2025-04-27 10:00:00,586,Thanjavur,3.5,-18.07625
2025-04-27 11:00:00,586,Thanjavur,4.5,-18.07625
2025-04-27 12:00:00,586,Thanjavur,618.5,-18.07625
2025-04-27 13:00:00,586,Thanjavur,0.5,-18.07625
2025-04-28 04:00:00,586,Thanjavur,0.5,-17.93025
2025-04-28 04:30:00,586,Thanjavur,6.5,-17.93025
2025-04-28 05:00:00,586,Thanjavur,6.5,-17.93025
2025-04-28 06:00:00,586,Thanjavur,0.5,-17.93025
2025-04-28 08:00:00,586,Thanjavur,0.5,-17.93025
2025-05-04 21:00:00,586,Thanjavur,0.5,-18.33325
2025-05-04 22:00:00,586,Thanjavur,10.75,-24.8104
2025-05-05 00:00:00,586,Thanjavur,1.0,-24.8104
2025-05-05 01:00:00,586,Thanjavur,0.5,-24.8104
2025-05-05 09:00:00,586,Thanjavur,2.0,-24.86725
2025-05-05 10:00:00,586,Thanjavur,1.5,-24.99675
2025-05-05 11:00:00,586,Thanjavur,0.5,-24.99675
2025-05-06 23:00:00,586,Thanjavur,0.5,-24.8648
2025-05-07 21:00:00,586,Thanjavur,0.5,-25.1088
2025-05-07 22:30:00,586,Thanjavur,1.0,-25.0216
2025-05-07 23:00:00,586,Thanjavur,1.0,-25.0216
2025-05-10 03:00:00,586,Thanjavur,94.75,-25.0406
2025-05-10 04:00:00,586,Thanjavur,63.0,-25.0542
2025-05-10 11:55:00,586,Thanjavur,5.5,-25.003000000000004
2025-05-10 12:00:00,586,Thanjavur,7.5,-25.003000000000004
2025-05-10 13:40:00,586,Thanjavur,59.5,-25.003000000000004
2025-05-10 13:45:00,586,Thanjavur,59.5,-25.003000000000004
2025-05-10 14:00:00,586,Thanjavur,63.0,-25.003000000000004
2025-05-10 16:15:00,586,Thanjavur,0.5,-26.65575
2025-05-10 17:00:00,586,Thanjavur,2.0,-26.65575
2025-05-10 17:35:00,586,Thanjavur,21.0,-26.65575
2025-05-10 18:00:00,586,Thanjavur,12.0,-26.65575
2025-05-14 21:00:00,586,Thanjavur,1.75,-25.96
2025-05-14 22:00:00,586,Thanjavur,0.5,-25.8
2025-05-16 17:00:00,586,Thanjavur,1.0,-18.996666666666663
2025-05-16 18:00:00,586,Thanjavur,5.25,-18.996666666666663
2025-05-17 06:00:00,586,Thanjavur,0.5,-19.05
2025-05-17 08:00:00,586,Thanjavur,0.5,-19.05
2025-05-17 09:00:00,586,Thanjavur,0.5,-19.05
2025-05-17 11:00:00,586,Thanjavur,0.5,-19.15
2025-05-17 12:00:00,586,Thanjavur,1.0,-19.15
2025-05-17 19:00:00,586,Thanjavur,1.75,-19.106666666666666
2025-05-17 20:00:00,586,Thanjavur,11.5,-19.106666666666666
2025-05-17 21:00:00,586,Thanjavur,8.375,-19.106666666666666
2025-05-17 22:00:00,586,Thanjavur,7.666666666666667,-19.10333333333333
2025-05-17 23:00:00,586,Thanjavur,1.6666666666666667,-19.10333333333333
2025-05-18 00:00:00,586,Thanjavur,0.875,-19.10333333333333
2025-05-18 01:00:00,586,Thanjavur,0.5,-19.10333333333333
2025-05-18 04:00:00,586,Thanjavur,0.5,-19.12666666666667
2025-05-18 05:00:00,586,Thanjavur,0.5,-19.12666666666667
2025-05-18 06:00:00,586,Thanjavur,0.5,-19.12666666666667
2025-05-18 09:00:00,586,Thanjavur,0.5,-19.12666666666667
2025-05-18 10:00:00,586,Thanjavur,1.0,-19.176666666666662
2025-05-18 12:00:00,586,Thanjavur,0.5,-19.176666666666662
2025-05-18 19:30:00,586,Thanjavur,0.5,-19.166666666666668
2025-05-18 20:00:00,586,Thanjavur,3.5,-19.166666666666668
2025-05-18 21:00:00,586,Thanjavur,11.75,-19.166666666666668
2025-05-18 21:30:00,586,Thanjavur,0.5,-19.026666666666667
2025-05-18 22:00:00,586,Thanjavur,1.0,-19.026666666666667
2025-05-18 22:30:00,586,Thanjavur,1.0,-19.026666666666667
2025-05-18 23:00:00,586,Thanjavur,5.166666666666667,-19.026666666666667
2025-05-18 23:30:00,586,Thanjavur,1.0,-19.026666666666667
2025-05-19 00:00:00,586,Thanjavur,7.0,-19.026666666666667
2025-05-19 00:30:00,586,Thanjavur,0.5,-19.026666666666667
2025-05-19 01:00:00,586,Thanjavur,3.333333333333333,-19.026666666666667
2025-05-19 02:00:00,586,Thanjavur,1.6666666666666667,-19.026666666666667
2025-05-19 03:00:00,586,Thanjavur,0.5,-19.026666666666667
2025-05-19 04:00:00,586,Thanjavur,1.0,-18.953333333333333
2025-05-19 04:30:00,586,Thanjavur,0.5,-18.953333333333333
2025-05-19 05:00:00,586,Thanjavur,0.75,-18.953333333333333
2025-05-19 06:00:00,586,Thanjavur,0.5,-18.953333333333333
2025-05-19 07:00:00,586,Thanjavur,0.5,-18.953333333333333
2025-05-19 07:30:00,586,Thanjavur,0.5,-18.953333333333333
2025-05-19 08:00:00,586,Thanjavur,0.5,-18.953333333333333
2025-05-19 08:30:00,586,Thanjavur,0.5,-18.953333333333333
2025-05-19 09:00:00,586,Thanjavur,0.5,-18.953333333333333
2025-05-19 10:00:00,586,Thanjavur,0.5,-19.13
2025-05-19 13:00:00,586,Thanjavur,0.5,-19.13
2025-05-19 13:30:00,586,Thanjavur,0.5,-19.13
2025-05-19 14:00:00,586,Thanjavur,0.5,-19.13
2025-05-19 14:30:00,586,Thanjavur,0.5,-19.13
2025-05-19 15:00:00,586,Thanjavur,0.75,-19.13
2025-05-19 16:30:00,586,Thanjavur,0.5,-19.12
2025-05-19 17:00:00,586,Thanjavur,0.5,-19.12
2025-05-19 17:30:00,586,Thanjavur,0.5,-19.12
2025-05-19 18:00:00,586,Thanjavur,0.5,-19.12
2025-05-19 19:00:00,586,Thanjavur,0.5,-19.12
2025-05-19 19:30:00,586,Thanjavur,0.5,-19.12
2025-05-19 20:00:00,586,Thanjavur,0.5,-19.12
2025-05-19 21:30:00,586,Thanjavur,0.5,-18.99333333333333
2025-05-19 22:00:00,586,Thanjavur,0.5,-18.99333333333333
2025-05-19 23:30:00,586,Thanjavur,0.5,-18.99333333333333
2025-05-20 00:00:00,586,Thanjavur,0.5,-18.99333333333333
2025-05-20 01:00:00,586,Thanjavur,0.5,-18.99333333333333
2025-05-20 02:00:00,586,Thanjavur,0.5,-18.99333333333333
2025-05-20 05:00:00,586,Thanjavur,0.5,-18.933333333333334
2025-05-20 08:30:00,586,Thanjavur,0.5,-18.933333333333334
2025-05-20 09:00:00,586,Thanjavur,0.5,-18.933333333333334
2025-05-20 10:00:00,586,Thanjavur,0.5,-19.146666666666665
2025-05-20 11:30:00,586,Thanjavur,0.5,-19.146666666666665
2025-05-20 12:00:00,586,Thanjavur,0.5,-19.146666666666665
2025-05-20 14:00:00,586,Thanjavur,0.5,-19.146666666666665
2025-05-20 16:30:00,586,Thanjavur,0.5,-19.146666666666665
2025-05-20 17:00:00,586,Thanjavur,0.5,-19.146666666666665
2025-05-20 18:00:00,586,Thanjavur,0.5,-19.146666666666665
2025-05-20 19:30:00,586,Thanjavur,0.5,-19.146666666666665
2025-05-20 20:00:00,586,Thanjavur,0.5,-19.146666666666665
2025-05-21 06:30:00,586,Thanjavur,0.5,-18.98
2025-05-21 07:00:00,586,Thanjavur,0.5,-18.98
2025-05-21 10:30:00,586,Thanjavur,0.5,-19.19333333333333
2025-05-21 11:00:00,586,Thanjavur,0.5,-19.19333333333333
2025-05-21 13:30:00,586,Thanjavur,0.5,-19.19333333333333
2025-05-21 14:00:00,586,Thanjavur,0.5,-19.19333333333333
2025-05-21 17:30:00,586,Thanjavur,0.5,-19.2
2025-05-21 18:00:00,586,Thanjavur,0.5,-19.2
2025-05-21 19:00:00,586,Thanjavur,0.5,-19.2
2025-05-21 22:30:00,586,Thanjavur,0.5,-19.063333333333333
2025-05-21 23:00:00,586,Thanjavur,0.5,-19.063333333333333
2025-05-22 09:00:00,586,Thanjavur,0.5,-19.01
2025-05-22 11:00:00,586,Thanjavur,0.5,-19.196666666666665
2025-05-22 12:00:00,586,Thanjavur,0.5,-19.196666666666665
2025-05-23 10:00:00,586,Thanjavur,0.5,-27.43
2025-05-23 10:30:00,586,Thanjavur,0.5,-27.43
2025-05-23 11:00:00,586,Thanjavur,0.5,-27.43
2025-05-23 11:30:00,586,Thanjavur,0.5,-27.43
2025-05-23 12:00:00,586,Thanjavur,1.0,-27.43
2025-05-23 13:30:00,586,Thanjavur,0.5,-27.43
2025-05-23 14:00:00,586,Thanjavur,1.0,-27.43
2025-05-23 15:00:00,586,Thanjavur,0.5,-27.43
2025-05-23 15:30:00,586,Thanjavur,0.5,-27.45
2025-05-23 16:00:00,586,Thanjavur,1.0,-27.45
2025-05-23 17:00:00,586,Thanjavur,0.5,-27.45
2025-05-23 17:30:00,586,Thanjavur,0.5,-27.45
2025-05-23 18:00:00,586,Thanjavur,1.0,-27.45
2025-05-23 18:30:00,586,Thanjavur,0.5,-27.45
2025-05-23 19:00:00,586,Thanjavur,9.5,-27.45
2025-05-23 19:30:00,586,Thanjavur,0.5,-27.45
2025-05-23 20:00:00,586,Thanjavur,1.75,-27.45
2025-05-23 20:30:00,586,Thanjavur,0.5,-27.45
2025-05-23 21:00:00,586,Thanjavur,2.875,-27.45
2025-05-23 22:00:00,586,Thanjavur,0.5,-27.47
2025-05-24 00:00:00,586,Thanjavur,0.5,-27.47
2025-05-24 01:00:00,586,Thanjavur,0.5,-27.47
2025-05-24 06:00:00,586,Thanjavur,0.5,-16.045
2025-05-24 07:00:00,586,Thanjavur,0.5,-16.045
2025-05-24 07:30:00,586,Thanjavur,0.5,-16.045
2025-05-24 08:00:00,586,Thanjavur,0.5,-16.045
2025-05-24 08:30:00,586,Thanjavur,0.5,-16.045
2025-05-24 09:00:00,586,Thanjavur,0.5,-16.045
2025-05-24 10:00:00,586,Thanjavur,0.5,-16.075
2025-05-24 11:00:00,586,Thanjavur,0.5,-16.075
2025-05-24 11:30:00,586,Thanjavur,0.5,-16.075
2025-05-24 12:00:00,586,Thanjavur,0.5,-16.075
2025-05-24 12:30:00,586,Thanjavur,0.5,-16.075
2025-05-24 13:00:00,586,Thanjavur,0.5,-16.075
2025-05-24 13:30:00,586,Thanjavur,0.5,-16.075
2025-05-24 14:00:00,586,Thanjavur,1.0,-16.075
2025-05-24 16:00:00,586,Thanjavur,0.5,-16.01
2025-05-25 07:00:00,586,Thanjavur,0.5,-18.76333333333333
2025-05-25 09:00:00,586,Thanjavur,0.5,-18.76333333333333
2025-05-26 00:00:00,586,Thanjavur,0.5,-18.966666666666665
2025-05-26 12:00:00,586,Thanjavur,7.0,-18.99333333333333
2025-05-26 17:00:00,586,Thanjavur,0.5,-18.99
2025-05-26 19:00:00,586,Thanjavur,0.5,-18.99
2025-05-26 23:00:00,586,Thanjavur,0.5,-18.80666666666667
2025-05-27 00:00:00,586,Thanjavur,0.5,-18.80666666666667
2025-05-28 15:00:00,586,Thanjavur,0.5,-19.01
2025-05-28 16:00:00,586,Thanjavur,0.5,-19.03333333333333
2025-05-28 18:00:00,586,Thanjavur,0.5,-19.03333333333333
2025-05-29 16:00:00,586,Thanjavur,5.25,-19.216666666666665
2025-05-30 01:00:00,586,Thanjavur,0.5,-19.076666666666668
2025-05-30 16:00:00,586,Thanjavur,2.0,-19.313333333333333
2025-05-30 17:00:00,586,Thanjavur,14.5,-19.313333333333333
2025-06-02 17:00:00,586,Thanjavur,1.0,-19.446666666666665
2025-06-02 18:00:00,586,Thanjavur,6.5,-19.446666666666665
2025-06-03 16:00:00,586,Thanjavur,1.0,-19.476666666666667
2025-06-03 17:00:00,586,Thanjavur,2.0,-19.476666666666667
2025-06-06 08:00:00,586,Thanjavur,3.5,-16.925
2025-06-06 10:35:00,586,Thanjavur,1.0,-16.985
2025-06-06 10:40:00,586,Thanjavur,1.0,-16.985
2025-06-06 11:00:00,586,Thanjavur,1.0,-16.985
2025-06-09 00:00:00,586,Thanjavur,6.0,-19.883333333333336
2025-06-10 00:00:00,586,Thanjavur,50.25,-20.0
2025-06-10 01:00:00,586,Thanjavur,1.0,-20.0
2025-06-10 02:00:00,586,Thanjavur,1.0,-20.0
2025-06-10 04:00:00,586,Thanjavur,0.5,-19.92
2025-06-10 09:00:00,586,Thanjavur,0.5,-19.92
2025-06-10 17:00:00,586,Thanjavur,7.5,-20.156666666666663
2025-06-11 09:00:00,586,Thanjavur,3.5,-20.05333333333333
2025-06-11 10:00:00,586,Thanjavur,11.5,-20.26
2025-06-11 17:00:00,586,Thanjavur,5.0,-20.246666666666663
2025-06-12 11:00:00,586,Thanjavur,0.5,-20.36
2025-06-12 17:00:00,586,Thanjavur,0.5,-20.42333333333333
2025-06-12 18:00:00,586,Thanjavur,3.5,-20.42333333333333
2025-06-12 19:00:00,586,Thanjavur,0.5,-20.42333333333333
2025-06-13 17:00:00,586,Thanjavur,19.5,-17.82
2025-06-13 18:00:00,586,Thanjavur,4.6,-17.82
2025-06-13 19:00:00,586,Thanjavur,6.0,-17.82
2025-06-13 20:00:00,586,Thanjavur,2.5,-17.82
2025-06-13 23:00:00,586,Thanjavur,1.5,-17.830000000000002
2025-06-14 02:00:00,586,Thanjavur,3.0,-17.830000000000002
2025-06-14 04:00:00,586,Thanjavur,3.0,-20.29
2025-06-14 18:00:00,586,Thanjavur,11.5,-20.50333333333333
2025-06-14 19:00:00,586,Thanjavur,2.625,-20.50333333333333
2025-06-14 20:00:00,586,Thanjavur,1.0,-20.50333333333333
2025-06-14 21:00:00,586,Thanjavur,0.5,-20.50333333333333
2025-06-19 17:00:00,586,Thanjavur,2.0,-18.445
2025-06-19 21:00:00,586,Thanjavur,0.5,-18.445
2025-06-20 19:00:00,586,Thanjavur,1.0,-20.976666666666667
2025-06-20 20:00:00,586,Thanjavur,0.5,-20.976666666666667
2025-06-22 17:00:00,586,Thanjavur,4.5,-21.14333333333333
2025-06-22 18:00:00,586,Thanjavur,7.333333333333333,-21.14333333333333
2025-06-22 19:00:00,586,Thanjavur,0.5,-21.14333333333333
2025-06-22 21:00:00,586,Thanjavur,0.5,-21.14333333333333
2025-06-26 19:00:00,586,Thanjavur,19.0,-21.006666666666668
2025-06-26 20:00:00,586,Thanjavur,2.75,-21.006666666666668
2025-06-26 21:00:00,586,Thanjavur,8.5,-21.006666666666668
2025-06-28 18:00:00,586,Thanjavur,11.0,-21.006666666666668
2025-06-28 19:00:00,586,Thanjavur,5.0,-21.006666666666668
2025-06-28 20:00:00,586,Thanjavur,0.5,-21.006666666666668
2025-07-14 01:00:00,586,Thanjavur,5.5,-21.0
2025-07-14 02:00:00,586,Thanjavur,1.0,-21.0
2025-07-16 18:00:00,586,Thanjavur,3.0,-21.0
2025-07-16 19:00:00,586,Thanjavur,4.833333333333333,-21.0
2025-07-16 20:00:00,586,Thanjavur,1.1666666666666667,-21.0
2025-07-16 21:00:00,586,Thanjavur,0.5,-21.0
2025-07-16 22:00:00,586,Thanjavur,0.5,-21.0
2025-07-16 23:00:00,586,Thanjavur,0.5,-21.0
2025-07-22 20:00:00,586,Thanjavur,2.0,-18.22
2025-07-23 17:00:00,586,Thanjavur,1.5,-18.08
2025-07-23 18:00:00,586,Thanjavur,0.8333333333333334,-18.08
2025-07-23 19:00:00,586,Thanjavur,1.25,-18.08
2025-07-23 20:00:00,586,Thanjavur,0.5,-18.08
2025-07-24 17:00:00,586,Thanjavur,1.0,-17.91
2025-07-31 16:00:00,586,Thanjavur,2.5,-27.74575
2025-07-31 22:00:00,586,Thanjavur,0.5,-27.316
2025-07-31 23:00:00,586,Thanjavur,2.0,-27.316
2025-08-01 21:00:00,586,Thanjavur,1.0,-27.40125
2025-08-01 22:00:00,586,Thanjavur,12.5,-27.21275
2025-08-01 23:00:00,586,Thanjavur,8.5,-27.21275
2025-08-02 00:00:00,586,Thanjavur,1.0,-27.21275
2025-08-02 01:00:00,586,Thanjavur,1.0,-27.21275
2025-08-02 02:00:00,586,Thanjavur,1.0,-27.21275
2025-08-02 14:00:00,586,Thanjavur,0.5,-27.3275
2025-08-02 21:00:00,586,Thanjavur,9.666666666666666,-27.25575
2025-08-02 22:00:00,586,Thanjavur,6.833333333333333,-27.10525
2025-08-02 23:00:00,586,Thanjavur,2.5,-27.10525
2025-08-03 21:00:00,586,Thanjavur,0.5,-27.1025
2025-08-04 01:00:00,586,Thanjavur,0.5,-27.06625
2025-08-04 12:00:00,586,Thanjavur,8.0,-27.03175
2025-08-04 13:00:00,586,Thanjavur,3.0,-27.03175
2025-08-04 16:00:00,586,Thanjavur,15.5,-26.96925
2025-08-04 17:00:00,586,Thanjavur,9.5,-26.96925
2025-08-04 20:00:00,586,Thanjavur,0.5,-26.96925
2025-08-04 21:00:00,586,Thanjavur,1.0,-26.96925
2025-08-04 22:00:00,586,Thanjavur,0.5,-26.73975
2025-08-05 00:00:00,586,Thanjavur,2.0,-26.73975
2025-08-05 01:00:00,586,Thanjavur,0.5,-26.73975
2025-08-05 14:00:00,586,Thanjavur,2.5,-26.728
2025-08-05 15:00:00,586,Thanjavur,5.5,-26.728
2025-08-05 16:00:00,586,Thanjavur,6.5,-26.72775
2025-08-05 17:00:00,586,Thanjavur,19.5,-26.72775
2025-08-05 18:00:00,586,Thanjavur,0.5,-26.72775
2025-08-05 19:00:00,586,Thanjavur,208.75,-26.72775
2025-08-05 20:00:00,586,Thanjavur,17.5,-26.72775
2025-08-05 21:00:00,586,Thanjavur,3.5,-26.72775
2025-08-05 22:00:00,586,Thanjavur,0.5,-26.44475
2025-08-05 23:00:00,586,Thanjavur,1.0,-26.44475
2025-08-07 11:00:00,586,Thanjavur,0.5,-26.25225
2025-08-07 12:00:00,586,Thanjavur,3.5,-26.25225
2025-08-07 13:00:00,586,Thanjavur,5.0,-26.25225
2025-08-07 14:00:00,586,Thanjavur,1.0,-26.25225
2025-08-07 16:00:00,586,Thanjavur,1.0,-26.17675
2025-08-07 17:00:00,586,Thanjavur,1.0,-26.17675
2025-08-07 19:00:00,586,Thanjavur,91.0,-26.17675
2025-08-07 20:00:00,586,Thanjavur,156.0,-26.17675
2025-08-07 21:00:00,586,Thanjavur,2.5,-26.17675
2025-08-07 23:00:00,586,Thanjavur,1.5,-26.0585
2025-08-08 10:00:00,586,Thanjavur,1.0,-26.0745
2025-08-08 11:00:00,586,Thanjavur,0.5,-26.0745
2025-08-08 12:00:00,586,Thanjavur,7.0,-26.0745
2025-08-08 13:00:00,586,Thanjavur,2.5,-26.0745
2025-08-08 14:00:00,586,Thanjavur,1.0,-26.0745
2025-08-08 16:00:00,586,Thanjavur,0.5,-25.9995
2025-08-08 20:00:00,586,Thanjavur,1.0,-25.9995
2025-08-08 21:00:00,586,Thanjavur,0.5,-25.9995
2025-08-08 22:00:00,586,Thanjavur,1.5,-25.83625
2025-08-08 23:00:00,586,Thanjavur,9.833333333333334,-25.83625
2025-08-09 00:00:00,586,Thanjavur,5.0,-25.83625
2025-08-09 01:00:00,586,Thanjavur,2.25,-25.83625
2025-08-09 02:00:00,586,Thanjavur,2.25,-25.83625
2025-08-09 03:00:00,586,Thanjavur,1.0,-25.83625
2025-08-09 15:00:00,586,Thanjavur,17.0,-25.8315
2025-08-10 15:00:00,586,Thanjavur,3.0,-25.648000000000003
2025-08-10 16:00:00,586,Thanjavur,11.0,-25.5915
2025-08-10 17:00:00,586,Thanjavur,11.0,-25.5915
2025-08-10 18:00:00,586,Thanjavur,0.5,-25.5915
2025-08-10 21:00:00,586,Thanjavur,0.5,-25.5915
2025-08-11 00:00:00,586,Thanjavur,6.0,-25.43375
2025-08-11 01:00:00,586,Thanjavur,12.75,-25.43375
2025-08-11 02:00:00,586,Thanjavur,0.5,-25.43375
2025-08-11 03:00:00,586,Thanjavur,7.0,-25.43375
2025-08-11 04:00:00,586,Thanjavur,2.333333333333333,-32.54566666666667
2025-08-11 05:00:00,586,Thanjavur,0.75,-32.54566666666667
2025-08-11 06:00:00,586,Thanjavur,0.5,-32.54566666666667
2025-08-11 07:00:00,586,Thanjavur,1.0,-32.54566666666667
2025-08-11 08:00:00,586,Thanjavur,2.0,-32.54566666666667
2025-08-11 09:00:00,586,Thanjavur,0.5,-32.54566666666667
2025-08-11 12:00:00,586,Thanjavur,7.5,-32.634
2025-08-11 13:00:00,586,Thanjavur,0.5,-32.634
2025-08-11 14:00:00,586,Thanjavur,1.0,-32.634
2025-08-13 18:00:00,586,Thanjavur,6.0,-32.126666666666665
2025-08-14 18:00:00,586,Thanjavur,6.5,-24.713
2025-08-14 19:00:00,586,Thanjavur,4.75,-24.713
2025-08-22 03:00:00,586,Thanjavur,19.0,-24.0555
2025-08-22 04:00:00,586,Thanjavur,2.0,-24.02975
2025-08-24 23:00:00,586,Thanjavur,21.0,-30.783
2025-08-25 00:00:00,586,Thanjavur,0.5,-30.783
2025-08-27 16:00:00,586,Thanjavur,4.0,-22.318
2025-08-27 18:00:00,586,Thanjavur,10.5,-22.318
2025-08-28 09:00:00,586,Thanjavur,0.5,-22.28475
2025-09-02 02:00:00,586,Thanjavur,0.5,-23.68975
2025-09-05 08:00:00,586,Thanjavur,0.5,-23.7175
2025-09-07 18:00:00,586,Thanjavur,2.0,-30.312
2025-09-07 21:00:00,586,Thanjavur,1.5,-30.312
2025-09-07 22:00:00,586,Thanjavur,7.25,-23.61375
2025-09-08 00:00:00,586,Thanjavur,0.5,-23.61375
2025-09-08 09:00:00,586,Thanjavur,0.5,-23.60725
2025-09-08 10:00:00,586,Thanjavur,2.0,-23.65375
2025-09-08 12:00:00,586,Thanjavur,4.0,-23.65375
2025-09-08 13:00:00,586,Thanjavur,0.5,-23.65375
2025-09-08 14:00:00,586,Thanjavur,0.5,-23.65375
2025-09-08 18:00:00,586,Thanjavur,2.0,-23.56675
2025-09-08 21:00:00,586,Thanjavur,0.5,-23.56675
2025-09-08 22:00:00,586,Thanjavur,2.0,-23.4545
2025-09-08 23:00:00,586,Thanjavur,0.5,-23.4545
2025-09-09 02:00:00,586,Thanjavur,0.5,-23.4545
2025-09-09 11:00:00,586,Thanjavur,0.5,-23.56175
2025-09-10 02:00:00,586,Thanjavur,5.0,-23.3865
2025-09-10 05:00:00,586,Thanjavur,0.5,-23.37975
2025-09-10 07:00:00,586,Thanjavur,4.5,-23.37975
2025-09-10 08:00:00,586,Thanjavur,1.0,-23.37975
2025-09-10 09:00:00,586,Thanjavur,4.5,-23.37975
2025-09-10 11:00:00,586,Thanjavur,2.5,-23.52175
2025-09-10 12:00:00,586,Thanjavur,1.0,-23.52175
2025-09-10 13:00:00,586,Thanjavur,1.5,-23.52175
2025-09-10 20:00:00,586,Thanjavur,1.0,-23.47425
2025-09-10 22:00:00,586,Thanjavur,1.5,-23.31675
2025-09-10 23:00:00,586,Thanjavur,1.0,-23.31675
2025-09-11 00:00:00,586,Thanjavur,0.5,-23.31675
2025-09-11 05:00:00,586,Thanjavur,0.5,-23.270000000000003
2025-09-11 18:00:00,586,Thanjavur,10.5,-23.4245
2025-09-11 20:00:00,586,Thanjavur,20.0,-23.4245
2025-09-11 21:00:00,586,Thanjavur,8.0,-23.4245
2025-09-12 00:00:00,586,Thanjavur,0.5,-23.24725
2025-09-12 12:00:00,586,Thanjavur,10.5,-23.351750000000003
2025-09-12 15:00:00,586,Thanjavur,2.5,-23.351750000000003
2025-09-13 04:00:00,586,Thanjavur,3.5,-23.14325
2025-09-14 18:00:00,586,Thanjavur,0.5,-23.22125
2025-09-16 12:00:00,586,Thanjavur,0.5,-23.038
2025-09-16 18:15:00,586,Thanjavur,2.5,-22.87575
2025-09-16 19:00:00,586,Thanjavur,2.5,-22.87575
2025-09-16 20:00:00,586,Thanjavur,0.5,-22.87575
2025-09-16 21:00:00,586,Thanjavur,6.25,-22.87575
2025-09-16 22:00:00,586,Thanjavur,9.0,-23.031
2025-09-16 23:00:00,586,Thanjavur,0.5,-23.031
2025-09-17 01:00:00,586,Thanjavur,0.5,-23.031
2025-09-17 02:00:00,586,Thanjavur,0.5,-23.031
2025-09-17 03:00:00,586,Thanjavur,0.5,-23.031
2025-09-17 04:00:00,586,Thanjavur,0.5,-23.0475
2025-09-17 06:00:00,586,Thanjavur,1.0,-23.0475
2025-09-17 07:00:00,586,Thanjavur,0.5,-23.0475
2025-09-17 08:00:00,586,Thanjavur,0.5,-23.0475
2025-09-17 08:25:00,586,Thanjavur,1.0,-23.0475
2025-09-17 09:00:00,586,Thanjavur,5.5,-23.0475
2025-09-17 10:00:00,586,Thanjavur,1.5,-23.0985
2025-09-17 11:00:00,586,Thanjavur,16.0,-23.0985
2025-09-17 14:00:00,586,Thanjavur,3.0,-23.0985
2025-09-17 14:25:00,586,Thanjavur,1.0,-23.0985
2025-09-17 15:00:00,586,Thanjavur,2.75,-23.0985
2025-09-17 16:00:00,586,Thanjavur,20.0,-23.0235
2025-09-17 17:00:00,586,Thanjavur,3.8333333333333335,-23.0235
2025-09-17 18:00:00,586,Thanjavur,1.0,-23.0235
2025-09-17 19:00:00,586,Thanjavur,0.5,-23.0235
2025-09-18 12:00:00,586,Thanjavur,0.5,-22.948500000000003
2025-09-18 17:00:00,586,Thanjavur,10.5,-22.924750000000003
2025-09-18 18:00:00,586,Thanjavur,1.5,-22.924750000000003
2025-09-18 19:00:00,586,Thanjavur,0.5,-22.924750000000003
2025-09-18 20:00:00,586,Thanjavur,0.5,-22.924750000000003
2025-09-18 21:00:00,586,Thanjavur,0.5,-22.924750000000003
2025-09-18 22:00:00,586,Thanjavur,1.0,-22.924750000000003
2025-09-18 23:00:00,586,Thanjavur,8.5,-22.924750000000003
2025-09-20 00:00:00,586,Thanjavur,3.1,-22.685250000000003
2025-09-20 01:00:00,586,Thanjavur,0.625,-22.685250000000003
2025-09-20 02:00:00,586,Thanjavur,0.5,-22.685250000000003
2025-09-20 06:00:00,586,Thanjavur,0.5,-22.6005
2025-09-20 07:00:00,586,Thanjavur,0.5,-22.6005
2025-09-20 23:00:00,586,Thanjavur,0.5,-22.568
2025-09-21 00:00:00,586,Thanjavur,9.0,-22.568
2025-09-21 01:00:00,586,Thanjavur,3.5,-22.568
2025-09-21 02:00:00,586,Thanjavur,0.5,-22.568
2025-09-21 03:00:00,586,Thanjavur,0.5,-22.568
2025-09-21 10:00:00,586,Thanjavur,1.5,-22.62825
2025-09-21 18:00:00,586,Thanjavur,0.5,-22.61425
2025-09-22 18:00:00,586,Thanjavur,4.5,-22.60975
2025-09-22 20:00:00,586,Thanjavur,1.5,-22.60975
2025-09-24 07:00:00,586,Thanjavur,0.5,-22.38175
2025-09-24 18:00:00,586,Thanjavur,1.0,-22.4595
2025-09-24 19:00:00,586,Thanjavur,1.5,-22.4595
2025-09-24 21:00:00,586,Thanjavur,5.0,-22.4595
2025-09-24 22:00:00,586,Thanjavur,4.5,-22.3655
2025-09-25 18:00:00,586,Thanjavur,4.75,-22.44625
2025-09-25 19:00:00,586,Thanjavur,10.5,-22.44625
2025-09-25 20:00:00,586,Thanjavur,0.6666666666666666,-22.44625
2025-09-25 21:00:00,586,Thanjavur,2.875,-22.44625
2025-09-25 22:00:00,586,Thanjavur,0.5,-22.388
2025-09-26 11:00:00,586,Thanjavur,4.5,-22.405
2025-09-26 17:00:00,586,Thanjavur,0.5,-22.37975
2025-09-26 19:00:00,586,Thanjavur,0.75,-22.37975
2025-09-26 20:00:00,586,Thanjavur,0.5,-22.37975
2025-09-26 21:00:00,586,Thanjavur,0.5,-22.37975
2025-09-27 06:00:00,586,Thanjavur,0.5,-22.17775
2025-09-27 18:00:00,586,Thanjavur,0.5,-22.35225
2025-09-27 21:00:00,586,Thanjavur,1.0,-22.35225
2025-09-27 23:00:00,586,Thanjavur,0.5,-22.2305
2025-09-28 00:00:00,586,Thanjavur,0.5,-22.2305
2025-09-28 02:00:00,586,Thanjavur,0.5,-22.2305
2025-09-28 08:00:00,586,Thanjavur,0.5,-22.19275
2025-09-28 15:00:00,586,Thanjavur,0.5,-22.37025
2025-09-29 00:00:00,586,Thanjavur,0.5,-22.19425
2025-09-29 06:00:00,586,Thanjavur,0.5,-22.18
2025-09-29 14:00:00,586,Thanjavur,0.5,-22.33
2025-09-30 02:00:00,586,Thanjavur,0.5,-22.227
2025-10-04 04:00:00,586,Thanjavur,4.0,-22.345
2025-10-04 05:00:00,586,Thanjavur,0.5,-22.345
2025-10-04 07:00:00,586,Thanjavur,0.5,-22.345
2025-10-04 08:00:00,586,Thanjavur,2.0,-22.345
2025-10-04 09:00:00,586,Thanjavur,4.833333333333333,-22.345
2025-10-04 10:00:00,586,Thanjavur,0.8333333333333334,-22.47225
2025-10-04 11:00:00,586,Thanjavur,0.5,-22.47225
2025-10-05 18:00:00,586,Thanjavur,11.166666666666666,-28.74466666666667
2025-10-05 19:00:00,586,Thanjavur,1.0,-28.74466666666667
2025-10-05 19:40:00,586,Thanjavur,0.5,-28.74466666666667
2025-10-05 19:45:00,586,Thanjavur,1.0,-28.74466666666667
2025-10-05 19:50:00,586,Thanjavur,2.0,-28.74466666666667
2025-10-05 19:55:00,586,Thanjavur,3.5,-28.74466666666667
2025-10-05 20:00:00,586,Thanjavur,23.75,-28.74466666666667
2025-10-05 20:05:00,586,Thanjavur,1.0,-28.74466666666667
2025-10-05 20:10:00,586,Thanjavur,1.0,-28.74466666666667
2025-10-05 20:15:00,586,Thanjavur,1.5,-28.74466666666667
2025-10-05 20:20:00,586,Thanjavur,2.0,-28.74466666666667
2025-10-05 20:25:00,586,Thanjavur,2.5,-28.74466666666667
2025-10-05 20:30:00,586,Thanjavur,2.5,-28.74466666666667
2025-10-05 20:35:00,586,Thanjavur,2.5,-28.74466666666667
2025-10-05 20:40:00,586,Thanjavur,2.5,-28.74466666666667
2025-10-05 20:45:00,586,Thanjavur,2.5,-28.74466666666667
2025-10-05 20:50:00,586,Thanjavur,2.5,-28.74466666666667
2025-10-05 20:55:00,586,Thanjavur,2.5,-28.74466666666667
2025-10-05 21:00:00,586,Thanjavur,1.3333333333333333,-28.74466666666667
2025-10-05 21:35:00,586,Thanjavur,0.5,-28.57633333333333
2025-10-05 21:40:00,586,Thanjavur,0.5,-28.57633333333333
2025-10-05 21:45:00,586,Thanjavur,0.5,-28.57633333333333
2025-10-05 21:50:00,586,Thanjavur,0.5,-28.57633333333333
2025-10-05 21:55:00,586,Thanjavur,0.5,-28.57633333333333
2025-10-05 22:00:00,586,Thanjavur,0.5,-28.57633333333333
2025-10-06 00:00:00,586,Thanjavur,0.5,-28.57633333333333
2025-10-06 10:00:00,586,Thanjavur,0.5,-28.57633333333333
2025-10-16 00:00:00,586,Thanjavur,0.5,-41.012
2025-10-16 02:00:00,586,Thanjavur,1.0,-41.012
2025-10-16 03:00:00,586,Thanjavur,0.5,-41.012
2025-10-16 04:00:00,586,Thanjavur,0.8333333333333334,-41.012
2025-10-16 05:00:00,586,Thanjavur,2.0,-41.012
2025-10-16 10:00:00,586,Thanjavur,7.0,-41.012
2025-10-16 11:00:00,586,Thanjavur,10.625,-41.012
2025-10-16 12:00:00,586,Thanjavur,39.0,-41.012
2025-10-16 13:00:00,586,Thanjavur,1.0,-41.012
2025-10-16 14:00:00,586,Thanjavur,2.75,-41.012
2025-10-16 15:00:00,586,Thanjavur,0.6666666666666666,-41.012
2025-10-16 16:00:00,586,Thanjavur,3.5,-41.012
2025-10-16 17:00:00,586,Thanjavur,10.5,-41.012
2025-10-16 18:00:00,586,Thanjavur,3.0,-41.012
2025-10-16 21:00:00,586,Thanjavur,0.5,-41.012
2025-10-17 02:00:00,586,Thanjavur,2.0,-41.012
2025-10-17 03:00:00,586,Thanjavur,1.25,-41.012
2025-10-17 04:00:00,586,Thanjavur,0.5,-41.012
2025-10-17 05:00:00,586,Thanjavur,1.25,-41.012
2025-10-17 08:00:00,586,Thanjavur,2.5,-41.012
2025-10-17 09:00:00,586,Thanjavur,1.25,-41.012
2025-10-17 11:00:00,586,Thanjavur,2.0,-41.012
2025-10-17 12:00:00,586,Thanjavur,1.0,-41.012
2025-10-17 13:00:00,586,Thanjavur,2.125,-41.012
2025-10-17 14:00:00,586,Thanjavur,6.625,-41.012
2025-10-17 15:00:00,586,Thanjavur,2.5,-41.012
2025-10-17 16:00:00,586,Thanjavur,9.25,-41.012
2025-10-17 17:00:00,586,Thanjavur,13.375,-41.012
2025-10-17 18:00:00,586,Thanjavur,2.0,-41.012
2025-10-17 19:00:00,586,Thanjavur,1.5,-41.012
2025-10-17 23:00:00,586,Thanjavur,0.5,-41.012
2025-10-18 02:00:00,586,Thanjavur,7.0,-41.012
2025-10-18 03:00:00,586,Thanjavur,5.9,-41.012
2025-10-18 04:00:00,586,Thanjavur,2.25,-41.012
2025-10-18 05:00:00,586,Thanjavur,0.8333333333333334,-41.012
2025-10-18 07:00:00,586,Thanjavur,0.5,-41.012
2025-10-18 11:00:00,586,Thanjavur,11.5,-41.012
2025-10-18 15:00:00,586,Thanjavur,4.5,-41.012
2025-10-18 16:00:00,586,Thanjavur,18.75,-41.012
2025-10-18 17:00:00,586,Thanjavur,1.75,-41.012
2025-10-18 18:00:00,586,Thanjavur,0.5,-41.012
2025-10-18 20:00:00,586,Thanjavur,0.5,-41.012
2025-10-18 23:00:00,586,Thanjavur,3.0,-41.012
2025-10-19 00:00:00,586,Thanjavur,5.5,-41.012
2025-10-19 01:00:00,586,Thanjavur,5.0,-41.012
2025-10-19 02:00:00,586,Thanjavur,9.0,-41.012
2025-10-19 03:00:00,586,Thanjavur,99.0,-41.012
2025-10-19 04:00:00,586,Thanjavur,1.0,-41.012
2025-10-19 07:00:00,586,Thanjavur,1.0,-41.012
2025-10-19 08:00:00,586,Thanjavur,9.5,-41.012
2025-10-19 09:00:00,586,Thanjavur,1.5,-41.012
2025-10-19 10:00:00,586,Thanjavur,3.0,-41.012
2025-10-19 14:00:00,586,Thanjavur,0.5,-41.012
2025-10-20 01:00:00,586,Thanjavur,6.5,-41.012
2025-10-20 03:00:00,586,Thanjavur,0.5,-41.012
2025-10-20 04:00:00,586,Thanjavur,7.666666666666667,-41.012
2025-10-20 05:00:00,586,Thanjavur,1.5,-41.012
2025-10-20 06:00:00,586,Thanjavur,6.5,-41.012
2025-10-20 07:00:00,586,Thanjavur,0.5,-41.012
2025-10-20 08:00:00,586,Thanjavur,0.5,-41.012
2025-10-20 10:00:00,586,Thanjavur,1.0,-41.012
2025-10-20 16:00:00,586,Thanjavur,0.5,-41.012
2025-10-20 22:00:00,586,Thanjavur,0.5,-41.012
2025-10-21 00:00:00,586,Thanjavur,0.5,-41.012
2025-10-21 01:00:00,586,Thanjavur,0.7,-41.012
2025-10-21 02:00:00,586,Thanjavur,2.7,-41.012
2025-10-21 03:00:00,586,Thanjavur,1.3333333333333333,-41.012
2025-10-21 04:00:00,586,Thanjavur,2.6,-41.012
2025-10-21 05:00:00,586,Thanjavur,6.833333333333333,-41.012
2025-10-21 06:00:00,586,Thanjavur,5.833333333333333,-41.012
2025-10-21 07:00:00,586,Thanjavur,5.5,-41.012
2025-10-21 08:00:00,586,Thanjavur,6.083333333333333,-41.012
2025-10-21 09:00:00,586,Thanjavur,8.0,-41.012
2025-10-21 10:00:00,586,Thanjavur,2.125,-41.012
2025-10-21 11:00:00,586,Thanjavur,7.666666666666667,-41.012
2025-10-21 12:00:00,586,Thanjavur,2.1666666666666665,-41.012
2025-10-21 13:00:00,586,Thanjavur,1.75,-41.012
2025-10-21 14:00:00,586,Thanjavur,1.8,-41.012
2025-10-21 15:00:00,586,Thanjavur,2.625,-41.012
2025-10-21 16:00:00,586,Thanjavur,0.75,-41.012
2025-10-21 17:00:00,586,Thanjavur,0.5,-41.012
2025-10-21 18:00:00,586,Thanjavur,1.9,-41.012
2025-10-21 19:00:00,586,Thanjavur,1.0,-41.012
2025-10-21 20:00:00,586,Thanjavur,2.25,-41.012
2025-10-21 21:00:00,586,Thanjavur,3.0,-41.012
2025-10-21 22:00:00,586,Thanjavur,5.75,-41.012
2025-10-21 23:00:00,586,Thanjavur,2.1666666666666665,-41.012
2025-10-22 04:00:00,586,Thanjavur,1.0,-41.012
2025-10-22 05:00:00,586,Thanjavur,1.5,-41.012
2025-10-22 06:00:00,586,Thanjavur,0.5,-41.012
2025-10-22 07:00:00,586,Thanjavur,1.0,-41.012
2025-10-22 08:00:00,586,Thanjavur,1.0,-41.012
2025-10-22 09:00:00,586,Thanjavur,7.0,-41.012
2025-10-22 10:00:00,586,Thanjavur,1.5,-41.012
2025-10-22 11:00:00,586,Thanjavur,1.5,-41.012
2025-10-23 16:00:00,586,Thanjavur,13.5,-40.967
2025-10-23 17:00:00,586,Thanjavur,1.5,-40.967
2025-10-23 19:00:00,586,Thanjavur,11.25,-40.967
2025-10-23 20:00:00,586,Thanjavur,5.666666666666667,-40.967
2025-10-23 21:00:00,586,Thanjavur,1.25,-40.967
2025-10-24 09:00:00,586,Thanjavur,0.5,-40.79
2025-10-24 13:00:00,586,Thanjavur,0.5,-40.865
2025-10-25 23:00:00,586,Thanjavur,19.25,-40.754
2025-10-26 00:00:00,586,Thanjavur,5.375,-40.754
2025-10-26 01:00:00,586,Thanjavur,1.5,-40.754
2025-10-26 06:00:00,586,Thanjavur,0.5,-40.662
2025-11-02 13:00:00,586,Thanjavur,0.5,-40.853
2025-11-02 17:00:00,586,Thanjavur,0.5,-40.746
2025-11-02 18:00:00,586,Thanjavur,1.0,-40.746
2025-11-02 19:00:00,586,Thanjavur,1.5,-40.746
2025-11-02 20:00:00,586,Thanjavur,2.0,-40.746
2025-11-02 21:00:00,586,Thanjavur,1.5,-40.746
2025-11-02 22:00:00,586,Thanjavur,2.5,-40.62
2025-11-02 23:00:00,586,Thanjavur,1.5,-40.62
2025-11-03 00:00:00,586,Thanjavur,1.5,-40.62
2025-11-03 01:00:00,586,Thanjavur,1.5,-40.62
2025-11-03 02:00:00,586,Thanjavur,1.5,-40.62
2025-11-03 03:00:00,586,Thanjavur,1.5,-40.62
2025-11-03 04:00:00,586,Thanjavur,1.5,-40.644
2025-11-03 05:00:00,586,Thanjavur,0.5,-40.644
2025-11-03 06:00:00,586,Thanjavur,1.0,-40.644
2025-11-04 03:00:00,586,Thanjavur,1.0,-40.577
2025-11-04 04:00:00,586,Thanjavur,0.5,-40.655
2025-11-04 13:00:00,586,Thanjavur,0.5,-40.884
2025-11-05 01:00:00,586,Thanjavur,0.5,-40.62
2025-11-05 11:00:00,586,Thanjavur,0.5,-40.908
2025-11-05 18:00:00,586,Thanjavur,0.5,-40.715
2025-11-05 22:00:00,586,Thanjavur,0.5,-40.612
2025-11-06 01:00:00,586,Thanjavur,0.5,-40.612
2025-11-06 04:00:00,586,Thanjavur,0.5,-40.674
2025-11-06 06:00:00,586,Thanjavur,2.5,-40.674
2025-11-06 08:00:00,586,Thanjavur,0.5,-40.674
2025-11-06 09:00:00,586,Thanjavur,3.1666666666666665,-40.674
2025-11-06 10:00:00,586,Thanjavur,0.5,-40.746
2025-11-06 12:00:00,586,Thanjavur,0.5,-40.746
2025-11-06 14:00:00,586,Thanjavur,0.5,-40.746
2025-11-06 15:00:00,586,Thanjavur,0.5,-40.746
2025-11-06 17:00:00,586,Thanjavur,0.5,-40.656
2025-11-06 19:00:00,586,Thanjavur,0.5,-40.656
2025-11-06 23:00:00,586,Thanjavur,0.5,-40.608
2025-11-07 01:00:00,586,Thanjavur,0.5,-40.608
2025-11-07 04:00:00,586,Thanjavur,0.5,-40.57
2025-11-07 05:00:00,586,Thanjavur,0.5,-40.57
2025-11-07 06:00:00,586,Thanjavur,0.5,-40.57
2025-11-07 07:00:00,586,Thanjavur,1.0,-40.57
2025-11-07 08:00:00,586,Thanjavur,1.0,-40.57
2025-11-07 09:00:00,586,Thanjavur,0.5,-40.57
2025-11-07 10:00:00,586,Thanjavur,0.5,-40.747
2025-11-07 11:00:00,586,Thanjavur,0.5,-40.747
2025-11-07 16:00:00,586,Thanjavur,0.5,-40.779
2025-11-07 18:00:00,586,Thanjavur,0.5,-40.779
2025-11-07 21:00:00,586,Thanjavur,0.5,-40.779
2025-11-07 23:00:00,586,Thanjavur,0.5,-40.724
2025-11-08 00:00:00,586,Thanjavur,0.5,-40.724
2025-11-08 01:00:00,586,Thanjavur,1.0,-40.724
2025-11-08 02:00:00,586,Thanjavur,0.5,-40.724
2025-11-08 03:00:00,586,Thanjavur,0.5,-40.724
2025-11-08 05:00:00,586,Thanjavur,0.5,-40.668
2025-11-08 07:00:00,586,Thanjavur,0.5,-40.668
2025-11-08 08:00:00,586,Thanjavur,0.5,-40.668
2025-11-08 10:00:00,586,Thanjavur,0.5,-40.874
2025-11-08 11:00:00,586,Thanjavur,0.5,-40.874
2025-11-08 12:00:00,586,Thanjavur,0.5,-40.874
2025-11-08 13:00:00,586,Thanjavur,0.5,-40.874
2025-11-08 14:00:00,586,Thanjavur,0.5,-40.874
2025-11-08 17:00:00,586,Thanjavur,0.5,-40.687
2025-11-08 18:00:00,586,Thanjavur,0.5,-40.687
2025-11-08 19:00:00,586,Thanjavur,0.5,-40.687
2025-11-08 20:00:00,586,Thanjavur,0.5,-40.687
2025-11-08 21:00:00,586,Thanjavur,0.5,-40.687
2025-11-08 22:00:00,586,Thanjavur,0.5,-40.602
2025-11-08 23:00:00,586,Thanjavur,0.5,-40.602
2025-11-09 00:00:00,586,Thanjavur,0.5,-40.602
2025-11-09 01:00:00,586,Thanjavur,0.5,-40.602
2025-11-09 03:00:00,586,Thanjavur,0.5,-40.602
2025-11-09 04:00:00,586,Thanjavur,0.5,-40.619
2025-11-09 05:00:00,586,Thanjavur,0.5,-40.619
2025-11-09 06:00:00,586,Thanjavur,0.5,-40.619
2025-11-09 07:00:00,586,Thanjavur,0.5,-40.619
2025-11-09 08:00:00,586,Thanjavur,0.5,-40.619
2025-11-09 09:00:00,586,Thanjavur,0.5,-40.619
2025-11-09 11:00:00,586,Thanjavur,0.5,-40.815
2025-11-09 12:00:00,586,Thanjavur,0.5,-40.815
2025-11-09 16:00:00,586,Thanjavur,13.0,-40.672
2025-11-12 11:00:00,586,Thanjavur,0.8333333333333334,-40.785
2025-11-14 02:00:00,586,Thanjavur,0.5,-40.655
2025-11-16 11:00:00,586,Thanjavur,1.5,-40.681
2025-11-16 21:00:00,586,Thanjavur,0.5,-40.587
2025-11-17 01:00:00,586,Thanjavur,0.5,-40.507
2025-11-17 02:00:00,586,Thanjavur,0.5,-40.507
2025-11-17 03:00:00,586,Thanjavur,0.5,-40.507
2025-11-17 04:00:00,586,Thanjavur,2.833333333333333,-40.442
2025-11-17 05:00:00,586,Thanjavur,10.4,-40.442
2025-11-17 06:00:00,586,Thanjavur,0.75,-40.442
2025-11-17 07:00:00,586,Thanjavur,0.5,-40.442
2025-11-17 08:00:00,586,Thanjavur,0.6666666666666666,-40.442
2025-11-17 10:00:00,586,Thanjavur,0.5,-40.486
2025-11-17 15:00:00,586,Thanjavur,0.8333333333333334,-40.486
2025-11-17 16:00:00,586,Thanjavur,1.3333333333333333,-40.395
2025-11-17 17:00:00,586,Thanjavur,1.25,-40.395
2025-11-17 18:00:00,586,Thanjavur,1.6666666666666667,-40.395
2025-11-17 19:00:00,586,Thanjavur,1.8,-40.395
2025-11-17 20:00:00,586,Thanjavur,2.0,-40.395
2025-11-17 21:00:00,586,Thanjavur,2.083333333333333,-40.395
2025-11-17 22:00:00,586,Thanjavur,4.2,-40.312
2025-11-17 23:00:00,586,Thanjavur,3.6666666666666665,-40.312
2025-11-18 00:00:00,586,Thanjavur,4.416666666666667,-40.312
2025-11-18 01:00:00,586,Thanjavur,0.5,-40.312
2025-11-18 02:00:00,586,Thanjavur,5.0,-40.312
2025-11-18 03:00:00,586,Thanjavur,2.833333333333333,-40.312
2025-11-18 04:00:00,586,Thanjavur,2.25,-40.209
2025-11-18 05:00:00,586,Thanjavur,0.5,-40.209
2025-11-18 10:00:00,586,Thanjavur,1.8333333333333333,-40.285
2025-11-18 11:00:00,586,Thanjavur,8.0,-40.285
2025-11-18 12:00:00,586,Thanjavur,1.5,-40.285
2025-11-18 14:00:00,586,Thanjavur,0.875,-40.285
2025-11-18 21:00:00,586,Thanjavur,0.5,-40.194
2025-11-19 02:00:00,586,Thanjavur,6.5,-40.11
2025-11-20 19:00:00,586,Thanjavur,0.5,-39.96
2025-11-20 20:00:00,586,Thanjavur,2.5,-39.96
2025-11-21 05:00:00,586,Thanjavur,1.0,-39.957
2025-11-21 06:00:00,586,Thanjavur,1.0,-39.957
2025-11-21 08:00:00,586,Thanjavur,1.0,-39.957
2025-11-21 10:00:00,586,Thanjavur,2.0,-40.056
2025-11-21 11:00:00,586,Thanjavur,1.5,-40.056
2025-11-21 14:00:00,586,Thanjavur,1.0,-40.056
2025-11-21 16:00:00,586,Thanjavur,1.5,-40.024
2025-11-21 17:00:00,586,Thanjavur,0.5,-40.024
2025-11-21 21:00:00,586,Thanjavur,0.5,-40.024
2025-11-21 22:00:00,586,Thanjavur,1.1666666666666667,-39.923
2025-11-21 23:00:00,586,Thanjavur,2.9,-39.923
2025-11-22 00:00:00,586,Thanjavur,1.8333333333333333,-39.923
2025-11-22 01:00:00,586,Thanjavur,2.375,-39.923
2025-11-22 04:00:00,586,Thanjavur,1.5,-39.854
2025-11-22 07:00:00,586,Thanjavur,0.5,-39.854
2025-11-22 09:00:00,586,Thanjavur,5.75,-39.854
2025-11-22 10:00:00,586,Thanjavur,1.0,-39.943
2025-11-22 11:00:00,586,Thanjavur,0.6666666666666666,-39.943
2025-11-22 12:00:00,586,Thanjavur,2.5,-39.943
2025-11-22 13:00:00,586,Thanjavur,0.5,-39.943
2025-11-22 14:00:00,586,Thanjavur,3.1,-39.943
2025-11-22 15:00:00,586,Thanjavur,2.5,-39.943
2025-11-22 16:00:00,586,Thanjavur,2.8,-39.819
2025-11-22 17:00:00,586,Thanjavur,3.0,-39.819
2025-11-22 18:00:00,586,Thanjavur,1.0,-39.819
2025-11-22 19:00:00,586,Thanjavur,1.8,-39.819
2025-11-22 20:00:00,586,Thanjavur,0.8333333333333334,-39.819
2025-11-22 21:00:00,586,Thanjavur,0.5,-39.819
2025-11-23 00:00:00,586,Thanjavur,0.5,-39.742
2025-11-23 01:00:00,586,Thanjavur,0.5,-39.742
2025-11-23 02:00:00,586,Thanjavur,0.5,-39.742
2025-11-23 05:00:00,586,Thanjavur,3.0,-39.665
2025-11-23 06:00:00,586,Thanjavur,1.6666666666666667,-39.665
2025-11-23 07:00:00,586,Thanjavur,0.5,-39.665
2025-11-23 12:00:00,586,Thanjavur,0.5,-39.734
2025-11-23 13:00:00,586,Thanjavur,1.5,-39.734
2025-11-23 14:00:00,586,Thanjavur,1.625,-39.734
2025-11-23 15:00:00,586,Thanjavur,2.5,-39.734
2025-11-23 16:00:00,586,Thanjavur,2.125,-39.618
2025-11-23 17:00:00,586,Thanjavur,7.125,-39.618
2025-11-23 18:00:00,586,Thanjavur,6.833333333333333,-39.618
2025-11-23 19:00:00,586,Thanjavur,4.75,-39.618
2025-11-23 20:00:00,586,Thanjavur,8.083333333333334,-39.618
2025-11-23 21:00:00,586,Thanjavur,10.1,-39.618
2025-11-23 22:00:00,586,Thanjavur,3.3,-39.516
2025-11-23 23:00:00,586,Thanjavur,1.625,-39.516
2025-11-24 00:00:00,586,Thanjavur,0.9,-39.516
2025-11-24 01:00:00,586,Thanjavur,1.8,-39.516
2025-11-24 02:00:00,586,Thanjavur,5.833333333333333,-39.516
2025-11-24 03:00:00,586,Thanjavur,2.6666666666666665,-39.516
2025-11-24 04:00:00,586,Thanjavur,9.25,-39.4
2025-11-24 05:00:00,586,Thanjavur,4.5,-39.4
2025-11-24 06:00:00,586,Thanjavur,1.4166666666666667,-39.4
2025-11-24 07:00:00,586,Thanjavur,3.1666666666666665,-39.4
2025-11-24 08:00:00,586,Thanjavur,6.916666666666667,-39.4
2025-11-24 09:00:00,586,Thanjavur,1.75,-39.4
2025-11-24 10:00:00,586,Thanjavur,0.7,-39.362
2025-11-24 11:00:00,586,Thanjavur,0.75,-39.362
2025-11-24 12:00:00,586,Thanjavur,0.5,-39.362
2025-11-24 14:00:00,586,Thanjavur,0.8333333333333334,-39.362
2025-11-24 15:00:00,586,Thanjavur,0.5,-39.362
2025-11-24 16:00:00,586,Thanjavur,1.0,-39.192
2025-11-24 17:00:00,586,Thanjavur,0.5,-39.192
2025-11-24 18:00:00,586,Thanjavur,1.25,-39.192
2025-11-24 19:00:00,586,Thanjavur,0.5,-39.192
2025-11-24 20:00:00,586,Thanjavur,0.5,-39.192
2025-11-24 21:00:00,586,Thanjavur,1.0,-39.192
2025-11-24 22:00:00,586,Thanjavur,0.5,-39.035
2025-11-24 23:00:00,586,Thanjavur,0.5,-39.035
2025-11-25 00:00:00,586,Thanjavur,0.5,-39.035
2025-11-25 01:00:00,586,Thanjavur,0.5,-39.035
2025-11-25 02:00:00,586,Thanjavur,0.5,-39.035
2025-11-25 03:00:00,586,Thanjavur,0.5,-39.035
2025-11-25 04:00:00,586,Thanjavur,0.5,-38.949
2025-11-25 05:00:00,586,Thanjavur,0.5,-38.949
2025-11-25 06:00:00,586,Thanjavur,0.5,-38.949
2025-11-25 07:00:00,586,Thanjavur,0.5,-38.949
2025-11-25 09:00:00,586,Thanjavur,0.5,-38.949
2025-11-25 10:00:00,586,Thanjavur,0.5,-38.915
2025-11-25 11:00:00,586,Thanjavur,0.5,-38.915
2025-11-25 12:00:00,586,Thanjavur,0.5,-38.915
2025-11-25 13:00:00,586,Thanjavur,0.5,-38.915
2025-11-25 14:00:00,586,Thanjavur,0.5,-38.915
2025-11-25 16:00:00,586,Thanjavur,0.5,-38.871
2025-11-25 17:00:00,586,Thanjavur,0.5,-38.871
2025-11-25 18:00:00,586,Thanjavur,0.5,-38.871
2025-11-25 20:00:00,586,Thanjavur,0.5,-38.871
2025-11-25 21:00:00,586,Thanjavur,0.5,-38.871
2025-11-25 23:00:00,586,Thanjavur,0.5,-38.748
2025-11-26 01:00:00,586,Thanjavur,0.5,-38.748
2025-11-26 02:00:00,586,Thanjavur,0.5,-38.748
2025-11-26 04:00:00,586,Thanjavur,0.5,-38.632
2025-11-26 05:00:00,586,Thanjavur,0.5,-38.632
2025-11-26 07:00:00,586,Thanjavur,0.5,-38.632
2025-11-26 09:00:00,586,Thanjavur,0.5,-38.632
2025-11-26 10:00:00,586,Thanjavur,0.5,-38.656
2025-11-26 12:00:00,586,Thanjavur,0.5,-38.656
2025-11-26 13:00:00,586,Thanjavur,0.5,-38.656
2025-11-26 15:00:00,586,Thanjavur,0.5,-38.656
2025-11-26 16:00:00,586,Thanjavur,0.5,-38.574
2025-11-26 17:00:00,586,Thanjavur,0.5,-38.574
2025-11-26 19:00:00,586,Thanjavur,0.5,-38.574
2025-11-26 22:00:00,586,Thanjavur,0.5,-38.487
2025-11-27 00:00:00,586,Thanjavur,0.5,-38.487
2025-11-27 01:00:00,586,Thanjavur,0.5,-38.487
2025-11-27 03:00:00,586,Thanjavur,0.5,-38.487
2025-11-27 05:00:00,586,Thanjavur,0.5,-38.487
2025-11-27 06:00:00,586,Thanjavur,0.5,-38.487
2025-11-27 08:00:00,586,Thanjavur,0.5,-38.487
2025-11-27 10:00:00,586,Thanjavur,0.5,-38.487
2025-11-27 11:00:00,586,Thanjavur,0.5,-38.487
2025-11-27 12:00:00,586,Thanjavur,0.5,-38.487
2025-11-27 13:00:00,586,Thanjavur,0.5,-38.487
2025-11-30 00:00:00,586,Thanjavur,0.5,-37.799
2025-11-30 01:00:00,586,Thanjavur,1.1666666666666667,-37.799
2025-11-30 02:00:00,586,Thanjavur,3.5,-37.799
2025-11-30 03:00:00,586,Thanjavur,1.9,-37.799
2025-11-30 04:00:00,586,Thanjavur,2.5,-37.683
2025-11-30 05:00:00,586,Thanjavur,1.6666666666666667,-37.683
2025-11-30 06:00:00,586,Thanjavur,3.5,-37.683
2025-11-30 07:00:00,586,Thanjavur,1.5,-37.683
2025-11-30 08:00:00,586,Thanjavur,0.5,-37.683
2025-11-30 09:00:00,586,Thanjavur,0.5,-37.683
2025-11-30 10:00:00,586,Thanjavur,0.5,-37.585
2025-11-30 12:00:00,586,Thanjavur,0.5,-37.585
2025-11-30 13:00:00,586,Thanjavur,1.0,-37.585
2025-11-30 16:00:00,586,Thanjavur,0.5,-37.502
2025-11-30 20:00:00,586,Thanjavur,0.5,-37.502
2025-11-30 23:00:00,586,Thanjavur,0.5,-37.356
2025-12-01 01:00:00,586,Thanjavur,0.5,-37.356
2025-12-01 04:00:00,586,Thanjavur,0.5,-37.219
2025-12-01 07:00:00,586,Thanjavur,0.5,-37.219
2025-12-01 10:00:00,586,Thanjavur,0.5,-37.244
2025-12-01 12:00:00,586,Thanjavur,0.5,-37.244
2025-12-01 15:00:00,586,Thanjavur,1.75,-37.244
2025-12-01 17:00:00,586,Thanjavur,0.5,-37.145
2025-12-01 19:00:00,586,Thanjavur,0.5,-37.145
2025-12-01 22:00:00,586,Thanjavur,0.5,-37.015
2025-12-02 02:00:00,586,Thanjavur,0.5,-37.015
2025-12-02 05:00:00,586,Thanjavur,0.5,-36.922
2025-12-02 10:00:00,586,Thanjavur,0.5,-36.996
2025-12-02 13:00:00,586,Thanjavur,0.5,-36.996
2025-12-02 16:00:00,586,Thanjavur,0.5,-36.921
2025-12-02 19:00:00,586,Thanjavur,1.6666666666666667,-36.921
2025-12-02 20:00:00,586,Thanjavur,2.625,-36.921
2025-12-02 21:00:00,586,Thanjavur,21.166666666666668,-36.921
2025-12-02 22:00:00,586,Thanjavur,8.8,-36.796
2025-12-02 23:00:00,586,Thanjavur,3.5,-36.796
2025-12-03 00:00:00,586,Thanjavur,0.5,-36.796
2025-12-03 01:00:00,586,Thanjavur,0.5,-36.796
2025-12-03 02:00:00,586,Thanjavur,2.333333333333333,-36.796
2025-12-03 03:00:00,586,Thanjavur,0.5,-36.796
2025-12-03 04:00:00,586,Thanjavur,0.5,-36.7
2025-12-03 06:00:00,586,Thanjavur,0.5,-36.7
2025-12-03 07:00:00,586,Thanjavur,0.5,-36.7
2025-12-03 09:00:00,586,Thanjavur,0.6666666666666666,-36.7
2025-12-03 10:00:00,586,Thanjavur,0.5,-36.744
2025-12-03 11:00:00,586,Thanjavur,1.3333333333333333,-36.744
2025-12-03 12:00:00,586,Thanjavur,4.0,-36.744
2025-12-03 13:00:00,586,Thanjavur,5.75,-36.744
2025-12-03 14:00:00,586,Thanjavur,3.5,-36.744
2025-12-03 15:00:00,586,Thanjavur,0.5,-36.744
2025-12-03 16:00:00,586,Thanjavur,0.75,-36.618
2025-12-03 21:00:00,586,Thanjavur,0.5,-36.618
2025-12-04 01:00:00,586,Thanjavur,0.5,-36.504
2025-12-04 05:00:00,586,Thanjavur,0.5,-36.504
2025-12-04 09:00:00,586,Thanjavur,0.5,-36.504
2025-12-04 11:00:00,586,Thanjavur,0.5,-36.504
2025-12-04 13:00:00,586,Thanjavur,0.5,-36.417
2025-12-04 14:00:00,586,Thanjavur,1.0,-36.417
2025-12-04 15:00:00,586,Thanjavur,1.0,-36.417
2025-12-04 16:00:00,586,Thanjavur,0.75,-36.417
2025-12-04 17:00:00,586,Thanjavur,2.0,-36.417
2025-12-04 18:00:00,586,Thanjavur,0.5,-36.417
2025-12-04 19:00:00,586,Thanjavur,1.0,-36.417
2025-12-04 20:00:00,586,Thanjavur,0.5,-36.417
2025-12-04 22:00:00,586,Thanjavur,0.5,-36.417
2025-12-04 23:00:00,586,Thanjavur,0.5,-36.417
2025-12-05 00:00:00,586,Thanjavur,0.5,-36.417
2025-12-05 01:00:00,586,Thanjavur,1.0,-36.417
2025-12-05 02:00:00,586,Thanjavur,1.0,-36.417
2025-12-05 03:00:00,586,Thanjavur,1.0,-36.417
2025-12-05 04:00:00,586,Thanjavur,1.0,-36.297
2025-12-05 05:00:00,586,Thanjavur,3.25,-36.297
2025-12-05 06:00:00,586,Thanjavur,1.1666666666666667,-36.297
2025-12-05 07:00:00,586,Thanjavur,1.25,-36.297
2025-12-05 08:00:00,586,Thanjavur,2.5,-36.297
2025-12-05 09:00:00,586,Thanjavur,3.0,-36.297
2025-12-05 10:00:00,586,Thanjavur,2.0,-36.353
2025-12-05 11:00:00,586,Thanjavur,1.25,-36.353
2025-12-05 12:00:00,586,Thanjavur,1.25,-36.353
2025-12-05 13:00:00,586,Thanjavur,2.25,-36.353
2025-12-05 14:00:00,586,Thanjavur,3.0,-36.353
2025-12-05 15:00:00,586,Thanjavur,3.0,-36.353
2025-12-05 16:00:00,586,Thanjavur,1.5,-36.276
2025-12-05 17:00:00,586,Thanjavur,1.75,-36.276
2025-12-05 18:00:00,586,Thanjavur,2.5,-36.276
2025-12-05 19:00:00,586,Thanjavur,2.0,-36.276
2025-12-05 20:00:00,586,Thanjavur,2.75,-36.276
2025-12-05 21:00:00,586,Thanjavur,2.5,-36.276
2025-12-05 22:00:00,586,Thanjavur,3.0,-36.174
2025-12-05 23:00:00,586,Thanjavur,3.0,-36.174
2025-12-06 00:00:00,586,Thanjavur,2.5,-36.174
2025-12-06 01:00:00,586,Thanjavur,3.5,-36.174
2025-12-06 02:00:00,586,Thanjavur,3.5,-36.174
2025-12-06 03:00:00,586,Thanjavur,3.5,-36.174
2025-12-06 04:00:00,586,Thanjavur,2.75,-36.075
2025-12-06 05:00:00,586,Thanjavur,3.5,-36.075
2025-12-06 06:00:00,586,Thanjavur,1.75,-36.075
2025-12-06 07:00:00,586,Thanjavur,3.0,-36.075
2025-12-06 08:00:00,586,Thanjavur,2.0,-36.075
2025-12-06 09:00:00,586,Thanjavur,2.0,-36.075
2025-12-06 10:00:00,586,Thanjavur,2.0,-36.187
2025-12-06 11:00:00,586,Thanjavur,3.0,-36.187
2025-12-06 12:00:00,586,Thanjavur,4.0,-36.187
2025-12-06 13:00:00,586,Thanjavur,3.0,-36.187
2025-12-06 14:00:00,586,Thanjavur,1.5,-36.187
2025-12-06 15:00:00,586,Thanjavur,0.5,-36.187
2025-12-06 16:00:00,586,Thanjavur,1.0,-36.09
2025-12-06 17:00:00,586,Thanjavur,1.0,-36.09
2025-12-06 18:00:00,586,Thanjavur,88.5,-36.09
2025-12-06 19:00:00,586,Thanjavur,0.5,-36.09
2025-12-06 20:00:00,586,Thanjavur,0.5,-36.09
2025-12-07 00:00:00,586,Thanjavur,0.5,-36.032
2025-12-07 03:00:00,586,Thanjavur,3.0,-36.032
2025-12-07 04:00:00,586,Thanjavur,1.5,-36.032
2025-12-07 05:00:00,586,Thanjavur,0.6666666666666666,-36.032
2025-12-07 06:00:00,586,Thanjavur,1.0,-36.032
2025-12-07 07:00:00,586,Thanjavur,0.5,-36.032
2025-12-07 08:00:00,586,Thanjavur,0.5,-36.032
2025-12-07 09:00:00,586,Thanjavur,1.75,-36.032
2025-12-07 10:00:00,586,Thanjavur,1.0,-36.032
2025-12-07 11:00:00,586,Thanjavur,1.0,-36.032
2025-12-07 12:00:00,586,Thanjavur,2.5,-36.032
2025-12-10 05:00:00,586,Thanjavur,0.5,-35.977
2025-12-10 06:00:00,586,Thanjavur,2.25,-35.977
2025-12-10 09:00:00,586,Thanjavur,0.5,-35.977
2025-12-14 09:00:00,586,Thanjavur,0.5,-36.665
2025-12-16 09:00:00,586,Thanjavur,0.5,-37.045
2025-12-16 10:00:00,586,Thanjavur,1.25,-37.045
2025-12-16 11:00:00,586,Thanjavur,0.5,-37.045
2025-12-16 16:00:00,586,Thanjavur,0.5,-37.195
2025-12-16 19:00:00,586,Thanjavur,0.5,-37.195
2025-12-16 21:00:00,586,Thanjavur,2.0,-37.195
2025-12-16 22:00:00,586,Thanjavur,3.0,-37.195
2025-12-16 23:00:00,586,Thanjavur,1.5,-37.195
2025-12-17 00:00:00,586,Thanjavur,0.5,-37.195
2025-12-17 01:00:00,586,Thanjavur,1.25,-37.195
2025-12-17 02:00:00,586,Thanjavur,2.0,-37.195
2025-12-17 03:00:00,586,Thanjavur,4.2,-37.195
2025-12-17 04:00:00,586,Thanjavur,1.0,-37.174
2025-12-17 05:00:00,586,Thanjavur,0.5,-37.174
2025-12-17 06:00:00,586,Thanjavur,0.5,-37.174
2025-12-17 08:00:00,586,Thanjavur,0.5,-37.174
2025-12-17 10:00:00,586,Thanjavur,2.5,-37.335
2025-12-17 11:00:00,586,Thanjavur,16.5,-37.335
2025-12-18 22:00:00,586,Thanjavur,0.5,-37.313
2025-12-24 11:00:00,586,Thanjavur,0.5,-37.985
2025-12-24 13:00:00,586,Thanjavur,7.0,-37.985
2025-12-24 14:00:00,586,Thanjavur,6.5,-37.985
2025-12-25 11:00:00,586,Thanjavur,1.0,-38.17
2025-12-31 21:00:00,586,Thanjavur,2.25,-38.176
2025-12-31 22:00:00,586,Thanjavur,1.6666666666666667,-10.97222222222222
2025-12-31 23:00:00,586,Thanjavur,12.5,-10.97222222222222
2026-01-01 00:00:00,586,Thanjavur,1.25,-10.97222222222222
2026-01-01 01:00:00,586,Thanjavur,1.25,-10.97222222222222
2026-01-01 03:00:00,586,Thanjavur,0.5,-10.97222222222222
2026-01-01 10:00:00,586,Thanjavur,5.75,-117.49533333333336
2026-01-01 11:00:00,586,Thanjavur,1.5,-117.49533333333336
2026-01-01 16:00:00,586,Thanjavur,0.5,-117.50522222222224
2026-01-02 18:00:00,586,Thanjavur,1.0,-106.4446
2026-01-10 02:00:00,586,Thanjavur,0.5,-149.78528571428572
2026-01-10 03:00:00,586,Thanjavur,4.5,-149.78528571428572
2026-01-10 04:00:00,586,Thanjavur,2.0,-149.78528571428572
2026-01-10 05:00:00,586,Thanjavur,1.0,-149.78528571428572
2026-01-10 06:00:00,586,Thanjavur,0.5,-149.78528571428572
2026-01-10 07:00:00,586,Thanjavur,0.875,-149.78528571428572
2026-01-10 08:00:00,586,Thanjavur,1.0,-149.78528571428572
2026-01-10 09:00:00,586,Thanjavur,1.0,-149.78528571428572
2026-01-10 11:00:00,586,Thanjavur,1.0,-149.78528571428572
2026-01-10 12:00:00,586,Thanjavur,0.75,-149.78528571428572
2026-01-10 13:00:00,586,Thanjavur,3.0,-149.78528571428572
2026-01-10 14:00:00,586,Thanjavur,3.0,-149.78528571428572
2026-01-10 15:00:00,586,Thanjavur,2.5,-149.78528571428572
2026-01-10 16:00:00,586,Thanjavur,2.0,-149.78528571428572
2026-01-10 17:00:00,586,Thanjavur,1.5,-149.78528571428572
2026-01-10 18:00:00,586,Thanjavur,1.5,-149.78528571428572
2026-01-10 19:00:00,586,Thanjavur,1.0,-149.78528571428572
2026-01-10 20:00:00,586,Thanjavur,1.0,-149.78528571428572
2026-01-10 21:00:00,586,Thanjavur,0.75,-149.78528571428572
2026-01-10 22:00:00,586,Thanjavur,1.5,-149.78528571428572
2026-01-10 23:00:00,586,Thanjavur,3.083333333333333,-149.78528571428572
2026-01-11 00:00:00,586,Thanjavur,4.166666666666667,-149.78528571428572
2026-01-11 01:00:00,586,Thanjavur,2.2,-149.78528571428572
2026-01-11 02:00:00,586,Thanjavur,5.1,-149.78528571428572
2026-01-11 03:00:00,586,Thanjavur,2.5,-149.78528571428572
2026-01-11 04:00:00,586,Thanjavur,0.5,-117.252
2026-01-11 05:00:00,586,Thanjavur,1.0,-117.252
2026-01-11 06:00:00,586,Thanjavur,0.75,-117.252
2026-01-11 07:00:00,586,Thanjavur,0.5,-117.252
2026-01-11 08:00:00,586,Thanjavur,0.5,-117.252
2026-01-11 09:00:00,586,Thanjavur,1.0,-117.252
2026-01-11 10:00:00,586,Thanjavur,0.5,-10.805666666666664
2026-01-11 11:00:00,586,Thanjavur,0.5,-10.805666666666664
2026-01-11 12:00:00,586,Thanjavur,0.75,-10.805666666666664
2026-01-11 13:00:00,586,Thanjavur,0.5,-10.805666666666664
2026-01-11 14:00:00,586,Thanjavur,79.83333333333333,-10.805666666666664
2026-01-11 15:00:00,586,Thanjavur,20.0,-10.805666666666664
2026-01-11 16:00:00,586,Thanjavur,0.5,-11.225111111111111
2026-01-11 17:00:00,586,Thanjavur,0.5,-11.225111111111111
2026-01-11 18:00:00,586,Thanjavur,0.5,-11.225111111111111
2026-01-11 19:00:00,586,Thanjavur,0.5,-11.225111111111111
2026-01-11 20:00:00,586,Thanjavur,0.5,-11.225111111111111
2026-01-11 21:00:00,586,Thanjavur,0.5,-11.225111111111111
2026-01-11 23:00:00,586,Thanjavur,0.5,-10.0009
2026-01-12 01:00:00,586,Thanjavur,0.5,-10.0009
2026-01-12 03:00:00,586,Thanjavur,0.5,-10.0009
2026-01-12 05:00:00,586,Thanjavur,0.5,-105.8288
2026-01-12 08:00:00,586,Thanjavur,0.5,-105.8288
2026-01-12 10:00:00,586,Thanjavur,0.5,-106.0214
2026-01-12 11:00:00,586,Thanjavur,0.5,-106.0214
2026-01-12 12:00:00,586,Thanjavur,0.7,-106.0214
2026-01-12 14:00:00,586,Thanjavur,0.5,-106.0214
2026-01-12 15:00:00,586,Thanjavur,0.75,-106.0214
2026-01-12 16:00:00,586,Thanjavur,2.1,-105.9654
2026-01-12 17:00:00,586,Thanjavur,1.25,-105.9654
2026-01-12 18:00:00,586,Thanjavur,0.5,-105.9654
2026-01-12 19:00:00,586,Thanjavur,0.5,-105.9654
2026-01-12 21:00:00,586,Thanjavur,1.0,-105.9654
2026-01-12 22:00:00,586,Thanjavur,4.333333333333333,-105.727
2026-01-13 01:00:00,586,Thanjavur,0.6666666666666666,-105.727
2026-01-13 02:00:00,586,Thanjavur,8.0,-105.727
2026-01-13 03:00:00,586,Thanjavur,4.75,-105.727
2026-01-13 04:00:00,586,Thanjavur,2.333333333333333,-105.6318
2026-01-13 05:00:00,586,Thanjavur,0.6666666666666666,-105.6318
2026-01-13 06:00:00,586,Thanjavur,4.5,-105.6318
2026-01-13 07:00:00,586,Thanjavur,1.7,-105.6318
2026-01-13 08:00:00,586,Thanjavur,1.0,-105.6318
2026-01-13 09:00:00,586,Thanjavur,3.0,-105.6318
2026-01-13 10:00:00,586,Thanjavur,1.25,-9.7945
2026-01-13 11:00:00,586,Thanjavur,3.5,-9.7945
2026-01-13 12:00:00,586,Thanjavur,5.75,-9.7945
2026-01-13 13:00:00,586,Thanjavur,1.75,-9.7945
2026-01-13 14:00:00,586,Thanjavur,0.5,-9.7945
2026-01-14 13:00:00,586,Thanjavur,0.5,-2.3705
2026-01-14 14:00:00,586,Thanjavur,0.5,-2.3705
2026-01-16 09:00:00,586,Thanjavur,0.5,-1.6783333333333337
2026-01-16 13:00:00,586,Thanjavur,0.5,-1.905333333333333
2026-01-16 14:00:00,586,Thanjavur,5.5,-1.905333333333333
2026-01-16 16:00:00,586,Thanjavur,3.0,-1.905333333333333
2026-01-16 17:00:00,586,Thanjavur,87.0,-1.905333333333333
2026-01-16 18:00:00,586,Thanjavur,20.5,-1.905333333333333
2026-01-16 19:00:00,586,Thanjavur,0.5,-9.9864
2026-01-17 08:00:00,586,Thanjavur,0.5,-10.540777777777777
2026-01-17 11:00:00,586,Thanjavur,0.5,-10.85688888888889
2026-01-18 20:00:00,586,Thanjavur,0.5,-202.7634
2026-01-18 21:00:00,586,Thanjavur,0.5,-202.7634
2026-01-23 17:00:00,586,Thanjavur,5.0,-10.2885
2026-01-23 18:00:00,586,Thanjavur,12.5,-10.2885
2026-01-23 19:00:00,586,Thanjavur,7.0,-10.2885
2026-01-24 10:00:00,586,Thanjavur,0.5,-8.364571428571429
2026-01-24 11:00:00,586,Thanjavur,0.5,-8.364571428571429
2026-01-24 12:00:00,586,Thanjavur,0.5,-8.364571428571429
2026-01-24 13:00:00,586,Thanjavur,0.5,-8.364571428571429
2026-01-24 14:00:00,586,Thanjavur,0.75,-8.364571428571429
2026-01-24 15:00:00,586,Thanjavur,0.6666666666666666,-8.364571428571429
2026-01-24 16:00:00,586,Thanjavur,0.6666666666666666,-7.973571428571428
2026-01-25 08:00:00,586,Thanjavur,1.25,-1.996
2026-01-25 09:00:00,586,Thanjavur,0.75,-1.996
2026-01-25 10:00:00,586,Thanjavur,0.5,-2.091
2026-01-25 11:00:00,586,Thanjavur,0.5,-2.091
2026-01-25 12:00:00,586,Thanjavur,0.5,-2.091
2026-01-25 16:00:00,586,Thanjavur,0.5,-2.091
2026-01-25 17:00:00,586,Thanjavur,1.1666666666666667,-2.091
2026-01-25 18:00:00,586,Thanjavur,1.6666666666666667,-2.091
2026-01-25 19:00:00,586,Thanjavur,0.5,-8.378333333333334
2026-01-25 20:00:00,586,Thanjavur,0.5,-8.378333333333334
2026-01-25 21:00:00,586,Thanjavur,0.5,-8.378333333333334
2026-01-25 22:00:00,586,Thanjavur,0.5,-8.378333333333334
2026-01-26 00:00:00,586,Thanjavur,0.5,-8.378333333333334
2026-01-26 02:00:00,586,Thanjavur,0.5,-8.378333333333334
2026-01-26 04:00:00,586,Thanjavur,0.5,-8.295
2026-01-26 05:00:00,586,Thanjavur,1.5,-8.295
2026-01-26 06:00:00,586,Thanjavur,1.0,-8.295
2026-01-26 07:00:00,586,Thanjavur,1.5,-8.295
2026-01-26 09:00:00,586,Thanjavur,1.0,-8.295
2026-01-26 10:00:00,586,Thanjavur,0.5,-8.763333333333334
2026-01-26 13:00:00,586,Thanjavur,0.5,-8.763333333333334
2026-01-26 17:00:00,586,Thanjavur,0.5,-8.856
2026-01-26 23:00:00,586,Thanjavur,0.5,-7.489571428571429
2026-01-27 09:00:00,586,Thanjavur,0.5,-7.388714285714285
2026-01-27 18:00:00,586,Thanjavur,0.5,-8.087285714285715
2026-01-28 07:00:00,586,Thanjavur,0.5,-1.9926666666666664
2026-01-29 17:00:00,586,Thanjavur,34.5,-8.256
2026-01-29 18:00:00,586,Thanjavur,2.0,-8.256
2026-01-30 02:00:00,586,Thanjavur,0.5,-7.966142857142857
2026-01-30 10:00:00,586,Thanjavur,6.5,-7.702166666666667
2026-01-31 03:00:00,586,Thanjavur,0.5,-7.873714285714286
2026-01-31 04:00:00,586,Thanjavur,1.0,-7.877857142857144
2026-01-31 05:00:00,586,Thanjavur,1.0,-7.877857142857144
2026-01-31 11:00:00,586,Thanjavur,0.5,-8.364428571428572
2026-01-31 23:00:00,586,Thanjavur,0.5,-8.181857142857142
2026-02-01 00:00:00,586,Thanjavur,0.5,-8.181857142857142
2026-02-01 01:00:00,586,Thanjavur,0.5,-8.181857142857142
2026-02-01 17:00:00,586,Thanjavur,0.5,-10.749
2026-02-02 13:00:00,586,Thanjavur,0.5,-0.06
2026-02-02 16:00:00,586,Thanjavur,0.5,1.0
2026-02-03 14:00:00,586,Thanjavur,0.5,-8.403285714285714
2026-02-04 10:00:00,586,Thanjavur,30.0,-8.715714285714286
2026-02-04 11:00:00,586,Thanjavur,2.0,-8.715714285714286
2026-02-04 12:00:00,586,Thanjavur,4.5,-8.715714285714286
2026-03-18 10:00:00,586,Thanjavur,1.0,-18.4858
2026-03-18 11:00:00,586,Thanjavur,0.5,-18.4858
2026-03-18 13:00:00,586,Thanjavur,14.5,-18.4858
2026-03-18 14:00:00,586,Thanjavur,2.5,-18.4858
2026-03-19 05:00:00,586,Thanjavur,11.0,-18.5941
2026-03-19 06:00:00,586,Thanjavur,1.0,-18.5941
2026-03-19 07:00:00,586,Thanjavur,0.5,-18.5941
2026-03-19 08:00:00,586,Thanjavur,3.6666666666666665,-18.5941
2026-03-20 04:00:00,586,Thanjavur,6.0,-14.3605
2026-03-20 05:00:00,586,Thanjavur,6.833333333333333,-14.3605
2026-03-20 06:00:00,586,Thanjavur,0.5,-14.3605
2021-09-30 19:00:00,588,Theni,0.5,-12.2244
2021-11-01 16:00:00,588,Theni,0.5,-14.08181818181818
2021-12-30 23:00:00,588,Theni,1.0,-11.227700000000002
2021-12-31 02:00:00,588,Theni,5.0,-11.227700000000002
2021-12-31 03:00:00,588,Theni,2.0,-11.227700000000002
2021-12-31 19:00:00,588,Theni,1.5,-11.3106
2021-12-31 20:00:00,588,Theni,3.5,-11.3106
2022-01-01 22:00:00,588,Theni,0.5,-11.2645
2022-01-01 23:00:00,588,Theni,2.0,-11.2645
2022-01-02 02:00:00,588,Theni,0.75,-11.2645
2022-01-02 09:00:00,588,Theni,0.5,-11.2553
2022-01-08 01:00:00,588,Theni,2.0,-11.3714
2022-01-08 02:00:00,588,Theni,12.0,-11.3714
2022-01-08 03:00:00,588,Theni,11.5,-11.3714
2022-01-08 04:00:00,588,Theni,3.0,-11.311000000000002
2022-01-08 08:00:00,588,Theni,0.5,-11.311000000000002
2022-01-16 04:00:00,588,Theni,13.5,-11.6043
2022-01-16 05:00:00,588,Theni,5.5,-11.6043
2022-01-17 01:00:00,588,Theni,0.5,-11.4976
2022-01-26 00:00:00,588,Theni,2.5,-11.6476
2022-01-26 01:00:00,588,Theni,0.5,-11.6476
2022-01-27 01:00:00,588,Theni,4.5,-11.6874
2022-01-27 02:00:00,588,Theni,1.0,-11.6874
2022-01-27 03:00:00,588,Theni,0.5,-11.6874
2022-01-28 01:00:00,588,Theni,6.0,-11.6794
2022-01-28 02:00:00,588,Theni,3.0,-11.6794
2022-02-22 14:00:00,588,Theni,2.5,-8.5586
2022-03-17 22:00:00,588,Theni,16.5,-9.1076
2022-03-17 23:00:00,588,Theni,19.5,-9.1076
2022-03-18 00:00:00,588,Theni,2.5,-9.1076
2022-03-21 19:00:00,588,Theni,1.25,-9.2512
2022-03-21 20:00:00,588,Theni,0.5,-9.2512
2022-03-23 16:00:00,588,Theni,3.0,-9.2732
2022-03-23 17:00:00,588,Theni,37.5,-9.2732
2022-03-23 18:00:00,588,Theni,1.0,-9.2732
2022-03-23 19:00:00,588,Theni,5.0,-9.2732
2022-03-23 20:00:00,588,Theni,0.75,-9.2732
2022-03-23 21:00:00,588,Theni,3.5,-9.2732
2022-03-25 17:00:00,588,Theni,2.5,-9.3419
2022-03-25 18:00:00,588,Theni,0.5,-9.3419
2022-03-26 17:00:00,588,Theni,12.5,-9.3405
2022-03-26 18:00:00,588,Theni,4.5,-9.3405
2022-03-27 19:00:00,588,Theni,2.0,-9.4159
2022-04-02 20:00:00,588,Theni,3.0,-9.6079
2022-04-02 21:00:00,588,Theni,9.0,-9.6079
2022-04-03 19:00:00,588,Theni,1.5,-9.7282
2022-04-03 20:00:00,588,Theni,16.5,-9.7282
2022-04-05 20:00:00,588,Theni,2.0,-9.8367
2022-04-06 19:00:00,588,Theni,21.5,-9.6406
2022-04-06 20:00:00,588,Theni,3.5,-9.6406
2022-04-07 15:00:00,588,Theni,0.5,-9.6439
2022-04-07 16:00:00,588,Theni,0.5,-9.7264
2022-04-08 18:00:00,588,Theni,15.0,-9.6627
2022-04-08 19:00:00,588,Theni,9.5,-9.6627
2022-04-08 20:00:00,588,Theni,1.5,-9.6627
2022-04-08 22:00:00,588,Theni,1.0,-9.609
2022-04-09 14:00:00,588,Theni,2.0,-9.6663
2022-04-09 15:00:00,588,Theni,10.5,-9.6663
2022-04-09 16:00:00,588,Theni,10.375,-9.6869
2022-04-09 17:00:00,588,Theni,5.5,-9.6869
2022-04-09 18:00:00,588,Theni,7.0,-9.6869
2022-04-09 19:00:00,588,Theni,8.0,-9.6869
2022-04-09 20:00:00,588,Theni,4.666666666666667,-9.6869
2022-04-09 21:00:00,588,Theni,2.5,-9.6869
2022-04-09 22:00:00,588,Theni,0.8333333333333334,-9.5862
2022-04-09 23:00:00,588,Theni,0.5,-9.5862
2022-04-11 14:00:00,588,Theni,3.0,-9.606
2022-04-11 15:00:00,588,Theni,16.25,-9.606
2022-04-11 16:00:00,588,Theni,7.5,-9.5112
2022-04-11 17:00:00,588,Theni,1.25,-9.5112
2022-04-11 18:00:00,588,Theni,18.75,-9.5112
2022-04-11 19:00:00,588,Theni,1.1666666666666667,-9.5112
2022-04-11 20:00:00,588,Theni,1.3333333333333333,-9.5112
2022-04-11 21:00:00,588,Theni,0.5,-9.5112
2022-04-11 22:00:00,588,Theni,0.5,-9.518
2022-04-11 23:00:00,588,Theni,0.5,-9.518
2022-04-12 01:00:00,588,Theni,0.5,-9.518
2022-04-12 14:00:00,588,Theni,1.0,-9.5235
2022-04-12 15:00:00,588,Theni,1.0,-9.5235
2022-04-12 19:00:00,588,Theni,0.5,-9.5604
2022-04-12 20:00:00,588,Theni,1.25,-9.5604
2022-04-12 21:00:00,588,Theni,1.6666666666666667,-9.5604
2022-04-12 22:00:00,588,Theni,7.125,-9.477
2022-04-12 23:00:00,588,Theni,4.875,-9.477
2022-04-13 00:00:00,588,Theni,6.125,-9.477
2022-04-13 01:00:00,588,Theni,0.5,-9.477
2022-04-13 03:00:00,588,Theni,0.5,-9.477
2022-04-13 14:00:00,588,Theni,5.5,-9.4735
2022-04-13 15:00:00,588,Theni,33.25,-9.4735
2022-04-13 16:00:00,588,Theni,0.5,-9.4887
2022-04-13 17:00:00,588,Theni,2.0,-9.4887
2022-04-13 18:00:00,588,Theni,1.0,-9.4887
2022-04-13 19:00:00,588,Theni,1.0,-9.4887
2022-04-13 20:00:00,588,Theni,2.5,-9.4887
2022-04-13 21:00:00,588,Theni,0.5,-9.4887
2022-04-14 08:00:00,588,Theni,0.5,-9.4115
2022-04-14 18:00:00,588,Theni,0.5,-9.4129
2022-04-14 19:00:00,588,Theni,0.5,-9.4129
2022-04-15 17:00:00,588,Theni,8.5,-9.3682
2022-04-15 18:00:00,588,Theni,2.5,-9.3682
2022-04-15 19:00:00,588,Theni,0.5,-9.3682
2022-04-16 17:00:00,588,Theni,1.0,-9.3412
2022-04-17 12:00:00,588,Theni,0.5,-9.3294
2022-04-17 15:00:00,588,Theni,5.0,-9.3294
2022-04-17 16:00:00,588,Theni,5.5,-9.2564
2022-04-17 17:00:00,588,Theni,1.0,-9.2564
2022-04-17 19:00:00,588,Theni,0.5,-9.2564
2022-04-17 20:00:00,588,Theni,1.0,-9.2564
2022-04-17 21:00:00,588,Theni,0.5,-9.2564
2022-04-18 17:00:00,588,Theni,2.0,-9.2468
2022-04-18 20:00:00,588,Theni,5.0,-9.2468
2022-04-18 21:00:00,588,Theni,0.5,-9.2468
2022-04-23 17:00:00,588,Theni,8.5,-8.699181818181819
2022-04-23 18:00:00,588,Theni,5.5,-8.699181818181819
2022-04-23 19:00:00,588,Theni,11.5,-8.699181818181819
2022-04-28 12:50:00,588,Theni,3.0,-8.808
2022-04-28 12:55:00,588,Theni,3.0,-8.808
2022-04-28 13:00:00,588,Theni,3.0,-8.808
2022-04-29 18:00:00,588,Theni,1.0,-9.095
2022-04-29 22:00:00,588,Theni,5.5,-9.051125
2022-06-05 15:00:00,588,Theni,7.5,-9.79718181818182
2022-06-05 16:00:00,588,Theni,7.5,-9.827727272727271
2022-06-05 17:00:00,588,Theni,0.5,-9.827727272727271
2022-06-05 18:00:00,588,Theni,0.5,-9.827727272727271
2022-06-14 21:00:00,588,Theni,0.5,-10.259181818181816
2022-06-15 16:00:00,588,Theni,7.5,-10.6974
2022-06-15 17:00:00,588,Theni,1.5,-10.6974
2022-06-15 19:00:00,588,Theni,0.5,-10.6974
2022-06-15 20:00:00,588,Theni,0.5,-10.6974
2022-06-15 21:00:00,588,Theni,1.25,-10.6974
2022-06-15 22:00:00,588,Theni,0.5,-10.6819
2022-06-16 19:00:00,588,Theni,2.0,-10.7378
2022-06-16 20:00:00,588,Theni,1.5,-10.7378
2022-06-16 21:00:00,588,Theni,1.0,-10.7378
2022-06-16 22:00:00,588,Theni,0.5,-10.7028
2022-06-17 16:00:00,588,Theni,42.5,-10.6667
2022-06-17 17:00:00,588,Theni,23.5,-10.6667
2022-06-17 18:00:00,588,Theni,0.8333333333333334,-10.6667
2022-06-17 19:00:00,588,Theni,0.5,-10.6667
2022-06-17 20:00:00,588,Theni,0.5,-10.6667
2022-06-17 21:00:00,588,Theni,1.5,-10.6667
2022-06-17 22:00:00,588,Theni,0.75,-10.6268
2022-06-18 03:00:00,588,Theni,0.5,-10.6268
2022-06-19 15:00:00,588,Theni,10.0,-10.5917
2022-06-19 16:00:00,588,Theni,10.0,-10.5487
2022-06-20 15:00:00,588,Theni,0.5,-10.5394
2022-06-20 18:00:00,588,Theni,0.5,-10.493100000000002
2022-06-22 06:00:00,588,Theni,0.5,-10.477799999999998
2022-06-29 14:00:00,588,Theni,1.5,-10.6282
2022-06-30 16:00:00,588,Theni,0.5,-10.6508
2022-06-30 18:00:00,588,Theni,0.5,-10.6508
2022-07-02 01:30:00,588,Theni,0.5,-10.8205
2022-07-02 01:35:00,588,Theni,0.5,-10.8205
2022-07-02 01:40:00,588,Theni,0.5,-10.8205
2022-07-02 01:45:00,588,Theni,0.5,-10.8205
2022-07-02 01:50:00,588,Theni,0.5,-10.8205
2022-07-02 01:55:00,588,Theni,0.5,-10.8205
2022-07-02 03:45:00,588,Theni,0.5,-10.8399
2022-07-02 03:50:00,588,Theni,0.5,-10.8399
2022-07-02 03:55:00,588,Theni,0.5,-10.8399
2022-07-02 05:00:00,588,Theni,1.0,-10.8399
2022-07-02 06:00:00,588,Theni,1.0,-10.8399
2022-07-02 17:00:00,588,Theni,0.5,-10.8753
2022-07-02 18:00:00,588,Theni,0.5,-10.8753
2022-07-02 18:05:00,588,Theni,0.5,-10.8753
2022-07-02 18:10:00,588,Theni,2.0,-10.8753
2022-07-02 18:15:00,588,Theni,2.5,-10.8753
2022-07-02 18:20:00,588,Theni,2.5,-10.8753
2022-07-02 18:25:00,588,Theni,2.5,-10.8753
2022-07-02 18:30:00,588,Theni,2.5,-10.8753
2022-07-02 18:35:00,588,Theni,2.5,-10.8753
2022-07-02 18:40:00,588,Theni,2.5,-10.8753
2022-07-02 18:45:00,588,Theni,2.5,-10.8753
2022-07-02 18:50:00,588,Theni,3.0,-10.8753
2022-07-02 18:55:00,588,Theni,3.0,-10.8753
2022-07-02 19:00:00,588,Theni,3.25,-10.8753
2022-07-02 22:40:00,588,Theni,0.5,-10.8253
2022-07-02 22:45:00,588,Theni,0.5,-10.8253
2022-07-02 22:50:00,588,Theni,0.5,-10.8253
2022-07-02 22:55:00,588,Theni,0.5,-10.8253
2022-07-02 23:00:00,588,Theni,0.5,-10.8253
2022-07-03 07:00:00,588,Theni,1.5,-10.8102
2022-07-03 08:00:00,588,Theni,1.5,-10.8102
2022-07-03 09:00:00,588,Theni,2.5,-10.8102
2022-07-04 23:00:00,588,Theni,0.5,-10.7913
2022-07-05 04:00:00,588,Theni,0.5,-10.802
2022-07-05 15:00:00,588,Theni,1.0,-47.12
2022-07-06 00:00:00,588,Theni,0.5,-14.096181818181815
2022-07-06 03:00:00,588,Theni,0.5,-14.096181818181815
2022-07-06 05:00:00,588,Theni,0.5,-14.079545454545457
2022-07-06 06:00:00,588,Theni,2.0,-14.079545454545457
2022-07-06 07:00:00,588,Theni,0.5,-14.079545454545457
2022-07-06 09:00:00,588,Theni,2.0,-14.079545454545457
2022-07-06 10:00:00,588,Theni,0.5,-14.120090909090909
2022-07-06 15:00:00,588,Theni,0.5,-14.120090909090909
2022-07-06 20:00:00,588,Theni,0.5,-14.093636363636364
2022-07-07 09:00:00,588,Theni,0.5,-14.105454545454544
2022-07-07 10:00:00,588,Theni,0.5,-14.126454545454544
2022-07-07 11:00:00,588,Theni,0.5,-14.126454545454544
2022-07-07 12:00:00,588,Theni,0.5,-14.126454545454544
2022-07-07 14:00:00,588,Theni,0.5,-14.126454545454544
2022-07-07 15:00:00,588,Theni,2.0,-14.126454545454544
2022-07-08 15:00:00,588,Theni,0.5,-14.088909090909093
2022-07-09 03:00:00,588,Theni,1.0,-14.07918181818182
2022-07-09 06:00:00,588,Theni,0.5,-14.063727272727276
2022-07-09 07:00:00,588,Theni,0.5,-14.063727272727276
2022-07-09 08:00:00,588,Theni,0.5,-14.063727272727276
2022-07-10 00:00:00,588,Theni,0.5,-14.088363636363637
2022-07-10 14:00:00,588,Theni,0.5,-14.081090909090909
2022-07-10 20:00:00,588,Theni,1.0,-14.091545454545455
2022-07-10 23:00:00,588,Theni,0.5,-14.088272727272727
2022-07-11 00:00:00,588,Theni,1.5,-14.088272727272727
2022-07-11 02:00:00,588,Theni,2.0,-14.088272727272727
2022-07-11 04:00:00,588,Theni,0.5,-14.059545454545455
2022-07-11 06:00:00,588,Theni,0.5,-14.059545454545455
2022-07-11 08:00:00,588,Theni,1.0,-14.059545454545455
2022-07-11 09:00:00,588,Theni,2.0,-14.059545454545455
2022-07-11 10:00:00,588,Theni,0.5,-14.068545454545454
2022-07-11 12:00:00,588,Theni,0.5,-14.068545454545454
2022-07-12 21:00:00,588,Theni,0.5,-14.089090909090912
2022-07-13 00:00:00,588,Theni,0.5,-14.079
2022-07-13 02:00:00,588,Theni,1.0,-14.079
2022-07-13 04:00:00,588,Theni,0.5,-14.093727272727271
2022-07-13 05:00:00,588,Theni,0.5,-14.093727272727271
2022-07-13 06:00:00,588,Theni,0.5,-14.093727272727271
2022-07-13 09:00:00,588,Theni,0.5,-14.093727272727271
2022-07-13 12:00:00,588,Theni,1.0,-14.098545454545455
2022-07-13 13:00:00,588,Theni,2.0,-14.098545454545455
2022-07-13 14:00:00,588,Theni,1.0,-14.098545454545455
2022-07-13 15:00:00,588,Theni,0.5,-14.098545454545455
2022-07-13 16:00:00,588,Theni,1.5,-14.099272727272728
2022-07-13 17:00:00,588,Theni,0.5,-14.099272727272728
2022-07-13 19:00:00,588,Theni,0.5,-14.099272727272728
2022-07-13 20:00:00,588,Theni,1.0,-14.099272727272728
2022-07-13 22:00:00,588,Theni,1.0,-14.088545454545454
2022-07-13 23:00:00,588,Theni,0.5,-14.088545454545454
2022-07-14 00:00:00,588,Theni,0.75,-14.088545454545454
2022-07-14 01:00:00,588,Theni,1.0,-14.088545454545454
2022-07-14 02:00:00,588,Theni,0.5,-14.088545454545454
2022-07-14 03:00:00,588,Theni,0.5,-14.088545454545454
2022-07-14 04:00:00,588,Theni,1.0,-14.05
2022-07-14 06:00:00,588,Theni,1.0,-14.05
2022-07-26 17:00:00,588,Theni,11.5,-14.114
2022-07-26 18:00:00,588,Theni,5.25,-14.114
2022-07-26 19:00:00,588,Theni,1.25,-14.114
2022-07-26 20:00:00,588,Theni,1.1666666666666667,-14.114
2022-07-26 21:00:00,588,Theni,1.3333333333333333,-14.114
2022-07-26 22:00:00,588,Theni,0.75,-14.095090909090908
2022-07-27 00:00:00,588,Theni,0.5,-14.095090909090908
2022-07-27 02:00:00,588,Theni,0.5,-14.095090909090908
2022-07-27 15:00:00,588,Theni,3.0,-14.112727272727271
2022-07-27 16:00:00,588,Theni,1.0,-14.096181818181815
2022-07-27 17:00:00,588,Theni,1.0,-14.096181818181815
2022-07-27 18:00:00,588,Theni,15.833333333333334,-14.096181818181815
2022-07-27 19:00:00,588,Theni,13.25,-14.096181818181815
2022-07-27 20:00:00,588,Theni,9.8,-14.096181818181815
2022-07-27 21:00:00,588,Theni,5.8,-14.096181818181815
2022-07-27 22:00:00,588,Theni,1.375,-14.102181818181815
2022-07-27 23:00:00,588,Theni,1.0,-14.102181818181815
2022-07-28 00:00:00,588,Theni,1.0,-14.102181818181815
2022-07-28 06:00:00,588,Theni,0.5,-14.068363636363635
2022-07-28 08:00:00,588,Theni,0.5,-14.068363636363635
2022-07-28 21:00:00,588,Theni,0.5,-14.116727272727273
2022-07-28 22:00:00,588,Theni,1.5,-14.08681818181818
2022-07-28 23:00:00,588,Theni,21.0,-14.08681818181818
2022-07-29 00:00:00,588,Theni,3.25,-14.08681818181818
2022-07-29 12:00:00,588,Theni,0.5,-14.074545454545454
2022-07-30 00:00:00,588,Theni,1.5,-14.013363636363636
2022-07-30 01:00:00,588,Theni,25.5,-14.013363636363636
2022-07-30 02:00:00,588,Theni,38.0,-14.013363636363636
2022-07-30 15:00:00,588,Theni,0.75,-13.964727272727272
2022-07-30 16:00:00,588,Theni,1.0,-13.932363636363636
2022-07-30 17:00:00,588,Theni,3.75,-13.932363636363636
2022-07-30 18:00:00,588,Theni,3.6666666666666665,-13.932363636363636
2022-07-30 19:00:00,588,Theni,2.125,-13.932363636363636
2022-07-30 20:00:00,588,Theni,6.5,-13.932363636363636
2022-07-30 21:00:00,588,Theni,2.5,-13.932363636363636
2022-07-30 22:00:00,588,Theni,2.75,-13.905090909090909
2022-07-30 23:00:00,588,Theni,0.75,-13.905090909090909
2022-07-31 00:00:00,588,Theni,0.5,-13.905090909090909
2022-07-31 07:00:00,588,Theni,0.5,-13.908090909090909
2022-07-31 16:00:00,588,Theni,15.5,-13.850272727272728
2022-07-31 17:00:00,588,Theni,0.5,-13.850272727272728
2022-07-31 20:00:00,588,Theni,14.5,-13.850272727272728
2022-07-31 21:00:00,588,Theni,16.666666666666668,-13.850272727272728
2022-07-31 22:00:00,588,Theni,8.666666666666666,-13.828636363636363
2022-07-31 23:00:00,588,Theni,3.0,-13.828636363636363
2022-08-01 00:00:00,588,Theni,2.5,-13.828636363636363
2022-08-01 01:00:00,588,Theni,0.625,-13.828636363636363
2022-08-01 15:00:00,588,Theni,0.5,-13.782636363636364
2022-08-01 16:00:00,588,Theni,8.0,-13.776727272727271
2022-08-01 17:00:00,588,Theni,2.0,-13.776727272727271
2022-08-01 18:00:00,588,Theni,6.0,-13.776727272727271
2022-08-01 19:00:00,588,Theni,1.0,-13.776727272727271
2022-08-01 20:00:00,588,Theni,0.75,-13.776727272727271
2022-08-02 15:00:00,588,Theni,0.5,-13.727999999999998
2022-08-02 16:00:00,588,Theni,1.0,-13.738181818181818
2022-08-02 17:00:00,588,Theni,1.0,-13.738181818181818
2022-08-02 23:00:00,588,Theni,0.5,-13.718909090909092
2022-08-03 00:00:00,588,Theni,2.0,-13.718909090909092
2022-08-03 01:00:00,588,Theni,2.0,-13.718909090909092
2022-08-03 05:00:00,588,Theni,0.5,-13.685727272727274
2022-08-03 10:00:00,588,Theni,0.5,-13.68409090909091
2022-08-03 13:00:00,588,Theni,1.75,-13.68409090909091
2022-08-03 14:00:00,588,Theni,0.5,-13.68409090909091
2022-08-03 21:00:00,588,Theni,0.5,-13.63790909090909
2022-08-04 02:00:00,588,Theni,0.5,-13.593636363636364
2022-08-04 03:00:00,588,Theni,2.5,-13.593636363636364
2022-08-04 04:00:00,588,Theni,1.75,-13.548727272727271
2022-08-04 05:00:00,588,Theni,1.0,-13.548727272727271
2022-08-04 06:00:00,588,Theni,0.75,-13.548727272727271
2022-08-04 07:00:00,588,Theni,0.5,-13.548727272727271
2022-08-04 09:00:00,588,Theni,0.5,-13.548727272727271
2022-08-04 10:00:00,588,Theni,0.75,-13.519363636363636
2022-08-04 11:00:00,588,Theni,0.75,-13.519363636363636
2022-08-04 12:00:00,588,Theni,0.5,-13.519363636363636
2022-08-04 13:00:00,588,Theni,1.2,-13.519363636363636
2022-08-04 14:00:00,588,Theni,2.5,-13.519363636363636
2022-08-04 19:00:00,588,Theni,0.5,-13.482363636363637
2022-08-04 20:00:00,588,Theni,0.5,-13.482363636363637
2022-08-04 21:00:00,588,Theni,0.5,-13.482363636363637
2022-08-05 02:00:00,588,Theni,0.5,-13.454454545454546
2022-08-05 04:00:00,588,Theni,0.5,-13.412181818181818
2022-08-05 13:00:00,588,Theni,0.5,-13.42918181818182
2022-08-05 15:00:00,588,Theni,0.5,-13.42918181818182
2022-08-05 16:00:00,588,Theni,0.5,-13.416363636363634
2022-08-05 18:00:00,588,Theni,0.5,-13.416363636363634
2022-08-05 19:00:00,588,Theni,0.5,-13.416363636363634
2022-08-05 20:00:00,588,Theni,0.5,-13.416363636363634
2022-08-05 22:00:00,588,Theni,0.5,-13.38718181818182
2022-08-05 23:00:00,588,Theni,0.5,-13.38718181818182
2022-08-06 00:00:00,588,Theni,0.5,-13.38718181818182
2022-08-06 01:00:00,588,Theni,0.5,-13.38718181818182
2022-08-06 02:00:00,588,Theni,0.5,-13.38718181818182
2022-08-06 08:00:00,588,Theni,0.5,-13.345181818181818
2022-08-06 13:00:00,588,Theni,0.5,-13.325727272727272
2022-08-06 14:00:00,588,Theni,0.5,-13.325727272727272
2022-08-06 15:00:00,588,Theni,0.5,-13.325727272727272
2022-08-06 16:00:00,588,Theni,0.5,-13.294545454545457
2022-08-06 17:00:00,588,Theni,0.5,-13.294545454545457
2022-08-07 01:00:00,588,Theni,0.5,-13.26318181818182
2022-08-07 06:00:00,588,Theni,0.5,-13.220545454545451
2022-08-07 14:00:00,588,Theni,0.5,-13.203636363636363
2022-08-07 18:00:00,588,Theni,0.5,-13.175727272727272
2022-08-07 20:00:00,588,Theni,1.0,-13.175727272727272
2022-08-07 22:00:00,588,Theni,2.0,-13.157727272727271
2022-08-08 01:00:00,588,Theni,0.5,-13.157727272727271
2022-08-08 02:00:00,588,Theni,0.5,-13.157727272727271
2022-08-08 05:00:00,588,Theni,1.0,-13.8399
2022-08-08 06:00:00,588,Theni,0.5,-13.8399
2022-08-08 07:00:00,588,Theni,1.5,-13.8399
2022-08-08 09:00:00,588,Theni,1.0,-13.8399
2022-08-08 10:00:00,588,Theni,0.5,-13.843
2022-08-08 11:00:00,588,Theni,0.5,-13.843
2022-08-08 12:00:00,588,Theni,0.5,-13.843
2022-08-08 14:00:00,588,Theni,0.5,-13.843
2022-08-08 16:00:00,588,Theni,1.0,-12.554285714285712
2022-08-16 19:00:00,588,Theni,5.5,-11.815
2022-08-18 21:00:00,588,Theni,1.75,-10.5459
2022-08-18 22:00:00,588,Theni,1.0,-10.532
2022-08-19 14:00:00,588,Theni,1.0,-10.5766
2022-08-19 15:00:00,588,Theni,2.0,-10.5766
2022-08-22 09:00:00,588,Theni,0.5,-10.5833
2022-08-22 10:00:00,588,Theni,1.5,-10.6485
2022-08-22 11:00:00,588,Theni,0.5,-10.6485
2022-08-22 14:00:00,588,Theni,4.5,-10.6485
2022-08-22 15:00:00,588,Theni,0.5,-10.6485
2022-08-22 18:00:00,588,Theni,0.5,-10.6366
2022-08-22 19:00:00,588,Theni,1.0,-10.6366
2022-08-22 20:00:00,588,Theni,1.0,-10.6366
2022-08-22 21:00:00,588,Theni,1.0,-10.6366
2022-08-22 22:00:00,588,Theni,2.0,-10.6213
2022-08-22 23:00:00,588,Theni,0.6666666666666666,-10.6213
2022-08-23 00:00:00,588,Theni,0.5,-10.6213
2022-08-23 01:00:00,588,Theni,1.0,-10.6213
2022-08-23 09:00:00,588,Theni,0.5,-10.6171
2022-08-24 00:00:00,588,Theni,4.0,-10.6351
2022-08-24 04:00:00,588,Theni,1.0,-10.6172
2022-08-24 07:00:00,588,Theni,0.5,-10.6172
2022-08-24 08:00:00,588,Theni,1.0,-10.6172
2022-08-24 10:00:00,588,Theni,1.5,-10.6914
2022-08-24 14:00:00,588,Theni,1.0,-10.6914
2022-08-24 16:00:00,588,Theni,0.5,-10.6471
2022-08-25 14:00:00,588,Theni,0.5,-10.6612
2022-08-25 23:00:00,588,Theni,0.5,-10.6126
2022-08-26 14:00:00,588,Theni,1.5,-10.6216
2022-08-26 15:00:00,588,Theni,0.5,-10.6216
2022-08-26 17:00:00,588,Theni,2.0,-10.6122
2022-08-26 18:00:00,588,Theni,1.0,-10.6122
2022-08-26 22:00:00,588,Theni,3.75,-10.6182
2022-08-26 23:00:00,588,Theni,0.5,-10.6182
2022-08-27 00:00:00,588,Theni,1.8333333333333333,-10.6182
2022-08-27 01:00:00,588,Theni,3.375,-10.6182
2022-08-27 02:00:00,588,Theni,1.75,-10.6182
2022-08-27 03:00:00,588,Theni,1.1,-10.6182
2022-08-27 04:00:00,588,Theni,0.5,-10.5981
2022-08-27 05:00:00,588,Theni,0.5,-10.5981
2022-08-27 16:00:00,588,Theni,2.0,-10.59
2022-08-27 17:00:00,588,Theni,0.5,-10.59
2022-08-27 18:00:00,588,Theni,1.0,-10.59
2022-08-27 19:00:00,588,Theni,0.8333333333333334,-10.59
2022-08-27 20:00:00,588,Theni,6.0,-10.59
2022-08-27 21:00:00,588,Theni,3.0,-10.59
2022-08-27 22:00:00,588,Theni,1.5,-10.5827
2022-08-27 23:00:00,588,Theni,0.5,-10.5827
2022-08-28 16:00:00,588,Theni,4.0,-10.6002
2022-08-28 22:00:00,588,Theni,2.0,-10.607
2022-08-28 23:00:00,588,Theni,1.5,-10.607
2022-08-29 00:00:00,588,Theni,1.25,-10.607
2022-08-29 01:00:00,588,Theni,0.5,-10.607
2022-08-29 02:00:00,588,Theni,0.5,-10.607
2022-08-29 03:00:00,588,Theni,0.5,-10.607
2022-08-29 13:00:00,588,Theni,3.0,-10.5872
2022-08-29 14:00:00,588,Theni,10.5,-10.5872
2022-08-29 15:00:00,588,Theni,3.75,-10.5872
2022-08-29 16:00:00,588,Theni,1.25,-10.5607
2022-08-29 17:00:00,588,Theni,0.5,-10.5607
2022-08-29 22:00:00,588,Theni,0.5,-10.5495
2022-08-29 23:00:00,588,Theni,0.75,-10.5495
2022-08-30 00:00:00,588,Theni,0.5,-10.5495
2022-08-30 07:00:00,588,Theni,0.5,-10.5298
2022-08-30 11:00:00,588,Theni,2.5,-10.546
2022-08-30 16:00:00,588,Theni,0.5,-10.5219
2022-08-30 17:00:00,588,Theni,1.0,-10.5219
2022-08-30 18:00:00,588,Theni,7.0,-10.5219
2022-08-30 19:00:00,588,Theni,3.5,-10.5219
2022-08-30 20:00:00,588,Theni,5.875,-10.5219
2022-08-30 21:00:00,588,Theni,2.75,-10.5219
2022-08-30 22:00:00,588,Theni,8.2,-10.5009
2022-08-30 23:00:00,588,Theni,9.5,-10.5009
2022-08-31 00:00:00,588,Theni,7.9,-10.5009
2022-08-31 01:00:00,588,Theni,4.9,-10.5009
2022-08-31 02:00:00,588,Theni,0.5,-10.5009
2022-08-31 08:00:00,588,Theni,0.5,-10.4599
2022-08-31 16:00:00,588,Theni,3.0,-10.4802
2022-08-31 19:00:00,588,Theni,2.625,-10.4802
2022-08-31 20:00:00,588,Theni,3.0,-10.4802
2022-08-31 21:00:00,588,Theni,1.3333333333333333,-10.4802
2022-08-31 22:00:00,588,Theni,1.5,-10.4391
2022-08-31 23:00:00,588,Theni,0.5,-10.4391
2022-09-01 17:00:00,588,Theni,11.0,-10.3102
2022-09-01 18:00:00,588,Theni,1.0,-10.3102
2022-09-01 19:00:00,588,Theni,2.5,-10.3102
2022-09-02 15:00:00,588,Theni,0.5,-10.1686
2022-09-02 17:00:00,588,Theni,0.5,-10.1029
2022-09-02 18:00:00,588,Theni,8.75,-10.1029
2022-09-02 19:00:00,588,Theni,1.0,-10.1029
2022-09-02 20:00:00,588,Theni,0.5,-10.1029
2022-09-03 02:00:00,588,Theni,0.5,-10.0596
2022-09-03 15:00:00,588,Theni,0.5,-9.9529
2022-09-03 16:00:00,588,Theni,0.5,-9.935300000000002
2022-09-03 17:00:00,588,Theni,0.5,-9.935300000000002
2022-09-03 19:00:00,588,Theni,0.75,-9.935300000000002
2022-09-04 05:00:00,588,Theni,0.5,-9.8718
2022-09-04 15:00:00,588,Theni,4.25,-9.8395
2022-09-04 16:00:00,588,Theni,0.5,-9.7732
2022-09-04 17:00:00,588,Theni,31.5,-9.7732
2022-09-04 18:00:00,588,Theni,39.0,-9.7732
2022-09-04 19:00:00,588,Theni,1.5,-9.7732
2022-09-04 21:00:00,588,Theni,5.0,-9.7732
2022-09-04 22:00:00,588,Theni,22.5,-9.7536
2022-09-04 23:00:00,588,Theni,1.3333333333333333,-9.7536
2022-09-05 00:00:00,588,Theni,1.25,-9.7536
2022-09-05 04:00:00,588,Theni,0.5,-9.7092
2022-09-05 14:00:00,588,Theni,4.0,-9.6899
2022-09-05 15:00:00,588,Theni,2.5,-9.6899
2022-09-05 17:00:00,588,Theni,0.5,-9.6496
2022-09-05 18:00:00,588,Theni,2.25,-9.6496
2022-09-05 19:00:00,588,Theni,4.25,-9.6496
2022-09-05 20:00:00,588,Theni,2.1666666666666665,-9.6496
2022-09-05 21:00:00,588,Theni,3.5,-9.6496
2022-09-05 22:00:00,588,Theni,0.5,-9.6181
2022-09-07 16:00:00,588,Theni,1.0,-3.925
2022-09-10 08:00:00,588,Theni,0.5,-10.04625
2022-10-02 16:00:00,588,Theni,1.25,-10.787083333333332
2022-10-02 17:00:00,588,Theni,0.5,-10.787083333333332
2022-10-08 23:00:00,588,Theni,2.0,-10.895916666666666
2022-10-09 00:00:00,588,Theni,0.5,-10.895916666666666
2022-10-09 02:00:00,588,Theni,0.5,-10.895916666666666
2022-10-09 06:00:00,588,Theni,0.5,-10.868416666666668
2022-10-09 20:00:00,588,Theni,1.0,-10.875083333333334
2022-10-09 23:00:00,588,Theni,0.5,-10.825083333333334
2022-10-10 00:00:00,588,Theni,9.5,-10.825083333333334
2022-10-10 01:00:00,588,Theni,5.5,-10.825083333333334
2022-10-10 02:00:00,588,Theni,6.5,-10.825083333333334
2022-10-10 03:00:00,588,Theni,5.0,-10.825083333333334
2022-10-10 04:00:00,588,Theni,1.5,-10.8185
2022-10-10 15:00:00,588,Theni,0.5,-10.819083333333332
2022-10-10 16:00:00,588,Theni,3.5,-10.743545454545457
2022-10-10 17:00:00,588,Theni,28.25,-10.743545454545457
2022-10-10 18:00:00,588,Theni,3.0,-10.743545454545457
2022-10-10 19:00:00,588,Theni,1.6666666666666667,-10.743545454545457
2022-10-10 20:00:00,588,Theni,3.5,-10.743545454545457
2022-10-10 21:00:00,588,Theni,2.0,-10.743545454545457
2022-10-10 22:00:00,588,Theni,0.5,-10.753727272727271
2022-10-10 23:00:00,588,Theni,0.5,-10.753727272727271
2022-10-11 00:00:00,588,Theni,0.5,-10.753727272727271
2022-10-11 02:00:00,588,Theni,0.5,-10.753727272727271
2022-10-11 23:00:00,588,Theni,2.0,-10.351071428571428
2022-10-12 01:00:00,588,Theni,2.0,-10.351071428571428
2022-10-12 15:00:00,588,Theni,17.0,-10.37507142857143
2022-10-12 16:00:00,588,Theni,0.5,-10.3425
2022-10-12 22:00:00,588,Theni,4.0,-10.3145
2022-10-13 00:00:00,588,Theni,3.8333333333333335,-10.3145
2022-10-13 01:00:00,588,Theni,5.125,-10.3145
2022-10-13 23:00:00,588,Theni,3.0,-10.24692857142857
2022-10-14 15:00:00,588,Theni,0.5,-10.241428571428573
2022-10-14 18:00:00,588,Theni,1.25,-10.247285714285711
2022-10-14 19:00:00,588,Theni,7.0,-10.247285714285711
2022-10-15 03:00:00,588,Theni,0.5,-10.167428571428571
2022-10-15 19:00:00,588,Theni,10.5,-10.188428571428572
2022-10-15 21:00:00,588,Theni,5.5,-10.188428571428572
2022-10-15 22:00:00,588,Theni,2.1666666666666665,-10.141571428571428
2022-10-16 15:00:00,588,Theni,3.0,-4.203
2022-10-16 16:00:00,588,Theni,0.75,-9.845857142857144
2022-10-16 21:00:00,588,Theni,8.5,-9.845857142857144
2022-10-16 22:00:00,588,Theni,1.6666666666666667,-9.762857142857143
2022-10-17 00:00:00,588,Theni,0.5,-9.762857142857143
2022-10-17 16:00:00,588,Theni,3.5,-10.270307692307693
2022-10-17 17:00:00,588,Theni,11.0,-10.270307692307693
2022-10-17 18:00:00,588,Theni,12.375,-10.270307692307693
2022-10-17 19:00:00,588,Theni,7.333333333333333,-10.270307692307693
2022-10-17 20:00:00,588,Theni,3.5,-10.270307692307693
2022-10-17 21:00:00,588,Theni,1.5,-10.270307692307693
2022-10-18 14:00:00,588,Theni,19.0,-2.055
2022-10-18 17:00:00,588,Theni,0.5,-10.01307692307692
2022-10-18 20:00:00,588,Theni,0.5,-1.973
2022-10-19 03:00:00,588,Theni,0.5,-1.784
2022-10-19 12:00:00,588,Theni,1.0,-9.882692307692308
2022-10-19 13:00:00,588,Theni,0.5,-9.882692307692308
2022-10-20 00:00:00,588,Theni,0.5,-9.794230769230769
2022-10-20 15:00:00,588,Theni,4.0,-1.802
2022-10-20 16:00:00,588,Theni,18.75,-1.802
2022-10-20 17:00:00,588,Theni,7.375,-9.699846153846154
2022-10-20 18:00:00,588,Theni,6.5,-9.699846153846154
2022-10-20 19:00:00,588,Theni,1.0,-9.699846153846154
2022-10-20 20:00:00,588,Theni,3.25,-1.79
2022-10-20 21:00:00,588,Theni,1.75,-1.79
2022-10-20 22:00:00,588,Theni,1.5,-1.79
2022-10-21 00:00:00,588,Theni,1.6666666666666667,-9.67423076923077
2022-10-21 01:00:00,588,Theni,2.6666666666666665,-9.67423076923077
2022-10-21 02:00:00,588,Theni,5.0,-1.56
2022-10-21 03:00:00,588,Theni,1.5,-1.56
2022-10-21 14:00:00,588,Theni,4.0,-9.681
2022-10-21 15:00:00,588,Theni,1.5,-9.681
2022-10-21 16:00:00,588,Theni,1.25,-9.671153846153846
2022-10-21 17:00:00,588,Theni,0.5,-9.671153846153846
2022-10-23 21:00:00,588,Theni,2.5,-9.59053846153846
2022-10-23 22:00:00,588,Theni,1.5,-9.557230769230769
2022-10-24 00:00:00,588,Theni,0.5,-9.557230769230769
2022-10-31 02:00:00,588,Theni,1.5,-7.451153846153847
2022-10-31 04:00:00,588,Theni,0.5,-10.5695
2022-11-01 14:00:00,588,Theni,0.5,-8.785428571428572
2022-11-01 23:00:00,588,Theni,6.0,-8.766785714285714
2022-11-02 00:00:00,588,Theni,2.5,-8.766785714285714
2022-11-02 01:00:00,588,Theni,12.0,-8.766785714285714
2022-11-02 02:00:00,588,Theni,3.0,-8.766785714285714
2022-11-02 14:00:00,588,Theni,1.0,-8.753285714285713
2022-11-02 17:00:00,588,Theni,0.5,-8.75992857142857
2022-11-02 21:00:00,588,Theni,5.5,-8.75992857142857
2022-11-02 22:00:00,588,Theni,6.25,-8.748071428571428
2022-11-02 23:00:00,588,Theni,9.75,-8.748071428571428
2022-11-03 00:00:00,588,Theni,12.833333333333334,-8.748071428571428
2022-11-03 01:00:00,588,Theni,8.166666666666666,-8.748071428571428
2022-11-03 02:00:00,588,Theni,3.625,-8.748071428571428
2022-11-03 03:00:00,588,Theni,2.6666666666666665,-8.748071428571428
2022-11-03 04:00:00,588,Theni,1.6666666666666667,-8.72707142857143
2022-11-03 05:00:00,588,Theni,0.5,-8.72707142857143
2022-11-03 06:00:00,588,Theni,1.0,-8.72707142857143
2022-11-03 07:00:00,588,Theni,0.5,-8.72707142857143
2022-11-03 14:00:00,588,Theni,1.5,-8.789357142857144
2022-11-03 15:00:00,588,Theni,2.75,-8.789357142857144
2022-11-03 16:00:00,588,Theni,3.1666666666666665,-8.761857142857142
2022-11-03 17:00:00,588,Theni,7.75,-8.761857142857142
2022-11-03 18:00:00,588,Theni,1.5,-8.761857142857142
2022-11-03 19:00:00,588,Theni,1.5,-8.761857142857142
2022-11-04 01:00:00,588,Theni,1.25,-8.678357142857143
2022-11-04 02:00:00,588,Theni,1.5,-8.678357142857143
2022-11-04 07:00:00,588,Theni,2.0,-8.680714285714286
2022-11-04 16:00:00,588,Theni,2.0,-8.918307692307692
2022-11-04 17:00:00,588,Theni,1.0,-8.918307692307692
2022-11-04 19:00:00,588,Theni,0.5,-8.918307692307692
2022-11-04 21:00:00,588,Theni,0.5,-8.918307692307692
2022-11-04 22:00:00,588,Theni,2.5,-8.864384615384616
2022-11-04 23:00:00,588,Theni,0.5,-8.864384615384616
2022-11-05 00:00:00,588,Theni,1.5,-8.864384615384616
2022-11-05 01:00:00,588,Theni,2.5,-8.864384615384616
2022-11-05 02:00:00,588,Theni,1.0,-8.864384615384616
2022-11-11 00:00:00,588,Theni,1.5,-8.600076923076923
2022-11-11 12:00:00,588,Theni,0.5,-8.66876923076923
2022-11-11 18:00:00,588,Theni,2.5,-8.653538461538462
2022-11-11 19:00:00,588,Theni,0.5,-8.653538461538462
2022-11-11 23:00:00,588,Theni,3.5,-8.602461538461538
2022-11-12 00:00:00,588,Theni,6.25,-8.602461538461538
2022-11-12 01:00:00,588,Theni,6.5,-8.602461538461538
2022-11-12 02:00:00,588,Theni,7.0,-8.602461538461538
2022-11-12 03:00:00,588,Theni,3.5,-8.602461538461538
2022-11-12 04:00:00,588,Theni,4.625,-8.624846153846153
2022-11-12 05:00:00,588,Theni,2.5,-8.624846153846153
2022-11-12 06:00:00,588,Theni,1.6666666666666667,-8.624846153846153
2022-11-12 07:00:00,588,Theni,0.75,-8.624846153846153
2022-11-12 12:00:00,588,Theni,1.0,-8.585384615384616
2022-11-12 13:00:00,588,Theni,0.5,-8.585384615384616
2022-11-12 14:00:00,588,Theni,2.5,-8.585384615384616
2022-11-12 15:00:00,588,Theni,5.25,-8.585384615384616
2022-11-12 16:00:00,588,Theni,1.3333333333333333,-8.49823076923077
2022-11-12 17:00:00,588,Theni,13.75,-8.49823076923077
2022-11-12 18:00:00,588,Theni,1.0,-8.49823076923077
2022-11-12 19:00:00,588,Theni,1.5,-8.49823076923077
2022-11-12 21:00:00,588,Theni,0.5,-8.49823076923077
2022-11-13 05:00:00,588,Theni,0.5,-8.405846153846154
2022-11-13 07:00:00,588,Theni,0.5,-8.405846153846154
2022-11-13 15:00:00,588,Theni,2.0,-8.433692307692308
2022-11-13 19:00:00,588,Theni,1.5,-8.394692307692308
2022-11-13 23:00:00,588,Theni,0.5,-8.348846153846154
2022-11-14 15:00:00,588,Theni,0.5,-8.334692307692308
2022-11-15 15:00:00,588,Theni,0.5,-8.279769230769231
2022-11-15 16:00:00,588,Theni,1.5,-8.273
2022-11-15 17:00:00,588,Theni,0.5,-8.273
2022-11-16 21:00:00,588,Theni,0.5,-8.185076923076924
2022-11-21 09:00:00,588,Theni,0.5,-8.26
2022-11-24 20:00:00,588,Theni,0.5,-8.561166666666667
2022-11-25 21:00:00,588,Theni,0.5,-8.583583333333333
2022-11-26 13:00:00,588,Theni,0.5,-8.56625
2022-11-27 02:00:00,588,Theni,0.5,-8.527666666666667
2022-11-27 04:00:00,588,Theni,2.5,-8.635416666666666
2022-11-27 05:00:00,588,Theni,11.0,-8.635416666666666
2022-11-27 06:00:00,588,Theni,15.0,-8.635416666666666
2022-11-27 07:00:00,588,Theni,3.75,-8.635416666666666
2022-11-27 08:00:00,588,Theni,7.0,-8.635416666666666
2022-11-27 11:00:00,588,Theni,3.25,-8.517666666666667
2022-11-27 19:00:00,588,Theni,0.5,-8.518833333333333
2022-11-28 20:00:00,588,Theni,9.5,-8.477916666666667
2022-11-28 21:00:00,588,Theni,6.5,-8.477916666666667
2022-11-28 23:00:00,588,Theni,6.5,-8.466666666666667
2022-11-29 00:00:00,588,Theni,1.25,-8.466666666666667
2022-11-29 01:00:00,588,Theni,1.25,-8.466666666666667
2022-11-29 02:00:00,588,Theni,4.25,-8.466666666666667
2022-11-29 03:00:00,588,Theni,5.5,-8.466666666666667
2022-11-29 04:00:00,588,Theni,4.0,-8.452083333333333
2022-11-29 05:00:00,588,Theni,3.0,-8.452083333333333
2022-11-29 06:00:00,588,Theni,4.5,-8.452083333333333
2022-11-29 17:00:00,588,Theni,2.0,-12.104
2022-12-01 21:00:00,588,Theni,0.5,-8.05942857142857
2022-12-02 22:00:00,588,Theni,9.5,-8.030357142857143
2022-12-02 23:00:00,588,Theni,4.0,-8.030357142857143
2022-12-03 00:00:00,588,Theni,1.3333333333333333,-8.030357142857143
2022-12-03 14:00:00,588,Theni,0.5,-8.227666666666666
2022-12-03 15:00:00,588,Theni,0.5,-8.227666666666666
2022-12-03 16:00:00,588,Theni,1.5,-8.066285714285714
2022-12-03 17:00:00,588,Theni,7.0,-8.066285714285714
2022-12-03 18:00:00,588,Theni,1.375,-8.066285714285714
2022-12-03 19:00:00,588,Theni,0.75,-8.066285714285714
2022-12-03 23:00:00,588,Theni,0.5,-8.031142857142857
2022-12-04 01:00:00,588,Theni,0.5,-8.031142857142857
2022-12-04 13:00:00,588,Theni,3.5,-8.029357142857142
2022-12-04 15:00:00,588,Theni,3.0,-8.029357142857142
2022-12-04 16:00:00,588,Theni,1.75,-8.01592857142857
2022-12-04 17:00:00,588,Theni,1.8333333333333333,-8.01592857142857
2022-12-04 18:00:00,588,Theni,5.5,-8.01592857142857
2022-12-04 19:00:00,588,Theni,0.5,-8.01592857142857
2022-12-04 21:00:00,588,Theni,5.0,-8.01592857142857
2022-12-04 22:00:00,588,Theni,1.75,-8.030642857142857
2022-12-04 23:00:00,588,Theni,0.5,-8.030642857142857
2022-12-05 01:00:00,588,Theni,0.5,-8.030642857142857
2022-12-06 15:00:00,588,Theni,0.5,-8.086785714285714
2022-12-08 14:00:00,588,Theni,1.0,-8.066928571428571
2022-12-08 20:00:00,588,Theni,0.75,-8.05642857142857
2022-12-08 23:00:00,588,Theni,0.5,-8.026571428571428
2022-12-09 00:00:00,588,Theni,0.5,-8.026571428571428
2022-12-09 01:00:00,588,Theni,0.5,-8.026571428571428
2022-12-09 02:00:00,588,Theni,0.5,-8.026571428571428
2022-12-09 03:00:00,588,Theni,0.5,-8.026571428571428
2022-12-09 04:00:00,588,Theni,0.5,-8.06942857142857
2022-12-09 05:00:00,588,Theni,0.5,-8.06942857142857
2022-12-09 06:00:00,588,Theni,1.5,-8.06942857142857
2022-12-09 09:00:00,588,Theni,0.5,-8.06942857142857
2022-12-09 10:00:00,588,Theni,1.0,-6.896769230769231
2022-12-09 12:00:00,588,Theni,1.1666666666666667,-6.896769230769231
2022-12-09 13:00:00,588,Theni,0.5,-23.456
2022-12-09 15:00:00,588,Theni,0.5,-23.456
2022-12-09 19:00:00,588,Theni,0.5,-8.170071428571429
2022-12-09 20:00:00,588,Theni,0.5,-8.170071428571429
2022-12-10 15:00:00,588,Theni,2.0,-8.033285714285714
2022-12-10 16:00:00,588,Theni,0.5,-8.120000000000001
2022-12-11 05:00:00,588,Theni,1.0,-8.059142857142858
2022-12-11 08:00:00,588,Theni,0.5,-8.059142857142858
2022-12-11 09:00:00,588,Theni,0.75,-8.059142857142858
2022-12-11 10:00:00,588,Theni,1.0,-8.081428571428571
2022-12-11 11:00:00,588,Theni,0.5,-8.081428571428571
2022-12-11 12:00:00,588,Theni,0.5,-8.081428571428571
2022-12-11 13:00:00,588,Theni,0.5,-8.081428571428571
2022-12-11 15:00:00,588,Theni,0.5,-8.081428571428571
2022-12-11 16:00:00,588,Theni,2.0,-8.113142857142858
2022-12-12 06:00:00,588,Theni,0.5,-8.09
2022-12-12 07:00:00,588,Theni,0.5,-8.09
2022-12-12 08:00:00,588,Theni,2.0,-8.09
2022-12-12 10:00:00,588,Theni,0.5,-8.1
2022-12-12 14:00:00,588,Theni,3.0,-8.1
2022-12-12 18:00:00,588,Theni,0.5,-8.06007142857143
2022-12-13 19:00:00,588,Theni,0.75,-8.067071428571428
2022-12-13 20:00:00,588,Theni,13.75,-8.067071428571428
2022-12-13 21:00:00,588,Theni,6.75,-8.067071428571428
2022-12-13 22:00:00,588,Theni,1.0,-8.058
2022-12-14 00:00:00,588,Theni,3.75,-8.058
2022-12-14 01:00:00,588,Theni,2.5,-8.058
2022-12-14 02:00:00,588,Theni,4.5,-8.058
2022-12-14 03:00:00,588,Theni,15.5,-8.058
2022-12-14 04:00:00,588,Theni,8.5,-8.118642857142857
2022-12-14 05:00:00,588,Theni,8.0,-8.118642857142857
2022-12-14 06:00:00,588,Theni,2.0,-8.118642857142857
2022-12-14 07:00:00,588,Theni,0.75,-8.118642857142857
2022-12-14 08:00:00,588,Theni,1.0,-8.118642857142857
2022-12-14 14:00:00,588,Theni,0.5,-8.054928571428572
2022-12-14 16:00:00,588,Theni,1.5,-8.0425
2022-12-14 17:00:00,588,Theni,0.5,-8.0425
2022-12-14 21:00:00,588,Theni,0.5,-8.0425
2022-12-15 01:00:00,588,Theni,0.5,-7.99
2022-12-15 08:00:00,588,Theni,0.5,-8.008214285714287
2022-12-15 09:00:00,588,Theni,5.0,-8.008214285714287
2022-12-15 10:00:00,588,Theni,8.0,-7.985857142857142
2022-12-15 11:00:00,588,Theni,2.0,-7.985857142857142
2022-12-25 18:00:00,588,Theni,2.0,-8.0855
2022-12-25 19:00:00,588,Theni,0.5,-8.0855
2022-12-25 20:00:00,588,Theni,0.75,-8.0855
2022-12-25 21:00:00,588,Theni,0.5,-8.0855
2022-12-25 22:00:00,588,Theni,0.8333333333333334,-8.063428571428572
2022-12-25 23:00:00,588,Theni,0.5,-8.063428571428572
2022-12-26 01:00:00,588,Theni,0.5,-8.063428571428572
2022-12-26 04:00:00,588,Theni,7.0,-8.054285714285713
2022-12-26 05:00:00,588,Theni,12.0,-8.054285714285713
2022-12-26 06:00:00,588,Theni,1.1666666666666667,-8.054285714285713
2022-12-26 08:00:00,588,Theni,0.5,-8.054285714285713
2022-12-26 09:00:00,588,Theni,1.0,-8.054285714285713
2022-12-26 10:00:00,588,Theni,1.0,-8.129857142857142
2022-12-26 14:00:00,588,Theni,0.5,-8.129857142857142
2022-12-26 15:00:00,588,Theni,0.5,-8.129857142857142
2022-12-26 22:00:00,588,Theni,4.5,-8.062928571428571
2022-12-27 03:00:00,588,Theni,0.5,-8.062928571428571
2022-12-27 04:00:00,588,Theni,0.5,-8.094285714285714
2022-12-27 05:00:00,588,Theni,0.5,-8.094285714285714
2022-12-27 06:00:00,588,Theni,2.0,-8.094285714285714
2022-12-27 07:00:00,588,Theni,0.5,-8.094285714285714
2022-12-27 08:00:00,588,Theni,5.166666666666667,-8.094285714285714
2022-12-27 09:00:00,588,Theni,1.5,-8.094285714285714
2022-12-27 11:00:00,588,Theni,1.25,-8.08307142857143
2022-12-27 14:00:00,588,Theni,0.5,-8.08307142857143
2022-12-27 16:00:00,588,Theni,1.5,-8.0845
2022-12-27 17:00:00,588,Theni,3.5,-8.0845
2022-12-28 03:00:00,588,Theni,0.5,-8.027
2022-12-28 19:00:00,588,Theni,0.5,-8.072428571428572
2022-12-29 20:00:00,588,Theni,0.5,-8.188714285714285
2022-12-30 14:00:00,588,Theni,0.5,-5.1054
2022-12-30 15:00:00,588,Theni,1.5,-5.1054
2022-12-30 16:00:00,588,Theni,1.0,-4.792833333333333
2023-02-02 15:00:00,588,Theni,0.5,-8.550071428571428
2023-02-02 20:00:00,588,Theni,1.0,-8.532571428571428
2023-02-02 22:00:00,588,Theni,3.0,-8.482714285714286
2023-02-02 23:00:00,588,Theni,0.5,-8.482714285714286
2023-02-03 00:00:00,588,Theni,0.75,-8.482714285714286
2023-02-03 01:00:00,588,Theni,0.5,-8.482714285714286
2023-02-03 12:00:00,588,Theni,0.5,-8.525357142857143
2023-02-03 16:00:00,588,Theni,0.5,-8.498571428571429
2023-02-03 17:00:00,588,Theni,1.75,-8.498571428571429
2023-02-03 18:00:00,588,Theni,0.5,-8.498571428571429
2023-02-03 19:00:00,588,Theni,0.5,-8.498571428571429
2023-02-03 20:00:00,588,Theni,0.5,-8.498571428571429
2023-02-03 21:00:00,588,Theni,2.25,-8.498571428571429
2023-02-03 22:00:00,588,Theni,0.875,-8.47
2023-02-03 23:00:00,588,Theni,0.75,-8.47
2023-02-04 00:00:00,588,Theni,2.0,-8.47
2023-02-04 01:00:00,588,Theni,1.3333333333333333,-8.47
2023-02-04 02:00:00,588,Theni,4.0,-8.47
2023-02-04 03:00:00,588,Theni,0.5,-8.47
2023-02-04 07:00:00,588,Theni,0.5,-8.486571428571429
2023-02-04 11:00:00,588,Theni,0.5,-8.4755
2023-02-05 13:00:00,588,Theni,0.5,-8.534857142857144
2023-02-08 17:10:00,588,Theni,1.5,-8.576428571428572
2023-02-08 17:15:00,588,Theni,1.5,-8.576428571428572
2023-02-08 17:20:00,588,Theni,1.5,-8.576428571428572
2023-02-08 17:25:00,588,Theni,1.5,-8.576428571428572
2023-02-08 17:30:00,588,Theni,1.5,-8.576428571428572
2023-02-08 17:35:00,588,Theni,1.5,-8.576428571428572
2023-02-08 17:40:00,588,Theni,1.5,-8.576428571428572
2023-02-08 18:00:00,588,Theni,1.5,-8.576428571428572
2023-03-01 09:00:00,588,Theni,3.0,-8.645999999999999
2023-03-05 17:00:00,588,Theni,0.5,-8.823357142857143
2023-03-16 22:00:00,588,Theni,11.5,-10.0227
2023-03-16 23:00:00,588,Theni,1.5,-10.0227
2023-03-17 01:00:00,588,Theni,5.0,-10.0227
2023-03-17 02:00:00,588,Theni,1.25,-10.0227
2023-03-17 22:00:00,588,Theni,0.5,-9.025642857142858
2023-03-17 23:00:00,588,Theni,1.0,-9.025642857142858
2023-03-18 01:00:00,588,Theni,0.5,-9.025642857142858
2023-03-18 19:00:00,588,Theni,7.0,-9.097714285714286
2023-03-18 20:00:00,588,Theni,3.5,-9.097714285714286
2023-03-18 21:00:00,588,Theni,4.0,-9.097714285714286
2023-03-18 22:00:00,588,Theni,7.25,-9.05257142857143
2023-03-18 23:00:00,588,Theni,11.166666666666666,-9.05257142857143
2023-03-19 00:00:00,588,Theni,3.0,-9.05257142857143
2023-03-19 01:00:00,588,Theni,3.0,-9.05257142857143
2023-03-19 02:00:00,588,Theni,2.25,-9.05257142857143
2023-03-20 19:00:00,588,Theni,14.5,-9.0805
2023-03-20 20:00:00,588,Theni,2.5,-9.0805
2023-03-26 16:00:00,588,Theni,0.5,-9.641333333333334
2023-03-26 17:00:00,588,Theni,3.0,-9.641333333333334
2023-03-28 17:00:00,588,Theni,6.5,-9.108928571428573
2023-03-28 18:00:00,588,Theni,15.0,-9.108928571428573
2023-03-28 20:00:00,588,Theni,5.5,-9.108928571428573
2023-03-28 21:00:00,588,Theni,5.0,-9.108928571428573
2023-03-28 22:00:00,588,Theni,2.25,-9.067142857142857
2023-03-29 05:00:00,588,Theni,0.5,-9.067428571428572
2023-03-31 07:00:00,588,Theni,0.5,-9.7295
2023-04-01 21:00:00,588,Theni,12.5,-9.664307692307691
2023-04-01 22:00:00,588,Theni,0.5,-9.577076923076923
2023-04-03 19:00:00,588,Theni,10.5,-9.656538461538462
2023-04-03 20:00:00,588,Theni,2.0,-9.656538461538462
2023-04-03 21:00:00,588,Theni,17.25,-9.656538461538462
2023-04-03 22:00:00,588,Theni,1.5,-9.61923076923077
2023-04-03 23:00:00,588,Theni,0.5,-9.61923076923077
2023-04-04 00:00:00,588,Theni,1.0,-9.61923076923077
2023-04-04 21:00:00,588,Theni,0.5,-9.672076923076922
2023-04-07 18:00:00,588,Theni,0.5,-10.425
2023-04-21 17:00:00,588,Theni,15.0,-9.269416666666666
2023-04-21 18:00:00,588,Theni,15.5,-9.269416666666666
2023-04-22 00:00:00,588,Theni,0.5,-9.230666666666666
2023-04-22 21:00:00,588,Theni,3.0,-9.352833333333336
2023-04-22 22:00:00,588,Theni,4.0,-9.277166666666666
2023-04-22 23:00:00,588,Theni,1.0,-9.277166666666666
2023-04-23 15:00:00,588,Theni,0.5,-9.324333333333334
2023-04-23 20:00:00,588,Theni,0.5,-7.650272727272727
2023-04-23 21:00:00,588,Theni,1.5,-7.650272727272727
2023-04-23 22:00:00,588,Theni,1.0,-7.552090909090908
2023-04-23 23:00:00,588,Theni,15.5,-7.552090909090908
2023-04-24 00:00:00,588,Theni,9.5,-7.552090909090908
2023-04-24 01:00:00,588,Theni,3.75,-7.552090909090908
2023-04-24 02:00:00,588,Theni,3.5,-7.552090909090908
2023-04-24 03:00:00,588,Theni,3.5,-7.552090909090908
2023-04-24 04:00:00,588,Theni,2.5,-7.53890909090909
2023-04-24 05:00:00,588,Theni,2.0,-7.53890909090909
2023-04-24 06:00:00,588,Theni,1.5,-7.53890909090909
2023-04-24 07:00:00,588,Theni,0.5,-7.53890909090909
2023-04-24 08:00:00,588,Theni,1.0,-7.53890909090909
2023-04-24 09:00:00,588,Theni,0.5,-7.53890909090909
2023-04-24 11:00:00,588,Theni,0.5,-7.564181818181819
2023-04-24 12:00:00,588,Theni,0.5,-7.564181818181819
2023-04-24 15:00:00,588,Theni,0.5,-7.564181818181819
2023-04-24 23:00:00,588,Theni,1.5,-7.7157
2023-04-25 12:00:00,588,Theni,6.5,-8.150444444444444
2023-04-25 16:00:00,588,Theni,3.5,-7.6178181818181825
2023-04-25 17:00:00,588,Theni,8.5,-7.6178181818181825
2023-04-25 18:00:00,588,Theni,0.5,-7.6178181818181825
2023-04-25 19:00:00,588,Theni,0.5,-7.6178181818181825
2023-04-25 20:00:00,588,Theni,0.5,-7.6178181818181825
2023-04-25 21:00:00,588,Theni,0.5,-7.6178181818181825
2023-04-25 22:00:00,588,Theni,0.5,-7.530181818181819
2023-04-25 23:00:00,588,Theni,0.5,-7.530181818181819
2023-04-26 00:00:00,588,Theni,0.5,-7.530181818181819
2023-04-26 07:00:00,588,Theni,0.5,-7.576090909090909
2023-04-26 21:00:00,588,Theni,1.0,-7.67409090909091
2023-04-26 22:00:00,588,Theni,1.0,-7.535818181818183
2023-04-27 10:00:00,588,Theni,0.5,-7.580272727272727
2023-04-27 22:00:00,588,Theni,0.5,-7.598636363636363
2023-04-28 02:00:00,588,Theni,5.5,-7.598636363636363
2023-04-28 03:00:00,588,Theni,0.5,-7.598636363636363
2023-04-28 04:00:00,588,Theni,0.5,-7.672272727272727
2023-04-28 12:00:00,588,Theni,0.5,-7.658181818181817
2023-04-28 13:00:00,588,Theni,0.5,-7.658181818181817
2023-04-28 17:00:00,588,Theni,0.5,-7.573818181818182
2023-04-29 09:00:00,588,Theni,0.5,-7.5239090909090915
2023-04-29 16:00:00,588,Theni,2.0,-7.420400000000001
2023-04-29 20:00:00,588,Theni,5.25,-7.420400000000001
2023-04-29 21:00:00,588,Theni,1.625,-7.420400000000001
2023-04-29 22:00:00,588,Theni,0.6666666666666666,-7.402500000000001
2023-04-29 23:00:00,588,Theni,0.5,-7.402500000000001
2023-04-30 10:00:00,588,Theni,0.5,-7.209777777777778
2023-04-30 12:00:00,588,Theni,0.5,-7.209777777777778
2023-04-30 15:00:00,588,Theni,0.5,-7.209777777777778
2023-04-30 22:00:00,588,Theni,0.5,-7.593909090909091
2023-05-01 13:00:00,588,Theni,3.0,-7.487909090909091
2023-05-01 14:00:00,588,Theni,1.0,-7.487909090909091
2023-05-01 15:00:00,588,Theni,19.5,-7.487909090909091
2023-05-01 16:00:00,588,Theni,2.25,-7.473454545454545
2023-05-01 17:00:00,588,Theni,2.75,-7.473454545454545
2023-05-01 18:00:00,588,Theni,1.5,-7.473454545454545
2023-05-01 19:00:00,588,Theni,1.0,-7.473454545454545
2023-05-01 20:00:00,588,Theni,0.5,-7.473454545454545
2023-05-01 21:00:00,588,Theni,0.5,-7.473454545454545
2023-05-01 22:00:00,588,Theni,0.5,-7.447
2023-05-02 00:00:00,588,Theni,0.5,-7.447
2023-05-02 01:00:00,588,Theni,0.5,-7.447
2023-05-02 04:00:00,588,Theni,0.5,-7.490454545454546
2023-05-02 05:00:00,588,Theni,0.5,-7.490454545454546
2023-05-02 06:00:00,588,Theni,0.5,-7.490454545454546
2023-05-02 09:00:00,588,Theni,0.5,-7.490454545454546
2023-05-02 11:00:00,588,Theni,0.5,-7.4857272727272735
2023-05-02 12:00:00,588,Theni,0.5,-7.4857272727272735
2023-05-02 13:00:00,588,Theni,0.5,-7.4857272727272735
2023-05-02 14:00:00,588,Theni,0.5,-7.4857272727272735
2023-05-02 16:00:00,588,Theni,22.0,-7.479636363636363
2023-05-02 17:00:00,588,Theni,1.8333333333333333,-7.479636363636363
2023-05-02 18:00:00,588,Theni,8.0,-7.479636363636363
2023-05-02 19:00:00,588,Theni,6.5,-7.479636363636363
2023-05-02 20:00:00,588,Theni,0.5,-7.479636363636363
2023-05-03 00:00:00,588,Theni,0.5,-7.542000000000001
2023-05-03 01:00:00,588,Theni,0.5,-7.542000000000001
2023-05-03 03:00:00,588,Theni,0.5,-7.542000000000001
2023-05-03 09:00:00,588,Theni,0.5,-7.472818181818181
2023-05-03 12:00:00,588,Theni,0.5,-7.472090909090909
2023-05-03 16:00:00,588,Theni,4.75,-7.4016363636363645
2023-05-03 18:00:00,588,Theni,0.5,-7.4016363636363645
2023-05-03 20:00:00,588,Theni,0.5,-7.4016363636363645
2023-05-03 21:00:00,588,Theni,0.5,-7.4016363636363645
2023-05-03 22:00:00,588,Theni,0.5,-7.393181818181818
2023-05-03 23:00:00,588,Theni,0.5,-7.393181818181818
2023-05-04 02:00:00,588,Theni,0.5,-7.393181818181818
2023-05-04 06:00:00,588,Theni,0.5,-7.390454545454546
2023-05-04 16:00:00,588,Theni,8.5,-7.396909090909091
2023-05-04 17:00:00,588,Theni,6.0,-7.396909090909091
2023-05-04 22:00:00,588,Theni,0.5,-7.374727272727273
2023-05-05 17:00:00,588,Theni,0.5,-7.3989090909090915
2023-05-06 15:00:00,588,Theni,0.5,-7.495454545454546
2023-05-06 16:00:00,588,Theni,17.25,-7.400636363636363
2023-05-07 03:00:00,588,Theni,0.5,-7.406363636363636
2023-05-07 07:00:00,588,Theni,0.5,-7.501909090909091
2023-05-08 11:00:00,588,Theni,0.5,-7.473363636363637
2023-05-08 14:00:00,588,Theni,0.5,-7.473363636363637
2023-05-08 17:00:00,588,Theni,0.5,-7.4386363636363635
2023-05-08 18:00:00,588,Theni,14.5,-7.4386363636363635
2023-05-08 19:00:00,588,Theni,2.0,-7.4386363636363635
2023-05-08 20:00:00,588,Theni,0.5,-7.4386363636363635
2023-05-08 21:00:00,588,Theni,1.5,-7.4386363636363635
2023-05-08 22:00:00,588,Theni,2.25,-7.417000000000001
2023-05-08 23:00:00,588,Theni,1.3333333333333333,-7.417000000000001
2023-05-09 00:00:00,588,Theni,0.75,-7.417000000000001
2023-05-09 01:00:00,588,Theni,0.5,-7.417000000000001
2023-05-09 03:00:00,588,Theni,0.5,-7.417000000000001
2023-05-09 10:00:00,588,Theni,0.5,-7.464636363636364
2023-05-09 11:00:00,588,Theni,0.5,-7.464636363636364
2023-05-09 12:00:00,588,Theni,0.5,-7.464636363636364
2023-05-09 14:00:00,588,Theni,0.5,-7.464636363636364
2023-05-09 17:00:00,588,Theni,0.5,-7.53909090909091
2023-05-09 19:00:00,588,Theni,6.5,-7.53909090909091
2023-05-09 20:00:00,588,Theni,10.5,-7.53909090909091
2023-05-09 21:00:00,588,Theni,4.75,-7.53909090909091
2023-05-09 22:00:00,588,Theni,0.5,-7.300727272727272
2023-05-09 23:00:00,588,Theni,0.5,-7.300727272727272
2023-05-10 00:00:00,588,Theni,0.5,-7.300727272727272
2023-05-10 01:00:00,588,Theni,0.5,-7.300727272727272
2023-05-10 04:00:00,588,Theni,0.5,-7.347727272727273
2023-05-10 07:00:00,588,Theni,0.5,-7.347727272727273
2023-05-10 08:00:00,588,Theni,0.5,-7.347727272727273
2023-05-10 09:00:00,588,Theni,0.5,-7.347727272727273
2023-05-10 10:00:00,588,Theni,0.5,-7.339454545454545
2023-05-10 11:00:00,588,Theni,0.5,-7.339454545454545
2023-05-10 12:00:00,588,Theni,0.5,-7.339454545454545
2023-05-10 13:00:00,588,Theni,0.5,-7.339454545454545
2023-05-10 14:00:00,588,Theni,0.5,-7.339454545454545
2023-05-10 15:00:00,588,Theni,0.5,-7.339454545454545
2023-05-10 17:00:00,588,Theni,0.5,-7.340272727272727
2023-05-10 18:00:00,588,Theni,0.5,-7.340272727272727
2023-05-10 19:00:00,588,Theni,0.5,-7.340272727272727
2023-05-10 20:00:00,588,Theni,0.5,-7.340272727272727
2023-05-10 21:00:00,588,Theni,0.5,-7.340272727272727
2023-05-10 22:00:00,588,Theni,0.5,-7.305181818181818
2023-05-10 23:00:00,588,Theni,0.5,-7.305181818181818
2023-05-11 00:00:00,588,Theni,0.5,-7.305181818181818
2023-05-11 02:00:00,588,Theni,0.5,-7.305181818181818
2023-05-11 03:00:00,588,Theni,0.5,-7.305181818181818
2023-05-11 07:00:00,588,Theni,0.5,-7.247454545454546
2023-05-11 09:00:00,588,Theni,0.5,-7.247454545454546
2023-05-11 10:00:00,588,Theni,0.5,-7.287
2023-05-11 11:00:00,588,Theni,0.5,-7.287
2023-05-11 12:00:00,588,Theni,0.5,-7.287
2023-05-11 14:00:00,588,Theni,0.5,-7.287
2023-05-11 16:00:00,588,Theni,0.5,-7.428090909090909
2023-05-11 17:00:00,588,Theni,1.5,-7.428090909090909
2023-05-11 19:00:00,588,Theni,0.5,-7.428090909090909
2023-05-11 21:00:00,588,Theni,4.5,-7.428090909090909
2023-05-11 23:00:00,588,Theni,1.0,-7.253272727272727
2023-05-12 00:00:00,588,Theni,0.75,-7.253272727272727
2023-05-12 01:00:00,588,Theni,0.5,-7.253272727272727
2023-05-12 12:00:00,588,Theni,0.5,-7.28309090909091
2023-05-14 09:00:00,588,Theni,0.5,-7.265818181818182
2023-05-15 03:00:00,588,Theni,0.5,-7.261272727272726
2023-06-02 19:00:00,588,Theni,3.5,-6.651428571428572
2023-06-03 17:00:00,588,Theni,0.5,-6.649071428571429
2023-06-07 15:00:00,588,Theni,6.0,-6.668928571428571
2023-06-07 16:00:00,588,Theni,0.5,-6.706214285714286
2023-06-12 14:00:00,588,Theni,3.0,-9.66546153846154
2023-06-12 15:00:00,588,Theni,1.0,-9.66546153846154
2023-06-12 16:00:00,588,Theni,0.5,-9.850214285714284
2023-06-17 17:00:00,588,Theni,8.0,-10.15246153846154
2023-06-18 17:00:00,588,Theni,3.0,-10.265307692307694
2023-06-19 18:00:00,588,Theni,4.5,-10.25546153846154
2023-06-19 19:00:00,588,Theni,28.0,-10.25546153846154
2023-06-19 20:00:00,588,Theni,0.5,-10.25546153846154
2023-06-19 23:00:00,588,Theni,0.5,-10.189923076923076
2023-06-20 15:00:00,588,Theni,1.5,-10.305923076923078
2023-06-20 16:00:00,588,Theni,4.5,-10.306615384615384
2023-06-20 17:00:00,588,Theni,0.75,-10.306615384615384
2023-06-20 18:00:00,588,Theni,2.5,-10.306615384615384
2023-06-20 19:00:00,588,Theni,1.5,-10.306615384615384
2023-06-21 15:00:00,588,Theni,0.5,-10.31453846153846
2023-06-21 16:00:00,588,Theni,0.5,-10.39353846153846
2023-06-21 17:00:00,588,Theni,0.5,-10.39353846153846
2023-06-21 18:00:00,588,Theni,3.0,-10.39353846153846
2023-06-26 05:00:00,588,Theni,1.0,-10.538384615384617
2023-06-27 13:00:00,588,Theni,2.5,-10.612076923076923
2023-06-27 14:00:00,588,Theni,1.25,-10.612076923076923
2023-06-27 15:00:00,588,Theni,0.75,-10.612076923076923
2023-06-29 15:00:00,588,Theni,2.0,-10.703307692307693
2023-07-01 17:00:00,588,Theni,5.0,-10.737692307692308
2023-07-03 03:00:00,588,Theni,0.5,-10.72823076923077
2023-07-03 10:00:00,588,Theni,0.5,-8.798
2023-07-03 13:00:00,588,Theni,2.0,-9.393923076923077
2023-07-03 14:00:00,588,Theni,1.0,-9.393923076923077
2023-07-03 15:00:00,588,Theni,0.8,-9.393923076923077
2023-07-03 16:00:00,588,Theni,2.0,-10.619846153846153
2023-07-03 17:00:00,588,Theni,2.5,-10.619846153846153
2023-07-03 18:00:00,588,Theni,0.5,-10.619846153846153
2023-07-03 19:00:00,588,Theni,0.5,-10.619846153846153
2023-07-04 07:00:00,588,Theni,0.5,-10.58446153846154
2023-07-04 11:00:00,588,Theni,0.75,-10.696384615384614
2023-07-04 12:00:00,588,Theni,3.0,-10.696384615384614
2023-07-04 13:00:00,588,Theni,0.75,-10.696384615384614
2023-07-04 14:00:00,588,Theni,0.5,-10.696384615384614
2023-07-04 15:00:00,588,Theni,0.5,-10.696384615384614
2023-07-04 16:00:00,588,Theni,0.5,-10.636923076923075
2023-07-04 18:00:00,588,Theni,0.5,-10.636923076923075
2023-07-04 19:00:00,588,Theni,0.5,-10.636923076923075
2023-07-04 20:00:00,588,Theni,0.5,-10.636923076923075
2023-07-04 22:00:00,588,Theni,0.5,-10.570461538461538
2023-07-04 23:00:00,588,Theni,0.5,-10.570461538461538
2023-07-05 01:00:00,588,Theni,0.5,-10.570461538461538
2023-07-05 03:00:00,588,Theni,0.5,-10.570461538461538
2023-07-05 05:00:00,588,Theni,0.5,-10.547230769230769
2023-07-05 06:00:00,588,Theni,1.5,-10.547230769230769
2023-07-05 10:00:00,588,Theni,0.5,-10.561923076923078
2023-07-05 11:00:00,588,Theni,0.5,-10.561923076923078
2023-07-05 13:00:00,588,Theni,1.5,-10.561923076923078
2023-07-05 15:00:00,588,Theni,0.5,-10.561923076923078
2023-07-05 20:00:00,588,Theni,1.5,-10.223846153846154
2023-07-05 21:00:00,588,Theni,0.5,-10.223846153846154
2023-07-06 00:00:00,588,Theni,0.5,-10.580615384615385
2023-07-06 04:00:00,588,Theni,0.5,-10.594153846153846
2023-07-06 05:00:00,588,Theni,1.5,-10.594153846153846
2023-07-06 07:00:00,588,Theni,0.5,-10.594153846153846
2023-07-06 09:00:00,588,Theni,1.0,-10.594153846153846
2023-07-06 12:00:00,588,Theni,0.5,-10.624538461538462
2023-07-06 19:00:00,588,Theni,1.0,-10.61646153846154
2023-07-07 00:00:00,588,Theni,0.5,-10.577692307692306
2023-07-07 03:00:00,588,Theni,1.0,-10.577692307692306
2023-07-07 05:00:00,588,Theni,0.6666666666666666,-10.553692307692309
2023-07-07 08:00:00,588,Theni,0.5,-10.553692307692309
2023-07-07 13:00:00,588,Theni,0.5,-10.607
2023-07-08 14:00:00,588,Theni,8.5,-10.321714285714284
2023-07-08 15:00:00,588,Theni,0.5,-10.321714285714284
2023-07-10 17:00:00,588,Theni,2.5,-10.3395
2023-07-10 18:00:00,588,Theni,0.8333333333333334,-10.3395
2023-07-10 19:00:00,588,Theni,0.5,-10.3395
2023-07-10 20:00:00,588,Theni,1.1666666666666667,-10.3395
2023-07-10 21:00:00,588,Theni,1.0,-10.3395
2023-07-10 22:00:00,588,Theni,0.75,-10.261
2023-07-10 23:00:00,588,Theni,0.75,-10.261
2023-07-13 18:00:00,588,Theni,2.0,-8.338
2023-07-19 00:00:00,588,Theni,0.5,-10.483857142857143
2023-07-19 06:00:00,588,Theni,0.5,-10.467857142857143
2023-07-19 11:00:00,588,Theni,0.5,-10.525142857142855
2023-07-19 17:00:00,588,Theni,1.0,-10.571642857142855
2023-07-19 19:00:00,588,Theni,1.0,-10.571642857142855
2023-07-19 23:00:00,588,Theni,0.5,-10.534928571428573
2023-07-20 00:00:00,588,Theni,1.0,-10.534928571428573
2023-07-20 10:00:00,588,Theni,0.5,-10.534428571428572
2023-07-20 23:00:00,588,Theni,0.5,-10.513000000000002
2023-07-22 05:00:00,588,Theni,0.5,-10.479642857142858
2023-07-23 09:00:00,588,Theni,1.0,-10.515642857142856
2023-07-23 14:00:00,588,Theni,0.5,-10.5645
2023-07-23 16:00:00,588,Theni,0.5,-10.579785714285714
2023-07-23 20:00:00,588,Theni,0.5,-10.579785714285714
2023-07-24 00:45:00,588,Theni,0.5,-10.559642857142858
2023-07-24 00:50:00,588,Theni,0.5,-10.559642857142858
2023-07-24 00:55:00,588,Theni,0.5,-10.559642857142858
2023-07-24 01:00:00,588,Theni,0.5,-10.559642857142858
2023-07-24 10:00:00,588,Theni,0.5,-10.566
2023-07-24 10:15:00,588,Theni,0.5,-10.566
2023-07-24 10:20:00,588,Theni,0.5,-10.566
2023-07-24 10:25:00,588,Theni,0.5,-10.566
2023-07-24 10:30:00,588,Theni,1.0,-10.566
2023-07-24 10:35:00,588,Theni,1.0,-10.566
2023-07-24 10:40:00,588,Theni,1.0,-10.566
2023-07-24 10:45:00,588,Theni,1.0,-10.566
2023-07-24 10:50:00,588,Theni,1.0,-10.566
2023-07-24 10:55:00,588,Theni,1.0,-10.566
2023-07-24 11:00:00,588,Theni,0.75,-10.566
2023-07-24 13:00:00,588,Theni,0.5,-10.566
2023-07-24 14:00:00,588,Theni,0.5,-10.566
2023-07-24 16:00:00,588,Theni,0.5,-10.605428571428572
2023-07-25 21:00:00,588,Theni,1.0,-10.608
2023-07-26 15:00:00,588,Theni,0.5,-10.652142857142858
2023-07-26 22:00:00,588,Theni,0.5,-10.605428571428572
2023-08-04 15:00:00,588,Theni,0.5,-10.809285714285712
2023-08-09 16:00:00,588,Theni,17.0,-10.922071428571428
2023-08-09 17:00:00,588,Theni,4.75,-10.922071428571428
2023-08-11 15:00:00,588,Theni,26.0,-11.343846153846156
2023-08-11 16:00:00,588,Theni,11.5,-10.983214285714284
2023-08-11 17:00:00,588,Theni,3.25,-10.983214285714284
2023-08-11 18:00:00,588,Theni,3.75,-10.983214285714284
2023-08-11 19:00:00,588,Theni,4.5,-10.983214285714284
2023-08-11 20:00:00,588,Theni,4.5,-10.983214285714284
2023-08-11 21:00:00,588,Theni,2.0,-10.983214285714284
2023-08-11 22:00:00,588,Theni,1.25,-10.98007142857143
2023-08-11 23:00:00,588,Theni,1.25,-10.98007142857143
2023-08-12 00:00:00,588,Theni,0.5,-10.98007142857143
2023-08-12 14:00:00,588,Theni,0.5,-11.046071428571429
2023-08-12 21:00:00,588,Theni,0.5,-11.020785714285712
2023-08-15 18:00:00,588,Theni,6.5,-11.066714285714284
2023-08-15 19:00:00,588,Theni,0.5,-11.066714285714284
2023-08-21 21:00:00,588,Theni,0.5,-11.233214285714284
2023-08-22 15:00:00,588,Theni,4.75,-6.045
2023-08-22 16:00:00,588,Theni,0.5,-6.045
2023-08-22 17:00:00,588,Theni,1.5,-15.904
2023-08-22 18:00:00,588,Theni,11.0,-11.634923076923076
2023-08-22 22:00:00,588,Theni,0.5,-11.638153846153845
2023-08-29 15:00:00,588,Theni,7.166666666666667,-11.898
2023-08-29 16:00:00,588,Theni,7.5,-11.849846153846157
2023-08-29 17:00:00,588,Theni,9.25,-11.849846153846157
2023-08-29 18:00:00,588,Theni,0.75,-11.849846153846157
2023-08-29 19:00:00,588,Theni,1.5,-11.849846153846157
2023-08-29 22:00:00,588,Theni,0.5,-11.95523076923077
2023-08-30 16:00:00,588,Theni,2.0,-12.007153846153848
2023-08-30 17:00:00,588,Theni,0.5,-12.007153846153848
2023-08-30 18:00:00,588,Theni,10.0,-12.007153846153848
2023-08-30 19:00:00,588,Theni,1.5,-12.007153846153848
2023-08-30 20:00:00,588,Theni,0.8333333333333334,-12.007153846153848
2023-08-30 21:00:00,588,Theni,1.5,-12.007153846153848
2023-08-30 22:00:00,588,Theni,0.8333333333333334,-11.863692307692308
2023-08-30 23:00:00,588,Theni,0.5,-11.863692307692308
2023-08-31 00:00:00,588,Theni,0.5,-11.863692307692308
2023-08-31 01:00:00,588,Theni,0.5,-11.863692307692308
2023-08-31 15:00:00,588,Theni,1.0,-11.987153846153848
2023-08-31 16:00:00,588,Theni,5.0,-11.954307692307692
2023-08-31 17:00:00,588,Theni,0.5,-11.954307692307692
2023-08-31 18:00:00,588,Theni,0.5,-11.954307692307692
2023-08-31 19:00:00,588,Theni,3.5,-11.954307692307692
2023-08-31 20:00:00,588,Theni,1.0,-11.954307692307692
2023-08-31 21:00:00,588,Theni,0.5,-11.954307692307692
2023-08-31 22:00:00,588,Theni,0.5,-11.913076923076924
2023-08-31 23:00:00,588,Theni,0.5,-11.913076923076924
2023-09-01 01:00:00,588,Theni,0.5,-11.913076923076924
2023-09-01 17:00:00,588,Theni,34.0,-11.899
2023-09-01 18:00:00,588,Theni,21.5,-11.899
2023-09-01 19:00:00,588,Theni,25.0,-11.899
2023-09-01 20:00:00,588,Theni,21.83333333333333,-11.899
2023-09-01 21:00:00,588,Theni,13.125,-11.899
2023-09-01 22:00:00,588,Theni,7.625,-11.852
2023-09-01 23:00:00,588,Theni,2.5,-11.852
2023-09-02 00:00:00,588,Theni,2.333333333333333,-11.852
2023-09-02 01:00:00,588,Theni,0.5,-11.852
2023-09-02 14:00:00,588,Theni,0.5,-12.466500000000002
2023-09-02 15:00:00,588,Theni,23.0,-12.466500000000002
2023-09-02 16:00:00,588,Theni,7.666666666666667,-12.009384615384617
2023-09-02 17:00:00,588,Theni,16.0,-12.009384615384617
2023-09-02 18:00:00,588,Theni,5.0,-12.009384615384617
2023-09-02 19:00:00,588,Theni,0.5,-12.009384615384617
2023-09-03 16:00:00,588,Theni,0.5,-11.932076923076922
2023-09-03 17:00:00,588,Theni,0.5,-11.932076923076922
2023-09-03 18:00:00,588,Theni,1.0,-11.932076923076922
2023-09-04 07:00:00,588,Theni,1.0,-11.870538461538462
2023-09-06 12:00:00,588,Theni,0.5,-11.873846153846156
2023-09-06 17:00:00,588,Theni,1.75,-11.929076923076924
2023-09-06 18:00:00,588,Theni,1.0,-11.929076923076924
2023-09-06 19:00:00,588,Theni,1.5,-11.929076923076924
2023-09-06 20:00:00,588,Theni,1.0,-11.929076923076924
2023-09-07 02:00:00,588,Theni,0.5,-11.835923076923075
2023-09-07 10:00:00,588,Theni,0.5,-11.852153846153849
2023-09-07 15:00:00,588,Theni,0.5,-11.852153846153849
2023-09-07 16:00:00,588,Theni,3.0,-11.860307692307693
2023-09-07 17:00:00,588,Theni,3.0,-11.860307692307693
2023-09-07 18:00:00,588,Theni,2.0,-11.860307692307693
2023-09-07 19:00:00,588,Theni,1.25,-11.860307692307693
2023-09-07 20:00:00,588,Theni,1.0,-11.860307692307693
2023-09-07 21:00:00,588,Theni,1.0,-11.860307692307693
2023-09-07 22:00:00,588,Theni,1.5,-11.802153846153846
2023-09-07 23:00:00,588,Theni,2.5,-11.802153846153846
2023-09-08 00:00:00,588,Theni,1.0,-11.802153846153846
2023-09-08 01:00:00,588,Theni,0.5,-11.802153846153846
2023-09-08 03:00:00,588,Theni,0.5,-11.802153846153846
2023-09-10 15:00:00,588,Theni,6.0,-11.893923076923077
2023-09-11 06:00:00,588,Theni,0.5,-11.858230769230769
2023-09-11 07:00:00,588,Theni,2.5,-11.858230769230769
2023-09-11 08:00:00,588,Theni,0.5,-11.858230769230769
2023-09-11 09:00:00,588,Theni,0.5,-11.858230769230769
2023-09-11 11:00:00,588,Theni,0.5,-11.86153846153846
2023-09-11 14:00:00,588,Theni,0.5,-11.86153846153846
2023-09-15 15:00:00,588,Theni,1.0,-11.980307692307692
2023-09-15 16:00:00,588,Theni,2.0,-12.017846153846154
2023-09-16 13:00:00,588,Theni,2.0,-11.914923076923078
2023-09-16 15:00:00,588,Theni,5.5,-11.914923076923078
2023-09-16 23:00:00,588,Theni,0.5,-11.964
2023-09-17 00:00:00,588,Theni,0.5,-11.964
2023-09-17 01:00:00,588,Theni,0.5,-11.964
2023-09-17 14:00:00,588,Theni,0.5,-12.009769230769232
2023-09-17 15:00:00,588,Theni,6.0,-12.009769230769232
2023-09-17 16:00:00,588,Theni,1.0,-11.976384615384614
2023-09-17 17:00:00,588,Theni,2.0,-11.976384615384614
2023-09-17 18:00:00,588,Theni,0.75,-11.976384615384614
2023-09-18 12:00:00,588,Theni,1.0,-12.046692307692307
2023-09-18 13:00:00,588,Theni,1.0,-12.046692307692307
2023-09-18 14:00:00,588,Theni,1.0,-12.046692307692307
2023-09-18 15:00:00,588,Theni,0.75,-12.046692307692307
2023-09-18 17:00:00,588,Theni,1.25,-12.085615384615384
2023-09-18 18:00:00,588,Theni,0.5,-12.085615384615384
2023-09-18 19:00:00,588,Theni,1.0,-12.085615384615384
2023-09-18 21:00:00,588,Theni,0.5,-12.085615384615384
2023-09-19 18:00:00,588,Theni,0.75,-12.071461538461538
2023-09-19 19:00:00,588,Theni,0.5,-12.071461538461538
2023-09-19 20:00:00,588,Theni,0.75,-12.071461538461538
2023-09-19 21:00:00,588,Theni,0.6666666666666666,-12.071461538461538
2023-09-20 20:00:00,588,Theni,1.5,-12.081384615384614
2023-09-20 21:00:00,588,Theni,5.25,-12.081384615384614
2023-09-20 22:00:00,588,Theni,3.0,-11.955692307692308
2023-09-20 23:00:00,588,Theni,0.5,-11.955692307692308
2023-09-21 15:00:00,588,Theni,1.25,-12.03876923076923
2023-09-21 16:00:00,588,Theni,3.75,-11.99323076923077
2023-09-21 19:00:00,588,Theni,0.5,-11.99323076923077
2023-09-21 20:00:00,588,Theni,0.5,-11.99323076923077
2023-09-21 21:00:00,588,Theni,1.0,-11.99323076923077
2023-09-21 22:00:00,588,Theni,4.5,-11.999076923076924
2023-09-21 23:00:00,588,Theni,1.5,-11.999076923076924
2023-09-22 13:00:00,588,Theni,1.0,-12.058
2023-09-22 14:00:00,588,Theni,7.75,-12.058
2023-09-22 15:00:00,588,Theni,8.5,-12.058
2023-09-22 17:00:00,588,Theni,5.5,-11.990461538461538
2023-09-22 18:00:00,588,Theni,0.5,-11.990461538461538
2023-09-22 19:00:00,588,Theni,0.5,-11.990461538461538
2023-09-22 23:00:00,588,Theni,0.5,-11.965153846153846
2023-09-24 15:00:00,588,Theni,0.5,-12.03476923076923
2023-09-24 17:00:00,588,Theni,0.5,-12.088
2023-09-26 18:00:00,588,Theni,8.0,-12.041846153846157
2023-09-27 14:00:00,588,Theni,1.0,-12.055692307692308
2023-09-27 16:00:00,588,Theni,4.0,-12.039230769230768
2023-09-28 14:00:00,588,Theni,1.0,-12.116
2023-09-28 15:00:00,588,Theni,1.5,-12.116
2023-09-28 16:00:00,588,Theni,1.5,-12.102769230769232
2023-09-29 05:00:00,588,Theni,1.0,-12.101153846153846
2023-09-29 11:00:00,588,Theni,1.5,-12.111
2023-09-29 12:00:00,588,Theni,1.0,-12.111
2023-09-30 11:00:00,588,Theni,0.5,-12.09476923076923
2023-09-30 12:00:00,588,Theni,0.5,-12.09476923076923
2023-09-30 14:00:00,588,Theni,0.5,-12.09476923076923
2023-09-30 15:00:00,588,Theni,2.5,-12.09476923076923
2023-09-30 16:00:00,588,Theni,1.3333333333333333,-12.08823076923077
2023-09-30 17:00:00,588,Theni,0.5,-12.08823076923077
2023-09-30 18:00:00,588,Theni,0.5,-12.08823076923077
2023-09-30 22:00:00,588,Theni,0.5,-12.051307692307692
2023-10-01 00:00:00,588,Theni,0.5,-12.051307692307692
2023-10-01 11:00:00,588,Theni,0.5,-12.092076923076924
2023-10-07 18:00:00,588,Theni,14.5,-12.251923076923076
2023-10-07 19:00:00,588,Theni,3.0,-12.251923076923076
2023-10-07 20:00:00,588,Theni,9.5,-12.251923076923076
2023-10-07 21:00:00,588,Theni,1.0,-12.251923076923076
2023-10-07 22:00:00,588,Theni,1.5,-12.171461538461536
2023-10-08 14:00:00,588,Theni,21.5,-12.225769230769233
2023-10-08 15:00:00,588,Theni,0.5,-12.225769230769233
2023-10-08 16:00:00,588,Theni,3.0,-12.244
2023-10-08 17:00:00,588,Theni,0.5,-12.244
2023-10-08 19:00:00,588,Theni,1.0,-12.244
2023-10-08 20:00:00,588,Theni,0.5,-12.244
2023-10-09 17:00:00,588,Theni,2.0,-12.225615384615384
2023-10-09 18:00:00,588,Theni,3.333333333333333,-12.225615384615384
2023-10-09 19:00:00,588,Theni,7.25,-12.225615384615384
2023-10-09 20:00:00,588,Theni,5.5,-12.225615384615384
2023-10-09 21:00:00,588,Theni,3.333333333333333,-12.225615384615384
2023-10-09 22:00:00,588,Theni,1.0,-12.194230769230767
2023-10-10 14:00:00,588,Theni,4.333333333333333,-12.216769230769229
2023-10-10 15:00:00,588,Theni,31.0,-12.216769230769229
2023-10-10 16:00:00,588,Theni,7.5,-12.215461538461538
2023-10-10 17:00:00,588,Theni,1.0,-12.215461538461538
2023-10-10 18:00:00,588,Theni,1.5,-12.215461538461538
2023-10-10 19:00:00,588,Theni,1.5,-12.215461538461538
2023-10-10 20:00:00,588,Theni,1.0,-12.215461538461538
2023-10-10 21:00:00,588,Theni,0.5,-12.215461538461538
2023-10-10 22:00:00,588,Theni,0.5,-12.158923076923076
2023-10-11 15:00:00,588,Theni,1.5,-12.203
2023-10-11 16:00:00,588,Theni,1.5,-12.308307692307691
2023-10-11 17:00:00,588,Theni,5.75,-12.308307692307691
2023-10-11 20:00:00,588,Theni,0.75,-12.308307692307691
2023-10-11 21:00:00,588,Theni,20.5,-12.308307692307691
2023-10-11 22:00:00,588,Theni,2.1666666666666665,-12.164
2023-10-11 23:00:00,588,Theni,6.5,-12.164
2023-10-12 00:00:00,588,Theni,0.875,-12.164
2023-10-12 01:00:00,588,Theni,1.3333333333333333,-12.164
2023-10-12 02:00:00,588,Theni,0.75,-12.164
2023-10-12 03:00:00,588,Theni,0.6666666666666666,-12.164
2023-10-12 04:00:00,588,Theni,0.5,-12.123461538461536
2023-10-12 05:00:00,588,Theni,1.0,-12.123461538461536
2023-10-12 06:00:00,588,Theni,1.25,-12.123461538461536
2023-10-12 07:00:00,588,Theni,1.25,-12.123461538461536
2023-10-12 08:00:00,588,Theni,0.5,-12.123461538461536
2023-10-12 09:00:00,588,Theni,0.5,-12.123461538461536
2023-10-12 10:00:00,588,Theni,0.5,-12.209923076923076
2023-10-12 12:00:00,588,Theni,14.0,-12.209923076923076
2023-10-12 13:00:00,588,Theni,1.0,-12.209923076923076
2023-10-12 14:00:00,588,Theni,1.0,-12.209923076923076
2023-10-12 15:00:00,588,Theni,1.0,-12.209923076923076
2023-10-12 16:00:00,588,Theni,0.5,-12.136230769230773
2023-10-12 18:00:00,588,Theni,1.0,-12.136230769230773
2023-10-12 19:00:00,588,Theni,0.5,-12.136230769230773
2023-10-13 04:00:00,588,Theni,0.5,-12.104538461538462
2023-10-13 08:00:00,588,Theni,0.5,-12.104538461538462
2023-10-13 12:00:00,588,Theni,17.5,-12.174
2023-10-13 13:00:00,588,Theni,4.0,-12.174
2023-10-13 19:00:00,588,Theni,0.5,-12.116769230769233
2023-10-13 22:00:00,588,Theni,0.5,-12.083384615384617
2023-10-14 01:00:00,588,Theni,18.5,-12.083384615384617
2023-10-14 04:00:00,588,Theni,0.5,-12.088846153846154
2023-10-14 05:00:00,588,Theni,0.5,-12.088846153846154
2023-10-14 06:00:00,588,Theni,0.5,-12.088846153846154
2023-10-14 07:00:00,588,Theni,7.0,-12.088846153846154
2023-10-14 16:00:00,588,Theni,11.75,-12.137846153846152
2023-10-14 17:00:00,588,Theni,4.5,-12.137846153846152
2023-10-14 18:00:00,588,Theni,1.5,-12.137846153846152
2023-10-14 19:00:00,588,Theni,10.5,-12.137846153846152
2023-10-14 20:00:00,588,Theni,0.5,-12.137846153846152
2023-10-14 21:00:00,588,Theni,2.0,-12.137846153846152
2023-10-15 02:00:00,588,Theni,2.0,-12.048
2023-10-15 03:00:00,588,Theni,7.0,-12.048
2023-10-15 05:00:00,588,Theni,1.0,-12.037384615384614
2023-10-15 06:00:00,588,Theni,0.5,-12.037384615384614
2023-10-15 15:00:00,588,Theni,1.5,-12.069076923076922
2023-10-15 22:00:00,588,Theni,7.5,-11.99546153846154
2023-10-16 01:00:00,588,Theni,5.0,-11.99546153846154
2023-10-16 02:00:00,588,Theni,4.0,-11.99546153846154
2023-10-16 03:00:00,588,Theni,1.5,-11.99546153846154
2023-10-16 04:00:00,588,Theni,1.1666666666666667,-11.985692307692307
2023-10-16 05:00:00,588,Theni,1.0,-11.985692307692307
2023-10-16 06:00:00,588,Theni,1.0,-11.985692307692307
2023-10-16 07:00:00,588,Theni,1.0,-11.985692307692307
2023-10-16 08:00:00,588,Theni,0.75,-11.985692307692307
2023-10-16 09:00:00,588,Theni,1.5,-11.985692307692307
2023-10-16 10:00:00,588,Theni,1.5,-11.999692307692309
2023-10-16 11:00:00,588,Theni,1.0,-11.999692307692309
2023-10-16 12:00:00,588,Theni,0.5,-11.999692307692309
2023-10-16 16:00:00,588,Theni,5.5,-11.964
2023-10-16 17:00:00,588,Theni,0.5,-11.964
2023-10-16 19:00:00,588,Theni,2.0,-11.964
2023-10-16 20:00:00,588,Theni,1.0,-11.964
2023-10-16 22:00:00,588,Theni,4.25,-11.944307692307692
2023-10-16 23:00:00,588,Theni,1.0,-11.944307692307692
2023-10-17 00:00:00,588,Theni,1.5,-11.944307692307692
2023-10-17 01:00:00,588,Theni,0.5,-11.944307692307692
2023-10-17 03:00:00,588,Theni,1.0,-11.944307692307692
2023-10-17 04:00:00,588,Theni,0.5,-11.912384615384614
2023-10-17 14:00:00,588,Theni,4.0,-12.017230769230768
2023-10-17 15:00:00,588,Theni,1.5,-12.017230769230768
2023-10-17 16:00:00,588,Theni,2.0,-11.925692307692309
2023-10-17 17:00:00,588,Theni,7.75,-11.925692307692309
2023-10-17 18:00:00,588,Theni,1.0,-11.925692307692309
2023-10-17 19:00:00,588,Theni,1.5,-11.925692307692309
2023-10-17 20:00:00,588,Theni,1.0,-11.925692307692309
2023-10-17 21:00:00,588,Theni,1.0,-11.925692307692309
2023-10-17 22:00:00,588,Theni,1.0,-11.917461538461538
2023-10-17 23:00:00,588,Theni,0.5,-11.917461538461538
2023-10-18 00:00:00,588,Theni,9.666666666666666,-11.917461538461538
2023-10-18 01:00:00,588,Theni,4.625,-11.917461538461538
2023-10-18 02:00:00,588,Theni,2.5,-11.917461538461538
2023-10-18 03:00:00,588,Theni,2.75,-11.917461538461538
2023-10-18 04:00:00,588,Theni,0.5,-12.1685
2023-10-18 05:00:00,588,Theni,0.5,-12.1685
2023-10-18 06:00:00,588,Theni,0.5,-12.1685
2023-10-18 07:00:00,588,Theni,0.5,-12.1685
2023-10-18 08:00:00,588,Theni,0.5,-12.1685
2023-10-18 09:00:00,588,Theni,0.5,-12.1685
2023-10-18 10:00:00,588,Theni,0.5,-12.21675
2023-10-18 11:00:00,588,Theni,0.5,-12.21675
2023-10-18 12:00:00,588,Theni,0.5,-12.21675
2023-10-18 13:00:00,588,Theni,1.0,-12.21675
2023-10-18 14:00:00,588,Theni,0.5,-12.21675
2023-10-18 15:00:00,588,Theni,3.25,-12.21675
2023-10-18 16:00:00,588,Theni,0.5,-12.177833333333332
2023-10-18 18:00:00,588,Theni,0.5,-12.177833333333332
2023-10-18 19:00:00,588,Theni,0.5,-12.177833333333332
2023-10-18 21:00:00,588,Theni,0.5,-12.177833333333332
2023-10-18 23:00:00,588,Theni,0.5,-12.17825
2023-10-19 01:00:00,588,Theni,0.5,-12.17825
2023-10-19 03:00:00,588,Theni,0.5,-12.17825
2023-10-19 06:00:00,588,Theni,0.5,-12.119750000000002
2023-10-19 08:00:00,588,Theni,0.5,-12.119750000000002
2023-10-19 10:00:00,588,Theni,0.5,-12.156833333333331
2023-10-19 12:00:00,588,Theni,0.5,-12.156833333333331
2023-10-19 14:00:00,588,Theni,0.5,-12.156833333333331
2023-10-19 15:00:00,588,Theni,174.5,-12.156833333333331
2023-10-19 16:00:00,588,Theni,4.0,-9.9473
2023-10-19 17:00:00,588,Theni,17.5,-9.9473
2023-10-19 20:00:00,588,Theni,0.5,-9.9473
2023-10-20 00:00:00,588,Theni,0.5,-9.9201
2023-10-20 05:00:00,588,Theni,0.5,-6.578
2023-10-20 09:00:00,588,Theni,2.0,-6.578
2023-10-20 10:00:00,588,Theni,0.5,-7.921
2023-10-20 13:00:00,588,Theni,0.5,-7.921
2023-10-20 17:00:00,588,Theni,0.5,-6.839
2023-10-20 22:00:00,588,Theni,0.5,-6.251
2023-10-21 05:00:00,588,Theni,0.5,-6.459
2023-10-21 11:00:00,588,Theni,0.5,-6.478
2023-10-21 16:00:00,588,Theni,0.5,-6.586
2023-10-22 00:00:00,588,Theni,0.5,-6.241
2023-10-22 09:00:00,588,Theni,0.5,-7.363
2023-10-22 17:00:00,588,Theni,0.5,-6.979
2023-10-23 02:00:00,588,Theni,0.5,-6.508
2023-10-23 13:00:00,588,Theni,0.5,-8.4775
2023-10-23 18:00:00,588,Theni,0.5,-10.43514285714286
2023-10-23 20:00:00,588,Theni,1.5,-10.43514285714286
2023-10-23 21:00:00,588,Theni,5.5,-10.43514285714286
2023-10-23 22:00:00,588,Theni,2.75,-10.357428571428573
2023-10-23 23:00:00,588,Theni,3.5,-10.357428571428573
2023-10-24 01:00:00,588,Theni,0.5,-10.357428571428573
2023-10-24 06:00:00,588,Theni,0.5,-10.267285714285714
2023-10-24 08:00:00,588,Theni,0.5,-10.267285714285714
2023-10-24 16:00:00,588,Theni,0.5,-12.237333333333334
2023-10-25 00:00:00,588,Theni,4.5,-12.185333333333332
2023-10-25 01:00:00,588,Theni,1.0,-12.185333333333332
2023-10-25 02:00:00,588,Theni,0.5,-12.185333333333332
2023-10-25 03:00:00,588,Theni,11.0,-12.185333333333332
2023-10-25 06:00:00,588,Theni,0.5,-11.474692307692306
2023-10-25 11:00:00,588,Theni,0.5,-11.532615384615385
2023-10-25 15:00:00,588,Theni,0.5,-11.532615384615385
2023-10-25 17:00:00,588,Theni,4.5,-11.420615384615386
2023-10-25 18:00:00,588,Theni,1.0,-11.420615384615386
2023-10-25 19:00:00,588,Theni,1.0,-11.420615384615386
2023-10-25 20:00:00,588,Theni,0.5,-11.420615384615386
2023-10-26 01:00:00,588,Theni,0.5,-11.38523076923077
2023-10-26 02:00:00,588,Theni,0.5,-11.38523076923077
2023-10-26 08:00:00,588,Theni,0.5,-11.333615384615385
2023-10-26 11:00:00,588,Theni,0.5,-11.373384615384616
2023-10-26 13:00:00,588,Theni,0.5,-11.373384615384616
2023-10-26 19:00:00,588,Theni,0.5,-11.39976923076923
2023-10-27 02:00:00,588,Theni,0.5,-11.318769230769233
2023-10-27 09:00:00,588,Theni,0.5,-11.289230769230768
2023-10-27 15:00:00,588,Theni,0.5,-11.339307692307692
2023-10-27 22:00:00,588,Theni,0.5,-11.333692307692306
2023-10-28 06:00:00,588,Theni,0.5,-11.363
2023-10-28 13:00:00,588,Theni,0.5,-11.256153846153843
2023-10-28 19:00:00,588,Theni,0.5,-11.229076923076924
2023-10-29 03:00:00,588,Theni,0.5,-11.200769230769232
2023-10-29 11:00:00,588,Theni,0.5,-11.23153846153846
2023-10-29 15:00:00,588,Theni,2.0,-11.23153846153846
2023-10-29 18:00:00,588,Theni,0.5,-11.210461538461535
2023-10-29 23:00:00,588,Theni,0.5,-11.200615384615386
2023-10-30 03:00:00,588,Theni,0.5,-11.200615384615386
2023-10-30 11:00:00,588,Theni,0.5,-11.18746153846154
2023-10-30 14:00:00,588,Theni,1.5,-11.18746153846154
2023-10-30 15:00:00,588,Theni,7.75,-11.18746153846154
2023-10-30 16:00:00,588,Theni,0.5,-11.277076923076924
2023-10-30 18:00:00,588,Theni,0.5,-11.277076923076924
2023-10-30 19:00:00,588,Theni,3.25,-11.277076923076924
2023-10-31 00:00:00,588,Theni,4.25,-11.13746153846154
2023-10-31 04:00:00,588,Theni,0.5,-11.192615384615385
2023-10-31 11:00:00,588,Theni,0.5,-11.177692307692308
2023-10-31 18:00:00,588,Theni,0.5,-11.13553846153846
2023-10-31 22:00:00,588,Theni,8.25,-11.086615384615383
2023-10-31 23:00:00,588,Theni,1.0,-11.086615384615383
2023-11-01 00:00:00,588,Theni,1.0,-11.086615384615383
2023-11-01 02:00:00,588,Theni,0.5,-11.086615384615383
2023-11-01 10:00:00,588,Theni,0.5,-11.102076923076924
2023-11-01 17:00:00,588,Theni,0.5,-11.061384615384616
2023-11-01 20:00:00,588,Theni,1.5,-11.061384615384616
2023-11-01 21:00:00,588,Theni,2.25,-11.061384615384616
2023-11-01 22:00:00,588,Theni,5.5,-11.00853846153846
2023-11-01 23:00:00,588,Theni,1.1666666666666667,-11.00853846153846
2023-11-02 00:00:00,588,Theni,1.5,-11.00853846153846
2023-11-02 01:00:00,588,Theni,2.0,-11.00853846153846
2023-11-02 05:00:00,588,Theni,0.5,-11.061076923076923
2023-11-02 11:00:00,588,Theni,0.5,-10.997153846153848
2023-11-02 15:00:00,588,Theni,0.5,-10.997153846153848
2023-11-02 18:00:00,588,Theni,0.5,-10.979384615384616
2023-11-02 21:00:00,588,Theni,8.5,-10.979384615384616
2023-11-02 22:00:00,588,Theni,0.5,-10.939307692307692
2023-11-02 23:00:00,588,Theni,6.0,-10.939307692307692
2023-11-03 00:00:00,588,Theni,4.0,-10.939307692307692
2023-11-03 01:00:00,588,Theni,0.5,-10.939307692307692
2023-11-03 02:00:00,588,Theni,0.5,-10.939307692307692
2023-11-03 04:00:00,588,Theni,1.0,-10.964
2023-11-03 05:00:00,588,Theni,1.0,-10.964
2023-11-03 06:00:00,588,Theni,3.5,-10.964
2023-11-03 16:00:00,588,Theni,0.5,-10.98676923076923
2023-11-03 17:00:00,588,Theni,7.5,-10.98676923076923
2023-11-03 20:00:00,588,Theni,1.3333333333333333,-10.98676923076923
2023-11-03 21:00:00,588,Theni,9.625,-10.98676923076923
2023-11-03 22:00:00,588,Theni,3.25,-10.881076923076924
2023-11-03 23:00:00,588,Theni,5.125,-10.881076923076924
2023-11-04 00:00:00,588,Theni,3.333333333333333,-10.881076923076924
2023-11-04 01:00:00,588,Theni,0.6666666666666666,-10.881076923076924
2023-11-04 05:00:00,588,Theni,0.75,-10.84223076923077
2023-11-04 06:00:00,588,Theni,3.25,-10.84223076923077
2023-11-04 07:00:00,588,Theni,1.0,-10.84223076923077
2023-11-04 08:00:00,588,Theni,1.25,-10.84223076923077
2023-11-04 14:00:00,588,Theni,9.0,-10.850615384615384
2023-11-04 15:00:00,588,Theni,3.5,-10.850615384615384
2023-11-04 16:00:00,588,Theni,0.5,-10.877230769230769
2023-11-04 17:00:00,588,Theni,0.5,-10.877230769230769
2023-11-04 18:00:00,588,Theni,4.5,-10.877230769230769
2023-11-04 19:00:00,588,Theni,1.3333333333333333,-10.877230769230769
2023-11-04 20:00:00,588,Theni,2.5,-10.877230769230769
2023-11-04 21:00:00,588,Theni,2.333333333333333,-10.877230769230769
2023-11-04 22:00:00,588,Theni,4.333333333333333,-10.632692307692308
2023-11-04 23:00:00,588,Theni,1.25,-10.632692307692308
2023-11-05 02:00:00,588,Theni,0.5,-10.632692307692308
2023-11-05 18:00:00,588,Theni,1.0,-10.53046153846154
2023-11-05 20:00:00,588,Theni,2.5,-10.53046153846154
2023-11-05 21:00:00,588,Theni,3.25,-10.53046153846154
2023-11-05 22:00:00,588,Theni,2.125,-10.456307692307693
2023-11-05 23:00:00,588,Theni,1.0,-10.456307692307693
2023-11-06 00:00:00,588,Theni,0.5,-10.456307692307693
2023-11-06 01:00:00,588,Theni,0.5,-10.456307692307693
2023-11-06 13:00:00,588,Theni,0.5,-10.476846153846152
2023-11-06 16:00:00,588,Theni,18.5,-10.352076923076924
2023-11-06 17:00:00,588,Theni,9.5,-10.352076923076924
2023-11-06 19:00:00,588,Theni,16.0,-10.352076923076924
2023-11-06 20:00:00,588,Theni,9.333333333333334,-10.352076923076924
2023-11-06 21:00:00,588,Theni,4.25,-10.352076923076924
2023-11-06 22:00:00,588,Theni,2.75,-10.277230769230773
2023-11-06 23:00:00,588,Theni,3.6666666666666665,-10.277230769230773
2023-11-07 00:00:00,588,Theni,1.3333333333333333,-10.277230769230773
2023-11-07 01:00:00,588,Theni,0.5,-10.277230769230773
2023-11-07 02:00:00,588,Theni,3.5,-10.277230769230773
2023-11-07 03:00:00,588,Theni,2.6666666666666665,-10.277230769230773
2023-11-07 04:00:00,588,Theni,3.0,-10.208846153846157
2023-11-07 05:00:00,588,Theni,0.75,-10.208846153846157
2023-11-07 08:00:00,588,Theni,0.5,-10.208846153846157
2023-11-07 22:00:00,588,Theni,12.166666666666666,-10.077615384615386
2023-11-07 23:00:00,588,Theni,3.0,-10.077615384615386
2023-11-08 00:00:00,588,Theni,8.25,-10.077615384615386
2023-11-08 01:00:00,588,Theni,1.5,-10.077615384615386
2023-11-08 06:00:00,588,Theni,0.5,-10.049076923076925
2023-11-08 09:00:00,588,Theni,0.5,-10.049076923076925
2023-11-08 19:00:00,588,Theni,5.0,-9.977769230769232
2023-11-08 20:00:00,588,Theni,12.25,-9.977769230769232
2023-11-08 21:00:00,588,Theni,3.6666666666666665,-9.977769230769232
2023-11-08 22:00:00,588,Theni,8.625,-9.840923076923078
2023-11-08 23:00:00,588,Theni,2.0,-9.840923076923078
2023-11-09 00:00:00,588,Theni,2.375,-9.840923076923078
2023-11-09 01:00:00,588,Theni,2.6666666666666665,-9.840923076923078
2023-11-09 02:00:00,588,Theni,0.75,-9.840923076923078
2023-11-09 04:00:00,588,Theni,2.5,-9.75123076923077
2023-11-09 05:00:00,588,Theni,5.0,-9.75123076923077
2023-11-09 06:00:00,588,Theni,0.5,-9.75123076923077
2023-11-09 07:00:00,588,Theni,1.25,-9.75123076923077
2023-11-09 08:00:00,588,Theni,1.25,-9.75123076923077
2023-11-09 10:00:00,588,Theni,0.5,-3.139
2023-11-09 20:00:00,588,Theni,4.0,-9.686153846153848
2023-11-09 21:00:00,588,Theni,3.75,-9.686153846153848
2023-11-09 22:00:00,588,Theni,8.5,-9.62207692307692
2023-11-09 23:00:00,588,Theni,9.125,-9.62207692307692
2023-11-10 01:00:00,588,Theni,1.0,-9.62207692307692
2023-11-10 02:00:00,588,Theni,0.5,-9.62207692307692
2023-11-10 14:00:00,588,Theni,8.0,-9.582692307692309
2023-11-10 15:00:00,588,Theni,0.5,-9.582692307692309
2023-11-10 21:00:00,588,Theni,4.666666666666667,-9.532307692307691
2023-11-10 22:00:00,588,Theni,0.5,-9.469
2023-11-11 13:00:00,588,Theni,0.5,-9.484153846153848
2023-11-11 16:00:00,588,Theni,0.5,-9.426615384615385
2023-11-11 17:00:00,588,Theni,1.0,-9.426615384615385
2023-11-11 18:00:00,588,Theni,1.25,-9.426615384615385
2023-11-11 19:00:00,588,Theni,5.0,-9.426615384615385
2023-11-13 18:00:00,588,Theni,1.0,-9.293615384615386
2023-11-13 23:00:00,588,Theni,0.5,-9.235076923076925
2023-11-14 01:00:00,588,Theni,1.0,-9.235076923076925
2023-11-14 02:00:00,588,Theni,4.5,-9.235076923076925
2023-11-14 03:00:00,588,Theni,1.0,-9.235076923076925
2023-11-14 05:00:00,588,Theni,0.5,-9.368076923076924
2023-11-14 06:00:00,588,Theni,2.5,-9.368076923076924
2023-11-14 07:00:00,588,Theni,2.5,-9.368076923076924
2023-11-14 08:00:00,588,Theni,0.75,-9.368076923076924
2023-11-14 09:00:00,588,Theni,0.5,-9.368076923076924
2023-11-15 11:00:00,588,Theni,0.5,-9.28776923076923
2023-11-15 13:00:00,588,Theni,1.5,-9.28776923076923
2023-11-15 18:00:00,588,Theni,5.25,-9.171153846153846
2023-11-15 19:00:00,588,Theni,3.0,-9.171153846153846
2023-11-15 20:00:00,588,Theni,0.5,-9.171153846153846
2023-11-15 22:00:00,588,Theni,2.5,-9.17176923076923
2023-11-15 23:00:00,588,Theni,1.0,-9.17176923076923
2023-11-16 00:00:00,588,Theni,1.0,-9.17176923076923
2023-11-16 01:00:00,588,Theni,1.0,-9.17176923076923
2023-11-16 02:00:00,588,Theni,0.5,-9.17176923076923
2023-11-16 03:00:00,588,Theni,0.5,-9.17176923076923
2023-11-16 21:00:00,588,Theni,0.5,-9.149230769230767
2023-11-16 22:00:00,588,Theni,1.0,-9.125307692307691
2023-11-16 23:00:00,588,Theni,0.5,-9.125307692307691
2023-11-17 01:00:00,588,Theni,0.5,-9.125307692307691
2023-11-17 02:00:00,588,Theni,1.0,-9.125307692307691
2023-11-17 03:00:00,588,Theni,0.5,-9.125307692307691
2023-11-17 12:00:00,588,Theni,0.5,-9.14076923076923
2023-11-17 13:00:00,588,Theni,1.0,-9.14076923076923
2023-11-17 14:00:00,588,Theni,0.5,-9.14076923076923
2023-11-17 15:00:00,588,Theni,1.0,-9.14076923076923
2023-11-17 16:00:00,588,Theni,1.0,-9.12023076923077
2023-11-18 01:00:00,588,Theni,0.5,-9.11053846153846
2023-11-18 02:00:00,588,Theni,0.5,-9.11053846153846
2023-11-18 03:00:00,588,Theni,0.5,-9.11053846153846
2023-11-18 04:00:00,588,Theni,0.5,-9.067615384615385
2023-11-18 14:00:00,588,Theni,0.5,-9.083923076923078
2023-11-18 16:00:00,588,Theni,0.5,-9.192307692307692
2023-11-19 06:00:00,588,Theni,0.5,-9.055153846153846
2023-11-19 07:00:00,588,Theni,0.5,-9.055153846153846
2023-11-19 09:00:00,588,Theni,0.5,-9.055153846153846
2023-11-19 10:00:00,588,Theni,1.0,-9.089769230769232
2023-11-19 11:00:00,588,Theni,1.0,-9.089769230769232
2023-11-19 12:00:00,588,Theni,0.5,-9.089769230769232
2023-11-19 13:00:00,588,Theni,0.5,-9.089769230769232
2023-11-19 14:00:00,588,Theni,0.5,-9.089769230769232
2023-11-19 15:00:00,588,Theni,0.5,-9.089769230769232
2023-11-19 16:00:00,588,Theni,0.5,-9.044538461538462
2023-11-19 17:00:00,588,Theni,0.5,-9.044538461538462
2023-11-19 18:00:00,588,Theni,0.5,-9.044538461538462
2023-11-19 20:00:00,588,Theni,0.5,-9.044538461538462
2023-11-19 21:00:00,588,Theni,0.5,-9.044538461538462
2023-11-20 00:00:00,588,Theni,0.5,-9.038692307692308
2023-11-20 02:00:00,588,Theni,0.5,-9.038692307692308
2023-11-20 20:00:00,588,Theni,0.5,-9.066384615384615
2023-11-21 11:00:00,588,Theni,0.5,-14.989
2023-11-21 13:00:00,588,Theni,1.0,-9.109153846153848
2023-11-21 15:00:00,588,Theni,0.5,-9.109153846153848
2023-11-21 20:00:00,588,Theni,0.5,-9.115384615384617
2023-11-21 21:00:00,588,Theni,0.5,-9.115384615384617
2023-11-21 22:00:00,588,Theni,2.0,-9.035769230769231
2023-11-21 23:00:00,588,Theni,16.25,-9.035769230769231
2023-11-22 00:00:00,588,Theni,10.375,-9.035769230769231
2023-11-22 01:00:00,588,Theni,2.75,-9.035769230769231
2023-11-22 02:00:00,588,Theni,0.5,-9.035769230769231
2023-11-22 04:00:00,588,Theni,1.0,-9.001076923076923
2023-11-22 06:00:00,588,Theni,2.75,-9.001076923076923
2023-11-22 12:00:00,588,Theni,1.0,-9.029846153846156
2023-11-22 13:00:00,588,Theni,1.0,-9.029846153846156
2023-11-22 15:00:00,588,Theni,2.0,-9.029846153846156
2023-11-22 16:00:00,588,Theni,2.5,-9.015384615384615
2023-11-22 19:00:00,588,Theni,0.5,-9.015384615384615
2023-11-22 20:00:00,588,Theni,18.5,-9.015384615384615
2023-11-22 21:00:00,588,Theni,5.5,-9.015384615384615
2023-11-22 22:00:00,588,Theni,21.5,-8.949923076923078
2023-11-22 23:00:00,588,Theni,10.5,-8.949923076923078
2023-11-23 02:00:00,588,Theni,6.0,-8.949923076923078
2023-11-23 03:00:00,588,Theni,0.5,-8.949923076923078
2023-11-23 04:00:00,588,Theni,9.5,-8.885692307692308
2023-11-23 05:00:00,588,Theni,12.0,-8.885692307692308
2023-11-23 06:00:00,588,Theni,6.75,-8.885692307692308
2023-11-23 07:00:00,588,Theni,3.5,-8.885692307692308
2023-11-23 08:00:00,588,Theni,0.6666666666666666,-8.885692307692308
2023-11-23 09:00:00,588,Theni,0.5,-8.885692307692308
2023-11-23 14:00:00,588,Theni,0.5,-8.967153846153847
2023-11-23 15:00:00,588,Theni,0.5,-8.967153846153847
2023-11-23 16:00:00,588,Theni,1.0,-8.880461538461539
2023-11-24 21:00:00,588,Theni,14.0,-8.827230769230768
2023-11-24 22:00:00,588,Theni,2.0,-8.812615384615384
2023-11-25 01:00:00,588,Theni,1.5,-8.812615384615384
2023-11-25 02:00:00,588,Theni,0.5,-8.812615384615384
2023-11-25 03:00:00,588,Theni,0.5,-8.812615384615384
2023-11-25 05:00:00,588,Theni,0.5,-8.868153846153847
2023-11-25 13:00:00,588,Theni,0.5,-8.811076923076923
2023-11-25 15:00:00,588,Theni,1.0,-8.811076923076923
2023-11-25 17:00:00,588,Theni,4.5,-8.948384615384615
2023-11-25 18:00:00,588,Theni,8.0,-8.948384615384615
2023-11-25 19:00:00,588,Theni,1.0,-8.948384615384615
2023-11-25 20:00:00,588,Theni,1.0,-8.948384615384615
2023-11-26 00:00:00,588,Theni,0.5,-8.803307692307692
2023-11-26 01:00:00,588,Theni,1.5,-8.803307692307692
2023-11-26 09:00:00,588,Theni,0.5,-8.788615384615385
2023-11-26 18:00:00,588,Theni,2.0,-8.845153846153845
2023-11-27 17:00:00,588,Theni,3.0,-8.797384615384615
2023-11-27 19:00:00,588,Theni,4.0,-8.797384615384615
2023-11-27 20:00:00,588,Theni,0.5,-8.797384615384615
2023-11-29 22:00:00,588,Theni,4.0,-8.730153846153847
2023-11-30 16:00:00,588,Theni,6.0,-8.79676923076923
2023-11-30 19:00:00,588,Theni,0.5,-8.79676923076923
2023-11-30 20:00:00,588,Theni,0.5,-8.79676923076923
2023-11-30 22:00:00,588,Theni,0.5,-8.670230769230768
2023-12-01 08:00:00,588,Theni,0.5,-8.675923076923077
2023-12-01 08:55:00,588,Theni,12.0,-8.675923076923077
2023-12-01 09:00:00,588,Theni,12.0,-8.675923076923077
2023-12-03 23:00:00,588,Theni,1.0,-8.648076923076923
2023-12-05 11:00:00,588,Theni,1.5,-8.732384615384616
2023-12-05 12:00:00,588,Theni,1.5,-8.732384615384616
2023-12-05 13:00:00,588,Theni,0.5,-8.732384615384616
2023-12-05 14:00:00,588,Theni,1.0,-8.732384615384616
2023-12-05 18:00:00,588,Theni,0.5,-8.740692307692308
2023-12-05 19:00:00,588,Theni,0.5,-8.740692307692308
2023-12-05 23:00:00,588,Theni,0.5,-8.672153846153845
2023-12-07 01:00:00,588,Theni,0.5,-8.702769230769231
2023-12-07 12:00:00,588,Theni,0.5,-8.753769230769231
2023-12-07 13:00:00,588,Theni,0.5,-8.753769230769231
2023-12-07 16:00:00,588,Theni,0.5,-8.744615384615384
2023-12-07 17:00:00,588,Theni,0.5,-8.744615384615384
2023-12-08 02:00:00,588,Theni,0.5,-8.713538461538462
2023-12-08 04:00:00,588,Theni,0.5,-8.723615384615384
2023-12-08 05:00:00,588,Theni,0.5,-8.723615384615384
2023-12-08 06:00:00,588,Theni,0.5,-8.723615384615384
2023-12-08 07:00:00,588,Theni,0.5,-8.723615384615384
2023-12-08 09:00:00,588,Theni,0.5,-8.723615384615384
2023-12-08 11:00:00,588,Theni,0.5,-8.734692307692308
2023-12-08 12:00:00,588,Theni,1.0,-8.734692307692308
2023-12-08 13:00:00,588,Theni,1.0,-8.734692307692308
2023-12-08 14:00:00,588,Theni,2.0,-8.734692307692308
2023-12-08 15:00:00,588,Theni,1.0,-8.734692307692308
2023-12-08 16:00:00,588,Theni,0.5,-8.728846153846153
2023-12-08 17:00:00,588,Theni,0.5,-8.728846153846153
2023-12-08 20:00:00,588,Theni,13.0,-8.728846153846153
2023-12-08 21:00:00,588,Theni,20.5,-8.728846153846153
2023-12-08 22:00:00,588,Theni,12.0,-8.686615384615385
2023-12-08 23:00:00,588,Theni,10.5,-8.686615384615385
2023-12-09 00:00:00,588,Theni,17.0,-8.686615384615385
2023-12-09 01:00:00,588,Theni,5.166666666666667,-8.686615384615385
2023-12-09 02:00:00,588,Theni,0.8333333333333334,-8.686615384615385
2023-12-09 03:00:00,588,Theni,1.5,-8.686615384615385
2023-12-09 04:00:00,588,Theni,2.5,-8.611461538461539
2023-12-09 05:00:00,588,Theni,0.75,-8.611461538461539
2023-12-09 06:00:00,588,Theni,0.5,-8.611461538461539
2023-12-09 07:00:00,588,Theni,14.5,-8.611461538461539
2023-12-09 09:00:00,588,Theni,0.5,-8.611461538461539
2023-12-09 20:00:00,588,Theni,5.5,-8.629692307692308
2023-12-09 21:00:00,588,Theni,0.5,-8.629692307692308
2023-12-09 22:00:00,588,Theni,0.5,-8.587538461538461
2023-12-10 01:00:00,588,Theni,2.5,-8.587538461538461
2023-12-10 02:00:00,588,Theni,0.5,-8.587538461538461
2023-12-11 02:00:00,588,Theni,0.5,-8.586846153846153
2023-12-11 03:00:00,588,Theni,1.5,-8.586846153846153
2023-12-11 17:00:00,588,Theni,0.5,-8.572384615384616
2023-12-11 18:00:00,588,Theni,0.5,-8.572384615384616
2023-12-12 10:00:00,588,Theni,0.5,-8.698538461538462
2023-12-12 11:00:00,588,Theni,0.5,-8.698538461538462
2023-12-12 13:00:00,588,Theni,0.5,-8.698538461538462
2023-12-12 14:00:00,588,Theni,0.5,-8.698538461538462
2023-12-12 18:00:00,588,Theni,0.5,-8.637
2023-12-14 00:00:00,588,Theni,1.5,-8.60476923076923
2023-12-14 01:00:00,588,Theni,2.5,-8.60476923076923
2023-12-14 02:00:00,588,Theni,1.5,-8.60476923076923
2023-12-14 03:00:00,588,Theni,0.5,-8.60476923076923
2023-12-14 04:00:00,588,Theni,1.0,-8.700846153846154
2023-12-14 05:00:00,588,Theni,0.5,-8.700846153846154
2023-12-14 06:00:00,588,Theni,0.5,-8.700846153846154
2023-12-14 21:00:00,588,Theni,0.5,-8.723076923076922
2023-12-14 23:00:00,588,Theni,0.5,-8.642615384615384
2023-12-15 12:00:00,588,Theni,1.5,-8.790923076923077
2023-12-16 02:00:00,588,Theni,0.5,-8.644538461538462
2023-12-16 08:00:00,588,Theni,0.5,-8.640692307692309
2023-12-16 11:00:00,588,Theni,0.5,-8.72923076923077
2023-12-16 14:00:00,588,Theni,0.5,-8.72923076923077
2023-12-16 15:00:00,588,Theni,1.0,-8.72923076923077
2023-12-16 16:00:00,588,Theni,0.5,-8.662153846153846
2023-12-16 21:00:00,588,Theni,0.5,-8.662153846153846
2023-12-17 14:00:00,588,Theni,0.5,-8.71676923076923
2023-12-17 16:00:00,588,Theni,2.25,-8.675307692307692
2023-12-17 17:00:00,588,Theni,3.25,-8.675307692307692
2023-12-17 18:00:00,588,Theni,10.166666666666666,-8.675307692307692
2023-12-17 19:00:00,588,Theni,5.25,-8.675307692307692
2023-12-17 20:00:00,588,Theni,3.5,-8.675307692307692
2023-12-17 21:00:00,588,Theni,5.166666666666667,-8.675307692307692
2023-12-17 22:00:00,588,Theni,5.166666666666667,-8.589846153846155
2023-12-17 23:00:00,588,Theni,8.25,-8.589846153846155
2023-12-18 00:00:00,588,Theni,3.5,-8.589846153846155
2023-12-18 01:00:00,588,Theni,5.25,-8.589846153846155
2023-12-18 02:00:00,588,Theni,6.0,-8.589846153846155
2023-12-18 03:00:00,588,Theni,3.8333333333333335,-8.589846153846155
2023-12-18 04:00:00,588,Theni,5.25,-8.857916666666666
2023-12-18 05:00:00,588,Theni,5.0,-8.857916666666666
2023-12-18 06:00:00,588,Theni,1.5,-8.857916666666666
2023-12-18 07:00:00,588,Theni,2.5,-8.857916666666666
2023-12-18 08:00:00,588,Theni,2.0,-8.857916666666666
2023-12-18 09:00:00,588,Theni,1.5,-8.857916666666666
2023-12-18 10:00:00,588,Theni,0.875,-8.726916666666666
2023-12-18 11:00:00,588,Theni,1.0,-8.726916666666666
2023-12-18 13:00:00,588,Theni,0.5,-8.726916666666666
2023-12-18 14:00:00,588,Theni,1.0,-8.726916666666666
2023-12-18 15:00:00,588,Theni,0.5,-8.726916666666666
2023-12-18 16:00:00,588,Theni,0.5,-8.701833333333333
2023-12-18 17:00:00,588,Theni,0.5,-8.701833333333333
2023-12-18 18:00:00,588,Theni,0.5,-8.701833333333333
2023-12-18 20:00:00,588,Theni,0.5,-8.701833333333333
2023-12-19 00:00:00,588,Theni,0.5,-8.608083333333333
2023-12-19 01:00:00,588,Theni,1.0,-8.608083333333333
2023-12-19 04:00:00,588,Theni,0.5,-8.532583333333333
2023-12-19 06:00:00,588,Theni,0.5,-8.532583333333333
2023-12-19 07:00:00,588,Theni,0.5,-8.532583333333333
2023-12-19 08:00:00,588,Theni,2.5,-8.532583333333333
2023-12-19 09:00:00,588,Theni,1.0,-8.532583333333333
2023-12-19 10:00:00,588,Theni,0.75,-8.543583333333332
2023-12-19 11:00:00,588,Theni,0.5,-8.543583333333332
2023-12-19 12:00:00,588,Theni,0.5,-8.543583333333332
2023-12-19 13:00:00,588,Theni,0.5,-8.543583333333332
2023-12-19 14:00:00,588,Theni,0.5,-8.543583333333332
2023-12-19 15:00:00,588,Theni,0.5,-8.543583333333332
2023-12-19 16:00:00,588,Theni,0.5,-8.47575
2023-12-19 17:00:00,588,Theni,1.0,-8.47575
2023-12-19 18:00:00,588,Theni,1.75,-8.47575
2023-12-19 19:00:00,588,Theni,3.0,-8.47575
2023-12-19 20:00:00,588,Theni,1.25,-8.47575
2023-12-19 21:00:00,588,Theni,0.75,-8.47575
2023-12-19 22:00:00,588,Theni,0.5,-8.447083333333333
2023-12-19 23:00:00,588,Theni,0.5,-8.447083333333333
2023-12-20 00:00:00,588,Theni,0.5,-8.447083333333333
2023-12-20 02:00:00,588,Theni,0.5,-8.447083333333333
2023-12-20 06:00:00,588,Theni,0.5,-8.446833333333332
2023-12-20 10:00:00,588,Theni,0.5,-8.488999999999999
2023-12-20 14:00:00,588,Theni,0.5,-8.488999999999999
2023-12-20 15:00:00,588,Theni,0.5,-8.488999999999999
2023-12-20 16:00:00,588,Theni,0.5,-8.436333333333334
2023-12-20 17:00:00,588,Theni,0.5,-8.436333333333334
2023-12-20 18:00:00,588,Theni,1.0,-8.436333333333334
2023-12-20 19:00:00,588,Theni,0.5,-8.436333333333334
2023-12-20 20:00:00,588,Theni,0.5,-8.436333333333334
2023-12-20 21:00:00,588,Theni,0.5,-8.436333333333334
2023-12-20 22:00:00,588,Theni,0.75,-8.381083333333335
2023-12-21 00:00:00,588,Theni,0.5,-8.381083333333335
2023-12-21 02:00:00,588,Theni,0.5,-8.381083333333335
2023-12-21 03:00:00,588,Theni,0.5,-8.381083333333335
2023-12-21 04:00:00,588,Theni,0.5,-8.533583333333333
2023-12-21 05:00:00,588,Theni,1.0,-8.533583333333333
2023-12-21 06:00:00,588,Theni,1.0,-8.533583333333333
2023-12-21 07:00:00,588,Theni,0.5,-8.533583333333333
2023-12-21 08:00:00,588,Theni,0.5,-8.533583333333333
2023-12-21 09:00:00,588,Theni,0.5,-8.533583333333333
2023-12-21 10:00:00,588,Theni,0.5,-8.400916666666667
2023-12-21 11:00:00,588,Theni,0.5,-8.400916666666667
2023-12-21 13:00:00,588,Theni,0.5,-8.400916666666667
2023-12-21 14:00:00,588,Theni,0.8333333333333334,-8.400916666666667
2023-12-21 15:00:00,588,Theni,0.5,-8.400916666666667
2023-12-21 16:00:00,588,Theni,1.25,-8.417250000000001
2023-12-21 17:00:00,588,Theni,0.6666666666666666,-8.417250000000001
2023-12-21 19:00:00,588,Theni,0.5,-8.417250000000001
2023-12-21 22:00:00,588,Theni,0.5,-8.34275
2023-12-22 08:00:00,588,Theni,0.5,-8.400083333333333
2023-12-22 11:00:00,588,Theni,0.5,-8.383833333333333
2023-12-22 16:00:00,588,Theni,0.5,-8.399833333333333
2023-12-22 21:00:00,588,Theni,0.5,-8.399833333333333
2023-12-23 02:00:00,588,Theni,0.5,-8.332083333333333
2023-12-23 09:00:00,588,Theni,0.5,-8.3445
2023-12-23 12:00:00,588,Theni,0.5,-8.378
2023-12-23 13:00:00,588,Theni,0.5,-8.378
2023-12-23 14:00:00,588,Theni,1.0,-8.378
2023-12-23 15:00:00,588,Theni,1.5,-8.378
2023-12-23 16:00:00,588,Theni,0.5,-8.428333333333333
2023-12-23 18:00:00,588,Theni,1.0,-8.428333333333333
2023-12-23 20:00:00,588,Theni,0.5,-8.428333333333333
2023-12-23 21:00:00,588,Theni,0.5,-8.428333333333333
2023-12-23 22:00:00,588,Theni,0.5,-8.3105
2023-12-23 23:00:00,588,Theni,0.5,-8.3105
2023-12-24 00:00:00,588,Theni,1.0,-8.3105
2023-12-24 01:00:00,588,Theni,0.5,-8.3105
2023-12-24 02:00:00,588,Theni,0.5,-8.3105
2023-12-24 03:00:00,588,Theni,0.5,-8.3105
2023-12-24 04:00:00,588,Theni,0.5,-8.31625
2023-12-24 05:00:00,588,Theni,0.5,-8.31625
2023-12-24 06:00:00,588,Theni,0.5,-8.31625
2023-12-24 07:00:00,588,Theni,0.5,-8.31625
2023-12-24 08:00:00,588,Theni,0.5,-8.31625
2023-12-24 10:00:00,588,Theni,0.5,-8.34625
2023-12-24 11:00:00,588,Theni,0.5,-8.34625
2023-12-24 13:00:00,588,Theni,1.0,-8.34625
2023-12-24 14:00:00,588,Theni,0.5,-8.34625
2023-12-24 15:00:00,588,Theni,0.5,-8.34625
2023-12-24 17:00:00,588,Theni,0.5,-8.31825
2023-12-24 19:00:00,588,Theni,0.5,-8.31825
2023-12-24 23:00:00,588,Theni,0.5,-8.295916666666667
2023-12-25 02:00:00,588,Theni,0.5,-8.295916666666667
2023-12-25 04:00:00,588,Theni,0.5,-8.299833333333334
2023-12-25 05:00:00,588,Theni,0.5,-8.299833333333334
2023-12-25 06:00:00,588,Theni,0.5,-8.299833333333334
2023-12-25 08:00:00,588,Theni,0.5,-8.299833333333334
2023-12-25 10:00:00,588,Theni,1.0,-8.305
2023-12-25 11:00:00,588,Theni,0.5,-8.305
2023-12-25 12:00:00,588,Theni,0.5,-8.305
2023-12-25 13:00:00,588,Theni,0.5,-8.305
2023-12-25 14:00:00,588,Theni,0.5,-8.305
2023-12-25 16:00:00,588,Theni,0.5,-8.316
2023-12-25 18:00:00,588,Theni,0.5,-8.316
2023-12-25 20:00:00,588,Theni,0.5,-8.316
2023-12-25 23:00:00,588,Theni,0.5,-8.283083333333332
2023-12-26 01:00:00,588,Theni,0.5,-8.283083333333332
2023-12-26 02:00:00,588,Theni,1.0,-8.283083333333332
2023-12-26 03:00:00,588,Theni,0.5,-8.283083333333332
2023-12-26 04:00:00,588,Theni,1.0,-8.796636363636365
2023-12-26 05:00:00,588,Theni,0.5,-8.796636363636365
2023-12-26 06:00:00,588,Theni,1.0,-8.796636363636365
2023-12-26 07:00:00,588,Theni,0.5,-8.796636363636365
2023-12-26 08:00:00,588,Theni,0.5,-8.796636363636365
2023-12-26 10:00:00,588,Theni,0.5,-8.290083333333333
2023-12-26 11:00:00,588,Theni,0.5,-8.290083333333333
2023-12-26 12:00:00,588,Theni,0.5,-8.290083333333333
2023-12-26 13:00:00,588,Theni,1.0,-8.290083333333333
2023-12-26 14:00:00,588,Theni,1.0,-8.290083333333333
2023-12-26 15:00:00,588,Theni,0.5,-8.290083333333333
2023-12-26 16:00:00,588,Theni,0.5,-8.816181818181818
2023-12-26 17:00:00,588,Theni,0.5,-8.816181818181818
2023-12-26 18:00:00,588,Theni,0.5,-8.816181818181818
2023-12-26 19:00:00,588,Theni,0.5,-8.816181818181818
2023-12-26 21:00:00,588,Theni,0.5,-8.816181818181818
2023-12-26 23:00:00,588,Theni,1.0,-8.79718181818182
2023-12-27 00:00:00,588,Theni,1.0,-8.79718181818182
2023-12-27 01:00:00,588,Theni,0.5,-8.79718181818182
2023-12-27 02:00:00,588,Theni,0.5,-8.79718181818182
2023-12-27 03:00:00,588,Theni,0.5,-8.79718181818182
2023-12-27 04:00:00,588,Theni,0.5,-8.812909090909091
2023-12-27 06:00:00,588,Theni,0.5,-8.812909090909091
2023-12-27 07:00:00,588,Theni,0.5,-8.812909090909091
2023-12-27 09:00:00,588,Theni,0.5,-8.812909090909091
2023-12-27 10:00:00,588,Theni,0.5,-8.880363636363636
2023-12-27 11:00:00,588,Theni,1.0,-8.880363636363636
2023-12-27 12:00:00,588,Theni,0.5,-8.880363636363636
2023-12-27 13:00:00,588,Theni,0.5,-8.880363636363636
2023-12-27 14:00:00,588,Theni,0.5,-8.880363636363636
2023-12-27 16:00:00,588,Theni,0.5,-8.794545454545455
2023-12-27 18:00:00,588,Theni,0.5,-8.794545454545455
2023-12-27 21:00:00,588,Theni,0.5,-8.794545454545455
2023-12-28 00:00:00,588,Theni,0.5,-8.78809090909091
2023-12-28 03:00:00,588,Theni,0.5,-8.78809090909091
2023-12-28 07:00:00,588,Theni,0.5,-8.853363636363637
2023-12-28 10:00:00,588,Theni,0.5,-8.814454545454545
2023-12-28 12:00:00,588,Theni,0.5,-8.814454545454545
2023-12-28 14:00:00,588,Theni,0.5,-8.814454545454545
2023-12-28 16:00:00,588,Theni,0.5,-8.785727272727273
2023-12-28 17:00:00,588,Theni,0.5,-8.785727272727273
2023-12-29 19:00:00,588,Theni,1.5,-8.788363636363636
2023-12-29 20:00:00,588,Theni,1.5,-8.788363636363636
2023-12-29 22:00:00,588,Theni,0.75,-8.792636363636364
2023-12-30 12:00:00,588,Theni,0.5,-8.879272727272728
2024-01-03 18:00:00,588,Theni,1.0,-8.876454545454546
2024-01-03 19:00:00,588,Theni,1.5,-8.876454545454546
2024-01-03 20:00:00,588,Theni,2.0,-8.876454545454546
2024-01-03 21:00:00,588,Theni,1.75,-8.876454545454546
2024-01-03 22:00:00,588,Theni,3.75,-8.80309090909091
2024-01-03 23:00:00,588,Theni,2.0,-8.80309090909091
2024-01-04 01:00:00,588,Theni,1.0,-8.80309090909091
2024-01-04 02:00:00,588,Theni,1.0,-8.80309090909091
2024-01-04 09:00:00,588,Theni,0.5,-8.841909090909091
2024-01-04 20:00:00,588,Theni,0.5,-9.3077
2024-01-04 23:00:00,588,Theni,1.0,-9.2514
2024-01-05 00:00:00,588,Theni,8.0,-9.2514
2024-01-05 01:00:00,588,Theni,14.0,-9.2514
2024-01-05 02:00:00,588,Theni,8.75,-9.2514
2024-01-05 03:00:00,588,Theni,2.0,-9.2514
2024-01-05 04:00:00,588,Theni,1.0,-8.70418181818182
2024-01-05 05:00:00,588,Theni,2.0,-8.70418181818182
2024-01-05 06:00:00,588,Theni,0.75,-8.70418181818182
2024-01-05 07:00:00,588,Theni,1.5,-8.70418181818182
2024-01-05 08:00:00,588,Theni,1.0,-8.70418181818182
2024-01-05 09:00:00,588,Theni,1.0,-8.70418181818182
2024-01-05 10:00:00,588,Theni,1.0,-8.73409090909091
2024-01-05 11:00:00,588,Theni,1.0,-8.73409090909091
2024-01-05 12:00:00,588,Theni,1.5,-8.73409090909091
2024-01-05 13:00:00,588,Theni,1.0,-8.73409090909091
2024-01-05 14:00:00,588,Theni,0.75,-8.73409090909091
2024-01-05 15:00:00,588,Theni,1.0,-8.73409090909091
2024-01-05 16:00:00,588,Theni,0.5,-8.67290909090909
2024-01-05 17:00:00,588,Theni,0.5,-8.67290909090909
2024-01-05 18:00:00,588,Theni,2.0,-8.67290909090909
2024-01-05 19:00:00,588,Theni,0.5,-8.67290909090909
2024-01-05 21:00:00,588,Theni,0.5,-8.67290909090909
2024-01-05 22:00:00,588,Theni,1.0,-8.617090909090908
2024-01-05 23:00:00,588,Theni,1.0,-8.617090909090908
2024-01-06 00:00:00,588,Theni,0.5,-8.617090909090908
2024-01-06 01:00:00,588,Theni,0.5,-8.617090909090908
2024-01-06 02:00:00,588,Theni,0.5,-8.617090909090908
2024-01-06 03:00:00,588,Theni,0.5,-8.617090909090908
2024-01-06 04:00:00,588,Theni,0.5,-8.663454545454545
2024-01-06 05:00:00,588,Theni,0.5,-8.663454545454545
2024-01-06 06:00:00,588,Theni,0.5,-8.663454545454545
2024-01-06 07:00:00,588,Theni,0.5,-8.663454545454545
2024-01-06 08:00:00,588,Theni,0.5,-8.663454545454545
2024-01-06 09:00:00,588,Theni,0.5,-8.663454545454545
2024-01-06 10:00:00,588,Theni,0.5,-8.630090909090908
2024-01-06 11:00:00,588,Theni,0.5,-8.630090909090908
2024-01-06 12:00:00,588,Theni,0.5,-8.630090909090908
2024-01-06 13:00:00,588,Theni,0.5,-8.630090909090908
2024-01-06 22:00:00,588,Theni,0.5,-8.582545454545455
2024-01-06 23:00:00,588,Theni,5.333333333333333,-8.582545454545455
2024-01-07 00:00:00,588,Theni,8.5,-8.582545454545455
2024-01-07 01:00:00,588,Theni,3.1666666666666665,-8.582545454545455
2024-01-07 02:00:00,588,Theni,0.6666666666666666,-8.582545454545455
2024-01-07 03:00:00,588,Theni,1.0,-8.582545454545455
2024-01-07 04:00:00,588,Theni,1.5,-8.543727272727272
2024-01-07 05:00:00,588,Theni,0.5,-8.543727272727272
2024-01-07 06:00:00,588,Theni,1.0,-8.543727272727272
2024-01-07 07:00:00,588,Theni,0.5,-8.543727272727272
2024-01-07 08:00:00,588,Theni,1.0,-8.543727272727272
2024-01-07 09:00:00,588,Theni,0.5,-8.543727272727272
2024-01-07 10:00:00,588,Theni,0.5,-8.552818181818182
2024-01-07 11:00:00,588,Theni,1.0,-8.552818181818182
2024-01-07 12:00:00,588,Theni,0.5,-8.552818181818182
2024-01-07 13:00:00,588,Theni,0.5,-8.552818181818182
2024-01-07 14:00:00,588,Theni,0.5,-8.552818181818182
2024-01-07 15:00:00,588,Theni,0.5,-8.552818181818182
2024-01-07 16:00:00,588,Theni,0.5,-8.651818181818182
2024-01-07 17:00:00,588,Theni,0.75,-8.651818181818182
2024-01-07 18:00:00,588,Theni,0.5,-8.651818181818182
2024-01-07 19:00:00,588,Theni,0.5,-8.651818181818182
2024-01-07 20:00:00,588,Theni,0.5,-8.651818181818182
2024-01-07 21:00:00,588,Theni,0.5,-8.651818181818182
2024-01-07 22:00:00,588,Theni,0.5,-8.501090909090909
2024-01-07 23:00:00,588,Theni,0.5,-8.501090909090909
2024-01-08 00:00:00,588,Theni,0.5,-8.501090909090909
2024-01-08 01:00:00,588,Theni,0.5,-8.501090909090909
2024-01-08 03:00:00,588,Theni,0.5,-8.501090909090909
2024-01-08 17:00:00,588,Theni,1.5,-8.503909090909092
2024-01-08 18:00:00,588,Theni,7.5,-8.503909090909092
2024-01-08 19:00:00,588,Theni,6.25,-8.503909090909092
2024-01-08 20:00:00,588,Theni,15.0,-8.503909090909092
2024-01-08 21:00:00,588,Theni,4.0,-8.503909090909092
2024-01-08 23:00:00,588,Theni,2.5,-8.479545454545455
2024-01-09 01:00:00,588,Theni,0.5,-8.479545454545455
2024-01-09 06:00:00,588,Theni,0.5,-8.504818181818182
2024-01-09 11:00:00,588,Theni,0.5,-8.516818181818183
2024-01-09 13:00:00,588,Theni,6.833333333333333,-8.516818181818183
2024-01-09 14:00:00,588,Theni,8.5,-8.516818181818183
2024-01-09 15:00:00,588,Theni,2.833333333333333,-8.516818181818183
2024-01-09 16:00:00,588,Theni,1.0,-8.431545454545455
2024-01-09 17:00:00,588,Theni,0.5,-8.431545454545455
2024-01-10 17:00:00,588,Theni,1.0,-8.365545454545455
2024-01-10 18:00:00,588,Theni,0.5,-8.365545454545455
2024-01-19 20:00:00,588,Theni,1.75,-8.269181818181819
2024-01-19 21:00:00,588,Theni,4.0,-8.269181818181819
2024-01-20 01:00:00,588,Theni,0.5,-8.255181818181818
2024-02-24 02:00:00,588,Theni,1.5,-8.545153846153845
2024-02-24 03:00:00,588,Theni,4.5,-8.545153846153845
2024-02-24 04:00:00,588,Theni,3.5,-8.545
2024-02-24 05:00:00,588,Theni,2.5,-8.545
2024-02-24 06:00:00,588,Theni,1.0,-8.545
2024-03-22 00:00:00,588,Theni,1.5,-9.131384615384617
2024-03-22 01:00:00,588,Theni,1.0,-9.131384615384617
2024-03-22 02:00:00,588,Theni,3.0,-9.131384615384617
2024-03-22 03:00:00,588,Theni,3.5,-9.131384615384617
2024-03-22 04:00:00,588,Theni,2.5,-9.097846153846152
2024-03-22 05:00:00,588,Theni,3.5,-9.097846153846152
2024-03-22 06:00:00,588,Theni,2.5,-9.097846153846152
2024-04-12 17:00:00,588,Theni,2.0,-9.717769230769232
2024-04-12 18:00:00,588,Theni,7.166666666666667,-9.717769230769232
2024-04-12 19:00:00,588,Theni,4.0,-9.717769230769232
2024-04-12 20:00:00,588,Theni,1.5,-9.717769230769232
2024-04-12 21:00:00,588,Theni,1.0,-9.717769230769232
2024-04-12 22:00:00,588,Theni,1.25,-9.631153846153849
2024-04-12 23:00:00,588,Theni,0.5,-9.631153846153849
2024-04-13 00:00:00,588,Theni,1.0,-9.631153846153849
2024-04-13 01:00:00,588,Theni,1.0,-9.631153846153849
2024-04-13 02:00:00,588,Theni,0.5,-9.631153846153849
2024-04-13 03:00:00,588,Theni,0.5,-9.631153846153849
2024-04-13 04:00:00,588,Theni,0.5,-9.665307692307692
2024-04-13 05:00:00,588,Theni,0.5,-9.665307692307692
2024-04-13 06:00:00,588,Theni,0.5,-9.665307692307692
2024-04-13 07:00:00,588,Theni,0.5,-9.665307692307692
2024-04-13 08:00:00,588,Theni,0.5,-9.665307692307692
2024-04-13 09:00:00,588,Theni,0.5,-9.665307692307692
2024-04-13 10:00:00,588,Theni,0.5,-9.746692307692308
2024-04-13 11:00:00,588,Theni,0.5,-9.746692307692308
2024-04-13 12:00:00,588,Theni,0.5,-9.746692307692308
2024-04-13 13:00:00,588,Theni,0.5,-9.746692307692308
2024-04-13 14:00:00,588,Theni,0.5,-9.746692307692308
2024-04-13 15:00:00,588,Theni,0.5,-9.746692307692308
2024-04-13 17:00:00,588,Theni,1.25,-9.809153846153846
2024-04-13 18:00:00,588,Theni,0.5,-9.809153846153846
2024-04-13 20:00:00,588,Theni,0.5,-9.809153846153846
2024-04-13 22:00:00,588,Theni,0.5,-9.643384615384615
2024-04-14 00:00:00,588,Theni,0.5,-9.643384615384615
2024-04-14 03:00:00,588,Theni,0.5,-9.643384615384615
2024-04-14 06:00:00,588,Theni,0.5,-9.692538461538462
2024-04-14 09:00:00,588,Theni,0.5,-9.692538461538462
2024-04-20 20:00:00,588,Theni,0.5,-9.89023076923077
2024-04-24 00:00:00,588,Theni,1.5,-9.898
2024-04-29 23:00:00,588,Theni,2.5,-10.123
2024-04-30 00:00:00,588,Theni,3.0,-10.123
2024-04-30 01:00:00,588,Theni,2.0,-10.123
2024-04-30 02:00:00,588,Theni,1.5,-10.123
2024-04-30 18:00:00,588,Theni,1.0,-10.176923076923078
2024-04-30 19:00:00,588,Theni,1.5,-10.176923076923078
2024-05-05 16:00:00,588,Theni,0.5,-10.335076923076922
2024-05-05 17:00:00,588,Theni,1.5,-10.335076923076922
2024-05-05 18:00:00,588,Theni,0.5,-10.335076923076922
2024-05-05 19:00:00,588,Theni,0.5,-10.335076923076922
2024-05-05 20:00:00,588,Theni,0.5,-10.335076923076922
2024-05-05 21:00:00,588,Theni,0.5,-10.335076923076922
2024-05-08 20:00:00,588,Theni,1.0,-10.351923076923075
2024-05-08 21:00:00,588,Theni,1.0,-10.351923076923075
2024-05-08 22:00:00,588,Theni,2.0,-10.301384615384617
2024-05-08 23:00:00,588,Theni,0.5,-10.301384615384617
2024-05-09 00:00:00,588,Theni,0.5,-10.301384615384617
2024-05-09 01:00:00,588,Theni,0.5,-10.301384615384617
2024-05-09 04:00:00,588,Theni,0.5,-10.261615384615386
2024-05-09 13:00:00,588,Theni,0.5,-10.40276923076923
2024-05-09 19:00:00,588,Theni,40.0,-10.31353846153846
2024-05-09 20:00:00,588,Theni,4.5,-10.31353846153846
2024-05-09 21:00:00,588,Theni,10.25,-10.31353846153846
2024-05-09 22:00:00,588,Theni,1.5,-10.343461538461538
2024-05-09 23:00:00,588,Theni,3.25,-10.343461538461538
2024-05-10 00:00:00,588,Theni,5.0,-10.343461538461538
2024-05-10 01:00:00,588,Theni,2.0,-10.343461538461538
2024-05-10 02:00:00,588,Theni,1.0,-10.343461538461538
2024-05-10 03:00:00,588,Theni,0.5,-10.343461538461538
2024-05-10 09:00:00,588,Theni,0.5,-10.304538461538462
2024-05-10 12:00:00,588,Theni,0.5,-10.373076923076924
2024-05-11 12:00:00,588,Theni,0.5,-10.409846153846154
2024-05-11 16:00:00,588,Theni,2.0,-10.298384615384617
2024-05-12 06:00:00,588,Theni,0.5,-10.28346153846154
2024-05-12 18:00:00,588,Theni,2.0,-10.330769230769231
2024-05-12 20:00:00,588,Theni,1.25,-10.330769230769231
2024-05-12 21:00:00,588,Theni,1.5,-10.330769230769231
2024-05-12 22:00:00,588,Theni,1.0,-10.264384615384616
2024-05-12 23:00:00,588,Theni,1.0,-10.264384615384616
2024-05-13 00:00:00,588,Theni,1.25,-10.264384615384616
2024-05-13 01:00:00,588,Theni,0.5,-10.264384615384616
2024-05-13 15:00:00,588,Theni,10.5,-10.265153846153847
2024-05-13 16:00:00,588,Theni,7.5,-10.401307692307691
2024-05-13 17:00:00,588,Theni,31.0,-10.401307692307691
2024-05-13 18:00:00,588,Theni,2.25,-10.401307692307691
2024-05-13 19:00:00,588,Theni,2.1666666666666665,-10.401307692307691
2024-05-13 20:00:00,588,Theni,3.5,-10.401307692307691
2024-05-13 21:00:00,588,Theni,2.5,-10.401307692307691
2024-05-13 22:00:00,588,Theni,2.5,-10.170153846153845
2024-05-13 23:00:00,588,Theni,2.5,-10.170153846153845
2024-05-14 00:00:00,588,Theni,1.5,-10.170153846153845
2024-05-14 01:00:00,588,Theni,2.0,-10.170153846153845
2024-05-14 02:00:00,588,Theni,1.5,-10.170153846153845
2024-05-14 03:00:00,588,Theni,1.5,-10.170153846153845
2024-05-14 04:00:00,588,Theni,1.5,-10.323333333333332
2024-05-14 05:00:00,588,Theni,1.0,-10.323333333333332
2024-05-14 06:00:00,588,Theni,1.0,-10.323333333333332
2024-05-14 07:00:00,588,Theni,1.0,-10.323333333333332
2024-05-14 08:00:00,588,Theni,1.0,-10.323333333333332
2024-05-14 09:00:00,588,Theni,1.0,-10.323333333333332
2024-05-14 10:00:00,588,Theni,1.0,-10.36425
2024-05-14 11:00:00,588,Theni,0.5,-10.36425
2024-05-14 12:00:00,588,Theni,0.5,-10.36425
2024-05-14 16:00:00,588,Theni,0.5,-10.194692307692309
2024-05-14 16:20:00,588,Theni,0.5,-10.194692307692309
2024-05-14 16:35:00,588,Theni,1.0,-10.194692307692309
2024-05-14 16:40:00,588,Theni,2.0,-10.194692307692309
2024-05-14 16:45:00,588,Theni,2.5,-10.194692307692309
2024-05-14 17:00:00,588,Theni,0.5,-10.194692307692309
2024-05-14 18:00:00,588,Theni,1.0,-10.194692307692309
2024-05-14 20:00:00,588,Theni,0.5,-10.194692307692309
2024-05-14 21:00:00,588,Theni,0.5,-10.194692307692309
2024-05-14 22:00:00,588,Theni,1.0,-10.097615384615384
2024-05-14 23:00:00,588,Theni,0.75,-10.097615384615384
2024-05-15 00:00:00,588,Theni,0.5,-10.097615384615384
2024-05-15 01:00:00,588,Theni,0.5,-10.097615384615384
2024-05-15 22:00:00,588,Theni,5.0,-10.052846153846154
2024-05-15 23:00:00,588,Theni,1.5,-10.052846153846154
2024-05-16 00:00:00,588,Theni,2.1666666666666665,-10.052846153846154
2024-05-16 01:00:00,588,Theni,3.5,-10.052846153846154
2024-05-16 02:00:00,588,Theni,1.3333333333333333,-10.052846153846154
2024-05-16 03:00:00,588,Theni,1.5,-10.052846153846154
2024-05-16 04:00:00,588,Theni,2.0,-10.14576923076923
2024-05-16 05:00:00,588,Theni,1.5,-10.14576923076923
2024-05-16 06:00:00,588,Theni,1.0,-10.14576923076923
2024-05-16 07:00:00,588,Theni,0.5,-10.14576923076923
2024-05-16 18:00:00,588,Theni,1.0,-10.072692307692307
2024-05-16 19:00:00,588,Theni,8.0,-10.072692307692307
2024-05-16 20:00:00,588,Theni,1.5,-10.072692307692307
2024-05-16 22:00:00,588,Theni,1.5,-10.105692307692308
2024-05-16 23:00:00,588,Theni,2.5,-10.105692307692308
2024-05-17 02:00:00,588,Theni,1.5,-10.105692307692308
2024-05-17 03:00:00,588,Theni,3.5,-10.105692307692308
2024-05-17 13:00:00,588,Theni,8.0,-10.094692307692307
2024-05-17 14:00:00,588,Theni,2.5,-10.094692307692307
2024-05-17 16:00:00,588,Theni,19.666666666666668,-10.023307692307691
2024-05-17 17:00:00,588,Theni,14.0,-10.023307692307691
2024-05-17 18:00:00,588,Theni,3.0,-10.023307692307691
2024-05-17 19:00:00,588,Theni,2.25,-10.023307692307691
2024-05-17 20:00:00,588,Theni,2.833333333333333,-10.023307692307691
2024-05-17 21:00:00,588,Theni,0.875,-10.023307692307691
2024-05-17 22:00:00,588,Theni,0.5,-9.965307692307691
2024-05-18 02:00:00,588,Theni,0.5,-9.965307692307691
2024-05-18 15:00:00,588,Theni,0.5,-9.992153846153846
2024-05-18 16:00:00,588,Theni,0.5,-9.966384615384614
2024-05-18 17:00:00,588,Theni,1.5,-9.966384615384614
2024-05-19 15:00:00,588,Theni,11.0,-9.940076923076925
2024-05-19 17:00:00,588,Theni,0.5,-9.981384615384616
2024-05-19 18:00:00,588,Theni,0.5,-9.981384615384616
2024-05-19 19:00:00,588,Theni,1.0,-9.981384615384616
2024-05-19 20:00:00,588,Theni,1.5,-9.981384615384616
2024-05-19 21:00:00,588,Theni,0.6666666666666666,-9.981384615384616
2024-05-19 22:00:00,588,Theni,0.5,-9.901923076923076
2024-05-20 00:00:00,588,Theni,0.5,-9.901923076923076
2024-05-20 05:00:00,588,Theni,3.0,-9.860153846153848
2024-05-20 06:00:00,588,Theni,1.0,-9.860153846153848
2024-05-20 09:00:00,588,Theni,1.0,-9.860153846153848
2024-05-20 10:00:00,588,Theni,0.5,-9.919692307692308
2024-05-20 11:00:00,588,Theni,7.5,-9.919692307692308
2024-05-20 12:00:00,588,Theni,1.0,-9.919692307692308
2024-05-20 13:00:00,588,Theni,2.75,-9.919692307692308
2024-05-20 14:00:00,588,Theni,3.5,-9.919692307692308
2024-05-20 15:00:00,588,Theni,1.5,-9.919692307692308
2024-05-20 16:00:00,588,Theni,1.25,-9.854153846153846
2024-05-20 17:00:00,588,Theni,1.5,-9.854153846153846
2024-05-20 18:00:00,588,Theni,0.5,-9.854153846153846
2024-05-20 20:00:00,588,Theni,0.5,-9.854153846153846
2024-05-20 21:00:00,588,Theni,0.5,-9.854153846153846
2024-05-20 22:00:00,588,Theni,0.5,-9.833076923076923
2024-05-21 13:00:00,588,Theni,1.5,-9.87423076923077
2024-05-21 14:00:00,588,Theni,2.25,-9.87423076923077
2024-05-21 16:00:00,588,Theni,37.5,-9.850615384615384
2024-05-21 17:00:00,588,Theni,6.75,-9.850615384615384
2024-05-21 22:00:00,588,Theni,0.5,-9.831153846153846
2024-05-22 13:00:00,588,Theni,3.75,-9.822
2024-05-22 14:00:00,588,Theni,9.5,-9.822
2024-05-22 15:00:00,588,Theni,4.333333333333333,-9.822
2024-05-22 16:00:00,588,Theni,29.75,-9.794307692307692
2024-05-22 17:00:00,588,Theni,2.833333333333333,-9.794307692307692
2024-05-22 18:00:00,588,Theni,1.0,-9.794307692307692
2024-05-22 19:00:00,588,Theni,1.0,-9.794307692307692
2024-05-22 20:00:00,588,Theni,1.1666666666666667,-9.794307692307692
2024-05-22 21:00:00,588,Theni,1.5,-9.794307692307692
2024-05-22 22:00:00,588,Theni,0.75,-9.724230769230768
2024-05-23 00:00:00,588,Theni,0.5,-9.724230769230768
2024-05-23 01:00:00,588,Theni,0.5,-9.724230769230768
2024-05-23 05:00:00,588,Theni,0.5,-9.704076923076924
2024-05-23 08:00:00,588,Theni,0.5,-9.704076923076924
2024-05-23 12:00:00,588,Theni,0.5,-9.698615384615383
2024-05-23 16:00:00,588,Theni,0.5,-9.5825
2024-05-24 08:00:00,588,Theni,1.0,-9.689923076923078
2024-05-24 10:00:00,588,Theni,2.5,-9.675692307692309
2024-05-24 11:00:00,588,Theni,1.9,-9.675692307692309
2024-05-24 12:00:00,588,Theni,0.75,-9.675692307692309
2024-05-24 20:00:00,588,Theni,0.5,-9.633384615384616
2024-05-24 21:00:00,588,Theni,6.5,-9.633384615384616
2024-05-24 22:00:00,588,Theni,0.5,-9.582230769230769
2024-05-25 01:00:00,588,Theni,1.5,-9.582230769230769
2024-05-25 02:00:00,588,Theni,3.0,-9.582230769230769
2024-05-25 03:00:00,588,Theni,4.0,-9.582230769230769
2024-05-25 04:00:00,588,Theni,0.75,-9.568076923076925
2024-05-25 05:00:00,588,Theni,0.5,-9.568076923076925
2024-05-25 06:00:00,588,Theni,0.5,-9.568076923076925
2024-06-01 16:00:00,588,Theni,2.0,-9.795538461538465
2024-06-01 21:00:00,588,Theni,0.5,-9.795538461538465
2024-06-02 15:00:00,588,Theni,9.0,-9.761538461538462
2024-06-02 16:00:00,588,Theni,17.5,-9.724923076923078
2024-06-02 17:00:00,588,Theni,24.5,-9.724923076923078
2024-06-02 18:00:00,588,Theni,2.1666666666666665,-9.724923076923078
2024-06-02 19:00:00,588,Theni,2.5,-9.724923076923078
2024-06-02 20:00:00,588,Theni,3.5,-9.724923076923078
2024-06-04 18:00:00,588,Theni,0.5,-9.705076923076923
2024-06-04 19:00:00,588,Theni,2.75,-9.705076923076923
2024-06-04 20:00:00,588,Theni,2.0,-9.705076923076923
2024-06-05 01:00:00,588,Theni,0.5,-9.717153846153847
2024-06-05 15:00:00,588,Theni,1.0,-9.79253846153846
2024-06-05 16:00:00,588,Theni,0.5,-9.798
2024-06-06 15:00:00,588,Theni,1.0,-9.762153846153849
2024-06-06 16:00:00,588,Theni,22.666666666666668,-9.744
2024-06-06 17:00:00,588,Theni,6.25,-9.744
2024-06-06 18:00:00,588,Theni,1.25,-9.744
2024-06-06 19:00:00,588,Theni,0.875,-9.744
2024-06-06 20:00:00,588,Theni,0.75,-9.744
2024-06-06 21:00:00,588,Theni,0.5,-9.744
2024-06-06 22:00:00,588,Theni,0.6666666666666666,-9.745615384615384
2024-06-06 23:00:00,588,Theni,0.75,-9.745615384615384
2024-06-07 16:00:00,588,Theni,1.0,-9.701
2024-06-08 13:00:00,588,Theni,0.5,-9.64576923076923
2024-06-08 18:00:00,588,Theni,0.5,-9.628769230769231
2024-06-08 20:00:00,588,Theni,0.5,-9.628769230769231
2024-06-09 01:00:00,588,Theni,1.0,-9.608538461538462
2024-06-09 17:00:00,588,Theni,0.5,-9.690615384615384
2024-06-18 14:00:00,588,Theni,0.5,-9.96946153846154
2024-06-18 15:00:00,588,Theni,1.5,-9.96946153846154
2024-06-18 16:00:00,588,Theni,0.5,-9.926384615384617
2024-06-19 13:00:00,588,Theni,0.5,-9.960230769230767
2024-06-19 14:00:00,588,Theni,0.5,-9.960230769230767
2024-06-20 13:00:00,588,Theni,0.5,-8.797
2024-06-21 15:00:00,588,Theni,0.5,-8.80546153846154
2024-06-22 08:00:00,588,Theni,1.0,-8.730461538461538
2024-06-22 09:00:00,588,Theni,1.0,-8.730461538461538
2024-06-22 16:00:00,588,Theni,2.5,-8.941076923076922
2024-06-23 02:00:00,588,Theni,0.5,-8.760923076923076
2024-06-23 05:00:00,588,Theni,0.5,-8.74823076923077
2024-06-23 14:00:00,588,Theni,0.5,-8.817307692307692
2024-06-24 14:00:00,588,Theni,0.5,-8.81676923076923
2024-06-24 15:00:00,588,Theni,3.0,-8.81676923076923
2024-06-24 16:00:00,588,Theni,2.0,-8.814307692307692
2024-06-25 01:00:00,588,Theni,0.5,-8.775307692307694
2024-06-25 02:00:00,588,Theni,0.5,-8.775307692307694
2024-06-25 03:00:00,588,Theni,0.5,-8.775307692307694
2024-06-25 04:00:00,588,Theni,0.5,-8.795
2024-06-25 07:00:00,588,Theni,0.5,-8.795
2024-06-25 12:00:00,588,Theni,0.5,-8.807384615384615
2024-06-25 14:00:00,588,Theni,0.5,-8.807384615384615
2024-06-25 18:00:00,588,Theni,0.5,-8.808538461538461
2024-06-25 19:00:00,588,Theni,1.8333333333333333,-8.808538461538461
2024-06-25 20:00:00,588,Theni,1.3333333333333333,-8.808538461538461
2024-06-25 21:00:00,588,Theni,1.0,-8.808538461538461
2024-06-25 22:00:00,588,Theni,0.75,-8.778615384615385
2024-06-25 23:00:00,588,Theni,0.5,-8.778615384615385
2024-06-26 00:00:00,588,Theni,0.5,-8.778615384615385
2024-06-26 01:00:00,588,Theni,0.5,-8.778615384615385
2024-06-26 03:00:00,588,Theni,2.5,-8.778615384615385
2024-06-26 04:00:00,588,Theni,0.5,-8.764307692307693
2024-06-26 05:00:00,588,Theni,0.5,-8.764307692307693
2024-06-26 06:00:00,588,Theni,0.5,-8.764307692307693
2024-06-26 07:00:00,588,Theni,0.5,-8.764307692307693
2024-06-26 08:00:00,588,Theni,0.5,-8.764307692307693
2024-06-26 10:00:00,588,Theni,0.5,-8.836461538461538
2024-06-26 11:00:00,588,Theni,0.5,-8.836461538461538
2024-06-26 12:00:00,588,Theni,0.5,-8.836461538461538
2024-06-26 15:00:00,588,Theni,0.5,-8.836461538461538
2024-06-26 16:00:00,588,Theni,1.0,-8.843384615384615
2024-06-26 17:00:00,588,Theni,5.5,-8.843384615384615
2024-06-26 18:00:00,588,Theni,0.5,-8.843384615384615
2024-06-26 20:00:00,588,Theni,1.3333333333333333,-8.843384615384615
2024-06-26 21:00:00,588,Theni,1.5,-8.843384615384615
2024-06-27 01:00:00,588,Theni,0.5,-8.797846153846153
2024-06-27 05:00:00,588,Theni,0.5,-8.754000000000001
2024-06-27 12:00:00,588,Theni,2.0,-8.861923076923077
2024-06-27 22:00:00,588,Theni,1.0,-9.263083333333332
2024-06-28 03:00:00,588,Theni,0.5,-9.263083333333332
2024-06-28 06:00:00,588,Theni,0.5,-8.80546153846154
2024-06-30 14:00:00,588,Theni,1.0,-8.928538461538462
2024-06-30 15:00:00,588,Theni,3.5,-8.928538461538462
2024-07-05 14:00:00,588,Theni,0.5,-8.985692307692307
2024-07-05 15:00:00,588,Theni,1.5,-8.985692307692307
2024-07-05 17:00:00,588,Theni,0.5,-9.043692307692307
2024-07-07 07:00:00,588,Theni,0.5,-8.994
2024-07-07 08:00:00,588,Theni,0.5,-8.994
2024-07-07 16:00:00,588,Theni,0.5,-9.12476923076923
2024-07-10 07:00:00,588,Theni,0.5,-8.75146153846154
2024-07-12 15:00:00,588,Theni,1.0,-8.71323076923077
2024-07-12 16:00:00,588,Theni,1.5,-8.687
2024-07-12 17:00:00,588,Theni,0.5,-8.687
2024-07-12 18:00:00,588,Theni,2.25,-8.687
2024-07-12 19:00:00,588,Theni,1.5,-8.687
2024-07-12 20:00:00,588,Theni,1.0,-8.687
2024-07-12 21:00:00,588,Theni,0.75,-8.687
2024-07-13 00:00:00,588,Theni,0.5,-8.696538461538461
2024-07-13 15:00:00,588,Theni,0.5,-8.706461538461538
2024-07-13 16:00:00,588,Theni,0.5,-8.76776923076923
2024-07-13 17:00:00,588,Theni,1.0,-8.76776923076923
2024-07-13 19:00:00,588,Theni,1.0,-8.76776923076923
2024-07-13 22:00:00,588,Theni,0.5,-8.67123076923077
2024-07-13 23:00:00,588,Theni,1.0,-8.67123076923077
2024-07-14 00:00:00,588,Theni,0.5,-8.67123076923077
2024-07-14 01:00:00,588,Theni,1.0,-8.67123076923077
2024-07-14 02:00:00,588,Theni,0.5,-8.67123076923077
2024-07-14 03:00:00,588,Theni,0.75,-8.67123076923077
2024-07-14 04:00:00,588,Theni,1.0,-8.635538461538461
2024-07-14 05:00:00,588,Theni,2.75,-8.635538461538461
2024-07-14 06:00:00,588,Theni,0.5,-8.635538461538461
2024-07-15 04:00:00,588,Theni,0.5,-8.659153846153846
2024-07-15 05:00:00,588,Theni,1.3333333333333333,-8.659153846153846
2024-07-15 06:00:00,588,Theni,0.5,-8.659153846153846
2024-07-15 07:00:00,588,Theni,1.5,-8.659153846153846
2024-07-15 13:00:00,588,Theni,1.0,-8.721615384615385
2024-07-15 14:00:00,588,Theni,3.0,-8.721615384615385
2024-07-15 15:00:00,588,Theni,0.5,-8.721615384615385
2024-07-15 16:00:00,588,Theni,1.2,-8.721461538461538
2024-07-15 17:00:00,588,Theni,2.5,-8.721461538461538
2024-07-15 18:00:00,588,Theni,1.75,-8.721461538461538
2024-07-15 19:00:00,588,Theni,2.25,-8.721461538461538
2024-07-15 20:00:00,588,Theni,0.75,-8.721461538461538
2024-07-15 21:00:00,588,Theni,1.25,-8.721461538461538
2024-07-15 22:00:00,588,Theni,0.75,-8.663769230769232
2024-07-15 23:00:00,588,Theni,0.75,-8.663769230769232
2024-07-16 00:00:00,588,Theni,0.5,-8.663769230769232
2024-07-16 01:00:00,588,Theni,0.5,-8.663769230769232
2024-07-16 02:00:00,588,Theni,1.25,-8.663769230769232
2024-07-16 03:00:00,588,Theni,0.625,-8.663769230769232
2024-07-16 06:00:00,588,Theni,0.5,-8.72423076923077
2024-07-16 08:00:00,588,Theni,0.5,-8.72423076923077
2024-07-16 11:00:00,588,Theni,0.5,-8.688307692307692
2024-07-16 13:00:00,588,Theni,3.0,-8.688307692307692
2024-07-16 18:00:00,588,Theni,0.5,-7.825
2024-07-16 20:00:00,588,Theni,1.0,-7.825
2024-07-17 01:00:00,588,Theni,0.5,-7.676416666666667
2024-07-17 02:00:00,588,Theni,0.5,-7.676416666666667
2024-07-17 03:00:00,588,Theni,0.5,-7.676416666666667
2024-07-17 08:00:00,588,Theni,0.5,-7.668416666666666
2024-07-17 11:00:00,588,Theni,0.5,-7.733083333333333
2024-07-17 12:00:00,588,Theni,0.5,-7.733083333333333
2024-07-17 18:00:00,588,Theni,1.25,-7.698333333333333
2024-07-17 19:00:00,588,Theni,1.5,-7.698333333333333
2024-07-17 22:00:00,588,Theni,0.5,-7.629333333333332
2024-07-18 00:00:00,588,Theni,1.0,-7.629333333333332
2024-07-18 02:00:00,588,Theni,0.5,-7.629333333333332
2024-07-18 03:00:00,588,Theni,0.5,-7.629333333333332
2024-07-18 05:00:00,588,Theni,0.5,-7.630666666666666
2024-07-18 06:00:00,588,Theni,0.75,-7.630666666666666
2024-07-18 07:00:00,588,Theni,0.5,-7.630666666666666
2024-07-18 09:00:00,588,Theni,0.5,-7.630666666666666
2024-07-18 11:00:00,588,Theni,0.5,-7.684666666666668
2024-07-18 12:00:00,588,Theni,0.5,-7.684666666666668
2024-07-18 13:00:00,588,Theni,1.0,-7.684666666666668
2024-07-18 14:00:00,588,Theni,0.5,-7.684666666666668
2024-07-18 15:00:00,588,Theni,0.6666666666666666,-7.684666666666668
2024-07-18 16:00:00,588,Theni,0.5,-7.716666666666666
2024-07-18 17:00:00,588,Theni,0.5,-7.716666666666666
2024-07-18 18:00:00,588,Theni,0.5,-7.716666666666666
2024-07-19 10:00:00,588,Theni,1.0,-7.673833333333333
2024-07-19 15:00:00,588,Theni,0.5,-7.673833333333333
2024-07-19 21:00:00,588,Theni,0.5,-7.609583333333333
2024-07-19 22:00:00,588,Theni,0.5,-7.604166666666667
2024-07-19 23:00:00,588,Theni,0.5,-7.604166666666667
2024-07-22 17:00:00,588,Theni,0.5,-7.714916666666667
2024-07-24 01:00:00,588,Theni,0.5,-8.708384615384615
2024-07-24 02:00:00,588,Theni,0.5,-8.708384615384615
2024-07-24 03:00:00,588,Theni,0.5,-8.708384615384615
2024-07-25 03:00:00,588,Theni,2.0,-8.71653846153846
2024-07-25 06:00:00,588,Theni,2.0,-8.702384615384615
2024-07-25 07:00:00,588,Theni,0.5,-8.702384615384615
2024-07-25 13:00:00,588,Theni,1.5,-8.729846153846154
2024-07-25 16:00:00,588,Theni,0.5,-8.729615384615384
2024-07-26 01:00:00,588,Theni,1.0,-8.699769230769231
2024-07-26 02:00:00,588,Theni,1.0,-8.699769230769231
2024-07-26 03:00:00,588,Theni,1.0,-8.699769230769231
2024-07-26 06:00:00,588,Theni,0.5,-8.657538461538461
2024-07-26 19:00:00,588,Theni,0.5,-8.836
2024-07-27 03:00:00,588,Theni,0.5,-8.71523076923077
2024-07-27 04:00:00,588,Theni,1.0,-8.684
2024-07-27 09:00:00,588,Theni,1.0,-8.684
2024-07-27 13:00:00,588,Theni,2.0,-8.78676923076923
2024-07-27 15:00:00,588,Theni,0.5,-8.78676923076923
2024-07-27 17:00:00,588,Theni,1.5,-8.831615384615386
2024-07-27 18:00:00,588,Theni,0.5,-8.831615384615386
2024-07-27 19:00:00,588,Theni,0.5,-8.831615384615386
2024-07-27 20:00:00,588,Theni,0.5,-8.831615384615386
2024-07-27 21:00:00,588,Theni,1.0,-8.831615384615386
2024-07-27 23:00:00,588,Theni,1.0,-8.738153846153846
2024-07-28 00:00:00,588,Theni,1.0,-8.738153846153846
2024-07-28 08:00:00,588,Theni,4.5,-8.697000000000001
2024-07-28 19:00:00,588,Theni,0.5,-8.752230769230769
2024-07-28 21:00:00,588,Theni,0.5,-8.752230769230769
2024-07-29 02:00:00,588,Theni,1.5,-8.72053846153846
2024-07-29 03:00:00,588,Theni,0.5,-8.72053846153846
2024-07-29 16:00:00,588,Theni,0.5,-8.772461538461538
2024-07-29 19:00:00,588,Theni,2.25,-8.772461538461538
2024-07-29 20:00:00,588,Theni,3.0,-8.772461538461538
2024-07-29 21:00:00,588,Theni,2.0,-8.772461538461538
2024-07-29 22:00:00,588,Theni,1.75,-8.712615384615384
2024-07-29 23:00:00,588,Theni,1.75,-8.712615384615384
2024-07-30 00:00:00,588,Theni,2.0,-8.712615384615384
2024-07-30 01:00:00,588,Theni,1.3,-8.712615384615384
2024-07-30 02:00:00,588,Theni,1.3333333333333333,-8.712615384615384
2024-07-30 03:00:00,588,Theni,2.0,-8.712615384615384
2024-07-30 05:00:00,588,Theni,0.5,-8.707692307692307
2024-07-30 06:00:00,588,Theni,0.5,-8.707692307692307
2024-07-30 07:00:00,588,Theni,0.5,-8.707692307692307
2024-07-30 08:00:00,588,Theni,1.0,-8.707692307692307
2024-07-30 10:00:00,588,Theni,2.0,-8.745461538461539
2024-07-30 11:00:00,588,Theni,0.75,-8.745461538461539
2024-07-30 12:00:00,588,Theni,0.5,-8.745461538461539
2024-07-30 13:00:00,588,Theni,1.0,-8.745461538461539
2024-07-31 01:00:00,588,Theni,0.5,-8.698923076923077
2024-07-31 04:00:00,588,Theni,1.0,-8.705461538461538
2024-07-31 08:00:00,588,Theni,0.5,-8.705461538461538
2024-07-31 09:00:00,588,Theni,0.5,-8.705461538461538
2024-07-31 13:00:00,588,Theni,0.5,-8.75076923076923
2024-07-31 18:00:00,588,Theni,0.5,-8.741615384615384
2024-08-02 07:00:00,588,Theni,0.5,-8.724076923076924
2024-08-05 16:00:00,588,Theni,5.5,-8.747615384615385
2024-08-05 18:00:00,588,Theni,5.25,-8.747615384615385
2024-08-05 19:00:00,588,Theni,1.0,-8.747615384615385
2024-08-05 22:00:00,588,Theni,0.5,-8.735923076923076
2024-08-06 20:00:00,588,Theni,0.5,-8.811923076923078
2024-08-06 21:00:00,588,Theni,0.75,-8.811923076923078
2024-08-06 22:00:00,588,Theni,0.5,-8.771153846153847
2024-08-06 23:00:00,588,Theni,0.5,-8.771153846153847
2024-08-07 16:00:00,588,Theni,1.5,-8.818076923076923
2024-08-07 17:00:00,588,Theni,1.0,-8.818076923076923
2024-08-09 01:00:00,588,Theni,0.5,-9.038916666666667
2024-08-09 19:00:00,588,Theni,5.5,-7.0985000000000005
2024-08-10 18:00:00,588,Theni,1.0,-9.3625
2024-08-10 22:00:00,588,Theni,0.5,-9.3687
2024-08-11 00:00:00,588,Theni,0.5,-9.3687
2024-08-11 01:00:00,588,Theni,0.5,-9.3687
2024-08-11 16:00:00,588,Theni,1.0,-10.690142857142858
2024-08-11 17:00:00,588,Theni,2.0,-10.690142857142858
2024-08-11 18:00:00,588,Theni,7.333333333333333,-10.690142857142858
2024-08-11 19:00:00,588,Theni,5.75,-10.690142857142858
2024-08-11 20:00:00,588,Theni,7.166666666666667,-10.690142857142858
2024-08-11 21:00:00,588,Theni,4.375,-10.690142857142858
2024-08-11 22:00:00,588,Theni,2.0,-10.678
2024-08-11 23:00:00,588,Theni,2.0,-10.678
2024-08-12 00:00:00,588,Theni,0.75,-10.678
2024-08-12 21:00:00,588,Theni,2.5,-9.785222222222224
2024-08-12 22:00:00,588,Theni,11.333333333333334,-9.761777777777777
2024-08-12 23:00:00,588,Theni,6.0,-9.761777777777777
2024-08-13 00:00:00,588,Theni,1.625,-9.761777777777777
2024-08-13 01:00:00,588,Theni,5.0,-9.761777777777777
2024-08-13 02:00:00,588,Theni,3.5,-9.761777777777777
2024-08-13 03:00:00,588,Theni,3.0,-9.761777777777777
2024-08-13 04:00:00,588,Theni,2.0,-7.825555555555555
2024-08-13 17:00:00,588,Theni,3.5,-10.062
2024-08-13 18:00:00,588,Theni,0.5,-10.062
2024-08-13 19:00:00,588,Theni,3.0,-10.062
2024-08-13 20:00:00,588,Theni,6.0,-10.062
2024-08-13 21:00:00,588,Theni,6.0,-10.062
2024-08-13 22:00:00,588,Theni,5.5,-9.933666666666667
2024-08-13 23:00:00,588,Theni,5.0,-9.933666666666667
2024-08-14 00:00:00,588,Theni,3.5,-9.933666666666667
2024-08-14 01:00:00,588,Theni,3.5,-9.933666666666667
2024-08-14 02:00:00,588,Theni,2.5,-9.933666666666667
2024-08-14 03:00:00,588,Theni,2.0,-9.933666666666667
2024-08-14 07:00:00,588,Theni,0.5,-9.318
2024-08-14 11:00:00,588,Theni,0.5,-9.405444444444443
2024-08-14 13:00:00,588,Theni,0.5,-9.405444444444443
2024-08-14 22:00:00,588,Theni,0.5,-8.785
2024-08-15 02:00:00,588,Theni,0.5,-8.785
2024-08-15 14:00:00,588,Theni,12.5,-9.10325
2024-08-15 15:00:00,588,Theni,0.5,-9.10325
2024-08-15 16:00:00,588,Theni,1.0,-9.00675
2024-08-16 15:00:00,588,Theni,0.5,-9.036666666666669
2024-08-16 19:00:00,588,Theni,3.5,-8.773166666666667
2024-08-16 20:00:00,588,Theni,3.0,-8.773166666666667
2024-08-16 21:00:00,588,Theni,2.5,-8.773166666666667
2024-08-16 22:00:00,588,Theni,2.0,-8.702083333333333
2024-08-16 23:00:00,588,Theni,1.0,-8.702083333333333
2024-08-17 00:00:00,588,Theni,1.5,-8.702083333333333
2024-08-17 01:00:00,588,Theni,0.5,-8.702083333333333
2024-08-17 13:00:00,588,Theni,4.5,-9.861
2024-08-17 14:00:00,588,Theni,2.5,-9.861
2024-08-17 15:00:00,588,Theni,0.5,-9.861
2024-08-18 17:00:00,588,Theni,13.25,-9.431625
2024-08-18 18:00:00,588,Theni,2.0,-9.431625
2024-08-18 19:00:00,588,Theni,0.5,-9.431625
2024-08-19 14:00:00,588,Theni,0.8333333333333334,-9.380833333333332
2024-08-19 15:00:00,588,Theni,3.5,-9.380833333333332
2024-08-19 16:00:00,588,Theni,0.5,-9.616
2024-08-19 17:00:00,588,Theni,0.5,-9.616
2024-08-19 18:00:00,588,Theni,0.5,-9.616
2024-08-19 19:00:00,588,Theni,0.5,-9.616
2024-08-19 20:00:00,588,Theni,0.75,-9.616
2024-08-20 15:00:00,588,Theni,4.0,-9.884333333333334
2024-08-20 16:00:00,588,Theni,3.8333333333333335,-8.766615384615385
2024-08-20 17:00:00,588,Theni,2.0,-8.766615384615385
2024-08-20 18:00:00,588,Theni,1.5,-8.766615384615385
2024-08-20 19:00:00,588,Theni,0.5,-8.766615384615385
2024-08-20 20:00:00,588,Theni,0.5,-8.766615384615385
2024-08-20 21:00:00,588,Theni,0.5,-8.766615384615385
2024-08-21 07:00:00,588,Theni,1.25,-8.696307692307693
2024-08-23 17:00:00,588,Theni,7.0,-8.780076923076923
2024-08-30 07:00:00,588,Theni,1.0,-9.114
2024-08-30 08:00:00,588,Theni,1.25,-9.114
2024-08-30 09:00:00,588,Theni,0.75,-9.114
2024-08-31 16:00:00,588,Theni,10.0,-8.818999999999999
2024-08-31 17:00:00,588,Theni,0.5,-8.818999999999999
2024-09-01 06:00:00,588,Theni,0.5,-8.801
2024-09-01 13:00:00,588,Theni,2.0,-8.916846153846153
2024-09-01 14:00:00,588,Theni,0.5,-8.916846153846153
2024-09-01 15:00:00,588,Theni,0.5,-8.916846153846153
2024-09-03 14:00:00,588,Theni,0.5,-8.888615384615385
2024-09-03 16:00:00,588,Theni,2.5,-8.910692307692308
2024-09-09 17:00:00,588,Theni,0.5,-9.069
2024-09-24 16:00:00,588,Theni,1.0,-9.59023076923077
2024-09-26 18:00:00,588,Theni,0.5,-9.72423076923077
2024-09-27 15:00:00,588,Theni,0.5,-9.73946153846154
2024-09-28 18:00:00,588,Theni,2.0,-9.66723076923077
2024-09-28 19:00:00,588,Theni,0.5,-9.66723076923077
2024-09-28 20:00:00,588,Theni,6.0,-9.66723076923077
2024-09-28 21:00:00,588,Theni,17.75,-9.66723076923077
2024-09-28 22:00:00,588,Theni,16.5,-9.637153846153849
2024-09-28 23:00:00,588,Theni,8.625,-9.637153846153849
2024-09-29 00:00:00,588,Theni,1.8333333333333333,-9.637153846153849
2024-09-29 03:00:00,588,Theni,0.5,-9.637153846153849
2024-09-29 07:00:00,588,Theni,0.5,-9.643923076923077
2024-09-29 18:00:00,588,Theni,12.0,-9.679846153846157
2024-09-29 19:00:00,588,Theni,5.5,-9.679846153846157
2024-09-29 20:00:00,588,Theni,1.5,-9.679846153846157
2024-09-29 21:00:00,588,Theni,10.0,-9.679846153846157
2024-09-30 13:00:00,588,Theni,0.5,-9.687846153846154
2024-10-01 19:00:00,588,Theni,1.0,-9.614076923076924
2024-10-01 20:00:00,588,Theni,1.5,-9.614076923076924
2024-10-03 16:00:00,588,Theni,3.0,-9.592692307692309
2024-10-03 17:00:00,588,Theni,4.5,-9.592692307692309
2024-10-03 18:00:00,588,Theni,3.0,-9.592692307692309
2024-10-03 19:00:00,588,Theni,0.5,-9.592692307692309
2024-10-05 13:00:00,588,Theni,2.5,-9.652846153846154
2024-10-05 13:15:00,588,Theni,0.5,-9.652846153846154
2024-10-05 13:25:00,588,Theni,0.5,-9.652846153846154
2024-10-05 13:30:00,588,Theni,0.5,-9.652846153846154
2024-10-05 13:35:00,588,Theni,0.5,-9.652846153846154
2024-10-05 13:40:00,588,Theni,0.5,-9.652846153846154
2024-10-05 14:00:00,588,Theni,0.75,-9.652846153846154
2024-10-05 15:00:00,588,Theni,3.5,-9.652846153846154
2024-10-05 16:00:00,588,Theni,0.5,-9.606153846153846
2024-10-06 15:00:00,588,Theni,1.0,-9.64323076923077
2024-10-06 16:00:00,588,Theni,3.25,-9.602692307692308
2024-10-07 12:00:00,588,Theni,1.0,-9.628769230769231
2024-10-07 16:00:00,588,Theni,1.5,-9.612
2024-10-08 04:00:00,588,Theni,0.5,-9.560384615384615
2024-10-08 15:00:00,588,Theni,0.75,-9.635153846153846
2024-10-08 16:00:00,588,Theni,3.0,-9.610692307692307
2024-10-08 17:00:00,588,Theni,2.0,-9.610692307692307
2024-10-08 18:00:00,588,Theni,0.5,-9.610692307692307
2024-10-08 19:00:00,588,Theni,0.5,-9.610692307692307
2024-10-08 20:00:00,588,Theni,2.0,-9.610692307692307
2024-10-08 21:00:00,588,Theni,1.1666666666666667,-9.610692307692307
2024-10-08 22:00:00,588,Theni,0.5,-9.591153846153846
2024-10-08 23:00:00,588,Theni,0.5,-9.591153846153846
2024-10-09 06:00:00,588,Theni,0.5,-9.57523076923077
2024-10-09 16:00:00,588,Theni,10.5,-9.648384615384616
2024-10-09 17:00:00,588,Theni,1.25,-9.648384615384616
2024-10-09 18:00:00,588,Theni,0.5,-9.648384615384616
2024-10-09 20:00:00,588,Theni,2.0,-9.648384615384616
2024-10-09 21:00:00,588,Theni,1.0,-9.648384615384616
2024-10-09 22:00:00,588,Theni,1.0,-9.544923076923077
2024-10-10 00:00:00,588,Theni,0.5,-9.544923076923077
2024-10-10 19:00:00,588,Theni,0.5,-9.605230769230769
2024-10-11 14:00:00,588,Theni,1.0,-9.649384615384616
2024-10-11 16:00:00,588,Theni,0.5,-9.610307692307693
2024-10-11 20:00:00,588,Theni,6.5,-9.610307692307693
2024-10-11 21:00:00,588,Theni,6.75,-9.610307692307693
2024-10-11 22:00:00,588,Theni,3.333333333333333,-9.577615384615385
2024-10-11 23:00:00,588,Theni,5.0,-9.577615384615385
2024-10-12 00:00:00,588,Theni,1.1666666666666667,-9.577615384615385
2024-10-12 01:00:00,588,Theni,0.75,-9.577615384615385
2024-10-12 18:00:00,588,Theni,0.5,-9.573692307692308
2024-10-12 19:00:00,588,Theni,1.5,-9.573692307692308
2024-10-12 20:00:00,588,Theni,0.5,-9.573692307692308
2024-10-12 21:00:00,588,Theni,1.0,-9.573692307692308
2024-10-12 22:00:00,588,Theni,1.0,-9.517923076923076
2024-10-12 23:00:00,588,Theni,1.0,-9.517923076923076
2024-10-13 00:00:00,588,Theni,1.0,-9.517923076923076
2024-10-13 01:00:00,588,Theni,1.75,-9.517923076923076
2024-10-13 02:00:00,588,Theni,2.25,-9.517923076923076
2024-10-13 03:00:00,588,Theni,2.25,-9.517923076923076
2024-10-13 04:00:00,588,Theni,0.75,-9.495
2024-10-13 05:00:00,588,Theni,1.0,-9.495
2024-10-13 06:00:00,588,Theni,0.5,-9.495
2024-10-13 17:10:00,588,Theni,0.5,-9.561692307692308
2024-10-13 17:15:00,588,Theni,0.5,-9.561692307692308
2024-10-13 17:20:00,588,Theni,0.5,-9.561692307692308
2024-10-13 17:25:00,588,Theni,0.5,-9.561692307692308
2024-10-13 17:30:00,588,Theni,0.5,-9.561692307692308
2024-10-13 17:35:00,588,Theni,0.5,-9.561692307692308
2024-10-13 17:40:00,588,Theni,0.5,-9.561692307692308
2024-10-13 17:45:00,588,Theni,0.5,-9.561692307692308
2024-10-13 17:50:00,588,Theni,0.5,-9.561692307692308
2024-10-13 18:00:00,588,Theni,0.5,-9.561692307692308
2024-10-13 18:20:00,588,Theni,0.5,-9.561692307692308
2024-10-13 18:25:00,588,Theni,0.5,-9.561692307692308
2024-10-13 18:30:00,588,Theni,0.5,-9.561692307692308
2024-10-13 18:35:00,588,Theni,0.5,-9.561692307692308
2024-10-13 18:40:00,588,Theni,0.5,-9.561692307692308
2024-10-13 18:45:00,588,Theni,0.5,-9.561692307692308
2024-10-13 18:50:00,588,Theni,0.5,-9.561692307692308
2024-10-13 18:55:00,588,Theni,0.5,-9.561692307692308
2024-10-13 19:00:00,588,Theni,0.5,-9.561692307692308
2024-10-13 20:30:00,588,Theni,0.5,-9.561692307692308
2024-10-13 21:00:00,588,Theni,0.5,-9.561692307692308
2024-10-13 22:00:00,588,Theni,0.5,-9.459384615384614
2024-10-13 23:00:00,588,Theni,0.5,-9.459384615384614
2024-10-14 03:00:00,588,Theni,0.5,-9.459384615384614
2024-10-14 05:00:00,588,Theni,0.5,-9.429153846153849
2024-10-14 16:00:00,588,Theni,7.0,-9.474461538461538
2024-10-14 17:00:00,588,Theni,2.5,-9.474461538461538
2024-10-14 17:30:00,588,Theni,0.5,-9.474461538461538
2024-10-14 18:00:00,588,Theni,1.25,-9.474461538461538
2024-10-14 18:30:00,588,Theni,0.5,-9.474461538461538
2024-10-14 19:00:00,588,Theni,0.75,-9.474461538461538
2024-10-14 20:00:00,588,Theni,0.5,-9.474461538461538
2024-10-14 21:00:00,588,Theni,0.5,-9.474461538461538
2024-10-14 22:00:00,588,Theni,2.75,-9.40946153846154
2024-10-14 23:00:00,588,Theni,1.5,-9.40946153846154
2024-10-15 00:00:00,588,Theni,0.5,-9.40946153846154
2024-10-15 02:00:00,588,Theni,0.5,-9.40946153846154
2024-10-19 23:00:00,588,Theni,2.5,-9.282384615384617
2024-10-20 00:00:00,588,Theni,1.5,-9.282384615384617
2024-10-20 01:00:00,588,Theni,16.5,-9.282384615384617
2024-10-20 02:00:00,588,Theni,4.333333333333333,-9.282384615384617
2024-10-20 03:00:00,588,Theni,1.5,-9.282384615384617
2024-10-20 03:30:00,588,Theni,0.5,-9.276923076923076
2024-10-20 04:00:00,588,Theni,0.5,-9.276923076923076
2024-10-20 06:00:00,588,Theni,1.0,-9.276923076923076
2024-10-20 07:00:00,588,Theni,0.5,-9.276923076923076
2024-10-20 08:00:00,588,Theni,1.25,-9.276923076923076
2024-10-20 09:00:00,588,Theni,0.5,-9.276923076923076
2024-10-20 14:00:00,588,Theni,1.0,-9.370615384615384
2024-10-20 18:00:00,588,Theni,3.0,-9.301307692307692
2024-10-20 18:30:00,588,Theni,4.5,-9.301307692307692
2024-10-20 19:00:00,588,Theni,7.5,-9.301307692307692
2024-10-20 20:00:00,588,Theni,2.0,-9.301307692307692
2024-10-20 21:00:00,588,Theni,6.25,-9.301307692307692
2024-10-20 22:00:00,588,Theni,2.25,-9.242153846153846
2024-10-20 23:00:00,588,Theni,4.0,-9.242153846153846
2024-10-20 23:30:00,588,Theni,1.5,-9.242153846153846
2024-10-21 00:00:00,588,Theni,3.25,-9.242153846153846
2024-10-21 00:30:00,588,Theni,19.5,-9.242153846153846
2024-10-21 01:00:00,588,Theni,8.125,-9.242153846153846
2024-10-21 02:00:00,588,Theni,3.5,-9.242153846153846
2024-10-21 03:00:00,588,Theni,3.25,-9.242153846153846
2024-10-21 04:00:00,588,Theni,2.25,-9.157384615384617
2024-10-21 06:00:00,588,Theni,0.5,-9.157384615384617
2024-10-21 07:00:00,588,Theni,2.0,-9.157384615384617
2024-10-21 08:00:00,588,Theni,1.5,-9.157384615384617
2024-10-21 09:00:00,588,Theni,1.5,-9.157384615384617
2024-10-21 10:00:00,588,Theni,1.0,-9.182461538461538
2024-10-21 11:00:00,588,Theni,1.5,-9.182461538461538
2024-10-21 12:00:00,588,Theni,1.0,-9.182461538461538
2024-10-21 13:00:00,588,Theni,1.5,-9.182461538461538
2024-10-21 14:00:00,588,Theni,1.0,-9.182461538461538
2024-10-21 15:00:00,588,Theni,1.0,-9.182461538461538
2024-10-21 16:00:00,588,Theni,1.0,-9.161615384615384
2024-10-21 17:00:00,588,Theni,5.75,-9.161615384615384
2024-10-21 18:00:00,588,Theni,0.75,-9.161615384615384
2024-10-21 19:00:00,588,Theni,0.5,-9.161615384615384
2024-10-21 20:00:00,588,Theni,0.5,-9.161615384615384
2024-10-21 21:00:00,588,Theni,0.5,-9.161615384615384
2024-10-21 22:00:00,588,Theni,0.5,-9.077846153846156
2024-10-21 23:00:00,588,Theni,0.5,-9.077846153846156
2024-10-22 00:00:00,588,Theni,0.5,-9.077846153846156
2024-10-22 01:00:00,588,Theni,0.5,-9.077846153846156
2024-10-22 02:00:00,588,Theni,0.5,-9.077846153846156
2024-10-22 03:00:00,588,Theni,0.5,-9.077846153846156
2024-10-22 04:00:00,588,Theni,3.5,-9.149076923076922
2024-10-22 05:00:00,588,Theni,1.0,-9.149076923076922
2024-10-22 14:00:00,588,Theni,0.5,-9.080692307692308
2024-10-22 21:00:00,588,Theni,0.5,-9.075692307692307
2024-10-22 23:00:00,588,Theni,1.0,-8.994692307692308
2024-10-23 01:00:00,588,Theni,1.0,-8.994692307692308
2024-10-23 02:00:00,588,Theni,2.5,-8.994692307692308
2024-10-23 03:00:00,588,Theni,0.5,-8.994692307692308
2024-10-23 17:00:00,588,Theni,3.0,-8.899923076923077
2024-10-23 18:00:00,588,Theni,2.75,-8.899923076923077
2024-10-23 20:00:00,588,Theni,2.25,-8.899923076923077
2024-10-23 21:00:00,588,Theni,20.0,-8.899923076923077
2024-10-23 22:00:00,588,Theni,2.0,-8.795923076923078
2024-10-23 23:00:00,588,Theni,2.5,-8.795923076923078
2024-10-24 00:00:00,588,Theni,1.25,-8.795923076923078
2024-10-24 01:00:00,588,Theni,1.5,-8.795923076923078
2024-10-24 02:00:00,588,Theni,1.5,-8.795923076923078
2024-10-24 03:00:00,588,Theni,1.5,-8.795923076923078
2024-10-24 04:00:00,588,Theni,1.0,-8.847
2024-10-24 21:00:00,588,Theni,0.5,-8.71
2024-10-25 01:00:00,588,Theni,0.5,-8.653076923076922
2024-10-25 05:00:00,588,Theni,0.5,-8.643923076923077
2024-10-25 13:00:00,588,Theni,28.5,-8.673846153846153
2024-10-25 14:00:00,588,Theni,0.75,-8.673846153846153
2024-10-25 16:00:00,588,Theni,4.25,-8.612076923076923
2024-10-25 17:00:00,588,Theni,1.0,-8.612076923076923
2024-10-25 19:00:00,588,Theni,0.5,-8.612076923076923
2024-10-26 16:00:00,588,Theni,0.5,-8.525076923076924
2024-10-26 18:30:00,588,Theni,0.5,-8.525076923076924
2024-10-26 19:00:00,588,Theni,0.5,-8.525076923076924
2024-10-26 19:30:00,588,Theni,2.5,-8.525076923076924
2024-10-26 20:00:00,588,Theni,14.5,-8.525076923076924
2024-10-26 20:30:00,588,Theni,17.0,-8.525076923076924
2024-10-26 21:00:00,588,Theni,19.0,-8.525076923076924
2024-10-26 21:30:00,588,Theni,0.5,-8.461384615384615
2024-10-26 22:00:00,588,Theni,0.5,-8.461384615384615
2024-10-29 10:05:00,588,Theni,1.5,-8.360384615384616
2024-10-29 10:10:00,588,Theni,1.5,-8.360384615384616
2024-10-29 10:15:00,588,Theni,1.5,-8.360384615384616
2024-10-29 10:20:00,588,Theni,1.5,-8.360384615384616
2024-10-29 10:25:00,588,Theni,1.5,-8.360384615384616
2024-10-29 10:30:00,588,Theni,1.5,-8.360384615384616
2024-10-29 10:35:00,588,Theni,1.5,-8.360384615384616
2024-10-29 10:40:00,588,Theni,1.5,-8.360384615384616
2024-10-29 10:45:00,588,Theni,1.5,-8.360384615384616
2024-10-30 17:00:00,588,Theni,1.5,-8.333846153846155
2024-10-30 18:00:00,588,Theni,8.0,-8.333846153846155
2024-10-31 18:00:00,588,Theni,3.5,-8.132333333333333
2024-10-31 18:30:00,588,Theni,5.0,-8.132333333333333
2024-10-31 19:00:00,588,Theni,5.5,-8.132333333333333
2024-11-01 12:00:00,588,Theni,9.0,-8.236384615384615
2024-11-01 13:00:00,588,Theni,7.0,-8.236384615384615
2024-11-01 14:00:00,588,Theni,13.5,-8.236384615384615
2024-11-01 17:00:00,588,Theni,12.0,-8.403083333333333
2024-11-01 17:30:00,588,Theni,2.0,-8.403083333333333
2024-11-01 18:00:00,588,Theni,4.5,-8.403083333333333
2024-11-01 18:30:00,588,Theni,0.5,-8.403083333333333
2024-11-01 19:00:00,588,Theni,1.1666666666666667,-8.403083333333333
2024-11-01 19:30:00,588,Theni,2.5,-8.403083333333333
2024-11-01 20:00:00,588,Theni,4.25,-8.403083333333333
2024-11-01 20:30:00,588,Theni,0.5,-8.403083333333333
2024-11-01 21:00:00,588,Theni,4.75,-8.403083333333333
2024-11-01 21:30:00,588,Theni,1.0,-8.367333333333333
2024-11-01 22:00:00,588,Theni,1.0,-8.367333333333333
2024-11-01 23:00:00,588,Theni,1.0,-8.367333333333333
2024-11-02 11:00:00,588,Theni,0.5,-8.067692307692308
2024-11-02 12:00:00,588,Theni,2.0,-8.067692307692308
2024-11-02 16:00:00,588,Theni,0.5,-8.049846153846154
2024-11-02 18:00:00,588,Theni,1.1666666666666667,-8.049846153846154
2024-11-02 19:00:00,588,Theni,1.5,-8.049846153846154
2024-11-02 20:00:00,588,Theni,1.0,-8.049846153846154
2024-11-02 20:30:00,588,Theni,2.0,-8.049846153846154
2024-11-02 21:00:00,588,Theni,2.5,-8.049846153846154
2024-11-02 21:30:00,588,Theni,0.5,-8.000538461538461
2024-11-02 22:00:00,588,Theni,0.75,-8.000538461538461
2024-11-02 23:00:00,588,Theni,0.5,-8.000538461538461
2024-11-03 00:00:00,588,Theni,1.5,-8.000538461538461
2024-11-03 01:00:00,588,Theni,0.5,-8.000538461538461
2024-11-03 02:00:00,588,Theni,1.5,-8.000538461538461
2024-11-03 03:00:00,588,Theni,7.0,-8.000538461538461
2024-11-03 05:00:00,588,Theni,0.5,-7.969307692307693
2024-11-03 14:00:00,588,Theni,1.0,-8.068692307692308
2024-11-03 15:00:00,588,Theni,0.5,-8.068692307692308
2024-11-03 17:00:00,588,Theni,1.25,-7.973846153846154
2024-11-03 18:00:00,588,Theni,3.0,-7.973846153846154
2024-11-03 19:00:00,588,Theni,2.0,-7.973846153846154
2024-11-03 20:00:00,588,Theni,2.0,-7.973846153846154
2024-11-03 21:00:00,588,Theni,2.0,-7.973846153846154
2024-11-03 22:00:00,588,Theni,1.5,-7.943538461538462
2024-11-03 23:00:00,588,Theni,1.5,-7.943538461538462
2024-11-03 23:30:00,588,Theni,0.5,-7.943538461538462
2024-11-04 00:00:00,588,Theni,0.75,-7.943538461538462
2024-11-04 00:30:00,588,Theni,2.5,-7.943538461538462
2024-11-04 01:00:00,588,Theni,1.5,-7.943538461538462
2024-11-04 02:00:00,588,Theni,0.5,-7.943538461538462
2024-11-04 03:00:00,588,Theni,1.0,-7.943538461538462
2024-11-04 04:00:00,588,Theni,0.5,-7.938153846153846
2024-11-04 05:00:00,588,Theni,1.0,-7.938153846153846
2024-11-04 11:00:00,588,Theni,0.5,-7.981461538461539
2024-11-04 16:00:00,588,Theni,1.5,-7.944538461538461
2024-11-04 17:00:00,588,Theni,0.5,-7.944538461538461
2024-11-04 19:00:00,588,Theni,9.5,-7.944538461538461
2024-11-04 20:00:00,588,Theni,2.5,-7.944538461538461
2024-11-06 17:00:00,588,Theni,1.5,-7.851923076923077
2024-11-06 18:00:00,588,Theni,2.0,-7.851923076923077
2024-11-07 22:00:00,588,Theni,1.0,-7.792076923076923
2024-11-07 23:00:00,588,Theni,1.0,-7.792076923076923
2024-11-08 00:00:00,588,Theni,0.5,-7.792076923076923
2024-11-08 02:00:00,588,Theni,1.0,-7.792076923076923
2024-11-08 03:00:00,588,Theni,3.5,-7.792076923076923
2024-11-08 17:00:00,588,Theni,1.0,-8.12475
2024-11-14 17:00:00,588,Theni,1.5,-8.022545454545455
2024-11-14 18:00:00,588,Theni,1.0,-8.022545454545455
2024-11-14 18:30:00,588,Theni,0.5,-8.022545454545455
2024-11-14 19:00:00,588,Theni,0.5,-8.022545454545455
2024-11-14 20:00:00,588,Theni,3.0,-8.022545454545455
2024-11-14 21:00:00,588,Theni,3.0,-8.022545454545455
2024-11-14 21:30:00,588,Theni,3.5,-7.843363636363635
2024-11-14 22:00:00,588,Theni,4.5,-7.843363636363635
2024-11-15 18:00:00,588,Theni,2.0,-7.862416666666667
2024-11-15 19:00:00,588,Theni,0.5,-7.862416666666667
2024-11-15 21:00:00,588,Theni,0.5,-7.862416666666667
2024-11-15 21:30:00,588,Theni,0.5,-7.8435
2024-11-15 22:00:00,588,Theni,0.5,-7.8435
2024-11-16 03:00:00,588,Theni,1.0,-7.8435
2024-11-16 05:00:00,588,Theni,0.5,-7.899249999999999
2024-11-16 08:00:00,588,Theni,0.5,-7.899249999999999
2024-11-16 08:30:00,588,Theni,0.5,-7.899249999999999
2024-11-16 09:00:00,588,Theni,0.5,-7.899249999999999
2024-11-16 13:30:00,588,Theni,3.5,-7.863333333333333
2024-11-16 14:00:00,588,Theni,5.5,-7.863333333333333
2024-11-16 15:00:00,588,Theni,1.6666666666666667,-7.863333333333333
2024-11-16 15:30:00,588,Theni,0.75,-8.088090909090909
2024-11-16 16:00:00,588,Theni,1.0,-8.088090909090909
2024-11-16 16:30:00,588,Theni,4.5,-8.088090909090909
2024-11-16 17:00:00,588,Theni,8.75,-8.088090909090909
2024-11-17 03:00:00,588,Theni,0.5,-8.064545454545454
2024-11-17 17:00:00,588,Theni,1.0,-7.850583333333333
2024-11-17 17:30:00,588,Theni,1.5,-7.850583333333333
2024-11-17 18:00:00,588,Theni,2.5,-7.850583333333333
2024-11-17 19:00:00,588,Theni,1.3333333333333333,-7.850583333333333
2024-11-17 19:30:00,588,Theni,0.5,-7.850583333333333
2024-11-17 20:00:00,588,Theni,0.75,-7.850583333333333
2024-11-17 21:00:00,588,Theni,1.25,-7.850583333333333
2024-11-17 22:00:00,588,Theni,0.6666666666666666,-7.790916666666667
2024-11-17 23:00:00,588,Theni,0.5,-7.790916666666667
2024-11-18 00:00:00,588,Theni,0.5,-7.790916666666667
2024-11-18 01:00:00,588,Theni,0.5,-7.790916666666667
2024-11-18 02:00:00,588,Theni,1.0,-7.790916666666667
2024-11-18 03:00:00,588,Theni,0.5,-7.790916666666667
2024-11-18 04:00:00,588,Theni,0.5,-7.821750000000001
2024-11-18 05:00:00,588,Theni,0.5,-7.821750000000001
2024-11-18 06:00:00,588,Theni,0.5,-7.821750000000001
2024-11-18 07:00:00,588,Theni,0.5,-7.821750000000001
2024-11-18 09:00:00,588,Theni,0.5,-7.821750000000001
2024-11-18 11:00:00,588,Theni,0.5,-7.881166666666666
2024-11-18 13:00:00,588,Theni,0.5,-7.881166666666666
2024-11-18 14:00:00,588,Theni,0.5,-7.881166666666666
2024-11-18 16:00:00,588,Theni,0.5,-8.073454545454545
2024-11-18 19:00:00,588,Theni,0.5,-8.073454545454545
2024-11-18 20:00:00,588,Theni,0.5,-8.073454545454545
2024-11-18 22:00:00,588,Theni,0.5,-8.051818181818183
2024-11-20 05:00:00,588,Theni,0.5,-8.087909090909092
2024-11-20 12:30:00,588,Theni,0.5,-8.05609090909091
2024-11-20 13:00:00,588,Theni,0.5,-8.05609090909091
2024-11-20 14:00:00,588,Theni,0.5,-8.05609090909091
2024-11-21 03:00:00,588,Theni,0.5,-8.2652
2024-11-21 03:30:00,588,Theni,0.5,-7.218444444444444
2024-11-21 04:00:00,588,Theni,0.5,-7.218444444444444
2024-11-21 05:00:00,588,Theni,1.0,-7.218444444444444
2024-11-21 05:30:00,588,Theni,1.0,-7.218444444444444
2024-11-21 06:00:00,588,Theni,1.0,-7.218444444444444
2024-11-21 12:00:00,588,Theni,0.5,-7.262333333333334
2024-11-26 13:00:00,588,Theni,0.5,-7.89509090909091
2024-11-26 16:00:00,588,Theni,1.0,-7.730833333333333
2024-11-26 16:30:00,588,Theni,1.0,-7.730833333333333
2024-11-26 17:00:00,588,Theni,6.5,-7.730833333333333
2024-11-26 18:00:00,588,Theni,0.5,-7.730833333333333
2024-11-26 19:00:00,588,Theni,0.5,-7.730833333333333
2024-11-26 20:00:00,588,Theni,0.5,-7.730833333333333
2024-11-26 21:00:00,588,Theni,0.5,-7.730833333333333
2024-11-26 22:00:00,588,Theni,0.5,-7.694500000000001
2024-11-26 22:30:00,588,Theni,0.5,-7.694500000000001
2024-11-26 23:00:00,588,Theni,0.5,-7.694500000000001
2024-11-27 00:00:00,588,Theni,0.5,-7.694500000000001
2024-11-27 01:00:00,588,Theni,0.5,-7.694500000000001
2024-11-27 02:00:00,588,Theni,0.5,-7.694500000000001
2024-11-27 02:30:00,588,Theni,0.5,-7.694500000000001
2024-11-27 03:00:00,588,Theni,0.5,-7.694500000000001
2024-11-27 04:00:00,588,Theni,0.5,-7.772833333333334
2024-11-27 05:00:00,588,Theni,0.5,-7.772833333333334
2024-11-27 05:30:00,588,Theni,0.5,-7.772833333333334
2024-11-27 06:00:00,588,Theni,0.5,-7.772833333333334
2024-11-27 08:00:00,588,Theni,0.5,-7.772833333333334
2024-11-27 08:30:00,588,Theni,0.5,-7.772833333333334
2024-11-27 09:00:00,588,Theni,0.5,-7.772833333333334
2024-11-27 12:00:00,588,Theni,0.5,-7.771583333333333
2024-11-27 15:00:00,588,Theni,0.5,-7.771583333333333
2024-11-28 10:00:00,588,Theni,0.5,-7.763583333333333
2024-11-29 22:00:00,588,Theni,0.5,-8.3888
2024-12-01 08:00:00,588,Theni,1.0,-6.606
2024-12-01 17:00:00,588,Theni,1.0,-6.631909090909091
2024-12-01 17:30:00,588,Theni,0.5,-6.631909090909091
2024-12-01 18:00:00,588,Theni,0.5,-6.631909090909091
2024-12-01 21:00:00,588,Theni,0.5,-6.631909090909091
2024-12-01 22:00:00,588,Theni,0.5,-6.612818181818182
2024-12-01 22:30:00,588,Theni,0.5,-6.612818181818182
2024-12-01 23:00:00,588,Theni,1.5,-6.612818181818182
2024-12-01 23:30:00,588,Theni,0.5,-6.612818181818182
2024-12-02 00:00:00,588,Theni,0.5,-6.612818181818182
2024-12-04 08:00:00,588,Theni,1.5,-7.8355
2024-12-04 09:00:00,588,Theni,1.0,-7.8355
2024-12-04 10:00:00,588,Theni,0.5,-7.774333333333334
2024-12-04 13:00:00,588,Theni,0.5,-7.774333333333334
2024-12-04 19:00:00,588,Theni,3.0,-7.780416666666666
2024-12-04 20:00:00,588,Theni,0.5,-7.780416666666666
2024-12-05 00:00:00,588,Theni,1.5,-7.71525
2024-12-05 01:00:00,588,Theni,3.333333333333333,-7.71525
2024-12-05 02:00:00,588,Theni,2.0,-7.71525
2024-12-05 03:00:00,588,Theni,4.25,-7.71525
2024-12-05 03:30:00,588,Theni,1.0,-7.711166666666667
2024-12-05 04:00:00,588,Theni,1.75,-7.711166666666667
2024-12-05 04:30:00,588,Theni,0.5,-7.711166666666667
2024-12-05 10:30:00,588,Theni,0.5,-7.751
2024-12-05 11:00:00,588,Theni,0.5,-7.751
2024-12-12 04:00:00,588,Theni,0.5,-7.7865
2024-12-12 05:30:00,588,Theni,0.5,-7.7865
2024-12-12 06:00:00,588,Theni,1.0,-7.7865
2024-12-12 06:30:00,588,Theni,2.0,-7.7865
2024-12-12 07:00:00,588,Theni,2.5,-7.7865
2024-12-12 07:30:00,588,Theni,1.5,-7.7865
2024-12-12 08:00:00,588,Theni,1.0,-7.7865
2024-12-12 09:00:00,588,Theni,1.0,-7.7865
2024-12-12 10:00:00,588,Theni,1.0,-7.824333333333333
2024-12-12 10:30:00,588,Theni,0.5,-7.824333333333333
2024-12-12 11:00:00,588,Theni,0.75,-7.824333333333333
2024-12-12 12:00:00,588,Theni,1.0,-7.824333333333333
2024-12-12 14:30:00,588,Theni,1.0,-7.824333333333333
2024-12-12 15:00:00,588,Theni,0.75,-7.824333333333333
2024-12-12 16:00:00,588,Theni,1.25,-7.842083333333334
2024-12-12 16:30:00,588,Theni,0.5,-7.842083333333334
2024-12-12 17:00:00,588,Theni,0.5,-7.842083333333334
2024-12-12 18:00:00,588,Theni,0.75,-7.842083333333334
2024-12-12 18:30:00,588,Theni,0.5,-7.842083333333334
2024-12-12 19:00:00,588,Theni,1.0,-7.842083333333334
2024-12-12 20:00:00,588,Theni,2.0,-7.842083333333334
2024-12-12 21:00:00,588,Theni,0.5,-7.842083333333334
2024-12-12 22:00:00,588,Theni,1.0,-7.774166666666666
2024-12-13 00:00:00,588,Theni,1.0,-7.774166666666666
2024-12-13 01:00:00,588,Theni,1.5,-7.774166666666666
2024-12-13 02:00:00,588,Theni,4.0,-7.774166666666666
2024-12-13 03:00:00,588,Theni,2.0,-7.774166666666666
2024-12-13 04:00:00,588,Theni,0.75,-7.73
2024-12-13 05:00:00,588,Theni,3.25,-7.73
2024-12-13 06:00:00,588,Theni,3.75,-7.73
2024-12-13 07:00:00,588,Theni,2.6666666666666665,-7.73
2024-12-13 08:00:00,588,Theni,2.25,-7.73
2024-12-13 09:00:00,588,Theni,0.75,-7.73
2024-12-13 09:30:00,588,Theni,1.0,-7.752083333333334
2024-12-13 10:00:00,588,Theni,1.1666666666666667,-7.752083333333334
2024-12-13 11:00:00,588,Theni,4.5,-7.752083333333334
2024-12-13 12:00:00,588,Theni,1.6666666666666667,-7.752083333333334
2024-12-13 13:00:00,588,Theni,4.0,-7.752083333333334
2024-12-13 13:30:00,588,Theni,2.0,-7.752083333333334
2024-12-13 14:00:00,588,Theni,4.0,-7.752083333333334
2024-12-13 14:30:00,588,Theni,1.5,-7.752083333333334
2024-12-13 15:00:00,588,Theni,1.25,-7.752083333333334
2024-12-13 15:30:00,588,Theni,3.0,-7.631333333333333
2024-12-13 16:00:00,588,Theni,1.0,-7.631333333333333
2024-12-13 16:30:00,588,Theni,1.0,-7.631333333333333
2024-12-13 17:00:00,588,Theni,1.5,-7.631333333333333
2024-12-13 20:00:00,588,Theni,0.5,-7.631333333333333
2024-12-13 21:00:00,588,Theni,0.5,-7.631333333333333
2024-12-13 22:00:00,588,Theni,0.5,-7.557333333333333
2024-12-14 01:00:00,588,Theni,0.5,-7.557333333333333
2024-12-14 02:00:00,588,Theni,3.0,-7.557333333333333
2024-12-14 03:00:00,588,Theni,10.0,-7.557333333333333
2024-12-14 04:00:00,588,Theni,5.5,-7.504
2024-12-14 05:00:00,588,Theni,5.0,-7.504
2024-12-14 08:00:00,588,Theni,0.5,-7.504
2024-12-14 09:00:00,588,Theni,0.5,-7.504
2024-12-14 10:00:00,588,Theni,0.5,-7.545166666666667
2024-12-14 11:00:00,588,Theni,1.0,-7.545166666666667
2024-12-14 11:30:00,588,Theni,1.0,-7.545166666666667
2024-12-14 12:00:00,588,Theni,2.0,-7.545166666666667
2024-12-14 12:30:00,588,Theni,0.5,-7.545166666666667
2024-12-14 13:00:00,588,Theni,1.0,-7.545166666666667
2024-12-14 13:30:00,588,Theni,3.0,-7.545166666666667
2024-12-14 14:00:00,588,Theni,3.0,-7.545166666666667
2024-12-14 15:00:00,588,Theni,1.5,-7.545166666666667
2024-12-14 23:00:00,588,Theni,0.5,-7.445083333333333
2024-12-15 12:00:00,588,Theni,0.5,-7.548999999999999
2024-12-15 13:00:00,588,Theni,0.5,-7.548999999999999
2024-12-15 22:00:00,588,Theni,0.5,-7.396333333333334
2024-12-16 14:00:00,588,Theni,0.5,-7.453083333333333
2024-12-17 11:00:00,588,Theni,0.5,-7.451833333333333
2024-12-17 18:00:00,588,Theni,0.5,-7.387249999999999
2024-12-17 19:00:00,588,Theni,4.0,-7.387249999999999
2024-12-17 20:00:00,588,Theni,14.0,-7.387249999999999
2024-12-17 21:00:00,588,Theni,14.25,-7.387249999999999
2024-12-17 22:00:00,588,Theni,7.5,-7.359416666666667
2024-12-17 23:00:00,588,Theni,1.0,-7.359416666666667
2024-12-18 04:00:00,588,Theni,0.5,-7.597555555555555
2024-12-18 18:00:00,588,Theni,0.5,-7.37125
2024-12-19 20:00:00,588,Theni,1.5,-7.373166666666667
2024-12-19 21:00:00,588,Theni,0.5,-7.373166666666667
2024-12-21 18:00:00,588,Theni,3.0,-7.473272727272728
2024-12-22 18:00:00,588,Theni,2.0,-7.561090909090908
2024-12-23 05:00:00,588,Theni,0.5,-7.459272727272727
2024-12-27 19:00:00,588,Theni,3.0,-7.5885454545454545
2024-12-27 19:30:00,588,Theni,0.5,-7.5885454545454545
2024-12-27 19:50:00,588,Theni,0.5,-7.5885454545454545
2024-12-27 19:55:00,588,Theni,1.0,-7.5885454545454545
2024-12-27 20:00:00,588,Theni,2.333333333333333,-7.5885454545454545
2024-12-27 20:05:00,588,Theni,0.5,-7.5885454545454545
2024-12-27 20:10:00,588,Theni,1.0,-7.5885454545454545
2024-12-27 20:15:00,588,Theni,1.0,-7.5885454545454545
2024-12-27 20:20:00,588,Theni,1.5,-7.5885454545454545
2024-12-27 20:25:00,588,Theni,2.0,-7.5885454545454545
2024-12-27 20:30:00,588,Theni,2.0,-7.5885454545454545
2024-12-27 20:35:00,588,Theni,2.5,-7.5885454545454545
2024-12-27 20:40:00,588,Theni,2.5,-7.5885454545454545
2024-12-27 20:45:00,588,Theni,3.0,-7.5885454545454545
2024-12-27 20:50:00,588,Theni,3.0,-7.5885454545454545
2024-12-27 20:55:00,588,Theni,3.0,-7.5885454545454545
2024-12-27 21:00:00,588,Theni,1.75,-7.5885454545454545
2024-12-27 22:00:00,588,Theni,1.25,-7.516090909090909
2024-12-27 23:00:00,588,Theni,1.0,-7.516090909090909
2024-12-28 09:30:00,588,Theni,0.5,-7.5769090909090915
2024-12-28 10:00:00,588,Theni,0.5,-7.5769090909090915
2024-12-29 02:00:00,588,Theni,1.0,-7.512727272727273
2024-12-30 10:30:00,588,Theni,0.5,-7.604090909090909
2024-12-30 11:00:00,588,Theni,0.5,-7.604090909090909
2024-12-30 18:00:00,588,Theni,0.5,-7.558818181818181
2025-01-10 22:00:00,588,Theni,1.5,-7.537090909090909
2025-01-10 23:00:00,588,Theni,0.5,-7.537090909090909
2025-01-13 00:30:00,588,Theni,0.5,-7.537909090909091
2025-01-13 01:00:00,588,Theni,0.5,-7.537909090909091
2025-01-13 23:00:00,588,Theni,0.75,-7.529363636363636
2025-01-14 21:00:00,588,Theni,0.5,-7.564636363636364
2025-01-14 21:30:00,588,Theni,5.5,-7.51290909090909
2025-01-14 22:00:00,588,Theni,3.5,-7.51290909090909
2025-01-15 00:00:00,588,Theni,1.0,-7.51290909090909
2025-01-15 01:30:00,588,Theni,0.5,-7.51290909090909
2025-01-15 02:00:00,588,Theni,0.5,-7.51290909090909
2025-01-15 19:30:00,588,Theni,0.5,-7.615636363636364
2025-01-15 20:00:00,588,Theni,0.5,-7.615636363636364
2025-01-15 21:00:00,588,Theni,0.5,-7.615636363636364
2025-01-18 19:00:00,588,Theni,0.5,-7.550181818181818
2025-01-18 21:30:00,588,Theni,0.5,-7.52609090909091
2025-01-18 22:00:00,588,Theni,0.5,-7.52609090909091
2025-01-19 03:00:00,588,Theni,0.5,-7.52609090909091
2025-01-19 07:00:00,588,Theni,0.5,-7.524090909090909
2025-01-19 07:30:00,588,Theni,2.5,-7.524090909090909
2025-01-19 08:00:00,588,Theni,3.5,-7.524090909090909
2025-01-19 08:30:00,588,Theni,0.5,-7.524090909090909
2025-01-19 09:00:00,588,Theni,2.0,-7.524090909090909
2025-01-19 09:30:00,588,Theni,3.0,-7.583818181818182
2025-01-19 10:00:00,588,Theni,3.5,-7.583818181818182
2025-01-19 10:30:00,588,Theni,0.5,-7.583818181818182
2025-01-19 11:00:00,588,Theni,0.5,-7.583818181818182
2025-01-19 12:00:00,588,Theni,0.5,-7.583818181818182
2025-01-19 14:00:00,588,Theni,0.5,-7.583818181818182
2025-01-19 15:00:00,588,Theni,0.5,-7.583818181818182
2025-01-19 16:30:00,588,Theni,0.5,-7.512
2025-01-19 19:40:00,588,Theni,0.5,-7.512
2025-01-19 19:45:00,588,Theni,0.5,-7.512
2025-01-19 19:50:00,588,Theni,0.5,-7.512
2025-01-19 19:55:00,588,Theni,0.5,-7.512
2025-01-19 20:00:00,588,Theni,0.5,-7.512
2025-01-23 00:30:00,588,Theni,0.5,-7.463181818181818
2025-01-23 01:00:00,588,Theni,0.5,-7.463181818181818
2025-01-23 03:00:00,588,Theni,0.5,-7.463181818181818
2025-01-31 08:25:00,588,Theni,0.5,-8.324222222222222
2025-01-31 08:30:00,588,Theni,0.5,-8.324222222222222
2025-01-31 08:35:00,588,Theni,0.5,-8.324222222222222
2025-01-31 08:40:00,588,Theni,0.5,-8.324222222222222
2025-01-31 08:45:00,588,Theni,0.5,-8.324222222222222
2025-01-31 08:50:00,588,Theni,0.5,-8.324222222222222
2025-01-31 09:30:00,588,Theni,0.5,-8.356777777777777
2025-01-31 10:00:00,588,Theni,0.5,-8.356777777777777
2025-02-01 08:50:00,588,Theni,0.5,-8.342888888888888
2025-02-01 08:55:00,588,Theni,0.5,-8.342888888888888
2025-02-01 09:00:00,588,Theni,0.5,-8.342888888888888
2025-02-24 15:00:00,588,Theni,2.5,-9.314125
2025-02-24 18:00:00,588,Theni,3.0,-9.368
2025-03-01 03:00:00,588,Theni,0.5,-9.139555555555557
2025-03-01 06:00:00,588,Theni,1.0,-9.13511111111111
2025-03-01 07:00:00,588,Theni,1.5,-9.13511111111111
2025-03-01 08:00:00,588,Theni,5.0,-9.13511111111111
2025-03-01 09:00:00,588,Theni,0.5,-9.13511111111111
2025-03-01 10:00:00,588,Theni,0.5,-9.17988888888889
2025-03-01 13:00:00,588,Theni,0.5,-9.17988888888889
2025-03-01 17:00:00,588,Theni,2.5,-9.165555555555557
2025-03-01 23:00:00,588,Theni,0.5,-9.156
2025-03-02 09:00:00,588,Theni,0.5,-9.124111111111112
2025-03-02 11:00:00,588,Theni,1.0,-9.161666666666669
2025-03-02 14:00:00,588,Theni,0.5,-9.161666666666669
2025-03-02 22:00:00,588,Theni,0.5,-9.153777777777778
2025-03-02 23:00:00,588,Theni,1.5,-9.153777777777778
2025-03-03 01:00:00,588,Theni,0.5,-9.153777777777778
2025-03-03 04:00:00,588,Theni,0.5,-9.139
2025-03-03 08:00:00,588,Theni,0.5,-9.139
2025-03-03 11:00:00,588,Theni,0.5,-9.174111111111111
2025-03-03 19:00:00,588,Theni,0.5,-9.181555555555557
2025-03-04 03:00:00,588,Theni,0.5,-9.164333333333332
2025-03-11 11:00:00,588,Theni,0.5,-10.14125
2025-03-11 12:00:00,588,Theni,0.75,-10.14125
2025-03-11 13:00:00,588,Theni,0.75,-10.14125
2025-03-11 15:00:00,588,Theni,0.5,-10.14125
2025-03-11 18:00:00,588,Theni,0.5,-9.049714285714286
2025-03-11 20:00:00,588,Theni,5.0,-9.049714285714286
2025-03-11 21:00:00,588,Theni,2.25,-9.049714285714286
2025-03-11 22:00:00,588,Theni,0.5,-9.041142857142855
2025-03-11 23:00:00,588,Theni,0.5,-9.041142857142855
2025-03-12 00:00:00,588,Theni,0.5,-9.041142857142855
2025-03-12 03:00:00,588,Theni,0.5,-9.041142857142855
2025-03-12 12:00:00,588,Theni,2.0,-9.863166666666666
2025-03-12 13:00:00,588,Theni,1.0,-9.863166666666666
2025-03-12 15:00:00,588,Theni,4.333333333333333,-9.863166666666666
2025-03-12 16:00:00,588,Theni,1.1666666666666667,-9.922
2025-03-12 17:00:00,588,Theni,1.75,-9.922
2025-03-12 18:00:00,588,Theni,0.5,-9.922
2025-03-12 19:00:00,588,Theni,0.5,-9.922
2025-03-12 21:00:00,588,Theni,0.5,-9.922
2025-03-13 05:00:00,588,Theni,0.5,-9.42711111111111
2025-03-13 12:00:00,588,Theni,0.5,-8.872800000000002
2025-03-14 07:00:00,588,Theni,0.5,-7.794555555555555
2025-03-14 19:00:00,588,Theni,0.5,-7.864777777777778
2025-03-15 05:00:00,588,Theni,0.5,-7.817444444444444
2025-03-16 04:00:00,588,Theni,0.5,-7.861
2025-03-17 16:00:00,588,Theni,0.5,-7.907333333333333
2025-03-19 19:00:00,588,Theni,0.5,-8.022555555555556
2025-03-19 20:00:00,588,Theni,0.5,-8.022555555555556
2025-03-22 17:00:00,588,Theni,0.5,-8.091222222222221
2025-03-22 18:00:00,588,Theni,1.5,-8.091222222222221
2025-03-26 20:00:00,588,Theni,1.0,-8.211777777777778
2025-04-02 02:00:00,588,Theni,0.5,-8.348
2025-04-02 16:00:00,588,Theni,2.0,-8.387999999999998
2025-04-02 19:00:00,588,Theni,14.0,-8.387999999999998
2025-04-02 20:00:00,588,Theni,3.5,-8.387999999999998
2025-04-02 21:00:00,588,Theni,0.5,-8.387999999999998
2025-04-02 22:00:00,588,Theni,0.5,-8.383444444444445
2025-04-02 23:00:00,588,Theni,2.0,-8.383444444444445
2025-04-03 00:00:00,588,Theni,16.0,-8.383444444444445
2025-04-03 01:00:00,588,Theni,4.75,-8.383444444444445
2025-04-03 02:00:00,588,Theni,0.5,-8.383444444444445
2025-04-03 20:00:00,588,Theni,19.0,-8.410222222222224
2025-04-03 21:00:00,588,Theni,0.75,-8.410222222222224
2025-04-03 22:00:00,588,Theni,6.25,-8.363
2025-04-03 23:00:00,588,Theni,2.0,-8.363
2025-04-04 00:00:00,588,Theni,0.5,-8.363
2025-04-04 01:00:00,588,Theni,0.5,-8.363
2025-04-04 12:00:00,588,Theni,0.5,-8.388
2025-04-04 13:00:00,588,Theni,0.75,-8.388
2025-04-04 14:00:00,588,Theni,0.5,-8.388
2025-04-04 16:00:00,588,Theni,0.5,-8.413777777777778
2025-04-04 17:00:00,588,Theni,2.75,-8.413777777777778
2025-04-04 18:00:00,588,Theni,5.75,-8.413777777777778
2025-04-04 19:00:00,588,Theni,9.666666666666666,-8.413777777777778
2025-04-04 20:00:00,588,Theni,0.75,-8.413777777777778
2025-04-04 21:00:00,588,Theni,1.0,-8.413777777777778
2025-04-04 22:00:00,588,Theni,1.0,-8.388222222222222
2025-04-04 23:00:00,588,Theni,2.0,-8.388222222222222
2025-04-05 00:00:00,588,Theni,2.5,-8.388222222222222
2025-04-05 01:00:00,588,Theni,0.5,-8.388222222222222
2025-04-05 02:00:00,588,Theni,5.0,-8.388222222222222
2025-04-05 03:00:00,588,Theni,0.5,-8.388222222222222
2025-04-05 06:00:00,588,Theni,0.5,-8.358777777777778
2025-04-05 13:00:00,588,Theni,1.0,-8.407111111111112
2025-04-05 14:00:00,588,Theni,1.5,-8.407111111111112
2025-04-05 18:00:00,588,Theni,0.5,-8.353666666666665
2025-04-05 22:00:00,588,Theni,0.5,-8.337333333333333
2025-04-06 03:00:00,588,Theni,0.5,-8.337333333333333
2025-04-06 06:00:00,588,Theni,0.5,-8.331111111111111
2025-04-06 14:00:00,588,Theni,1.0,-8.330111111111112
2025-04-06 16:00:00,588,Theni,1.0,-7.901
2025-04-06 17:00:00,588,Theni,2.0,-7.901
2025-04-06 20:00:00,588,Theni,2.5,-7.901
2025-04-06 21:00:00,588,Theni,10.5,-7.901
2025-04-06 22:00:00,588,Theni,0.5,-7.852625
2025-04-06 23:00:00,588,Theni,1.5,-7.852625
2025-04-07 00:00:00,588,Theni,4.875,-7.852625
2025-04-07 01:00:00,588,Theni,6.166666666666667,-7.852625
2025-04-07 02:00:00,588,Theni,0.75,-7.852625
2025-04-07 03:00:00,588,Theni,0.5,-7.852625
2025-04-07 09:00:00,588,Theni,0.5,-8.23388888888889
2025-04-07 18:00:00,588,Theni,0.5,-8.233444444444444
2025-04-12 06:00:00,588,Theni,0.5,-8.033
2025-04-12 16:00:00,588,Theni,11.5,-8.036333333333333
2025-04-12 17:00:00,588,Theni,2.5,-8.036333333333333
2025-04-14 23:00:00,588,Theni,10.5,-7.61125
2025-04-15 00:00:00,588,Theni,28.0,-7.61125
2025-04-16 19:00:00,588,Theni,0.5,-7.638
2025-04-16 20:00:00,588,Theni,0.5,-7.638
2025-04-18 18:00:00,588,Theni,5.0,-8.48
2025-04-19 15:00:00,588,Theni,2.0,-8.47175
2025-04-19 18:00:00,588,Theni,0.5,-8.438625
2025-04-19 19:00:00,588,Theni,11.0,-8.438625
2025-04-20 00:00:00,588,Theni,7.0,-8.431625
2025-04-23 17:00:00,588,Theni,11.5,-8.588625
2025-04-23 18:00:00,588,Theni,4.0,-8.588625
2025-04-23 19:00:00,588,Theni,1.0,-8.588625
2025-04-24 19:00:00,588,Theni,27.5,-8.567124999999999
2025-04-27 20:00:00,588,Theni,2.0,-8.654375
2025-04-27 21:00:00,588,Theni,1.0,-8.654375
2025-04-27 22:00:00,588,Theni,1.0,-8.616375
2025-04-27 23:00:00,588,Theni,1.0,-8.616375
2025-04-28 00:00:00,588,Theni,1.0,-8.616375
2025-04-28 01:00:00,588,Theni,0.5,-8.616375
2025-04-28 02:00:00,588,Theni,0.5,-8.616375
2025-04-28 03:00:00,588,Theni,0.5,-8.616375
2025-04-28 04:00:00,588,Theni,1.0,-8.565
2025-04-28 05:00:00,588,Theni,0.5,-8.565
2025-04-28 06:00:00,588,Theni,0.5,-8.565
2025-04-28 07:00:00,588,Theni,0.5,-8.565
2025-04-28 08:00:00,588,Theni,0.5,-8.565
2025-04-28 09:00:00,588,Theni,0.5,-8.565
2025-04-28 10:00:00,588,Theni,0.5,-8.57175
2025-04-28 11:00:00,588,Theni,1.0,-8.57175
2025-04-28 13:00:00,588,Theni,0.5,-8.57175
2025-04-28 14:00:00,588,Theni,0.5,-8.57175
2025-04-28 16:00:00,588,Theni,0.5,-8.5965
2025-04-28 18:00:00,588,Theni,0.5,-8.5965
2025-04-28 20:00:00,588,Theni,0.5,-8.5965
2025-04-28 21:00:00,588,Theni,0.5,-8.5965
2025-04-28 22:00:00,588,Theni,0.5,-8.561625
2025-04-28 23:00:00,588,Theni,0.5,-8.561625
2025-04-29 01:00:00,588,Theni,0.5,-8.561625
2025-04-29 02:00:00,588,Theni,0.5,-8.561625
2025-04-29 04:00:00,588,Theni,0.5,-7.628
2025-04-29 05:00:00,588,Theni,1.0,-7.628
2025-04-29 06:00:00,588,Theni,1.5,-7.628
2025-04-29 07:00:00,588,Theni,1.5,-7.628
2025-04-29 08:00:00,588,Theni,1.0,-7.628
2025-04-29 09:00:00,588,Theni,1.0,-7.628
2025-04-29 10:00:00,588,Theni,1.5,-7.635800000000001
2025-04-29 11:00:00,588,Theni,1.5,-7.635800000000001
2025-04-29 12:00:00,588,Theni,1.5,-7.635800000000001
2025-04-29 13:00:00,588,Theni,2.0,-7.635800000000001
2025-04-29 14:00:00,588,Theni,2.0,-7.635800000000001
2025-04-29 15:00:00,588,Theni,1.5,-7.635800000000001
2025-04-29 16:00:00,588,Theni,2.0,-7.929599999999999
2025-04-29 17:00:00,588,Theni,2.0,-7.929599999999999
2025-04-29 18:00:00,588,Theni,1.5,-7.929599999999999
2025-04-29 19:00:00,588,Theni,1.5,-7.929599999999999
2025-04-29 20:00:00,588,Theni,1.0,-7.929599999999999
2025-04-29 21:00:00,588,Theni,1.0,-7.929599999999999
2025-04-29 22:00:00,588,Theni,1.5,-7.9258
2025-04-29 23:00:00,588,Theni,1.0,-7.9258
2025-04-30 00:00:00,588,Theni,1.5,-7.9258
2025-04-30 01:00:00,588,Theni,1.5,-7.9258
2025-04-30 02:00:00,588,Theni,1.0,-7.9258
2025-04-30 03:00:00,588,Theni,1.5,-7.9258
2025-04-30 04:00:00,588,Theni,1.0,-8.820571428571428
2025-04-30 05:00:00,588,Theni,1.0,-8.820571428571428
2025-04-30 06:00:00,588,Theni,0.5,-8.820571428571428
2025-04-30 07:00:00,588,Theni,1.0,-8.820571428571428
2025-04-30 08:00:00,588,Theni,0.5,-8.820571428571428
2025-04-30 09:00:00,588,Theni,0.5,-8.820571428571428
2025-04-30 10:00:00,588,Theni,1.0,-8.846714285714286
2025-04-30 11:00:00,588,Theni,0.5,-8.846714285714286
2025-04-30 12:00:00,588,Theni,1.0,-8.846714285714286
2025-04-30 13:00:00,588,Theni,0.5,-8.846714285714286
2025-04-30 14:00:00,588,Theni,0.5,-8.846714285714286
2025-04-30 16:00:00,588,Theni,0.5,-8.5305
2025-04-30 17:00:00,588,Theni,0.5,-8.5305
2025-04-30 19:00:00,588,Theni,0.5,-8.5305
2025-04-30 20:00:00,588,Theni,0.5,-8.5305
2025-04-30 22:00:00,588,Theni,0.5,-8.53525
2025-05-01 20:00:00,588,Theni,2.0,-8.54825
2025-05-02 16:00:00,588,Theni,2.5,-8.39642857142857
2025-05-02 17:00:00,588,Theni,2.75,-8.39642857142857
2025-05-02 18:00:00,588,Theni,5.0,-8.39642857142857
2025-05-02 19:00:00,588,Theni,1.0,-8.39642857142857
2025-05-02 20:00:00,588,Theni,1.0,-8.39642857142857
2025-05-02 21:00:00,588,Theni,1.0,-8.39642857142857
2025-05-02 22:00:00,588,Theni,1.0,-8.411714285714286
2025-05-02 23:00:00,588,Theni,1.0,-8.411714285714286
2025-05-03 00:00:00,588,Theni,1.0,-8.411714285714286
2025-05-03 01:00:00,588,Theni,1.5,-8.411714285714286
2025-05-03 02:00:00,588,Theni,1.0,-8.411714285714286
2025-05-03 03:00:00,588,Theni,1.5,-8.411714285714286
2025-05-03 04:00:00,588,Theni,1.0,-8.045
2025-05-03 05:00:00,588,Theni,1.5,-8.045
2025-05-03 06:00:00,588,Theni,1.5,-8.045
2025-05-03 07:00:00,588,Theni,1.0,-8.045
2025-05-03 08:00:00,588,Theni,1.0,-8.045
2025-05-03 09:00:00,588,Theni,1.0,-8.045
2025-05-03 10:00:00,588,Theni,1.0,-8.0685
2025-05-03 11:00:00,588,Theni,1.5,-8.0685
2025-05-03 12:00:00,588,Theni,1.0,-8.0685
2025-05-03 13:00:00,588,Theni,1.0,-8.0685
2025-05-03 14:00:00,588,Theni,0.5,-8.0685
2025-05-03 15:00:00,588,Theni,0.5,-8.0685
2025-05-03 17:00:00,588,Theni,0.5,-9.302142857142856
2025-05-03 18:00:00,588,Theni,0.5,-9.302142857142856
2025-05-03 19:00:00,588,Theni,6.0,-9.302142857142856
2025-05-03 20:00:00,588,Theni,0.5,-9.302142857142856
2025-05-03 22:00:00,588,Theni,0.5,-9.291
2025-05-04 01:00:00,588,Theni,0.5,-9.291
2025-05-04 17:00:00,588,Theni,0.5,-7.828571428571428
2025-05-04 18:00:00,588,Theni,2.0,-7.828571428571428
2025-05-04 21:00:00,588,Theni,0.5,-7.828571428571428
2025-05-04 22:00:00,588,Theni,0.5,-7.829857142857143
2025-05-04 23:00:00,588,Theni,1.0,-7.829857142857143
2025-05-05 15:00:00,588,Theni,2.0,-8.945714285714287
2025-05-05 18:00:00,588,Theni,0.5,-7.517166666666667
2025-05-05 19:00:00,588,Theni,0.5,-7.517166666666667
2025-05-06 16:00:00,588,Theni,21.5,-8.632
2025-05-06 17:00:00,588,Theni,17.5,-8.632
2025-05-06 19:00:00,588,Theni,0.5,-8.632
2025-05-06 20:00:00,588,Theni,0.5,-8.632
2025-05-07 08:00:00,588,Theni,0.5,-8.6035
2025-05-07 16:00:00,588,Theni,1.75,-8.6705
2025-05-07 17:00:00,588,Theni,3.0,-8.6705
2025-05-07 18:00:00,588,Theni,0.75,-8.6705
2025-05-07 19:00:00,588,Theni,1.5,-8.6705
2025-05-07 20:00:00,588,Theni,0.75,-8.6705
2025-05-07 21:00:00,588,Theni,0.5,-8.6705
2025-05-07 22:00:00,588,Theni,0.5,-8.609375
2025-05-07 23:00:00,588,Theni,0.5,-8.609375
2025-05-08 00:00:00,588,Theni,0.5,-8.609375
2025-05-08 01:00:00,588,Theni,0.5,-8.609375
2025-05-08 03:00:00,588,Theni,0.5,-8.609375
2025-05-08 04:00:00,588,Theni,0.5,-8.586625
2025-05-08 06:00:00,588,Theni,0.5,-8.586625
2025-05-08 08:00:00,588,Theni,0.5,-8.586625
2025-05-12 18:00:00,588,Theni,18.0,-8.65875
2025-05-12 19:00:00,588,Theni,3.5,-8.65875
2025-05-12 20:00:00,588,Theni,0.5,-8.65875
2025-05-13 19:00:00,588,Theni,0.5,-8.685875000000001
2025-05-14 15:00:00,588,Theni,19.0,-8.554
2025-05-14 23:00:00,588,Theni,0.5,-9.002333333333334
2025-05-15 00:00:00,588,Theni,0.5,-9.002333333333334
2025-05-15 04:00:00,588,Theni,0.5,-9.326285714285715
2025-05-15 16:00:00,588,Theni,1.5,-9.297666666666666
2025-05-15 19:00:00,588,Theni,0.5,-9.297666666666666
2025-05-15 20:00:00,588,Theni,0.5,-9.297666666666666
2025-05-15 21:00:00,588,Theni,0.5,-9.297666666666666
2025-05-15 22:00:00,588,Theni,0.5,-9.257833333333332
2025-05-18 16:00:00,588,Theni,9.0,-8.77
2025-05-18 17:00:00,588,Theni,0.5,-8.77
2025-05-18 18:00:00,588,Theni,0.5,-8.77
2025-05-18 19:00:00,588,Theni,0.5,-8.77
2025-05-18 20:00:00,588,Theni,0.5,-8.77
2025-05-18 23:00:00,588,Theni,0.5,-8.730625
2025-05-19 15:00:00,588,Theni,2.5,-8.757375
2025-05-19 16:00:00,588,Theni,1.75,-8.76325
2025-05-19 17:00:00,588,Theni,1.5,-8.76325
2025-05-19 18:00:00,588,Theni,1.0,-8.76325
2025-05-19 19:00:00,588,Theni,0.6666666666666666,-8.76325
2025-05-19 20:00:00,588,Theni,0.5,-8.76325
2025-05-19 21:00:00,588,Theni,0.5,-8.76325
2025-05-19 23:00:00,588,Theni,0.5,-8.70225
2025-05-20 01:00:00,588,Theni,0.5,-8.70225
2025-05-20 05:00:00,588,Theni,0.5,-8.666875
2025-05-20 11:00:00,588,Theni,0.5,-8.71825
2025-05-21 17:00:00,588,Theni,0.5,-8.306714285714285
2025-05-23 15:00:00,588,Theni,1.0,-8.0815
2025-05-23 19:00:00,588,Theni,1.5,-9.1355
2025-05-23 20:00:00,588,Theni,0.5,-9.1355
2025-05-24 02:00:00,588,Theni,0.5,-9.105666666666666
2025-05-24 03:00:00,588,Theni,1.5,-9.105666666666666
2025-05-24 05:00:00,588,Theni,1.0,-9.071666666666667
2025-05-24 15:00:00,588,Theni,0.5,-9.154166666666669
2025-05-24 20:00:00,588,Theni,0.5,-8.434000000000001
2025-05-24 21:00:00,588,Theni,0.75,-8.434000000000001
2025-05-24 22:00:00,588,Theni,0.5,-8.779875
2025-05-25 00:00:00,588,Theni,0.5,-8.779875
2025-05-25 01:00:00,588,Theni,0.5,-8.779875
2025-05-25 06:00:00,588,Theni,0.5,-8.745375
2025-05-25 07:00:00,588,Theni,1.5,-8.745375
2025-05-25 08:00:00,588,Theni,0.75,-8.745375
2025-05-25 17:00:00,588,Theni,0.75,-8.324571428571428
2025-05-25 18:00:00,588,Theni,0.5,-8.324571428571428
2025-05-25 19:00:00,588,Theni,0.5,-8.324571428571428
2025-05-25 21:00:00,588,Theni,0.5,-8.324571428571428
2025-05-25 23:00:00,588,Theni,2.0,-8.759375
2025-05-26 00:00:00,588,Theni,1.0,-8.759375
2025-05-26 03:00:00,588,Theni,0.5,-8.759375
2025-05-26 04:00:00,588,Theni,0.5,-8.727375
2025-05-26 06:00:00,588,Theni,1.5,-8.727375
2025-05-26 07:00:00,588,Theni,2.5,-8.727375
2025-05-26 08:00:00,588,Theni,15.5,-8.727375
2025-05-26 09:00:00,588,Theni,2.0,-8.727375
2025-05-26 10:00:00,588,Theni,5.0,-8.74825
2025-05-26 11:00:00,588,Theni,6.5,-8.74825
2025-05-26 12:00:00,588,Theni,1.0,-8.74825
2025-05-26 14:00:00,588,Theni,0.5,-8.74825
2025-05-26 15:00:00,588,Theni,1.0,-8.74825
2025-05-26 20:00:00,588,Theni,0.5,-8.759875
2025-05-26 22:00:00,588,Theni,1.8333333333333333,-8.7585
2025-05-26 23:00:00,588,Theni,1.5,-8.7585
2025-05-27 00:00:00,588,Theni,1.25,-8.7585
2025-05-27 01:00:00,588,Theni,0.75,-8.7585
2025-05-27 02:00:00,588,Theni,1.5,-8.7585
2025-05-27 03:00:00,588,Theni,0.5,-8.7585
2025-05-27 04:00:00,588,Theni,1.0,-8.727
2025-05-27 06:00:00,588,Theni,0.5,-8.727
2025-05-27 07:00:00,588,Theni,0.5,-8.727
2025-05-27 08:00:00,588,Theni,4.0,-8.727
2025-05-27 09:00:00,588,Theni,0.5,-8.727
2025-05-27 10:00:00,588,Theni,0.75,-8.738625
2025-05-27 11:00:00,588,Theni,1.5,-8.738625
2025-05-27 12:00:00,588,Theni,0.5,-8.738625
2025-05-27 13:00:00,588,Theni,0.5,-8.738625
2025-05-27 14:00:00,588,Theni,0.75,-8.738625
2025-05-27 15:00:00,588,Theni,2.5,-8.738625
2025-05-27 16:00:00,588,Theni,0.5,-8.757875
2025-05-27 19:00:00,588,Theni,0.5,-8.757875
2025-05-28 00:00:00,588,Theni,1.0,-8.770625
2025-05-28 09:00:00,588,Theni,0.5,-8.752625
2025-05-28 11:00:00,588,Theni,2.5,-8.786375
2025-05-28 12:00:00,588,Theni,0.5,-8.786375
2025-05-28 14:00:00,588,Theni,2.0,-8.786375
2025-05-28 15:00:00,588,Theni,3.0,-8.786375
2025-05-28 16:00:00,588,Theni,1.5,-8.757125
2025-05-28 17:00:00,588,Theni,1.5,-8.757125
2025-05-28 18:00:00,588,Theni,1.0,-8.757125
2025-05-28 19:00:00,588,Theni,2.75,-8.757125
2025-05-28 20:00:00,588,Theni,1.0,-8.757125
2025-05-28 21:00:00,588,Theni,0.5,-8.757125
2025-05-28 23:00:00,588,Theni,0.5,-8.741125
2025-05-29 00:00:00,588,Theni,0.5,-8.741125
2025-05-29 02:00:00,588,Theni,5.0,-8.741125
2025-05-29 05:00:00,588,Theni,1.5,-8.70375
2025-05-29 06:00:00,588,Theni,1.0,-8.70375
2025-05-29 09:00:00,588,Theni,1.0,-8.70375
2025-05-29 11:00:00,588,Theni,0.6666666666666666,-8.711125
2025-05-29 12:00:00,588,Theni,0.5,-8.711125
2025-05-29 13:00:00,588,Theni,0.5,-8.711125
2025-05-29 14:00:00,588,Theni,0.6666666666666666,-8.711125
2025-05-29 16:00:00,588,Theni,1.75,-8.741624999999999
2025-05-29 17:00:00,588,Theni,2.25,-8.741624999999999
2025-05-29 18:00:00,588,Theni,0.8333333333333334,-8.741624999999999
2025-05-29 20:00:00,588,Theni,0.5,-8.741624999999999
2025-05-29 21:00:00,588,Theni,0.5,-8.741624999999999
2025-05-30 01:00:00,588,Theni,0.5,-8.734375
2025-05-30 06:00:00,588,Theni,0.5,-8.705875
2025-05-30 07:00:00,588,Theni,1.5,-8.705875
2025-05-30 08:00:00,588,Theni,1.5,-8.705875
2025-05-30 09:00:00,588,Theni,0.5,-8.705875
2025-05-30 10:00:00,588,Theni,0.5,-8.72325
2025-05-30 12:00:00,588,Theni,0.5,-8.72325
2025-05-30 15:00:00,588,Theni,0.5,-8.72325
2025-05-31 02:00:00,588,Theni,0.5,-8.69875
2025-05-31 07:00:00,588,Theni,0.5,-8.6695
2025-05-31 10:00:00,588,Theni,0.5,-8.68475
2025-05-31 12:00:00,588,Theni,0.5,-8.68475
2025-06-01 12:00:00,588,Theni,0.5,-8.671125
2025-06-04 02:00:00,588,Theni,1.0,-8.680125
2025-06-04 03:00:00,588,Theni,0.5,-8.680125
2025-06-04 11:00:00,588,Theni,1.25,-8.66525
2025-06-04 12:00:00,588,Theni,0.5,-8.66525
2025-06-10 23:00:00,588,Theni,1.0,-8.811375
2025-06-11 00:00:00,588,Theni,3.0,-8.811375
2025-06-11 01:00:00,588,Theni,4.5,-8.811375
2025-06-11 02:00:00,588,Theni,5.0,-8.811375
2025-06-11 03:00:00,588,Theni,0.5,-8.811375
2025-06-11 05:00:00,588,Theni,5.0,-8.78
2025-06-11 06:00:00,588,Theni,7.0,-8.78
2025-06-11 07:00:00,588,Theni,0.5,-8.78
2025-06-11 09:00:00,588,Theni,0.5,-8.78
2025-06-11 11:00:00,588,Theni,2.0,-8.827
2025-06-11 14:00:00,588,Theni,2.0,-8.827
2025-06-11 15:00:00,588,Theni,0.5,-8.827
2025-06-11 21:00:00,588,Theni,0.5,-8.82525
2025-06-11 23:00:00,588,Theni,0.5,-8.8135
2025-06-12 12:00:00,588,Theni,0.5,-8.817375
2025-06-12 20:00:00,588,Theni,0.5,-9.543428571428572
2025-06-13 12:00:00,588,Theni,0.5,-9.50842857142857
2025-06-14 00:00:00,588,Theni,0.5,-9.499285714285715
2025-06-14 01:00:00,588,Theni,2.0,-9.499285714285715
2025-06-14 02:00:00,588,Theni,1.0,-9.499285714285715
2025-06-14 03:00:00,588,Theni,0.5,-9.499285714285715
2025-06-14 04:00:00,588,Theni,0.5,-9.452285714285711
2025-06-14 11:00:00,588,Theni,0.5,-9.507142857142856
2025-06-14 15:00:00,588,Theni,0.5,-9.507142857142856
2025-06-14 16:00:00,588,Theni,1.0,-9.494142857142858
2025-06-14 17:00:00,588,Theni,1.5,-9.494142857142858
2025-06-14 18:00:00,588,Theni,0.5,-9.494142857142858
2025-06-14 20:00:00,588,Theni,0.5,-9.494142857142858
2025-06-15 05:00:00,588,Theni,0.5,-9.480428571428572
2025-06-15 07:00:00,588,Theni,0.5,-9.480428571428572
2025-06-15 08:00:00,588,Theni,0.5,-9.480428571428572
2025-06-15 11:00:00,588,Theni,0.5,-9.501
2025-06-15 15:00:00,588,Theni,1.0,-9.501
2025-06-15 17:00:00,588,Theni,0.5,-9.558714285714286
2025-06-15 19:00:00,588,Theni,0.5,-9.558714285714286
2025-06-15 20:00:00,588,Theni,1.0,-9.558714285714286
2025-06-15 21:00:00,588,Theni,0.5,-9.558714285714286
2025-06-15 22:00:00,588,Theni,1.75,-9.500857142857145
2025-06-15 23:00:00,588,Theni,0.75,-9.500857142857145
2025-06-16 00:00:00,588,Theni,0.5,-9.500857142857145
2025-06-16 04:00:00,588,Theni,0.5,-9.447571428571427
2025-06-16 14:00:00,588,Theni,0.5,-9.540571428571427
2025-06-16 15:00:00,588,Theni,0.5,-9.540571428571427
2025-06-16 17:00:00,588,Theni,0.5,-9.0315
2025-06-16 18:00:00,588,Theni,0.5,-9.0315
2025-06-16 19:00:00,588,Theni,0.5,-9.0315
2025-06-16 21:00:00,588,Theni,1.0,-9.0315
2025-06-16 22:00:00,588,Theni,1.5,-9.031833333333331
2025-06-16 23:00:00,588,Theni,0.5,-9.031833333333331
2025-06-17 01:00:00,588,Theni,2.0,-9.031833333333331
2025-06-17 02:00:00,588,Theni,0.5,-9.031833333333331
2025-06-17 03:00:00,588,Theni,0.5,-9.031833333333331
2025-06-17 04:00:00,588,Theni,0.5,-9.474142857142857
2025-06-17 05:00:00,588,Theni,0.5,-9.474142857142857
2025-06-17 06:00:00,588,Theni,0.5,-9.474142857142857
2025-06-17 12:00:00,588,Theni,0.5,-9.504428571428573
2025-06-17 13:00:00,588,Theni,0.5,-9.504428571428573
2025-06-18 02:00:00,588,Theni,0.5,-8.999166666666666
2025-06-18 10:00:00,588,Theni,0.5,-8.8858
2025-06-19 04:00:00,588,Theni,0.5,-8.9032
2025-06-20 14:00:00,588,Theni,0.5,-8.835125
2025-06-21 10:00:00,588,Theni,0.5,-8.804
2025-06-22 14:00:00,588,Theni,1.0,-8.86325
2025-06-22 15:00:00,588,Theni,3.0,-8.86325
2025-06-22 16:00:00,588,Theni,2.0,-8.862
2025-06-22 17:00:00,588,Theni,1.0,-8.862
2025-06-22 18:00:00,588,Theni,1.0,-8.862
2025-06-22 19:00:00,588,Theni,0.5,-8.862
2025-06-22 20:00:00,588,Theni,1.0,-8.862
2025-06-22 21:00:00,588,Theni,0.5,-8.862
2025-06-22 22:00:00,588,Theni,0.5,-8.85675
2025-06-22 23:00:00,588,Theni,0.5,-8.85675
2025-06-23 00:00:00,588,Theni,0.5,-8.85675
2025-06-23 06:00:00,588,Theni,0.5,-8.84075
2025-06-23 09:00:00,588,Theni,1.0,-8.84075
2025-06-24 03:00:00,588,Theni,0.5,-8.860625
2025-06-24 05:00:00,588,Theni,2.0,-8.840375
2025-06-24 08:00:00,588,Theni,0.5,-8.840375
2025-06-24 09:00:00,588,Theni,0.5,-8.840375
2025-06-24 11:00:00,588,Theni,1.25,-8.90425
2025-06-24 14:00:00,588,Theni,4.0,-8.90425
2025-06-25 00:00:00,588,Theni,1.0,-8.894375
2025-06-25 03:00:00,588,Theni,1.0,-8.894375
2025-06-25 04:00:00,588,Theni,0.5,-8.85975
2025-06-25 08:00:00,588,Theni,0.5,-8.85975
2025-06-25 15:00:00,588,Theni,1.0,-8.915875
2025-06-25 16:00:00,588,Theni,0.5,-8.914125
2025-06-25 20:00:00,588,Theni,0.5,-8.914125
2025-06-25 22:00:00,588,Theni,3.0,-8.899875
2025-06-26 05:00:00,588,Theni,1.25,-8.880625
2025-06-26 06:00:00,588,Theni,1.0,-8.880625
2025-06-26 07:00:00,588,Theni,0.5,-8.880625
2025-06-26 08:00:00,588,Theni,0.5,-8.880625
2025-06-26 10:00:00,588,Theni,1.5,-8.895625
2025-06-26 11:00:00,588,Theni,0.5,-8.895625
2025-06-26 12:00:00,588,Theni,0.5,-8.895625
2025-06-26 16:00:00,588,Theni,1.5,-8.134428571428572
2025-06-26 17:00:00,588,Theni,0.5,-8.134428571428572
2025-06-26 20:00:00,588,Theni,0.5,-8.134428571428572
2025-06-26 21:00:00,588,Theni,1.0,-8.134428571428572
2025-06-26 22:00:00,588,Theni,0.5,-8.147428571428572
2025-06-26 23:00:00,588,Theni,1.0,-8.147428571428572
2025-06-28 05:00:00,588,Theni,0.5,-8.185
2025-06-28 14:00:00,588,Theni,3.5,-8.201571428571429
2025-06-28 15:00:00,588,Theni,0.5,-8.201571428571429
2025-06-30 02:00:00,588,Theni,0.5,-8.926874999999999
2025-07-02 04:00:00,588,Theni,0.5,-8.98475
2025-07-02 16:00:00,588,Theni,1.5,-8.99675
2025-07-07 00:00:00,588,Theni,1.0,-9.011625
2025-07-07 12:00:00,588,Theni,0.5,-9.0645
2025-07-08 16:00:00,588,Theni,0.5,-9.943
2025-07-09 19:00:00,588,Theni,0.5,-9.988
2025-07-10 17:00:00,588,Theni,0.5,-9.2345
2025-07-11 04:00:00,588,Theni,0.5,-9.1725
2025-07-13 15:00:00,588,Theni,0.5,-9.313375
2025-07-14 18:00:00,588,Theni,0.5,-9.335375
2025-07-14 21:00:00,588,Theni,0.5,-9.335375
2025-07-16 14:00:00,588,Theni,6.5,-9.36175
2025-07-16 15:00:00,588,Theni,11.0,-9.36175
2025-07-16 16:00:00,588,Theni,1.75,-8.715142857142856
2025-07-16 17:00:00,588,Theni,1.5,-8.715142857142856
2025-07-16 18:00:00,588,Theni,1.0,-8.715142857142856
2025-07-16 19:00:00,588,Theni,0.75,-8.715142857142856
2025-07-16 20:00:00,588,Theni,0.5,-8.715142857142856
2025-07-16 21:00:00,588,Theni,0.6666666666666666,-8.715142857142856
2025-07-16 22:00:00,588,Theni,1.0,-8.715142857142856
2025-07-16 23:00:00,588,Theni,0.5,-8.715142857142856
2025-07-20 15:00:00,588,Theni,0.5,-10.146
2025-07-20 16:00:00,588,Theni,0.5,-9.526166666666668
2025-07-21 05:00:00,588,Theni,2.0,-9.334375
2025-07-21 10:00:00,588,Theni,0.5,-9.403375
2025-07-22 06:00:00,588,Theni,0.5,-9.37
2025-07-22 14:00:00,588,Theni,0.5,-9.399125
2025-07-23 00:00:00,588,Theni,0.5,-9.414625
2025-07-23 05:00:00,588,Theni,1.0,-9.375375
2025-07-23 06:00:00,588,Theni,0.5,-9.375375
2025-07-23 07:00:00,588,Theni,0.5,-9.375375
2025-07-23 15:00:00,588,Theni,0.5,-9.393
2025-07-23 18:00:00,588,Theni,1.5,-9.418375
2025-07-23 19:00:00,588,Theni,0.5,-9.418375
2025-07-23 20:00:00,588,Theni,0.5,-9.418375
2025-07-23 23:00:00,588,Theni,0.5,-9.405625
2025-07-24 01:00:00,588,Theni,0.5,-9.405625
2025-07-24 09:00:00,588,Theni,0.5,-9.395125
2025-07-24 14:00:00,588,Theni,0.5,-9.45825
2025-07-24 17:00:00,588,Theni,1.0,-8.745857142857142
2025-07-24 18:00:00,588,Theni,0.5,-8.745857142857142
2025-07-24 19:00:00,588,Theni,1.0,-8.745857142857142
2025-07-24 20:00:00,588,Theni,1.0,-8.745857142857142
2025-07-24 21:00:00,588,Theni,0.5,-8.745857142857142
2025-07-27 01:00:00,588,Theni,0.5,-9.417125
2025-07-27 09:00:00,588,Theni,0.5,-9.389125
2025-07-27 21:00:00,588,Theni,2.5,-8.732571428571429
2025-07-28 00:00:00,588,Theni,0.5,-9.411625
2025-07-31 15:00:00,588,Theni,3.0,-9.556625
2025-08-01 16:00:00,588,Theni,5.0,-9.581875
2025-08-02 13:00:00,588,Theni,0.5,-9.6055
2025-08-02 14:00:00,588,Theni,0.5,-9.6055
2025-08-02 15:00:00,588,Theni,0.5,-9.6055
2025-08-02 17:00:00,588,Theni,0.5,-8.6485
2025-08-02 18:00:00,588,Theni,0.5,-8.6485
2025-08-02 19:00:00,588,Theni,1.0,-8.6485
2025-08-02 20:00:00,588,Theni,0.5,-8.6485
2025-08-02 21:00:00,588,Theni,0.5,-8.6485
2025-08-03 01:00:00,588,Theni,0.5,-9.6055
2025-08-03 08:00:00,588,Theni,0.5,-9.5305
2025-08-03 23:00:00,588,Theni,0.5,-9.5425
2025-08-04 15:00:00,588,Theni,1.5,-9.569625
2025-08-04 17:00:00,588,Theni,0.5,-9.733833333333331
2025-08-05 21:00:00,588,Theni,1.0,-9.608625
2025-08-09 19:00:00,588,Theni,0.5,-9.058714285714286
2025-08-09 20:00:00,588,Theni,0.5,-9.058714285714286
2025-08-09 21:00:00,588,Theni,0.5,-9.058714285714286
2025-08-10 15:00:00,588,Theni,0.5,-9.055571428571428
2025-08-10 16:00:00,588,Theni,0.5,-9.078714285714286
2025-08-10 17:00:00,588,Theni,0.5,-9.078714285714286
2025-08-10 19:00:00,588,Theni,0.5,-9.078714285714286
2025-08-11 09:00:00,588,Theni,0.5,-9.72425
2025-08-11 12:00:00,588,Theni,0.5,-9.747625
2025-08-13 12:00:00,588,Theni,1.0,-10.598857142857142
2025-08-14 02:00:00,588,Theni,0.5,-9.784875
2025-08-15 12:00:00,588,Theni,0.5,-9.827375
2025-08-15 13:00:00,588,Theni,0.5,-9.827375
2025-08-15 14:00:00,588,Theni,0.5,-9.827375
2025-08-15 20:00:00,588,Theni,0.5,-9.185285714285714
2025-08-15 21:00:00,588,Theni,1.0,-9.185285714285714
2025-08-16 07:00:00,588,Theni,0.5,-8.448333333333332
2025-08-16 09:00:00,588,Theni,0.5,-8.448333333333332
2025-08-16 12:00:00,588,Theni,0.5,-8.455333333333334
2025-08-16 13:00:00,588,Theni,0.5,-8.455333333333334
2025-08-16 14:00:00,588,Theni,0.5,-8.455333333333334
2025-08-16 23:00:00,588,Theni,0.5,-9.180857142857144
2025-08-17 04:00:00,588,Theni,0.5,-9.169142857142855
2025-08-17 14:00:00,588,Theni,0.5,-9.180142857142856
2025-08-17 16:00:00,588,Theni,0.5,-9.191999999999998
2025-08-17 19:00:00,588,Theni,0.5,-9.191999999999998
2025-08-17 20:00:00,588,Theni,0.5,-9.191999999999998
2025-08-17 23:00:00,588,Theni,0.5,-9.198
2025-08-18 00:00:00,588,Theni,0.5,-9.198
2025-08-18 01:00:00,588,Theni,0.5,-9.198
2025-08-18 03:00:00,588,Theni,0.5,-9.198
2025-08-18 13:00:00,588,Theni,0.5,-10.015833333333331
2025-08-22 05:00:00,588,Theni,3.5,-9.493444444444444
2025-08-27 03:00:00,588,Theni,4.0,-9.657555555555556
2025-08-27 04:00:00,588,Theni,0.5,-9.674666666666669
2025-08-27 06:00:00,588,Theni,0.5,-9.674666666666669
2025-08-28 07:00:00,588,Theni,0.5,-8.322714285714286
2025-08-28 10:00:00,588,Theni,0.5,-8.363857142857142
2025-08-28 11:00:00,588,Theni,0.5,-8.363857142857142
2025-08-28 15:00:00,588,Theni,0.5,-8.363857142857142
2025-09-01 10:00:00,588,Theni,0.5,-9.779111111111112
2025-09-01 10:35:00,588,Theni,2.5,-9.779111111111112
2025-09-01 11:00:00,588,Theni,2.5,-9.779111111111112
2025-09-05 20:00:00,588,Theni,0.5,-9.444333333333336
2025-09-07 02:00:00,588,Theni,0.5,-9.369125
2025-09-08 15:00:00,588,Theni,0.5,-9.389
2025-09-09 01:00:00,588,Theni,0.5,-9.431375
2025-09-09 02:00:00,588,Theni,1.0,-9.431375
2025-09-09 05:00:00,588,Theni,1.5,-9.3945
2025-09-09 06:00:00,588,Theni,1.25,-9.3945
2025-09-09 07:00:00,588,Theni,1.0,-9.3945
2025-09-09 08:00:00,588,Theni,0.5,-9.3945
2025-09-09 09:00:00,588,Theni,1.0,-9.3945
2025-09-09 17:00:00,588,Theni,8.0,-9.415375
2025-09-09 18:00:00,588,Theni,3.5,-9.415375
2025-09-09 20:00:00,588,Theni,0.5,-9.415375
2025-09-10 14:00:00,588,Theni,24.0,-9.416375
2025-09-10 15:00:00,588,Theni,6.5,-9.416375
2025-09-10 16:00:00,588,Theni,0.75,-9.45475
2025-09-10 18:00:00,588,Theni,0.75,-9.45475
2025-09-10 19:00:00,588,Theni,1.0,-9.45475
2025-09-10 20:00:00,588,Theni,1.0,-9.45475
2025-09-10 21:00:00,588,Theni,0.5,-9.45475
2025-09-10 22:00:00,588,Theni,0.5,-9.40525
2025-09-11 09:00:00,588,Theni,0.5,-9.395
2025-09-11 14:00:00,588,Theni,1.0,-9.42825
2025-09-11 15:00:00,588,Theni,1.5,-9.42825
2025-09-16 13:00:00,588,Theni,0.5,-9.50875
2025-09-16 14:00:00,588,Theni,4.5,-9.50875
2025-09-16 20:00:00,588,Theni,0.5,-9.499625
2025-09-17 13:00:00,588,Theni,1.0,-9.525625
2025-09-17 15:00:00,588,Theni,0.5,-9.525625
2025-09-17 19:00:00,588,Theni,1.0,-9.530375
2025-09-17 20:00:00,588,Theni,0.8,-9.530375
2025-09-17 21:00:00,588,Theni,1.3333333333333333,-9.530375
2025-09-17 22:00:00,588,Theni,0.75,-9.507875
2025-09-17 23:00:00,588,Theni,0.5,-9.507875
2025-09-21 18:00:00,588,Theni,1.0,-9.602125
2025-09-25 14:00:00,588,Theni,0.5,-12.005
2025-09-25 15:00:00,588,Theni,0.5,-12.005
2025-09-25 16:00:00,588,Theni,1.0,-9.25657142857143
2025-09-25 17:00:00,588,Theni,0.5,-9.25657142857143
2025-09-25 18:00:00,588,Theni,0.5,-9.25657142857143
2025-09-25 19:00:00,588,Theni,1.0,-9.25657142857143
2025-09-25 20:00:00,588,Theni,4.0,-9.25657142857143
2025-09-25 21:00:00,588,Theni,0.5,-9.25657142857143
2025-09-25 22:00:00,588,Theni,1.0,-9.222285714285714
2025-09-25 23:00:00,588,Theni,0.5,-9.222285714285714
2025-09-26 00:00:00,588,Theni,0.5,-9.222285714285714
2025-09-26 02:00:00,588,Theni,3.5,-9.222285714285714
2025-09-26 03:00:00,588,Theni,1.0,-9.222285714285714
2025-09-26 04:00:00,588,Theni,0.5,-9.646375
2025-09-26 05:00:00,588,Theni,0.5,-9.646375
2025-09-26 08:00:00,588,Theni,0.5,-9.646375
2025-09-26 09:00:00,588,Theni,0.5,-9.646375
2025-09-26 11:00:00,588,Theni,0.5,-9.706375
2025-09-26 17:00:00,588,Theni,1.5,-9.71675
2025-09-26 18:00:00,588,Theni,0.5,-9.71675
2025-09-26 20:00:00,588,Theni,0.5,-9.71675
2025-09-27 12:00:00,588,Theni,0.5,-9.739
2025-09-28 04:00:00,588,Theni,0.5,-10.165285714285714
2025-09-29 00:00:00,588,Theni,0.5,-9.68425
2025-10-03 16:00:00,588,Theni,5.5,-11.999
2025-10-03 17:00:00,588,Theni,3.0,-11.999
2025-10-03 21:00:00,588,Theni,0.5,-11.999
2025-10-03 22:00:00,588,Theni,0.75,-10.476571428571429
2025-10-03 23:00:00,588,Theni,0.8333333333333334,-10.476571428571429
2025-10-05 13:00:00,588,Theni,11.0,-10.487285714285717
2025-10-05 14:00:00,588,Theni,4.25,-10.487285714285717
2025-10-05 15:00:00,588,Theni,4.0,-10.487285714285717
2025-10-05 16:00:00,588,Theni,7.75,-10.513571428571428
2025-10-05 17:00:00,588,Theni,1.5,-10.513571428571428
2025-10-05 19:00:00,588,Theni,0.5,-10.513571428571428
2025-10-13 01:00:00,588,Theni,0.5,-9.746166666666667
2025-10-16 08:00:00,588,Theni,0.5,-11.737571428571428
2025-10-16 09:00:00,588,Theni,1.5,-11.737571428571428
2025-10-16 10:00:00,588,Theni,1.3333333333333333,-11.737571428571428
2025-10-16 11:00:00,588,Theni,0.5,-11.737571428571428
2025-10-16 12:00:00,588,Theni,2.0,-11.737571428571428
2025-10-16 13:00:00,588,Theni,0.75,-11.737571428571428
2025-10-16 14:00:00,588,Theni,0.5,-11.737571428571428
2025-10-16 17:00:00,588,Theni,0.5,-11.737571428571428
2025-10-16 18:00:00,588,Theni,0.5,-11.737571428571428
2025-10-17 07:00:00,588,Theni,0.5,-11.737571428571428
2025-10-17 08:00:00,588,Theni,1.0,-11.737571428571428
2025-10-17 09:00:00,588,Theni,0.5,-11.737571428571428
2025-10-17 17:00:00,588,Theni,1.0,-11.737571428571428
2025-10-17 18:00:00,588,Theni,0.5,-11.737571428571428
2025-10-17 19:00:00,588,Theni,7.0,-11.737571428571428
2025-10-17 20:00:00,588,Theni,10.25,-11.737571428571428
2025-10-17 21:00:00,588,Theni,12.0,-11.737571428571428
2025-10-17 22:00:00,588,Theni,5.5,-11.737571428571428
2025-10-17 23:00:00,588,Theni,4.0,-11.737571428571428
2025-10-18 00:00:00,588,Theni,3.25,-11.737571428571428
2025-10-18 01:00:00,588,Theni,5.0,-11.737571428571428
2025-10-18 02:00:00,588,Theni,4.5,-11.737571428571428
2025-10-18 03:00:00,588,Theni,4.75,-11.737571428571428
2025-10-18 04:00:00,588,Theni,3.875,-11.737571428571428
2025-10-18 05:00:00,588,Theni,2.75,-11.737571428571428
2025-10-18 06:00:00,588,Theni,0.5,-11.737571428571428
2025-10-18 07:00:00,588,Theni,0.5,-11.737571428571428
2025-10-18 21:00:00,588,Theni,1.5,-11.737571428571428
2025-10-18 22:00:00,588,Theni,0.5,-11.737571428571428
2025-10-18 23:00:00,588,Theni,9.25,-11.737571428571428
2025-10-19 00:00:00,588,Theni,3.333333333333333,-11.737571428571428
2025-10-19 01:00:00,588,Theni,14.5,-11.737571428571428
2025-10-19 02:00:00,588,Theni,5.5,-11.737571428571428
2025-10-19 06:00:00,588,Theni,1.0,-11.737571428571428
2025-10-19 07:00:00,588,Theni,1.0,-11.737571428571428
2025-10-19 08:00:00,588,Theni,0.5,-11.737571428571428
2025-10-19 09:00:00,588,Theni,0.5,-11.737571428571428
2025-10-19 12:00:00,588,Theni,4.5,-11.737571428571428
2025-10-19 20:00:00,588,Theni,3.25,-11.737571428571428
2025-10-19 21:00:00,588,Theni,21.5,-11.737571428571428
2025-10-19 22:00:00,588,Theni,3.0,-11.737571428571428
2025-10-19 23:00:00,588,Theni,6.25,-11.737571428571428
2025-10-20 00:00:00,588,Theni,2.0,-11.737571428571428
2025-10-20 01:00:00,588,Theni,1.8333333333333333,-11.737571428571428
2025-10-20 02:00:00,588,Theni,3.25,-11.737571428571428
2025-10-20 15:00:00,588,Theni,2.0,-11.737571428571428
2025-10-20 16:00:00,588,Theni,6.75,-11.737571428571428
2025-10-20 17:00:00,588,Theni,1.5,-11.737571428571428
2025-10-20 18:00:00,588,Theni,1.5,-11.737571428571428
2025-10-20 19:00:00,588,Theni,1.0,-11.737571428571428
2025-10-21 09:00:00,588,Theni,0.5,-11.737571428571428
2025-10-21 10:00:00,588,Theni,0.625,-11.737571428571428
2025-10-21 11:00:00,588,Theni,0.625,-11.737571428571428
2025-10-21 12:00:00,588,Theni,0.5,-11.737571428571428
2025-10-21 13:00:00,588,Theni,0.6666666666666666,-11.737571428571428
2025-10-21 14:00:00,588,Theni,0.625,-11.737571428571428
2025-10-21 15:00:00,588,Theni,0.8333333333333334,-11.737571428571428
2025-10-21 16:00:00,588,Theni,1.0,-11.737571428571428
2025-10-21 17:00:00,588,Theni,2.5,-11.737571428571428
2025-10-21 18:00:00,588,Theni,0.75,-11.737571428571428
2025-10-21 19:00:00,588,Theni,0.5,-11.737571428571428
2025-10-21 22:00:00,588,Theni,0.5,-11.737571428571428
2025-10-22 14:00:00,588,Theni,0.5,-11.737571428571428
2025-10-22 18:00:00,588,Theni,7.5,-11.737571428571428
2025-10-22 19:00:00,588,Theni,3.0,-11.737571428571428
2025-10-23 04:00:00,588,Theni,1.0,-11.708857142857145
2025-10-23 14:00:00,588,Theni,0.5,-11.71957142857143
2025-10-23 15:00:00,588,Theni,2.0,-11.71957142857143
2025-10-23 22:00:00,588,Theni,0.5,-11.686428571428571
2025-10-23 23:00:00,588,Theni,0.5,-11.686428571428571
2025-10-24 05:00:00,588,Theni,1.5,-11.652285714285714
2025-10-24 09:00:00,588,Theni,0.5,-11.652285714285714
2025-10-24 17:00:00,588,Theni,1.0,-11.670142857142858
2025-10-24 21:00:00,588,Theni,1.0,-11.670142857142858
2025-10-24 22:00:00,588,Theni,0.5,-11.611714285714283
2025-10-27 11:00:00,588,Theni,1.8333333333333333,-10.717375
2025-10-27 15:00:00,588,Theni,0.5,-10.717375
2025-10-27 18:00:00,588,Theni,0.6666666666666666,-10.683
2025-10-28 23:00:00,588,Theni,1.5,-10.41342857142857
2025-10-29 00:00:00,588,Theni,1.5,-10.41342857142857
2025-10-29 07:00:00,588,Theni,3.5,-10.61625
2025-10-29 18:00:00,588,Theni,0.5,-10.678875
2025-11-05 17:00:00,588,Theni,6.5,-10.71225
2025-11-05 20:00:00,588,Theni,0.5,-10.71225
2025-11-05 22:00:00,588,Theni,0.5,-10.712
2025-11-09 05:00:00,588,Theni,0.5,-10.765625
2025-11-09 06:00:00,588,Theni,0.5,-10.765625
2025-11-09 07:00:00,588,Theni,1.5,-10.765625
2025-11-09 08:00:00,588,Theni,1.5,-10.765625
2025-11-09 11:00:00,588,Theni,0.5,-10.788125
2025-11-10 14:00:00,588,Theni,2.0,-10.77725
2025-11-10 16:00:00,588,Theni,0.5,-10.35475
2025-11-11 20:20:00,588,Theni,0.5,-10.806625
2025-11-11 20:25:00,588,Theni,0.5,-10.806625
2025-11-11 20:30:00,588,Theni,1.0,-10.806625
2025-11-11 20:35:00,588,Theni,1.0,-10.806625
2025-11-11 20:40:00,588,Theni,1.0,-10.806625
2025-11-11 20:45:00,588,Theni,1.0,-10.806625
2025-11-11 20:50:00,588,Theni,1.0,-10.806625
2025-11-11 20:55:00,588,Theni,1.0,-10.806625
2025-11-11 21:00:00,588,Theni,1.0,-10.806625
2025-11-11 22:50:00,588,Theni,0.5,-10.8035
2025-11-11 22:55:00,588,Theni,0.5,-10.8035
2025-11-11 23:00:00,588,Theni,0.5,-10.8035
2025-11-12 00:15:00,588,Theni,1.0,-10.8035
2025-11-12 00:20:00,588,Theni,1.5,-10.8035
2025-11-12 00:25:00,588,Theni,1.5,-10.8035
2025-11-12 00:30:00,588,Theni,1.5,-10.8035
2025-11-12 00:35:00,588,Theni,1.5,-10.8035
2025-11-12 00:40:00,588,Theni,2.0,-10.8035
2025-11-12 00:45:00,588,Theni,2.5,-10.8035
2025-11-12 00:50:00,588,Theni,2.5,-10.8035
2025-11-12 00:55:00,588,Theni,2.5,-10.8035
2025-11-12 01:00:00,588,Theni,3.0,-10.8035
2025-11-12 01:20:00,588,Theni,0.5,-10.8035
2025-11-12 01:25:00,588,Theni,1.0,-10.8035
2025-11-12 01:30:00,588,Theni,1.0,-10.8035
2025-11-12 01:35:00,588,Theni,1.5,-10.8035
2025-11-12 01:40:00,588,Theni,2.0,-10.8035
2025-11-12 01:45:00,588,Theni,3.0,-10.8035
2025-11-12 01:50:00,588,Theni,3.5,-10.8035
2025-11-12 01:55:00,588,Theni,4.0,-10.8035
2025-11-12 02:00:00,588,Theni,4.75,-10.8035
2025-11-12 02:20:00,588,Theni,0.5,-10.8035
2025-11-12 02:25:00,588,Theni,0.5,-10.8035
2025-11-12 02:30:00,588,Theni,0.5,-10.8035
2025-11-12 02:35:00,588,Theni,0.5,-10.8035
2025-11-12 02:40:00,588,Theni,0.5,-10.8035
2025-11-12 02:45:00,588,Theni,0.5,-10.8035
2025-11-12 02:50:00,588,Theni,0.5,-10.8035
2025-11-12 02:55:00,588,Theni,0.5,-10.8035
2025-11-12 03:00:00,588,Theni,1.0,-10.8035
2025-11-12 04:00:00,588,Theni,1.5,-10.818625
2025-11-12 04:30:00,588,Theni,0.5,-10.818625
2025-11-12 04:35:00,588,Theni,0.5,-10.818625
2025-11-12 04:40:00,588,Theni,0.5,-10.818625
2025-11-12 04:45:00,588,Theni,0.5,-10.818625
2025-11-12 04:50:00,588,Theni,1.0,-10.818625
2025-11-12 04:55:00,588,Theni,3.0,-10.818625
2025-11-12 05:00:00,588,Theni,2.833333333333333,-10.818625
2025-11-12 05:05:00,588,Theni,0.5,-10.818625
2025-11-12 05:10:00,588,Theni,1.0,-10.818625
2025-11-12 05:15:00,588,Theni,1.5,-10.818625
2025-11-12 05:20:00,588,Theni,1.5,-10.818625
2025-11-12 05:25:00,588,Theni,1.5,-10.818625
2025-11-12 05:30:00,588,Theni,1.5,-10.818625
2025-11-12 05:35:00,588,Theni,1.5,-10.818625
2025-11-12 05:40:00,588,Theni,1.5,-10.818625
2025-11-12 05:45:00,588,Theni,1.5,-10.818625
2025-11-12 05:50:00,588,Theni,1.5,-10.818625
2025-11-12 05:55:00,588,Theni,1.5,-10.818625
2025-11-12 06:00:00,588,Theni,1.5,-10.818625
2025-11-12 08:00:00,588,Theni,0.5,-10.818625
2025-11-12 18:00:00,588,Theni,8.0,-10.39275
2025-11-17 21:00:00,588,Theni,0.5,-10.853625
2025-11-17 22:00:00,588,Theni,2.0,-10.84725
2025-11-17 23:00:00,588,Theni,0.5,-10.84725
2025-11-18 00:00:00,588,Theni,0.5,-10.84725
2025-11-18 01:00:00,588,Theni,0.5,-10.84725
2025-11-18 02:00:00,588,Theni,0.5,-10.84725
2025-11-18 03:00:00,588,Theni,0.5,-10.84725
2025-11-18 08:00:00,588,Theni,0.5,-10.859625
2025-11-18 10:00:00,588,Theni,0.5,-10.858375
2025-11-18 15:00:00,588,Theni,8.0,-10.858375
2025-11-18 16:00:00,588,Theni,1.5,-10.859
2025-11-18 17:00:00,588,Theni,1.0,-10.859
2025-11-18 21:00:00,588,Theni,3.0,-10.859
2025-11-18 22:00:00,588,Theni,1.5,-10.851125
2025-11-19 00:00:00,588,Theni,0.5,-10.851125
2025-11-19 02:00:00,588,Theni,0.5,-10.851125
2025-11-19 04:00:00,588,Theni,2.0,-10.843125
2025-11-22 04:00:00,588,Theni,1.5,-10.88775
2025-11-22 04:30:00,588,Theni,1.0,-10.88775
2025-11-22 04:35:00,588,Theni,1.0,-10.88775
2025-11-22 04:40:00,588,Theni,1.5,-10.88775
2025-11-22 04:45:00,588,Theni,2.0,-10.88775
2025-11-22 04:50:00,588,Theni,3.0,-10.88775
2025-11-22 04:55:00,588,Theni,3.5,-10.88775
2025-11-22 05:00:00,588,Theni,5.333333333333333,-10.88775
2025-11-22 05:05:00,588,Theni,0.5,-10.88775
2025-11-22 05:10:00,588,Theni,1.0,-10.88775
2025-11-22 05:15:00,588,Theni,1.5,-10.88775
2025-11-22 05:20:00,588,Theni,1.5,-10.88775
2025-11-22 05:25:00,588,Theni,2.0,-10.88775
2025-11-22 05:30:00,588,Theni,2.0,-10.88775
2025-11-22 05:35:00,588,Theni,2.5,-10.88775
2025-11-22 05:40:00,588,Theni,2.5,-10.88775
2025-11-22 05:45:00,588,Theni,2.5,-10.88775
2025-11-22 05:50:00,588,Theni,2.5,-10.88775
2025-11-22 05:55:00,588,Theni,2.5,-10.88775
2025-11-22 06:00:00,588,Theni,3.333333333333333,-10.88775
2025-11-22 06:40:00,588,Theni,0.5,-10.88775
2025-11-22 06:45:00,588,Theni,0.5,-10.88775
2025-11-22 06:50:00,588,Theni,0.5,-10.88775
2025-11-22 06:55:00,588,Theni,0.5,-10.88775
2025-11-22 07:00:00,588,Theni,0.5,-10.88775
2025-11-22 11:00:00,588,Theni,0.5,-10.909125
2025-11-22 12:00:00,588,Theni,15.5,-10.909125
2025-11-22 13:00:00,588,Theni,1.0,-10.909125
2025-11-22 15:00:00,588,Theni,1.0,-10.909125
2025-11-22 17:00:00,588,Theni,0.5,-10.621142857142855
2025-11-22 17:45:00,588,Theni,2.5,-10.621142857142855
2025-11-22 17:50:00,588,Theni,6.0,-10.621142857142855
2025-11-22 17:55:00,588,Theni,7.5,-10.621142857142855
2025-11-22 18:00:00,588,Theni,5.666666666666667,-10.621142857142855
2025-11-22 18:10:00,588,Theni,0.5,-10.621142857142855
2025-11-22 18:15:00,588,Theni,0.5,-10.621142857142855
2025-11-22 18:20:00,588,Theni,0.5,-10.621142857142855
2025-11-22 18:25:00,588,Theni,1.0,-10.621142857142855
2025-11-22 18:30:00,588,Theni,1.0,-10.621142857142855
2025-11-22 18:35:00,588,Theni,1.5,-10.621142857142855
2025-11-22 18:40:00,588,Theni,1.5,-10.621142857142855
2025-11-22 18:45:00,588,Theni,1.5,-10.621142857142855
2025-11-22 18:50:00,588,Theni,1.5,-10.621142857142855
2025-11-22 18:55:00,588,Theni,1.5,-10.621142857142855
2025-11-22 19:00:00,588,Theni,4.375,-10.621142857142855
2025-11-22 19:15:00,588,Theni,0.5,-10.621142857142855
2025-11-22 19:20:00,588,Theni,0.5,-10.621142857142855
2025-11-22 19:25:00,588,Theni,0.5,-10.621142857142855
2025-11-22 19:30:00,588,Theni,0.5,-10.621142857142855
2025-11-22 19:35:00,588,Theni,0.5,-10.621142857142855
2025-11-22 19:40:00,588,Theni,0.5,-10.621142857142855
2025-11-22 19:45:00,588,Theni,0.5,-10.621142857142855
2025-11-22 19:50:00,588,Theni,0.5,-10.621142857142855
2025-11-22 19:55:00,588,Theni,0.5,-10.621142857142855
2025-11-22 20:00:00,588,Theni,1.3333333333333333,-10.621142857142855
2025-11-23 12:00:00,588,Theni,0.75,-10.56
2025-11-23 16:00:00,588,Theni,1.5,-10.523571428571428
2025-11-23 16:15:00,588,Theni,0.5,-10.523571428571428
2025-11-23 16:20:00,588,Theni,1.0,-10.523571428571428
2025-11-23 16:25:00,588,Theni,1.0,-10.523571428571428
2025-11-23 16:30:00,588,Theni,1.0,-10.523571428571428
2025-11-23 16:35:00,588,Theni,1.0,-10.523571428571428
2025-11-23 16:40:00,588,Theni,1.0,-10.523571428571428
2025-11-23 16:45:00,588,Theni,1.0,-10.523571428571428
2025-11-23 16:50:00,588,Theni,1.0,-10.523571428571428
2025-11-23 16:55:00,588,Theni,1.0,-10.523571428571428
2025-11-23 17:00:00,588,Theni,2.5,-10.523571428571428
2025-11-23 17:20:00,588,Theni,0.5,-10.523571428571428
2025-11-23 17:25:00,588,Theni,0.5,-10.523571428571428
2025-11-23 17:30:00,588,Theni,0.5,-10.523571428571428
2025-11-23 17:35:00,588,Theni,0.5,-10.523571428571428
2025-11-23 17:40:00,588,Theni,1.0,-10.523571428571428
2025-11-23 17:45:00,588,Theni,1.0,-10.523571428571428
2025-11-23 17:50:00,588,Theni,1.0,-10.523571428571428
2025-11-23 17:55:00,588,Theni,1.0,-10.523571428571428
2025-11-23 18:00:00,588,Theni,1.375,-10.523571428571428
2025-11-23 19:00:00,588,Theni,0.5,-10.523571428571428
2025-11-23 19:35:00,588,Theni,0.5,-10.523571428571428
2025-11-23 19:40:00,588,Theni,0.5,-10.523571428571428
2025-11-23 19:45:00,588,Theni,0.5,-10.523571428571428
2025-11-23 19:50:00,588,Theni,1.0,-10.523571428571428
2025-11-23 19:55:00,588,Theni,1.0,-10.523571428571428
2025-11-23 20:00:00,588,Theni,2.875,-10.523571428571428
2025-11-23 20:10:00,588,Theni,0.5,-10.523571428571428
2025-11-23 20:15:00,588,Theni,0.5,-10.523571428571428
2025-11-23 20:20:00,588,Theni,0.5,-10.523571428571428
2025-11-23 20:25:00,588,Theni,1.0,-10.523571428571428
2025-11-23 20:30:00,588,Theni,1.0,-10.523571428571428
2025-11-23 20:35:00,588,Theni,1.0,-10.523571428571428
2025-11-23 20:40:00,588,Theni,1.0,-10.523571428571428
2025-11-23 20:45:00,588,Theni,1.0,-10.523571428571428
2025-11-23 20:50:00,588,Theni,1.5,-10.523571428571428
2025-11-23 20:55:00,588,Theni,1.5,-10.523571428571428
2025-11-23 21:00:00,588,Theni,3.5,-10.523571428571428
2025-11-23 21:35:00,588,Theni,0.5,-10.513428571428571
2025-11-23 21:40:00,588,Theni,0.5,-10.513428571428571
2025-11-23 21:45:00,588,Theni,0.5,-10.513428571428571
2025-11-23 21:50:00,588,Theni,0.5,-10.513428571428571
2025-11-23 21:55:00,588,Theni,0.5,-10.513428571428571
2025-11-23 22:00:00,588,Theni,0.875,-10.513428571428571
2025-11-23 23:00:00,588,Theni,0.5,-10.513428571428571
2025-11-24 00:00:00,588,Theni,0.5,-10.513428571428571
2025-11-24 00:05:00,588,Theni,0.5,-10.513428571428571
2025-11-24 00:10:00,588,Theni,0.5,-10.513428571428571
2025-11-24 00:15:00,588,Theni,0.5,-10.513428571428571
2025-11-24 00:20:00,588,Theni,0.5,-10.513428571428571
2025-11-24 00:25:00,588,Theni,0.5,-10.513428571428571
2025-11-24 00:30:00,588,Theni,1.0,-10.513428571428571
2025-11-24 00:35:00,588,Theni,1.0,-10.513428571428571
2025-11-24 00:40:00,588,Theni,1.0,-10.513428571428571
2025-11-24 00:45:00,588,Theni,1.0,-10.513428571428571
2025-11-24 00:50:00,588,Theni,1.0,-10.513428571428571
2025-11-24 00:55:00,588,Theni,1.0,-10.513428571428571
2025-11-24 01:00:00,588,Theni,0.8333333333333334,-10.513428571428571
2025-11-24 02:00:00,588,Theni,0.5,-10.513428571428571
2025-11-24 03:00:00,588,Theni,2.0,-10.513428571428571
2025-11-24 04:00:00,588,Theni,1.25,-10.49385714285714
2025-11-24 07:00:00,588,Theni,1.25,-10.49385714285714
2025-11-24 08:00:00,588,Theni,1.0,-10.49385714285714
2025-11-24 10:00:00,588,Theni,0.75,-10.513285714285717
2025-11-24 12:00:00,588,Theni,0.5,-10.513285714285717
2025-11-24 15:00:00,588,Theni,0.5,-10.513285714285717
2025-11-27 02:00:00,588,Theni,0.5,-10.420428571428571
2025-11-30 00:00:00,588,Theni,1.0,-7.019333333333333
2025-11-30 01:00:00,588,Theni,1.5,-7.019333333333333
2025-11-30 02:00:00,588,Theni,1.0,-7.019333333333333
2025-11-30 05:00:00,588,Theni,0.5,-8.31375
2025-12-01 02:00:00,588,Theni,0.5,-10.7965
2025-12-01 03:00:00,588,Theni,2.5,-10.7965
2025-12-01 04:00:00,588,Theni,1.5,-10.78425
2025-12-01 18:00:00,588,Theni,1.5,-10.792875
2025-12-01 19:00:00,588,Theni,1.0,-10.792875
2025-12-01 20:00:00,588,Theni,2.5,-10.792875
2025-12-01 21:00:00,588,Theni,0.5,-10.792875
2025-12-02 06:00:00,588,Theni,1.0,-10.769625
2025-12-02 12:00:00,588,Theni,0.5,-10.809375
2025-12-03 03:00:00,588,Theni,21.5,-10.776625
2025-12-03 04:00:00,588,Theni,6.5,-10.768125
2025-12-03 05:00:00,588,Theni,11.5,-10.768125
2025-12-03 08:00:00,588,Theni,0.5,-10.768125
2025-12-03 11:00:00,588,Theni,1.0,-10.7795
2025-12-03 12:00:00,588,Theni,0.5,-10.7795
2025-12-03 14:00:00,588,Theni,2.0,-10.7795
2025-12-03 15:00:00,588,Theni,1.5,-10.7795
2025-12-03 16:00:00,588,Theni,1.0,-10.8045
2025-12-03 20:00:00,588,Theni,9.0,-10.8045
2025-12-04 00:00:00,588,Theni,4.0,-10.7545
2025-12-04 01:00:00,588,Theni,1.0,-10.7545
2025-12-04 04:00:00,588,Theni,1.0,-10.332
2025-12-04 13:00:00,588,Theni,0.5,-10.340571428571428
2025-12-04 20:00:00,588,Theni,6.5,-10.734125
2025-12-04 21:00:00,588,Theni,0.5,-10.734125
2025-12-05 12:00:00,588,Theni,2.0,-10.716125
2025-12-05 13:00:00,588,Theni,0.5,-10.716125
2025-12-05 21:00:00,588,Theni,1.5,-10.712
2025-12-06 05:00:00,588,Theni,0.5,-10.693375
2025-12-17 00:00:00,588,Theni,2.5,-9.6965
2025-12-17 01:00:00,588,Theni,0.5,-9.6965
2025-12-17 06:00:00,588,Theni,0.5,-9.6915
2025-12-17 07:00:00,588,Theni,3.5,-9.6915
2025-12-17 08:00:00,588,Theni,0.5,-9.6915
2025-12-17 09:00:00,588,Theni,1.0,-9.6915
2026-01-01 22:00:00,588,Theni,13.0,-8.99255
2026-01-01 23:00:00,588,Theni,30.0,-8.99255
2026-01-02 00:00:00,588,Theni,9.5,-8.99255
2026-01-02 01:00:00,588,Theni,2.5,-8.99255
2026-01-02 02:00:00,588,Theni,3.0,-8.99255
2026-01-02 03:00:00,588,Theni,3.5,-8.99255
2026-01-02 04:00:00,588,Theni,1.5,-8.61365
2026-01-02 05:00:00,588,Theni,0.5,-8.61365
2026-01-02 06:00:00,588,Theni,2.5,-8.61365
2026-01-02 07:00:00,588,Theni,1.5,-8.61365
2026-01-02 08:00:00,588,Theni,0.75,-8.61365
2026-01-11 02:00:00,588,Theni,0.5,-9.700764705882351
2026-01-11 03:00:00,588,Theni,0.5,-9.700764705882351
2026-01-11 07:00:00,588,Theni,1.0,-9.866111111111111
2026-01-11 08:00:00,588,Theni,1.5,-9.866111111111111
2026-01-11 09:00:00,588,Theni,2.0,-9.866111111111111
2026-01-11 10:00:00,588,Theni,3.0,-9.850944444444444
2026-01-11 11:00:00,588,Theni,0.5,-9.850944444444444
2026-01-11 14:00:00,588,Theni,1.0,-9.850944444444444
2026-01-13 00:00:00,588,Theni,0.5,-8.943
2026-01-13 13:00:00,588,Theni,0.5,-8.60308695652174
2026-01-13 15:00:00,588,Theni,0.5,-8.60308695652174
2026-01-13 16:00:00,588,Theni,0.6666666666666666,-8.601045454545455
2026-01-13 19:00:00,588,Theni,0.5,-8.601045454545455
2026-01-26 09:00:00,588,Theni,1.0,-8.898894736842106
2026-01-26 13:00:00,588,Theni,0.5,-8.808263157894737
2026-02-24 16:00:00,588,Theni,1.0,-12.612
2026-02-24 17:00:00,588,Theni,6.25,-12.612
2026-02-24 18:00:00,588,Theni,1.5,-12.612
2026-02-25 14:00:00,588,Theni,0.5,-9.161357142857144
2026-02-25 20:35:00,588,Theni,0.5,-6.347384615384616
2026-02-25 20:40:00,588,Theni,0.5,-6.347384615384616
2026-02-25 20:45:00,588,Theni,0.5,-6.347384615384616
2026-02-25 20:50:00,588,Theni,0.5,-6.347384615384616
2026-02-25 20:55:00,588,Theni,0.5,-6.347384615384616
2026-02-25 21:00:00,588,Theni,0.5,-6.347384615384616
2026-02-25 21:35:00,588,Theni,0.5,-6.40623076923077
2026-02-25 21:40:00,588,Theni,0.5,-6.40623076923077
2026-02-25 21:45:00,588,Theni,0.5,-6.40623076923077
2026-02-25 22:00:00,588,Theni,1.0,-6.40623076923077
2026-02-28 00:00:00,588,Theni,1.5,-9.193384615384614
2026-02-28 01:00:00,588,Theni,0.5,-9.193384615384614
2026-03-18 00:00:00,588,Theni,0.5,-8.947592592592592
2026-03-18 18:00:00,588,Theni,1.1666666666666667,-9.154192307692307
2026-03-18 19:00:00,588,Theni,5.5,-9.154192307692307
2026-03-18 20:00:00,588,Theni,0.5,-9.154192307692307
2023-11-07 14:00:00,594,Thoothukudi,6.5,-1.77
2023-11-07 15:00:00,594,Thoothukudi,1.0,-1.77
2023-11-07 16:00:00,594,Thoothukudi,2.6666666666666665,-1.77
2023-11-07 17:00:00,594,Thoothukudi,2.0,-1.77
2023-11-08 06:00:00,594,Thoothukudi,5.5,-1.77
2023-11-08 07:00:00,594,Thoothukudi,1.0,-1.77
2023-11-08 10:00:00,594,Thoothukudi,0.5,-1.77
2023-11-08 16:00:00,594,Thoothukudi,1.75,-1.77
2023-11-08 17:00:00,594,Thoothukudi,5.5,-1.77
2023-11-08 18:00:00,594,Thoothukudi,6.125,-1.77
2023-11-08 19:00:00,594,Thoothukudi,4.166666666666667,-1.77
2023-11-08 20:00:00,594,Thoothukudi,0.5,-1.77
2023-11-08 21:00:00,594,Thoothukudi,2.4,-1.77
2023-11-08 22:00:00,594,Thoothukudi,14.0,-1.77
2023-11-08 23:00:00,594,Thoothukudi,8.666666666666666,-1.77
2023-11-09 00:00:00,594,Thoothukudi,4.714285714285714,-1.77
2023-11-09 01:00:00,594,Thoothukudi,5.3,-1.77
2023-11-09 02:00:00,594,Thoothukudi,4.5,-1.77
2023-11-09 03:00:00,594,Thoothukudi,2.8,-1.77
2023-11-09 04:00:00,594,Thoothukudi,1.875,-1.77
2023-11-09 05:00:00,594,Thoothukudi,1.2,-1.77
2023-11-09 06:00:00,594,Thoothukudi,0.5,-1.77
2023-11-09 16:00:00,594,Thoothukudi,2.0,-1.77
2023-11-10 00:00:00,594,Thoothukudi,5.0,-1.77
2023-11-10 02:00:00,594,Thoothukudi,4.0,-1.77
2023-11-10 04:00:00,594,Thoothukudi,31.5,-1.77
2023-11-10 05:00:00,594,Thoothukudi,2.6666666666666665,-1.77
2023-11-10 06:00:00,594,Thoothukudi,2.75,-1.77
2023-11-10 07:00:00,594,Thoothukudi,0.6666666666666666,-1.77
2023-11-10 16:00:00,594,Thoothukudi,7.0,-1.77
2023-11-10 19:00:00,594,Thoothukudi,1.0,-1.77
2023-11-10 20:00:00,594,Thoothukudi,4.75,-1.77
2023-11-10 21:00:00,594,Thoothukudi,0.75,-1.77
2023-11-10 23:00:00,594,Thoothukudi,0.75,-1.77
2023-11-11 00:00:00,594,Thoothukudi,9.0,-1.77
2023-11-11 01:00:00,594,Thoothukudi,1.0,-1.77
2023-11-11 13:00:00,594,Thoothukudi,0.5,-1.77
2023-11-11 14:00:00,594,Thoothukudi,0.8333333333333334,-1.77
2023-11-11 15:00:00,594,Thoothukudi,2.5,-1.77
2023-11-11 16:00:00,594,Thoothukudi,1.5,-1.77
2023-11-11 17:00:00,594,Thoothukudi,1.0,-1.77
2023-11-11 20:00:00,594,Thoothukudi,1.0,-1.77
2023-11-11 23:00:00,594,Thoothukudi,0.5,-1.77
2023-11-13 17:00:00,594,Thoothukudi,7.0,-1.77
2023-11-13 18:00:00,594,Thoothukudi,0.5,-1.77
2023-11-14 02:00:00,594,Thoothukudi,0.5,-1.77
2023-11-15 21:00:00,594,Thoothukudi,1.0,-1.77
2023-11-18 00:00:00,594,Thoothukudi,6.0,-2.72
2023-11-18 11:00:00,594,Thoothukudi,0.5,-2.715
2023-11-18 12:00:00,594,Thoothukudi,1.5,-2.715
2023-11-18 13:00:00,594,Thoothukudi,1.0,-2.715
2023-11-18 15:00:00,594,Thoothukudi,1.5,-2.715
2023-11-18 16:00:00,594,Thoothukudi,5.0,-2.735
2023-11-18 17:00:00,594,Thoothukudi,3.0,-2.735
2023-11-18 18:00:00,594,Thoothukudi,0.5,-2.735
2023-11-18 19:00:00,594,Thoothukudi,1.0,-2.735
2023-11-18 20:00:00,594,Thoothukudi,1.25,-2.735
2023-11-18 21:00:00,594,Thoothukudi,0.5,-2.735
2023-11-18 22:00:00,594,Thoothukudi,1.0,-2.7175
2023-11-18 23:00:00,594,Thoothukudi,3.6666666666666665,-2.7175
2023-11-19 00:00:00,594,Thoothukudi,0.6666666666666666,-2.7175
2023-11-19 01:00:00,594,Thoothukudi,1.5,-2.7175
2023-11-19 06:00:00,594,Thoothukudi,16.0,-2.7375
2023-11-19 07:00:00,594,Thoothukudi,1.8333333333333333,-2.7375
2023-11-19 08:00:00,594,Thoothukudi,1.25,-2.7375
2023-11-19 09:00:00,594,Thoothukudi,8.25,-2.7375
2023-11-19 10:00:00,594,Thoothukudi,20.666666666666668,-2.71
2023-11-19 11:00:00,594,Thoothukudi,6.833333333333333,-2.71
2023-11-19 12:00:00,594,Thoothukudi,3.5,-2.71
2023-11-19 13:00:00,594,Thoothukudi,2.583333333333333,-2.71
2023-11-19 14:00:00,594,Thoothukudi,2.5,-2.71
2023-11-19 15:00:00,594,Thoothukudi,3.1,-2.71
2023-11-19 16:00:00,594,Thoothukudi,1.0,-2.68
2023-11-19 17:00:00,594,Thoothukudi,1.5,-2.68
2023-11-19 18:00:00,594,Thoothukudi,0.8333333333333334,-2.68
2023-11-19 19:00:00,594,Thoothukudi,1.0,-2.68
2023-11-19 20:00:00,594,Thoothukudi,0.75,-2.68
2023-11-19 21:00:00,594,Thoothukudi,0.5,-2.68
2023-11-19 22:00:00,594,Thoothukudi,1.0,-2.6525
2023-11-19 23:00:00,594,Thoothukudi,0.5,-2.6525
2023-11-20 00:00:00,594,Thoothukudi,0.5,-2.6525
2023-11-20 01:00:00,594,Thoothukudi,0.5,-2.6525
2023-11-20 02:00:00,594,Thoothukudi,0.5,-2.6525
2023-11-20 03:00:00,594,Thoothukudi,0.5,-2.6525
2023-11-20 04:00:00,594,Thoothukudi,0.5,-2.66
2023-11-20 05:00:00,594,Thoothukudi,0.5,-2.66
2023-11-20 06:00:00,594,Thoothukudi,0.5,-2.66
2023-11-20 08:00:00,594,Thoothukudi,0.5,-2.66
2023-11-20 09:00:00,594,Thoothukudi,0.5,-2.66
2023-11-20 11:00:00,594,Thoothukudi,0.5,-2.6425
2023-11-20 12:00:00,594,Thoothukudi,1.5,-2.6425
2023-11-21 16:00:00,594,Thoothukudi,0.5,-2.6475
2023-11-22 00:00:00,594,Thoothukudi,14.5,-2.6325
2023-11-22 06:00:00,594,Thoothukudi,3.5,-2.64
2023-11-22 07:00:00,594,Thoothukudi,1.5,-2.64
2023-11-22 08:00:00,594,Thoothukudi,1.25,-2.64
2023-11-22 09:00:00,594,Thoothukudi,2.5,-2.64
2023-11-22 10:00:00,594,Thoothukudi,1.5,-2.6275
2023-11-22 14:00:00,594,Thoothukudi,26.0,-2.6275
2023-11-22 15:00:00,594,Thoothukudi,1.875,-2.6275
2023-11-22 19:00:00,594,Thoothukudi,0.5,-2.635
2023-11-22 20:00:00,594,Thoothukudi,5.75,-2.635
2023-11-22 21:00:00,594,Thoothukudi,9.0,-2.635
2023-11-22 22:00:00,594,Thoothukudi,26.875,-2.615
2023-11-22 23:00:00,594,Thoothukudi,6.0,-2.615
2023-11-23 00:00:00,594,Thoothukudi,1.25,-2.615
2023-11-23 01:00:00,594,Thoothukudi,0.5,-2.615
2023-11-23 02:00:00,594,Thoothukudi,4.166666666666667,-2.615
2023-11-23 03:00:00,594,Thoothukudi,7.071428571428571,-2.615
2023-11-23 04:00:00,594,Thoothukudi,4.285714285714286,-2.56
2023-11-23 05:00:00,594,Thoothukudi,4.142857142857143,-2.56
2023-11-23 06:00:00,594,Thoothukudi,2.857142857142857,-2.56
2023-11-23 07:00:00,594,Thoothukudi,3.4285714285714284,-2.56
2023-11-23 08:00:00,594,Thoothukudi,2.5,-2.56
2023-11-23 09:00:00,594,Thoothukudi,5.5,-2.56
2023-11-23 10:00:00,594,Thoothukudi,4.5,-2.485
2023-11-23 11:00:00,594,Thoothukudi,2.0,-2.485
2023-11-23 12:00:00,594,Thoothukudi,2.0,-2.485
2023-11-23 13:00:00,594,Thoothukudi,0.5,-2.485
2023-11-23 16:00:00,594,Thoothukudi,1.0,-2.4525
2023-11-24 06:00:00,594,Thoothukudi,6.0,-2.4375
2023-11-24 10:00:00,594,Thoothukudi,2.5,-2.4075
2023-11-24 11:00:00,594,Thoothukudi,1.0,-2.4075
2023-11-25 09:00:00,594,Thoothukudi,2.0,-2.41
2023-11-25 11:00:00,594,Thoothukudi,0.5,-2.3925
2023-11-25 12:00:00,594,Thoothukudi,4.0,-2.3925
2023-11-25 12:55:00,594,Thoothukudi,0.5,-2.3925
2023-11-25 13:00:00,594,Thoothukudi,1.0,-2.3925
2023-11-25 14:00:00,594,Thoothukudi,1.3333333333333333,-2.3925
2023-11-25 15:00:00,594,Thoothukudi,2.5,-2.3925
2023-11-25 23:00:00,594,Thoothukudi,1.0,-2.3975
2023-11-26 03:00:00,594,Thoothukudi,4.0,-2.3975
2023-11-27 10:00:00,594,Thoothukudi,1.0,-2.4125
2023-11-27 11:00:00,594,Thoothukudi,0.5,-2.4125
2023-11-27 12:00:00,594,Thoothukudi,0.5,-2.4125
2023-11-27 15:00:00,594,Thoothukudi,3.5,-2.4125
2023-11-27 16:00:00,594,Thoothukudi,2.6666666666666665,-2.4
2023-11-27 17:00:00,594,Thoothukudi,0.5,-2.4
2023-11-27 20:00:00,594,Thoothukudi,0.5,-2.4
2023-11-27 21:00:00,594,Thoothukudi,14.0,-2.4
2023-11-27 22:00:00,594,Thoothukudi,10.0,-2.395
2023-11-27 23:00:00,594,Thoothukudi,31.0,-2.395
2023-11-28 00:00:00,594,Thoothukudi,0.5,-2.395
2023-11-28 02:00:00,594,Thoothukudi,2.0,-2.395
2023-11-28 08:00:00,594,Thoothukudi,1.5,-2.3975
2023-11-29 02:00:00,594,Thoothukudi,5.0,-2.3925
2023-11-29 13:00:00,594,Thoothukudi,0.5,-2.39
2023-11-29 15:00:00,594,Thoothukudi,2.0,-2.39
2023-11-29 22:00:00,594,Thoothukudi,1.0,-2.4
2023-11-29 23:00:00,594,Thoothukudi,0.5,-2.4
2023-11-30 01:00:00,594,Thoothukudi,0.5,-2.4
2023-11-30 08:00:00,594,Thoothukudi,1.0,-2.4175
2023-11-30 12:00:00,594,Thoothukudi,2.5,-2.4075
2023-11-30 13:00:00,594,Thoothukudi,1.5,-2.4075
2023-11-30 14:00:00,594,Thoothukudi,0.5,-2.4075
2023-11-30 15:00:00,594,Thoothukudi,0.5,-2.4075
2023-12-02 03:00:00,594,Thoothukudi,4.0,-2.4125
2023-12-03 18:00:00,594,Thoothukudi,6.0,-2.45
2023-12-03 19:00:00,594,Thoothukudi,0.5,-2.45
2023-12-03 22:00:00,594,Thoothukudi,1.0,-2.43
2023-12-04 00:00:00,594,Thoothukudi,0.5,-2.43
2023-12-08 05:00:00,594,Thoothukudi,1.0,-2.43
2023-12-08 15:00:00,594,Thoothukudi,31.0,-2.43
2023-12-09 03:00:00,594,Thoothukudi,8.0,-2.43
2023-12-09 04:00:00,594,Thoothukudi,6.75,-2.43
2023-12-09 05:00:00,594,Thoothukudi,5.5,-2.43
2023-12-09 06:00:00,594,Thoothukudi,6.666666666666667,-2.43
2023-12-09 07:00:00,594,Thoothukudi,1.0,-2.43
2023-12-09 08:00:00,594,Thoothukudi,1.0,-2.43
2023-12-09 09:00:00,594,Thoothukudi,1.0,-2.43
2023-12-09 10:00:00,594,Thoothukudi,0.5,-2.43
2023-12-09 11:00:00,594,Thoothukudi,0.5,-2.43
2023-12-09 12:00:00,594,Thoothukudi,2.0,-2.43
2023-12-09 13:00:00,594,Thoothukudi,2.1666666666666665,-2.43
2023-12-09 14:00:00,594,Thoothukudi,1.75,-2.43
2023-12-09 15:00:00,594,Thoothukudi,0.5,-2.43
2023-12-09 16:00:00,594,Thoothukudi,0.5,-2.43
2023-12-09 17:00:00,594,Thoothukudi,6.75,-2.43
2023-12-09 18:00:00,594,Thoothukudi,8.6,-2.43
2023-12-09 19:00:00,594,Thoothukudi,2.0,-2.43
2023-12-09 21:00:00,594,Thoothukudi,0.5,-2.43
2023-12-10 00:00:00,594,Thoothukudi,0.5,-2.43
2023-12-10 02:00:00,594,Thoothukudi,0.5,-2.43
2023-12-10 05:00:00,594,Thoothukudi,0.5,-2.43
2023-12-10 09:00:00,594,Thoothukudi,0.5,-2.43
2023-12-10 10:00:00,594,Thoothukudi,1.0,-2.43
2023-12-10 11:00:00,594,Thoothukudi,1.5,-2.43
2023-12-10 12:00:00,594,Thoothukudi,1.25,-2.43
2023-12-10 13:00:00,594,Thoothukudi,4.5,-2.43
2023-12-10 15:00:00,594,Thoothukudi,0.5,-2.43
2023-12-10 19:00:00,594,Thoothukudi,0.5,-2.43
2023-12-10 20:00:00,594,Thoothukudi,1.0,-2.43
2023-12-10 21:00:00,594,Thoothukudi,2.25,-2.43
2023-12-10 22:00:00,594,Thoothukudi,0.5,-2.43
2023-12-10 23:00:00,594,Thoothukudi,0.5,-2.43
2023-12-16 10:00:00,594,Thoothukudi,1.5,-1.4575
2023-12-16 11:00:00,594,Thoothukudi,0.6666666666666666,-1.4575
2023-12-16 12:00:00,594,Thoothukudi,1.2,-1.4575
2023-12-16 13:00:00,594,Thoothukudi,0.6666666666666666,-1.4575
2023-12-16 14:00:00,594,Thoothukudi,0.75,-1.4575
2023-12-16 15:00:00,594,Thoothukudi,0.5,-1.4575
2023-12-16 16:00:00,594,Thoothukudi,0.75,-1.4575
2023-12-16 17:00:00,594,Thoothukudi,1.0,-1.4575
2023-12-16 18:00:00,594,Thoothukudi,0.5,-1.4575
2023-12-17 00:00:00,594,Thoothukudi,2.1666666666666665,-1.4575
2023-12-17 01:00:00,594,Thoothukudi,1.75,-1.4575
2023-12-17 02:00:00,594,Thoothukudi,2.0,-1.4575
2023-12-17 03:00:00,594,Thoothukudi,1.5833333333333333,-1.4575
2023-12-17 04:00:00,594,Thoothukudi,0.5,-1.4575
2023-12-17 05:00:00,594,Thoothukudi,2.5,-1.4575
2023-12-17 06:00:00,594,Thoothukudi,4.75,-1.4575
2023-12-17 07:00:00,594,Thoothukudi,11.5,-1.4575
2023-12-17 08:00:00,594,Thoothukudi,3.25,-1.4575
2023-12-17 09:00:00,594,Thoothukudi,6.583333333333333,-1.4575
2023-12-17 10:00:00,594,Thoothukudi,2.833333333333333,-1.4575
2023-12-17 11:00:00,594,Thoothukudi,3.5,-1.4575
2023-12-17 12:00:00,594,Thoothukudi,3.3,-1.4575
2023-12-17 13:00:00,594,Thoothukudi,7.0,-1.4575
2023-12-17 14:00:00,594,Thoothukudi,9.083333333333334,-1.4575
2023-12-17 15:00:00,594,Thoothukudi,19.416666666666668,-1.4575
2023-12-17 16:00:00,594,Thoothukudi,12.5,-1.4575
2023-12-17 17:00:00,594,Thoothukudi,20.8,-1.4575
2023-12-17 18:00:00,594,Thoothukudi,11.833333333333334,-1.4575
2023-12-17 19:00:00,594,Thoothukudi,9.916666666666666,-1.4575
2023-12-17 20:00:00,594,Thoothukudi,17.083333333333332,-1.4575
2023-12-17 21:00:00,594,Thoothukudi,18.5,-1.4575
2023-12-17 22:00:00,594,Thoothukudi,11.916666666666666,-1.4575
2023-12-17 23:00:00,594,Thoothukudi,13.916666666666666,-1.4575
2023-12-18 00:00:00,594,Thoothukudi,13.416666666666666,-1.4575
2023-12-18 01:00:00,594,Thoothukudi,10.25,-1.4575
2023-12-18 02:00:00,594,Thoothukudi,8.333333333333334,-1.4575
2023-12-18 03:00:00,594,Thoothukudi,13.0,-1.4575
2023-12-18 04:00:00,594,Thoothukudi,10.4,-1.4575
2023-12-18 05:00:00,594,Thoothukudi,10.8,-1.4575
2023-12-18 06:00:00,594,Thoothukudi,6.0,-1.4575
2023-12-18 07:00:00,594,Thoothukudi,5.2,-1.4575
2023-12-18 08:00:00,594,Thoothukudi,6.8,-1.4575
2023-12-18 09:00:00,594,Thoothukudi,5.125,-1.4575
2023-12-18 09:10:00,594,Thoothukudi,9.5,-1.4575
2023-12-18 10:00:00,594,Thoothukudi,3.6,-1.4575
2023-12-18 11:00:00,594,Thoothukudi,2.0,-1.4575
2023-12-18 12:00:00,594,Thoothukudi,1.0,-1.4575
2023-12-18 13:00:00,594,Thoothukudi,0.625,-1.4575
2023-12-18 19:00:00,594,Thoothukudi,1.0,-1.4575
2023-12-19 05:00:00,594,Thoothukudi,0.5,-1.4575
2023-12-19 11:00:00,594,Thoothukudi,0.5,-1.4575
2023-12-20 09:00:00,594,Thoothukudi,538.5,-1.4575
2023-12-21 09:00:00,594,Thoothukudi,0.5,-1.4575
2023-12-21 11:00:00,594,Thoothukudi,0.5,-1.4575
2023-12-21 12:00:00,594,Thoothukudi,1.0,-1.4575
2023-12-21 14:00:00,594,Thoothukudi,0.5,-1.4575
2023-12-21 15:00:00,594,Thoothukudi,1.75,-1.4575
2023-12-21 16:00:00,594,Thoothukudi,1.0,-1.4575
2023-12-21 17:00:00,594,Thoothukudi,0.5,-1.4575
2023-12-22 00:00:00,594,Thoothukudi,1.0,-1.4575
2023-12-22 09:00:00,594,Thoothukudi,1.0,-1.4575
2023-12-23 09:00:00,594,Thoothukudi,1.75,-1.4575
2023-12-23 10:00:00,594,Thoothukudi,8.5,-1.48
2023-12-28 07:00:00,594,Thoothukudi,1.0,-1.6325
2023-12-28 08:00:00,594,Thoothukudi,1.0,-1.6325
2023-12-28 19:00:00,594,Thoothukudi,0.5,-1.645
2023-12-28 21:00:00,594,Thoothukudi,0.5,-1.645
2023-12-29 05:00:00,594,Thoothukudi,1.0,-1.66
2023-12-30 01:00:00,594,Thoothukudi,0.5,-1.6675
2024-01-03 22:00:00,594,Thoothukudi,0.5,-1.765
2024-01-04 01:00:00,594,Thoothukudi,0.5,-1.765
2024-01-04 20:00:00,594,Thoothukudi,3.5,-1.7875
2024-01-05 04:00:00,594,Thoothukudi,0.5,-1.7925
2024-01-05 05:00:00,594,Thoothukudi,0.5,-1.7925
2024-01-05 17:00:00,594,Thoothukudi,1.5,-1.805
2024-01-05 18:00:00,594,Thoothukudi,4.0,-1.805
2024-01-05 19:00:00,594,Thoothukudi,0.875,-1.805
2024-01-05 20:00:00,594,Thoothukudi,1.5,-1.805
2024-01-05 21:00:00,594,Thoothukudi,0.5,-1.805
2024-01-06 18:00:00,594,Thoothukudi,23.0,-1.8075
2024-01-06 19:00:00,594,Thoothukudi,0.75,-1.8075
2024-01-06 22:00:00,594,Thoothukudi,1.5,-1.8
2024-01-06 23:00:00,594,Thoothukudi,0.5,-1.8
2024-01-07 00:00:00,594,Thoothukudi,4.5,-1.8
2024-01-07 02:00:00,594,Thoothukudi,0.5,-1.8
2024-01-07 14:00:00,594,Thoothukudi,0.5,-1.8075
2024-01-07 18:00:00,594,Thoothukudi,1.5,-1.805
2024-01-08 14:00:00,594,Thoothukudi,4.333333333333333,-1.83
2024-01-08 15:00:00,594,Thoothukudi,2.6,-1.83
2024-01-08 16:00:00,594,Thoothukudi,1.5,-1.84
2024-01-08 17:00:00,594,Thoothukudi,1.5,-1.84
2024-01-09 10:00:00,594,Thoothukudi,2.0,-1.8125
2024-01-09 11:00:00,594,Thoothukudi,1.5833333333333333,-1.8125
2024-01-09 12:00:00,594,Thoothukudi,1.9285714285714288,-1.8125
2024-01-09 13:00:00,594,Thoothukudi,2.2857142857142856,-1.8125
2024-01-09 14:00:00,594,Thoothukudi,0.5,-1.8125
2024-01-09 15:00:00,594,Thoothukudi,0.5,-1.8125
2024-01-09 16:00:00,594,Thoothukudi,2.0,-1.7825
2024-01-10 17:00:00,594,Thoothukudi,0.5,-1.7475
2024-01-10 18:00:00,594,Thoothukudi,0.5,-1.7475
2024-01-19 19:00:00,594,Thoothukudi,1.5,-1.8825
2024-01-20 06:00:00,594,Thoothukudi,1.3,-1.895
2024-01-20 07:00:00,594,Thoothukudi,1.25,-1.895
2024-01-20 08:00:00,594,Thoothukudi,1.8333333333333333,-1.895
2024-01-20 09:00:00,594,Thoothukudi,3.5,-1.895
2024-01-21 04:00:00,594,Thoothukudi,0.5,-1.9075
2024-02-01 04:00:00,594,Thoothukudi,5.0,-2.075
2024-02-01 05:00:00,594,Thoothukudi,0.5,-2.075
2024-02-01 06:00:00,594,Thoothukudi,4.5,-2.075
2024-02-01 07:00:00,594,Thoothukudi,3.5,-2.075
2024-02-01 08:00:00,594,Thoothukudi,11.0,-2.075
2024-02-01 09:00:00,594,Thoothukudi,15.0,-2.075
2024-02-01 10:00:00,594,Thoothukudi,19.83333333333333,-2.035
2024-02-01 11:00:00,594,Thoothukudi,14.5,-2.035
2024-02-01 12:00:00,594,Thoothukudi,5.125,-2.035
2024-02-01 13:00:00,594,Thoothukudi,1.5,-2.035
2024-03-02 08:00:00,594,Thoothukudi,5.5,2.846
2024-03-02 09:00:00,594,Thoothukudi,1.5,2.846
2024-03-02 19:00:00,594,Thoothukudi,1.0,2.8280000000000003
2024-03-22 02:00:00,594,Thoothukudi,2.0,-2.5475
2024-03-22 03:00:00,594,Thoothukudi,6.0,-2.5475
2024-03-22 04:00:00,594,Thoothukudi,5.5,-2.5475
2024-03-22 05:00:00,594,Thoothukudi,2.0,-2.5475
2024-03-22 06:00:00,594,Thoothukudi,3.0,-2.5475
2024-03-22 07:00:00,594,Thoothukudi,2.5,-2.5475
2024-03-22 08:00:00,594,Thoothukudi,2.0,-2.5475
2024-03-22 09:00:00,594,Thoothukudi,1.75,-2.5475
2024-03-22 10:00:00,594,Thoothukudi,1.0,-2.5475
2024-03-22 11:00:00,594,Thoothukudi,1.0,-2.5475
2024-03-22 12:00:00,594,Thoothukudi,1.0,-2.5475
2024-03-22 13:00:00,594,Thoothukudi,1.0,-2.5475
2024-03-22 15:00:00,594,Thoothukudi,0.5,-2.5475
2024-03-23 11:00:00,594,Thoothukudi,0.5,-2.56
2024-03-23 15:00:00,594,Thoothukudi,0.5,-2.56
2024-03-23 19:00:00,594,Thoothukudi,0.5,-2.565
2024-03-24 01:00:00,594,Thoothukudi,0.5,-2.565
2024-03-24 08:00:00,594,Thoothukudi,0.5,-2.575
2024-03-24 14:00:00,594,Thoothukudi,0.5,-2.565
2024-03-25 01:00:00,594,Thoothukudi,0.5,-2.5700000000000003
2024-03-28 03:00:00,594,Thoothukudi,0.5,-2.6125
2024-03-28 04:00:00,594,Thoothukudi,1.0,-2.625
2024-03-28 05:00:00,594,Thoothukudi,0.5,-2.625
2024-03-28 06:00:00,594,Thoothukudi,1.0,-2.625
2024-03-28 07:00:00,594,Thoothukudi,0.5,-2.625
2024-03-28 09:00:00,594,Thoothukudi,0.5,-2.625
2024-03-28 10:00:00,594,Thoothukudi,0.5,-2.61
2024-03-28 11:00:00,594,Thoothukudi,0.5,-2.61
2024-03-28 12:00:00,594,Thoothukudi,0.5,-2.61
2024-03-28 16:00:00,594,Thoothukudi,0.5,-2.6225
2024-03-29 00:00:00,594,Thoothukudi,0.5,-2.63
2024-03-29 07:00:00,594,Thoothukudi,0.5,-2.63
2024-03-29 12:00:00,594,Thoothukudi,0.5,-2.6375
2024-03-29 16:00:00,594,Thoothukudi,0.5,-2.6625
2024-03-29 23:00:00,594,Thoothukudi,0.5,-2.6475
2024-03-30 05:00:00,594,Thoothukudi,0.5,-2.6475
2024-03-30 12:00:00,594,Thoothukudi,0.5,-2.65
2024-03-30 18:00:00,594,Thoothukudi,0.5,-2.67
2024-03-31 04:00:00,594,Thoothukudi,0.5,-2.6825
2024-03-31 11:00:00,594,Thoothukudi,0.5,-2.69
2024-03-31 20:00:00,594,Thoothukudi,0.5,-2.7075
2024-04-01 06:00:00,594,Thoothukudi,0.5,-2.72
2024-04-01 15:00:00,594,Thoothukudi,0.5,-2.6775
2024-04-02 01:00:00,594,Thoothukudi,0.5,-2.675
2024-04-02 12:00:00,594,Thoothukudi,0.5,-2.6825
2024-04-02 23:00:00,594,Thoothukudi,0.5,-2.6975
2024-04-03 11:00:00,594,Thoothukudi,0.5,-2.7
2024-04-03 22:00:00,594,Thoothukudi,0.5,-2.71
2024-04-04 11:00:00,594,Thoothukudi,0.5,-2.7275
2024-04-04 16:00:00,594,Thoothukudi,4.0,-2.735
2024-04-05 01:00:00,594,Thoothukudi,0.5,-2.7225
2024-04-05 14:00:00,594,Thoothukudi,0.5,-2.725
2024-04-12 08:00:00,594,Thoothukudi,0.5,-2.835
2024-04-12 09:00:00,594,Thoothukudi,1.0,-2.835
2024-04-12 10:00:00,594,Thoothukudi,1.0,-2.815
2024-04-12 11:00:00,594,Thoothukudi,1.5,-2.815
2024-04-12 12:00:00,594,Thoothukudi,2.6666666666666665,-2.815
2024-04-12 13:00:00,594,Thoothukudi,0.5,-2.815
2024-04-12 14:00:00,594,Thoothukudi,5.5,-2.815
2024-04-12 16:00:00,594,Thoothukudi,5.0,-2.8275
2024-04-12 18:00:00,594,Thoothukudi,0.5,-2.8275
2024-04-12 21:00:00,594,Thoothukudi,0.5,-2.8275
2024-04-13 00:00:00,594,Thoothukudi,0.5,-2.795
2024-04-13 02:00:00,594,Thoothukudi,0.5,-2.795
2024-04-13 03:00:00,594,Thoothukudi,0.5,-2.795
2024-04-13 04:00:00,594,Thoothukudi,7.0,-2.815
2024-04-13 05:00:00,594,Thoothukudi,5.0,-2.815
2024-04-13 17:00:00,594,Thoothukudi,0.5,-2.825
2024-04-13 19:00:00,594,Thoothukudi,2.0,-2.825
2024-04-14 02:00:00,594,Thoothukudi,1.5,-2.7925
2024-04-14 03:00:00,594,Thoothukudi,2.5,-2.7925
2024-04-14 04:00:00,594,Thoothukudi,2.5,-2.8125
2024-04-14 05:00:00,594,Thoothukudi,1.0,-2.8125
2024-04-14 06:00:00,594,Thoothukudi,1.5,-2.8125
2024-04-14 07:00:00,594,Thoothukudi,0.5,-2.8125
2024-04-14 08:00:00,594,Thoothukudi,1.0,-2.8125
2024-04-14 09:00:00,594,Thoothukudi,0.5,-2.8125
2024-04-14 10:00:00,594,Thoothukudi,0.5,-2.8025
2024-04-14 18:00:00,594,Thoothukudi,0.5,-2.8
2024-04-15 13:00:00,594,Thoothukudi,6.0,-2.805
2024-04-15 14:00:00,594,Thoothukudi,0.75,-2.805
2024-04-16 03:00:00,594,Thoothukudi,0.5,-2.805
2024-04-16 06:00:00,594,Thoothukudi,3.5,-2.8175
2024-04-16 08:00:00,594,Thoothukudi,4.5,-2.8175
2024-04-16 12:00:00,594,Thoothukudi,0.5,-2.8025
2024-04-16 17:00:00,594,Thoothukudi,169.0,-2.81
2024-04-16 18:00:00,594,Thoothukudi,48.5,-2.81
2024-04-16 19:00:00,594,Thoothukudi,6.5,-2.81
2024-04-17 07:00:00,594,Thoothukudi,0.5,-2.805
2024-04-17 11:20:00,594,Thoothukudi,10.0,-2.81
2024-04-17 12:00:00,594,Thoothukudi,10.0,-2.81
2024-04-18 01:00:00,594,Thoothukudi,0.5,-2.8075
2024-04-18 20:00:00,594,Thoothukudi,0.5,-2.83
2024-04-19 17:00:00,594,Thoothukudi,65.5,-2.84
2024-04-21 05:00:00,594,Thoothukudi,0.5,-2.8625
2024-04-21 22:00:00,594,Thoothukudi,0.5,-2.8575
2024-04-28 05:00:00,594,Thoothukudi,4.0,-2.9425
2024-05-05 18:00:00,594,Thoothukudi,0.5,-3.1175
2024-05-06 14:00:00,594,Thoothukudi,0.5,-3.075
2024-05-06 16:00:00,594,Thoothukudi,0.5,-3.1025
2024-05-06 19:00:00,594,Thoothukudi,0.5,-3.1025
2024-05-07 02:00:00,594,Thoothukudi,0.5,-3.07
2024-05-07 11:00:00,594,Thoothukudi,0.5,-3.0825
2024-05-07 16:00:00,594,Thoothukudi,0.5,-3.1625
2024-05-07 20:00:00,594,Thoothukudi,0.5,-3.1625
2024-05-08 05:00:00,594,Thoothukudi,0.5,-3.1025
2024-05-08 14:00:00,594,Thoothukudi,0.5,-3.1275
2024-05-09 03:00:00,594,Thoothukudi,0.5,-3.1025
2024-05-10 15:00:00,594,Thoothukudi,26.0,-3.13
2024-05-10 16:00:00,594,Thoothukudi,18.5,1.88
2024-05-10 19:00:00,594,Thoothukudi,1.0,1.88
2024-05-11 02:00:00,594,Thoothukudi,0.5,1.8980000000000004
2024-05-11 10:00:00,594,Thoothukudi,3.5,1.884
2024-05-11 11:00:00,594,Thoothukudi,0.5,1.884
2024-05-11 12:00:00,594,Thoothukudi,1.0,1.884
2024-05-11 16:00:00,594,Thoothukudi,3.0,1.8260000000000003
2024-05-11 17:00:00,594,Thoothukudi,3.333333333333333,1.8260000000000003
2024-05-11 21:00:00,594,Thoothukudi,0.5,1.8260000000000003
2024-05-12 10:00:00,594,Thoothukudi,0.5,1.882
2024-05-12 13:00:00,594,Thoothukudi,3.5,1.882
2024-05-13 13:00:00,594,Thoothukudi,19.666666666666668,1.8220000000000005
2024-05-13 14:00:00,594,Thoothukudi,22.166666666666668,1.8220000000000005
2024-05-13 21:00:00,594,Thoothukudi,0.5,0.9266666666666667
2024-05-13 22:00:00,594,Thoothukudi,2.0,0.9650000000000002
2024-05-14 07:00:00,594,Thoothukudi,1.0,0.96
2024-05-14 08:00:00,594,Thoothukudi,15.0,0.96
2024-05-14 09:00:00,594,Thoothukudi,6.0,0.96
2024-05-14 10:00:00,594,Thoothukudi,0.5,0.9516666666666664
2024-05-14 15:00:00,594,Thoothukudi,0.5,0.9516666666666664
2024-05-14 18:00:00,594,Thoothukudi,1.0,0.933333333333333
2024-05-14 19:00:00,594,Thoothukudi,0.5,0.933333333333333
2024-05-15 02:00:00,594,Thoothukudi,0.5,0.965
2024-05-15 13:00:00,594,Thoothukudi,17.25,0.943333333333333
2024-05-15 14:00:00,594,Thoothukudi,3.5,0.943333333333333
2024-05-15 15:00:00,594,Thoothukudi,2.5,0.943333333333333
2024-05-15 16:00:00,594,Thoothukudi,2.0,0.973333333333333
2024-05-15 17:00:00,594,Thoothukudi,0.5,0.973333333333333
2024-05-15 18:00:00,594,Thoothukudi,0.5,0.973333333333333
2024-05-15 19:00:00,594,Thoothukudi,2.0,0.973333333333333
2024-05-15 20:00:00,594,Thoothukudi,1.0,0.973333333333333
2024-05-15 21:00:00,594,Thoothukudi,0.5,0.973333333333333
2024-05-17 10:00:00,594,Thoothukudi,1.0,0.9516666666666672
2024-05-17 13:20:00,594,Thoothukudi,0.5,0.9516666666666672
2024-05-17 13:25:00,594,Thoothukudi,0.5,-3.57
2024-05-17 13:30:00,594,Thoothukudi,0.5,-3.57
2024-05-17 13:35:00,594,Thoothukudi,0.5,-3.57
2024-05-17 13:40:00,594,Thoothukudi,0.5,-3.57
2024-05-17 13:45:00,594,Thoothukudi,0.5,-3.57
2024-05-17 13:50:00,594,Thoothukudi,0.5,-3.57
2024-05-17 13:55:00,594,Thoothukudi,0.5,-3.57
2024-05-17 14:00:00,594,Thoothukudi,0.5,-3.57
2024-05-17 14:20:00,594,Thoothukudi,0.5,-3.57
2024-05-17 14:25:00,594,Thoothukudi,1.0,-3.57
2024-05-17 14:30:00,594,Thoothukudi,1.0,-3.57
2024-05-17 14:35:00,594,Thoothukudi,1.0,-3.57
2024-05-17 14:40:00,594,Thoothukudi,1.0,-3.57
2024-05-17 14:45:00,594,Thoothukudi,1.0,-3.57
2024-05-17 14:50:00,594,Thoothukudi,1.0,-3.57
2024-05-17 14:55:00,594,Thoothukudi,1.0,-3.57
2024-05-17 15:00:00,594,Thoothukudi,1.0,-3.57
2024-05-17 16:00:00,594,Thoothukudi,0.5,1.0
2024-05-17 17:00:00,594,Thoothukudi,1.0,1.0100000000000005
2024-05-18 13:30:00,594,Thoothukudi,0.5,1.0083333333333335
2024-05-18 13:35:00,594,Thoothukudi,0.5,1.0083333333333335
2024-05-18 13:40:00,594,Thoothukudi,1.5,1.0083333333333335
2024-05-18 13:45:00,594,Thoothukudi,2.5,1.0
2024-05-18 13:50:00,594,Thoothukudi,2.5,1.0
2024-05-18 13:55:00,594,Thoothukudi,3.0,1.0
2024-05-18 14:00:00,594,Thoothukudi,3.0,1.0
2024-05-18 14:10:00,594,Thoothukudi,0.5,1.0
2024-05-18 14:15:00,594,Thoothukudi,0.5,1.0
2024-05-18 14:20:00,594,Thoothukudi,0.5,1.0
2024-05-18 14:25:00,594,Thoothukudi,1.0,1.0
2024-05-18 14:30:00,594,Thoothukudi,1.0,1.0
2024-05-18 14:35:00,594,Thoothukudi,1.0,1.0
2024-05-18 14:40:00,594,Thoothukudi,1.5,1.0
2024-05-18 14:45:00,594,Thoothukudi,1.5,1.0
2024-05-18 14:50:00,594,Thoothukudi,1.5,1.0
2024-05-18 14:55:00,594,Thoothukudi,2.0,1.0
2024-05-18 15:00:00,594,Thoothukudi,2.0,1.0
2024-05-18 15:20:00,594,Thoothukudi,0.5,1.0
2024-05-18 15:25:00,594,Thoothukudi,0.75,1.0
2024-05-18 15:30:00,594,Thoothukudi,1.5,1.0
2024-05-18 15:35:00,594,Thoothukudi,3.25,1.0
2024-05-18 15:40:00,594,Thoothukudi,4.25,1.0
2024-05-18 15:45:00,594,Thoothukudi,5.75,1.0
2024-05-18 15:50:00,594,Thoothukudi,7.5,1.0
2024-05-18 15:55:00,594,Thoothukudi,8.25,1.0
2024-05-18 16:00:00,594,Thoothukudi,8.5,1.0
2024-05-18 16:05:00,594,Thoothukudi,1.0,1.0
2024-05-18 16:10:00,594,Thoothukudi,3.0,1.0
2024-05-18 16:15:00,594,Thoothukudi,3.5,1.0
2024-05-18 16:20:00,594,Thoothukudi,4.0,1.0
2024-05-18 16:25:00,594,Thoothukudi,4.0,1.0
2024-05-18 16:30:00,594,Thoothukudi,4.0,1.0
2024-05-18 16:35:00,594,Thoothukudi,4.0,1.0
2024-05-18 16:40:00,594,Thoothukudi,4.0,1.0
2024-05-18 16:45:00,594,Thoothukudi,4.5,1.0316666666666667
2024-05-18 16:50:00,594,Thoothukudi,4.5,1.0316666666666667
2024-05-18 16:55:00,594,Thoothukudi,5.0,1.0316666666666667
2024-05-18 17:00:00,594,Thoothukudi,4.166666666666667,1.0316666666666667
2024-05-18 17:05:00,594,Thoothukudi,1.0,1.0316666666666667
2024-05-18 17:10:00,594,Thoothukudi,3.0,1.0316666666666667
2024-05-18 17:15:00,594,Thoothukudi,9.0,1.0316666666666667
2024-05-18 17:20:00,594,Thoothukudi,7.75,1.0316666666666667
2024-05-18 17:25:00,594,Thoothukudi,11.0,1.0316666666666667
2024-05-18 17:30:00,594,Thoothukudi,13.75,1.0316666666666667
2024-05-18 17:35:00,594,Thoothukudi,15.25,1.0316666666666667
2024-05-18 17:40:00,594,Thoothukudi,16.25,1.0316666666666667
2024-05-18 17:45:00,594,Thoothukudi,17.0,1.0316666666666667
2024-05-18 17:50:00,594,Thoothukudi,17.75,1.0316666666666667
2024-05-18 17:55:00,594,Thoothukudi,18.0,1.0316666666666667
2024-05-18 18:00:00,594,Thoothukudi,12.166666666666666,1.0316666666666667
2024-05-18 18:20:00,594,Thoothukudi,0.5,1.0316666666666667
2024-05-18 18:25:00,594,Thoothukudi,0.5,1.0316666666666667
2024-05-18 18:30:00,594,Thoothukudi,0.5,1.0316666666666667
2024-05-18 18:35:00,594,Thoothukudi,1.0,1.0316666666666667
2024-05-18 18:40:00,594,Thoothukudi,1.0,1.0316666666666667
2024-05-18 18:45:00,594,Thoothukudi,1.0,1.0316666666666667
2024-05-18 18:50:00,594,Thoothukudi,0.75,1.0316666666666667
2024-05-18 18:55:00,594,Thoothukudi,0.75,1.0316666666666667
2024-05-18 19:00:00,594,Thoothukudi,0.5,1.0316666666666667
2024-05-18 20:25:00,594,Thoothukudi,0.5,1.0316666666666667
2024-05-18 20:30:00,594,Thoothukudi,0.5,1.0316666666666667
2024-05-18 20:35:00,594,Thoothukudi,0.5,1.0316666666666667
2024-05-18 20:40:00,594,Thoothukudi,0.5,1.0316666666666667
2024-05-18 20:45:00,594,Thoothukudi,0.5,1.0316666666666667
2024-05-18 20:50:00,594,Thoothukudi,0.5,1.0316666666666667
2024-05-18 20:55:00,594,Thoothukudi,0.5,1.0316666666666667
2024-05-18 21:00:00,594,Thoothukudi,0.5,1.0316666666666667
2024-05-19 13:00:00,594,Thoothukudi,5.5,-2.418333333333333
2024-05-19 13:05:00,594,Thoothukudi,3.0,-2.418333333333333
2024-05-19 13:10:00,594,Thoothukudi,5.5,-2.418333333333333
2024-05-19 13:15:00,594,Thoothukudi,7.0,-2.418333333333333
2024-05-19 13:20:00,594,Thoothukudi,8.0,-2.418333333333333
2024-05-19 13:25:00,594,Thoothukudi,8.5,-2.418333333333333
2024-05-19 13:30:00,594,Thoothukudi,8.5,-2.418333333333333
2024-05-19 13:35:00,594,Thoothukudi,9.5,-2.418333333333333
2024-05-19 13:40:00,594,Thoothukudi,10.5,-2.418333333333333
2024-05-19 13:45:00,594,Thoothukudi,10.5,-2.418333333333333
2024-05-19 13:50:00,594,Thoothukudi,11.0,-2.418333333333333
2024-05-19 13:55:00,594,Thoothukudi,11.0,-2.418333333333333
2024-05-19 14:00:00,594,Thoothukudi,11.0,-2.418333333333333
2024-05-19 14:25:00,594,Thoothukudi,0.5,-2.418333333333333
2024-05-19 14:30:00,594,Thoothukudi,0.5,-2.418333333333333
2024-05-19 14:35:00,594,Thoothukudi,0.5,-2.418333333333333
2024-05-19 14:40:00,594,Thoothukudi,0.5,-2.418333333333333
2024-05-19 14:45:00,594,Thoothukudi,0.5,-2.418333333333333
2024-05-19 14:50:00,594,Thoothukudi,0.5,-2.418333333333333
2024-05-19 14:55:00,594,Thoothukudi,0.5,-2.418333333333333
2024-05-19 15:00:00,594,Thoothukudi,0.5,-2.418333333333333
2024-05-19 16:00:00,594,Thoothukudi,21.0,1.0399999999999998
2024-05-19 17:00:00,594,Thoothukudi,18.0,1.0399999999999998
2024-05-19 18:00:00,594,Thoothukudi,1.5,1.0399999999999998
2024-05-19 18:05:00,594,Thoothukudi,0.5,1.0399999999999998
2024-05-19 18:10:00,594,Thoothukudi,0.5,1.0399999999999998
2024-05-19 18:15:00,594,Thoothukudi,0.5,1.0399999999999998
2024-05-19 18:20:00,594,Thoothukudi,0.5,1.0399999999999998
2024-05-19 18:25:00,594,Thoothukudi,0.5,1.0399999999999998
2024-05-19 18:30:00,594,Thoothukudi,0.5,1.0399999999999998
2024-05-19 18:35:00,594,Thoothukudi,0.5,1.0399999999999998
2024-05-19 18:40:00,594,Thoothukudi,0.5,1.0399999999999998
2024-05-19 18:45:00,594,Thoothukudi,0.5,1.0399999999999998
2024-05-19 18:50:00,594,Thoothukudi,0.5,1.0399999999999998
2024-05-19 18:55:00,594,Thoothukudi,0.5,1.0399999999999998
2024-05-19 19:00:00,594,Thoothukudi,1.125,1.0399999999999998
2024-05-19 19:05:00,594,Thoothukudi,0.5,1.0399999999999998
2024-05-19 19:10:00,594,Thoothukudi,0.5,1.0399999999999998
2024-05-19 19:15:00,594,Thoothukudi,0.5,1.0399999999999998
2024-05-19 19:20:00,594,Thoothukudi,0.5,1.0399999999999998
2024-05-19 19:25:00,594,Thoothukudi,0.5,1.0399999999999998
2024-05-19 19:30:00,594,Thoothukudi,0.5,1.0399999999999998
2024-05-19 19:35:00,594,Thoothukudi,0.5,1.0399999999999998
2024-05-19 19:40:00,594,Thoothukudi,0.5,1.0399999999999998
2024-05-19 19:45:00,594,Thoothukudi,1.0,1.0399999999999998
2024-05-19 19:50:00,594,Thoothukudi,1.0,1.0399999999999998
2024-05-19 19:55:00,594,Thoothukudi,1.5,1.0399999999999998
2024-05-19 20:00:00,594,Thoothukudi,1.6666666666666667,1.0399999999999998
2024-05-19 20:05:00,594,Thoothukudi,1.0,1.0399999999999998
2024-05-19 20:10:00,594,Thoothukudi,1.5,1.0399999999999998
2024-05-19 20:15:00,594,Thoothukudi,3.0,1.0399999999999998
2024-05-19 20:20:00,594,Thoothukudi,3.5,1.0399999999999998
2024-05-19 20:25:00,594,Thoothukudi,4.0,1.0399999999999998
2024-05-19 20:30:00,594,Thoothukudi,4.0,1.0399999999999998
2024-05-19 20:35:00,594,Thoothukudi,4.0,1.0399999999999998
2024-05-19 20:40:00,594,Thoothukudi,4.0,1.0399999999999998
2024-05-19 20:45:00,594,Thoothukudi,4.0,1.0399999999999998
2024-05-19 20:50:00,594,Thoothukudi,4.0,1.0399999999999998
2024-05-19 20:55:00,594,Thoothukudi,4.0,1.0399999999999998
2024-05-19 21:00:00,594,Thoothukudi,2.25,1.0399999999999998
2024-05-20 10:00:00,594,Thoothukudi,0.5,1.0666666666666669
2024-05-21 07:05:00,594,Thoothukudi,0.5,1.1016666666666666
2024-05-21 13:00:00,594,Thoothukudi,8.5,1.1083333333333336
2024-05-21 13:15:00,594,Thoothukudi,0.5,1.1083333333333336
2024-05-21 13:20:00,594,Thoothukudi,2.0,1.1083333333333336
2024-05-21 13:25:00,594,Thoothukudi,2.0,1.1083333333333336
2024-05-21 13:30:00,594,Thoothukudi,2.0,1.1083333333333336
2024-05-21 13:35:00,594,Thoothukudi,2.0,1.1083333333333336
2024-05-21 13:40:00,594,Thoothukudi,2.0,1.1083333333333336
2024-05-21 13:45:00,594,Thoothukudi,2.0,1.1083333333333336
2024-05-21 13:50:00,594,Thoothukudi,2.0,1.1083333333333336
2024-05-21 13:55:00,594,Thoothukudi,2.0,1.1083333333333336
2024-05-21 14:00:00,594,Thoothukudi,2.0,1.1083333333333336
2024-05-22 01:00:00,594,Thoothukudi,1.0,1.125
2024-05-22 03:00:00,594,Thoothukudi,0.5,1.125
2024-05-22 11:00:00,594,Thoothukudi,0.5,1.99
2024-05-22 13:10:00,594,Thoothukudi,1.0,1.99
2024-05-22 13:15:00,594,Thoothukudi,3.5,1.99
2024-05-22 13:20:00,594,Thoothukudi,8.0,1.99
2024-05-22 13:25:00,594,Thoothukudi,10.5,1.99
2024-05-22 13:30:00,594,Thoothukudi,11.0,1.99
2024-05-22 13:35:00,594,Thoothukudi,11.0,1.99
2024-05-22 13:40:00,594,Thoothukudi,11.0,1.99
2024-05-22 13:45:00,594,Thoothukudi,11.0,1.99
2024-05-22 13:50:00,594,Thoothukudi,11.0,1.99
2024-05-22 13:55:00,594,Thoothukudi,11.0,1.99
2024-05-22 14:00:00,594,Thoothukudi,6.0,1.99
2024-05-22 14:30:00,594,Thoothukudi,0.5,1.99
2024-05-22 14:35:00,594,Thoothukudi,0.5,1.99
2024-05-22 14:40:00,594,Thoothukudi,0.5,1.99
2024-05-22 14:45:00,594,Thoothukudi,0.5,1.99
2024-05-22 14:50:00,594,Thoothukudi,0.5,1.99
2024-05-22 14:55:00,594,Thoothukudi,0.5,1.99
2024-05-22 15:00:00,594,Thoothukudi,0.5,1.99
2024-05-22 15:45:00,594,Thoothukudi,0.5,1.9580000000000009
2024-05-22 15:50:00,594,Thoothukudi,0.5,1.9580000000000009
2024-05-22 15:55:00,594,Thoothukudi,1.0,1.9580000000000009
2024-05-22 16:00:00,594,Thoothukudi,3.5,1.9580000000000009
2024-05-22 16:05:00,594,Thoothukudi,2.0,1.9580000000000009
2024-05-22 16:10:00,594,Thoothukudi,3.5,1.9580000000000009
2024-05-22 16:15:00,594,Thoothukudi,3.5,1.9580000000000009
2024-05-22 16:20:00,594,Thoothukudi,4.5,1.9580000000000009
2024-05-22 16:25:00,594,Thoothukudi,6.0,1.9580000000000009
2024-05-22 16:30:00,594,Thoothukudi,7.0,1.9580000000000009
2024-05-22 16:35:00,594,Thoothukudi,7.0,1.9580000000000009
2024-05-22 16:40:00,594,Thoothukudi,7.0,1.9580000000000009
2024-05-22 16:45:00,594,Thoothukudi,7.0,1.9580000000000009
2024-05-22 16:50:00,594,Thoothukudi,7.0,1.9580000000000009
2024-05-22 16:55:00,594,Thoothukudi,7.0,1.9580000000000009
2024-05-22 17:00:00,594,Thoothukudi,3.75,1.9580000000000009
2024-05-22 20:55:00,594,Thoothukudi,0.5,1.9580000000000009
2024-05-22 21:00:00,594,Thoothukudi,0.5,1.9580000000000009
2024-05-23 04:00:00,594,Thoothukudi,0.5,1.994
2024-05-23 05:00:00,594,Thoothukudi,0.5,1.994
2024-05-23 09:00:00,594,Thoothukudi,0.5,1.994
2024-05-23 16:00:00,594,Thoothukudi,0.5,1.892
2024-05-23 16:05:00,594,Thoothukudi,0.5,1.892
2024-05-23 16:10:00,594,Thoothukudi,0.5,1.892
2024-05-23 16:15:00,594,Thoothukudi,0.5,1.892
2024-05-23 16:20:00,594,Thoothukudi,0.5,1.892
2024-05-23 16:25:00,594,Thoothukudi,0.5,1.892
2024-05-23 16:30:00,594,Thoothukudi,0.5,1.892
2024-05-23 16:35:00,594,Thoothukudi,0.5,1.892
2024-05-23 16:40:00,594,Thoothukudi,1.0,1.892
2024-05-23 16:45:00,594,Thoothukudi,1.0,1.892
2024-05-23 16:50:00,594,Thoothukudi,1.0,1.892
2024-05-23 16:55:00,594,Thoothukudi,1.0,1.892
2024-05-23 17:00:00,594,Thoothukudi,1.0,1.892
2024-05-23 17:25:00,594,Thoothukudi,0.5,1.892
2024-05-23 17:30:00,594,Thoothukudi,1.5,1.892
2024-05-23 17:35:00,594,Thoothukudi,2.0,1.892
2024-05-23 17:40:00,594,Thoothukudi,2.0,1.892
2024-05-23 17:45:00,594,Thoothukudi,1.25,1.892
2024-05-23 17:50:00,594,Thoothukudi,1.25,1.892
2024-05-23 17:55:00,594,Thoothukudi,1.25,1.892
2024-05-23 18:00:00,594,Thoothukudi,1.0,1.892
2024-05-23 18:05:00,594,Thoothukudi,0.5,1.892
2024-05-23 18:10:00,594,Thoothukudi,1.0,1.892
2024-05-23 18:15:00,594,Thoothukudi,1.0,1.892
2024-05-23 18:20:00,594,Thoothukudi,0.75,1.892
2024-05-23 18:25:00,594,Thoothukudi,1.0,1.892
2024-05-23 18:30:00,594,Thoothukudi,1.0,1.892
2024-05-23 18:35:00,594,Thoothukudi,1.0,1.892
2024-05-23 18:40:00,594,Thoothukudi,1.0,1.892
2024-05-23 18:45:00,594,Thoothukudi,1.0,1.892
2024-05-23 18:50:00,594,Thoothukudi,1.0,1.892
2024-05-23 18:55:00,594,Thoothukudi,1.0,1.892
2024-05-23 19:00:00,594,Thoothukudi,2.375,1.892
2024-05-23 20:00:00,594,Thoothukudi,0.5,1.892
2024-05-24 02:30:00,594,Thoothukudi,0.5,1.9920000000000004
2024-05-24 02:35:00,594,Thoothukudi,0.5,1.9920000000000004
2024-05-24 02:40:00,594,Thoothukudi,0.5,1.9920000000000004
2024-05-24 02:45:00,594,Thoothukudi,0.5,1.9920000000000004
2024-05-24 02:50:00,594,Thoothukudi,0.5,1.9920000000000004
2024-05-24 02:55:00,594,Thoothukudi,0.5,1.9920000000000004
2024-05-24 03:00:00,594,Thoothukudi,0.5,1.9920000000000004
2024-05-24 11:00:00,594,Thoothukudi,0.5,1.97
2024-05-24 13:00:00,594,Thoothukudi,0.5,1.97
2024-05-24 14:00:00,594,Thoothukudi,0.5,1.97
2024-05-24 18:00:00,594,Thoothukudi,0.75,1.978
2024-05-24 18:25:00,594,Thoothukudi,0.5,1.978
2024-05-24 18:30:00,594,Thoothukudi,0.5,1.978
2024-05-24 18:35:00,594,Thoothukudi,0.5,1.978
2024-05-24 18:40:00,594,Thoothukudi,0.5,1.978
2024-05-24 18:45:00,594,Thoothukudi,0.5,1.978
2024-05-24 18:50:00,594,Thoothukudi,0.5,1.978
2024-05-24 18:55:00,594,Thoothukudi,0.5,1.978
2024-05-24 19:00:00,594,Thoothukudi,0.5,1.978
2024-05-24 19:55:00,594,Thoothukudi,0.5,1.978
2024-05-24 20:00:00,594,Thoothukudi,0.5,1.978
2024-05-24 20:10:00,594,Thoothukudi,0.5,1.978
2024-05-24 20:15:00,594,Thoothukudi,0.5,1.978
2024-05-24 20:20:00,594,Thoothukudi,0.75,1.978
2024-05-24 20:25:00,594,Thoothukudi,0.75,1.978
2024-05-24 20:30:00,594,Thoothukudi,0.75,1.978
2024-05-24 20:35:00,594,Thoothukudi,0.75,1.978
2024-05-24 20:40:00,594,Thoothukudi,1.0,1.978
2024-05-24 20:45:00,594,Thoothukudi,1.5,1.978
2024-05-24 20:50:00,594,Thoothukudi,2.25,1.978
2024-05-24 20:55:00,594,Thoothukudi,3.5,1.978
2024-05-24 21:00:00,594,Thoothukudi,2.1666666666666665,1.978
2024-05-24 21:10:00,594,Thoothukudi,0.5,1.996
2024-05-24 21:15:00,594,Thoothukudi,0.75,1.996
2024-05-24 21:20:00,594,Thoothukudi,0.75,1.996
2024-05-24 21:25:00,594,Thoothukudi,0.75,1.996
2024-05-24 21:30:00,594,Thoothukudi,1.0,1.996
2024-05-24 21:35:00,594,Thoothukudi,1.0,1.996
2024-05-24 21:40:00,594,Thoothukudi,1.25,1.996
2024-05-24 21:45:00,594,Thoothukudi,1.5,1.996
2024-05-24 21:50:00,594,Thoothukudi,1.75,1.996
2024-05-24 21:55:00,594,Thoothukudi,1.75,1.996
2024-05-24 22:00:00,594,Thoothukudi,2.1666666666666665,1.996
2024-05-24 22:05:00,594,Thoothukudi,0.5,1.996
2024-05-24 22:10:00,594,Thoothukudi,0.5,1.996
2024-05-24 22:15:00,594,Thoothukudi,0.5,1.996
2024-05-24 22:20:00,594,Thoothukudi,0.5,1.996
2024-05-24 22:25:00,594,Thoothukudi,0.5,1.996
2024-05-24 22:30:00,594,Thoothukudi,0.5,1.996
2024-05-24 22:35:00,594,Thoothukudi,0.5,1.996
2024-05-24 22:40:00,594,Thoothukudi,0.5,1.996
2024-05-24 22:45:00,594,Thoothukudi,0.5,1.996
2024-05-24 22:50:00,594,Thoothukudi,0.5,1.996
2024-05-24 22:55:00,594,Thoothukudi,0.5,1.996
2024-05-24 23:00:00,594,Thoothukudi,1.125,1.996
2024-05-31 14:45:00,594,Thoothukudi,1.0,1.8880000000000003
2024-05-31 14:50:00,594,Thoothukudi,1.0,1.8880000000000003
2024-05-31 14:55:00,594,Thoothukudi,1.0,1.8880000000000003
2024-05-31 15:00:00,594,Thoothukudi,1.0,1.8880000000000003
2024-05-31 17:00:00,594,Thoothukudi,1.0,1.912
2024-05-31 22:00:00,594,Thoothukudi,0.5,1.93
2024-06-01 15:00:00,594,Thoothukudi,4.75,1.892
2024-06-01 17:00:00,594,Thoothukudi,2.75,1.886
2024-06-02 18:00:00,594,Thoothukudi,7.5,1.864
2024-06-02 19:00:00,594,Thoothukudi,3.25,1.864
2024-06-02 20:00:00,594,Thoothukudi,1.75,1.864
2024-06-02 20:20:00,594,Thoothukudi,1.0,1.864
2024-06-02 20:25:00,594,Thoothukudi,2.5,1.864
2024-06-02 20:30:00,594,Thoothukudi,3.0,1.864
2024-06-02 20:35:00,594,Thoothukudi,3.5,1.864
2024-06-02 20:40:00,594,Thoothukudi,3.5,1.864
2024-06-02 20:45:00,594,Thoothukudi,3.5,1.864
2024-06-02 20:50:00,594,Thoothukudi,3.5,1.864
2024-06-02 20:55:00,594,Thoothukudi,3.5,1.864
2024-06-02 21:00:00,594,Thoothukudi,2.25,1.864
2024-06-02 22:00:00,594,Thoothukudi,1.0,1.884
2024-06-02 23:00:00,594,Thoothukudi,0.75,1.884
2024-06-03 00:00:00,594,Thoothukudi,0.5,1.884
2024-06-05 17:00:00,594,Thoothukudi,1.5,1.778
2024-06-06 16:55:00,594,Thoothukudi,2.0,1.782
2024-06-06 17:00:00,594,Thoothukudi,4.0,1.782
2024-06-06 17:10:00,594,Thoothukudi,0.5,1.782
2024-06-06 17:15:00,594,Thoothukudi,1.5,1.782
2024-06-06 17:20:00,594,Thoothukudi,4.0,1.782
2024-06-06 17:25:00,594,Thoothukudi,5.5,1.782
2024-06-06 17:30:00,594,Thoothukudi,7.5,1.782
2024-06-06 17:35:00,594,Thoothukudi,8.0,1.782
2024-06-06 17:40:00,594,Thoothukudi,8.0,1.782
2024-06-06 17:45:00,594,Thoothukudi,8.0,1.782
2024-06-06 17:50:00,594,Thoothukudi,8.0,1.782
2024-06-06 17:55:00,594,Thoothukudi,8.0,1.782
2024-06-06 18:00:00,594,Thoothukudi,8.0,1.782
2024-06-06 19:00:00,594,Thoothukudi,1.0,1.782
2024-06-06 19:20:00,594,Thoothukudi,0.5,1.782
2024-06-06 19:25:00,594,Thoothukudi,0.5,1.782
2024-06-06 19:30:00,594,Thoothukudi,0.5,1.782
2024-06-06 19:35:00,594,Thoothukudi,0.5,1.782
2024-06-06 19:40:00,594,Thoothukudi,0.5,1.782
2024-06-06 19:45:00,594,Thoothukudi,0.5,1.782
2024-06-06 19:50:00,594,Thoothukudi,0.5,1.782
2024-06-06 19:55:00,594,Thoothukudi,0.5,1.782
2024-06-06 20:00:00,594,Thoothukudi,0.5,1.782
2024-06-09 13:00:00,594,Thoothukudi,0.5,1.786
2024-06-09 14:00:00,594,Thoothukudi,4.5,1.786
2024-06-17 17:00:00,594,Thoothukudi,13.5,1.5559999999999996
2024-06-17 18:00:00,594,Thoothukudi,3.0,1.5559999999999996
2024-06-18 15:00:00,594,Thoothukudi,7.0,1.592
2024-06-19 14:00:00,594,Thoothukudi,1.0,1.5539999999999998
2024-06-19 15:00:00,594,Thoothukudi,5.5,1.5539999999999998
2024-06-24 18:00:00,594,Thoothukudi,4.0,1.4619999999999995
2024-06-24 19:00:00,594,Thoothukudi,0.5,1.4619999999999995
2024-06-26 08:00:00,594,Thoothukudi,0.5,1.4640000000000004
2024-06-26 17:00:00,594,Thoothukudi,2.5,1.3600000000000003
2024-06-26 18:00:00,594,Thoothukudi,2.5,1.3600000000000003
2024-06-26 19:00:00,594,Thoothukudi,1.0,1.3600000000000003
2024-07-05 16:00:00,594,Thoothukudi,1.5,1.2459999999999998
2024-07-12 16:00:00,594,Thoothukudi,1.5,1.0840000000000003
2024-07-12 17:00:00,594,Thoothukudi,4.5,1.0840000000000003
2024-07-12 22:00:00,594,Thoothukudi,0.5,1.134
2024-07-13 09:00:00,594,Thoothukudi,0.5,1.1279999999999997
2024-07-15 07:00:00,594,Thoothukudi,0.5,1.094
2024-07-15 08:00:00,594,Thoothukudi,0.5,1.094
2024-07-15 15:00:00,594,Thoothukudi,1.75,1.0639999999999998
2024-07-15 17:00:00,594,Thoothukudi,0.5,1.0559999999999998
2024-07-15 18:00:00,594,Thoothukudi,0.5,1.0559999999999998
2024-07-15 20:00:00,594,Thoothukudi,0.5,1.0559999999999998
2024-07-15 21:00:00,594,Thoothukudi,0.5,1.0559999999999998
2024-07-15 22:00:00,594,Thoothukudi,1.0,1.0819999999999996
2024-07-15 23:00:00,594,Thoothukudi,1.25,1.0819999999999996
2024-08-04 15:00:00,594,Thoothukudi,0.5,0.7240000000000001
2024-08-05 15:00:00,594,Thoothukudi,3.25,0.6939999999999997
2024-08-05 16:00:00,594,Thoothukudi,1.5,0.6340000000000002
2024-08-06 18:00:00,594,Thoothukudi,0.5,0.6739999999999998
2024-08-07 17:00:00,594,Thoothukudi,16.0,0.5920000000000003
2024-08-07 18:00:00,594,Thoothukudi,0.5,0.5920000000000003
2024-08-07 19:00:00,594,Thoothukudi,0.5,0.5920000000000003
2024-08-07 20:00:00,594,Thoothukudi,1.0,0.5920000000000003
2024-08-07 23:00:00,594,Thoothukudi,0.5,0.7019999999999997
2024-08-08 13:00:00,594,Thoothukudi,1.0,0.7019999999999997
2024-08-11 16:00:00,594,Thoothukudi,21.5,1.8175
2024-08-11 17:00:00,594,Thoothukudi,9.5,1.8175
2024-08-11 18:00:00,594,Thoothukudi,3.0,1.8175
2024-08-11 19:00:00,594,Thoothukudi,0.75,1.8175
2024-08-12 16:00:00,594,Thoothukudi,0.5,-4.13
2024-08-12 17:00:00,594,Thoothukudi,4.0,-4.13
2024-08-12 18:00:00,594,Thoothukudi,2.5,-4.13
2024-08-12 23:00:00,594,Thoothukudi,1.0,-4.0875
2024-08-13 02:00:00,594,Thoothukudi,0.5,-4.0875
2024-08-13 08:00:00,594,Thoothukudi,0.5,1.87
2024-08-13 13:00:00,594,Thoothukudi,1.5,1.8750000000000004
2024-08-13 14:00:00,594,Thoothukudi,9.833333333333334,1.8750000000000004
2024-08-13 15:00:00,594,Thoothukudi,0.8333333333333334,1.8750000000000004
2024-08-13 16:00:00,594,Thoothukudi,0.5,1.905
2024-08-13 17:00:00,594,Thoothukudi,1.5,1.905
2024-08-13 22:00:00,594,Thoothukudi,1.0,1.93
2024-08-13 23:00:00,594,Thoothukudi,0.6666666666666666,1.93
2024-08-14 00:00:00,594,Thoothukudi,0.6,1.93
2024-08-14 01:00:00,594,Thoothukudi,5.125,1.93
2024-08-14 02:00:00,594,Thoothukudi,3.5,1.93
2024-08-14 03:00:00,594,Thoothukudi,4.625,1.93
2024-08-14 04:00:00,594,Thoothukudi,1.1666666666666667,-4.0075
2024-08-14 05:00:00,594,Thoothukudi,1.0,-4.0075
2024-08-14 07:00:00,594,Thoothukudi,0.5,-4.0075
2024-08-14 11:00:00,594,Thoothukudi,0.5,-3.9625
2024-08-14 15:00:00,594,Thoothukudi,28.5,-3.9625
2024-08-14 16:00:00,594,Thoothukudi,0.5,-3.945
2024-08-14 19:00:00,594,Thoothukudi,1.0,-3.945
2024-08-15 03:00:00,594,Thoothukudi,0.5,-3.92
2024-08-15 05:00:00,594,Thoothukudi,136.5,-2.944
2024-08-15 06:00:00,594,Thoothukudi,32.0,-2.944
2024-08-15 08:00:00,594,Thoothukudi,0.5,-2.944
2024-08-15 12:00:00,594,Thoothukudi,1.0,0.8379999999999999
2024-08-15 14:00:00,594,Thoothukudi,174.5,0.8379999999999999
2024-08-15 15:00:00,594,Thoothukudi,151.5,0.8379999999999999
2024-08-15 16:00:00,594,Thoothukudi,17.0,0.8340000000000003
2024-08-15 17:00:00,594,Thoothukudi,14.0,0.8340000000000003
2024-08-15 18:00:00,594,Thoothukudi,0.5,0.8340000000000003
2024-08-15 22:00:00,594,Thoothukudi,2.0,0.8720000000000002
2024-08-15 23:00:00,594,Thoothukudi,5.0,0.8720000000000002
2024-08-16 01:00:00,594,Thoothukudi,25.0,0.8720000000000002
2024-08-16 02:00:00,594,Thoothukudi,61.5,0.8720000000000002
2024-08-16 03:00:00,594,Thoothukudi,6.0,0.8720000000000002
2024-08-16 04:00:00,594,Thoothukudi,1.0,0.8639999999999997
2024-08-16 05:00:00,594,Thoothukudi,13.0,0.8639999999999997
2024-08-16 06:00:00,594,Thoothukudi,60.0,0.8639999999999997
2024-08-16 08:00:00,594,Thoothukudi,35.0,0.8639999999999997
2024-08-16 09:00:00,594,Thoothukudi,11.0,0.8639999999999997
2024-08-16 12:00:00,594,Thoothukudi,1.0,0.8579999999999999
2024-08-16 14:00:00,594,Thoothukudi,6.0,0.8579999999999999
2024-08-16 15:00:00,594,Thoothukudi,0.75,0.8579999999999999
2024-08-17 17:00:00,594,Thoothukudi,0.5,2.155
2024-08-19 19:00:00,594,Thoothukudi,0.5,0.8259999999999998
2024-08-20 15:00:00,594,Thoothukudi,0.5,4.03
2024-08-20 15:35:00,594,Thoothukudi,0.5,4.046666666666667
2024-08-20 15:40:00,594,Thoothukudi,0.5,4.046666666666667
2024-08-20 15:45:00,594,Thoothukudi,0.5,4.046666666666667
2024-08-20 15:50:00,594,Thoothukudi,0.5,4.046666666666667
2024-08-20 15:55:00,594,Thoothukudi,0.5,4.046666666666667
2024-08-20 16:00:00,594,Thoothukudi,0.5,4.046666666666667
2024-08-20 17:00:00,594,Thoothukudi,5.0,4.046666666666667
2024-08-20 17:15:00,594,Thoothukudi,0.5,4.046666666666667
2024-08-20 17:20:00,594,Thoothukudi,2.5,4.046666666666667
2024-08-20 17:25:00,594,Thoothukudi,3.5,4.046666666666667
2024-08-20 17:30:00,594,Thoothukudi,7.5,4.046666666666667
2024-08-20 17:35:00,594,Thoothukudi,10.0,4.046666666666667
2024-08-20 17:40:00,594,Thoothukudi,10.5,4.046666666666667
2024-08-20 17:45:00,594,Thoothukudi,10.5,4.046666666666667
2024-08-20 17:50:00,594,Thoothukudi,11.5,4.046666666666667
2024-08-20 17:55:00,594,Thoothukudi,13.5,4.046666666666667
2024-08-20 18:00:00,594,Thoothukudi,16.0,4.046666666666667
2024-08-20 18:05:00,594,Thoothukudi,1.0,4.046666666666667
2024-08-20 18:10:00,594,Thoothukudi,1.5,4.046666666666667
2024-08-20 18:15:00,594,Thoothukudi,1.5,4.046666666666667
2024-08-20 18:20:00,594,Thoothukudi,1.5,4.046666666666667
2024-08-20 18:25:00,594,Thoothukudi,1.5,4.046666666666667
2024-08-20 18:30:00,594,Thoothukudi,1.5,4.046666666666667
2024-08-20 18:35:00,594,Thoothukudi,1.5,4.046666666666667
2024-08-20 18:40:00,594,Thoothukudi,1.5,4.046666666666667
2024-08-20 18:45:00,594,Thoothukudi,1.5,4.046666666666667
2024-08-20 18:50:00,594,Thoothukudi,1.5,4.046666666666667
2024-08-20 18:55:00,594,Thoothukudi,1.5,4.046666666666667
2024-08-20 19:00:00,594,Thoothukudi,1.5,4.046666666666667
2024-08-20 19:35:00,594,Thoothukudi,0.5,4.046666666666667
2024-08-20 19:40:00,594,Thoothukudi,0.5,4.046666666666667
2024-08-20 19:45:00,594,Thoothukudi,0.5,4.046666666666667
2024-08-20 19:50:00,594,Thoothukudi,1.0,4.046666666666667
2024-08-20 19:55:00,594,Thoothukudi,1.0,4.046666666666667
2024-08-20 20:00:00,594,Thoothukudi,1.0,4.046666666666667
2024-08-20 20:05:00,594,Thoothukudi,0.5,4.046666666666667
2024-08-22 03:00:00,594,Thoothukudi,0.5,2.1325
2024-08-23 15:50:00,594,Thoothukudi,0.5,0.8620000000000004
2024-08-23 15:55:00,594,Thoothukudi,0.5,0.8620000000000004
2024-08-23 16:00:00,594,Thoothukudi,0.5,0.8620000000000004
2024-08-24 11:20:00,594,Thoothukudi,0.5,-3.796666666666667
2024-08-24 11:25:00,594,Thoothukudi,1.0,-3.796666666666667
2024-08-24 11:35:00,594,Thoothukudi,5.0,-3.796666666666667
2024-08-24 11:40:00,594,Thoothukudi,7.5,-3.796666666666667
2024-08-24 11:50:00,594,Thoothukudi,9.0,-3.796666666666667
2024-08-24 12:00:00,594,Thoothukudi,10.0,-3.796666666666667
2024-08-24 12:15:00,594,Thoothukudi,1.0,-3.796666666666667
2024-08-24 12:20:00,594,Thoothukudi,1.0,-3.796666666666667
2024-08-24 12:25:00,594,Thoothukudi,1.0,-3.796666666666667
2024-08-24 12:30:00,594,Thoothukudi,1.0,-3.796666666666667
2024-08-24 12:35:00,594,Thoothukudi,1.0,-3.796666666666667
2024-08-24 12:40:00,594,Thoothukudi,1.0,-3.796666666666667
2024-08-24 12:45:00,594,Thoothukudi,1.0,-3.796666666666667
2024-08-24 12:50:00,594,Thoothukudi,1.0,-3.796666666666667
2024-08-24 12:55:00,594,Thoothukudi,1.0,-3.796666666666667
2024-08-25 07:05:00,594,Thoothukudi,1.0,0.8779999999999998
2024-08-25 07:35:00,594,Thoothukudi,1.5,0.8779999999999998
2024-08-25 07:45:00,594,Thoothukudi,2.0,0.8779999999999998
2024-08-25 08:00:00,594,Thoothukudi,2.0,0.8779999999999998
2024-08-25 08:10:00,594,Thoothukudi,0.5,0.8779999999999998
2024-08-25 08:15:00,594,Thoothukudi,1.0,0.8779999999999998
2024-08-25 08:25:00,594,Thoothukudi,1.0,0.8779999999999998
2024-08-25 08:35:00,594,Thoothukudi,1.0,0.8779999999999998
2024-08-25 08:40:00,594,Thoothukudi,1.0,0.8779999999999998
2024-08-25 08:50:00,594,Thoothukudi,1.5,0.8779999999999998
2024-08-27 07:40:00,594,Thoothukudi,2.0,2.1300000000000003
2024-08-27 07:45:00,594,Thoothukudi,5.0,2.1300000000000003
2024-08-27 07:50:00,594,Thoothukudi,7.5,2.1300000000000003
2024-08-27 07:55:00,594,Thoothukudi,12.5,2.1300000000000003
2024-08-27 08:00:00,594,Thoothukudi,12.5,2.1300000000000003
2024-08-27 08:05:00,594,Thoothukudi,0.5,2.1300000000000003
2024-08-27 08:10:00,594,Thoothukudi,1.0,2.1300000000000003
2024-08-27 08:20:00,594,Thoothukudi,1.0,2.1300000000000003
2024-08-27 08:25:00,594,Thoothukudi,1.0,2.1300000000000003
2024-08-27 08:35:00,594,Thoothukudi,10.0,2.1300000000000003
2024-08-27 08:45:00,594,Thoothukudi,13.5,2.1300000000000003
2024-08-27 08:55:00,594,Thoothukudi,15.5,2.1300000000000003
2024-08-27 09:00:00,594,Thoothukudi,20.0,2.1300000000000003
2024-08-27 09:10:00,594,Thoothukudi,2.5,2.1000000000000005
2024-08-27 09:25:00,594,Thoothukudi,3.0,2.1000000000000005
2024-08-27 09:30:00,594,Thoothukudi,3.0,2.1000000000000005
2024-08-27 09:40:00,594,Thoothukudi,3.5,2.1000000000000005
2024-08-27 09:45:00,594,Thoothukudi,3.5,2.1000000000000005
2024-08-27 09:55:00,594,Thoothukudi,3.5,2.1000000000000005
2024-08-27 11:10:00,594,Thoothukudi,0.5,2.1000000000000005
2024-08-27 11:15:00,594,Thoothukudi,0.5,2.1000000000000005
2024-08-27 11:20:00,594,Thoothukudi,0.5,2.1000000000000005
2024-08-27 11:25:00,594,Thoothukudi,0.5,2.1000000000000005
2024-08-27 11:30:00,594,Thoothukudi,0.5,2.1000000000000005
2024-08-27 11:35:00,594,Thoothukudi,0.5,2.1000000000000005
2024-08-27 11:40:00,594,Thoothukudi,0.5,2.1000000000000005
2024-08-27 11:50:00,594,Thoothukudi,0.5,2.1000000000000005
2024-08-27 11:55:00,594,Thoothukudi,0.5,2.1000000000000005
2024-08-27 12:00:00,594,Thoothukudi,0.5,2.1000000000000005
2024-08-27 23:05:00,594,Thoothukudi,0.5,2.1075
2024-08-27 23:10:00,594,Thoothukudi,0.5,2.1075
2024-08-27 23:15:00,594,Thoothukudi,0.5,2.1075
2024-08-27 23:20:00,594,Thoothukudi,0.5,2.1075
2024-08-27 23:25:00,594,Thoothukudi,0.5,2.1075
2024-08-27 23:30:00,594,Thoothukudi,0.5,2.1075
2024-08-27 23:40:00,594,Thoothukudi,0.5,2.1075
2024-08-27 23:45:00,594,Thoothukudi,0.5,2.1075
2024-08-27 23:50:00,594,Thoothukudi,0.5,2.1075
2024-08-27 23:55:00,594,Thoothukudi,0.5,2.1075
2024-08-28 00:00:00,594,Thoothukudi,0.5,2.1075
2024-08-28 20:50:00,594,Thoothukudi,2.0,0.7719999999999996
2024-08-28 20:55:00,594,Thoothukudi,2.0,0.7719999999999996
2024-08-28 21:00:00,594,Thoothukudi,2.0,0.7719999999999996
2024-09-03 10:20:00,594,Thoothukudi,0.5,0.6380000000000005
2024-09-03 10:25:00,594,Thoothukudi,0.5,0.6380000000000005
2024-09-03 10:30:00,594,Thoothukudi,0.5,0.6380000000000005
2024-09-03 10:35:00,594,Thoothukudi,0.5,0.6380000000000005
2024-09-03 10:40:00,594,Thoothukudi,3.5,0.6380000000000005
2024-09-03 10:45:00,594,Thoothukudi,6.0,0.6380000000000005
2024-09-03 10:50:00,594,Thoothukudi,6.0,0.6380000000000005
2024-09-03 10:55:00,594,Thoothukudi,6.0,0.6380000000000005
2024-09-03 11:00:00,594,Thoothukudi,6.0,0.6380000000000005
2024-09-09 08:50:00,594,Thoothukudi,0.5,0.6000000000000003
2024-09-09 08:55:00,594,Thoothukudi,0.5,0.6000000000000003
2024-09-09 09:00:00,594,Thoothukudi,0.5,0.6000000000000003
2024-09-09 14:55:00,594,Thoothukudi,4.0,0.5839999999999996
2024-09-09 15:00:00,594,Thoothukudi,4.0,0.5839999999999996
2024-09-09 17:25:00,594,Thoothukudi,0.5,0.5740000000000002
2024-09-09 17:30:00,594,Thoothukudi,2.5,0.5740000000000002
2024-09-09 17:35:00,594,Thoothukudi,2.5,0.5740000000000002
2024-09-09 17:40:00,594,Thoothukudi,2.5,0.5740000000000002
2024-09-09 17:45:00,594,Thoothukudi,2.5,0.5740000000000002
2024-09-09 17:50:00,594,Thoothukudi,2.5,0.5740000000000002
2024-09-09 17:55:00,594,Thoothukudi,2.5,0.5740000000000002
2024-09-09 18:00:00,594,Thoothukudi,2.5,0.5740000000000002
2024-09-09 18:05:00,594,Thoothukudi,1.5,0.5740000000000002
2024-09-09 18:10:00,594,Thoothukudi,1.5,0.5740000000000002
2024-09-09 18:15:00,594,Thoothukudi,1.5,0.5740000000000002
2024-09-09 18:20:00,594,Thoothukudi,1.5,0.5740000000000002
2024-09-09 18:25:00,594,Thoothukudi,1.5,0.5740000000000002
2024-09-09 18:30:00,594,Thoothukudi,1.5,0.5740000000000002
2024-09-09 18:35:00,594,Thoothukudi,1.5,0.5740000000000002
2024-09-09 18:40:00,594,Thoothukudi,1.5,0.5740000000000002
2024-09-09 18:45:00,594,Thoothukudi,1.5,0.5740000000000002
2024-09-09 18:50:00,594,Thoothukudi,1.5,0.5740000000000002
2024-09-09 18:55:00,594,Thoothukudi,1.5,0.5740000000000002
2024-09-09 19:00:00,594,Thoothukudi,1.5,0.5740000000000002
2024-09-09 23:00:00,594,Thoothukudi,0.5,0.5859999999999996
2024-09-10 00:00:00,594,Thoothukudi,2.5,0.5859999999999996
2024-09-10 02:00:00,594,Thoothukudi,3.0,0.5859999999999996
2024-09-10 03:00:00,594,Thoothukudi,4.5,0.5859999999999996
2024-09-10 04:00:00,594,Thoothukudi,1.0,1.7425
2024-09-10 11:00:00,594,Thoothukudi,0.5,1.7274999999999998
2024-09-11 00:00:00,594,Thoothukudi,1.0,1.7325000000000002
2024-09-11 03:00:00,594,Thoothukudi,1.0,1.7325000000000002
2024-09-13 15:00:00,594,Thoothukudi,0.75,0.5019999999999996
2024-09-13 16:00:00,594,Thoothukudi,1.0,0.4980000000000002
2024-09-14 00:00:00,594,Thoothukudi,6.0,0.5219999999999997
2024-09-19 15:00:00,594,Thoothukudi,1.0,0.4379999999999999
2024-09-27 16:00:00,594,Thoothukudi,0.5,-3.4239999999999995
2024-09-27 17:00:00,594,Thoothukudi,6.0,-3.4239999999999995
2024-09-27 19:00:00,594,Thoothukudi,0.5,-3.4239999999999995
2024-09-27 20:00:00,594,Thoothukudi,2.75,-3.4239999999999995
2024-09-28 06:00:00,594,Thoothukudi,3.0,0.308
2024-09-28 07:00:00,594,Thoothukudi,1.0,0.308
2024-09-28 12:00:00,594,Thoothukudi,1.5,0.3100000000000001
2024-09-28 13:00:00,594,Thoothukudi,2.6,0.3100000000000001
2024-09-28 14:00:00,594,Thoothukudi,4.333333333333333,0.3100000000000001
2024-09-28 15:00:00,594,Thoothukudi,0.5,0.3100000000000001
2024-09-29 01:00:00,594,Thoothukudi,1.0,0.306
2024-09-29 02:00:00,594,Thoothukudi,0.8333333333333334,0.306
2024-09-29 04:00:00,594,Thoothukudi,1.0,0.2939999999999997
2024-09-29 09:00:00,594,Thoothukudi,3.0,0.2939999999999997
2024-09-29 12:00:00,594,Thoothukudi,15.0,0.2819999999999997
2024-09-29 13:00:00,594,Thoothukudi,4.75,0.2819999999999997
2024-09-29 14:00:00,594,Thoothukudi,1.0,0.2819999999999997
2024-09-29 17:00:00,594,Thoothukudi,0.5,0.2439999999999999
2024-09-29 18:00:00,594,Thoothukudi,1.0,0.2439999999999999
2024-09-29 22:00:00,594,Thoothukudi,3.5,0.2799999999999999
2024-09-29 23:00:00,594,Thoothukudi,9.5,0.2799999999999999
2024-09-30 00:00:00,594,Thoothukudi,5.875,0.2799999999999999
2024-09-30 01:00:00,594,Thoothukudi,7.0,0.2799999999999999
2024-09-30 02:00:00,594,Thoothukudi,9.75,0.2799999999999999
2024-09-30 03:00:00,594,Thoothukudi,4.333333333333333,0.2799999999999999
2024-09-30 04:00:00,594,Thoothukudi,7.0,0.258
2024-09-30 07:00:00,594,Thoothukudi,0.5,0.258
2024-09-30 11:00:00,594,Thoothukudi,0.5,0.2759999999999999
2024-09-30 15:00:00,594,Thoothukudi,2.5,0.2759999999999999
2024-09-30 16:00:00,594,Thoothukudi,1.5,0.2780000000000001
2024-09-30 17:00:00,594,Thoothukudi,3.0,0.2780000000000001
2024-09-30 20:00:00,594,Thoothukudi,0.5,0.2780000000000001
2024-10-01 05:00:00,594,Thoothukudi,0.5,0.3080000000000001
2024-10-01 14:00:00,594,Thoothukudi,1.0,0.2760000000000001
2024-10-01 15:00:00,594,Thoothukudi,4.25,0.2760000000000001
2024-10-01 16:00:00,594,Thoothukudi,1.0,0.3099999999999999
2024-10-01 18:00:00,594,Thoothukudi,3.5,0.3099999999999999
2024-10-02 06:00:00,594,Thoothukudi,5.5,0.3160000000000004
2024-10-02 07:00:00,594,Thoothukudi,7.0,0.3160000000000004
2024-10-02 13:00:00,594,Thoothukudi,1.0,0.3220000000000002
2024-10-02 14:00:00,594,Thoothukudi,1.0,0.3220000000000002
2024-10-04 14:00:00,594,Thoothukudi,8.5,0.3139999999999997
2024-10-04 15:00:00,594,Thoothukudi,15.5,0.3139999999999997
2024-10-04 16:00:00,594,Thoothukudi,56.0,0.3260000000000002
2024-10-04 17:00:00,594,Thoothukudi,28.5,0.3260000000000002
2024-10-04 18:00:00,594,Thoothukudi,19.25,0.3260000000000002
2024-10-04 19:00:00,594,Thoothukudi,15.5,0.3260000000000002
2024-10-04 20:00:00,594,Thoothukudi,9.5,0.3260000000000002
2024-10-04 21:00:00,594,Thoothukudi,4.0,0.3260000000000002
2024-10-04 22:00:00,594,Thoothukudi,7.5,0.3499999999999996
2024-10-04 23:00:00,594,Thoothukudi,0.5,0.3499999999999996
2024-10-05 00:00:00,594,Thoothukudi,1.5,0.3499999999999996
2024-10-05 01:00:00,594,Thoothukudi,1.5,0.3499999999999996
2024-10-05 02:00:00,594,Thoothukudi,15.5,0.3499999999999996
2024-10-05 03:00:00,594,Thoothukudi,4.0,0.3499999999999996
2024-10-05 04:00:00,594,Thoothukudi,12.0,0.366
2024-10-05 05:00:00,594,Thoothukudi,7.0,0.366
2024-10-05 06:00:00,594,Thoothukudi,8.0,0.366
2024-10-05 07:00:00,594,Thoothukudi,2.0,0.366
2024-10-05 18:00:00,594,Thoothukudi,0.5,0.3839999999999998
2024-10-06 17:00:00,594,Thoothukudi,0.5,0.3980000000000002
2024-10-07 19:00:00,594,Thoothukudi,0.5,0.4079999999999998
2024-10-07 20:00:00,594,Thoothukudi,0.5,0.4079999999999998
2024-10-08 02:00:00,594,Thoothukudi,0.5,0.4260000000000001
2024-10-08 03:00:00,594,Thoothukudi,0.5,0.4260000000000001
2024-10-08 17:00:00,594,Thoothukudi,2.0,0.4000000000000002
2024-10-08 19:00:00,594,Thoothukudi,0.5,0.4000000000000002
2024-10-08 21:00:00,594,Thoothukudi,0.5,0.4000000000000002
2024-10-08 22:00:00,594,Thoothukudi,1.5,0.4119999999999996
2024-10-09 01:00:00,594,Thoothukudi,0.5,0.4119999999999996
2024-10-09 05:00:00,594,Thoothukudi,1.0,0.4079999999999998
2024-10-09 06:00:00,594,Thoothukudi,1.0,0.4079999999999998
2024-10-09 11:00:00,594,Thoothukudi,0.5,0.406
2024-10-09 12:00:00,594,Thoothukudi,6.5,0.406
2024-10-09 13:00:00,594,Thoothukudi,24.0,0.406
2024-10-09 14:00:00,594,Thoothukudi,1.0,0.406
2024-10-09 15:00:00,594,Thoothukudi,0.5,0.406
2024-10-09 17:00:00,594,Thoothukudi,1.0,0.4039999999999997
2024-10-09 18:00:00,594,Thoothukudi,1.8333333333333333,0.4039999999999997
2024-10-09 19:00:00,594,Thoothukudi,5.75,0.4039999999999997
2024-10-09 20:00:00,594,Thoothukudi,0.5,0.4039999999999997
2024-10-09 21:00:00,594,Thoothukudi,0.5,0.4039999999999997
2024-10-10 06:00:00,594,Thoothukudi,0.5,0.3980000000000002
2024-10-10 10:00:00,594,Thoothukudi,0.5,0.3880000000000002
2024-10-10 13:00:00,594,Thoothukudi,1.0,0.3880000000000002
2024-10-10 14:00:00,594,Thoothukudi,2.0,0.3880000000000002
2024-10-10 15:00:00,594,Thoothukudi,14.25,0.3880000000000002
2024-10-10 16:00:00,594,Thoothukudi,11.0,0.3979999999999997
2024-10-10 17:00:00,594,Thoothukudi,5.5,0.3979999999999997
2024-10-10 18:00:00,594,Thoothukudi,2.5,0.3979999999999997
2024-10-11 01:00:00,594,Thoothukudi,1.5,0.4199999999999999
2024-10-11 02:00:00,594,Thoothukudi,1.5,0.4199999999999999
2024-10-11 05:00:00,594,Thoothukudi,0.5,0.4200000000000006
2024-10-11 10:00:00,594,Thoothukudi,1.5,0.3839999999999998
2024-10-11 11:00:00,594,Thoothukudi,0.5,0.3839999999999998
2024-10-11 13:00:00,594,Thoothukudi,3.5,0.3839999999999998
2024-10-11 14:00:00,594,Thoothukudi,1.5,0.3839999999999998
2024-10-11 15:00:00,594,Thoothukudi,0.5,0.3839999999999998
2024-10-11 16:00:00,594,Thoothukudi,1.0,0.4019999999999999
2024-10-11 18:00:00,594,Thoothukudi,25.0,0.4019999999999999
2024-10-11 19:00:00,594,Thoothukudi,20.5,0.4019999999999999
2024-10-11 20:00:00,594,Thoothukudi,0.5,0.4019999999999999
2024-10-11 21:00:00,594,Thoothukudi,2.5,0.4019999999999999
2024-10-12 01:00:00,594,Thoothukudi,1.0,0.4359999999999998
2024-10-12 02:00:00,594,Thoothukudi,1.0,0.4359999999999998
2024-10-12 15:00:00,594,Thoothukudi,2.0,0.45
2024-10-12 16:00:00,594,Thoothukudi,4.0,0.4560000000000002
2024-10-12 18:00:00,594,Thoothukudi,5.0,0.4560000000000002
2024-10-12 19:00:00,594,Thoothukudi,1.0,0.4560000000000002
2024-10-13 03:00:00,594,Thoothukudi,6.0,0.4600000000000001
2024-10-13 04:00:00,594,Thoothukudi,0.5,0.4620000000000006
2024-10-13 14:00:00,594,Thoothukudi,0.5,0.4520000000000001
2024-10-13 16:00:00,594,Thoothukudi,1.0,0.4500000000000002
2024-10-13 17:00:00,594,Thoothukudi,1.0,0.4500000000000002
2024-10-13 18:00:00,594,Thoothukudi,2.75,0.4500000000000002
2024-10-13 19:00:00,594,Thoothukudi,0.75,0.4500000000000002
2024-10-13 20:00:00,594,Thoothukudi,1.5,0.4500000000000002
2024-10-13 21:00:00,594,Thoothukudi,0.5,0.4500000000000002
2024-10-14 05:00:00,594,Thoothukudi,0.5,0.4719999999999997
2024-10-14 06:00:00,594,Thoothukudi,0.5,0.4719999999999997
2024-10-14 07:00:00,594,Thoothukudi,1.5,0.4719999999999997
2024-10-14 08:00:00,594,Thoothukudi,0.5,0.4719999999999997
2024-10-14 09:00:00,594,Thoothukudi,0.8333333333333334,0.4719999999999997
2024-10-14 10:00:00,594,Thoothukudi,0.5,0.4600000000000003
2024-10-14 16:00:00,594,Thoothukudi,2.0,0.4839999999999996
2024-10-14 17:00:00,594,Thoothukudi,1.3333333333333333,0.4839999999999996
2024-10-14 18:00:00,594,Thoothukudi,14.7,0.4839999999999996
2024-10-14 19:00:00,594,Thoothukudi,2.0,0.4839999999999996
2024-10-14 20:00:00,594,Thoothukudi,0.5,0.4839999999999996
2024-10-14 23:00:00,594,Thoothukudi,0.5,0.5399999999999998
2024-10-15 04:00:00,594,Thoothukudi,0.5,0.5519999999999999
2024-10-15 21:00:00,594,Thoothukudi,1.0,0.5539999999999996
2024-10-15 22:00:00,594,Thoothukudi,0.5,0.6380000000000001
2024-10-18 17:00:00,594,Thoothukudi,0.5,0.6419999999999998
2024-10-18 18:00:00,594,Thoothukudi,0.5,0.6419999999999998
2024-10-18 19:00:00,594,Thoothukudi,0.5,0.6419999999999998
2024-10-18 21:00:00,594,Thoothukudi,0.5,0.6419999999999998
2024-10-18 23:00:00,594,Thoothukudi,1.5,0.6599999999999998
2024-10-19 04:00:00,594,Thoothukudi,0.5,0.6560000000000002
2024-10-20 13:00:00,594,Thoothukudi,1.5,0.5920000000000002
2024-10-20 16:00:00,594,Thoothukudi,6.333333333333333,0.6380000000000002
2024-10-20 17:00:00,594,Thoothukudi,7.5,0.6380000000000002
2024-10-20 18:00:00,594,Thoothukudi,2.0,0.6380000000000002
2024-10-20 19:00:00,594,Thoothukudi,0.5,0.6380000000000002
2024-10-20 20:00:00,594,Thoothukudi,0.5,0.6380000000000002
2024-10-20 23:00:00,594,Thoothukudi,0.5,0.6620000000000001
2024-10-21 02:00:00,594,Thoothukudi,1.5,0.6620000000000001
2024-10-21 15:00:00,594,Thoothukudi,0.5,0.6979999999999995
2024-10-21 16:00:00,594,Thoothukudi,1.0,0.702
2024-10-22 00:00:00,594,Thoothukudi,5.0,0.7379999999999995
2024-10-22 11:00:00,594,Thoothukudi,0.5,0.7299999999999998
2024-10-22 12:00:00,594,Thoothukudi,4.5,0.7299999999999998
2024-10-22 19:00:00,594,Thoothukudi,9.0,0.7339999999999997
2024-10-22 21:00:00,594,Thoothukudi,9.0,0.7339999999999997
2024-10-23 13:00:00,594,Thoothukudi,0.5,0.7519999999999998
2024-10-23 14:00:00,594,Thoothukudi,10.5,0.7519999999999998
2024-10-23 15:00:00,594,Thoothukudi,0.5,0.7519999999999998
2024-10-23 16:00:00,594,Thoothukudi,22.5,0.756
2024-10-23 17:00:00,594,Thoothukudi,4.0,0.756
2024-10-23 18:00:00,594,Thoothukudi,4.75,0.756
2024-10-23 19:00:00,594,Thoothukudi,1.0,0.756
2024-10-23 20:00:00,594,Thoothukudi,2.0,0.756
2024-10-23 21:00:00,594,Thoothukudi,0.5,0.756
2024-10-23 22:00:00,594,Thoothukudi,0.5,0.8019999999999999
2024-10-24 10:00:00,594,Thoothukudi,0.5,0.7760000000000001
2024-10-24 21:00:00,594,Thoothukudi,3.5,0.8019999999999998
2024-10-24 22:00:00,594,Thoothukudi,0.5,0.836
2024-10-25 13:00:00,594,Thoothukudi,1.0,0.8140000000000001
2024-10-25 14:00:00,594,Thoothukudi,0.5,0.8140000000000001
2024-10-25 15:00:00,594,Thoothukudi,0.5,0.8140000000000001
2024-10-25 18:00:00,594,Thoothukudi,0.5,0.8320000000000001
2024-10-26 01:00:00,594,Thoothukudi,0.5,0.8620000000000003
2024-10-26 16:00:00,594,Thoothukudi,15.5,0.8380000000000003
2024-10-26 17:00:00,594,Thoothukudi,3.5,0.8380000000000003
2024-10-26 18:00:00,594,Thoothukudi,8.0,0.8380000000000003
2024-10-28 21:00:00,594,Thoothukudi,1.0,0.8380000000000003
2024-10-28 22:00:00,594,Thoothukudi,0.5,0.8579999999999999
2024-10-29 08:00:00,594,Thoothukudi,0.5,0.8539999999999999
2024-10-29 10:00:00,594,Thoothukudi,1.5,0.82
2024-10-29 11:00:00,594,Thoothukudi,0.5,0.82
2024-10-29 18:00:00,594,Thoothukudi,1.0,0.8119999999999997
2024-10-29 20:00:00,594,Thoothukudi,1.0,0.8119999999999997
2024-10-30 00:00:00,594,Thoothukudi,1.5,0.8440000000000005
2024-10-30 03:00:00,594,Thoothukudi,0.5,0.8440000000000005
2024-10-30 07:00:00,594,Thoothukudi,3.5,0.8399999999999996
2024-10-30 13:00:00,594,Thoothukudi,15.0,0.8239999999999998
2024-10-30 14:00:00,594,Thoothukudi,3.0,0.8239999999999998
2024-10-31 01:00:00,594,Thoothukudi,1.0,0.8360000000000001
2024-10-31 02:00:00,594,Thoothukudi,0.5,0.8360000000000001
2024-10-31 14:00:00,594,Thoothukudi,0.5,1.9425
2024-10-31 15:00:00,594,Thoothukudi,4.5,1.9425
2024-10-31 16:00:00,594,Thoothukudi,0.5,1.935
2024-10-31 17:00:00,594,Thoothukudi,11.0,1.935
2024-10-31 18:00:00,594,Thoothukudi,1.0,1.935
2024-10-31 21:00:00,594,Thoothukudi,0.5,1.935
2024-11-01 14:00:00,594,Thoothukudi,1.5,1.955
2024-11-01 15:00:00,594,Thoothukudi,5.5,1.955
2024-11-01 16:00:00,594,Thoothukudi,0.5,1.945
2024-11-01 17:00:00,594,Thoothukudi,0.5,1.945
2024-11-01 18:00:00,594,Thoothukudi,2.0,1.945
2024-11-01 20:00:00,594,Thoothukudi,1.5,1.945
2024-11-02 00:00:00,594,Thoothukudi,2.5,1.9625
2024-11-02 01:00:00,594,Thoothukudi,2.5,1.9625
2024-11-02 02:00:00,594,Thoothukudi,1.0,1.9625
2024-11-02 13:00:00,594,Thoothukudi,6.75,0.7840000000000001
2024-11-02 14:00:00,594,Thoothukudi,4.0,0.7840000000000001
2024-11-02 15:00:00,594,Thoothukudi,2.0,0.7840000000000001
2024-11-02 16:00:00,594,Thoothukudi,1.0,0.7980000000000003
2024-11-02 17:00:00,594,Thoothukudi,1.0,0.7980000000000003
2024-11-02 23:00:00,594,Thoothukudi,2.5,0.8440000000000005
2024-11-03 01:00:00,594,Thoothukudi,1.8333333333333333,0.8440000000000005
2024-11-03 02:00:00,594,Thoothukudi,0.5,0.8440000000000005
2024-11-03 12:00:00,594,Thoothukudi,0.5,0.8440000000000001
2024-11-03 13:00:00,594,Thoothukudi,1.0,0.8440000000000001
2024-11-03 18:00:00,594,Thoothukudi,5.0,0.8080000000000002
2024-11-04 09:00:00,594,Thoothukudi,3.5,0.8600000000000003
2024-11-04 10:00:00,594,Thoothukudi,1.75,0.8600000000000001
2024-11-04 11:00:00,594,Thoothukudi,1.6666666666666667,0.8600000000000001
2024-11-04 12:00:00,594,Thoothukudi,5.375,0.8600000000000001
2024-11-04 13:00:00,594,Thoothukudi,18.0,0.8600000000000001
2024-11-04 14:00:00,594,Thoothukudi,3.5,0.8600000000000001
2024-11-04 16:00:00,594,Thoothukudi,17.25,0.8520000000000003
2024-11-04 17:00:00,594,Thoothukudi,0.5,0.8520000000000003
2024-11-06 18:00:00,594,Thoothukudi,1.5,0.9400000000000002
2024-11-06 18:15:00,594,Thoothukudi,1.5,0.9400000000000002
2024-11-06 18:20:00,594,Thoothukudi,1.5,0.9400000000000002
2024-11-06 18:25:00,594,Thoothukudi,1.5,0.9400000000000002
2024-11-06 18:30:00,594,Thoothukudi,1.5,0.9400000000000002
2024-11-06 19:00:00,594,Thoothukudi,1.5,0.9400000000000002
2024-11-07 07:50:00,594,Thoothukudi,49.0,0.9279999999999996
2024-11-07 08:00:00,594,Thoothukudi,49.0,0.9279999999999996
2024-11-07 13:00:00,594,Thoothukudi,1.5,0.92
2024-11-07 14:00:00,594,Thoothukudi,1.0,0.92
2024-11-07 15:00:00,594,Thoothukudi,3.0,0.92
2024-11-07 16:20:00,594,Thoothukudi,1.0,0.912
2024-11-07 16:25:00,594,Thoothukudi,1.0,0.912
2024-11-07 16:30:00,594,Thoothukudi,1.0,0.912
2024-11-07 17:00:00,594,Thoothukudi,1.0,0.912
2024-11-07 18:00:00,594,Thoothukudi,38.5,0.912
2024-11-08 13:00:00,594,Thoothukudi,9.0,0.9220000000000004
2024-11-08 13:30:00,594,Thoothukudi,5.5,0.9220000000000004
2024-11-08 14:00:00,594,Thoothukudi,3.3,0.9220000000000004
2024-11-08 14:30:00,594,Thoothukudi,0.5,0.9220000000000004
2024-11-08 15:00:00,594,Thoothukudi,1.0,0.9220000000000004
2024-11-08 16:00:00,594,Thoothukudi,0.5,0.9159999999999996
2024-11-08 18:00:00,594,Thoothukudi,0.5,0.9159999999999996
2024-11-12 18:00:00,594,Thoothukudi,0.5,0.8959999999999999
2024-11-14 09:00:00,594,Thoothukudi,0.5,0.8739999999999999
2024-11-14 10:30:00,594,Thoothukudi,2.5,0.8800000000000001
2024-11-14 11:00:00,594,Thoothukudi,2.5,0.8800000000000001
2024-11-14 11:30:00,594,Thoothukudi,3.75,0.8800000000000001
2024-11-14 12:00:00,594,Thoothukudi,3.75,0.8800000000000001
2024-11-14 13:00:00,594,Thoothukudi,2.5,0.8800000000000001
2024-11-14 14:00:00,594,Thoothukudi,0.5,0.8800000000000001
2024-11-14 15:00:00,594,Thoothukudi,8.0,0.8800000000000001
2024-11-14 16:00:00,594,Thoothukudi,24.5,0.8360000000000003
2024-11-14 16:30:00,594,Thoothukudi,0.5,0.8360000000000003
2024-11-14 17:00:00,594,Thoothukudi,5.5,0.8360000000000003
2024-11-14 21:00:00,594,Thoothukudi,0.5,0.8360000000000003
2024-11-14 21:30:00,594,Thoothukudi,1.5,0.8879999999999999
2024-11-14 22:00:00,594,Thoothukudi,1.5,0.8879999999999999
2024-11-14 23:00:00,594,Thoothukudi,3.25,0.8879999999999999
2024-11-15 00:00:00,594,Thoothukudi,0.8333333333333334,0.8879999999999999
2024-11-15 01:00:00,594,Thoothukudi,0.5,0.8879999999999999
2024-11-15 02:00:00,594,Thoothukudi,0.5,0.8879999999999999
2024-11-15 02:30:00,594,Thoothukudi,1.5,0.8879999999999999
2024-11-15 03:00:00,594,Thoothukudi,1.5,0.8879999999999999
2024-11-15 04:00:00,594,Thoothukudi,2.0,0.884
2024-11-15 04:30:00,594,Thoothukudi,8.5,0.884
2024-11-15 05:00:00,594,Thoothukudi,17.0,0.884
2024-11-15 05:30:00,594,Thoothukudi,0.5,0.884
2024-11-15 06:00:00,594,Thoothukudi,1.5,0.884
2024-11-15 06:30:00,594,Thoothukudi,3.0,0.884
2024-11-15 07:00:00,594,Thoothukudi,4.5,0.884
2024-11-15 07:30:00,594,Thoothukudi,1.5,0.884
2024-11-15 08:00:00,594,Thoothukudi,2.1666666666666665,0.884
2024-11-15 08:30:00,594,Thoothukudi,3.0,0.884
2024-11-15 09:00:00,594,Thoothukudi,5.166666666666667,0.884
2024-11-15 09:30:00,594,Thoothukudi,3.25,0.91
2024-11-15 10:00:00,594,Thoothukudi,4.125,0.91
2024-11-15 10:30:00,594,Thoothukudi,1.0,0.91
2024-11-15 11:00:00,594,Thoothukudi,2.5,0.91
2024-11-15 11:30:00,594,Thoothukudi,0.5,0.91
2024-11-15 12:00:00,594,Thoothukudi,1.0,0.91
2024-11-15 14:00:00,594,Thoothukudi,0.5,0.91
2024-11-15 15:00:00,594,Thoothukudi,4.0,0.91
2024-11-15 16:00:00,594,Thoothukudi,4.75,0.8920000000000003
2024-11-15 17:00:00,594,Thoothukudi,1.1666666666666667,0.8920000000000003
2024-11-15 18:00:00,594,Thoothukudi,11.75,0.8920000000000003
2024-11-15 18:30:00,594,Thoothukudi,3.5,0.8920000000000003
2024-11-15 19:00:00,594,Thoothukudi,3.5,0.8920000000000003
2024-11-16 08:00:00,594,Thoothukudi,0.5,0.9180000000000004
2024-11-16 11:00:00,594,Thoothukudi,1.5,0.9119999999999996
2024-11-16 12:00:00,594,Thoothukudi,1.5,0.9119999999999996
2024-11-16 12:30:00,594,Thoothukudi,1.0,0.9119999999999996
2024-11-16 13:00:00,594,Thoothukudi,1.0,0.9119999999999996
2024-11-16 14:00:00,594,Thoothukudi,7.75,0.9119999999999996
2024-11-16 15:00:00,594,Thoothukudi,0.5,0.9119999999999996
2024-11-16 16:00:00,594,Thoothukudi,1.0,0.8959999999999999
2024-11-16 21:30:00,594,Thoothukudi,2.5,0.9179999999999998
2024-11-16 22:00:00,594,Thoothukudi,2.5,0.9179999999999998
2024-11-16 23:00:00,594,Thoothukudi,9.75,0.9179999999999998
2024-11-16 23:30:00,594,Thoothukudi,4.5,0.9179999999999998
2024-11-17 00:00:00,594,Thoothukudi,2.5,0.9179999999999998
2024-11-17 01:00:00,594,Thoothukudi,1.0,0.9179999999999998
2024-11-17 06:00:00,594,Thoothukudi,0.5,0.9159999999999996
2024-11-17 14:00:00,594,Thoothukudi,1.0,0.8719999999999999
2024-11-17 16:00:00,594,Thoothukudi,0.5,0.9079999999999998
2024-11-17 17:00:00,594,Thoothukudi,0.5,0.9079999999999998
2024-11-17 18:00:00,594,Thoothukudi,3.0,0.9079999999999998
2024-11-17 18:30:00,594,Thoothukudi,0.5,0.9079999999999998
2024-11-17 19:00:00,594,Thoothukudi,0.5,0.9079999999999998
2024-11-18 12:00:00,594,Thoothukudi,0.5,1.9450000000000005
2024-11-18 17:00:00,594,Thoothukudi,2.0,1.91
2024-11-18 18:00:00,594,Thoothukudi,2.75,1.91
2024-11-18 22:30:00,594,Thoothukudi,12.0,1.9625
2024-11-18 23:00:00,594,Thoothukudi,6.75,1.9625
2024-11-18 23:30:00,594,Thoothukudi,1.0,1.9625
2024-11-19 00:00:00,594,Thoothukudi,0.8333333333333334,1.9625
2024-11-19 01:00:00,594,Thoothukudi,0.5,1.9625
2024-11-19 03:00:00,594,Thoothukudi,0.5,1.9625
2024-11-19 05:30:00,594,Thoothukudi,2.0,0.92
2024-11-19 06:00:00,594,Thoothukudi,10.0,0.92
2024-11-19 08:00:00,594,Thoothukudi,1.0,0.92
2024-11-19 09:00:00,594,Thoothukudi,0.75,0.92
2024-11-19 09:30:00,594,Thoothukudi,1.0,0.918
2024-11-19 10:00:00,594,Thoothukudi,2.0,0.918
2024-11-19 10:30:00,594,Thoothukudi,0.5,0.918
2024-11-19 11:00:00,594,Thoothukudi,0.75,0.918
2024-11-19 19:30:00,594,Thoothukudi,0.5,0.914
2024-11-19 20:00:00,594,Thoothukudi,0.5,0.914
2024-11-19 21:00:00,594,Thoothukudi,2.0,0.914
2024-11-19 21:30:00,594,Thoothukudi,1.0,0.934
2024-11-19 22:00:00,594,Thoothukudi,1.6666666666666667,0.934
2024-11-19 23:00:00,594,Thoothukudi,1.25,0.934
2024-11-19 23:30:00,594,Thoothukudi,1.25,0.934
2024-11-20 00:00:00,594,Thoothukudi,1.0,0.934
2024-11-20 00:30:00,594,Thoothukudi,1.25,0.934
2024-11-20 01:00:00,594,Thoothukudi,1.5833333333333333,0.934
2024-11-20 01:30:00,594,Thoothukudi,1.25,0.934
2024-11-20 02:00:00,594,Thoothukudi,2.4166666666666665,0.934
2024-11-20 02:30:00,594,Thoothukudi,1.3333333333333333,0.934
2024-11-20 03:00:00,594,Thoothukudi,2.7142857142857144,0.934
2024-11-20 03:30:00,594,Thoothukudi,0.5,0.914
2024-11-20 04:00:00,594,Thoothukudi,3.0,0.914
2024-11-20 04:30:00,594,Thoothukudi,3.0,0.914
2024-11-20 05:00:00,594,Thoothukudi,5.5,0.914
2024-11-20 05:30:00,594,Thoothukudi,4.0,0.914
2024-11-20 06:00:00,594,Thoothukudi,4.428571428571429,0.914
2024-11-20 06:30:00,594,Thoothukudi,3.25,0.914
2024-11-20 07:00:00,594,Thoothukudi,4.0,0.914
2024-11-20 07:30:00,594,Thoothukudi,2.75,0.914
2024-11-20 08:00:00,594,Thoothukudi,3.8,0.914
2024-11-20 08:30:00,594,Thoothukudi,2.25,0.914
2024-11-20 09:00:00,594,Thoothukudi,3.2,0.914
2024-11-20 09:30:00,594,Thoothukudi,1.3333333333333333,0.954
2024-11-20 10:00:00,594,Thoothukudi,6.285714285714286,0.954
2024-11-20 10:30:00,594,Thoothukudi,1.6666666666666667,0.954
2024-11-20 11:00:00,594,Thoothukudi,4.714285714285714,0.954
2024-11-20 11:30:00,594,Thoothukudi,0.5,0.954
2024-11-20 12:00:00,594,Thoothukudi,1.5,0.954
2024-11-20 13:00:00,594,Thoothukudi,0.75,0.954
2024-11-20 14:00:00,594,Thoothukudi,0.5,0.954
2024-11-20 15:00:00,594,Thoothukudi,0.5,0.954
2024-11-20 16:00:00,594,Thoothukudi,0.5,1.01
2024-11-21 05:30:00,594,Thoothukudi,0.5,3.9133333333333327
2024-11-21 06:00:00,594,Thoothukudi,0.5,3.9133333333333327
2024-11-21 06:30:00,594,Thoothukudi,1.0,3.9133333333333327
2024-11-21 07:00:00,594,Thoothukudi,3.5,3.9133333333333327
2024-11-21 07:30:00,594,Thoothukudi,2.0,3.9133333333333327
2024-11-21 08:00:00,594,Thoothukudi,4.75,3.9133333333333327
2024-11-21 08:30:00,594,Thoothukudi,1.5,3.9133333333333327
2024-11-21 09:00:00,594,Thoothukudi,3.5,3.9133333333333327
2024-11-21 10:00:00,594,Thoothukudi,1.7,3.9133333333333336
2024-11-21 10:30:00,594,Thoothukudi,0.5,3.9133333333333336
2024-11-21 11:00:00,594,Thoothukudi,0.6666666666666666,3.9133333333333336
2024-11-21 14:00:00,594,Thoothukudi,1.0,3.9133333333333336
2024-11-24 17:00:00,594,Thoothukudi,0.5,1.152
2024-11-26 13:30:00,594,Thoothukudi,0.5,1.1440000000000006
2024-11-26 14:00:00,594,Thoothukudi,0.5,1.1440000000000006
2024-11-26 14:30:00,594,Thoothukudi,0.5,1.1440000000000006
2024-11-26 15:00:00,594,Thoothukudi,0.6,1.1440000000000006
2024-11-26 15:30:00,594,Thoothukudi,0.6666666666666666,1.1319999999999997
2024-11-26 16:00:00,594,Thoothukudi,0.8125,1.1319999999999997
2024-11-26 17:00:00,594,Thoothukudi,1.0,1.1319999999999997
2024-11-26 17:30:00,594,Thoothukudi,0.5,1.1319999999999997
2024-11-26 18:00:00,594,Thoothukudi,0.6,1.1319999999999997
2024-11-26 18:30:00,594,Thoothukudi,0.5,1.1319999999999997
2024-11-26 19:00:00,594,Thoothukudi,0.75,1.1319999999999997
2024-11-26 19:30:00,594,Thoothukudi,0.5,1.1319999999999997
2024-11-26 20:00:00,594,Thoothukudi,0.5,1.1319999999999997
2024-11-26 20:30:00,594,Thoothukudi,0.5,1.1319999999999997
2024-11-26 21:00:00,594,Thoothukudi,0.8333333333333334,1.1319999999999997
2024-11-26 21:30:00,594,Thoothukudi,0.5,1.164
2024-11-26 22:00:00,594,Thoothukudi,0.5,1.164
2024-11-26 22:30:00,594,Thoothukudi,0.5,1.164
2024-11-26 23:00:00,594,Thoothukudi,0.8,1.164
2024-11-26 23:30:00,594,Thoothukudi,0.5,1.164
2024-11-27 00:00:00,594,Thoothukudi,0.7857142857142857,1.164
2024-11-27 00:30:00,594,Thoothukudi,0.5,1.164
2024-11-27 01:00:00,594,Thoothukudi,0.875,1.164
2024-11-27 01:30:00,594,Thoothukudi,0.5,1.164
2024-11-27 02:00:00,594,Thoothukudi,0.9,1.164
2024-11-27 02:30:00,594,Thoothukudi,0.5,1.164
2024-11-27 03:00:00,594,Thoothukudi,0.7142857142857143,1.164
2024-11-27 03:30:00,594,Thoothukudi,0.5,1.166
2024-11-27 04:00:00,594,Thoothukudi,0.9,1.166
2024-11-27 04:30:00,594,Thoothukudi,0.5,1.166
2024-11-27 05:00:00,594,Thoothukudi,0.8333333333333334,1.166
2024-11-27 05:30:00,594,Thoothukudi,1.0,1.166
2024-11-27 06:00:00,594,Thoothukudi,1.5,1.166
2024-11-27 06:30:00,594,Thoothukudi,0.5,1.166
2024-11-27 07:00:00,594,Thoothukudi,1.0,1.166
2024-11-27 08:00:00,594,Thoothukudi,0.5,1.166
2024-11-27 09:00:00,594,Thoothukudi,0.5,1.166
2024-11-27 10:00:00,594,Thoothukudi,0.5,1.182
2024-11-27 11:00:00,594,Thoothukudi,0.5,1.182
2024-11-27 13:30:00,594,Thoothukudi,0.5,1.182
2024-11-27 14:00:00,594,Thoothukudi,0.5,1.182
2024-11-27 14:30:00,594,Thoothukudi,0.5,1.182
2024-11-27 15:00:00,594,Thoothukudi,0.5,1.182
2024-11-27 16:00:00,594,Thoothukudi,0.5,1.1700000000000004
2024-11-27 16:30:00,594,Thoothukudi,0.5,1.1700000000000004
2024-11-27 17:00:00,594,Thoothukudi,0.5,1.1700000000000004
2024-11-28 20:00:00,594,Thoothukudi,0.5,1.142
2024-11-29 16:00:00,594,Thoothukudi,0.5,1.1759999999999995
2024-11-30 03:00:00,594,Thoothukudi,0.5,1.186
2024-12-01 16:00:00,594,Thoothukudi,0.5,-3.523333333333333
2024-12-01 17:00:00,594,Thoothukudi,0.75,-3.523333333333333
2024-12-01 19:00:00,594,Thoothukudi,0.5,-3.523333333333333
2024-12-04 06:30:00,594,Thoothukudi,0.5,2.3750000000000004
2024-12-04 07:00:00,594,Thoothukudi,0.5,2.3750000000000004
2024-12-04 08:00:00,594,Thoothukudi,0.5,2.3750000000000004
2024-12-04 09:30:00,594,Thoothukudi,0.5,2.3549999999999995
2024-12-04 10:00:00,594,Thoothukudi,0.5,2.3549999999999995
2024-12-05 03:00:00,594,Thoothukudi,3.5,2.3625000000000003
2024-12-05 03:30:00,594,Thoothukudi,1.25,2.3725
2024-12-05 04:00:00,594,Thoothukudi,3.0,2.3725
2024-12-05 05:00:00,594,Thoothukudi,1.0,2.3725
2024-12-05 05:30:00,594,Thoothukudi,1.25,2.3725
2024-12-05 06:00:00,594,Thoothukudi,1.375,2.3725
2024-12-05 06:30:00,594,Thoothukudi,2.5,2.3725
2024-12-05 07:00:00,594,Thoothukudi,1.4,2.3725
2024-12-05 07:30:00,594,Thoothukudi,0.5,2.3725
2024-12-05 08:00:00,594,Thoothukudi,1.875,2.3725
2024-12-05 08:30:00,594,Thoothukudi,3.0,2.3725
2024-12-05 09:00:00,594,Thoothukudi,2.125,2.3725
2024-12-05 10:00:00,594,Thoothukudi,0.5,2.3625000000000003
2024-12-05 16:00:00,594,Thoothukudi,1.5,2.3625000000000003
2024-12-05 17:00:00,594,Thoothukudi,3.0,2.3625000000000003
2024-12-07 16:00:00,594,Thoothukudi,0.5,1.1719999999999997
2024-12-11 05:00:00,594,Thoothukudi,1.0,1.144
2024-12-12 03:30:00,594,Thoothukudi,0.75,1.12
2024-12-12 04:00:00,594,Thoothukudi,0.875,1.12
2024-12-12 04:30:00,594,Thoothukudi,0.5,1.12
2024-12-12 05:00:00,594,Thoothukudi,1.4166666666666667,1.12
2024-12-12 05:30:00,594,Thoothukudi,1.75,1.12
2024-12-12 06:00:00,594,Thoothukudi,3.5,1.12
2024-12-12 06:30:00,594,Thoothukudi,2.333333333333333,1.12
2024-12-12 07:00:00,594,Thoothukudi,6.3125,1.12
2024-12-12 07:30:00,594,Thoothukudi,0.75,1.12
2024-12-12 08:00:00,594,Thoothukudi,4.5,1.12
2024-12-12 08:30:00,594,Thoothukudi,4.166666666666667,1.12
2024-12-12 09:00:00,594,Thoothukudi,4.333333333333333,1.12
2024-12-12 09:30:00,594,Thoothukudi,1.0,1.146
2024-12-12 10:00:00,594,Thoothukudi,2.6666666666666665,1.146
2024-12-12 10:30:00,594,Thoothukudi,1.5,1.146
2024-12-12 11:00:00,594,Thoothukudi,2.333333333333333,1.146
2024-12-12 11:30:00,594,Thoothukudi,0.75,1.146
2024-12-12 12:00:00,594,Thoothukudi,1.3571428571428572,1.146
2024-12-12 12:30:00,594,Thoothukudi,0.5,1.146
2024-12-12 13:00:00,594,Thoothukudi,1.75,1.146
2024-12-12 13:30:00,594,Thoothukudi,2.375,1.146
2024-12-12 14:00:00,594,Thoothukudi,4.25,1.146
2024-12-12 14:30:00,594,Thoothukudi,1.0,1.146
2024-12-12 15:00:00,594,Thoothukudi,5.857142857142857,1.146
2024-12-12 15:30:00,594,Thoothukudi,1.0,1.212
2024-12-12 16:00:00,594,Thoothukudi,3.5,1.212
2024-12-12 16:30:00,594,Thoothukudi,3.5,1.212
2024-12-12 17:00:00,594,Thoothukudi,3.6875,1.212
2024-12-12 17:30:00,594,Thoothukudi,4.0,1.212
2024-12-12 18:00:00,594,Thoothukudi,9.5,1.212
2024-12-12 18:30:00,594,Thoothukudi,6.333333333333333,1.212
2024-12-12 19:00:00,594,Thoothukudi,6.5625,1.212
2024-12-12 19:30:00,594,Thoothukudi,4.333333333333333,1.212
2024-12-12 20:00:00,594,Thoothukudi,7.857142857142857,1.212
2024-12-12 20:30:00,594,Thoothukudi,3.75,1.212
2024-12-12 21:00:00,594,Thoothukudi,7.5,1.212
2024-12-12 21:30:00,594,Thoothukudi,2.875,1.4200000000000004
2024-12-12 22:00:00,594,Thoothukudi,14.0,1.4200000000000004
2024-12-12 22:30:00,594,Thoothukudi,4.666666666666667,1.4200000000000004
2024-12-12 23:00:00,594,Thoothukudi,19.916666666666668,1.4200000000000004
2024-12-12 23:30:00,594,Thoothukudi,2.5,1.4200000000000004
2024-12-13 00:00:00,594,Thoothukudi,4.4,1.4200000000000004
2024-12-13 00:30:00,594,Thoothukudi,1.75,1.4200000000000004
2024-12-13 01:00:00,594,Thoothukudi,6.857142857142857,1.4200000000000004
2024-12-13 01:30:00,594,Thoothukudi,1.25,1.4200000000000004
2024-12-13 02:00:00,594,Thoothukudi,14.75,1.4200000000000004
2024-12-13 02:30:00,594,Thoothukudi,8.0,1.4200000000000004
2024-12-13 03:00:00,594,Thoothukudi,20.916666666666668,1.4200000000000004
2024-12-13 03:30:00,594,Thoothukudi,8.0,2.026
2024-12-13 04:00:00,594,Thoothukudi,9.642857142857142,2.026
2024-12-13 04:30:00,594,Thoothukudi,3.5,2.026
2024-12-13 05:00:00,594,Thoothukudi,2.7857142857142856,2.026
2024-12-13 05:30:00,594,Thoothukudi,0.6666666666666666,2.026
2024-12-13 06:00:00,594,Thoothukudi,1.0714285714285714,2.026
2024-12-13 06:30:00,594,Thoothukudi,0.5,2.026
2024-12-13 07:00:00,594,Thoothukudi,0.6666666666666666,2.026
2024-12-13 08:00:00,594,Thoothukudi,3.0,2.026
2024-12-13 09:00:00,594,Thoothukudi,3.0,2.026
2024-12-13 09:30:00,594,Thoothukudi,1.0,2.246
2024-12-13 10:00:00,594,Thoothukudi,1.3,2.246
2024-12-13 10:30:00,594,Thoothukudi,9.0,2.246
2024-12-13 11:00:00,594,Thoothukudi,4.5,2.246
2024-12-13 11:30:00,594,Thoothukudi,3.5,2.246
2024-12-13 12:00:00,594,Thoothukudi,2.2,2.246
2024-12-13 13:00:00,594,Thoothukudi,0.75,2.246
2024-12-13 14:00:00,594,Thoothukudi,1.0,2.246
2024-12-13 14:30:00,594,Thoothukudi,8.5,2.246
2024-12-13 15:00:00,594,Thoothukudi,5.4,2.246
2024-12-13 15:30:00,594,Thoothukudi,2.0,2.302
2024-12-13 16:00:00,594,Thoothukudi,3.0,2.302
2024-12-13 16:30:00,594,Thoothukudi,1.0,2.302
2024-12-13 17:00:00,594,Thoothukudi,0.6666666666666666,2.302
2024-12-13 17:30:00,594,Thoothukudi,0.75,2.302
2024-12-13 18:00:00,594,Thoothukudi,0.8333333333333334,2.302
2024-12-13 18:30:00,594,Thoothukudi,8.0,2.302
2024-12-13 19:00:00,594,Thoothukudi,4.25,2.302
2024-12-13 19:30:00,594,Thoothukudi,0.5,2.302
2024-12-13 20:00:00,594,Thoothukudi,0.5,2.302
2024-12-13 20:30:00,594,Thoothukudi,4.0,2.302
2024-12-13 21:00:00,594,Thoothukudi,1.75,2.302
2024-12-13 22:00:00,594,Thoothukudi,2.5,2.3600000000000003
2024-12-13 23:00:00,594,Thoothukudi,10.0,2.3600000000000003
2024-12-14 00:00:00,594,Thoothukudi,0.5,2.3600000000000003
2024-12-14 00:30:00,594,Thoothukudi,0.5,2.3600000000000003
2024-12-14 01:00:00,594,Thoothukudi,0.5,2.3600000000000003
2024-12-14 01:30:00,594,Thoothukudi,0.5,2.3600000000000003
2024-12-14 02:00:00,594,Thoothukudi,0.75,2.3600000000000003
2024-12-14 02:30:00,594,Thoothukudi,0.6666666666666666,2.3600000000000003
2024-12-14 03:00:00,594,Thoothukudi,1.1666666666666667,2.3600000000000003
2024-12-14 03:30:00,594,Thoothukudi,0.75,2.418
2024-12-14 04:00:00,594,Thoothukudi,1.5,2.418
2024-12-14 04:30:00,594,Thoothukudi,0.5,2.418
2024-12-14 05:00:00,594,Thoothukudi,1.0,2.418
2024-12-14 06:00:00,594,Thoothukudi,0.5,2.418
2024-12-14 08:00:00,594,Thoothukudi,0.5,2.418
2024-12-14 09:00:00,594,Thoothukudi,0.5,2.418
2024-12-14 09:30:00,594,Thoothukudi,0.75,2.4560000000000004
2024-12-14 10:00:00,594,Thoothukudi,1.75,2.4560000000000004
2024-12-14 10:30:00,594,Thoothukudi,2.0,2.4560000000000004
2024-12-14 11:00:00,594,Thoothukudi,2.5,2.4560000000000004
2024-12-14 11:30:00,594,Thoothukudi,2.0,2.4560000000000004
2024-12-14 12:00:00,594,Thoothukudi,3.75,2.4560000000000004
2024-12-14 12:30:00,594,Thoothukudi,1.5,2.4560000000000004
2024-12-14 13:00:00,594,Thoothukudi,6.125,2.4560000000000004
2024-12-14 13:30:00,594,Thoothukudi,1.0,2.4560000000000004
2024-12-14 14:00:00,594,Thoothukudi,3.2,2.4560000000000004
2024-12-14 14:30:00,594,Thoothukudi,1.25,2.4560000000000004
2024-12-14 15:00:00,594,Thoothukudi,1.375,2.4560000000000004
2024-12-14 15:30:00,594,Thoothukudi,0.5,2.542
2024-12-14 16:00:00,594,Thoothukudi,1.125,2.542
2024-12-14 16:30:00,594,Thoothukudi,0.5,2.542
2024-12-14 17:00:00,594,Thoothukudi,0.5,2.542
2024-12-14 19:00:00,594,Thoothukudi,0.5,2.542
2024-12-14 23:00:00,594,Thoothukudi,0.5,2.624
2024-12-15 03:00:00,594,Thoothukudi,0.5,2.624
2024-12-15 09:00:00,594,Thoothukudi,0.5,2.676
2024-12-15 13:00:00,594,Thoothukudi,0.5,2.724
2024-12-15 18:00:00,594,Thoothukudi,0.5,2.782
2024-12-16 00:00:00,594,Thoothukudi,0.5,2.85
2024-12-16 06:00:00,594,Thoothukudi,0.5,2.8720000000000003
2024-12-16 10:00:00,594,Thoothukudi,0.5,2.898
2024-12-16 16:00:00,594,Thoothukudi,0.5,2.9079999999999995
2024-12-17 00:00:00,594,Thoothukudi,0.5,2.9720000000000004
2024-12-17 11:00:00,594,Thoothukudi,0.5,2.982
2024-12-17 21:00:00,594,Thoothukudi,0.5,2.998
2024-12-17 22:30:00,594,Thoothukudi,4.5,3.0340000000000003
2024-12-17 23:00:00,594,Thoothukudi,6.5,3.0340000000000003
2024-12-19 18:00:00,594,Thoothukudi,15.0,3.014
2024-12-19 18:30:00,594,Thoothukudi,1.5,3.014
2024-12-19 19:00:00,594,Thoothukudi,1.5,3.014
2024-12-20 20:00:00,594,Thoothukudi,2.5,3.0420000000000007
2024-12-20 21:00:00,594,Thoothukudi,0.5,3.0420000000000007
2024-12-21 07:00:00,594,Thoothukudi,0.5,3.0760000000000005
2024-12-21 20:30:00,594,Thoothukudi,4.5,3.016
2024-12-21 21:00:00,594,Thoothukudi,5.0,3.016
2024-12-22 13:00:00,594,Thoothukudi,2.5,3.0920000000000005
2024-12-22 14:00:00,594,Thoothukudi,1.5,3.0920000000000005
2024-12-22 15:00:00,594,Thoothukudi,0.5,3.0920000000000005
2024-12-22 16:00:00,594,Thoothukudi,0.5,3.058
2024-12-22 22:30:00,594,Thoothukudi,0.5,3.0920000000000005
2024-12-22 23:00:00,594,Thoothukudi,5.0,3.0920000000000005
2024-12-23 07:00:00,594,Thoothukudi,0.5,3.0780000000000003
2024-12-23 08:00:00,594,Thoothukudi,2.0,3.0780000000000003
2024-12-23 09:00:00,594,Thoothukudi,6.0,3.0780000000000003
2024-12-23 09:30:00,594,Thoothukudi,0.5,3.086
2024-12-23 10:00:00,594,Thoothukudi,0.6666666666666666,3.086
2024-12-23 14:00:00,594,Thoothukudi,0.5,3.086
2024-12-23 19:00:00,594,Thoothukudi,0.5,3.07
2024-12-24 02:00:00,594,Thoothukudi,0.5,-1.418
2024-12-24 09:00:00,594,Thoothukudi,0.5,-1.434
2024-12-24 13:00:00,594,Thoothukudi,0.5,-1.422
2024-12-24 17:00:00,594,Thoothukudi,0.5,3.058
2024-12-29 00:00:00,594,Thoothukudi,1.0,3.004
2024-12-30 14:00:00,594,Thoothukudi,0.5,2.9479999999999995
2024-12-30 15:30:00,594,Thoothukudi,0.5,2.934
2024-12-30 16:00:00,594,Thoothukudi,1.75,2.934
2024-12-30 16:30:00,594,Thoothukudi,1.0,2.934
2024-12-30 17:00:00,594,Thoothukudi,0.75,2.934
2024-12-30 21:00:00,594,Thoothukudi,0.6666666666666666,2.934
2024-12-31 00:30:00,594,Thoothukudi,2.0,2.974
2024-12-31 01:00:00,594,Thoothukudi,1.5,2.974
2024-12-31 01:30:00,594,Thoothukudi,1.0,2.974
2024-12-31 02:00:00,594,Thoothukudi,1.0,2.974
2024-12-31 03:30:00,594,Thoothukudi,1.0,2.964
2024-12-31 04:00:00,594,Thoothukudi,1.8333333333333333,2.964
2024-12-31 04:30:00,594,Thoothukudi,1.0,2.964
2024-12-31 05:00:00,594,Thoothukudi,0.9285714285714286,2.964
2024-12-31 05:30:00,594,Thoothukudi,0.75,2.964
2024-12-31 06:00:00,594,Thoothukudi,0.8333333333333334,2.964
2024-12-31 07:30:00,594,Thoothukudi,0.5,2.964
2024-12-31 08:00:00,594,Thoothukudi,0.5,2.964
2024-12-31 09:00:00,594,Thoothukudi,0.5,2.964
2024-12-31 10:00:00,594,Thoothukudi,1.5,2.966
2024-12-31 11:00:00,594,Thoothukudi,2.0,2.966
2024-12-31 11:30:00,594,Thoothukudi,1.0,2.966
2024-12-31 12:00:00,594,Thoothukudi,1.0,2.966
2024-12-31 12:30:00,594,Thoothukudi,1.0,2.966
2024-12-31 13:00:00,594,Thoothukudi,2.0,2.966
2024-12-31 13:30:00,594,Thoothukudi,1.0,2.966
2024-12-31 14:00:00,594,Thoothukudi,5.5,2.966
2024-12-31 17:00:00,594,Thoothukudi,1.25,2.946
2025-01-01 06:30:00,594,Thoothukudi,0.5,-2.19
2025-01-01 07:00:00,594,Thoothukudi,0.5,-2.19
2025-01-10 20:00:00,594,Thoothukudi,1.0,2.7999999999999994
2025-01-13 14:30:00,594,Thoothukudi,2.5,2.7440000000000007
2025-01-13 15:00:00,594,Thoothukudi,2.5,2.7440000000000007
2025-01-13 15:30:00,594,Thoothukudi,0.5,2.724
2025-01-13 16:00:00,594,Thoothukudi,0.5,2.724
2025-01-14 18:30:00,594,Thoothukudi,0.5,2.746
2025-01-14 19:00:00,594,Thoothukudi,0.5,2.746
2025-01-14 20:00:00,594,Thoothukudi,4.0,2.746
2025-01-14 20:30:00,594,Thoothukudi,0.75,2.746
2025-01-14 21:00:00,594,Thoothukudi,1.3333333333333333,2.746
2025-01-14 21:30:00,594,Thoothukudi,0.5,2.7640000000000007
2025-01-14 22:00:00,594,Thoothukudi,1.25,2.7640000000000007
2025-01-14 22:30:00,594,Thoothukudi,0.5,2.7640000000000007
2025-01-14 23:00:00,594,Thoothukudi,0.5,2.7640000000000007
2025-01-15 00:00:00,594,Thoothukudi,0.5,2.7640000000000007
2025-01-15 09:30:00,594,Thoothukudi,0.5,2.762
2025-01-15 10:00:00,594,Thoothukudi,0.5,2.762
2025-01-15 15:00:00,594,Thoothukudi,1.5,2.762
2025-01-15 17:00:00,594,Thoothukudi,0.8333333333333334,2.76
2025-01-15 20:00:00,594,Thoothukudi,0.5,2.76
2025-01-18 22:00:00,594,Thoothukudi,1.0,2.732
2025-01-18 23:00:00,594,Thoothukudi,0.5,2.732
2025-01-19 00:30:00,594,Thoothukudi,0.5,2.732
2025-01-19 01:00:00,594,Thoothukudi,1.1666666666666667,2.732
2025-01-19 02:00:00,594,Thoothukudi,1.2857142857142858,2.732
2025-01-19 02:30:00,594,Thoothukudi,4.0,2.732
2025-01-19 03:00:00,594,Thoothukudi,3.6666666666666665,2.732
2025-01-19 03:30:00,594,Thoothukudi,1.75,2.728
2025-01-19 04:00:00,594,Thoothukudi,3.3,2.728
2025-01-19 04:30:00,594,Thoothukudi,2.5,2.728
2025-01-19 05:00:00,594,Thoothukudi,1.5,2.728
2025-01-19 05:30:00,594,Thoothukudi,2.5,2.728
2025-01-19 06:00:00,594,Thoothukudi,6.5,2.728
2025-01-19 06:30:00,594,Thoothukudi,0.5,2.728
2025-01-19 07:00:00,594,Thoothukudi,1.0,2.728
2025-01-19 07:30:00,594,Thoothukudi,0.5,2.728
2025-01-19 08:00:00,594,Thoothukudi,0.5,2.728
2025-01-19 08:30:00,594,Thoothukudi,0.5,2.728
2025-01-19 09:00:00,594,Thoothukudi,0.5,2.728
2025-01-19 10:00:00,594,Thoothukudi,0.6666666666666666,2.75
2025-01-19 10:30:00,594,Thoothukudi,1.75,2.75
2025-01-19 11:00:00,594,Thoothukudi,3.0,2.75
2025-01-19 11:30:00,594,Thoothukudi,2.1666666666666665,2.75
2025-01-19 12:00:00,594,Thoothukudi,2.625,2.75
2025-01-19 12:30:00,594,Thoothukudi,1.125,2.75
2025-01-19 13:00:00,594,Thoothukudi,4.6,2.75
2025-01-19 14:00:00,594,Thoothukudi,0.5,2.75
2025-01-19 14:35:00,594,Thoothukudi,3.5,2.75
2025-01-19 14:40:00,594,Thoothukudi,3.5,2.75
2025-01-19 14:45:00,594,Thoothukudi,3.5,2.75
2025-01-19 14:50:00,594,Thoothukudi,3.5,2.75
2025-01-19 14:55:00,594,Thoothukudi,3.5,2.75
2025-01-19 15:00:00,594,Thoothukudi,3.5,2.75
2025-01-19 19:30:00,594,Thoothukudi,0.5,2.7379999999999995
2025-01-19 20:00:00,594,Thoothukudi,0.5,2.7379999999999995
2025-01-20 01:00:00,594,Thoothukudi,0.5,2.7700000000000005
2025-01-22 01:00:00,594,Thoothukudi,0.5,2.782
2025-01-22 09:00:00,594,Thoothukudi,1.0,2.788
2025-01-22 10:00:00,594,Thoothukudi,0.5,2.766
2025-01-22 11:00:00,594,Thoothukudi,0.5,2.766
2025-01-22 12:30:00,594,Thoothukudi,1.0,2.766
2025-01-22 13:00:00,594,Thoothukudi,0.75,2.766
2025-01-22 19:30:00,594,Thoothukudi,1.0,2.768
2025-01-22 20:00:00,594,Thoothukudi,2.0,2.768
2025-01-22 20:30:00,594,Thoothukudi,0.5,2.768
2025-01-22 21:00:00,594,Thoothukudi,1.25,2.768
2025-01-22 21:30:00,594,Thoothukudi,0.5,2.7880000000000003
2025-01-22 22:00:00,594,Thoothukudi,1.25,2.7880000000000003
2025-01-22 23:00:00,594,Thoothukudi,1.0,2.7880000000000003
2025-01-22 23:30:00,594,Thoothukudi,2.5,2.7880000000000003
2025-01-23 00:00:00,594,Thoothukudi,1.8333333333333333,2.7880000000000003
2025-01-23 00:30:00,594,Thoothukudi,2.5,2.7880000000000003
2025-01-23 01:00:00,594,Thoothukudi,2.625,2.7880000000000003
2025-01-23 01:30:00,594,Thoothukudi,0.5,2.7880000000000003
2025-01-23 02:00:00,594,Thoothukudi,0.5,2.7880000000000003
2025-01-23 04:00:00,594,Thoothukudi,0.5,2.7980000000000005
2025-01-23 07:00:00,594,Thoothukudi,0.5,2.7980000000000005
2025-01-30 16:30:00,594,Thoothukudi,1.0,2.644000000000001
2025-01-30 17:00:00,594,Thoothukudi,1.0,2.644000000000001
2025-01-30 18:30:00,594,Thoothukudi,0.5,2.644000000000001
2025-01-30 19:00:00,594,Thoothukudi,0.5,2.644000000000001
2025-01-31 13:00:00,594,Thoothukudi,0.5,2.7299999999999995
2025-01-31 15:00:00,594,Thoothukudi,1.0,2.7299999999999995
2025-01-31 16:30:00,594,Thoothukudi,0.5,2.724
2025-01-31 17:00:00,594,Thoothukudi,1.0,2.724
2025-01-31 17:30:00,594,Thoothukudi,0.5,2.724
2025-01-31 18:00:00,594,Thoothukudi,0.5,2.724
2025-02-05 12:10:00,594,Thoothukudi,0.5,2.6339999999999995
2025-02-05 13:05:00,594,Thoothukudi,2.0,2.6339999999999995
2025-02-05 13:30:00,594,Thoothukudi,2.0,2.6339999999999995
2025-02-05 14:00:00,594,Thoothukudi,2.0,2.6339999999999995
2025-02-15 08:00:00,594,Thoothukudi,1.0,1.5735
2025-02-26 19:00:00,594,Thoothukudi,0.5,1.3888333333333334
2025-02-27 09:30:00,594,Thoothukudi,0.5,1.3911666666666669
2025-02-27 10:00:00,594,Thoothukudi,0.5,1.3911666666666669
2025-02-28 15:00:00,594,Thoothukudi,0.5,2.3280000000000003
2025-02-28 15:30:00,594,Thoothukudi,1.5,2.298
2025-02-28 16:00:00,594,Thoothukudi,1.0,2.298
2025-02-28 16:30:00,594,Thoothukudi,2.5,2.298
2025-02-28 17:00:00,594,Thoothukudi,2.125,2.298
2025-02-28 17:30:00,594,Thoothukudi,2.0,2.298
2025-02-28 18:00:00,594,Thoothukudi,1.75,2.298
2025-02-28 20:00:00,594,Thoothukudi,0.5,2.298
2025-03-01 01:30:00,594,Thoothukudi,0.5,2.3319999999999994
2025-03-01 02:00:00,594,Thoothukudi,0.5,2.3319999999999994
2025-03-01 03:00:00,594,Thoothukudi,2.5,2.3319999999999994
2025-03-01 03:30:00,594,Thoothukudi,5.0,2.342
2025-03-01 04:00:00,594,Thoothukudi,2.0,2.342
2025-03-01 04:30:00,594,Thoothukudi,9.0,2.342
2025-03-01 05:00:00,594,Thoothukudi,6.75,2.342
2025-03-01 06:00:00,594,Thoothukudi,0.8,2.342
2025-03-01 06:30:00,594,Thoothukudi,1.0,2.342
2025-03-01 07:00:00,594,Thoothukudi,0.75,2.342
2025-03-01 12:00:00,594,Thoothukudi,0.5,2.336
2025-03-01 13:00:00,594,Thoothukudi,2.0,2.336
2025-03-01 14:00:00,594,Thoothukudi,0.5,2.336
2025-03-01 23:00:00,594,Thoothukudi,3.0,2.3440000000000003
2025-03-02 00:00:00,594,Thoothukudi,7.0,2.3440000000000003
2025-03-02 00:30:00,594,Thoothukudi,0.5,2.3440000000000003
2025-03-02 01:00:00,594,Thoothukudi,7.0,2.3440000000000003
2025-03-02 01:30:00,594,Thoothukudi,10.5,2.3440000000000003
2025-03-02 02:00:00,594,Thoothukudi,7.666666666666667,2.3440000000000003
2025-03-02 02:30:00,594,Thoothukudi,9.0,2.3440000000000003
2025-03-02 03:00:00,594,Thoothukudi,8.75,2.3440000000000003
2025-03-02 03:30:00,594,Thoothukudi,10.5,2.35
2025-03-02 04:00:00,594,Thoothukudi,9.125,2.35
2025-03-02 04:30:00,594,Thoothukudi,9.0,2.35
2025-03-02 05:00:00,594,Thoothukudi,6.9,2.35
2025-03-02 05:30:00,594,Thoothukudi,9.0,2.35
2025-03-02 06:00:00,594,Thoothukudi,16.166666666666668,2.35
2025-03-02 07:00:00,594,Thoothukudi,3.5,2.35
2025-03-02 08:00:00,594,Thoothukudi,11.75,2.35
2025-03-02 08:30:00,594,Thoothukudi,3.0,2.35
2025-03-02 09:00:00,594,Thoothukudi,4.833333333333333,2.35
2025-03-02 09:30:00,594,Thoothukudi,0.5,2.362
2025-03-02 10:00:00,594,Thoothukudi,0.5,2.362
2025-03-02 11:00:00,594,Thoothukudi,1.0,2.362
2025-03-02 11:30:00,594,Thoothukudi,0.5,2.362
2025-03-02 12:00:00,594,Thoothukudi,0.5,2.362
2025-03-02 12:30:00,594,Thoothukudi,2.5,2.362
2025-03-02 13:00:00,594,Thoothukudi,3.125,2.362
2025-03-02 13:30:00,594,Thoothukudi,1.0,2.362
2025-03-02 14:00:00,594,Thoothukudi,4.0,2.362
2025-03-02 14:30:00,594,Thoothukudi,1.5,2.362
2025-03-02 15:00:00,594,Thoothukudi,1.0,2.362
2025-03-02 15:30:00,594,Thoothukudi,0.5,2.378
2025-03-02 16:00:00,594,Thoothukudi,0.5,2.378
2025-03-02 18:00:00,594,Thoothukudi,1.0,2.378
2025-03-02 18:30:00,594,Thoothukudi,2.0,2.378
2025-03-02 19:00:00,594,Thoothukudi,2.0,2.378
2025-03-03 02:00:00,594,Thoothukudi,0.5,2.394
2025-03-03 03:00:00,594,Thoothukudi,1.5,2.394
2025-03-07 11:50:00,594,Thoothukudi,3.0,2.394000000000001
2025-03-07 11:55:00,594,Thoothukudi,3.0,2.394000000000001
2025-03-07 12:00:00,594,Thoothukudi,3.0,2.394000000000001
2025-03-11 07:00:00,594,Thoothukudi,4.0,2.3679999999999994
2025-03-11 07:30:00,594,Thoothukudi,6.0,2.3679999999999994
2025-03-11 08:00:00,594,Thoothukudi,3.5,2.3679999999999994
2025-03-11 08:30:00,594,Thoothukudi,1.3333333333333333,2.3679999999999994
2025-03-11 09:00:00,594,Thoothukudi,1.25,2.3679999999999994
2025-03-11 09:30:00,594,Thoothukudi,0.75,2.366
2025-03-11 10:00:00,594,Thoothukudi,4.25,2.366
2025-03-11 10:30:00,594,Thoothukudi,2.1666666666666665,2.366
2025-03-11 11:00:00,594,Thoothukudi,7.083333333333333,2.366
2025-03-11 11:30:00,594,Thoothukudi,2.2,2.366
2025-03-11 12:00:00,594,Thoothukudi,4.25,2.366
2025-03-11 12:30:00,594,Thoothukudi,0.9,2.366
2025-03-11 13:00:00,594,Thoothukudi,2.0,2.366
2025-03-11 13:30:00,594,Thoothukudi,0.7,2.366
2025-03-11 14:00:00,594,Thoothukudi,1.7222222222222223,2.366
2025-03-11 14:30:00,594,Thoothukudi,1.125,2.366
2025-03-11 15:00:00,594,Thoothukudi,1.8125,2.366
2025-03-11 15:30:00,594,Thoothukudi,0.6666666666666666,2.372
2025-03-11 16:00:00,594,Thoothukudi,0.6666666666666666,2.372
2025-03-11 17:30:00,594,Thoothukudi,0.5,2.372
2025-03-11 18:00:00,594,Thoothukudi,0.5,2.372
2025-03-11 18:30:00,594,Thoothukudi,1.5,2.372
2025-03-11 19:00:00,594,Thoothukudi,1.5,2.372
2025-03-11 19:30:00,594,Thoothukudi,0.5,2.372
2025-03-11 20:00:00,594,Thoothukudi,0.5,2.372
2025-03-12 03:00:00,594,Thoothukudi,1.5,2.3879999999999995
2025-03-12 05:00:00,594,Thoothukudi,3.0,2.3880000000000003
2025-03-12 05:30:00,594,Thoothukudi,2.0,2.3880000000000003
2025-03-12 06:00:00,594,Thoothukudi,3.5,2.3880000000000003
2025-03-12 08:00:00,594,Thoothukudi,0.5,2.3880000000000003
2025-03-12 09:00:00,594,Thoothukudi,0.5,2.3880000000000003
2025-03-12 09:30:00,594,Thoothukudi,2.0,2.3720000000000003
2025-03-12 10:00:00,594,Thoothukudi,4.2,2.3720000000000003
2025-03-12 10:30:00,594,Thoothukudi,7.0,2.3720000000000003
2025-03-12 11:00:00,594,Thoothukudi,6.0,2.3720000000000003
2025-03-12 11:30:00,594,Thoothukudi,0.5,2.3720000000000003
2025-03-12 12:00:00,594,Thoothukudi,0.5,2.3720000000000003
2025-03-12 13:30:00,594,Thoothukudi,0.5,2.3720000000000003
2025-03-12 14:00:00,594,Thoothukudi,0.5,2.3720000000000003
2025-03-12 21:30:00,594,Thoothukudi,0.5,2.41
2025-03-12 22:00:00,594,Thoothukudi,0.5,2.41
2025-03-13 15:00:00,594,Thoothukudi,0.5,2.39
2025-03-16 04:00:00,594,Thoothukudi,0.5,2.37
2025-03-16 05:00:00,594,Thoothukudi,1.5,2.37
2025-03-16 06:00:00,594,Thoothukudi,2.5,2.37
2025-03-16 11:00:00,594,Thoothukudi,2.5,2.3680000000000003
2025-03-16 13:00:00,594,Thoothukudi,1.5,2.3680000000000003
2025-03-16 16:00:00,594,Thoothukudi,0.5,2.3560000000000008
2025-03-17 16:30:00,594,Thoothukudi,4.0,2.2840000000000003
2025-03-17 17:00:00,594,Thoothukudi,4.5,2.2840000000000003
2025-03-17 19:30:00,594,Thoothukudi,0.5,2.2840000000000003
2025-03-17 20:00:00,594,Thoothukudi,0.5,2.2840000000000003
2025-03-18 14:30:00,594,Thoothukudi,0.5,2.374
2025-03-18 15:00:00,594,Thoothukudi,0.5,2.374
2025-03-19 22:00:00,594,Thoothukudi,0.5,2.35
2025-03-20 01:30:00,594,Thoothukudi,11.75,2.35
2025-03-20 02:00:00,594,Thoothukudi,17.25,2.35
2025-03-20 02:30:00,594,Thoothukudi,1.0,2.35
2025-03-20 03:00:00,594,Thoothukudi,3.25,2.35
2025-03-20 05:00:00,594,Thoothukudi,0.5,2.346
2025-03-21 08:30:00,594,Thoothukudi,0.5,2.3320000000000003
2025-03-21 09:00:00,594,Thoothukudi,0.5,2.3320000000000003
2025-03-21 10:00:00,594,Thoothukudi,0.5,2.3000000000000003
2025-03-21 13:00:00,594,Thoothukudi,0.5,2.3000000000000003
2025-03-21 14:00:00,594,Thoothukudi,0.5,2.3000000000000003
2025-03-22 02:00:00,594,Thoothukudi,6.0,2.32
2025-03-22 03:30:00,594,Thoothukudi,0.5,2.314000000000001
2025-03-22 04:00:00,594,Thoothukudi,3.5,2.314000000000001
2025-03-22 04:30:00,594,Thoothukudi,2.5,2.314000000000001
2025-03-22 05:00:00,594,Thoothukudi,1.5,2.314000000000001
2025-03-22 06:00:00,594,Thoothukudi,5.5,2.314000000000001
2025-03-22 07:00:00,594,Thoothukudi,1.0,2.314000000000001
2025-03-22 10:30:00,594,Thoothukudi,4.0,2.322
2025-03-22 11:00:00,594,Thoothukudi,4.75,2.322
2025-03-22 11:30:00,594,Thoothukudi,2.5,2.322
2025-03-22 12:00:00,594,Thoothukudi,1.5,2.322
2025-03-22 12:30:00,594,Thoothukudi,1.0,2.322
2025-03-22 13:00:00,594,Thoothukudi,1.3333333333333333,2.322
2025-03-22 13:30:00,594,Thoothukudi,0.75,2.322
2025-03-22 14:00:00,594,Thoothukudi,12.833333333333334,2.322
2025-03-22 14:30:00,594,Thoothukudi,15.333333333333334,2.322
2025-03-22 15:00:00,594,Thoothukudi,13.25,2.322
2025-03-22 16:00:00,594,Thoothukudi,0.5,2.35
2025-03-30 01:30:00,594,Thoothukudi,0.5,-2.8666666666666667
2025-03-30 02:00:00,594,Thoothukudi,0.5,-2.8666666666666667
2025-03-30 09:00:00,594,Thoothukudi,0.5,2.284
2025-04-02 22:30:00,594,Thoothukudi,1.0,1.320166666666667
2025-04-02 23:00:00,594,Thoothukudi,3.5,1.320166666666667
2025-04-02 23:30:00,594,Thoothukudi,3.25,1.320166666666667
2025-04-03 00:00:00,594,Thoothukudi,3.25,1.320166666666667
2025-04-03 02:00:00,594,Thoothukudi,0.5,1.320166666666667
2025-04-03 02:30:00,594,Thoothukudi,9.0,1.320166666666667
2025-04-03 03:00:00,594,Thoothukudi,10.5,1.320166666666667
2025-04-03 03:30:00,594,Thoothukudi,0.5,-2.9555
2025-04-03 04:00:00,594,Thoothukudi,0.5,-2.9555
2025-04-03 04:30:00,594,Thoothukudi,1.0,-2.9555
2025-04-03 05:00:00,594,Thoothukudi,1.0,-2.9555
2025-04-03 12:00:00,594,Thoothukudi,1.0,-2.9435
2025-04-03 12:30:00,594,Thoothukudi,0.5,-2.9435
2025-04-03 13:00:00,594,Thoothukudi,0.5,-2.9435
2025-04-03 15:30:00,594,Thoothukudi,0.5,-2.94525
2025-04-03 16:00:00,594,Thoothukudi,0.5,-2.94525
2025-04-03 19:30:00,594,Thoothukudi,1.0,-2.94525
2025-04-03 20:00:00,594,Thoothukudi,1.25,-2.94525
2025-04-03 20:30:00,594,Thoothukudi,15.0,-2.94525
2025-04-03 21:00:00,594,Thoothukudi,27.166666666666668,-2.94525
2025-04-03 21:30:00,594,Thoothukudi,14.75,-2.93725
2025-04-03 22:00:00,594,Thoothukudi,11.375,-2.93725
2025-04-03 22:30:00,594,Thoothukudi,0.8333333333333334,-2.93725
2025-04-03 23:00:00,594,Thoothukudi,6.7,-2.93725
2025-04-03 23:30:00,594,Thoothukudi,1.0,-2.93725
2025-04-04 00:00:00,594,Thoothukudi,3.25,-2.93725
2025-04-04 00:30:00,594,Thoothukudi,1.0,-2.93725
2025-04-04 01:00:00,594,Thoothukudi,3.8333333333333335,-2.93725
2025-04-04 02:00:00,594,Thoothukudi,2.5,-2.93725
2025-04-04 13:30:00,594,Thoothukudi,0.5,1.3673333333333335
2025-04-04 15:00:00,594,Thoothukudi,2.1666666666666665,1.3673333333333335
2025-04-04 15:30:00,594,Thoothukudi,1.5,1.3648333333333336
2025-04-04 16:30:00,594,Thoothukudi,13.25,1.3648333333333336
2025-04-04 17:00:00,594,Thoothukudi,26.0,1.3648333333333336
2025-04-04 23:30:00,594,Thoothukudi,0.5,1.4574999999999998
2025-04-05 00:00:00,594,Thoothukudi,0.5,1.4574999999999998
2025-04-05 03:00:00,594,Thoothukudi,4.0,1.4574999999999998
2025-04-05 15:00:00,594,Thoothukudi,6.5,1.5266666666666666
2025-04-05 15:30:00,594,Thoothukudi,11.5,1.5505000000000002
2025-04-05 16:00:00,594,Thoothukudi,13.0,1.5505000000000002
2025-04-06 15:00:00,594,Thoothukudi,7.5,1.6143333333333334
2025-04-06 16:00:00,594,Thoothukudi,7.75,1.6278333333333337
2025-04-06 16:30:00,594,Thoothukudi,0.5,1.6278333333333337
2025-04-06 17:00:00,594,Thoothukudi,0.5,1.6278333333333337
2025-04-06 19:00:00,594,Thoothukudi,2.0,1.6278333333333337
2025-04-07 00:00:00,594,Thoothukudi,1.25,1.653666666666667
2025-04-07 00:30:00,594,Thoothukudi,6.5,1.653666666666667
2025-04-07 01:00:00,594,Thoothukudi,0.5,1.653666666666667
2025-04-07 01:30:00,594,Thoothukudi,2.0,1.653666666666667
2025-04-07 02:00:00,594,Thoothukudi,1.875,1.653666666666667
2025-04-07 02:30:00,594,Thoothukudi,0.5,1.653666666666667
2025-04-07 03:00:00,594,Thoothukudi,0.5,1.653666666666667
2025-04-08 18:00:00,594,Thoothukudi,0.5,-2.99
2025-04-09 13:00:00,594,Thoothukudi,1.0,10.375
2025-04-09 15:00:00,594,Thoothukudi,0.5,10.375
2025-04-11 11:30:00,594,Thoothukudi,0.5,1.6716666666666666
2025-04-11 12:00:00,594,Thoothukudi,3.0,1.6716666666666666
2025-04-11 13:30:00,594,Thoothukudi,1.0,1.6716666666666666
2025-04-11 14:00:00,594,Thoothukudi,1.0,1.6716666666666666
2025-04-13 18:30:00,594,Thoothukudi,0.5,1.6048333333333336
2025-04-13 19:00:00,594,Thoothukudi,0.5,1.6048333333333336
2025-04-13 20:00:00,594,Thoothukudi,5.0,1.6048333333333336
2025-04-13 20:30:00,594,Thoothukudi,8.5,1.6048333333333336
2025-04-13 21:00:00,594,Thoothukudi,8.5,1.6048333333333336
2025-04-14 17:00:00,594,Thoothukudi,1.5,1.6181666666666663
2025-04-14 18:00:00,594,Thoothukudi,4.0,1.6181666666666663
2025-04-14 18:30:00,594,Thoothukudi,0.5,1.6181666666666663
2025-04-14 19:00:00,594,Thoothukudi,1.0,1.6181666666666663
2025-04-14 19:30:00,594,Thoothukudi,7.0,1.6181666666666663
2025-04-14 20:00:00,594,Thoothukudi,7.0,1.6181666666666663
2025-04-15 19:00:00,594,Thoothukudi,0.5,1.5784999999999998
2025-04-17 17:00:00,594,Thoothukudi,3.5,2.5120000000000005
2025-04-18 16:00:00,594,Thoothukudi,6.5,1.5233333333333334
2025-04-18 16:30:00,594,Thoothukudi,2.0,1.5233333333333334
2025-04-18 17:00:00,594,Thoothukudi,2.5,1.5233333333333334
2025-04-19 17:00:00,594,Thoothukudi,19.5,5.990000000000001
2025-04-19 17:30:00,594,Thoothukudi,3.0,5.990000000000001
2025-04-19 18:00:00,594,Thoothukudi,3.0,5.990000000000001
2025-04-21 15:00:00,594,Thoothukudi,4.25,1.5128333333333337
2025-04-21 15:30:00,594,Thoothukudi,2.0,1.524
2025-04-21 16:00:00,594,Thoothukudi,2.0,1.524
2025-04-21 17:00:00,594,Thoothukudi,1.5,1.524
2025-04-21 17:30:00,594,Thoothukudi,2.0,1.524
2025-04-21 18:00:00,594,Thoothukudi,2.0,1.524
2025-04-22 12:30:00,594,Thoothukudi,0.5,1.5276666666666665
2025-04-22 13:00:00,594,Thoothukudi,0.5,1.5276666666666665
2025-04-22 15:00:00,594,Thoothukudi,13.25,1.5276666666666665
2025-04-22 15:30:00,594,Thoothukudi,22.5,1.5025000000000002
2025-04-22 16:00:00,594,Thoothukudi,22.5,1.5025000000000002
2025-04-22 16:30:00,594,Thoothukudi,0.5,1.5025000000000002
2025-04-22 17:00:00,594,Thoothukudi,0.5,1.5025000000000002
2025-04-22 17:30:00,594,Thoothukudi,1.0,1.5025000000000002
2025-04-22 18:00:00,594,Thoothukudi,3.6666666666666665,1.5025000000000002
2025-04-22 19:00:00,594,Thoothukudi,6.0,1.5025000000000002
2025-04-22 19:30:00,594,Thoothukudi,0.5,1.5025000000000002
2025-04-22 20:00:00,594,Thoothukudi,0.5,1.5025000000000002
2025-04-23 12:00:00,594,Thoothukudi,0.5,2.498
2025-04-24 16:00:00,594,Thoothukudi,3.5,2.458
2025-04-25 15:00:00,594,Thoothukudi,7.75,2.472
2025-04-25 15:30:00,594,Thoothukudi,5.0,2.4719999999999995
2025-04-25 16:00:00,594,Thoothukudi,5.0,2.4719999999999995
2025-04-25 18:00:00,594,Thoothukudi,0.5,2.4719999999999995
2025-04-26 12:00:00,594,Thoothukudi,5.25,2.506
2025-04-26 12:30:00,594,Thoothukudi,15.0,2.506
2025-04-26 13:00:00,594,Thoothukudi,15.0,2.506
2025-04-26 14:30:00,594,Thoothukudi,2.5,2.506
2025-04-26 15:00:00,594,Thoothukudi,16.5,2.506
2025-04-27 18:30:00,594,Thoothukudi,6.5,2.512
2025-04-27 19:00:00,594,Thoothukudi,5.75,2.512
2025-04-27 19:30:00,594,Thoothukudi,1.0,2.512
2025-04-27 20:00:00,594,Thoothukudi,1.0,2.512
2025-04-28 12:00:00,594,Thoothukudi,1.5,-2.79
2025-04-28 18:00:00,594,Thoothukudi,2.0,-2.813333333333333
2025-04-28 18:30:00,594,Thoothukudi,12.5,-2.813333333333333
2025-04-28 19:00:00,594,Thoothukudi,15.0,-2.813333333333333
2025-04-29 15:30:00,594,Thoothukudi,1.5,2.534
2025-04-29 16:00:00,594,Thoothukudi,1.5,2.534
2025-04-30 14:00:00,594,Thoothukudi,3.5,2.548
2025-04-30 14:30:00,594,Thoothukudi,1.75,2.548
2025-04-30 15:00:00,594,Thoothukudi,2.5,2.548
2025-05-01 18:00:00,594,Thoothukudi,1.5,2.547999999999999
2025-05-02 18:30:00,594,Thoothukudi,0.5,3.9725
2025-05-02 19:00:00,594,Thoothukudi,0.5,3.9725
2025-05-04 18:00:00,594,Thoothukudi,12.5,2.4210000000000003
2025-05-04 19:00:00,594,Thoothukudi,1.5,2.4210000000000003
2025-05-05 05:00:00,594,Thoothukudi,3.0,-2.664
2025-05-06 22:00:00,594,Thoothukudi,1.0,1.572166666666667
2025-05-07 00:00:00,594,Thoothukudi,0.5,1.572166666666667
2025-05-07 17:30:00,594,Thoothukudi,5.0,1.5348333333333333
2025-05-07 18:00:00,594,Thoothukudi,5.5,1.5348333333333333
2025-05-07 18:30:00,594,Thoothukudi,1.5,1.5348333333333333
2025-05-07 19:00:00,594,Thoothukudi,1.5,1.5348333333333333
2025-05-07 19:30:00,594,Thoothukudi,0.5,1.5348333333333333
2025-05-07 20:00:00,594,Thoothukudi,3.1666666666666665,1.5348333333333333
2025-05-09 18:00:00,594,Thoothukudi,0.5,1.5396666666666663
2025-05-14 15:00:00,594,Thoothukudi,0.5,1.477833333333333
2025-05-14 17:00:00,594,Thoothukudi,22.0,1.453
2025-05-15 15:30:00,594,Thoothukudi,14.5,2.2506
2025-05-15 16:00:00,594,Thoothukudi,11.25,2.2506
2025-05-18 16:00:00,594,Thoothukudi,5.0,1.4311666666666667
2025-05-19 14:00:00,594,Thoothukudi,10.5,1.4248333333333332
2025-05-19 15:00:00,594,Thoothukudi,1.625,1.4248333333333332
2025-05-19 15:30:00,594,Thoothukudi,33.0,1.4433333333333334
2025-05-19 16:00:00,594,Thoothukudi,0.5,1.4433333333333334
2025-05-19 17:00:00,594,Thoothukudi,4.666666666666667,1.4433333333333334
2025-05-20 00:30:00,594,Thoothukudi,0.5,1.4693333333333332
2025-05-20 01:00:00,594,Thoothukudi,0.5,1.4693333333333332
2025-05-23 18:00:00,594,Thoothukudi,0.5,2.1852000000000005
2025-05-23 18:30:00,594,Thoothukudi,0.5,2.1852000000000005
2025-05-23 19:00:00,594,Thoothukudi,0.5,2.1852000000000005
2025-05-23 19:30:00,594,Thoothukudi,2.5,2.1852000000000005
2025-05-23 20:00:00,594,Thoothukudi,2.25,2.1852000000000005
2025-05-23 21:00:00,594,Thoothukudi,0.5,2.1852000000000005
2025-05-23 22:00:00,594,Thoothukudi,0.5,2.2101999999999995
2025-05-23 22:30:00,594,Thoothukudi,0.5,2.2101999999999995
2025-05-23 23:00:00,594,Thoothukudi,0.5,2.2101999999999995
2025-05-24 05:00:00,594,Thoothukudi,0.5,2.221
2025-05-24 21:00:00,594,Thoothukudi,0.5,2.171
2025-05-24 21:30:00,594,Thoothukudi,0.5,2.2096
2025-05-24 22:00:00,594,Thoothukudi,0.5,2.2096
2025-05-25 18:30:00,594,Thoothukudi,0.5,-2.9206
2025-05-25 19:00:00,594,Thoothukudi,0.5,-2.9206
2025-05-25 21:00:00,594,Thoothukudi,0.5,-2.9206
2025-05-26 01:00:00,594,Thoothukudi,0.75,-2.9004
2025-05-26 03:00:00,594,Thoothukudi,0.5,-2.9004
2025-05-26 04:30:00,594,Thoothukudi,0.5,1.374
2025-05-26 05:00:00,594,Thoothukudi,0.5,1.374
2025-05-26 12:00:00,594,Thoothukudi,0.5,1.3819999999999997
2025-05-26 13:30:00,594,Thoothukudi,0.5,1.3819999999999997
2025-05-26 14:00:00,594,Thoothukudi,1.5,1.3819999999999997
2025-05-26 21:30:00,594,Thoothukudi,0.5,1.3811666666666664
2025-05-26 22:00:00,594,Thoothukudi,1.0,1.3811666666666664
2025-05-26 23:00:00,594,Thoothukudi,1.0,1.3811666666666664
2025-05-27 03:00:00,594,Thoothukudi,2.0,1.3811666666666664
2025-05-27 04:00:00,594,Thoothukudi,0.5,1.3748333333333334
2025-05-27 05:00:00,594,Thoothukudi,0.5,1.3748333333333334
2025-05-27 15:00:00,594,Thoothukudi,0.5,1.3395000000000004
2025-05-29 09:30:00,594,Thoothukudi,0.5,1.3293333333333333
2025-05-29 10:00:00,594,Thoothukudi,0.5,1.3293333333333333
2025-05-29 13:30:00,594,Thoothukudi,1.5,1.3293333333333333
2025-05-29 14:00:00,594,Thoothukudi,2.0,1.3293333333333333
2025-05-29 16:00:00,594,Thoothukudi,0.5,1.32
2025-05-29 17:00:00,594,Thoothukudi,0.5,1.32
2025-05-29 18:00:00,594,Thoothukudi,0.5,1.32
2025-05-29 20:00:00,594,Thoothukudi,3.25,1.32
2025-05-30 04:00:00,594,Thoothukudi,0.5,1.3276666666666666
2025-05-30 10:00:00,594,Thoothukudi,2.5,1.301
2025-05-30 14:00:00,594,Thoothukudi,1.0,1.301
2025-05-30 14:15:00,594,Thoothukudi,1.0,1.301
2025-05-30 14:20:00,594,Thoothukudi,1.0,1.301
2025-05-30 14:25:00,594,Thoothukudi,1.0,1.301
2025-05-30 15:00:00,594,Thoothukudi,1.0,1.301
2025-05-30 16:00:00,594,Thoothukudi,0.5,1.3206666666666669
2025-05-30 16:30:00,594,Thoothukudi,0.5,1.3206666666666669
2025-05-30 17:00:00,594,Thoothukudi,0.5,1.3206666666666669
2025-05-30 19:00:00,594,Thoothukudi,0.5,1.3206666666666669
2025-05-31 07:00:00,594,Thoothukudi,0.5,1.2955
2025-06-06 18:00:00,594,Thoothukudi,1.0,2.104
2025-06-15 21:00:00,594,Thoothukudi,0.5,1.922
2025-07-20 00:00:00,594,Thoothukudi,0.5,1.336
2025-07-20 00:30:00,594,Thoothukudi,0.5,1.336
2025-07-20 01:00:00,594,Thoothukudi,0.5,1.336
2025-07-20 08:00:00,594,Thoothukudi,1.5,1.336
2025-07-20 09:00:00,594,Thoothukudi,1.0,1.336
2025-07-20 13:30:00,594,Thoothukudi,0.5,1.3179999999999998
2025-07-20 14:00:00,594,Thoothukudi,0.5,1.3179999999999998
2025-07-20 16:00:00,594,Thoothukudi,1.5,1.2759999999999998
2025-07-20 19:00:00,594,Thoothukudi,0.5,1.2759999999999998
2025-07-21 18:30:00,594,Thoothukudi,0.5,1.2020000000000004
2025-07-21 19:00:00,594,Thoothukudi,0.5,1.2020000000000004
2025-07-22 11:00:00,594,Thoothukudi,0.5,1.264
2025-07-23 06:00:00,594,Thoothukudi,0.5,1.28
2025-07-23 08:00:00,594,Thoothukudi,0.5,1.28
2025-07-24 16:00:00,594,Thoothukudi,0.75,2.5525
2025-07-24 18:00:00,594,Thoothukudi,0.5,2.5525
2025-07-31 15:00:00,594,Thoothukudi,1.5,1.1500000000000004
2025-07-31 16:00:00,594,Thoothukudi,2.0,1.114
2025-07-31 17:00:00,594,Thoothukudi,1.0,1.114
2025-08-01 16:00:00,594,Thoothukudi,19.5,1.082
2025-08-01 17:00:00,594,Thoothukudi,8.0,1.082
2025-08-02 14:00:00,594,Thoothukudi,1.75,1.136
2025-08-02 15:00:00,594,Thoothukudi,1.25,1.136
2025-08-02 16:00:00,594,Thoothukudi,3.6666666666666665,1.1340000000000003
2025-08-02 17:00:00,594,Thoothukudi,4.0,1.1340000000000003
2025-08-02 18:00:00,594,Thoothukudi,0.7,1.1340000000000003
2025-08-02 19:00:00,594,Thoothukudi,0.5,1.1340000000000003
2025-08-02 20:00:00,594,Thoothukudi,0.5,1.1340000000000003
2025-08-02 21:00:00,594,Thoothukudi,0.5,1.1340000000000003
2025-08-02 23:00:00,594,Thoothukudi,0.5,1.1459999999999997
2025-08-03 00:00:00,594,Thoothukudi,0.5,1.1459999999999997
2025-08-03 14:00:00,594,Thoothukudi,0.5,1.13
2025-08-04 16:00:00,594,Thoothukudi,7.5,1.0979999999999996
2025-08-04 17:00:00,594,Thoothukudi,2.333333333333333,1.0979999999999996
2025-08-04 18:00:00,594,Thoothukudi,1.5,1.0979999999999996
2025-08-04 19:00:00,594,Thoothukudi,0.5,1.0979999999999996
2025-08-04 20:00:00,594,Thoothukudi,0.5,1.0979999999999996
2025-08-04 21:00:00,594,Thoothukudi,0.5,1.0979999999999996
2025-08-04 22:00:00,594,Thoothukudi,0.5,1.1220000000000003
2025-08-04 23:00:00,594,Thoothukudi,0.5,1.1220000000000003
2025-08-05 00:00:00,594,Thoothukudi,0.5,1.1220000000000003
2025-08-05 01:00:00,594,Thoothukudi,0.5,1.1220000000000003
2025-08-05 02:00:00,594,Thoothukudi,0.5,1.1220000000000003
2025-08-05 03:00:00,594,Thoothukudi,0.5,1.1220000000000003
2025-08-08 17:00:00,594,Thoothukudi,1.5,0.9999999999999996
2025-08-08 23:00:00,594,Thoothukudi,0.5,1.056
2025-08-09 01:00:00,594,Thoothukudi,0.5,1.056
2025-08-09 02:00:00,594,Thoothukudi,1.0,1.056
2025-08-09 14:00:00,594,Thoothukudi,1.5,1.034
2025-08-10 17:00:00,594,Thoothukudi,1.5,1.002
2025-08-15 08:30:00,594,Thoothukudi,0.5,0.9479999999999996
2025-08-15 09:00:00,594,Thoothukudi,0.5,0.9479999999999996
2025-08-15 09:30:00,594,Thoothukudi,0.5,0.9399999999999996
2025-08-15 10:00:00,594,Thoothukudi,1.5,0.9399999999999996
2025-08-15 11:00:00,594,Thoothukudi,0.5,0.9399999999999996
2025-08-20 14:15:00,594,Thoothukudi,2.5,4.276666666666667
2025-08-20 14:20:00,594,Thoothukudi,2.5,4.276666666666667
2025-08-20 15:00:00,594,Thoothukudi,2.5,4.276666666666667
2025-08-21 08:10:00,594,Thoothukudi,1.5,0.8380000000000001
2025-08-21 08:15:00,594,Thoothukudi,2.0,0.8380000000000001
2025-08-21 08:20:00,594,Thoothukudi,2.0,0.8380000000000001
2025-08-21 09:00:00,594,Thoothukudi,2.0,0.8380000000000001
2025-08-21 13:10:00,594,Thoothukudi,0.5,0.8539999999999999
2025-08-21 13:15:00,594,Thoothukudi,2.0,0.8539999999999999
2025-08-21 14:00:00,594,Thoothukudi,2.0,0.8539999999999999
2025-08-21 18:00:00,594,Thoothukudi,2.5,0.8219999999999994
2025-08-21 19:00:00,594,Thoothukudi,1.5,0.8219999999999994
2025-08-22 15:30:00,594,Thoothukudi,1.0,0.806
2025-08-22 16:00:00,594,Thoothukudi,1.0,0.806
2025-08-23 14:00:00,594,Thoothukudi,2.5,0.8280000000000001
2025-08-23 15:00:00,594,Thoothukudi,0.5,0.8280000000000001
2025-09-03 17:00:00,594,Thoothukudi,2.0,0.6279999999999999
2025-09-03 18:00:00,594,Thoothukudi,1.5,0.6279999999999999
2025-09-06 17:00:00,594,Thoothukudi,10.0,0.5880000000000003
2025-09-08 06:00:00,594,Thoothukudi,2.75,0.6139999999999995
2025-09-08 07:00:00,594,Thoothukudi,1.5,0.6139999999999995
2025-09-08 08:00:00,594,Thoothukudi,0.75,0.6139999999999995
2025-09-08 09:00:00,594,Thoothukudi,0.5,0.6139999999999995
2025-09-08 10:00:00,594,Thoothukudi,0.5,0.6159999999999999
2025-09-08 17:00:00,594,Thoothukudi,22.5,0.5819999999999999
2025-09-08 18:00:00,594,Thoothukudi,19.5,0.5819999999999999
2025-09-09 16:00:00,594,Thoothukudi,4.0,0.5680000000000002
2025-09-09 17:00:00,594,Thoothukudi,6.5,0.5680000000000002
2025-09-09 18:00:00,594,Thoothukudi,4.5,0.5680000000000002
2025-09-09 19:00:00,594,Thoothukudi,3.0,0.5680000000000002
2025-09-09 20:00:00,594,Thoothukudi,2.0,0.5680000000000002
2025-09-09 21:00:00,594,Thoothukudi,1.0,0.5680000000000002
2025-09-09 22:00:00,594,Thoothukudi,1.0,0.6280000000000001
2025-09-09 23:00:00,594,Thoothukudi,0.5,0.6280000000000001
2025-09-10 00:00:00,594,Thoothukudi,0.5,0.6280000000000001
2025-09-10 01:00:00,594,Thoothukudi,0.5,0.6280000000000001
2025-09-10 02:00:00,594,Thoothukudi,0.5,0.6280000000000001
2025-09-10 03:00:00,594,Thoothukudi,0.5,0.6280000000000001
2025-09-10 04:00:00,594,Thoothukudi,0.5,1.8975
2025-09-10 05:00:00,594,Thoothukudi,0.5,1.8975
2025-09-10 07:00:00,594,Thoothukudi,0.5,1.8975
2025-09-10 08:00:00,594,Thoothukudi,0.5,1.8975
2025-09-10 09:00:00,594,Thoothukudi,0.5,1.8975
2025-09-10 10:00:00,594,Thoothukudi,1.0,1.8925
2025-09-10 11:00:00,594,Thoothukudi,0.5,1.8925
2025-09-10 12:00:00,594,Thoothukudi,1.0,1.8925
2025-09-10 13:00:00,594,Thoothukudi,1.0,1.8925
2025-09-10 14:00:00,594,Thoothukudi,0.5,1.8925
2025-09-10 15:00:00,594,Thoothukudi,1.0,1.8925
2025-09-10 16:00:00,594,Thoothukudi,1.5,1.8675
2025-09-10 17:00:00,594,Thoothukudi,4.5,1.8675
2025-09-10 18:00:00,594,Thoothukudi,2.1666666666666665,1.8675
2025-09-10 19:00:00,594,Thoothukudi,2.25,1.8675
2025-09-10 20:00:00,594,Thoothukudi,1.75,1.8675
2025-09-10 21:00:00,594,Thoothukudi,1.5,1.8675
2025-09-10 22:00:00,594,Thoothukudi,1.0,1.925
2025-09-10 23:00:00,594,Thoothukudi,1.0,1.925
2025-09-11 00:00:00,594,Thoothukudi,1.5,1.925
2025-09-11 01:00:00,594,Thoothukudi,1.0,1.925
2025-09-11 02:00:00,594,Thoothukudi,0.75,1.925
2025-09-11 03:00:00,594,Thoothukudi,1.0,1.925
2025-09-11 04:00:00,594,Thoothukudi,0.75,0.6779999999999999
2025-09-11 05:00:00,594,Thoothukudi,0.5,0.6779999999999999
2025-09-11 06:00:00,594,Thoothukudi,0.75,0.6779999999999999
2025-09-11 07:00:00,594,Thoothukudi,1.0,0.6779999999999999
2025-09-11 08:00:00,594,Thoothukudi,0.5,0.6779999999999999
2025-09-11 09:00:00,594,Thoothukudi,1.0,0.6779999999999999
2025-09-11 10:00:00,594,Thoothukudi,0.75,0.6819999999999997
2025-09-11 11:00:00,594,Thoothukudi,1.0,0.6819999999999997
2025-09-11 12:00:00,594,Thoothukudi,0.75,0.6819999999999997
2025-09-11 13:00:00,594,Thoothukudi,0.75,0.6819999999999997
2025-09-11 14:00:00,594,Thoothukudi,1.0,0.6819999999999997
2025-09-11 15:00:00,594,Thoothukudi,0.75,0.6819999999999997
2025-09-11 16:00:00,594,Thoothukudi,0.5,0.7100000000000002
2025-09-11 17:00:00,594,Thoothukudi,1.0,0.7100000000000002
2025-09-11 18:00:00,594,Thoothukudi,0.5,0.7100000000000002
2025-09-11 19:00:00,594,Thoothukudi,0.5,0.7100000000000002
2025-09-11 20:00:00,594,Thoothukudi,0.5,0.7100000000000002
2025-09-11 21:00:00,594,Thoothukudi,0.5,0.7100000000000002
2025-09-11 22:00:00,594,Thoothukudi,0.5,0.7519999999999998
2025-09-11 23:00:00,594,Thoothukudi,0.5,0.7519999999999998
2025-09-12 00:00:00,594,Thoothukudi,0.5,0.7519999999999998
2025-09-12 01:00:00,594,Thoothukudi,0.5,0.7519999999999998
2025-09-12 03:00:00,594,Thoothukudi,0.5,0.7519999999999998
2025-09-12 04:00:00,594,Thoothukudi,0.5,2.015
2025-09-12 05:00:00,594,Thoothukudi,0.5,2.015
2025-09-12 07:00:00,594,Thoothukudi,0.5,2.015
2025-09-12 09:00:00,594,Thoothukudi,0.5,2.015
2025-09-12 10:00:00,594,Thoothukudi,0.5,2.0575
2025-09-12 11:00:00,594,Thoothukudi,0.5,2.0575
2025-09-12 13:00:00,594,Thoothukudi,0.5,2.0575
2025-09-12 14:00:00,594,Thoothukudi,0.5,2.0575
2025-09-12 15:00:00,594,Thoothukudi,0.5,2.0575
2025-09-12 16:00:00,594,Thoothukudi,0.5,1.9900000000000004
2025-09-12 17:00:00,594,Thoothukudi,0.5,1.9900000000000004
2025-09-12 18:00:00,594,Thoothukudi,0.5,1.9900000000000004
2025-09-12 20:00:00,594,Thoothukudi,0.5,1.9900000000000004
2025-09-12 22:00:00,594,Thoothukudi,0.5,2.0525
2025-09-13 00:00:00,594,Thoothukudi,0.5,2.0525
2025-09-13 02:00:00,594,Thoothukudi,0.5,2.0525
2025-09-13 05:00:00,594,Thoothukudi,0.5,0.8179999999999998
2025-09-13 08:00:00,594,Thoothukudi,0.5,0.8179999999999998
2025-09-13 10:00:00,594,Thoothukudi,0.5,0.8139999999999998
2025-09-13 12:00:00,594,Thoothukudi,0.5,0.8139999999999998
2025-09-13 14:00:00,594,Thoothukudi,0.5,0.8139999999999998
2025-09-13 16:00:00,594,Thoothukudi,0.5,0.784
2025-09-13 22:00:00,594,Thoothukudi,0.5,0.868
2025-09-14 02:00:00,594,Thoothukudi,0.5,0.868
2025-09-14 06:00:00,594,Thoothukudi,0.5,0.85
2025-09-14 10:00:00,594,Thoothukudi,0.5,0.8419999999999999
2025-09-14 13:00:00,594,Thoothukudi,0.5,0.8419999999999999
2025-09-14 16:00:00,594,Thoothukudi,0.5,0.8040000000000003
2025-09-14 20:00:00,594,Thoothukudi,0.5,0.8040000000000003
2025-09-15 00:00:00,594,Thoothukudi,0.5,0.8500000000000003
2025-09-15 06:00:00,594,Thoothukudi,0.5,0.8579999999999999
2025-09-15 15:00:00,594,Thoothukudi,0.5,0.8220000000000004
2025-09-15 17:00:00,594,Thoothukudi,2.5,0.7399999999999999
2025-09-15 20:00:00,594,Thoothukudi,0.5,0.7399999999999999
2025-09-16 02:00:00,594,Thoothukudi,0.5,0.7760000000000005
2025-09-16 09:00:00,594,Thoothukudi,0.5,0.7859999999999999
2025-09-16 15:00:00,594,Thoothukudi,0.5,0.7680000000000005
2025-09-16 16:00:00,594,Thoothukudi,9.0,0.7920000000000001
2025-09-16 17:00:00,594,Thoothukudi,0.5,0.7920000000000001
2025-09-16 18:00:00,594,Thoothukudi,0.5,0.7920000000000001
2025-09-16 22:00:00,594,Thoothukudi,0.5,0.8559999999999999
2025-09-17 07:00:00,594,Thoothukudi,0.5,0.8319999999999996
2025-09-17 14:00:00,594,Thoothukudi,0.6666666666666666,0.836
2025-09-17 14:30:00,594,Thoothukudi,1.5,0.836
2025-09-17 15:00:00,594,Thoothukudi,9.2,0.836
2025-09-17 15:30:00,594,Thoothukudi,0.5,0.8420000000000003
2025-09-17 16:00:00,594,Thoothukudi,2.9166666666666665,0.8420000000000003
2025-09-17 16:30:00,594,Thoothukudi,0.5,0.8420000000000003
2025-09-17 17:00:00,594,Thoothukudi,4.5,0.8420000000000003
2025-09-17 18:00:00,594,Thoothukudi,0.625,0.8420000000000003
2025-09-17 19:00:00,594,Thoothukudi,0.5,0.8420000000000003
2025-09-17 20:00:00,594,Thoothukudi,0.5,0.8420000000000003
2025-09-17 22:00:00,594,Thoothukudi,0.5,0.8639999999999997
2025-09-18 00:00:00,594,Thoothukudi,0.5,0.8639999999999997
2025-09-18 03:00:00,594,Thoothukudi,0.5,0.8639999999999997
2025-09-18 11:00:00,594,Thoothukudi,0.5,0.8119999999999996
2025-09-18 15:00:00,594,Thoothukudi,7.75,0.8119999999999996
2025-09-18 16:00:00,594,Thoothukudi,1.0,0.8340000000000003
2025-09-18 17:00:00,594,Thoothukudi,0.5,0.8340000000000003
2025-09-25 02:00:00,594,Thoothukudi,2.0,0.9200000000000004
2025-10-02 17:00:00,594,Thoothukudi,4.5,0.9420000000000004
2025-10-03 15:00:00,594,Thoothukudi,3.0,0.964
2025-10-03 16:00:00,594,Thoothukudi,7.0,0.972
2025-10-03 19:00:00,594,Thoothukudi,0.5,0.972
2025-10-03 20:00:00,594,Thoothukudi,1.0,0.972
2025-10-04 16:00:00,594,Thoothukudi,4.0,1.008
2025-10-04 16:30:00,594,Thoothukudi,0.5,1.008
2025-10-04 17:00:00,594,Thoothukudi,3.8333333333333335,1.008
2025-10-04 18:00:00,594,Thoothukudi,1.8333333333333333,1.008
2025-10-04 18:30:00,594,Thoothukudi,0.5,1.008
2025-10-04 19:00:00,594,Thoothukudi,1.0,1.008
2025-10-04 20:00:00,594,Thoothukudi,1.5,1.008
2025-10-04 21:00:00,594,Thoothukudi,0.5,1.008
2025-10-04 23:00:00,594,Thoothukudi,0.5,1.0100000000000002
2025-10-05 04:00:00,594,Thoothukudi,0.5,1.0160000000000005
2025-10-05 13:30:00,594,Thoothukudi,0.5,1.042
2025-10-05 14:00:00,594,Thoothukudi,1.5,1.042
2025-10-05 15:00:00,594,Thoothukudi,1.25,1.042
2025-10-05 16:00:00,594,Thoothukudi,1.6666666666666667,1.004
2025-10-05 17:00:00,594,Thoothukudi,1.75,1.004
2025-10-05 18:00:00,594,Thoothukudi,0.5,1.004
2025-10-05 19:00:00,594,Thoothukudi,0.5,1.004
2025-10-05 20:00:00,594,Thoothukudi,0.5,1.004
2025-10-05 22:00:00,594,Thoothukudi,0.5,1.0260000000000002
2025-10-06 00:00:00,594,Thoothukudi,0.5,1.0260000000000002
2025-10-06 02:00:00,594,Thoothukudi,0.5,1.0260000000000002
2025-10-06 03:30:00,594,Thoothukudi,0.5,1.0260000000000002
2025-10-06 04:00:00,594,Thoothukudi,0.5,1.0260000000000002
2025-10-06 05:00:00,594,Thoothukudi,0.5,1.0260000000000002
2025-10-06 07:00:00,594,Thoothukudi,0.5,1.0260000000000002
2025-10-06 10:00:00,594,Thoothukudi,0.5,1.0260000000000002
2025-10-06 12:00:00,594,Thoothukudi,0.5,1.0260000000000002
2025-11-14 16:00:00,594,Thoothukudi,2.5,1.8880000000000003
2025-11-16 18:00:00,594,Thoothukudi,1.0,1.8880000000000003
2025-11-16 18:30:00,594,Thoothukudi,0.5,1.8880000000000003
2025-11-16 19:00:00,594,Thoothukudi,0.5,1.8880000000000003
2025-11-16 22:00:00,594,Thoothukudi,0.5,1.8880000000000003
2025-11-17 21:00:00,594,Thoothukudi,0.5,1.8880000000000003
2025-11-18 00:00:00,594,Thoothukudi,0.5,1.8880000000000003
2025-11-18 10:00:00,594,Thoothukudi,2.5,1.8880000000000003
2025-11-18 11:00:00,594,Thoothukudi,0.6666666666666666,1.8880000000000003
2025-11-18 12:00:00,594,Thoothukudi,2.0,1.8880000000000003
2025-11-18 13:00:00,594,Thoothukudi,3.75,1.8880000000000003
2025-11-18 14:00:00,594,Thoothukudi,1.5,1.8880000000000003
2025-11-18 15:00:00,594,Thoothukudi,4.166666666666667,1.8880000000000003
2025-11-18 16:00:00,594,Thoothukudi,3.6666666666666665,1.8880000000000003
2025-11-18 17:00:00,594,Thoothukudi,0.5,1.8880000000000003
2025-11-18 20:00:00,594,Thoothukudi,18.0,1.8880000000000003
2025-11-18 21:00:00,594,Thoothukudi,3.0,1.8880000000000003
2025-11-18 22:00:00,594,Thoothukudi,7.0,1.8880000000000003
2025-11-18 23:00:00,594,Thoothukudi,6.833333333333333,1.8880000000000003
2025-11-19 00:00:00,594,Thoothukudi,5.0,1.8880000000000003
2025-11-19 01:00:00,594,Thoothukudi,3.1,1.8880000000000003
2025-11-19 02:00:00,594,Thoothukudi,3.25,1.8880000000000003
2025-11-19 04:00:00,594,Thoothukudi,0.5,1.8880000000000003
2025-11-19 09:00:00,594,Thoothukudi,0.5,1.8880000000000003
2025-11-19 17:30:00,594,Thoothukudi,0.5,1.8880000000000003
2025-11-19 18:00:00,594,Thoothukudi,0.75,1.8880000000000003
2025-11-19 19:00:00,594,Thoothukudi,1.0,1.8880000000000003
2025-11-19 20:00:00,594,Thoothukudi,2.5,1.8880000000000003
2025-11-21 00:00:00,594,Thoothukudi,0.5,1.8880000000000003
2025-11-21 18:00:00,594,Thoothukudi,5.5,1.8880000000000003
2025-11-21 19:00:00,594,Thoothukudi,5.25,1.8880000000000003
2025-11-21 20:00:00,594,Thoothukudi,4.0,1.8880000000000003
2025-11-21 21:00:00,594,Thoothukudi,1.5,1.8880000000000003
2025-11-21 22:00:00,594,Thoothukudi,0.5,1.9020000000000008
2025-11-22 00:00:00,594,Thoothukudi,0.5,1.9020000000000008
2025-11-22 01:00:00,594,Thoothukudi,0.5,1.9020000000000008
2025-11-22 02:00:00,594,Thoothukudi,1.0,1.9020000000000008
2025-11-22 03:00:00,594,Thoothukudi,1.0,1.9020000000000008
2025-11-22 04:00:00,594,Thoothukudi,1.3333333333333333,3.315
2025-11-22 05:00:00,594,Thoothukudi,2.5,3.315
2025-11-22 06:00:00,594,Thoothukudi,1.0,3.315
2025-11-22 07:00:00,594,Thoothukudi,0.5,3.315
2025-11-22 09:00:00,594,Thoothukudi,0.5,3.315
2025-11-22 10:00:00,594,Thoothukudi,8.5,3.3149999999999995
2025-11-22 11:00:00,594,Thoothukudi,4.5,3.3149999999999995
2025-11-22 12:00:00,594,Thoothukudi,3.7,3.3149999999999995
2025-11-22 13:00:00,594,Thoothukudi,3.25,3.3149999999999995
2025-11-22 14:00:00,594,Thoothukudi,3.75,3.3149999999999995
2025-11-22 15:00:00,594,Thoothukudi,5.833333333333333,3.3149999999999995
2025-11-22 16:00:00,594,Thoothukudi,13.6,3.33
2025-11-22 17:00:00,594,Thoothukudi,11.9,3.33
2025-11-22 18:00:00,594,Thoothukudi,5.5,3.33
2025-11-22 19:00:00,594,Thoothukudi,7.75,3.33
2025-11-22 20:00:00,594,Thoothukudi,5.916666666666667,3.33
2025-11-22 20:30:00,594,Thoothukudi,0.5,3.33
2025-11-22 21:00:00,594,Thoothukudi,4.428571428571429,3.33
2025-11-22 22:00:00,594,Thoothukudi,1.1666666666666667,3.4325
2025-11-22 23:00:00,594,Thoothukudi,0.5,3.4325
2025-11-23 00:00:00,594,Thoothukudi,0.6666666666666666,3.4325
2025-11-23 01:00:00,594,Thoothukudi,3.0,3.4325
2025-11-23 02:00:00,594,Thoothukudi,1.75,3.4325
2025-11-23 03:00:00,594,Thoothukudi,2.125,3.4325
2025-11-23 04:00:00,594,Thoothukudi,1.75,3.525
2025-11-23 05:00:00,594,Thoothukudi,1.1666666666666667,3.525
2025-11-23 06:00:00,594,Thoothukudi,0.5,3.525
2025-11-23 12:00:00,594,Thoothukudi,2.0,3.575
2025-11-23 13:00:00,594,Thoothukudi,0.6666666666666666,3.575
2025-11-23 14:00:00,594,Thoothukudi,0.5,3.575
2025-11-23 15:00:00,594,Thoothukudi,6.0,3.575
2025-11-23 16:00:00,594,Thoothukudi,9.2,3.6325
2025-11-23 17:00:00,594,Thoothukudi,3.333333333333333,3.6325
2025-11-23 18:00:00,594,Thoothukudi,2.6,3.6325
2025-11-23 19:00:00,594,Thoothukudi,5.625,3.6325
2025-11-23 20:00:00,594,Thoothukudi,1.625,3.6325
2025-11-23 21:00:00,594,Thoothukudi,7.5,3.6325
2025-11-23 22:00:00,594,Thoothukudi,10.0,2.532
2025-11-23 23:00:00,594,Thoothukudi,2.875,2.532
2025-11-24 00:00:00,594,Thoothukudi,9.0,2.532
2025-11-24 01:00:00,594,Thoothukudi,0.5,2.532
2025-11-24 04:00:00,594,Thoothukudi,0.5,2.662
2025-11-24 05:00:00,594,Thoothukudi,1.0,2.662
2025-11-24 06:00:00,594,Thoothukudi,0.5,2.662
2025-11-24 08:00:00,594,Thoothukudi,1.5,2.662
2025-11-24 10:00:00,594,Thoothukudi,0.5,2.728
2025-11-24 11:00:00,594,Thoothukudi,0.5,2.728
2025-11-24 12:00:00,594,Thoothukudi,0.5,2.728
2025-11-24 14:00:00,594,Thoothukudi,0.5,2.728
2025-11-24 15:00:00,594,Thoothukudi,0.5,2.728
2025-11-24 19:30:00,594,Thoothukudi,0.5,2.766
2025-11-24 20:00:00,594,Thoothukudi,0.5,2.766
2025-11-24 21:30:00,594,Thoothukudi,0.5,2.816
2025-11-24 22:00:00,594,Thoothukudi,0.5,2.816
2025-11-25 03:30:00,594,Thoothukudi,0.5,2.816
2025-11-25 04:00:00,594,Thoothukudi,0.5,2.816
2025-11-25 06:30:00,594,Thoothukudi,0.5,2.816
2025-11-25 07:00:00,594,Thoothukudi,0.5,2.816
2025-11-25 07:30:00,594,Thoothukudi,0.5,2.816
2025-11-25 08:00:00,594,Thoothukudi,0.5,2.816
2025-11-25 10:30:00,594,Thoothukudi,0.5,2.79
2025-11-25 11:00:00,594,Thoothukudi,0.5,2.79
2025-11-25 11:30:00,594,Thoothukudi,0.5,2.79
2025-11-25 12:00:00,594,Thoothukudi,1.0,2.79
2025-11-25 12:30:00,594,Thoothukudi,0.5,2.79
2025-11-25 13:00:00,594,Thoothukudi,0.5,2.79
2025-11-25 13:30:00,594,Thoothukudi,1.0,2.79
2025-11-25 14:00:00,594,Thoothukudi,1.5,2.79
2025-11-25 14:30:00,594,Thoothukudi,1.0,2.79
2025-11-25 15:00:00,594,Thoothukudi,1.5,2.79
2025-11-25 15:30:00,594,Thoothukudi,0.5,2.834
2025-11-25 16:00:00,594,Thoothukudi,1.0,2.834
2025-11-25 16:30:00,594,Thoothukudi,0.5,2.834
2025-11-25 17:00:00,594,Thoothukudi,0.75,2.834
2025-11-25 17:30:00,594,Thoothukudi,0.5,2.834
2025-11-25 18:00:00,594,Thoothukudi,1.5,2.834
2025-11-25 19:00:00,594,Thoothukudi,0.5,2.834
2025-11-25 20:30:00,594,Thoothukudi,0.5,2.834
2025-11-25 21:00:00,594,Thoothukudi,0.5,2.834
2025-11-26 01:30:00,594,Thoothukudi,0.5,2.87
2025-11-26 02:00:00,594,Thoothukudi,0.5,2.87
2025-11-26 04:00:00,594,Thoothukudi,0.5,2.8560000000000003
2025-11-26 07:00:00,594,Thoothukudi,0.5,2.8560000000000003
2025-11-26 10:30:00,594,Thoothukudi,0.5,2.88
2025-11-26 11:00:00,594,Thoothukudi,0.5,2.88
2025-11-26 15:00:00,594,Thoothukudi,0.5,2.88
2025-11-26 16:00:00,594,Thoothukudi,0.5,2.8580000000000005
2025-11-26 16:30:00,594,Thoothukudi,0.5,2.8580000000000005
2025-11-26 17:00:00,594,Thoothukudi,2.75,2.8580000000000005
2025-11-26 18:00:00,594,Thoothukudi,0.5,2.8580000000000005
2025-11-26 19:30:00,594,Thoothukudi,0.5,2.8580000000000005
2025-11-26 20:00:00,594,Thoothukudi,0.5,2.8580000000000005
2025-11-26 21:00:00,594,Thoothukudi,0.5,2.8580000000000005
2025-11-26 23:30:00,594,Thoothukudi,0.5,2.8939999999999992
2025-11-27 00:00:00,594,Thoothukudi,0.5,2.8939999999999992
2025-11-27 01:30:00,594,Thoothukudi,0.5,2.8939999999999992
2025-11-27 02:00:00,594,Thoothukudi,0.5,2.8939999999999992
2025-11-27 03:00:00,594,Thoothukudi,0.5,2.8939999999999992
2025-11-27 03:30:00,594,Thoothukudi,0.5,2.8939999999999992
2025-11-27 04:00:00,594,Thoothukudi,0.5,2.8939999999999992
2025-11-27 05:00:00,594,Thoothukudi,0.5,2.8939999999999992
2025-11-27 05:30:00,594,Thoothukudi,0.5,2.8939999999999992
2025-11-27 06:00:00,594,Thoothukudi,0.5,2.8939999999999992
2025-11-27 06:30:00,594,Thoothukudi,0.5,2.8939999999999992
2025-11-27 07:00:00,594,Thoothukudi,0.5,2.8939999999999992
2025-11-27 09:00:00,594,Thoothukudi,0.5,2.8939999999999992
2025-11-27 13:00:00,594,Thoothukudi,0.5,2.8939999999999992
2025-12-01 00:00:00,594,Thoothukudi,0.5,3.0420000000000003
2025-12-01 01:00:00,594,Thoothukudi,0.5,3.0420000000000003
2025-12-01 02:00:00,594,Thoothukudi,1.0,3.0420000000000003
2025-12-01 03:00:00,594,Thoothukudi,0.5,3.0420000000000003
2025-12-01 03:30:00,594,Thoothukudi,0.5,3.0340000000000003
2025-12-01 04:00:00,594,Thoothukudi,0.5,3.0340000000000003
2025-12-01 05:00:00,594,Thoothukudi,1.0,3.0340000000000003
2025-12-01 06:00:00,594,Thoothukudi,0.5,3.0340000000000003
2025-12-01 07:00:00,594,Thoothukudi,0.5,3.0340000000000003
2025-12-01 08:30:00,594,Thoothukudi,0.5,3.0340000000000003
2025-12-01 09:00:00,594,Thoothukudi,0.75,3.0340000000000003
2025-12-01 09:30:00,594,Thoothukudi,0.5,3.026
2025-12-01 10:00:00,594,Thoothukudi,0.5,3.026
2025-12-01 11:00:00,594,Thoothukudi,0.5,3.026
2025-12-01 12:30:00,594,Thoothukudi,0.5,3.026
2025-12-01 13:00:00,594,Thoothukudi,0.5,3.026
2025-12-01 15:30:00,594,Thoothukudi,0.5,3.018
2025-12-01 16:00:00,594,Thoothukudi,0.5,3.018
2025-12-01 17:00:00,594,Thoothukudi,0.5,3.018
2025-12-01 18:30:00,594,Thoothukudi,0.5,3.018
2025-12-01 19:00:00,594,Thoothukudi,0.5,3.018
2025-12-01 20:00:00,594,Thoothukudi,0.5,3.018
2025-12-01 21:00:00,594,Thoothukudi,0.5,3.018
2025-12-01 22:00:00,594,Thoothukudi,0.5,3.04
2025-12-02 00:00:00,594,Thoothukudi,0.5,3.04
2025-12-02 04:00:00,594,Thoothukudi,0.5,3.031999999999999
2025-12-02 07:30:00,594,Thoothukudi,0.5,3.031999999999999
2025-12-02 08:00:00,594,Thoothukudi,0.5,3.031999999999999
2025-12-02 11:30:00,594,Thoothukudi,0.5,3.0380000000000003
2025-12-02 12:00:00,594,Thoothukudi,0.5,3.0380000000000003
2025-12-02 13:00:00,594,Thoothukudi,0.5,3.0380000000000003
2025-12-02 15:30:00,594,Thoothukudi,0.5,3.0120000000000005
2025-12-02 17:00:00,594,Thoothukudi,0.5,3.0120000000000005
2025-12-02 17:30:00,594,Thoothukudi,0.5,3.0120000000000005
2025-12-02 18:00:00,594,Thoothukudi,1.25,3.0120000000000005
2025-12-02 20:30:00,594,Thoothukudi,0.5,3.0120000000000005
2025-12-02 21:00:00,594,Thoothukudi,0.5,3.0120000000000005
2025-12-03 00:30:00,594,Thoothukudi,0.5,3.04
2025-12-03 01:00:00,594,Thoothukudi,0.5,3.04
2025-12-03 03:00:00,594,Thoothukudi,0.5,3.04
2025-12-03 08:30:00,594,Thoothukudi,0.5,3.03
2025-12-03 09:00:00,594,Thoothukudi,0.5,3.03
2025-12-03 11:30:00,594,Thoothukudi,0.5,3.032
2025-12-03 12:00:00,594,Thoothukudi,0.5,3.032
2025-12-03 13:30:00,594,Thoothukudi,0.5,3.032
2025-12-03 14:00:00,594,Thoothukudi,0.5,3.032
2025-12-03 15:00:00,594,Thoothukudi,0.5,3.032
2025-12-03 17:00:00,594,Thoothukudi,0.75,-1.5259999999999998
2025-12-03 18:00:00,594,Thoothukudi,0.5,-1.5259999999999998
2025-12-03 19:00:00,594,Thoothukudi,0.5,-1.5259999999999998
2025-12-03 22:30:00,594,Thoothukudi,0.5,3.028
2025-12-03 23:00:00,594,Thoothukudi,0.5,3.028
2025-12-04 01:30:00,594,Thoothukudi,0.5,3.028
2025-12-04 02:00:00,594,Thoothukudi,0.5,3.028
2025-12-04 06:00:00,594,Thoothukudi,0.5,-2.1775
2025-12-04 11:00:00,594,Thoothukudi,0.5,-2.1575
2025-12-04 14:00:00,594,Thoothukudi,0.5,-2.1575
2025-12-04 14:30:00,594,Thoothukudi,0.5,-2.1575
2025-12-04 15:00:00,594,Thoothukudi,0.5,-2.1575
2025-12-04 17:00:00,594,Thoothukudi,5.0,-2.19
2025-12-04 17:30:00,594,Thoothukudi,0.5,-2.19
2025-12-04 18:00:00,594,Thoothukudi,0.5,-2.19
2025-12-04 19:00:00,594,Thoothukudi,2.5,-2.19
2025-12-04 20:30:00,594,Thoothukudi,0.5,-2.19
2025-12-04 21:00:00,594,Thoothukudi,0.5,-2.19
2025-12-04 23:30:00,594,Thoothukudi,0.5,-2.16
2025-12-05 00:00:00,594,Thoothukudi,0.5,-2.16
2025-12-05 03:00:00,594,Thoothukudi,0.5,-2.16
2025-12-05 08:30:00,594,Thoothukudi,0.5,3.024
2025-12-05 09:00:00,594,Thoothukudi,0.5,3.024
2025-12-05 12:00:00,594,Thoothukudi,1.8333333333333333,3.014
2025-12-05 13:00:00,594,Thoothukudi,3.583333333333333,3.014
2025-12-05 14:00:00,594,Thoothukudi,1.75,3.014
2025-12-05 15:00:00,594,Thoothukudi,0.5,3.014
2025-12-05 16:30:00,594,Thoothukudi,0.5,3.04
2025-12-05 17:00:00,594,Thoothukudi,0.5,3.04
2025-12-05 19:00:00,594,Thoothukudi,4.5,3.04
2025-12-05 19:30:00,594,Thoothukudi,0.5,3.04
2025-12-05 20:00:00,594,Thoothukudi,0.5,3.04
2025-12-05 21:00:00,594,Thoothukudi,0.5,3.04
2025-12-05 22:30:00,594,Thoothukudi,0.5,3.068
2025-12-05 23:00:00,594,Thoothukudi,0.5,3.068
2025-12-06 00:00:00,594,Thoothukudi,0.5,3.068
2025-12-06 01:00:00,594,Thoothukudi,0.5,3.068
2025-12-06 02:00:00,594,Thoothukudi,0.5,3.068
2025-12-06 02:30:00,594,Thoothukudi,0.5,3.068
2025-12-06 03:00:00,594,Thoothukudi,0.8333333333333334,3.068
2025-12-06 04:00:00,594,Thoothukudi,0.5,3.0739999999999994
2025-12-06 06:00:00,594,Thoothukudi,0.5,3.0739999999999994
2025-12-06 07:00:00,594,Thoothukudi,0.5,3.0739999999999994
2025-12-06 09:00:00,594,Thoothukudi,0.5,3.0739999999999994
2025-12-06 14:00:00,594,Thoothukudi,0.5,3.0780000000000003
2025-12-06 18:30:00,594,Thoothukudi,0.5,3.0480000000000005
2025-12-06 19:00:00,594,Thoothukudi,0.5,3.0480000000000005
2025-12-06 20:30:00,594,Thoothukudi,0.5,3.0480000000000005
2025-12-06 21:00:00,594,Thoothukudi,0.5,3.0480000000000005
2025-12-07 01:00:00,594,Thoothukudi,0.5,3.0620000000000003
2025-12-08 00:00:00,594,Thoothukudi,0.5,3.0699999999999994
2025-12-08 02:00:00,594,Thoothukudi,0.5,3.0699999999999994
2025-12-08 13:30:00,594,Thoothukudi,0.5,4.4575
2025-12-08 14:00:00,594,Thoothukudi,0.5,4.4575
2025-12-08 17:30:00,594,Thoothukudi,0.5,4.4575
2025-12-08 18:00:00,594,Thoothukudi,0.5,4.4575
2025-12-09 00:30:00,594,Thoothukudi,0.5,4.4575
2025-12-09 01:00:00,594,Thoothukudi,0.5,4.4575
2025-12-09 14:30:00,594,Thoothukudi,0.5,10.605
2025-12-09 15:00:00,594,Thoothukudi,0.5,10.605
2025-12-10 10:00:00,594,Thoothukudi,0.5,3.0540000000000003
2025-12-12 12:00:00,594,Thoothukudi,0.5,3.0120000000000005
2025-12-13 03:00:00,594,Thoothukudi,0.5,3.006
2025-12-13 12:30:00,594,Thoothukudi,0.5,3.002
2025-12-13 13:00:00,594,Thoothukudi,0.5,3.002
2025-12-17 05:00:00,594,Thoothukudi,1.6666666666666667,2.962
2025-12-17 06:00:00,594,Thoothukudi,7.166666666666667,2.962
2025-12-17 07:00:00,594,Thoothukudi,4.0,2.962
2025-12-17 08:00:00,594,Thoothukudi,2.375,2.962
2025-12-17 09:00:00,594,Thoothukudi,1.5,2.962
2025-12-17 10:00:00,594,Thoothukudi,2.375,2.92
2025-12-17 11:00:00,594,Thoothukudi,1.375,2.92
2025-12-17 12:00:00,594,Thoothukudi,1.875,2.92
2025-12-17 13:00:00,594,Thoothukudi,1.5,2.92
2025-12-17 14:00:00,594,Thoothukudi,0.5,2.92
2025-12-17 16:00:00,594,Thoothukudi,0.5,2.96
2025-12-17 17:00:00,594,Thoothukudi,0.75,2.96
2026-01-01 18:00:00,594,Thoothukudi,4.5,0.2673333333333334
2026-01-01 19:00:00,594,Thoothukudi,1.0,0.2673333333333334
2026-01-06 14:30:00,594,Thoothukudi,0.5,0.0318750000000001
2026-01-06 15:00:00,594,Thoothukudi,0.5,0.0318750000000001
2026-01-10 16:00:00,594,Thoothukudi,2.0,-0.5511111111111114
2026-01-10 22:00:00,594,Thoothukudi,1.0,-0.5511111111111114
2026-01-11 02:00:00,594,Thoothukudi,0.5,-0.5511111111111114
2026-01-11 05:00:00,594,Thoothukudi,2.0,0.0943749999999998
2026-01-13 02:00:00,594,Thoothukudi,0.5,1.0683333333333331
2026-01-25 03:00:00,594,Thoothukudi,2.0,-0.1125
2026-01-25 06:00:00,594,Thoothukudi,1.0,-3.7975
2026-02-23 01:00:00,594,Thoothukudi,1.5,3.718888888888889
2026-02-23 02:00:00,594,Thoothukudi,1.0,3.718888888888889
2026-02-23 03:00:00,594,Thoothukudi,0.5,3.718888888888889
2026-02-23 04:00:00,594,Thoothukudi,0.5,1.1323076923076922
2026-02-23 06:00:00,594,Thoothukudi,0.5,1.1323076923076922
2026-02-25 07:00:00,594,Thoothukudi,0.5,-3.44
2026-02-25 17:00:00,594,Thoothukudi,4.0,-3.49375
2026-02-25 18:00:00,594,Thoothukudi,1.5,-3.49375
2026-02-25 20:00:00,594,Thoothukudi,3.25,-3.49375
2026-02-27 00:00:00,594,Thoothukudi,0.5,0.0662500000000003
2026-03-17 20:00:00,594,Thoothukudi,16.5,1.1921428571428567
2026-03-17 21:00:00,594,Thoothukudi,15.0,1.1921428571428567
2026-03-17 22:00:00,594,Thoothukudi,1.5,0.7068749999999999
2026-03-18 18:00:00,594,Thoothukudi,2.75,0.6812500000000002
2026-03-18 19:00:00,594,Thoothukudi,0.5,0.6812500000000002
2026-03-18 20:00:00,594,Thoothukudi,0.5,0.6812500000000002
2026-03-19 02:00:00,594,Thoothukudi,0.5,0.6850000000000002
2026-03-19 06:00:00,594,Thoothukudi,0.5,0.6712499999999999
2026-03-19 19:00:00,594,Thoothukudi,0.5,0.6750000000000002
2026-03-19 20:00:00,594,Thoothukudi,0.5,0.6750000000000002
2026-03-19 21:00:00,594,Thoothukudi,0.5,0.6750000000000002
2026-03-20 18:00:00,594,Thoothukudi,0.5,-5.144
2026-03-20 19:00:00,594,Thoothukudi,1.75,-5.144
2026-03-20 20:00:00,594,Thoothukudi,2.0,-5.144
2026-03-20 21:00:00,594,Thoothukudi,0.5,-5.144
2021-09-30 19:00:00,591,Tiruchirappalli,0.5,-5.49425
2021-09-30 20:00:00,591,Tiruchirappalli,1.0,-5.49425
2021-10-01 05:00:00,591,Tiruchirappalli,3.0,-5.487
2021-10-01 06:00:00,591,Tiruchirappalli,8.0,-5.487
2021-10-25 05:00:00,591,Tiruchirappalli,0.5,-4.951
2021-10-25 19:00:00,591,Tiruchirappalli,13.0,-4.948666666666667
2021-10-29 04:00:00,591,Tiruchirappalli,0.5,-4.966666666666667
2021-10-29 05:00:00,591,Tiruchirappalli,2.5,-4.966666666666667
2021-10-29 06:00:00,591,Tiruchirappalli,5.0,-4.966666666666667
2021-10-29 07:00:00,591,Tiruchirappalli,2.5,-4.966666666666667
2021-10-29 08:00:00,591,Tiruchirappalli,3.0,-4.966666666666667
2021-10-29 09:00:00,591,Tiruchirappalli,5.5,-4.966666666666667
2021-11-01 05:00:00,591,Tiruchirappalli,1.0,-4.863
2021-11-01 06:00:00,591,Tiruchirappalli,0.5,-4.863
2021-11-03 04:00:00,591,Tiruchirappalli,1.5,-4.7363333333333335
2021-11-03 09:00:00,591,Tiruchirappalli,9.0,-4.7363333333333335
2021-11-03 10:00:00,591,Tiruchirappalli,2.0,-4.58
2021-11-07 01:00:00,591,Tiruchirappalli,7.0,-4.1306666666666665
2021-11-10 01:00:00,591,Tiruchirappalli,3.5,-3.876
2021-11-10 02:00:00,591,Tiruchirappalli,2.0,-3.876
2021-11-10 07:00:00,591,Tiruchirappalli,2.0,-3.7936666666666654
2021-11-12 00:00:00,591,Tiruchirappalli,0.5,-3.522333333333333
2021-11-12 01:00:00,591,Tiruchirappalli,0.5,-3.522333333333333
2021-11-14 00:00:00,591,Tiruchirappalli,1.5,-3.48
2021-11-16 00:00:00,591,Tiruchirappalli,0.5,-3.3486666666666665
2021-11-17 17:00:00,591,Tiruchirappalli,5.0,-3.3023333333333333
2021-11-17 18:00:00,591,Tiruchirappalli,5.5,-3.3023333333333333
2021-11-17 19:00:00,591,Tiruchirappalli,1.5,-3.3023333333333333
2021-11-18 01:00:00,591,Tiruchirappalli,4.0,-3.252
2021-11-18 02:00:00,591,Tiruchirappalli,4.0,-3.252
2021-11-18 03:00:00,591,Tiruchirappalli,17.5,-3.252
2021-11-18 04:00:00,591,Tiruchirappalli,1.0,-3.185
2021-11-18 05:00:00,591,Tiruchirappalli,0.5,-3.185
2021-11-18 06:00:00,591,Tiruchirappalli,0.5,-3.185
2021-11-18 07:00:00,591,Tiruchirappalli,0.5,-3.185
2021-11-18 10:00:00,591,Tiruchirappalli,0.5,-3.103333333333333
2021-11-18 11:00:00,591,Tiruchirappalli,0.5,-3.103333333333333
2021-11-18 13:00:00,591,Tiruchirappalli,0.5,-3.103333333333333
2021-11-18 14:00:00,591,Tiruchirappalli,1.0,-3.103333333333333
2021-11-19 17:00:00,591,Tiruchirappalli,1.5,-2.907
2021-11-19 18:00:00,591,Tiruchirappalli,0.5,-2.907
2021-11-20 22:00:00,591,Tiruchirappalli,69.0,-2.175
2021-11-20 23:00:00,591,Tiruchirappalli,14.0,-2.175
2021-11-21 00:00:00,591,Tiruchirappalli,0.5,-2.175
2021-11-22 16:00:00,591,Tiruchirappalli,11.5,-2.1710000000000003
2021-11-22 17:00:00,591,Tiruchirappalli,0.5,-2.1710000000000003
2021-11-23 16:00:00,591,Tiruchirappalli,21.0,-1.9585
2021-11-23 17:00:00,591,Tiruchirappalli,1.0,-1.9585
2021-11-25 14:00:00,591,Tiruchirappalli,2.0,-2.005
2021-11-25 16:00:00,591,Tiruchirappalli,6.0,-1.975
2021-11-25 18:00:00,591,Tiruchirappalli,2.0,-1.975
2021-11-25 20:00:00,591,Tiruchirappalli,39.5,-1.975
2021-11-25 21:00:00,591,Tiruchirappalli,4.5,-1.975
2021-11-25 22:00:00,591,Tiruchirappalli,2.0,-1.759
2021-11-26 05:00:00,591,Tiruchirappalli,0.5,-1.663
2021-11-26 06:00:00,591,Tiruchirappalli,0.5,-1.663
2021-11-26 07:00:00,591,Tiruchirappalli,0.5,-1.663
2021-11-26 08:00:00,591,Tiruchirappalli,4.0,-1.663
2021-11-26 09:00:00,591,Tiruchirappalli,3.0,-1.663
2021-11-26 10:00:00,591,Tiruchirappalli,0.5,-1.5425
2021-11-26 18:00:00,591,Tiruchirappalli,0.5,-1.5305
2021-11-26 19:00:00,591,Tiruchirappalli,2.5,-1.5305
2021-11-26 20:00:00,591,Tiruchirappalli,4.0,-1.5305
2021-11-26 21:00:00,591,Tiruchirappalli,3.0,-1.5305
2021-11-26 22:00:00,591,Tiruchirappalli,0.5,-1.497
2021-11-27 19:00:00,591,Tiruchirappalli,0.5,-1.5355
2021-11-27 23:00:00,591,Tiruchirappalli,9.5,-1.5465
2021-11-28 00:00:00,591,Tiruchirappalli,8.0,-1.5465
2021-11-28 01:00:00,591,Tiruchirappalli,6.0,-1.5465
2021-11-28 02:00:00,591,Tiruchirappalli,2.0,-1.5465
2021-11-28 03:00:00,591,Tiruchirappalli,0.5,-1.5465
2021-11-28 09:00:00,591,Tiruchirappalli,1.0,-1.5060000000000002
2021-11-29 01:00:00,591,Tiruchirappalli,1.0,-1.5055
2021-11-29 02:00:00,591,Tiruchirappalli,2.5,-1.5055
2021-11-29 03:00:00,591,Tiruchirappalli,4.0,-1.5055
2021-11-29 04:00:00,591,Tiruchirappalli,2.5,-1.492
2021-11-30 15:00:00,591,Tiruchirappalli,4.0,-1.531
2021-12-20 12:00:00,591,Tiruchirappalli,2.0,-1.859
2021-12-30 15:00:00,591,Tiruchirappalli,1.5,-1.381
2021-12-30 16:00:00,591,Tiruchirappalli,2.25,-1.342666666666667
2021-12-31 06:00:00,591,Tiruchirappalli,4.5,-1.3313333333333333
2021-12-31 07:00:00,591,Tiruchirappalli,0.5,-1.3313333333333333
2021-12-31 11:00:00,591,Tiruchirappalli,0.5,-1.3293333333333333
2021-12-31 15:00:00,591,Tiruchirappalli,2.5,-1.3293333333333333
2021-12-31 16:00:00,591,Tiruchirappalli,3.75,-1.3233333333333337
2021-12-31 17:00:00,591,Tiruchirappalli,4.5,-1.3233333333333337
2021-12-31 18:00:00,591,Tiruchirappalli,0.5,-1.3233333333333337
2021-12-31 21:00:00,591,Tiruchirappalli,0.5,-1.3233333333333337
2022-01-01 02:00:00,591,Tiruchirappalli,0.5,-1.283
2022-01-01 03:00:00,591,Tiruchirappalli,5.0,-1.283
2022-01-01 10:00:00,591,Tiruchirappalli,9.0,-1.2533333333333332
2022-01-01 11:00:00,591,Tiruchirappalli,1.3333333333333333,-1.2533333333333332
2022-01-01 13:00:00,591,Tiruchirappalli,2.0,-1.2533333333333332
2022-01-01 14:00:00,591,Tiruchirappalli,0.5,-1.2533333333333332
2022-01-01 15:00:00,591,Tiruchirappalli,1.0,-1.2533333333333332
2022-01-01 16:00:00,591,Tiruchirappalli,5.5,-1.1396666666666666
2022-01-01 17:00:00,591,Tiruchirappalli,2.75,-1.1396666666666666
2022-01-01 19:00:00,591,Tiruchirappalli,0.5,-1.1396666666666666
2022-01-01 21:00:00,591,Tiruchirappalli,0.5,-1.1396666666666666
2022-01-01 22:00:00,591,Tiruchirappalli,5.0,-1.086666666666667
2022-01-01 23:00:00,591,Tiruchirappalli,0.5,-1.086666666666667
2022-01-02 05:00:00,591,Tiruchirappalli,0.5,-1.0886666666666664
2022-02-11 12:00:00,591,Tiruchirappalli,0.5,-2.1296666666666666
2022-02-11 13:00:00,591,Tiruchirappalli,0.75,-2.1296666666666666
2022-02-11 14:00:00,591,Tiruchirappalli,0.5,-2.1296666666666666
2022-02-11 15:00:00,591,Tiruchirappalli,1.25,-2.1296666666666666
2022-02-11 16:00:00,591,Tiruchirappalli,1.3333333333333333,-2.1123333333333334
2022-02-11 17:00:00,591,Tiruchirappalli,0.75,-2.1123333333333334
2022-02-11 18:00:00,591,Tiruchirappalli,0.5,-2.1123333333333334
2022-02-11 21:00:00,591,Tiruchirappalli,0.5,-2.1123333333333334
2022-02-11 22:00:00,591,Tiruchirappalli,0.5,-2.1083333333333334
2022-02-11 23:00:00,591,Tiruchirappalli,0.5,-2.1083333333333334
2022-02-12 00:00:00,591,Tiruchirappalli,0.5,-2.1083333333333334
2022-02-12 02:00:00,591,Tiruchirappalli,0.5,-2.1083333333333334
2022-02-12 11:00:00,591,Tiruchirappalli,0.5,-2.1123333333333334
2022-03-02 16:55:00,591,Tiruchirappalli,2.5,-2.5646666666666667
2022-03-02 17:00:00,591,Tiruchirappalli,2.5,-2.5646666666666667
2022-03-04 17:00:00,591,Tiruchirappalli,2.0,-2.654
2022-03-07 01:00:00,591,Tiruchirappalli,1.0,-2.769333333333333
2022-03-07 02:00:00,591,Tiruchirappalli,2.0,-2.769333333333333
2022-03-07 03:00:00,591,Tiruchirappalli,5.0,-2.769333333333333
2022-03-07 04:00:00,591,Tiruchirappalli,3.5,-2.764333333333333
2022-03-07 08:00:00,591,Tiruchirappalli,1.5,-2.764333333333333
2022-03-07 09:00:00,591,Tiruchirappalli,0.5,-2.764333333333333
2022-03-07 10:00:00,591,Tiruchirappalli,0.5,-2.728333333333333
2022-03-07 15:00:00,591,Tiruchirappalli,0.5,-2.728333333333333
2022-03-07 16:00:00,591,Tiruchirappalli,6.0,-2.717333333333333
2022-03-07 17:00:00,591,Tiruchirappalli,1.375,-2.717333333333333
2022-03-07 18:00:00,591,Tiruchirappalli,0.75,-2.717333333333333
2022-03-07 19:00:00,591,Tiruchirappalli,3.75,-2.717333333333333
2022-03-07 20:00:00,591,Tiruchirappalli,3.0,-2.717333333333333
2022-03-07 21:00:00,591,Tiruchirappalli,8.0,-2.717333333333333
2022-03-07 22:00:00,591,Tiruchirappalli,0.5,-2.708333333333333
2022-03-07 23:00:00,591,Tiruchirappalli,2.25,-2.708333333333333
2022-03-08 00:00:00,591,Tiruchirappalli,2.5,-2.708333333333333
2022-03-08 01:00:00,591,Tiruchirappalli,2.0,-2.708333333333333
2022-03-08 02:00:00,591,Tiruchirappalli,0.5,-2.708333333333333
2022-03-21 23:00:00,591,Tiruchirappalli,18.0,-3.231666666666667
2022-03-22 00:00:00,591,Tiruchirappalli,19.75,-3.231666666666667
2022-03-22 01:00:00,591,Tiruchirappalli,1.625,-3.231666666666667
2022-03-22 02:00:00,591,Tiruchirappalli,2.0,-3.231666666666667
2022-03-22 03:00:00,591,Tiruchirappalli,0.8333333333333334,-3.231666666666667
2022-03-22 04:00:00,591,Tiruchirappalli,2.25,-3.191333333333333
2022-03-22 05:00:00,591,Tiruchirappalli,1.0,-3.191333333333333
2022-03-24 17:00:00,591,Tiruchirappalli,0.5,-3.018
2022-03-26 19:00:00,591,Tiruchirappalli,8.0,-3.051
2022-04-08 15:00:00,591,Tiruchirappalli,1.5,-3.375
2022-04-08 17:00:00,591,Tiruchirappalli,8.0,-3.37975
2022-04-09 17:00:00,591,Tiruchirappalli,2.833333333333333,-3.32
2022-04-09 18:00:00,591,Tiruchirappalli,0.5,-3.32
2022-04-09 19:00:00,591,Tiruchirappalli,12.5,-3.32
2022-04-10 03:00:00,591,Tiruchirappalli,0.5,-3.2975000000000003
2022-04-10 04:00:00,591,Tiruchirappalli,0.5,-3.2785
2022-04-10 05:00:00,591,Tiruchirappalli,0.5,-3.2785
2022-04-11 08:00:00,591,Tiruchirappalli,0.5,-3.235
2022-04-11 09:00:00,591,Tiruchirappalli,3.5,-3.235
2022-04-11 10:00:00,591,Tiruchirappalli,0.5,-3.2510000000000003
2022-04-11 12:00:00,591,Tiruchirappalli,0.5,-3.2510000000000003
2022-04-11 13:00:00,591,Tiruchirappalli,1.0,-3.2510000000000003
2022-04-11 14:00:00,591,Tiruchirappalli,19.0,-3.2510000000000003
2022-04-11 15:00:00,591,Tiruchirappalli,1.5,-3.2510000000000003
2022-04-12 07:00:00,591,Tiruchirappalli,4.5,-3.17325
2022-04-12 08:00:00,591,Tiruchirappalli,0.5,-3.17325
2022-04-12 09:00:00,591,Tiruchirappalli,5.0,-3.17325
2022-04-12 10:00:00,591,Tiruchirappalli,14.0,-3.25525
2022-04-12 13:00:00,591,Tiruchirappalli,4.0,-3.25525
2022-04-12 14:00:00,591,Tiruchirappalli,0.5,-3.25525
2022-04-13 15:00:00,591,Tiruchirappalli,0.5,-3.7665
2022-04-13 16:00:00,591,Tiruchirappalli,1.0,-3.844
2022-04-13 18:00:00,591,Tiruchirappalli,2.0,-3.844
2022-04-13 19:00:00,591,Tiruchirappalli,0.5,-3.844
2022-04-13 20:00:00,591,Tiruchirappalli,0.5,-3.844
2022-04-15 00:00:00,591,Tiruchirappalli,0.5,-3.456666666666667
2022-04-15 01:00:00,591,Tiruchirappalli,8.0,-3.456666666666667
2022-04-16 18:00:00,591,Tiruchirappalli,2.0,-3.4606666666666666
2022-04-17 02:00:00,591,Tiruchirappalli,0.5,-3.4806666666666666
2022-04-17 03:00:00,591,Tiruchirappalli,1.5,-3.4806666666666666
2022-04-17 04:00:00,591,Tiruchirappalli,0.5,-3.372666666666667
2022-04-17 17:00:00,591,Tiruchirappalli,1.0,-3.4746666666666663
2022-04-17 19:00:00,591,Tiruchirappalli,18.5,-3.4746666666666663
2022-04-17 20:00:00,591,Tiruchirappalli,5.5,-3.4746666666666663
2022-04-17 21:00:00,591,Tiruchirappalli,1.0,-3.4746666666666663
2022-04-17 22:00:00,591,Tiruchirappalli,0.5,-3.388
2022-04-17 23:00:00,591,Tiruchirappalli,0.6666666666666666,-3.388
2022-04-18 00:00:00,591,Tiruchirappalli,1.0,-3.388
2022-04-19 20:00:00,591,Tiruchirappalli,4.0,-3.758333333333333
2022-04-19 21:00:00,591,Tiruchirappalli,0.5,-3.758333333333333
2022-04-23 15:00:00,591,Tiruchirappalli,0.5,-3.6726666666666654
2022-04-23 21:00:00,591,Tiruchirappalli,1.0,-3.709333333333333
2022-04-23 22:00:00,591,Tiruchirappalli,11.0,-3.627
2022-04-23 23:00:00,591,Tiruchirappalli,0.5,-3.627
2022-04-25 10:15:00,591,Tiruchirappalli,1.0,-3.5886666666666667
2022-05-01 15:00:00,591,Tiruchirappalli,9.5,-3.557
2022-05-01 16:00:00,591,Tiruchirappalli,9.0,-3.550666666666667
2022-06-05 19:00:00,591,Tiruchirappalli,14.5,-3.87575
2022-06-05 20:00:00,591,Tiruchirappalli,28.0,-3.87575
2022-06-05 22:00:00,591,Tiruchirappalli,9.5,-3.789
2022-06-05 23:00:00,591,Tiruchirappalli,1.5,-3.789
2022-06-06 00:00:00,591,Tiruchirappalli,1.0,-3.789
2022-06-06 04:00:00,591,Tiruchirappalli,0.5,-3.77575
2022-06-07 02:00:00,591,Tiruchirappalli,22.666666666666668,-3.745
2022-06-07 03:00:00,591,Tiruchirappalli,16.75,-3.745
2022-06-07 04:00:00,591,Tiruchirappalli,1.5,-3.6115
2022-06-07 05:00:00,591,Tiruchirappalli,0.75,-3.6115
2022-06-07 06:00:00,591,Tiruchirappalli,0.5,-3.6115
2022-06-07 07:00:00,591,Tiruchirappalli,0.5,-3.6115
2022-06-07 08:00:00,591,Tiruchirappalli,0.5,-3.6115
2022-06-14 20:00:00,591,Tiruchirappalli,12.5,-3.6715
2022-06-14 21:00:00,591,Tiruchirappalli,75.0,-3.6715
2022-06-14 22:00:00,591,Tiruchirappalli,25.5,-3.6365
2022-06-15 21:00:00,591,Tiruchirappalli,6.666666666666667,-3.68425
2022-06-15 23:00:00,591,Tiruchirappalli,1.0,-3.498
2022-06-16 00:00:00,591,Tiruchirappalli,1.4,-3.498
2022-06-18 01:00:00,591,Tiruchirappalli,2.5,-3.247
2022-06-18 02:00:00,591,Tiruchirappalli,0.5,-3.247
2022-06-18 20:00:00,591,Tiruchirappalli,2.0,-3.308
2022-06-18 21:00:00,591,Tiruchirappalli,6.0,-3.308
2022-06-18 22:00:00,591,Tiruchirappalli,3.0,-3.2175
2022-06-18 23:00:00,591,Tiruchirappalli,0.5,-3.2175
2022-06-19 18:00:00,591,Tiruchirappalli,0.5,-3.2155
2022-06-19 20:00:00,591,Tiruchirappalli,0.5,-3.2155
2022-06-19 21:00:00,591,Tiruchirappalli,4.5,-3.2155
2022-06-19 22:00:00,591,Tiruchirappalli,0.5,-3.1505
2022-06-21 22:00:00,591,Tiruchirappalli,0.5,-3.1590000000000003
2022-06-30 15:00:00,591,Tiruchirappalli,3.5,-3.478
2022-06-30 16:00:00,591,Tiruchirappalli,1.0,-3.388
2022-06-30 17:00:00,591,Tiruchirappalli,18.0,-3.388
2022-06-30 18:00:00,591,Tiruchirappalli,2.0,-3.388
2022-07-02 22:00:00,591,Tiruchirappalli,1.0,-3.46125
2022-07-20 19:00:00,591,Tiruchirappalli,0.5,-3.81875
2022-07-20 20:00:00,591,Tiruchirappalli,2.0,-3.81875
2022-07-20 21:00:00,591,Tiruchirappalli,6.5,-3.81875
2022-07-20 22:00:00,591,Tiruchirappalli,0.5,-3.8275
2022-07-21 22:00:00,591,Tiruchirappalli,0.5,-3.7945
2022-07-21 23:00:00,591,Tiruchirappalli,2.0,-3.7945
2022-07-22 00:00:00,591,Tiruchirappalli,4.0,-3.7945
2022-07-22 01:00:00,591,Tiruchirappalli,1.0,-3.7945
2022-07-22 02:00:00,591,Tiruchirappalli,0.5,-3.7945
2022-07-24 22:00:00,591,Tiruchirappalli,1.0,-3.55575
2022-07-26 03:00:00,591,Tiruchirappalli,1.0,-3.522
2022-07-26 16:00:00,591,Tiruchirappalli,2.5,-3.4565
2022-07-26 17:00:00,591,Tiruchirappalli,6.5,-3.4565
2022-07-26 23:00:00,591,Tiruchirappalli,0.5,-3.46825
2022-07-27 02:00:00,591,Tiruchirappalli,2.0,-3.46825
2022-07-27 03:00:00,591,Tiruchirappalli,3.0,-3.46825
2022-07-27 04:00:00,591,Tiruchirappalli,2.6,-3.34875
2022-07-27 05:00:00,591,Tiruchirappalli,2.75,-3.34875
2022-07-27 06:00:00,591,Tiruchirappalli,2.25,-3.34875
2022-07-27 07:00:00,591,Tiruchirappalli,0.5,-3.34875
2022-07-27 13:55:00,591,Tiruchirappalli,1.0,-3.2985
2022-07-27 19:00:00,591,Tiruchirappalli,0.5,-3.29725
2022-07-29 13:00:00,591,Tiruchirappalli,0.5,-3.44525
2022-07-30 14:00:00,591,Tiruchirappalli,0.5,-3.4872500000000004
2022-07-30 15:00:00,591,Tiruchirappalli,18.5,-3.4872500000000004
2022-07-30 17:00:00,591,Tiruchirappalli,5.0,-3.4995
2022-07-30 18:00:00,591,Tiruchirappalli,0.5,-3.4995
2022-07-30 19:00:00,591,Tiruchirappalli,0.5,-3.4995
2022-07-31 16:00:00,591,Tiruchirappalli,6.0,-3.6805
2022-07-31 17:00:00,591,Tiruchirappalli,0.5,-3.6805
2022-07-31 20:00:00,591,Tiruchirappalli,8.5,-3.6805
2022-07-31 21:00:00,591,Tiruchirappalli,1.0,-3.6805
2022-07-31 22:00:00,591,Tiruchirappalli,0.75,-3.5305
2022-07-31 23:00:00,591,Tiruchirappalli,4.833333333333333,-3.5305
2022-08-01 00:00:00,591,Tiruchirappalli,14.25,-3.5305
2022-08-01 01:00:00,591,Tiruchirappalli,2.75,-3.5305
2022-08-01 02:00:00,591,Tiruchirappalli,0.5,-3.5305
2022-08-01 03:00:00,591,Tiruchirappalli,0.5,-3.5305
2022-08-01 05:00:00,591,Tiruchirappalli,0.5,-3.5105
2022-08-01 17:00:00,591,Tiruchirappalli,4.0,-3.6035
2022-08-01 18:00:00,591,Tiruchirappalli,2.25,-3.6035
2022-08-01 19:00:00,591,Tiruchirappalli,2.0,-3.6035
2022-08-01 20:00:00,591,Tiruchirappalli,2.5,-3.6035
2022-08-01 21:00:00,591,Tiruchirappalli,1.8333333333333333,-3.6035
2022-08-01 22:00:00,591,Tiruchirappalli,1.1666666666666667,-3.27175
2022-08-02 15:00:00,591,Tiruchirappalli,0.5,-3.22175
2022-08-02 21:00:00,591,Tiruchirappalli,1.0,-3.21875
2022-08-02 22:00:00,591,Tiruchirappalli,1.0,-3.2030000000000003
2022-08-02 23:00:00,591,Tiruchirappalli,0.5,-3.2030000000000003
2022-08-03 17:00:00,591,Tiruchirappalli,0.5,-3.248
2022-08-03 21:00:00,591,Tiruchirappalli,0.5,-3.248
2022-08-03 22:00:00,591,Tiruchirappalli,0.5,-3.20225
2022-08-03 23:00:00,591,Tiruchirappalli,6.5,-3.20225
2022-08-04 00:00:00,591,Tiruchirappalli,0.5,-3.20225
2022-08-04 01:00:00,591,Tiruchirappalli,2.0,-3.20225
2022-08-04 08:00:00,591,Tiruchirappalli,0.5,-3.19675
2022-08-04 09:00:00,591,Tiruchirappalli,0.5,-3.19675
2022-08-04 10:00:00,591,Tiruchirappalli,0.5,-3.209
2022-08-04 15:00:00,591,Tiruchirappalli,0.5,-3.209
2022-08-04 16:00:00,591,Tiruchirappalli,0.5,-3.216
2022-08-04 18:00:00,591,Tiruchirappalli,0.5,-3.216
2022-08-04 19:00:00,591,Tiruchirappalli,2.0,-3.216
2022-08-04 21:00:00,591,Tiruchirappalli,0.5,-3.216
2022-08-05 02:00:00,591,Tiruchirappalli,0.5,-3.2235
2022-08-05 04:00:00,591,Tiruchirappalli,1.0,-3.22725
2022-08-05 05:00:00,591,Tiruchirappalli,0.5,-3.22725
2022-08-05 11:00:00,591,Tiruchirappalli,0.5,-3.2405
2022-08-05 12:00:00,591,Tiruchirappalli,1.0,-3.2405
2022-08-05 15:00:00,591,Tiruchirappalli,0.5,-3.2405
2022-08-05 18:00:00,591,Tiruchirappalli,0.5,-3.24375
2022-08-05 19:00:00,591,Tiruchirappalli,0.5,-3.24375
2022-08-05 20:00:00,591,Tiruchirappalli,0.5,-3.24375
2022-08-05 23:00:00,591,Tiruchirappalli,0.5,-3.258
2022-08-06 00:00:00,591,Tiruchirappalli,0.5,-3.258
2022-08-06 03:00:00,591,Tiruchirappalli,0.5,-3.258
2022-08-06 04:00:00,591,Tiruchirappalli,0.5,-3.25875
2022-08-08 14:00:00,591,Tiruchirappalli,0.5,-3.531
2022-08-17 12:00:00,591,Tiruchirappalli,0.5,-3.75575
2022-08-17 19:00:00,591,Tiruchirappalli,0.5,-3.82375
2022-08-17 20:00:00,591,Tiruchirappalli,0.5,-3.82375
2022-08-17 21:00:00,591,Tiruchirappalli,3.0,-3.82375
2022-08-17 22:00:00,591,Tiruchirappalli,7.833333333333333,-3.75625
2022-08-17 23:00:00,591,Tiruchirappalli,3.5,-3.75625
2022-08-18 00:00:00,591,Tiruchirappalli,1.0,-3.75625
2022-08-18 01:00:00,591,Tiruchirappalli,8.5,-3.75625
2022-08-18 02:00:00,591,Tiruchirappalli,3.25,-3.75625
2022-08-19 05:00:00,591,Tiruchirappalli,1.5,-3.632
2022-08-21 20:00:00,591,Tiruchirappalli,10.0,-3.884
2022-08-21 21:00:00,591,Tiruchirappalli,1.25,-3.884
2022-08-21 22:00:00,591,Tiruchirappalli,9.5,-3.741
2022-08-22 22:00:00,591,Tiruchirappalli,0.5,-3.783
2022-08-22 23:00:00,591,Tiruchirappalli,0.5,-3.783
2022-08-23 01:00:00,591,Tiruchirappalli,1.0,-3.783
2022-08-23 22:00:00,591,Tiruchirappalli,2.0,-3.8845
2022-08-23 23:00:00,591,Tiruchirappalli,0.75,-3.8845
2022-08-24 00:00:00,591,Tiruchirappalli,0.75,-3.8845
2022-08-24 04:00:00,591,Tiruchirappalli,0.5,-3.86975
2022-08-24 07:00:00,591,Tiruchirappalli,3.0,-3.86975
2022-08-24 08:00:00,591,Tiruchirappalli,1.0,-3.86975
2022-08-25 17:00:00,591,Tiruchirappalli,0.5,-3.906
2022-08-25 21:00:00,591,Tiruchirappalli,2.0,-3.906
2022-08-25 22:00:00,591,Tiruchirappalli,3.0,-3.92075
2022-08-25 23:00:00,591,Tiruchirappalli,1.5,-3.92075
2022-08-26 00:00:00,591,Tiruchirappalli,2.0,-3.92075
2022-08-26 01:00:00,591,Tiruchirappalli,0.75,-3.92075
2022-08-26 13:00:00,591,Tiruchirappalli,6.0,-3.93275
2022-08-26 14:00:00,591,Tiruchirappalli,5.0,-3.93275
2022-08-26 16:00:00,591,Tiruchirappalli,16.0,-3.90975
2022-08-26 18:00:00,591,Tiruchirappalli,0.5,-3.90975
2022-08-26 19:00:00,591,Tiruchirappalli,1.0,-3.90975
2022-08-26 20:00:00,591,Tiruchirappalli,4.5,-3.90975
2022-08-26 21:00:00,591,Tiruchirappalli,2.5,-3.90975
2022-08-26 22:00:00,591,Tiruchirappalli,2.25,-3.9005
2022-08-26 23:00:00,591,Tiruchirappalli,2.5,-3.9005
2022-08-27 00:00:00,591,Tiruchirappalli,2.0,-3.9005
2022-08-27 01:00:00,591,Tiruchirappalli,2.0,-3.9005
2022-08-27 02:00:00,591,Tiruchirappalli,0.5,-3.9005
2022-08-27 15:00:00,591,Tiruchirappalli,15.5,-3.78175
2022-08-27 16:00:00,591,Tiruchirappalli,1.0,-3.766
2022-08-27 20:00:00,591,Tiruchirappalli,2.5,-3.766
2022-08-27 21:00:00,591,Tiruchirappalli,1.0,-3.766
2022-08-27 22:00:00,591,Tiruchirappalli,0.5,-3.78775
2022-08-27 23:00:00,591,Tiruchirappalli,0.5,-3.78775
2022-08-28 16:00:00,591,Tiruchirappalli,4.0,-3.768
2022-08-28 17:00:00,591,Tiruchirappalli,1.5,-3.768
2022-08-28 18:00:00,591,Tiruchirappalli,26.0,-3.768
2022-08-28 19:00:00,591,Tiruchirappalli,32.0,-3.768
2022-08-28 22:00:00,591,Tiruchirappalli,1.5,-3.7645
2022-08-28 23:00:00,591,Tiruchirappalli,12.0,-3.7645
2022-08-29 00:00:00,591,Tiruchirappalli,12.5,-3.7645
2022-08-29 01:00:00,591,Tiruchirappalli,32.666666666666664,-3.7645
2022-08-29 02:00:00,591,Tiruchirappalli,3.8333333333333335,-3.7645
2022-08-29 03:00:00,591,Tiruchirappalli,0.6666666666666666,-3.7645
2022-08-29 15:00:00,591,Tiruchirappalli,7.5,-3.689
2022-08-29 16:00:00,591,Tiruchirappalli,4.0,-3.659
2022-08-29 18:00:00,591,Tiruchirappalli,0.5,-3.659
2022-08-30 14:00:00,591,Tiruchirappalli,2.5,-3.64175
2022-08-31 11:00:00,591,Tiruchirappalli,3.0,-3.659
2022-08-31 12:00:00,591,Tiruchirappalli,2.5,-3.659
2022-08-31 13:00:00,591,Tiruchirappalli,0.5,-3.659
2022-08-31 14:00:00,591,Tiruchirappalli,1.5,-3.659
2022-08-31 15:00:00,591,Tiruchirappalli,2.125,-3.659
2022-08-31 16:00:00,591,Tiruchirappalli,2.5,-3.513
2022-08-31 17:00:00,591,Tiruchirappalli,0.6666666666666666,-3.513
2022-08-31 18:00:00,591,Tiruchirappalli,0.5,-3.513
2022-08-31 19:00:00,591,Tiruchirappalli,0.5,-3.513
2022-09-01 10:00:00,591,Tiruchirappalli,0.5,-3.5205
2022-09-01 11:00:00,591,Tiruchirappalli,0.5,-3.5205
2022-09-01 12:00:00,591,Tiruchirappalli,0.8,-3.5205
2022-09-01 13:00:00,591,Tiruchirappalli,0.5,-3.5205
2022-09-01 14:00:00,591,Tiruchirappalli,0.5,-3.5205
2022-09-01 15:00:00,591,Tiruchirappalli,0.5,-3.5205
2022-09-02 03:00:00,591,Tiruchirappalli,3.0,-3.52325
2022-09-02 23:00:00,591,Tiruchirappalli,1.5,-3.59075
2022-09-03 00:00:00,591,Tiruchirappalli,4.0,-3.59075
2022-09-03 23:00:00,591,Tiruchirappalli,0.5,-3.5195
2022-09-04 05:00:00,591,Tiruchirappalli,0.5,-3.5195
2022-09-04 16:00:00,591,Tiruchirappalli,2.0,-3.49675
2022-09-04 17:00:00,591,Tiruchirappalli,14.75,-3.49675
2022-09-04 18:00:00,591,Tiruchirappalli,14.75,-3.49675
2022-09-04 19:00:00,591,Tiruchirappalli,22.75,-3.49675
2022-09-04 20:00:00,591,Tiruchirappalli,2.1666666666666665,-3.49675
2022-09-04 21:00:00,591,Tiruchirappalli,0.8333333333333334,-3.49675
2022-09-04 22:00:00,591,Tiruchirappalli,0.875,-3.5335
2022-09-04 23:00:00,591,Tiruchirappalli,0.5,-3.5335
2022-09-05 00:00:00,591,Tiruchirappalli,0.5,-3.5335
2022-09-05 01:00:00,591,Tiruchirappalli,0.5,-3.5335
2022-09-05 05:00:00,591,Tiruchirappalli,0.5,-3.5495
2022-09-05 14:00:00,591,Tiruchirappalli,0.5,-3.5545
2022-09-05 17:00:00,591,Tiruchirappalli,1.5,-3.43425
2022-09-05 18:00:00,591,Tiruchirappalli,4.5,-3.43425
2022-09-05 20:00:00,591,Tiruchirappalli,1.0,-3.43425
2022-09-05 21:00:00,591,Tiruchirappalli,6.5,-3.43425
2022-09-05 22:00:00,591,Tiruchirappalli,1.0,-3.5
2022-09-07 17:00:00,591,Tiruchirappalli,11.0,-3.349
2022-09-08 04:00:00,591,Tiruchirappalli,0.5,-3.41625
2022-09-08 09:00:00,591,Tiruchirappalli,0.5,-3.41625
2022-09-14 11:15:00,591,Tiruchirappalli,0.5,-3.74775
2022-09-14 11:20:00,591,Tiruchirappalli,0.5,-3.74775
2022-09-14 12:00:00,591,Tiruchirappalli,0.5,-3.74775
2022-09-23 14:00:00,591,Tiruchirappalli,0.5,-3.87525
2022-09-26 01:00:00,591,Tiruchirappalli,27.0,-3.89
2022-09-26 02:00:00,591,Tiruchirappalli,12.125,-3.89
2022-09-26 03:00:00,591,Tiruchirappalli,2.0,-3.89
2022-09-26 04:00:00,591,Tiruchirappalli,23.0,-3.771
2022-09-26 04:10:00,591,Tiruchirappalli,0.5,-3.771
2022-09-26 04:15:00,591,Tiruchirappalli,1.5,-3.771
2022-09-26 04:20:00,591,Tiruchirappalli,2.0,-3.771
2022-09-26 04:25:00,591,Tiruchirappalli,2.5,-3.771
2022-09-26 04:30:00,591,Tiruchirappalli,2.5,-3.771
2022-09-26 04:35:00,591,Tiruchirappalli,3.0,-3.771
2022-09-26 04:40:00,591,Tiruchirappalli,3.5,-3.771
2022-09-26 04:45:00,591,Tiruchirappalli,4.0,-3.771
2022-09-26 04:50:00,591,Tiruchirappalli,5.0,-3.771
2022-09-26 04:55:00,591,Tiruchirappalli,6.0,-3.771
2022-09-26 05:00:00,591,Tiruchirappalli,16.125,-3.771
2022-09-26 05:05:00,591,Tiruchirappalli,0.5,-3.771
2022-09-26 05:10:00,591,Tiruchirappalli,1.0,-3.771
2022-09-26 05:15:00,591,Tiruchirappalli,2.5,-3.771
2022-09-26 05:20:00,591,Tiruchirappalli,3.5,-3.771
2022-09-26 05:25:00,591,Tiruchirappalli,4.5,-3.771
2022-09-26 05:30:00,591,Tiruchirappalli,4.5,-3.771
2022-09-26 05:35:00,591,Tiruchirappalli,5.0,-3.771
2022-09-26 05:40:00,591,Tiruchirappalli,6.0,-3.771
2022-09-26 05:45:00,591,Tiruchirappalli,6.0,-3.771
2022-09-26 05:50:00,591,Tiruchirappalli,6.0,-3.771
2022-09-26 05:55:00,591,Tiruchirappalli,6.5,-3.771
2022-09-26 06:00:00,591,Tiruchirappalli,8.9,-3.771
2022-09-26 06:10:00,591,Tiruchirappalli,0.5,-3.771
2022-09-26 06:15:00,591,Tiruchirappalli,0.5,-3.771
2022-09-26 06:20:00,591,Tiruchirappalli,0.5,-3.771
2022-09-26 06:25:00,591,Tiruchirappalli,1.0,-3.771
2022-09-26 06:30:00,591,Tiruchirappalli,1.0,-3.771
2022-09-26 06:35:00,591,Tiruchirappalli,1.0,-3.771
2022-09-26 06:40:00,591,Tiruchirappalli,1.0,-3.771
2022-09-26 06:45:00,591,Tiruchirappalli,1.5,-3.771
2022-09-26 06:50:00,591,Tiruchirappalli,1.5,-3.771
2022-09-26 06:55:00,591,Tiruchirappalli,2.0,-3.771
2022-09-26 07:00:00,591,Tiruchirappalli,4.375,-3.771
2022-09-26 07:05:00,591,Tiruchirappalli,0.5,-3.771
2022-09-26 07:10:00,591,Tiruchirappalli,0.5,-3.771
2022-09-26 07:15:00,591,Tiruchirappalli,1.0,-3.771
2022-09-26 07:20:00,591,Tiruchirappalli,1.0,-3.771
2022-09-26 07:25:00,591,Tiruchirappalli,1.5,-3.771
2022-09-26 07:30:00,591,Tiruchirappalli,1.5,-3.771
2022-09-26 07:35:00,591,Tiruchirappalli,2.5,-3.771
2022-09-26 07:40:00,591,Tiruchirappalli,5.5,-3.771
2022-09-26 07:45:00,591,Tiruchirappalli,8.0,-3.771
2022-09-26 07:50:00,591,Tiruchirappalli,10.0,-3.771
2022-09-26 07:55:00,591,Tiruchirappalli,10.5,-3.771
2022-09-26 08:00:00,591,Tiruchirappalli,11.0,-3.771
2022-09-26 09:00:00,591,Tiruchirappalli,1.0,-3.771
2022-09-26 10:00:00,591,Tiruchirappalli,7.0,-3.59125
2022-09-26 11:00:00,591,Tiruchirappalli,0.5,-3.59125
2022-09-26 12:00:00,591,Tiruchirappalli,0.75,-3.59125
2022-09-26 13:00:00,591,Tiruchirappalli,0.5,-3.59125
2022-09-27 01:00:00,591,Tiruchirappalli,0.5,-194.3
2022-09-27 06:00:00,591,Tiruchirappalli,0.5,-3.4762500000000003
2022-09-28 16:00:00,591,Tiruchirappalli,2.0,-3.6095
2022-09-28 20:00:00,591,Tiruchirappalli,1.0,-3.6095
2022-09-28 21:00:00,591,Tiruchirappalli,4.5,-3.6095
2022-09-28 22:00:00,591,Tiruchirappalli,2.75,-3.54975
2022-09-28 23:00:00,591,Tiruchirappalli,2.25,-3.54975
2022-09-29 00:00:00,591,Tiruchirappalli,0.5,-3.54975
2022-10-01 22:00:00,591,Tiruchirappalli,2.0,-3.718
2022-10-01 23:00:00,591,Tiruchirappalli,0.5,-3.718
2022-10-04 22:00:00,591,Tiruchirappalli,0.75,-3.6995
2022-10-07 09:00:00,591,Tiruchirappalli,1.0,-3.75825
2022-10-08 18:00:00,591,Tiruchirappalli,23.0,-3.7535
2022-10-08 19:00:00,591,Tiruchirappalli,3.5,-3.7535
2022-10-08 21:00:00,591,Tiruchirappalli,16.166666666666668,-3.7535
2022-10-08 22:00:00,591,Tiruchirappalli,3.1,-3.55075
2022-10-08 23:00:00,591,Tiruchirappalli,1.7,-3.55075
2022-10-09 00:00:00,591,Tiruchirappalli,0.75,-3.55075
2022-10-09 01:00:00,591,Tiruchirappalli,0.5,-3.55075
2022-10-09 05:00:00,591,Tiruchirappalli,4.0,-3.4365
2022-10-09 09:35:00,591,Tiruchirappalli,0.5,-3.4675
2022-10-09 09:40:00,591,Tiruchirappalli,0.5,-3.4675
2022-10-09 09:45:00,591,Tiruchirappalli,0.5,-3.4675
2022-10-09 09:50:00,591,Tiruchirappalli,0.5,-3.4675
2022-10-09 09:55:00,591,Tiruchirappalli,0.5,-3.4675
2022-10-09 10:00:00,591,Tiruchirappalli,0.5,-3.4675
2022-10-09 11:00:00,591,Tiruchirappalli,1.0,-3.4675
2022-10-09 18:00:00,591,Tiruchirappalli,5.5,-3.55575
2022-10-09 18:30:00,591,Tiruchirappalli,0.5,-3.55575
2022-10-09 18:35:00,591,Tiruchirappalli,0.5,-3.55575
2022-10-09 18:40:00,591,Tiruchirappalli,0.5,-3.55575
2022-10-09 18:45:00,591,Tiruchirappalli,0.5,-3.55575
2022-10-09 18:50:00,591,Tiruchirappalli,0.5,-3.55575
2022-10-09 18:55:00,591,Tiruchirappalli,0.5,-3.55575
2022-10-09 19:00:00,591,Tiruchirappalli,8.833333333333334,-3.55575
2022-10-09 20:00:00,591,Tiruchirappalli,9.166666666666666,-3.55575
2022-10-09 21:00:00,591,Tiruchirappalli,8.666666666666666,-3.55575
2022-10-09 21:40:00,591,Tiruchirappalli,1.0,-3.4755000000000003
2022-10-09 21:45:00,591,Tiruchirappalli,1.5,-3.4755000000000003
2022-10-09 21:50:00,591,Tiruchirappalli,2.0,-3.4755000000000003
2022-10-09 21:55:00,591,Tiruchirappalli,2.0,-3.4755000000000003
2022-10-09 22:00:00,591,Tiruchirappalli,1.5,-3.4755000000000003
2022-10-09 22:20:00,591,Tiruchirappalli,0.5,-3.4755000000000003
2022-10-09 22:25:00,591,Tiruchirappalli,0.5,-3.4755000000000003
2022-10-09 22:30:00,591,Tiruchirappalli,0.5,-3.4755000000000003
2022-10-09 22:35:00,591,Tiruchirappalli,0.5,-3.4755000000000003
2022-10-09 22:40:00,591,Tiruchirappalli,0.5,-3.4755000000000003
2022-10-09 22:45:00,591,Tiruchirappalli,0.5,-3.4755000000000003
2022-10-09 22:50:00,591,Tiruchirappalli,0.5,-3.4755000000000003
2022-10-09 22:55:00,591,Tiruchirappalli,0.5,-3.4755000000000003
2022-10-09 23:00:00,591,Tiruchirappalli,1.0,-3.4755000000000003
2022-10-09 23:20:00,591,Tiruchirappalli,0.5,-3.4755000000000003
2022-10-09 23:25:00,591,Tiruchirappalli,0.5,-3.4755000000000003
2022-10-09 23:30:00,591,Tiruchirappalli,0.5,-3.4755000000000003
2022-10-09 23:35:00,591,Tiruchirappalli,0.5,-3.4755000000000003
2022-10-09 23:40:00,591,Tiruchirappalli,0.5,-3.4755000000000003
2022-10-09 23:45:00,591,Tiruchirappalli,0.5,-3.4755000000000003
2022-10-09 23:50:00,591,Tiruchirappalli,0.5,-3.4755000000000003
2022-10-09 23:55:00,591,Tiruchirappalli,0.5,-3.4755000000000003
2022-10-10 00:00:00,591,Tiruchirappalli,0.5,-3.4755000000000003
2022-10-10 01:00:00,591,Tiruchirappalli,1.75,-3.4755000000000003
2022-10-10 02:00:00,591,Tiruchirappalli,4.0,-3.4755000000000003
2022-10-10 04:00:00,591,Tiruchirappalli,3.5,-3.4325
2022-10-10 13:10:00,591,Tiruchirappalli,0.5,-3.49625
2022-10-10 13:15:00,591,Tiruchirappalli,0.5,-3.49625
2022-10-10 13:20:00,591,Tiruchirappalli,0.5,-3.49625
2022-10-10 13:25:00,591,Tiruchirappalli,1.0,-3.49625
2022-10-10 13:30:00,591,Tiruchirappalli,8.5,-3.49625
2022-10-10 13:35:00,591,Tiruchirappalli,12.0,-3.49625
2022-10-10 13:40:00,591,Tiruchirappalli,16.0,-3.49625
2022-10-10 13:45:00,591,Tiruchirappalli,17.5,-3.49625
2022-10-10 13:50:00,591,Tiruchirappalli,18.0,-3.49625
2022-10-10 13:55:00,591,Tiruchirappalli,19.5,-3.49625
2022-10-10 14:00:00,591,Tiruchirappalli,9.0,-3.49625
2022-10-10 14:05:00,591,Tiruchirappalli,0.5,-3.49625
2022-10-10 14:10:00,591,Tiruchirappalli,2.0,-3.49625
2022-10-10 14:15:00,591,Tiruchirappalli,2.5,-3.49625
2022-10-10 14:20:00,591,Tiruchirappalli,3.0,-3.49625
2022-10-10 14:25:00,591,Tiruchirappalli,3.5,-3.49625
2022-10-10 14:30:00,591,Tiruchirappalli,4.0,-3.49625
2022-10-10 14:35:00,591,Tiruchirappalli,4.0,-3.49625
2022-10-10 14:40:00,591,Tiruchirappalli,6.0,-3.49625
2022-10-10 14:45:00,591,Tiruchirappalli,6.5,-3.49625
2022-10-10 14:50:00,591,Tiruchirappalli,6.5,-3.49625
2022-10-10 14:55:00,591,Tiruchirappalli,8.5,-3.49625
2022-10-10 15:00:00,591,Tiruchirappalli,5.75,-3.49625
2022-10-10 15:05:00,591,Tiruchirappalli,0.5,-3.4945
2022-10-10 15:10:00,591,Tiruchirappalli,0.5,-3.4945
2022-10-10 15:15:00,591,Tiruchirappalli,0.5,-3.4945
2022-10-10 15:20:00,591,Tiruchirappalli,0.5,-3.4945
2022-10-10 15:25:00,591,Tiruchirappalli,0.5,-3.4945
2022-10-10 15:30:00,591,Tiruchirappalli,0.5,-3.4945
2022-10-10 15:35:00,591,Tiruchirappalli,0.5,-3.4945
2022-10-10 15:40:00,591,Tiruchirappalli,0.5,-3.4945
2022-10-10 15:45:00,591,Tiruchirappalli,0.5,-3.4945
2022-10-10 15:50:00,591,Tiruchirappalli,0.5,-3.4945
2022-10-10 15:55:00,591,Tiruchirappalli,0.5,-3.4945
2022-10-10 16:00:00,591,Tiruchirappalli,0.5,-3.4945
2022-10-10 18:00:00,591,Tiruchirappalli,9.75,-3.4945
2022-10-10 19:00:00,591,Tiruchirappalli,6.5,-3.4945
2022-10-10 20:00:00,591,Tiruchirappalli,1.5,-3.4945
2022-10-10 21:00:00,591,Tiruchirappalli,0.5,-3.4945
2022-10-10 21:10:00,591,Tiruchirappalli,0.5,-3.28875
2022-10-10 21:15:00,591,Tiruchirappalli,0.5,-3.28875
2022-10-10 21:20:00,591,Tiruchirappalli,2.0,-3.28875
2022-10-10 21:25:00,591,Tiruchirappalli,2.5,-3.28875
2022-10-10 21:30:00,591,Tiruchirappalli,2.5,-3.28875
2022-10-10 21:35:00,591,Tiruchirappalli,3.0,-3.28875
2022-10-10 21:40:00,591,Tiruchirappalli,3.5,-3.28875
2022-10-10 21:45:00,591,Tiruchirappalli,3.5,-3.28875
2022-10-10 21:50:00,591,Tiruchirappalli,3.5,-3.28875
2022-10-10 21:55:00,591,Tiruchirappalli,3.5,-3.28875
2022-10-10 22:00:00,591,Tiruchirappalli,8.5,-3.28875
2022-10-11 00:05:00,591,Tiruchirappalli,1.0,-3.28875
2022-10-11 00:10:00,591,Tiruchirappalli,2.5,-3.28875
2022-10-11 00:20:00,591,Tiruchirappalli,3.0,-3.28875
2022-10-11 00:25:00,591,Tiruchirappalli,3.0,-3.28875
2022-10-11 00:30:00,591,Tiruchirappalli,3.0,-3.28875
2022-10-11 00:35:00,591,Tiruchirappalli,3.0,-3.28875
2022-10-11 00:40:00,591,Tiruchirappalli,4.5,-3.28875
2022-10-11 00:45:00,591,Tiruchirappalli,7.0,-3.28875
2022-10-11 00:50:00,591,Tiruchirappalli,10.5,-3.28875
2022-10-11 00:55:00,591,Tiruchirappalli,12.5,-3.28875
2022-10-11 01:00:00,591,Tiruchirappalli,8.5,-3.28875
2022-10-11 01:30:00,591,Tiruchirappalli,0.5,-3.28875
2022-10-11 01:35:00,591,Tiruchirappalli,1.0,-3.28875
2022-10-11 01:40:00,591,Tiruchirappalli,1.0,-3.28875
2022-10-11 01:45:00,591,Tiruchirappalli,1.0,-3.28875
2022-10-11 01:50:00,591,Tiruchirappalli,1.5,-3.28875
2022-10-11 01:55:00,591,Tiruchirappalli,2.5,-3.28875
2022-10-11 02:10:00,591,Tiruchirappalli,1.0,-3.28875
2022-10-11 02:15:00,591,Tiruchirappalli,2.5,-3.28875
2022-10-11 02:20:00,591,Tiruchirappalli,3.5,-3.28875
2022-10-11 02:30:00,591,Tiruchirappalli,4.0,-3.28875
2022-10-11 02:35:00,591,Tiruchirappalli,4.5,-3.28875
2022-10-11 02:40:00,591,Tiruchirappalli,5.0,-3.28875
2022-10-11 02:45:00,591,Tiruchirappalli,6.0,-3.28875
2022-10-11 02:50:00,591,Tiruchirappalli,7.0,-3.28875
2022-10-11 02:55:00,591,Tiruchirappalli,7.5,-3.28875
2022-10-11 03:00:00,591,Tiruchirappalli,9.0,-3.28875
2022-10-11 03:05:00,591,Tiruchirappalli,0.5,-3.21875
2022-10-11 03:10:00,591,Tiruchirappalli,1.0,-3.21875
2022-10-11 03:15:00,591,Tiruchirappalli,1.5,-3.21875
2022-10-11 03:20:00,591,Tiruchirappalli,2.5,-3.21875
2022-10-11 03:25:00,591,Tiruchirappalli,3.5,-3.21875
2022-10-11 03:30:00,591,Tiruchirappalli,3.5,-3.21875
2022-10-11 03:35:00,591,Tiruchirappalli,3.5,-3.21875
2022-10-11 03:40:00,591,Tiruchirappalli,3.5,-3.21875
2022-10-11 03:45:00,591,Tiruchirappalli,3.5,-3.21875
2022-10-11 03:50:00,591,Tiruchirappalli,3.5,-3.21875
2022-10-11 03:55:00,591,Tiruchirappalli,3.5,-3.21875
2022-10-11 04:00:00,591,Tiruchirappalli,10.5,-3.21875
2022-10-11 05:00:00,591,Tiruchirappalli,2.5,-3.21875
2022-10-11 06:00:00,591,Tiruchirappalli,0.5,-3.21875
2022-10-11 22:00:00,591,Tiruchirappalli,0.5,-3.14225
2022-10-13 19:00:00,591,Tiruchirappalli,2.5,-3.298
2022-10-13 20:00:00,591,Tiruchirappalli,10.0,-3.298
2022-10-14 15:00:00,591,Tiruchirappalli,11.0,-3.19875
2022-10-14 21:30:00,591,Tiruchirappalli,1.5,-3.1652500000000003
2022-10-14 21:35:00,591,Tiruchirappalli,5.0,-3.1652500000000003
2022-10-14 21:40:00,591,Tiruchirappalli,9.0,-3.1652500000000003
2022-10-14 21:45:00,591,Tiruchirappalli,11.0,-3.1652500000000003
2022-10-14 21:50:00,591,Tiruchirappalli,12.0,-3.1652500000000003
2022-10-14 21:55:00,591,Tiruchirappalli,12.5,-3.1652500000000003
2022-10-14 22:00:00,591,Tiruchirappalli,12.5,-3.1652500000000003
2022-10-14 22:05:00,591,Tiruchirappalli,0.5,-3.1652500000000003
2022-10-14 22:10:00,591,Tiruchirappalli,0.5,-3.1652500000000003
2022-10-14 22:15:00,591,Tiruchirappalli,0.5,-3.1652500000000003
2022-10-14 22:20:00,591,Tiruchirappalli,2.0,-3.1652500000000003
2022-10-14 22:25:00,591,Tiruchirappalli,4.5,-3.1652500000000003
2022-10-14 22:30:00,591,Tiruchirappalli,8.0,-3.1652500000000003
2022-10-14 22:35:00,591,Tiruchirappalli,13.0,-3.1652500000000003
2022-10-14 22:40:00,591,Tiruchirappalli,16.0,-3.1652500000000003
2022-10-14 22:45:00,591,Tiruchirappalli,19.5,-3.1652500000000003
2022-10-14 22:50:00,591,Tiruchirappalli,20.0,-3.1652500000000003
2022-10-14 22:55:00,591,Tiruchirappalli,20.0,-3.1652500000000003
2022-10-14 23:00:00,591,Tiruchirappalli,20.0,-3.1652500000000003
2022-10-14 23:05:00,591,Tiruchirappalli,0.5,-3.1652500000000003
2022-10-14 23:10:00,591,Tiruchirappalli,0.5,-3.1652500000000003
2022-10-14 23:15:00,591,Tiruchirappalli,0.5,-3.1652500000000003
2022-10-14 23:20:00,591,Tiruchirappalli,0.5,-3.1652500000000003
2022-10-14 23:25:00,591,Tiruchirappalli,1.0,-3.1652500000000003
2022-10-14 23:30:00,591,Tiruchirappalli,1.0,-3.1652500000000003
2022-10-14 23:35:00,591,Tiruchirappalli,1.0,-3.1652500000000003
2022-10-14 23:40:00,591,Tiruchirappalli,1.0,-3.1652500000000003
2022-10-14 23:45:00,591,Tiruchirappalli,1.0,-3.1652500000000003
2022-10-14 23:50:00,591,Tiruchirappalli,1.0,-3.1652500000000003
2022-10-14 23:55:00,591,Tiruchirappalli,1.0,-3.1652500000000003
2022-10-15 00:00:00,591,Tiruchirappalli,1.0,-3.1652500000000003
2022-10-15 00:05:00,591,Tiruchirappalli,0.5,-3.1652500000000003
2022-10-15 00:10:00,591,Tiruchirappalli,0.5,-3.1652500000000003
2022-10-15 00:15:00,591,Tiruchirappalli,0.5,-3.1652500000000003
2022-10-15 00:20:00,591,Tiruchirappalli,1.0,-3.1652500000000003
2022-10-15 00:25:00,591,Tiruchirappalli,1.0,-3.1652500000000003
2022-10-15 00:30:00,591,Tiruchirappalli,1.5,-3.1652500000000003
2022-10-15 00:35:00,591,Tiruchirappalli,1.5,-3.1652500000000003
2022-10-15 00:40:00,591,Tiruchirappalli,1.5,-3.1652500000000003
2022-10-15 00:45:00,591,Tiruchirappalli,1.5,-3.1652500000000003
2022-10-15 00:50:00,591,Tiruchirappalli,1.5,-3.1652500000000003
2022-10-15 00:55:00,591,Tiruchirappalli,1.5,-3.1652500000000003
2022-10-15 01:00:00,591,Tiruchirappalli,1.0,-3.1652500000000003
2022-10-15 03:00:00,591,Tiruchirappalli,3.0,-3.1652500000000003
2022-10-15 11:10:00,591,Tiruchirappalli,0.5,-3.21875
2022-10-15 19:00:00,591,Tiruchirappalli,1.25,-3.20125
2022-10-15 20:00:00,591,Tiruchirappalli,6.25,-3.20125
2022-10-15 21:00:00,591,Tiruchirappalli,2.5,-3.20125
2022-10-15 22:00:00,591,Tiruchirappalli,1.0,-3.16725
2022-10-16 00:00:00,591,Tiruchirappalli,0.75,-3.16725
2022-10-16 15:00:00,591,Tiruchirappalli,1.0,-3.3245
2022-10-16 22:00:00,591,Tiruchirappalli,1.0,-3.13475
2022-10-17 00:00:00,591,Tiruchirappalli,21.0,-3.13475
2022-10-17 01:00:00,591,Tiruchirappalli,4.0,-3.13475
2022-10-17 02:00:00,591,Tiruchirappalli,0.5,-3.13475
2022-10-17 18:00:00,591,Tiruchirappalli,4.5,-2.9836666666666667
2022-10-17 19:00:00,591,Tiruchirappalli,1.5,-2.9836666666666667
2022-10-18 20:00:00,591,Tiruchirappalli,2.5,-2.980333333333333
2022-10-18 21:00:00,591,Tiruchirappalli,0.5,-2.980333333333333
2022-10-19 22:00:00,591,Tiruchirappalli,1.0,-2.79925
2022-10-19 23:00:00,591,Tiruchirappalli,3.0,-2.79925
2022-10-20 00:00:00,591,Tiruchirappalli,2.0,-2.79925
2022-10-20 09:00:00,591,Tiruchirappalli,0.5,-2.78225
2022-10-20 17:00:00,591,Tiruchirappalli,2.0,-2.7945
2022-10-20 18:00:00,591,Tiruchirappalli,36.0,-2.7945
2022-10-20 19:00:00,591,Tiruchirappalli,1.5,-2.7945
2022-10-20 20:00:00,591,Tiruchirappalli,5.5,-2.7945
2022-10-20 21:00:00,591,Tiruchirappalli,12.0,-2.7945
2022-10-20 22:00:00,591,Tiruchirappalli,7.5,-2.769
2022-10-20 23:00:00,591,Tiruchirappalli,1.5,-2.769
2022-10-21 02:00:00,591,Tiruchirappalli,6.333333333333333,-2.769
2022-10-21 04:00:00,591,Tiruchirappalli,3.8333333333333335,-2.62875
2022-10-21 05:00:00,591,Tiruchirappalli,2.0,-2.62875
2022-10-21 06:00:00,591,Tiruchirappalli,0.5,-2.62875
2022-10-21 08:00:00,591,Tiruchirappalli,1.0,-2.62875
2022-10-21 10:00:00,591,Tiruchirappalli,0.5,-2.6655
2022-10-21 11:00:00,591,Tiruchirappalli,0.5,-2.6655
2022-10-21 13:00:00,591,Tiruchirappalli,2.5,-2.6655
2022-10-21 16:00:00,591,Tiruchirappalli,4.5,-2.63
2022-10-21 17:00:00,591,Tiruchirappalli,3.5,-2.63
2022-10-21 18:00:00,591,Tiruchirappalli,1.5,-2.63
2022-10-21 20:00:00,591,Tiruchirappalli,0.5,-2.63
2022-10-21 21:00:00,591,Tiruchirappalli,0.5,-2.63
2022-10-22 01:00:00,591,Tiruchirappalli,0.5,-2.523
2022-10-22 14:00:00,591,Tiruchirappalli,4.5,-2.55925
2022-10-22 18:00:00,591,Tiruchirappalli,9.5,-2.55625
2022-10-22 21:00:00,591,Tiruchirappalli,0.5,-2.55625
2022-10-24 04:00:00,591,Tiruchirappalli,0.5,-2.5245
2022-10-28 20:00:00,591,Tiruchirappalli,0.5,-2.3475
2022-10-29 05:00:00,591,Tiruchirappalli,1.5,-2.38625
2022-10-29 06:00:00,591,Tiruchirappalli,3.25,-2.38625
2022-10-29 07:00:00,591,Tiruchirappalli,2.5,-2.38625
2022-10-29 09:00:00,591,Tiruchirappalli,0.5,-2.38625
2022-10-29 10:00:00,591,Tiruchirappalli,0.5,-2.38225
2022-10-29 16:00:00,591,Tiruchirappalli,0.5,-2.41875
2022-10-29 19:00:00,591,Tiruchirappalli,0.5,-2.41875
2022-10-29 20:00:00,591,Tiruchirappalli,3.5,-2.41875
2022-10-29 21:00:00,591,Tiruchirappalli,0.5,-2.41875
2022-10-30 02:00:00,591,Tiruchirappalli,1.75,-2.40525
2022-10-30 03:00:00,591,Tiruchirappalli,5.5,-2.40525
2022-10-30 04:00:00,591,Tiruchirappalli,2.5,-2.7793333333333337
2022-10-30 05:00:00,591,Tiruchirappalli,1.0,-2.7793333333333337
2022-10-30 06:00:00,591,Tiruchirappalli,0.5,-2.7793333333333337
2022-10-30 12:00:00,591,Tiruchirappalli,0.5,-2.841666666666667
2022-11-01 16:00:00,591,Tiruchirappalli,1.75,-2.4475
2022-11-01 17:00:00,591,Tiruchirappalli,0.5,-2.4475
2022-11-01 20:00:00,591,Tiruchirappalli,6.5,-2.4475
2022-11-01 21:00:00,591,Tiruchirappalli,0.75,-2.4475
2022-11-02 00:00:00,591,Tiruchirappalli,0.5,-2.42275
2022-11-02 10:00:00,591,Tiruchirappalli,0.5,-2.4315
2022-11-02 12:00:00,591,Tiruchirappalli,1.0,-2.4315
2022-11-02 13:00:00,591,Tiruchirappalli,0.5,-2.4315
2022-11-02 14:00:00,591,Tiruchirappalli,0.75,-2.4315
2022-11-02 16:00:00,591,Tiruchirappalli,2.5,-2.42325
2022-11-02 17:00:00,591,Tiruchirappalli,1.5,-2.42325
2022-11-02 19:00:00,591,Tiruchirappalli,0.5,-2.42325
2022-11-02 20:00:00,591,Tiruchirappalli,0.5,-2.42325
2022-11-03 01:00:00,591,Tiruchirappalli,2.5,-2.39975
2022-11-03 02:00:00,591,Tiruchirappalli,0.5,-2.39975
2022-11-03 03:00:00,591,Tiruchirappalli,2.0,-2.39975
2022-11-03 04:00:00,591,Tiruchirappalli,3.5,-2.40675
2022-11-03 05:00:00,591,Tiruchirappalli,0.5,-2.40675
2022-11-03 06:00:00,591,Tiruchirappalli,0.5,-2.40675
2022-11-03 10:00:00,591,Tiruchirappalli,0.5,-2.40475
2022-11-03 11:00:00,591,Tiruchirappalli,0.5,-2.40475
2022-11-03 13:00:00,591,Tiruchirappalli,0.5,-2.40475
2022-11-03 14:00:00,591,Tiruchirappalli,0.5,-2.40475
2022-11-03 17:00:00,591,Tiruchirappalli,3.0,-2.5025
2022-11-03 18:00:00,591,Tiruchirappalli,7.666666666666667,-2.5025
2022-11-03 19:00:00,591,Tiruchirappalli,1.5,-2.5025
2022-11-03 20:00:00,591,Tiruchirappalli,0.5,-2.5025
2022-11-04 13:00:00,591,Tiruchirappalli,1.0,-2.4045
2022-11-04 14:00:00,591,Tiruchirappalli,6.0,-2.4045
2022-11-04 15:00:00,591,Tiruchirappalli,1.0,-2.4045
2022-11-04 16:00:00,591,Tiruchirappalli,7.0,-2.4015
2022-11-04 17:00:00,591,Tiruchirappalli,1.5,-2.4015
2022-11-04 18:00:00,591,Tiruchirappalli,0.5,-2.4015
2022-11-04 20:00:00,591,Tiruchirappalli,0.5,-2.4015
2022-11-05 02:00:00,591,Tiruchirappalli,0.5,-2.354
2022-11-05 06:00:00,591,Tiruchirappalli,0.5,-2.35575
2022-11-05 07:00:00,591,Tiruchirappalli,1.0,-2.35575
2022-11-05 09:00:00,591,Tiruchirappalli,0.5,-2.35575
2022-11-05 10:00:00,591,Tiruchirappalli,0.8333333333333334,-2.375
2022-11-05 11:30:00,591,Tiruchirappalli,1.5,-2.375
2022-11-05 11:35:00,591,Tiruchirappalli,1.5,-2.375
2022-11-05 12:00:00,591,Tiruchirappalli,1.5,-2.375
2022-11-09 18:00:00,591,Tiruchirappalli,0.5,-2.37025
2022-11-10 19:00:00,591,Tiruchirappalli,0.5,-2.355
2022-11-11 00:00:00,591,Tiruchirappalli,0.5,-2.34175
2022-11-11 04:00:00,591,Tiruchirappalli,1.0,-2.29325
2022-11-11 05:00:00,591,Tiruchirappalli,1.75,-2.29325
2022-11-11 06:00:00,591,Tiruchirappalli,3.3,-2.29325
2022-11-11 07:00:00,591,Tiruchirappalli,3.0,-2.29325
2022-11-11 08:00:00,591,Tiruchirappalli,3.4166666666666665,-2.29325
2022-11-11 09:00:00,591,Tiruchirappalli,2.0,-2.29325
2022-11-11 10:00:00,591,Tiruchirappalli,2.5,-2.1155
2022-11-11 11:00:00,591,Tiruchirappalli,5.0,-2.1155
2022-11-11 12:00:00,591,Tiruchirappalli,4.0,-2.1155
2022-11-11 13:00:00,591,Tiruchirappalli,6.083333333333333,-2.1155
2022-11-11 14:00:00,591,Tiruchirappalli,2.75,-2.1155
2022-11-11 15:00:00,591,Tiruchirappalli,10.0,-2.1155
2022-11-11 16:00:00,591,Tiruchirappalli,1.75,-2.0145
2022-11-11 17:00:00,591,Tiruchirappalli,2.1,-2.0145
2022-11-11 18:00:00,591,Tiruchirappalli,1.3333333333333333,-2.0145
2022-11-11 19:00:00,591,Tiruchirappalli,2.6666666666666665,-2.0145
2022-11-11 20:00:00,591,Tiruchirappalli,2.0,-2.0145
2022-11-11 21:00:00,591,Tiruchirappalli,3.0,-2.0145
2022-11-11 22:00:00,591,Tiruchirappalli,1.7,-1.8845
2022-11-11 23:00:00,591,Tiruchirappalli,2.375,-1.8845
2022-11-12 00:00:00,591,Tiruchirappalli,1.7,-1.8845
2022-11-12 01:00:00,591,Tiruchirappalli,2.0,-1.8845
2022-11-12 02:00:00,591,Tiruchirappalli,3.0,-1.8845
2022-11-12 03:00:00,591,Tiruchirappalli,0.5,-1.8845
2022-11-12 04:00:00,591,Tiruchirappalli,0.75,-1.83275
2022-11-12 05:00:00,591,Tiruchirappalli,1.0,-1.83275
2022-11-12 06:00:00,591,Tiruchirappalli,0.5,-1.83275
2022-11-12 07:00:00,591,Tiruchirappalli,0.5,-1.83275
2022-11-12 08:00:00,591,Tiruchirappalli,0.5,-1.83275
2022-11-12 09:00:00,591,Tiruchirappalli,1.3333333333333333,-1.83275
2022-11-12 13:00:00,591,Tiruchirappalli,2.5,-1.80475
2022-11-12 22:00:00,591,Tiruchirappalli,2.0,-1.8175
2022-11-13 05:00:00,591,Tiruchirappalli,1.0,-1.83725
2022-11-13 11:00:00,591,Tiruchirappalli,0.5,-1.867
2022-11-13 20:00:00,591,Tiruchirappalli,2.0,-1.87925
2022-11-13 21:00:00,591,Tiruchirappalli,6.0,-1.87925
2022-11-14 07:00:00,591,Tiruchirappalli,0.5,-1.84775
2022-11-14 10:00:00,591,Tiruchirappalli,0.5,-1.85375
2022-11-14 21:00:00,591,Tiruchirappalli,0.5,-1.9265
2022-11-15 01:00:00,591,Tiruchirappalli,0.5,-1.87025
2022-11-24 00:00:00,591,Tiruchirappalli,0.5,-2.026
2022-11-25 14:00:00,591,Tiruchirappalli,1.0,-2.1725
2022-11-25 15:00:00,591,Tiruchirappalli,0.5,-2.1725
2022-11-25 18:00:00,591,Tiruchirappalli,1.5,-2.25975
2022-11-26 19:00:00,591,Tiruchirappalli,0.5,-2.04525
2022-11-27 17:00:00,591,Tiruchirappalli,0.5,-1.91775
2022-11-27 18:00:00,591,Tiruchirappalli,0.5,-1.91775
2022-11-28 13:00:00,591,Tiruchirappalli,0.5,-1.978
2022-12-01 08:00:00,591,Tiruchirappalli,0.5,-1.7873333333333334
2022-12-01 10:55:00,591,Tiruchirappalli,1.0,-1.781
2022-12-01 18:00:00,591,Tiruchirappalli,4.0,-2.0555
2022-12-02 17:00:00,591,Tiruchirappalli,0.5,-2.08525
2022-12-03 15:00:00,591,Tiruchirappalli,7.5,-1.99775
2022-12-03 16:00:00,591,Tiruchirappalli,1.0,-1.99775
2022-12-03 17:00:00,591,Tiruchirappalli,1.0,-1.99775
2022-12-03 18:00:00,591,Tiruchirappalli,1.0,-1.99775
2022-12-04 06:00:00,591,Tiruchirappalli,0.5,-1.874
2022-12-04 07:00:00,591,Tiruchirappalli,1.0,-1.874
2022-12-04 10:00:00,591,Tiruchirappalli,0.5,-1.87125
2022-12-04 11:00:00,591,Tiruchirappalli,0.75,-1.87125
2022-12-04 12:00:00,591,Tiruchirappalli,6.5,-1.87125
2022-12-04 13:00:00,591,Tiruchirappalli,4.0,-1.87125
2022-12-04 15:00:00,591,Tiruchirappalli,12.25,-1.87125
2022-12-04 16:00:00,591,Tiruchirappalli,16.5,-1.78525
2022-12-04 20:00:00,591,Tiruchirappalli,1.75,-1.78525
2022-12-04 21:00:00,591,Tiruchirappalli,0.75,-1.78525
2022-12-04 22:00:00,591,Tiruchirappalli,0.5,-1.72975
2022-12-04 23:00:00,591,Tiruchirappalli,1.5,-1.72975
2022-12-05 00:00:00,591,Tiruchirappalli,1.0,-1.72975
2022-12-05 01:00:00,591,Tiruchirappalli,1.25,-1.72975
2022-12-05 02:00:00,591,Tiruchirappalli,4.0,-1.72975
2022-12-05 03:00:00,591,Tiruchirappalli,1.25,-1.72975
2022-12-05 04:00:00,591,Tiruchirappalli,0.5,-1.63375
2022-12-06 08:00:00,591,Tiruchirappalli,0.5,-1.6155
2022-12-06 12:35:00,591,Tiruchirappalli,1.0,-1.6945
2022-12-06 12:40:00,591,Tiruchirappalli,1.0,-1.6945
2022-12-06 12:45:00,591,Tiruchirappalli,1.0,-1.6945
2022-12-06 13:00:00,591,Tiruchirappalli,1.0,-1.6945
2022-12-08 11:00:00,591,Tiruchirappalli,0.5,-1.7927499999999998
2022-12-08 19:00:00,591,Tiruchirappalli,0.5,-1.80125
2022-12-08 20:00:00,591,Tiruchirappalli,1.5,-1.80125
2022-12-08 21:00:00,591,Tiruchirappalli,0.5,-1.80125
2022-12-08 23:00:00,591,Tiruchirappalli,0.5,-1.789
2022-12-09 01:00:00,591,Tiruchirappalli,0.5,-1.789
2022-12-09 02:00:00,591,Tiruchirappalli,0.5,-1.789
2022-12-09 04:00:00,591,Tiruchirappalli,0.5,-1.78375
2022-12-09 07:00:00,591,Tiruchirappalli,0.5,-1.78375
2022-12-09 08:00:00,591,Tiruchirappalli,1.25,-1.78375
2022-12-09 09:00:00,591,Tiruchirappalli,1.0,-1.78375
2022-12-09 23:00:00,591,Tiruchirappalli,0.5,-1.78625
2022-12-10 07:00:00,591,Tiruchirappalli,0.5,-1.7777500000000002
2022-12-10 08:00:00,591,Tiruchirappalli,1.3333333333333333,-1.7777500000000002
2022-12-11 05:00:00,591,Tiruchirappalli,0.5,-1.77325
2022-12-11 17:00:00,591,Tiruchirappalli,23.5,-1.8695
2022-12-11 18:00:00,591,Tiruchirappalli,17.5,-1.8695
2022-12-11 20:00:00,591,Tiruchirappalli,2.0,-1.8695
2022-12-11 21:00:00,591,Tiruchirappalli,7.0,-1.8695
2022-12-11 23:00:00,591,Tiruchirappalli,3.5,-1.77125
2022-12-12 00:00:00,591,Tiruchirappalli,0.5,-1.77125
2022-12-12 17:00:00,591,Tiruchirappalli,12.0,-1.8575
2022-12-12 18:00:00,591,Tiruchirappalli,5.5,-1.8575
2022-12-12 19:00:00,591,Tiruchirappalli,23.0,-1.8575
2022-12-12 20:00:00,591,Tiruchirappalli,1.25,-1.8575
2022-12-12 21:00:00,591,Tiruchirappalli,0.5,-1.8575
2022-12-12 22:00:00,591,Tiruchirappalli,0.5,-1.507
2022-12-12 23:00:00,591,Tiruchirappalli,0.5,-1.507
2022-12-13 00:00:00,591,Tiruchirappalli,0.5,-1.507
2022-12-13 08:00:00,591,Tiruchirappalli,5.25,-1.45425
2022-12-13 09:00:00,591,Tiruchirappalli,0.5,-1.45425
2022-12-13 10:00:00,591,Tiruchirappalli,0.5,-1.4207500000000002
2022-12-13 12:00:00,591,Tiruchirappalli,1.0,-1.4207500000000002
2022-12-13 14:00:00,591,Tiruchirappalli,20.83333333333333,-1.4207500000000002
2022-12-13 15:00:00,591,Tiruchirappalli,6.75,-1.4207500000000002
2022-12-13 16:00:00,591,Tiruchirappalli,4.125,-1.486
2022-12-13 17:00:00,591,Tiruchirappalli,2.5,-1.486
2022-12-13 18:00:00,591,Tiruchirappalli,1.3333333333333333,-1.486
2022-12-13 19:00:00,591,Tiruchirappalli,0.5,-1.486
2022-12-18 16:00:00,591,Tiruchirappalli,0.5,-1.49925
2022-12-18 17:00:00,591,Tiruchirappalli,1.5,-1.49925
2022-12-25 12:00:00,591,Tiruchirappalli,1.0,-1.5616666666666663
2022-12-25 13:00:00,591,Tiruchirappalli,3.0,-1.5616666666666663
2022-12-25 14:00:00,591,Tiruchirappalli,1.25,-1.5616666666666663
2022-12-25 15:00:00,591,Tiruchirappalli,1.3333333333333333,-1.5616666666666663
2022-12-25 16:00:00,591,Tiruchirappalli,2.25,-1.3906666666666665
2022-12-25 17:00:00,591,Tiruchirappalli,2.625,-1.3906666666666665
2022-12-25 18:00:00,591,Tiruchirappalli,3.25,-1.3906666666666665
2022-12-25 19:00:00,591,Tiruchirappalli,8.25,-1.3906666666666665
2022-12-25 20:00:00,591,Tiruchirappalli,2.5,-1.3906666666666665
2022-12-25 21:00:00,591,Tiruchirappalli,0.5,-1.3906666666666665
2022-12-25 22:00:00,591,Tiruchirappalli,0.5,-1.3686666666666667
2022-12-25 23:00:00,591,Tiruchirappalli,0.5,-1.3686666666666667
2022-12-26 00:00:00,591,Tiruchirappalli,1.0,-1.3686666666666667
2022-12-26 01:00:00,591,Tiruchirappalli,0.5,-1.3686666666666667
2022-12-26 02:00:00,591,Tiruchirappalli,0.5,-1.3686666666666667
2022-12-26 04:00:00,591,Tiruchirappalli,0.5,-1.3683333333333332
2022-12-26 05:00:00,591,Tiruchirappalli,3.0,-1.3683333333333332
2022-12-26 09:00:00,591,Tiruchirappalli,0.5,-1.3683333333333332
2022-12-26 12:00:00,591,Tiruchirappalli,3.5,-1.3740000000000003
2022-12-26 13:00:00,591,Tiruchirappalli,0.75,-1.3740000000000003
2022-12-26 14:00:00,591,Tiruchirappalli,0.5,-1.3740000000000003
2022-12-26 15:00:00,591,Tiruchirappalli,1.8333333333333333,-1.3740000000000003
2022-12-26 16:00:00,591,Tiruchirappalli,1.0,-1.3496666666666668
2022-12-26 17:00:00,591,Tiruchirappalli,0.5,-1.3496666666666668
2022-12-26 20:00:00,591,Tiruchirappalli,0.5,-1.3496666666666668
2022-12-27 04:00:00,591,Tiruchirappalli,0.5,-1.301
2022-12-27 09:00:00,591,Tiruchirappalli,1.5,-1.301
2022-12-27 11:00:00,591,Tiruchirappalli,1.5,-1.315
2022-12-27 12:00:00,591,Tiruchirappalli,1.5,-1.315
2022-12-27 13:00:00,591,Tiruchirappalli,3.5,-1.315
2022-12-27 14:00:00,591,Tiruchirappalli,5.5,-1.315
2022-12-27 15:00:00,591,Tiruchirappalli,0.5,-1.315
2022-12-27 16:00:00,591,Tiruchirappalli,4.75,-1.4030000000000002
2022-12-27 17:00:00,591,Tiruchirappalli,0.5,-1.4030000000000002
2022-12-27 21:00:00,591,Tiruchirappalli,6.0,-1.4030000000000002
2022-12-28 02:00:00,591,Tiruchirappalli,1.5,-1.3333333333333333
2022-12-28 03:00:00,591,Tiruchirappalli,0.5,-1.3333333333333333
2023-01-05 12:00:00,591,Tiruchirappalli,0.5,-1.8096666666666668
2023-01-09 09:00:00,591,Tiruchirappalli,5.5,-1.509
2023-01-30 12:00:00,591,Tiruchirappalli,1.0,-2.1026666666666665
2023-01-30 17:00:00,591,Tiruchirappalli,2.5,-2.383
2023-01-30 18:00:00,591,Tiruchirappalli,1.75,-2.383
2023-01-30 19:00:00,591,Tiruchirappalli,0.75,-2.383
2023-01-30 20:00:00,591,Tiruchirappalli,2.5,-2.383
2023-01-30 21:00:00,591,Tiruchirappalli,1.5,-2.383
2023-01-30 22:00:00,591,Tiruchirappalli,10.0,-2.32875
2023-01-30 23:00:00,591,Tiruchirappalli,2.0,-2.32875
2023-01-31 00:00:00,591,Tiruchirappalli,3.0,-2.32875
2023-02-02 09:00:00,591,Tiruchirappalli,0.6666666666666666,-2.36325
2023-02-02 10:00:00,591,Tiruchirappalli,1.2,-2.3325
2023-02-02 11:00:00,591,Tiruchirappalli,2.75,-2.3325
2023-02-02 12:00:00,591,Tiruchirappalli,0.5,-2.3325
2023-02-02 13:00:00,591,Tiruchirappalli,0.6666666666666666,-2.3325
2023-02-02 14:00:00,591,Tiruchirappalli,2.833333333333333,-2.3325
2023-02-02 17:00:00,591,Tiruchirappalli,0.6666666666666666,-2.3115
2023-02-02 18:00:00,591,Tiruchirappalli,1.0,-2.3115
2023-02-02 19:00:00,591,Tiruchirappalli,0.75,-2.3115
2023-02-02 20:00:00,591,Tiruchirappalli,0.5,-2.3115
2023-02-02 21:00:00,591,Tiruchirappalli,0.5,-2.3115
2023-02-03 01:00:00,591,Tiruchirappalli,0.5,-2.29675
2023-02-03 03:00:00,591,Tiruchirappalli,0.5,-2.29675
2023-02-03 10:00:00,591,Tiruchirappalli,0.5,-2.314
2023-02-03 11:00:00,591,Tiruchirappalli,0.5,-2.314
2023-02-03 13:00:00,591,Tiruchirappalli,0.5,-2.314
2023-02-03 15:00:00,591,Tiruchirappalli,0.5,-2.314
2023-02-03 16:00:00,591,Tiruchirappalli,5.5,-2.28475
2023-02-03 17:00:00,591,Tiruchirappalli,1.5,-2.28475
2023-02-03 18:00:00,591,Tiruchirappalli,1.5,-2.28475
2023-02-03 19:00:00,591,Tiruchirappalli,0.75,-2.28475
2023-02-03 20:00:00,591,Tiruchirappalli,1.3333333333333333,-2.28475
2023-02-04 01:00:00,591,Tiruchirappalli,0.5,-2.27925
2023-02-04 02:00:00,591,Tiruchirappalli,0.5,-2.27925
2023-02-04 05:00:00,591,Tiruchirappalli,0.75,-2.2685
2023-02-04 07:00:00,591,Tiruchirappalli,0.5,-2.2685
2023-02-04 09:00:00,591,Tiruchirappalli,0.5,-2.2685
2023-02-20 08:00:00,591,Tiruchirappalli,0.5,-2.7342500000000003
2023-02-24 08:00:00,591,Tiruchirappalli,1.5,-2.97025
2023-02-28 08:00:00,591,Tiruchirappalli,7.0,-3.11
2023-02-28 15:00:00,591,Tiruchirappalli,0.5,-3.128
2023-02-28 16:00:00,591,Tiruchirappalli,0.5,-3.4415
2023-03-18 14:00:00,591,Tiruchirappalli,6.5,-3.61725
2023-03-18 15:00:00,591,Tiruchirappalli,6.0,-3.61725
2023-03-19 18:00:00,591,Tiruchirappalli,1.5,-3.679
2023-03-19 19:00:00,591,Tiruchirappalli,16.25,-3.679
2023-03-19 20:00:00,591,Tiruchirappalli,10.666666666666666,-3.679
2023-03-19 21:00:00,591,Tiruchirappalli,3.5,-3.679
2023-03-19 22:00:00,591,Tiruchirappalli,1.0,-3.60675
2023-03-19 23:00:00,591,Tiruchirappalli,8.333333333333334,-3.60675
2023-03-20 00:00:00,591,Tiruchirappalli,1.0,-3.60675
2023-03-20 01:00:00,591,Tiruchirappalli,0.5,-3.60675
2023-03-20 04:00:00,591,Tiruchirappalli,0.5,-3.5635
2023-03-20 16:00:00,591,Tiruchirappalli,1.5,-3.60325
2023-03-20 17:00:00,591,Tiruchirappalli,1.5,-3.60325
2023-03-20 18:00:00,591,Tiruchirappalli,4.0,-3.60325
2023-03-21 21:00:00,591,Tiruchirappalli,0.5,-3.62575
2023-03-21 22:00:00,591,Tiruchirappalli,5.75,-3.6065
2023-03-29 10:25:00,591,Tiruchirappalli,7.0,-3.761
2023-03-29 11:00:00,591,Tiruchirappalli,7.0,-3.761
2023-04-01 22:00:00,591,Tiruchirappalli,3.5,-3.8615
2023-04-02 14:00:00,591,Tiruchirappalli,2.0,-3.88575
2023-04-02 18:00:00,591,Tiruchirappalli,10.0,-3.85175
2023-04-02 19:00:00,591,Tiruchirappalli,1.0,-3.85175
2023-04-02 20:00:00,591,Tiruchirappalli,0.75,-3.85175
2023-04-04 17:00:00,591,Tiruchirappalli,28.5,-3.884
2023-04-04 18:00:00,591,Tiruchirappalli,2.0,-3.884
2023-04-21 21:00:00,591,Tiruchirappalli,1.0,-5.03775
2023-04-23 19:00:00,591,Tiruchirappalli,15.75,-4.63075
2023-04-23 20:00:00,591,Tiruchirappalli,19.5,-4.63075
2023-04-23 21:00:00,591,Tiruchirappalli,11.833333333333334,-4.63075
2023-04-23 22:00:00,591,Tiruchirappalli,5.5,-4.63125
2023-04-23 23:00:00,591,Tiruchirappalli,0.625,-4.63125
2023-04-24 19:00:00,591,Tiruchirappalli,2.0,-4.898333333333333
2023-04-24 21:00:00,591,Tiruchirappalli,1.5,-4.898333333333333
2023-04-25 07:00:00,591,Tiruchirappalli,0.5,-4.63675
2023-04-25 11:00:00,591,Tiruchirappalli,0.5,-4.81675
2023-04-25 12:00:00,591,Tiruchirappalli,0.5,-4.81675
2023-04-25 13:00:00,591,Tiruchirappalli,2.5,-4.81675
2023-04-25 16:00:00,591,Tiruchirappalli,0.75,-5.251250000000001
2023-04-26 12:00:00,591,Tiruchirappalli,2.0,-4.90325
2023-04-26 14:00:00,591,Tiruchirappalli,3.5,-4.90325
2023-04-26 17:00:00,591,Tiruchirappalli,17.0,-4.60975
2023-04-26 18:00:00,591,Tiruchirappalli,1.5,-4.60975
2023-04-27 16:00:00,591,Tiruchirappalli,14.0,-4.667
2023-04-27 17:00:00,591,Tiruchirappalli,3.0,-4.667
2023-04-27 18:00:00,591,Tiruchirappalli,1.5,-4.667
2023-04-27 19:00:00,591,Tiruchirappalli,1.5,-4.667
2023-04-27 20:00:00,591,Tiruchirappalli,0.5,-4.667
2023-04-27 21:00:00,591,Tiruchirappalli,1.0,-4.667
2023-04-27 22:00:00,591,Tiruchirappalli,0.5,-4.58175
2023-04-28 00:00:00,591,Tiruchirappalli,0.5,-4.58175
2023-04-28 02:00:00,591,Tiruchirappalli,0.5,-4.58175
2023-04-28 06:00:00,591,Tiruchirappalli,0.5,-4.765000000000001
2023-04-28 12:00:00,591,Tiruchirappalli,0.5,-4.61325
2023-04-28 13:00:00,591,Tiruchirappalli,1.5,-4.61325
2023-04-28 14:00:00,591,Tiruchirappalli,0.5,-4.61325
2023-04-28 20:00:00,591,Tiruchirappalli,0.5,-4.61625
2023-04-29 12:00:00,591,Tiruchirappalli,1.0,-4.41975
2023-04-29 13:00:00,591,Tiruchirappalli,0.5,-4.41975
2023-04-29 16:00:00,591,Tiruchirappalli,0.5,-4.566666666666666
2023-04-29 22:00:00,591,Tiruchirappalli,0.5,-4.467666666666667
2023-04-30 11:00:00,591,Tiruchirappalli,0.5,-4.671333333333333
2023-04-30 15:00:00,591,Tiruchirappalli,4.0,-4.671333333333333
2023-04-30 16:00:00,591,Tiruchirappalli,1.5,-4.77
2023-05-01 11:00:00,591,Tiruchirappalli,0.5,-4.66675
2023-05-01 12:00:00,591,Tiruchirappalli,2.0,-4.66675
2023-05-01 16:00:00,591,Tiruchirappalli,12.0,-4.576
2023-05-01 17:00:00,591,Tiruchirappalli,0.5,-4.576
2023-05-01 20:00:00,591,Tiruchirappalli,0.5,-4.576
2023-05-01 21:00:00,591,Tiruchirappalli,0.5,-4.576
2023-05-02 00:00:00,591,Tiruchirappalli,3.25,-4.2975
2023-05-02 01:00:00,591,Tiruchirappalli,21.0,-4.2975
2023-05-02 02:00:00,591,Tiruchirappalli,2.5,-4.2975
2023-05-02 03:00:00,591,Tiruchirappalli,1.0,-4.2975
2023-05-02 04:00:00,591,Tiruchirappalli,4.125,-4.22125
2023-05-02 05:00:00,591,Tiruchirappalli,4.7,-4.22125
2023-05-02 06:00:00,591,Tiruchirappalli,1.25,-4.22125
2023-05-02 07:00:00,591,Tiruchirappalli,0.5,-4.22125
2023-05-02 08:00:00,591,Tiruchirappalli,0.5,-4.22125
2023-05-02 09:00:00,591,Tiruchirappalli,0.5,-4.22125
2023-05-02 18:00:00,591,Tiruchirappalli,0.5,-4.0625
2023-05-02 22:00:00,591,Tiruchirappalli,2.0,-4.046250000000001
2023-05-02 23:00:00,591,Tiruchirappalli,0.5,-4.046250000000001
2023-05-03 10:00:00,591,Tiruchirappalli,0.5,-4.31575
2023-05-03 15:00:00,591,Tiruchirappalli,0.5,-4.31575
2023-05-03 19:00:00,591,Tiruchirappalli,2.5,-4.038
2023-05-03 20:00:00,591,Tiruchirappalli,1.6666666666666667,-4.038
2023-05-03 21:00:00,591,Tiruchirappalli,1.5,-4.038
2023-05-03 22:00:00,591,Tiruchirappalli,0.75,-3.92575
2023-05-03 23:00:00,591,Tiruchirappalli,1.375,-3.92575
2023-05-04 00:00:00,591,Tiruchirappalli,2.125,-3.92575
2023-05-04 01:00:00,591,Tiruchirappalli,0.7,-3.92575
2023-05-04 02:00:00,591,Tiruchirappalli,0.5,-3.92575
2023-05-04 16:00:00,591,Tiruchirappalli,1.0,-4.16175
2023-05-04 17:00:00,591,Tiruchirappalli,1.0,-4.16175
2023-05-04 18:00:00,591,Tiruchirappalli,18.0,-4.16175
2023-05-04 19:00:00,591,Tiruchirappalli,2.5,-4.16175
2023-05-04 20:00:00,591,Tiruchirappalli,0.5,-4.16175
2023-05-04 21:00:00,591,Tiruchirappalli,1.0,-4.16175
2023-05-04 22:00:00,591,Tiruchirappalli,2.333333333333333,-3.79475
2023-05-04 23:00:00,591,Tiruchirappalli,1.8333333333333333,-3.79475
2023-05-05 00:00:00,591,Tiruchirappalli,1.0,-3.79475
2023-05-05 03:00:00,591,Tiruchirappalli,0.5,-3.79475
2023-05-05 15:00:00,591,Tiruchirappalli,0.5,-3.98775
2023-05-05 16:00:00,591,Tiruchirappalli,1.5,-3.6945
2023-05-05 17:00:00,591,Tiruchirappalli,0.75,-3.6945
2023-05-05 18:00:00,591,Tiruchirappalli,0.5,-3.6945
2023-05-06 12:00:00,591,Tiruchirappalli,0.5,-4.6905
2023-05-06 15:00:00,591,Tiruchirappalli,1.0,-4.6905
2023-05-06 16:00:00,591,Tiruchirappalli,31.5,-3.78525
2023-05-06 17:00:00,591,Tiruchirappalli,1.75,-3.78525
2023-05-06 22:00:00,591,Tiruchirappalli,8.0,-3.64275
2023-05-06 23:00:00,591,Tiruchirappalli,7.833333333333333,-3.64275
2023-05-07 00:00:00,591,Tiruchirappalli,0.75,-3.64275
2023-05-07 01:00:00,591,Tiruchirappalli,0.5,-3.64275
2023-05-07 02:00:00,591,Tiruchirappalli,0.5,-3.64275
2023-05-07 03:00:00,591,Tiruchirappalli,0.5,-3.64275
2023-05-07 10:00:00,591,Tiruchirappalli,0.5,-3.57425
2023-05-07 22:00:00,591,Tiruchirappalli,6.75,-3.55425
2023-05-07 23:00:00,591,Tiruchirappalli,7.5,-3.55425
2023-05-08 00:00:00,591,Tiruchirappalli,1.75,-3.55425
2023-05-08 01:00:00,591,Tiruchirappalli,0.5,-3.55425
2023-05-08 08:00:00,591,Tiruchirappalli,0.5,-3.566
2023-05-08 09:00:00,591,Tiruchirappalli,0.5,-3.566
2023-05-08 10:00:00,591,Tiruchirappalli,0.5,-3.74525
2023-05-08 18:00:00,591,Tiruchirappalli,36.5,-3.55475
2023-05-08 19:00:00,591,Tiruchirappalli,1.5,-3.55475
2023-05-09 06:00:00,591,Tiruchirappalli,0.5,-3.83475
2023-05-09 18:00:00,591,Tiruchirappalli,5.75,-3.83975
2023-05-09 19:00:00,591,Tiruchirappalli,2.5,-3.83975
2023-05-09 20:00:00,591,Tiruchirappalli,1.0,-3.83975
2023-05-10 03:00:00,591,Tiruchirappalli,0.5,-3.515
2023-05-10 21:00:00,591,Tiruchirappalli,0.5,-3.77825
2023-05-11 13:00:00,591,Tiruchirappalli,0.5,-3.63225
2023-05-11 18:00:00,591,Tiruchirappalli,0.5,-3.81475
2023-05-11 19:00:00,591,Tiruchirappalli,7.75,-3.81475
2023-05-11 20:00:00,591,Tiruchirappalli,1.0,-3.81475
2023-05-12 11:00:00,591,Tiruchirappalli,0.5,-3.928
2023-05-13 10:00:00,591,Tiruchirappalli,0.5,-3.62375
2023-05-14 11:00:00,591,Tiruchirappalli,0.5,-3.4035
2023-05-15 16:00:00,591,Tiruchirappalli,0.5,-3.175666666666667
2023-05-16 15:00:00,591,Tiruchirappalli,0.5,-3.28
2023-05-17 02:00:00,591,Tiruchirappalli,2.0,-4.017
2023-05-17 03:00:00,591,Tiruchirappalli,0.5,-4.017
2023-05-17 19:00:00,591,Tiruchirappalli,0.5,-4.017
2023-05-18 03:00:00,591,Tiruchirappalli,1.0,-4.0
2023-05-19 03:00:00,591,Tiruchirappalli,0.5,-3.999
2023-06-04 21:00:00,591,Tiruchirappalli,7.0,-3.97325
2023-06-05 23:00:00,591,Tiruchirappalli,4.0,-4.01225
2023-06-06 00:00:00,591,Tiruchirappalli,0.75,-4.01225
2023-06-12 16:00:00,591,Tiruchirappalli,7.0,-4.4365000000000006
2023-06-13 19:00:00,591,Tiruchirappalli,1.5,-4.46
2023-06-13 21:00:00,591,Tiruchirappalli,1.5,-4.46
2023-06-13 22:00:00,591,Tiruchirappalli,2.5,-4.43
2023-06-20 04:00:00,591,Tiruchirappalli,2.0,-4.515
2023-06-20 20:00:00,591,Tiruchirappalli,4.5,-4.636666666666667
2023-06-20 21:00:00,591,Tiruchirappalli,0.5,-4.636666666666667
2023-06-21 18:00:00,591,Tiruchirappalli,0.5,-4.4896666666666665
2023-06-21 19:00:00,591,Tiruchirappalli,3.5,-4.4896666666666665
2023-06-21 20:00:00,591,Tiruchirappalli,1.0,-4.4896666666666665
2023-06-21 21:00:00,591,Tiruchirappalli,0.5,-4.4896666666666665
2023-06-21 22:00:00,591,Tiruchirappalli,0.5,-4.328666666666667
2023-06-22 15:00:00,591,Tiruchirappalli,2.0,-3.66125
2023-06-25 20:00:00,591,Tiruchirappalli,2.5,-4.1885
2023-06-25 21:00:00,591,Tiruchirappalli,2.5,-4.1885
2023-06-25 22:00:00,591,Tiruchirappalli,1.5,-4.195
2023-06-25 23:00:00,591,Tiruchirappalli,0.5,-4.195
2023-06-26 00:00:00,591,Tiruchirappalli,0.5,-4.195
2023-06-26 03:00:00,591,Tiruchirappalli,0.5,-4.195
2023-06-26 07:00:00,591,Tiruchirappalli,0.5,-4.12225
2023-06-26 12:00:00,591,Tiruchirappalli,0.5,-4.2017500000000005
2023-06-26 21:00:00,591,Tiruchirappalli,0.5,-4.1885
2023-06-27 10:00:00,591,Tiruchirappalli,0.5,-4.843249999999999
2023-06-28 23:00:00,591,Tiruchirappalli,0.5,-4.33725
2023-07-05 02:00:00,591,Tiruchirappalli,1.0,-4.435333333333333
2023-07-05 03:00:00,591,Tiruchirappalli,4.0,-4.435333333333333
2023-07-05 04:00:00,591,Tiruchirappalli,1.5,-4.41
2023-07-05 10:00:00,591,Tiruchirappalli,0.5,-4.407333333333333
2023-07-05 20:00:00,591,Tiruchirappalli,2.0,-4.417666666666666
2023-07-08 17:00:00,591,Tiruchirappalli,1.5,-4.582999999999999
2023-07-08 18:00:00,591,Tiruchirappalli,1.0,-4.582999999999999
2023-07-09 22:00:00,591,Tiruchirappalli,0.75,-4.591666666666666
2023-07-09 23:00:00,591,Tiruchirappalli,0.75,-4.591666666666666
2023-07-10 00:00:00,591,Tiruchirappalli,0.5,-4.591666666666666
2023-07-10 01:00:00,591,Tiruchirappalli,0.5,-4.591666666666666
2023-07-10 02:00:00,591,Tiruchirappalli,0.5,-4.591666666666666
2023-07-10 07:00:00,591,Tiruchirappalli,0.5,-4.584666666666666
2023-07-10 15:00:00,591,Tiruchirappalli,1.0,-4.629333333333333
2023-07-10 16:00:00,591,Tiruchirappalli,2.5,-4.57
2023-07-10 17:00:00,591,Tiruchirappalli,1.0,-4.57
2023-07-10 18:00:00,591,Tiruchirappalli,0.5,-4.57
2023-07-10 20:00:00,591,Tiruchirappalli,3.0,-4.57
2023-07-10 21:00:00,591,Tiruchirappalli,13.5,-4.57
2023-07-10 22:00:00,591,Tiruchirappalli,0.75,-4.5696666666666665
2023-07-10 23:00:00,591,Tiruchirappalli,0.5,-4.5696666666666665
2023-07-11 00:00:00,591,Tiruchirappalli,1.0,-4.5696666666666665
2023-07-11 01:00:00,591,Tiruchirappalli,1.5,-4.5696666666666665
2023-07-11 02:00:00,591,Tiruchirappalli,0.5,-4.5696666666666665
2023-07-11 04:00:00,591,Tiruchirappalli,0.5,-4.5520000000000005
2023-07-11 11:00:00,591,Tiruchirappalli,0.5,-4.575
2023-07-12 07:00:00,591,Tiruchirappalli,0.5,-4.520666666666667
2023-07-13 04:00:00,591,Tiruchirappalli,0.5,-4.492
2023-07-15 03:00:00,591,Tiruchirappalli,0.5,-4.538666666666667
2023-07-23 16:00:00,591,Tiruchirappalli,0.5,-4.835333333333334
2023-07-23 17:00:00,591,Tiruchirappalli,2.5,-4.835333333333334
2023-07-23 21:00:00,591,Tiruchirappalli,0.5,-4.835333333333334
2023-07-24 00:00:00,591,Tiruchirappalli,0.5,-4.8276666666666666
2023-07-24 01:00:00,591,Tiruchirappalli,0.75,-4.8276666666666666
2023-07-24 02:00:00,591,Tiruchirappalli,0.5,-4.8276666666666666
2023-07-24 03:00:00,591,Tiruchirappalli,0.5,-4.8276666666666666
2023-07-24 04:00:00,591,Tiruchirappalli,1.0,-4.816
2023-07-24 05:00:00,591,Tiruchirappalli,0.5,-4.816
2023-07-24 10:00:00,591,Tiruchirappalli,0.5,-4.839333333333333
2023-07-24 18:00:00,591,Tiruchirappalli,1.0,-5.093
2023-07-24 19:00:00,591,Tiruchirappalli,0.5,-5.093
2023-07-24 22:00:00,591,Tiruchirappalli,0.5,-4.961666666666667
2023-07-24 23:00:00,591,Tiruchirappalli,0.5,-4.961666666666667
2023-07-25 02:00:00,591,Tiruchirappalli,0.5,-4.961666666666667
2023-07-25 03:00:00,591,Tiruchirappalli,0.5,-4.961666666666667
2023-07-25 04:00:00,591,Tiruchirappalli,0.5,-4.835333333333334
2023-07-25 05:00:00,591,Tiruchirappalli,0.5,-4.835333333333334
2023-07-25 07:00:00,591,Tiruchirappalli,0.5,-4.835333333333334
2023-07-25 17:00:00,591,Tiruchirappalli,2.0,-4.89
2023-07-25 22:00:00,591,Tiruchirappalli,0.5,-4.848333333333334
2023-08-04 18:00:00,591,Tiruchirappalli,0.5,-5.3823333333333325
2023-08-09 21:00:00,591,Tiruchirappalli,2.0,-5.852333333333334
2023-08-09 22:00:00,591,Tiruchirappalli,13.666666666666666,-5.863666666666667
2023-08-09 23:00:00,591,Tiruchirappalli,11.333333333333334,-5.863666666666667
2023-08-10 00:00:00,591,Tiruchirappalli,5.25,-5.863666666666667
2023-08-10 01:00:00,591,Tiruchirappalli,13.5,-5.863666666666667
2023-08-10 02:00:00,591,Tiruchirappalli,10.5,-5.863666666666667
2023-08-10 03:00:00,591,Tiruchirappalli,1.0,-5.863666666666667
2023-08-10 04:00:00,591,Tiruchirappalli,2.0,-5.783666666666666
2023-08-10 05:00:00,591,Tiruchirappalli,1.0,-5.783666666666666
2023-08-10 06:00:00,591,Tiruchirappalli,0.5,-5.783666666666666
2023-08-10 07:00:00,591,Tiruchirappalli,0.5,-5.783666666666666
2023-08-10 08:00:00,591,Tiruchirappalli,0.5,-5.783666666666666
2023-08-10 10:00:00,591,Tiruchirappalli,0.5,-5.920333333333333
2023-08-10 18:00:00,591,Tiruchirappalli,7.75,-5.852333333333334
2023-08-10 19:00:00,591,Tiruchirappalli,3.5,-5.852333333333334
2023-08-10 20:00:00,591,Tiruchirappalli,4.0,-5.852333333333334
2023-08-10 21:00:00,591,Tiruchirappalli,1.5,-5.852333333333334
2023-08-10 22:00:00,591,Tiruchirappalli,1.0,-5.818333333333334
2023-08-10 23:00:00,591,Tiruchirappalli,0.5,-5.818333333333334
2023-08-11 00:00:00,591,Tiruchirappalli,0.5,-5.818333333333334
2023-08-11 01:00:00,591,Tiruchirappalli,0.5,-5.818333333333334
2023-08-11 03:00:00,591,Tiruchirappalli,0.5,-5.818333333333334
2023-08-11 05:00:00,591,Tiruchirappalli,0.5,-5.813666666666666
2023-08-11 08:00:00,591,Tiruchirappalli,0.5,-5.813666666666666
2023-08-11 10:00:00,591,Tiruchirappalli,0.5,-5.922999999999999
2023-08-11 13:00:00,591,Tiruchirappalli,0.5,-5.922999999999999
2023-08-11 15:00:00,591,Tiruchirappalli,1.5,-5.922999999999999
2023-08-11 16:00:00,591,Tiruchirappalli,2.0,-6.741666666666666
2023-08-11 18:00:00,591,Tiruchirappalli,0.5,-6.741666666666666
2023-08-11 19:00:00,591,Tiruchirappalli,14.5,-6.741666666666666
2023-08-11 20:00:00,591,Tiruchirappalli,19.5,-6.741666666666666
2023-08-11 21:00:00,591,Tiruchirappalli,8.25,-6.741666666666666
2023-08-11 22:00:00,591,Tiruchirappalli,4.666666666666667,-6.052666666666667
2023-08-11 23:00:00,591,Tiruchirappalli,1.0,-6.052666666666667
2023-08-12 00:00:00,591,Tiruchirappalli,0.75,-6.052666666666667
2023-08-12 01:00:00,591,Tiruchirappalli,15.666666666666666,-6.052666666666667
2023-08-12 02:00:00,591,Tiruchirappalli,0.75,-6.052666666666667
2023-08-12 03:00:00,591,Tiruchirappalli,0.8333333333333334,-6.052666666666667
2023-08-12 04:00:00,591,Tiruchirappalli,391.8333333333333,-5.933
2023-08-12 06:00:00,591,Tiruchirappalli,0.5,-5.933
2023-08-12 14:00:00,591,Tiruchirappalli,7.0,-5.7523333333333335
2023-08-12 17:00:00,591,Tiruchirappalli,0.5,-5.7090000000000005
2023-08-12 23:00:00,591,Tiruchirappalli,0.5,-5.7043333333333335
2023-08-13 01:00:00,591,Tiruchirappalli,5.0,-5.7043333333333335
2023-08-13 02:00:00,591,Tiruchirappalli,0.5,-5.7043333333333335
2023-08-13 17:00:00,591,Tiruchirappalli,0.5,-6.516666666666666
2023-08-14 19:00:00,591,Tiruchirappalli,0.5,-6.2956666666666665
2023-08-14 22:00:00,591,Tiruchirappalli,4.0,-6.2796666666666665
2023-08-15 21:00:00,591,Tiruchirappalli,0.5,-5.910999999999999
2023-08-15 22:00:00,591,Tiruchirappalli,2.0,-5.678333333333334
2023-08-16 11:00:00,591,Tiruchirappalli,0.5,-5.677333333333333
2023-08-16 12:00:00,591,Tiruchirappalli,0.5,-5.677333333333333
2023-08-18 11:00:00,591,Tiruchirappalli,0.5,-5.989333333333334
2023-08-22 01:00:00,591,Tiruchirappalli,0.5,-6.176666666666667
2023-08-22 02:00:00,591,Tiruchirappalli,0.75,-6.176666666666667
2023-08-22 03:00:00,591,Tiruchirappalli,0.5,-6.176666666666667
2023-08-22 04:00:00,591,Tiruchirappalli,0.5,-6.184333333333334
2023-08-22 05:00:00,591,Tiruchirappalli,0.5,-6.184333333333334
2023-08-22 06:00:00,591,Tiruchirappalli,0.5,-6.184333333333334
2023-08-22 21:00:00,591,Tiruchirappalli,15.5,-6.033333333333334
2023-08-22 22:00:00,591,Tiruchirappalli,12.0,-5.891000000000001
2023-08-22 23:00:00,591,Tiruchirappalli,1.5,-5.891000000000001
2023-08-23 00:00:00,591,Tiruchirappalli,1.0,-5.891000000000001
2023-08-23 01:00:00,591,Tiruchirappalli,1.0,-5.891000000000001
2023-08-23 02:00:00,591,Tiruchirappalli,0.5,-5.891000000000001
2023-08-23 03:00:00,591,Tiruchirappalli,0.5,-5.891000000000001
2023-08-23 07:00:00,591,Tiruchirappalli,0.5,-5.867333333333334
2023-08-23 11:00:00,591,Tiruchirappalli,0.5,-5.834
2023-08-23 18:00:00,591,Tiruchirappalli,0.5,-5.777666666666666
2023-08-23 23:00:00,591,Tiruchirappalli,0.5,-5.639
2023-08-24 02:00:00,591,Tiruchirappalli,0.5,-5.639
2023-08-24 18:00:00,591,Tiruchirappalli,0.5,-5.596666666666667
2023-08-25 17:00:00,591,Tiruchirappalli,0.5,-5.5953333333333335
2023-08-26 19:00:00,591,Tiruchirappalli,7.0,-5.789000000000001
2023-08-26 22:00:00,591,Tiruchirappalli,0.5,-5.754
2023-08-27 07:00:00,591,Tiruchirappalli,0.5,-5.626666666666666
2023-08-28 22:00:00,591,Tiruchirappalli,0.5,-6.05
2023-08-29 17:00:00,591,Tiruchirappalli,27.5,-6.101333333333334
2023-08-29 18:00:00,591,Tiruchirappalli,9.5,-6.101333333333334
2023-08-29 19:00:00,591,Tiruchirappalli,5.0,-6.101333333333334
2023-08-29 20:00:00,591,Tiruchirappalli,1.5,-6.101333333333334
2023-08-29 21:00:00,591,Tiruchirappalli,7.583333333333333,-6.101333333333334
2023-08-29 22:00:00,591,Tiruchirappalli,5.6,-5.79
2023-08-29 23:00:00,591,Tiruchirappalli,4.9,-5.79
2023-08-30 00:00:00,591,Tiruchirappalli,1.8,-5.79
2023-08-30 01:00:00,591,Tiruchirappalli,0.75,-5.79
2023-08-30 04:00:00,591,Tiruchirappalli,0.5,-5.7316666666666665
2023-08-30 15:00:00,591,Tiruchirappalli,0.5,-5.853000000000001
2023-08-30 23:00:00,591,Tiruchirappalli,4.333333333333333,-5.647666666666667
2023-08-31 00:00:00,591,Tiruchirappalli,12.5,-5.647666666666667
2023-08-31 01:00:00,591,Tiruchirappalli,1.25,-5.647666666666667
2023-08-31 02:00:00,591,Tiruchirappalli,0.5,-5.647666666666667
2023-08-31 18:00:00,591,Tiruchirappalli,0.5,-5.492999999999999
2023-08-31 20:00:00,591,Tiruchirappalli,6.0,-5.492999999999999
2023-08-31 21:00:00,591,Tiruchirappalli,13.5,-5.492999999999999
2023-08-31 22:00:00,591,Tiruchirappalli,3.25,-5.457333333333334
2023-08-31 23:00:00,591,Tiruchirappalli,2.7,-5.457333333333334
2023-09-01 00:00:00,591,Tiruchirappalli,1.3333333333333333,-5.457333333333334
2023-09-01 01:00:00,591,Tiruchirappalli,1.5,-5.457333333333334
2023-09-01 02:00:00,591,Tiruchirappalli,0.5,-5.457333333333334
2023-09-01 06:00:00,591,Tiruchirappalli,0.5,-5.353000000000001
2023-09-01 10:00:00,591,Tiruchirappalli,0.5,-5.452333333333333
2023-09-01 11:00:00,591,Tiruchirappalli,1.0,-5.452333333333333
2023-09-01 12:00:00,591,Tiruchirappalli,0.5,-5.452333333333333
2023-09-01 14:00:00,591,Tiruchirappalli,1.0,-5.452333333333333
2023-09-01 15:00:00,591,Tiruchirappalli,2.5,-5.452333333333333
2023-09-01 16:00:00,591,Tiruchirappalli,0.5,-5.445333333333333
2023-09-01 17:00:00,591,Tiruchirappalli,0.5,-5.445333333333333
2023-09-01 18:00:00,591,Tiruchirappalli,0.5,-5.445333333333333
2023-09-01 20:00:00,591,Tiruchirappalli,0.5,-5.445333333333333
2023-09-01 23:00:00,591,Tiruchirappalli,1.0,-5.313
2023-09-02 00:00:00,591,Tiruchirappalli,1.5,-5.313
2023-09-02 01:00:00,591,Tiruchirappalli,1.25,-5.313
2023-09-02 02:00:00,591,Tiruchirappalli,1.0,-5.313
2023-09-02 04:00:00,591,Tiruchirappalli,0.5,-2.98
2023-09-02 06:00:00,591,Tiruchirappalli,0.5,-2.98
2023-09-02 07:00:00,591,Tiruchirappalli,0.5,-2.98
2023-09-02 09:00:00,591,Tiruchirappalli,0.5,-2.98
2023-09-02 12:00:00,591,Tiruchirappalli,0.5,-2.972
2023-09-02 14:00:00,591,Tiruchirappalli,1.0,-2.972
2023-09-02 16:00:00,591,Tiruchirappalli,0.5,-5.330666666666667
2023-09-02 17:00:00,591,Tiruchirappalli,0.5,-5.330666666666667
2023-09-02 18:00:00,591,Tiruchirappalli,3.5,-5.330666666666667
2023-09-02 19:00:00,591,Tiruchirappalli,1.5,-5.330666666666667
2023-09-02 20:00:00,591,Tiruchirappalli,4.25,-5.330666666666667
2023-09-02 21:00:00,591,Tiruchirappalli,0.75,-5.330666666666667
2023-09-02 22:00:00,591,Tiruchirappalli,0.5,-5.170333333333333
2023-09-02 23:00:00,591,Tiruchirappalli,0.5,-5.170333333333333
2023-09-03 08:00:00,591,Tiruchirappalli,1.25,-5.115
2023-09-03 09:00:00,591,Tiruchirappalli,22.0,-5.115
2023-09-03 10:00:00,591,Tiruchirappalli,55.5,-5.103666666666666
2023-09-03 11:00:00,591,Tiruchirappalli,682.5,-5.103666666666666
2023-09-03 12:00:00,591,Tiruchirappalli,148.5,-5.103666666666666
2023-09-03 18:00:00,591,Tiruchirappalli,3.0,-5.072333333333333
2023-09-03 22:00:00,591,Tiruchirappalli,1.0,-5.087
2023-09-03 23:00:00,591,Tiruchirappalli,0.5,-5.087
2023-09-04 14:00:00,591,Tiruchirappalli,0.5,-5.138
2023-09-05 10:00:00,591,Tiruchirappalli,0.5,-5.007666666666666
2023-09-06 04:00:00,591,Tiruchirappalli,0.5,-4.8886666666666665
2023-09-06 18:00:00,591,Tiruchirappalli,3.5,-4.914
2023-09-06 19:00:00,591,Tiruchirappalli,4.25,-4.914
2023-09-06 20:00:00,591,Tiruchirappalli,2.25,-4.914
2023-09-06 21:00:00,591,Tiruchirappalli,0.5,-4.914
2023-09-07 00:00:00,591,Tiruchirappalli,0.5,-4.868
2023-09-07 13:00:00,591,Tiruchirappalli,26.5,-5.469666666666666
2023-09-07 17:00:00,591,Tiruchirappalli,2.0,-5.010666666666666
2023-09-07 18:00:00,591,Tiruchirappalli,3.375,-5.010666666666666
2023-09-07 19:00:00,591,Tiruchirappalli,2.0,-5.010666666666666
2023-09-07 20:00:00,591,Tiruchirappalli,1.0,-5.010666666666666
2023-09-07 22:00:00,591,Tiruchirappalli,0.5,-5.071666666666666
2023-09-07 23:00:00,591,Tiruchirappalli,0.5,-5.071666666666666
2023-09-08 00:00:00,591,Tiruchirappalli,0.5,-5.071666666666666
2023-09-08 03:00:00,591,Tiruchirappalli,1.5,-5.071666666666666
2023-09-08 15:00:00,591,Tiruchirappalli,15.0,-4.953
2023-09-08 16:00:00,591,Tiruchirappalli,7.5,-5.009666666666667
2023-09-09 19:00:00,591,Tiruchirappalli,8.5,-5.130333333333334
2023-09-09 20:00:00,591,Tiruchirappalli,2.25,-5.130333333333334
2023-09-09 21:00:00,591,Tiruchirappalli,4.0,-5.130333333333334
2023-09-09 22:00:00,591,Tiruchirappalli,1.1666666666666667,-5.268666666666667
2023-09-09 23:00:00,591,Tiruchirappalli,4.0,-5.268666666666667
2023-09-10 00:00:00,591,Tiruchirappalli,0.5,-5.268666666666667
2023-09-10 01:00:00,591,Tiruchirappalli,0.5,-5.268666666666667
2023-09-11 19:00:00,591,Tiruchirappalli,1.5,-5.228666666666666
2023-09-11 20:00:00,591,Tiruchirappalli,1.5,-5.228666666666666
2023-09-11 23:00:00,591,Tiruchirappalli,0.5,-5.239333333333334
2023-09-12 19:00:00,591,Tiruchirappalli,3.5,-5.351
2023-09-12 23:00:00,591,Tiruchirappalli,0.5,-5.379333333333332
2023-09-13 20:00:00,591,Tiruchirappalli,1.25,-5.276666666666666
2023-09-14 16:00:00,591,Tiruchirappalli,10.0,-6.170000000000001
2023-09-15 17:00:00,591,Tiruchirappalli,1.0,-5.468
2023-09-16 16:00:00,591,Tiruchirappalli,1.0,-6.114333333333334
2023-09-16 23:00:00,591,Tiruchirappalli,1.75,-5.583666666666667
2023-09-17 16:00:00,591,Tiruchirappalli,2.0,-6.44
2023-09-17 19:00:00,591,Tiruchirappalli,3.25,-6.44
2023-09-17 20:00:00,591,Tiruchirappalli,7.416666666666667,-6.44
2023-09-17 21:00:00,591,Tiruchirappalli,4.4,-6.44
2023-09-17 22:00:00,591,Tiruchirappalli,1.2,-5.634666666666667
2023-09-17 23:00:00,591,Tiruchirappalli,0.9,-5.634666666666667
2023-09-18 00:00:00,591,Tiruchirappalli,0.8333333333333334,-5.634666666666667
2023-09-18 01:00:00,591,Tiruchirappalli,0.5,-5.634666666666667
2023-09-18 12:00:00,591,Tiruchirappalli,0.5,-5.398333333333333
2023-09-18 15:00:00,591,Tiruchirappalli,10.0,-5.398333333333333
2023-09-18 17:00:00,591,Tiruchirappalli,4.25,-5.298666666666667
2023-09-18 18:00:00,591,Tiruchirappalli,2.5,-5.298666666666667
2023-09-18 19:00:00,591,Tiruchirappalli,4.5,-5.298666666666667
2023-09-18 20:00:00,591,Tiruchirappalli,0.75,-5.298666666666667
2023-09-18 21:00:00,591,Tiruchirappalli,0.5,-5.298666666666667
2023-09-18 22:00:00,591,Tiruchirappalli,1.0,-5.2316666666666665
2023-09-18 23:00:00,591,Tiruchirappalli,1.5,-5.2316666666666665
2023-09-19 04:00:00,591,Tiruchirappalli,0.5,-5.2043333333333335
2023-09-19 16:00:00,591,Tiruchirappalli,2.0,-5.289000000000001
2023-09-19 18:00:00,591,Tiruchirappalli,1.5,-5.289000000000001
2023-09-19 19:00:00,591,Tiruchirappalli,4.5,-5.289000000000001
2023-09-19 20:00:00,591,Tiruchirappalli,6.3,-5.289000000000001
2023-09-19 21:00:00,591,Tiruchirappalli,2.75,-5.289000000000001
2023-09-19 22:00:00,591,Tiruchirappalli,3.5,-5.210666666666667
2023-09-19 23:00:00,591,Tiruchirappalli,0.5,-5.210666666666667
2023-09-20 03:00:00,591,Tiruchirappalli,0.5,-5.210666666666667
2023-09-21 00:00:00,591,Tiruchirappalli,0.5,-5.431666666666668
2023-09-21 01:00:00,591,Tiruchirappalli,0.5,-5.431666666666668
2023-09-21 17:00:00,591,Tiruchirappalli,1.0,-5.876666666666668
2023-09-21 18:00:00,591,Tiruchirappalli,1.5,-5.876666666666668
2023-09-21 21:00:00,591,Tiruchirappalli,0.5,-5.876666666666668
2023-09-21 22:00:00,591,Tiruchirappalli,0.5,-5.517333333333333
2023-09-21 23:00:00,591,Tiruchirappalli,0.5,-5.517333333333333
2023-09-22 00:00:00,591,Tiruchirappalli,3.0,-5.517333333333333
2023-09-22 14:00:00,591,Tiruchirappalli,21.0,-5.565333333333334
2023-09-22 20:25:00,591,Tiruchirappalli,0.5,-5.885666666666666
2023-09-22 20:30:00,591,Tiruchirappalli,1.0,-5.885666666666666
2023-09-22 20:35:00,591,Tiruchirappalli,1.0,-5.885666666666666
2023-09-22 20:40:00,591,Tiruchirappalli,1.0,-5.885666666666666
2023-09-22 20:45:00,591,Tiruchirappalli,1.0,-5.885666666666666
2023-09-22 20:50:00,591,Tiruchirappalli,1.0,-5.885666666666666
2023-09-22 20:55:00,591,Tiruchirappalli,1.0,-5.885666666666666
2023-09-22 21:00:00,591,Tiruchirappalli,1.0,-5.885666666666666
2023-09-22 22:20:00,591,Tiruchirappalli,0.5,-5.749333333333333
2023-09-22 22:25:00,591,Tiruchirappalli,0.5,-5.749333333333333
2023-09-22 22:30:00,591,Tiruchirappalli,0.5,-5.749333333333333
2023-09-22 22:35:00,591,Tiruchirappalli,0.5,-5.749333333333333
2023-09-22 22:40:00,591,Tiruchirappalli,0.5,-5.749333333333333
2023-09-22 22:45:00,591,Tiruchirappalli,0.5,-5.749333333333333
2023-09-22 22:50:00,591,Tiruchirappalli,0.5,-5.749333333333333
2023-09-22 22:55:00,591,Tiruchirappalli,0.5,-5.749333333333333
2023-09-22 23:00:00,591,Tiruchirappalli,0.5,-5.749333333333333
2023-09-23 21:00:00,591,Tiruchirappalli,0.5,-5.516666666666667
2023-09-23 21:40:00,591,Tiruchirappalli,0.5,-5.367
2023-09-23 21:45:00,591,Tiruchirappalli,0.5,-5.367
2023-09-23 21:50:00,591,Tiruchirappalli,0.5,-5.367
2023-09-23 21:55:00,591,Tiruchirappalli,0.5,-5.367
2023-09-23 22:00:00,591,Tiruchirappalli,0.5,-5.367
2023-09-23 23:00:00,591,Tiruchirappalli,2.125,-5.367
2023-09-24 00:00:00,591,Tiruchirappalli,1.25,-5.367
2023-09-24 01:00:00,591,Tiruchirappalli,0.5,-5.367
2023-09-25 01:50:00,591,Tiruchirappalli,1.0,-5.614999999999999
2023-09-25 01:55:00,591,Tiruchirappalli,2.0,-5.614999999999999
2023-09-25 02:00:00,591,Tiruchirappalli,2.0,-5.614999999999999
2023-09-25 21:00:00,591,Tiruchirappalli,8.0,-5.3055
2023-09-25 22:00:00,591,Tiruchirappalli,9.2,-5.18725
2023-09-25 23:00:00,591,Tiruchirappalli,3.8333333333333335,-5.18725
2023-09-26 00:00:00,591,Tiruchirappalli,0.625,-5.18725
2023-09-26 01:00:00,591,Tiruchirappalli,0.5,-5.18725
2023-09-26 02:00:00,591,Tiruchirappalli,4.0,-5.18725
2023-09-26 04:00:00,591,Tiruchirappalli,0.5,-5.1305
2023-09-26 07:00:00,591,Tiruchirappalli,0.5,-5.1305
2023-09-26 20:00:00,591,Tiruchirappalli,0.5,-5.103
2023-09-26 21:00:00,591,Tiruchirappalli,0.5,-5.103
2023-09-26 22:00:00,591,Tiruchirappalli,11.0,-5.0920000000000005
2023-09-26 23:00:00,591,Tiruchirappalli,1.0,-5.0920000000000005
2023-09-27 10:00:00,591,Tiruchirappalli,0.5,-5.24025
2023-09-27 15:00:00,591,Tiruchirappalli,11.5,-5.24025
2023-09-27 20:00:00,591,Tiruchirappalli,0.5,-5.012
2023-09-27 21:00:00,591,Tiruchirappalli,1.0,-5.012
2023-09-27 22:00:00,591,Tiruchirappalli,0.5,-5.0
2023-09-28 15:00:00,591,Tiruchirappalli,0.5,-5.011
2023-09-28 16:00:00,591,Tiruchirappalli,0.5,-4.9985
2023-09-28 17:00:00,591,Tiruchirappalli,2.5,-4.9985
2023-09-28 18:00:00,591,Tiruchirappalli,5.75,-4.9985
2023-09-28 19:00:00,591,Tiruchirappalli,2.0,-4.9985
2023-09-28 21:00:00,591,Tiruchirappalli,0.5,-4.9985
2023-09-30 16:00:00,591,Tiruchirappalli,3.0,-5.47975
2023-09-30 17:00:00,591,Tiruchirappalli,28.25,-5.47975
2023-10-03 19:00:00,591,Tiruchirappalli,0.5,-5.17825
2023-10-04 22:00:00,591,Tiruchirappalli,1.0,-5.27925
2023-10-08 19:00:00,591,Tiruchirappalli,5.0,-6.721500000000001
2023-10-08 20:00:00,591,Tiruchirappalli,0.5,-6.721500000000001
2023-10-11 06:00:00,591,Tiruchirappalli,24.5,-5.7225
2023-10-11 14:00:00,591,Tiruchirappalli,0.5,-5.733499999999999
2023-10-11 16:00:00,591,Tiruchirappalli,4.0,-5.60125
2023-10-11 17:00:00,591,Tiruchirappalli,53.0,-5.60125
2023-10-11 18:00:00,591,Tiruchirappalli,0.5,-5.60125
2023-10-11 22:00:00,591,Tiruchirappalli,1.0,-5.7245
2023-10-11 23:00:00,591,Tiruchirappalli,8.0,-5.7245
2023-10-12 00:00:00,591,Tiruchirappalli,0.5,-5.7245
2023-10-12 01:00:00,591,Tiruchirappalli,0.5,-5.7245
2023-10-12 02:00:00,591,Tiruchirappalli,1.5,-5.7245
2023-10-12 17:00:00,591,Tiruchirappalli,0.5,-6.392250000000001
2023-10-12 18:00:00,591,Tiruchirappalli,0.5,-6.392250000000001
2023-10-12 19:00:00,591,Tiruchirappalli,72.5,-6.392250000000001
2023-10-12 23:00:00,591,Tiruchirappalli,4.0,-5.947
2023-10-14 14:00:00,591,Tiruchirappalli,1.5,-5.57275
2023-10-14 15:00:00,591,Tiruchirappalli,15.5,-5.57275
2023-10-14 16:00:00,591,Tiruchirappalli,2.0,-5.9885
2023-10-14 20:00:00,591,Tiruchirappalli,0.5,-5.9885
2023-10-14 21:00:00,591,Tiruchirappalli,0.5,-5.9885
2023-10-14 22:00:00,591,Tiruchirappalli,1.1666666666666667,-5.670999999999999
2023-10-15 00:00:00,591,Tiruchirappalli,3.0,-5.670999999999999
2023-10-15 01:00:00,591,Tiruchirappalli,8.5,-5.670999999999999
2023-10-15 02:00:00,591,Tiruchirappalli,5.375,-5.670999999999999
2023-10-15 03:00:00,591,Tiruchirappalli,4.5,-5.670999999999999
2023-10-15 04:00:00,591,Tiruchirappalli,3.75,-5.487
2023-10-15 05:00:00,591,Tiruchirappalli,4.0,-5.487
2023-10-15 06:00:00,591,Tiruchirappalli,0.5,-5.487
2023-10-16 04:00:00,591,Tiruchirappalli,11.833333333333334,-5.09525
2023-10-16 05:00:00,591,Tiruchirappalli,6.833333333333333,-5.09525
2023-10-16 06:00:00,591,Tiruchirappalli,8.75,-5.09525
2023-10-16 07:00:00,591,Tiruchirappalli,5.25,-5.09525
2023-10-16 08:00:00,591,Tiruchirappalli,1.0,-5.09525
2023-10-16 09:00:00,591,Tiruchirappalli,1.5,-5.09525
2023-10-16 14:00:00,591,Tiruchirappalli,0.5,-5.109
2023-10-16 16:00:00,591,Tiruchirappalli,3.0,-5.15775
2023-10-16 17:00:00,591,Tiruchirappalli,10.833333333333334,-5.15775
2023-10-16 18:00:00,591,Tiruchirappalli,2.1666666666666665,-5.15775
2023-10-16 19:00:00,591,Tiruchirappalli,1.0,-5.15775
2023-10-16 20:00:00,591,Tiruchirappalli,5.5,-5.15775
2023-10-16 21:00:00,591,Tiruchirappalli,2.0,-5.15775
2023-10-16 22:00:00,591,Tiruchirappalli,1.0,-4.995
2023-10-16 23:00:00,591,Tiruchirappalli,0.8333333333333334,-4.995
2023-10-17 19:00:00,591,Tiruchirappalli,5.0,-5.8635
2023-10-17 20:00:00,591,Tiruchirappalli,0.5,-5.8635
2023-10-18 02:00:00,591,Tiruchirappalli,0.5,-5.890000000000001
2023-10-21 17:00:00,591,Tiruchirappalli,2.5,-5.1240000000000006
2023-10-21 18:00:00,591,Tiruchirappalli,0.5,-5.1240000000000006
2023-10-21 21:00:00,591,Tiruchirappalli,0.5,-5.1240000000000006
2023-10-21 22:00:00,591,Tiruchirappalli,1.0,-6.55975
2023-10-21 23:00:00,591,Tiruchirappalli,0.5,-6.55975
2023-10-27 20:00:00,591,Tiruchirappalli,1.0,-6.28725
2023-10-27 21:00:00,591,Tiruchirappalli,3.5,-6.28725
2023-10-28 15:00:00,591,Tiruchirappalli,3.5,-5.57425
2023-10-28 16:00:00,591,Tiruchirappalli,1.0,-5.56475
2023-10-28 17:00:00,591,Tiruchirappalli,0.5,-5.56475
2023-10-29 06:00:00,591,Tiruchirappalli,3.5,-5.718
2023-10-29 07:00:00,591,Tiruchirappalli,0.5,-5.718
2023-10-29 09:00:00,591,Tiruchirappalli,0.5,-5.718
2023-10-29 12:00:00,591,Tiruchirappalli,3.125,-6.464
2023-10-29 13:00:00,591,Tiruchirappalli,5.5,-6.464
2023-10-29 14:00:00,591,Tiruchirappalli,2.25,-6.464
2023-10-29 15:00:00,591,Tiruchirappalli,1.5,-6.464
2023-10-29 17:00:00,591,Tiruchirappalli,0.5,-6.6255
2023-10-29 18:00:00,591,Tiruchirappalli,0.5,-6.6255
2023-10-29 19:00:00,591,Tiruchirappalli,2.75,-6.6255
2023-10-29 20:00:00,591,Tiruchirappalli,3.0,-6.6255
2023-10-29 21:00:00,591,Tiruchirappalli,1.0,-6.6255
2023-10-29 22:00:00,591,Tiruchirappalli,0.8333333333333334,-6.0245
2023-10-29 23:00:00,591,Tiruchirappalli,1.75,-6.0245
2023-10-30 00:00:00,591,Tiruchirappalli,5.833333333333333,-6.0245
2023-10-30 01:00:00,591,Tiruchirappalli,1.0,-6.0245
2023-10-30 02:00:00,591,Tiruchirappalli,0.8333333333333334,-6.0245
2023-10-30 03:00:00,591,Tiruchirappalli,0.5,-6.0245
2023-10-30 04:00:00,591,Tiruchirappalli,0.5,-5.84075
2023-10-30 12:00:00,591,Tiruchirappalli,2.5,-5.80825
2023-10-30 13:00:00,591,Tiruchirappalli,1.25,-5.80825
2023-10-30 14:00:00,591,Tiruchirappalli,1.5,-5.80825
2023-10-30 15:00:00,591,Tiruchirappalli,1.0,-5.80825
2023-10-30 16:00:00,591,Tiruchirappalli,1.0,-6.4775
2023-10-30 17:00:00,591,Tiruchirappalli,1.0,-6.4775
2023-10-30 18:00:00,591,Tiruchirappalli,1.0,-6.4775
2023-10-30 19:00:00,591,Tiruchirappalli,0.5,-6.4775
2023-10-30 20:00:00,591,Tiruchirappalli,1.5,-6.4775
2023-10-30 21:00:00,591,Tiruchirappalli,0.5,-6.4775
2023-10-30 22:00:00,591,Tiruchirappalli,0.5,-5.91075
2023-10-30 23:00:00,591,Tiruchirappalli,0.5,-5.91075
2023-10-31 00:00:00,591,Tiruchirappalli,0.5,-5.91075
2023-10-31 02:00:00,591,Tiruchirappalli,0.5,-5.91075
2023-10-31 04:00:00,591,Tiruchirappalli,0.5,-5.88975
2023-10-31 06:00:00,591,Tiruchirappalli,0.5,-5.88975
2023-10-31 17:00:00,591,Tiruchirappalli,1.0,-5.801
2023-10-31 18:00:00,591,Tiruchirappalli,5.0,-5.801
2023-11-01 20:00:00,591,Tiruchirappalli,1.0,-6.33725
2023-11-02 18:00:00,591,Tiruchirappalli,7.5,-4.8524
2023-11-03 03:00:00,591,Tiruchirappalli,0.5,-4.7196
2023-11-03 04:00:00,591,Tiruchirappalli,4.75,-5.568571428571429
2023-11-03 05:00:00,591,Tiruchirappalli,1.25,-5.568571428571429
2023-11-03 06:00:00,591,Tiruchirappalli,0.5,-5.568571428571429
2023-11-03 13:00:00,591,Tiruchirappalli,1.0,-6.198428571428571
2023-11-03 14:00:00,591,Tiruchirappalli,2.75,-6.198428571428571
2023-11-03 16:00:00,591,Tiruchirappalli,0.5,-6.240142857142857
2023-11-03 17:00:00,591,Tiruchirappalli,0.5,-6.240142857142857
2023-11-03 18:00:00,591,Tiruchirappalli,9.5,-6.240142857142857
2023-11-03 19:00:00,591,Tiruchirappalli,1.5,-6.240142857142857
2023-11-03 20:00:00,591,Tiruchirappalli,1.0,-6.240142857142857
2023-11-03 21:00:00,591,Tiruchirappalli,9.5,-6.240142857142857
2023-11-03 23:00:00,591,Tiruchirappalli,2.75,-5.7661428571428575
2023-11-04 01:00:00,591,Tiruchirappalli,1.3333333333333333,-5.7661428571428575
2023-11-04 02:00:00,591,Tiruchirappalli,2.0,-5.7661428571428575
2023-11-04 03:00:00,591,Tiruchirappalli,4.125,-5.7661428571428575
2023-11-04 04:00:00,591,Tiruchirappalli,2.3,-5.420875
2023-11-04 05:00:00,591,Tiruchirappalli,0.8333333333333334,-5.420875
2023-11-04 06:00:00,591,Tiruchirappalli,0.5,-5.420875
2023-11-04 10:00:00,591,Tiruchirappalli,0.5,-5.4005
2023-11-04 11:00:00,591,Tiruchirappalli,0.5,-5.4005
2023-11-04 12:00:00,591,Tiruchirappalli,1.5,-5.4005
2023-11-04 16:00:00,591,Tiruchirappalli,0.5,-5.390875
2023-11-04 17:00:00,591,Tiruchirappalli,0.5,-5.390875
2023-11-04 20:00:00,591,Tiruchirappalli,2.0,-5.390875
2023-11-04 21:00:00,591,Tiruchirappalli,3.5,-5.390875
2023-11-04 23:00:00,591,Tiruchirappalli,0.5,-5.27075
2023-11-05 02:00:00,591,Tiruchirappalli,3.25,-5.27075
2023-11-05 03:00:00,591,Tiruchirappalli,1.0,-5.27075
2023-11-05 04:00:00,591,Tiruchirappalli,6.333333333333333,-5.180166666666668
2023-11-05 05:00:00,591,Tiruchirappalli,1.0,-5.180166666666668
2023-11-05 06:00:00,591,Tiruchirappalli,0.5,-5.180166666666668
2023-11-05 08:00:00,591,Tiruchirappalli,0.5,-5.180166666666668
2023-11-05 14:00:00,591,Tiruchirappalli,0.5,-5.147333333333333
2023-11-06 13:00:00,591,Tiruchirappalli,1.0,-4.591875
2023-11-06 14:00:00,591,Tiruchirappalli,7.5,-4.591875
2023-11-07 00:00:00,591,Tiruchirappalli,0.5,-4.511125
2023-11-07 05:00:00,591,Tiruchirappalli,1.0,-4.998555555555556
2023-11-07 20:00:00,591,Tiruchirappalli,1.5,-5.000111111111111
2023-11-07 21:00:00,591,Tiruchirappalli,1.0,-5.000111111111111
2023-11-07 22:00:00,591,Tiruchirappalli,0.5,-4.906444444444444
2023-11-07 23:00:00,591,Tiruchirappalli,0.5,-4.906444444444444
2023-11-08 01:00:00,591,Tiruchirappalli,0.5,-4.906444444444444
2023-11-08 02:00:00,591,Tiruchirappalli,2.833333333333333,-4.906444444444444
2023-11-08 03:00:00,591,Tiruchirappalli,1.0,-4.906444444444444
2023-11-08 04:00:00,591,Tiruchirappalli,0.5,-4.832555555555555
2023-11-08 05:00:00,591,Tiruchirappalli,0.5,-4.832555555555555
2023-11-08 08:00:00,591,Tiruchirappalli,0.5,-4.832555555555555
2023-11-08 13:00:00,591,Tiruchirappalli,0.5,-4.841888888888889
2023-11-08 14:00:00,591,Tiruchirappalli,0.5,-4.841888888888889
2023-11-08 15:00:00,591,Tiruchirappalli,30.5,-4.841888888888889
2023-11-08 16:00:00,591,Tiruchirappalli,1.75,-4.849222222222222
2023-11-08 17:00:00,591,Tiruchirappalli,1.5,-4.849222222222222
2023-11-08 18:00:00,591,Tiruchirappalli,21.5,-4.849222222222222
2023-11-08 21:00:00,591,Tiruchirappalli,0.5,-4.849222222222222
2023-11-08 23:00:00,591,Tiruchirappalli,4.0,-4.780777777777778
2023-11-09 00:00:00,591,Tiruchirappalli,0.5,-4.780777777777778
2023-11-09 03:00:00,591,Tiruchirappalli,0.5,-4.780777777777778
2023-11-09 07:00:00,591,Tiruchirappalli,0.5,-4.729555555555556
2023-11-09 19:00:00,591,Tiruchirappalli,0.5,-4.8244444444444445
2023-11-12 16:00:00,591,Tiruchirappalli,0.5,-4.772333333333333
2023-11-14 01:00:00,591,Tiruchirappalli,0.625,-4.513222222222222
2023-11-14 02:00:00,591,Tiruchirappalli,1.125,-4.513222222222222
2023-11-14 03:00:00,591,Tiruchirappalli,0.8333333333333334,-4.513222222222222
2023-11-14 04:00:00,591,Tiruchirappalli,0.875,-4.429222222222222
2023-11-14 05:00:00,591,Tiruchirappalli,0.8333333333333334,-4.429222222222222
2023-11-14 06:00:00,591,Tiruchirappalli,0.5,-4.429222222222222
2023-11-14 07:00:00,591,Tiruchirappalli,0.5,-4.429222222222222
2023-11-14 10:00:00,591,Tiruchirappalli,0.5,-4.439333333333334
2023-11-14 14:00:00,591,Tiruchirappalli,0.5,-4.439333333333334
2023-11-14 15:00:00,591,Tiruchirappalli,1.0,-4.439333333333334
2023-11-22 01:00:00,591,Tiruchirappalli,0.5,-4.304777777777778
2023-11-22 04:00:00,591,Tiruchirappalli,1.5,-4.268111111111111
2023-11-22 05:00:00,591,Tiruchirappalli,2.0,-4.268111111111111
2023-11-22 06:00:00,591,Tiruchirappalli,2.0,-4.268111111111111
2023-11-22 07:00:00,591,Tiruchirappalli,1.5,-4.268111111111111
2023-11-22 08:00:00,591,Tiruchirappalli,1.0,-4.268111111111111
2023-11-22 09:00:00,591,Tiruchirappalli,1.0,-4.268111111111111
2023-11-22 10:00:00,591,Tiruchirappalli,1.0,-4.288111111111111
2023-11-22 11:00:00,591,Tiruchirappalli,1.0,-4.288111111111111
2023-11-22 12:00:00,591,Tiruchirappalli,0.5,-4.288111111111111
2023-11-22 13:00:00,591,Tiruchirappalli,1.0,-4.288111111111111
2023-11-22 14:00:00,591,Tiruchirappalli,0.5,-4.288111111111111
2023-11-22 15:00:00,591,Tiruchirappalli,0.5,-4.288111111111111
2023-11-22 16:00:00,591,Tiruchirappalli,0.5,-4.316888888888889
2023-11-22 18:00:00,591,Tiruchirappalli,0.5,-4.316888888888889
2023-11-22 19:00:00,591,Tiruchirappalli,0.5,-4.316888888888889
2023-11-22 23:00:00,591,Tiruchirappalli,0.5,-4.304777777777777
2023-11-23 01:00:00,591,Tiruchirappalli,0.5,-4.304777777777777
2023-11-23 04:00:00,591,Tiruchirappalli,0.5,-4.267444444444444
2023-11-23 08:00:00,591,Tiruchirappalli,3.0,-4.267444444444444
2023-11-23 09:00:00,591,Tiruchirappalli,2.0,-4.267444444444444
2023-11-23 10:00:00,591,Tiruchirappalli,3.1666666666666665,-4.273444444444444
2023-11-23 11:00:00,591,Tiruchirappalli,1.0,-4.273444444444444
2023-11-23 12:00:00,591,Tiruchirappalli,5.0,-4.273444444444444
2023-11-23 13:00:00,591,Tiruchirappalli,1.5,-4.273444444444444
2023-11-23 14:00:00,591,Tiruchirappalli,0.5,-4.273444444444444
2023-11-23 16:00:00,591,Tiruchirappalli,0.5,-4.276888888888888
2023-11-23 17:00:00,591,Tiruchirappalli,0.5,-4.276888888888888
2023-11-23 18:00:00,591,Tiruchirappalli,9.5,-4.276888888888888
2023-11-23 19:00:00,591,Tiruchirappalli,0.5,-4.276888888888888
2023-11-24 01:00:00,591,Tiruchirappalli,0.5,-4.232222222222223
2023-11-24 08:00:00,591,Tiruchirappalli,3.0,-4.201888888888889
2023-11-24 11:00:00,591,Tiruchirappalli,2.0,-4.234666666666667
2023-11-24 12:00:00,591,Tiruchirappalli,2.0,-4.234666666666667
2023-11-24 14:00:00,591,Tiruchirappalli,2.0,-4.234666666666667
2023-11-24 15:00:00,591,Tiruchirappalli,7.5,-4.234666666666667
2023-11-24 16:00:00,591,Tiruchirappalli,0.5,-4.240777777777778
2023-11-24 17:00:00,591,Tiruchirappalli,6.0,-4.240777777777778
2023-11-25 13:00:00,591,Tiruchirappalli,0.5,-4.217666666666667
2023-11-25 14:00:00,591,Tiruchirappalli,3.0,-4.217666666666667
2023-11-25 15:00:00,591,Tiruchirappalli,1.0,-4.217666666666667
2023-11-25 16:00:00,591,Tiruchirappalli,11.25,-4.233444444444444
2023-11-25 17:00:00,591,Tiruchirappalli,3.0,-4.233444444444444
2023-11-25 18:00:00,591,Tiruchirappalli,1.0,-4.233444444444444
2023-11-25 19:00:00,591,Tiruchirappalli,4.25,-4.233444444444444
2023-11-25 20:00:00,591,Tiruchirappalli,1.0,-4.233444444444444
2023-11-25 21:00:00,591,Tiruchirappalli,0.5,-4.233444444444444
2023-11-25 22:00:00,591,Tiruchirappalli,1.5,-4.21188888888889
2023-11-25 23:00:00,591,Tiruchirappalli,0.6666666666666666,-4.21188888888889
2023-11-26 00:00:00,591,Tiruchirappalli,1.0,-4.21188888888889
2023-11-26 01:00:00,591,Tiruchirappalli,1.0,-4.21188888888889
2023-11-26 02:00:00,591,Tiruchirappalli,1.0,-4.21188888888889
2023-11-26 03:00:00,591,Tiruchirappalli,0.75,-4.21188888888889
2023-11-26 04:00:00,591,Tiruchirappalli,1.0,-4.203555555555556
2023-11-26 05:00:00,591,Tiruchirappalli,0.5,-4.203555555555556
2023-11-26 06:00:00,591,Tiruchirappalli,0.5,-4.203555555555556
2023-11-26 13:00:00,591,Tiruchirappalli,0.5,-4.204444444444444
2023-11-26 14:00:00,591,Tiruchirappalli,1.1666666666666667,-4.204444444444444
2023-11-26 15:00:00,591,Tiruchirappalli,1.0,-4.204444444444444
2023-11-26 16:00:00,591,Tiruchirappalli,3.5,-4.208666666666667
2023-11-26 18:00:00,591,Tiruchirappalli,0.5,-4.208666666666667
2023-11-26 23:00:00,591,Tiruchirappalli,0.5,-4.166666666666667
2023-11-27 09:00:00,591,Tiruchirappalli,0.5,-4.112555555555556
2023-11-27 11:00:00,591,Tiruchirappalli,0.5,-4.134888888888889
2023-11-27 13:00:00,591,Tiruchirappalli,13.25,-4.134888888888889
2023-11-27 15:00:00,591,Tiruchirappalli,0.5,-4.134888888888889
2023-11-27 18:00:00,591,Tiruchirappalli,0.5,-4.129777777777778
2023-11-27 20:00:00,591,Tiruchirappalli,0.5,-4.129777777777778
2023-11-27 23:00:00,591,Tiruchirappalli,0.5,-4.101555555555556
2023-11-28 02:00:00,591,Tiruchirappalli,0.5,-4.101555555555556
2023-11-28 06:00:00,591,Tiruchirappalli,0.5,-4.073777777777778
2023-11-28 10:00:00,591,Tiruchirappalli,0.5,-4.075777777777778
2023-11-28 13:00:00,591,Tiruchirappalli,2.5,-4.075777777777778
2023-11-28 15:00:00,591,Tiruchirappalli,0.5,-4.075777777777778
2023-11-28 21:00:00,591,Tiruchirappalli,0.5,-4.065111111111111
2023-11-29 15:00:00,591,Tiruchirappalli,18.5,-4.068111111111112
2023-11-29 17:00:00,591,Tiruchirappalli,0.5,-4.069888888888889
2023-11-29 18:00:00,591,Tiruchirappalli,0.5,-4.069888888888889
2023-11-30 02:00:00,591,Tiruchirappalli,0.5,-4.0520000000000005
2023-11-30 04:00:00,591,Tiruchirappalli,0.5,-4.003
2023-11-30 09:00:00,591,Tiruchirappalli,0.5,-4.003
2023-11-30 12:00:00,591,Tiruchirappalli,0.75,-4.050111111111111
2023-11-30 15:00:00,591,Tiruchirappalli,0.5,-4.050111111111111
2023-11-30 21:00:00,591,Tiruchirappalli,0.5,-4.105888888888889
2023-11-30 23:00:00,591,Tiruchirappalli,0.5,-4.026111111111111
2023-12-01 09:00:00,591,Tiruchirappalli,0.5,-3.9863333333333335
2023-12-01 15:00:00,591,Tiruchirappalli,0.5,-3.983333333333333
2023-12-01 16:00:00,591,Tiruchirappalli,0.5,-3.925666666666667
2023-12-01 18:00:00,591,Tiruchirappalli,0.5,-3.925666666666667
2023-12-02 04:00:00,591,Tiruchirappalli,0.5,-3.9268888888888887
2023-12-02 06:00:00,591,Tiruchirappalli,0.5,-3.9268888888888887
2023-12-02 08:00:00,591,Tiruchirappalli,0.5,-3.9268888888888887
2023-12-02 17:00:00,591,Tiruchirappalli,0.5,-4.003666666666667
2023-12-03 14:00:00,591,Tiruchirappalli,0.5,-4.001444444444444
2023-12-04 03:00:00,591,Tiruchirappalli,0.5,-3.9752222222222224
2023-12-04 07:00:00,591,Tiruchirappalli,0.5,-3.858666666666666
2023-12-05 15:00:00,591,Tiruchirappalli,3.5,-3.12925
2023-12-05 16:00:00,591,Tiruchirappalli,18.0,-3.14675
2023-12-06 02:00:00,591,Tiruchirappalli,0.5,-3.14875
2023-12-06 04:00:00,591,Tiruchirappalli,2.5,-3.12125
2023-12-06 05:00:00,591,Tiruchirappalli,0.5,-3.12125
2023-12-06 10:00:00,591,Tiruchirappalli,0.5,-3.153
2023-12-07 02:00:00,591,Tiruchirappalli,0.5,-3.263
2023-12-07 03:00:00,591,Tiruchirappalli,0.5,-3.263
2023-12-07 18:00:00,591,Tiruchirappalli,0.5,-3.196
2023-12-08 04:00:00,591,Tiruchirappalli,1.5,-3.15875
2023-12-08 05:00:00,591,Tiruchirappalli,1.5,-3.15875
2023-12-08 06:00:00,591,Tiruchirappalli,2.0,-3.15875
2023-12-08 11:00:00,591,Tiruchirappalli,0.5,-3.19975
2023-12-08 20:00:00,591,Tiruchirappalli,29.83333333333333,-3.22475
2023-12-08 21:00:00,591,Tiruchirappalli,0.5,-3.22475
2023-12-09 00:00:00,591,Tiruchirappalli,0.5,-3.198
2023-12-09 01:00:00,591,Tiruchirappalli,0.5,-3.198
2023-12-09 04:00:00,591,Tiruchirappalli,0.5,-3.1785
2023-12-10 10:00:00,591,Tiruchirappalli,2.0,-3.31975
2023-12-10 11:00:00,591,Tiruchirappalli,17.0,-3.31975
2023-12-15 22:00:00,591,Tiruchirappalli,0.5,-3.46625
2023-12-16 14:00:00,591,Tiruchirappalli,3.0,-3.7895
2023-12-16 15:00:00,591,Tiruchirappalli,2.5,-3.7895
2023-12-16 16:00:00,591,Tiruchirappalli,0.75,-3.78125
2023-12-16 17:00:00,591,Tiruchirappalli,0.5,-3.78125
2023-12-16 18:00:00,591,Tiruchirappalli,0.5,-3.78125
2023-12-16 19:00:00,591,Tiruchirappalli,1.5,-3.78125
2023-12-16 20:00:00,591,Tiruchirappalli,1.3333333333333333,-3.78125
2023-12-16 22:00:00,591,Tiruchirappalli,0.5,-3.4235
2023-12-17 00:00:00,591,Tiruchirappalli,0.5,-3.4235
2023-12-17 02:00:00,591,Tiruchirappalli,0.5,-3.4235
2023-12-17 03:00:00,591,Tiruchirappalli,0.5,-3.4235
2023-12-17 06:00:00,591,Tiruchirappalli,0.5,-3.36975
2023-12-17 14:00:00,591,Tiruchirappalli,0.6666666666666666,-3.406
2023-12-17 15:00:00,591,Tiruchirappalli,0.5,-3.406
2023-12-17 17:00:00,591,Tiruchirappalli,1.0,-3.4115
2023-12-17 19:00:00,591,Tiruchirappalli,0.5,-3.4115
2023-12-18 01:00:00,591,Tiruchirappalli,0.6666666666666666,-3.3745
2023-12-18 02:00:00,591,Tiruchirappalli,0.5,-3.3745
2023-12-18 06:00:00,591,Tiruchirappalli,0.5,-3.36125
2023-12-18 07:00:00,591,Tiruchirappalli,0.5,-3.36125
2023-12-18 16:00:00,591,Tiruchirappalli,0.5,-3.478
2023-12-19 00:00:00,591,Tiruchirappalli,0.5,-3.34975
2023-12-19 11:00:00,591,Tiruchirappalli,0.5,-3.393
2023-12-19 23:00:00,591,Tiruchirappalli,0.5,-3.507
2023-12-20 18:00:00,591,Tiruchirappalli,0.5,-4.112
2023-12-20 19:00:00,591,Tiruchirappalli,0.5,-4.112
2023-12-21 01:00:00,591,Tiruchirappalli,1.0,-3.599
2023-12-21 08:00:00,591,Tiruchirappalli,0.5,-3.5215
2023-12-21 09:00:00,591,Tiruchirappalli,0.5,-3.5215
2023-12-21 10:00:00,591,Tiruchirappalli,0.5,-3.8455
2023-12-21 11:00:00,591,Tiruchirappalli,1.0,-3.8455
2023-12-21 12:00:00,591,Tiruchirappalli,0.5,-3.8455
2023-12-21 13:00:00,591,Tiruchirappalli,1.0,-3.8455
2023-12-21 14:00:00,591,Tiruchirappalli,0.5,-3.8455
2023-12-25 02:00:00,591,Tiruchirappalli,0.5,-4.249666666666666
2023-12-25 03:00:00,591,Tiruchirappalli,1.0,-4.249666666666666
2023-12-25 04:00:00,591,Tiruchirappalli,0.75,-4.198111111111111
2023-12-25 05:00:00,591,Tiruchirappalli,1.0,-4.198111111111111
2023-12-25 07:00:00,591,Tiruchirappalli,0.5,-4.198111111111111
2023-12-27 23:00:00,591,Tiruchirappalli,0.5,-4.386777777777778
2023-12-28 02:00:00,591,Tiruchirappalli,0.5,-4.386777777777778
2023-12-29 01:00:00,591,Tiruchirappalli,0.5,-4.280666666666666
2023-12-29 05:00:00,591,Tiruchirappalli,1.0,-4.2604444444444445
2023-12-29 06:00:00,591,Tiruchirappalli,0.5,-4.2604444444444445
2024-01-05 07:00:00,591,Tiruchirappalli,0.5,-4.438444444444444
2024-01-07 22:00:00,591,Tiruchirappalli,0.5,-4.621555555555556
2024-01-07 23:00:00,591,Tiruchirappalli,1.75,-4.621555555555556
2024-01-08 00:00:00,591,Tiruchirappalli,2.0,-4.621555555555556
2024-01-08 01:00:00,591,Tiruchirappalli,1.875,-4.621555555555556
2024-01-08 02:00:00,591,Tiruchirappalli,0.75,-4.621555555555556
2024-01-08 03:00:00,591,Tiruchirappalli,2.0,-4.621555555555556
2024-01-08 04:00:00,591,Tiruchirappalli,2.0,-4.478555555555555
2024-01-08 05:00:00,591,Tiruchirappalli,1.3333333333333333,-4.478555555555555
2024-01-08 06:00:00,591,Tiruchirappalli,0.5,-4.478555555555555
2024-01-08 07:00:00,591,Tiruchirappalli,0.5,-4.478555555555555
2024-01-08 08:00:00,591,Tiruchirappalli,0.5,-4.478555555555555
2024-01-08 09:00:00,591,Tiruchirappalli,0.5,-4.478555555555555
2024-01-08 10:00:00,591,Tiruchirappalli,0.5,-4.496333333333333
2024-01-08 11:00:00,591,Tiruchirappalli,0.5,-4.496333333333333
2024-01-08 12:00:00,591,Tiruchirappalli,0.5,-4.496333333333333
2024-01-08 13:00:00,591,Tiruchirappalli,0.5,-4.496333333333333
2024-01-08 14:00:00,591,Tiruchirappalli,2.0,-4.496333333333333
2024-01-08 15:00:00,591,Tiruchirappalli,1.75,-4.496333333333333
2024-01-08 16:00:00,591,Tiruchirappalli,0.5,-4.507444444444444
2024-01-08 18:00:00,591,Tiruchirappalli,0.5,-4.507444444444444
2024-01-08 22:00:00,591,Tiruchirappalli,0.5,-4.495333333333333
2024-01-09 01:00:00,591,Tiruchirappalli,5.0,-4.495333333333333
2024-01-09 03:00:00,591,Tiruchirappalli,0.5,-4.495333333333333
2024-01-09 04:00:00,591,Tiruchirappalli,2.0,-4.421777777777778
2024-01-09 06:00:00,591,Tiruchirappalli,0.6666666666666666,-4.421777777777778
2024-01-09 07:00:00,591,Tiruchirappalli,1.75,-4.421777777777778
2024-01-09 08:00:00,591,Tiruchirappalli,1.5,-4.421777777777778
2024-01-09 09:00:00,591,Tiruchirappalli,7.5,-4.421777777777778
2024-01-09 10:00:00,591,Tiruchirappalli,4.75,-4.409222222222223
2024-01-09 11:00:00,591,Tiruchirappalli,0.5,-4.409222222222223
2024-01-09 12:00:00,591,Tiruchirappalli,0.5,-4.409222222222223
2024-01-09 14:00:00,591,Tiruchirappalli,8.5,-4.409222222222223
2024-01-09 15:00:00,591,Tiruchirappalli,7.5,-4.409222222222223
2024-01-09 19:00:00,591,Tiruchirappalli,0.5,-4.739555555555556
2024-01-10 06:00:00,591,Tiruchirappalli,0.5,-4.359555555555556
2024-01-10 07:00:00,591,Tiruchirappalli,0.5,-4.359555555555556
2024-01-10 10:00:00,591,Tiruchirappalli,0.5,-4.364222222222222
2024-01-10 13:00:00,591,Tiruchirappalli,0.5,-4.364222222222222
2024-01-10 15:00:00,591,Tiruchirappalli,0.5,-4.364222222222222
2024-01-10 18:00:00,591,Tiruchirappalli,0.5,-4.378888888888889
2024-01-10 21:00:00,591,Tiruchirappalli,0.5,-4.378888888888889
2024-01-11 00:00:00,591,Tiruchirappalli,0.5,-4.344333333333334
2024-01-11 03:00:00,591,Tiruchirappalli,0.5,-4.344333333333334
2024-01-11 04:00:00,591,Tiruchirappalli,0.5,-4.306222222222222
2024-01-11 06:00:00,591,Tiruchirappalli,0.5,-4.306222222222222
2024-01-11 10:00:00,591,Tiruchirappalli,0.5,-4.439111111111111
2024-01-11 13:00:00,591,Tiruchirappalli,0.5,-4.439111111111111
2024-01-11 16:00:00,591,Tiruchirappalli,0.5,-4.485444444444444
2024-01-11 19:00:00,591,Tiruchirappalli,0.5,-4.485444444444444
2024-01-11 22:00:00,591,Tiruchirappalli,0.5,-4.488444444444444
2024-01-11 23:00:00,591,Tiruchirappalli,0.5,-4.488444444444444
2024-01-12 03:00:00,591,Tiruchirappalli,0.5,-4.488444444444444
2024-01-12 07:00:00,591,Tiruchirappalli,0.5,-4.358333333333333
2024-01-12 08:00:00,591,Tiruchirappalli,0.5,-4.358333333333333
2024-01-12 11:00:00,591,Tiruchirappalli,0.5,-4.444888888888888
2024-01-12 15:00:00,591,Tiruchirappalli,0.5,-4.444888888888888
2024-01-12 18:00:00,591,Tiruchirappalli,0.5,-4.828555555555556
2024-01-12 22:00:00,591,Tiruchirappalli,0.5,-4.475
2024-01-13 03:00:00,591,Tiruchirappalli,0.5,-4.475
2024-01-13 04:00:00,591,Tiruchirappalli,0.5,-4.358333333333333
2024-01-13 08:00:00,591,Tiruchirappalli,0.5,-4.358333333333333
2024-01-13 12:00:00,591,Tiruchirappalli,0.5,-4.477666666666667
2024-01-13 16:00:00,591,Tiruchirappalli,0.5,-4.443111111111112
2024-01-13 20:00:00,591,Tiruchirappalli,0.5,-4.443111111111112
2024-01-14 01:00:00,591,Tiruchirappalli,0.5,-4.429444444444445
2024-01-14 06:00:00,591,Tiruchirappalli,0.5,-4.376666666666667
2024-01-14 11:00:00,591,Tiruchirappalli,0.5,-4.479
2024-01-14 14:00:00,591,Tiruchirappalli,0.5,-4.479
2024-01-14 19:00:00,591,Tiruchirappalli,0.5,-4.519777777777778
2024-01-15 00:00:00,591,Tiruchirappalli,0.5,-4.463888888888889
2024-01-15 08:00:00,591,Tiruchirappalli,0.5,-4.445111111111111
2024-01-15 16:00:00,591,Tiruchirappalli,0.5,-4.482666666666667
2024-01-15 22:00:00,591,Tiruchirappalli,0.5,-4.449222222222222
2024-01-16 08:00:00,591,Tiruchirappalli,0.5,-4.407444444444445
2024-01-16 14:00:00,591,Tiruchirappalli,0.5,-4.668333333333333
2024-01-16 20:00:00,591,Tiruchirappalli,0.5,-4.493444444444445
2024-01-17 05:00:00,591,Tiruchirappalli,0.5,-4.402111111111111
2024-01-17 15:00:00,591,Tiruchirappalli,0.5,-4.602888888888889
2024-04-12 14:00:00,591,Tiruchirappalli,1.0,-8.500777777777778
2024-04-12 15:00:00,591,Tiruchirappalli,0.5,-8.500777777777778
2024-04-12 16:05:00,591,Tiruchirappalli,0.5,-8.298222222222222
2024-04-12 16:10:00,591,Tiruchirappalli,1.5,-8.298222222222222
2024-04-12 16:15:00,591,Tiruchirappalli,2.0,-8.298222222222222
2024-04-12 16:20:00,591,Tiruchirappalli,2.0,-8.298222222222222
2024-04-12 16:25:00,591,Tiruchirappalli,2.0,-8.298222222222222
2024-04-12 16:30:00,591,Tiruchirappalli,2.0,-8.298222222222222
2024-04-12 16:35:00,591,Tiruchirappalli,2.0,-8.298222222222222
2024-04-12 16:40:00,591,Tiruchirappalli,2.0,-8.298222222222222
2024-04-12 16:45:00,591,Tiruchirappalli,2.0,-8.298222222222222
2024-04-12 16:50:00,591,Tiruchirappalli,2.0,-8.298222222222222
2024-04-12 16:55:00,591,Tiruchirappalli,2.0,-8.298222222222222
2024-04-12 17:00:00,591,Tiruchirappalli,2.0,-8.298222222222222
2024-04-13 17:00:00,591,Tiruchirappalli,1.5,-8.434222222222223
2024-04-28 13:00:00,591,Tiruchirappalli,4.5,-9.154111111111112
2024-04-29 08:10:00,591,Tiruchirappalli,2.0,-9.20977777777778
2024-04-29 09:00:00,591,Tiruchirappalli,2.0,-9.20977777777778
2024-05-05 20:00:00,591,Tiruchirappalli,3.0,-9.68911111111111
2024-05-05 21:00:00,591,Tiruchirappalli,14.5,-9.68911111111111
2024-05-09 13:00:00,591,Tiruchirappalli,3.0,-9.766777777777778
2024-05-09 20:00:00,591,Tiruchirappalli,6.0,-9.901777777777776
2024-05-09 21:00:00,591,Tiruchirappalli,0.5,-9.901777777777776
2024-05-10 18:00:00,591,Tiruchirappalli,5.5,-9.876444444444443
2024-05-10 19:00:00,591,Tiruchirappalli,13.75,-9.876444444444443
2024-05-10 21:00:00,591,Tiruchirappalli,0.5,-9.876444444444443
2024-05-11 00:00:00,591,Tiruchirappalli,0.5,-9.886111111111113
2024-05-11 11:00:00,591,Tiruchirappalli,3.0,-9.768444444444444
2024-05-11 12:00:00,591,Tiruchirappalli,14.5,-9.768444444444444
2024-05-12 17:00:00,591,Tiruchirappalli,3.5,-9.759555555555556
2024-05-12 18:00:00,591,Tiruchirappalli,2.0,-9.759555555555556
2024-05-12 19:00:00,591,Tiruchirappalli,0.5,-9.759555555555556
2024-05-13 16:00:00,591,Tiruchirappalli,0.5,-9.715
2024-05-13 17:00:00,591,Tiruchirappalli,0.5,-9.715
2024-05-13 18:00:00,591,Tiruchirappalli,1.0,-9.715
2024-05-13 19:00:00,591,Tiruchirappalli,0.5,-9.715
2024-05-14 05:00:00,591,Tiruchirappalli,0.5,-9.551555555555556
2024-05-14 14:00:00,591,Tiruchirappalli,3.0,-9.609777777777778
2024-05-14 15:00:00,591,Tiruchirappalli,2.0,-9.609777777777778
2024-05-14 16:00:00,591,Tiruchirappalli,0.5,-9.743222222222222
2024-05-15 18:00:00,591,Tiruchirappalli,10.5,-9.651777777777776
2024-05-15 19:00:00,591,Tiruchirappalli,4.0,-9.651777777777776
2024-05-15 20:00:00,591,Tiruchirappalli,2.0,-9.651777777777776
2024-05-15 21:00:00,591,Tiruchirappalli,3.5,-9.651777777777776
2024-05-15 22:00:00,591,Tiruchirappalli,2.0,-9.611444444444444
2024-05-15 23:00:00,591,Tiruchirappalli,1.0,-9.611444444444444
2024-05-16 00:00:00,591,Tiruchirappalli,0.5,-9.611444444444444
2024-05-16 02:00:00,591,Tiruchirappalli,2.5,-9.611444444444444
2024-05-16 02:55:00,591,Tiruchirappalli,1.0,-9.611444444444444
2024-05-16 03:00:00,591,Tiruchirappalli,1.5,-9.611444444444444
2024-05-16 04:00:00,591,Tiruchirappalli,11.5,-9.555444444444444
2024-05-16 04:40:00,591,Tiruchirappalli,0.5,-9.555444444444444
2024-05-16 04:45:00,591,Tiruchirappalli,0.5,-9.555444444444444
2024-05-16 04:50:00,591,Tiruchirappalli,0.5,-9.555444444444444
2024-05-16 04:55:00,591,Tiruchirappalli,0.5,-9.555444444444444
2024-05-16 05:00:00,591,Tiruchirappalli,0.75,-9.555444444444444
2024-05-16 05:05:00,591,Tiruchirappalli,0.5,-9.555444444444444
2024-05-16 05:10:00,591,Tiruchirappalli,0.5,-9.555444444444444
2024-05-16 05:15:00,591,Tiruchirappalli,1.0,-9.555444444444444
2024-05-16 05:20:00,591,Tiruchirappalli,1.5,-9.555444444444444
2024-05-16 05:25:00,591,Tiruchirappalli,2.0,-9.555444444444444
2024-05-16 05:30:00,591,Tiruchirappalli,2.0,-9.555444444444444
2024-05-16 05:35:00,591,Tiruchirappalli,2.5,-9.555444444444444
2024-05-16 05:40:00,591,Tiruchirappalli,3.0,-9.555444444444444
2024-05-16 05:45:00,591,Tiruchirappalli,3.0,-9.555444444444444
2024-05-16 05:50:00,591,Tiruchirappalli,3.0,-9.555444444444444
2024-05-16 05:55:00,591,Tiruchirappalli,3.5,-9.555444444444444
2024-05-16 06:00:00,591,Tiruchirappalli,1.25,-9.555444444444444
2024-05-16 06:15:00,591,Tiruchirappalli,0.5,-9.555444444444444
2024-05-16 06:20:00,591,Tiruchirappalli,0.5,-9.555444444444444
2024-05-16 06:25:00,591,Tiruchirappalli,0.5,-9.555444444444444
2024-05-16 06:30:00,591,Tiruchirappalli,0.5,-9.555444444444444
2024-05-16 06:35:00,591,Tiruchirappalli,1.0,-9.555444444444444
2024-05-16 06:40:00,591,Tiruchirappalli,1.0,-9.555444444444444
2024-05-16 06:45:00,591,Tiruchirappalli,1.0,-9.555444444444444
2024-05-16 06:50:00,591,Tiruchirappalli,1.5,-9.555444444444444
2024-05-16 06:55:00,591,Tiruchirappalli,1.5,-9.555444444444444
2024-05-16 07:00:00,591,Tiruchirappalli,1.0,-9.555444444444444
2024-05-16 07:05:00,591,Tiruchirappalli,0.5,-9.555444444444444
2024-05-16 07:10:00,591,Tiruchirappalli,0.5,-9.555444444444444
2024-05-16 07:15:00,591,Tiruchirappalli,0.5,-9.555444444444444
2024-05-16 07:20:00,591,Tiruchirappalli,0.5,-9.555444444444444
2024-05-16 07:25:00,591,Tiruchirappalli,1.0,-9.555444444444444
2024-05-16 07:30:00,591,Tiruchirappalli,1.0,-9.555444444444444
2024-05-16 07:35:00,591,Tiruchirappalli,1.0,-9.555444444444444
2024-05-16 07:40:00,591,Tiruchirappalli,1.0,-9.555444444444444
2024-05-16 07:45:00,591,Tiruchirappalli,1.0,-9.555444444444444
2024-05-16 07:50:00,591,Tiruchirappalli,1.5,-9.555444444444444
2024-05-16 07:55:00,591,Tiruchirappalli,1.5,-9.555444444444444
2024-05-16 08:00:00,591,Tiruchirappalli,0.7,-9.555444444444444
2024-05-16 09:00:00,591,Tiruchirappalli,0.5,-9.555444444444444
2024-05-16 10:00:00,591,Tiruchirappalli,0.5,-9.588333333333331
2024-05-16 11:00:00,591,Tiruchirappalli,0.5,-9.588333333333331
2024-05-16 12:00:00,591,Tiruchirappalli,0.5,-9.588333333333331
2024-05-16 13:00:00,591,Tiruchirappalli,0.5,-9.588333333333331
2024-05-16 15:00:00,591,Tiruchirappalli,0.5,-9.588333333333331
2024-05-16 17:00:00,591,Tiruchirappalli,0.5,-9.648777777777775
2024-05-16 19:00:00,591,Tiruchirappalli,0.5,-9.648777777777775
2024-05-16 23:00:00,591,Tiruchirappalli,0.5,-9.635777777777776
2024-05-17 03:00:00,591,Tiruchirappalli,0.5,-9.635777777777776
2024-05-17 15:00:00,591,Tiruchirappalli,5.25,-9.494444444444444
2024-05-17 16:00:00,591,Tiruchirappalli,1.5,-9.464444444444444
2024-05-17 17:00:00,591,Tiruchirappalli,10.25,-9.464444444444444
2024-05-17 18:00:00,591,Tiruchirappalli,1.5,-9.464444444444444
2024-05-17 19:00:00,591,Tiruchirappalli,0.5,-9.464444444444444
2024-05-17 20:00:00,591,Tiruchirappalli,0.5,-9.464444444444444
2024-05-18 00:40:00,591,Tiruchirappalli,3.0,-9.427222222222222
2024-05-18 00:45:00,591,Tiruchirappalli,11.5,-9.427222222222222
2024-05-18 00:50:00,591,Tiruchirappalli,13.5,-9.427222222222222
2024-05-18 00:55:00,591,Tiruchirappalli,14.0,-9.427222222222222
2024-05-18 01:00:00,591,Tiruchirappalli,15.0,-9.427222222222222
2024-05-18 01:05:00,591,Tiruchirappalli,0.5,-9.427222222222222
2024-05-18 01:10:00,591,Tiruchirappalli,1.5,-9.427222222222222
2024-05-18 01:15:00,591,Tiruchirappalli,1.5,-9.427222222222222
2024-05-18 01:20:00,591,Tiruchirappalli,1.5,-9.427222222222222
2024-05-18 01:25:00,591,Tiruchirappalli,2.0,-9.427222222222222
2024-05-18 01:30:00,591,Tiruchirappalli,3.0,-9.427222222222222
2024-05-18 01:35:00,591,Tiruchirappalli,3.0,-9.427222222222222
2024-05-18 01:40:00,591,Tiruchirappalli,3.5,-9.427222222222222
2024-05-18 01:45:00,591,Tiruchirappalli,3.5,-9.427222222222222
2024-05-18 01:50:00,591,Tiruchirappalli,3.5,-9.427222222222222
2024-05-18 01:55:00,591,Tiruchirappalli,3.5,-9.427222222222222
2024-05-18 02:00:00,591,Tiruchirappalli,2.0,-9.427222222222222
2024-05-18 02:05:00,591,Tiruchirappalli,0.5,-9.427222222222222
2024-05-18 02:10:00,591,Tiruchirappalli,0.5,-9.427222222222222
2024-05-18 02:15:00,591,Tiruchirappalli,0.5,-9.427222222222222
2024-05-18 02:20:00,591,Tiruchirappalli,0.5,-9.427222222222222
2024-05-18 02:25:00,591,Tiruchirappalli,0.5,-9.427222222222222
2024-05-18 02:30:00,591,Tiruchirappalli,0.5,-9.427222222222222
2024-05-18 02:35:00,591,Tiruchirappalli,0.5,-9.427222222222222
2024-05-18 02:40:00,591,Tiruchirappalli,0.5,-9.427222222222222
2024-05-18 02:45:00,591,Tiruchirappalli,0.5,-9.427222222222222
2024-05-18 02:50:00,591,Tiruchirappalli,0.5,-9.427222222222222
2024-05-18 02:55:00,591,Tiruchirappalli,0.5,-9.427222222222222
2024-05-18 03:00:00,591,Tiruchirappalli,0.5,-9.427222222222222
2024-05-18 15:00:00,591,Tiruchirappalli,1.0,-9.512333333333332
2024-05-18 15:05:00,591,Tiruchirappalli,1.5,-9.54
2024-05-18 15:10:00,591,Tiruchirappalli,3.0,-9.54
2024-05-18 15:15:00,591,Tiruchirappalli,4.5,-9.54
2024-05-18 15:20:00,591,Tiruchirappalli,5.5,-9.54
2024-05-18 15:25:00,591,Tiruchirappalli,5.5,-9.54
2024-05-18 15:30:00,591,Tiruchirappalli,5.5,-9.54
2024-05-18 15:35:00,591,Tiruchirappalli,5.5,-9.54
2024-05-18 15:40:00,591,Tiruchirappalli,5.5,-9.54
2024-05-18 15:45:00,591,Tiruchirappalli,5.5,-9.54
2024-05-18 15:50:00,591,Tiruchirappalli,5.5,-9.54
2024-05-18 15:55:00,591,Tiruchirappalli,5.5,-9.54
2024-05-18 16:00:00,591,Tiruchirappalli,4.0,-9.54
2024-05-18 17:00:00,591,Tiruchirappalli,2.0,-9.54
2024-05-18 18:00:00,591,Tiruchirappalli,1.0,-9.54
2024-05-18 21:00:00,591,Tiruchirappalli,20.0,-9.54
2024-05-19 14:00:00,591,Tiruchirappalli,6.0,-9.43988888888889
2024-05-19 15:00:00,591,Tiruchirappalli,13.0,-9.43988888888889
2024-05-19 16:00:00,591,Tiruchirappalli,2.5,-9.382555555555555
2024-05-19 17:00:00,591,Tiruchirappalli,1.0,-9.382555555555555
2024-05-19 18:00:00,591,Tiruchirappalli,1.5,-9.382555555555555
2024-05-19 19:00:00,591,Tiruchirappalli,0.5,-9.382555555555555
2024-05-19 19:20:00,591,Tiruchirappalli,0.5,-9.382555555555555
2024-05-19 19:25:00,591,Tiruchirappalli,0.5,-9.382555555555555
2024-05-19 19:30:00,591,Tiruchirappalli,0.5,-9.382555555555555
2024-05-19 19:35:00,591,Tiruchirappalli,0.5,-9.382555555555555
2024-05-19 19:40:00,591,Tiruchirappalli,0.5,-9.382555555555555
2024-05-19 19:45:00,591,Tiruchirappalli,1.0,-9.382555555555555
2024-05-19 19:50:00,591,Tiruchirappalli,1.0,-9.382555555555555
2024-05-19 19:55:00,591,Tiruchirappalli,1.5,-9.382555555555555
2024-05-19 20:00:00,591,Tiruchirappalli,2.6666666666666665,-9.382555555555555
2024-05-19 20:05:00,591,Tiruchirappalli,0.5,-9.382555555555555
2024-05-19 20:10:00,591,Tiruchirappalli,1.0,-9.382555555555555
2024-05-19 20:15:00,591,Tiruchirappalli,1.0,-9.382555555555555
2024-05-19 20:20:00,591,Tiruchirappalli,1.5,-9.382555555555555
2024-05-19 20:25:00,591,Tiruchirappalli,2.0,-9.382555555555555
2024-05-19 20:30:00,591,Tiruchirappalli,2.5,-9.382555555555555
2024-05-19 20:35:00,591,Tiruchirappalli,3.0,-9.382555555555555
2024-05-19 20:40:00,591,Tiruchirappalli,3.5,-9.382555555555555
2024-05-19 20:45:00,591,Tiruchirappalli,4.5,-9.382555555555555
2024-05-19 20:50:00,591,Tiruchirappalli,5.0,-9.382555555555555
2024-05-19 20:55:00,591,Tiruchirappalli,5.5,-9.382555555555555
2024-05-19 21:00:00,591,Tiruchirappalli,7.5,-9.382555555555555
2024-05-19 21:15:00,591,Tiruchirappalli,0.5,-9.288444444444444
2024-05-19 21:20:00,591,Tiruchirappalli,0.5,-9.288444444444444
2024-05-19 21:25:00,591,Tiruchirappalli,0.5,-9.288444444444444
2024-05-19 21:30:00,591,Tiruchirappalli,0.5,-9.288444444444444
2024-05-19 21:35:00,591,Tiruchirappalli,0.5,-9.288444444444444
2024-05-19 21:40:00,591,Tiruchirappalli,0.5,-9.288444444444444
2024-05-19 21:45:00,591,Tiruchirappalli,0.5,-9.288444444444444
2024-05-19 21:50:00,591,Tiruchirappalli,0.5,-9.288444444444444
2024-05-19 21:55:00,591,Tiruchirappalli,0.5,-9.288444444444444
2024-05-19 22:00:00,591,Tiruchirappalli,1.0,-9.288444444444444
2024-05-19 22:15:00,591,Tiruchirappalli,0.5,-9.288444444444444
2024-05-19 22:20:00,591,Tiruchirappalli,0.5,-9.288444444444444
2024-05-19 22:25:00,591,Tiruchirappalli,0.5,-9.288444444444444
2024-05-19 22:30:00,591,Tiruchirappalli,0.5,-9.288444444444444
2024-05-19 22:35:00,591,Tiruchirappalli,0.5,-9.288444444444444
2024-05-19 22:40:00,591,Tiruchirappalli,1.0,-9.288444444444444
2024-05-19 22:45:00,591,Tiruchirappalli,1.0,-9.288444444444444
2024-05-19 22:50:00,591,Tiruchirappalli,1.0,-9.288444444444444
2024-05-19 22:55:00,591,Tiruchirappalli,1.0,-9.288444444444444
2024-05-19 23:00:00,591,Tiruchirappalli,1.0,-9.288444444444444
2024-05-20 00:00:00,591,Tiruchirappalli,0.5,-9.288444444444444
2024-05-20 01:00:00,591,Tiruchirappalli,0.5,-9.288444444444444
2024-05-20 02:00:00,591,Tiruchirappalli,0.5,-9.288444444444444
2024-05-20 05:00:00,591,Tiruchirappalli,0.5,-9.215666666666667
2024-05-20 11:45:00,591,Tiruchirappalli,0.5,-9.160777777777778
2024-05-20 11:50:00,591,Tiruchirappalli,0.5,-9.160777777777778
2024-05-20 11:55:00,591,Tiruchirappalli,0.5,-9.160777777777778
2024-05-20 12:00:00,591,Tiruchirappalli,0.5,-9.160777777777778
2024-05-20 15:00:00,591,Tiruchirappalli,0.5,-9.160777777777778
2024-05-20 16:00:00,591,Tiruchirappalli,1.0,-9.143
2024-05-20 16:25:00,591,Tiruchirappalli,0.5,-9.143
2024-05-20 16:30:00,591,Tiruchirappalli,1.5,-9.143
2024-05-20 16:35:00,591,Tiruchirappalli,2.0,-9.143
2024-05-20 16:40:00,591,Tiruchirappalli,4.0,-9.143
2024-05-20 16:45:00,591,Tiruchirappalli,8.5,-9.143
2024-05-20 16:50:00,591,Tiruchirappalli,13.5,-9.143
2024-05-20 16:55:00,591,Tiruchirappalli,14.0,-9.143
2024-05-20 17:00:00,591,Tiruchirappalli,17.5,-9.143
2024-05-20 17:05:00,591,Tiruchirappalli,2.5,-9.143
2024-05-20 17:10:00,591,Tiruchirappalli,4.0,-9.143
2024-05-20 17:15:00,591,Tiruchirappalli,6.0,-9.143
2024-05-20 17:20:00,591,Tiruchirappalli,7.5,-9.143
2024-05-20 17:25:00,591,Tiruchirappalli,8.5,-9.143
2024-05-20 17:30:00,591,Tiruchirappalli,9.5,-9.143
2024-05-20 17:35:00,591,Tiruchirappalli,10.0,-9.143
2024-05-20 17:40:00,591,Tiruchirappalli,11.5,-9.143
2024-05-20 17:45:00,591,Tiruchirappalli,15.5,-9.143
2024-05-20 17:50:00,591,Tiruchirappalli,19.0,-9.143
2024-05-20 17:55:00,591,Tiruchirappalli,23.0,-9.143
2024-05-20 18:00:00,591,Tiruchirappalli,8.9,-9.143
2024-05-20 18:05:00,591,Tiruchirappalli,3.5,-9.143
2024-05-20 18:10:00,591,Tiruchirappalli,7.5,-9.143
2024-05-20 18:15:00,591,Tiruchirappalli,12.0,-9.143
2024-05-20 18:20:00,591,Tiruchirappalli,19.0,-9.143
2024-05-20 18:25:00,591,Tiruchirappalli,25.5,-9.143
2024-05-20 18:30:00,591,Tiruchirappalli,31.5,-9.143
2024-05-20 18:35:00,591,Tiruchirappalli,35.5,-9.143
2024-05-20 18:40:00,591,Tiruchirappalli,40.0,-9.143
2024-05-20 18:45:00,591,Tiruchirappalli,44.5,-9.143
2024-05-20 18:50:00,591,Tiruchirappalli,49.5,-9.143
2024-05-20 18:55:00,591,Tiruchirappalli,54.5,-9.143
2024-05-20 19:00:00,591,Tiruchirappalli,15.8,-9.143
2024-05-20 19:05:00,591,Tiruchirappalli,6.0,-9.143
2024-05-20 19:10:00,591,Tiruchirappalli,11.0,-9.143
2024-05-20 19:15:00,591,Tiruchirappalli,15.5,-9.143
2024-05-20 19:20:00,591,Tiruchirappalli,19.0,-9.143
2024-05-20 19:25:00,591,Tiruchirappalli,21.0,-9.143
2024-05-20 19:30:00,591,Tiruchirappalli,22.5,-9.143
2024-05-20 19:35:00,591,Tiruchirappalli,24.0,-9.143
2024-05-20 19:45:00,591,Tiruchirappalli,26.0,-9.143
2024-05-20 19:50:00,591,Tiruchirappalli,26.5,-9.143
2024-05-20 19:55:00,591,Tiruchirappalli,27.5,-9.143
2024-05-20 20:00:00,591,Tiruchirappalli,11.1,-9.143
2024-05-20 20:05:00,591,Tiruchirappalli,0.5,-9.143
2024-05-20 20:10:00,591,Tiruchirappalli,0.5,-9.143
2024-05-20 20:15:00,591,Tiruchirappalli,1.0,-9.143
2024-05-20 20:20:00,591,Tiruchirappalli,1.5,-9.143
2024-05-20 20:25:00,591,Tiruchirappalli,1.5,-9.143
2024-05-20 20:30:00,591,Tiruchirappalli,1.5,-9.143
2024-05-20 20:35:00,591,Tiruchirappalli,1.5,-9.143
2024-05-20 20:40:00,591,Tiruchirappalli,2.0,-9.143
2024-05-20 20:45:00,591,Tiruchirappalli,2.0,-9.143
2024-05-20 20:50:00,591,Tiruchirappalli,2.0,-9.143
2024-05-20 20:55:00,591,Tiruchirappalli,2.0,-9.143
2024-05-20 21:00:00,591,Tiruchirappalli,1.875,-9.143
2024-05-20 22:00:00,591,Tiruchirappalli,1.25,-9.029222222222224
2024-05-20 23:00:00,591,Tiruchirappalli,0.75,-9.029222222222224
2024-05-21 00:00:00,591,Tiruchirappalli,1.0,-9.029222222222224
2024-05-21 01:00:00,591,Tiruchirappalli,1.0,-9.029222222222224
2024-05-21 02:00:00,591,Tiruchirappalli,0.5,-9.029222222222224
2024-05-21 03:00:00,591,Tiruchirappalli,0.5,-9.029222222222224
2024-05-21 04:00:00,591,Tiruchirappalli,1.0,-8.952888888888888
2024-05-21 05:00:00,591,Tiruchirappalli,0.5,-8.952888888888888
2024-05-21 07:00:00,591,Tiruchirappalli,0.5,-8.952888888888888
2024-05-21 08:00:00,591,Tiruchirappalli,0.5,-8.952888888888888
2024-05-21 09:00:00,591,Tiruchirappalli,0.5,-8.952888888888888
2024-05-21 11:00:00,591,Tiruchirappalli,0.5,-8.87811111111111
2024-05-21 12:00:00,591,Tiruchirappalli,0.5,-8.87811111111111
2024-05-21 13:00:00,591,Tiruchirappalli,0.5,-8.87811111111111
2024-05-21 16:00:00,591,Tiruchirappalli,0.5,-8.915333333333333
2024-05-21 18:00:00,591,Tiruchirappalli,2.5,-8.915333333333333
2024-05-21 19:00:00,591,Tiruchirappalli,0.5,-8.915333333333333
2024-05-22 19:00:00,591,Tiruchirappalli,1.0,-8.520999999999999
2024-05-22 20:00:00,591,Tiruchirappalli,3.25,-8.520999999999999
2024-05-22 21:00:00,591,Tiruchirappalli,1.25,-8.520999999999999
2024-05-22 22:00:00,591,Tiruchirappalli,2.5,-8.390333333333334
2024-05-23 01:00:00,591,Tiruchirappalli,0.5,-8.390333333333334
2024-05-23 02:00:00,591,Tiruchirappalli,0.5,-8.390333333333334
2024-05-23 05:00:00,591,Tiruchirappalli,0.5,-8.240555555555556
2024-05-23 09:00:00,591,Tiruchirappalli,0.5,-8.240555555555556
2024-05-23 09:35:00,591,Tiruchirappalli,0.5,-8.151555555555555
2024-05-23 09:40:00,591,Tiruchirappalli,0.5,-8.151555555555555
2024-05-23 09:45:00,591,Tiruchirappalli,0.5,-8.151555555555555
2024-05-23 09:50:00,591,Tiruchirappalli,0.5,-8.151555555555555
2024-05-23 09:55:00,591,Tiruchirappalli,0.5,-8.151555555555555
2024-05-23 10:00:00,591,Tiruchirappalli,0.5,-8.151555555555555
2024-05-23 11:00:00,591,Tiruchirappalli,0.5,-8.151555555555555
2024-05-23 15:00:00,591,Tiruchirappalli,0.5,-8.151555555555555
2024-05-23 16:00:00,591,Tiruchirappalli,0.5,-8.946285714285713
2024-05-23 17:00:00,591,Tiruchirappalli,3.25,-8.946285714285713
2024-05-23 18:00:00,591,Tiruchirappalli,0.5,-8.946285714285713
2024-05-23 22:00:00,591,Tiruchirappalli,0.5,-8.854714285714286
2024-05-24 00:00:00,591,Tiruchirappalli,0.5,-8.854714285714286
2024-05-24 01:00:00,591,Tiruchirappalli,0.5,-8.854714285714286
2024-05-24 05:00:00,591,Tiruchirappalli,0.5,-7.9094444444444445
2024-05-24 08:00:00,591,Tiruchirappalli,0.5,-7.9094444444444445
2024-05-24 14:00:00,591,Tiruchirappalli,0.5,-8.030888888888889
2024-05-24 16:00:00,591,Tiruchirappalli,11.5,-7.922333333333333
2024-05-24 20:00:00,591,Tiruchirappalli,0.5,-7.922333333333333
2024-05-24 21:00:00,591,Tiruchirappalli,0.5,-7.922333333333333
2024-05-25 06:00:00,591,Tiruchirappalli,0.5,-7.6804444444444435
2024-05-25 14:00:00,591,Tiruchirappalli,0.5,-7.672888888888888
2024-05-25 21:00:00,591,Tiruchirappalli,0.5,-7.806444444444444
2024-05-26 05:00:00,591,Tiruchirappalli,0.5,-7.530111111111111
2024-05-26 14:00:00,591,Tiruchirappalli,0.5,-7.735111111111111
2024-05-26 21:00:00,591,Tiruchirappalli,0.5,-7.520444444444444
2024-05-27 07:00:00,591,Tiruchirappalli,0.5,-7.356666666666666
2024-05-27 14:00:00,591,Tiruchirappalli,0.5,-7.423333333333334
2024-05-27 23:00:00,591,Tiruchirappalli,0.5,-7.300333333333334
2024-05-31 16:00:00,591,Tiruchirappalli,0.5,-7.184888888888889
2024-05-31 17:00:00,591,Tiruchirappalli,1.0,-7.184888888888889
2024-05-31 19:00:00,591,Tiruchirappalli,4.5,-7.184888888888889
2024-05-31 20:00:00,591,Tiruchirappalli,0.5,-7.184888888888889
2024-05-31 22:00:00,591,Tiruchirappalli,3.5,-7.258
2024-05-31 23:00:00,591,Tiruchirappalli,2.5,-7.258
2024-06-01 14:00:00,591,Tiruchirappalli,8.5,-7.24488888888889
2024-06-01 15:00:00,591,Tiruchirappalli,1.75,-7.24488888888889
2024-06-01 16:00:00,591,Tiruchirappalli,1.5,-7.235777777777778
2024-06-01 17:00:00,591,Tiruchirappalli,1.0,-7.235777777777778
2024-06-01 18:00:00,591,Tiruchirappalli,1.0,-7.235777777777778
2024-06-01 19:00:00,591,Tiruchirappalli,4.0,-7.235777777777778
2024-06-01 21:00:00,591,Tiruchirappalli,0.5,-7.235777777777778
2024-06-02 01:00:00,591,Tiruchirappalli,0.5,-7.2286666666666655
2024-06-02 03:00:00,591,Tiruchirappalli,0.5,-7.2286666666666655
2024-06-02 05:00:00,591,Tiruchirappalli,0.5,-7.22111111111111
2024-06-02 08:00:00,591,Tiruchirappalli,0.5,-7.22111111111111
2024-06-02 10:00:00,591,Tiruchirappalli,0.5,-7.215777777777778
2024-06-02 12:00:00,591,Tiruchirappalli,0.5,-7.215777777777778
2024-06-02 14:00:00,591,Tiruchirappalli,0.5,-7.215777777777778
2024-06-02 15:00:00,591,Tiruchirappalli,17.5,-7.215777777777778
2024-06-02 17:00:00,591,Tiruchirappalli,0.5,-7.1867777777777775
2024-06-02 20:00:00,591,Tiruchirappalli,72.0,-7.1867777777777775
2024-06-02 21:00:00,591,Tiruchirappalli,9.5,-7.1867777777777775
2024-06-02 21:35:00,591,Tiruchirappalli,2.0,-7.1048888888888895
2024-06-02 21:40:00,591,Tiruchirappalli,2.5,-7.1048888888888895
2024-06-02 21:45:00,591,Tiruchirappalli,2.5,-7.1048888888888895
2024-06-02 21:50:00,591,Tiruchirappalli,3.0,-7.1048888888888895
2024-06-02 21:55:00,591,Tiruchirappalli,3.0,-7.1048888888888895
2024-06-02 22:00:00,591,Tiruchirappalli,1.8333333333333333,-7.1048888888888895
2024-06-02 22:15:00,591,Tiruchirappalli,0.5,-7.1048888888888895
2024-06-02 22:20:00,591,Tiruchirappalli,1.5,-7.1048888888888895
2024-06-02 22:25:00,591,Tiruchirappalli,2.5,-7.1048888888888895
2024-06-02 22:30:00,591,Tiruchirappalli,3.0,-7.1048888888888895
2024-06-02 22:35:00,591,Tiruchirappalli,3.0,-7.1048888888888895
2024-06-02 22:40:00,591,Tiruchirappalli,3.0,-7.1048888888888895
2024-06-02 22:45:00,591,Tiruchirappalli,3.0,-7.1048888888888895
2024-06-02 22:50:00,591,Tiruchirappalli,3.0,-7.1048888888888895
2024-06-02 22:55:00,591,Tiruchirappalli,3.0,-7.1048888888888895
2024-06-02 23:00:00,591,Tiruchirappalli,3.0,-7.1048888888888895
2024-06-03 00:00:00,591,Tiruchirappalli,0.5,-7.1048888888888895
2024-06-03 01:00:00,591,Tiruchirappalli,0.5,-7.1048888888888895
2024-06-03 13:00:00,591,Tiruchirappalli,0.5,-7.080666666666667
2024-06-03 14:00:00,591,Tiruchirappalli,0.5,-7.080666666666667
2024-06-04 22:00:00,591,Tiruchirappalli,8.5,-7.0456666666666665
2024-06-04 23:00:00,591,Tiruchirappalli,0.5,-7.0456666666666665
2024-06-05 16:00:00,591,Tiruchirappalli,2.5,-6.993888888888889
2024-06-05 18:00:00,591,Tiruchirappalli,1.5,-6.993888888888889
2024-06-05 20:00:00,591,Tiruchirappalli,0.5,-6.993888888888889
2024-06-05 20:35:00,591,Tiruchirappalli,0.5,-6.993888888888889
2024-06-05 20:40:00,591,Tiruchirappalli,0.5,-6.993888888888889
2024-06-05 20:45:00,591,Tiruchirappalli,0.5,-6.993888888888889
2024-06-05 20:50:00,591,Tiruchirappalli,0.5,-6.993888888888889
2024-06-05 20:55:00,591,Tiruchirappalli,0.5,-6.993888888888889
2024-06-05 21:00:00,591,Tiruchirappalli,0.5,-6.993888888888889
2024-06-05 22:00:00,591,Tiruchirappalli,0.75,-6.962111111111111
2024-06-05 23:00:00,591,Tiruchirappalli,0.5,-6.962111111111111
2024-06-06 15:00:00,591,Tiruchirappalli,5.5,-6.991333333333333
2024-06-06 18:00:00,591,Tiruchirappalli,10.5,-6.933333333333334
2024-06-06 19:00:00,591,Tiruchirappalli,9.0,-6.933333333333334
2024-06-06 20:00:00,591,Tiruchirappalli,4.0,-6.933333333333334
2024-06-06 20:15:00,591,Tiruchirappalli,0.5,-6.933333333333334
2024-06-06 20:20:00,591,Tiruchirappalli,1.5,-6.933333333333334
2024-06-06 20:25:00,591,Tiruchirappalli,2.5,-6.933333333333334
2024-06-06 20:30:00,591,Tiruchirappalli,4.5,-6.933333333333334
2024-06-06 20:35:00,591,Tiruchirappalli,5.0,-6.933333333333334
2024-06-06 20:40:00,591,Tiruchirappalli,7.0,-6.933333333333334
2024-06-06 20:45:00,591,Tiruchirappalli,12.5,-6.933333333333334
2024-06-06 20:50:00,591,Tiruchirappalli,18.5,-6.933333333333334
2024-06-06 20:55:00,591,Tiruchirappalli,21.0,-6.933333333333334
2024-06-06 21:00:00,591,Tiruchirappalli,18.166666666666668,-6.933333333333334
2024-06-06 21:05:00,591,Tiruchirappalli,2.0,-6.9126666666666665
2024-06-06 21:10:00,591,Tiruchirappalli,3.0,-6.9126666666666665
2024-06-06 21:15:00,591,Tiruchirappalli,3.5,-6.9126666666666665
2024-06-06 21:20:00,591,Tiruchirappalli,3.5,-6.9126666666666665
2024-06-06 21:25:00,591,Tiruchirappalli,3.5,-6.9126666666666665
2024-06-06 21:30:00,591,Tiruchirappalli,3.5,-6.9126666666666665
2024-06-06 21:35:00,591,Tiruchirappalli,3.5,-6.9126666666666665
2024-06-06 21:40:00,591,Tiruchirappalli,3.5,-6.9126666666666665
2024-06-06 21:45:00,591,Tiruchirappalli,3.5,-6.9126666666666665
2024-06-06 21:50:00,591,Tiruchirappalli,3.5,-6.9126666666666665
2024-06-06 21:55:00,591,Tiruchirappalli,4.0,-6.9126666666666665
2024-06-06 22:00:00,591,Tiruchirappalli,2.0,-6.9126666666666665
2024-06-06 22:15:00,591,Tiruchirappalli,0.5,-6.9126666666666665
2024-06-06 22:20:00,591,Tiruchirappalli,0.5,-6.9126666666666665
2024-06-06 22:25:00,591,Tiruchirappalli,0.5,-6.9126666666666665
2024-06-06 22:30:00,591,Tiruchirappalli,0.5,-6.9126666666666665
2024-06-06 22:35:00,591,Tiruchirappalli,0.5,-6.9126666666666665
2024-06-06 22:40:00,591,Tiruchirappalli,0.5,-6.9126666666666665
2024-06-06 22:45:00,591,Tiruchirappalli,1.0,-6.9126666666666665
2024-06-06 22:50:00,591,Tiruchirappalli,1.0,-6.9126666666666665
2024-06-06 22:55:00,591,Tiruchirappalli,1.0,-6.9126666666666665
2024-06-06 23:00:00,591,Tiruchirappalli,1.25,-6.9126666666666665
2024-06-07 00:00:00,591,Tiruchirappalli,0.5,-6.9126666666666665
2024-06-07 01:00:00,591,Tiruchirappalli,0.5,-6.9126666666666665
2024-06-07 03:00:00,591,Tiruchirappalli,0.5,-6.9126666666666665
2024-06-07 18:00:00,591,Tiruchirappalli,4.0,-6.737444444444445
2024-06-07 19:00:00,591,Tiruchirappalli,14.5,-6.737444444444445
2024-06-07 20:00:00,591,Tiruchirappalli,4.666666666666667,-6.737444444444445
2024-06-07 20:05:00,591,Tiruchirappalli,2.5,-6.737444444444445
2024-06-07 20:10:00,591,Tiruchirappalli,4.0,-6.737444444444445
2024-06-07 20:15:00,591,Tiruchirappalli,5.0,-6.737444444444445
2024-06-07 20:20:00,591,Tiruchirappalli,6.0,-6.737444444444445
2024-06-07 20:25:00,591,Tiruchirappalli,8.5,-6.737444444444445
2024-06-07 20:30:00,591,Tiruchirappalli,10.0,-6.737444444444445
2024-06-07 20:35:00,591,Tiruchirappalli,10.5,-6.737444444444445
2024-06-07 20:40:00,591,Tiruchirappalli,10.5,-6.737444444444445
2024-06-07 20:45:00,591,Tiruchirappalli,10.5,-6.737444444444445
2024-06-07 20:50:00,591,Tiruchirappalli,10.5,-6.737444444444445
2024-06-07 20:55:00,591,Tiruchirappalli,10.5,-6.737444444444445
2024-06-07 21:00:00,591,Tiruchirappalli,5.166666666666667,-6.737444444444445
2024-06-07 21:30:00,591,Tiruchirappalli,0.5,-6.720222222222223
2024-06-07 21:35:00,591,Tiruchirappalli,0.5,-6.720222222222223
2024-06-07 21:40:00,591,Tiruchirappalli,0.5,-6.720222222222223
2024-06-07 21:45:00,591,Tiruchirappalli,0.5,-6.720222222222223
2024-06-07 21:50:00,591,Tiruchirappalli,0.5,-6.720222222222223
2024-06-07 21:55:00,591,Tiruchirappalli,0.5,-6.720222222222223
2024-06-07 22:00:00,591,Tiruchirappalli,0.6666666666666666,-6.720222222222223
2024-06-07 23:00:00,591,Tiruchirappalli,1.0,-6.720222222222223
2024-06-08 00:00:00,591,Tiruchirappalli,0.5,-6.720222222222223
2024-06-08 15:50:00,591,Tiruchirappalli,0.5,-6.533555555555555
2024-06-08 15:55:00,591,Tiruchirappalli,0.5,-6.533555555555555
2024-06-08 16:00:00,591,Tiruchirappalli,4.5,-6.533555555555555
2024-06-08 17:00:00,591,Tiruchirappalli,1.75,-6.533555555555555
2024-06-08 17:05:00,591,Tiruchirappalli,1.0,-6.533555555555555
2024-06-08 17:10:00,591,Tiruchirappalli,1.5,-6.533555555555555
2024-06-08 17:15:00,591,Tiruchirappalli,2.0,-6.533555555555555
2024-06-08 17:20:00,591,Tiruchirappalli,2.0,-6.533555555555555
2024-06-08 17:25:00,591,Tiruchirappalli,2.0,-6.533555555555555
2024-06-08 17:30:00,591,Tiruchirappalli,2.0,-6.533555555555555
2024-06-08 17:35:00,591,Tiruchirappalli,2.0,-6.533555555555555
2024-06-08 17:40:00,591,Tiruchirappalli,2.0,-6.533555555555555
2024-06-08 17:45:00,591,Tiruchirappalli,2.0,-6.533555555555555
2024-06-08 17:50:00,591,Tiruchirappalli,2.5,-6.533555555555555
2024-06-08 17:55:00,591,Tiruchirappalli,2.5,-6.533555555555555
2024-06-08 18:00:00,591,Tiruchirappalli,1.5,-6.533555555555555
2024-06-08 19:00:00,591,Tiruchirappalli,4.5,-6.533555555555555
2024-06-08 20:00:00,591,Tiruchirappalli,2.5,-6.533555555555555
2024-06-08 21:00:00,591,Tiruchirappalli,0.5,-6.533555555555555
2024-06-09 17:00:00,591,Tiruchirappalli,1.5,-6.438
2024-06-13 19:00:00,591,Tiruchirappalli,1.0,-6.410777777777778
2024-06-17 19:00:00,591,Tiruchirappalli,4.0,-6.458222222222222
2024-06-17 20:00:00,591,Tiruchirappalli,0.5,-6.458222222222222
2024-06-17 21:00:00,591,Tiruchirappalli,0.5,-6.458222222222222
2024-06-17 22:00:00,591,Tiruchirappalli,0.5,-6.534222222222223
2024-06-18 17:00:00,591,Tiruchirappalli,9.25,-6.382555555555555
2024-06-18 18:00:00,591,Tiruchirappalli,1.5,-6.382555555555555
2024-06-18 19:00:00,591,Tiruchirappalli,0.5,-6.382555555555555
2024-06-19 04:00:00,591,Tiruchirappalli,0.5,-6.427222222222222
2024-06-19 17:00:00,591,Tiruchirappalli,30.5,-5.982111111111111
2024-06-20 16:00:00,591,Tiruchirappalli,2.0,-6.052555555555555
2024-06-20 18:00:00,591,Tiruchirappalli,0.5,-6.052555555555555
2024-06-23 16:00:00,591,Tiruchirappalli,3.0,-5.834888888888888
2024-06-23 17:00:00,591,Tiruchirappalli,5.0,-5.834888888888888
2024-06-24 02:00:00,591,Tiruchirappalli,1.0,-5.8773333333333335
2024-06-26 06:00:00,591,Tiruchirappalli,0.5,-5.898333333333333
2024-06-27 10:00:00,591,Tiruchirappalli,0.5,-5.991777777777778
2024-06-27 13:00:00,591,Tiruchirappalli,1.25,-5.991777777777778
2024-06-27 14:00:00,591,Tiruchirappalli,0.5,-5.991777777777778
2024-06-30 20:00:00,591,Tiruchirappalli,1.0,-6.182777777777778
2024-06-30 21:00:00,591,Tiruchirappalli,0.5,-6.182777777777778
2024-07-12 19:00:00,591,Tiruchirappalli,15.75,-6.620111111111111
2024-07-12 20:00:00,591,Tiruchirappalli,2.5,-6.620111111111111
2024-07-12 21:00:00,591,Tiruchirappalli,1.5,-6.620111111111111
2024-07-12 22:00:00,591,Tiruchirappalli,0.75,-6.585555555555555
2024-07-12 23:00:00,591,Tiruchirappalli,0.75,-6.585555555555555
2024-07-13 00:00:00,591,Tiruchirappalli,0.5,-6.585555555555555
2024-07-13 01:00:00,591,Tiruchirappalli,0.5,-6.585555555555555
2024-07-13 02:00:00,591,Tiruchirappalli,0.5,-6.585555555555555
2024-07-13 13:00:00,591,Tiruchirappalli,0.5,-6.566555555555556
2024-07-13 18:00:00,591,Tiruchirappalli,0.5,-6.551222222222222
2024-07-14 03:00:00,591,Tiruchirappalli,54.0,-6.604333333333333
2024-07-14 04:00:00,591,Tiruchirappalli,52.75,-6.690333333333333
2024-07-14 06:00:00,591,Tiruchirappalli,0.5,-6.690333333333333
2024-07-14 13:00:00,591,Tiruchirappalli,0.5,-6.675666666666667
2024-07-14 22:00:00,591,Tiruchirappalli,0.5,-6.729666666666667
2024-07-15 06:00:00,591,Tiruchirappalli,0.5,-6.657
2024-07-15 13:00:00,591,Tiruchirappalli,0.5,-6.661666666666666
2024-07-15 18:00:00,591,Tiruchirappalli,0.5,-6.759222222222222
2024-07-16 00:00:00,591,Tiruchirappalli,0.5,-6.793111111111111
2024-07-16 03:00:00,591,Tiruchirappalli,0.75,-6.793111111111111
2024-07-16 04:00:00,591,Tiruchirappalli,27.5,-6.726222222222223
2024-07-16 05:00:00,591,Tiruchirappalli,40.0,-6.726222222222223
2024-07-16 06:00:00,591,Tiruchirappalli,12.25,-6.726222222222223
2024-07-16 07:00:00,591,Tiruchirappalli,0.5,-6.726222222222223
2024-07-16 19:00:00,591,Tiruchirappalli,87.0,-6.651666666666667
2024-07-16 20:00:00,591,Tiruchirappalli,9.0,-6.651666666666667
2024-07-16 21:00:00,591,Tiruchirappalli,3.0,-6.651666666666667
2024-07-16 22:00:00,591,Tiruchirappalli,0.5,-6.704111111111112
2024-07-16 23:00:00,591,Tiruchirappalli,2.0,-6.704111111111112
2024-07-17 00:00:00,591,Tiruchirappalli,2.0,-6.704111111111112
2024-07-17 01:00:00,591,Tiruchirappalli,1.5,-6.704111111111112
2024-07-17 03:00:00,591,Tiruchirappalli,1.0,-6.704111111111112
2024-07-17 09:00:00,591,Tiruchirappalli,1.5,-6.682888888888889
2024-07-17 10:00:00,591,Tiruchirappalli,1.0,-6.938777777777777
2024-07-17 11:00:00,591,Tiruchirappalli,0.5,-6.938777777777777
2024-07-17 14:00:00,591,Tiruchirappalli,1.0,-6.938777777777777
2024-07-18 01:00:00,591,Tiruchirappalli,0.5,-6.756666666666667
2024-07-18 03:00:00,591,Tiruchirappalli,0.5,-6.756666666666667
2024-07-18 07:00:00,591,Tiruchirappalli,0.5,-6.696777777777778
2024-07-18 20:00:00,591,Tiruchirappalli,1.0,-6.781
2024-07-19 10:00:00,591,Tiruchirappalli,0.5,-6.773
2024-07-19 11:00:00,591,Tiruchirappalli,3.5,-6.773
2024-07-19 13:00:00,591,Tiruchirappalli,0.5,-6.773
2024-07-19 15:00:00,591,Tiruchirappalli,1.0,-6.773
2024-07-19 16:00:00,591,Tiruchirappalli,3.0,-6.895
2024-07-20 17:00:00,591,Tiruchirappalli,0.5,-7.2267777777777775
2024-07-21 04:00:00,591,Tiruchirappalli,1.0,-6.926555555555556
2024-07-21 07:00:00,591,Tiruchirappalli,1.0,-6.926555555555556
2024-07-21 08:00:00,591,Tiruchirappalli,19.5,-6.926555555555556
2024-07-21 09:00:00,591,Tiruchirappalli,32.5,-6.926555555555556
2024-07-25 16:00:00,591,Tiruchirappalli,1.5,-7.387222222222222
2024-07-25 17:00:00,591,Tiruchirappalli,0.75,-7.387222222222222
2024-07-25 18:00:00,591,Tiruchirappalli,1.0,-7.387222222222222
2024-07-25 19:00:00,591,Tiruchirappalli,0.5,-7.387222222222222
2024-07-26 19:00:00,591,Tiruchirappalli,1.0,-7.237444444444445
2024-07-26 21:00:00,591,Tiruchirappalli,97.5,-7.237444444444445
2024-07-26 22:00:00,591,Tiruchirappalli,0.5,-7.274222222222223
2024-07-27 00:00:00,591,Tiruchirappalli,6.5,-7.274222222222223
2024-07-27 02:00:00,591,Tiruchirappalli,0.5,-7.274222222222223
2024-07-27 03:00:00,591,Tiruchirappalli,28.0,-7.274222222222223
2024-07-27 04:00:00,591,Tiruchirappalli,63.5,-7.210333333333334
2024-07-27 05:00:00,591,Tiruchirappalli,184.5,-7.210333333333334
2024-07-27 06:00:00,591,Tiruchirappalli,212.0,-7.210333333333334
2024-07-27 07:00:00,591,Tiruchirappalli,269.5,-7.210333333333334
2024-07-27 08:00:00,591,Tiruchirappalli,277.5,-7.210333333333334
2024-07-27 09:00:00,591,Tiruchirappalli,443.0,-7.210333333333334
2024-07-27 10:00:00,591,Tiruchirappalli,135.0,-7.330444444444445
2024-07-27 11:00:00,591,Tiruchirappalli,14.0,-7.330444444444445
2024-07-27 12:00:00,591,Tiruchirappalli,30.0,-7.330444444444445
2024-07-27 13:00:00,591,Tiruchirappalli,2.0,-7.330444444444445
2024-07-27 15:00:00,591,Tiruchirappalli,2.5,-7.330444444444445
2024-07-27 16:00:00,591,Tiruchirappalli,0.5,-7.38611111111111
2024-07-27 17:00:00,591,Tiruchirappalli,10.5,-7.38611111111111
2024-07-27 18:00:00,591,Tiruchirappalli,25.5,-7.38611111111111
2024-07-27 19:00:00,591,Tiruchirappalli,9.5,-7.38611111111111
2024-07-27 20:00:00,591,Tiruchirappalli,6.5,-7.38611111111111
2024-07-28 01:00:00,591,Tiruchirappalli,49.5,-7.286
2024-07-28 02:00:00,591,Tiruchirappalli,18.0,-7.286
2024-07-28 05:00:00,591,Tiruchirappalli,37.5,-7.2315555555555555
2024-07-28 06:00:00,591,Tiruchirappalli,21.5,-7.2315555555555555
2024-07-28 07:00:00,591,Tiruchirappalli,2.5,-7.2315555555555555
2024-07-28 20:00:00,591,Tiruchirappalli,8.0,-7.259777777777777
2024-07-28 21:00:00,591,Tiruchirappalli,38.5,-7.259777777777777
2024-07-28 22:00:00,591,Tiruchirappalli,30.0,-7.268555555555555
2024-07-28 23:00:00,591,Tiruchirappalli,13.0,-7.268555555555555
2024-07-29 04:00:00,591,Tiruchirappalli,47.0,-7.277111111111111
2024-07-29 05:00:00,591,Tiruchirappalli,6.0,-7.277111111111111
2024-07-29 06:00:00,591,Tiruchirappalli,57.5,-7.277111111111111
2024-07-29 07:00:00,591,Tiruchirappalli,3.0,-7.277111111111111
2024-07-29 08:00:00,591,Tiruchirappalli,52.5,-7.277111111111111
2024-07-29 09:00:00,591,Tiruchirappalli,37.0,-7.277111111111111
2024-07-29 10:00:00,591,Tiruchirappalli,43.0,-7.275777777777778
2024-07-29 11:00:00,591,Tiruchirappalli,26.5,-7.275777777777778
2024-07-29 12:00:00,591,Tiruchirappalli,22.0,-7.275777777777778
2024-07-29 13:00:00,591,Tiruchirappalli,50.0,-7.275777777777778
2024-07-29 16:00:00,591,Tiruchirappalli,23.5,-7.554777777777777
2024-07-29 17:00:00,591,Tiruchirappalli,30.0,-7.554777777777777
2024-07-29 18:00:00,591,Tiruchirappalli,8.0,-7.554777777777777
2024-07-29 19:00:00,591,Tiruchirappalli,14.0,-7.554777777777777
2024-07-29 20:00:00,591,Tiruchirappalli,9.5,-7.554777777777777
2024-07-29 21:00:00,591,Tiruchirappalli,26.5,-7.554777777777777
2024-07-29 22:00:00,591,Tiruchirappalli,31.0,-7.5937777777777775
2024-07-29 23:00:00,591,Tiruchirappalli,18.5,-7.5937777777777775
2024-07-30 00:00:00,591,Tiruchirappalli,18.0,-7.5937777777777775
2024-07-30 01:00:00,591,Tiruchirappalli,10.0,-7.5937777777777775
2024-07-30 02:00:00,591,Tiruchirappalli,23.5,-7.5937777777777775
2024-07-30 03:00:00,591,Tiruchirappalli,13.5,-7.5937777777777775
2024-07-30 04:00:00,591,Tiruchirappalli,2.0,-7.416444444444445
2024-07-30 07:00:00,591,Tiruchirappalli,45.5,-7.416444444444445
2024-07-30 08:00:00,591,Tiruchirappalli,110.0,-7.416444444444445
2024-07-30 09:00:00,591,Tiruchirappalli,36.5,-7.416444444444445
2024-07-30 10:00:00,591,Tiruchirappalli,50.5,-7.415888888888888
2024-07-30 11:00:00,591,Tiruchirappalli,41.5,-7.415888888888888
2024-07-30 12:00:00,591,Tiruchirappalli,29.0,-7.415888888888888
2024-07-30 15:00:00,591,Tiruchirappalli,1.0,-7.415888888888888
2024-07-31 13:00:00,591,Tiruchirappalli,4.0,-7.504
2024-08-01 20:00:00,591,Tiruchirappalli,20.0,-7.556333333333334
2024-08-01 21:00:00,591,Tiruchirappalli,2.0,-7.556333333333334
2024-08-01 22:00:00,591,Tiruchirappalli,0.75,-7.535777777777778
2024-08-01 23:00:00,591,Tiruchirappalli,1.0,-7.535777777777778
2024-08-02 00:00:00,591,Tiruchirappalli,1.0,-7.535777777777778
2024-08-02 01:00:00,591,Tiruchirappalli,0.5,-7.535777777777778
2024-08-02 02:00:00,591,Tiruchirappalli,0.5,-7.535777777777778
2024-08-02 03:00:00,591,Tiruchirappalli,1.0,-7.535777777777778
2024-08-02 16:00:00,591,Tiruchirappalli,0.5,-7.702
2024-08-02 23:00:00,591,Tiruchirappalli,0.5,-7.616333333333333
2024-08-03 07:00:00,591,Tiruchirappalli,0.5,-7.511666666666667
2024-08-04 21:00:00,591,Tiruchirappalli,0.5,-7.499555555555555
2024-08-04 23:00:00,591,Tiruchirappalli,0.5,-7.450333333333333
2024-08-05 00:00:00,591,Tiruchirappalli,4.0,-7.450333333333333
2024-08-05 01:00:00,591,Tiruchirappalli,0.5,-7.450333333333333
2024-08-05 02:00:00,591,Tiruchirappalli,1.0,-7.450333333333333
2024-08-05 03:00:00,591,Tiruchirappalli,0.5,-7.450333333333333
2024-08-05 04:00:00,591,Tiruchirappalli,2.0,-7.375111111111112
2024-08-05 05:00:00,591,Tiruchirappalli,2.0,-7.375111111111112
2024-08-05 06:00:00,591,Tiruchirappalli,3.0,-7.375111111111112
2024-08-05 13:00:00,591,Tiruchirappalli,0.5,-7.620666666666667
2024-08-05 18:00:00,591,Tiruchirappalli,0.5,-7.607222222222223
2024-08-05 21:00:00,591,Tiruchirappalli,1.0,-7.607222222222223
2024-08-05 22:00:00,591,Tiruchirappalli,10.25,-7.508777777777777
2024-08-05 23:00:00,591,Tiruchirappalli,0.75,-7.508777777777777
2024-08-06 00:00:00,591,Tiruchirappalli,0.5,-7.508777777777777
2024-08-06 01:00:00,591,Tiruchirappalli,1.0,-7.508777777777777
2024-08-06 02:00:00,591,Tiruchirappalli,0.5,-7.508777777777777
2024-08-06 20:00:00,591,Tiruchirappalli,2.5,-7.502777777777778
2024-08-06 21:00:00,591,Tiruchirappalli,1.875,-7.502777777777778
2024-08-06 22:00:00,591,Tiruchirappalli,2.0,-7.419777777777778
2024-08-06 23:00:00,591,Tiruchirappalli,1.0,-7.419777777777778
2024-08-07 00:00:00,591,Tiruchirappalli,0.5,-7.419777777777778
2024-08-07 04:00:00,591,Tiruchirappalli,0.5,-7.330222222222223
2024-08-07 05:00:00,591,Tiruchirappalli,0.5,-7.330222222222223
2024-08-07 18:00:00,591,Tiruchirappalli,6.0,-7.372555555555555
2024-08-07 19:00:00,591,Tiruchirappalli,11.0,-7.372555555555555
2024-08-07 21:00:00,591,Tiruchirappalli,1.5,-7.372555555555555
2024-08-07 23:00:00,591,Tiruchirappalli,1.0,-7.284666666666666
2024-08-09 01:00:00,591,Tiruchirappalli,0.5,-7.450444444444445
2024-08-09 22:00:00,591,Tiruchirappalli,2.5,-7.684714285714286
2024-08-09 23:00:00,591,Tiruchirappalli,11.5,-7.684714285714286
2024-08-10 03:00:00,591,Tiruchirappalli,5.0,-7.684714285714286
2024-08-10 20:00:00,591,Tiruchirappalli,2.0,-7.622625
2024-08-10 21:00:00,591,Tiruchirappalli,1.5,-7.622625
2024-08-10 22:00:00,591,Tiruchirappalli,2.0,-7.48175
2024-08-10 23:00:00,591,Tiruchirappalli,0.5,-7.48175
2024-08-11 11:00:00,591,Tiruchirappalli,0.5,-6.8435
2024-08-11 21:00:00,591,Tiruchirappalli,5.0,-5.3518
2024-08-11 22:00:00,591,Tiruchirappalli,21.0,-5.3482
2024-08-13 01:00:00,591,Tiruchirappalli,25.5,-7.355625
2024-08-13 02:00:00,591,Tiruchirappalli,1.0,-7.355625
2024-08-13 04:00:00,591,Tiruchirappalli,0.5,-8.114428571428572
2024-08-13 14:00:00,591,Tiruchirappalli,1.0,-8.140285714285714
2024-08-14 07:00:00,591,Tiruchirappalli,1.5,-6.2261428571428565
2024-08-14 08:00:00,591,Tiruchirappalli,1.5,-6.2261428571428565
2024-08-14 09:00:00,591,Tiruchirappalli,0.5,-6.2261428571428565
2024-08-14 15:00:00,591,Tiruchirappalli,1.0,-5.675285714285715
2024-08-14 19:00:00,591,Tiruchirappalli,20.0,-7.373555555555555
2024-08-14 20:00:00,591,Tiruchirappalli,13.25,-7.373555555555555
2024-08-14 21:00:00,591,Tiruchirappalli,1.0,-7.373555555555555
2024-08-14 22:00:00,591,Tiruchirappalli,0.5,-7.315666666666668
2024-08-14 23:00:00,591,Tiruchirappalli,72.0,-7.315666666666668
2024-08-15 00:00:00,591,Tiruchirappalli,39.5,-7.315666666666668
2024-08-15 01:00:00,591,Tiruchirappalli,8.0,-7.315666666666668
2024-08-16 04:00:00,591,Tiruchirappalli,0.5,-7.114888888888888
2024-08-16 05:00:00,591,Tiruchirappalli,2.0,-7.114888888888888
2024-08-17 08:00:00,591,Tiruchirappalli,36.0,-6.289857142857143
2024-08-17 13:00:00,591,Tiruchirappalli,0.5,-6.313285714285714
2024-08-17 15:00:00,591,Tiruchirappalli,0.5,-6.313285714285714
2024-08-17 17:00:00,591,Tiruchirappalli,1.0,-6.292166666666667
2024-08-17 18:00:00,591,Tiruchirappalli,1.0,-6.292166666666667
2024-08-17 19:00:00,591,Tiruchirappalli,0.5,-6.292166666666667
2024-08-18 01:00:00,591,Tiruchirappalli,154.0,-6.293166666666667
2024-08-18 20:00:00,591,Tiruchirappalli,3.5,-5.945
2024-08-18 21:00:00,591,Tiruchirappalli,3.0,-5.945
2024-08-18 22:00:00,591,Tiruchirappalli,2.0,-5.9006
2024-08-19 16:00:00,591,Tiruchirappalli,3.0,-4.013
2024-08-19 17:00:00,591,Tiruchirappalli,7.5,-4.013
2024-08-19 18:00:00,591,Tiruchirappalli,11.75,-4.013
2024-08-19 19:00:00,591,Tiruchirappalli,0.5,-4.013
2024-08-19 20:00:00,591,Tiruchirappalli,0.5,-4.013
2024-08-19 21:00:00,591,Tiruchirappalli,0.5,-4.013
2024-08-20 00:00:00,591,Tiruchirappalli,0.5,-3.9988
2024-08-20 21:00:00,591,Tiruchirappalli,1.25,-6.946166666666667
2024-08-20 23:00:00,591,Tiruchirappalli,0.5,-6.831166666666667
2024-08-21 12:00:00,591,Tiruchirappalli,1.0,-6.649
2024-08-23 19:00:00,591,Tiruchirappalli,1.0,-6.493222222222222
2024-08-23 20:00:00,591,Tiruchirappalli,8.5,-6.493222222222222
2024-08-23 21:00:00,591,Tiruchirappalli,4.5,-6.493222222222222
2024-08-25 19:00:00,591,Tiruchirappalli,2.5,-6.979142857142857
2024-08-25 20:00:00,591,Tiruchirappalli,2.0,-6.979142857142857
2024-08-26 01:00:00,591,Tiruchirappalli,0.5,-6.939285714285715
2024-08-27 19:00:00,591,Tiruchirappalli,1.0,-6.412166666666667
2024-08-29 01:00:00,591,Tiruchirappalli,0.5,-6.628444444444444
2024-08-29 03:00:00,591,Tiruchirappalli,0.5,-6.628444444444444
2024-08-29 07:00:00,591,Tiruchirappalli,0.5,-6.503444444444444
2024-08-29 08:00:00,591,Tiruchirappalli,0.5,-6.503444444444444
2024-08-29 09:00:00,591,Tiruchirappalli,1.0,-6.503444444444444
2024-08-29 12:00:00,591,Tiruchirappalli,1.0,-6.527777777777778
2024-08-29 17:00:00,591,Tiruchirappalli,4.0,-6.745555555555556
2024-08-29 18:00:00,591,Tiruchirappalli,5.5,-6.745555555555556
2024-08-29 19:00:00,591,Tiruchirappalli,1.5,-6.745555555555556
2024-08-29 20:00:00,591,Tiruchirappalli,9.0,-6.745555555555556
2024-08-29 21:00:00,591,Tiruchirappalli,2.5,-6.745555555555556
2024-08-29 22:00:00,591,Tiruchirappalli,1.5,-6.634555555555555
2024-08-29 23:00:00,591,Tiruchirappalli,0.5,-6.634555555555555
2024-08-30 00:00:00,591,Tiruchirappalli,0.5,-6.634555555555555
2024-08-30 08:00:00,591,Tiruchirappalli,0.5,-6.523555555555556
2024-08-30 20:00:00,591,Tiruchirappalli,0.5,-6.847111111111111
2024-08-31 17:00:00,591,Tiruchirappalli,1.5,-6.607444444444444
2024-08-31 18:00:00,591,Tiruchirappalli,0.5,-6.607444444444444
2024-09-02 02:00:00,591,Tiruchirappalli,1.5,-6.8133333333333335
2024-09-02 03:00:00,591,Tiruchirappalli,3.5,-6.8133333333333335
2024-09-02 04:00:00,591,Tiruchirappalli,5.0,-6.566111111111111
2024-09-02 05:00:00,591,Tiruchirappalli,6.5,-6.566111111111111
2024-09-02 19:00:00,591,Tiruchirappalli,3.5,-6.623444444444445
2024-09-03 00:00:00,591,Tiruchirappalli,1.5,-6.549222222222222
2024-09-05 20:00:00,591,Tiruchirappalli,0.5,-6.633444444444445
2024-09-08 17:00:00,591,Tiruchirappalli,0.5,-6.765888888888889
2024-09-08 19:00:00,591,Tiruchirappalli,2.0,-6.765888888888889
2024-09-12 16:45:00,591,Tiruchirappalli,2.0,-6.943999999999999
2024-09-12 17:00:00,591,Tiruchirappalli,2.0,-6.943999999999999
2024-09-21 23:00:00,591,Tiruchirappalli,0.5,-7.006333333333334
2024-09-22 01:00:00,591,Tiruchirappalli,0.5,-7.006333333333334
2024-09-22 04:00:00,591,Tiruchirappalli,0.5,-6.991777777777778
2024-09-23 20:00:00,591,Tiruchirappalli,1.5,-7.049777777777777
2024-09-23 21:00:00,591,Tiruchirappalli,2.5,-7.049777777777777
2024-09-23 22:00:00,591,Tiruchirappalli,1.25,-7.014333333333333
2024-09-23 23:00:00,591,Tiruchirappalli,1.5,-7.014333333333333
2024-09-24 00:00:00,591,Tiruchirappalli,1.0,-7.014333333333333
2024-09-24 01:00:00,591,Tiruchirappalli,0.5,-7.014333333333333
2024-09-24 20:00:00,591,Tiruchirappalli,0.5,-7.197555555555557
2024-09-25 13:00:00,591,Tiruchirappalli,0.5,-7.112111111111111
2024-09-26 02:00:00,591,Tiruchirappalli,0.5,-7.051666666666667
2024-09-28 00:00:00,591,Tiruchirappalli,16.0,-6.86325
2024-09-28 01:00:00,591,Tiruchirappalli,1.5,-6.86325
2024-09-28 19:00:00,591,Tiruchirappalli,1.5,-6.9795
2024-09-28 20:00:00,591,Tiruchirappalli,4.5,-6.9795
2024-09-28 21:00:00,591,Tiruchirappalli,1.0,-6.9795
2024-09-28 22:00:00,591,Tiruchirappalli,1.5,-6.834
2024-09-29 14:00:00,591,Tiruchirappalli,0.5,-6.899625
2024-09-29 16:00:00,591,Tiruchirappalli,3.5,-7.022375
2024-09-30 09:00:00,591,Tiruchirappalli,0.5,-6.83875
2024-09-30 12:00:00,591,Tiruchirappalli,0.5,-6.838875
2024-10-01 21:00:00,591,Tiruchirappalli,1.0,-6.794625
2024-10-02 05:00:00,591,Tiruchirappalli,0.5,-6.733499999999999
2024-10-03 04:00:00,591,Tiruchirappalli,0.5,-7.713285714285713
2024-10-04 11:25:00,591,Tiruchirappalli,0.5,-6.54175
2024-10-04 11:30:00,591,Tiruchirappalli,0.5,-6.54175
2024-10-04 13:00:00,591,Tiruchirappalli,6.5,-6.54175
2024-10-04 14:00:00,591,Tiruchirappalli,0.5,-6.54175
2024-10-04 15:00:00,591,Tiruchirappalli,10.0,-6.54175
2024-10-04 17:00:00,591,Tiruchirappalli,1.5,-7.098000000000001
2024-10-04 18:00:00,591,Tiruchirappalli,1.0,-7.098000000000001
2024-10-04 19:00:00,591,Tiruchirappalli,39.25,-7.098000000000001
2024-10-04 20:00:00,591,Tiruchirappalli,2.8,-7.098000000000001
2024-10-04 21:00:00,591,Tiruchirappalli,2.75,-7.098000000000001
2024-10-04 22:00:00,591,Tiruchirappalli,2.8,-6.9818750000000005
2024-10-04 23:00:00,591,Tiruchirappalli,1.9,-6.9818750000000005
2024-10-05 00:00:00,591,Tiruchirappalli,2.375,-6.9818750000000005
2024-10-05 01:00:00,591,Tiruchirappalli,3.0,-6.9818750000000005
2024-10-05 02:00:00,591,Tiruchirappalli,3.0,-6.9818750000000005
2024-10-05 03:00:00,591,Tiruchirappalli,1.3333333333333333,-6.9818750000000005
2024-10-05 04:00:00,591,Tiruchirappalli,1.5,-6.916
2024-10-05 05:00:00,591,Tiruchirappalli,1.0,-6.916
2024-10-05 08:00:00,591,Tiruchirappalli,0.5,-6.916
2024-10-05 21:00:00,591,Tiruchirappalli,18.0,-6.939625
2024-10-05 22:00:00,591,Tiruchirappalli,0.5,-6.934375
2024-10-05 23:00:00,591,Tiruchirappalli,1.0,-6.934375
2024-10-06 00:00:00,591,Tiruchirappalli,1.5,-6.934375
2024-10-06 01:00:00,591,Tiruchirappalli,2.333333333333333,-6.934375
2024-10-06 02:00:00,591,Tiruchirappalli,3.0,-6.934375
2024-10-06 03:00:00,591,Tiruchirappalli,0.5,-6.934375
2024-10-06 04:00:00,591,Tiruchirappalli,0.5,-6.850375
2024-10-06 06:00:00,591,Tiruchirappalli,0.5,-6.850375
2024-10-06 18:00:00,591,Tiruchirappalli,0.5,-6.759875
2024-10-07 21:00:00,591,Tiruchirappalli,0.5,-6.9731250000000005
2024-10-07 22:00:00,591,Tiruchirappalli,0.5,-6.758375
2024-10-07 23:00:00,591,Tiruchirappalli,2.75,-6.758375
2024-10-08 00:00:00,591,Tiruchirappalli,1.5,-6.758375
2024-10-08 01:00:00,591,Tiruchirappalli,0.5,-6.758375
2024-10-08 02:00:00,591,Tiruchirappalli,0.5,-6.758375
2024-10-08 17:00:00,591,Tiruchirappalli,15.0,-6.716375
2024-10-08 18:00:00,591,Tiruchirappalli,1.5,-6.716375
2024-10-08 19:00:00,591,Tiruchirappalli,25.0,-6.716375
2024-10-08 20:00:00,591,Tiruchirappalli,5.75,-6.716375
2024-10-08 21:00:00,591,Tiruchirappalli,4.75,-6.716375
2024-10-08 22:00:00,591,Tiruchirappalli,1.6666666666666667,-6.627375
2024-10-08 23:00:00,591,Tiruchirappalli,0.5,-6.627375
2024-10-09 00:00:00,591,Tiruchirappalli,1.5,-6.627375
2024-10-09 01:00:00,591,Tiruchirappalli,1.0,-6.627375
2024-10-09 02:00:00,591,Tiruchirappalli,0.5,-6.627375
2024-10-09 14:00:00,591,Tiruchirappalli,2.5,-6.61825
2024-10-09 15:00:00,591,Tiruchirappalli,1.0,-6.61825
2024-10-09 22:00:00,591,Tiruchirappalli,5.0,-6.6075
2024-10-09 23:00:00,591,Tiruchirappalli,13.0,-6.6075
2024-10-10 07:00:00,591,Tiruchirappalli,0.5,-6.54425
2024-10-10 13:00:00,591,Tiruchirappalli,10.0,-6.560499999999999
2024-10-10 14:00:00,591,Tiruchirappalli,1.5,-6.560499999999999
2024-10-10 15:00:00,591,Tiruchirappalli,7.5,-6.560499999999999
2024-10-10 16:00:00,591,Tiruchirappalli,10.5,-6.545
2024-10-10 17:00:00,591,Tiruchirappalli,1.0,-6.545
2024-10-10 20:00:00,591,Tiruchirappalli,36.0,-6.545
2024-10-10 21:00:00,591,Tiruchirappalli,2.0,-6.545
2024-10-10 22:00:00,591,Tiruchirappalli,1.0,-6.46225
2024-10-11 00:00:00,591,Tiruchirappalli,1.0,-6.46225
2024-10-11 12:00:00,591,Tiruchirappalli,0.5,-6.411875
2024-10-11 13:00:00,591,Tiruchirappalli,1.0,-6.411875
2024-10-11 16:00:00,591,Tiruchirappalli,2.25,-6.450374999999999
2024-10-11 18:00:00,591,Tiruchirappalli,12.5,-6.450374999999999
2024-10-11 20:00:00,591,Tiruchirappalli,0.5,-6.450374999999999
2024-10-12 05:00:00,591,Tiruchirappalli,7.5,-6.263875
2024-10-12 06:00:00,591,Tiruchirappalli,13.5,-6.263875
2024-10-12 07:00:00,591,Tiruchirappalli,10.5,-6.263875
2024-10-12 08:00:00,591,Tiruchirappalli,1.0,-6.263875
2024-10-12 09:00:00,591,Tiruchirappalli,5.0,-6.263875
2024-10-12 13:00:00,591,Tiruchirappalli,4.5,-6.192714285714286
2024-10-12 21:00:00,591,Tiruchirappalli,0.5,-6.279857142857144
2024-10-12 22:00:00,591,Tiruchirappalli,1.8333333333333333,-6.187285714285714
2024-10-12 23:00:00,591,Tiruchirappalli,40.0,-6.187285714285714
2024-10-13 00:00:00,591,Tiruchirappalli,39.0,-6.187285714285714
2024-10-13 01:00:00,591,Tiruchirappalli,2.0,-6.187285714285714
2024-10-13 02:00:00,591,Tiruchirappalli,4.166666666666667,-6.187285714285714
2024-10-13 03:00:00,591,Tiruchirappalli,1.25,-6.187285714285714
2024-10-13 04:00:00,591,Tiruchirappalli,15.25,-5.923
2024-10-13 06:00:00,591,Tiruchirappalli,0.5,-5.923
2024-10-13 07:00:00,591,Tiruchirappalli,0.5,-5.923
2024-10-13 12:00:00,591,Tiruchirappalli,0.5,-5.779857142857144
2024-10-13 17:00:00,591,Tiruchirappalli,1.5,-5.686285714285715
2024-10-13 18:00:00,591,Tiruchirappalli,13.5,-5.686285714285715
2024-10-14 01:00:00,591,Tiruchirappalli,0.5,-5.5920000000000005
2024-10-14 14:00:00,591,Tiruchirappalli,0.5,-5.439571428571428
2024-10-14 16:00:00,591,Tiruchirappalli,2.25,-5.397857142857142
2024-10-14 17:00:00,591,Tiruchirappalli,2.25,-5.397857142857142
2024-10-14 18:00:00,591,Tiruchirappalli,1.0,-5.397857142857142
2024-10-14 19:00:00,591,Tiruchirappalli,0.5,-5.397857142857142
2024-10-14 20:00:00,591,Tiruchirappalli,0.5,-5.397857142857142
2024-10-14 21:00:00,591,Tiruchirappalli,1.0,-5.397857142857142
2024-10-14 22:00:00,591,Tiruchirappalli,6.5,-5.276000000000001
2024-10-14 23:00:00,591,Tiruchirappalli,3.0,-5.276000000000001
2024-10-15 00:00:00,591,Tiruchirappalli,0.8333333333333334,-5.276000000000001
2024-10-15 11:00:00,591,Tiruchirappalli,1.5,-5.233
2024-10-15 12:00:00,591,Tiruchirappalli,7.0,-5.233
2024-10-15 14:00:00,591,Tiruchirappalli,1.5,-5.233
2024-10-15 18:00:00,591,Tiruchirappalli,1.0,-5.248571428571428
2024-10-15 19:00:00,591,Tiruchirappalli,8.5,-5.248571428571428
2024-10-15 20:00:00,591,Tiruchirappalli,1.25,-5.248571428571428
2024-10-16 05:00:00,591,Tiruchirappalli,0.5,-5.032285714285714
2024-10-16 09:35:00,591,Tiruchirappalli,1.5,-5.025285714285714
2024-10-16 09:40:00,591,Tiruchirappalli,2.0,-5.025285714285714
2024-10-16 09:45:00,591,Tiruchirappalli,2.0,-5.025285714285714
2024-10-16 09:50:00,591,Tiruchirappalli,2.0,-5.025285714285714
2024-10-16 09:55:00,591,Tiruchirappalli,2.0,-5.025285714285714
2024-10-16 10:00:00,591,Tiruchirappalli,2.0,-5.025285714285714
2024-10-17 18:00:00,591,Tiruchirappalli,5.5,-5.2504285714285714
2024-10-17 19:00:00,591,Tiruchirappalli,11.0,-5.2504285714285714
2024-10-18 21:00:00,591,Tiruchirappalli,2.0,-4.899285714285715
2024-10-18 22:00:00,591,Tiruchirappalli,8.5,-5.040571428571428
2024-10-18 23:00:00,591,Tiruchirappalli,1.5,-5.040571428571428
2024-10-18 23:55:00,591,Tiruchirappalli,0.5,-5.040571428571428
2024-10-19 00:00:00,591,Tiruchirappalli,8.666666666666666,-5.040571428571428
2024-10-19 00:05:00,591,Tiruchirappalli,2.0,-5.040571428571428
2024-10-19 00:10:00,591,Tiruchirappalli,5.0,-5.040571428571428
2024-10-19 00:15:00,591,Tiruchirappalli,9.0,-5.040571428571428
2024-10-19 00:20:00,591,Tiruchirappalli,12.0,-5.040571428571428
2024-10-19 00:25:00,591,Tiruchirappalli,15.5,-5.040571428571428
2024-10-19 00:30:00,591,Tiruchirappalli,18.0,-5.040571428571428
2024-10-19 00:35:00,591,Tiruchirappalli,19.5,-5.040571428571428
2024-10-19 00:40:00,591,Tiruchirappalli,20.0,-5.040571428571428
2024-10-19 00:45:00,591,Tiruchirappalli,20.5,-5.040571428571428
2024-10-19 00:50:00,591,Tiruchirappalli,20.5,-5.040571428571428
2024-10-19 00:55:00,591,Tiruchirappalli,21.0,-5.040571428571428
2024-10-19 01:00:00,591,Tiruchirappalli,7.333333333333333,-5.040571428571428
2024-10-19 02:00:00,591,Tiruchirappalli,0.5,-5.040571428571428
2024-10-20 17:00:00,591,Tiruchirappalli,0.5,-5.271999999999999
2024-10-20 20:00:00,591,Tiruchirappalli,0.5,-5.271999999999999
2024-10-20 21:00:00,591,Tiruchirappalli,0.5,-5.271999999999999
2024-10-20 22:00:00,591,Tiruchirappalli,0.5,-4.974857142857142
2024-10-21 09:00:00,591,Tiruchirappalli,3.0,-4.842142857142856
2024-10-21 10:00:00,591,Tiruchirappalli,9.75,-4.835571428571429
2024-10-21 15:00:00,591,Tiruchirappalli,3.5,-4.835571428571429
2024-10-22 02:00:00,591,Tiruchirappalli,0.5,-4.707714285714286
2024-10-22 03:00:00,591,Tiruchirappalli,0.5,-4.707714285714286
2024-10-22 07:00:00,591,Tiruchirappalli,0.5,-4.642285714285714
2024-10-22 10:00:00,591,Tiruchirappalli,0.5,-4.620857142857143
2024-10-22 12:00:00,591,Tiruchirappalli,1.0,-4.620857142857143
2024-10-22 15:00:00,591,Tiruchirappalli,0.5,-4.620857142857143
2024-10-22 16:00:00,591,Tiruchirappalli,21.0,-4.602428571428571
2024-10-22 17:00:00,591,Tiruchirappalli,17.5,-4.602428571428571
2024-10-22 18:00:00,591,Tiruchirappalli,2.5,-4.602428571428571
2024-10-22 21:00:00,591,Tiruchirappalli,0.5,-4.602428571428571
2024-10-23 09:00:00,591,Tiruchirappalli,0.5,-4.513285714285714
2024-10-23 10:00:00,591,Tiruchirappalli,0.5,-4.535857142857143
2024-10-23 11:00:00,591,Tiruchirappalli,1.5,-4.535857142857143
2024-10-23 12:00:00,591,Tiruchirappalli,0.5,-4.535857142857143
2024-10-23 15:00:00,591,Tiruchirappalli,0.5,-4.535857142857143
2024-10-23 16:00:00,591,Tiruchirappalli,3.75,-4.543142857142857
2024-10-23 17:00:00,591,Tiruchirappalli,3.0,-4.543142857142857
2024-10-24 01:00:00,591,Tiruchirappalli,0.5,-4.454428571428571
2024-10-24 10:00:00,591,Tiruchirappalli,0.5,-4.635142857142857
2024-10-24 11:00:00,591,Tiruchirappalli,1.0,-4.635142857142857
2024-10-24 12:00:00,591,Tiruchirappalli,1.0,-4.635142857142857
2024-10-24 14:00:00,591,Tiruchirappalli,0.5,-4.635142857142857
2024-10-24 15:00:00,591,Tiruchirappalli,0.5,-4.635142857142857
2024-10-24 17:00:00,591,Tiruchirappalli,3.5,-4.950142857142857
2024-10-24 20:00:00,591,Tiruchirappalli,11.0,-4.950142857142857
2024-10-24 21:00:00,591,Tiruchirappalli,10.625,-4.950142857142857
2024-10-24 22:00:00,591,Tiruchirappalli,5.25,-4.6207142857142856
2024-10-24 23:00:00,591,Tiruchirappalli,2.1666666666666665,-4.6207142857142856
2024-10-25 00:00:00,591,Tiruchirappalli,1.1666666666666667,-4.6207142857142856
2024-10-25 01:00:00,591,Tiruchirappalli,2.1,-4.6207142857142856
2024-10-25 02:00:00,591,Tiruchirappalli,1.9,-4.6207142857142856
2024-10-25 03:00:00,591,Tiruchirappalli,0.6666666666666666,-4.6207142857142856
2024-10-25 04:00:00,591,Tiruchirappalli,4.0,-4.412857142857143
2024-10-25 05:00:00,591,Tiruchirappalli,1.5,-4.412857142857143
2024-10-25 09:00:00,591,Tiruchirappalli,0.5,-4.412857142857143
2024-10-25 13:00:00,591,Tiruchirappalli,0.5,-4.463285714285715
2024-10-25 14:00:00,591,Tiruchirappalli,1.0,-4.463285714285715
2024-10-25 15:00:00,591,Tiruchirappalli,1.5,-4.463285714285715
2024-10-25 16:00:00,591,Tiruchirappalli,15.5,-4.386428571428572
2024-10-25 18:00:00,591,Tiruchirappalli,0.5,-4.386428571428572
2024-10-25 19:00:00,591,Tiruchirappalli,0.8333333333333334,-4.386428571428572
2024-10-25 20:00:00,591,Tiruchirappalli,2.5,-4.386428571428572
2024-10-25 21:00:00,591,Tiruchirappalli,0.6666666666666666,-4.386428571428572
2024-10-26 14:00:00,591,Tiruchirappalli,4.5,-4.261714285714286
2024-10-26 15:00:00,591,Tiruchirappalli,2.5,-4.261714285714286
2024-10-26 16:00:00,591,Tiruchirappalli,2.5,-4.2051428571428575
2024-10-26 17:00:00,591,Tiruchirappalli,2.0,-4.2051428571428575
2024-10-26 18:00:00,591,Tiruchirappalli,2.0,-4.2051428571428575
2024-10-26 19:00:00,591,Tiruchirappalli,1.5,-4.2051428571428575
2024-10-26 20:00:00,591,Tiruchirappalli,1.0,-4.2051428571428575
2024-10-26 21:00:00,591,Tiruchirappalli,1.5,-4.2051428571428575
2024-10-26 22:00:00,591,Tiruchirappalli,1.75,-4.117285714285715
2024-10-26 23:00:00,591,Tiruchirappalli,1.0,-4.117285714285715
2024-10-27 00:00:00,591,Tiruchirappalli,0.6666666666666666,-4.117285714285715
2024-10-27 01:00:00,591,Tiruchirappalli,1.0,-4.117285714285715
2024-10-27 02:00:00,591,Tiruchirappalli,1.0,-4.117285714285715
2024-10-27 03:00:00,591,Tiruchirappalli,1.0,-4.117285714285715
2024-10-27 04:00:00,591,Tiruchirappalli,1.0,-4.103714285714285
2024-10-27 05:00:00,591,Tiruchirappalli,0.5,-4.103714285714285
2024-10-27 06:00:00,591,Tiruchirappalli,0.5,-4.103714285714285
2024-10-27 07:00:00,591,Tiruchirappalli,1.0,-4.103714285714285
2024-10-27 08:00:00,591,Tiruchirappalli,0.5,-4.103714285714285
2024-10-27 09:00:00,591,Tiruchirappalli,1.0,-4.103714285714285
2024-10-27 10:00:00,591,Tiruchirappalli,0.5,-4.1240000000000006
2024-10-27 11:00:00,591,Tiruchirappalli,1.0,-4.1240000000000006
2024-10-27 12:00:00,591,Tiruchirappalli,0.5,-4.1240000000000006
2024-10-27 13:00:00,591,Tiruchirappalli,1.0,-4.1240000000000006
2024-10-27 14:00:00,591,Tiruchirappalli,0.5,-4.1240000000000006
2024-10-27 15:00:00,591,Tiruchirappalli,0.5,-4.1240000000000006
2024-10-27 16:00:00,591,Tiruchirappalli,0.5,-4.1127142857142855
2024-10-27 17:00:00,591,Tiruchirappalli,1.0,-4.1127142857142855
2024-10-27 18:00:00,591,Tiruchirappalli,0.5,-4.1127142857142855
2024-10-27 19:00:00,591,Tiruchirappalli,0.5,-4.1127142857142855
2024-10-27 20:00:00,591,Tiruchirappalli,0.5,-4.1127142857142855
2024-10-27 21:00:00,591,Tiruchirappalli,0.5,-4.1127142857142855
2024-10-27 22:00:00,591,Tiruchirappalli,0.5,-4.055571428571429
2024-10-27 23:00:00,591,Tiruchirappalli,0.5,-4.055571428571429
2024-10-28 00:00:00,591,Tiruchirappalli,0.5,-4.055571428571429
2024-10-28 01:00:00,591,Tiruchirappalli,0.5,-4.055571428571429
2024-10-28 02:00:00,591,Tiruchirappalli,0.5,-4.055571428571429
2024-10-28 04:00:00,591,Tiruchirappalli,0.5,-4.057714285714286
2024-10-28 05:00:00,591,Tiruchirappalli,0.5,-4.057714285714286
2024-10-28 07:00:00,591,Tiruchirappalli,0.5,-4.057714285714286
2024-10-28 08:00:00,591,Tiruchirappalli,0.5,-4.057714285714286
2024-10-28 09:00:00,591,Tiruchirappalli,0.5,-4.057714285714286
2024-10-28 11:00:00,591,Tiruchirappalli,0.5,-4.184285714285714
2024-10-28 12:00:00,591,Tiruchirappalli,0.5,-4.184285714285714
2024-10-28 13:00:00,591,Tiruchirappalli,0.5,-4.184285714285714
2024-10-28 14:00:00,591,Tiruchirappalli,0.5,-4.184285714285714
2024-10-28 16:00:00,591,Tiruchirappalli,0.5,-4.472571428571428
2024-10-28 17:00:00,591,Tiruchirappalli,0.5,-4.472571428571428
2024-10-28 23:00:00,591,Tiruchirappalli,9.0,-4.198285714285714
2024-10-29 00:00:00,591,Tiruchirappalli,5.5,-4.198285714285714
2024-10-29 01:00:00,591,Tiruchirappalli,0.5,-4.198285714285714
2024-10-31 18:00:00,591,Tiruchirappalli,0.5,-3.6515
2024-10-31 22:00:00,591,Tiruchirappalli,0.5,-3.6375
2024-11-01 13:00:00,591,Tiruchirappalli,2.0,-4.149714285714286
2024-11-01 14:00:00,591,Tiruchirappalli,1.5,-4.149714285714286
2024-11-01 15:00:00,591,Tiruchirappalli,4.75,-4.149714285714286
2024-11-01 16:00:00,591,Tiruchirappalli,0.5,-4.397142857142858
2024-11-01 17:00:00,591,Tiruchirappalli,2.25,-4.397142857142858
2024-11-02 09:00:00,591,Tiruchirappalli,0.5,-4.073285714285714
2024-11-02 11:00:00,591,Tiruchirappalli,0.5,-4.119142857142857
2024-11-02 13:00:00,591,Tiruchirappalli,4.0,-4.119142857142857
2024-11-02 14:00:00,591,Tiruchirappalli,33.0,-4.119142857142857
2024-11-02 16:00:00,591,Tiruchirappalli,5.0,-4.046714285714286
2024-11-02 17:00:00,591,Tiruchirappalli,3.0,-4.046714285714286
2024-11-02 18:00:00,591,Tiruchirappalli,5.5,-4.046714285714286
2024-11-02 19:00:00,591,Tiruchirappalli,10.625,-4.046714285714286
2024-11-02 20:00:00,591,Tiruchirappalli,5.625,-4.046714285714286
2024-11-02 21:00:00,591,Tiruchirappalli,2.0,-4.046714285714286
2024-11-02 22:00:00,591,Tiruchirappalli,1.0,-3.9975714285714288
2024-11-03 04:00:00,591,Tiruchirappalli,0.5,-4.019666666666667
2024-11-03 09:00:00,591,Tiruchirappalli,3.0,-4.019666666666667
2024-11-03 11:00:00,591,Tiruchirappalli,0.5,-4.795
2024-11-03 18:00:00,591,Tiruchirappalli,5.0,-4.588714285714285
2024-11-03 19:00:00,591,Tiruchirappalli,3.5,-4.588714285714285
2024-11-04 04:00:00,591,Tiruchirappalli,0.5,-3.4416666666666664
2024-11-04 18:00:00,591,Tiruchirappalli,16.5,-4.038714285714286
2024-11-04 19:00:00,591,Tiruchirappalli,3.0,-4.038714285714286
2024-11-07 14:00:00,591,Tiruchirappalli,2.5,-3.881714285714285
2024-11-07 15:00:00,591,Tiruchirappalli,1.0,-3.881714285714285
2024-11-07 16:00:00,591,Tiruchirappalli,1.75,-3.912142857142857
2024-11-07 17:00:00,591,Tiruchirappalli,4.0,-3.912142857142857
2024-11-07 18:00:00,591,Tiruchirappalli,3.0,-3.912142857142857
2024-11-07 20:00:00,591,Tiruchirappalli,0.5,-3.912142857142857
2024-11-12 09:00:00,591,Tiruchirappalli,0.5,-3.8871428571428575
2024-11-13 00:00:00,591,Tiruchirappalli,0.5,-4.014714285714286
2024-11-13 01:00:00,591,Tiruchirappalli,0.5,-4.014714285714286
2024-11-13 02:00:00,591,Tiruchirappalli,4.0,-4.014714285714286
2024-11-13 03:00:00,591,Tiruchirappalli,3.5,-4.014714285714286
2024-11-13 04:00:00,591,Tiruchirappalli,1.0,-3.905428571428572
2024-11-13 05:00:00,591,Tiruchirappalli,0.5,-3.905428571428572
2024-11-13 06:00:00,591,Tiruchirappalli,2.25,-3.905428571428572
2024-11-13 07:00:00,591,Tiruchirappalli,3.0,-3.905428571428572
2024-11-13 12:00:00,591,Tiruchirappalli,0.5,-3.884
2024-11-14 08:00:00,591,Tiruchirappalli,0.5,-3.839142857142857
2024-11-14 13:00:00,591,Tiruchirappalli,1.8333333333333333,-3.8655714285714287
2024-11-14 14:00:00,591,Tiruchirappalli,3.0,-5.491
2024-11-14 15:00:00,591,Tiruchirappalli,0.5,-5.491
2024-11-14 16:00:00,591,Tiruchirappalli,1.75,-5.491
2024-11-14 17:00:00,591,Tiruchirappalli,0.5,-3.819714285714286
2024-11-14 20:00:00,591,Tiruchirappalli,0.5,-3.819714285714286
2024-11-14 21:00:00,591,Tiruchirappalli,0.5,-3.819714285714286
2024-11-14 22:00:00,591,Tiruchirappalli,0.5,-3.786571428571429
2024-11-15 00:00:00,591,Tiruchirappalli,0.5,-3.786571428571429
2024-11-15 02:00:00,591,Tiruchirappalli,0.5,-3.786571428571429
2024-11-15 06:00:00,591,Tiruchirappalli,0.5,-3.7737142857142856
2024-11-15 07:00:00,591,Tiruchirappalli,1.0,-3.7737142857142856
2024-11-15 08:00:00,591,Tiruchirappalli,1.75,-3.7737142857142856
2024-11-15 09:00:00,591,Tiruchirappalli,0.5,-3.7737142857142856
2024-11-15 11:00:00,591,Tiruchirappalli,0.5,-3.784285714285714
2024-11-15 13:00:00,591,Tiruchirappalli,1.0,-3.784285714285714
2024-11-15 16:00:00,591,Tiruchirappalli,1.0,-3.976625
2024-11-15 17:00:00,591,Tiruchirappalli,0.5,-3.976625
2024-11-15 18:00:00,591,Tiruchirappalli,1.5,-3.976625
2024-11-15 20:00:00,591,Tiruchirappalli,0.5,-3.976625
2024-11-15 21:00:00,591,Tiruchirappalli,0.5,-3.976625
2024-11-15 23:00:00,591,Tiruchirappalli,2.25,-3.709285714285714
2024-11-16 00:00:00,591,Tiruchirappalli,1.0,-3.709285714285714
2024-11-16 01:00:00,591,Tiruchirappalli,2.0,-3.709285714285714
2024-11-16 02:00:00,591,Tiruchirappalli,3.0,-3.709285714285714
2024-11-16 03:00:00,591,Tiruchirappalli,1.5,-3.709285714285714
2024-11-16 07:00:00,591,Tiruchirappalli,1.0,-3.6675714285714287
2024-11-16 08:00:00,591,Tiruchirappalli,0.5,-3.6675714285714287
2024-11-16 09:00:00,591,Tiruchirappalli,0.5,-3.6675714285714287
2024-11-16 10:00:00,591,Tiruchirappalli,0.5,-3.636857142857143
2024-11-16 11:00:00,591,Tiruchirappalli,1.5,-3.636857142857143
2024-11-16 12:00:00,591,Tiruchirappalli,5.333333333333333,-3.636857142857143
2024-11-16 13:00:00,591,Tiruchirappalli,5.833333333333333,-3.636857142857143
2024-11-16 14:00:00,591,Tiruchirappalli,2.5,-3.636857142857143
2024-11-16 16:00:00,591,Tiruchirappalli,0.5,-3.5901428571428573
2024-11-16 17:00:00,591,Tiruchirappalli,0.5,-3.5901428571428573
2024-11-17 03:00:00,591,Tiruchirappalli,0.5,-84.802625
2024-11-17 13:00:00,591,Tiruchirappalli,0.5,-3.515571428571428
2024-11-17 14:00:00,591,Tiruchirappalli,0.5,-3.515571428571428
2024-11-17 17:00:00,591,Tiruchirappalli,0.5,-3.915714285714286
2024-11-17 19:00:00,591,Tiruchirappalli,0.5,-3.915714285714286
2024-11-17 21:00:00,591,Tiruchirappalli,0.5,-3.915714285714286
2024-11-18 06:00:00,591,Tiruchirappalli,0.5,-3.480857142857143
2024-11-18 08:00:00,591,Tiruchirappalli,0.5,-3.480857142857143
2024-11-18 15:00:00,591,Tiruchirappalli,0.5,-3.5854285714285714
2024-11-18 16:00:00,591,Tiruchirappalli,3.25,-3.4772857142857143
2024-11-18 17:00:00,591,Tiruchirappalli,0.5,-3.4772857142857143
2024-11-18 18:00:00,591,Tiruchirappalli,0.5,-3.4772857142857143
2024-11-18 20:00:00,591,Tiruchirappalli,0.5,-3.4772857142857143
2024-11-18 21:00:00,591,Tiruchirappalli,1.0,-3.4772857142857143
2024-11-19 00:00:00,591,Tiruchirappalli,0.5,-3.4778571428571428
2024-11-19 11:00:00,591,Tiruchirappalli,0.5,-3.430571428571429
2024-11-19 20:00:00,591,Tiruchirappalli,0.5,-3.4250000000000003
2024-11-20 08:00:00,591,Tiruchirappalli,0.5,-3.874166666666667
2024-11-20 17:00:00,591,Tiruchirappalli,0.5,-3.9018333333333337
2024-11-21 06:00:00,591,Tiruchirappalli,0.5,-75.36800000000001
2024-11-21 15:00:00,591,Tiruchirappalli,0.5,-3.887
2024-11-22 04:00:00,591,Tiruchirappalli,0.5,-3.348
2024-11-22 15:00:00,591,Tiruchirappalli,0.5,-3.4238571428571425
2024-11-23 04:00:00,591,Tiruchirappalli,0.5,-3.379714285714286
2024-11-24 06:00:00,591,Tiruchirappalli,0.5,-3.3892857142857147
2024-11-24 14:00:00,591,Tiruchirappalli,0.5,-3.4135714285714287
2024-11-24 22:00:00,591,Tiruchirappalli,0.5,-3.46
2024-11-25 05:00:00,591,Tiruchirappalli,0.5,-3.397571428571428
2024-11-25 12:00:00,591,Tiruchirappalli,0.5,-3.4212857142857147
2024-11-25 17:00:00,591,Tiruchirappalli,0.5,-3.407
2024-11-26 00:00:00,591,Tiruchirappalli,0.5,-91.51175
2024-11-26 04:00:00,591,Tiruchirappalli,0.5,-61.93225
2024-11-26 11:00:00,591,Tiruchirappalli,0.5,-55.929875
2024-11-26 12:00:00,591,Tiruchirappalli,2.5,-55.929875
2024-11-26 13:00:00,591,Tiruchirappalli,0.5,-55.929875
2024-11-26 14:00:00,591,Tiruchirappalli,0.5,-55.929875
2024-11-26 15:00:00,591,Tiruchirappalli,0.5,-55.929875
2024-11-26 16:00:00,591,Tiruchirappalli,0.5,-3.407857142857143
2024-11-26 17:00:00,591,Tiruchirappalli,1.1666666666666667,-3.407857142857143
2024-11-26 18:00:00,591,Tiruchirappalli,1.3333333333333333,-3.407857142857143
2024-11-26 19:00:00,591,Tiruchirappalli,1.0,-3.407857142857143
2024-11-26 20:00:00,591,Tiruchirappalli,0.875,-3.407857142857143
2024-11-26 21:00:00,591,Tiruchirappalli,0.5,-3.407857142857143
2024-11-26 22:00:00,591,Tiruchirappalli,0.5,-3.3504285714285715
2024-11-26 23:00:00,591,Tiruchirappalli,0.5,-3.3504285714285715
2024-11-27 00:00:00,591,Tiruchirappalli,0.75,-3.3504285714285715
2024-11-27 01:00:00,591,Tiruchirappalli,0.6666666666666666,-3.3504285714285715
2024-11-27 02:00:00,591,Tiruchirappalli,1.25,-3.3504285714285715
2024-11-27 03:00:00,591,Tiruchirappalli,1.0,-3.3504285714285715
2024-11-27 04:00:00,591,Tiruchirappalli,1.1666666666666667,-3.3291428571428567
2024-11-27 05:00:00,591,Tiruchirappalli,0.5,-3.3291428571428567
2024-11-27 06:00:00,591,Tiruchirappalli,2.1666666666666665,-3.3291428571428567
2024-11-27 07:00:00,591,Tiruchirappalli,1.6666666666666667,-3.3291428571428567
2024-11-27 08:00:00,591,Tiruchirappalli,1.5,-3.3291428571428567
2024-11-27 09:00:00,591,Tiruchirappalli,1.0,-3.3291428571428567
2024-11-27 10:00:00,591,Tiruchirappalli,0.5,-3.315
2024-11-27 11:00:00,591,Tiruchirappalli,0.5,-3.315
2024-11-27 12:00:00,591,Tiruchirappalli,0.5,-3.315
2024-11-27 13:00:00,591,Tiruchirappalli,0.5,-3.315
2024-11-27 20:00:00,591,Tiruchirappalli,0.5,-102.7625
2024-11-28 00:00:00,591,Tiruchirappalli,0.5,-3.290142857142857
2024-11-28 07:00:00,591,Tiruchirappalli,0.5,-3.2802857142857142
2024-11-28 12:00:00,591,Tiruchirappalli,0.5,-3.3095714285714286
2024-11-28 18:00:00,591,Tiruchirappalli,0.5,-3.3222857142857145
2024-11-29 05:00:00,591,Tiruchirappalli,0.5,-4.16175
2024-11-29 17:00:00,591,Tiruchirappalli,0.5,-4.192
2024-11-30 06:00:00,591,Tiruchirappalli,0.5,-3.3515714285714284
2024-11-30 10:00:00,591,Tiruchirappalli,0.5,-3.413428571428572
2024-11-30 13:00:00,591,Tiruchirappalli,0.5,-3.413428571428572
2024-11-30 19:00:00,591,Tiruchirappalli,1.0,-44.20442857142857
2024-11-30 20:00:00,591,Tiruchirappalli,2.0,-44.20442857142857
2024-11-30 21:00:00,591,Tiruchirappalli,1.5,-44.20442857142857
2024-11-30 23:00:00,591,Tiruchirappalli,1.75,-3.5685
2024-12-01 00:00:00,591,Tiruchirappalli,1.3333333333333333,-3.5685
2024-12-01 01:00:00,591,Tiruchirappalli,0.5,-3.5685
2024-12-01 02:00:00,591,Tiruchirappalli,2.0,-3.5685
2024-12-01 03:00:00,591,Tiruchirappalli,2.75,-3.5685
2024-12-01 04:00:00,591,Tiruchirappalli,2.25,-3.284714285714286
2024-12-01 05:00:00,591,Tiruchirappalli,0.8333333333333334,-3.284714285714286
2024-12-01 06:00:00,591,Tiruchirappalli,1.0,-3.284714285714286
2024-12-01 07:00:00,591,Tiruchirappalli,0.5,-3.284714285714286
2024-12-01 08:00:00,591,Tiruchirappalli,0.5,-3.284714285714286
2024-12-01 11:00:00,591,Tiruchirappalli,0.5,-3.2591428571428573
2024-12-01 12:00:00,591,Tiruchirappalli,2.0,-3.2591428571428573
2024-12-01 13:00:00,591,Tiruchirappalli,6.0,-3.2591428571428573
2024-12-01 14:00:00,591,Tiruchirappalli,2.75,-3.2591428571428573
2024-12-01 15:00:00,591,Tiruchirappalli,2.5,-3.2591428571428573
2024-12-01 16:00:00,591,Tiruchirappalli,2.5,-31.709875
2024-12-01 17:00:00,591,Tiruchirappalli,2.0,-31.709875
2024-12-01 18:00:00,591,Tiruchirappalli,1.5,-31.709875
2024-12-01 19:00:00,591,Tiruchirappalli,0.5,-31.709875
2024-12-01 20:00:00,591,Tiruchirappalli,1.5,-31.709875
2024-12-01 22:00:00,591,Tiruchirappalli,0.5,-3.174571428571429
2024-12-02 02:00:00,591,Tiruchirappalli,0.5,-3.174571428571429
2024-12-02 03:00:00,591,Tiruchirappalli,0.5,-3.174571428571429
2024-12-02 07:00:00,591,Tiruchirappalli,0.5,-108.85142857142856
2024-12-02 16:00:00,591,Tiruchirappalli,0.5,-2.765
2024-12-02 17:00:00,591,Tiruchirappalli,0.5,-2.765
2024-12-02 18:00:00,591,Tiruchirappalli,0.5,-2.765
2024-12-02 20:00:00,591,Tiruchirappalli,4.0,-2.765
2024-12-02 21:00:00,591,Tiruchirappalli,23.5,-2.765
2024-12-02 22:00:00,591,Tiruchirappalli,11.25,-2.6573333333333333
2024-12-02 23:00:00,591,Tiruchirappalli,14.5,-2.6573333333333333
2024-12-03 00:00:00,591,Tiruchirappalli,5.333333333333333,-2.6573333333333333
2024-12-03 01:00:00,591,Tiruchirappalli,8.375,-2.6573333333333333
2024-12-03 02:00:00,591,Tiruchirappalli,0.875,-2.6573333333333333
2024-12-03 04:00:00,591,Tiruchirappalli,0.5,-2.022
2024-12-03 05:00:00,591,Tiruchirappalli,0.5,-2.022
2024-12-03 06:00:00,591,Tiruchirappalli,0.5,-2.022
2024-12-03 07:00:00,591,Tiruchirappalli,0.5,-2.022
2024-12-03 08:00:00,591,Tiruchirappalli,0.5,-2.022
2024-12-03 09:00:00,591,Tiruchirappalli,0.5,-2.022
2024-12-03 10:00:00,591,Tiruchirappalli,0.5,-1.983
2024-12-03 11:00:00,591,Tiruchirappalli,0.5,-1.983
2024-12-03 12:00:00,591,Tiruchirappalli,4.0,-1.983
2024-12-03 14:00:00,591,Tiruchirappalli,3.5,-1.983
2024-12-03 15:00:00,591,Tiruchirappalli,2.5,-1.983
2024-12-03 16:00:00,591,Tiruchirappalli,2.0,-2.0980000000000003
2024-12-03 17:00:00,591,Tiruchirappalli,1.0,-2.0980000000000003
2024-12-03 18:00:00,591,Tiruchirappalli,7.75,-2.0980000000000003
2024-12-03 19:00:00,591,Tiruchirappalli,1.0,-2.0980000000000003
2024-12-03 20:00:00,591,Tiruchirappalli,1.5,-2.0980000000000003
2024-12-03 21:00:00,591,Tiruchirappalli,0.5,-2.0980000000000003
2024-12-03 22:00:00,591,Tiruchirappalli,0.5,-44.11342857142858
2024-12-03 23:00:00,591,Tiruchirappalli,0.75,-44.11342857142858
2024-12-04 00:00:00,591,Tiruchirappalli,0.5,-44.11342857142858
2024-12-04 01:00:00,591,Tiruchirappalli,0.5,-44.11342857142858
2024-12-04 02:00:00,591,Tiruchirappalli,0.5,-44.11342857142858
2024-12-04 03:00:00,591,Tiruchirappalli,0.5,-44.11342857142858
2024-12-04 04:00:00,591,Tiruchirappalli,0.5,-2.769285714285714
2024-12-04 06:00:00,591,Tiruchirappalli,0.5,-2.769285714285714
2024-12-04 07:00:00,591,Tiruchirappalli,0.5,-2.769285714285714
2024-12-04 08:00:00,591,Tiruchirappalli,0.5,-2.769285714285714
2024-12-04 09:00:00,591,Tiruchirappalli,0.5,-2.769285714285714
2024-12-04 10:00:00,591,Tiruchirappalli,0.5,-2.773857142857143
2024-12-04 11:00:00,591,Tiruchirappalli,0.5,-2.773857142857143
2024-12-04 12:00:00,591,Tiruchirappalli,0.5,-2.773857142857143
2024-12-04 13:00:00,591,Tiruchirappalli,0.5,-2.773857142857143
2024-12-04 14:00:00,591,Tiruchirappalli,0.5,-2.773857142857143
2024-12-04 16:00:00,591,Tiruchirappalli,0.5,-2.7235714285714288
2024-12-04 17:00:00,591,Tiruchirappalli,0.5,-2.7235714285714288
2024-12-04 19:00:00,591,Tiruchirappalli,0.5,-2.7235714285714288
2024-12-04 21:00:00,591,Tiruchirappalli,0.5,-2.7235714285714288
2024-12-04 22:00:00,591,Tiruchirappalli,0.5,-2.699428571428572
2024-12-04 23:00:00,591,Tiruchirappalli,0.5,-2.699428571428572
2024-12-05 02:00:00,591,Tiruchirappalli,0.5,-2.699428571428572
2024-12-05 05:00:00,591,Tiruchirappalli,6.75,-2.6838571428571427
2024-12-05 08:00:00,591,Tiruchirappalli,0.5,-2.6838571428571427
2024-12-05 10:00:00,591,Tiruchirappalli,0.5,-2.889714285714286
2024-12-05 12:00:00,591,Tiruchirappalli,0.5,-2.889714285714286
2024-12-05 13:00:00,591,Tiruchirappalli,0.5,-2.889714285714286
2024-12-05 14:00:00,591,Tiruchirappalli,0.5,-2.889714285714286
2024-12-05 16:00:00,591,Tiruchirappalli,0.5,-2.717428571428571
2024-12-05 18:00:00,591,Tiruchirappalli,0.5,-2.717428571428571
2024-12-05 19:00:00,591,Tiruchirappalli,0.5,-2.717428571428571
2024-12-05 22:00:00,591,Tiruchirappalli,0.5,-2.6637142857142857
2024-12-06 03:00:00,591,Tiruchirappalli,0.5,-2.6637142857142857
2024-12-06 08:00:00,591,Tiruchirappalli,0.5,-2.6521428571428567
2024-12-06 11:00:00,591,Tiruchirappalli,0.5,-2.7238571428571428
2024-12-06 12:00:00,591,Tiruchirappalli,0.5,-2.7238571428571428
2024-12-06 14:00:00,591,Tiruchirappalli,0.5,-2.7238571428571428
2024-12-06 15:00:00,591,Tiruchirappalli,1.0,-2.7238571428571428
2024-12-06 16:00:00,591,Tiruchirappalli,1.5,-2.6747142857142854
2024-12-06 18:00:00,591,Tiruchirappalli,0.5,-2.6747142857142854
2024-12-06 19:00:00,591,Tiruchirappalli,0.5,-2.6747142857142854
2024-12-06 20:00:00,591,Tiruchirappalli,0.5,-2.6747142857142854
2024-12-06 21:00:00,591,Tiruchirappalli,0.5,-2.6747142857142854
2024-12-06 22:00:00,591,Tiruchirappalli,0.5,-2.6315714285714287
2024-12-07 00:00:00,591,Tiruchirappalli,0.5,-2.6315714285714287
2024-12-07 02:00:00,591,Tiruchirappalli,0.5,-2.6315714285714287
2024-12-07 04:00:00,591,Tiruchirappalli,0.5,-2.623571428571428
2024-12-07 05:00:00,591,Tiruchirappalli,1.0,-2.623571428571428
2024-12-07 06:00:00,591,Tiruchirappalli,1.0,-2.623571428571428
2024-12-07 07:00:00,591,Tiruchirappalli,1.0,-2.623571428571428
2024-12-07 08:00:00,591,Tiruchirappalli,0.5,-2.623571428571428
2024-12-07 16:00:00,591,Tiruchirappalli,0.5,-2.7198571428571428
2024-12-07 18:00:00,591,Tiruchirappalli,11.0,-2.7198571428571428
2024-12-07 20:00:00,591,Tiruchirappalli,0.5,-2.7198571428571428
2024-12-08 01:00:00,591,Tiruchirappalli,0.5,-2.6317142857142857
2024-12-08 07:00:00,591,Tiruchirappalli,0.5,-1.8562
2024-12-08 12:00:00,591,Tiruchirappalli,0.5,-1.9578
2024-12-08 14:00:00,591,Tiruchirappalli,0.5,-1.9578
2024-12-08 23:00:00,591,Tiruchirappalli,0.5,-1.8424
2024-12-09 04:00:00,591,Tiruchirappalli,0.5,-2.6576666666666666
2024-12-09 07:00:00,591,Tiruchirappalli,1.0,-2.6576666666666666
2024-12-09 09:00:00,591,Tiruchirappalli,0.5,-2.6576666666666666
2024-12-09 11:00:00,591,Tiruchirappalli,0.5,-2.6665
2024-12-09 12:00:00,591,Tiruchirappalli,1.0,-2.6665
2024-12-09 13:00:00,591,Tiruchirappalli,1.0,-2.6665
2024-12-09 14:00:00,591,Tiruchirappalli,1.0,-2.6665
2024-12-09 15:00:00,591,Tiruchirappalli,1.0,-2.6665
2024-12-09 16:00:00,591,Tiruchirappalli,0.5,-2.951571428571429
2024-12-09 17:00:00,591,Tiruchirappalli,0.5,-2.951571428571429
2024-12-09 22:00:00,591,Tiruchirappalli,0.5,-2.654285714285714
2024-12-09 23:00:00,591,Tiruchirappalli,0.5,-2.654285714285714
2024-12-10 01:00:00,591,Tiruchirappalli,0.5,-2.654285714285714
2024-12-10 03:00:00,591,Tiruchirappalli,0.5,-2.654285714285714
2024-12-10 05:00:00,591,Tiruchirappalli,0.5,-2.313333333333333
2024-12-10 08:00:00,591,Tiruchirappalli,0.5,-2.313333333333333
2024-12-10 12:00:00,591,Tiruchirappalli,0.5,-2.3411666666666666
2024-12-10 15:00:00,591,Tiruchirappalli,0.5,-2.3411666666666666
2024-12-11 13:00:00,591,Tiruchirappalli,0.75,-2.66
2024-12-11 16:00:00,591,Tiruchirappalli,0.5,-2.6454285714285715
2024-12-11 17:00:00,591,Tiruchirappalli,0.5,-2.6454285714285715
2024-12-11 18:00:00,591,Tiruchirappalli,1.0,-2.6454285714285715
2024-12-11 19:00:00,591,Tiruchirappalli,0.75,-2.6454285714285715
2024-12-11 23:00:00,591,Tiruchirappalli,0.5,-2.629142857142857
2024-12-12 00:00:00,591,Tiruchirappalli,0.5,-2.629142857142857
2024-12-12 01:00:00,591,Tiruchirappalli,0.5,-2.629142857142857
2024-12-12 02:00:00,591,Tiruchirappalli,0.75,-2.629142857142857
2024-12-12 03:00:00,591,Tiruchirappalli,1.3,-2.629142857142857
2024-12-12 04:00:00,591,Tiruchirappalli,3.6,-2.6021428571428573
2024-12-12 05:00:00,591,Tiruchirappalli,3.333333333333333,-2.6021428571428573
2024-12-12 06:00:00,591,Tiruchirappalli,5.833333333333333,-2.6021428571428573
2024-12-12 07:00:00,591,Tiruchirappalli,1.6666666666666667,-2.6021428571428573
2024-12-12 08:00:00,591,Tiruchirappalli,1.0,-2.6021428571428573
2024-12-12 09:00:00,591,Tiruchirappalli,2.333333333333333,-2.6021428571428573
2024-12-12 10:00:00,591,Tiruchirappalli,2.875,-2.5362857142857145
2024-12-12 11:00:00,591,Tiruchirappalli,3.75,-2.5362857142857145
2024-12-12 12:00:00,591,Tiruchirappalli,3.125,-2.5362857142857145
2024-12-12 13:00:00,591,Tiruchirappalli,2.2,-2.5362857142857145
2024-12-12 14:00:00,591,Tiruchirappalli,2.25,-2.5362857142857145
2024-12-12 15:00:00,591,Tiruchirappalli,1.125,-2.5362857142857145
2024-12-12 16:00:00,591,Tiruchirappalli,2.1,-2.517857142857143
2024-12-12 17:00:00,591,Tiruchirappalli,1.1666666666666667,-2.517857142857143
2024-12-12 18:00:00,591,Tiruchirappalli,1.0,-2.517857142857143
2024-12-12 19:00:00,591,Tiruchirappalli,2.4,-2.517857142857143
2024-12-12 20:00:00,591,Tiruchirappalli,2.3,-2.517857142857143
2024-12-12 21:00:00,591,Tiruchirappalli,2.2,-2.517857142857143
2024-12-12 22:00:00,591,Tiruchirappalli,0.5833333333333334,-2.406714285714286
2024-12-12 23:00:00,591,Tiruchirappalli,3.25,-2.406714285714286
2024-12-13 00:00:00,591,Tiruchirappalli,2.4,-2.406714285714286
2024-12-13 01:00:00,591,Tiruchirappalli,2.0,-2.406714285714286
2024-12-13 02:00:00,591,Tiruchirappalli,5.7,-2.406714285714286
2024-12-13 03:00:00,591,Tiruchirappalli,4.0,-2.406714285714286
2024-12-13 04:00:00,591,Tiruchirappalli,4.2,-2.2497142857142856
2024-12-13 05:00:00,591,Tiruchirappalli,4.625,-2.2497142857142856
2024-12-13 06:00:00,591,Tiruchirappalli,7.6,-2.2497142857142856
2024-12-13 07:00:00,591,Tiruchirappalli,8.0,-2.2497142857142856
2024-12-13 08:00:00,591,Tiruchirappalli,8.0,-2.2497142857142856
2024-12-13 09:00:00,591,Tiruchirappalli,10.75,-2.2497142857142856
2024-12-13 10:00:00,591,Tiruchirappalli,6.0,-2.097142857142857
2024-12-13 11:00:00,591,Tiruchirappalli,4.0,-2.097142857142857
2024-12-13 12:00:00,591,Tiruchirappalli,0.5,-2.097142857142857
2024-12-13 14:00:00,591,Tiruchirappalli,0.5,-2.097142857142857
2024-12-13 15:00:00,591,Tiruchirappalli,0.5,-2.097142857142857
2024-12-13 16:00:00,591,Tiruchirappalli,0.5,-2.1408571428571426
2024-12-13 17:00:00,591,Tiruchirappalli,0.5,-2.1408571428571426
2024-12-13 19:00:00,591,Tiruchirappalli,0.5,-2.1408571428571426
2024-12-13 20:00:00,591,Tiruchirappalli,0.5,-2.1408571428571426
2024-12-13 21:00:00,591,Tiruchirappalli,0.625,-2.1408571428571426
2024-12-13 22:00:00,591,Tiruchirappalli,1.8,-1.9874285714285715
2024-12-13 23:00:00,591,Tiruchirappalli,1.9,-1.9874285714285715
2024-12-14 00:00:00,591,Tiruchirappalli,2.4,-1.9874285714285715
2024-12-14 01:00:00,591,Tiruchirappalli,1.1666666666666667,-1.9874285714285715
2024-12-14 02:00:00,591,Tiruchirappalli,0.8333333333333334,-1.9874285714285715
2024-12-14 03:00:00,591,Tiruchirappalli,0.8333333333333334,-1.9874285714285715
2024-12-14 04:00:00,591,Tiruchirappalli,0.75,-1.944
2024-12-14 05:00:00,591,Tiruchirappalli,0.5,-1.944
2024-12-14 06:00:00,591,Tiruchirappalli,0.5,-1.944
2024-12-14 07:00:00,591,Tiruchirappalli,0.5,-1.944
2024-12-14 08:00:00,591,Tiruchirappalli,0.5,-1.944
2024-12-14 09:00:00,591,Tiruchirappalli,0.5,-1.944
2024-12-14 11:00:00,591,Tiruchirappalli,0.5,-1.9241428571428567
2024-12-14 12:00:00,591,Tiruchirappalli,0.5,-1.9241428571428567
2024-12-14 13:00:00,591,Tiruchirappalli,0.5,-1.9241428571428567
2024-12-14 14:00:00,591,Tiruchirappalli,0.5,-1.9241428571428567
2024-12-14 16:00:00,591,Tiruchirappalli,0.5,-1.9092857142857145
2024-12-14 17:00:00,591,Tiruchirappalli,0.5,-1.9092857142857145
2024-12-14 18:00:00,591,Tiruchirappalli,0.5,-1.9092857142857145
2024-12-14 20:00:00,591,Tiruchirappalli,0.5,-1.9092857142857145
2024-12-14 21:00:00,591,Tiruchirappalli,0.5,-1.9092857142857145
2024-12-14 23:00:00,591,Tiruchirappalli,0.5,-1.8994285714285712
2024-12-15 01:00:00,591,Tiruchirappalli,0.5,-1.8994285714285712
2024-12-15 02:00:00,591,Tiruchirappalli,0.5,-1.8994285714285712
2024-12-15 04:00:00,591,Tiruchirappalli,0.5,-1.8867142857142856
2024-12-15 06:00:00,591,Tiruchirappalli,0.5,-1.8867142857142856
2024-12-15 09:00:00,591,Tiruchirappalli,0.5,-1.8867142857142856
2024-12-15 10:00:00,591,Tiruchirappalli,0.5,-1.888142857142857
2024-12-15 14:00:00,591,Tiruchirappalli,0.5,-1.888142857142857
2024-12-15 16:00:00,591,Tiruchirappalli,0.5,-1.888
2024-12-15 18:00:00,591,Tiruchirappalli,0.5,-1.888
2024-12-15 20:00:00,591,Tiruchirappalli,0.5,-1.888
2024-12-15 22:00:00,591,Tiruchirappalli,0.5,-1.8578571428571429
2024-12-16 01:00:00,591,Tiruchirappalli,0.5,-1.8578571428571429
2024-12-16 03:00:00,591,Tiruchirappalli,0.5,-1.8578571428571429
2024-12-16 09:00:00,591,Tiruchirappalli,0.5,-1.5205000000000002
2024-12-16 11:00:00,591,Tiruchirappalli,0.5,-1.5268333333333333
2024-12-16 14:00:00,591,Tiruchirappalli,0.5,-1.5268333333333333
2024-12-16 17:00:00,591,Tiruchirappalli,0.5,-1.5235
2024-12-16 20:00:00,591,Tiruchirappalli,0.5,-1.5235
2024-12-17 01:00:00,591,Tiruchirappalli,0.5,-1.5066666666666668
2024-12-17 04:00:00,591,Tiruchirappalli,0.5,-1.821142857142857
2024-12-17 09:00:00,591,Tiruchirappalli,0.5,-1.821142857142857
2024-12-17 11:00:00,591,Tiruchirappalli,0.5,-1.9087142857142856
2024-12-17 15:00:00,591,Tiruchirappalli,0.5,-1.9087142857142856
2024-12-17 19:00:00,591,Tiruchirappalli,0.5,-2.0031666666666665
2024-12-18 00:00:00,591,Tiruchirappalli,0.5,-1.9455
2024-12-18 06:00:00,591,Tiruchirappalli,0.5,-1.9303333333333328
2024-12-18 11:00:00,591,Tiruchirappalli,0.5,-2.036666666666666
2024-12-18 15:00:00,591,Tiruchirappalli,0.5,-2.036666666666666
2024-12-18 21:00:00,591,Tiruchirappalli,0.5,-1.833142857142857
2024-12-19 05:00:00,591,Tiruchirappalli,1.0,-1.776857142857143
2024-12-19 11:00:00,591,Tiruchirappalli,0.5,-1.7831428571428571
2024-12-19 16:00:00,591,Tiruchirappalli,0.5,-1.7711428571428571
2024-12-20 00:00:00,591,Tiruchirappalli,0.5,-1.765285714285714
2024-12-20 09:00:00,591,Tiruchirappalli,0.5,-1.7448571428571429
2024-12-20 17:00:00,591,Tiruchirappalli,0.5,-1.7844285714285717
2024-12-20 23:00:00,591,Tiruchirappalli,5.0,-1.7497142857142858
2024-12-21 03:00:00,591,Tiruchirappalli,0.5,-1.7497142857142858
2024-12-21 05:00:00,591,Tiruchirappalli,2.0,-1.7099999999999995
2024-12-21 07:00:00,591,Tiruchirappalli,0.5,-1.7099999999999995
2024-12-21 12:00:00,591,Tiruchirappalli,0.5,-1.7134285714285713
2024-12-21 15:00:00,591,Tiruchirappalli,0.5,-1.7134285714285713
2024-12-22 00:00:00,591,Tiruchirappalli,4.0,-1.608
2024-12-22 01:00:00,591,Tiruchirappalli,24.0,-1.608
2024-12-22 02:00:00,591,Tiruchirappalli,0.5,-1.608
2024-12-22 04:00:00,591,Tiruchirappalli,1.5,-28.217375000000004
2024-12-22 06:00:00,591,Tiruchirappalli,0.75,-28.217375000000004
2024-12-22 14:00:00,591,Tiruchirappalli,0.5,-1.4978571428571428
2024-12-22 22:00:00,591,Tiruchirappalli,0.5,-1.45
2024-12-23 12:00:00,591,Tiruchirappalli,0.5,-1.4555714285714283
2024-12-23 18:00:00,591,Tiruchirappalli,0.5,-1.462142857142857
2024-12-24 01:00:00,591,Tiruchirappalli,0.5,-1.423
2024-12-24 10:00:00,591,Tiruchirappalli,0.5,-1.4365714285714284
2024-12-25 14:00:00,591,Tiruchirappalli,0.5,-1.4262857142857144
2024-12-25 15:00:00,591,Tiruchirappalli,0.5,-1.4262857142857144
2024-12-26 00:00:00,591,Tiruchirappalli,0.5,-59.464875
2024-12-26 14:00:00,591,Tiruchirappalli,0.5,-0.9968333333333332
2024-12-27 02:00:00,591,Tiruchirappalli,0.5,-79.57216666666666
2024-12-27 15:00:00,591,Tiruchirappalli,0.5,-1.3738571428571429
2024-12-27 16:00:00,591,Tiruchirappalli,0.5,-1.3777142857142857
2024-12-28 19:00:00,591,Tiruchirappalli,1.0,-1.3934285714285717
2024-12-29 21:00:00,591,Tiruchirappalli,0.5,-1.395571428571429
2024-12-30 06:00:00,591,Tiruchirappalli,0.5,-1.352
2024-12-30 08:00:00,591,Tiruchirappalli,0.5,-1.352
2024-12-30 12:00:00,591,Tiruchirappalli,0.5,-1.359142857142857
2024-12-30 13:00:00,591,Tiruchirappalli,2.5,-1.359142857142857
2024-12-30 15:00:00,591,Tiruchirappalli,0.5,-1.359142857142857
2025-01-10 18:00:00,591,Tiruchirappalli,0.5,-1.650857142857143
2025-01-10 20:00:00,591,Tiruchirappalli,0.5,-1.650857142857143
2025-01-10 21:00:00,591,Tiruchirappalli,0.5,-1.650857142857143
2025-01-10 22:00:00,591,Tiruchirappalli,0.5,-1.651857142857143
2025-01-11 00:00:00,591,Tiruchirappalli,0.5,-1.651857142857143
2025-01-13 18:30:00,591,Tiruchirappalli,0.5,-1.894
2025-01-13 19:00:00,591,Tiruchirappalli,1.0,-1.894
2025-01-13 20:00:00,591,Tiruchirappalli,3.0,-1.894
2025-01-13 20:30:00,591,Tiruchirappalli,0.5,-1.894
2025-01-13 21:00:00,591,Tiruchirappalli,0.5,-1.894
2025-01-14 00:00:00,591,Tiruchirappalli,2.0,-60.72625
2025-01-14 01:00:00,591,Tiruchirappalli,0.5,-60.72625
2025-01-14 01:30:00,591,Tiruchirappalli,2.0,-60.72625
2025-01-14 02:00:00,591,Tiruchirappalli,2.0,-60.72625
2025-01-14 06:00:00,591,Tiruchirappalli,0.5,-1.692
2025-01-14 17:00:00,591,Tiruchirappalli,0.5,-1.9514285714285715
2025-01-14 18:00:00,591,Tiruchirappalli,0.5,-1.9514285714285715
2025-01-14 19:00:00,591,Tiruchirappalli,0.5,-1.9514285714285715
2025-01-14 20:00:00,591,Tiruchirappalli,0.5,-1.9514285714285715
2025-01-15 09:00:00,591,Tiruchirappalli,0.5,-1.7031428571428573
2025-01-15 18:00:00,591,Tiruchirappalli,0.5,-1.739
2025-01-16 15:00:00,591,Tiruchirappalli,0.5,-1.712142857142857
2025-01-18 16:00:00,591,Tiruchirappalli,0.5,-1.741142857142857
2025-01-18 17:00:00,591,Tiruchirappalli,0.5,-1.741142857142857
2025-01-18 22:00:00,591,Tiruchirappalli,0.5,-1.7355714285714283
2025-01-19 01:00:00,591,Tiruchirappalli,0.6666666666666666,-1.7355714285714283
2025-01-19 02:00:00,591,Tiruchirappalli,0.75,-1.7355714285714283
2025-01-19 02:30:00,591,Tiruchirappalli,0.5,-1.7355714285714283
2025-01-19 03:00:00,591,Tiruchirappalli,1.3333333333333333,-1.7355714285714283
2025-01-19 03:30:00,591,Tiruchirappalli,1.75,-1.6982857142857142
2025-01-19 04:00:00,591,Tiruchirappalli,2.25,-1.6982857142857142
2025-01-19 04:30:00,591,Tiruchirappalli,0.5,-1.6982857142857142
2025-01-19 05:00:00,591,Tiruchirappalli,1.0,-1.6982857142857142
2025-01-19 05:30:00,591,Tiruchirappalli,0.5,-1.6982857142857142
2025-01-19 06:00:00,591,Tiruchirappalli,0.5,-1.6982857142857142
2025-01-19 11:00:00,591,Tiruchirappalli,0.5,-1.7045714285714286
2025-01-19 12:00:00,591,Tiruchirappalli,1.0,-1.7045714285714286
2025-01-19 12:30:00,591,Tiruchirappalli,3.5,-1.7045714285714286
2025-01-19 13:00:00,591,Tiruchirappalli,3.5,-1.7045714285714286
2025-01-19 14:30:00,591,Tiruchirappalli,2.0,-1.7045714285714286
2025-01-19 15:00:00,591,Tiruchirappalli,2.5,-1.7045714285714286
2025-01-19 15:30:00,591,Tiruchirappalli,0.5,-1.6782857142857142
2025-01-19 16:00:00,591,Tiruchirappalli,1.75,-1.6782857142857142
2025-01-19 16:30:00,591,Tiruchirappalli,5.5,-1.6782857142857142
2025-01-19 17:00:00,591,Tiruchirappalli,5.5,-1.6782857142857142
2025-01-19 18:00:00,591,Tiruchirappalli,6.0,-1.6782857142857142
2025-01-19 18:30:00,591,Tiruchirappalli,0.5,-1.6782857142857142
2025-01-19 19:00:00,591,Tiruchirappalli,0.5,-1.6782857142857142
2025-01-19 21:00:00,591,Tiruchirappalli,0.5,-1.6782857142857142
2025-01-19 23:00:00,591,Tiruchirappalli,0.5,-1.656285714285714
2025-01-20 11:00:00,591,Tiruchirappalli,0.5,-1.6685714285714286
2025-03-01 04:30:00,591,Tiruchirappalli,1.0,-2.9855
2025-03-01 05:00:00,591,Tiruchirappalli,1.5,-2.9855
2025-03-03 18:00:00,591,Tiruchirappalli,2.5,-3.162125
2025-03-11 12:00:00,591,Tiruchirappalli,1.5,-3.650125
2025-03-11 13:00:00,591,Tiruchirappalli,1.5,-3.650125
2025-03-11 13:25:00,591,Tiruchirappalli,0.5,-3.650125
2025-03-11 13:30:00,591,Tiruchirappalli,2.0,-3.650125
2025-03-11 13:35:00,591,Tiruchirappalli,3.0,-3.650125
2025-03-11 13:40:00,591,Tiruchirappalli,4.5,-3.650125
2025-03-11 13:45:00,591,Tiruchirappalli,5.0,-3.650125
2025-03-11 13:50:00,591,Tiruchirappalli,5.0,-3.650125
2025-03-11 13:55:00,591,Tiruchirappalli,6.0,-3.650125
2025-03-11 14:00:00,591,Tiruchirappalli,4.666666666666667,-3.650125
2025-03-11 14:05:00,591,Tiruchirappalli,0.5,-3.650125
2025-03-11 14:10:00,591,Tiruchirappalli,0.5,-3.650125
2025-03-11 14:15:00,591,Tiruchirappalli,1.5,-3.650125
2025-03-11 14:20:00,591,Tiruchirappalli,2.5,-3.650125
2025-03-11 14:25:00,591,Tiruchirappalli,4.0,-3.650125
2025-03-11 14:30:00,591,Tiruchirappalli,4.5,-3.650125
2025-03-11 14:35:00,591,Tiruchirappalli,4.5,-3.650125
2025-03-11 14:40:00,591,Tiruchirappalli,4.5,-3.650125
2025-03-11 14:45:00,591,Tiruchirappalli,4.5,-3.650125
2025-03-11 14:50:00,591,Tiruchirappalli,4.5,-3.650125
2025-03-11 14:55:00,591,Tiruchirappalli,4.5,-3.650125
2025-03-11 15:00:00,591,Tiruchirappalli,7.833333333333333,-3.650125
2025-03-11 15:15:00,591,Tiruchirappalli,0.5,-3.42275
2025-03-11 15:20:00,591,Tiruchirappalli,0.5,-3.42275
2025-03-11 15:25:00,591,Tiruchirappalli,0.5,-3.42275
2025-03-11 15:30:00,591,Tiruchirappalli,0.5,-3.42275
2025-03-11 15:35:00,591,Tiruchirappalli,0.75,-3.42275
2025-03-11 15:40:00,591,Tiruchirappalli,1.0,-3.42275
2025-03-11 15:45:00,591,Tiruchirappalli,1.25,-3.42275
2025-03-11 15:50:00,591,Tiruchirappalli,1.25,-3.42275
2025-03-11 15:55:00,591,Tiruchirappalli,1.5,-3.42275
2025-03-11 16:00:00,591,Tiruchirappalli,2.875,-3.42275
2025-03-11 16:10:00,591,Tiruchirappalli,0.5,-3.42275
2025-03-11 16:15:00,591,Tiruchirappalli,0.5,-3.42275
2025-03-11 16:20:00,591,Tiruchirappalli,0.5,-3.42275
2025-03-11 16:25:00,591,Tiruchirappalli,0.5,-3.42275
2025-03-11 16:30:00,591,Tiruchirappalli,0.5,-3.42275
2025-03-11 16:35:00,591,Tiruchirappalli,0.5,-3.42275
2025-03-11 16:40:00,591,Tiruchirappalli,0.5,-3.42275
2025-03-11 16:45:00,591,Tiruchirappalli,0.5,-3.42275
2025-03-11 16:50:00,591,Tiruchirappalli,0.5,-3.42275
2025-03-11 16:55:00,591,Tiruchirappalli,0.5,-3.42275
2025-03-11 17:00:00,591,Tiruchirappalli,1.6666666666666667,-3.42275
2025-03-11 17:05:00,591,Tiruchirappalli,0.5,-3.42275
2025-03-11 17:10:00,591,Tiruchirappalli,1.5,-3.42275
2025-03-11 17:15:00,591,Tiruchirappalli,2.0,-3.42275
2025-03-11 17:20:00,591,Tiruchirappalli,2.5,-3.42275
2025-03-11 17:25:00,591,Tiruchirappalli,2.5,-3.42275
2025-03-11 17:30:00,591,Tiruchirappalli,2.5,-3.42275
2025-03-11 17:35:00,591,Tiruchirappalli,2.5,-3.42275
2025-03-11 17:40:00,591,Tiruchirappalli,2.5,-3.42275
2025-03-11 17:45:00,591,Tiruchirappalli,2.5,-3.42275
2025-03-11 17:50:00,591,Tiruchirappalli,1.5,-3.42275
2025-03-11 17:55:00,591,Tiruchirappalli,1.75,-3.42275
2025-03-11 18:00:00,591,Tiruchirappalli,1.3333333333333333,-3.42275
2025-03-11 18:15:00,591,Tiruchirappalli,0.5,-3.42275
2025-03-11 18:20:00,591,Tiruchirappalli,0.5,-3.42275
2025-03-11 18:25:00,591,Tiruchirappalli,0.75,-3.42275
2025-03-11 18:30:00,591,Tiruchirappalli,0.75,-3.42275
2025-03-11 18:35:00,591,Tiruchirappalli,1.0,-3.42275
2025-03-11 18:40:00,591,Tiruchirappalli,1.25,-3.42275
2025-03-11 18:45:00,591,Tiruchirappalli,1.5,-3.42275
2025-03-11 18:50:00,591,Tiruchirappalli,2.75,-3.42275
2025-03-11 18:55:00,591,Tiruchirappalli,3.5,-3.42275
2025-03-11 19:00:00,591,Tiruchirappalli,6.0,-3.42275
2025-03-11 19:10:00,591,Tiruchirappalli,0.75,-3.42275
2025-03-11 19:15:00,591,Tiruchirappalli,1.0,-3.42275
2025-03-11 19:20:00,591,Tiruchirappalli,0.5,-3.42275
2025-03-11 19:25:00,591,Tiruchirappalli,2.75,-3.42275
2025-03-11 19:30:00,591,Tiruchirappalli,3.0,-3.42275
2025-03-11 19:35:00,591,Tiruchirappalli,3.5,-3.42275
2025-03-11 19:40:00,591,Tiruchirappalli,3.75,-3.42275
2025-03-11 19:45:00,591,Tiruchirappalli,3.75,-3.42275
2025-03-11 19:50:00,591,Tiruchirappalli,3.75,-3.42275
2025-03-11 19:55:00,591,Tiruchirappalli,3.75,-3.42275
2025-03-11 20:00:00,591,Tiruchirappalli,3.375,-3.42275
2025-03-11 20:05:00,591,Tiruchirappalli,0.5,-3.42275
2025-03-11 20:10:00,591,Tiruchirappalli,0.5,-3.42275
2025-03-11 20:15:00,591,Tiruchirappalli,0.5,-3.42275
2025-03-11 20:20:00,591,Tiruchirappalli,0.5,-3.42275
2025-03-11 20:25:00,591,Tiruchirappalli,1.0,-3.42275
2025-03-11 20:30:00,591,Tiruchirappalli,1.0,-3.42275
2025-03-11 20:35:00,591,Tiruchirappalli,1.0,-3.42275
2025-03-11 20:40:00,591,Tiruchirappalli,1.0,-3.42275
2025-03-11 20:45:00,591,Tiruchirappalli,1.0,-3.42275
2025-03-11 20:50:00,591,Tiruchirappalli,0.75,-3.42275
2025-03-11 20:55:00,591,Tiruchirappalli,0.75,-3.42275
2025-03-11 21:00:00,591,Tiruchirappalli,0.8333333333333334,-3.42275
2025-03-11 21:15:00,591,Tiruchirappalli,0.5,-3.333625
2025-03-11 21:20:00,591,Tiruchirappalli,0.5,-3.333625
2025-03-11 21:25:00,591,Tiruchirappalli,0.5,-3.333625
2025-03-11 21:30:00,591,Tiruchirappalli,0.5,-3.333625
2025-03-11 21:35:00,591,Tiruchirappalli,0.5,-3.333625
2025-03-11 21:40:00,591,Tiruchirappalli,0.5,-3.333625
2025-03-11 21:45:00,591,Tiruchirappalli,0.5,-3.333625
2025-03-11 21:50:00,591,Tiruchirappalli,0.5,-3.333625
2025-03-11 21:55:00,591,Tiruchirappalli,0.5,-3.333625
2025-03-11 22:00:00,591,Tiruchirappalli,0.5,-3.333625
2025-03-11 23:00:00,591,Tiruchirappalli,0.5,-3.333625
2025-03-11 23:10:00,591,Tiruchirappalli,0.5,-3.333625
2025-03-11 23:15:00,591,Tiruchirappalli,0.5,-3.333625
2025-03-11 23:20:00,591,Tiruchirappalli,0.5,-3.333625
2025-03-11 23:25:00,591,Tiruchirappalli,0.5,-3.333625
2025-03-11 23:30:00,591,Tiruchirappalli,0.5,-3.333625
2025-03-11 23:35:00,591,Tiruchirappalli,0.5,-3.333625
2025-03-11 23:40:00,591,Tiruchirappalli,0.5,-3.333625
2025-03-11 23:45:00,591,Tiruchirappalli,0.5,-3.333625
2025-03-11 23:50:00,591,Tiruchirappalli,0.5,-3.333625
2025-03-11 23:55:00,591,Tiruchirappalli,0.5,-3.333625
2025-03-12 00:00:00,591,Tiruchirappalli,0.5,-3.333625
2025-03-12 11:00:00,591,Tiruchirappalli,0.5,-3.3395
2025-03-12 11:30:00,591,Tiruchirappalli,0.5,-3.3395
2025-03-12 11:35:00,591,Tiruchirappalli,0.5,-3.3395
2025-03-12 11:40:00,591,Tiruchirappalli,1.0,-3.3395
2025-03-12 12:00:00,591,Tiruchirappalli,3.5,-3.3395
2025-03-12 12:30:00,591,Tiruchirappalli,3.0,-3.3395
2025-03-12 13:00:00,591,Tiruchirappalli,3.333333333333333,-3.3395
2025-03-12 13:05:00,591,Tiruchirappalli,4.5,-3.3395
2025-03-12 13:10:00,591,Tiruchirappalli,7.0,-3.3395
2025-03-12 13:15:00,591,Tiruchirappalli,7.5,-3.3395
2025-03-12 13:20:00,591,Tiruchirappalli,8.0,-3.3395
2025-03-12 13:25:00,591,Tiruchirappalli,8.0,-3.3395
2025-03-12 13:30:00,591,Tiruchirappalli,4.75,-3.3395
2025-03-12 13:35:00,591,Tiruchirappalli,8.0,-3.3395
2025-03-12 13:40:00,591,Tiruchirappalli,8.0,-3.3395
2025-03-12 13:45:00,591,Tiruchirappalli,8.0,-3.3395
2025-03-12 13:50:00,591,Tiruchirappalli,8.0,-3.3395
2025-03-12 13:55:00,591,Tiruchirappalli,8.0,-3.3395
2025-03-12 14:00:00,591,Tiruchirappalli,3.5,-3.3395
2025-03-12 14:30:00,591,Tiruchirappalli,0.5,-3.3395
2025-03-12 15:00:00,591,Tiruchirappalli,1.0,-3.3395
2025-03-12 15:30:00,591,Tiruchirappalli,0.5,-3.574428571428572
2025-03-12 16:00:00,591,Tiruchirappalli,1.0,-3.574428571428572
2025-03-12 16:45:00,591,Tiruchirappalli,0.5,-3.574428571428572
2025-03-12 16:50:00,591,Tiruchirappalli,2.0,-3.574428571428572
2025-03-12 16:55:00,591,Tiruchirappalli,2.5,-3.574428571428572
2025-03-12 17:00:00,591,Tiruchirappalli,1.5,-3.574428571428572
2025-03-12 18:00:00,591,Tiruchirappalli,0.5,-3.574428571428572
2025-03-12 19:00:00,591,Tiruchirappalli,0.5,-3.574428571428572
2025-03-12 20:30:00,591,Tiruchirappalli,0.5,-3.574428571428572
2025-03-12 21:00:00,591,Tiruchirappalli,0.5,-3.574428571428572
2025-03-12 22:00:00,591,Tiruchirappalli,0.5,-3.374857142857143
2025-03-13 00:00:00,591,Tiruchirappalli,0.5,-3.374857142857143
2025-03-13 02:00:00,591,Tiruchirappalli,0.5,-3.374857142857143
2025-03-13 05:00:00,591,Tiruchirappalli,0.5,-3.19375
2025-03-13 08:00:00,591,Tiruchirappalli,0.5,-3.19375
2025-03-13 12:00:00,591,Tiruchirappalli,0.5,-3.213875
2025-03-22 14:00:00,591,Tiruchirappalli,1.5,-3.695
2025-04-03 07:00:00,591,Tiruchirappalli,23.0,-4.603
2025-04-03 10:00:00,591,Tiruchirappalli,0.5,-4.662444444444445
2025-04-07 00:00:00,591,Tiruchirappalli,2.25,-4.648
2025-04-07 01:00:00,591,Tiruchirappalli,2.75,-4.648
2025-04-07 02:00:00,591,Tiruchirappalli,1.0,-4.648
2025-04-10 18:00:00,591,Tiruchirappalli,0.5,-5.550199999999999
2025-04-11 17:00:00,591,Tiruchirappalli,1.5,-4.654555555555556
2025-04-11 18:00:00,591,Tiruchirappalli,8.5,-4.654555555555556
2025-04-11 22:00:00,591,Tiruchirappalli,7.5,-4.611555555555556
2025-04-11 23:00:00,591,Tiruchirappalli,0.5,-4.611555555555556
2025-05-04 19:00:00,591,Tiruchirappalli,3.0,-5.68625
2025-05-04 20:00:00,591,Tiruchirappalli,24.5,-5.68625
2025-05-04 21:00:00,591,Tiruchirappalli,1.5,-5.68625
2025-05-04 23:00:00,591,Tiruchirappalli,0.5,-5.696
2025-05-05 00:00:00,591,Tiruchirappalli,0.5,-5.696
2025-05-05 18:00:00,591,Tiruchirappalli,0.5,-4.637666666666667
2025-05-05 22:00:00,591,Tiruchirappalli,0.5,-4.609500000000001
2025-05-06 19:00:00,591,Tiruchirappalli,5.0,-5.56575
2025-05-06 20:00:00,591,Tiruchirappalli,5.25,-5.56575
2025-05-06 21:00:00,591,Tiruchirappalli,0.5,-5.56575
2025-05-06 22:00:00,591,Tiruchirappalli,0.5,-5.018
2025-05-07 08:00:00,591,Tiruchirappalli,0.5,-4.998857142857143
2025-05-07 20:00:00,591,Tiruchirappalli,1.5,-4.089714285714286
2025-05-07 22:00:00,591,Tiruchirappalli,0.5,-4.658375
2025-05-07 23:00:00,591,Tiruchirappalli,1.0,-4.658375
2025-05-08 15:00:00,591,Tiruchirappalli,0.5,-3.780333333333333
2025-05-08 16:00:00,591,Tiruchirappalli,1.0,-3.6915714285714287
2025-05-08 17:00:00,591,Tiruchirappalli,17.0,-3.6915714285714287
2025-05-08 18:00:00,591,Tiruchirappalli,13.0,-3.6915714285714287
2025-05-08 19:00:00,591,Tiruchirappalli,0.5,-3.6915714285714287
2025-05-09 10:45:00,591,Tiruchirappalli,3.0,-4.120333333333334
2025-05-09 11:00:00,591,Tiruchirappalli,4.5,-4.120333333333334
2025-05-09 20:00:00,591,Tiruchirappalli,1.5,-3.900714285714286
2025-05-09 21:00:00,591,Tiruchirappalli,3.5,-3.900714285714286
2025-05-10 10:00:00,591,Tiruchirappalli,0.5,-4.513249999999999
2025-05-10 14:00:00,591,Tiruchirappalli,0.5,-4.513249999999999
2025-05-10 23:00:00,591,Tiruchirappalli,4.0,-4.5295
2025-05-11 04:00:00,591,Tiruchirappalli,8.0,-4.46475
2025-05-11 05:00:00,591,Tiruchirappalli,0.5,-4.46475
2025-05-11 12:00:00,591,Tiruchirappalli,0.5,-4.754625
2025-05-12 08:00:00,591,Tiruchirappalli,0.5,-4.530375
2025-05-12 19:00:00,591,Tiruchirappalli,3.0,-4.88425
2025-05-12 20:00:00,591,Tiruchirappalli,0.5,-4.88425
2025-05-12 23:00:00,591,Tiruchirappalli,0.5,-4.66275
2025-05-13 04:00:00,591,Tiruchirappalli,0.5,-4.57125
2025-05-13 11:00:00,591,Tiruchirappalli,0.5,-4.5935
2025-05-13 13:00:00,591,Tiruchirappalli,0.5,-4.5935
2025-05-13 15:00:00,591,Tiruchirappalli,1.5,-4.5935
2025-05-14 18:00:00,591,Tiruchirappalli,0.5,-4.581875
2025-05-14 20:00:00,591,Tiruchirappalli,9.5,-4.581875
2025-05-14 21:00:00,591,Tiruchirappalli,1.5,-4.581875
2025-05-14 22:00:00,591,Tiruchirappalli,2.5,-4.592124999999999
2025-05-14 23:00:00,591,Tiruchirappalli,0.5,-4.592124999999999
2025-05-15 08:00:00,591,Tiruchirappalli,0.5,-4.508125
2025-05-17 06:00:00,591,Tiruchirappalli,0.5,-4.49925
2025-05-17 14:00:00,591,Tiruchirappalli,7.5,-4.5085
2025-05-17 15:00:00,591,Tiruchirappalli,1.5,-4.5085
2025-05-17 20:00:00,591,Tiruchirappalli,8.5,-4.48125
2025-05-17 21:00:00,591,Tiruchirappalli,1.3333333333333333,-4.48125
2025-05-17 22:00:00,591,Tiruchirappalli,3.5,-4.47925
2025-05-17 23:00:00,591,Tiruchirappalli,5.833333333333333,-4.47925
2025-05-18 00:00:00,591,Tiruchirappalli,1.8333333333333333,-4.47925
2025-05-18 01:00:00,591,Tiruchirappalli,1.0,-4.47925
2025-05-18 21:00:00,591,Tiruchirappalli,13.625,-4.5043750000000005
2025-05-18 22:00:00,591,Tiruchirappalli,4.25,-4.4125
2025-05-18 23:00:00,591,Tiruchirappalli,4.0,-4.4125
2025-05-19 00:00:00,591,Tiruchirappalli,3.333333333333333,-4.4125
2025-05-19 01:00:00,591,Tiruchirappalli,2.0,-4.4125
2025-05-19 02:00:00,591,Tiruchirappalli,1.125,-4.4125
2025-05-19 03:00:00,591,Tiruchirappalli,1.0,-4.4125
2025-05-19 04:00:00,591,Tiruchirappalli,0.5,-4.226
2025-05-19 07:00:00,591,Tiruchirappalli,0.5,-4.226
2025-05-19 08:00:00,591,Tiruchirappalli,1.5,-4.226
2025-05-19 13:00:00,591,Tiruchirappalli,3.0,-4.5165
2025-05-19 14:00:00,591,Tiruchirappalli,3.0,-4.5165
2025-05-19 15:00:00,591,Tiruchirappalli,3.5,-4.5165
2025-05-19 16:00:00,591,Tiruchirappalli,3.5,-4.543
2025-05-19 17:00:00,591,Tiruchirappalli,3.0,-4.543
2025-05-19 18:00:00,591,Tiruchirappalli,2.5,-4.543
2025-05-19 19:00:00,591,Tiruchirappalli,1.0,-4.543
2025-05-19 21:00:00,591,Tiruchirappalli,2.5,-4.543
2025-05-19 22:00:00,591,Tiruchirappalli,2.0,-4.3595
2025-05-19 23:00:00,591,Tiruchirappalli,2.5,-4.3595
2025-05-20 00:00:00,591,Tiruchirappalli,2.0,-4.3595
2025-05-20 01:00:00,591,Tiruchirappalli,2.5,-4.3595
2025-05-20 02:00:00,591,Tiruchirappalli,2.0,-4.3595
2025-05-20 03:00:00,591,Tiruchirappalli,2.0,-4.3595
2025-05-20 04:00:00,591,Tiruchirappalli,2.0,-4.256125
2025-05-20 05:00:00,591,Tiruchirappalli,2.0,-4.256125
2025-05-20 06:00:00,591,Tiruchirappalli,2.0,-4.256125
2025-05-20 07:00:00,591,Tiruchirappalli,2.0,-4.256125
2025-05-20 08:00:00,591,Tiruchirappalli,2.0,-4.256125
2025-05-20 09:00:00,591,Tiruchirappalli,1.5,-4.256125
2025-05-20 10:00:00,591,Tiruchirappalli,1.5,-4.19175
2025-05-20 11:00:00,591,Tiruchirappalli,2.0,-4.19175
2025-05-20 12:00:00,591,Tiruchirappalli,1.5,-4.19175
2025-05-20 13:00:00,591,Tiruchirappalli,1.5,-4.19175
2025-05-20 15:00:00,591,Tiruchirappalli,1.5,-4.19175
2025-05-20 16:00:00,591,Tiruchirappalli,1.5,-4.222
2025-05-20 17:00:00,591,Tiruchirappalli,1.5,-4.222
2025-05-20 18:00:00,591,Tiruchirappalli,1.0,-4.222
2025-05-20 19:00:00,591,Tiruchirappalli,1.0,-4.222
2025-05-20 20:00:00,591,Tiruchirappalli,1.0,-4.222
2025-05-20 21:00:00,591,Tiruchirappalli,0.5,-4.222
2025-05-20 22:00:00,591,Tiruchirappalli,1.0,-4.20975
2025-05-20 23:00:00,591,Tiruchirappalli,0.5,-4.20975
2025-05-21 00:00:00,591,Tiruchirappalli,0.5,-4.20975
2025-05-21 01:00:00,591,Tiruchirappalli,1.0,-4.20975
2025-05-21 03:00:00,591,Tiruchirappalli,0.5,-4.20975
2025-05-23 18:00:00,591,Tiruchirappalli,7.833333333333333,-3.392
2025-05-23 19:00:00,591,Tiruchirappalli,1.0,-3.392
2025-05-23 20:00:00,591,Tiruchirappalli,0.5,-3.392
2025-05-24 17:00:00,591,Tiruchirappalli,0.5,-4.1001666666666665
2025-05-25 01:00:00,591,Tiruchirappalli,0.5,-4.000857142857143
2025-05-26 06:00:00,591,Tiruchirappalli,0.5,-4.394625
2025-05-26 07:00:00,591,Tiruchirappalli,1.5,-4.394625
2025-05-26 08:00:00,591,Tiruchirappalli,0.5,-4.394625
2025-05-26 15:00:00,591,Tiruchirappalli,0.5,-4.571375
2025-05-26 22:00:00,591,Tiruchirappalli,0.5,-4.58325
2025-05-26 23:00:00,591,Tiruchirappalli,1.5,-4.58325
2025-05-27 00:00:00,591,Tiruchirappalli,0.5,-4.58325
2025-05-27 01:00:00,591,Tiruchirappalli,0.5,-4.58325
2025-05-29 16:00:00,591,Tiruchirappalli,0.5,-4.036428571428571
2025-06-06 21:00:00,591,Tiruchirappalli,5.0,-4.365714285714286
2025-06-06 22:00:00,591,Tiruchirappalli,0.5,-4.390857142857143
2025-06-07 01:00:00,591,Tiruchirappalli,0.5,-4.390857142857143
2025-06-12 10:35:00,591,Tiruchirappalli,1.0,-5.2705
2025-06-12 10:40:00,591,Tiruchirappalli,1.5,-5.2705
2025-06-12 11:00:00,591,Tiruchirappalli,2.0,-5.2705
2025-06-13 15:00:00,591,Tiruchirappalli,1.0,-4.590714285714285
2025-06-13 16:00:00,591,Tiruchirappalli,2.0,-4.613285714285714
2025-06-14 09:00:00,591,Tiruchirappalli,1.5,-4.620428571428572
2025-06-15 00:00:00,591,Tiruchirappalli,0.5,-4.513
2025-06-28 21:00:00,591,Tiruchirappalli,1.0,-4.914142857142857
2025-07-16 17:00:00,591,Tiruchirappalli,6.5,-5.953833333333333
2025-08-02 20:00:00,591,Tiruchirappalli,0.5,-6.355499999999999
2025-08-02 22:00:00,591,Tiruchirappalli,3.0,-6.021999999999999
2025-08-02 23:00:00,591,Tiruchirappalli,0.5,-6.021999999999999
2025-08-03 00:00:00,591,Tiruchirappalli,0.5,-6.021999999999999
2025-08-03 01:00:00,591,Tiruchirappalli,0.5,-6.021999999999999
2025-08-03 04:00:00,591,Tiruchirappalli,1.0,-5.903
2025-08-03 16:00:00,591,Tiruchirappalli,1.5,-6.039428571428571
2025-08-03 17:00:00,591,Tiruchirappalli,1.0,-6.039428571428571
2025-08-03 23:00:00,591,Tiruchirappalli,2.0,-5.9361428571428565
2025-08-04 00:00:00,591,Tiruchirappalli,0.5,-5.9361428571428565
2025-08-04 19:00:00,591,Tiruchirappalli,6.666666666666667,-5.985142857142857
2025-08-04 20:00:00,591,Tiruchirappalli,1.5,-5.985142857142857
2025-08-04 21:00:00,591,Tiruchirappalli,0.5,-5.985142857142857
2025-08-04 22:00:00,591,Tiruchirappalli,0.5,-5.921285714285714
2025-08-05 00:00:00,591,Tiruchirappalli,6.0,-5.921285714285714
2025-08-05 17:00:00,591,Tiruchirappalli,11.5,-5.921571428571428
2025-08-05 18:00:00,591,Tiruchirappalli,13.0,-5.921571428571428
2025-08-05 19:00:00,591,Tiruchirappalli,4.5,-5.921571428571428
2025-08-05 20:00:00,591,Tiruchirappalli,2.333333333333333,-5.921571428571428
2025-08-05 21:00:00,591,Tiruchirappalli,1.5,-5.921571428571428
2025-08-05 22:00:00,591,Tiruchirappalli,0.75,-5.886
2025-08-06 03:00:00,591,Tiruchirappalli,0.5,-5.886
2025-08-08 22:00:00,591,Tiruchirappalli,12.666666666666666,-5.903571428571429
2025-08-08 23:00:00,591,Tiruchirappalli,2.333333333333333,-5.903571428571429
2025-08-09 00:00:00,591,Tiruchirappalli,1.0,-5.903571428571429
2025-08-09 02:00:00,591,Tiruchirappalli,0.5,-5.903571428571429
2025-08-09 03:00:00,591,Tiruchirappalli,0.5,-5.903571428571429
2025-08-09 04:00:00,591,Tiruchirappalli,0.5,-5.8831428571428575
2025-08-09 17:00:00,591,Tiruchirappalli,1.0,-5.839
2025-08-09 18:00:00,591,Tiruchirappalli,0.5,-5.839
2025-08-09 19:00:00,591,Tiruchirappalli,2.5,-5.839
2025-08-09 20:00:00,591,Tiruchirappalli,1.0,-5.839
2025-08-09 21:00:00,591,Tiruchirappalli,2.0,-5.839
2025-08-09 22:00:00,591,Tiruchirappalli,11.0,-5.812571428571429
2025-08-09 23:00:00,591,Tiruchirappalli,1.0,-5.812571428571429
2025-08-10 00:00:00,591,Tiruchirappalli,1.75,-5.812571428571429
2025-08-10 01:00:00,591,Tiruchirappalli,0.5,-5.812571428571429
2025-08-10 02:00:00,591,Tiruchirappalli,0.5,-5.812571428571429
2025-08-10 18:00:00,591,Tiruchirappalli,4.5,-5.801857142857143
2025-08-10 19:00:00,591,Tiruchirappalli,3.333333333333333,-5.801857142857143
2025-08-10 20:00:00,591,Tiruchirappalli,4.5,-5.801857142857143
2025-08-10 21:00:00,591,Tiruchirappalli,1.0,-5.801857142857143
2025-08-10 22:00:00,591,Tiruchirappalli,0.5,-5.787428571428571
2025-08-11 00:00:00,591,Tiruchirappalli,24.5,-5.787428571428571
2025-08-11 01:00:00,591,Tiruchirappalli,1.5,-5.787428571428571
2025-08-11 02:00:00,591,Tiruchirappalli,1.25,-5.787428571428571
2025-08-11 03:00:00,591,Tiruchirappalli,1.0,-5.787428571428571
2025-08-11 04:00:00,591,Tiruchirappalli,0.5,-5.706857142857143
2025-08-11 06:00:00,591,Tiruchirappalli,0.5,-5.706857142857143
2025-08-11 07:00:00,591,Tiruchirappalli,0.5,-5.706857142857143
2025-08-11 09:00:00,591,Tiruchirappalli,0.75,-5.706857142857143
2025-08-11 13:00:00,591,Tiruchirappalli,0.5,-5.854857142857143
2025-08-21 23:00:00,591,Tiruchirappalli,3.5,-5.751428571428572
2025-08-22 00:00:00,591,Tiruchirappalli,12.0,-5.751428571428572
2025-08-22 01:00:00,591,Tiruchirappalli,5.0,-5.751428571428572
2025-08-22 02:00:00,591,Tiruchirappalli,1.0,-5.751428571428572
2025-08-22 03:00:00,591,Tiruchirappalli,0.5,-5.751428571428572
2025-08-22 04:00:00,591,Tiruchirappalli,1.5,-5.664571428571429
2025-08-22 05:00:00,591,Tiruchirappalli,1.0,-5.664571428571429
2025-08-25 00:00:00,591,Tiruchirappalli,5.5,-6.145833333333333
2025-09-04 19:00:00,591,Tiruchirappalli,1.0,-5.979428571428571
2025-09-04 20:00:00,591,Tiruchirappalli,1.0,-5.979428571428571
2025-09-05 09:00:00,591,Tiruchirappalli,0.5,-5.875
2025-09-05 11:00:00,591,Tiruchirappalli,0.5,-5.843714285714285
2025-09-05 16:00:00,591,Tiruchirappalli,0.5,-5.850285714285714
2025-09-06 20:00:00,591,Tiruchirappalli,19.0,-5.772285714285714
2025-09-06 21:00:00,591,Tiruchirappalli,15.333333333333334,-5.772285714285714
2025-09-06 22:00:00,591,Tiruchirappalli,6.0,-5.771857142857143
2025-09-06 23:00:00,591,Tiruchirappalli,5.25,-5.771857142857143
2025-09-07 00:00:00,591,Tiruchirappalli,2.5,-5.771857142857143
2025-09-07 04:00:00,591,Tiruchirappalli,0.5,-5.758857142857143
2025-09-07 10:00:00,591,Tiruchirappalli,0.5,-5.758857142857143
2025-09-07 11:00:00,591,Tiruchirappalli,0.5,-5.758857142857143
2025-09-07 12:00:00,591,Tiruchirappalli,1.0,-5.758857142857143
2025-09-07 13:00:00,591,Tiruchirappalli,3.0,-5.758857142857143
2025-09-07 14:00:00,591,Tiruchirappalli,3.0,-5.758857142857143
2025-09-07 16:00:00,591,Tiruchirappalli,0.5,-5.897857142857142
2025-09-07 20:00:00,591,Tiruchirappalli,0.5,-5.897857142857142
2025-09-07 21:00:00,591,Tiruchirappalli,0.5,-5.897857142857142
2025-09-08 11:00:00,591,Tiruchirappalli,1.0,-5.758
2025-09-08 12:00:00,591,Tiruchirappalli,0.5,-5.758
2025-09-08 16:00:00,591,Tiruchirappalli,0.5,-5.944999999999999
2025-09-08 20:00:00,591,Tiruchirappalli,0.5,-5.944999999999999
2025-09-09 20:00:00,591,Tiruchirappalli,26.5,-5.82
2025-09-10 17:00:00,591,Tiruchirappalli,1.0,-5.793714285714286
2025-09-10 18:00:00,591,Tiruchirappalli,24.25,-5.793714285714286
2025-09-10 19:00:00,591,Tiruchirappalli,6.166666666666667,-5.793714285714286
2025-09-10 20:00:00,591,Tiruchirappalli,5.166666666666667,-5.793714285714286
2025-09-10 21:00:00,591,Tiruchirappalli,2.5,-5.793714285714286
2025-09-10 22:00:00,591,Tiruchirappalli,2.25,-5.748142857142858
2025-09-10 23:00:00,591,Tiruchirappalli,1.0,-5.748142857142858
2025-09-11 00:00:00,591,Tiruchirappalli,0.5,-5.748142857142858
2025-09-11 02:00:00,591,Tiruchirappalli,0.5,-5.748142857142858
2025-09-11 19:00:00,591,Tiruchirappalli,11.0,-5.570857142857143
2025-09-11 20:00:00,591,Tiruchirappalli,7.0,-5.570857142857143
2025-09-11 21:00:00,591,Tiruchirappalli,2.5,-5.570857142857143
2025-09-11 22:00:00,591,Tiruchirappalli,1.5,-5.509857142857143
2025-09-11 23:00:00,591,Tiruchirappalli,1.5,-5.509857142857143
2025-09-12 00:00:00,591,Tiruchirappalli,1.0,-5.509857142857143
2025-09-12 01:00:00,591,Tiruchirappalli,0.5,-5.509857142857143
2025-09-12 02:00:00,591,Tiruchirappalli,0.5,-5.509857142857143
2025-09-12 03:00:00,591,Tiruchirappalli,0.5,-5.509857142857143
2025-09-12 04:00:00,591,Tiruchirappalli,0.5,-6.3293333333333335
2025-09-12 13:00:00,591,Tiruchirappalli,0.5,-6.398666666666667
2025-09-16 08:00:00,591,Tiruchirappalli,8.5,-5.497428571428571
2025-09-16 20:00:00,591,Tiruchirappalli,19.5,-5.464857142857142
2025-09-16 21:00:00,591,Tiruchirappalli,7.75,-5.464857142857142
2025-09-16 22:00:00,591,Tiruchirappalli,0.75,-5.4104285714285725
2025-09-16 23:00:00,591,Tiruchirappalli,1.5,-5.4104285714285725
2025-09-17 00:00:00,591,Tiruchirappalli,1.0,-5.4104285714285725
2025-09-17 01:00:00,591,Tiruchirappalli,0.75,-5.4104285714285725
2025-09-17 02:00:00,591,Tiruchirappalli,0.5,-5.4104285714285725
2025-09-17 12:00:00,591,Tiruchirappalli,0.5,-5.507571428571429
2025-09-17 13:00:00,591,Tiruchirappalli,4.5,-5.507571428571429
2025-09-17 17:00:00,591,Tiruchirappalli,20.5,-5.656857142857143
2025-09-17 18:00:00,591,Tiruchirappalli,1.0,-5.656857142857143
2025-09-17 19:00:00,591,Tiruchirappalli,4.0,-5.656857142857143
2025-09-17 20:00:00,591,Tiruchirappalli,6.666666666666667,-5.656857142857143
2025-09-17 21:00:00,591,Tiruchirappalli,6.375,-5.656857142857143
2025-09-17 22:00:00,591,Tiruchirappalli,1.5,-5.574142857142857
2025-09-17 23:00:00,591,Tiruchirappalli,2.0,-5.574142857142857
2025-09-18 00:00:00,591,Tiruchirappalli,2.0,-5.574142857142857
2025-09-18 01:00:00,591,Tiruchirappalli,2.5,-5.574142857142857
2025-09-18 02:00:00,591,Tiruchirappalli,1.5,-5.574142857142857
2025-09-18 03:00:00,591,Tiruchirappalli,1.5,-5.574142857142857
2025-09-18 04:00:00,591,Tiruchirappalli,1.0,-5.449571428571429
2025-09-18 05:00:00,591,Tiruchirappalli,1.0,-5.449571428571429
2025-09-18 07:00:00,591,Tiruchirappalli,0.5,-5.449571428571429
2025-09-18 08:00:00,591,Tiruchirappalli,0.5,-5.449571428571429
2025-09-18 19:00:00,591,Tiruchirappalli,4.5,-5.883333333333333
2025-09-18 20:00:00,591,Tiruchirappalli,1.75,-5.883333333333333
2025-09-18 21:00:00,591,Tiruchirappalli,0.5,-5.883333333333333
2025-09-18 22:00:00,591,Tiruchirappalli,1.25,-5.883333333333333
2025-09-18 23:00:00,591,Tiruchirappalli,1.0,-5.883333333333333
2025-09-20 00:00:00,591,Tiruchirappalli,0.75,-5.308714285714286
2025-09-20 01:00:00,591,Tiruchirappalli,0.8333333333333334,-5.308714285714286
2025-09-20 02:00:00,591,Tiruchirappalli,0.5,-5.308714285714286
2025-09-20 07:00:00,591,Tiruchirappalli,0.5,-5.265428571428572
2025-09-22 02:00:00,591,Tiruchirappalli,0.5,-5.401428571428572
2025-09-22 04:00:00,591,Tiruchirappalli,0.5,-5.303857142857143
2025-09-24 19:00:00,591,Tiruchirappalli,1.5,-5.111571428571429
2025-09-24 20:00:00,591,Tiruchirappalli,3.0,-5.111571428571429
2025-09-24 22:00:00,591,Tiruchirappalli,0.5,-5.075285714285714
2025-09-25 14:00:00,591,Tiruchirappalli,1.5,-5.166714285714286
2025-09-25 15:00:00,591,Tiruchirappalli,0.5,-5.166714285714286
2025-09-25 16:00:00,591,Tiruchirappalli,0.5,-5.072285714285714
2025-09-25 17:00:00,591,Tiruchirappalli,23.0,-5.072285714285714
2025-09-25 18:00:00,591,Tiruchirappalli,4.125,-5.072285714285714
2025-09-25 19:00:00,591,Tiruchirappalli,2.0,-5.072285714285714
2025-09-25 20:00:00,591,Tiruchirappalli,0.5,-5.072285714285714
2025-09-25 21:00:00,591,Tiruchirappalli,0.5,-5.072285714285714
2025-09-25 22:00:00,591,Tiruchirappalli,0.5,-5.062714285714286
2025-09-26 02:00:00,591,Tiruchirappalli,0.5,-5.062714285714286
2025-09-28 04:00:00,591,Tiruchirappalli,0.5,-5.1295714285714284
2025-10-03 21:00:00,591,Tiruchirappalli,2.5,-5.6370000000000005
2025-10-03 22:00:00,591,Tiruchirappalli,1.25,-5.6265
2025-10-03 23:00:00,591,Tiruchirappalli,2.1666666666666665,-5.6265
2025-10-04 00:00:00,591,Tiruchirappalli,5.0,-5.6265
2025-10-04 06:00:00,591,Tiruchirappalli,0.5,-5.610333333333333
2025-10-04 07:00:00,591,Tiruchirappalli,13.0,-5.610333333333333
2025-10-04 08:00:00,591,Tiruchirappalli,0.75,-5.610333333333333
2025-10-05 01:00:00,591,Tiruchirappalli,4.5,-5.931333333333334
2025-10-05 02:00:00,591,Tiruchirappalli,5.666666666666667,-5.931333333333334
2025-10-05 05:00:00,591,Tiruchirappalli,0.5,-5.797
2025-10-05 18:00:00,591,Tiruchirappalli,2.0,-5.809
2025-10-05 19:00:00,591,Tiruchirappalli,8.666666666666666,-5.809
2025-10-05 20:00:00,591,Tiruchirappalli,8.666666666666666,-5.809
2025-10-05 21:00:00,591,Tiruchirappalli,2.5,-5.809
2025-10-05 22:00:00,591,Tiruchirappalli,0.625,-5.713
2025-10-05 23:00:00,591,Tiruchirappalli,0.5,-5.713
2025-10-06 09:00:00,591,Tiruchirappalli,17.0,-2.698
2025-10-16 07:00:00,591,Tiruchirappalli,1.5,-8.3605
2025-10-16 08:00:00,591,Tiruchirappalli,2.5,-8.3605
2025-10-16 12:00:00,591,Tiruchirappalli,1.0,-8.3605
2025-10-16 13:00:00,591,Tiruchirappalli,0.5,-8.3605
2025-10-16 14:00:00,591,Tiruchirappalli,4.75,-8.3605
2025-10-16 15:00:00,591,Tiruchirappalli,0.6666666666666666,-8.3605
2025-10-16 16:00:00,591,Tiruchirappalli,3.0,-8.3605
2025-10-16 17:00:00,591,Tiruchirappalli,3.0,-8.3605
2025-10-17 03:00:00,591,Tiruchirappalli,3.0,-8.3605
2025-10-17 08:00:00,591,Tiruchirappalli,0.5,-8.3605
2025-10-17 09:00:00,591,Tiruchirappalli,3.0,-8.3605
2025-10-17 11:00:00,591,Tiruchirappalli,0.75,-8.3605
2025-10-17 13:00:00,591,Tiruchirappalli,2.5,-8.3605
2025-10-17 14:00:00,591,Tiruchirappalli,3.0,-8.3605
2025-10-17 15:00:00,591,Tiruchirappalli,2.0,-8.3605
2025-10-17 16:00:00,591,Tiruchirappalli,2.125,-8.3605
2025-10-17 17:00:00,591,Tiruchirappalli,1.8333333333333333,-8.3605
2025-10-17 18:00:00,591,Tiruchirappalli,0.5,-8.3605
2025-10-17 19:00:00,591,Tiruchirappalli,0.5,-8.3605
2025-10-17 20:00:00,591,Tiruchirappalli,0.5,-8.3605
2025-10-17 23:00:00,591,Tiruchirappalli,0.5,-8.3605
2025-10-18 01:00:00,591,Tiruchirappalli,0.75,-8.3605
2025-10-18 02:00:00,591,Tiruchirappalli,0.5,-8.3605
2025-10-18 03:00:00,591,Tiruchirappalli,11.833333333333334,-8.3605
2025-10-18 04:00:00,591,Tiruchirappalli,4.0,-8.3605
2025-10-18 05:00:00,591,Tiruchirappalli,5.0,-8.3605
2025-10-18 06:00:00,591,Tiruchirappalli,0.5,-8.3605
2025-10-18 07:00:00,591,Tiruchirappalli,0.5,-8.3605
2025-10-18 11:00:00,591,Tiruchirappalli,0.5,-8.3605
2025-10-18 18:00:00,591,Tiruchirappalli,0.5,-8.3605
2025-10-18 19:00:00,591,Tiruchirappalli,0.5,-8.3605
2025-10-18 20:00:00,591,Tiruchirappalli,1.5,-8.3605
2025-10-18 22:00:00,591,Tiruchirappalli,8.5,-8.3605
2025-10-18 23:00:00,591,Tiruchirappalli,2.5,-8.3605
2025-10-19 00:00:00,591,Tiruchirappalli,0.5,-8.3605
2025-10-19 03:00:00,591,Tiruchirappalli,1.0,-8.3605
2025-10-19 05:00:00,591,Tiruchirappalli,0.5,-8.3605
2025-10-19 16:00:00,591,Tiruchirappalli,1.0,-8.3605
2025-10-20 02:00:00,591,Tiruchirappalli,3.0,-8.3605
2025-10-20 03:00:00,591,Tiruchirappalli,0.5,-8.3605
2025-10-20 04:00:00,591,Tiruchirappalli,2.25,-8.3605
2025-10-20 05:00:00,591,Tiruchirappalli,1.0,-8.3605
2025-10-20 06:00:00,591,Tiruchirappalli,1.25,-8.3605
2025-10-20 07:00:00,591,Tiruchirappalli,1.0,-8.3605
2025-10-20 08:00:00,591,Tiruchirappalli,1.3333333333333333,-8.3605
2025-10-20 09:00:00,591,Tiruchirappalli,0.5,-8.3605
2025-10-20 14:00:00,591,Tiruchirappalli,0.5,-8.3605
2025-10-20 16:00:00,591,Tiruchirappalli,0.5,-8.3605
2025-10-20 18:00:00,591,Tiruchirappalli,1.25,-8.3605
2025-10-20 19:00:00,591,Tiruchirappalli,0.5,-8.3605
2025-10-20 20:00:00,591,Tiruchirappalli,1.5,-8.3605
2025-10-21 00:00:00,591,Tiruchirappalli,1.5,-8.3605
2025-10-21 01:00:00,591,Tiruchirappalli,0.5,-8.3605
2025-10-21 02:00:00,591,Tiruchirappalli,0.5,-8.3605
2025-10-21 03:00:00,591,Tiruchirappalli,1.0,-8.3605
2025-10-21 04:00:00,591,Tiruchirappalli,0.5,-8.3605
2025-10-21 05:00:00,591,Tiruchirappalli,0.5,-8.3605
2025-10-21 06:00:00,591,Tiruchirappalli,1.5,-8.3605
2025-10-21 07:00:00,591,Tiruchirappalli,1.3333333333333333,-8.3605
2025-10-21 08:00:00,591,Tiruchirappalli,1.5,-8.3605
2025-10-21 09:00:00,591,Tiruchirappalli,5.5,-8.3605
2025-10-21 10:00:00,591,Tiruchirappalli,3.2,-8.3605
2025-10-21 11:00:00,591,Tiruchirappalli,2.5,-8.3605
2025-10-21 12:00:00,591,Tiruchirappalli,3.625,-8.3605
2025-10-21 13:00:00,591,Tiruchirappalli,2.75,-8.3605
2025-10-21 14:00:00,591,Tiruchirappalli,0.8,-8.3605
2025-10-21 15:00:00,591,Tiruchirappalli,1.25,-8.3605
2025-10-21 16:00:00,591,Tiruchirappalli,1.0,-8.3605
2025-10-21 17:00:00,591,Tiruchirappalli,0.75,-8.3605
2025-10-21 18:00:00,591,Tiruchirappalli,0.625,-8.3605
2025-10-21 19:00:00,591,Tiruchirappalli,1.0,-8.3605
2025-10-21 20:00:00,591,Tiruchirappalli,0.6666666666666666,-8.3605
2025-10-21 21:00:00,591,Tiruchirappalli,0.75,-8.3605
2025-10-21 22:00:00,591,Tiruchirappalli,0.625,-8.3605
2025-10-21 23:00:00,591,Tiruchirappalli,1.75,-8.3605
2025-10-22 00:00:00,591,Tiruchirappalli,0.75,-8.3605
2025-10-22 01:00:00,591,Tiruchirappalli,6.666666666666667,-8.3605
2025-10-22 02:00:00,591,Tiruchirappalli,5.333333333333333,-8.3605
2025-10-22 03:00:00,591,Tiruchirappalli,12.0,-8.3605
2025-10-22 04:00:00,591,Tiruchirappalli,12.0,-8.3605
2025-10-22 05:00:00,591,Tiruchirappalli,6.5,-8.3605
2025-10-22 06:00:00,591,Tiruchirappalli,5.25,-8.3605
2025-10-22 07:00:00,591,Tiruchirappalli,1.25,-8.3605
2025-10-22 08:00:00,591,Tiruchirappalli,1.1666666666666667,-8.3605
2025-10-22 09:00:00,591,Tiruchirappalli,0.5,-8.3605
2025-10-22 10:00:00,591,Tiruchirappalli,0.5,-8.3605
2025-10-22 11:00:00,591,Tiruchirappalli,0.5,-8.3605
2025-10-22 13:00:00,591,Tiruchirappalli,0.5,-8.3605
2025-10-22 14:00:00,591,Tiruchirappalli,1.0,-8.3605
2025-10-22 15:00:00,591,Tiruchirappalli,4.25,-8.3605
2025-10-22 16:00:00,591,Tiruchirappalli,1.0,-8.3605
2025-10-22 17:00:00,591,Tiruchirappalli,5.5,-8.3605
2025-10-22 18:00:00,591,Tiruchirappalli,6.166666666666667,-8.3605
2025-10-22 19:00:00,591,Tiruchirappalli,6.166666666666667,-8.3605
2025-10-22 20:00:00,591,Tiruchirappalli,5.625,-8.3605
2025-10-22 21:00:00,591,Tiruchirappalli,10.75,-8.3605
2025-10-22 22:00:00,591,Tiruchirappalli,0.6666666666666666,-8.3605
2025-10-22 23:00:00,591,Tiruchirappalli,0.5,-8.3605
2025-10-23 00:00:00,591,Tiruchirappalli,2.5,-8.3605
2025-10-23 01:00:00,591,Tiruchirappalli,0.5,-8.3605
2025-10-23 04:00:00,591,Tiruchirappalli,0.5,-8.282499999999999
2025-10-23 06:00:00,591,Tiruchirappalli,0.5,-8.282499999999999
2025-10-23 07:00:00,591,Tiruchirappalli,0.5,-8.282499999999999
2025-10-23 10:00:00,591,Tiruchirappalli,0.5,-8.1585
2025-10-23 11:00:00,591,Tiruchirappalli,0.5,-8.1585
2025-10-23 12:00:00,591,Tiruchirappalli,0.5,-8.1585
2025-10-23 13:00:00,591,Tiruchirappalli,0.5,-8.1585
2025-10-23 14:00:00,591,Tiruchirappalli,0.5,-8.1585
2025-10-23 15:00:00,591,Tiruchirappalli,0.5,-8.1585
2025-10-23 16:00:00,591,Tiruchirappalli,0.5,-9.3145
2025-10-23 17:00:00,591,Tiruchirappalli,5.75,-9.3145
2025-10-23 18:00:00,591,Tiruchirappalli,27.75,-9.3145
2025-10-23 19:00:00,591,Tiruchirappalli,4.0,-9.3145
2025-10-23 20:00:00,591,Tiruchirappalli,0.75,-9.3145
2025-10-23 21:00:00,591,Tiruchirappalli,0.5,-9.3145
2025-10-23 22:00:00,591,Tiruchirappalli,1.0,-8.555
2025-10-23 23:00:00,591,Tiruchirappalli,0.5,-8.555
2025-10-24 01:00:00,591,Tiruchirappalli,0.5,-8.555
2025-10-24 07:00:00,591,Tiruchirappalli,0.5,-8.186
2025-10-24 08:00:00,591,Tiruchirappalli,0.5,-8.186
2025-10-24 12:00:00,591,Tiruchirappalli,0.5,-8.974499999999999
2025-10-24 15:00:00,591,Tiruchirappalli,0.5,-8.974499999999999
2025-10-24 17:00:00,591,Tiruchirappalli,0.5,-8.174
2025-10-25 02:00:00,591,Tiruchirappalli,0.5,-7.814
2025-10-25 07:00:00,591,Tiruchirappalli,0.5,-7.782500000000001
2025-10-25 10:00:00,591,Tiruchirappalli,0.5,-7.636
2025-10-25 21:00:00,591,Tiruchirappalli,0.5,-12.459
2025-10-25 23:00:00,591,Tiruchirappalli,4.0,-7.425000000000001
2025-10-26 05:00:00,591,Tiruchirappalli,0.5,-7.402
2025-10-26 16:00:00,591,Tiruchirappalli,0.5,-7.9955
2025-10-27 11:00:00,591,Tiruchirappalli,0.5,-7.4
2025-10-27 14:00:00,591,Tiruchirappalli,0.5,-2.65
2025-10-28 13:00:00,591,Tiruchirappalli,0.5,-7.388
2025-10-29 11:00:00,591,Tiruchirappalli,0.5,-7.381
2025-10-31 12:00:00,591,Tiruchirappalli,0.5,-7.022
2025-11-02 01:00:00,591,Tiruchirappalli,0.5,-7.865500000000001
2025-11-04 10:00:00,591,Tiruchirappalli,0.5,-7.146999999999999
2025-11-06 05:00:00,591,Tiruchirappalli,3.0,-7.4635
2025-11-06 06:00:00,591,Tiruchirappalli,3.0,-7.4635
2025-11-06 07:00:00,591,Tiruchirappalli,2.0,-7.4635
2025-11-06 08:00:00,591,Tiruchirappalli,2.333333333333333,-7.4635
2025-11-06 09:00:00,591,Tiruchirappalli,0.75,-7.4635
2025-11-06 10:00:00,591,Tiruchirappalli,1.0,-7.4595
2025-11-06 12:00:00,591,Tiruchirappalli,0.5,-7.4595
2025-11-06 13:00:00,591,Tiruchirappalli,0.5,-7.4595
2025-11-06 15:00:00,591,Tiruchirappalli,0.5,-7.4595
2025-11-06 17:00:00,591,Tiruchirappalli,0.5,-7.237
2025-11-06 18:00:00,591,Tiruchirappalli,0.5,-7.237
2025-11-06 20:00:00,591,Tiruchirappalli,0.5,-7.237
2025-11-06 21:00:00,591,Tiruchirappalli,0.5,-7.237
2025-11-06 23:00:00,591,Tiruchirappalli,0.5,-7.2475
2025-11-07 00:00:00,591,Tiruchirappalli,0.5,-7.2475
2025-11-07 02:00:00,591,Tiruchirappalli,0.5,-7.2475
2025-11-07 03:00:00,591,Tiruchirappalli,0.5,-7.2475
2025-11-07 04:00:00,591,Tiruchirappalli,0.5,-7.233
2025-11-07 05:00:00,591,Tiruchirappalli,0.5,-7.233
2025-11-07 06:00:00,591,Tiruchirappalli,0.5,-7.233
2025-11-07 07:00:00,591,Tiruchirappalli,0.5,-7.233
2025-11-07 09:00:00,591,Tiruchirappalli,0.5,-7.233
2025-11-07 10:00:00,591,Tiruchirappalli,0.5,-7.0065
2025-11-07 11:00:00,591,Tiruchirappalli,0.5,-7.0065
2025-11-07 13:00:00,591,Tiruchirappalli,0.5,-7.0065
2025-11-07 14:00:00,591,Tiruchirappalli,0.5,-7.0065
2025-11-07 16:00:00,591,Tiruchirappalli,0.5,-7.0295
2025-11-07 18:00:00,591,Tiruchirappalli,0.5,-7.0295
2025-11-07 20:00:00,591,Tiruchirappalli,0.5,-7.0295
2025-11-07 22:00:00,591,Tiruchirappalli,0.5,-7.051
2025-11-08 01:00:00,591,Tiruchirappalli,0.5,-7.051
2025-11-08 03:00:00,591,Tiruchirappalli,0.5,-7.051
2025-11-08 06:00:00,591,Tiruchirappalli,0.5,-7.0895
2025-11-08 10:00:00,591,Tiruchirappalli,0.5,-6.9515
2025-11-08 12:00:00,591,Tiruchirappalli,0.5,-6.9515
2025-11-08 18:00:00,591,Tiruchirappalli,0.5,-7.032
2025-11-13 19:00:00,591,Tiruchirappalli,3.0,-7.358499999999999
2025-11-14 00:00:00,591,Tiruchirappalli,1.5,-7.207
2025-11-14 01:00:00,591,Tiruchirappalli,2.0,-7.207
2025-11-14 02:00:00,591,Tiruchirappalli,2.5,-7.207
2025-11-14 03:00:00,591,Tiruchirappalli,1.5,-7.207
2025-11-14 04:00:00,591,Tiruchirappalli,1.25,-7.2045
2025-11-14 05:00:00,591,Tiruchirappalli,1.0,-7.2045
2025-11-14 06:00:00,591,Tiruchirappalli,1.0,-7.2045
2025-11-14 07:00:00,591,Tiruchirappalli,1.0,-7.2045
2025-11-14 08:00:00,591,Tiruchirappalli,0.5,-7.2045
2025-11-14 09:00:00,591,Tiruchirappalli,0.5,-7.2045
2025-11-14 10:00:00,591,Tiruchirappalli,1.0,-7.223
2025-11-14 11:00:00,591,Tiruchirappalli,0.5,-7.223
2025-11-14 12:00:00,591,Tiruchirappalli,0.5,-7.223
2025-11-14 13:00:00,591,Tiruchirappalli,0.5,-7.223
2025-11-14 15:00:00,591,Tiruchirappalli,0.5,-7.223
2025-11-17 15:00:00,591,Tiruchirappalli,0.5,-7.9195
2025-11-17 16:00:00,591,Tiruchirappalli,0.5,-7.718999999999999
2025-11-17 21:00:00,591,Tiruchirappalli,0.8333333333333334,-7.718999999999999
2025-11-17 22:00:00,591,Tiruchirappalli,1.25,-7.5385
2025-11-17 23:00:00,591,Tiruchirappalli,1.9,-7.5385
2025-11-18 00:00:00,591,Tiruchirappalli,2.6,-7.5385
2025-11-18 01:00:00,591,Tiruchirappalli,1.6,-7.5385
2025-11-18 02:00:00,591,Tiruchirappalli,0.5,-7.5385
2025-11-18 03:00:00,591,Tiruchirappalli,0.75,-7.5385
2025-11-18 04:00:00,591,Tiruchirappalli,1.0,-7.363
2025-11-18 05:00:00,591,Tiruchirappalli,0.5,-7.363
2025-11-18 08:00:00,591,Tiruchirappalli,0.5,-7.363
2025-11-18 10:00:00,591,Tiruchirappalli,1.0,-7.180499999999999
2025-11-18 11:00:00,591,Tiruchirappalli,1.0,-7.180499999999999
2025-11-18 12:00:00,591,Tiruchirappalli,1.0,-7.180499999999999
2025-11-18 13:00:00,591,Tiruchirappalli,0.5,-7.180499999999999
2025-11-18 14:00:00,591,Tiruchirappalli,2.25,-7.180499999999999
2025-11-18 15:00:00,591,Tiruchirappalli,1.0,-7.180499999999999
2025-11-18 16:00:00,591,Tiruchirappalli,1.25,-8.541
2025-11-18 18:00:00,591,Tiruchirappalli,0.5,-8.541
2025-11-18 20:00:00,591,Tiruchirappalli,0.5,-8.541
2025-11-19 00:00:00,591,Tiruchirappalli,0.5,-7.585
2025-11-19 03:00:00,591,Tiruchirappalli,0.5,-7.585
2025-11-19 07:00:00,591,Tiruchirappalli,0.5,-7.3265
2025-11-19 12:00:00,591,Tiruchirappalli,0.5,-7.2385
2025-11-19 17:00:00,591,Tiruchirappalli,0.5,-7.41
2025-11-20 02:00:00,591,Tiruchirappalli,0.5,-7.0105
2025-11-20 16:00:00,591,Tiruchirappalli,0.5,-6.8870000000000005
2025-11-21 10:00:00,591,Tiruchirappalli,0.5,-4.146666666666667
2025-11-21 11:00:00,591,Tiruchirappalli,0.5,-4.146666666666667
2025-11-21 12:00:00,591,Tiruchirappalli,0.5,-4.146666666666667
2025-11-21 16:00:00,591,Tiruchirappalli,1.0,-4.2822000000000005
2025-11-21 17:00:00,591,Tiruchirappalli,1.0,-4.2822000000000005
2025-11-21 18:00:00,591,Tiruchirappalli,0.5,-4.2822000000000005
2025-11-21 21:00:00,591,Tiruchirappalli,0.5,-4.2822000000000005
2025-11-22 01:00:00,591,Tiruchirappalli,0.5,-4.276
2025-11-22 02:00:00,591,Tiruchirappalli,0.75,-4.276
2025-11-22 03:00:00,591,Tiruchirappalli,1.5,-4.276
2025-11-22 04:00:00,591,Tiruchirappalli,0.5,-4.2744
2025-11-22 14:00:00,591,Tiruchirappalli,0.5,-4.2786
2025-11-22 15:00:00,591,Tiruchirappalli,1.0,-4.2786
2025-11-22 17:00:00,591,Tiruchirappalli,1.5,-4.3462000000000005
2025-11-22 18:00:00,591,Tiruchirappalli,1.25,-4.3462000000000005
2025-11-22 20:00:00,591,Tiruchirappalli,0.5,-4.3462000000000005
2025-11-22 23:00:00,591,Tiruchirappalli,0.5,-4.2696
2025-11-23 02:00:00,591,Tiruchirappalli,0.5,-4.2696
2025-11-23 07:00:00,591,Tiruchirappalli,0.5,-4.2696
2025-11-23 12:00:00,591,Tiruchirappalli,1.5,-4.2682
2025-11-23 13:00:00,591,Tiruchirappalli,0.5,-4.2682
2025-11-23 14:00:00,591,Tiruchirappalli,0.75,-4.2682
2025-11-23 15:00:00,591,Tiruchirappalli,6.0,-4.2682
2025-11-23 16:00:00,591,Tiruchirappalli,3.75,-2.6625
2025-11-23 17:00:00,591,Tiruchirappalli,4.25,-2.6625
2025-11-23 18:00:00,591,Tiruchirappalli,0.5,-2.6625
2025-11-23 19:00:00,591,Tiruchirappalli,0.5,-2.6625
2025-11-23 20:00:00,591,Tiruchirappalli,1.25,-2.6625
2025-11-23 21:00:00,591,Tiruchirappalli,1.5,-2.6625
2025-11-23 22:00:00,591,Tiruchirappalli,7.333333333333333,-2.7452
2025-11-23 23:00:00,591,Tiruchirappalli,4.5,-2.7452
2025-11-24 00:00:00,591,Tiruchirappalli,2.0,-2.7452
2025-11-24 01:00:00,591,Tiruchirappalli,1.5,-2.7452
2025-11-24 02:00:00,591,Tiruchirappalli,1.5,-2.7452
2025-11-24 03:00:00,591,Tiruchirappalli,0.75,-2.7452
2025-11-24 04:00:00,591,Tiruchirappalli,1.75,-2.6944
2025-11-24 05:00:00,591,Tiruchirappalli,2.0,-2.6944
2025-11-24 06:00:00,591,Tiruchirappalli,0.6666666666666666,-2.6944
2025-11-24 07:00:00,591,Tiruchirappalli,0.6666666666666666,-2.6944
2025-11-24 08:00:00,591,Tiruchirappalli,1.1666666666666667,-2.6944
2025-11-24 09:00:00,591,Tiruchirappalli,1.1666666666666667,-2.6944
2025-11-24 10:00:00,591,Tiruchirappalli,0.5,-2.6468
2025-11-24 11:00:00,591,Tiruchirappalli,0.5,-2.6468
2025-11-24 13:00:00,591,Tiruchirappalli,0.5,-2.6468
2025-11-24 14:00:00,591,Tiruchirappalli,0.5,-2.6468
2025-11-24 19:00:00,591,Tiruchirappalli,1.0,-4.0136666666666665
2025-11-24 20:00:00,591,Tiruchirappalli,1.0,-4.0136666666666665
2025-11-24 21:00:00,591,Tiruchirappalli,1.25,-4.0136666666666665
2025-11-24 22:00:00,591,Tiruchirappalli,0.5,-3.935666666666666
2025-11-24 23:00:00,591,Tiruchirappalli,0.5,-3.935666666666666
2025-11-25 00:00:00,591,Tiruchirappalli,0.5,-3.935666666666666
2025-11-25 01:00:00,591,Tiruchirappalli,0.5,-3.935666666666666
2025-11-25 03:00:00,591,Tiruchirappalli,0.5,-3.935666666666666
2025-11-25 04:00:00,591,Tiruchirappalli,0.5,-3.8545
2025-11-25 06:00:00,591,Tiruchirappalli,0.5,-3.8545
2025-11-26 11:00:00,591,Tiruchirappalli,0.5,-3.8445
2025-11-26 13:00:00,591,Tiruchirappalli,0.5,-3.8445
2025-11-27 11:00:00,591,Tiruchirappalli,0.5,-7.090999999999999
2025-11-30 00:00:00,591,Tiruchirappalli,2.5,-2.0295
2025-11-30 06:00:00,591,Tiruchirappalli,1.0,-1.4249999999999998
2025-11-30 07:00:00,591,Tiruchirappalli,0.5,-1.4249999999999998
2025-12-01 15:00:00,591,Tiruchirappalli,1.0,-3.5963333333333334
2025-12-02 13:00:00,591,Tiruchirappalli,0.5,-3.483166666666667
2025-12-03 08:00:00,591,Tiruchirappalli,2.5,-3.5335
2025-12-03 09:00:00,591,Tiruchirappalli,1.0,-3.5335
2025-12-03 10:00:00,591,Tiruchirappalli,0.5,-3.452
2025-12-03 12:00:00,591,Tiruchirappalli,1.5,-3.452
2025-12-03 13:00:00,591,Tiruchirappalli,0.5,-3.452
2025-12-03 14:00:00,591,Tiruchirappalli,0.5,-3.452
2025-12-03 18:00:00,591,Tiruchirappalli,0.5,-3.5031666666666665
2025-12-03 19:00:00,591,Tiruchirappalli,1.0,-3.5031666666666665
2025-12-03 20:00:00,591,Tiruchirappalli,7.5,-3.5031666666666665
2025-12-03 21:00:00,591,Tiruchirappalli,12.5,-3.5031666666666665
2025-12-03 22:00:00,591,Tiruchirappalli,7.0,-3.6285
2025-12-05 01:00:00,591,Tiruchirappalli,0.5,-3.4988333333333337
2025-12-05 09:00:00,591,Tiruchirappalli,0.5,-3.431666666666666
2025-12-05 13:00:00,591,Tiruchirappalli,1.6666666666666667,-3.420833333333333
2025-12-05 14:00:00,591,Tiruchirappalli,2.0,-3.420833333333333
2025-12-05 15:00:00,591,Tiruchirappalli,2.75,-3.420833333333333
2025-12-05 17:00:00,591,Tiruchirappalli,1.5,-3.3605
2025-12-05 18:00:00,591,Tiruchirappalli,0.5,-3.3605
2025-12-05 19:00:00,591,Tiruchirappalli,0.5,-3.3605
2025-12-05 20:00:00,591,Tiruchirappalli,0.5,-3.3605
2025-12-05 21:00:00,591,Tiruchirappalli,1.25,-3.3605
2025-12-05 22:00:00,591,Tiruchirappalli,2.5,-3.42
2025-12-05 23:00:00,591,Tiruchirappalli,3.0,-3.42
2025-12-06 00:00:00,591,Tiruchirappalli,3.0,-3.42
2025-12-06 01:00:00,591,Tiruchirappalli,3.0,-3.42
2025-12-06 02:00:00,591,Tiruchirappalli,1.0,-3.42
2025-12-06 04:00:00,591,Tiruchirappalli,1.0,-3.349333333333333
2025-12-06 05:00:00,591,Tiruchirappalli,0.5,-3.349333333333333
2025-12-06 06:00:00,591,Tiruchirappalli,0.5,-3.349333333333333
2025-12-06 07:00:00,591,Tiruchirappalli,1.0,-3.349333333333333
2025-12-06 08:00:00,591,Tiruchirappalli,0.5,-3.349333333333333
2025-12-06 09:00:00,591,Tiruchirappalli,0.5,-3.349333333333333
2025-12-06 10:00:00,591,Tiruchirappalli,0.5,-3.534333333333334
2025-12-06 11:00:00,591,Tiruchirappalli,0.5,-3.534333333333334
2025-12-06 12:00:00,591,Tiruchirappalli,0.5,-3.534333333333334
2025-12-06 13:00:00,591,Tiruchirappalli,0.5,-1.39
2025-12-06 14:00:00,591,Tiruchirappalli,0.5,-1.39
2025-12-06 15:00:00,591,Tiruchirappalli,0.5,-1.39
2025-12-06 16:00:00,591,Tiruchirappalli,1.5,-2.1354
2025-12-06 17:00:00,591,Tiruchirappalli,2.0,-2.1354
2025-12-06 18:00:00,591,Tiruchirappalli,2.5,-2.1354
2025-12-06 19:00:00,591,Tiruchirappalli,0.5,-2.1354
2025-12-06 20:00:00,591,Tiruchirappalli,1.0,-2.1354
2025-12-06 21:00:00,591,Tiruchirappalli,0.5,-2.1354
2025-12-06 22:00:00,591,Tiruchirappalli,0.5,-2.1172
2025-12-07 00:00:00,591,Tiruchirappalli,0.5,-2.1172
2025-12-07 01:00:00,591,Tiruchirappalli,1.0,-2.1172
2025-12-07 02:00:00,591,Tiruchirappalli,0.5,-2.1172
2025-12-07 03:00:00,591,Tiruchirappalli,0.5,-2.1172
2025-12-07 04:00:00,591,Tiruchirappalli,1.0,-2.1172
2025-12-07 05:00:00,591,Tiruchirappalli,0.5,-2.1172
2025-12-07 06:00:00,591,Tiruchirappalli,0.5,-2.1172
2025-12-07 07:00:00,591,Tiruchirappalli,1.0,-2.1172
2025-12-07 08:00:00,591,Tiruchirappalli,1.5,-2.1172
2025-12-07 09:00:00,591,Tiruchirappalli,0.5,-2.1172
2025-12-07 10:00:00,591,Tiruchirappalli,1.0,-2.1172
2025-12-07 11:00:00,591,Tiruchirappalli,0.5,-2.1172
2025-12-07 12:00:00,591,Tiruchirappalli,0.5,-2.1172
2025-12-16 17:00:00,591,Tiruchirappalli,0.5,-2.2975
2025-12-16 18:00:00,591,Tiruchirappalli,0.5,-2.2975
2025-12-16 22:00:00,591,Tiruchirappalli,0.5,-3.135142857142857
2025-12-16 23:00:00,591,Tiruchirappalli,1.3333333333333333,-3.135142857142857
2025-12-17 00:00:00,591,Tiruchirappalli,0.5,-3.135142857142857
2025-12-17 01:00:00,591,Tiruchirappalli,0.5,-3.135142857142857
2025-12-17 02:00:00,591,Tiruchirappalli,6.5,-3.135142857142857
2025-12-17 04:00:00,591,Tiruchirappalli,0.5,-3.091285714285714
2025-12-17 05:00:00,591,Tiruchirappalli,0.5,-3.091285714285714
2025-12-17 14:00:00,591,Tiruchirappalli,0.5,-3.066428571428572
2025-12-19 09:30:00,591,Tiruchirappalli,0.5,-3.148
2025-12-19 09:40:00,591,Tiruchirappalli,0.5,-3.148
2025-12-19 09:50:00,591,Tiruchirappalli,0.5,-3.148
2025-12-19 10:00:00,591,Tiruchirappalli,0.5,-3.148
2025-12-19 11:30:00,591,Tiruchirappalli,0.5,-3.148
2025-12-19 11:40:00,591,Tiruchirappalli,0.5,-3.148
2025-12-19 11:50:00,591,Tiruchirappalli,0.5,-3.148
2025-12-19 12:00:00,591,Tiruchirappalli,0.5,-3.148
2025-12-21 12:30:00,591,Tiruchirappalli,0.5,-2.428
2025-12-21 12:40:00,591,Tiruchirappalli,0.5,-2.428
2025-12-21 12:50:00,591,Tiruchirappalli,0.5,-2.428
2025-12-21 13:00:00,591,Tiruchirappalli,0.5,-2.428
2025-12-24 13:30:00,591,Tiruchirappalli,0.5,-3.0158
2025-12-24 13:40:00,591,Tiruchirappalli,0.5,-3.0158
2025-12-24 13:50:00,591,Tiruchirappalli,0.5,-3.0158
2025-12-24 14:00:00,591,Tiruchirappalli,0.5,-3.0158
2025-12-30 11:30:00,591,Tiruchirappalli,0.5,-3.6111428571428568
2025-12-30 11:40:00,591,Tiruchirappalli,0.5,-3.6111428571428568
2025-12-30 11:50:00,591,Tiruchirappalli,0.5,-3.6111428571428568
2025-12-30 12:00:00,591,Tiruchirappalli,0.5,-3.6111428571428568
2025-12-31 15:00:00,591,Tiruchirappalli,0.5,-3.465857142857143
2025-12-31 19:00:00,591,Tiruchirappalli,0.5,-3.881
2026-01-07 17:00:00,591,Tiruchirappalli,1.0,-3.457222222222222
2026-01-10 02:00:00,591,Tiruchirappalli,0.5,-4.80925
2026-01-10 07:00:00,591,Tiruchirappalli,1.75,-4.80925
2026-01-10 08:00:00,591,Tiruchirappalli,4.75,-4.80925
2026-01-10 09:00:00,591,Tiruchirappalli,3.0,-4.80925
2026-01-10 10:00:00,591,Tiruchirappalli,1.0,-4.80925
2026-01-10 15:00:00,591,Tiruchirappalli,1.0,-4.80925
2026-01-10 16:00:00,591,Tiruchirappalli,0.5,-4.80925
2026-01-11 00:00:00,591,Tiruchirappalli,3.75,-4.80925
2026-01-11 01:00:00,591,Tiruchirappalli,6.0,-4.80925
2026-01-11 02:00:00,591,Tiruchirappalli,5.25,-4.80925
2026-01-11 03:00:00,591,Tiruchirappalli,3.0,-4.80925
2026-01-11 04:00:00,591,Tiruchirappalli,2.25,-3.694227272727273
2026-01-11 05:00:00,591,Tiruchirappalli,5.0,-3.694227272727273
2026-01-11 06:00:00,591,Tiruchirappalli,1.25,-3.694227272727273
2026-01-11 07:00:00,591,Tiruchirappalli,5.0,-3.694227272727273
2026-01-11 08:00:00,591,Tiruchirappalli,1.0,-3.694227272727273
2026-01-11 09:00:00,591,Tiruchirappalli,0.5,-3.694227272727273
2026-01-11 10:00:00,591,Tiruchirappalli,0.5,-3.689681818181818
2026-01-11 15:00:00,591,Tiruchirappalli,0.5,-3.689681818181818
2026-01-12 11:00:00,591,Tiruchirappalli,2.5,-4.91925
2026-01-12 12:00:00,591,Tiruchirappalli,1.0,-4.91925
2026-01-12 13:00:00,591,Tiruchirappalli,0.5,-4.91925
2026-01-12 14:00:00,591,Tiruchirappalli,0.5,-4.91925
2026-01-12 15:00:00,591,Tiruchirappalli,1.0,-4.91925
2026-01-12 16:00:00,591,Tiruchirappalli,1.6666666666666667,-4.58538888888889
2026-01-12 17:00:00,591,Tiruchirappalli,3.0,-4.58538888888889
2026-01-12 18:00:00,591,Tiruchirappalli,3.5,-4.58538888888889
2026-01-12 19:00:00,591,Tiruchirappalli,5.0,-4.58538888888889
2026-01-12 20:00:00,591,Tiruchirappalli,2.833333333333333,-4.58538888888889
2026-01-12 21:00:00,591,Tiruchirappalli,1.5,-4.58538888888889
2026-01-12 22:00:00,591,Tiruchirappalli,0.5,-4.75165
2026-01-12 23:00:00,591,Tiruchirappalli,1.0,-4.75165
2026-01-13 00:00:00,591,Tiruchirappalli,1.5,-4.75165
2026-01-13 01:00:00,591,Tiruchirappalli,4.5,-4.75165
2026-01-13 03:00:00,591,Tiruchirappalli,3.5,-4.75165
2026-01-13 04:00:00,591,Tiruchirappalli,0.5,-4.3186
2026-01-13 05:00:00,591,Tiruchirappalli,1.5,-4.3186
2026-01-13 06:00:00,591,Tiruchirappalli,1.25,-4.3186
2026-01-13 08:00:00,591,Tiruchirappalli,0.5,-4.3186
2026-01-13 09:00:00,591,Tiruchirappalli,2.0,-4.3186
2026-01-13 10:00:00,591,Tiruchirappalli,0.5,-4.359
2026-01-25 07:00:00,591,Tiruchirappalli,0.5,-4.481692307692308
2026-01-25 13:00:00,591,Tiruchirappalli,0.75,-4.500307692307692
2026-01-25 15:20:00,591,Tiruchirappalli,5.5,0.6839999999999999
2026-01-25 15:30:00,591,Tiruchirappalli,5.5,0.6839999999999999
2026-01-25 15:40:00,591,Tiruchirappalli,5.5,0.6839999999999999
2026-01-25 15:50:00,591,Tiruchirappalli,5.5,0.6839999999999999
2026-01-25 16:00:00,591,Tiruchirappalli,5.5,0.6839999999999999
2026-01-26 00:00:00,591,Tiruchirappalli,0.5,-4.56228
2026-01-26 00:20:00,591,Tiruchirappalli,0.5,-4.56228
2026-01-26 00:30:00,591,Tiruchirappalli,0.5,-4.56228
2026-01-26 00:40:00,591,Tiruchirappalli,0.5,-4.56228
2026-01-26 00:50:00,591,Tiruchirappalli,0.5,-4.56228
2026-01-26 01:00:00,591,Tiruchirappalli,0.5,-4.56228
2026-01-26 03:00:00,591,Tiruchirappalli,0.5,-4.56228
2026-01-26 08:00:00,591,Tiruchirappalli,3.0,-4.51572
2026-01-26 09:00:00,591,Tiruchirappalli,0.5,-4.51572
2026-01-26 18:00:00,591,Tiruchirappalli,0.5,-4.263217391304348
2026-01-27 06:30:00,591,Tiruchirappalli,0.5,-4.52524
2026-01-27 06:40:00,591,Tiruchirappalli,0.5,-4.52524
2026-01-27 06:50:00,591,Tiruchirappalli,0.5,-4.52524
2026-01-27 07:00:00,591,Tiruchirappalli,0.5,-4.52524
2026-01-27 11:30:00,591,Tiruchirappalli,1.0,-4.57976
2026-01-27 11:40:00,591,Tiruchirappalli,1.0,-4.57976
2026-01-27 11:50:00,591,Tiruchirappalli,1.5,-4.57976
2026-01-27 12:00:00,591,Tiruchirappalli,1.5,-4.57976
2026-02-10 11:40:00,591,Tiruchirappalli,0.5,-7.731666666666666
2026-02-10 11:50:00,591,Tiruchirappalli,0.5,-7.731666666666666
2026-02-10 12:00:00,591,Tiruchirappalli,0.5,-7.731666666666666
2026-03-18 19:00:00,591,Tiruchirappalli,7.0,-4.167333333333333
2026-03-18 20:00:00,591,Tiruchirappalli,15.5,-4.167333333333333
2026-03-19 02:00:00,591,Tiruchirappalli,8.5,-4.133958333333333
2026-03-19 04:00:00,591,Tiruchirappalli,33.5,-4.137791666666667
2026-03-19 05:00:00,591,Tiruchirappalli,0.5,-4.137791666666667
2026-03-19 07:00:00,591,Tiruchirappalli,0.5,-4.137791666666667
2026-03-19 21:00:00,591,Tiruchirappalli,4.5,-4.143083333333333
2026-03-20 02:00:00,591,Tiruchirappalli,17.5,-4.156
2026-03-20 03:00:00,591,Tiruchirappalli,0.5,-4.156
2026-03-20 05:00:00,591,Tiruchirappalli,0.5,-5.488666666666666
2026-03-20 06:00:00,591,Tiruchirappalli,1.5,-5.488666666666666
2026-03-20 07:00:00,591,Tiruchirappalli,1.5,-5.488666666666666
2026-03-20 08:00:00,591,Tiruchirappalli,0.5,-5.488666666666666
2023-10-28 16:00:00,592,Tirunelveli,6.5,-9.95
2023-10-28 17:00:00,592,Tirunelveli,0.5,-9.95
2023-10-28 18:00:00,592,Tirunelveli,15.5,-9.95
2023-10-29 04:00:00,592,Tirunelveli,2.0,-9.95
2023-10-29 05:00:00,592,Tirunelveli,7.0,-9.95
2023-10-29 06:00:00,592,Tirunelveli,3.625,-9.95
2023-10-29 07:00:00,592,Tirunelveli,1.0,-9.95
2023-10-30 04:00:00,592,Tirunelveli,0.75,-9.95
2023-10-30 05:00:00,592,Tirunelveli,1.5,-9.95
2023-10-30 06:00:00,592,Tirunelveli,0.75,-9.95
2023-10-30 19:00:00,592,Tirunelveli,1.5,-9.95
2023-10-30 20:00:00,592,Tirunelveli,1.0,-9.95
2023-10-31 00:00:00,592,Tirunelveli,1.6666666666666667,-9.95
2023-10-31 01:00:00,592,Tirunelveli,8.5,-9.95
2023-10-31 02:00:00,592,Tirunelveli,2.5,-9.95
2023-10-31 15:00:00,592,Tirunelveli,2.5,-9.95
2023-10-31 16:00:00,592,Tirunelveli,0.5,-9.95
2023-10-31 21:00:00,592,Tirunelveli,8.0,-9.95
2023-11-01 16:00:00,592,Tirunelveli,1.5,-9.95
2023-11-01 17:00:00,592,Tirunelveli,2.0,-9.95
2023-11-01 23:00:00,592,Tirunelveli,7.0,-9.95
2023-11-02 00:00:00,592,Tirunelveli,6.6,-9.95
2023-11-02 01:00:00,592,Tirunelveli,3.5,-9.95
2023-11-02 02:00:00,592,Tirunelveli,3.8333333333333335,-9.95
2023-11-02 03:00:00,592,Tirunelveli,1.375,-9.95
2023-11-02 04:00:00,592,Tirunelveli,0.5,-9.95
2023-11-02 10:00:00,592,Tirunelveli,0.5,-9.95
2023-11-02 13:00:00,592,Tirunelveli,0.5,-9.95
2023-11-02 14:00:00,592,Tirunelveli,8.625,-9.95
2023-11-02 15:00:00,592,Tirunelveli,5.75,-9.95
2023-11-02 16:00:00,592,Tirunelveli,16.333333333333332,-9.95
2023-11-02 17:00:00,592,Tirunelveli,7.5,-9.95
2023-11-02 18:00:00,592,Tirunelveli,2.0,-9.95
2023-11-02 19:00:00,592,Tirunelveli,0.5,-9.95
2023-11-03 03:00:00,592,Tirunelveli,0.5,-9.95
2023-11-03 04:00:00,592,Tirunelveli,0.5,-9.95
2023-11-03 05:00:00,592,Tirunelveli,1.0,-9.95
2023-11-03 08:00:00,592,Tirunelveli,0.5,-9.95
2023-11-03 09:00:00,592,Tirunelveli,0.5,-9.95
2023-11-03 11:00:00,592,Tirunelveli,0.5,-9.95
2023-11-03 12:00:00,592,Tirunelveli,2.5,-9.95
2023-11-03 14:00:00,592,Tirunelveli,1.0,-9.95
2023-11-03 15:00:00,592,Tirunelveli,10.0,-9.95
2023-11-03 16:00:00,592,Tirunelveli,1.25,-9.95
2023-11-03 17:00:00,592,Tirunelveli,0.5,-9.95
2023-11-03 18:00:00,592,Tirunelveli,0.5,-9.95
2023-11-04 02:00:00,592,Tirunelveli,7.0,-7.19
2023-11-04 03:00:00,592,Tirunelveli,1.0,-7.19
2023-11-04 04:00:00,592,Tirunelveli,1.75,-7.19
2023-11-04 05:00:00,592,Tirunelveli,1.0,-7.19
2023-11-04 06:00:00,592,Tirunelveli,1.3333333333333333,-7.19
2023-11-04 07:00:00,592,Tirunelveli,1.25,-7.19
2023-11-04 08:00:00,592,Tirunelveli,0.6666666666666666,-7.19
2023-11-04 13:00:00,592,Tirunelveli,0.5,-7.19
2023-11-04 14:00:00,592,Tirunelveli,247.0,-7.19
2023-11-05 03:00:00,592,Tirunelveli,1.5,-7.17
2023-11-05 04:00:00,592,Tirunelveli,1.5,-7.17
2023-11-05 14:00:00,592,Tirunelveli,2.0,-7.17
2023-11-05 15:00:00,592,Tirunelveli,0.5,-7.17
2023-11-05 16:00:00,592,Tirunelveli,0.5,-7.17
2023-11-05 20:00:00,592,Tirunelveli,2.5,-7.17
2023-11-05 21:00:00,592,Tirunelveli,8.5,-7.17
2023-11-06 01:00:00,592,Tirunelveli,0.5,-7.17
2023-11-06 03:00:00,592,Tirunelveli,10.333333333333334,-7.17
2023-11-06 04:00:00,592,Tirunelveli,1.75,-7.1
2023-11-06 12:00:00,592,Tirunelveli,3.0,-7.1
2023-11-06 13:30:00,592,Tirunelveli,2.0,-7.1
2023-11-06 14:00:00,592,Tirunelveli,2.0,-7.1
2023-11-06 15:00:00,592,Tirunelveli,1.0,-7.1
2023-11-06 17:00:00,592,Tirunelveli,0.5,-7.1
2023-11-06 19:00:00,592,Tirunelveli,1.3333333333333333,-7.1
2023-11-06 20:00:00,592,Tirunelveli,15.75,-7.1
2023-11-06 21:00:00,592,Tirunelveli,12.666666666666666,-7.1
2023-11-06 22:00:00,592,Tirunelveli,1.5,-7.1
2023-11-06 23:00:00,592,Tirunelveli,0.75,-7.1
2023-11-07 00:00:00,592,Tirunelveli,1.25,-7.1
2023-11-07 01:00:00,592,Tirunelveli,0.875,-7.1
2023-11-07 02:00:00,592,Tirunelveli,1.25,-7.1
2023-11-07 03:00:00,592,Tirunelveli,1.875,-7.1
2023-11-07 04:00:00,592,Tirunelveli,0.5,-7.1
2023-11-07 05:00:00,592,Tirunelveli,0.5,-7.1
2023-11-07 17:00:00,592,Tirunelveli,1.0,-7.08
2023-11-07 20:00:00,592,Tirunelveli,0.5,-7.08
2023-11-08 09:00:00,592,Tirunelveli,0.5,-7.04
2023-11-08 10:00:00,592,Tirunelveli,0.5,-7.03
2023-11-08 16:00:00,592,Tirunelveli,8.5,-7.01
2023-11-08 18:00:00,592,Tirunelveli,1.0,-7.01
2023-11-08 19:00:00,592,Tirunelveli,6.0,-7.01
2023-11-08 20:00:00,592,Tirunelveli,1.625,-7.01
2023-11-08 21:00:00,592,Tirunelveli,11.333333333333334,-7.01
2023-11-08 22:00:00,592,Tirunelveli,1.5,-6.99
2023-11-08 23:00:00,592,Tirunelveli,3.3,-6.99
2023-11-09 00:00:00,592,Tirunelveli,5.2,-6.99
2023-11-09 01:00:00,592,Tirunelveli,7.583333333333333,-6.99
2023-11-09 02:00:00,592,Tirunelveli,2.1666666666666665,-6.99
2023-11-09 03:00:00,592,Tirunelveli,1.3333333333333333,-6.99
2023-11-09 04:00:00,592,Tirunelveli,0.875,-6.98
2023-11-09 05:00:00,592,Tirunelveli,0.5,-6.98
2023-11-09 06:00:00,592,Tirunelveli,1.0,-6.98
2023-11-09 20:00:00,592,Tirunelveli,6.25,-6.95
2023-11-09 21:00:00,592,Tirunelveli,5.0,-6.95
2023-11-10 04:00:00,592,Tirunelveli,0.5,-6.9
2023-11-10 05:00:00,592,Tirunelveli,3.0,-6.9
2023-11-10 06:00:00,592,Tirunelveli,1.5,-6.9
2023-11-10 07:00:00,592,Tirunelveli,1.0,-6.9
2023-11-10 08:00:00,592,Tirunelveli,0.5,-6.9
2023-11-10 12:00:00,592,Tirunelveli,1.5,-6.88
2023-11-10 13:00:00,592,Tirunelveli,3.5,-6.88
2023-11-10 14:00:00,592,Tirunelveli,3.75,-19.84
2023-11-10 15:00:00,592,Tirunelveli,11.2,-19.84
2023-11-10 16:00:00,592,Tirunelveli,1.75,-19.84
2023-11-11 14:00:00,592,Tirunelveli,14.5,-8.64
2023-11-11 16:00:00,592,Tirunelveli,6.333333333333333,-8.64
2023-11-11 17:00:00,592,Tirunelveli,1.125,-6.74
2023-11-11 18:00:00,592,Tirunelveli,0.5,-6.74
2023-11-11 21:00:00,592,Tirunelveli,2.25,-6.74
2023-11-11 22:00:00,592,Tirunelveli,0.5,-6.72
2023-11-11 23:00:00,592,Tirunelveli,0.5,-6.72
2023-11-13 20:00:00,592,Tirunelveli,1.0,-6.56
2023-11-13 21:00:00,592,Tirunelveli,0.5,-6.56
2023-11-15 16:00:00,592,Tirunelveli,0.5,-6.41
2023-11-15 17:00:00,592,Tirunelveli,1.5,-6.41
2023-11-15 18:00:00,592,Tirunelveli,1.5,-6.41
2023-11-15 19:00:00,592,Tirunelveli,5.0,-6.41
2023-11-15 20:00:00,592,Tirunelveli,1.5,-6.41
2023-11-16 01:00:00,592,Tirunelveli,1.0,-6.43
2023-11-16 02:00:00,592,Tirunelveli,0.5,-6.43
2023-11-16 16:00:00,592,Tirunelveli,0.5,-6.36
2023-11-16 17:00:00,592,Tirunelveli,1.5,-6.36
2023-11-16 18:00:00,592,Tirunelveli,6.5,-6.36
2023-11-16 21:00:00,592,Tirunelveli,11.0,-6.36
2023-11-16 22:00:00,592,Tirunelveli,0.5,-6.35
2023-11-16 23:00:00,592,Tirunelveli,3.0,-6.35
2023-11-17 15:00:00,592,Tirunelveli,1.5,-6.32
2023-11-17 16:00:00,592,Tirunelveli,7.5,-6.31
2023-11-17 17:00:00,592,Tirunelveli,2.0,-6.31
2023-11-18 09:00:00,592,Tirunelveli,0.5,-6.28
2023-11-18 19:00:00,592,Tirunelveli,1.0,-6.24
2023-11-18 22:00:00,592,Tirunelveli,1.0,-6.23
2023-11-18 23:00:00,592,Tirunelveli,2.333333333333333,-6.23
2023-11-19 00:00:00,592,Tirunelveli,2.5,-6.23
2023-11-19 01:00:00,592,Tirunelveli,1.25,-6.23
2023-11-19 07:00:00,592,Tirunelveli,1.0,-6.2
2023-11-19 08:00:00,592,Tirunelveli,0.875,-6.2
2023-11-19 09:00:00,592,Tirunelveli,4.3,-6.2
2023-11-19 10:00:00,592,Tirunelveli,13.6,-6.19
2023-11-19 11:00:00,592,Tirunelveli,7.9,-6.19
2023-11-19 12:00:00,592,Tirunelveli,8.166666666666666,-6.19
2023-11-19 13:00:00,592,Tirunelveli,8.0,-6.19
2023-11-19 14:00:00,592,Tirunelveli,7.5,-6.19
2023-11-19 15:00:00,592,Tirunelveli,4.6,-6.19
2023-11-19 16:00:00,592,Tirunelveli,3.3,-6.17
2023-11-19 17:00:00,592,Tirunelveli,1.5,-6.17
2023-11-19 18:00:00,592,Tirunelveli,0.5,-6.17
2023-11-19 21:00:00,592,Tirunelveli,0.5,-6.17
2023-11-19 23:00:00,592,Tirunelveli,0.5,-6.15
2023-11-21 17:00:00,592,Tirunelveli,7.5,-6.02
2023-11-21 18:00:00,592,Tirunelveli,1.0,-6.02
2023-11-23 00:00:00,592,Tirunelveli,0.5,-5.96
2023-11-23 02:00:00,592,Tirunelveli,4.75,-5.96
2023-11-23 03:00:00,592,Tirunelveli,3.5,-5.96
2023-11-23 04:00:00,592,Tirunelveli,11.2,-5.94
2023-11-23 05:00:00,592,Tirunelveli,7.375,-5.94
2023-11-23 06:00:00,592,Tirunelveli,2.625,-5.94
2023-11-23 07:00:00,592,Tirunelveli,1.5,-5.94
2023-11-23 08:00:00,592,Tirunelveli,0.5,-5.94
2023-11-24 08:00:00,592,Tirunelveli,3.8333333333333335,-5.86
2023-11-24 09:00:00,592,Tirunelveli,3.5,-5.86
2023-11-24 10:00:00,592,Tirunelveli,1.75,-5.85
2023-11-24 11:00:00,592,Tirunelveli,0.5,-5.85
2023-11-24 12:00:00,592,Tirunelveli,0.5,-5.85
2023-11-24 15:00:00,592,Tirunelveli,0.5,-5.85
2023-11-24 18:00:00,592,Tirunelveli,3.0,-5.83
2023-11-25 14:35:00,592,Tirunelveli,1.5,-5.79
2023-11-25 15:00:00,592,Tirunelveli,1.5,-5.79
2023-11-25 16:00:00,592,Tirunelveli,0.5,-5.77
2023-11-25 17:00:00,592,Tirunelveli,1.5,-5.77
2023-11-27 11:00:00,592,Tirunelveli,0.5,-5.67
2023-11-27 14:00:00,592,Tirunelveli,0.5,-5.67
2023-11-27 17:00:00,592,Tirunelveli,10.5,-5.67
2023-11-27 18:00:00,592,Tirunelveli,0.75,-5.67
2023-11-27 19:00:00,592,Tirunelveli,0.5,-5.67
2023-11-28 02:00:00,592,Tirunelveli,0.5,-5.65
2023-11-29 10:15:00,592,Tirunelveli,1.0,-5.58
2023-11-29 11:00:00,592,Tirunelveli,1.0,-5.58
2023-11-29 14:00:00,592,Tirunelveli,1.5,-5.58
2023-11-29 15:00:00,592,Tirunelveli,2.5,-5.58
2023-11-29 16:00:00,592,Tirunelveli,0.5,-5.55
2023-11-29 17:00:00,592,Tirunelveli,8.5,-5.55
2023-11-29 18:00:00,592,Tirunelveli,17.0,-5.55
2023-11-29 19:00:00,592,Tirunelveli,1.5,-5.55
2023-11-29 21:00:00,592,Tirunelveli,0.5,-5.55
2023-11-30 00:00:00,592,Tirunelveli,1.25,-5.54
2023-11-30 01:00:00,592,Tirunelveli,1.0,-5.54
2023-11-30 02:00:00,592,Tirunelveli,1.5,-5.54
2023-11-30 03:00:00,592,Tirunelveli,0.5,-5.54
2023-11-30 12:00:00,592,Tirunelveli,0.5,-5.53
2023-11-30 15:00:00,592,Tirunelveli,14.5,-5.53
2023-11-30 16:00:00,592,Tirunelveli,0.5,-5.5
2023-11-30 22:00:00,592,Tirunelveli,1.0,-5.49
2023-11-30 23:00:00,592,Tirunelveli,0.5,-5.49
2023-12-01 03:00:00,592,Tirunelveli,2.5,-5.49
2023-12-01 05:00:00,592,Tirunelveli,4.5,-5.48
2023-12-01 18:00:00,592,Tirunelveli,0.5,-5.45
2023-12-02 00:00:00,592,Tirunelveli,1.5,-5.44
2023-12-02 01:00:00,592,Tirunelveli,1.0,-5.44
2023-12-02 02:00:00,592,Tirunelveli,3.0,-5.44
2023-12-02 04:00:00,592,Tirunelveli,2.0,-5.42
2023-12-02 05:00:00,592,Tirunelveli,3.25,-5.42
2023-12-02 06:00:00,592,Tirunelveli,0.5,-5.42
2023-12-02 11:00:00,592,Tirunelveli,0.5,-7.11
2023-12-02 17:00:00,592,Tirunelveli,12.0,-7.07
2023-12-02 22:00:00,592,Tirunelveli,5.5,-7.035
2023-12-03 00:00:00,592,Tirunelveli,0.5,-7.035
2023-12-03 03:00:00,592,Tirunelveli,0.5,-7.035
2023-12-03 16:00:00,592,Tirunelveli,3.5,-6.915
2023-12-03 17:00:00,592,Tirunelveli,4.0,-6.915
2023-12-08 15:00:00,592,Tirunelveli,3.5,-6.875
2023-12-09 05:00:00,592,Tirunelveli,0.75,-6.875
2023-12-09 06:00:00,592,Tirunelveli,2.5,-6.875
2023-12-09 07:00:00,592,Tirunelveli,8.25,-6.875
2023-12-09 08:00:00,592,Tirunelveli,1.25,-6.875
2023-12-09 09:00:00,592,Tirunelveli,22.5,-6.875
2023-12-09 10:00:00,592,Tirunelveli,22.25,-6.875
2023-12-09 11:00:00,592,Tirunelveli,1.5,-6.875
2023-12-09 12:00:00,592,Tirunelveli,3.75,-6.875
2023-12-09 14:00:00,592,Tirunelveli,7.75,-6.875
2023-12-09 17:00:00,592,Tirunelveli,1.0,-6.875
2023-12-09 18:00:00,592,Tirunelveli,0.5,-6.875
2023-12-09 19:00:00,592,Tirunelveli,5.0,-6.875
2023-12-10 10:00:00,592,Tirunelveli,1.0,-6.875
2023-12-10 11:00:00,592,Tirunelveli,0.6666666666666666,-6.875
2023-12-10 12:00:00,592,Tirunelveli,0.5,-6.875
2023-12-10 13:00:00,592,Tirunelveli,1.625,-6.875
2023-12-10 14:00:00,592,Tirunelveli,1.125,-6.875
2023-12-10 15:00:00,592,Tirunelveli,0.5,-6.875
2023-12-10 22:00:00,592,Tirunelveli,1.25,-6.875
2023-12-10 23:00:00,592,Tirunelveli,0.75,-6.875
2023-12-16 10:00:00,592,Tirunelveli,1.0,-1.085
2023-12-16 11:00:00,592,Tirunelveli,1.875,-1.085
2023-12-16 12:00:00,592,Tirunelveli,1.2,-1.085
2023-12-16 13:00:00,592,Tirunelveli,0.625,-1.085
2023-12-16 14:00:00,592,Tirunelveli,0.75,-1.085
2023-12-16 15:00:00,592,Tirunelveli,0.5,-1.085
2023-12-16 16:00:00,592,Tirunelveli,0.6666666666666666,-1.085
2023-12-16 23:00:00,592,Tirunelveli,0.5,-1.085
2023-12-17 01:00:00,592,Tirunelveli,0.75,-1.085
2023-12-17 02:00:00,592,Tirunelveli,2.125,-1.085
2023-12-17 03:00:00,592,Tirunelveli,2.875,-1.085
2023-12-17 04:00:00,592,Tirunelveli,4.0,-1.085
2023-12-17 05:00:00,592,Tirunelveli,2.375,-1.085
2023-12-17 06:00:00,592,Tirunelveli,7.125,-1.085
2023-12-17 07:00:00,592,Tirunelveli,13.5,-1.085
2023-12-17 08:00:00,592,Tirunelveli,18.625,-1.085
2023-12-17 09:00:00,592,Tirunelveli,15.5,-1.085
2023-12-17 10:00:00,592,Tirunelveli,34.625,-1.085
2023-12-17 11:00:00,592,Tirunelveli,40.75,-1.085
2023-12-17 12:00:00,592,Tirunelveli,26.125,-1.085
2023-12-17 13:00:00,592,Tirunelveli,29.5,-1.085
2023-12-17 14:00:00,592,Tirunelveli,31.75,-1.085
2023-12-17 15:00:00,592,Tirunelveli,18.5,-1.085
2023-12-17 16:00:00,592,Tirunelveli,20.625,-1.085
2023-12-17 17:00:00,592,Tirunelveli,11.0,-1.085
2023-12-17 18:00:00,592,Tirunelveli,7.666666666666667,-1.085
2023-12-17 19:00:00,592,Tirunelveli,5.5,-1.085
2023-12-17 20:00:00,592,Tirunelveli,7.875,-1.085
2023-12-17 21:00:00,592,Tirunelveli,9.375,-1.085
2023-12-17 22:00:00,592,Tirunelveli,14.125,-1.085
2023-12-17 23:00:00,592,Tirunelveli,9.0,-1.085
2023-12-18 00:00:00,592,Tirunelveli,13.25,-1.085
2023-12-18 01:00:00,592,Tirunelveli,8.75,-1.085
2023-12-18 02:00:00,592,Tirunelveli,7.5,-1.085
2023-12-18 03:00:00,592,Tirunelveli,3.8333333333333335,-1.085
2023-12-18 04:00:00,592,Tirunelveli,3.0,-1.085
2023-12-18 05:00:00,592,Tirunelveli,2.5,-1.085
2023-12-18 06:00:00,592,Tirunelveli,2.5,-1.085
2023-12-18 07:00:00,592,Tirunelveli,3.0,-1.085
2023-12-18 08:00:00,592,Tirunelveli,2.5,-1.085
2023-12-18 09:00:00,592,Tirunelveli,2.75,-1.085
2023-12-18 10:00:00,592,Tirunelveli,3.5,-1.085
2023-12-18 11:00:00,592,Tirunelveli,4.333333333333333,-1.085
2023-12-18 12:00:00,592,Tirunelveli,2.833333333333333,-1.085
2023-12-18 13:00:00,592,Tirunelveli,0.6666666666666666,-1.085
2023-12-18 14:00:00,592,Tirunelveli,1.0,-1.085
2023-12-18 15:00:00,592,Tirunelveli,1.625,-1.085
2023-12-18 16:00:00,592,Tirunelveli,1.2,-1.085
2023-12-18 17:00:00,592,Tirunelveli,1.375,-1.085
2023-12-18 18:00:00,592,Tirunelveli,1.0,-1.085
2023-12-18 19:00:00,592,Tirunelveli,0.8333333333333334,-1.085
2023-12-18 20:00:00,592,Tirunelveli,2.0,-1.085
2023-12-18 21:00:00,592,Tirunelveli,0.5,-1.085
2023-12-19 00:00:00,592,Tirunelveli,0.5,-1.085
2023-12-19 04:00:00,592,Tirunelveli,0.5,-1.085
2023-12-19 05:00:00,592,Tirunelveli,0.5,-1.085
2023-12-19 06:00:00,592,Tirunelveli,0.5,-1.085
2023-12-19 07:00:00,592,Tirunelveli,0.5,-1.085
2023-12-20 16:00:00,592,Tirunelveli,0.5,-1.085
2023-12-20 17:00:00,592,Tirunelveli,0.75,-1.085
2023-12-20 18:00:00,592,Tirunelveli,1.0,-1.085
2023-12-21 15:00:00,592,Tirunelveli,0.5,-1.085
2023-12-21 16:00:00,592,Tirunelveli,1.25,-1.085
2023-12-21 17:00:00,592,Tirunelveli,0.5,-1.085
2023-12-22 00:00:00,592,Tirunelveli,1.5,-1.085
2023-12-22 01:00:00,592,Tirunelveli,1.0,-1.085
2023-12-22 02:00:00,592,Tirunelveli,0.5,-1.085
2023-12-22 03:00:00,592,Tirunelveli,0.5,-1.085
2023-12-28 05:00:00,592,Tirunelveli,0.75,-0.71
2023-12-28 06:00:00,592,Tirunelveli,0.5,-0.71
2023-12-28 08:00:00,592,Tirunelveli,1.0,-0.71
2023-12-28 14:00:00,592,Tirunelveli,0.5,-0.7150000000000001
2023-12-28 16:00:00,592,Tirunelveli,0.5,-0.6900000000000001
2023-12-28 17:00:00,592,Tirunelveli,0.5,-0.6900000000000001
2023-12-28 20:00:00,592,Tirunelveli,2.5,-0.6900000000000001
2023-12-29 15:00:00,592,Tirunelveli,0.75,-0.7000000000000001
2023-12-29 17:00:00,592,Tirunelveli,0.5,-0.6749999999999999
2023-12-30 16:00:00,592,Tirunelveli,0.5,-0.6549999999999999
2023-12-30 19:00:00,592,Tirunelveli,1.0,-0.6549999999999999
2024-01-02 21:00:00,592,Tirunelveli,1.0,-0.6000000000000001
2024-01-03 17:00:00,592,Tirunelveli,0.5,-0.585
2024-01-03 19:00:00,592,Tirunelveli,2.833333333333333,-0.585
2024-01-03 20:00:00,592,Tirunelveli,0.75,-0.585
2024-01-05 01:00:00,592,Tirunelveli,0.5,-0.615
2024-01-05 16:00:00,592,Tirunelveli,0.5,-0.6050000000000001
2024-01-05 17:00:00,592,Tirunelveli,0.5,-0.6050000000000001
2024-01-05 21:00:00,592,Tirunelveli,0.5,-0.6050000000000001
2024-01-07 01:00:00,592,Tirunelveli,1.5,-0.6349999999999999
2024-01-07 02:00:00,592,Tirunelveli,5.5,-0.6349999999999999
2024-01-07 13:00:00,592,Tirunelveli,1.0,-0.6
2024-01-07 14:00:00,592,Tirunelveli,0.5,-0.6
2024-01-08 14:00:00,592,Tirunelveli,0.5,-0.59
2024-01-08 15:00:00,592,Tirunelveli,0.5,-0.59
2024-01-08 16:00:00,592,Tirunelveli,0.5,-0.5550000000000002
2024-01-08 17:00:00,592,Tirunelveli,7.166666666666667,-0.5550000000000002
2024-01-08 21:00:00,592,Tirunelveli,6.0,-0.5550000000000002
2024-01-08 22:00:00,592,Tirunelveli,0.5,-0.5500000000000002
2024-01-09 05:00:00,592,Tirunelveli,1.0,-0.5250000000000001
2024-01-09 08:00:00,592,Tirunelveli,1.0,-0.5250000000000001
2024-01-09 10:00:00,592,Tirunelveli,1.5,-0.555
2024-01-09 11:00:00,592,Tirunelveli,2.5,-0.555
2024-01-09 12:00:00,592,Tirunelveli,1.0,-0.555
2024-01-09 13:00:00,592,Tirunelveli,0.5,-0.555
2024-01-09 14:00:00,592,Tirunelveli,1.8333333333333333,-0.555
2024-01-09 16:00:00,592,Tirunelveli,0.5,-0.5200000000000001
2024-01-09 21:00:00,592,Tirunelveli,0.5,-0.5200000000000001
2024-01-10 13:30:00,592,Tirunelveli,0.5,-0.505
2024-01-10 13:35:00,592,Tirunelveli,0.5,-0.505
2024-01-10 15:00:00,592,Tirunelveli,2.5,-0.505
2024-01-10 16:00:00,592,Tirunelveli,0.875,-0.485
2024-01-10 17:00:00,592,Tirunelveli,1.0,-0.485
2024-01-10 18:00:00,592,Tirunelveli,3.5,-0.485
2024-01-10 19:00:00,592,Tirunelveli,1.3333333333333333,-0.485
2024-01-10 20:00:00,592,Tirunelveli,0.75,-0.485
2024-01-10 22:00:00,592,Tirunelveli,4.25,-0.4950000000000001
2024-01-10 23:00:00,592,Tirunelveli,8.5,-0.4950000000000001
2024-01-11 00:00:00,592,Tirunelveli,7.5,-0.4950000000000001
2024-01-11 05:00:00,592,Tirunelveli,0.5,-0.4649999999999999
2024-01-11 16:00:00,592,Tirunelveli,0.5,-0.4499999999999999
2024-01-12 13:00:00,592,Tirunelveli,0.5,-0.4850000000000001
2024-01-13 14:00:00,592,Tirunelveli,0.5,-0.4949999999999999
2024-01-14 19:00:00,592,Tirunelveli,0.5,-0.4499999999999999
2024-01-17 13:00:00,592,Tirunelveli,0.5,-0.425
2024-01-19 14:00:00,592,Tirunelveli,0.5,-0.4449999999999999
2024-01-19 15:00:00,592,Tirunelveli,0.5,-0.4449999999999999
2024-01-19 16:00:00,592,Tirunelveli,0.5,-0.4149999999999999
2024-01-20 05:00:00,592,Tirunelveli,0.5,-0.3999999999999999
2024-01-20 07:00:00,592,Tirunelveli,0.5,-0.3999999999999999
2024-01-20 08:00:00,592,Tirunelveli,2.5,-0.3999999999999999
2024-01-20 09:00:00,592,Tirunelveli,2.5,-0.3999999999999999
2024-01-20 10:00:00,592,Tirunelveli,2.6666666666666665,-0.4299999999999999
2024-01-20 11:00:00,592,Tirunelveli,1.25,-0.4299999999999999
2024-01-20 12:00:00,592,Tirunelveli,1.5,-0.4299999999999999
2024-01-21 02:00:00,592,Tirunelveli,1.0,-0.4049999999999999
2024-01-21 11:00:00,592,Tirunelveli,0.5,-0.3999999999999999
2024-01-21 18:00:00,592,Tirunelveli,0.5,-0.4049999999999999
2024-01-22 13:00:00,592,Tirunelveli,0.5,-0.4099999999999999
2024-01-23 18:00:00,592,Tirunelveli,0.5,-0.385
2024-01-25 09:00:00,592,Tirunelveli,0.5,-0.38
2024-01-26 21:00:00,592,Tirunelveli,0.5,-0.4
2024-02-01 09:00:00,592,Tirunelveli,36.0,-0.425
2024-02-01 11:00:00,592,Tirunelveli,4.5,-0.47
2024-02-01 12:00:00,592,Tirunelveli,2.25,-0.47
2024-02-03 10:30:00,592,Tirunelveli,81.5,-0.41
2024-02-03 11:00:00,592,Tirunelveli,81.5,-0.41
2024-02-22 16:00:00,592,Tirunelveli,0.75,-0.865
2024-02-25 04:00:00,592,Tirunelveli,1.0,-0.7749999999999999
2024-02-25 17:00:00,592,Tirunelveli,1.5,-0.78
2024-03-22 00:00:00,592,Tirunelveli,0.5,-1.395
2024-03-22 04:00:00,592,Tirunelveli,9.0,-1.3649999999999998
2024-03-22 06:00:00,592,Tirunelveli,0.5,-1.3649999999999998
2024-03-22 08:00:00,592,Tirunelveli,0.5,-1.3649999999999998
2024-03-23 01:30:00,592,Tirunelveli,1.0,-1.375
2024-03-23 02:00:00,592,Tirunelveli,1.5,-1.375
2024-03-23 03:00:00,592,Tirunelveli,3.0,-1.375
2024-03-23 04:00:00,592,Tirunelveli,5.25,-1.355
2024-03-23 06:00:00,592,Tirunelveli,1.75,-1.355
2024-03-28 08:00:00,592,Tirunelveli,0.5,-1.525
2024-03-28 15:00:00,592,Tirunelveli,1.5,-1.5550000000000002
2024-04-04 16:00:00,592,Tirunelveli,0.5,-1.59
2024-04-12 02:00:00,592,Tirunelveli,1.0,-2.02
2024-04-12 04:00:00,592,Tirunelveli,2.5,-1.935
2024-04-12 05:30:00,592,Tirunelveli,0.5,-1.935
2024-04-12 06:00:00,592,Tirunelveli,0.5,-1.935
2024-04-12 08:00:00,592,Tirunelveli,1.0,-1.935
2024-04-12 09:00:00,592,Tirunelveli,5.25,-1.935
2024-04-12 10:00:00,592,Tirunelveli,6.625,-2.09
2024-04-12 11:00:00,592,Tirunelveli,4.5,-2.09
2024-04-12 13:00:00,592,Tirunelveli,5.166666666666667,-2.09
2024-04-12 18:30:00,592,Tirunelveli,0.5,-1.965
2024-04-12 19:00:00,592,Tirunelveli,0.5,-1.965
2024-04-12 19:30:00,592,Tirunelveli,1.0,-1.965
2024-04-12 20:00:00,592,Tirunelveli,1.5,-1.965
2024-04-14 13:30:00,592,Tirunelveli,1.0,-1.98
2024-04-14 14:00:00,592,Tirunelveli,11.5,-1.98
2024-04-14 15:30:00,592,Tirunelveli,0.5,-2.01
2024-04-14 16:00:00,592,Tirunelveli,0.5,-2.01
2024-04-15 09:00:00,592,Tirunelveli,0.5,-1.915
2024-04-15 10:00:00,592,Tirunelveli,1.5,-1.925
2024-04-15 11:00:00,592,Tirunelveli,0.5,-1.925
2024-04-15 12:00:00,592,Tirunelveli,0.5,-1.925
2024-04-15 14:00:00,592,Tirunelveli,0.5,-1.925
2024-04-15 21:00:00,592,Tirunelveli,3.0,-1.9
2024-04-16 02:00:00,592,Tirunelveli,3.0,-1.905
2024-04-16 02:30:00,592,Tirunelveli,1.0,-1.905
2024-04-16 03:00:00,592,Tirunelveli,7.0,-1.905
2024-04-16 03:30:00,592,Tirunelveli,9.0,-1.875
2024-04-16 04:00:00,592,Tirunelveli,9.0,-1.875
2024-04-16 05:00:00,592,Tirunelveli,3.5,-1.875
2024-04-16 05:30:00,592,Tirunelveli,2.0,-1.875
2024-04-16 06:00:00,592,Tirunelveli,2.0,-1.875
2024-04-16 09:00:00,592,Tirunelveli,0.5,-1.875
2024-04-24 12:30:00,592,Tirunelveli,0.5,-2.14
2024-04-24 13:00:00,592,Tirunelveli,0.5,-2.14
2024-04-30 13:00:00,592,Tirunelveli,1.5,-2.335
2024-05-08 14:00:00,592,Tirunelveli,7.5,-2.73
2024-05-08 15:30:00,592,Tirunelveli,0.5,-2.6100000000000003
2024-05-08 16:00:00,592,Tirunelveli,0.5,-2.6100000000000003
2024-05-09 17:00:00,592,Tirunelveli,0.5,-2.7
2024-05-11 15:00:00,592,Tirunelveli,3.5,-2.655
2024-05-12 16:00:00,592,Tirunelveli,0.5,-2.58
2024-05-12 16:30:00,592,Tirunelveli,0.5,-2.58
2024-05-12 17:00:00,592,Tirunelveli,0.5,-2.58
2024-05-13 11:00:00,592,Tirunelveli,8.0,-2.555
2024-05-13 12:00:00,592,Tirunelveli,15.0,-2.555
2024-05-13 13:00:00,592,Tirunelveli,16.75,-2.555
2024-05-13 14:00:00,592,Tirunelveli,7.5,-2.555
2024-05-13 15:00:00,592,Tirunelveli,1.5,-2.555
2024-05-14 08:00:00,592,Tirunelveli,2.25,-2.475
2024-05-14 09:00:00,592,Tirunelveli,10.5,-2.475
2024-05-14 09:05:00,592,Tirunelveli,1.0,-2.4850000000000003
2024-05-14 09:10:00,592,Tirunelveli,4.0,-2.4850000000000003
2024-05-14 09:15:00,592,Tirunelveli,5.0,-2.4850000000000003
2024-05-14 09:20:00,592,Tirunelveli,6.0,-2.4850000000000003
2024-05-14 09:25:00,592,Tirunelveli,7.0,-2.4850000000000003
2024-05-14 09:30:00,592,Tirunelveli,8.0,-2.4850000000000003
2024-05-14 09:35:00,592,Tirunelveli,9.5,-2.4850000000000003
2024-05-14 09:40:00,592,Tirunelveli,10.5,-2.4850000000000003
2024-05-14 09:45:00,592,Tirunelveli,12.5,-2.4850000000000003
2024-05-14 09:50:00,592,Tirunelveli,13.5,-2.4850000000000003
2024-05-14 09:55:00,592,Tirunelveli,14.0,-2.4850000000000003
2024-05-14 10:00:00,592,Tirunelveli,7.166666666666667,-2.4850000000000003
2024-05-14 10:05:00,592,Tirunelveli,0.5,-2.4850000000000003
2024-05-14 10:10:00,592,Tirunelveli,0.5,-2.4850000000000003
2024-05-14 10:15:00,592,Tirunelveli,0.5,-2.4850000000000003
2024-05-14 10:20:00,592,Tirunelveli,1.0,-2.4850000000000003
2024-05-14 10:25:00,592,Tirunelveli,1.0,-2.4850000000000003
2024-05-14 10:30:00,592,Tirunelveli,1.0,-2.4850000000000003
2024-05-14 10:35:00,592,Tirunelveli,1.0,-2.4850000000000003
2024-05-14 10:40:00,592,Tirunelveli,1.0,-2.4850000000000003
2024-05-14 10:45:00,592,Tirunelveli,1.0,-2.4850000000000003
2024-05-14 10:50:00,592,Tirunelveli,1.0,-2.4850000000000003
2024-05-14 10:55:00,592,Tirunelveli,1.0,-2.4850000000000003
2024-05-14 11:00:00,592,Tirunelveli,1.0,-2.4850000000000003
2024-05-15 15:00:00,592,Tirunelveli,6.333333333333333,-2.425
2024-05-15 15:30:00,592,Tirunelveli,3.5,-2.405
2024-05-15 16:00:00,592,Tirunelveli,7.166666666666667,-2.405
2024-05-15 16:05:00,592,Tirunelveli,0.5,-2.405
2024-05-15 16:10:00,592,Tirunelveli,1.0,-2.405
2024-05-15 16:15:00,592,Tirunelveli,1.5,-2.405
2024-05-15 16:20:00,592,Tirunelveli,2.0,-2.405
2024-05-15 16:25:00,592,Tirunelveli,2.5,-2.405
2024-05-15 16:30:00,592,Tirunelveli,3.5,-2.405
2024-05-15 16:35:00,592,Tirunelveli,4.5,-2.405
2024-05-15 16:40:00,592,Tirunelveli,6.0,-2.405
2024-05-15 16:45:00,592,Tirunelveli,7.0,-2.405
2024-05-15 16:50:00,592,Tirunelveli,7.5,-2.405
2024-05-15 16:55:00,592,Tirunelveli,7.5,-2.405
2024-05-15 17:00:00,592,Tirunelveli,11.0,-2.405
2024-05-15 17:20:00,592,Tirunelveli,0.5,-2.405
2024-05-15 17:25:00,592,Tirunelveli,0.5,-2.405
2024-05-15 17:30:00,592,Tirunelveli,0.5,-2.405
2024-05-15 17:35:00,592,Tirunelveli,0.5,-2.405
2024-05-15 17:40:00,592,Tirunelveli,1.0,-2.405
2024-05-15 17:45:00,592,Tirunelveli,1.0,-2.405
2024-05-15 17:50:00,592,Tirunelveli,1.0,-2.405
2024-05-15 17:55:00,592,Tirunelveli,1.0,-2.405
2024-05-15 18:00:00,592,Tirunelveli,1.625,-2.405
2024-05-15 18:30:00,592,Tirunelveli,0.5,-2.405
2024-05-15 19:00:00,592,Tirunelveli,0.6666666666666666,-2.405
2024-05-15 19:25:00,592,Tirunelveli,0.5,-2.405
2024-05-15 21:00:00,592,Tirunelveli,0.5,-2.405
2024-05-16 13:00:00,592,Tirunelveli,2.0,-2.4
2024-05-16 16:00:00,592,Tirunelveli,3.5,-2.365
2024-05-16 18:00:00,592,Tirunelveli,1.0,-2.365
2024-05-16 18:30:00,592,Tirunelveli,1.5,-2.365
2024-05-16 19:00:00,592,Tirunelveli,2.0,-2.365
2024-05-16 19:30:00,592,Tirunelveli,3.0,-2.365
2024-05-16 20:00:00,592,Tirunelveli,3.0,-2.365
2024-05-17 14:20:00,592,Tirunelveli,1.0,-3.283333333333333
2024-05-17 14:25:00,592,Tirunelveli,1.0,-3.283333333333333
2024-05-17 14:30:00,592,Tirunelveli,1.5,-3.283333333333333
2024-05-17 14:35:00,592,Tirunelveli,1.5,-3.283333333333333
2024-05-17 14:40:00,592,Tirunelveli,1.5,-3.283333333333333
2024-05-17 14:45:00,592,Tirunelveli,1.5,-3.283333333333333
2024-05-17 14:50:00,592,Tirunelveli,1.5,-3.283333333333333
2024-05-17 14:55:00,592,Tirunelveli,1.5,-3.283333333333333
2024-05-17 15:00:00,592,Tirunelveli,7.833333333333333,-3.283333333333333
2024-05-17 15:05:00,592,Tirunelveli,0.5,-2.35
2024-05-17 15:10:00,592,Tirunelveli,0.5,-2.35
2024-05-17 15:15:00,592,Tirunelveli,0.5,-2.35
2024-05-17 15:20:00,592,Tirunelveli,0.5,-2.35
2024-05-17 15:25:00,592,Tirunelveli,0.5,-2.35
2024-05-17 15:30:00,592,Tirunelveli,0.5,-2.35
2024-05-17 15:35:00,592,Tirunelveli,0.5,-2.35
2024-05-17 15:40:00,592,Tirunelveli,0.5,-2.35
2024-05-17 15:45:00,592,Tirunelveli,0.5,-2.35
2024-05-17 15:50:00,592,Tirunelveli,0.5,-2.35
2024-05-17 15:55:00,592,Tirunelveli,0.5,-2.35
2024-05-17 16:00:00,592,Tirunelveli,9.0,-2.35
2024-05-17 16:30:00,592,Tirunelveli,1.5,-2.35
2024-05-17 17:00:00,592,Tirunelveli,4.0,-2.35
2024-05-17 17:30:00,592,Tirunelveli,1.5,-2.35
2024-05-17 18:00:00,592,Tirunelveli,1.5,-2.35
2024-05-17 19:00:00,592,Tirunelveli,0.6666666666666666,-2.35
2024-05-18 14:00:00,592,Tirunelveli,0.5,-2.335
2024-05-18 14:25:00,592,Tirunelveli,0.5,-2.335
2024-05-18 14:30:00,592,Tirunelveli,0.5,-2.335
2024-05-18 14:35:00,592,Tirunelveli,0.5,-2.335
2024-05-18 14:40:00,592,Tirunelveli,1.5,-2.335
2024-05-18 14:45:00,592,Tirunelveli,2.5,-2.335
2024-05-18 14:50:00,592,Tirunelveli,5.0,-2.335
2024-05-18 14:55:00,592,Tirunelveli,8.5,-2.335
2024-05-18 15:00:00,592,Tirunelveli,13.25,-2.335
2024-05-18 15:05:00,592,Tirunelveli,4.5,-2.325
2024-05-18 15:10:00,592,Tirunelveli,6.0,-2.325
2024-05-18 15:15:00,592,Tirunelveli,6.5,-2.325
2024-05-18 15:20:00,592,Tirunelveli,6.5,-2.325
2024-05-18 15:25:00,592,Tirunelveli,6.5,-2.325
2024-05-18 16:00:00,592,Tirunelveli,2.5,-2.325
2024-05-19 10:00:00,592,Tirunelveli,1.0,-2.32
2024-05-19 13:05:00,592,Tirunelveli,0.5,-2.32
2024-05-19 14:00:00,592,Tirunelveli,6.0,-2.32
2024-05-19 15:00:00,592,Tirunelveli,18.0,-2.32
2024-05-19 18:00:00,592,Tirunelveli,457.0,-2.3
2024-05-19 19:00:00,592,Tirunelveli,383.25,-2.3
2024-05-20 02:55:00,592,Tirunelveli,2.0,-2.305
2024-05-20 03:00:00,592,Tirunelveli,3.5,-2.305
2024-05-20 03:25:00,592,Tirunelveli,0.5,-2.29
2024-05-20 03:30:00,592,Tirunelveli,1.0,-2.29
2024-05-20 03:35:00,592,Tirunelveli,1.5,-2.29
2024-05-20 03:40:00,592,Tirunelveli,2.0,-2.29
2024-05-20 03:45:00,592,Tirunelveli,2.0,-2.29
2024-05-20 03:50:00,592,Tirunelveli,2.5,-2.29
2024-05-20 03:55:00,592,Tirunelveli,2.5,-2.29
2024-05-20 04:00:00,592,Tirunelveli,2.5,-2.29
2024-05-20 08:00:00,592,Tirunelveli,3.5,-2.29
2024-05-20 09:00:00,592,Tirunelveli,53.0,-2.29
2024-05-20 09:40:00,592,Tirunelveli,0.5,-2.315
2024-05-20 09:45:00,592,Tirunelveli,0.5,-2.315
2024-05-20 09:50:00,592,Tirunelveli,0.5,-2.315
2024-05-20 09:55:00,592,Tirunelveli,0.5,-2.315
2024-05-20 10:00:00,592,Tirunelveli,13.75,-2.315
2024-05-20 10:50:00,592,Tirunelveli,0.5,-2.315
2024-05-20 10:55:00,592,Tirunelveli,0.5,-2.315
2024-05-20 11:00:00,592,Tirunelveli,9.625,-2.315
2024-05-20 11:30:00,592,Tirunelveli,1.5,-2.315
2024-05-20 11:45:00,592,Tirunelveli,0.5,-2.315
2024-05-20 11:50:00,592,Tirunelveli,0.5,-2.315
2024-05-20 11:55:00,592,Tirunelveli,0.5,-2.315
2024-05-20 12:00:00,592,Tirunelveli,66.125,-2.315
2024-05-20 13:00:00,592,Tirunelveli,152.0,-2.315
2024-05-20 14:00:00,592,Tirunelveli,562.5,-2.315
2024-05-20 15:00:00,592,Tirunelveli,319.0,-2.315
2024-05-20 16:00:00,592,Tirunelveli,301.0,-2.305
2024-05-21 04:00:00,592,Tirunelveli,1.0,-2.29
2024-05-21 09:00:00,592,Tirunelveli,0.5,-2.29
2024-05-21 12:00:00,592,Tirunelveli,0.5,-2.34
2024-05-21 13:00:00,592,Tirunelveli,0.5,-2.34
2024-05-21 16:00:00,592,Tirunelveli,1.8333333333333333,-2.325
2024-05-21 18:00:00,592,Tirunelveli,0.5,-2.325
2024-05-21 19:00:00,592,Tirunelveli,0.5,-2.325
2024-05-21 20:00:00,592,Tirunelveli,0.5,-2.325
2024-05-21 20:30:00,592,Tirunelveli,0.5,-2.325
2024-05-21 21:00:00,592,Tirunelveli,1.4,-2.325
2024-05-21 21:30:00,592,Tirunelveli,0.5,-2.33
2024-05-21 22:00:00,592,Tirunelveli,0.9,-2.33
2024-05-21 23:00:00,592,Tirunelveli,1.0,-2.33
2024-05-22 00:00:00,592,Tirunelveli,0.5,-2.33
2024-05-22 01:00:00,592,Tirunelveli,1.3333333333333333,-2.33
2024-05-22 02:00:00,592,Tirunelveli,0.5,-2.33
2024-05-22 05:00:00,592,Tirunelveli,0.5,-2.3
2024-05-22 08:00:00,592,Tirunelveli,0.5,-2.3
2024-05-22 09:00:00,592,Tirunelveli,0.5,-2.3
2024-05-22 13:00:00,592,Tirunelveli,1.5,-2.35
2024-05-22 14:00:00,592,Tirunelveli,2.75,-2.35
2024-05-22 14:30:00,592,Tirunelveli,0.5,-2.35
2024-05-22 15:00:00,592,Tirunelveli,3.8333333333333335,-2.35
2024-05-22 16:00:00,592,Tirunelveli,2.0,-2.34
2024-05-22 17:00:00,592,Tirunelveli,0.5,-2.34
2024-05-22 20:00:00,592,Tirunelveli,1.0,-2.34
2024-05-22 21:00:00,592,Tirunelveli,0.5,-2.34
2024-05-22 22:00:00,592,Tirunelveli,0.5,-2.345
2024-05-23 00:00:00,592,Tirunelveli,0.5,-2.345
2024-05-23 01:00:00,592,Tirunelveli,2.5,-2.345
2024-05-23 02:00:00,592,Tirunelveli,8.375,-2.345
2024-05-23 03:00:00,592,Tirunelveli,4.75,-2.345
2024-05-23 03:30:00,592,Tirunelveli,1.5,-2.32
2024-05-23 04:00:00,592,Tirunelveli,2.6666666666666665,-2.32
2024-05-23 04:30:00,592,Tirunelveli,0.5,-2.32
2024-05-23 05:00:00,592,Tirunelveli,4.125,-2.32
2024-05-23 06:00:00,592,Tirunelveli,1.3333333333333333,-2.32
2024-05-23 06:30:00,592,Tirunelveli,0.5,-2.32
2024-05-23 07:00:00,592,Tirunelveli,0.5,-2.32
2024-05-23 07:30:00,592,Tirunelveli,0.5,-2.32
2024-05-23 08:00:00,592,Tirunelveli,1.0,-2.32
2024-05-23 08:30:00,592,Tirunelveli,0.5,-2.32
2024-05-23 09:00:00,592,Tirunelveli,1.0,-2.32
2024-05-23 10:00:00,592,Tirunelveli,0.5,-2.34
2024-05-23 11:00:00,592,Tirunelveli,1.1,-2.34
2024-05-23 12:00:00,592,Tirunelveli,0.5,-2.34
2024-05-23 13:00:00,592,Tirunelveli,0.5,-2.34
2024-05-23 14:00:00,592,Tirunelveli,3.125,-2.34
2024-05-23 15:00:00,592,Tirunelveli,0.6666666666666666,-2.34
2024-05-23 16:00:00,592,Tirunelveli,3.0,-2.325
2024-05-23 16:30:00,592,Tirunelveli,1.0,-2.325
2024-05-23 17:00:00,592,Tirunelveli,2.6,-2.325
2024-05-23 17:30:00,592,Tirunelveli,0.5,-2.325
2024-05-23 18:00:00,592,Tirunelveli,1.75,-2.325
2024-05-23 19:00:00,592,Tirunelveli,1.8333333333333333,-2.325
2024-05-23 19:30:00,592,Tirunelveli,0.5,-2.325
2024-05-23 20:00:00,592,Tirunelveli,0.75,-2.325
2024-05-23 22:00:00,592,Tirunelveli,0.5,-2.31
2024-05-24 04:00:00,592,Tirunelveli,2.5,-2.275
2024-05-24 05:00:00,592,Tirunelveli,0.5,-2.275
2024-05-24 06:30:00,592,Tirunelveli,0.5,-2.275
2024-05-24 07:00:00,592,Tirunelveli,0.5,-2.275
2024-05-24 08:00:00,592,Tirunelveli,1.5,-2.275
2024-05-24 09:00:00,592,Tirunelveli,0.5,-2.275
2024-05-24 11:00:00,592,Tirunelveli,0.75,-2.3000000000000003
2024-05-24 12:00:00,592,Tirunelveli,6.625,-2.3000000000000003
2024-05-24 13:00:00,592,Tirunelveli,6.875,-2.3000000000000003
2024-05-24 14:00:00,592,Tirunelveli,1.0,-2.3000000000000003
2024-05-24 15:00:00,592,Tirunelveli,0.5,-2.3000000000000003
2024-05-24 16:00:00,592,Tirunelveli,0.5,-2.285
2024-05-24 16:30:00,592,Tirunelveli,0.5,-2.285
2024-05-24 17:00:00,592,Tirunelveli,2.5,-2.285
2024-05-24 17:30:00,592,Tirunelveli,1.0,-2.285
2024-05-24 18:00:00,592,Tirunelveli,5.583333333333333,-2.285
2024-05-24 18:30:00,592,Tirunelveli,0.5,-2.285
2024-05-24 19:00:00,592,Tirunelveli,0.6666666666666666,-2.285
2024-05-24 20:00:00,592,Tirunelveli,1.125,-2.285
2024-05-24 20:30:00,592,Tirunelveli,1.5,-2.285
2024-05-24 21:00:00,592,Tirunelveli,1.9,-2.285
2024-05-24 21:30:00,592,Tirunelveli,0.5,-2.275
2024-05-24 22:00:00,592,Tirunelveli,0.75,-2.275
2024-05-24 23:00:00,592,Tirunelveli,0.5,-2.275
2024-05-25 00:00:00,592,Tirunelveli,0.5,-2.275
2024-05-25 01:00:00,592,Tirunelveli,0.5,-2.275
2024-05-25 02:00:00,592,Tirunelveli,0.6666666666666666,-2.275
2024-05-25 03:00:00,592,Tirunelveli,0.5,-2.275
2024-05-25 07:00:00,592,Tirunelveli,1.5,-2.245
2024-05-25 09:00:00,592,Tirunelveli,1.5,-2.245
2024-05-25 12:00:00,592,Tirunelveli,0.5,-2.255
2024-06-02 16:00:00,592,Tirunelveli,0.5,-2.505
2024-06-02 18:00:00,592,Tirunelveli,1.0,-2.505
2024-06-04 17:00:00,592,Tirunelveli,16.5,-2.495
2024-06-04 18:00:00,592,Tirunelveli,0.5,-2.495
2024-06-05 17:00:00,592,Tirunelveli,6.0,-2.495
2024-06-05 18:00:00,592,Tirunelveli,2.0,-2.495
2024-06-06 23:00:00,592,Tirunelveli,0.5,-2.515
2024-06-07 04:00:00,592,Tirunelveli,0.5,-2.48
2024-06-07 14:00:00,592,Tirunelveli,0.5,-2.495
2024-06-07 16:00:00,592,Tirunelveli,0.5,-2.495
2024-06-07 23:00:00,592,Tirunelveli,2.5,-2.49
2024-06-08 00:00:00,592,Tirunelveli,4.5,-2.49
2024-06-08 07:00:00,592,Tirunelveli,0.5,-2.46
2024-06-08 12:00:00,592,Tirunelveli,1.3333333333333333,-2.515
2024-06-08 13:00:00,592,Tirunelveli,0.5,-2.515
2024-06-08 14:00:00,592,Tirunelveli,1.0,-2.515
2024-06-08 15:00:00,592,Tirunelveli,1.5,-2.515
2024-06-08 16:00:00,592,Tirunelveli,3.0,-2.5
2024-06-08 17:00:00,592,Tirunelveli,2.5,-2.5
2024-06-08 18:00:00,592,Tirunelveli,0.75,-2.5
2024-06-08 20:00:00,592,Tirunelveli,1.0,-2.5
2024-06-08 21:00:00,592,Tirunelveli,0.75,-2.5
2024-06-08 22:00:00,592,Tirunelveli,0.5,-2.515
2024-06-08 23:00:00,592,Tirunelveli,0.5,-2.515
2024-06-09 03:00:00,592,Tirunelveli,1.0,-2.515
2024-06-09 04:00:00,592,Tirunelveli,0.5,-2.49
2024-06-09 10:00:00,592,Tirunelveli,0.5,-2.55
2024-06-09 13:00:00,592,Tirunelveli,1.5,-2.55
2024-06-09 14:00:00,592,Tirunelveli,0.5,-2.55
2024-06-09 15:00:00,592,Tirunelveli,0.5,-2.55
2024-06-12 09:00:00,592,Tirunelveli,0.5,-2.675
2024-06-19 17:00:00,592,Tirunelveli,2.5,-3.2133333333333334
2024-06-19 18:00:00,592,Tirunelveli,1.25,-3.2133333333333334
2024-06-20 07:00:00,592,Tirunelveli,1.0,-3.1
2024-06-22 20:00:00,592,Tirunelveli,0.5,-3.026666666666667
2024-06-22 23:00:00,592,Tirunelveli,0.5,-3.026666666666667
2024-06-23 00:00:00,592,Tirunelveli,0.5,-3.026666666666667
2024-06-23 11:00:00,592,Tirunelveli,0.5,-3.1566666666666663
2024-06-23 13:00:00,592,Tirunelveli,0.5,-3.1566666666666663
2024-06-23 16:00:00,592,Tirunelveli,0.5,-3.12
2024-06-23 17:00:00,592,Tirunelveli,0.5,-3.12
2024-06-23 18:00:00,592,Tirunelveli,0.5,-3.12
2024-06-24 12:00:00,592,Tirunelveli,0.5,-3.11
2024-06-24 13:00:00,592,Tirunelveli,1.75,-3.11
2024-06-24 14:00:00,592,Tirunelveli,2.75,-3.11
2024-06-24 15:00:00,592,Tirunelveli,1.875,-3.11
2024-06-24 16:00:00,592,Tirunelveli,1.25,-3.0866666666666664
2024-06-24 17:00:00,592,Tirunelveli,1.0,-3.0866666666666664
2024-06-24 18:00:00,592,Tirunelveli,0.5,-3.0866666666666664
2024-06-25 11:00:00,592,Tirunelveli,0.5,-3.09
2024-06-25 12:00:00,592,Tirunelveli,0.5,-3.09
2024-06-25 13:00:00,592,Tirunelveli,2.0,-3.09
2024-06-25 15:00:00,592,Tirunelveli,1.0,-3.09
2024-06-25 18:00:00,592,Tirunelveli,1.0,-3.06
2024-06-25 21:00:00,592,Tirunelveli,0.5,-3.06
2024-06-26 07:00:00,592,Tirunelveli,0.5,-3.2099999999999995
2024-06-26 08:00:00,592,Tirunelveli,0.5,-3.2099999999999995
2024-06-26 10:00:00,592,Tirunelveli,0.5,-3.1
2024-06-26 12:00:00,592,Tirunelveli,1.0,-3.1
2024-06-26 15:00:00,592,Tirunelveli,2.1666666666666665,-3.1
2024-06-26 15:30:00,592,Tirunelveli,1.0,-3.103333333333333
2024-06-26 16:00:00,592,Tirunelveli,0.9166666666666666,-3.103333333333333
2024-06-26 16:30:00,592,Tirunelveli,2.0,-3.103333333333333
2024-06-26 17:00:00,592,Tirunelveli,2.1,-3.103333333333333
2024-06-26 17:30:00,592,Tirunelveli,0.5,-3.103333333333333
2024-06-26 18:00:00,592,Tirunelveli,2.5,-3.103333333333333
2024-06-26 19:00:00,592,Tirunelveli,0.75,-3.103333333333333
2024-06-26 22:00:00,592,Tirunelveli,0.5,-3.096666666666667
2024-06-27 01:00:00,592,Tirunelveli,0.75,-3.096666666666667
2024-06-27 14:00:00,592,Tirunelveli,0.5,-3.103333333333333
2024-06-27 15:00:00,592,Tirunelveli,1.5,-3.103333333333333
2024-06-27 21:00:00,592,Tirunelveli,0.5,-3.103333333333333
2024-06-28 02:00:00,592,Tirunelveli,0.5,-3.106666666666667
2024-06-28 07:00:00,592,Tirunelveli,0.5,-3.0966666666666662
2024-06-29 06:00:00,592,Tirunelveli,1.5,-3.08
2024-06-29 07:00:00,592,Tirunelveli,1.0,-3.08
2024-07-13 11:00:00,592,Tirunelveli,1.0,-3.353333333333333
2024-07-13 12:00:00,592,Tirunelveli,0.5,-3.353333333333333
2024-07-13 12:30:00,592,Tirunelveli,0.5,-3.353333333333333
2024-07-13 13:00:00,592,Tirunelveli,0.5,-3.353333333333333
2024-07-13 14:00:00,592,Tirunelveli,0.5,-3.353333333333333
2024-07-13 15:30:00,592,Tirunelveli,0.5,-3.376666666666667
2024-07-13 16:00:00,592,Tirunelveli,0.5,-3.376666666666667
2024-07-13 17:00:00,592,Tirunelveli,1.0,-3.376666666666667
2024-07-13 19:00:00,592,Tirunelveli,0.5,-3.376666666666667
2024-07-14 17:30:00,592,Tirunelveli,0.5,-3.3366666666666664
2024-07-14 18:00:00,592,Tirunelveli,0.5,-3.3366666666666664
2024-07-14 23:00:00,592,Tirunelveli,1.75,-3.3233333333333337
2024-07-15 00:00:00,592,Tirunelveli,0.5,-3.3233333333333337
2024-07-15 03:00:00,592,Tirunelveli,0.5,-3.3233333333333337
2024-07-15 05:30:00,592,Tirunelveli,0.5,-3.313333333333334
2024-07-15 06:00:00,592,Tirunelveli,0.5,-3.313333333333334
2024-07-15 06:30:00,592,Tirunelveli,6.0,-3.313333333333334
2024-07-15 07:00:00,592,Tirunelveli,5.0,-3.313333333333334
2024-07-15 09:00:00,592,Tirunelveli,0.5,-3.313333333333334
2024-07-15 09:30:00,592,Tirunelveli,0.5,-3.31
2024-07-15 10:00:00,592,Tirunelveli,0.5,-3.31
2024-07-15 12:00:00,592,Tirunelveli,0.5,-3.31
2024-07-15 13:30:00,592,Tirunelveli,1.5,-3.31
2024-07-15 14:00:00,592,Tirunelveli,2.25,-3.31
2024-07-15 14:30:00,592,Tirunelveli,0.5,-3.31
2024-07-15 15:00:00,592,Tirunelveli,1.1,-3.31
2024-07-15 15:30:00,592,Tirunelveli,0.5,-3.303333333333333
2024-07-15 16:00:00,592,Tirunelveli,0.625,-3.303333333333333
2024-07-15 17:00:00,592,Tirunelveli,0.5,-3.303333333333333
2024-07-15 18:30:00,592,Tirunelveli,0.5,-3.303333333333333
2024-07-15 19:00:00,592,Tirunelveli,1.25,-3.303333333333333
2024-07-15 20:00:00,592,Tirunelveli,0.5,-3.303333333333333
2024-07-15 21:00:00,592,Tirunelveli,0.5,-3.303333333333333
2024-07-15 22:00:00,592,Tirunelveli,0.5,-3.296666666666667
2024-07-16 10:00:00,592,Tirunelveli,0.5,-3.303333333333333
2024-07-16 18:00:00,592,Tirunelveli,0.5,-3.3166666666666664
2024-07-17 03:00:00,592,Tirunelveli,0.5,-3.3200000000000003
2024-07-17 07:00:00,592,Tirunelveli,0.5,-3.306666666666666
2024-07-17 10:00:00,592,Tirunelveli,0.5,-3.436666666666667
2024-07-17 13:30:00,592,Tirunelveli,0.5,-3.436666666666667
2024-07-17 14:00:00,592,Tirunelveli,1.625,-3.436666666666667
2024-07-17 15:00:00,592,Tirunelveli,0.5,-3.436666666666667
2024-07-19 17:00:00,592,Tirunelveli,1.0,-3.3866666666666667
2024-07-20 01:00:00,592,Tirunelveli,0.5,-3.39
2024-07-20 02:00:00,592,Tirunelveli,1.0,-3.39
2024-07-20 03:00:00,592,Tirunelveli,0.5,-3.39
2024-07-22 08:00:00,592,Tirunelveli,1.5,-3.39
2024-07-22 09:00:00,592,Tirunelveli,1.0,-3.39
2024-07-22 10:00:00,592,Tirunelveli,0.5,-3.41
2024-07-27 18:00:00,592,Tirunelveli,0.5,-3.533333333333333
2024-07-28 13:00:00,592,Tirunelveli,1.5,-3.5766666666666667
2024-07-28 15:00:00,592,Tirunelveli,1.5,-3.5766666666666667
2024-07-28 17:00:00,592,Tirunelveli,0.5,-3.5666666666666664
2024-07-28 18:00:00,592,Tirunelveli,1.0,-3.5666666666666664
2024-07-28 20:00:00,592,Tirunelveli,1.0,-3.5666666666666664
2024-07-28 21:00:00,592,Tirunelveli,1.25,-3.5666666666666664
2024-07-28 22:00:00,592,Tirunelveli,0.75,-3.5766666666666667
2024-07-30 00:00:00,592,Tirunelveli,0.5,-3.61
2024-07-30 01:00:00,592,Tirunelveli,1.0,-3.61
2024-07-30 09:20:00,592,Tirunelveli,0.5,-3.62
2024-07-30 09:25:00,592,Tirunelveli,0.5,-3.62
2024-07-30 09:30:00,592,Tirunelveli,0.5,-3.62
2024-07-30 09:35:00,592,Tirunelveli,0.5,-3.62
2024-07-30 09:40:00,592,Tirunelveli,0.5,-3.62
2024-07-30 09:45:00,592,Tirunelveli,0.5,-3.62
2024-07-30 09:50:00,592,Tirunelveli,0.5,-3.62
2024-07-30 09:55:00,592,Tirunelveli,0.5,-3.62
2024-07-30 10:00:00,592,Tirunelveli,0.5,-3.62
2024-08-01 13:50:00,592,Tirunelveli,1.5,-3.776666666666667
2024-08-01 13:55:00,592,Tirunelveli,1.5,-3.776666666666667
2024-08-01 14:00:00,592,Tirunelveli,1.5,-3.776666666666667
2024-08-02 08:00:00,592,Tirunelveli,0.5,-3.72
2024-08-05 21:00:00,592,Tirunelveli,2.0,-3.81
2024-08-11 14:50:00,592,Tirunelveli,0.5,-4.06
2024-08-11 14:55:00,592,Tirunelveli,0.5,-4.06
2024-08-11 15:00:00,592,Tirunelveli,0.5,-4.06
2024-08-11 18:00:00,592,Tirunelveli,1.5,-4.14
2024-08-12 16:00:00,592,Tirunelveli,15.0,-4.09
2024-08-13 12:00:00,592,Tirunelveli,2.5,-4.065
2024-08-13 13:00:00,592,Tirunelveli,3.5,-4.065
2024-08-13 14:00:00,592,Tirunelveli,9.5,-4.065
2024-08-13 15:00:00,592,Tirunelveli,2.5,-4.065
2024-08-13 16:00:00,592,Tirunelveli,2.25,-4.045
2024-08-13 16:55:00,592,Tirunelveli,0.5,-4.045
2024-08-13 17:00:00,592,Tirunelveli,0.75,-4.045
2024-08-13 17:05:00,592,Tirunelveli,0.5,-4.045
2024-08-13 17:10:00,592,Tirunelveli,1.0,-4.045
2024-08-13 17:15:00,592,Tirunelveli,1.0,-4.045
2024-08-13 17:20:00,592,Tirunelveli,1.5,-4.045
2024-08-13 17:25:00,592,Tirunelveli,1.5,-4.045
2024-08-13 18:00:00,592,Tirunelveli,32.5,-4.045
2024-08-13 19:00:00,592,Tirunelveli,1.0,-4.045
2024-08-13 23:00:00,592,Tirunelveli,0.5,-4.02
2024-08-14 00:00:00,592,Tirunelveli,0.5,-4.02
2024-08-14 01:00:00,592,Tirunelveli,0.75,-4.02
2024-08-14 02:00:00,592,Tirunelveli,1.5,-4.02
2024-08-14 03:00:00,592,Tirunelveli,7.125,-4.02
2024-08-14 04:00:00,592,Tirunelveli,9.0,-3.97
2024-08-14 05:00:00,592,Tirunelveli,0.5,-3.97
2024-08-14 14:00:00,592,Tirunelveli,1.0,-3.956666666666667
2024-08-14 15:00:00,592,Tirunelveli,4.5,-3.956666666666667
2024-08-16 15:00:00,592,Tirunelveli,16.0,-3.84
2024-08-16 16:10:00,592,Tirunelveli,0.5,-3.8366666666666656
2024-08-16 16:15:00,592,Tirunelveli,1.0,-3.8366666666666656
2024-08-16 16:20:00,592,Tirunelveli,1.0,-3.8366666666666656
2024-08-16 16:25:00,592,Tirunelveli,1.0,-3.8366666666666656
2024-08-16 16:30:00,592,Tirunelveli,1.0,-3.8366666666666656
2024-08-16 16:35:00,592,Tirunelveli,1.0,-3.8366666666666656
2024-08-16 16:40:00,592,Tirunelveli,1.0,-3.8366666666666656
2024-08-16 16:45:00,592,Tirunelveli,1.0,-3.8366666666666656
2024-08-16 16:50:00,592,Tirunelveli,1.0,-3.8366666666666656
2024-08-16 16:55:00,592,Tirunelveli,1.0,-3.8366666666666656
2024-08-16 17:00:00,592,Tirunelveli,1.0,-3.8366666666666656
2024-08-19 13:00:00,592,Tirunelveli,10.5,-4.675000000000001
2024-08-19 14:00:00,592,Tirunelveli,5.0,-4.675000000000001
2024-08-19 15:00:00,592,Tirunelveli,1.0,-4.675000000000001
2024-08-21 05:00:00,592,Tirunelveli,0.5,-5.51
2024-08-21 09:00:00,592,Tirunelveli,0.5,-5.51
2024-08-22 17:00:00,592,Tirunelveli,0.5,-3.865
2024-08-29 08:00:00,592,Tirunelveli,1.0,-4.166666666666667
2024-08-30 09:00:00,592,Tirunelveli,0.5,-4.23
2024-08-30 09:20:00,592,Tirunelveli,0.5,-4.25
2024-08-30 09:25:00,592,Tirunelveli,0.5,-4.25
2024-08-30 09:30:00,592,Tirunelveli,0.5,-4.25
2024-08-30 09:35:00,592,Tirunelveli,0.5,-4.25
2024-08-30 09:40:00,592,Tirunelveli,0.5,-4.25
2024-08-30 09:45:00,592,Tirunelveli,0.5,-4.25
2024-08-30 09:50:00,592,Tirunelveli,0.5,-4.25
2024-08-30 09:55:00,592,Tirunelveli,0.5,-4.25
2024-08-30 10:00:00,592,Tirunelveli,1.0,-4.25
2024-08-30 13:00:00,592,Tirunelveli,0.5,-4.25
2024-09-01 14:50:00,592,Tirunelveli,0.5,-4.243333333333333
2024-09-01 14:55:00,592,Tirunelveli,0.5,-4.243333333333333
2024-09-01 15:00:00,592,Tirunelveli,0.5,-4.243333333333333
2024-09-02 05:00:00,592,Tirunelveli,0.5,-4.23
2024-09-02 06:00:00,592,Tirunelveli,0.5,-4.23
2024-09-02 08:00:00,592,Tirunelveli,0.5,-4.23
2024-09-03 11:00:00,592,Tirunelveli,1.5,-4.286666666666666
2024-09-11 11:10:00,592,Tirunelveli,0.5,-4.626666666666666
2024-09-11 11:15:00,592,Tirunelveli,0.5,-4.626666666666666
2024-09-11 11:20:00,592,Tirunelveli,0.5,-4.626666666666666
2024-09-11 11:25:00,592,Tirunelveli,0.5,-4.626666666666666
2024-09-11 11:30:00,592,Tirunelveli,0.5,-4.626666666666666
2024-09-11 11:35:00,592,Tirunelveli,0.5,-4.626666666666666
2024-09-11 11:40:00,592,Tirunelveli,0.5,-4.626666666666666
2024-09-11 11:45:00,592,Tirunelveli,0.5,-4.626666666666666
2024-09-11 11:50:00,592,Tirunelveli,0.5,-4.626666666666666
2024-09-11 11:55:00,592,Tirunelveli,0.5,-4.626666666666666
2024-09-11 12:00:00,592,Tirunelveli,0.5,-4.626666666666666
2024-09-11 12:15:00,592,Tirunelveli,0.5,-4.626666666666666
2024-09-11 12:20:00,592,Tirunelveli,0.5,-4.626666666666666
2024-09-11 12:25:00,592,Tirunelveli,0.5,-4.626666666666666
2024-09-11 12:30:00,592,Tirunelveli,0.5,-4.626666666666666
2024-09-11 12:35:00,592,Tirunelveli,0.5,-4.626666666666666
2024-09-11 12:40:00,592,Tirunelveli,0.5,-4.626666666666666
2024-09-11 12:45:00,592,Tirunelveli,0.5,-4.626666666666666
2024-09-11 12:50:00,592,Tirunelveli,0.5,-4.626666666666666
2024-09-11 12:55:00,592,Tirunelveli,0.5,-4.626666666666666
2024-09-11 13:00:00,592,Tirunelveli,0.5,-4.626666666666666
2024-09-11 14:45:00,592,Tirunelveli,0.5,-4.626666666666666
2024-09-11 14:50:00,592,Tirunelveli,0.5,-4.626666666666666
2024-09-11 14:55:00,592,Tirunelveli,0.5,-4.626666666666666
2024-09-11 15:00:00,592,Tirunelveli,0.5,-4.626666666666666
2024-09-28 13:00:00,592,Tirunelveli,2.5,-5.533333333333334
2024-09-28 14:00:00,592,Tirunelveli,9.875,-5.533333333333334
2024-09-28 15:00:00,592,Tirunelveli,4.375,-5.533333333333334
2024-09-29 04:00:00,592,Tirunelveli,0.5,-5.543333333333334
2024-09-29 22:00:00,592,Tirunelveli,8.75,-5.563333333333333
2024-09-29 23:00:00,592,Tirunelveli,22.4,-5.563333333333333
2024-09-30 00:00:00,592,Tirunelveli,9.3,-5.563333333333333
2024-09-30 01:00:00,592,Tirunelveli,2.375,-5.563333333333333
2024-09-30 03:00:00,592,Tirunelveli,7.5,-5.563333333333333
2024-09-30 14:00:00,592,Tirunelveli,6.5,-5.453333333333333
2024-09-30 15:00:00,592,Tirunelveli,3.6666666666666665,-5.453333333333333
2024-09-30 16:00:00,592,Tirunelveli,0.5,-5.433333333333334
2024-09-30 16:10:00,592,Tirunelveli,0.5,-5.433333333333334
2024-09-30 16:15:00,592,Tirunelveli,0.5,-5.433333333333334
2024-09-30 16:20:00,592,Tirunelveli,0.5,-5.433333333333334
2024-09-30 16:25:00,592,Tirunelveli,0.5,-5.433333333333334
2024-10-01 17:00:00,592,Tirunelveli,0.5,-5.3566666666666665
2024-10-02 04:00:00,592,Tirunelveli,5.0,-5.329999999999999
2024-10-02 08:00:00,592,Tirunelveli,0.5,-5.329999999999999
2024-10-02 10:00:00,592,Tirunelveli,0.5,-5.32
2024-10-02 10:55:00,592,Tirunelveli,0.5,-5.32
2024-10-02 11:00:00,592,Tirunelveli,2.0,-5.32
2024-10-02 11:05:00,592,Tirunelveli,1.0,-5.32
2024-10-02 11:10:00,592,Tirunelveli,1.5,-5.32
2024-10-02 11:15:00,592,Tirunelveli,1.5,-5.32
2024-10-02 11:20:00,592,Tirunelveli,1.5,-5.32
2024-10-02 11:25:00,592,Tirunelveli,1.5,-5.32
2024-10-02 11:30:00,592,Tirunelveli,1.5,-5.32
2024-10-02 11:35:00,592,Tirunelveli,1.5,-5.32
2024-10-02 11:40:00,592,Tirunelveli,1.5,-5.32
2024-10-02 11:45:00,592,Tirunelveli,1.5,-5.32
2024-10-02 11:50:00,592,Tirunelveli,1.5,-5.32
2024-10-02 11:55:00,592,Tirunelveli,1.5,-5.32
2024-10-02 12:00:00,592,Tirunelveli,1.75,-5.32
2024-10-02 13:00:00,592,Tirunelveli,5.0,-5.32
2024-10-02 15:05:00,592,Tirunelveli,0.5,-5.293333333333334
2024-10-02 15:10:00,592,Tirunelveli,0.5,-5.293333333333334
2024-10-02 15:15:00,592,Tirunelveli,0.5,-5.293333333333334
2024-10-02 15:20:00,592,Tirunelveli,0.5,-5.293333333333334
2024-10-02 15:25:00,592,Tirunelveli,0.5,-5.293333333333334
2024-10-02 15:30:00,592,Tirunelveli,0.5,-5.293333333333334
2024-10-02 15:35:00,592,Tirunelveli,0.5,-5.293333333333334
2024-10-02 15:40:00,592,Tirunelveli,0.5,-5.293333333333334
2024-10-02 15:45:00,592,Tirunelveli,0.5,-5.293333333333334
2024-10-02 15:50:00,592,Tirunelveli,0.5,-5.293333333333334
2024-10-02 15:55:00,592,Tirunelveli,0.5,-5.293333333333334
2024-10-02 16:00:00,592,Tirunelveli,0.5,-5.293333333333334
2024-10-03 09:00:00,592,Tirunelveli,0.5,-3.67
2024-10-07 08:50:00,592,Tirunelveli,0.5,-5.273333333333333
2024-10-07 08:55:00,592,Tirunelveli,0.5,-5.273333333333333
2024-10-07 09:00:00,592,Tirunelveli,0.5,-5.273333333333333
2024-10-09 15:20:00,592,Tirunelveli,0.5,-5.336666666666666
2024-10-09 15:25:00,592,Tirunelveli,1.0,-5.336666666666666
2024-10-09 15:30:00,592,Tirunelveli,1.0,-5.336666666666666
2024-10-09 15:35:00,592,Tirunelveli,1.0,-5.336666666666666
2024-10-09 15:40:00,592,Tirunelveli,1.0,-5.336666666666666
2024-10-09 15:45:00,592,Tirunelveli,1.0,-5.336666666666666
2024-10-09 15:50:00,592,Tirunelveli,1.0,-5.336666666666666
2024-10-09 15:55:00,592,Tirunelveli,1.0,-5.336666666666666
2024-10-09 16:00:00,592,Tirunelveli,2.75,-5.336666666666666
2024-10-09 17:00:00,592,Tirunelveli,4.5,-5.336666666666666
2024-10-09 18:00:00,592,Tirunelveli,0.5,-5.336666666666666
2024-10-10 03:00:00,592,Tirunelveli,1.0,-5.33
2024-10-10 14:00:00,592,Tirunelveli,0.5,-5.349999999999999
2024-10-10 15:00:00,592,Tirunelveli,5.0,-5.349999999999999
2024-10-11 15:00:00,592,Tirunelveli,1.0,-5.38
2024-10-11 15:10:00,592,Tirunelveli,0.5,-5.373333333333332
2024-10-11 15:15:00,592,Tirunelveli,0.5,-5.373333333333332
2024-10-11 15:20:00,592,Tirunelveli,1.0,-5.373333333333332
2024-10-11 15:25:00,592,Tirunelveli,1.5,-5.373333333333332
2024-10-11 15:30:00,592,Tirunelveli,1.5,-5.373333333333332
2024-10-11 15:35:00,592,Tirunelveli,1.5,-5.373333333333332
2024-10-11 15:40:00,592,Tirunelveli,1.5,-5.373333333333332
2024-10-11 15:45:00,592,Tirunelveli,1.5,-5.373333333333332
2024-10-11 15:50:00,592,Tirunelveli,1.5,-5.373333333333332
2024-10-11 15:55:00,592,Tirunelveli,1.5,-5.373333333333332
2024-10-11 16:05:00,592,Tirunelveli,1.5,-5.373333333333332
2024-10-11 16:10:00,592,Tirunelveli,1.5,-5.373333333333332
2024-10-11 16:15:00,592,Tirunelveli,1.5,-5.373333333333332
2024-10-11 16:20:00,592,Tirunelveli,1.5,-5.373333333333332
2024-10-11 16:25:00,592,Tirunelveli,1.5,-5.373333333333332
2024-10-11 16:30:00,592,Tirunelveli,1.5,-5.373333333333332
2024-10-11 16:35:00,592,Tirunelveli,1.5,-5.373333333333332
2024-10-11 16:40:00,592,Tirunelveli,1.5,-5.373333333333332
2024-10-12 04:00:00,592,Tirunelveli,0.5,-5.343333333333334
2024-10-13 15:00:00,592,Tirunelveli,4.0,-5.316666666666666
2024-10-13 16:00:00,592,Tirunelveli,2.833333333333333,-5.3133333333333335
2024-10-13 17:00:00,592,Tirunelveli,2.333333333333333,-5.3133333333333335
2024-10-13 18:00:00,592,Tirunelveli,0.5,-5.3133333333333335
2024-10-14 07:00:00,592,Tirunelveli,0.5,-5.283333333333333
2024-10-14 08:00:00,592,Tirunelveli,1.0,-5.283333333333333
2024-10-14 10:00:00,592,Tirunelveli,0.5,-5.28
2024-10-14 19:00:00,592,Tirunelveli,0.5,-5.2700000000000005
2024-10-14 20:00:00,592,Tirunelveli,0.5,-5.2700000000000005
2024-10-15 14:00:00,592,Tirunelveli,0.5,-5.25
2024-10-15 14:05:00,592,Tirunelveli,0.5,-5.25
2024-10-15 14:10:00,592,Tirunelveli,0.5,-5.25
2024-10-15 14:15:00,592,Tirunelveli,0.5,-5.25
2024-10-15 14:20:00,592,Tirunelveli,0.5,-5.25
2024-10-15 14:25:00,592,Tirunelveli,0.5,-5.25
2024-10-15 14:30:00,592,Tirunelveli,1.0,-5.25
2024-10-15 14:35:00,592,Tirunelveli,1.0,-5.25
2024-10-15 14:45:00,592,Tirunelveli,1.0,-5.25
2024-10-15 14:50:00,592,Tirunelveli,1.0,-5.25
2024-10-15 15:00:00,592,Tirunelveli,1.25,-5.25
2024-10-19 15:00:00,592,Tirunelveli,12.5,-5.256666666666667
2024-10-19 16:00:00,592,Tirunelveli,2.0,-5.263333333333333
2024-10-20 14:00:00,592,Tirunelveli,8.0,-5.283333333333333
2024-10-20 15:00:00,592,Tirunelveli,17.0,-5.283333333333333
2024-10-20 16:00:00,592,Tirunelveli,0.5,-5.296666666666667
2024-10-21 15:00:00,592,Tirunelveli,16.0,-5.303333333333334
2024-10-22 11:00:00,592,Tirunelveli,0.5,-5.306666666666667
2024-10-22 12:00:00,592,Tirunelveli,11.5,-5.306666666666667
2024-10-22 13:00:00,592,Tirunelveli,17.5,-5.306666666666667
2024-10-22 14:00:00,592,Tirunelveli,7.5,-5.306666666666667
2024-10-22 18:00:00,592,Tirunelveli,6.0,-5.31
2024-10-23 13:00:00,592,Tirunelveli,5.5,-5.3
2024-10-23 14:00:00,592,Tirunelveli,22.0,-5.3
2024-10-23 20:00:00,592,Tirunelveli,0.5,-5.3
2024-10-23 21:00:00,592,Tirunelveli,0.5,-5.3
2024-10-24 19:00:00,592,Tirunelveli,4.0,-5.283333333333334
2024-10-24 21:00:00,592,Tirunelveli,0.5,-5.283333333333334
2024-10-24 22:00:00,592,Tirunelveli,0.5,-5.286666666666666
2024-10-24 23:00:00,592,Tirunelveli,0.5,-5.286666666666666
2024-10-25 04:00:00,592,Tirunelveli,1.5,-5.283333333333333
2024-10-25 05:00:00,592,Tirunelveli,3.25,-5.283333333333333
2024-10-25 06:00:00,592,Tirunelveli,2.0,-5.283333333333333
2024-10-25 07:00:00,592,Tirunelveli,0.8333333333333334,-5.283333333333333
2024-10-25 08:00:00,592,Tirunelveli,0.5,-5.283333333333333
2024-10-25 09:00:00,592,Tirunelveli,1.5,-5.283333333333333
2024-10-25 10:00:00,592,Tirunelveli,8.3,-5.283333333333333
2024-10-25 11:00:00,592,Tirunelveli,4.7,-5.283333333333333
2024-10-25 12:00:00,592,Tirunelveli,5.5,-5.283333333333333
2024-10-25 13:00:00,592,Tirunelveli,1.75,-5.283333333333333
2024-10-25 14:00:00,592,Tirunelveli,0.75,-5.283333333333333
2024-10-25 15:00:00,592,Tirunelveli,0.5,-5.283333333333333
2024-10-25 23:00:00,592,Tirunelveli,1.0,-5.25
2024-10-26 09:00:00,592,Tirunelveli,0.5,-5.243333333333333
2024-10-26 10:00:00,592,Tirunelveli,0.5,-5.24
2024-10-26 15:00:00,592,Tirunelveli,3.5,-5.24
2024-10-26 17:00:00,592,Tirunelveli,1.25,-5.233333333333333
2024-10-27 00:00:00,592,Tirunelveli,2.5,-5.233333333333333
2024-10-27 01:00:00,592,Tirunelveli,1.0,-5.233333333333333
2024-10-27 10:00:00,592,Tirunelveli,0.5,-5.223333333333334
2024-10-27 15:00:00,592,Tirunelveli,0.5,-5.223333333333334
2024-10-31 16:00:00,592,Tirunelveli,1.0,-7.47
2024-11-01 13:00:00,592,Tirunelveli,11.25,-5.33
2024-11-01 14:00:00,592,Tirunelveli,0.5,-5.33
2024-11-01 17:00:00,592,Tirunelveli,0.5,-5.325
2024-11-02 11:00:00,592,Tirunelveli,1.0,-5.206666666666666
2024-11-02 12:00:00,592,Tirunelveli,1.5,-5.206666666666666
2024-11-02 13:00:00,592,Tirunelveli,10.75,-5.206666666666666
2024-11-02 14:00:00,592,Tirunelveli,6.0,-5.206666666666666
2024-11-02 15:00:00,592,Tirunelveli,2.75,-5.206666666666666
2024-11-02 17:00:00,592,Tirunelveli,0.5,-5.2
2024-11-03 03:00:00,592,Tirunelveli,0.5,-5.183333333333334
2024-11-03 14:00:00,592,Tirunelveli,2.0,-5.153333333333333
2024-11-03 18:00:00,592,Tirunelveli,6.5,-5.126666666666666
2024-11-03 19:00:00,592,Tirunelveli,0.5,-5.126666666666666
2024-11-03 19:20:00,592,Tirunelveli,0.5,-5.126666666666666
2024-11-03 19:25:00,592,Tirunelveli,0.5,-5.126666666666666
2024-11-03 19:30:00,592,Tirunelveli,0.5,-5.126666666666666
2024-11-03 19:35:00,592,Tirunelveli,0.5,-5.126666666666666
2024-11-03 19:40:00,592,Tirunelveli,0.5,-5.126666666666666
2024-11-03 19:45:00,592,Tirunelveli,0.5,-5.126666666666666
2024-11-03 19:50:00,592,Tirunelveli,0.5,-5.126666666666666
2024-11-03 19:55:00,592,Tirunelveli,0.5,-5.126666666666666
2024-11-03 20:00:00,592,Tirunelveli,0.5,-5.126666666666666
2024-11-04 07:00:00,592,Tirunelveli,0.5,-5.086666666666667
2024-11-04 10:00:00,592,Tirunelveli,12.166666666666666,-5.073333333333333
2024-11-04 12:00:00,592,Tirunelveli,1.0,-5.073333333333333
2024-11-04 14:00:00,592,Tirunelveli,2.5,-5.073333333333333
2024-11-04 14:55:00,592,Tirunelveli,0.5,-5.073333333333333
2024-11-04 15:00:00,592,Tirunelveli,1.5,-5.073333333333333
2024-11-04 16:00:00,592,Tirunelveli,0.5,-5.056666666666667
2024-11-05 14:00:00,592,Tirunelveli,1.75,-5.02
2024-11-06 16:00:00,592,Tirunelveli,1.5,-5.136666666666667
2024-11-06 23:00:00,592,Tirunelveli,0.5,-5.14
2024-11-07 19:00:00,592,Tirunelveli,22.0,-5.22
2024-11-07 20:00:00,592,Tirunelveli,2.0,-5.22
2024-11-08 01:00:00,592,Tirunelveli,2.5,-5.213333333333334
2024-11-08 02:00:00,592,Tirunelveli,0.75,-5.213333333333334
2024-11-08 14:00:00,592,Tirunelveli,9.5,-5.19
2024-11-12 16:00:00,592,Tirunelveli,1.25,-5.12
2024-11-13 17:00:00,592,Tirunelveli,13.0,-5.076666666666667
2024-11-13 17:30:00,592,Tirunelveli,4.5,-5.076666666666667
2024-11-13 18:00:00,592,Tirunelveli,10.125,-5.076666666666667
2024-11-13 18:30:00,592,Tirunelveli,1.0,-5.076666666666667
2024-11-13 19:00:00,592,Tirunelveli,1.75,-5.076666666666667
2024-11-13 19:30:00,592,Tirunelveli,0.5,-5.076666666666667
2024-11-13 20:00:00,592,Tirunelveli,0.5,-5.076666666666667
2024-11-14 12:00:00,592,Tirunelveli,5.5,-5.03
2024-11-14 13:00:00,592,Tirunelveli,1.0,-5.03
2024-11-14 15:00:00,592,Tirunelveli,3.5,-5.03
2024-11-14 16:00:00,592,Tirunelveli,3.0,-5.053333333333334
2024-11-14 17:00:00,592,Tirunelveli,2.5,-5.053333333333334
2024-11-14 20:00:00,592,Tirunelveli,2.0,-5.053333333333334
2024-11-14 21:00:00,592,Tirunelveli,7.5,-5.053333333333334
2024-11-14 22:00:00,592,Tirunelveli,1.5,-5.04
2024-11-14 23:00:00,592,Tirunelveli,7.666666666666667,-5.04
2024-11-14 23:30:00,592,Tirunelveli,3.5,-5.04
2024-11-15 00:00:00,592,Tirunelveli,2.6666666666666665,-5.04
2024-11-15 01:00:00,592,Tirunelveli,0.75,-5.04
2024-11-15 02:00:00,592,Tirunelveli,0.5,-5.04
2024-11-15 05:00:00,592,Tirunelveli,0.5,-5.010000000000001
2024-11-15 06:00:00,592,Tirunelveli,0.6666666666666666,-5.010000000000001
2024-11-15 06:30:00,592,Tirunelveli,0.5,-5.010000000000001
2024-11-15 07:00:00,592,Tirunelveli,1.125,-5.010000000000001
2024-11-15 08:00:00,592,Tirunelveli,1.5,-5.010000000000001
2024-11-15 08:30:00,592,Tirunelveli,2.0,-5.010000000000001
2024-11-15 09:00:00,592,Tirunelveli,3.0,-5.010000000000001
2024-11-15 09:30:00,592,Tirunelveli,2.0,-4.99
2024-11-15 10:00:00,592,Tirunelveli,3.0,-4.99
2024-11-15 10:30:00,592,Tirunelveli,1.0,-4.99
2024-11-15 11:00:00,592,Tirunelveli,2.5,-4.99
2024-11-15 12:00:00,592,Tirunelveli,1.1666666666666667,-4.99
2024-11-15 17:00:00,592,Tirunelveli,6.5,-4.946666666666666
2024-11-15 19:00:00,592,Tirunelveli,3.0,-4.946666666666666
2024-11-15 20:00:00,592,Tirunelveli,0.6666666666666666,-4.946666666666666
2024-11-15 20:30:00,592,Tirunelveli,0.5,-4.946666666666666
2024-11-15 21:00:00,592,Tirunelveli,0.5,-4.946666666666666
2024-11-16 07:00:00,592,Tirunelveli,0.5,-4.883333333333333
2024-11-16 08:00:00,592,Tirunelveli,1.0,-4.883333333333333
2024-11-16 10:00:00,592,Tirunelveli,1.0,-4.866666666666666
2024-11-16 11:30:00,592,Tirunelveli,2.0,-4.866666666666666
2024-11-16 12:00:00,592,Tirunelveli,1.25,-4.866666666666666
2024-11-16 13:00:00,592,Tirunelveli,1.75,-4.866666666666666
2024-11-16 14:00:00,592,Tirunelveli,3.5,-4.866666666666666
2024-11-16 15:10:00,592,Tirunelveli,1.0,-4.836666666666667
2024-11-16 15:15:00,592,Tirunelveli,1.0,-4.836666666666667
2024-11-16 15:20:00,592,Tirunelveli,1.0,-4.836666666666667
2024-11-16 16:00:00,592,Tirunelveli,2.75,-4.836666666666667
2024-11-17 00:00:00,592,Tirunelveli,0.75,-4.819999999999999
2024-11-17 01:00:00,592,Tirunelveli,1.75,-4.819999999999999
2024-11-17 02:00:00,592,Tirunelveli,1.5,-4.819999999999999
2024-11-17 03:00:00,592,Tirunelveli,0.5,-4.819999999999999
2024-11-17 07:00:00,592,Tirunelveli,1.0,-4.796666666666667
2024-11-17 08:00:00,592,Tirunelveli,1.5,-4.796666666666667
2024-11-17 09:00:00,592,Tirunelveli,0.5,-4.796666666666667
2024-11-17 10:00:00,592,Tirunelveli,0.5,-4.816666666666666
2024-11-17 13:00:00,592,Tirunelveli,1.0,-4.816666666666666
2024-11-17 14:00:00,592,Tirunelveli,0.5,-4.816666666666666
2024-11-17 15:00:00,592,Tirunelveli,2.0,-4.816666666666666
2024-11-17 15:30:00,592,Tirunelveli,0.5,-4.843333333333334
2024-11-17 16:00:00,592,Tirunelveli,0.75,-4.843333333333334
2024-11-17 16:30:00,592,Tirunelveli,1.5,-4.843333333333334
2024-11-17 17:00:00,592,Tirunelveli,2.0,-4.843333333333334
2024-11-17 20:00:00,592,Tirunelveli,1.8333333333333333,-4.843333333333334
2024-11-17 20:30:00,592,Tirunelveli,1.0,-4.843333333333334
2024-11-17 21:00:00,592,Tirunelveli,1.0,-4.843333333333334
2024-11-17 23:00:00,592,Tirunelveli,0.5,-4.826666666666667
2024-11-18 14:00:00,592,Tirunelveli,1.5,-4.883333333333334
2024-11-18 15:00:00,592,Tirunelveli,2.5,-4.883333333333334
2024-11-18 17:00:00,592,Tirunelveli,2.0,-4.886666666666667
2024-11-18 18:00:00,592,Tirunelveli,3.25,-4.886666666666667
2024-11-18 20:00:00,592,Tirunelveli,0.5,-4.886666666666667
2024-11-19 00:00:00,592,Tirunelveli,1.0,-4.866666666666666
2024-11-19 01:00:00,592,Tirunelveli,0.5,-4.866666666666666
2024-11-19 05:00:00,592,Tirunelveli,0.5,-4.836666666666667
2024-11-19 07:00:00,592,Tirunelveli,0.5,-4.836666666666667
2024-11-19 07:30:00,592,Tirunelveli,0.5,-4.836666666666667
2024-11-19 08:00:00,592,Tirunelveli,1.75,-4.836666666666667
2024-11-19 10:00:00,592,Tirunelveli,0.5,-4.803333333333334
2024-11-19 11:00:00,592,Tirunelveli,0.5,-4.803333333333334
2024-11-19 21:00:00,592,Tirunelveli,0.5,-4.77
2024-11-19 23:00:00,592,Tirunelveli,0.75,-4.753333333333333
2024-11-20 00:00:00,592,Tirunelveli,2.1666666666666665,-4.753333333333333
2024-11-20 00:30:00,592,Tirunelveli,3.5,-4.753333333333333
2024-11-20 01:00:00,592,Tirunelveli,10.166666666666666,-4.753333333333333
2024-11-20 01:30:00,592,Tirunelveli,15.5,-4.753333333333333
2024-11-20 02:00:00,592,Tirunelveli,10.3,-4.753333333333333
2024-11-20 02:30:00,592,Tirunelveli,1.5,-4.753333333333333
2024-11-20 03:00:00,592,Tirunelveli,2.2,-4.753333333333333
2024-11-20 03:30:00,592,Tirunelveli,0.5,-4.69
2024-11-20 04:00:00,592,Tirunelveli,1.4166666666666667,-4.69
2024-11-20 04:30:00,592,Tirunelveli,1.5,-4.69
2024-11-20 05:00:00,592,Tirunelveli,2.4166666666666665,-4.69
2024-11-20 05:30:00,592,Tirunelveli,2.5,-4.69
2024-11-20 06:00:00,592,Tirunelveli,5.5,-4.69
2024-11-20 06:30:00,592,Tirunelveli,2.5,-4.69
2024-11-20 07:00:00,592,Tirunelveli,2.9,-4.69
2024-11-20 07:30:00,592,Tirunelveli,0.5,-4.69
2024-11-20 08:00:00,592,Tirunelveli,1.9,-4.69
2024-11-20 09:00:00,592,Tirunelveli,2.2,-4.69
2024-11-20 10:00:00,592,Tirunelveli,2.0,-4.61
2024-11-20 10:30:00,592,Tirunelveli,0.5,-4.61
2024-11-20 11:00:00,592,Tirunelveli,1.2,-4.61
2024-11-20 12:00:00,592,Tirunelveli,0.75,-4.61
2024-11-20 13:00:00,592,Tirunelveli,0.5,-4.61
2024-11-20 14:00:00,592,Tirunelveli,1.0,-4.61
2024-11-20 15:00:00,592,Tirunelveli,0.5,-4.61
2024-11-20 16:00:00,592,Tirunelveli,0.5,-4.546666666666667
2024-11-20 17:00:00,592,Tirunelveli,0.5,-4.546666666666667
2024-11-20 18:00:00,592,Tirunelveli,0.5,-4.546666666666667
2024-11-20 19:00:00,592,Tirunelveli,0.5,-4.546666666666667
2024-11-20 20:00:00,592,Tirunelveli,0.5,-4.546666666666667
2024-11-20 22:00:00,592,Tirunelveli,0.5,-4.510000000000001
2024-11-21 00:00:00,592,Tirunelveli,0.5,-4.510000000000001
2024-11-21 08:00:00,592,Tirunelveli,1.6,-4.95
2024-11-21 08:30:00,592,Tirunelveli,1.0,-4.95
2024-11-21 09:00:00,592,Tirunelveli,2.833333333333333,-4.95
2024-11-21 09:30:00,592,Tirunelveli,1.5,-4.98
2024-11-21 10:00:00,592,Tirunelveli,1.5,-4.98
2024-11-21 11:00:00,592,Tirunelveli,0.5,-4.98
2024-11-21 12:00:00,592,Tirunelveli,0.5,-4.98
2024-11-21 13:00:00,592,Tirunelveli,0.5,-4.98
2024-11-21 14:00:00,592,Tirunelveli,0.5,-4.98
2024-11-21 15:00:00,592,Tirunelveli,0.5,-4.98
2024-11-21 16:00:00,592,Tirunelveli,0.5,-4.95
2024-11-21 17:00:00,592,Tirunelveli,0.5,-4.95
2024-11-21 19:00:00,592,Tirunelveli,0.5,-4.95
2024-11-21 21:00:00,592,Tirunelveli,0.5,-4.95
2024-11-21 23:00:00,592,Tirunelveli,0.5,-4.96
2024-11-22 00:00:00,592,Tirunelveli,0.5,-4.96
2024-11-23 19:00:00,592,Tirunelveli,6.75,-4.37
2024-11-23 21:00:00,592,Tirunelveli,0.5,-4.37
2024-11-26 16:00:00,592,Tirunelveli,0.5,-4.39
2024-11-26 17:00:00,592,Tirunelveli,0.6666666666666666,-4.39
2024-11-26 17:30:00,592,Tirunelveli,1.5,-4.39
2024-11-26 18:00:00,592,Tirunelveli,1.3333333333333333,-4.39
2024-11-26 18:30:00,592,Tirunelveli,0.5,-4.39
2024-11-26 19:00:00,592,Tirunelveli,0.6666666666666666,-4.39
2024-11-26 19:30:00,592,Tirunelveli,0.5,-4.39
2024-11-26 20:00:00,592,Tirunelveli,0.5,-4.39
2024-11-26 23:00:00,592,Tirunelveli,0.6,-4.376666666666666
2024-11-27 00:00:00,592,Tirunelveli,0.5,-4.376666666666666
2024-11-27 00:30:00,592,Tirunelveli,0.5,-4.376666666666666
2024-11-27 01:00:00,592,Tirunelveli,0.9,-4.376666666666666
2024-11-27 01:30:00,592,Tirunelveli,0.5,-4.376666666666666
2024-11-27 02:00:00,592,Tirunelveli,0.8,-4.376666666666666
2024-11-27 03:00:00,592,Tirunelveli,0.5,-4.376666666666666
2024-11-27 04:00:00,592,Tirunelveli,0.625,-4.3500000000000005
2024-11-27 05:00:00,592,Tirunelveli,0.5,-4.3500000000000005
2024-11-27 06:00:00,592,Tirunelveli,0.5,-4.3500000000000005
2024-11-27 06:30:00,592,Tirunelveli,0.5,-4.3500000000000005
2024-11-27 07:00:00,592,Tirunelveli,0.6666666666666666,-4.3500000000000005
2024-11-27 08:00:00,592,Tirunelveli,0.5,-4.3500000000000005
2024-11-27 09:00:00,592,Tirunelveli,0.5,-4.3500000000000005
2024-11-27 15:00:00,592,Tirunelveli,0.5,-4.343333333333334
2024-11-28 18:30:00,592,Tirunelveli,0.5,-4.303333333333334
2024-11-28 19:00:00,592,Tirunelveli,0.5,-4.303333333333334
2024-11-30 02:00:00,592,Tirunelveli,1.0,-4.306666666666667
2024-11-30 03:00:00,592,Tirunelveli,0.5,-4.306666666666667
2024-12-01 14:00:00,592,Tirunelveli,0.5,-4.51
2024-12-01 22:00:00,592,Tirunelveli,0.5,-4.426666666666667
2024-12-05 16:00:00,592,Tirunelveli,4.5,-4.543333333333333
2024-12-06 04:00:00,592,Tirunelveli,0.5,-4.526666666666666
2024-12-07 16:00:00,592,Tirunelveli,0.5,-4.613333333333333
2024-12-12 06:00:00,592,Tirunelveli,1.0,-4.533333333333333
2024-12-12 07:00:00,592,Tirunelveli,3.5,-4.533333333333333
2024-12-12 08:00:00,592,Tirunelveli,4.75,-4.533333333333333
2024-12-12 09:00:00,592,Tirunelveli,7.666666666666667,-4.533333333333333
2024-12-12 09:15:00,592,Tirunelveli,0.5,-4.54
2024-12-12 09:20:00,592,Tirunelveli,1.5,-4.54
2024-12-12 09:25:00,592,Tirunelveli,1.0,-4.54
2024-12-12 09:30:00,592,Tirunelveli,2.0,-4.54
2024-12-12 09:35:00,592,Tirunelveli,3.0,-4.54
2024-12-12 10:00:00,592,Tirunelveli,4.6,-4.54
2024-12-12 10:30:00,592,Tirunelveli,1.5,-4.54
2024-12-12 11:00:00,592,Tirunelveli,4.0,-4.54
2024-12-12 11:30:00,592,Tirunelveli,1.0,-4.54
2024-12-12 12:00:00,592,Tirunelveli,3.2142857142857144,-4.54
2024-12-12 12:30:00,592,Tirunelveli,0.5,-4.54
2024-12-12 13:00:00,592,Tirunelveli,2.9166666666666665,-4.54
2024-12-12 14:00:00,592,Tirunelveli,2.1,-4.54
2024-12-12 14:30:00,592,Tirunelveli,1.5,-4.54
2024-12-12 15:00:00,592,Tirunelveli,3.333333333333333,-4.54
2024-12-12 15:30:00,592,Tirunelveli,2.0,-4.466666666666667
2024-12-12 16:00:00,592,Tirunelveli,2.6666666666666665,-4.466666666666667
2024-12-12 16:30:00,592,Tirunelveli,1.0,-4.466666666666667
2024-12-12 17:00:00,592,Tirunelveli,4.875,-4.466666666666667
2024-12-12 17:30:00,592,Tirunelveli,0.5,-4.466666666666667
2024-12-12 18:00:00,592,Tirunelveli,4.0,-4.466666666666667
2024-12-12 19:00:00,592,Tirunelveli,9.5,-4.466666666666667
2024-12-12 19:30:00,592,Tirunelveli,0.5,-4.466666666666667
2024-12-12 20:00:00,592,Tirunelveli,6.5,-4.466666666666667
2024-12-12 20:30:00,592,Tirunelveli,3.5,-4.466666666666667
2024-12-12 21:00:00,592,Tirunelveli,6.5,-4.466666666666667
2024-12-12 21:30:00,592,Tirunelveli,3.5,-4.176666666666667
2024-12-12 22:00:00,592,Tirunelveli,5.666666666666667,-4.176666666666667
2024-12-12 22:30:00,592,Tirunelveli,2.0,-4.176666666666667
2024-12-12 23:00:00,592,Tirunelveli,5.666666666666667,-4.176666666666667
2024-12-12 23:30:00,592,Tirunelveli,3.5,-4.176666666666667
2024-12-13 00:00:00,592,Tirunelveli,9.428571428571429,-4.176666666666667
2024-12-13 00:30:00,592,Tirunelveli,0.5,-4.176666666666667
2024-12-13 01:00:00,592,Tirunelveli,15.083333333333334,-4.176666666666667
2024-12-13 02:00:00,592,Tirunelveli,6.1,-4.176666666666667
2024-12-13 03:00:00,592,Tirunelveli,1.125,-4.176666666666667
2024-12-13 04:00:00,592,Tirunelveli,4.25,-3.91
2024-12-13 05:00:00,592,Tirunelveli,2.1666666666666665,-3.91
2024-12-13 06:00:00,592,Tirunelveli,2.0,-3.91
2024-12-13 07:00:00,592,Tirunelveli,1.1666666666666667,-3.91
2024-12-13 08:00:00,592,Tirunelveli,1.0,-3.91
2024-12-13 12:00:00,592,Tirunelveli,3.25,-3.9066666666666654
2024-12-13 13:00:00,592,Tirunelveli,2.5,-3.9066666666666654
2024-12-13 14:00:00,592,Tirunelveli,0.5,-3.9066666666666654
2024-12-13 14:30:00,592,Tirunelveli,13.5,-3.9066666666666654
2024-12-13 15:00:00,592,Tirunelveli,17.5,-3.9066666666666654
2024-12-13 15:30:00,592,Tirunelveli,0.5,-3.85
2024-12-13 16:00:00,592,Tirunelveli,0.5,-3.85
2024-12-13 19:00:00,592,Tirunelveli,2.0,-3.85
2024-12-13 22:00:00,592,Tirunelveli,0.5,-3.803333333333333
2024-12-13 23:00:00,592,Tirunelveli,0.5,-3.803333333333333
2024-12-14 01:00:00,592,Tirunelveli,3.0,-3.803333333333333
2024-12-14 02:00:00,592,Tirunelveli,0.75,-3.803333333333333
2024-12-14 03:00:00,592,Tirunelveli,0.5,-3.803333333333333
2024-12-14 04:00:00,592,Tirunelveli,0.5,-3.74
2024-12-14 06:00:00,592,Tirunelveli,1.5,-3.74
2024-12-14 07:00:00,592,Tirunelveli,4.0,-3.74
2024-12-14 08:00:00,592,Tirunelveli,0.5,-3.74
2024-12-14 08:30:00,592,Tirunelveli,0.5,-3.74
2024-12-14 09:00:00,592,Tirunelveli,1.25,-3.74
2024-12-14 09:30:00,592,Tirunelveli,1.0,-3.68
2024-12-14 10:00:00,592,Tirunelveli,2.1666666666666665,-3.68
2024-12-14 10:30:00,592,Tirunelveli,2.0,-3.68
2024-12-14 11:00:00,592,Tirunelveli,2.6666666666666665,-3.68
2024-12-14 11:30:00,592,Tirunelveli,1.5,-3.68
2024-12-14 12:00:00,592,Tirunelveli,3.1666666666666665,-3.68
2024-12-14 12:30:00,592,Tirunelveli,1.0,-3.68
2024-12-14 13:00:00,592,Tirunelveli,1.0,-3.68
2024-12-14 15:00:00,592,Tirunelveli,0.625,-3.68
2024-12-14 16:00:00,592,Tirunelveli,0.5,-3.5666666666666664
2024-12-14 17:00:00,592,Tirunelveli,0.625,-3.5666666666666664
2024-12-14 18:00:00,592,Tirunelveli,1.0,-3.5666666666666664
2024-12-14 19:00:00,592,Tirunelveli,0.5,-3.5666666666666664
2024-12-14 19:30:00,592,Tirunelveli,0.5,-3.5666666666666664
2024-12-14 20:00:00,592,Tirunelveli,0.5,-3.5666666666666664
2024-12-17 19:30:00,592,Tirunelveli,0.5,-3.206666666666667
2024-12-17 20:00:00,592,Tirunelveli,1.0,-3.206666666666667
2024-12-17 23:00:00,592,Tirunelveli,0.75,-3.1666666666666665
2024-12-19 17:00:00,592,Tirunelveli,0.5,-3.1133333333333333
2024-12-19 17:30:00,592,Tirunelveli,13.0,-3.1133333333333333
2024-12-19 18:00:00,592,Tirunelveli,13.0,-3.1133333333333333
2024-12-20 15:00:00,592,Tirunelveli,0.5,-3.063333333333333
2024-12-20 15:30:00,592,Tirunelveli,0.5,-3.103333333333333
2024-12-20 16:00:00,592,Tirunelveli,6.5,-3.103333333333333
2024-12-20 16:30:00,592,Tirunelveli,11.5,-3.103333333333333
2024-12-20 17:00:00,592,Tirunelveli,23.25,-3.103333333333333
2024-12-20 17:30:00,592,Tirunelveli,8.5,-3.103333333333333
2024-12-20 18:00:00,592,Tirunelveli,16.0,-3.103333333333333
2024-12-20 18:30:00,592,Tirunelveli,6.0,-3.103333333333333
2024-12-20 18:50:00,592,Tirunelveli,1.0,-3.103333333333333
2024-12-20 18:55:00,592,Tirunelveli,2.5,-3.103333333333333
2024-12-20 19:00:00,592,Tirunelveli,5.5,-3.103333333333333
2024-12-20 19:05:00,592,Tirunelveli,1.5,-3.103333333333333
2024-12-20 19:10:00,592,Tirunelveli,5.5,-3.103333333333333
2024-12-20 19:15:00,592,Tirunelveli,5.5,-3.103333333333333
2024-12-20 19:20:00,592,Tirunelveli,6.0,-3.103333333333333
2024-12-20 19:25:00,592,Tirunelveli,6.0,-3.103333333333333
2024-12-20 19:30:00,592,Tirunelveli,6.0,-3.103333333333333
2024-12-20 19:35:00,592,Tirunelveli,6.0,-3.103333333333333
2024-12-20 19:40:00,592,Tirunelveli,6.0,-3.103333333333333
2024-12-20 19:45:00,592,Tirunelveli,6.0,-3.103333333333333
2024-12-20 19:50:00,592,Tirunelveli,6.0,-3.103333333333333
2024-12-20 19:55:00,592,Tirunelveli,6.0,-3.103333333333333
2024-12-20 20:00:00,592,Tirunelveli,4.25,-3.103333333333333
2024-12-20 20:30:00,592,Tirunelveli,0.5,-3.103333333333333
2024-12-20 21:00:00,592,Tirunelveli,1.25,-3.103333333333333
2024-12-20 22:00:00,592,Tirunelveli,0.5,-3.0666666666666664
2024-12-21 05:30:00,592,Tirunelveli,0.5,-3.02
2024-12-21 06:00:00,592,Tirunelveli,0.5,-3.02
2024-12-24 06:00:00,592,Tirunelveli,0.5,-2.9666666666666663
2024-12-27 17:00:00,592,Tirunelveli,0.5,-2.973333333333333
2024-12-29 02:00:00,592,Tirunelveli,1.0,-3.0866666666666664
2024-12-30 04:00:00,592,Tirunelveli,0.5,-3.03
2024-12-30 13:00:00,592,Tirunelveli,0.5,-3.046666666666667
2024-12-30 14:00:00,592,Tirunelveli,0.75,-3.046666666666667
2024-12-30 15:00:00,592,Tirunelveli,2.333333333333333,-3.046666666666667
2024-12-30 15:30:00,592,Tirunelveli,1.0,-3.1166666666666667
2024-12-30 16:00:00,592,Tirunelveli,2.0,-3.1166666666666667
2024-12-30 17:00:00,592,Tirunelveli,4.5,-3.1166666666666667
2024-12-30 17:30:00,592,Tirunelveli,5.0,-3.1166666666666667
2024-12-30 18:00:00,592,Tirunelveli,3.0,-3.1166666666666667
2024-12-30 22:00:00,592,Tirunelveli,1.0,-3.1366666666666667
2024-12-31 02:00:00,592,Tirunelveli,0.5,-3.1366666666666667
2024-12-31 02:30:00,592,Tirunelveli,0.5,-3.1366666666666667
2024-12-31 03:00:00,592,Tirunelveli,0.7,-3.1366666666666667
2024-12-31 05:00:00,592,Tirunelveli,1.1666666666666667,-3.1166666666666667
2024-12-31 05:30:00,592,Tirunelveli,0.5,-3.1166666666666667
2024-12-31 06:00:00,592,Tirunelveli,0.75,-3.1166666666666667
2024-12-31 07:00:00,592,Tirunelveli,0.5,-3.1166666666666667
2024-12-31 11:00:00,592,Tirunelveli,0.5,-3.106666666666667
2024-12-31 12:00:00,592,Tirunelveli,1.3,-3.106666666666667
2024-12-31 12:30:00,592,Tirunelveli,0.5,-3.106666666666667
2024-12-31 13:00:00,592,Tirunelveli,0.5,-3.106666666666667
2024-12-31 13:30:00,592,Tirunelveli,0.5,-3.106666666666667
2024-12-31 14:00:00,592,Tirunelveli,2.6666666666666665,-3.106666666666667
2024-12-31 15:00:00,592,Tirunelveli,1.75,-3.106666666666667
2024-12-31 18:00:00,592,Tirunelveli,0.5,-3.0766666666666667
2025-01-04 14:00:00,592,Tirunelveli,0.5,-3.233333333333333
2025-01-13 15:00:00,592,Tirunelveli,8.5,-3.286666666666666
2025-01-13 16:00:00,592,Tirunelveli,1.0,-3.266666666666667
2025-01-13 17:00:00,592,Tirunelveli,1.125,-3.266666666666667
2025-01-13 18:00:00,592,Tirunelveli,2.25,-3.266666666666667
2025-01-14 19:00:00,592,Tirunelveli,0.75,-3.2
2025-01-14 20:00:00,592,Tirunelveli,0.5,-3.2
2025-01-14 20:30:00,592,Tirunelveli,0.5,-3.2
2025-01-14 21:00:00,592,Tirunelveli,0.5,-3.2
2025-01-15 07:00:00,592,Tirunelveli,0.5,-3.1466666666666665
2025-01-15 09:00:00,592,Tirunelveli,0.5,-3.1466666666666665
2025-01-15 18:00:00,592,Tirunelveli,2.5,-3.22
2025-01-15 18:30:00,592,Tirunelveli,1.5,-3.22
2025-01-15 19:00:00,592,Tirunelveli,1.5,-3.22
2025-01-19 01:00:00,592,Tirunelveli,0.5,-3.203333333333333
2025-01-19 02:00:00,592,Tirunelveli,7.0,-3.203333333333333
2025-01-19 02:30:00,592,Tirunelveli,1.5,-3.203333333333333
2025-01-19 03:00:00,592,Tirunelveli,3.75,-3.203333333333333
2025-01-19 04:00:00,592,Tirunelveli,0.5,-3.18
2025-01-19 11:00:00,592,Tirunelveli,0.5,-3.15
2025-01-19 12:00:00,592,Tirunelveli,0.5,-3.15
2025-01-19 13:00:00,592,Tirunelveli,0.5,-3.15
2025-01-19 14:00:00,592,Tirunelveli,2.4166666666666665,-3.15
2025-01-19 14:30:00,592,Tirunelveli,1.5,-3.15
2025-01-19 15:00:00,592,Tirunelveli,1.3333333333333333,-3.15
2025-01-19 21:00:00,592,Tirunelveli,0.5,-3.1300000000000003
2025-01-19 22:00:00,592,Tirunelveli,0.5,-3.11
2025-01-21 07:00:00,592,Tirunelveli,0.5,-3.1133333333333333
2025-01-22 15:00:00,592,Tirunelveli,0.5,-3.14
2025-01-23 05:00:00,592,Tirunelveli,0.5,-3.106666666666667
2025-01-26 15:00:00,592,Tirunelveli,0.5,-3.27
2025-02-01 18:00:00,592,Tirunelveli,0.5,-3.333333333333333
2025-02-03 08:00:00,592,Tirunelveli,1.0,-3.516666666666666
2025-02-26 16:00:00,592,Tirunelveli,2.0,-4.622
2025-02-26 16:30:00,592,Tirunelveli,9.0,-4.622
2025-02-26 17:00:00,592,Tirunelveli,9.0,-4.622
2025-02-26 19:00:00,592,Tirunelveli,1.5,-4.622
2025-02-26 19:30:00,592,Tirunelveli,0.5,-4.622
2025-02-26 20:00:00,592,Tirunelveli,0.5,-4.622
2025-02-28 08:05:00,592,Tirunelveli,0.5,-3.92
2025-02-28 08:10:00,592,Tirunelveli,0.5,-3.92
2025-02-28 08:15:00,592,Tirunelveli,0.5,-3.92
2025-02-28 08:20:00,592,Tirunelveli,0.5,-3.92
2025-02-28 08:25:00,592,Tirunelveli,0.5,-3.92
2025-02-28 08:30:00,592,Tirunelveli,0.5,-3.92
2025-02-28 08:35:00,592,Tirunelveli,0.5,-3.92
2025-02-28 08:40:00,592,Tirunelveli,0.5,-3.92
2025-02-28 08:45:00,592,Tirunelveli,0.5,-3.92
2025-02-28 08:55:00,592,Tirunelveli,0.5,-3.92
2025-02-28 09:00:00,592,Tirunelveli,0.5,-3.92
2025-02-28 16:15:00,592,Tirunelveli,0.5,-3.9333333333333336
2025-02-28 16:20:00,592,Tirunelveli,0.5,-3.9333333333333336
2025-02-28 16:25:00,592,Tirunelveli,0.5,-3.9333333333333336
2025-02-28 16:30:00,592,Tirunelveli,0.75,-3.9333333333333336
2025-02-28 16:35:00,592,Tirunelveli,0.5,-3.9333333333333336
2025-02-28 16:40:00,592,Tirunelveli,0.5,-3.9333333333333336
2025-02-28 16:45:00,592,Tirunelveli,0.5,-3.9333333333333336
2025-02-28 16:50:00,592,Tirunelveli,0.5,-3.9333333333333336
2025-02-28 16:55:00,592,Tirunelveli,0.5,-3.9333333333333336
2025-02-28 17:00:00,592,Tirunelveli,0.8333333333333334,-3.9333333333333336
2025-02-28 17:05:00,592,Tirunelveli,6.0,-3.9333333333333336
2025-02-28 17:10:00,592,Tirunelveli,12.0,-3.9333333333333336
2025-02-28 17:15:00,592,Tirunelveli,13.0,-3.9333333333333336
2025-02-28 17:20:00,592,Tirunelveli,13.0,-3.9333333333333336
2025-02-28 17:25:00,592,Tirunelveli,13.0,-3.9333333333333336
2025-02-28 17:30:00,592,Tirunelveli,8.75,-3.9333333333333336
2025-02-28 17:35:00,592,Tirunelveli,13.0,-3.9333333333333336
2025-02-28 17:40:00,592,Tirunelveli,13.0,-3.9333333333333336
2025-02-28 17:45:00,592,Tirunelveli,13.0,-3.9333333333333336
2025-02-28 17:50:00,592,Tirunelveli,13.0,-3.9333333333333336
2025-02-28 17:55:00,592,Tirunelveli,13.0,-3.9333333333333336
2025-02-28 18:00:00,592,Tirunelveli,11.75,-3.9333333333333336
2025-02-28 22:00:00,592,Tirunelveli,0.5,-3.9166666666666665
2025-03-01 02:00:00,592,Tirunelveli,2.75,-3.9166666666666665
2025-03-01 05:00:00,592,Tirunelveli,2.75,-3.89
2025-03-01 09:20:00,592,Tirunelveli,2.5,-3.93
2025-03-01 09:25:00,592,Tirunelveli,2.5,-3.93
2025-03-01 09:30:00,592,Tirunelveli,2.5,-3.93
2025-03-01 09:35:00,592,Tirunelveli,2.5,-3.93
2025-03-01 09:40:00,592,Tirunelveli,2.5,-3.93
2025-03-01 09:45:00,592,Tirunelveli,2.5,-3.93
2025-03-01 09:50:00,592,Tirunelveli,2.5,-3.93
2025-03-01 09:55:00,592,Tirunelveli,2.5,-3.93
2025-03-01 10:00:00,592,Tirunelveli,1.5,-3.93
2025-03-01 11:20:00,592,Tirunelveli,3.0,-3.93
2025-03-01 12:00:00,592,Tirunelveli,6.0,-3.93
2025-03-01 15:00:00,592,Tirunelveli,1.0,-3.93
2025-03-01 16:00:00,592,Tirunelveli,0.5,-3.9033333333333338
2025-03-01 17:40:00,592,Tirunelveli,1.0,-3.9033333333333338
2025-03-01 17:45:00,592,Tirunelveli,1.0,-3.9033333333333338
2025-03-01 17:50:00,592,Tirunelveli,1.0,-3.9033333333333338
2025-03-01 17:55:00,592,Tirunelveli,1.0,-3.9033333333333338
2025-03-01 18:20:00,592,Tirunelveli,0.5,-3.9033333333333338
2025-03-01 18:25:00,592,Tirunelveli,0.5,-3.9033333333333338
2025-03-01 18:30:00,592,Tirunelveli,0.5,-3.9033333333333338
2025-03-01 18:35:00,592,Tirunelveli,0.5,-3.9033333333333338
2025-03-01 18:40:00,592,Tirunelveli,0.5,-3.9033333333333338
2025-03-01 18:45:00,592,Tirunelveli,0.5,-3.9033333333333338
2025-03-01 18:50:00,592,Tirunelveli,0.5,-3.9033333333333338
2025-03-01 18:55:00,592,Tirunelveli,0.5,-3.9033333333333338
2025-03-01 20:00:00,592,Tirunelveli,0.5,-3.9033333333333338
2025-03-01 20:40:00,592,Tirunelveli,0.5,-3.9033333333333338
2025-03-01 20:45:00,592,Tirunelveli,0.5,-3.9033333333333338
2025-03-01 20:50:00,592,Tirunelveli,0.5,-3.9033333333333338
2025-03-01 20:55:00,592,Tirunelveli,0.5,-3.9033333333333338
2025-03-01 22:35:00,592,Tirunelveli,0.5,-3.8866666666666654
2025-03-01 22:40:00,592,Tirunelveli,1.0,-3.8866666666666654
2025-03-01 22:45:00,592,Tirunelveli,1.0,-3.8866666666666654
2025-03-01 22:50:00,592,Tirunelveli,1.0,-3.8866666666666654
2025-03-01 22:55:00,592,Tirunelveli,1.0,-3.8866666666666654
2025-03-01 23:00:00,592,Tirunelveli,1.5,-3.8866666666666654
2025-03-01 23:20:00,592,Tirunelveli,0.5,-3.8866666666666654
2025-03-01 23:25:00,592,Tirunelveli,1.0,-3.8866666666666654
2025-03-01 23:30:00,592,Tirunelveli,1.0,-3.8866666666666654
2025-03-01 23:35:00,592,Tirunelveli,1.0,-3.8866666666666654
2025-03-01 23:40:00,592,Tirunelveli,1.0,-3.8866666666666654
2025-03-01 23:45:00,592,Tirunelveli,1.0,-3.8866666666666654
2025-03-01 23:50:00,592,Tirunelveli,1.0,-3.8866666666666654
2025-03-01 23:55:00,592,Tirunelveli,1.0,-3.8866666666666654
2025-03-02 00:00:00,592,Tirunelveli,10.625,-3.8866666666666654
2025-03-02 00:35:00,592,Tirunelveli,0.5,-3.8866666666666654
2025-03-02 00:40:00,592,Tirunelveli,1.0,-3.8866666666666654
2025-03-02 00:45:00,592,Tirunelveli,1.5,-3.8866666666666654
2025-03-02 00:50:00,592,Tirunelveli,1.5,-3.8866666666666654
2025-03-02 00:55:00,592,Tirunelveli,2.0,-3.8866666666666654
2025-03-02 01:00:00,592,Tirunelveli,8.375,-3.8866666666666654
2025-03-02 01:05:00,592,Tirunelveli,3.0,-3.8866666666666654
2025-03-02 01:10:00,592,Tirunelveli,3.0,-3.8866666666666654
2025-03-02 01:15:00,592,Tirunelveli,3.5,-3.8866666666666654
2025-03-02 01:20:00,592,Tirunelveli,3.5,-3.8866666666666654
2025-03-02 01:25:00,592,Tirunelveli,3.5,-3.8866666666666654
2025-03-02 01:30:00,592,Tirunelveli,3.5,-3.8866666666666654
2025-03-02 01:35:00,592,Tirunelveli,3.5,-3.8866666666666654
2025-03-02 01:40:00,592,Tirunelveli,4.5,-3.8866666666666654
2025-03-02 01:45:00,592,Tirunelveli,7.0,-3.8866666666666654
2025-03-02 01:50:00,592,Tirunelveli,10.5,-3.8866666666666654
2025-03-02 01:55:00,592,Tirunelveli,12.0,-3.8866666666666654
2025-03-02 02:00:00,592,Tirunelveli,3.2,-3.8866666666666654
2025-03-02 02:20:00,592,Tirunelveli,0.5,-3.8866666666666654
2025-03-02 02:25:00,592,Tirunelveli,0.5,-3.8866666666666654
2025-03-02 02:30:00,592,Tirunelveli,0.5,-3.8866666666666654
2025-03-02 02:35:00,592,Tirunelveli,0.5,-3.8866666666666654
2025-03-02 02:40:00,592,Tirunelveli,0.5,-3.8866666666666654
2025-03-02 02:45:00,592,Tirunelveli,0.5,-3.8866666666666654
2025-03-02 02:50:00,592,Tirunelveli,0.5,-3.8866666666666654
2025-03-02 02:55:00,592,Tirunelveli,0.5,-3.8866666666666654
2025-03-02 03:00:00,592,Tirunelveli,0.75,-3.8866666666666654
2025-03-02 04:00:00,592,Tirunelveli,1.875,-3.8333333333333335
2025-03-02 04:45:00,592,Tirunelveli,0.5,-3.8333333333333335
2025-03-02 04:50:00,592,Tirunelveli,0.5,-3.8333333333333335
2025-03-02 04:55:00,592,Tirunelveli,0.5,-3.8333333333333335
2025-03-02 05:00:00,592,Tirunelveli,6.25,-3.8333333333333335
2025-03-02 06:00:00,592,Tirunelveli,1.5,-3.8333333333333335
2025-03-02 06:30:00,592,Tirunelveli,0.5,-3.8333333333333335
2025-03-02 06:35:00,592,Tirunelveli,1.0,-3.8333333333333335
2025-03-02 06:40:00,592,Tirunelveli,1.0,-3.8333333333333335
2025-03-02 06:45:00,592,Tirunelveli,1.0,-3.8333333333333335
2025-03-02 06:50:00,592,Tirunelveli,1.5,-3.8333333333333335
2025-03-02 06:55:00,592,Tirunelveli,2.0,-3.8333333333333335
2025-03-02 07:00:00,592,Tirunelveli,1.0,-3.8333333333333335
2025-03-02 08:00:00,592,Tirunelveli,0.625,-3.8333333333333335
2025-03-02 08:40:00,592,Tirunelveli,0.5,-3.8333333333333335
2025-03-02 08:45:00,592,Tirunelveli,0.5,-3.8333333333333335
2025-03-02 08:50:00,592,Tirunelveli,0.5,-3.8333333333333335
2025-03-02 08:55:00,592,Tirunelveli,0.5,-3.8333333333333335
2025-03-02 09:00:00,592,Tirunelveli,1.75,-3.8333333333333335
2025-03-02 10:00:00,592,Tirunelveli,2.75,-3.79
2025-03-02 10:45:00,592,Tirunelveli,1.0,-3.79
2025-03-02 10:50:00,592,Tirunelveli,1.0,-3.79
2025-03-02 10:55:00,592,Tirunelveli,1.5,-3.79
2025-03-02 11:00:00,592,Tirunelveli,1.1666666666666667,-3.79
2025-03-02 11:05:00,592,Tirunelveli,1.5,-3.79
2025-03-02 11:10:00,592,Tirunelveli,1.5,-3.79
2025-03-02 11:15:00,592,Tirunelveli,1.5,-3.79
2025-03-02 11:20:00,592,Tirunelveli,2.0,-3.79
2025-03-02 11:25:00,592,Tirunelveli,2.0,-3.79
2025-03-02 11:30:00,592,Tirunelveli,2.0,-3.79
2025-03-02 11:35:00,592,Tirunelveli,2.0,-3.79
2025-03-02 11:40:00,592,Tirunelveli,2.0,-3.79
2025-03-02 11:45:00,592,Tirunelveli,2.0,-3.79
2025-03-02 11:50:00,592,Tirunelveli,2.0,-3.79
2025-03-02 11:55:00,592,Tirunelveli,2.0,-3.79
2025-03-02 12:00:00,592,Tirunelveli,0.875,-3.79
2025-03-02 12:25:00,592,Tirunelveli,0.5,-3.79
2025-03-02 12:30:00,592,Tirunelveli,1.0,-3.79
2025-03-02 12:35:00,592,Tirunelveli,1.0,-3.79
2025-03-02 12:40:00,592,Tirunelveli,3.5,-3.79
2025-03-02 12:45:00,592,Tirunelveli,5.5,-3.79
2025-03-02 12:50:00,592,Tirunelveli,6.0,-3.79
2025-03-02 12:55:00,592,Tirunelveli,6.0,-3.79
2025-03-02 13:00:00,592,Tirunelveli,4.5,-3.79
2025-03-02 14:00:00,592,Tirunelveli,2.333333333333333,-3.79
2025-03-02 15:00:00,592,Tirunelveli,4.5,-3.79
2025-03-02 16:00:00,592,Tirunelveli,11.75,-3.7466666666666666
2025-03-02 17:00:00,592,Tirunelveli,11.5,-3.7466666666666666
2025-03-02 18:00:00,592,Tirunelveli,0.5,-3.7466666666666666
2025-03-02 19:00:00,592,Tirunelveli,0.75,-3.7466666666666666
2025-03-02 22:00:00,592,Tirunelveli,0.5,-3.723333333333333
2025-03-03 01:00:00,592,Tirunelveli,0.5,-3.723333333333333
2025-03-03 04:00:00,592,Tirunelveli,0.5,-3.6833333333333336
2025-03-03 10:00:00,592,Tirunelveli,0.5,-3.6633333333333327
2025-03-03 13:00:00,592,Tirunelveli,0.5,-3.6633333333333327
2025-03-03 16:00:00,592,Tirunelveli,0.5,-3.6266666666666665
2025-03-03 18:00:00,592,Tirunelveli,0.5,-3.6266666666666665
2025-03-03 20:00:00,592,Tirunelveli,0.5,-3.6266666666666665
2025-03-03 22:00:00,592,Tirunelveli,0.5,-3.613333333333333
2025-03-04 02:00:00,592,Tirunelveli,0.5,-3.613333333333333
2025-03-04 06:00:00,592,Tirunelveli,0.5,-3.5866666666666664
2025-03-04 10:00:00,592,Tirunelveli,0.5,-3.5733333333333337
2025-03-04 13:00:00,592,Tirunelveli,0.5,-3.5733333333333337
2025-03-04 16:00:00,592,Tirunelveli,0.5,-3.5499999999999994
2025-03-04 18:00:00,592,Tirunelveli,0.5,-3.5499999999999994
2025-03-04 23:00:00,592,Tirunelveli,0.5,-3.543333333333333
2025-03-05 03:00:00,592,Tirunelveli,0.5,-3.543333333333333
2025-03-05 11:00:00,592,Tirunelveli,0.5,-3.633333333333333
2025-03-05 15:00:00,592,Tirunelveli,0.5,-3.633333333333333
2025-03-05 21:00:00,592,Tirunelveli,0.5,-3.6
2025-03-06 06:00:00,592,Tirunelveli,0.5,-3.536666666666666
2025-03-06 15:00:00,592,Tirunelveli,0.5,-3.603333333333333
2025-03-06 23:00:00,592,Tirunelveli,0.5,-3.643333333333333
2025-03-07 15:00:00,592,Tirunelveli,0.5,-3.62
2025-03-08 02:00:00,592,Tirunelveli,0.5,-3.61
2025-03-08 18:00:00,592,Tirunelveli,0.5,-3.653333333333333
2025-03-09 09:00:00,592,Tirunelveli,0.5,-3.5766666666666667
2025-03-10 05:00:00,592,Tirunelveli,0.5,-3.583333333333333
2025-03-10 23:00:00,592,Tirunelveli,0.5,-3.62
2025-03-11 05:00:00,592,Tirunelveli,0.5,-3.6233333333333335
2025-03-11 08:00:00,592,Tirunelveli,11.0,-3.6233333333333335
2025-03-11 09:00:00,592,Tirunelveli,1.5,-3.6233333333333335
2025-03-11 10:00:00,592,Tirunelveli,0.6666666666666666,-3.6266666666666665
2025-03-11 11:00:00,592,Tirunelveli,3.333333333333333,-3.6266666666666665
2025-03-11 12:00:00,592,Tirunelveli,2.833333333333333,-3.6266666666666665
2025-03-11 13:00:00,592,Tirunelveli,1.4,-3.6266666666666665
2025-03-11 14:00:00,592,Tirunelveli,1.375,-3.6266666666666665
2025-03-11 15:00:00,592,Tirunelveli,0.8333333333333334,-3.6266666666666665
2025-03-11 17:00:00,592,Tirunelveli,3.0,-3.5866666666666664
2025-03-11 18:00:00,592,Tirunelveli,0.5,-3.5866666666666664
2025-03-11 19:00:00,592,Tirunelveli,0.6666666666666666,-3.5866666666666664
2025-03-11 20:00:00,592,Tirunelveli,1.375,-3.5866666666666664
2025-03-11 21:00:00,592,Tirunelveli,0.5,-3.5866666666666664
2025-03-11 22:00:00,592,Tirunelveli,0.5,-3.5666666666666664
2025-03-11 23:00:00,592,Tirunelveli,0.5,-3.5666666666666664
2025-03-12 07:00:00,592,Tirunelveli,0.5,-3.533333333333333
2025-03-12 09:00:00,592,Tirunelveli,1.3333333333333333,-3.533333333333333
2025-03-12 10:00:00,592,Tirunelveli,1.25,-3.523333333333333
2025-03-12 17:00:00,592,Tirunelveli,0.5,-3.5033333333333334
2025-03-13 15:00:00,592,Tirunelveli,0.5,-3.4766666666666666
2025-03-14 14:00:00,592,Tirunelveli,0.5,-3.47
2025-03-16 00:00:00,592,Tirunelveli,0.5,-3.4933333333333336
2025-03-16 10:00:00,592,Tirunelveli,1.5,-3.4866666666666664
2025-03-16 11:00:00,592,Tirunelveli,1.5,-3.4866666666666664
2025-03-16 13:00:00,592,Tirunelveli,0.5,-3.4866666666666664
2025-03-16 14:00:00,592,Tirunelveli,1.1666666666666667,-3.4866666666666664
2025-03-17 03:00:00,592,Tirunelveli,0.5,-3.456666666666667
2025-03-19 06:00:00,592,Tirunelveli,0.5,-3.396666666666667
2025-03-20 02:00:00,592,Tirunelveli,6.0,-3.4233333333333333
2025-03-20 03:00:00,592,Tirunelveli,0.5,-3.4233333333333333
2025-03-20 21:00:00,592,Tirunelveli,0.5,-3.4066666666666667
2025-03-21 17:00:00,592,Tirunelveli,1.0,-3.41
2025-03-22 04:00:00,592,Tirunelveli,0.5,-3.4133333333333336
2025-03-22 05:00:00,592,Tirunelveli,22.0,-3.4133333333333336
2025-03-22 06:00:00,592,Tirunelveli,11.5,-3.4133333333333336
2025-03-22 07:00:00,592,Tirunelveli,0.5,-3.4133333333333336
2025-03-22 10:00:00,592,Tirunelveli,2.0,-3.4166666666666665
2025-03-22 11:00:00,592,Tirunelveli,1.0,-3.4166666666666665
2025-03-22 12:00:00,592,Tirunelveli,6.0,-3.4166666666666665
2025-03-22 13:00:00,592,Tirunelveli,27.0,-3.4166666666666665
2025-03-22 14:00:00,592,Tirunelveli,2.75,-3.4166666666666665
2025-03-22 23:00:00,592,Tirunelveli,0.5,-3.3200000000000003
2025-03-23 02:00:00,592,Tirunelveli,0.5,-3.3200000000000003
2025-03-24 04:00:00,592,Tirunelveli,5.0,-4.0195
2025-03-27 17:00:00,592,Tirunelveli,37.5,-4.02275
2025-04-02 14:00:00,592,Tirunelveli,2.5,-4.25575
2025-04-03 01:00:00,592,Tirunelveli,0.5,-4.2245
2025-04-03 02:00:00,592,Tirunelveli,0.5,-4.2245
2025-04-03 17:00:00,592,Tirunelveli,5.0,-3.8166666666666655
2025-04-03 18:00:00,592,Tirunelveli,4.5,-3.8166666666666655
2025-04-03 19:00:00,592,Tirunelveli,14.5,-3.8166666666666655
2025-04-03 20:00:00,592,Tirunelveli,0.5,-3.8166666666666655
2025-04-03 22:00:00,592,Tirunelveli,4.5,-3.8053333333333335
2025-04-03 23:00:00,592,Tirunelveli,8.25,-3.8053333333333335
2025-04-04 00:00:00,592,Tirunelveli,1.0,-3.8053333333333335
2025-04-04 02:00:00,592,Tirunelveli,0.5,-3.8053333333333335
2025-04-04 04:00:00,592,Tirunelveli,0.5,-4.19
2025-04-04 09:00:00,592,Tirunelveli,0.5,-4.19
2025-04-04 15:00:00,592,Tirunelveli,4.0,-4.1805
2025-04-04 16:00:00,592,Tirunelveli,0.5,-4.1855
2025-04-05 12:00:00,592,Tirunelveli,0.5,-4.1675
2025-04-07 01:00:00,592,Tirunelveli,0.6666666666666666,-4.15
2025-04-07 02:00:00,592,Tirunelveli,7.166666666666667,-4.15
2025-04-07 03:00:00,592,Tirunelveli,6.125,-4.15
2025-04-07 04:00:00,592,Tirunelveli,2.5,-4.12825
2025-04-07 06:00:00,592,Tirunelveli,1.0,-4.12825
2025-04-07 07:00:00,592,Tirunelveli,2.5,-4.12825
2025-04-09 15:00:00,592,Tirunelveli,0.5,-4.3215
2025-04-12 08:00:00,592,Tirunelveli,0.5,-4.1825
2025-04-12 09:00:00,592,Tirunelveli,0.5,-4.1825
2025-04-13 17:00:00,592,Tirunelveli,8.5,-4.216749999999999
2025-04-13 18:00:00,592,Tirunelveli,1.0,-4.216749999999999
2025-04-14 16:00:00,592,Tirunelveli,0.5,-4.2205
2025-04-14 17:00:00,592,Tirunelveli,0.5,-4.2205
2025-04-14 22:00:00,592,Tirunelveli,0.5,-4.22675
2025-04-19 18:00:00,592,Tirunelveli,4.5,-3.82
2025-04-19 19:00:00,592,Tirunelveli,1.0,-3.82
2025-04-20 19:00:00,592,Tirunelveli,1.5,-4.429
2025-04-21 15:00:00,592,Tirunelveli,7.0,-4.4275
2025-04-21 16:00:00,592,Tirunelveli,6.833333333333333,-4.4465
2025-04-21 17:00:00,592,Tirunelveli,5.25,-4.4465
2025-04-22 18:00:00,592,Tirunelveli,2.0,-4.829666666666667
2025-04-22 19:00:00,592,Tirunelveli,5.0,-4.829666666666667
2025-04-22 20:00:00,592,Tirunelveli,0.5,-4.829666666666667
2025-04-22 22:00:00,592,Tirunelveli,0.5,-3.975000000000001
2025-04-23 15:00:00,592,Tirunelveli,0.5,-5.79
2025-04-24 16:00:00,592,Tirunelveli,7.5,-4.525
2025-04-24 19:00:00,592,Tirunelveli,0.5,-4.525
2025-04-25 16:00:00,592,Tirunelveli,9.5,-3.956666666666667
2025-04-26 14:00:00,592,Tirunelveli,2.5,-3.95
2025-04-26 15:00:00,592,Tirunelveli,5.5,-3.95
2025-04-26 16:00:00,592,Tirunelveli,13.5,-3.963333333333333
2025-04-27 13:00:00,592,Tirunelveli,2.5,-3.936666666666667
2025-04-27 14:00:00,592,Tirunelveli,1.5,-3.936666666666667
2025-04-27 15:00:00,592,Tirunelveli,9.75,-3.936666666666667
2025-04-28 13:00:00,592,Tirunelveli,5.5,-3.9
2025-04-29 17:00:00,592,Tirunelveli,0.5,-3.005
2025-04-30 13:00:00,592,Tirunelveli,4.5,-3.973333333333333
2025-04-30 14:00:00,592,Tirunelveli,0.5,-3.973333333333333
2025-04-30 15:00:00,592,Tirunelveli,4.166666666666667,-3.973333333333333
2025-05-02 17:00:00,592,Tirunelveli,10.0,-4.046666666666667
2025-05-05 05:00:00,592,Tirunelveli,10.5,-6.3895
2025-05-05 06:00:00,592,Tirunelveli,7.5,-6.3895
2025-05-07 20:00:00,592,Tirunelveli,1.0,-4.84825
2025-05-15 16:00:00,592,Tirunelveli,10.5,-4.607
2025-05-15 17:00:00,592,Tirunelveli,3.5,-4.607
2025-05-23 05:00:00,592,Tirunelveli,0.5,-5.71
2025-05-23 10:00:00,592,Tirunelveli,1.5,-5.658333333333334
2025-05-23 11:00:00,592,Tirunelveli,1.0,-5.658333333333334
2025-05-23 13:00:00,592,Tirunelveli,0.5,-5.658333333333334
2025-05-23 14:00:00,592,Tirunelveli,0.5,-5.658333333333334
2025-05-23 17:00:00,592,Tirunelveli,0.5,-5.656333333333333
2025-05-23 18:00:00,592,Tirunelveli,1.5,-5.656333333333333
2025-05-23 22:00:00,592,Tirunelveli,2.875,-5.646666666666667
2025-05-24 05:00:00,592,Tirunelveli,0.5,-5.11425
2025-05-24 07:00:00,592,Tirunelveli,0.5,-5.11425
2025-05-24 10:00:00,592,Tirunelveli,0.5,-5.1145
2025-05-24 13:00:00,592,Tirunelveli,1.5,-5.1145
2025-05-24 16:00:00,592,Tirunelveli,0.5,-5.119
2025-05-24 17:00:00,592,Tirunelveli,0.5,-5.119
2025-05-24 21:00:00,592,Tirunelveli,0.5,-5.119
2025-05-25 04:00:00,592,Tirunelveli,2.5,-5.584
2025-05-25 05:00:00,592,Tirunelveli,0.5,-5.584
2025-05-25 06:00:00,592,Tirunelveli,0.5,-5.584
2025-05-25 13:00:00,592,Tirunelveli,2.0,-5.592333333333333
2025-05-25 14:00:00,592,Tirunelveli,1.5,-5.592333333333333
2025-05-25 18:00:00,592,Tirunelveli,1.5,-5.586000000000001
2025-05-25 19:00:00,592,Tirunelveli,0.5,-5.586000000000001
2025-05-25 22:00:00,592,Tirunelveli,0.5,-5.609666666666667
2025-05-26 00:00:00,592,Tirunelveli,0.5,-5.609666666666667
2025-05-26 01:00:00,592,Tirunelveli,1.6666666666666667,-5.609666666666667
2025-05-26 02:00:00,592,Tirunelveli,2.2,-5.609666666666667
2025-05-26 03:00:00,592,Tirunelveli,0.75,-5.609666666666667
2025-05-26 04:00:00,592,Tirunelveli,1.6666666666666667,-5.1005
2025-05-26 06:00:00,592,Tirunelveli,0.75,-5.1005
2025-05-26 13:00:00,592,Tirunelveli,1.5,-5.1217500000000005
2025-05-26 14:00:00,592,Tirunelveli,3.0,-5.1217500000000005
2025-05-26 16:00:00,592,Tirunelveli,2.333333333333333,-5.12425
2025-05-26 17:00:00,592,Tirunelveli,1.0,-5.12425
2025-05-26 18:00:00,592,Tirunelveli,811.5,-5.12425
2025-05-26 20:00:00,592,Tirunelveli,0.5,-5.12425
2025-05-26 21:00:00,592,Tirunelveli,0.5,-5.12425
2025-05-26 22:00:00,592,Tirunelveli,0.5,-5.1377500000000005
2025-05-27 01:00:00,592,Tirunelveli,0.5,-5.1377500000000005
2025-05-27 02:00:00,592,Tirunelveli,9.0,-5.1377500000000005
2025-05-27 03:00:00,592,Tirunelveli,1.5,-5.1377500000000005
2025-05-27 04:00:00,592,Tirunelveli,2.0,-5.10675
2025-05-27 05:00:00,592,Tirunelveli,3.5,-5.10675
2025-05-27 06:00:00,592,Tirunelveli,2.5,-5.10675
2025-05-27 07:00:00,592,Tirunelveli,2.0,-5.10675
2025-05-27 08:00:00,592,Tirunelveli,0.5,-5.10675
2025-05-27 09:00:00,592,Tirunelveli,0.5,-5.10675
2025-05-27 11:00:00,592,Tirunelveli,1.0,-5.109249999999999
2025-05-27 12:00:00,592,Tirunelveli,5.5,-5.109249999999999
2025-05-27 13:00:00,592,Tirunelveli,3.25,-5.109249999999999
2025-05-27 14:00:00,592,Tirunelveli,0.875,-5.109249999999999
2025-05-27 16:00:00,592,Tirunelveli,1.0,-5.08375
2025-05-27 17:00:00,592,Tirunelveli,0.5,-5.08375
2025-05-27 18:00:00,592,Tirunelveli,2.5,-5.08375
2025-05-27 19:00:00,592,Tirunelveli,2.75,-5.08375
2025-05-27 20:00:00,592,Tirunelveli,2.0,-5.08375
2025-05-27 21:00:00,592,Tirunelveli,1.0,-5.08375
2025-05-27 22:00:00,592,Tirunelveli,0.5,-5.08775
2025-05-27 23:00:00,592,Tirunelveli,0.5,-5.08775
2025-05-28 00:00:00,592,Tirunelveli,0.5,-5.08775
2025-05-28 01:00:00,592,Tirunelveli,1.0,-5.08775
2025-05-28 02:00:00,592,Tirunelveli,1.0,-5.08775
2025-05-28 06:00:00,592,Tirunelveli,0.5,-5.166
2025-05-28 07:00:00,592,Tirunelveli,0.5,-5.166
2025-05-28 08:00:00,592,Tirunelveli,0.5,-5.166
2025-05-28 09:00:00,592,Tirunelveli,1.0,-5.166
2025-05-28 10:00:00,592,Tirunelveli,1.75,-5.20725
2025-05-28 11:00:00,592,Tirunelveli,1.0,-5.20725
2025-05-28 12:00:00,592,Tirunelveli,1.0,-5.20725
2025-05-28 13:00:00,592,Tirunelveli,0.5,-5.20725
2025-05-28 14:00:00,592,Tirunelveli,0.5,-5.20725
2025-05-28 15:00:00,592,Tirunelveli,0.5,-5.20725
2025-05-28 16:00:00,592,Tirunelveli,0.5,-5.213
2025-05-28 17:00:00,592,Tirunelveli,2.25,-5.213
2025-05-28 18:00:00,592,Tirunelveli,0.5,-5.213
2025-05-28 19:00:00,592,Tirunelveli,0.5,-5.213
2025-05-28 21:00:00,592,Tirunelveli,1.0,-5.213
2025-05-28 22:00:00,592,Tirunelveli,0.5,-5.16275
2025-05-28 23:00:00,592,Tirunelveli,1.5,-5.16275
2025-05-29 00:00:00,592,Tirunelveli,2.0,-5.16275
2025-05-29 01:00:00,592,Tirunelveli,0.75,-5.16275
2025-05-29 02:00:00,592,Tirunelveli,1.0,-5.16275
2025-05-29 03:00:00,592,Tirunelveli,0.5,-5.16275
2025-05-29 04:00:00,592,Tirunelveli,0.5,-5.126
2025-05-29 06:00:00,592,Tirunelveli,0.5,-5.126
2025-05-29 07:00:00,592,Tirunelveli,1.0,-5.126
2025-05-29 08:00:00,592,Tirunelveli,1.0,-5.126
2025-05-29 11:00:00,592,Tirunelveli,2.875,-5.12575
2025-05-29 12:00:00,592,Tirunelveli,0.75,-5.12575
2025-05-29 13:00:00,592,Tirunelveli,2.0,-5.12575
2025-05-29 14:00:00,592,Tirunelveli,3.75,-5.12575
2025-05-29 15:00:00,592,Tirunelveli,1.1666666666666667,-5.12575
2025-05-29 16:00:00,592,Tirunelveli,1.0,-5.115
2025-05-29 17:00:00,592,Tirunelveli,1.75,-5.115
2025-05-29 18:00:00,592,Tirunelveli,3.5,-5.115
2025-05-29 19:00:00,592,Tirunelveli,1.125,-5.115
2025-05-29 20:00:00,592,Tirunelveli,1.5,-5.115
2025-05-29 21:00:00,592,Tirunelveli,0.5,-5.115
2025-05-29 22:00:00,592,Tirunelveli,0.5,-5.098
2025-05-30 01:00:00,592,Tirunelveli,1.0,-5.098
2025-05-30 02:00:00,592,Tirunelveli,1.0,-5.098
2025-05-30 07:00:00,592,Tirunelveli,0.5,-5.076
2025-05-30 08:00:00,592,Tirunelveli,0.5,-5.076
2025-05-30 09:00:00,592,Tirunelveli,0.5,-5.076
2025-05-30 10:00:00,592,Tirunelveli,1.0,-5.087
2025-05-30 12:00:00,592,Tirunelveli,0.5,-5.087
2025-05-30 14:00:00,592,Tirunelveli,1.25,-5.087
2025-05-30 15:00:00,592,Tirunelveli,0.6666666666666666,-5.087
2025-05-30 16:00:00,592,Tirunelveli,0.75,-5.09725
2025-05-30 17:00:00,592,Tirunelveli,0.5,-5.09725
2025-05-30 19:00:00,592,Tirunelveli,0.75,-5.09725
2025-05-30 21:00:00,592,Tirunelveli,0.5,-5.09725
2025-05-31 01:00:00,592,Tirunelveli,0.5,-5.08725
2025-05-31 03:00:00,592,Tirunelveli,0.5,-5.08725
2025-05-31 04:00:00,592,Tirunelveli,1.0,-5.05725
2025-05-31 05:00:00,592,Tirunelveli,0.5,-5.05725
2025-05-31 08:00:00,592,Tirunelveli,0.5,-5.05725
2025-05-31 20:00:00,592,Tirunelveli,0.5,-5.055
2025-06-04 12:00:00,592,Tirunelveli,3.5,-4.753333333333333
2025-06-05 18:00:00,592,Tirunelveli,0.5,-4.773333333333333
2025-06-11 17:00:00,592,Tirunelveli,0.5,-5.2715
2025-06-11 18:00:00,592,Tirunelveli,0.5,-5.2715
2025-06-11 19:00:00,592,Tirunelveli,0.5,-5.2715
2025-06-12 13:00:00,592,Tirunelveli,0.5,-5.31275
2025-06-12 20:00:00,592,Tirunelveli,0.5,-5.311999999999999
2025-06-12 22:00:00,592,Tirunelveli,0.5,-4.906666666666667
2025-06-13 03:00:00,592,Tirunelveli,2.0,-4.906666666666667
2025-06-13 04:00:00,592,Tirunelveli,1.0,-4.9
2025-06-13 07:00:00,592,Tirunelveli,0.5,-4.9
2025-06-13 08:00:00,592,Tirunelveli,0.5,-4.9
2025-06-13 13:00:00,592,Tirunelveli,0.5,-4.923333333333333
2025-06-13 14:00:00,592,Tirunelveli,0.5,-4.923333333333333
2025-06-13 16:00:00,592,Tirunelveli,1.0,-4.93
2025-06-13 19:00:00,592,Tirunelveli,2.0,-4.93
2025-06-13 20:00:00,592,Tirunelveli,0.5,-4.93
2025-06-13 21:00:00,592,Tirunelveli,0.8333333333333334,-4.93
2025-06-13 22:00:00,592,Tirunelveli,1.0,-4.926666666666667
2025-06-13 23:00:00,592,Tirunelveli,0.5,-4.926666666666667
2025-06-14 01:00:00,592,Tirunelveli,0.5,-4.926666666666667
2025-06-14 02:00:00,592,Tirunelveli,0.5,-4.926666666666667
2025-06-14 04:00:00,592,Tirunelveli,1.0,-4.906666666666667
2025-06-14 05:00:00,592,Tirunelveli,0.5,-4.906666666666667
2025-06-14 06:00:00,592,Tirunelveli,0.5,-4.906666666666667
2025-06-14 11:00:00,592,Tirunelveli,0.5,-4.9433333333333325
2025-06-14 17:00:00,592,Tirunelveli,0.5,-4.943333333333333
2025-06-14 19:00:00,592,Tirunelveli,0.5,-4.943333333333333
2025-06-14 21:00:00,592,Tirunelveli,0.5,-4.943333333333333
2025-06-14 22:00:00,592,Tirunelveli,1.25,-4.94
2025-06-14 23:00:00,592,Tirunelveli,0.5,-4.94
2025-06-15 00:00:00,592,Tirunelveli,0.5,-4.94
2025-06-15 01:00:00,592,Tirunelveli,0.75,-4.94
2025-06-15 02:00:00,592,Tirunelveli,0.5,-4.94
2025-06-15 03:00:00,592,Tirunelveli,1.5,-4.94
2025-06-15 04:00:00,592,Tirunelveli,1.5,-4.916666666666667
2025-06-15 07:00:00,592,Tirunelveli,0.5,-4.916666666666667
2025-06-15 08:00:00,592,Tirunelveli,0.5,-4.916666666666667
2025-06-15 09:00:00,592,Tirunelveli,0.5,-4.916666666666667
2025-06-15 10:00:00,592,Tirunelveli,0.5,-4.92
2025-06-15 11:00:00,592,Tirunelveli,1.75,-4.92
2025-06-15 15:00:00,592,Tirunelveli,2.0,-4.92
2025-06-15 16:00:00,592,Tirunelveli,1.5,-4.93
2025-06-15 19:00:00,592,Tirunelveli,0.5,-4.93
2025-06-15 20:00:00,592,Tirunelveli,2.5,-4.93
2025-06-15 23:00:00,592,Tirunelveli,0.6666666666666666,-4.93
2025-06-16 01:00:00,592,Tirunelveli,0.5,-4.93
2025-06-16 02:00:00,592,Tirunelveli,0.5,-4.93
2025-06-16 11:00:00,592,Tirunelveli,0.5,-4.963333333333334
2025-06-16 15:00:00,592,Tirunelveli,3.0,-4.963333333333334
2025-06-16 16:00:00,592,Tirunelveli,1.0,-4.946666666666666
2025-06-16 18:00:00,592,Tirunelveli,2.0,-4.946666666666666
2025-06-16 20:00:00,592,Tirunelveli,0.5,-4.946666666666666
2025-06-17 09:00:00,592,Tirunelveli,1.25,-4.943333333333333
2025-06-24 04:00:00,592,Tirunelveli,3.0,-6.34
2025-06-24 22:00:00,592,Tirunelveli,0.5,-6.44
2025-06-24 23:00:00,592,Tirunelveli,1.5,-6.44
2025-06-25 01:00:00,592,Tirunelveli,0.5,-6.44
2025-06-25 02:00:00,592,Tirunelveli,0.5,-6.44
2025-06-25 03:00:00,592,Tirunelveli,1.0,-6.44
2025-06-25 04:00:00,592,Tirunelveli,1.5,-6.415
2025-06-25 05:00:00,592,Tirunelveli,4.5,-6.415
2025-06-25 06:00:00,592,Tirunelveli,1.5,-6.415
2025-06-25 07:00:00,592,Tirunelveli,0.5,-6.415
2025-06-25 08:00:00,592,Tirunelveli,3.75,-6.415
2025-06-25 09:00:00,592,Tirunelveli,2.5,-6.415
2025-06-25 10:00:00,592,Tirunelveli,0.5,-6.455
2025-06-25 14:00:00,592,Tirunelveli,1.0,-6.455
2025-06-25 15:00:00,592,Tirunelveli,1.5,-6.455
2025-06-25 16:00:00,592,Tirunelveli,0.5,-6.465
2025-06-25 19:00:00,592,Tirunelveli,0.5,-6.465
2025-06-25 20:00:00,592,Tirunelveli,0.5,-6.465
2025-06-26 12:00:00,592,Tirunelveli,2.0,-6.49
2025-06-26 14:00:00,592,Tirunelveli,1.5,-6.49
2025-06-27 00:00:00,592,Tirunelveli,0.5,-6.505
2025-06-27 01:00:00,592,Tirunelveli,0.5,-6.505
2025-06-27 02:00:00,592,Tirunelveli,0.5,-6.505
2025-07-20 00:00:00,592,Tirunelveli,0.6666666666666666,-7.625
2025-07-20 00:35:00,592,Tirunelveli,0.5,-7.625
2025-07-20 00:40:00,592,Tirunelveli,0.5,-7.625
2025-07-20 00:45:00,592,Tirunelveli,0.5,-7.625
2025-07-20 00:50:00,592,Tirunelveli,0.5,-7.625
2025-07-20 00:55:00,592,Tirunelveli,0.5,-7.625
2025-07-20 01:00:00,592,Tirunelveli,0.8333333333333334,-7.625
2025-07-20 02:00:00,592,Tirunelveli,0.5,-7.625
2025-07-20 03:00:00,592,Tirunelveli,0.5,-7.625
2025-07-20 05:00:00,592,Tirunelveli,0.5,-7.619999999999999
2025-07-20 06:00:00,592,Tirunelveli,0.5,-7.619999999999999
2025-07-20 07:00:00,592,Tirunelveli,0.5,-7.619999999999999
2025-07-20 08:00:00,592,Tirunelveli,0.5,-7.619999999999999
2025-07-20 10:00:00,592,Tirunelveli,2.0,-7.635
2025-07-20 11:45:00,592,Tirunelveli,0.5,-7.635
2025-07-20 11:50:00,592,Tirunelveli,0.5,-7.635
2025-07-20 11:55:00,592,Tirunelveli,0.5,-7.635
2025-07-20 12:00:00,592,Tirunelveli,2.75,-7.635
2025-07-20 13:00:00,592,Tirunelveli,0.875,-7.635
2025-07-20 14:00:00,592,Tirunelveli,2.833333333333333,-7.635
2025-07-20 14:05:00,592,Tirunelveli,0.5,-7.635
2025-07-20 14:10:00,592,Tirunelveli,1.0,-7.635
2025-07-20 14:15:00,592,Tirunelveli,1.0,-7.635
2025-07-20 14:20:00,592,Tirunelveli,1.5,-7.635
2025-07-20 14:25:00,592,Tirunelveli,2.0,-7.635
2025-07-20 14:30:00,592,Tirunelveli,2.0,-7.635
2025-07-20 14:35:00,592,Tirunelveli,2.0,-7.635
2025-07-20 14:40:00,592,Tirunelveli,2.0,-7.635
2025-07-20 14:45:00,592,Tirunelveli,2.0,-7.635
2025-07-20 14:50:00,592,Tirunelveli,2.0,-7.635
2025-07-20 14:55:00,592,Tirunelveli,2.0,-7.635
2025-07-20 15:00:00,592,Tirunelveli,2.0,-7.635
2025-07-20 16:00:00,592,Tirunelveli,0.75,-7.62
2025-07-20 16:55:00,592,Tirunelveli,0.5,-7.62
2025-07-20 17:00:00,592,Tirunelveli,0.5,-7.62
2025-07-20 17:30:00,592,Tirunelveli,0.5,-7.62
2025-07-20 17:35:00,592,Tirunelveli,0.5,-7.62
2025-07-20 17:40:00,592,Tirunelveli,0.5,-7.62
2025-07-20 17:45:00,592,Tirunelveli,0.5,-7.62
2025-07-20 17:50:00,592,Tirunelveli,0.5,-7.62
2025-07-20 17:55:00,592,Tirunelveli,0.5,-7.62
2025-07-20 18:00:00,592,Tirunelveli,0.5,-7.62
2025-07-20 18:40:00,592,Tirunelveli,0.5,-7.62
2025-07-20 18:45:00,592,Tirunelveli,0.5,-7.62
2025-07-20 18:50:00,592,Tirunelveli,0.5,-7.62
2025-07-20 18:55:00,592,Tirunelveli,0.5,-7.62
2025-07-20 19:00:00,592,Tirunelveli,0.6,-7.62
2025-07-20 20:00:00,592,Tirunelveli,0.5,-7.62
2025-07-20 21:55:00,592,Tirunelveli,0.5,-5.886666666666667
2025-07-20 22:00:00,592,Tirunelveli,0.5,-5.886666666666667
2025-07-21 13:00:00,592,Tirunelveli,1.0,-5.890000000000001
2025-07-21 18:00:00,592,Tirunelveli,1.5,-5.903333333333333
2025-07-21 21:00:00,592,Tirunelveli,0.5,-5.903333333333333
2025-07-21 22:00:00,592,Tirunelveli,0.5,-5.900000000000001
2025-07-22 01:00:00,592,Tirunelveli,1.5,-5.900000000000001
2025-07-22 04:00:00,592,Tirunelveli,0.5,-5.883333333333333
2025-07-22 05:25:00,592,Tirunelveli,0.5,-5.883333333333333
2025-07-22 05:30:00,592,Tirunelveli,0.5,-5.883333333333333
2025-07-22 05:35:00,592,Tirunelveli,0.5,-5.883333333333333
2025-07-22 05:40:00,592,Tirunelveli,0.5,-5.883333333333333
2025-07-22 05:45:00,592,Tirunelveli,0.5,-5.883333333333333
2025-07-22 05:50:00,592,Tirunelveli,0.5,-5.883333333333333
2025-07-22 05:55:00,592,Tirunelveli,0.5,-5.883333333333333
2025-07-22 10:00:00,592,Tirunelveli,0.5,-5.8933333333333335
2025-07-23 13:00:00,592,Tirunelveli,2.0,-7.66
2025-07-23 19:00:00,592,Tirunelveli,0.5,-7.69
2025-07-23 20:00:00,592,Tirunelveli,0.5,-7.69
2025-07-24 01:00:00,592,Tirunelveli,0.5,-7.71
2025-07-24 09:00:00,592,Tirunelveli,0.5,-5.9433333333333325
2025-07-24 15:00:00,592,Tirunelveli,4.75,-5.963333333333334
2025-07-24 16:00:00,592,Tirunelveli,1.0,-5.956666666666666
2025-07-24 18:00:00,592,Tirunelveli,0.5,-5.956666666666666
2025-07-24 21:00:00,592,Tirunelveli,0.625,-5.956666666666666
2025-07-24 22:00:00,592,Tirunelveli,0.5,-5.956666666666666
2025-07-24 23:00:00,592,Tirunelveli,0.5,-5.956666666666666
2025-07-27 00:00:00,592,Tirunelveli,0.5,-5.933333333333334
2025-07-27 01:00:00,592,Tirunelveli,0.5,-5.933333333333334
2025-08-02 15:00:00,592,Tirunelveli,1.5,-6.293333333333333
2025-08-04 18:00:00,592,Tirunelveli,0.5,-6.266666666666667
2025-08-05 11:00:00,592,Tirunelveli,0.5,-6.353333333333334
2025-08-08 16:00:00,592,Tirunelveli,2.5,-6.46
2025-08-08 17:00:00,592,Tirunelveli,11.5,-6.46
2025-08-14 08:00:00,592,Tirunelveli,2.5,-6.726666666666667
2025-08-15 06:00:00,592,Tirunelveli,0.5,-6.71
2025-08-15 07:00:00,592,Tirunelveli,1.0,-6.71
2025-08-15 08:00:00,592,Tirunelveli,0.6666666666666666,-6.71
2025-08-15 09:00:00,592,Tirunelveli,2.0,-6.71
2025-08-15 10:00:00,592,Tirunelveli,0.75,-6.726666666666667
2025-08-15 13:00:00,592,Tirunelveli,0.5,-6.726666666666667
2025-08-16 17:00:00,592,Tirunelveli,0.5,-6.753333333333333
2025-08-16 19:00:00,592,Tirunelveli,0.5,-6.753333333333333
2025-08-17 14:00:00,592,Tirunelveli,0.5,-6.756666666666667
2025-08-18 06:00:00,592,Tirunelveli,0.5,-7.745
2025-08-18 12:00:00,592,Tirunelveli,0.5,-7.775
2025-08-18 17:00:00,592,Tirunelveli,1.0,-7.79
2025-08-18 18:40:00,592,Tirunelveli,2.0,-7.79
2025-08-18 19:00:00,592,Tirunelveli,2.0,-7.79
2025-08-20 09:00:00,592,Tirunelveli,3.5,-6.853333333333334
2025-08-20 12:00:00,592,Tirunelveli,1.5,-6.886666666666667
2025-08-20 13:00:00,592,Tirunelveli,12.5,-6.886666666666667
2025-08-21 08:00:00,592,Tirunelveli,1.5,-6.923333333333335
2025-08-22 16:00:00,592,Tirunelveli,1.0,-6.986666666666667
2025-08-22 17:00:00,592,Tirunelveli,1.0,-6.986666666666667
2025-08-22 18:00:00,592,Tirunelveli,0.5,-6.986666666666667
2025-08-28 03:00:00,592,Tirunelveli,0.5,-7.173333333333335
2025-08-28 04:00:00,592,Tirunelveli,0.5,-7.1433333333333335
2025-08-28 08:00:00,592,Tirunelveli,1.0,-7.1433333333333335
2025-08-28 10:00:00,592,Tirunelveli,0.5,-7.176666666666667
2025-09-09 15:00:00,592,Tirunelveli,8.5,-7.733333333333333
2025-09-09 16:00:00,592,Tirunelveli,2.0,-7.713333333333334
2025-09-10 14:00:00,592,Tirunelveli,1.5,-7.68
2025-09-10 15:00:00,592,Tirunelveli,0.5,-7.68
2025-09-10 16:00:00,592,Tirunelveli,0.5,-7.686666666666666
2025-09-17 12:00:00,592,Tirunelveli,1.0,-7.843333333333334
2025-09-17 13:00:00,592,Tirunelveli,5.5,-7.843333333333334
2025-09-17 14:00:00,592,Tirunelveli,0.5,-7.843333333333334
2025-09-17 15:00:00,592,Tirunelveli,0.5,-7.843333333333334
2025-09-23 14:00:00,592,Tirunelveli,0.5,-7.919999999999999
2025-09-24 06:00:00,592,Tirunelveli,0.5,-7.923333333333333
2025-09-24 07:00:00,592,Tirunelveli,0.5,-7.923333333333333
2025-09-25 04:00:00,592,Tirunelveli,1.8333333333333333,-7.993333333333333
2025-09-25 05:00:00,592,Tirunelveli,0.5,-7.993333333333333
2025-09-25 07:00:00,592,Tirunelveli,0.5,-7.993333333333333
2025-09-25 12:00:00,592,Tirunelveli,1.5,-8.043333333333333
2025-09-25 13:00:00,592,Tirunelveli,1.5,-8.043333333333333
2025-09-25 14:00:00,592,Tirunelveli,1.5,-8.043333333333333
2025-09-25 15:00:00,592,Tirunelveli,2.833333333333333,-8.043333333333333
2025-09-25 16:00:00,592,Tirunelveli,275.75,-6.830000000000001
2025-09-25 17:00:00,592,Tirunelveli,1.0,-6.830000000000001
2025-09-25 18:00:00,592,Tirunelveli,0.5,-6.830000000000001
2025-09-25 19:00:00,592,Tirunelveli,2.5,-6.830000000000001
2025-09-25 20:00:00,592,Tirunelveli,2.0,-6.830000000000001
2025-09-25 21:00:00,592,Tirunelveli,0.875,-6.830000000000001
2025-09-25 22:00:00,592,Tirunelveli,0.5,-8.086666666666668
2025-09-25 23:00:00,592,Tirunelveli,0.5,-8.086666666666668
2025-09-26 00:00:00,592,Tirunelveli,1.0,-8.086666666666668
2025-09-26 01:00:00,592,Tirunelveli,2.0,-8.086666666666668
2025-09-26 03:00:00,592,Tirunelveli,0.5,-8.086666666666668
2025-09-26 08:00:00,592,Tirunelveli,1.75,-8.08
2025-09-26 09:00:00,592,Tirunelveli,2.5,-8.08
2025-09-26 10:00:00,592,Tirunelveli,0.8333333333333334,-8.106666666666667
2025-09-26 14:00:00,592,Tirunelveli,0.5,-8.106666666666667
2025-09-26 22:00:00,592,Tirunelveli,1.0,-8.106666666666667
2025-09-26 23:00:00,592,Tirunelveli,1.5,-8.106666666666667
2025-09-27 00:00:00,592,Tirunelveli,0.5,-8.106666666666667
2025-09-27 07:00:00,592,Tirunelveli,0.5,-8.106666666666667
2025-09-28 18:00:00,592,Tirunelveli,0.5,-8.26
2025-09-29 02:00:00,592,Tirunelveli,1.5,-8.229999999999999
2025-09-29 03:00:00,592,Tirunelveli,1.0,-8.229999999999999
2025-09-29 06:00:00,592,Tirunelveli,0.5,-8.209999999999999
2025-09-29 09:00:00,592,Tirunelveli,1.5,-8.209999999999999
2025-10-04 13:00:00,592,Tirunelveli,5.5,-8.406666666666666
2025-10-04 14:00:00,592,Tirunelveli,6.25,-8.406666666666666
2025-10-04 15:00:00,592,Tirunelveli,12.333333333333334,-8.406666666666666
2025-10-04 16:00:00,592,Tirunelveli,5.0,-8.403333333333334
2025-10-04 17:00:00,592,Tirunelveli,0.6666666666666666,-8.403333333333334
2025-10-04 18:00:00,592,Tirunelveli,0.5,-8.403333333333334
2025-10-04 19:00:00,592,Tirunelveli,0.5,-8.403333333333334
2025-10-05 06:00:00,592,Tirunelveli,11.5,-8.32
2025-10-05 07:00:00,592,Tirunelveli,4.5,-8.32
2025-11-14 07:00:00,592,Tirunelveli,4.25,-10.1
2025-11-14 08:00:00,592,Tirunelveli,8.75,-10.1
2025-11-14 09:00:00,592,Tirunelveli,0.75,-10.1
2025-11-14 10:00:00,592,Tirunelveli,1.5,-10.1
2025-11-14 11:00:00,592,Tirunelveli,0.75,-10.1
2025-11-14 12:00:00,592,Tirunelveli,1.5,-10.1
2025-11-14 13:00:00,592,Tirunelveli,0.5,-10.1
2025-11-14 18:00:00,592,Tirunelveli,3.5,-10.1
2025-11-14 19:00:00,592,Tirunelveli,3.875,-10.1
2025-11-14 20:00:00,592,Tirunelveli,4.833333333333333,-10.1
2025-11-14 21:00:00,592,Tirunelveli,3.75,-10.1
2025-11-14 22:00:00,592,Tirunelveli,2.875,-10.1
2025-11-16 16:00:00,592,Tirunelveli,2.0,-10.1
2025-11-16 17:00:00,592,Tirunelveli,0.5,-10.1
2025-11-16 18:00:00,592,Tirunelveli,5.0,-10.1
2025-11-16 21:00:00,592,Tirunelveli,0.5,-10.1
2025-11-17 18:00:00,592,Tirunelveli,0.5,-10.1
2025-11-18 02:00:00,592,Tirunelveli,0.75,-10.1
2025-11-18 10:00:00,592,Tirunelveli,0.5,-10.1
2025-11-18 11:00:00,592,Tirunelveli,1.75,-10.1
2025-11-18 12:00:00,592,Tirunelveli,1.3333333333333333,-10.1
2025-11-18 13:00:00,592,Tirunelveli,3.5,-10.1
2025-11-18 14:00:00,592,Tirunelveli,1.25,-10.1
2025-11-18 17:00:00,592,Tirunelveli,1.75,-10.1
2025-11-18 18:00:00,592,Tirunelveli,6.166666666666667,-10.1
2025-11-18 19:00:00,592,Tirunelveli,6.25,-10.1
2025-11-18 20:00:00,592,Tirunelveli,0.5,-10.1
2025-11-18 21:00:00,592,Tirunelveli,6.0,-10.1
2025-11-18 22:00:00,592,Tirunelveli,3.333333333333333,-10.1
2025-11-18 23:00:00,592,Tirunelveli,8.25,-10.1
2025-11-19 00:00:00,592,Tirunelveli,6.25,-10.1
2025-11-19 01:00:00,592,Tirunelveli,4.916666666666667,-10.1
2025-11-19 02:00:00,592,Tirunelveli,0.8,-10.1
2025-11-19 03:00:00,592,Tirunelveli,0.625,-10.1
2025-11-19 04:00:00,592,Tirunelveli,0.5,-10.1
2025-11-19 10:00:00,592,Tirunelveli,0.5,-10.1
2025-11-19 18:00:00,592,Tirunelveli,3.0,-10.1
2025-11-19 19:00:00,592,Tirunelveli,1.5,-10.1
2025-11-19 20:00:00,592,Tirunelveli,1.75,-10.1
2025-11-19 21:00:00,592,Tirunelveli,1.25,-10.1
2025-11-19 22:00:00,592,Tirunelveli,4.0,-10.1
2025-11-21 18:00:00,592,Tirunelveli,6.0,-10.045
2025-11-21 19:00:00,592,Tirunelveli,4.0,-10.045
2025-11-21 21:00:00,592,Tirunelveli,2.5,-10.045
2025-11-21 22:00:00,592,Tirunelveli,5.625,-10.01
2025-11-21 23:00:00,592,Tirunelveli,0.8333333333333334,-10.01
2025-11-22 00:00:00,592,Tirunelveli,0.5,-10.01
2025-11-22 01:00:00,592,Tirunelveli,1.6666666666666667,-10.01
2025-11-22 02:00:00,592,Tirunelveli,3.333333333333333,-10.01
2025-11-22 03:00:00,592,Tirunelveli,1.0,-10.01
2025-11-22 04:00:00,592,Tirunelveli,6.333333333333333,-9.98
2025-11-22 05:00:00,592,Tirunelveli,2.0,-9.98
2025-11-22 10:00:00,592,Tirunelveli,0.5,-9.96
2025-11-22 11:00:00,592,Tirunelveli,0.6666666666666666,-9.96
2025-11-22 12:00:00,592,Tirunelveli,1.6666666666666667,-9.96
2025-11-22 13:00:00,592,Tirunelveli,1.3333333333333333,-9.96
2025-11-22 14:00:00,592,Tirunelveli,0.5,-9.96
2025-11-22 15:00:00,592,Tirunelveli,1.375,-9.96
2025-11-22 16:00:00,592,Tirunelveli,1.1666666666666667,-9.92
2025-11-22 17:00:00,592,Tirunelveli,3.6,-9.92
2025-11-22 18:00:00,592,Tirunelveli,6.4,-9.92
2025-11-22 19:00:00,592,Tirunelveli,8.7,-9.92
2025-11-22 20:00:00,592,Tirunelveli,2.7,-9.92
2025-11-22 21:00:00,592,Tirunelveli,2.8,-9.92
2025-11-22 22:00:00,592,Tirunelveli,3.3,-9.845
2025-11-22 23:00:00,592,Tirunelveli,1.375,-9.845
2025-11-23 00:00:00,592,Tirunelveli,0.5,-9.845
2025-11-23 01:00:00,592,Tirunelveli,0.5,-9.845
2025-11-23 02:00:00,592,Tirunelveli,0.875,-9.845
2025-11-23 03:00:00,592,Tirunelveli,1.875,-9.845
2025-11-23 04:00:00,592,Tirunelveli,1.75,-9.775
2025-11-23 05:00:00,592,Tirunelveli,0.6666666666666666,-9.775
2025-11-23 13:00:00,592,Tirunelveli,1.25,-9.71
2025-11-23 14:00:00,592,Tirunelveli,1.5,-9.71
2025-11-23 15:00:00,592,Tirunelveli,0.875,-9.71
2025-11-23 16:00:00,592,Tirunelveli,2.25,-9.625
2025-11-23 17:00:00,592,Tirunelveli,6.25,-9.625
2025-11-23 18:00:00,592,Tirunelveli,6.625,-9.625
2025-11-23 19:00:00,592,Tirunelveli,3.0,-9.625
2025-11-23 20:00:00,592,Tirunelveli,4.375,-9.625
2025-11-23 21:00:00,592,Tirunelveli,5.166666666666667,-9.625
2025-11-23 22:00:00,592,Tirunelveli,2.0,-9.515
2025-11-23 23:00:00,592,Tirunelveli,6.6,-9.515
2025-11-24 00:00:00,592,Tirunelveli,2.625,-9.515
2025-11-24 01:00:00,592,Tirunelveli,3.0,-9.515
2025-11-24 02:00:00,592,Tirunelveli,2.5,-9.515
2025-11-24 03:00:00,592,Tirunelveli,2.625,-9.515
2025-11-24 04:00:00,592,Tirunelveli,1.5,-9.385
2025-11-24 05:00:00,592,Tirunelveli,1.1666666666666667,-9.385
2025-11-24 06:00:00,592,Tirunelveli,1.5,-9.385
2025-11-24 07:00:00,592,Tirunelveli,0.5,-9.385
2025-11-24 08:00:00,592,Tirunelveli,0.5,-9.385
2025-11-24 09:00:00,592,Tirunelveli,1.3333333333333333,-9.385
2025-11-24 10:00:00,592,Tirunelveli,1.3333333333333333,-9.265
2025-11-24 11:00:00,592,Tirunelveli,1.375,-9.265
2025-11-24 12:00:00,592,Tirunelveli,1.1666666666666667,-9.265
2025-11-24 13:00:00,592,Tirunelveli,3.75,-9.265
2025-11-24 14:00:00,592,Tirunelveli,2.5,-9.265
2025-11-24 15:00:00,592,Tirunelveli,0.75,-9.265
2025-11-24 18:00:00,592,Tirunelveli,0.5,-9.13
2025-11-25 08:00:00,592,Tirunelveli,0.5,-8.81
2025-11-30 09:00:00,592,Tirunelveli,0.5,-5.13
2025-12-02 13:00:00,592,Tirunelveli,1.0,-4.84
2025-12-02 14:00:00,592,Tirunelveli,0.5,-4.84
2025-12-04 08:00:00,592,Tirunelveli,0.5,-4.449999999999999
2025-12-04 09:00:00,592,Tirunelveli,0.5,-4.449999999999999
2025-12-04 15:00:00,592,Tirunelveli,0.5,-4.425000000000001
2025-12-04 16:00:00,592,Tirunelveli,1.5,-4.37
2025-12-04 17:00:00,592,Tirunelveli,0.5,-4.37
2025-12-05 08:00:00,592,Tirunelveli,0.5,-4.2700000000000005
2025-12-05 13:00:00,592,Tirunelveli,0.5,-4.25
2025-12-05 14:00:00,592,Tirunelveli,1.5,-4.25
2025-12-05 16:00:00,592,Tirunelveli,0.5,-4.220000000000001
2025-12-06 15:00:00,592,Tirunelveli,0.5,-4.19
2025-12-10 13:00:00,592,Tirunelveli,1.0,-3.875
2025-12-16 21:00:00,592,Tirunelveli,1.0,-3.725
2025-12-16 22:00:00,592,Tirunelveli,2.25,-3.735
2025-12-16 23:00:00,592,Tirunelveli,1.5,-3.735
2025-12-17 00:00:00,592,Tirunelveli,0.5,-3.735
2025-12-17 01:00:00,592,Tirunelveli,0.5,-3.735
2025-12-17 06:00:00,592,Tirunelveli,0.5,-3.72
2025-12-17 13:00:00,592,Tirunelveli,1.75,-3.75
2025-12-17 14:00:00,592,Tirunelveli,0.5,-3.75
2025-12-17 15:00:00,592,Tirunelveli,0.75,-3.75
2025-12-17 16:00:00,592,Tirunelveli,1.75,-3.75
2025-12-17 17:00:00,592,Tirunelveli,0.5,-3.75
2025-12-17 18:00:00,592,Tirunelveli,2.0,-3.75
2025-12-17 19:00:00,592,Tirunelveli,1.3333333333333333,-3.75
2025-12-17 21:00:00,592,Tirunelveli,0.5,-3.75
2025-12-17 23:00:00,592,Tirunelveli,0.5,-3.75
2025-12-19 05:00:00,592,Tirunelveli,0.5,-3.72
2025-12-19 13:00:00,592,Tirunelveli,2.5,-3.725
2026-01-01 18:00:00,592,Tirunelveli,5.5,-3.797642857142857
2026-01-01 19:00:00,592,Tirunelveli,1.0,-3.797642857142857
2026-01-01 20:00:00,592,Tirunelveli,0.8333333333333334,-3.797642857142857
2026-01-01 21:00:00,592,Tirunelveli,17.5,-3.797642857142857
2026-01-01 22:00:00,592,Tirunelveli,0.5,-3.7292857142857145
2026-01-01 23:00:00,592,Tirunelveli,13.166666666666666,-3.7292857142857145
2026-01-02 00:00:00,592,Tirunelveli,2.25,-3.7292857142857145
2026-01-02 02:00:00,592,Tirunelveli,16.0,-3.7292857142857145
2026-01-02 03:00:00,592,Tirunelveli,20.83333333333333,-3.7292857142857145
2026-01-02 04:00:00,592,Tirunelveli,6.25,-3.689428571428572
2026-01-02 05:00:00,592,Tirunelveli,2.625,-3.689428571428572
2026-01-02 06:00:00,592,Tirunelveli,3.6666666666666665,-3.689428571428572
2026-01-02 07:00:00,592,Tirunelveli,5.875,-3.689428571428572
2026-01-02 08:00:00,592,Tirunelveli,1.0,-3.689428571428572
2026-01-02 16:00:00,592,Tirunelveli,0.5,-3.7312857142857134
2026-01-03 06:00:00,592,Tirunelveli,0.5,-3.428384615384616
2026-01-10 20:00:00,592,Tirunelveli,0.5,-4.3213
2026-01-10 21:00:00,592,Tirunelveli,0.6666666666666666,-4.3213
2026-01-10 22:00:00,592,Tirunelveli,1.0,-4.3213
2026-01-10 23:00:00,592,Tirunelveli,1.0,-4.3213
2026-01-11 00:00:00,592,Tirunelveli,1.25,-4.3213
2026-01-11 01:00:00,592,Tirunelveli,1.0,-4.3213
2026-01-11 04:00:00,592,Tirunelveli,3.5,-3.551769230769231
2026-01-11 05:00:00,592,Tirunelveli,4.5,-3.551769230769231
2026-01-11 06:00:00,592,Tirunelveli,0.5,-3.551769230769231
2026-01-11 07:00:00,592,Tirunelveli,0.5,-3.551769230769231
2026-01-11 10:00:00,592,Tirunelveli,0.5,-3.642076923076923
2026-01-11 11:00:00,592,Tirunelveli,0.5,-3.642076923076923
2026-01-11 16:00:00,592,Tirunelveli,0.5,-3.669923076923077
2026-01-12 23:00:00,592,Tirunelveli,0.5,-3.7339285714285713
2026-01-13 02:00:00,592,Tirunelveli,0.5,-3.7339285714285713
2026-01-13 03:00:00,592,Tirunelveli,0.5,-3.7339285714285713
2026-01-13 13:00:00,592,Tirunelveli,0.5,-3.862214285714285
2026-01-24 22:00:00,592,Tirunelveli,0.5,-4.100846153846154
2026-01-24 23:00:00,592,Tirunelveli,0.5,-4.100846153846154
2026-01-25 08:00:00,592,Tirunelveli,0.5,-3.81
2026-01-25 09:00:00,592,Tirunelveli,0.5,-3.81
2026-01-25 10:00:00,592,Tirunelveli,0.75,-3.794
2026-01-25 16:00:00,592,Tirunelveli,0.5,-3.796
2026-01-26 08:00:00,592,Tirunelveli,0.5,-3.959357142857143
2026-01-26 11:00:00,592,Tirunelveli,0.5,-4.019857142857143
2026-01-26 12:00:00,592,Tirunelveli,0.5,-4.019857142857143
2026-01-26 17:00:00,592,Tirunelveli,1.0,-4.054928571428571
2026-01-26 18:00:00,592,Tirunelveli,0.5,-4.054928571428571
2026-01-26 20:00:00,592,Tirunelveli,0.5,-4.054928571428571
2026-02-02 03:00:00,592,Tirunelveli,0.5,-4.088714285714286
2026-02-11 08:00:00,592,Tirunelveli,0.5,-2.93175
2026-02-23 04:00:00,592,Tirunelveli,2.5,-4.327777777777778
2026-02-23 09:00:00,592,Tirunelveli,0.5,-4.327777777777778
2026-02-23 17:00:00,592,Tirunelveli,0.5,-4.3966666666666665
2026-02-25 14:00:00,592,Tirunelveli,0.5,-4.515875
2026-02-25 15:00:00,592,Tirunelveli,0.5,-4.515875
2026-02-25 16:00:00,592,Tirunelveli,0.5,-4.834125
2026-02-25 18:00:00,592,Tirunelveli,0.5,-4.834125
2026-02-25 20:00:00,592,Tirunelveli,9.5,-4.834125
2026-02-25 21:00:00,592,Tirunelveli,1.0,-4.834125
2026-02-26 01:00:00,592,Tirunelveli,0.5,-4.70875
2026-02-27 22:00:00,592,Tirunelveli,0.5,-4.062076923076924
2026-02-28 23:00:00,592,Tirunelveli,0.5,-4.049692307692308
2026-03-18 15:00:00,592,Tirunelveli,1.0,-4.639357142857143
2026-03-18 16:00:00,592,Tirunelveli,4.25,-4.672928571428571
2026-03-18 17:00:00,592,Tirunelveli,5.5,-4.672928571428571
2026-03-18 18:00:00,592,Tirunelveli,4.0,-4.672928571428571
2026-03-18 19:00:00,592,Tirunelveli,3.0,-4.672928571428571
2026-03-18 20:00:00,592,Tirunelveli,2.5,-4.672928571428571
2026-03-18 21:00:00,592,Tirunelveli,1.5,-4.672928571428571
2026-03-18 22:00:00,592,Tirunelveli,1.0,-4.607214285714286
2026-03-18 23:00:00,592,Tirunelveli,0.5,-4.607214285714286
2026-03-19 00:00:00,592,Tirunelveli,0.5,-4.607214285714286
2026-03-19 01:00:00,592,Tirunelveli,0.5,-4.607214285714286
2026-03-19 02:00:00,592,Tirunelveli,0.5,-4.607214285714286
2026-03-19 03:00:00,592,Tirunelveli,0.5,-4.607214285714286
2026-03-19 04:00:00,592,Tirunelveli,0.5,-4.5595
2026-03-19 06:00:00,592,Tirunelveli,0.5,-4.5595
2026-03-19 07:00:00,592,Tirunelveli,0.5,-4.5595
2026-03-19 08:00:00,592,Tirunelveli,0.5,-4.5595
2026-03-19 09:00:00,592,Tirunelveli,0.5,-4.5595
2026-03-19 10:00:00,592,Tirunelveli,0.5,-4.656428571428571
2026-03-19 12:00:00,592,Tirunelveli,0.5,-4.656428571428571
2026-03-19 13:00:00,592,Tirunelveli,0.5,-4.656428571428571
2026-03-19 14:00:00,592,Tirunelveli,0.5,-4.656428571428571
2026-03-19 15:00:00,592,Tirunelveli,0.5,-4.656428571428571
2026-03-19 16:00:00,592,Tirunelveli,2.0,-4.627571428571429
2026-03-19 17:00:00,592,Tirunelveli,2.0,-4.627571428571429
2026-03-19 21:00:00,592,Tirunelveli,0.5,-4.627571428571429
2026-03-20 01:00:00,592,Tirunelveli,0.5,-4.614857142857143
2026-03-20 06:00:00,592,Tirunelveli,0.5,-4.479
2026-03-20 08:00:00,592,Tirunelveli,6.5,-4.479
2026-03-20 11:00:00,592,Tirunelveli,0.5,-4.601
2026-03-20 15:00:00,592,Tirunelveli,0.5,-4.601
2026-03-20 16:00:00,592,Tirunelveli,8.75,-4.734
2026-03-20 18:00:00,592,Tirunelveli,0.5,-4.734
2026-03-21 01:00:00,592,Tirunelveli,0.5,-4.706
2026-03-21 13:00:00,592,Tirunelveli,0.5,-4.4
2021-10-02 21:00:00,732,Tirupathur,0.5,-5.852
2021-10-02 22:00:00,732,Tirupathur,0.5,-5.833666666666666
2021-10-31 23:00:00,732,Tirupathur,1.5,1.002666666666667
2021-11-01 02:00:00,732,Tirupathur,0.5,1.002666666666667
2021-11-01 07:00:00,732,Tirupathur,1.0,0.8453333333333326
2021-11-01 08:00:00,732,Tirupathur,1.0,0.8453333333333326
2021-11-08 00:00:00,732,Tirupathur,0.5,-6.585500000000001
2021-11-08 02:00:00,732,Tirupathur,14.0,-6.585500000000001
2021-11-08 03:00:00,732,Tirupathur,8.5,-6.585500000000001
2021-11-08 04:00:00,732,Tirupathur,3.5,-6.584
2021-11-08 05:00:00,732,Tirupathur,3.5,-6.584
2021-11-08 06:00:00,732,Tirupathur,1.5,-6.584
2021-11-08 07:00:00,732,Tirupathur,1.0,-6.584
2021-11-08 08:00:00,732,Tirupathur,0.5,-6.584
2021-11-08 09:00:00,732,Tirupathur,0.5,-6.584
2021-11-09 03:00:00,732,Tirupathur,0.5,-6.441000000000001
2021-11-11 02:00:00,732,Tirupathur,1.5,-6.171
2021-11-11 04:00:00,732,Tirupathur,1.0,-6.1175
2021-11-11 05:00:00,732,Tirupathur,1.0,-6.1175
2021-11-11 06:00:00,732,Tirupathur,1.0,-6.1175
2021-11-11 07:00:00,732,Tirupathur,1.0,-6.1175
2021-12-30 20:00:00,732,Tirupathur,0.5,-3.12
2021-12-30 21:00:00,732,Tirupathur,1.0,-3.12
2021-12-30 22:00:00,732,Tirupathur,4.5,-3.142
2021-12-31 08:00:00,732,Tirupathur,0.5,-3.155
2021-12-31 15:00:00,732,Tirupathur,1.5,-3.161
2021-12-31 16:00:00,732,Tirupathur,0.5,-3.195
2021-12-31 17:00:00,732,Tirupathur,0.5,-3.195
2021-12-31 18:00:00,732,Tirupathur,0.5,-3.195
2021-12-31 19:00:00,732,Tirupathur,0.5,-3.195
2021-12-31 20:00:00,732,Tirupathur,0.5,-3.195
2022-01-01 02:00:00,732,Tirupathur,0.5,-3.225
2022-01-01 20:00:00,732,Tirupathur,0.5,-3.286
2022-01-06 14:25:00,732,Tirupathur,3.5,-3.595
2022-01-07 10:00:00,732,Tirupathur,0.5,-3.672
2022-03-07 02:00:00,732,Tirupathur,0.5,-6.052
2022-03-07 03:00:00,732,Tirupathur,0.5,-6.052
2022-03-21 22:00:00,732,Tirupathur,6.0,-6.493
2022-03-21 23:00:00,732,Tirupathur,1.0,-6.493
2022-03-23 15:00:00,732,Tirupathur,14.0,-6.577999999999999
2022-03-23 16:00:00,732,Tirupathur,9.25,-6.588
2022-03-24 10:00:00,732,Tirupathur,0.5,-6.621
2022-03-24 16:00:00,732,Tirupathur,18.0,-6.6125
2022-03-25 17:00:00,732,Tirupathur,2.0,-6.6515
2022-03-28 17:00:00,732,Tirupathur,0.5,-6.793
2022-04-08 16:00:00,732,Tirupathur,8.0,-6.946999999999999
2022-04-13 14:00:00,732,Tirupathur,3.0,-7.245999999999999
2022-04-14 16:00:00,732,Tirupathur,2.5,-7.030333333333334
2022-04-14 17:00:00,732,Tirupathur,9.5,-7.030333333333334
2022-04-14 18:00:00,732,Tirupathur,23.5,-7.030333333333334
2022-04-14 20:00:00,732,Tirupathur,1.0,-7.030333333333334
2022-04-14 21:00:00,732,Tirupathur,0.75,-7.030333333333334
2022-04-16 21:00:00,732,Tirupathur,5.5,-6.939333333333334
2022-04-16 22:00:00,732,Tirupathur,3.75,-6.741333333333333
2022-04-17 00:00:00,732,Tirupathur,0.5,-6.741333333333333
2022-04-17 02:00:00,732,Tirupathur,0.5,-6.741333333333333
2022-04-17 05:00:00,732,Tirupathur,0.5,-6.945666666666667
2022-04-17 17:00:00,732,Tirupathur,4.0,-6.676333333333333
2022-04-17 18:00:00,732,Tirupathur,12.0,-6.676333333333333
2022-04-17 21:00:00,732,Tirupathur,0.5,-6.676333333333333
2022-04-18 10:00:00,732,Tirupathur,0.5,-6.977333333333333
2022-04-19 16:00:00,732,Tirupathur,4.5,-6.992666666666668
2022-04-20 12:00:00,732,Tirupathur,0.5,-6.748333333333332
2022-04-23 17:00:00,732,Tirupathur,7.0,-7.198
2022-06-06 19:00:00,732,Tirupathur,6.0,-6.6265
2022-06-06 20:00:00,732,Tirupathur,8.5,-6.6265
2022-06-06 21:00:00,732,Tirupathur,3.0,-6.6265
2022-06-06 22:00:00,732,Tirupathur,2.0,-6.198
2022-06-14 18:00:00,732,Tirupathur,9.0,-6.7965
2022-06-14 19:00:00,732,Tirupathur,2.5,-6.7965
2022-06-14 20:00:00,732,Tirupathur,0.5,-6.7965
2022-06-14 21:00:00,732,Tirupathur,54.5,-6.7965
2022-06-14 22:00:00,732,Tirupathur,5.5,-6.399
2022-06-14 23:00:00,732,Tirupathur,2.5,-6.399
2022-06-16 03:00:00,732,Tirupathur,1.5,-6.424
2022-06-16 04:00:00,732,Tirupathur,2.5,-6.7725
2022-06-16 09:00:00,732,Tirupathur,0.5,-6.7725
2022-06-17 01:00:00,732,Tirupathur,0.5,-6.427
2022-06-17 02:00:00,732,Tirupathur,0.5,-6.427
2022-06-18 03:00:00,732,Tirupathur,1.0,-6.3740000000000006
2022-06-18 04:00:00,732,Tirupathur,2.0,-6.651
2022-06-19 22:00:00,732,Tirupathur,0.5,-6.2135
2022-06-19 23:00:00,732,Tirupathur,2.5,-6.2135
2022-06-20 01:00:00,732,Tirupathur,0.5,-6.2135
2022-06-20 07:00:00,732,Tirupathur,0.5,-6.5075
2022-07-01 18:00:00,732,Tirupathur,1.0,-6.944
2022-07-05 04:00:00,732,Tirupathur,0.5,-6.885
2022-07-06 14:00:00,732,Tirupathur,0.5,-6.949999999999999
2022-07-07 21:00:00,732,Tirupathur,1.0,-6.843999999999999
2022-07-08 15:00:00,732,Tirupathur,0.5,-6.879
2022-07-08 16:00:00,732,Tirupathur,8.0,-6.633000000000001
2022-07-08 17:00:00,732,Tirupathur,0.5,-6.633000000000001
2022-07-09 20:00:00,732,Tirupathur,1.0,-7.037
2022-07-09 21:00:00,732,Tirupathur,0.5,-7.037
2022-07-09 22:00:00,732,Tirupathur,0.5,-6.6975
2022-07-11 15:00:00,732,Tirupathur,4.0,-6.952999999999999
2022-07-11 16:00:00,732,Tirupathur,3.0,-6.599
2022-07-11 17:00:00,732,Tirupathur,1.0,-6.599
2022-07-30 02:00:00,732,Tirupathur,0.5,-5.56
2022-07-31 16:00:00,732,Tirupathur,3.0,-5.596333333333334
2022-07-31 17:00:00,732,Tirupathur,16.0,-5.596333333333334
2022-07-31 18:00:00,732,Tirupathur,7.0,-5.596333333333334
2022-07-31 19:00:00,732,Tirupathur,0.5,-5.596333333333334
2022-08-01 20:00:00,732,Tirupathur,8.0,-5.613
2022-08-01 21:00:00,732,Tirupathur,1.5,-5.613
2022-08-01 22:00:00,732,Tirupathur,2.0,-5.285
2022-08-01 23:00:00,732,Tirupathur,5.0,-5.285
2022-08-02 00:00:00,732,Tirupathur,1.5,-5.285
2022-08-03 01:00:00,732,Tirupathur,3.0,-4.885
2022-08-03 02:00:00,732,Tirupathur,7.0,-4.885
2022-08-03 04:00:00,732,Tirupathur,1.0,-5.2445
2022-08-04 15:00:00,732,Tirupathur,1.0,-4.9425
2022-08-05 15:00:00,732,Tirupathur,0.5,-4.6345
2022-08-05 16:00:00,732,Tirupathur,1.5,-5.080500000000001
2022-08-05 18:00:00,732,Tirupathur,0.5,-5.080500000000001
2022-08-06 00:00:00,732,Tirupathur,0.5,-4.6595
2022-08-06 02:00:00,732,Tirupathur,0.5,-4.6595
2022-08-06 10:00:00,732,Tirupathur,0.5,-4.676
2022-08-06 11:00:00,732,Tirupathur,0.5,-4.676
2022-08-06 13:00:00,732,Tirupathur,0.5,-4.676
2022-08-06 17:00:00,732,Tirupathur,1.5,-5.116
2022-08-06 19:00:00,732,Tirupathur,0.5,-5.116
2022-08-07 16:00:00,732,Tirupathur,1.0,-4.584
2022-08-07 17:00:00,732,Tirupathur,0.5,-4.584
2022-08-21 17:00:00,732,Tirupathur,0.5,-4.511666666666667
2022-08-23 01:00:00,732,Tirupathur,0.5,-4.553
2022-08-24 03:00:00,732,Tirupathur,0.5,-4.839666666666667
2022-08-24 15:00:00,732,Tirupathur,14.0,-4.719
2022-08-24 16:00:00,732,Tirupathur,7.0,-4.698
2022-08-24 20:00:00,732,Tirupathur,3.0,-4.698
2022-08-24 23:00:00,732,Tirupathur,1.5,-4.618333333333333
2022-08-25 01:00:00,732,Tirupathur,1.0,-4.618333333333333
2022-08-25 02:00:00,732,Tirupathur,1.0,-4.618333333333333
2022-08-25 21:00:00,732,Tirupathur,0.5,-4.650333333333333
2022-08-25 22:00:00,732,Tirupathur,2.5,-4.634333333333333
2022-08-25 23:00:00,732,Tirupathur,0.5,-4.634333333333333
2022-08-26 01:00:00,732,Tirupathur,0.5,-4.634333333333333
2022-08-26 04:00:00,732,Tirupathur,0.5,-4.824666666666666
2022-08-26 14:00:00,732,Tirupathur,3.0,-4.725666666666666
2022-08-27 00:00:00,732,Tirupathur,0.5,-4.585666666666667
2022-08-27 02:00:00,732,Tirupathur,0.5,-4.585666666666667
2022-08-27 14:00:00,732,Tirupathur,6.0,-4.5073333333333325
2022-08-27 19:00:00,732,Tirupathur,0.5,-4.517666666666667
2022-08-27 22:00:00,732,Tirupathur,0.5,-4.535666666666667
2022-08-28 00:00:00,732,Tirupathur,1.0,-4.535666666666667
2022-08-29 01:00:00,732,Tirupathur,0.5,-4.831666666666667
2022-08-29 02:00:00,732,Tirupathur,9.5,-4.831666666666667
2022-08-29 03:00:00,732,Tirupathur,13.5,-4.831666666666667
2022-08-29 04:00:00,732,Tirupathur,2.5,-4.821
2022-08-29 05:00:00,732,Tirupathur,0.5,-4.821
2022-08-29 19:00:00,732,Tirupathur,0.5,-4.545000000000001
2022-08-29 22:00:00,732,Tirupathur,1.0,-4.507000000000001
2022-08-31 13:00:00,732,Tirupathur,0.5,-4.566333333333334
2022-09-01 14:00:00,732,Tirupathur,1.5,-4.3566666666666665
2022-09-01 15:00:00,732,Tirupathur,1.0,-4.3566666666666665
2022-09-01 16:00:00,732,Tirupathur,3.0,-4.862666666666667
2022-09-04 15:00:00,732,Tirupathur,0.5,-4.357
2022-09-04 16:00:00,732,Tirupathur,3.0,-4.620333333333334
2022-09-04 23:00:00,732,Tirupathur,17.0,-4.374
2022-09-05 00:00:00,732,Tirupathur,6.0,-4.374
2022-09-05 01:00:00,732,Tirupathur,2.0,-4.374
2022-09-05 02:00:00,732,Tirupathur,0.5,-4.374
2022-09-06 20:00:00,732,Tirupathur,13.0,-4.744
2022-09-06 21:00:00,732,Tirupathur,38.5,-4.744
2022-09-06 22:00:00,732,Tirupathur,4.0,-4.342333333333333
2022-09-06 23:00:00,732,Tirupathur,3.0,-4.342333333333333
2022-09-07 01:00:00,732,Tirupathur,1.5,-4.342333333333333
2022-09-07 02:00:00,732,Tirupathur,0.5,-4.342333333333333
2022-09-07 21:00:00,732,Tirupathur,3.0,-3.768
2022-09-07 22:00:00,732,Tirupathur,2.5,-3.6553333333333335
2022-09-07 23:00:00,732,Tirupathur,2.5,-3.6553333333333335
2022-09-08 01:00:00,732,Tirupathur,0.5,-3.6553333333333335
2022-09-09 19:00:00,732,Tirupathur,0.5,-3.885666666666667
2022-09-17 15:00:00,732,Tirupathur,0.5,-4.072333333333334
2022-09-18 23:00:00,732,Tirupathur,6.5,-4.141000000000001
2022-09-26 16:00:00,732,Tirupathur,13.5,-4.515999999999999
2022-09-26 17:00:00,732,Tirupathur,2.0,-4.515999999999999
2022-09-30 21:00:00,732,Tirupathur,0.5,-4.8406666666666665
2022-10-01 02:00:00,732,Tirupathur,0.5,-4.66
2022-10-01 03:00:00,732,Tirupathur,0.5,-4.66
2022-10-02 02:00:00,732,Tirupathur,0.5,-4.646999999999999
2022-10-07 22:00:00,732,Tirupathur,1.5,-4.88
2022-10-07 23:00:00,732,Tirupathur,4.0,-4.88
2022-10-08 00:00:00,732,Tirupathur,1.0,-4.88
2022-10-08 17:00:00,732,Tirupathur,0.5,-5.060333333333333
2022-10-08 18:00:00,732,Tirupathur,0.5,-5.060333333333333
2022-10-08 19:00:00,732,Tirupathur,0.5,-5.060333333333333
2022-10-09 17:00:00,732,Tirupathur,1.0,-4.119
2022-10-09 18:00:00,732,Tirupathur,6.0,-4.119
2022-10-09 19:00:00,732,Tirupathur,4.0,-4.119
2022-10-09 20:00:00,732,Tirupathur,1.75,-4.119
2022-10-10 03:00:00,732,Tirupathur,0.5,-3.9505
2022-10-10 15:00:00,732,Tirupathur,0.5,-4.3455
2022-10-10 16:00:00,732,Tirupathur,5.0,-4.3105
2022-10-10 22:00:00,732,Tirupathur,0.5,-3.9965
2022-10-10 23:00:00,732,Tirupathur,6.25,-3.9965
2022-10-11 00:00:00,732,Tirupathur,26.5,-3.9965
2022-10-14 18:00:00,732,Tirupathur,1.5,-3.953
2022-10-15 02:00:00,732,Tirupathur,4.5,-5.5575
2022-10-15 03:00:00,732,Tirupathur,0.5,-5.5575
2022-10-16 00:00:00,732,Tirupathur,1.75,-3.8215
2022-10-16 11:00:00,732,Tirupathur,0.5,-3.8275
2022-10-16 12:00:00,732,Tirupathur,6.5,-3.8275
2022-10-16 22:00:00,732,Tirupathur,2.0,-3.762000000000001
2022-10-17 03:00:00,732,Tirupathur,2.0,-3.762000000000001
2022-10-17 15:00:00,732,Tirupathur,2.0,-4.147
2022-10-17 16:00:00,732,Tirupathur,15.5,-3.8965
2022-10-17 17:00:00,732,Tirupathur,2.0,-3.8965
2022-10-19 03:00:00,732,Tirupathur,3.75,-3.614
2022-10-19 04:00:00,732,Tirupathur,0.5,-3.9235
2022-10-20 16:00:00,732,Tirupathur,0.5,-3.952333333333333
2022-10-21 22:00:00,732,Tirupathur,1.0,-3.946
2022-10-29 17:00:00,732,Tirupathur,0.5,-4.342666666666666
2022-11-01 12:00:00,732,Tirupathur,1.5,-4.514333333333333
2022-11-01 13:00:00,732,Tirupathur,5.5,-4.514333333333333
2022-11-01 14:00:00,732,Tirupathur,2.5,-4.514333333333333
2022-11-01 15:00:00,732,Tirupathur,0.5,-4.514333333333333
2022-11-01 16:00:00,732,Tirupathur,0.5,-4.443666666666666
2022-11-01 17:00:00,732,Tirupathur,0.5,-4.443666666666666
2022-11-01 19:00:00,732,Tirupathur,0.5,-4.443666666666666
2022-11-01 22:00:00,732,Tirupathur,0.5,-4.445333333333333
2022-11-01 23:00:00,732,Tirupathur,0.5,-4.445333333333333
2022-11-02 00:00:00,732,Tirupathur,0.5,-4.445333333333333
2022-11-02 06:00:00,732,Tirupathur,0.5,-4.438
2022-11-02 10:00:00,732,Tirupathur,3.5,-4.45
2022-11-02 11:00:00,732,Tirupathur,7.5,-4.45
2022-11-02 12:00:00,732,Tirupathur,0.5,-4.45
2022-11-02 13:00:00,732,Tirupathur,1.0,-4.45
2022-11-02 16:00:00,732,Tirupathur,1.75,-4.442333333333333
2022-11-02 17:00:00,732,Tirupathur,3.75,-4.442333333333333
2022-11-02 18:00:00,732,Tirupathur,0.5,-4.442333333333333
2022-11-02 19:00:00,732,Tirupathur,0.5,-4.442333333333333
2022-11-03 00:00:00,732,Tirupathur,0.5,-4.4430000000000005
2022-11-03 15:00:00,732,Tirupathur,0.5,-4.398
2022-11-04 04:00:00,732,Tirupathur,1.0,-4.451666666666667
2022-11-04 05:00:00,732,Tirupathur,3.75,-4.451666666666667
2022-11-04 11:00:00,732,Tirupathur,0.5,-4.395
2022-11-10 16:00:00,732,Tirupathur,0.5,-4.657
2022-11-10 17:00:00,732,Tirupathur,0.5,-4.657
2022-11-10 18:00:00,732,Tirupathur,2.5,-4.657
2022-11-11 06:00:00,732,Tirupathur,0.5,-4.662333333333334
2022-11-11 09:00:00,732,Tirupathur,0.75,-4.662333333333334
2022-11-11 10:00:00,732,Tirupathur,0.5,-4.732
2022-11-11 11:00:00,732,Tirupathur,2.5,-4.732
2022-11-11 12:00:00,732,Tirupathur,1.5,-4.732
2022-11-11 13:00:00,732,Tirupathur,0.75,-4.732
2022-11-11 14:00:00,732,Tirupathur,34.5,-4.732
2022-11-11 15:00:00,732,Tirupathur,26.0,-4.732
2022-11-11 16:00:00,732,Tirupathur,8.5,-4.663
2022-11-11 17:00:00,732,Tirupathur,5072.5,-4.663
2022-11-11 18:00:00,732,Tirupathur,8660.5,-4.663
2022-11-12 00:00:00,732,Tirupathur,123.25,-4.671
2022-11-12 01:00:00,732,Tirupathur,0.5,-4.671
2022-11-12 03:00:00,732,Tirupathur,2.0,-4.671
2022-11-12 04:00:00,732,Tirupathur,3.75,-4.656333333333333
2022-11-12 05:00:00,732,Tirupathur,3.0,-4.656333333333333
2022-11-12 06:00:00,732,Tirupathur,4.5,-4.656333333333333
2022-11-12 07:00:00,732,Tirupathur,2.25,-4.656333333333333
2022-11-12 08:00:00,732,Tirupathur,1.5,-4.656333333333333
2022-11-12 09:00:00,732,Tirupathur,2.0,-4.656333333333333
2022-11-12 10:00:00,732,Tirupathur,1.75,-4.652666666666667
2022-11-12 11:00:00,732,Tirupathur,0.5,-4.652666666666667
2022-11-12 13:00:00,732,Tirupathur,0.5,-4.652666666666667
2022-11-12 15:00:00,732,Tirupathur,3.5,-4.652666666666667
2022-11-12 17:00:00,732,Tirupathur,0.5,-4.644333333333333
2022-11-12 18:00:00,732,Tirupathur,1.0,-4.644333333333333
2022-11-12 19:00:00,732,Tirupathur,9.0,-4.644333333333333
2022-11-12 20:00:00,732,Tirupathur,14.0,-4.644333333333333
2022-11-12 21:00:00,732,Tirupathur,0.5,-4.644333333333333
2022-11-12 22:00:00,732,Tirupathur,1.5,-4.569
2022-11-12 23:00:00,732,Tirupathur,4.5,-4.569
2022-11-13 00:00:00,732,Tirupathur,14.75,-4.569
2022-11-13 01:00:00,732,Tirupathur,15.5,-4.569
2022-11-13 02:00:00,732,Tirupathur,15.5,-4.569
2022-11-13 03:00:00,732,Tirupathur,5.25,-4.569
2022-11-13 05:00:00,732,Tirupathur,0.5,-4.0056666666666665
2022-11-13 07:00:00,732,Tirupathur,0.5,-4.0056666666666665
2022-11-13 12:00:00,732,Tirupathur,81.5,-3.6726666666666654
2022-11-14 14:00:00,732,Tirupathur,0.5,-3.5256666666666665
2022-11-14 17:00:00,732,Tirupathur,1.0,-3.560333333333333
2022-11-14 18:00:00,732,Tirupathur,5.5,-3.560333333333333
2022-11-14 19:00:00,732,Tirupathur,1.0,-3.560333333333333
2022-11-14 20:00:00,732,Tirupathur,2.0,-3.560333333333333
2022-11-15 19:00:00,732,Tirupathur,402.0,-3.256333333333333
2022-11-15 20:00:00,732,Tirupathur,142.0,-3.256333333333333
2022-11-15 21:00:00,732,Tirupathur,8.5,-3.256333333333333
2022-11-15 22:00:00,732,Tirupathur,4.0,-3.301
2022-11-15 23:00:00,732,Tirupathur,12.5,-3.301
2022-11-16 00:00:00,732,Tirupathur,27.5,-3.301
2022-11-16 01:00:00,732,Tirupathur,113.0,-3.301
2022-11-16 02:00:00,732,Tirupathur,73.0,-3.301
2022-11-16 03:00:00,732,Tirupathur,23.5,-3.301
2022-11-16 04:00:00,732,Tirupathur,31.5,-3.301666666666667
2022-11-16 05:00:00,732,Tirupathur,284.5,-3.301666666666667
2022-11-16 06:00:00,732,Tirupathur,44.5,-3.301666666666667
2022-11-16 07:00:00,732,Tirupathur,3.5,-3.301666666666667
2022-11-16 08:00:00,732,Tirupathur,2.0,-3.301666666666667
2022-11-16 09:00:00,732,Tirupathur,122.5,-3.301666666666667
2022-11-16 10:00:00,732,Tirupathur,3.0,-3.306
2022-11-16 14:00:00,732,Tirupathur,10.5,-3.306
2022-11-16 20:00:00,732,Tirupathur,1.0,-3.3063333333333333
2022-11-17 08:00:00,732,Tirupathur,2.0,-3.3623333333333334
2022-11-17 09:00:00,732,Tirupathur,127.5,-3.3623333333333334
2022-11-17 10:00:00,732,Tirupathur,280.5,-3.2306666666666666
2022-11-17 11:00:00,732,Tirupathur,971.5,-3.2306666666666666
2022-11-17 12:00:00,732,Tirupathur,563.0,-3.2306666666666666
2022-11-17 13:00:00,732,Tirupathur,37.5,-3.2306666666666666
2022-11-17 14:00:00,732,Tirupathur,4.5,-3.2306666666666666
2022-11-17 15:00:00,732,Tirupathur,3.5,-3.2306666666666666
2022-11-17 17:00:00,732,Tirupathur,29.5,-3.4106666666666663
2022-11-17 18:00:00,732,Tirupathur,698.5,-3.4106666666666663
2022-11-17 19:00:00,732,Tirupathur,279.5,-3.4106666666666663
2022-11-17 20:00:00,732,Tirupathur,83.5,-3.4106666666666663
2022-11-17 22:00:00,732,Tirupathur,12.5,-3.4879999999999995
2022-11-18 10:00:00,732,Tirupathur,2.0,-3.298666666666667
2022-11-18 11:00:00,732,Tirupathur,10.5,-3.298666666666667
2022-11-18 12:00:00,732,Tirupathur,115.0,-3.298666666666667
2022-11-18 13:00:00,732,Tirupathur,2.0,-3.298666666666667
2022-11-18 15:00:00,732,Tirupathur,1.5,-3.298666666666667
2022-11-18 16:00:00,732,Tirupathur,22.5,-3.4736666666666665
2022-11-18 17:00:00,732,Tirupathur,71.5,-3.4736666666666665
2022-11-18 18:00:00,732,Tirupathur,6.0,-3.4736666666666665
2022-11-18 19:00:00,732,Tirupathur,10.5,-3.4736666666666665
2022-11-18 20:00:00,732,Tirupathur,22.5,-3.4736666666666665
2022-11-18 21:00:00,732,Tirupathur,67.0,-3.4736666666666665
2022-11-18 22:00:00,732,Tirupathur,169.0,-3.5370000000000004
2022-11-18 23:00:00,732,Tirupathur,137.0,-3.5370000000000004
2022-11-19 00:00:00,732,Tirupathur,207.0,-3.5370000000000004
2022-11-19 01:00:00,732,Tirupathur,789.0,-3.5370000000000004
2022-11-19 02:00:00,732,Tirupathur,113.0,-3.5370000000000004
2022-11-19 03:00:00,732,Tirupathur,246.0,-3.5370000000000004
2022-11-19 04:00:00,732,Tirupathur,833.5,-3.5523333333333333
2022-11-19 05:00:00,732,Tirupathur,789.0,-3.5523333333333333
2022-11-19 06:00:00,732,Tirupathur,1469.0,-3.5523333333333333
2022-11-19 07:00:00,732,Tirupathur,798.0,-3.5523333333333333
2022-11-19 08:00:00,732,Tirupathur,163.0,-3.5523333333333333
2022-11-19 09:00:00,732,Tirupathur,25.0,-3.5523333333333333
2022-11-19 10:00:00,732,Tirupathur,33.5,-3.5690000000000004
2022-11-19 11:00:00,732,Tirupathur,2.5,-3.5690000000000004
2022-11-19 14:00:00,732,Tirupathur,3.0,-3.5690000000000004
2022-11-19 15:00:00,732,Tirupathur,0.5,-3.5690000000000004
2022-11-19 16:00:00,732,Tirupathur,8.0,-3.560333333333334
2022-11-19 17:00:00,732,Tirupathur,19.0,-3.560333333333334
2022-11-19 18:00:00,732,Tirupathur,236.0,-3.560333333333334
2022-11-19 19:00:00,732,Tirupathur,505.0,-3.560333333333334
2022-11-19 20:00:00,732,Tirupathur,152.0,-3.560333333333334
2022-11-19 21:00:00,732,Tirupathur,100.0,-3.560333333333334
2022-11-20 01:00:00,732,Tirupathur,1.5,-3.571
2022-11-20 03:00:00,732,Tirupathur,4.0,-3.571
2022-11-20 08:00:00,732,Tirupathur,7.5,-3.581666666666667
2022-11-20 09:00:00,732,Tirupathur,1.5,-3.581666666666667
2022-11-20 10:00:00,732,Tirupathur,36.5,-3.501
2022-11-20 11:00:00,732,Tirupathur,7.5,-3.501
2022-11-21 07:00:00,732,Tirupathur,0.5,-3.690333333333333
2022-11-21 08:00:00,732,Tirupathur,284.5,-3.690333333333333
2022-11-21 14:00:00,732,Tirupathur,85.5,-3.6863333333333337
2022-11-21 15:00:00,732,Tirupathur,12.0,-3.6863333333333337
2022-11-21 19:00:00,732,Tirupathur,14.0,-3.6953333333333336
2022-11-22 20:00:00,732,Tirupathur,0.5,-3.728333333333333
2022-11-22 23:00:00,732,Tirupathur,40.0,-3.764333333333333
2022-11-23 01:00:00,732,Tirupathur,19.75,-3.764333333333333
2022-11-23 02:00:00,732,Tirupathur,9.5,-3.764333333333333
2022-11-23 03:00:00,732,Tirupathur,74.0,-3.764333333333333
2022-11-23 04:00:00,732,Tirupathur,56.0,-3.760666666666667
2022-11-23 05:00:00,732,Tirupathur,33.75,-3.760666666666667
2022-11-23 06:00:00,732,Tirupathur,165.0,-3.760666666666667
2022-11-23 07:00:00,732,Tirupathur,129.5,-3.760666666666667
2022-11-23 08:00:00,732,Tirupathur,58.0,-3.760666666666667
2022-11-23 09:00:00,732,Tirupathur,224.5,-3.760666666666667
2022-11-23 10:00:00,732,Tirupathur,41.0,-3.7276666666666665
2022-11-23 11:00:00,732,Tirupathur,20.0,-3.7276666666666665
2022-11-23 12:00:00,732,Tirupathur,28.0,-3.7276666666666665
2022-11-23 13:00:00,732,Tirupathur,33.5,-3.685
2022-11-23 14:00:00,732,Tirupathur,21.5,-3.685
2022-11-23 15:00:00,732,Tirupathur,2.0,-3.685
2022-11-23 16:00:00,732,Tirupathur,50.0,-3.8876666666666666
2022-11-23 17:00:00,732,Tirupathur,76.5,-3.8876666666666666
2022-11-23 18:00:00,732,Tirupathur,103.5,-3.8876666666666666
2022-11-23 19:00:00,732,Tirupathur,68.75,-3.8876666666666666
2022-11-23 20:00:00,732,Tirupathur,38.25,-3.8876666666666666
2022-11-23 21:00:00,732,Tirupathur,0.5,-3.8876666666666666
2022-11-23 22:00:00,732,Tirupathur,0.75,-3.612333333333333
2022-11-23 23:00:00,732,Tirupathur,1.5,-3.612333333333333
2022-11-24 01:00:00,732,Tirupathur,0.5,-3.612333333333333
2022-11-24 02:00:00,732,Tirupathur,0.5,-3.612333333333333
2022-11-24 08:00:00,732,Tirupathur,0.5,-3.811666666666666
2022-11-24 11:00:00,732,Tirupathur,0.5,-3.678333333333333
2022-11-24 13:00:00,732,Tirupathur,0.5,-3.678333333333333
2022-11-26 10:00:00,732,Tirupathur,0.5,-3.883333333333333
2022-12-01 10:00:00,732,Tirupathur,0.5,-3.4525
2022-12-03 17:00:00,732,Tirupathur,0.5,-4.176333333333333
2022-12-09 08:00:00,732,Tirupathur,1.0,-4.349666666666667
2022-12-09 09:00:00,732,Tirupathur,0.5,-4.349666666666667
2022-12-09 13:25:00,732,Tirupathur,0.5,-4.5023333333333335
2022-12-09 13:30:00,732,Tirupathur,5.5,-4.5023333333333335
2022-12-09 13:40:00,732,Tirupathur,5.5,-4.5023333333333335
2022-12-09 14:00:00,732,Tirupathur,5.5,-4.5023333333333335
2022-12-09 15:00:00,732,Tirupathur,0.5,-4.5023333333333335
2022-12-09 16:00:00,732,Tirupathur,0.5,-4.290666666666667
2022-12-09 20:00:00,732,Tirupathur,1.0,-4.290666666666667
2022-12-09 21:00:00,732,Tirupathur,0.5,-4.290666666666667
2022-12-09 22:00:00,732,Tirupathur,1.0,-4.246333333333333
2022-12-09 23:00:00,732,Tirupathur,0.75,-4.246333333333333
2022-12-10 00:00:00,732,Tirupathur,1.0,-4.246333333333333
2022-12-10 01:00:00,732,Tirupathur,2.0,-4.246333333333333
2022-12-10 02:00:00,732,Tirupathur,2.25,-4.246333333333333
2022-12-10 03:00:00,732,Tirupathur,1.25,-4.246333333333333
2022-12-10 04:00:00,732,Tirupathur,1.0,-4.480666666666667
2022-12-10 05:00:00,732,Tirupathur,2.0,-4.480666666666667
2022-12-10 06:00:00,732,Tirupathur,4.5,-4.480666666666667
2022-12-10 07:00:00,732,Tirupathur,3.5,-4.480666666666667
2022-12-10 08:00:00,732,Tirupathur,9.25,-4.480666666666667
2022-12-10 09:00:00,732,Tirupathur,6.0,-4.480666666666667
2022-12-10 10:00:00,732,Tirupathur,4.0,-4.4526666666666666
2022-12-10 11:00:00,732,Tirupathur,6.0,-4.4526666666666666
2022-12-10 12:00:00,732,Tirupathur,5.5,-4.4526666666666666
2022-12-10 13:00:00,732,Tirupathur,6.5,-4.4526666666666666
2022-12-10 14:00:00,732,Tirupathur,3.5,-4.4526666666666666
2022-12-10 15:00:00,732,Tirupathur,2.5,-4.4526666666666666
2022-12-10 16:00:00,732,Tirupathur,4.5,-4.064666666666667
2022-12-10 17:00:00,732,Tirupathur,4.0,-4.064666666666667
2022-12-10 18:00:00,732,Tirupathur,4.25,-4.064666666666667
2022-12-10 19:00:00,732,Tirupathur,2.5,-4.064666666666667
2022-12-10 20:00:00,732,Tirupathur,1.75,-4.064666666666667
2022-12-10 21:00:00,732,Tirupathur,0.5,-4.064666666666667
2022-12-10 22:00:00,732,Tirupathur,0.5,-3.923666666666667
2022-12-10 23:00:00,732,Tirupathur,1.0,-3.923666666666667
2022-12-11 00:00:00,732,Tirupathur,0.5,-3.923666666666667
2022-12-11 01:00:00,732,Tirupathur,1.5,-3.923666666666667
2022-12-11 02:00:00,732,Tirupathur,1.0,-3.923666666666667
2022-12-11 03:00:00,732,Tirupathur,1.0,-3.923666666666667
2022-12-11 04:00:00,732,Tirupathur,2.0,-3.796333333333333
2022-12-11 05:00:00,732,Tirupathur,1.5,-3.796333333333333
2022-12-11 06:00:00,732,Tirupathur,0.5,-3.796333333333333
2022-12-12 13:00:00,732,Tirupathur,1.0,-3.756
2022-12-12 18:00:00,732,Tirupathur,1.0,-3.840666666666667
2022-12-12 19:00:00,732,Tirupathur,4.5,-3.840666666666667
2022-12-12 20:00:00,732,Tirupathur,3.0,-3.840666666666667
2022-12-12 23:00:00,732,Tirupathur,1.25,-3.447
2022-12-13 01:00:00,732,Tirupathur,0.5,-3.447
2022-12-13 03:00:00,732,Tirupathur,0.5,-3.447
2022-12-13 04:00:00,732,Tirupathur,0.5,-3.693
2022-12-13 08:00:00,732,Tirupathur,0.75,-3.693
2022-12-13 09:00:00,732,Tirupathur,1.25,-3.693
2022-12-13 10:00:00,732,Tirupathur,2.5,-3.8686666666666665
2022-12-13 11:00:00,732,Tirupathur,3.0,-3.8686666666666665
2022-12-13 12:00:00,732,Tirupathur,3.75,-3.8686666666666665
2022-12-13 13:00:00,732,Tirupathur,0.5,-3.8686666666666665
2022-12-13 14:00:00,732,Tirupathur,0.5,-3.8686666666666665
2022-12-13 15:00:00,732,Tirupathur,2.25,-3.8686666666666665
2022-12-13 16:00:00,732,Tirupathur,1.25,-3.405666666666667
2022-12-13 17:00:00,732,Tirupathur,1.75,-3.405666666666667
2022-12-14 02:00:00,732,Tirupathur,0.5,-3.4636666666666667
2022-12-14 08:00:00,732,Tirupathur,0.5,-3.667333333333333
2022-12-25 06:00:00,732,Tirupathur,1.0,-3.795
2022-12-25 07:00:00,732,Tirupathur,0.5,-3.795
2022-12-25 08:00:00,732,Tirupathur,0.5,-3.795
2022-12-25 08:15:00,732,Tirupathur,0.5,-3.795
2022-12-25 08:20:00,732,Tirupathur,0.5,-3.795
2022-12-25 08:25:00,732,Tirupathur,0.5,-3.795
2022-12-25 08:30:00,732,Tirupathur,0.5,-3.795
2022-12-25 08:35:00,732,Tirupathur,0.5,-3.795
2022-12-25 08:40:00,732,Tirupathur,0.5,-3.795
2022-12-25 08:45:00,732,Tirupathur,0.5,-3.795
2022-12-25 08:50:00,732,Tirupathur,0.5,-3.795
2022-12-25 08:55:00,732,Tirupathur,0.5,-3.795
2022-12-25 09:00:00,732,Tirupathur,0.5,-3.795
2022-12-25 09:35:00,732,Tirupathur,0.5,-3.708
2022-12-25 09:40:00,732,Tirupathur,0.5,-3.708
2022-12-25 09:45:00,732,Tirupathur,0.5,-3.708
2022-12-25 09:50:00,732,Tirupathur,0.5,-3.708
2022-12-25 09:55:00,732,Tirupathur,0.5,-3.708
2022-12-25 10:00:00,732,Tirupathur,0.5,-3.708
2022-12-25 13:00:00,732,Tirupathur,0.5,-3.708
2022-12-25 13:35:00,732,Tirupathur,0.5,-3.708
2022-12-25 13:40:00,732,Tirupathur,0.5,-3.708
2022-12-25 13:50:00,732,Tirupathur,0.5,-3.708
2022-12-25 13:55:00,732,Tirupathur,0.5,-3.708
2022-12-25 14:00:00,732,Tirupathur,1.0,-3.708
2022-12-25 14:35:00,732,Tirupathur,0.5,-3.708
2022-12-25 14:45:00,732,Tirupathur,1.0,-3.708
2022-12-25 14:50:00,732,Tirupathur,1.5,-3.708
2022-12-25 14:55:00,732,Tirupathur,1.5,-3.708
2022-12-25 15:00:00,732,Tirupathur,1.0,-3.708
2022-12-25 16:00:00,732,Tirupathur,5.0,-3.697666666666666
2022-12-25 16:45:00,732,Tirupathur,0.5,-3.697666666666666
2022-12-25 16:50:00,732,Tirupathur,0.5,-3.697666666666666
2022-12-25 16:55:00,732,Tirupathur,0.5,-3.697666666666666
2022-12-25 17:00:00,732,Tirupathur,1.25,-3.697666666666666
2022-12-25 17:20:00,732,Tirupathur,0.5,-3.697666666666666
2022-12-25 17:25:00,732,Tirupathur,0.5,-3.697666666666666
2022-12-25 17:30:00,732,Tirupathur,0.5,-3.697666666666666
2022-12-25 17:35:00,732,Tirupathur,1.0,-3.697666666666666
2022-12-25 17:40:00,732,Tirupathur,1.5,-3.697666666666666
2022-12-25 17:45:00,732,Tirupathur,1.5,-3.697666666666666
2022-12-25 17:50:00,732,Tirupathur,1.5,-3.697666666666666
2022-12-25 17:55:00,732,Tirupathur,1.5,-3.697666666666666
2022-12-25 18:00:00,732,Tirupathur,3.0,-3.697666666666666
2022-12-25 18:20:00,732,Tirupathur,0.5,-3.697666666666666
2022-12-25 18:25:00,732,Tirupathur,0.5,-3.697666666666666
2022-12-25 18:30:00,732,Tirupathur,1.5,-3.697666666666666
2022-12-25 18:35:00,732,Tirupathur,4.0,-3.697666666666666
2022-12-25 18:40:00,732,Tirupathur,5.0,-3.697666666666666
2022-12-25 18:50:00,732,Tirupathur,5.0,-3.697666666666666
2022-12-25 18:55:00,732,Tirupathur,5.0,-3.697666666666666
2022-12-25 19:00:00,732,Tirupathur,4.0,-3.697666666666666
2022-12-25 23:00:00,732,Tirupathur,1.5,-3.696
2022-12-26 03:00:00,732,Tirupathur,2.5,-3.696
2022-12-26 04:00:00,732,Tirupathur,1.5,-3.7426666666666666
2022-12-26 05:55:00,732,Tirupathur,0.5,-3.7426666666666666
2022-12-26 06:00:00,732,Tirupathur,0.5,-3.7426666666666666
2022-12-26 06:25:00,732,Tirupathur,0.5,-3.7426666666666666
2022-12-26 06:30:00,732,Tirupathur,0.5,-3.7426666666666666
2022-12-26 06:35:00,732,Tirupathur,0.5,-3.7426666666666666
2022-12-26 06:40:00,732,Tirupathur,0.5,-3.7426666666666666
2022-12-26 06:45:00,732,Tirupathur,0.5,-3.7426666666666666
2022-12-26 06:50:00,732,Tirupathur,0.5,-3.7426666666666666
2022-12-26 06:55:00,732,Tirupathur,0.5,-3.7426666666666666
2022-12-26 07:00:00,732,Tirupathur,0.5,-3.7426666666666666
2022-12-26 15:00:00,732,Tirupathur,1.0,-3.947333333333333
2022-12-26 15:15:00,732,Tirupathur,0.5,-3.906
2022-12-26 15:25:00,732,Tirupathur,1.5,-3.906
2022-12-26 15:30:00,732,Tirupathur,1.5,-3.906
2022-12-26 15:35:00,732,Tirupathur,1.5,-3.906
2022-12-26 15:40:00,732,Tirupathur,1.5,-3.906
2022-12-26 15:50:00,732,Tirupathur,1.5,-3.906
2022-12-26 15:55:00,732,Tirupathur,1.5,-3.906
2022-12-26 16:00:00,732,Tirupathur,1.0,-3.906
2022-12-27 14:00:00,732,Tirupathur,0.5,-3.914333333333333
2022-12-27 14:40:00,732,Tirupathur,0.5,-3.914333333333333
2022-12-27 14:45:00,732,Tirupathur,0.5,-3.914333333333333
2022-12-27 14:50:00,732,Tirupathur,0.5,-3.914333333333333
2022-12-27 14:55:00,732,Tirupathur,0.5,-3.914333333333333
2022-12-27 15:00:00,732,Tirupathur,4.5,-3.914333333333333
2022-12-27 15:35:00,732,Tirupathur,0.5,-4.002
2022-12-27 15:40:00,732,Tirupathur,0.5,-4.002
2022-12-27 15:45:00,732,Tirupathur,0.5,-4.002
2022-12-27 15:55:00,732,Tirupathur,0.5,-4.002
2022-12-27 16:00:00,732,Tirupathur,1.25,-4.002
2022-12-28 14:00:00,732,Tirupathur,0.5,-4.635333333333333
2023-02-03 13:00:00,732,Tirupathur,1.5,-4.939
2023-02-03 14:00:00,732,Tirupathur,1.0,-4.939
2023-03-16 20:00:00,732,Tirupathur,0.5,-7.082333333333334
2023-03-17 19:00:00,732,Tirupathur,0.5,-7.084333333333333
2023-03-17 20:00:00,732,Tirupathur,3.25,-7.084333333333333
2023-03-17 21:00:00,732,Tirupathur,0.75,-7.084333333333333
2023-03-17 23:00:00,732,Tirupathur,0.5,-6.884999999999999
2023-03-19 03:00:00,732,Tirupathur,2.0,-6.804666666666667
2023-03-19 04:00:00,732,Tirupathur,14.25,-6.869
2023-03-19 05:00:00,732,Tirupathur,4.0,-6.869
2023-03-19 06:00:00,732,Tirupathur,1.5,-6.869
2023-03-19 07:00:00,732,Tirupathur,0.5,-6.869
2023-03-19 08:00:00,732,Tirupathur,0.5,-6.869
2023-03-19 14:00:00,732,Tirupathur,1.5,-7.020666666666667
2023-03-20 03:00:00,732,Tirupathur,0.5,-6.862666666666667
2023-03-20 22:00:00,732,Tirupathur,3.5,-6.933
2023-03-20 23:00:00,732,Tirupathur,0.5,-6.933
2023-03-21 00:00:00,732,Tirupathur,20.75,-6.933
2023-03-21 09:00:00,732,Tirupathur,0.5,-7.076666666666665
2023-03-22 08:00:00,732,Tirupathur,0.5,-7.0633333333333335
2023-03-28 17:00:00,732,Tirupathur,3.0,-6.995333333333334
2023-03-29 16:00:00,732,Tirupathur,14.5,-6.930333333333333
2023-03-29 17:00:00,732,Tirupathur,0.5,-6.930333333333333
2023-04-01 18:00:00,732,Tirupathur,13.0,-7.245666666666666
2023-04-01 19:00:00,732,Tirupathur,2.0,-7.245666666666666
2023-04-01 21:00:00,732,Tirupathur,3.5,-7.245666666666666
2023-04-01 22:00:00,732,Tirupathur,6.75,-7.015666666666667
2023-04-01 23:00:00,732,Tirupathur,0.5,-7.015666666666667
2023-04-02 11:00:00,732,Tirupathur,1.0,-7.284333333333333
2023-04-02 14:00:00,732,Tirupathur,0.5,-7.284333333333333
2023-04-04 17:00:00,732,Tirupathur,2.0,-7.324333333333333
2023-04-05 02:00:00,732,Tirupathur,0.5,-6.9656666666666665
2023-04-21 18:00:00,732,Tirupathur,0.5,-7.8505
2023-04-23 23:00:00,732,Tirupathur,1.25,-7.269666666666666
2023-04-24 17:00:00,732,Tirupathur,0.5,-7.27
2023-04-24 18:00:00,732,Tirupathur,0.5,-7.27
2023-04-30 17:00:00,732,Tirupathur,0.5,-7.463
2023-05-01 15:00:00,732,Tirupathur,1.0,-7.445
2023-05-01 16:00:00,732,Tirupathur,1.0,-7.403
2023-05-01 17:00:00,732,Tirupathur,1.0,-7.403
2023-05-02 03:00:00,732,Tirupathur,0.5,-7.233333333333333
2023-05-02 05:00:00,732,Tirupathur,0.5,-7.393333333333333
2023-05-02 06:00:00,732,Tirupathur,0.5,-7.393333333333333
2023-05-02 14:00:00,732,Tirupathur,0.5,-7.488333333333333
2023-05-04 16:00:00,732,Tirupathur,14.0,-7.273333333333333
2023-05-04 17:00:00,732,Tirupathur,5.5,-7.273333333333333
2023-05-04 19:00:00,732,Tirupathur,0.5,-7.273333333333333
2023-05-04 20:00:00,732,Tirupathur,0.5,-7.273333333333333
2023-05-04 21:00:00,732,Tirupathur,2.0,-7.273333333333333
2023-05-04 22:00:00,732,Tirupathur,1.5,-7.167333333333333
2023-05-04 23:00:00,732,Tirupathur,1.0,-7.167333333333333
2023-05-05 00:00:00,732,Tirupathur,0.5,-7.167333333333333
2023-05-05 01:00:00,732,Tirupathur,0.5,-7.167333333333333
2023-05-05 10:00:00,732,Tirupathur,0.5,-7.380333333333333
2023-05-05 14:00:00,732,Tirupathur,0.5,-7.380333333333333
2023-05-05 17:00:00,732,Tirupathur,36.0,-7.356999999999999
2023-05-05 18:00:00,732,Tirupathur,27.0,-7.356999999999999
2023-05-05 19:00:00,732,Tirupathur,5.0,-7.356999999999999
2023-05-05 20:00:00,732,Tirupathur,1.5,-7.356999999999999
2023-05-05 22:00:00,732,Tirupathur,1.0,-7.168
2023-05-05 23:00:00,732,Tirupathur,0.5,-7.168
2023-05-06 09:00:00,732,Tirupathur,0.5,-7.328
2023-05-06 13:00:00,732,Tirupathur,3.5,-7.151666666666666
2023-05-06 14:00:00,732,Tirupathur,4.0,-7.151666666666666
2023-05-06 15:00:00,732,Tirupathur,0.5,-7.151666666666666
2023-05-06 16:00:00,732,Tirupathur,0.5,-7.325
2023-05-06 18:00:00,732,Tirupathur,0.5,-7.325
2023-05-06 19:00:00,732,Tirupathur,0.5,-7.325
2023-05-06 20:00:00,732,Tirupathur,1.0,-7.325
2023-05-06 21:00:00,732,Tirupathur,1.5,-7.325
2023-05-06 22:00:00,732,Tirupathur,1.0,-7.121666666666666
2023-05-07 03:00:00,732,Tirupathur,0.5,-7.121666666666666
2023-05-07 08:00:00,732,Tirupathur,0.5,-7.174333333333333
2023-05-07 16:00:00,732,Tirupathur,0.5,-7.231666666666666
2023-05-07 17:00:00,732,Tirupathur,2.0,-7.231666666666666
2023-05-07 18:00:00,732,Tirupathur,0.5,-7.231666666666666
2023-05-07 19:00:00,732,Tirupathur,0.75,-7.231666666666666
2023-05-07 20:00:00,732,Tirupathur,1.0,-7.231666666666666
2023-05-07 21:00:00,732,Tirupathur,1.0,-7.231666666666666
2023-05-07 22:00:00,732,Tirupathur,1.0,-6.908333333333334
2023-05-07 23:00:00,732,Tirupathur,1.0,-6.908333333333334
2023-05-08 00:00:00,732,Tirupathur,1.5,-6.908333333333334
2023-05-08 01:00:00,732,Tirupathur,1.5,-6.908333333333334
2023-05-08 02:00:00,732,Tirupathur,1.0,-6.908333333333334
2023-05-08 03:00:00,732,Tirupathur,0.5,-6.908333333333334
2023-05-08 04:00:00,732,Tirupathur,1.0,-7.0776666666666666
2023-05-08 05:00:00,732,Tirupathur,0.5,-7.0776666666666666
2023-05-08 07:00:00,732,Tirupathur,0.5,-7.0776666666666666
2023-05-08 08:00:00,732,Tirupathur,0.5,-7.0776666666666666
2023-05-08 09:00:00,732,Tirupathur,0.5,-7.0776666666666666
2023-05-08 10:00:00,732,Tirupathur,1.0,-6.787
2023-05-08 11:00:00,732,Tirupathur,0.5,-6.787
2023-05-08 12:00:00,732,Tirupathur,0.5,-6.787
2023-05-08 13:00:00,732,Tirupathur,0.5,-6.787
2023-05-08 15:00:00,732,Tirupathur,0.5,-6.787
2023-05-08 16:00:00,732,Tirupathur,0.5,-6.931333333333334
2023-05-08 17:00:00,732,Tirupathur,0.5,-6.931333333333334
2023-05-08 18:00:00,732,Tirupathur,0.5,-6.931333333333334
2023-05-08 20:00:00,732,Tirupathur,0.5,-6.931333333333334
2023-05-08 22:00:00,732,Tirupathur,1.0,-6.681333333333334
2023-05-08 23:00:00,732,Tirupathur,1.0,-6.681333333333334
2023-05-09 00:00:00,732,Tirupathur,1.0,-6.681333333333334
2023-05-09 01:00:00,732,Tirupathur,0.5,-6.681333333333334
2023-05-09 02:00:00,732,Tirupathur,0.5,-6.681333333333334
2023-05-09 03:00:00,732,Tirupathur,0.5,-6.681333333333334
2023-05-09 07:00:00,732,Tirupathur,0.5,-6.969
2023-05-09 08:00:00,732,Tirupathur,0.5,-6.969
2023-05-09 11:00:00,732,Tirupathur,0.5,-6.901666666666666
2023-05-09 13:00:00,732,Tirupathur,0.5,-6.901666666666666
2023-05-09 18:00:00,732,Tirupathur,0.5,-6.862666666666667
2023-05-09 20:00:00,732,Tirupathur,0.5,-6.862666666666667
2023-05-10 03:00:00,732,Tirupathur,0.5,-6.582666666666667
2023-05-10 09:00:00,732,Tirupathur,0.5,-6.922000000000001
2023-05-10 12:00:00,732,Tirupathur,0.5,-6.866
2023-05-10 20:00:00,732,Tirupathur,0.5,-6.832000000000001
2023-05-11 07:00:00,732,Tirupathur,0.5,-6.910333333333334
2023-05-11 18:00:00,732,Tirupathur,0.5,-6.613666666666667
2023-05-12 10:00:00,732,Tirupathur,0.5,-6.546333333333333
2023-05-13 02:00:00,732,Tirupathur,0.5,-6.566333333333334
2023-05-14 03:00:00,732,Tirupathur,0.5,-6.595666666666666
2023-05-14 10:00:00,732,Tirupathur,0.5,-6.839333333333333
2023-05-16 06:00:00,732,Tirupathur,0.5,-9.701
2023-06-04 11:00:00,732,Tirupathur,0.5,-6.0645
2023-06-13 22:00:00,732,Tirupathur,0.5,-5.803
2023-06-13 23:00:00,732,Tirupathur,0.5,-5.803
2023-06-14 00:00:00,732,Tirupathur,0.5,-5.803
2023-06-14 03:00:00,732,Tirupathur,0.5,-5.803
2023-06-14 12:00:00,732,Tirupathur,0.5,-6.398
2023-06-14 23:00:00,732,Tirupathur,0.5,-5.808
2023-06-15 14:00:00,732,Tirupathur,0.5,-6.52
2023-06-16 09:00:00,732,Tirupathur,0.5,-6.253
2023-06-19 10:00:00,732,Tirupathur,0.5,-6.4615
2023-06-20 00:00:00,732,Tirupathur,0.5,-5.885
2023-06-20 01:00:00,732,Tirupathur,0.5,-5.885
2023-06-20 14:00:00,732,Tirupathur,0.5,-5.9855
2023-06-21 04:00:00,732,Tirupathur,0.5,-6.0635
2023-06-21 21:00:00,732,Tirupathur,0.5,-5.8185
2023-06-22 09:00:00,732,Tirupathur,0.5,-5.98
2023-06-22 13:00:00,732,Tirupathur,0.5,-6.678
2023-06-23 08:00:00,732,Tirupathur,0.5,-6.0760000000000005
2023-06-23 10:00:00,732,Tirupathur,0.5,-6.455500000000001
2023-06-24 03:00:00,732,Tirupathur,0.5,-5.8095
2023-06-24 08:00:00,732,Tirupathur,0.5,-6.024
2023-06-25 01:00:00,732,Tirupathur,0.5,-5.774
2023-06-25 20:00:00,732,Tirupathur,0.5,-5.759
2023-06-25 23:00:00,732,Tirupathur,0.5,-6.2065
2023-06-27 22:00:00,732,Tirupathur,0.5,-5.8100000000000005
2023-06-28 00:00:00,732,Tirupathur,0.5,-5.8100000000000005
2023-06-28 12:00:00,732,Tirupathur,0.5,-6.338
2023-06-29 00:00:00,732,Tirupathur,0.5,-5.837
2023-06-29 04:00:00,732,Tirupathur,0.5,-6.1195
2023-06-29 09:00:00,732,Tirupathur,0.5,-6.1195
2023-06-30 03:00:00,732,Tirupathur,0.5,-5.853
2023-06-30 15:00:00,732,Tirupathur,0.5,-6.5115
2023-07-01 03:00:00,732,Tirupathur,0.5,-5.895
2023-07-01 18:00:00,732,Tirupathur,0.5,-6.036
2023-07-01 20:00:00,732,Tirupathur,0.5,-6.036
2023-07-01 21:00:00,732,Tirupathur,0.5,-6.036
2023-07-02 00:00:00,732,Tirupathur,0.5,-5.8395
2023-07-02 11:00:00,732,Tirupathur,0.5,-6.35
2023-07-02 12:00:00,732,Tirupathur,0.5,-6.35
2023-07-02 20:00:00,732,Tirupathur,0.5,-6.3095
2023-07-03 02:00:00,732,Tirupathur,0.5,-5.774
2023-07-03 08:00:00,732,Tirupathur,0.5,-6.327500000000001
2023-07-03 16:00:00,732,Tirupathur,0.5,-6.3405000000000005
2023-07-03 21:00:00,732,Tirupathur,0.5,-6.3405000000000005
2023-07-04 02:00:00,732,Tirupathur,0.5,-5.922499999999999
2023-07-04 04:00:00,732,Tirupathur,0.5,-6.3285
2023-07-04 09:00:00,732,Tirupathur,0.5,-6.3285
2023-07-04 12:00:00,732,Tirupathur,0.5,-6.66
2023-07-05 03:00:00,732,Tirupathur,0.5,-5.9275
2023-07-05 08:00:00,732,Tirupathur,0.5,-6.2295
2023-07-06 00:00:00,732,Tirupathur,0.5,-5.938000000000001
2023-07-06 18:00:00,732,Tirupathur,0.5,-6.432
2023-07-07 20:00:00,732,Tirupathur,0.5,-6.155
2023-07-08 11:00:00,732,Tirupathur,0.5,-6.525
2023-07-09 00:00:00,732,Tirupathur,0.5,-5.968
2023-07-10 19:00:00,732,Tirupathur,0.5,-503.221
2023-07-10 22:00:00,732,Tirupathur,0.5,-502.893
2023-07-11 10:00:00,732,Tirupathur,0.5,-503.332
2023-07-11 21:00:00,732,Tirupathur,0.5,-502.7395
2023-07-12 09:00:00,732,Tirupathur,0.5,-503.3
2023-07-12 20:00:00,732,Tirupathur,0.5,-502.746
2023-07-13 07:00:00,732,Tirupathur,0.5,-503.1205
2023-07-13 18:00:00,732,Tirupathur,0.5,-6.572
2023-07-14 06:00:00,732,Tirupathur,0.5,-503.17
2023-07-14 21:00:00,732,Tirupathur,0.5,-503.2665
2023-07-15 10:00:00,732,Tirupathur,0.5,-503.2935
2023-07-15 13:00:00,732,Tirupathur,0.5,-503.2935
2023-07-16 13:00:00,732,Tirupathur,0.5,-503.2975
2023-07-17 07:00:00,732,Tirupathur,0.5,-503.252
2023-07-18 05:00:00,732,Tirupathur,0.5,-503.261
2023-07-18 17:00:00,732,Tirupathur,0.5,-502.7295
2023-07-20 05:00:00,732,Tirupathur,0.5,-502.984
2023-07-23 18:00:00,732,Tirupathur,1.0,-502.796
2023-07-23 19:00:00,732,Tirupathur,0.5,-502.796
2023-07-23 20:00:00,732,Tirupathur,0.5,-502.796
2023-07-23 23:00:00,732,Tirupathur,0.5,-502.886
2023-07-24 10:00:00,732,Tirupathur,0.5,-503.225
2023-07-24 20:00:00,732,Tirupathur,0.5,-503.3225
2023-07-25 05:00:00,732,Tirupathur,0.5,-503.309
2023-07-25 16:00:00,732,Tirupathur,0.5,-502.791
2023-07-26 06:00:00,732,Tirupathur,0.5,-503.2375
2023-07-26 22:00:00,732,Tirupathur,0.5,-502.885
2023-07-27 20:00:00,732,Tirupathur,0.5,-503.3075
2023-07-28 23:00:00,732,Tirupathur,0.5,-502.886
2023-07-30 07:00:00,732,Tirupathur,0.5,-503.286
2023-08-01 09:00:00,732,Tirupathur,0.5,-503.326
2023-08-09 19:00:00,732,Tirupathur,0.5,-668.6663333333333
2023-08-12 01:00:00,732,Tirupathur,0.5,-668.7293333333333
2023-08-16 08:00:00,732,Tirupathur,0.5,-668.8873333333333
2023-08-26 22:00:00,732,Tirupathur,0.5,-668.7403333333333
2023-08-27 19:00:00,732,Tirupathur,0.5,-668.945
2023-08-29 02:00:00,732,Tirupathur,0.5,-668.7216666666667
2023-08-29 20:00:00,732,Tirupathur,0.5,-668.8416666666667
2023-08-30 09:00:00,732,Tirupathur,0.5,-668.892
2023-08-31 22:00:00,732,Tirupathur,0.5,-668.615
2023-09-01 21:00:00,732,Tirupathur,0.5,-668.8803333333334
2023-09-02 11:00:00,732,Tirupathur,0.5,-668.823
2023-09-03 00:00:00,732,Tirupathur,0.5,-668.5253333333334
2023-09-04 08:00:00,732,Tirupathur,0.5,-668.6413333333334
2023-09-05 22:00:00,732,Tirupathur,0.5,-668.5006666666667
2023-09-07 18:00:00,732,Tirupathur,0.5,-339.4556666666667
2023-09-12 08:00:00,732,Tirupathur,0.5,-668.8796666666667
2023-09-16 20:00:00,732,Tirupathur,0.5,-668.9526666666667
2023-09-16 21:00:00,732,Tirupathur,0.5,-668.9526666666667
2023-09-17 02:00:00,732,Tirupathur,0.5,-668.7373333333334
2023-09-18 03:00:00,732,Tirupathur,0.5,-999.999
2023-09-19 00:00:00,732,Tirupathur,0.5,-668.594
2023-09-19 20:00:00,732,Tirupathur,0.5,-668.7083333333334
2023-09-20 15:00:00,732,Tirupathur,0.5,-668.8096666666667
2023-09-21 11:00:00,732,Tirupathur,0.5,-668.749
2023-09-22 03:00:00,732,Tirupathur,0.5,-668.5253333333334
2023-09-22 17:00:00,732,Tirupathur,0.5,-668.5703333333333
2023-09-23 08:00:00,732,Tirupathur,0.5,-668.6656666666667
2023-09-24 07:00:00,732,Tirupathur,0.5,-668.743
2023-09-25 03:00:00,732,Tirupathur,0.5,-668.4046666666667
2023-09-25 20:00:00,732,Tirupathur,0.5,-668.7153333333333
2023-09-26 15:00:00,732,Tirupathur,0.5,-668.7243333333333
2023-09-27 09:00:00,732,Tirupathur,0.5,-668.6
2023-09-28 07:00:00,732,Tirupathur,0.5,-668.4366666666666
2023-09-29 14:00:00,732,Tirupathur,0.5,-586.6
2023-09-30 21:00:00,732,Tirupathur,0.5,-668.5346666666667
2023-10-01 09:00:00,732,Tirupathur,0.5,-668.5896666666666
2023-10-02 08:00:00,732,Tirupathur,0.5,-668.4593333333333
2023-10-02 17:00:00,732,Tirupathur,0.5,-668.3456666666667
2023-10-02 21:00:00,732,Tirupathur,0.5,-668.3456666666667
2023-10-03 03:00:00,732,Tirupathur,0.5,-668.3480000000001
2023-10-03 05:00:00,732,Tirupathur,0.5,-668.5956666666667
2023-10-03 08:00:00,732,Tirupathur,0.5,-668.5956666666667
2023-10-03 11:00:00,732,Tirupathur,0.5,-668.589
2023-10-03 13:00:00,732,Tirupathur,0.5,-668.589
2023-10-03 18:00:00,732,Tirupathur,0.5,-668.5556666666668
2023-10-03 19:00:00,732,Tirupathur,0.5,-668.5556666666668
2023-10-03 21:00:00,732,Tirupathur,0.5,-668.5556666666668
2023-10-04 03:00:00,732,Tirupathur,0.5,-668.3433333333334
2023-10-04 05:00:00,732,Tirupathur,0.5,-668.4463333333333
2023-10-04 08:00:00,732,Tirupathur,0.5,-668.4463333333333
2023-10-04 09:00:00,732,Tirupathur,0.5,-668.4463333333333
2023-10-04 10:00:00,732,Tirupathur,0.5,-668.6046666666667
2023-10-04 11:00:00,732,Tirupathur,0.5,-668.6046666666667
2023-10-04 12:00:00,732,Tirupathur,0.5,-668.6046666666667
2023-10-04 15:00:00,732,Tirupathur,0.5,-668.6046666666667
2023-10-04 19:00:00,732,Tirupathur,0.5,-668.562
2023-10-04 22:00:00,732,Tirupathur,0.5,-668.318
2023-10-05 02:00:00,732,Tirupathur,0.5,-668.318
2023-10-05 05:00:00,732,Tirupathur,0.5,-668.5926666666667
2023-10-05 08:00:00,732,Tirupathur,0.5,-668.5926666666667
2023-10-05 12:00:00,732,Tirupathur,0.5,-668.523
2023-10-05 16:00:00,732,Tirupathur,0.5,-668.5856666666667
2023-10-05 19:00:00,732,Tirupathur,0.5,-668.5856666666667
2023-10-06 02:00:00,732,Tirupathur,0.5,-668.2956666666666
2023-10-06 06:00:00,732,Tirupathur,0.5,-668.5806666666666
2023-10-06 07:00:00,732,Tirupathur,0.5,-668.5806666666666
2023-10-06 10:00:00,732,Tirupathur,0.5,-668.5933333333334
2023-10-06 13:00:00,732,Tirupathur,0.5,-668.5933333333334
2023-10-06 15:00:00,732,Tirupathur,0.5,-668.5933333333334
2023-10-06 17:00:00,732,Tirupathur,0.5,-668.2133333333334
2023-10-06 22:00:00,732,Tirupathur,0.5,-668.2933333333334
2023-10-07 00:00:00,732,Tirupathur,0.5,-668.2933333333334
2023-10-07 04:00:00,732,Tirupathur,0.5,-668.4696666666667
2023-10-07 06:00:00,732,Tirupathur,0.5,-668.4696666666667
2023-10-07 10:00:00,732,Tirupathur,0.5,-668.22
2023-10-07 19:00:00,732,Tirupathur,0.5,-668.5076666666668
2023-10-07 22:00:00,732,Tirupathur,0.5,-668.231
2023-10-07 23:00:00,732,Tirupathur,0.5,-668.231
2023-10-08 00:00:00,732,Tirupathur,0.5,-668.231
2023-10-08 01:00:00,732,Tirupathur,0.5,-668.231
2023-10-08 02:00:00,732,Tirupathur,1.0,-668.231
2023-10-08 03:00:00,732,Tirupathur,0.5,-668.231
2023-10-08 07:00:00,732,Tirupathur,0.5,-999.999
2023-10-08 13:00:00,732,Tirupathur,0.5,-999.999
2023-10-08 16:00:00,732,Tirupathur,0.5,-999.999
2023-10-08 19:00:00,732,Tirupathur,0.5,-999.999
2023-10-09 04:00:00,732,Tirupathur,0.5,-668.5973333333334
2023-10-09 10:00:00,732,Tirupathur,0.5,-668.2286666666668
2023-10-09 20:00:00,732,Tirupathur,0.5,-668.5193333333333
2023-10-10 02:00:00,732,Tirupathur,0.5,-668.3056666666668
2023-10-10 09:00:00,732,Tirupathur,0.5,-668.5506666666666
2023-10-11 06:00:00,732,Tirupathur,0.5,-668.5936666666666
2023-10-11 18:00:00,732,Tirupathur,0.5,-668.594
2023-10-12 11:00:00,732,Tirupathur,0.5,-668.517
2023-10-12 20:00:00,732,Tirupathur,0.5,-668.523
2023-10-13 15:00:00,732,Tirupathur,0.5,-668.5396666666667
2023-10-13 18:00:00,732,Tirupathur,0.5,-668.486
2023-10-14 13:00:00,732,Tirupathur,0.5,-668.5590000000001
2023-10-14 15:00:00,732,Tirupathur,0.5,-668.5590000000001
2023-10-14 18:00:00,732,Tirupathur,0.5,-668.407
2023-10-14 21:00:00,732,Tirupathur,0.5,-668.407
2023-10-15 15:00:00,732,Tirupathur,0.5,-668.669
2023-10-16 13:00:00,732,Tirupathur,0.5,-668.5776666666667
2023-10-17 22:00:00,732,Tirupathur,0.5,-668.2966666666667
2023-10-18 00:00:00,732,Tirupathur,0.5,-668.2966666666667
2023-10-18 02:00:00,732,Tirupathur,0.5,-668.2966666666667
2023-10-18 08:00:00,732,Tirupathur,0.5,-668.605
2023-10-20 08:00:00,732,Tirupathur,0.5,-999.999
2023-10-21 05:00:00,732,Tirupathur,0.5,-999.999
2023-10-22 03:00:00,732,Tirupathur,0.5,-503.1085
2023-10-22 09:00:00,732,Tirupathur,0.5,-503.1085
2023-10-22 11:00:00,732,Tirupathur,3.0,-503.1085
2023-10-22 12:00:00,732,Tirupathur,0.5,-503.1085
2023-10-22 13:00:00,732,Tirupathur,0.5,-503.1085
2023-10-22 20:00:00,732,Tirupathur,0.5,-503.1085
2023-10-30 17:00:00,732,Tirupathur,1.0,-668.6826666666667
2023-10-30 18:00:00,732,Tirupathur,1.0,-668.6826666666667
2023-11-03 19:00:00,732,Tirupathur,1.0,-402.45
2023-11-03 21:00:00,732,Tirupathur,0.5,-402.45
2023-11-04 02:00:00,732,Tirupathur,0.5,-402.3188
2023-11-05 12:00:00,732,Tirupathur,0.5,-402.3902
2023-11-08 10:00:00,732,Tirupathur,0.5,-402.3838
2023-11-09 10:00:00,732,Tirupathur,352.5,-402.3664
2023-11-09 11:00:00,732,Tirupathur,88.0,-402.3664
2023-11-09 14:00:00,732,Tirupathur,0.5,-402.3664
2023-11-09 19:00:00,732,Tirupathur,0.5,-402.319
2023-11-10 12:00:00,732,Tirupathur,859.5,-402.2086000000001
2023-11-10 13:00:00,732,Tirupathur,132.0,-402.2086000000001
2023-11-10 14:00:00,732,Tirupathur,18.5,-402.2086000000001
2023-11-13 18:00:00,732,Tirupathur,0.5,-402.4112
2023-11-14 04:00:00,732,Tirupathur,0.5,-402.3104
2023-11-14 05:00:00,732,Tirupathur,0.5,-402.3104
2023-11-14 07:00:00,732,Tirupathur,0.5,-402.3104
2023-11-14 08:00:00,732,Tirupathur,0.5,-402.3104
2023-11-14 12:00:00,732,Tirupathur,0.5,-402.4644
2023-11-14 13:00:00,732,Tirupathur,1.5,-402.4644
2023-11-14 14:00:00,732,Tirupathur,2.0,-402.4644
2023-11-14 17:00:00,732,Tirupathur,0.5,-402.3886
2023-11-20 00:00:00,732,Tirupathur,0.5,-402.346
2023-11-20 15:00:00,732,Tirupathur,0.5,-402.5494
2023-11-21 09:00:00,732,Tirupathur,0.5,-402.4
2023-11-22 04:00:00,732,Tirupathur,0.5,-402.4014
2023-11-22 05:00:00,732,Tirupathur,0.5,-402.4014
2023-11-22 06:00:00,732,Tirupathur,2.5,-402.4014
2023-11-22 07:00:00,732,Tirupathur,0.5,-402.4014
2023-11-22 08:00:00,732,Tirupathur,1.5,-402.4014
2023-11-22 09:00:00,732,Tirupathur,0.5,-402.4014
2023-11-22 11:00:00,732,Tirupathur,0.5,-402.455
2023-11-22 14:00:00,732,Tirupathur,2.0,-402.455
2023-11-22 15:00:00,732,Tirupathur,4.0,-402.455
2023-11-22 16:00:00,732,Tirupathur,5.5,-402.4716
2023-11-22 17:00:00,732,Tirupathur,1.0,-402.4716
2023-11-22 22:00:00,732,Tirupathur,0.5,-402.3224
2023-11-23 00:00:00,732,Tirupathur,0.5,-402.3224
2023-11-23 02:00:00,732,Tirupathur,1.0,-402.3224
2023-11-23 09:00:00,732,Tirupathur,0.5,-402.429
2023-11-23 17:00:00,732,Tirupathur,0.5,-402.4596
2023-11-23 20:00:00,732,Tirupathur,0.5,-402.4596
2023-11-24 00:00:00,732,Tirupathur,0.5,-402.3234
2023-11-24 05:00:00,732,Tirupathur,0.5,-402.3046000000001
2023-11-24 11:00:00,732,Tirupathur,0.5,-402.482
2023-11-24 14:00:00,732,Tirupathur,4.0,-402.482
2023-11-24 16:00:00,732,Tirupathur,5.5,-402.4824
2023-11-24 17:00:00,732,Tirupathur,5.0,-402.4824
2023-11-24 18:00:00,732,Tirupathur,0.5,-402.4824
2023-11-24 22:00:00,732,Tirupathur,0.5,-402.3306
2023-11-25 01:00:00,732,Tirupathur,0.5,-402.3306
2023-11-25 03:00:00,732,Tirupathur,0.5,-402.3306
2023-11-25 05:00:00,732,Tirupathur,0.5,-402.4422
2023-11-25 06:00:00,732,Tirupathur,0.5,-402.4422
2023-11-25 07:00:00,732,Tirupathur,0.5,-402.4422
2023-11-25 09:00:00,732,Tirupathur,0.5,-402.4422
2023-11-25 11:00:00,732,Tirupathur,0.5,-402.5152
2023-11-25 12:00:00,732,Tirupathur,0.5,-402.5152
2023-11-25 13:00:00,732,Tirupathur,0.5,-402.5152
2023-11-25 15:00:00,732,Tirupathur,9.5,-402.5152
2023-11-25 16:00:00,732,Tirupathur,0.5,-402.4562
2023-11-25 19:00:00,732,Tirupathur,0.5,-402.4562
2023-11-25 21:00:00,732,Tirupathur,0.5,-402.4562
2023-11-26 02:00:00,732,Tirupathur,0.5,-402.3172
2023-11-26 21:00:00,732,Tirupathur,0.5,-402.7092
2023-11-26 22:00:00,732,Tirupathur,1.0,-402.337
2023-11-26 23:00:00,732,Tirupathur,0.5,-402.337
2023-11-27 09:00:00,732,Tirupathur,0.5,-402.4164
2023-11-27 10:00:00,732,Tirupathur,1.0,-402.4636
2023-11-27 11:00:00,732,Tirupathur,1.0,-402.4636
2023-11-27 12:00:00,732,Tirupathur,0.5,-402.4636
2023-11-27 15:00:00,732,Tirupathur,0.5,-402.4636
2023-11-27 17:00:00,732,Tirupathur,3.0,-402.4346
2023-11-27 21:00:00,732,Tirupathur,0.5,-402.4346
2023-11-28 00:00:00,732,Tirupathur,0.5,-402.3232
2023-11-28 01:00:00,732,Tirupathur,0.5,-402.3232
2023-11-28 04:00:00,732,Tirupathur,0.5,-402.4394
2023-11-28 06:00:00,732,Tirupathur,0.5,-402.4394
2023-11-28 10:00:00,732,Tirupathur,0.5,-402.3372
2023-11-28 11:00:00,732,Tirupathur,5.0,-402.3372
2023-11-28 12:00:00,732,Tirupathur,10.5,-402.3372
2023-11-28 16:00:00,732,Tirupathur,2.0,-402.4842
2023-11-29 15:00:00,732,Tirupathur,1.0,-402.5462
2023-11-29 17:00:00,732,Tirupathur,0.5,-402.4928000000001
2023-11-29 18:00:00,732,Tirupathur,0.5,-402.4928000000001
2023-11-30 01:00:00,732,Tirupathur,3.25,-402.345
2023-11-30 21:00:00,732,Tirupathur,1.0,-402.3632
2023-11-30 22:00:00,732,Tirupathur,1.25,-402.331
2023-12-02 18:00:00,732,Tirupathur,0.75,-402.4258
2023-12-02 19:00:00,732,Tirupathur,1.0,-402.4258
2023-12-02 20:00:00,732,Tirupathur,0.5,-402.4258
2023-12-02 22:00:00,732,Tirupathur,0.5,-402.3546
2023-12-03 01:00:00,732,Tirupathur,1.0,-402.3546
2023-12-03 02:00:00,732,Tirupathur,0.5,-402.3546
2023-12-03 03:00:00,732,Tirupathur,1.25,-402.3546
2023-12-03 04:00:00,732,Tirupathur,0.5,-402.4654
2023-12-03 05:00:00,732,Tirupathur,1.25,-402.4654
2023-12-03 06:00:00,732,Tirupathur,0.75,-402.4654
2023-12-03 07:00:00,732,Tirupathur,0.75,-402.4654
2023-12-03 08:00:00,732,Tirupathur,0.5,-402.4654
2023-12-03 09:00:00,732,Tirupathur,0.75,-402.4654
2023-12-03 10:00:00,732,Tirupathur,1.5,-402.5714
2023-12-03 11:00:00,732,Tirupathur,1.25,-402.5714
2023-12-03 12:00:00,732,Tirupathur,0.5,-402.5714
2023-12-03 13:00:00,732,Tirupathur,1.75,-402.5714
2023-12-03 14:00:00,732,Tirupathur,0.5,-402.5714
2023-12-03 17:00:00,732,Tirupathur,0.5,-501.6645
2023-12-03 19:00:00,732,Tirupathur,0.5,-501.6645
2023-12-04 02:00:00,732,Tirupathur,0.5,-501.657
2023-12-15 21:00:00,732,Tirupathur,1.0,-668.7040000000001
2023-12-15 22:00:00,732,Tirupathur,1.0,-668.457
2023-12-15 23:00:00,732,Tirupathur,0.5,-668.457
2023-12-16 02:00:00,732,Tirupathur,0.5,-668.457
2023-12-16 16:00:00,732,Tirupathur,0.5,-668.452
2024-01-05 05:00:00,732,Tirupathur,0.5,-402.791
2024-01-05 08:00:00,732,Tirupathur,1.5,-402.791
2024-01-05 10:00:00,732,Tirupathur,0.5,-402.8426
2024-01-07 21:00:00,732,Tirupathur,1.5,-402.6668
2024-01-08 00:00:00,732,Tirupathur,0.5,-402.6470000000001
2024-01-08 01:00:00,732,Tirupathur,0.5,-402.6470000000001
2024-01-08 02:00:00,732,Tirupathur,1.0,-402.6470000000001
2024-01-08 03:00:00,732,Tirupathur,0.5,-402.6470000000001
2024-01-08 05:00:00,732,Tirupathur,0.5,-402.7474
2024-01-08 06:00:00,732,Tirupathur,1.0,-402.7474
2024-01-08 07:00:00,732,Tirupathur,1.5,-402.7474
2024-01-08 09:00:00,732,Tirupathur,0.5,-402.7474
2024-01-08 11:00:00,732,Tirupathur,1.0,-402.7604
2024-01-08 12:00:00,732,Tirupathur,0.5,-402.7604
2024-01-08 14:00:00,732,Tirupathur,1.0,-402.7604
2024-01-08 19:00:00,732,Tirupathur,0.5,-402.7322
2024-01-08 23:00:00,732,Tirupathur,0.5,-402.6128
2024-01-09 00:00:00,732,Tirupathur,0.5,-402.6128
2024-01-09 04:00:00,732,Tirupathur,1.0,-402.6878
2024-01-09 05:00:00,732,Tirupathur,0.5,-402.6878
2024-01-09 06:00:00,732,Tirupathur,0.5,-402.6878
2024-05-04 16:00:00,732,Tirupathur,5.0,-8.0554
2024-05-04 17:00:00,732,Tirupathur,123.0,-8.0554
2024-05-04 19:00:00,732,Tirupathur,0.5,-8.0554
2024-05-05 00:00:00,732,Tirupathur,0.5,-7.9676
2024-05-05 01:00:00,732,Tirupathur,0.5,-7.9676
2024-05-05 08:00:00,732,Tirupathur,40.5,-8.0702
2024-05-05 09:00:00,732,Tirupathur,18.5,-8.0702
2024-05-05 10:00:00,732,Tirupathur,5.75,-7.9092
2024-05-05 11:00:00,732,Tirupathur,5.0,-7.9092
2024-05-05 12:00:00,732,Tirupathur,4.0,-7.9092
2024-05-05 13:00:00,732,Tirupathur,1.0,-7.9092
2024-05-05 17:00:00,732,Tirupathur,0.5,-7.907000000000001
2024-05-05 18:00:00,732,Tirupathur,3.0,-7.907000000000001
2024-05-05 19:00:00,732,Tirupathur,11.0,-7.907000000000001
2024-05-05 20:00:00,732,Tirupathur,0.5,-7.907000000000001
2024-05-06 23:00:00,732,Tirupathur,9.5,-8.035
2024-05-07 00:00:00,732,Tirupathur,5.0,-8.035
2024-05-07 01:00:00,732,Tirupathur,2.0,-8.035
2024-05-07 02:00:00,732,Tirupathur,2.5,-8.035
2024-05-07 03:00:00,732,Tirupathur,2.0,-8.035
2024-05-08 06:00:00,732,Tirupathur,15.25,-8.93575
2024-05-08 07:00:00,732,Tirupathur,13.25,-8.93575
2024-05-08 08:00:00,732,Tirupathur,1.0,-8.93575
2024-05-08 10:00:00,732,Tirupathur,0.5,-8.9135
2024-05-08 11:00:00,732,Tirupathur,180.0,-8.9135
2024-05-12 14:00:00,732,Tirupathur,18.5,-8.62575
2024-05-12 15:00:00,732,Tirupathur,16.0,-8.62575
2024-05-12 16:00:00,732,Tirupathur,5.0,-8.62575
2024-05-15 23:00:00,732,Tirupathur,0.5,-8.54475
2024-05-16 00:00:00,732,Tirupathur,0.5,-8.54475
2024-05-16 01:00:00,732,Tirupathur,2.5,-8.54475
2024-05-16 02:00:00,732,Tirupathur,2.5,-8.54475
2024-05-16 03:00:00,732,Tirupathur,1.0,-8.54475
2024-05-17 15:00:00,732,Tirupathur,0.5,-10.6482
2024-05-17 19:00:00,732,Tirupathur,0.5,-10.668
2024-05-17 20:00:00,732,Tirupathur,0.5,-10.668
2024-05-18 14:00:00,732,Tirupathur,5.5,-10.6582
2024-05-18 15:00:00,732,Tirupathur,34.0,-10.6582
2024-05-18 21:00:00,732,Tirupathur,1.5,-10.459
2024-05-18 23:00:00,732,Tirupathur,1.5,-10.519
2024-05-19 00:00:00,732,Tirupathur,17.0,-10.519
2024-05-19 01:00:00,732,Tirupathur,9.0,-10.519
2024-05-19 02:00:00,732,Tirupathur,3.0,-10.519
2024-05-19 14:00:00,732,Tirupathur,0.5,-10.395
2024-05-19 20:00:00,732,Tirupathur,1.0,-10.5064
2024-05-19 21:00:00,732,Tirupathur,1.0,-10.5064
2024-05-19 23:00:00,732,Tirupathur,0.5,-10.372800000000002
2024-05-20 15:00:00,732,Tirupathur,0.5,-10.3536
2024-05-20 20:00:00,732,Tirupathur,0.5,-10.3462
2024-05-20 22:00:00,732,Tirupathur,6.5,-10.264
2024-05-20 23:00:00,732,Tirupathur,3.0,-10.264
2024-05-21 09:00:00,732,Tirupathur,0.5,-10.399
2024-05-21 14:00:00,732,Tirupathur,1.0,-17.906
2024-05-21 15:00:00,732,Tirupathur,2.0,-17.906
2024-05-21 17:00:00,732,Tirupathur,0.5,-10.3574
2024-05-21 18:00:00,732,Tirupathur,1.0,-10.3574
2024-05-21 19:00:00,732,Tirupathur,1.0,-10.3574
2024-05-21 20:00:00,732,Tirupathur,0.5,-10.3574
2024-05-25 07:40:00,732,Tirupathur,5.0,-9.5918
2024-05-25 07:50:00,732,Tirupathur,0.5,-9.5918
2024-05-25 07:55:00,732,Tirupathur,0.5,-9.5918
2024-05-25 08:00:00,732,Tirupathur,0.5,-9.5918
2024-06-01 00:00:00,732,Tirupathur,9.5,-9.485400000000002
2024-06-01 17:00:00,732,Tirupathur,0.5,-9.5336
2024-06-01 20:00:00,732,Tirupathur,1.5,-9.5336
2024-06-01 21:00:00,732,Tirupathur,0.5,-9.5336
2024-06-01 22:00:00,732,Tirupathur,0.5,-9.505
2024-06-01 23:00:00,732,Tirupathur,1.0,-9.505
2024-06-02 22:00:00,732,Tirupathur,0.75,-207.4994
2024-06-05 01:00:00,732,Tirupathur,0.5,-9.4434
2024-06-05 02:00:00,732,Tirupathur,47.0,-9.4434
2024-06-05 03:00:00,732,Tirupathur,3.0,-9.4434
2024-06-05 05:00:00,732,Tirupathur,0.5,-9.4776
2024-06-05 15:00:00,732,Tirupathur,3.0,-8.8726
2024-06-05 23:00:00,732,Tirupathur,9.5,-8.482
2024-06-06 20:00:00,732,Tirupathur,0.5,-206.639
2024-06-06 22:00:00,732,Tirupathur,3.5,-206.5228
2024-06-06 23:00:00,732,Tirupathur,19.5,-206.5228
2024-06-07 00:00:00,732,Tirupathur,3.5,-206.5228
2024-06-07 01:00:00,732,Tirupathur,2.0,-206.5228
2024-06-08 21:00:00,732,Tirupathur,0.5,-206.4888
2024-06-08 22:00:00,732,Tirupathur,3.5,-206.417
2024-06-09 09:00:00,732,Tirupathur,0.5,-206.526
2024-06-09 16:00:00,732,Tirupathur,9.0,-206.415
2024-06-09 17:00:00,732,Tirupathur,10.5,-206.415
2024-06-10 15:00:00,732,Tirupathur,1.0,-206.4786
2024-06-11 09:00:00,732,Tirupathur,0.5,-206.5066
2024-06-13 18:00:00,732,Tirupathur,1.0,-7.962999999999999
2024-06-16 10:00:00,732,Tirupathur,0.5,-7.943
2024-06-18 23:00:00,732,Tirupathur,0.5,-7.869200000000001
2024-06-19 01:00:00,732,Tirupathur,0.5,-7.869200000000001
2024-06-19 20:00:00,732,Tirupathur,14.0,-7.811199999999999
2024-06-19 21:00:00,732,Tirupathur,31.0,-7.811199999999999
2024-06-19 22:00:00,732,Tirupathur,6.0,-7.6384
2024-06-19 23:00:00,732,Tirupathur,6.0,-7.6384
2024-06-20 00:00:00,732,Tirupathur,4.0,-7.6384
2024-06-20 01:00:00,732,Tirupathur,1.5,-7.6384
2024-06-20 18:00:00,732,Tirupathur,17.0,-206.1418
2024-06-20 19:00:00,732,Tirupathur,1.5,-206.1418
2024-06-21 18:00:00,732,Tirupathur,12.0,-206.1482
2024-06-21 19:00:00,732,Tirupathur,1.0,-206.1482
2024-06-23 20:00:00,732,Tirupathur,0.5,-206.1922
2024-06-23 21:00:00,732,Tirupathur,0.5,-206.1922
2024-06-23 22:00:00,732,Tirupathur,0.5,-206.07800000000003
2024-06-23 23:00:00,732,Tirupathur,1.0,-206.07800000000003
2024-06-24 00:00:00,732,Tirupathur,0.5,-206.07800000000003
2024-06-25 17:00:00,732,Tirupathur,4.5,-256.119
2024-06-25 18:00:00,732,Tirupathur,8.5,-256.119
2024-07-09 10:00:00,732,Tirupathur,0.5,-206.4588
2024-07-10 09:00:00,732,Tirupathur,0.5,-7.672
2024-07-11 09:00:00,732,Tirupathur,0.5,-7.819800000000001
2024-07-12 09:00:00,732,Tirupathur,0.5,-7.94
2024-07-12 21:00:00,732,Tirupathur,0.5,-206.6522
2024-07-12 22:00:00,732,Tirupathur,0.5,-206.4558
2024-07-12 23:00:00,732,Tirupathur,0.5,-206.4558
2024-07-13 00:00:00,732,Tirupathur,1.0,-206.4558
2024-07-13 01:00:00,732,Tirupathur,1.0,-206.4558
2024-07-13 02:00:00,732,Tirupathur,0.5,-206.4558
2024-07-13 05:00:00,732,Tirupathur,0.5,-7.952599999999999
2024-07-14 14:00:00,732,Tirupathur,0.5,-7.9702
2024-07-14 21:00:00,732,Tirupathur,0.5,-7.930199999999999
2024-07-15 02:00:00,732,Tirupathur,0.5,-7.880799999999999
2024-07-15 06:00:00,732,Tirupathur,0.5,-7.972999999999999
2024-07-15 13:00:00,732,Tirupathur,0.5,-8.1204
2024-07-15 17:00:00,732,Tirupathur,1.0,-8.0166
2024-07-15 18:00:00,732,Tirupathur,0.5,-8.0166
2024-07-15 19:00:00,732,Tirupathur,1.0,-8.0166
2024-07-15 21:00:00,732,Tirupathur,0.5,-8.0166
2024-07-15 22:00:00,732,Tirupathur,0.5,-7.923
2024-07-16 05:00:00,732,Tirupathur,0.5,-8.013
2024-07-16 16:00:00,732,Tirupathur,1.5,-8.0442
2024-07-16 17:00:00,732,Tirupathur,1.5,-8.0442
2024-07-16 20:00:00,732,Tirupathur,0.5,-8.0442
2024-07-17 18:00:00,732,Tirupathur,1.0,-8.030800000000001
2024-07-17 19:00:00,732,Tirupathur,1.0,-8.030800000000001
2024-07-18 16:00:00,732,Tirupathur,4.5,-7.994200000000001
2024-07-18 17:00:00,732,Tirupathur,4.0,-7.994200000000001
2024-07-19 03:00:00,732,Tirupathur,0.5,-7.9602
2024-07-19 07:00:00,732,Tirupathur,0.5,-8.0972
2024-07-19 12:00:00,732,Tirupathur,1.0,-8.1644
2024-07-19 15:00:00,732,Tirupathur,1.0,-8.1644
2024-07-19 16:00:00,732,Tirupathur,0.5,-8.0686
2024-07-19 20:00:00,732,Tirupathur,0.5,-8.0686
2024-07-21 19:00:00,732,Tirupathur,0.5,-8.046600000000002
2024-07-25 17:00:00,732,Tirupathur,6.5,-206.647
2024-07-26 12:00:00,732,Tirupathur,0.5,-8.437999999999999
2024-07-31 21:00:00,732,Tirupathur,2.5,-207.014
2024-07-31 22:00:00,732,Tirupathur,1.0,-206.8086
2024-07-31 23:00:00,732,Tirupathur,0.5,-206.8086
2024-08-05 01:00:00,732,Tirupathur,0.5,-206.9336
2024-08-05 02:00:00,732,Tirupathur,1.0,-206.9336
2024-08-05 03:00:00,732,Tirupathur,2.0,-206.9336
2024-08-05 04:00:00,732,Tirupathur,1.5,-207.1336
2024-08-05 05:00:00,732,Tirupathur,1.0,-207.1336
2024-08-05 06:00:00,732,Tirupathur,1.0,-207.1336
2024-08-05 08:00:00,732,Tirupathur,0.5,-207.1336
2024-08-05 21:00:00,732,Tirupathur,0.5,-207.1558
2024-08-06 02:00:00,732,Tirupathur,12.5,-206.9628
2024-08-06 03:00:00,732,Tirupathur,17.0,-206.9628
2024-08-06 04:00:00,732,Tirupathur,1.5,-207.151
2024-08-06 05:00:00,732,Tirupathur,0.5,-207.151
2024-08-06 06:00:00,732,Tirupathur,0.5,-207.151
2024-08-07 00:00:00,732,Tirupathur,1.0,-207.0154
2024-08-07 01:00:00,732,Tirupathur,1.5,-207.0154
2024-08-07 02:00:00,732,Tirupathur,1.0,-207.0154
2024-08-07 04:00:00,732,Tirupathur,0.5,-207.163
2024-08-08 19:00:00,732,Tirupathur,8.5,-207.0536
2024-08-08 20:00:00,732,Tirupathur,0.5,-207.0536
2024-08-08 23:00:00,732,Tirupathur,4.0,-207.0418
2024-08-09 00:00:00,732,Tirupathur,3.5,-207.0418
2024-08-09 01:00:00,732,Tirupathur,2.5,-207.0418
2024-08-09 04:00:00,732,Tirupathur,4.5,-207.12720000000004
2024-08-09 06:00:00,732,Tirupathur,1.5,-207.12720000000004
2024-08-09 07:00:00,732,Tirupathur,0.5,-207.12720000000004
2024-08-10 00:00:00,732,Tirupathur,10.0,-207.0506
2024-08-10 01:00:00,732,Tirupathur,7.0,-207.0506
2024-08-11 01:00:00,732,Tirupathur,0.5,-206.9984
2024-08-11 05:00:00,732,Tirupathur,1.0,-8.84975
2024-08-11 06:00:00,732,Tirupathur,0.5,-8.84975
2024-08-11 22:00:00,732,Tirupathur,16.5,-8.67475
2024-08-11 23:00:00,732,Tirupathur,34.0,-8.67475
2024-08-12 00:00:00,732,Tirupathur,12.5,-8.67475
2024-08-12 01:00:00,732,Tirupathur,1.0,-8.67475
2024-08-12 02:00:00,732,Tirupathur,3.5,-8.67475
2024-08-12 03:00:00,732,Tirupathur,2.5,-8.67475
2024-08-13 14:00:00,732,Tirupathur,2.5,-206.564
2024-08-17 21:00:00,732,Tirupathur,3.5,-8.859666666666667
2024-08-17 22:00:00,732,Tirupathur,12.0,-8.962333333333333
2024-08-18 14:00:00,732,Tirupathur,0.5,-256.78425000000004
2024-08-19 19:00:00,732,Tirupathur,13.5,-7.8695
2024-08-19 23:00:00,732,Tirupathur,0.5,-7.656499999999999
2024-08-20 00:00:00,732,Tirupathur,1.0,-7.656499999999999
2024-08-20 22:00:00,732,Tirupathur,3.0,-206.1358
2024-08-20 23:00:00,732,Tirupathur,4.0,-206.1358
2024-08-21 00:00:00,732,Tirupathur,7.0,-206.1358
2024-08-21 01:00:00,732,Tirupathur,2.0,-206.1358
2024-08-28 00:30:00,732,Tirupathur,0.5,-6.2134
2024-08-28 01:00:00,732,Tirupathur,0.5,-6.2134
2024-08-28 18:00:00,732,Tirupathur,0.5,-172.0625
2024-08-30 19:30:00,732,Tirupathur,0.5,-171.94033333333334
2024-08-30 20:00:00,732,Tirupathur,8.5,-171.94033333333334
2024-08-30 21:00:00,732,Tirupathur,0.5,-171.94033333333334
2024-08-30 21:30:00,732,Tirupathur,0.5,-171.8263333333333
2024-08-30 22:00:00,732,Tirupathur,0.5,-171.8263333333333
2024-09-02 18:30:00,732,Tirupathur,0.5,-172.02783333333332
2024-09-02 19:00:00,732,Tirupathur,0.5,-172.02783333333332
2024-09-09 17:30:00,732,Tirupathur,3.0,-206.3888
2024-09-09 18:00:00,732,Tirupathur,3.0,-206.3888
2024-09-19 16:30:00,732,Tirupathur,1.0,-206.5704
2024-09-19 17:00:00,732,Tirupathur,1.5,-206.5704
2024-09-21 00:30:00,732,Tirupathur,1.5,-206.523
2024-09-21 01:00:00,732,Tirupathur,2.5,-206.523
2024-09-21 01:30:00,732,Tirupathur,2.5,-206.523
2024-09-21 15:00:00,732,Tirupathur,2.5,-206.44300000000004
2024-09-21 16:30:00,732,Tirupathur,4.0,-206.602
2024-09-21 17:00:00,732,Tirupathur,6.5,-206.602
2024-09-22 01:00:00,732,Tirupathur,0.5,-206.5144
2024-09-22 02:00:00,732,Tirupathur,0.5,-206.5144
2024-09-22 15:30:00,732,Tirupathur,0.5,-206.6606
2024-09-22 16:00:00,732,Tirupathur,5.0,-206.6606
2024-09-22 16:30:00,732,Tirupathur,1.5,-206.6606
2024-09-22 17:00:00,732,Tirupathur,3.0,-206.6606
2024-09-22 17:30:00,732,Tirupathur,0.5,-206.6606
2024-09-22 18:00:00,732,Tirupathur,0.5,-206.6606
2024-09-22 21:00:00,732,Tirupathur,0.5,-206.6606
2024-09-28 13:00:00,732,Tirupathur,8.0,-206.95
2024-10-02 19:30:00,732,Tirupathur,3.5,-206.7698
2024-10-02 20:00:00,732,Tirupathur,7.5,-206.7698
2024-10-02 20:30:00,732,Tirupathur,3.5,-206.7698
2024-10-02 21:00:00,732,Tirupathur,6.0,-206.7698
2024-10-02 21:30:00,732,Tirupathur,2.5,-206.687
2024-10-02 22:00:00,732,Tirupathur,4.5,-206.687
2024-10-02 22:30:00,732,Tirupathur,1.5,-206.687
2024-10-02 23:00:00,732,Tirupathur,3.0,-206.687
2024-10-02 23:30:00,732,Tirupathur,0.5,-206.687
2024-10-03 00:00:00,732,Tirupathur,1.5,-206.687
2024-10-03 00:30:00,732,Tirupathur,0.5,-206.687
2024-10-03 01:00:00,732,Tirupathur,1.0,-206.687
2024-10-03 01:30:00,732,Tirupathur,0.5,-206.687
2024-10-03 02:00:00,732,Tirupathur,1.0,-206.687
2024-10-03 02:30:00,732,Tirupathur,0.5,-206.687
2024-10-03 03:00:00,732,Tirupathur,1.0,-206.687
2024-10-03 03:30:00,732,Tirupathur,0.5,-257.15125
2024-10-03 04:00:00,732,Tirupathur,1.0,-257.15125
2024-10-03 04:30:00,732,Tirupathur,0.5,-257.15125
2024-10-03 05:00:00,732,Tirupathur,1.0,-257.15125
2024-10-03 05:30:00,732,Tirupathur,0.5,-257.15125
2024-10-03 06:00:00,732,Tirupathur,1.0,-257.15125
2024-10-03 06:30:00,732,Tirupathur,0.5,-257.15125
2024-10-03 07:00:00,732,Tirupathur,1.0,-257.15125
2024-10-03 07:30:00,732,Tirupathur,0.5,-257.15125
2024-10-03 08:00:00,732,Tirupathur,0.5,-257.15125
2024-10-03 08:30:00,732,Tirupathur,0.5,-257.15125
2024-10-03 09:00:00,732,Tirupathur,1.0,-257.15125
2024-10-03 09:30:00,732,Tirupathur,0.5,-257.22125
2024-10-03 10:00:00,732,Tirupathur,1.0,-257.22125
2024-10-03 11:00:00,732,Tirupathur,0.5,-257.22125
2024-10-03 11:30:00,732,Tirupathur,0.5,-257.22125
2024-10-03 12:00:00,732,Tirupathur,1.0,-257.22125
2024-10-03 12:30:00,732,Tirupathur,0.5,-257.22125
2024-10-03 13:00:00,732,Tirupathur,0.5,-257.22125
2024-10-03 13:30:00,732,Tirupathur,0.5,-257.22125
2024-10-03 14:00:00,732,Tirupathur,0.5,-257.22125
2024-10-03 16:00:00,732,Tirupathur,0.5,-257.2475
2024-10-03 21:30:00,732,Tirupathur,0.5,-257.176
2024-10-03 22:00:00,732,Tirupathur,0.5,-257.176
2024-10-04 04:00:00,732,Tirupathur,0.5,-206.69860000000003
2024-10-04 09:00:00,732,Tirupathur,0.5,-206.69860000000003
2024-10-04 12:30:00,732,Tirupathur,0.5,-206.71840000000003
2024-10-04 13:00:00,732,Tirupathur,0.5,-206.71840000000003
2024-10-04 17:30:00,732,Tirupathur,0.5,-206.7154
2024-10-04 18:00:00,732,Tirupathur,0.5,-206.7154
2024-10-04 23:30:00,732,Tirupathur,0.5,-206.6914
2024-10-05 00:00:00,732,Tirupathur,0.5,-206.6914
2024-10-05 03:00:00,732,Tirupathur,0.5,-206.6914
2024-10-05 07:00:00,732,Tirupathur,0.5,-206.692
2024-10-05 11:00:00,732,Tirupathur,0.5,-206.7498
2024-10-05 14:00:00,732,Tirupathur,0.5,-206.7498
2024-10-05 15:30:00,732,Tirupathur,0.5,-206.7248
2024-10-05 16:00:00,732,Tirupathur,0.5,-206.7248
2024-10-05 17:30:00,732,Tirupathur,0.5,-206.7248
2024-10-05 18:00:00,732,Tirupathur,0.5,-206.7248
2024-10-05 18:30:00,732,Tirupathur,0.5,-206.7248
2024-10-05 19:00:00,732,Tirupathur,0.5,-206.7248
2024-10-05 19:30:00,732,Tirupathur,0.5,-206.7248
2024-10-05 20:00:00,732,Tirupathur,0.5,-206.7248
2024-10-05 20:30:00,732,Tirupathur,0.5,-206.7248
2024-10-05 21:00:00,732,Tirupathur,0.5,-206.7248
2024-10-05 21:30:00,732,Tirupathur,0.5,-206.6208
2024-10-05 22:00:00,732,Tirupathur,0.5,-206.6208
2024-10-05 23:00:00,732,Tirupathur,0.5,-206.6208
2024-10-06 00:00:00,732,Tirupathur,0.5,-206.6208
2024-10-06 10:00:00,732,Tirupathur,0.5,-206.538
2024-10-06 10:30:00,732,Tirupathur,0.5,-206.538
2024-10-06 11:00:00,732,Tirupathur,1.0,-206.538
2024-10-06 12:00:00,732,Tirupathur,0.5,-206.538
2024-10-06 13:00:00,732,Tirupathur,0.5,-206.538
2024-10-06 13:30:00,732,Tirupathur,0.5,-206.538
2024-10-06 14:00:00,732,Tirupathur,0.5,-206.538
2024-10-06 14:30:00,732,Tirupathur,0.5,-206.538
2024-10-06 15:00:00,732,Tirupathur,1.0,-206.538
2024-10-06 16:00:00,732,Tirupathur,0.5,-206.4876
2024-10-06 17:00:00,732,Tirupathur,0.5,-206.4876
2024-10-06 18:30:00,732,Tirupathur,0.5,-206.4876
2024-10-06 19:00:00,732,Tirupathur,0.5,-206.4876
2024-10-06 19:30:00,732,Tirupathur,0.5,-206.4876
2024-10-06 20:00:00,732,Tirupathur,0.5,-206.4876
2024-10-07 10:00:00,732,Tirupathur,0.5,-206.471
2024-10-07 10:30:00,732,Tirupathur,0.5,-206.471
2024-10-07 11:00:00,732,Tirupathur,0.5,-206.471
2024-10-07 11:30:00,732,Tirupathur,0.5,-206.471
2024-10-07 12:00:00,732,Tirupathur,0.5,-206.471
2024-10-07 12:30:00,732,Tirupathur,0.5,-206.471
2024-10-07 13:00:00,732,Tirupathur,0.5,-206.471
2024-10-07 13:30:00,732,Tirupathur,0.5,-206.471
2024-10-07 14:00:00,732,Tirupathur,0.5,-206.471
2024-10-07 14:30:00,732,Tirupathur,0.5,-206.471
2024-10-08 10:30:00,732,Tirupathur,0.5,-206.3876
2024-10-08 11:00:00,732,Tirupathur,0.5,-206.3876
2024-10-08 12:30:00,732,Tirupathur,0.5,-206.3876
2024-10-08 13:00:00,732,Tirupathur,0.5,-206.3876
2024-10-08 14:30:00,732,Tirupathur,0.5,-206.3876
2024-10-08 15:00:00,732,Tirupathur,0.5,-206.3876
2024-10-09 07:00:00,732,Tirupathur,1.5,-206.3038
2024-10-09 08:00:00,732,Tirupathur,6.5,-206.3038
2024-10-09 09:00:00,732,Tirupathur,1.0,-206.3038
2024-10-11 14:30:00,732,Tirupathur,0.5,-206.4274
2024-10-11 15:00:00,732,Tirupathur,0.75,-206.4274
2024-10-12 21:00:00,732,Tirupathur,0.5,-206.3884
2024-10-12 22:00:00,732,Tirupathur,0.5,-206.2224
2024-10-13 06:30:00,732,Tirupathur,0.5,-206.19280000000003
2024-10-13 07:00:00,732,Tirupathur,3.5,-206.19280000000003
2024-10-13 08:00:00,732,Tirupathur,0.5,-206.19280000000003
2024-10-13 08:30:00,732,Tirupathur,0.5,-206.19280000000003
2024-10-13 09:00:00,732,Tirupathur,0.5,-206.19280000000003
2024-10-13 16:00:00,732,Tirupathur,0.5,-206.2922
2024-10-13 18:00:00,732,Tirupathur,0.5,-206.2922
2024-10-14 05:30:00,732,Tirupathur,0.5,-206.20480000000003
2024-10-14 06:00:00,732,Tirupathur,2.0,-206.20480000000003
2024-10-14 06:30:00,732,Tirupathur,0.5,-206.20480000000003
2024-10-14 07:00:00,732,Tirupathur,1.25,-206.20480000000003
2024-10-14 07:30:00,732,Tirupathur,0.5,-206.20480000000003
2024-10-14 08:00:00,732,Tirupathur,1.0,-206.20480000000003
2024-10-14 21:30:00,732,Tirupathur,0.5,-206.1706
2024-10-14 22:00:00,732,Tirupathur,0.75,-206.1706
2024-10-14 22:30:00,732,Tirupathur,1.5,-206.1706
2024-10-14 23:00:00,732,Tirupathur,2.5,-206.1706
2024-10-14 23:30:00,732,Tirupathur,2.0,-206.1706
2024-10-15 00:00:00,732,Tirupathur,3.5,-206.1706
2024-10-15 00:30:00,732,Tirupathur,1.0,-206.1706
2024-10-15 01:00:00,732,Tirupathur,1.75,-206.1706
2024-10-15 01:30:00,732,Tirupathur,1.0,-206.1706
2024-10-15 02:00:00,732,Tirupathur,1.5,-206.1706
2024-10-15 02:30:00,732,Tirupathur,0.5,-206.1706
2024-10-15 03:00:00,732,Tirupathur,0.5,-206.1706
2024-10-15 04:00:00,732,Tirupathur,0.5,-206.1652
2024-10-15 04:30:00,732,Tirupathur,1.0,-206.1652
2024-10-15 05:00:00,732,Tirupathur,1.5,-206.1652
2024-10-15 06:00:00,732,Tirupathur,0.5,-206.1652
2024-10-15 06:30:00,732,Tirupathur,1.0,-206.1652
2024-10-15 07:00:00,732,Tirupathur,1.0,-206.1652
2024-10-15 07:30:00,732,Tirupathur,1.0,-206.1652
2024-10-15 08:00:00,732,Tirupathur,1.0,-206.1652
2024-10-15 08:30:00,732,Tirupathur,0.5,-206.1652
2024-10-15 09:00:00,732,Tirupathur,0.5,-206.1652
2024-10-15 10:30:00,732,Tirupathur,0.5,-206.1486
2024-10-15 11:00:00,732,Tirupathur,0.5,-206.1486
2024-10-15 12:00:00,732,Tirupathur,0.5,-206.1486
2024-10-15 13:00:00,732,Tirupathur,5.0,-206.1486
2024-10-15 13:30:00,732,Tirupathur,0.5,-206.1486
2024-10-15 14:00:00,732,Tirupathur,1.75,-206.1486
2024-10-15 15:00:00,732,Tirupathur,0.5,-206.1486
2024-10-15 17:00:00,732,Tirupathur,0.5,-206.16220000000004
2024-10-15 18:00:00,732,Tirupathur,0.5,-206.16220000000004
2024-10-15 19:00:00,732,Tirupathur,0.5,-206.16220000000004
2024-10-15 21:30:00,732,Tirupathur,0.5,-206.13360000000003
2024-10-15 22:00:00,732,Tirupathur,0.75,-206.13360000000003
2024-10-15 22:30:00,732,Tirupathur,0.5,-206.13360000000003
2024-10-15 23:00:00,732,Tirupathur,1.0,-206.13360000000003
2024-10-15 23:30:00,732,Tirupathur,0.5,-206.13360000000003
2024-10-16 00:00:00,732,Tirupathur,0.75,-206.13360000000003
2024-10-16 00:30:00,732,Tirupathur,0.5,-206.13360000000003
2024-10-16 01:00:00,732,Tirupathur,0.5,-206.13360000000003
2024-10-16 03:00:00,732,Tirupathur,0.5,-206.13360000000003
2024-10-16 04:00:00,732,Tirupathur,2.0,-206.0894
2024-10-16 08:00:00,732,Tirupathur,1.0,-206.0894
2024-10-16 15:00:00,732,Tirupathur,0.5,-206.2526
2024-10-16 16:00:00,732,Tirupathur,0.5,-206.2216
2024-10-19 03:00:00,732,Tirupathur,0.5,-205.9354
2024-10-19 04:00:00,732,Tirupathur,1.5,-205.9156
2024-10-19 05:00:00,732,Tirupathur,1.0,-205.9156
2024-10-19 06:00:00,732,Tirupathur,1.25,-205.9156
2024-10-19 07:00:00,732,Tirupathur,1.25,-205.9156
2024-10-19 09:00:00,732,Tirupathur,0.5,-205.9156
2024-10-19 10:00:00,732,Tirupathur,0.5,-205.9018
2024-10-19 20:00:00,732,Tirupathur,0.5,-205.854
2024-10-19 21:00:00,732,Tirupathur,2.5,-205.854
2024-10-19 22:00:00,732,Tirupathur,1.25,-205.84
2024-10-19 23:00:00,732,Tirupathur,1.0,-205.84
2024-10-20 00:00:00,732,Tirupathur,0.5,-205.84
2024-10-20 14:00:00,732,Tirupathur,3.0,-205.7786
2024-10-20 16:00:00,732,Tirupathur,3.0,-205.74660000000003
2024-10-20 17:00:00,732,Tirupathur,0.5,-205.74660000000003
2024-10-20 18:00:00,732,Tirupathur,0.5,-205.74660000000003
2024-10-21 01:00:00,732,Tirupathur,0.5,-205.73200000000003
2024-10-21 02:00:00,732,Tirupathur,0.5,-205.73200000000003
2024-10-21 17:00:00,732,Tirupathur,2.0,-205.67380000000003
2024-10-22 02:00:00,732,Tirupathur,0.5,-205.6722
2024-10-22 03:00:00,732,Tirupathur,2.0,-205.6722
2024-10-22 04:00:00,732,Tirupathur,0.5,-205.6428
2024-10-22 20:00:00,732,Tirupathur,15.0,-205.64500000000004
2024-10-22 21:00:00,732,Tirupathur,1.0,-205.64500000000004
2024-10-23 19:00:00,732,Tirupathur,29.5,-205.6008
2024-10-23 20:00:00,732,Tirupathur,9.5,-205.6008
2024-10-23 21:00:00,732,Tirupathur,0.5,-205.6008
2024-10-23 22:00:00,732,Tirupathur,0.5,-205.5572
2024-10-24 01:00:00,732,Tirupathur,0.5,-205.5572
2024-10-24 02:00:00,732,Tirupathur,0.5,-205.5572
2024-10-24 04:00:00,732,Tirupathur,1.0,-205.5552
2024-10-24 05:00:00,732,Tirupathur,2.0,-205.5552
2024-10-24 06:00:00,732,Tirupathur,3.75,-205.5552
2024-10-24 07:00:00,732,Tirupathur,0.5,-205.5552
2024-10-24 17:00:00,732,Tirupathur,0.5,-205.51820000000004
2024-10-29 16:00:00,732,Tirupathur,1.5,-205.2512
2024-10-29 17:00:00,732,Tirupathur,1.5,-205.2512
2024-10-30 12:00:00,732,Tirupathur,0.5,-205.2468
2024-10-30 15:00:00,732,Tirupathur,1.0,-205.2468
2024-10-30 17:00:00,732,Tirupathur,11.5,-205.21840000000003
2024-10-30 18:00:00,732,Tirupathur,13.0,-205.21840000000003
2024-10-30 19:00:00,732,Tirupathur,11.5,-205.21840000000003
2024-10-30 20:00:00,732,Tirupathur,0.5,-205.21840000000003
2024-10-30 21:00:00,732,Tirupathur,0.5,-205.21840000000003
2024-10-31 14:00:00,732,Tirupathur,28.5,-255.92425
2024-10-31 15:00:00,732,Tirupathur,8.5,-255.92425
2024-11-02 23:00:00,732,Tirupathur,3.5,-205.1504
2024-11-03 00:00:00,732,Tirupathur,0.5,-205.1504
2024-11-03 17:00:00,732,Tirupathur,1.0,-205.122
2024-11-04 13:00:00,732,Tirupathur,0.5,-205.1408
2024-11-04 14:00:00,732,Tirupathur,0.5,-205.1408
2024-11-04 17:00:00,732,Tirupathur,1.0,-205.1118
2024-11-06 23:00:00,732,Tirupathur,0.5,-205.0396
2024-11-07 11:00:00,732,Tirupathur,0.5,-205.0466
2024-11-07 12:00:00,732,Tirupathur,0.5,-205.0466
2024-11-07 13:00:00,732,Tirupathur,0.5,-205.0466
2024-11-07 14:00:00,732,Tirupathur,0.5,-205.0466
2024-11-12 17:00:00,732,Tirupathur,0.5,-205.0212
2024-11-12 21:00:00,732,Tirupathur,0.5,-205.0212
2024-11-12 22:00:00,732,Tirupathur,1.0,-205.0014
2024-11-12 23:00:00,732,Tirupathur,0.5,-205.0014
2024-11-14 07:00:00,732,Tirupathur,0.5,-204.9696
2024-11-14 14:00:00,732,Tirupathur,2.0,-205.0946
2024-11-14 19:00:00,732,Tirupathur,0.5,-205.07980000000003
2024-11-14 21:00:00,732,Tirupathur,1.5,-205.07980000000003
2024-11-14 23:00:00,732,Tirupathur,1.5,-204.979
2024-11-15 00:00:00,732,Tirupathur,1.0,-204.979
2024-11-15 07:00:00,732,Tirupathur,0.5,-204.983
2024-11-15 16:00:00,732,Tirupathur,0.5,-205.0248
2024-11-15 17:00:00,732,Tirupathur,1.0,-205.0248
2024-11-16 01:00:00,732,Tirupathur,0.5,-204.9644
2024-11-16 16:00:00,732,Tirupathur,0.5,-204.9668
2024-11-16 18:00:00,732,Tirupathur,0.75,-204.9668
2024-11-16 21:00:00,732,Tirupathur,0.5,-204.9668
2024-11-16 22:00:00,732,Tirupathur,0.5,-204.949
2024-11-16 23:00:00,732,Tirupathur,2.0,-204.949
2024-11-17 06:00:00,732,Tirupathur,1.0,-204.9422
2024-11-26 14:00:00,732,Tirupathur,1.0,-254.7785
2024-11-26 22:00:00,732,Tirupathur,2.0,-254.746
2024-11-27 00:00:00,732,Tirupathur,0.5,-254.746
2024-11-27 01:00:00,732,Tirupathur,0.5,-254.746
2024-11-30 10:00:00,732,Tirupathur,0.5,-339.00166666666667
2024-11-30 12:00:00,732,Tirupathur,2.5,-339.00166666666667
2024-11-30 13:00:00,732,Tirupathur,9.0,-339.00166666666667
2024-11-30 14:00:00,732,Tirupathur,4.25,-339.00166666666667
2024-11-30 15:00:00,732,Tirupathur,4.5,-339.00166666666667
2024-11-30 16:00:00,732,Tirupathur,1.25,-338.98566666666665
2024-11-30 17:00:00,732,Tirupathur,4.0,-338.98566666666665
2024-11-30 18:00:00,732,Tirupathur,1.5,-338.98566666666665
2024-11-30 19:00:00,732,Tirupathur,2.75,-338.98566666666665
2024-11-30 20:00:00,732,Tirupathur,11.0,-338.98566666666665
2024-11-30 21:00:00,732,Tirupathur,12.0,-338.98566666666665
2024-11-30 22:00:00,732,Tirupathur,4.75,-338.975
2024-11-30 23:00:00,732,Tirupathur,3.0,-338.975
2024-12-01 00:00:00,732,Tirupathur,7.5,-338.975
2024-12-01 01:00:00,732,Tirupathur,8.5,-338.975
2024-12-01 02:00:00,732,Tirupathur,12.0,-338.975
2024-12-01 03:00:00,732,Tirupathur,8.5,-338.975
2024-12-01 04:00:00,732,Tirupathur,8.5,-254.68725
2024-12-01 05:00:00,732,Tirupathur,2.5,-254.68725
2024-12-01 06:00:00,732,Tirupathur,2.0,-254.68725
2024-12-01 07:00:00,732,Tirupathur,6.25,-254.68725
2024-12-01 08:00:00,732,Tirupathur,4.75,-254.68725
2024-12-01 09:00:00,732,Tirupathur,2.5,-254.68725
2024-12-01 10:00:00,732,Tirupathur,4.25,-254.67575
2024-12-01 11:00:00,732,Tirupathur,2.5,-254.67575
2024-12-01 12:00:00,732,Tirupathur,0.5,-254.67575
2024-12-01 13:00:00,732,Tirupathur,2.5,-254.67575
2024-12-01 14:00:00,732,Tirupathur,2.0,-254.67575
2024-12-01 15:00:00,732,Tirupathur,4.0,-254.67575
2024-12-01 16:00:00,732,Tirupathur,8.25,-254.66425
2024-12-01 17:00:00,732,Tirupathur,12.25,-254.66425
2024-12-01 18:00:00,732,Tirupathur,12.25,-254.66425
2024-12-01 19:00:00,732,Tirupathur,7.5,-254.66425
2024-12-01 20:00:00,732,Tirupathur,5.25,-254.66425
2024-12-01 21:00:00,732,Tirupathur,2.75,-254.66425
2024-12-01 22:00:00,732,Tirupathur,2.0,-254.616
2024-12-01 23:00:00,732,Tirupathur,2.0,-254.616
2024-12-02 00:00:00,732,Tirupathur,1.75,-254.616
2024-12-02 01:00:00,732,Tirupathur,5.5,-254.616
2024-12-02 02:00:00,732,Tirupathur,2.5,-254.616
2024-12-02 03:00:00,732,Tirupathur,1.5,-254.616
2024-12-02 04:00:00,732,Tirupathur,3.5,-338.18466666666666
2024-12-02 05:00:00,732,Tirupathur,5.5,-338.18466666666666
2024-12-02 08:00:00,732,Tirupathur,1.0,-338.18466666666666
2024-12-02 09:00:00,732,Tirupathur,0.5,-338.18466666666666
2024-12-02 10:00:00,732,Tirupathur,1.0,-338.1716666666667
2024-12-02 11:00:00,732,Tirupathur,1.5,-338.1716666666667
2024-12-02 12:00:00,732,Tirupathur,1.5,-338.1716666666667
2024-12-02 13:00:00,732,Tirupathur,0.5,-338.1716666666667
2024-12-02 14:00:00,732,Tirupathur,0.5,-338.1716666666667
2024-12-02 15:00:00,732,Tirupathur,1.0,-338.1716666666667
2024-12-03 00:00:00,732,Tirupathur,5.5,-338.1356666666667
2024-12-04 20:00:00,732,Tirupathur,5.5,-254.31875
2024-12-04 21:00:00,732,Tirupathur,6.0,-254.31875
2024-12-04 22:00:00,732,Tirupathur,4.5,-254.30025
2024-12-04 23:00:00,732,Tirupathur,19.5,-254.30025
2024-12-05 00:00:00,732,Tirupathur,3.0,-254.30025
2024-12-05 01:00:00,732,Tirupathur,1.0,-254.30025
2024-12-05 02:00:00,732,Tirupathur,1.0,-254.30025
2024-12-05 03:00:00,732,Tirupathur,2.0,-254.30025
2024-12-05 04:00:00,732,Tirupathur,0.5,-254.27675
2024-12-05 06:00:00,732,Tirupathur,0.5,-254.27675
2024-12-07 18:00:00,732,Tirupathur,6.0,-254.10375
2024-12-12 02:00:00,732,Tirupathur,0.5,-253.8265
2024-12-12 03:00:00,732,Tirupathur,0.5,-253.8265
2024-12-12 04:00:00,732,Tirupathur,1.0,-253.793
2024-12-12 06:00:00,732,Tirupathur,0.5,-253.793
2024-12-12 07:00:00,732,Tirupathur,1.0,-253.793
2024-12-12 08:00:00,732,Tirupathur,1.75,-253.793
2024-12-12 09:00:00,732,Tirupathur,3.0,-253.793
2024-12-12 10:00:00,732,Tirupathur,0.5,-253.78525
2024-12-12 11:00:00,732,Tirupathur,0.5,-253.78525
2024-12-12 12:00:00,732,Tirupathur,3.0,-253.78525
2024-12-12 13:00:00,732,Tirupathur,0.5,-253.78525
2024-12-12 14:00:00,732,Tirupathur,0.75,-253.78525
2024-12-12 15:00:00,732,Tirupathur,1.75,-253.78525
2024-12-12 16:00:00,732,Tirupathur,0.5,-253.75675
2024-12-12 17:00:00,732,Tirupathur,0.5,-253.75675
2024-12-12 18:00:00,732,Tirupathur,0.5,-253.75675
2024-12-12 20:00:00,732,Tirupathur,0.75,-253.75675
2024-12-12 23:00:00,732,Tirupathur,0.75,-253.73275
2024-12-13 00:00:00,732,Tirupathur,0.5,-253.73275
2024-12-13 01:00:00,732,Tirupathur,1.0,-253.73275
2024-12-13 02:00:00,732,Tirupathur,1.0,-253.73275
2024-12-13 03:00:00,732,Tirupathur,0.5,-253.73275
2024-12-13 05:00:00,732,Tirupathur,0.5,-253.702
2024-12-13 07:00:00,732,Tirupathur,0.5,-253.702
2024-12-13 08:00:00,732,Tirupathur,0.5,-253.702
2024-12-13 10:00:00,732,Tirupathur,0.5,-253.69425
2024-12-13 11:00:00,732,Tirupathur,0.5,-253.69425
2024-12-13 14:00:00,732,Tirupathur,0.5,-253.69425
2024-12-13 23:00:00,732,Tirupathur,0.5,-253.66275
2024-12-14 12:00:00,732,Tirupathur,0.5,-253.79
2024-12-15 12:00:00,732,Tirupathur,0.5,-253.7025
2024-12-16 15:00:00,732,Tirupathur,0.5,-253.72425
2024-12-20 05:00:00,732,Tirupathur,0.5,-4.605
2024-12-22 19:00:00,732,Tirupathur,0.5,-253.3375
2024-12-25 10:00:00,732,Tirupathur,0.5,-253.238
2024-12-26 11:00:00,732,Tirupathur,1.0,-253.18325
2024-12-26 12:00:00,732,Tirupathur,1.5,-253.18325
2024-12-26 13:00:00,732,Tirupathur,0.5,-253.18325
2024-12-26 16:00:00,732,Tirupathur,2.5,-253.16275
2024-12-26 17:00:00,732,Tirupathur,0.5,-253.16275
2024-12-27 09:00:00,732,Tirupathur,0.5,-253.1155
2024-12-27 10:00:00,732,Tirupathur,0.5,-253.19425
2024-12-27 11:00:00,732,Tirupathur,0.5,-253.19425
2024-12-28 12:00:00,732,Tirupathur,0.5,-253.03775
2024-12-29 16:00:00,732,Tirupathur,0.5,-252.9695
2024-12-30 20:00:00,732,Tirupathur,0.5,-252.88075
2025-01-03 02:00:00,732,Tirupathur,0.5,-252.59525
2025-01-06 03:00:00,732,Tirupathur,0.5,-252.307
2025-01-10 06:00:00,732,Tirupathur,0.5,-251.93
2025-01-13 04:00:00,732,Tirupathur,0.5,-251.74225
2025-01-14 07:00:00,732,Tirupathur,0.5,-251.77025
2025-01-15 15:00:00,732,Tirupathur,0.5,-251.81375
2025-01-18 00:00:00,732,Tirupathur,0.5,-251.8255
2025-01-19 07:00:00,732,Tirupathur,3.0,-251.789
2025-01-19 08:00:00,732,Tirupathur,6.0,-251.789
2025-01-19 09:00:00,732,Tirupathur,15.5,-251.789
2025-01-19 10:00:00,732,Tirupathur,0.5,-251.85675
2025-01-19 11:00:00,732,Tirupathur,5.0,-251.85675
2025-01-19 12:00:00,732,Tirupathur,2.5,-251.85675
2025-01-20 03:00:00,732,Tirupathur,0.5,-251.75725
2025-01-21 12:00:00,732,Tirupathur,0.5,-251.70175
2025-01-22 10:00:00,732,Tirupathur,0.5,-251.704
2025-01-24 09:00:00,732,Tirupathur,0.5,-333.76733333333334
2025-01-26 10:00:00,732,Tirupathur,0.5,-251.08075
2025-01-29 06:00:00,732,Tirupathur,0.5,-250.6465
2025-01-30 15:00:00,732,Tirupathur,0.5,-250.42625
2025-02-01 14:00:00,732,Tirupathur,0.5,-250.583
2025-02-04 00:00:00,732,Tirupathur,0.5,-250.9075
2025-02-19 18:00:00,732,Tirupathur,1.0,6.429666666666667
2025-02-20 09:00:00,732,Tirupathur,1.0,6.6000000000000005
2025-03-11 16:00:00,732,Tirupathur,1.0,-6.20375
2025-03-11 17:00:00,732,Tirupathur,0.5,-6.20375
2025-03-11 19:00:00,732,Tirupathur,0.5,-6.20375
2025-04-03 10:00:00,732,Tirupathur,6.0,-6.295
2025-04-03 11:00:00,732,Tirupathur,5.0,-6.295
2025-04-03 18:00:00,732,Tirupathur,0.5,-6.3340000000000005
2025-04-04 19:00:00,732,Tirupathur,17.0,-6.194599999999999
2025-04-04 20:00:00,732,Tirupathur,1.0,-6.194599999999999
2025-04-10 19:00:00,732,Tirupathur,9.5,-8.1565
2025-04-11 17:00:00,732,Tirupathur,10.75,-6.326600000000001
2025-04-11 18:00:00,732,Tirupathur,2.0,-6.326600000000001
2025-04-11 19:00:00,732,Tirupathur,0.5,-6.326600000000001
2025-04-11 20:00:00,732,Tirupathur,3.25,-6.326600000000001
2025-04-11 21:00:00,732,Tirupathur,0.5,-6.326600000000001
2025-04-12 18:00:00,732,Tirupathur,11.0,-6.3152
2025-04-13 00:00:00,732,Tirupathur,1.5,-6.2624
2025-04-13 02:00:00,732,Tirupathur,0.5,-6.2624
2025-04-13 03:00:00,732,Tirupathur,0.5,-6.2624
2025-04-14 02:00:00,732,Tirupathur,11.0,-6.2262
2025-04-14 19:00:00,732,Tirupathur,14.5,-6.2672
2025-04-14 20:00:00,732,Tirupathur,0.5,-6.2672
2025-04-16 02:00:00,732,Tirupathur,7.5,-6.280200000000001
2025-04-16 03:00:00,732,Tirupathur,0.5,-6.280200000000001
2025-04-18 21:00:00,732,Tirupathur,0.75,-6.3180000000000005
2025-04-18 22:00:00,732,Tirupathur,1.5,-7.137999999999999
2025-05-04 17:00:00,732,Tirupathur,17.5,-6.646600000000001
2025-05-05 19:00:00,732,Tirupathur,4.5,-6.6598
2025-05-06 04:00:00,732,Tirupathur,0.5,-6.595000000000001
2025-05-07 22:00:00,732,Tirupathur,19.75,-6.455
2025-05-07 23:00:00,732,Tirupathur,3.0,-6.455
2025-05-08 00:00:00,732,Tirupathur,1.0,-6.455
2025-05-08 06:00:00,732,Tirupathur,0.5,-6.5804
2025-05-08 20:00:00,732,Tirupathur,3.5,-6.623399999999999
2025-05-08 21:00:00,732,Tirupathur,7.75,-6.623399999999999
2025-05-08 22:00:00,732,Tirupathur,1.0,-6.4598
2025-05-08 23:00:00,732,Tirupathur,5.5,-6.4598
2025-05-09 01:00:00,732,Tirupathur,0.5,-6.4598
2025-05-09 23:00:00,732,Tirupathur,25.5,-6.4732
2025-05-10 00:00:00,732,Tirupathur,3.0,-6.4732
2025-05-10 01:00:00,732,Tirupathur,0.5,-6.4732
2025-05-14 22:00:00,732,Tirupathur,0.5,-6.63275
2025-05-15 00:00:00,732,Tirupathur,3.0,-6.63275
2025-05-15 01:00:00,732,Tirupathur,6.5,-6.63275
2025-05-15 02:00:00,732,Tirupathur,0.5,-6.63275
2025-05-16 00:00:00,732,Tirupathur,6.5,-4.79775
2025-05-16 06:00:00,732,Tirupathur,0.5,-7.2214
2025-05-16 21:00:00,732,Tirupathur,12.5,-7.181
2025-05-17 00:00:00,732,Tirupathur,6.5,-7.2372
2025-05-17 01:00:00,732,Tirupathur,4.25,-7.2372
2025-05-17 02:00:00,732,Tirupathur,1.75,-7.2372
2025-05-17 14:00:00,732,Tirupathur,14.5,-7.155799999999999
2025-05-17 15:00:00,732,Tirupathur,3.0,-7.155799999999999
2025-05-17 16:00:00,732,Tirupathur,2.0,-7.191799999999999
2025-05-17 17:00:00,732,Tirupathur,2.75,-7.191799999999999
2025-05-17 18:00:00,732,Tirupathur,3.0,-7.191799999999999
2025-05-17 19:00:00,732,Tirupathur,2.0,-7.191799999999999
2025-05-17 20:00:00,732,Tirupathur,4.5,-7.191799999999999
2025-05-17 21:00:00,732,Tirupathur,0.5,-7.191799999999999
2025-05-18 15:00:00,732,Tirupathur,1.0,-7.0048
2025-05-18 16:00:00,732,Tirupathur,8.5,-6.9702
2025-05-18 23:00:00,732,Tirupathur,0.5,-6.946000000000001
2025-05-19 00:00:00,732,Tirupathur,13.0,-6.946000000000001
2025-05-19 04:00:00,732,Tirupathur,0.5,-6.918799999999999
2025-05-19 06:00:00,732,Tirupathur,0.5,-6.918799999999999
2025-05-19 16:00:00,732,Tirupathur,0.5,-6.8306
2025-05-19 17:00:00,732,Tirupathur,1.25,-6.8306
2025-05-20 06:00:00,732,Tirupathur,5.5,-6.7096
2025-05-20 20:00:00,732,Tirupathur,0.5,-8.48125
2025-05-20 21:00:00,732,Tirupathur,0.5,-8.48125
2025-05-20 22:00:00,732,Tirupathur,0.5,-8.494
2025-05-23 17:00:00,732,Tirupathur,2.5,-8.503
2025-05-23 18:00:00,732,Tirupathur,2.25,-8.503
2025-05-24 19:00:00,732,Tirupathur,0.5,-8.45875
2025-05-25 18:00:00,732,Tirupathur,2.5,-7.8712
2025-05-25 20:00:00,732,Tirupathur,0.5,-7.8712
2025-05-25 22:00:00,732,Tirupathur,0.5,-7.8202
2025-05-25 23:00:00,732,Tirupathur,0.5,-7.8202
2025-05-26 19:00:00,732,Tirupathur,1.0,-7.8756
2025-05-26 20:00:00,732,Tirupathur,0.5,-7.8756
2025-05-28 16:00:00,732,Tirupathur,0.5,-7.881
2025-05-28 18:00:00,732,Tirupathur,6.0,-7.881
2025-05-28 19:00:00,732,Tirupathur,5.25,-7.881
2025-06-08 17:00:00,732,Tirupathur,2.0,-9.2145
2025-06-08 18:00:00,732,Tirupathur,0.5,-9.2145
2025-06-08 20:00:00,732,Tirupathur,7.25,-9.2145
2025-06-08 21:00:00,732,Tirupathur,11.5,-9.2145
2025-06-08 23:00:00,732,Tirupathur,0.5,-9.183
2025-06-09 18:00:00,732,Tirupathur,2.5,-9.138
2025-06-09 19:00:00,732,Tirupathur,7.0,-9.138
2025-06-12 20:00:00,732,Tirupathur,2.0,-8.222999999999999
2025-06-13 18:00:00,732,Tirupathur,2.0,-8.84825
2025-06-13 19:00:00,732,Tirupathur,4.5,-8.84825
2025-06-14 17:00:00,732,Tirupathur,0.5,-8.778
2025-06-14 18:00:00,732,Tirupathur,2.0,-8.778
2025-06-14 20:00:00,732,Tirupathur,0.5,-8.778
2025-06-18 20:00:00,732,Tirupathur,0.5,-8.92575
2025-06-22 18:00:00,732,Tirupathur,2.5,-9.169
2025-06-28 21:00:00,732,Tirupathur,0.75,-7.0263333333333335
2025-07-02 17:00:00,732,Tirupathur,5.0,-6.878
2025-07-05 21:00:00,732,Tirupathur,1.0,-7.3475
2025-07-05 22:00:00,732,Tirupathur,1.5,-7.190333333333332
2025-07-06 19:00:00,732,Tirupathur,0.5,-7.427333333333333
2025-07-06 20:00:00,732,Tirupathur,0.5,-7.427333333333333
2025-07-13 16:00:00,732,Tirupathur,3.0,-7.755000000000001
2025-07-16 19:00:00,732,Tirupathur,4.5,-7.227
2025-07-16 20:00:00,732,Tirupathur,34.0,-7.227
2025-07-16 21:00:00,732,Tirupathur,14.75,-7.227
2025-07-16 22:00:00,732,Tirupathur,0.75,-7.227
2025-07-16 23:00:00,732,Tirupathur,0.5,-7.227
2025-07-21 15:00:00,732,Tirupathur,0.5,-10.08975
2025-07-21 16:00:00,732,Tirupathur,0.5,-10.07775
2025-07-21 17:00:00,732,Tirupathur,13.5,-10.07775
2025-07-21 18:00:00,732,Tirupathur,2.5,-10.07775
2025-07-21 19:00:00,732,Tirupathur,2.0,-10.07775
2025-07-21 21:00:00,732,Tirupathur,0.5,-10.07775
2025-07-21 22:00:00,732,Tirupathur,0.5,-10.0415
2025-07-21 23:00:00,732,Tirupathur,0.5,-10.0415
2025-07-22 13:00:00,732,Tirupathur,0.5,-10.10825
2025-07-22 14:00:00,732,Tirupathur,0.5,-10.10825
2025-07-24 18:00:00,732,Tirupathur,0.5,-11.299
2025-07-31 19:00:00,732,Tirupathur,2.0,-11.645666666666664
2025-08-01 16:00:00,732,Tirupathur,1.5,-11.642666666666669
2025-08-02 22:00:00,732,Tirupathur,0.5,-11.776000000000002
2025-08-02 23:00:00,732,Tirupathur,0.5,-11.776000000000002
2025-08-03 00:00:00,732,Tirupathur,1.0,-11.776000000000002
2025-08-03 01:00:00,732,Tirupathur,0.5,-11.776000000000002
2025-08-03 02:00:00,732,Tirupathur,1.0,-11.776000000000002
2025-08-03 03:00:00,732,Tirupathur,1.5,-11.776000000000002
2025-08-03 04:00:00,732,Tirupathur,0.75,-11.788333333333334
2025-08-03 05:00:00,732,Tirupathur,0.5,-11.788333333333334
2025-08-04 16:00:00,732,Tirupathur,17.5,-11.838333333333331
2025-08-04 17:00:00,732,Tirupathur,10.75,-11.838333333333331
2025-08-04 18:00:00,732,Tirupathur,10.75,-11.838333333333331
2025-08-04 19:00:00,732,Tirupathur,2.0,-11.838333333333331
2025-08-04 20:00:00,732,Tirupathur,1.75,-11.838333333333331
2025-08-04 21:00:00,732,Tirupathur,1.25,-11.838333333333331
2025-08-05 01:00:00,732,Tirupathur,0.5,-11.843666666666666
2025-08-05 22:00:00,732,Tirupathur,2.5,-10.50625
2025-08-05 23:00:00,732,Tirupathur,7.0,-10.50625
2025-08-06 00:00:00,732,Tirupathur,0.5,-10.50625
2025-08-06 02:00:00,732,Tirupathur,0.5,-10.50625
2025-08-06 21:00:00,732,Tirupathur,2.5,-10.59475
2025-08-06 22:00:00,732,Tirupathur,2.0,-10.47875
2025-08-06 23:00:00,732,Tirupathur,2.0,-10.47875
2025-08-07 00:00:00,732,Tirupathur,6.0,-10.47875
2025-08-07 01:00:00,732,Tirupathur,1.5,-10.47875
2025-08-07 02:00:00,732,Tirupathur,1.75,-10.47875
2025-08-07 03:00:00,732,Tirupathur,18.5,-10.47875
2025-08-07 04:00:00,732,Tirupathur,44.0,-10.5995
2025-08-07 06:00:00,732,Tirupathur,0.5,-10.5995
2025-08-07 23:00:00,732,Tirupathur,1.0,-10.397
2025-08-08 00:00:00,732,Tirupathur,3.0,-10.397
2025-08-08 01:00:00,732,Tirupathur,0.5,-10.397
2025-08-08 02:00:00,732,Tirupathur,0.5,-10.397
2025-08-08 03:00:00,732,Tirupathur,2.0,-10.397
2025-08-08 04:00:00,732,Tirupathur,7.75,-10.58675
2025-08-08 05:00:00,732,Tirupathur,0.5,-10.58675
2025-08-08 06:00:00,732,Tirupathur,14.0,-10.58675
2025-08-08 07:00:00,732,Tirupathur,6.5,-10.58675
2025-08-08 09:00:00,732,Tirupathur,0.5,-10.58675
2025-08-08 10:00:00,732,Tirupathur,0.5,-10.49575
2025-08-08 19:00:00,732,Tirupathur,2.5,-10.50575
2025-08-08 20:00:00,732,Tirupathur,0.75,-10.50575
2025-08-08 21:00:00,732,Tirupathur,2.0,-10.50575
2025-08-08 22:00:00,732,Tirupathur,1.75,-10.0415
2025-08-08 23:00:00,732,Tirupathur,0.5,-10.0415
2025-08-09 07:00:00,732,Tirupathur,0.5,-9.29475
2025-08-09 16:00:00,732,Tirupathur,17.0,-10.308333333333334
2025-08-09 17:00:00,732,Tirupathur,1.0,-10.308333333333334
2025-08-09 19:00:00,732,Tirupathur,0.5,-10.308333333333334
2025-08-10 13:00:00,732,Tirupathur,4.0,-10.066333333333334
2025-08-10 16:00:00,732,Tirupathur,24.0,-9.986666666666666
2025-08-10 17:00:00,732,Tirupathur,5.25,-9.986666666666666
2025-08-10 18:00:00,732,Tirupathur,1.0,-9.986666666666666
2025-08-10 19:00:00,732,Tirupathur,1.75,-9.986666666666666
2025-08-10 20:00:00,732,Tirupathur,1.5,-9.986666666666666
2025-08-10 21:00:00,732,Tirupathur,1.0,-9.986666666666666
2025-08-10 22:00:00,732,Tirupathur,0.5,-8.96375
2025-08-10 23:00:00,732,Tirupathur,0.5,-8.96375
2025-08-16 17:00:00,732,Tirupathur,12.5,-8.7475
2025-08-16 18:00:00,732,Tirupathur,1.0,-8.7475
2025-08-16 20:00:00,732,Tirupathur,0.5,-8.7475
2025-08-17 16:00:00,732,Tirupathur,4.0,-8.792
2025-08-17 17:00:00,732,Tirupathur,0.5,-8.792
2025-08-17 18:00:00,732,Tirupathur,0.5,-8.792
2025-08-17 19:00:00,732,Tirupathur,1.5,-8.792
2025-08-17 20:00:00,732,Tirupathur,1.25,-8.792
2025-08-17 21:00:00,732,Tirupathur,1.0,-8.792
2025-08-17 22:00:00,732,Tirupathur,0.5,-8.56775
2025-08-17 23:00:00,732,Tirupathur,0.75,-8.56775
2025-08-18 00:00:00,732,Tirupathur,1.25,-8.56775
2025-08-18 01:00:00,732,Tirupathur,0.5,-8.56775
2025-08-18 03:00:00,732,Tirupathur,0.75,-8.56775
2025-08-18 05:00:00,732,Tirupathur,0.5,-8.566749999999999
2025-08-18 16:00:00,732,Tirupathur,1.0,-8.557500000000001
2025-08-22 04:00:00,732,Tirupathur,0.5,-8.67425
2025-08-22 22:00:00,732,Tirupathur,2.5,-8.646749999999999
2025-08-22 23:00:00,732,Tirupathur,12.5,-8.646749999999999
2025-08-23 00:00:00,732,Tirupathur,12.0,-8.646749999999999
2025-08-23 01:00:00,732,Tirupathur,5.75,-8.646749999999999
2025-08-23 02:00:00,732,Tirupathur,4.75,-8.646749999999999
2025-08-23 03:00:00,732,Tirupathur,4.75,-8.646749999999999
2025-08-23 04:00:00,732,Tirupathur,3.5,-8.555
2025-08-23 05:00:00,732,Tirupathur,4.5,-8.555
2025-08-23 06:00:00,732,Tirupathur,0.75,-8.555
2025-09-01 00:00:00,732,Tirupathur,0.5,-9.518333333333333
2025-09-06 16:00:00,732,Tirupathur,1.0,-8.843
2025-09-07 22:00:00,732,Tirupathur,0.5,-8.76825
2025-09-07 23:00:00,732,Tirupathur,23.0,-8.76825
2025-09-10 02:00:00,732,Tirupathur,10.5,-8.934
2025-09-10 03:00:00,732,Tirupathur,8.5,-8.934
2025-09-10 04:00:00,732,Tirupathur,16.5,-8.75475
2025-09-10 05:00:00,732,Tirupathur,7.75,-8.75475
2025-09-10 06:00:00,732,Tirupathur,5.0,-8.75475
2025-09-10 17:00:00,732,Tirupathur,10.0,-8.6495
2025-09-10 18:00:00,732,Tirupathur,4.0,-8.6495
2025-09-10 19:00:00,732,Tirupathur,1.0,-8.6495
2025-09-10 20:00:00,732,Tirupathur,3.0,-8.6495
2025-09-10 21:00:00,732,Tirupathur,4.0,-8.6495
2025-09-10 22:00:00,732,Tirupathur,2.5,-8.65575
2025-09-10 23:00:00,732,Tirupathur,2.0,-8.65575
2025-09-11 11:00:00,732,Tirupathur,0.5,-8.81675
2025-09-15 02:00:00,732,Tirupathur,1.0,-8.8645
2025-09-15 03:00:00,732,Tirupathur,2.5,-8.8645
2025-09-16 00:00:00,732,Tirupathur,1.0,-8.87525
2025-09-16 01:00:00,732,Tirupathur,2.75,-8.87525
2025-09-16 02:00:00,732,Tirupathur,1.25,-8.87525
2025-09-16 03:00:00,732,Tirupathur,1.5,-8.87525
2025-09-16 04:00:00,732,Tirupathur,0.5,-8.879999999999999
2025-09-16 23:00:00,732,Tirupathur,0.5,-8.85
2025-09-17 00:00:00,732,Tirupathur,0.5,-8.85
2025-09-17 01:00:00,732,Tirupathur,0.5,-8.85
2025-09-17 02:00:00,732,Tirupathur,1.0,-8.85
2025-09-17 22:00:00,732,Tirupathur,1.5,-8.74625
2025-09-17 23:00:00,732,Tirupathur,0.75,-8.74625
2025-09-18 00:00:00,732,Tirupathur,0.5,-8.74625
2025-09-18 19:00:00,732,Tirupathur,1.5,-8.79175
2025-09-18 20:00:00,732,Tirupathur,6.25,-8.79175
2025-09-18 21:00:00,732,Tirupathur,6.75,-8.79175
2025-09-18 22:00:00,732,Tirupathur,53.25,-8.79175
2025-09-18 23:00:00,732,Tirupathur,24.75,-8.79175
2025-09-20 16:00:00,732,Tirupathur,9.0,-8.429
2025-09-20 17:00:00,732,Tirupathur,6.0,-8.429
2025-09-21 16:00:00,732,Tirupathur,1.0,-7.256
2025-09-21 23:00:00,732,Tirupathur,3.0,-7.254
2025-09-22 00:00:00,732,Tirupathur,2.0,-7.254
2025-09-22 01:00:00,732,Tirupathur,1.0,-7.254
2025-09-22 02:00:00,732,Tirupathur,11.0,-7.254
2025-09-22 03:00:00,732,Tirupathur,4.5,-7.254
2025-09-22 04:00:00,732,Tirupathur,1.0,-7.284499999999999
2025-09-24 19:00:00,732,Tirupathur,1.5,-7.40475
2025-09-25 14:00:00,732,Tirupathur,3.5,-7.42825
2025-09-25 17:00:00,732,Tirupathur,2.25,-7.47925
2025-09-25 18:00:00,732,Tirupathur,0.5,-7.47925
2025-09-25 19:00:00,732,Tirupathur,3.0,-7.47925
2025-09-25 20:00:00,732,Tirupathur,2.5,-7.47925
2025-09-27 17:00:00,732,Tirupathur,3.0,-7.899999999999999
2025-09-29 20:00:00,732,Tirupathur,1.0,-7.856333333333333
2025-10-01 20:00:00,732,Tirupathur,2.5,-7.924333333333333
2025-10-01 21:00:00,732,Tirupathur,1.0,-7.924333333333333
2025-10-03 16:00:00,732,Tirupathur,26.5,-8.018666666666666
2025-10-03 21:00:00,732,Tirupathur,1.0,-8.018666666666666
2025-10-04 02:00:00,732,Tirupathur,5.5,-8.019
2025-10-04 03:00:00,732,Tirupathur,18.0,-8.019
2025-10-04 04:00:00,732,Tirupathur,16.0,-7.766000000000001
2025-10-04 05:00:00,732,Tirupathur,10.0,-7.766000000000001
2025-10-04 06:00:00,732,Tirupathur,7.0,-7.766000000000001
2025-10-04 07:00:00,732,Tirupathur,5.5,-7.766000000000001
2025-10-04 08:00:00,732,Tirupathur,1.5,-7.766000000000001
2025-10-05 04:00:00,732,Tirupathur,1.0,-7.187666666666666
2025-10-05 05:00:00,732,Tirupathur,3.5,-7.187666666666666
2025-10-05 06:00:00,732,Tirupathur,2.5,-7.187666666666666
2025-10-05 07:00:00,732,Tirupathur,2.5,-7.187666666666666
2025-10-05 08:00:00,732,Tirupathur,1.5,-7.187666666666666
2025-10-05 09:00:00,732,Tirupathur,1.0,-7.187666666666666
2025-10-05 10:00:00,732,Tirupathur,0.5,-6.9446666666666665
2025-10-05 11:00:00,732,Tirupathur,0.5,-6.9446666666666665
2025-10-05 13:00:00,732,Tirupathur,1.0,-6.9446666666666665
2025-10-05 14:00:00,732,Tirupathur,2.0,-6.9446666666666665
2025-10-16 12:00:00,732,Tirupathur,0.5,-2.805
2025-10-16 13:00:00,732,Tirupathur,4.0,-2.805
2025-10-16 14:00:00,732,Tirupathur,3.5,-2.805
2025-10-16 15:00:00,732,Tirupathur,2.5,-2.805
2025-10-16 16:00:00,732,Tirupathur,0.5,-2.805
2025-10-19 14:00:00,732,Tirupathur,1.0,-2.805
2025-10-20 00:00:00,732,Tirupathur,0.5,-2.805
2025-10-20 01:00:00,732,Tirupathur,3.5,-2.805
2025-10-20 19:00:00,732,Tirupathur,4.5,-2.805
2025-10-21 05:00:00,732,Tirupathur,0.5,-2.805
2025-10-21 08:00:00,732,Tirupathur,0.5,-2.805
2025-10-21 10:00:00,732,Tirupathur,1.0,-2.805
2025-10-21 11:00:00,732,Tirupathur,0.5,-2.805
2025-10-21 12:00:00,732,Tirupathur,1.5,-2.805
2025-10-21 14:00:00,732,Tirupathur,2.0,-2.805
2025-10-21 15:00:00,732,Tirupathur,5.0,-2.805
2025-10-21 16:00:00,732,Tirupathur,0.5,-2.805
2025-10-21 22:00:00,732,Tirupathur,0.5,-2.805
2025-10-22 00:00:00,732,Tirupathur,0.5,-2.805
2025-10-22 02:00:00,732,Tirupathur,1.0,-2.805
2025-10-22 03:00:00,732,Tirupathur,1.0,-2.805
2025-10-22 04:00:00,732,Tirupathur,3.0,-2.805
2025-10-22 05:00:00,732,Tirupathur,4.0,-2.805
2025-10-22 06:00:00,732,Tirupathur,3.5,-2.805
2025-10-22 07:00:00,732,Tirupathur,3.5,-2.805
2025-10-22 08:00:00,732,Tirupathur,3.0,-2.805
2025-10-22 09:00:00,732,Tirupathur,2.5,-2.805
2025-10-22 10:00:00,732,Tirupathur,2.5,-2.805
2025-10-22 11:00:00,732,Tirupathur,2.0,-2.805
2025-10-22 12:00:00,732,Tirupathur,1.0,-2.805
2025-10-22 18:00:00,732,Tirupathur,0.5,-2.805
2025-10-22 19:00:00,732,Tirupathur,1.5,-2.805
2025-10-22 20:00:00,732,Tirupathur,1.0,-2.805
2025-10-22 21:00:00,732,Tirupathur,0.5,-2.805
2025-10-22 22:00:00,732,Tirupathur,0.5,-2.805
2025-10-22 23:00:00,732,Tirupathur,0.5,-2.805
2025-10-23 00:00:00,732,Tirupathur,0.5,-2.805
2025-10-23 01:00:00,732,Tirupathur,0.5,-2.805
2025-10-25 17:00:00,732,Tirupathur,8.5,-2.699
2025-10-25 22:00:00,732,Tirupathur,0.5,-2.907
2025-10-25 23:00:00,732,Tirupathur,0.5,-2.907
2025-10-26 00:00:00,732,Tirupathur,0.5,-2.907
2025-10-27 20:00:00,732,Tirupathur,0.5,-3.8625
2025-10-28 01:00:00,732,Tirupathur,1.0,-3.39
2025-10-28 02:00:00,732,Tirupathur,1.0,-3.39
2025-10-28 04:00:00,732,Tirupathur,0.5,-3.39
2025-10-28 07:00:00,732,Tirupathur,0.5,-3.39
2025-10-28 10:00:00,732,Tirupathur,0.5,-3.39
2025-10-29 08:00:00,732,Tirupathur,0.5,-3.5415
2025-11-05 18:00:00,732,Tirupathur,0.5,-4.6745
2025-11-05 19:00:00,732,Tirupathur,2.5,-4.6745
2025-11-05 20:00:00,732,Tirupathur,0.5,-4.6745
2025-11-06 07:00:00,732,Tirupathur,2.0,-4.243
2025-11-06 09:00:00,732,Tirupathur,0.5,-4.243
2025-11-06 10:00:00,732,Tirupathur,15.0,-4.7095
2025-11-06 11:00:00,732,Tirupathur,13.0,-4.7095
2025-11-06 12:00:00,732,Tirupathur,9.0,-4.7095
2025-11-06 13:00:00,732,Tirupathur,2.0,-4.7095
2025-11-06 18:00:00,732,Tirupathur,3.0,-3.36
2025-11-18 19:00:00,732,Tirupathur,7.0,-3.942
2025-11-18 20:00:00,732,Tirupathur,6.5,-3.942
2025-11-18 21:00:00,732,Tirupathur,1.5,-3.942
2025-11-19 01:00:00,732,Tirupathur,0.5,-4.042
2025-11-21 22:00:00,732,Tirupathur,0.5,-2.94
2025-11-21 23:00:00,732,Tirupathur,0.5,-2.94
2025-11-22 04:00:00,732,Tirupathur,0.5,-2.9495
2025-11-22 13:00:00,732,Tirupathur,0.5,-2.8315
2025-11-22 15:00:00,732,Tirupathur,0.5,-2.8315
2025-11-30 16:00:00,732,Tirupathur,1.0,-1.82
2025-12-01 05:00:00,732,Tirupathur,0.5,-3.2665
2025-12-02 14:00:00,732,Tirupathur,1.0,-3.182
2025-12-02 15:00:00,732,Tirupathur,0.5,-3.182
2025-12-02 16:00:00,732,Tirupathur,0.5,-3.202
2025-12-02 21:00:00,732,Tirupathur,0.5,-3.202
2025-12-02 22:00:00,732,Tirupathur,0.5,-3.258
2025-12-03 00:00:00,732,Tirupathur,0.5,-3.258
2025-12-03 06:00:00,732,Tirupathur,0.5,-3.2670000000000003
2026-01-12 11:00:00,732,Tirupathur,0.5,-9.029
2026-03-17 18:00:00,732,Tirupathur,2.5,-12.703857142857142
2026-03-17 19:00:00,732,Tirupathur,0.5,-12.703857142857142
2026-03-19 00:00:00,732,Tirupathur,0.5,-11.954
2026-03-19 01:00:00,732,Tirupathur,2.0,-11.954
2021-10-01 03:00:00,634,Tiruppur,0.5,-36.961
2021-10-01 04:00:00,634,Tiruppur,0.5,-36.845000000000006
2021-11-22 21:00:00,634,Tiruppur,38.0,-9.7595
2021-11-22 22:00:00,634,Tiruppur,1.5,-9.105
2021-12-30 23:00:00,634,Tiruppur,0.5,-7.521999999999999
2021-12-31 02:00:00,634,Tiruppur,0.5,-7.521999999999999
2021-12-31 15:00:00,634,Tiruppur,0.5,-7.652
2021-12-31 16:00:00,634,Tiruppur,1.5,-7.6775
2021-12-31 19:00:00,634,Tiruppur,1.0,-7.6775
2021-12-31 20:00:00,634,Tiruppur,2.5,-7.6775
2021-12-31 23:00:00,634,Tiruppur,0.5,-7.3285
2022-01-01 08:00:00,634,Tiruppur,0.5,-7.247
2022-01-01 10:00:00,634,Tiruppur,0.5,-7.656499999999999
2022-01-01 15:00:00,634,Tiruppur,8.75,-7.656499999999999
2022-01-01 16:00:00,634,Tiruppur,1.5,-7.3035
2022-01-01 19:00:00,634,Tiruppur,0.5,-7.3035
2022-01-02 05:00:00,634,Tiruppur,0.5,-7.0845
2022-02-12 08:00:00,634,Tiruppur,2.0,-2.975
2022-03-04 20:00:00,634,Tiruppur,2.0,-3.222
2022-03-07 21:00:00,634,Tiruppur,0.5,-2.698
2022-03-07 22:00:00,634,Tiruppur,2.5,-2.75
2022-03-07 23:00:00,634,Tiruppur,0.5,-2.75
2022-03-08 00:00:00,634,Tiruppur,1.0,-2.75
2022-03-08 01:00:00,634,Tiruppur,0.5,-2.75
2022-03-08 02:00:00,634,Tiruppur,1.0,-2.75
2022-03-08 03:00:00,634,Tiruppur,0.5,-2.75
2022-03-08 05:00:00,634,Tiruppur,1.0,-2.771
2022-03-08 07:00:00,634,Tiruppur,0.5,-2.771
2022-03-23 17:00:00,634,Tiruppur,1.0,-3.075
2022-03-23 18:00:00,634,Tiruppur,1.0,-3.075
2022-03-23 20:00:00,634,Tiruppur,3.0,-3.075
2022-03-24 17:00:00,634,Tiruppur,9.0,-3.169
2022-03-25 16:00:00,634,Tiruppur,1.0,-3.165
2022-04-01 19:00:00,634,Tiruppur,7.5,-3.366
2022-04-02 12:40:00,634,Tiruppur,1.5,-3.381
2022-04-03 11:30:00,634,Tiruppur,1.5,-3.075
2022-04-03 11:35:00,634,Tiruppur,1.5,-3.075
2022-04-03 20:00:00,634,Tiruppur,10.0,-2.937
2022-04-08 11:00:00,634,Tiruppur,6.5,-3.172
2022-04-08 16:00:00,634,Tiruppur,0.5,-3.194
2022-04-08 18:00:00,634,Tiruppur,6.0,-3.194
2022-04-08 19:00:00,634,Tiruppur,2.1666666666666665,-3.194
2022-04-08 20:00:00,634,Tiruppur,2.333333333333333,-3.194
2022-04-08 22:00:00,634,Tiruppur,0.5,-3.143
2022-04-09 16:00:00,634,Tiruppur,5.5,-3.134
2022-04-09 17:00:00,634,Tiruppur,5.5,-3.134
2022-04-09 19:00:00,634,Tiruppur,14.5,-3.134
2022-04-09 20:00:00,634,Tiruppur,7.0,-3.134
2022-04-09 21:00:00,634,Tiruppur,0.75,-3.134
2022-04-11 14:00:00,634,Tiruppur,2.0,-3.098
2022-04-11 15:00:00,634,Tiruppur,14.25,-3.098
2022-04-11 16:00:00,634,Tiruppur,12.0,-2.944
2022-04-11 17:00:00,634,Tiruppur,3.0,-2.944
2022-04-11 18:00:00,634,Tiruppur,0.6666666666666666,-2.944
2022-04-11 19:00:00,634,Tiruppur,0.875,-2.944
2022-04-11 21:00:00,634,Tiruppur,0.5,-2.944
2022-04-12 01:00:00,634,Tiruppur,0.5,-2.908
2022-04-12 13:00:00,634,Tiruppur,0.5,-2.929
2022-04-12 15:00:00,634,Tiruppur,0.5,-2.929
2022-04-12 16:00:00,634,Tiruppur,6.25,-2.956
2022-04-12 21:00:00,634,Tiruppur,0.5,-2.956
2022-04-12 22:00:00,634,Tiruppur,1.0,-2.958
2022-04-12 23:00:00,634,Tiruppur,1.6666666666666667,-2.958
2022-04-13 00:00:00,634,Tiruppur,1.0,-2.958
2022-04-13 01:00:00,634,Tiruppur,1.0,-2.958
2022-04-13 02:00:00,634,Tiruppur,0.5,-2.958
2022-04-13 15:00:00,634,Tiruppur,5.25,-2.896
2022-04-13 16:00:00,634,Tiruppur,0.5,-2.799
2022-04-13 17:00:00,634,Tiruppur,1.1666666666666667,-2.799
2022-04-13 18:00:00,634,Tiruppur,1.6666666666666667,-2.799
2022-04-13 19:00:00,634,Tiruppur,0.5,-2.799
2022-04-13 20:00:00,634,Tiruppur,1.6666666666666667,-2.799
2022-04-13 21:00:00,634,Tiruppur,0.5,-2.799
2022-04-14 03:00:00,634,Tiruppur,0.5,-2.677
2022-04-14 08:00:00,634,Tiruppur,0.5,-2.626
2022-04-14 17:00:00,634,Tiruppur,32.0,-2.654
2022-04-14 18:00:00,634,Tiruppur,7.333333333333333,-2.654
2022-04-14 19:00:00,634,Tiruppur,0.5,-2.654
2022-04-14 20:00:00,634,Tiruppur,6.0,-2.654
2022-04-14 21:00:00,634,Tiruppur,24.0,-2.654
2022-04-14 22:00:00,634,Tiruppur,2.5,-2.686
2022-04-14 23:00:00,634,Tiruppur,5.0,-2.686
2022-04-15 00:00:00,634,Tiruppur,1.0,-2.686
2022-04-15 11:00:00,634,Tiruppur,0.5,-2.704
2022-04-15 15:00:00,634,Tiruppur,1.0,-2.704
2022-04-17 17:00:00,634,Tiruppur,6.5,-2.847
2022-04-17 18:00:00,634,Tiruppur,6.0,-2.847
2022-04-18 01:00:00,634,Tiruppur,5.25,-2.914
2022-04-18 02:00:00,634,Tiruppur,2.25,-2.914
2022-04-18 03:00:00,634,Tiruppur,0.5,-2.914
2022-04-18 04:00:00,634,Tiruppur,0.5,-2.901
2022-04-19 18:00:00,634,Tiruppur,6.0,-3.036
2022-04-19 22:00:00,634,Tiruppur,0.5,-3.023
2022-04-22 08:00:00,634,Tiruppur,2.0,-3.174
2022-04-22 09:00:00,634,Tiruppur,1.5,-3.174
2022-04-23 16:00:00,634,Tiruppur,1.25,-3.16
2022-04-23 17:00:00,634,Tiruppur,37.5,-3.16
2022-04-23 18:00:00,634,Tiruppur,17.833333333333332,-3.16
2022-04-23 19:00:00,634,Tiruppur,2.6666666666666665,-3.16
2022-04-23 20:00:00,634,Tiruppur,3.5,-3.16
2022-04-23 23:00:00,634,Tiruppur,1.0,-3.129
2022-04-24 08:00:00,634,Tiruppur,0.5,-3.127
2022-05-01 22:00:00,634,Tiruppur,0.5,-2.973
2022-05-01 23:00:00,634,Tiruppur,0.5,-2.973
2022-05-02 03:00:00,634,Tiruppur,0.5,-2.973
2022-06-05 18:00:00,634,Tiruppur,17.0,-8.600999999999999
2022-06-05 19:00:00,634,Tiruppur,4.0,-8.600999999999999
2022-06-05 22:00:00,634,Tiruppur,0.5,-8.3725
2022-06-05 23:00:00,634,Tiruppur,0.75,-8.3725
2022-06-06 00:00:00,634,Tiruppur,0.5,-8.3725
2022-06-07 00:00:00,634,Tiruppur,6.0,-8.5435
2022-06-07 01:00:00,634,Tiruppur,1.5,-8.5435
2022-06-07 05:00:00,634,Tiruppur,0.5,-8.5635
2022-06-15 00:00:00,634,Tiruppur,0.5,-14.58
2022-06-15 17:00:00,634,Tiruppur,11.5,-15.604
2022-06-15 19:00:00,634,Tiruppur,0.5,-15.604
2022-06-17 17:00:00,634,Tiruppur,9.5,-15.749
2022-06-17 18:00:00,634,Tiruppur,0.5,-15.749
2022-06-18 00:00:00,634,Tiruppur,0.5,-14.572
2022-06-18 01:00:00,634,Tiruppur,0.5,-14.572
2022-06-18 02:00:00,634,Tiruppur,0.5,-14.572
2022-06-18 14:00:00,634,Tiruppur,0.5,-14.79
2022-06-18 16:00:00,634,Tiruppur,26.5,-15.475
2022-06-18 17:00:00,634,Tiruppur,25.0,-15.475
2022-06-25 06:00:00,634,Tiruppur,0.5,-16.807
2022-06-25 09:00:00,634,Tiruppur,0.5,-16.807
2022-06-30 13:00:00,634,Tiruppur,3.0,-16.784
2022-06-30 14:00:00,634,Tiruppur,8.75,-16.784
2022-06-30 15:00:00,634,Tiruppur,2.0,-16.784
2022-06-30 16:00:00,634,Tiruppur,1.3333333333333333,-16.508
2022-06-30 17:00:00,634,Tiruppur,1.3333333333333333,-16.508
2022-06-30 18:00:00,634,Tiruppur,1.25,-16.508
2022-07-02 18:00:00,634,Tiruppur,0.5,-17.293
2022-07-03 09:00:00,634,Tiruppur,1.5,-18.059
2022-07-03 14:00:00,634,Tiruppur,0.5,-17.465
2022-07-03 20:00:00,634,Tiruppur,2.0,-17.27
2022-07-03 21:00:00,634,Tiruppur,1.5,-17.27
2022-07-03 22:00:00,634,Tiruppur,0.5,-17.007
2022-07-04 16:00:00,634,Tiruppur,0.5,-10.3975
2022-07-05 03:00:00,634,Tiruppur,0.5,-10.1505
2022-07-05 04:00:00,634,Tiruppur,1.0,-10.1025
2022-07-05 05:00:00,634,Tiruppur,0.5,-10.1025
2022-07-05 16:00:00,634,Tiruppur,0.5,-10.2065
2022-07-05 17:00:00,634,Tiruppur,0.5,-10.2065
2022-07-06 04:00:00,634,Tiruppur,0.5,-10.437
2022-07-06 05:00:00,634,Tiruppur,0.5,-10.437
2022-07-06 07:00:00,634,Tiruppur,0.5,-10.437
2022-07-06 15:00:00,634,Tiruppur,0.5,-10.25
2022-07-06 17:00:00,634,Tiruppur,0.75,-10.1695
2022-07-06 23:00:00,634,Tiruppur,0.5,-10.1725
2022-07-07 08:00:00,634,Tiruppur,0.5,-10.2405
2022-07-07 09:00:00,634,Tiruppur,0.5,-10.2405
2022-07-07 14:00:00,634,Tiruppur,3.25,-10.267499999999998
2022-07-07 15:00:00,634,Tiruppur,0.75,-10.267499999999998
2022-07-07 16:00:00,634,Tiruppur,3.75,-10.619
2022-07-07 17:00:00,634,Tiruppur,4.5,-10.619
2022-07-07 18:00:00,634,Tiruppur,0.5,-10.619
2022-07-08 13:00:00,634,Tiruppur,0.5,-10.484
2022-07-08 14:00:00,634,Tiruppur,0.75,-10.484
2022-07-08 18:00:00,634,Tiruppur,0.5,-10.571
2022-07-08 19:00:00,634,Tiruppur,0.5,-10.571
2022-07-09 06:00:00,634,Tiruppur,0.75,-10.6345
2022-07-09 07:00:00,634,Tiruppur,1.0,-10.6345
2022-07-09 09:00:00,634,Tiruppur,0.5,-10.6345
2022-07-09 14:00:00,634,Tiruppur,1.0,-10.6185
2022-07-10 15:00:00,634,Tiruppur,0.5,-11.4225
2022-07-10 16:00:00,634,Tiruppur,0.5,-10.941
2022-07-10 17:00:00,634,Tiruppur,0.5,-10.941
2022-07-10 18:00:00,634,Tiruppur,1.5,-10.941
2022-07-10 19:00:00,634,Tiruppur,2.0,-10.941
2022-07-10 22:00:00,634,Tiruppur,0.5,-10.794
2022-07-10 23:00:00,634,Tiruppur,1.6666666666666667,-10.794
2022-07-11 00:00:00,634,Tiruppur,1.0,-10.794
2022-07-11 07:00:00,634,Tiruppur,0.5,-10.826
2022-07-11 09:00:00,634,Tiruppur,0.5,-10.826
2022-07-11 13:00:00,634,Tiruppur,0.5,-10.7265
2022-07-11 17:00:00,634,Tiruppur,0.5,-10.7625
2022-07-13 10:00:00,634,Tiruppur,1.0,-18.82
2022-07-13 11:00:00,634,Tiruppur,0.5,-18.82
2022-07-13 13:00:00,634,Tiruppur,1.1666666666666667,-18.82
2022-07-13 14:00:00,634,Tiruppur,0.5,-18.82
2022-07-13 15:00:00,634,Tiruppur,3.0,-18.82
2022-07-13 16:00:00,634,Tiruppur,2.5,-18.133
2022-07-13 19:00:00,634,Tiruppur,1.0,-18.133
2022-07-13 21:00:00,634,Tiruppur,1.0,-18.133
2022-07-13 22:00:00,634,Tiruppur,0.5,-18.436
2022-07-13 23:00:00,634,Tiruppur,0.5,-18.436
2022-07-26 15:00:00,634,Tiruppur,7.5,-23.602
2022-07-26 16:00:00,634,Tiruppur,15.5,-22.765
2022-07-26 17:00:00,634,Tiruppur,5.5,-22.765
2022-07-26 18:00:00,634,Tiruppur,0.5,-22.765
2022-07-27 05:00:00,634,Tiruppur,0.5,-22.591
2022-07-27 06:00:00,634,Tiruppur,0.75,-22.591
2022-07-27 07:00:00,634,Tiruppur,0.75,-22.591
2022-07-27 08:00:00,634,Tiruppur,0.5,-22.591
2022-07-27 16:00:00,634,Tiruppur,7.5,-22.827
2022-07-27 17:00:00,634,Tiruppur,28.5,-22.827
2022-07-27 22:00:00,634,Tiruppur,8.5,-22.712
2022-07-27 23:00:00,634,Tiruppur,3.8333333333333335,-22.712
2022-07-28 00:00:00,634,Tiruppur,1.0,-22.712
2022-07-28 01:00:00,634,Tiruppur,1.5,-22.712
2022-07-28 21:00:00,634,Tiruppur,5.5,-22.819
2022-07-28 22:00:00,634,Tiruppur,0.75,-22.367
2022-07-28 23:00:00,634,Tiruppur,7.75,-22.367
2022-07-29 19:00:00,634,Tiruppur,0.5,-22.841
2022-07-29 20:00:00,634,Tiruppur,0.5,-22.841
2022-07-29 21:00:00,634,Tiruppur,4.0,-22.841
2022-07-30 07:00:00,634,Tiruppur,4.0,-22.354
2022-07-30 08:00:00,634,Tiruppur,0.5,-22.354
2022-07-30 17:00:00,634,Tiruppur,11.75,-22.146
2022-07-30 18:00:00,634,Tiruppur,1.5,-22.146
2022-07-30 21:00:00,634,Tiruppur,1.0,-22.146
2022-07-30 22:00:00,634,Tiruppur,0.75,-23.287
2022-07-31 17:00:00,634,Tiruppur,6.0,-23.275
2022-07-31 19:00:00,634,Tiruppur,0.5,-23.275
2022-07-31 20:00:00,634,Tiruppur,0.5,-23.275
2022-07-31 21:00:00,634,Tiruppur,0.75,-23.275
2022-07-31 23:00:00,634,Tiruppur,3.625,-22.682
2022-08-01 00:00:00,634,Tiruppur,1.5,-22.682
2022-08-01 01:00:00,634,Tiruppur,1.1666666666666667,-22.682
2022-08-01 02:00:00,634,Tiruppur,4.6,-22.682
2022-08-01 03:00:00,634,Tiruppur,0.5,-22.682
2022-08-01 04:00:00,634,Tiruppur,0.5,-23.231
2022-08-01 05:00:00,634,Tiruppur,0.5,-23.231
2022-08-01 15:00:00,634,Tiruppur,0.5,-24.177
2022-08-01 16:00:00,634,Tiruppur,2.0,-23.487
2022-08-01 17:00:00,634,Tiruppur,8.0,-23.487
2022-08-01 22:00:00,634,Tiruppur,1.0,-23.493
2022-08-01 23:00:00,634,Tiruppur,1.0,-23.493
2022-08-02 00:00:00,634,Tiruppur,0.5,-23.493
2022-08-02 05:00:00,634,Tiruppur,0.5,-24.021
2022-08-02 11:00:00,634,Tiruppur,0.5,-25.762
2022-08-03 23:00:00,634,Tiruppur,3.0,-24.789
2022-08-04 00:00:00,634,Tiruppur,0.5,-24.789
2022-08-04 01:00:00,634,Tiruppur,12.5,-24.789
2022-08-04 02:00:00,634,Tiruppur,5.5,-24.789
2022-08-04 03:00:00,634,Tiruppur,1.25,-24.789
2022-08-04 04:00:00,634,Tiruppur,1.0,-25.189
2022-08-04 05:00:00,634,Tiruppur,2.5,-25.189
2022-08-04 06:00:00,634,Tiruppur,0.5,-25.189
2022-08-04 07:00:00,634,Tiruppur,2.75,-25.189
2022-08-04 08:00:00,634,Tiruppur,4.833333333333333,-25.189
2022-08-04 09:00:00,634,Tiruppur,2.6666666666666665,-25.189
2022-08-04 10:00:00,634,Tiruppur,2.1666666666666665,-26.083
2022-08-04 11:00:00,634,Tiruppur,1.25,-26.083
2022-08-04 12:00:00,634,Tiruppur,4.375,-26.083
2022-08-04 13:00:00,634,Tiruppur,0.75,-26.083
2022-08-04 14:00:00,634,Tiruppur,0.5,-26.083
2022-08-04 15:00:00,634,Tiruppur,2.0,-26.083
2022-08-04 16:00:00,634,Tiruppur,0.75,-25.395
2022-08-04 18:00:00,634,Tiruppur,0.5,-25.395
2022-08-04 19:00:00,634,Tiruppur,0.8333333333333334,-25.395
2022-08-04 20:00:00,634,Tiruppur,0.5,-25.395
2022-08-05 00:00:00,634,Tiruppur,0.5,-25.279
2022-08-05 08:00:00,634,Tiruppur,0.5,-25.035
2022-08-05 20:00:00,634,Tiruppur,0.5,-25.207
2022-08-05 23:00:00,634,Tiruppur,1.0,-24.696
2022-08-06 11:00:00,634,Tiruppur,1.0,-26.407
2022-08-06 23:00:00,634,Tiruppur,1.0,-25.354
2022-08-07 01:00:00,634,Tiruppur,1.0,-25.354
2022-08-07 06:00:00,634,Tiruppur,0.5,-25.536
2022-08-08 00:00:00,634,Tiruppur,1.0,-26.873
2022-08-08 05:00:00,634,Tiruppur,0.5,-27.933
2022-08-08 06:00:00,634,Tiruppur,1.0,-27.933
2022-08-08 07:00:00,634,Tiruppur,0.5,-27.933
2022-08-08 17:00:00,634,Tiruppur,0.5,-15.117
2022-08-18 17:00:00,634,Tiruppur,1.5,-19.429
2022-08-18 18:00:00,634,Tiruppur,8.0,-19.429
2022-08-19 03:00:00,634,Tiruppur,3.0,-19.425500000000003
2022-08-19 20:00:00,634,Tiruppur,0.5,-19.7035
2022-08-22 17:00:00,634,Tiruppur,4.5,-21.3755
2022-08-23 22:00:00,634,Tiruppur,1.0,-41.766
2022-08-23 23:00:00,634,Tiruppur,0.5,-41.766
2022-08-24 10:00:00,634,Tiruppur,0.5,-42.978
2022-08-24 11:00:00,634,Tiruppur,0.5,-42.978
2022-08-25 00:00:00,634,Tiruppur,6.5,-42.943
2022-08-25 22:00:00,634,Tiruppur,0.5,-44.065
2022-08-25 23:00:00,634,Tiruppur,0.5,-44.065
2022-08-26 17:00:00,634,Tiruppur,1.5,-45.008
2022-08-26 18:00:00,634,Tiruppur,0.5,-45.008
2022-08-26 19:00:00,634,Tiruppur,1.0,-45.008
2022-08-26 20:00:00,634,Tiruppur,1.5,-45.008
2022-08-26 21:00:00,634,Tiruppur,1.25,-45.008
2022-08-26 22:00:00,634,Tiruppur,0.5,-44.655
2022-08-26 23:00:00,634,Tiruppur,0.8,-44.655
2022-08-27 00:00:00,634,Tiruppur,2.1,-44.655
2022-08-27 01:00:00,634,Tiruppur,2.7,-44.655
2022-08-27 02:00:00,634,Tiruppur,1.875,-44.655
2022-08-27 03:00:00,634,Tiruppur,2.1666666666666665,-44.655
2022-08-27 04:00:00,634,Tiruppur,0.6666666666666666,-44.569
2022-08-27 05:00:00,634,Tiruppur,0.5,-44.569
2022-08-27 06:00:00,634,Tiruppur,0.5,-44.569
2022-08-27 21:00:00,634,Tiruppur,0.5,-44.304
2022-08-28 18:00:00,634,Tiruppur,33.75,-43.213
2022-08-28 19:00:00,634,Tiruppur,1.0,-43.213
2022-08-28 21:00:00,634,Tiruppur,0.5,-43.213
2022-08-29 00:00:00,634,Tiruppur,3.5,-43.317
2022-08-29 01:00:00,634,Tiruppur,0.75,-43.317
2022-08-29 02:00:00,634,Tiruppur,0.5,-43.317
2022-08-29 03:00:00,634,Tiruppur,0.5,-43.317
2022-08-29 13:00:00,634,Tiruppur,6.5,-43.608
2022-08-29 14:00:00,634,Tiruppur,2.25,-43.608
2022-08-29 15:00:00,634,Tiruppur,28.0,-43.608
2022-08-29 16:00:00,634,Tiruppur,2.25,-42.654
2022-08-29 17:00:00,634,Tiruppur,0.5,-42.654
2022-08-29 20:00:00,634,Tiruppur,1.5,-42.654
2022-08-29 21:00:00,634,Tiruppur,5.0,-42.654
2022-08-29 22:00:00,634,Tiruppur,0.5,-41.998
2022-08-29 23:00:00,634,Tiruppur,1.0,-41.998
2022-08-30 17:00:00,634,Tiruppur,0.5,-40.766
2022-08-30 19:00:00,634,Tiruppur,24.0,-40.766
2022-08-30 20:00:00,634,Tiruppur,18.75,-40.766
2022-08-30 21:00:00,634,Tiruppur,12.0,-40.766
2022-08-30 22:00:00,634,Tiruppur,4.0,-40.274
2022-08-30 23:00:00,634,Tiruppur,5.75,-40.274
2022-08-31 00:00:00,634,Tiruppur,4.5,-40.274
2022-08-31 01:00:00,634,Tiruppur,7.25,-40.274
2022-08-31 02:00:00,634,Tiruppur,9.166666666666666,-40.274
2022-08-31 03:00:00,634,Tiruppur,8.0,-40.274
2022-08-31 04:00:00,634,Tiruppur,0.5,-39.329
2022-08-31 16:00:00,634,Tiruppur,0.5,-38.747
2022-08-31 18:00:00,634,Tiruppur,3.5,-38.747
2022-08-31 19:00:00,634,Tiruppur,3.25,-38.747
2022-08-31 20:00:00,634,Tiruppur,1.5,-38.747
2022-08-31 21:00:00,634,Tiruppur,0.5,-38.747
2022-09-01 16:00:00,634,Tiruppur,0.5,-36.796
2022-09-01 17:00:00,634,Tiruppur,0.5,-36.796
2022-09-01 23:00:00,634,Tiruppur,3.5,-36.423
2022-09-02 00:00:00,634,Tiruppur,11.25,-36.423
2022-09-02 01:00:00,634,Tiruppur,11.75,-36.423
2022-09-02 02:00:00,634,Tiruppur,5.0,-36.423
2022-09-02 03:00:00,634,Tiruppur,8.0,-36.423
2022-09-02 04:00:00,634,Tiruppur,3.5,-36.072
2022-09-02 05:00:00,634,Tiruppur,0.5,-36.072
2022-09-02 10:00:00,634,Tiruppur,0.5,-36.308
2022-09-02 16:00:00,634,Tiruppur,0.5,-35.154
2022-09-02 17:00:00,634,Tiruppur,10.5,-35.154
2022-09-02 18:00:00,634,Tiruppur,1.0,-35.154
2022-09-02 19:00:00,634,Tiruppur,0.5,-35.154
2022-09-02 20:00:00,634,Tiruppur,1.0,-35.154
2022-09-02 21:00:00,634,Tiruppur,6.0,-35.154
2022-09-02 22:00:00,634,Tiruppur,8.25,-34.47
2022-09-02 23:00:00,634,Tiruppur,0.5,-34.47
2022-09-03 14:00:00,634,Tiruppur,0.5,-34.2
2022-09-03 15:00:00,634,Tiruppur,0.5,-34.2
2022-09-03 16:00:00,634,Tiruppur,3.5,-33.453
2022-09-03 17:00:00,634,Tiruppur,0.5,-33.453
2022-09-04 16:00:00,634,Tiruppur,4.5,-32.074
2022-09-04 17:00:00,634,Tiruppur,5.0,-32.074
2022-09-04 19:00:00,634,Tiruppur,0.5,-32.074
2022-09-04 22:00:00,634,Tiruppur,0.5,-30.966
2022-09-04 23:00:00,634,Tiruppur,1.8333333333333333,-30.966
2022-09-05 00:00:00,634,Tiruppur,3.333333333333333,-30.966
2022-09-05 01:00:00,634,Tiruppur,4.0,-30.966
2022-09-05 02:00:00,634,Tiruppur,1.0,-30.966
2022-09-05 03:00:00,634,Tiruppur,0.75,-30.966
2022-09-05 19:00:00,634,Tiruppur,0.5,-29.951
2022-09-05 20:00:00,634,Tiruppur,0.5,-29.951
2022-09-05 21:00:00,634,Tiruppur,0.5,-29.951
2022-09-05 22:00:00,634,Tiruppur,1.75,-29.112
2022-09-05 23:00:00,634,Tiruppur,1.0,-29.112
2022-09-06 00:00:00,634,Tiruppur,0.5,-29.112
2022-09-06 12:00:00,634,Tiruppur,1.0,-28.806
2022-09-06 13:00:00,634,Tiruppur,0.5,-28.806
2022-09-07 16:00:00,634,Tiruppur,0.5,-27.331
2022-09-10 13:00:00,634,Tiruppur,0.5,-27.699
2022-09-22 14:00:00,634,Tiruppur,3.0,-27.641
2022-09-26 06:00:00,634,Tiruppur,13.0,-28.108
2022-09-26 07:00:00,634,Tiruppur,6.75,-28.108
2022-09-26 09:00:00,634,Tiruppur,0.5,-28.108
2022-10-02 17:00:00,634,Tiruppur,1.75,-14.1135
2022-10-02 18:00:00,634,Tiruppur,1.5,-14.1135
2022-10-02 19:00:00,634,Tiruppur,2.0,-14.1135
2022-10-02 20:00:00,634,Tiruppur,1.0,-14.1135
2022-10-02 21:00:00,634,Tiruppur,0.6666666666666666,-14.1135
2022-10-02 22:00:00,634,Tiruppur,0.75,-14.3875
2022-10-05 01:00:00,634,Tiruppur,1.0,-24.242
2022-10-09 05:00:00,634,Tiruppur,2.0,-23.063
2022-10-09 06:00:00,634,Tiruppur,2.0,-23.063
2022-10-09 20:00:00,634,Tiruppur,1.5,-13.129
2022-10-09 22:00:00,634,Tiruppur,2.5,-13.142
2022-10-09 23:00:00,634,Tiruppur,2.5,-13.142
2022-10-10 00:00:00,634,Tiruppur,3.7,-13.142
2022-10-10 01:00:00,634,Tiruppur,4.2,-13.142
2022-10-10 02:00:00,634,Tiruppur,2.7,-13.142
2022-10-10 03:00:00,634,Tiruppur,2.7,-13.142
2022-10-10 04:00:00,634,Tiruppur,0.7,-13.4
2022-10-10 05:00:00,634,Tiruppur,2.0,-13.4
2022-10-10 06:00:00,634,Tiruppur,2.0,-13.4
2022-10-10 07:00:00,634,Tiruppur,1.25,-13.4
2022-10-10 08:00:00,634,Tiruppur,0.5,-13.4
2022-10-10 09:00:00,634,Tiruppur,0.5,-13.4
2022-10-10 10:00:00,634,Tiruppur,0.5,-13.5735
2022-10-10 21:00:00,634,Tiruppur,11.5,-12.844
2022-10-10 22:00:00,634,Tiruppur,3.0,-12.68
2022-10-11 01:00:00,634,Tiruppur,0.5,-12.68
2022-10-11 02:00:00,634,Tiruppur,0.75,-12.68
2022-10-11 03:00:00,634,Tiruppur,0.75,-12.68
2022-10-11 04:00:00,634,Tiruppur,1.0,-13.0835
2022-10-11 05:00:00,634,Tiruppur,3.5,-13.0835
2022-10-11 06:00:00,634,Tiruppur,4.2,-13.0835
2022-10-11 07:00:00,634,Tiruppur,1.75,-13.0835
2022-10-11 14:00:00,634,Tiruppur,0.5,-13.3105
2022-10-11 16:00:00,634,Tiruppur,0.5,-12.4465
2022-10-11 21:00:00,634,Tiruppur,0.5,-12.4465
2022-10-12 01:00:00,634,Tiruppur,3.5,-12.199000000000002
2022-10-12 17:00:00,634,Tiruppur,0.5,-12.0295
2022-10-12 23:00:00,634,Tiruppur,4.0,-12.3405
2022-10-13 00:00:00,634,Tiruppur,0.5,-12.3405
2022-10-14 05:00:00,634,Tiruppur,2.0,-11.656
2022-10-14 19:00:00,634,Tiruppur,5.5,-11.516
2022-10-15 00:00:00,634,Tiruppur,1.0,-11.5895
2022-10-15 02:00:00,634,Tiruppur,2.75,-11.5895
2022-10-15 03:00:00,634,Tiruppur,1.0,-11.5895
2022-10-15 04:00:00,634,Tiruppur,0.5,-11.009
2022-10-15 10:00:00,634,Tiruppur,0.5,-11.7295
2022-10-15 22:00:00,634,Tiruppur,0.5,-10.953
2022-10-16 06:00:00,634,Tiruppur,0.5,-11.1075
2022-10-16 15:00:00,634,Tiruppur,23.5,-11.3425
2022-10-16 16:00:00,634,Tiruppur,2.0,-11.052
2022-10-16 17:00:00,634,Tiruppur,1.0,-11.052
2022-10-16 21:00:00,634,Tiruppur,3.0,-11.052
2022-10-16 22:00:00,634,Tiruppur,6.5,-11.348
2022-10-16 23:00:00,634,Tiruppur,1.5,-11.348
2022-10-17 00:00:00,634,Tiruppur,0.5,-11.348
2022-10-17 01:00:00,634,Tiruppur,4.0,-11.348
2022-10-17 03:00:00,634,Tiruppur,0.5,-11.348
2022-10-17 19:00:00,634,Tiruppur,1.0,-11.0005
2022-10-17 20:00:00,634,Tiruppur,17.5,-11.0005
2022-10-17 21:00:00,634,Tiruppur,0.5,-11.0005
2022-10-18 01:00:00,634,Tiruppur,0.5,-10.7185
2022-10-18 10:00:00,634,Tiruppur,0.5,-11.291
2022-10-19 23:00:00,634,Tiruppur,2.0,-10.515
2022-10-20 00:00:00,634,Tiruppur,0.75,-10.515
2022-10-20 01:00:00,634,Tiruppur,0.5,-10.515
2022-10-20 17:00:00,634,Tiruppur,37.0,-10.572500000000002
2022-10-20 18:00:00,634,Tiruppur,1.0,-10.572500000000002
2022-10-20 21:00:00,634,Tiruppur,3.5,-10.572500000000002
2022-10-20 22:00:00,634,Tiruppur,2.5,-10.7195
2022-10-20 23:00:00,634,Tiruppur,10.0,-10.7195
2022-10-21 00:00:00,634,Tiruppur,22.75,-10.7195
2022-10-21 01:00:00,634,Tiruppur,9.0,-10.7195
2022-10-21 02:00:00,634,Tiruppur,4.3,-10.7195
2022-10-21 03:00:00,634,Tiruppur,3.375,-10.7195
2022-10-21 04:00:00,634,Tiruppur,0.75,-10.1175
2022-10-21 05:00:00,634,Tiruppur,0.5,-10.1175
2022-10-21 19:00:00,634,Tiruppur,0.5,-10.6595
2022-10-21 21:00:00,634,Tiruppur,5.0,-10.6595
2022-10-21 22:00:00,634,Tiruppur,0.5,-9.917
2022-10-21 23:00:00,634,Tiruppur,1.0,-9.917
2022-10-22 08:00:00,634,Tiruppur,0.5,-9.892500000000002
2022-10-22 22:00:00,634,Tiruppur,2.5,-9.906
2022-10-29 15:00:00,634,Tiruppur,1.5,-11.316
2022-10-30 06:00:00,634,Tiruppur,0.5,-3.223
2022-10-30 14:00:00,634,Tiruppur,1.0,-3.195
2022-10-30 16:00:00,634,Tiruppur,3.0,-10.3925
2022-10-30 19:00:00,634,Tiruppur,2.75,-10.3925
2022-10-31 00:00:00,634,Tiruppur,2.0,-10.188
2022-11-01 20:00:00,634,Tiruppur,1.0,-10.1255
2022-11-01 21:00:00,634,Tiruppur,9.5,-10.1255
2022-11-01 22:00:00,634,Tiruppur,4.0,-10.0695
2022-11-01 23:00:00,634,Tiruppur,1.0,-10.0695
2022-11-02 16:00:00,634,Tiruppur,5.5,-9.9785
2022-11-02 17:00:00,634,Tiruppur,24.5,-9.9785
2022-11-02 18:00:00,634,Tiruppur,6.0,-9.9785
2022-11-02 19:00:00,634,Tiruppur,1.25,-9.9785
2022-11-02 22:00:00,634,Tiruppur,1.25,-9.854
2022-11-02 23:00:00,634,Tiruppur,0.5,-9.854
2022-11-03 00:00:00,634,Tiruppur,0.5,-9.854
2022-11-03 01:00:00,634,Tiruppur,0.5,-9.854
2022-11-03 02:00:00,634,Tiruppur,3.0,-9.854
2022-11-03 03:00:00,634,Tiruppur,0.5,-9.854
2022-11-03 04:00:00,634,Tiruppur,1.1666666666666667,-9.95
2022-11-03 05:00:00,634,Tiruppur,3.0,-9.95
2022-11-03 06:00:00,634,Tiruppur,0.5,-9.95
2022-11-03 07:00:00,634,Tiruppur,0.5,-9.95
2022-11-03 18:00:00,634,Tiruppur,1.0,-9.9275
2022-11-03 19:00:00,634,Tiruppur,0.5,-9.9275
2022-11-04 04:00:00,634,Tiruppur,0.5,-10.568
2022-11-04 07:00:00,634,Tiruppur,2.0,-10.568
2022-11-04 14:00:00,634,Tiruppur,10.5,-10.2795
2022-11-04 15:00:00,634,Tiruppur,0.5,-10.2795
2022-11-04 16:00:00,634,Tiruppur,1.0,-10.05
2022-11-04 18:00:00,634,Tiruppur,8.0,-10.05
2022-11-04 19:00:00,634,Tiruppur,2.0,-10.05
2022-11-04 21:00:00,634,Tiruppur,0.5,-10.05
2022-11-04 22:00:00,634,Tiruppur,1.5,-10.191
2022-11-05 01:00:00,634,Tiruppur,2.0,-10.191
2022-11-05 07:00:00,634,Tiruppur,0.5,-9.703
2022-11-05 13:00:00,634,Tiruppur,2.0,-10.3815
2022-11-10 22:00:00,634,Tiruppur,0.5,-9.541
2022-11-11 06:00:00,634,Tiruppur,0.5,-9.0955
2022-11-11 10:00:00,634,Tiruppur,1.875,-9.9125
2022-11-11 11:00:00,634,Tiruppur,3.7,-9.9125
2022-11-11 12:00:00,634,Tiruppur,2.0,-9.9125
2022-11-11 13:00:00,634,Tiruppur,2.2,-9.9125
2022-11-11 14:00:00,634,Tiruppur,1.25,-9.9125
2022-11-11 15:00:00,634,Tiruppur,1.1666666666666667,-9.9125
2022-11-11 16:00:00,634,Tiruppur,2.5,-9.357
2022-11-11 17:00:00,634,Tiruppur,3.1,-9.357
2022-11-11 18:00:00,634,Tiruppur,5.375,-9.357
2022-11-11 19:00:00,634,Tiruppur,11.75,-9.357
2022-11-11 20:00:00,634,Tiruppur,18.0,-9.357
2022-11-11 21:00:00,634,Tiruppur,5.0,-9.357
2022-11-11 22:00:00,634,Tiruppur,5.916666666666667,-8.8375
2022-11-11 23:00:00,634,Tiruppur,6.375,-8.8375
2022-11-12 00:00:00,634,Tiruppur,3.7,-8.8375
2022-11-12 01:00:00,634,Tiruppur,6.25,-8.8375
2022-11-12 02:00:00,634,Tiruppur,3.5,-8.8375
2022-11-12 03:00:00,634,Tiruppur,3.0,-8.8375
2022-11-12 04:00:00,634,Tiruppur,2.375,-8.428
2022-11-12 05:00:00,634,Tiruppur,2.0,-8.428
2022-11-12 06:00:00,634,Tiruppur,2.0,-8.428
2022-11-12 07:00:00,634,Tiruppur,1.0,-8.428
2022-11-12 08:00:00,634,Tiruppur,2.0,-8.428
2022-11-12 09:00:00,634,Tiruppur,2.0,-8.428
2022-11-12 10:00:00,634,Tiruppur,2.0,-8.463000000000001
2022-11-12 11:00:00,634,Tiruppur,4.666666666666667,-8.463000000000001
2022-11-12 12:00:00,634,Tiruppur,4.583333333333333,-8.463000000000001
2022-11-12 13:00:00,634,Tiruppur,5.583333333333333,-8.463000000000001
2022-11-12 14:00:00,634,Tiruppur,4.25,-8.463000000000001
2022-11-12 15:00:00,634,Tiruppur,3.6666666666666665,-8.463000000000001
2022-11-12 16:00:00,634,Tiruppur,3.333333333333333,-8.5465
2022-11-12 17:00:00,634,Tiruppur,2.75,-8.5465
2022-11-12 18:00:00,634,Tiruppur,1.1666666666666667,-8.5465
2022-11-12 19:00:00,634,Tiruppur,0.75,-8.5465
2022-11-13 03:00:00,634,Tiruppur,2.1666666666666665,-7.938499999999999
2022-11-13 04:00:00,634,Tiruppur,2.25,-7.7325
2022-11-13 10:00:00,634,Tiruppur,0.5,-7.866499999999999
2022-11-13 12:00:00,634,Tiruppur,1.0,-7.866499999999999
2022-11-13 13:00:00,634,Tiruppur,4.25,-7.866499999999999
2022-11-13 14:00:00,634,Tiruppur,2.5,-7.866499999999999
2022-11-13 15:00:00,634,Tiruppur,4.5,-7.866499999999999
2022-11-13 18:00:00,634,Tiruppur,18.0,-8.3615
2022-11-13 19:00:00,634,Tiruppur,1.0,-8.3615
2022-11-14 08:00:00,634,Tiruppur,0.5,-7.6925
2022-11-14 09:00:00,634,Tiruppur,0.5,-7.6925
2022-11-14 16:00:00,634,Tiruppur,1.0,-7.91
2022-11-14 17:00:00,634,Tiruppur,0.5,-7.91
2022-11-14 19:00:00,634,Tiruppur,1.5,-7.91
2022-11-14 20:00:00,634,Tiruppur,0.5,-7.91
2022-11-15 01:00:00,634,Tiruppur,2.0,-7.7785
2022-11-15 03:00:00,634,Tiruppur,6.0,-7.7785
2022-11-15 04:00:00,634,Tiruppur,6.75,-7.745500000000001
2022-11-15 05:00:00,634,Tiruppur,3.5,-7.745500000000001
2022-11-15 06:00:00,634,Tiruppur,1.5,-7.745500000000001
2022-11-15 07:00:00,634,Tiruppur,0.5,-7.745500000000001
2022-11-15 09:00:00,634,Tiruppur,0.5,-7.745500000000001
2022-11-24 14:00:00,634,Tiruppur,0.5,-8.4385
2022-11-28 15:00:00,634,Tiruppur,1.0,-9.0305
2022-11-28 20:00:00,634,Tiruppur,3.0,-8.3665
2022-11-28 23:00:00,634,Tiruppur,3.5,-8.157
2022-11-29 09:00:00,634,Tiruppur,0.5,-8.1915
2022-12-02 03:00:00,634,Tiruppur,0.5,-8.1495
2022-12-02 04:00:00,634,Tiruppur,0.5,-8.1485
2022-12-02 06:00:00,634,Tiruppur,0.5,-8.1485
2022-12-02 23:00:00,634,Tiruppur,1.0,-3.391
2022-12-03 01:00:00,634,Tiruppur,0.5,-3.391
2022-12-03 18:00:00,634,Tiruppur,1.0,-8.366999999999999
2022-12-03 19:00:00,634,Tiruppur,0.75,-8.366999999999999
2022-12-04 13:00:00,634,Tiruppur,0.5,-8.626999999999999
2022-12-04 14:00:00,634,Tiruppur,1.0,-8.626999999999999
2022-12-04 15:00:00,634,Tiruppur,2.75,-8.626999999999999
2022-12-04 16:00:00,634,Tiruppur,3.75,-7.899
2022-12-04 17:00:00,634,Tiruppur,3.25,-7.899
2022-12-04 18:00:00,634,Tiruppur,6.375,-7.899
2022-12-04 19:00:00,634,Tiruppur,1.5,-7.899
2022-12-04 20:00:00,634,Tiruppur,1.0,-7.899
2022-12-04 21:00:00,634,Tiruppur,0.5,-7.899
2022-12-04 22:00:00,634,Tiruppur,0.75,-7.826499999999999
2022-12-04 23:00:00,634,Tiruppur,0.5,-7.826499999999999
2022-12-08 19:00:00,634,Tiruppur,0.5,-7.9975
2022-12-09 04:00:00,634,Tiruppur,0.5,-8.25
2022-12-09 05:00:00,634,Tiruppur,1.5,-8.25
2022-12-09 06:00:00,634,Tiruppur,0.5,-8.25
2022-12-09 07:00:00,634,Tiruppur,0.5,-8.25
2022-12-09 09:00:00,634,Tiruppur,0.875,-8.25
2022-12-09 10:00:00,634,Tiruppur,0.5,-8.337
2022-12-09 11:00:00,634,Tiruppur,0.9,-8.337
2022-12-09 12:00:00,634,Tiruppur,2.5,-8.337
2022-12-09 13:00:00,634,Tiruppur,2.125,-8.337
2022-12-09 14:00:00,634,Tiruppur,3.0,-8.337
2022-12-09 15:00:00,634,Tiruppur,0.5,-8.337
2022-12-09 17:00:00,634,Tiruppur,0.6666666666666666,-7.883
2022-12-09 20:00:00,634,Tiruppur,1.0,-7.883
2022-12-09 23:00:00,634,Tiruppur,0.5,-7.608499999999999
2022-12-10 15:00:00,634,Tiruppur,0.5,-7.646000000000001
2022-12-10 16:00:00,634,Tiruppur,0.5,-7.67
2022-12-10 21:00:00,634,Tiruppur,0.5,-7.67
2022-12-11 03:00:00,634,Tiruppur,0.5,-7.4565
2022-12-11 08:00:00,634,Tiruppur,0.5,-7.802
2022-12-11 09:00:00,634,Tiruppur,1.0,-7.802
2022-12-12 02:00:00,634,Tiruppur,0.5,-7.564
2022-12-12 03:00:00,634,Tiruppur,3.0,-7.564
2022-12-12 04:00:00,634,Tiruppur,1.6666666666666667,-7.526499999999999
2022-12-12 05:00:00,634,Tiruppur,2.75,-7.526499999999999
2022-12-12 06:00:00,634,Tiruppur,0.5,-7.526499999999999
2022-12-12 08:00:00,634,Tiruppur,1.0,-7.526499999999999
2022-12-12 22:00:00,634,Tiruppur,0.5,-7.9275
2022-12-13 16:00:00,634,Tiruppur,1.0,-7.622
2022-12-13 17:00:00,634,Tiruppur,1.0,-7.622
2022-12-13 18:00:00,634,Tiruppur,13.0,-7.622
2022-12-13 19:00:00,634,Tiruppur,1.25,-7.622
2022-12-13 20:00:00,634,Tiruppur,1.75,-7.622
2022-12-13 21:00:00,634,Tiruppur,0.5,-7.622
2022-12-25 17:00:00,634,Tiruppur,3.0,-8.227
2022-12-25 18:00:00,634,Tiruppur,2.5,-8.227
2022-12-25 19:00:00,634,Tiruppur,3.6666666666666665,-8.227
2022-12-25 20:00:00,634,Tiruppur,2.6666666666666665,-8.227
2022-12-25 21:00:00,634,Tiruppur,1.3333333333333333,-8.227
2022-12-25 22:00:00,634,Tiruppur,1.25,-8.064
2022-12-25 23:00:00,634,Tiruppur,1.25,-8.064
2022-12-26 00:00:00,634,Tiruppur,2.1666666666666665,-8.064
2022-12-26 01:00:00,634,Tiruppur,0.6666666666666666,-8.064
2022-12-26 02:00:00,634,Tiruppur,0.5,-8.064
2022-12-26 04:00:00,634,Tiruppur,1.0,-8.099499999999999
2022-12-26 05:00:00,634,Tiruppur,1.25,-8.099499999999999
2022-12-26 08:00:00,634,Tiruppur,1.25,-8.099499999999999
2022-12-26 09:00:00,634,Tiruppur,2.5,-8.099499999999999
2022-12-26 10:00:00,634,Tiruppur,0.5,-8.617
2022-12-26 11:00:00,634,Tiruppur,0.5,-8.617
2022-12-26 13:00:00,634,Tiruppur,2.0,-8.617
2022-12-26 14:00:00,634,Tiruppur,0.5,-8.617
2022-12-26 17:00:00,634,Tiruppur,11.25,-8.163499999999999
2022-12-26 18:00:00,634,Tiruppur,0.5,-8.163499999999999
2022-12-27 00:00:00,634,Tiruppur,1.0,-8.0375
2022-12-27 09:00:00,634,Tiruppur,3.0,-8.007
2022-12-27 10:00:00,634,Tiruppur,1.0,-8.4595
2022-12-27 11:00:00,634,Tiruppur,1.0,-8.4595
2022-12-27 12:00:00,634,Tiruppur,0.5,-8.4595
2022-12-27 13:00:00,634,Tiruppur,0.5,-8.4595
2022-12-27 14:00:00,634,Tiruppur,1.5,-8.4595
2022-12-27 15:00:00,634,Tiruppur,0.5,-8.4595
2022-12-27 16:00:00,634,Tiruppur,1.0,-7.9895
2022-12-28 02:00:00,634,Tiruppur,1.5,-7.8725
2023-01-11 13:00:00,634,Tiruppur,1.5,-8.956999999999999
2023-01-30 19:00:00,634,Tiruppur,1.5,-8.2105
2023-02-03 14:00:00,634,Tiruppur,1.75,-8.804
2023-02-03 15:00:00,634,Tiruppur,1.5,-8.804
2023-02-03 17:00:00,634,Tiruppur,0.5,-8.319
2023-02-03 19:00:00,634,Tiruppur,6.0,-8.319
2023-02-03 20:00:00,634,Tiruppur,1.75,-8.319
2023-02-03 21:00:00,634,Tiruppur,2.5,-8.319
2023-02-03 22:00:00,634,Tiruppur,0.5,-8.0805
2023-02-04 00:00:00,634,Tiruppur,1.0,-8.0805
2023-02-04 01:00:00,634,Tiruppur,0.5,-8.0805
2023-02-04 02:00:00,634,Tiruppur,0.75,-8.0805
2023-02-04 03:00:00,634,Tiruppur,1.25,-8.0805
2023-02-04 04:00:00,634,Tiruppur,1.5,-8.1155
2023-02-04 05:00:00,634,Tiruppur,1.0,-8.1155
2023-02-04 06:00:00,634,Tiruppur,0.5,-8.1155
2023-02-04 07:00:00,634,Tiruppur,0.5,-8.1155
2023-02-04 08:00:00,634,Tiruppur,1.0,-8.1155
2023-03-01 09:00:00,634,Tiruppur,1.5,-8.2
2023-03-18 14:00:00,634,Tiruppur,0.5,-8.676
2023-03-18 15:00:00,634,Tiruppur,2.5,-8.676
2023-03-18 16:00:00,634,Tiruppur,0.5,-8.4685
2023-03-18 19:00:00,634,Tiruppur,5.0,-8.4685
2023-03-18 20:00:00,634,Tiruppur,0.5,-8.4685
2023-03-18 23:00:00,634,Tiruppur,1.0,-8.1495
2023-03-19 00:00:00,634,Tiruppur,0.5,-8.1495
2023-03-20 19:00:00,634,Tiruppur,0.5,-8.0305
2023-03-26 18:00:00,634,Tiruppur,31.0,-3.187
2023-03-26 19:00:00,634,Tiruppur,1.5,-3.187
2023-03-26 22:00:00,634,Tiruppur,0.5,-3.238
2023-03-27 02:00:00,634,Tiruppur,0.5,-3.238
2023-04-01 17:00:00,634,Tiruppur,14.5,-8.408000000000001
2023-04-01 18:00:00,634,Tiruppur,3.25,-8.408000000000001
2023-04-01 19:00:00,634,Tiruppur,0.5,-8.408000000000001
2023-04-04 18:00:00,634,Tiruppur,1.0,-8.208
2023-04-04 20:00:00,634,Tiruppur,0.5,-8.208
2023-04-21 17:00:00,634,Tiruppur,2.5,-9.0095
2023-04-22 18:00:00,634,Tiruppur,0.5,-8.865
2023-04-23 15:00:00,634,Tiruppur,7.0,-9.6195
2023-04-23 16:00:00,634,Tiruppur,10.0,-8.665000000000001
2023-04-23 17:00:00,634,Tiruppur,21.75,-8.665000000000001
2023-04-23 18:00:00,634,Tiruppur,13.0,-8.665000000000001
2023-04-23 19:00:00,634,Tiruppur,2.75,-8.665000000000001
2023-04-23 20:00:00,634,Tiruppur,0.5,-8.665000000000001
2023-04-23 22:00:00,634,Tiruppur,0.5,-8.6915
2023-04-24 00:00:00,634,Tiruppur,1.0,-8.6915
2023-04-24 08:00:00,634,Tiruppur,18.5,-8.535
2023-04-24 09:00:00,634,Tiruppur,5.5,-8.535
2023-04-25 20:00:00,634,Tiruppur,0.5,-8.5895
2023-04-25 21:00:00,634,Tiruppur,0.5,-8.5895
2023-04-26 23:00:00,634,Tiruppur,0.5,-8.602500000000001
2023-04-29 17:00:00,634,Tiruppur,5.5,-8.553
2023-04-30 15:00:00,634,Tiruppur,0.5,-9.0805
2023-04-30 16:00:00,634,Tiruppur,1.5,-8.693
2023-05-01 15:00:00,634,Tiruppur,11.5,-9.209
2023-05-01 16:00:00,634,Tiruppur,9.25,-8.551
2023-05-01 17:00:00,634,Tiruppur,12.333333333333334,-8.551
2023-05-01 18:00:00,634,Tiruppur,2.833333333333333,-8.551
2023-05-01 19:00:00,634,Tiruppur,3.75,-8.551
2023-05-01 20:00:00,634,Tiruppur,3.0,-8.551
2023-05-01 21:00:00,634,Tiruppur,12.125,-8.551
2023-05-01 22:00:00,634,Tiruppur,2.0,-8.493
2023-05-01 23:00:00,634,Tiruppur,1.625,-8.493
2023-05-02 00:00:00,634,Tiruppur,1.1666666666666667,-8.493
2023-05-02 01:00:00,634,Tiruppur,1.25,-8.493
2023-05-02 02:00:00,634,Tiruppur,1.0,-8.493
2023-05-02 03:00:00,634,Tiruppur,3.5,-8.493
2023-05-02 04:00:00,634,Tiruppur,1.0,-8.475
2023-05-02 05:00:00,634,Tiruppur,1.0,-8.475
2023-05-02 06:00:00,634,Tiruppur,1.5,-8.475
2023-05-02 07:00:00,634,Tiruppur,1.0,-8.475
2023-05-02 08:00:00,634,Tiruppur,1.5,-8.475
2023-05-02 09:00:00,634,Tiruppur,1.0,-8.475
2023-05-02 10:00:00,634,Tiruppur,1.0,-9.081
2023-05-02 11:00:00,634,Tiruppur,1.5,-9.081
2023-05-02 12:00:00,634,Tiruppur,1.0,-9.081
2023-05-02 13:00:00,634,Tiruppur,1.5,-9.081
2023-05-02 14:00:00,634,Tiruppur,1.0,-9.081
2023-05-02 15:00:00,634,Tiruppur,0.5,-9.081
2023-05-02 16:00:00,634,Tiruppur,1.0,-8.448500000000001
2023-05-02 17:00:00,634,Tiruppur,0.5,-8.448500000000001
2023-05-02 18:00:00,634,Tiruppur,0.5,-8.448500000000001
2023-05-02 19:00:00,634,Tiruppur,0.5,-8.448500000000001
2023-05-02 22:00:00,634,Tiruppur,12.5,-8.3795
2023-05-02 23:00:00,634,Tiruppur,4.0,-8.3795
2023-05-03 01:00:00,634,Tiruppur,5.0,-8.3795
2023-05-03 02:00:00,634,Tiruppur,0.5,-8.3795
2023-05-03 03:00:00,634,Tiruppur,1.0,-8.3795
2023-05-03 04:00:00,634,Tiruppur,1.0,-8.3615
2023-05-03 05:00:00,634,Tiruppur,0.5,-8.3615
2023-05-03 07:00:00,634,Tiruppur,0.5,-8.3615
2023-05-03 09:00:00,634,Tiruppur,0.5,-8.3615
2023-05-03 12:00:00,634,Tiruppur,0.5,-8.6135
2023-05-04 19:00:00,634,Tiruppur,1.0,-8.677
2023-05-04 21:00:00,634,Tiruppur,1.0,-8.677
2023-05-04 22:00:00,634,Tiruppur,1.25,-8.547
2023-05-04 23:00:00,634,Tiruppur,0.5,-8.547
2023-05-05 00:00:00,634,Tiruppur,0.5,-8.547
2023-05-05 01:00:00,634,Tiruppur,0.5,-8.547
2023-05-06 20:00:00,634,Tiruppur,1.0,-9.042
2023-05-06 21:00:00,634,Tiruppur,1.75,-9.042
2023-05-06 22:00:00,634,Tiruppur,0.875,-8.6375
2023-05-06 23:00:00,634,Tiruppur,1.3333333333333333,-8.6375
2023-05-07 00:00:00,634,Tiruppur,1.625,-8.6375
2023-05-07 01:00:00,634,Tiruppur,2.5,-8.6375
2023-05-07 02:00:00,634,Tiruppur,1.25,-8.6375
2023-05-07 03:00:00,634,Tiruppur,0.5,-8.6375
2023-05-07 04:00:00,634,Tiruppur,0.5,-8.5
2023-05-07 07:00:00,634,Tiruppur,0.5,-8.5
2023-05-08 20:00:00,634,Tiruppur,12.0,-9.096
2023-05-08 22:00:00,634,Tiruppur,1.5,-8.611
2023-05-08 23:00:00,634,Tiruppur,3.1666666666666665,-8.611
2023-05-09 00:00:00,634,Tiruppur,1.25,-8.611
2023-05-09 23:00:00,634,Tiruppur,0.5,-8.4745
2023-05-10 22:00:00,634,Tiruppur,14.5,-8.544
2023-05-10 23:00:00,634,Tiruppur,4.25,-8.544
2023-05-11 01:00:00,634,Tiruppur,2.0,-8.544
2023-05-11 20:00:00,634,Tiruppur,2.5,-8.709
2023-05-11 21:00:00,634,Tiruppur,13.5,-8.709
2023-05-11 22:00:00,634,Tiruppur,23.0,-8.5245
2023-05-11 23:00:00,634,Tiruppur,1.0,-8.5245
2023-05-12 00:00:00,634,Tiruppur,0.5,-8.5245
2023-05-12 01:00:00,634,Tiruppur,0.5,-8.5245
2023-06-01 17:00:00,634,Tiruppur,2.0,-9.728
2023-06-02 16:00:00,634,Tiruppur,1.5,-9.9485
2023-06-02 17:00:00,634,Tiruppur,13.75,-9.9485
2023-06-02 18:00:00,634,Tiruppur,0.5,-9.9485
2023-06-04 00:00:00,634,Tiruppur,0.5,-10.018
2023-06-04 01:00:00,634,Tiruppur,0.5,-10.018
2023-06-04 02:00:00,634,Tiruppur,0.5,-10.018
2023-06-04 17:00:00,634,Tiruppur,4.25,-10.215
2023-06-04 18:00:00,634,Tiruppur,24.0,-10.215
2023-06-12 16:00:00,634,Tiruppur,12.0,-11.2635
2023-06-19 21:00:00,634,Tiruppur,12.0,-12.499
2023-06-19 22:00:00,634,Tiruppur,9.75,-12.637
2023-06-19 23:00:00,634,Tiruppur,0.5,-12.637
2023-06-20 16:00:00,634,Tiruppur,7.5,-12.947
2023-06-20 19:00:00,634,Tiruppur,0.5,-12.947
2023-06-20 20:00:00,634,Tiruppur,0.5,-12.947
2023-06-22 21:00:00,634,Tiruppur,0.5,-12.9605
2023-06-25 16:00:00,634,Tiruppur,0.5,-14.289
2023-06-25 17:00:00,634,Tiruppur,8.5,-14.289
2023-06-25 18:00:00,634,Tiruppur,0.5,-14.289
2023-07-04 16:00:00,634,Tiruppur,0.5,-15.842
2023-07-04 17:00:00,634,Tiruppur,0.5,-15.842
2023-07-04 19:00:00,634,Tiruppur,0.5,-15.842
2023-07-04 20:00:00,634,Tiruppur,0.5,-15.842
2023-07-04 22:00:00,634,Tiruppur,0.75,-15.94
2023-07-05 00:00:00,634,Tiruppur,0.5,-15.94
2023-07-05 03:00:00,634,Tiruppur,0.5,-15.94
2023-07-05 05:00:00,634,Tiruppur,1.0,-15.963500000000002
2023-07-05 06:00:00,634,Tiruppur,0.5,-15.963500000000002
2023-07-05 12:00:00,634,Tiruppur,0.5,-16.34
2023-07-05 19:00:00,634,Tiruppur,0.75,-16.084
2023-07-06 00:00:00,634,Tiruppur,0.5,-16.133
2023-07-06 02:00:00,634,Tiruppur,0.75,-16.133
2023-07-06 04:00:00,634,Tiruppur,0.5,-16.454
2023-07-06 07:00:00,634,Tiruppur,1.5,-16.454
2023-07-06 09:00:00,634,Tiruppur,1.0,-16.454
2023-07-06 14:00:00,634,Tiruppur,0.5,-16.99
2023-07-06 16:00:00,634,Tiruppur,1.25,-16.76
2023-07-07 01:00:00,634,Tiruppur,1.0,-16.3665
2023-07-07 09:00:00,634,Tiruppur,1.0,-16.496
2023-07-07 12:00:00,634,Tiruppur,1.5,-17.151
2023-07-07 13:00:00,634,Tiruppur,0.5,-17.151
2023-07-08 16:00:00,634,Tiruppur,0.5,-17.42
2023-07-10 17:00:00,634,Tiruppur,1.5,-18.4725
2023-07-10 18:00:00,634,Tiruppur,0.5,-18.4725
2023-07-11 19:00:00,634,Tiruppur,0.5,-18.7605
2023-07-14 19:00:00,634,Tiruppur,1.5,-19.8405
2023-07-19 11:00:00,634,Tiruppur,0.5,-22.5525
2023-07-19 19:00:00,634,Tiruppur,0.5,-22.2645
2023-07-22 14:00:00,634,Tiruppur,0.5,-22.956
2023-07-22 23:00:00,634,Tiruppur,0.5,-23.3925
2023-07-23 03:00:00,634,Tiruppur,1.0,-23.3925
2023-07-23 04:00:00,634,Tiruppur,0.5,-23.588
2023-07-23 09:00:00,634,Tiruppur,0.5,-23.588
2023-07-23 12:00:00,634,Tiruppur,1.0,-24.0075
2023-07-23 21:00:00,634,Tiruppur,0.75,-23.910500000000003
2023-07-23 22:00:00,634,Tiruppur,3.333333333333333,-23.8865
2023-07-23 23:00:00,634,Tiruppur,2.0,-23.8865
2023-07-24 00:00:00,634,Tiruppur,0.75,-23.8865
2023-07-24 14:00:00,634,Tiruppur,0.5,-24.324
2023-07-24 16:00:00,634,Tiruppur,0.5,-24.141
2023-07-24 20:00:00,634,Tiruppur,0.5,-24.141
2023-07-24 21:00:00,634,Tiruppur,0.75,-24.141
2023-07-24 22:00:00,634,Tiruppur,1.25,-24.0265
2023-07-25 00:00:00,634,Tiruppur,0.5,-24.0265
2023-07-25 03:00:00,634,Tiruppur,0.5,-24.0265
2023-07-25 08:00:00,634,Tiruppur,0.5,-24.06
2023-07-25 09:00:00,634,Tiruppur,1.0,-24.06
2023-07-25 13:00:00,634,Tiruppur,0.5,-24.633
2023-07-25 14:00:00,634,Tiruppur,0.5,-24.633
2023-07-25 17:00:00,634,Tiruppur,0.5,-24.4315
2023-07-25 18:00:00,634,Tiruppur,2.25,-24.4315
2023-07-25 19:00:00,634,Tiruppur,2.0,-24.4315
2023-07-26 05:00:00,634,Tiruppur,0.5,-24.7605
2023-07-26 12:00:00,634,Tiruppur,0.5,-25.298
2023-07-26 13:00:00,634,Tiruppur,2.5,-25.298
2023-07-26 14:00:00,634,Tiruppur,1.0,-25.298
2023-07-26 19:00:00,634,Tiruppur,1.25,-25.056
2023-07-26 20:00:00,634,Tiruppur,1.5,-25.056
2023-07-27 19:00:00,634,Tiruppur,0.5,-25.4005
2023-07-29 20:00:00,634,Tiruppur,4.0,-26.863
2023-07-29 21:00:00,634,Tiruppur,0.5,-26.863
2023-07-30 04:00:00,634,Tiruppur,0.5,-27.246
2023-08-11 15:00:00,634,Tiruppur,2.0,-33.0885
2023-08-11 17:00:00,634,Tiruppur,0.5,-33.092
2023-08-11 19:00:00,634,Tiruppur,0.5,-33.092
2023-08-11 21:00:00,634,Tiruppur,0.75,-33.092
2023-08-11 22:00:00,634,Tiruppur,0.5,-33.4605
2023-08-11 23:00:00,634,Tiruppur,0.8333333333333334,-33.4605
2023-08-12 00:00:00,634,Tiruppur,1.0,-33.4605
2023-08-12 01:00:00,634,Tiruppur,0.5,-33.4605
2023-08-12 02:00:00,634,Tiruppur,0.5,-33.4605
2023-08-12 15:00:00,634,Tiruppur,0.5,-33.9945
2023-08-22 16:00:00,634,Tiruppur,16.0,-38.8815
2023-08-29 16:00:00,634,Tiruppur,0.5,-39.222
2023-08-29 17:00:00,634,Tiruppur,1.0,-39.222
2023-08-29 18:00:00,634,Tiruppur,9.5,-39.222
2023-08-29 19:00:00,634,Tiruppur,11.75,-39.222
2023-08-29 20:00:00,634,Tiruppur,0.5,-39.222
2023-08-29 22:00:00,634,Tiruppur,0.5,-39.2435
2023-08-29 23:00:00,634,Tiruppur,1.5,-39.2435
2023-08-30 00:00:00,634,Tiruppur,1.0,-39.2435
2023-08-30 01:00:00,634,Tiruppur,0.5,-39.2435
2023-08-30 16:00:00,634,Tiruppur,8.5,-39.2445
2023-08-30 17:00:00,634,Tiruppur,9.25,-39.2445
2023-08-30 18:00:00,634,Tiruppur,0.5,-39.2445
2023-08-30 23:00:00,634,Tiruppur,1.0,-39.259
2023-08-31 00:00:00,634,Tiruppur,0.5,-39.259
2023-08-31 15:00:00,634,Tiruppur,1.5,-39.2575
2023-09-01 15:00:00,634,Tiruppur,0.5,-39.2835
2023-09-01 16:00:00,634,Tiruppur,4.0,-39.258
2023-09-01 18:00:00,634,Tiruppur,2.0,-39.258
2023-09-01 19:00:00,634,Tiruppur,0.5,-39.258
2023-09-01 20:00:00,634,Tiruppur,4.25,-39.258
2023-09-01 21:00:00,634,Tiruppur,1.0,-39.258
2023-09-01 22:00:00,634,Tiruppur,2.0,-39.2695
2023-09-01 23:00:00,634,Tiruppur,0.5,-39.2695
2023-09-02 00:00:00,634,Tiruppur,0.6666666666666666,-39.2695
2023-09-02 01:00:00,634,Tiruppur,0.5,-39.2695
2023-09-02 02:00:00,634,Tiruppur,0.5,-39.2695
2023-09-02 03:00:00,634,Tiruppur,0.5,-39.2695
2023-09-02 04:00:00,634,Tiruppur,0.5,-39.2695
2023-09-02 05:00:00,634,Tiruppur,0.5,-39.2695
2023-09-02 09:00:00,634,Tiruppur,0.5,-39.2695
2023-09-02 13:00:00,634,Tiruppur,0.5,-39.273
2023-09-03 09:00:00,634,Tiruppur,0.5,-39.2805
2023-09-06 16:00:00,634,Tiruppur,1.0,-39.3555
2023-09-11 08:00:00,634,Tiruppur,4.5,-39.348
2023-09-11 09:00:00,634,Tiruppur,2.0,-39.348
2023-09-11 10:00:00,634,Tiruppur,1.5,-39.3505
2023-09-11 11:00:00,634,Tiruppur,1.0,-39.3505
2023-09-11 12:00:00,634,Tiruppur,0.5,-39.3505
2023-09-11 21:00:00,634,Tiruppur,0.5,-39.3325
2023-09-11 23:00:00,634,Tiruppur,0.5,-39.3285
2023-09-13 14:00:00,634,Tiruppur,1.0,-39.3075
2023-09-13 19:00:00,634,Tiruppur,0.5,-39.3055
2023-09-14 19:00:00,634,Tiruppur,0.75,-39.336
2023-09-17 17:00:00,634,Tiruppur,1.75,-39.299
2023-09-17 18:00:00,634,Tiruppur,1.5,-39.299
2023-09-17 19:00:00,634,Tiruppur,0.5,-39.299
2023-09-17 20:00:00,634,Tiruppur,1.5,-39.299
2023-09-17 21:00:00,634,Tiruppur,0.5,-39.299
2023-09-18 00:00:00,634,Tiruppur,1.0,-39.287000000000006
2023-09-18 01:00:00,634,Tiruppur,0.5,-39.287000000000006
2023-09-18 14:00:00,634,Tiruppur,8.0,-39.267
2023-09-18 15:00:00,634,Tiruppur,0.5,-39.267
2023-09-18 17:00:00,634,Tiruppur,0.5,-39.265
2023-09-19 15:00:00,634,Tiruppur,18.5,-39.2575
2023-09-21 18:00:00,634,Tiruppur,19.5,-39.281000000000006
2023-09-21 19:00:00,634,Tiruppur,2.0,-39.281000000000006
2023-09-21 22:00:00,634,Tiruppur,0.5,-39.2965
2023-09-21 23:00:00,634,Tiruppur,0.75,-39.2965
2023-09-22 00:00:00,634,Tiruppur,0.75,-39.2965
2023-09-22 15:00:00,634,Tiruppur,2.75,-39.310500000000005
2023-09-22 16:00:00,634,Tiruppur,1.75,-39.317
2023-09-24 06:00:00,634,Tiruppur,0.5,-39.354
2023-09-25 19:00:00,634,Tiruppur,2.0,-39.3585
2023-09-25 21:00:00,634,Tiruppur,0.75,-39.3585
2023-09-25 22:00:00,634,Tiruppur,0.5,-39.371
2023-09-27 14:00:00,634,Tiruppur,0.5,-39.16
2023-09-28 16:00:00,634,Tiruppur,0.5,-39.1305
2023-10-02 15:00:00,634,Tiruppur,0.5,-39.274
2023-10-08 16:00:00,634,Tiruppur,2.0,-39.229
2023-10-08 17:00:00,634,Tiruppur,10.5,-39.229
2023-10-08 18:00:00,634,Tiruppur,0.75,-39.229
2023-10-08 20:00:00,634,Tiruppur,0.5,-39.229
2023-10-08 21:00:00,634,Tiruppur,0.5,-39.229
2023-10-08 22:00:00,634,Tiruppur,4.5,-39.2325
2023-10-09 17:00:00,634,Tiruppur,2.1666666666666665,-39.24
2023-10-09 18:00:00,634,Tiruppur,1.0,-39.24
2023-10-09 19:00:00,634,Tiruppur,9.75,-39.24
2023-10-09 20:00:00,634,Tiruppur,4.875,-39.24
2023-10-09 21:00:00,634,Tiruppur,2.333333333333333,-39.24
2023-10-09 22:00:00,634,Tiruppur,2.25,-39.201
2023-10-09 23:00:00,634,Tiruppur,0.5,-39.201
2023-10-10 02:00:00,634,Tiruppur,0.5,-39.201
2023-10-10 05:00:00,634,Tiruppur,0.5,-39.196
2023-10-10 09:00:00,634,Tiruppur,0.5,-39.196
2023-10-10 12:00:00,634,Tiruppur,0.5,-39.201
2023-10-10 15:00:00,634,Tiruppur,0.5,-39.201
2023-10-10 17:00:00,634,Tiruppur,0.5,-39.2085
2023-10-10 19:00:00,634,Tiruppur,2.0,-39.2085
2023-10-10 20:00:00,634,Tiruppur,7.0,-39.2085
2023-10-10 21:00:00,634,Tiruppur,21.5,-39.2085
2023-10-10 22:00:00,634,Tiruppur,0.5,-39.219
2023-10-10 23:00:00,634,Tiruppur,0.5,-39.219
2023-10-11 00:00:00,634,Tiruppur,0.5,-39.219
2023-10-11 03:00:00,634,Tiruppur,1.5,-39.219
2023-10-11 04:00:00,634,Tiruppur,0.5,-39.2175
2023-10-11 07:00:00,634,Tiruppur,0.5,-39.2175
2023-10-11 08:00:00,634,Tiruppur,0.5,-39.2175
2023-10-11 11:00:00,634,Tiruppur,0.5,-39.22
2023-10-11 14:00:00,634,Tiruppur,0.5,-39.22
2023-10-11 15:00:00,634,Tiruppur,0.5,-39.22
2023-10-11 16:00:00,634,Tiruppur,3.0,-39.216
2023-10-11 18:00:00,634,Tiruppur,4.666666666666667,-39.216
2023-10-11 19:00:00,634,Tiruppur,3.5,-39.216
2023-10-11 20:00:00,634,Tiruppur,1.5,-39.216
2023-10-11 21:00:00,634,Tiruppur,0.5,-39.216
2023-10-11 22:00:00,634,Tiruppur,1.75,-39.2135
2023-10-12 00:00:00,634,Tiruppur,0.5,-39.2135
2023-10-12 02:00:00,634,Tiruppur,1.5,-39.2135
2023-10-12 03:00:00,634,Tiruppur,1.0,-39.2135
2023-10-12 04:00:00,634,Tiruppur,0.5,-39.2035
2023-10-12 08:00:00,634,Tiruppur,0.5,-39.2035
2023-10-12 11:00:00,634,Tiruppur,0.5,-39.2055
2023-10-12 14:00:00,634,Tiruppur,0.5,-39.2055
2023-10-12 18:00:00,634,Tiruppur,0.5,-39.2015
2023-10-12 21:00:00,634,Tiruppur,0.5,-39.2015
2023-10-13 02:00:00,634,Tiruppur,0.5,-39.214
2023-10-13 06:00:00,634,Tiruppur,0.5,-39.203
2023-10-13 11:00:00,634,Tiruppur,0.5,-39.2095
2023-10-13 15:00:00,634,Tiruppur,0.5,-39.2095
2023-10-13 19:00:00,634,Tiruppur,0.5,-39.200500000000005
2023-10-14 00:00:00,634,Tiruppur,0.5,-39.218500000000006
2023-10-14 06:00:00,634,Tiruppur,0.5,-39.209
2023-10-14 11:00:00,634,Tiruppur,0.5,-39.2325
2023-10-14 16:00:00,634,Tiruppur,0.5,-39.234
2023-10-14 17:00:00,634,Tiruppur,1.0,-39.234
2023-10-14 20:00:00,634,Tiruppur,2.5,-39.234
2023-10-15 00:00:00,634,Tiruppur,0.5,-39.254
2023-10-15 01:00:00,634,Tiruppur,12.5,-39.254
2023-10-15 02:00:00,634,Tiruppur,6.5,-39.254
2023-10-15 03:00:00,634,Tiruppur,0.75,-39.254
2023-10-15 04:00:00,634,Tiruppur,0.5,-39.2445
2023-10-15 05:00:00,634,Tiruppur,0.5,-39.2445
2023-10-16 01:00:00,634,Tiruppur,0.5,-39.27
2023-10-16 05:00:00,634,Tiruppur,729.0,-39.256
2023-10-16 06:00:00,634,Tiruppur,1.5,-39.256
2023-10-16 07:00:00,634,Tiruppur,3.1666666666666665,-39.256
2023-10-16 08:00:00,634,Tiruppur,3.0,-39.256
2023-10-16 09:00:00,634,Tiruppur,2.5,-39.256
2023-10-16 10:00:00,634,Tiruppur,1.75,-39.220000000000006
2023-10-16 11:00:00,634,Tiruppur,0.5,-39.220000000000006
2023-10-16 12:00:00,634,Tiruppur,1.0,-39.220000000000006
2023-10-16 14:00:00,634,Tiruppur,0.5,-39.220000000000006
2023-10-16 21:00:00,634,Tiruppur,30.0,-39.206
2023-10-16 22:00:00,634,Tiruppur,33.5,-39.0285
2023-10-16 23:00:00,634,Tiruppur,15.75,-39.0285
2023-10-17 00:00:00,634,Tiruppur,2.333333333333333,-39.0285
2023-10-17 01:00:00,634,Tiruppur,1.5,-39.0285
2023-10-17 02:00:00,634,Tiruppur,0.5,-39.0285
2023-10-17 11:00:00,634,Tiruppur,0.5,-38.8115
2023-10-21 01:00:00,634,Tiruppur,0.5,-38.9675
2023-10-21 17:00:00,634,Tiruppur,0.5,-38.9675
2023-10-23 04:00:00,634,Tiruppur,0.5,-3.162
2023-10-23 23:00:00,634,Tiruppur,0.5,-3.178
2023-10-24 05:00:00,634,Tiruppur,0.5,-3.206
2023-10-24 11:00:00,634,Tiruppur,0.5,-3.201
2023-10-25 16:00:00,634,Tiruppur,3.5,-39.2065
2023-10-28 19:00:00,634,Tiruppur,10.0,-39.255
2023-10-29 15:00:00,634,Tiruppur,39.5,-39.285500000000006
2023-10-29 16:00:00,634,Tiruppur,7.666666666666667,-39.2855
2023-10-29 17:00:00,634,Tiruppur,5.0,-39.2855
2023-10-29 18:00:00,634,Tiruppur,0.5,-39.2855
2023-11-01 22:00:00,634,Tiruppur,1.0,-39.275000000000006
2023-11-01 23:00:00,634,Tiruppur,0.8333333333333334,-39.275000000000006
2023-11-02 00:00:00,634,Tiruppur,1.1666666666666667,-39.275000000000006
2023-11-02 01:00:00,634,Tiruppur,0.5,-39.275000000000006
2023-11-02 02:00:00,634,Tiruppur,1.25,-39.275000000000006
2023-11-02 17:00:00,634,Tiruppur,20.0,-39.265
2023-11-02 18:00:00,634,Tiruppur,10.5,-39.265
2023-11-02 21:00:00,634,Tiruppur,0.5,-39.265
2023-11-02 22:00:00,634,Tiruppur,5.0,-39.2785
2023-11-02 23:00:00,634,Tiruppur,0.5,-39.2785
2023-11-03 00:00:00,634,Tiruppur,1.1666666666666667,-39.2785
2023-11-03 01:00:00,634,Tiruppur,7.166666666666667,-39.2785
2023-11-03 15:00:00,634,Tiruppur,0.5,-39.2765
2023-11-03 16:00:00,634,Tiruppur,2.0,-39.277
2023-11-03 17:00:00,634,Tiruppur,0.5,-39.277
2023-11-03 21:00:00,634,Tiruppur,1.5,-39.277
2023-11-04 00:00:00,634,Tiruppur,0.5,-39.2825
2023-11-04 01:00:00,634,Tiruppur,1.5,-39.2825
2023-11-04 02:00:00,634,Tiruppur,6.0,-39.2825
2023-11-04 03:00:00,634,Tiruppur,5.0,-39.2825
2023-11-04 04:00:00,634,Tiruppur,5.0,-39.2845
2023-11-04 05:00:00,634,Tiruppur,0.5,-39.2845
2023-11-04 08:00:00,634,Tiruppur,0.5,-39.2845
2023-11-04 14:00:00,634,Tiruppur,3.0,-39.282
2023-11-04 15:00:00,634,Tiruppur,5.583333333333333,-39.282
2023-11-04 16:00:00,634,Tiruppur,1.6666666666666667,-39.2855
2023-11-04 17:00:00,634,Tiruppur,2.25,-39.2855
2023-11-04 18:00:00,634,Tiruppur,1.3333333333333333,-39.2855
2023-11-04 20:00:00,634,Tiruppur,1.0,-39.2855
2023-11-04 21:00:00,634,Tiruppur,1.8333333333333333,-39.2855
2023-11-04 22:00:00,634,Tiruppur,0.5,-39.2935
2023-11-04 23:00:00,634,Tiruppur,2.5,-39.2935
2023-11-05 00:00:00,634,Tiruppur,7.625,-39.2935
2023-11-05 01:00:00,634,Tiruppur,5.166666666666667,-39.2935
2023-11-05 02:00:00,634,Tiruppur,1.6666666666666667,-39.2935
2023-11-05 03:00:00,634,Tiruppur,0.625,-39.2935
2023-11-05 04:00:00,634,Tiruppur,0.5,-39.292
2023-11-05 05:00:00,634,Tiruppur,0.5,-39.292
2023-11-05 06:00:00,634,Tiruppur,0.5,-39.292
2023-11-05 14:00:00,634,Tiruppur,1.0,-39.284
2023-11-05 18:00:00,634,Tiruppur,22.5,-39.277
2023-11-06 15:00:00,634,Tiruppur,9.5,-39.2915
2023-11-06 16:00:00,634,Tiruppur,1.0,-39.3025
2023-11-06 17:00:00,634,Tiruppur,10.75,-39.3025
2023-11-06 18:00:00,634,Tiruppur,0.5,-39.3025
2023-11-06 21:00:00,634,Tiruppur,1.5,-39.3025
2023-11-07 00:00:00,634,Tiruppur,6.75,-39.3085
2023-11-07 01:00:00,634,Tiruppur,1.0,-39.3085
2023-11-07 02:00:00,634,Tiruppur,2.25,-39.3085
2023-11-07 03:00:00,634,Tiruppur,1.6666666666666667,-39.3085
2023-11-07 04:00:00,634,Tiruppur,6.0,-39.3125
2023-11-07 05:00:00,634,Tiruppur,0.75,-39.3125
2023-11-07 08:00:00,634,Tiruppur,0.5,-39.3125
2023-11-07 23:00:00,634,Tiruppur,1.5,-39.3025
2023-11-08 00:00:00,634,Tiruppur,10.0,-39.3025
2023-11-08 01:00:00,634,Tiruppur,0.5,-39.3025
2023-11-08 02:00:00,634,Tiruppur,1.5,-39.3025
2023-11-08 03:00:00,634,Tiruppur,0.5,-39.3025
2023-11-08 04:00:00,634,Tiruppur,0.5,-39.3025
2023-11-08 06:00:00,634,Tiruppur,0.5,-39.3025
2023-11-08 07:00:00,634,Tiruppur,1.0,-39.3025
2023-11-08 10:00:00,634,Tiruppur,0.5,-39.298
2023-11-08 23:00:00,634,Tiruppur,0.5,-38.8435
2023-11-09 00:00:00,634,Tiruppur,3.5,-38.8435
2023-11-09 01:00:00,634,Tiruppur,1.25,-38.8435
2023-11-09 02:00:00,634,Tiruppur,12.5,-38.8435
2023-11-09 03:00:00,634,Tiruppur,3.0,-38.8435
2023-11-09 04:00:00,634,Tiruppur,49.0,-39.2045
2023-11-09 05:00:00,634,Tiruppur,10.666666666666666,-39.2045
2023-11-09 06:00:00,634,Tiruppur,14.75,-39.2045
2023-11-09 07:00:00,634,Tiruppur,4.5,-39.2045
2023-11-09 08:00:00,634,Tiruppur,16.75,-39.2045
2023-11-09 09:00:00,634,Tiruppur,0.5,-39.2045
2023-11-09 10:00:00,634,Tiruppur,869.25,-38.4655
2023-11-09 11:00:00,634,Tiruppur,1.0,-38.4655
2023-11-09 12:00:00,634,Tiruppur,0.5,-38.4655
2023-11-09 14:00:00,634,Tiruppur,1.5,-38.4655
2023-11-09 19:00:00,634,Tiruppur,1.0,-38.232
2023-11-09 20:00:00,634,Tiruppur,0.5,-38.232
2023-11-09 23:00:00,634,Tiruppur,2.5,-37.923
2023-11-10 02:00:00,634,Tiruppur,2.0,-37.923
2023-11-10 15:00:00,634,Tiruppur,2.1666666666666665,-38.276
2023-11-10 16:00:00,634,Tiruppur,1.75,-37.4395
2023-11-10 17:00:00,634,Tiruppur,101.5,-37.4395
2023-11-10 22:00:00,634,Tiruppur,0.5,-37.13
2023-11-10 23:00:00,634,Tiruppur,1.5,-37.13
2023-11-11 18:00:00,634,Tiruppur,2946.5,-36.4865
2023-11-11 21:00:00,634,Tiruppur,3967.0,-36.4865
2023-11-13 01:00:00,634,Tiruppur,991.0,-35.511
2023-11-13 08:00:00,634,Tiruppur,5.5,-35.319500000000005
2023-11-13 12:00:00,634,Tiruppur,57.0,-35.836
2023-11-13 13:00:00,634,Tiruppur,143.0,-35.836
2023-11-13 14:00:00,634,Tiruppur,7314.5,-35.836
2023-11-13 15:00:00,634,Tiruppur,2873.0,-35.836
2023-11-13 16:00:00,634,Tiruppur,1026.5,-35.219
2023-11-13 18:00:00,634,Tiruppur,1.5,-35.219
2023-11-13 19:00:00,634,Tiruppur,216.5,-35.219
2023-11-13 20:00:00,634,Tiruppur,362.0,-35.219
2023-11-13 21:00:00,634,Tiruppur,102.0,-35.219
2023-11-13 22:00:00,634,Tiruppur,2.5,-35.121
2023-11-13 23:00:00,634,Tiruppur,209.5,-35.121
2023-11-14 00:00:00,634,Tiruppur,117.0,-35.121
2023-11-14 01:00:00,634,Tiruppur,19.0,-35.121
2023-11-14 03:00:00,634,Tiruppur,15.5,-35.121
2023-11-14 04:00:00,634,Tiruppur,1.0,-34.982499999999995
2023-11-14 05:00:00,634,Tiruppur,5.875,-34.982499999999995
2023-11-14 06:00:00,634,Tiruppur,8.875,-34.982499999999995
2023-11-14 07:00:00,634,Tiruppur,6.333333333333333,-34.982499999999995
2023-11-14 08:00:00,634,Tiruppur,119.5,-34.982499999999995
2023-11-14 09:00:00,634,Tiruppur,61.0,-34.982499999999995
2023-11-14 10:00:00,634,Tiruppur,61.5,-35.857
2023-11-14 11:00:00,634,Tiruppur,46.5,-35.857
2023-11-14 12:00:00,634,Tiruppur,287.5,-35.857
2023-11-14 13:00:00,634,Tiruppur,285.0,-35.857
2023-11-14 14:00:00,634,Tiruppur,388.5,-35.857
2023-11-14 15:00:00,634,Tiruppur,0.5,-35.857
2023-11-14 16:00:00,634,Tiruppur,2.5,-35.137
2023-11-15 10:00:00,634,Tiruppur,0.5,-34.976
2023-11-21 20:00:00,634,Tiruppur,1.5,-36.82
2023-11-21 21:00:00,634,Tiruppur,11.5,-36.82
2023-11-21 22:00:00,634,Tiruppur,3.5,-36.38
2023-11-21 23:00:00,634,Tiruppur,13.25,-36.38
2023-11-22 00:00:00,634,Tiruppur,1.0,-36.38
2023-11-22 01:00:00,634,Tiruppur,1.25,-36.38
2023-11-22 02:00:00,634,Tiruppur,19.5,-36.38
2023-11-22 03:00:00,634,Tiruppur,23.0,-36.38
2023-11-22 04:00:00,634,Tiruppur,12.25,-36.51349999999999
2023-11-22 07:00:00,634,Tiruppur,1.5,-36.51349999999999
2023-11-22 08:00:00,634,Tiruppur,0.5,-36.51349999999999
2023-11-22 11:00:00,634,Tiruppur,2.0,-37.0125
2023-11-22 16:00:00,634,Tiruppur,0.5,-36.485
2023-11-22 19:00:00,634,Tiruppur,2.25,-36.485
2023-11-22 20:00:00,634,Tiruppur,2.75,-36.485
2023-11-22 21:00:00,634,Tiruppur,1.0,-36.485
2023-11-22 22:00:00,634,Tiruppur,1.75,-38.2245
2023-11-22 23:00:00,634,Tiruppur,7.5,-38.2245
2023-11-23 00:00:00,634,Tiruppur,1.0,-38.2245
2023-11-23 01:00:00,634,Tiruppur,0.5,-38.2245
2023-11-23 10:00:00,634,Tiruppur,1.0,-36.656
2023-11-23 11:00:00,634,Tiruppur,2.5,-36.656
2023-11-23 15:00:00,634,Tiruppur,0.5,-36.656
2023-11-23 16:00:00,634,Tiruppur,2.833333333333333,-36.563
2023-11-23 17:00:00,634,Tiruppur,2.0,-36.563
2023-11-23 18:00:00,634,Tiruppur,2.5,-36.563
2023-11-23 19:00:00,634,Tiruppur,1.5,-36.563
2023-11-23 20:00:00,634,Tiruppur,1.75,-36.563
2023-11-23 21:00:00,634,Tiruppur,1.75,-36.563
2023-11-23 22:00:00,634,Tiruppur,5.5,-36.5435
2023-11-25 03:00:00,634,Tiruppur,0.5,-37.0365
2023-11-25 08:00:00,634,Tiruppur,0.5,-36.7655
2023-11-25 14:00:00,634,Tiruppur,1.75,-36.8395
2023-11-25 15:00:00,634,Tiruppur,3.75,-36.8395
2023-11-25 19:00:00,634,Tiruppur,4.0,-36.8935
2023-11-25 20:00:00,634,Tiruppur,2.75,-36.8935
2023-11-25 21:00:00,634,Tiruppur,1.0,-36.8935
2023-11-25 22:00:00,634,Tiruppur,2.75,-36.6885
2023-11-26 02:00:00,634,Tiruppur,2.5,-36.6885
2023-11-26 03:00:00,634,Tiruppur,4.0,-36.6885
2023-11-26 04:00:00,634,Tiruppur,1.5,-36.522
2023-11-26 09:00:00,634,Tiruppur,2.5,-36.522
2023-11-26 10:00:00,634,Tiruppur,3.5,-36.628
2023-11-26 17:00:00,634,Tiruppur,3.625,-36.6175
2023-11-26 18:00:00,634,Tiruppur,1.5,-36.6175
2023-11-26 19:00:00,634,Tiruppur,0.5,-36.6175
2023-11-28 21:00:00,634,Tiruppur,5.0,-36.449
2023-11-29 23:00:00,634,Tiruppur,7.0,-36.401
2023-11-30 00:00:00,634,Tiruppur,1.0,-36.401
2023-11-30 16:00:00,634,Tiruppur,0.5,-36.345
2023-12-01 06:00:00,634,Tiruppur,0.5,-36.1755
2023-12-03 17:00:00,634,Tiruppur,0.5,-36.267
2023-12-08 00:00:00,634,Tiruppur,1.5,-37.3215
2023-12-08 01:00:00,634,Tiruppur,1.5,-37.3215
2023-12-08 02:00:00,634,Tiruppur,2.5,-37.3215
2023-12-08 03:00:00,634,Tiruppur,13.25,-37.3215
2023-12-08 04:00:00,634,Tiruppur,16.0,-38.1405
2023-12-08 05:00:00,634,Tiruppur,7.333333333333333,-38.1405
2023-12-08 06:00:00,634,Tiruppur,0.6666666666666666,-38.1405
2023-12-08 09:00:00,634,Tiruppur,0.5,-38.1405
2023-12-08 10:00:00,634,Tiruppur,4.5,-37.7085
2023-12-08 11:00:00,634,Tiruppur,2.25,-37.7085
2023-12-09 03:00:00,634,Tiruppur,20.0,-37.856
2023-12-09 04:00:00,634,Tiruppur,11.75,-38.665
2023-12-09 05:00:00,634,Tiruppur,6.5,-38.665
2023-12-09 06:00:00,634,Tiruppur,0.5,-38.665
2023-12-09 08:00:00,634,Tiruppur,0.5,-38.665
2023-12-17 00:00:00,634,Tiruppur,1.0,-39.3605
2023-12-17 01:00:00,634,Tiruppur,0.5,-39.3605
2023-12-17 15:00:00,634,Tiruppur,0.5,-39.364
2023-12-17 17:00:00,634,Tiruppur,2.5,-39.339000000000006
2023-12-17 18:00:00,634,Tiruppur,2.75,-39.339000000000006
2023-12-17 19:00:00,634,Tiruppur,1.75,-39.339000000000006
2023-12-17 20:00:00,634,Tiruppur,6.5,-39.339000000000006
2023-12-17 21:00:00,634,Tiruppur,2.25,-39.339000000000006
2023-12-17 22:00:00,634,Tiruppur,2.75,-39.306
2023-12-17 23:00:00,634,Tiruppur,1.75,-39.306
2023-12-18 00:00:00,634,Tiruppur,1.125,-39.306
2023-12-18 01:00:00,634,Tiruppur,0.5,-39.306
2023-12-18 02:00:00,634,Tiruppur,1.75,-39.306
2023-12-18 03:00:00,634,Tiruppur,2.6666666666666665,-39.306
2023-12-18 04:00:00,634,Tiruppur,1.0,-39.258500000000005
2023-12-18 05:00:00,634,Tiruppur,2.0,-39.258500000000005
2023-12-18 06:00:00,634,Tiruppur,1.5,-39.258500000000005
2023-12-18 07:00:00,634,Tiruppur,1.1666666666666667,-39.258500000000005
2023-12-18 08:00:00,634,Tiruppur,1.6666666666666667,-39.258500000000005
2023-12-18 09:00:00,634,Tiruppur,1.0,-39.258500000000005
2023-12-18 10:00:00,634,Tiruppur,1.0,-39.208000000000006
2023-12-18 11:00:00,634,Tiruppur,0.75,-39.208000000000006
2023-12-18 12:00:00,634,Tiruppur,0.5,-39.208000000000006
2023-12-18 17:00:00,634,Tiruppur,0.5,-39.1775
2023-12-20 08:00:00,634,Tiruppur,0.5,-39.1925
2023-12-21 06:00:00,634,Tiruppur,0.5,-39.2225
2023-12-21 07:00:00,634,Tiruppur,0.5,-39.2225
2023-12-21 08:00:00,634,Tiruppur,0.5,-39.2225
2023-12-21 09:00:00,634,Tiruppur,0.5,-39.2225
2023-12-21 10:00:00,634,Tiruppur,0.5,-39.2315
2023-12-21 11:00:00,634,Tiruppur,0.5,-39.2315
2023-12-25 01:00:00,634,Tiruppur,0.5,-39.32
2023-12-25 03:00:00,634,Tiruppur,0.5,-39.32
2023-12-28 04:00:00,634,Tiruppur,0.75,-39.35
2023-12-28 10:00:00,634,Tiruppur,0.5,-39.3415
2023-12-29 21:00:00,634,Tiruppur,0.5,-39.35
2024-01-04 23:00:00,634,Tiruppur,5.166666666666667,-39.344
2024-01-05 00:00:00,634,Tiruppur,3.25,-39.344
2024-01-05 01:00:00,634,Tiruppur,0.5,-39.344
2024-01-05 02:00:00,634,Tiruppur,0.5,-39.344
2024-01-05 03:00:00,634,Tiruppur,1.25,-39.344
2024-01-05 04:00:00,634,Tiruppur,0.7,-39.34
2024-01-05 05:00:00,634,Tiruppur,0.5,-39.34
2024-01-05 06:00:00,634,Tiruppur,0.5,-39.34
2024-01-05 07:00:00,634,Tiruppur,0.5,-39.34
2024-01-05 14:00:00,634,Tiruppur,0.5,-39.3295
2024-01-06 12:00:00,634,Tiruppur,0.5,-39.3085
2024-01-07 22:00:00,634,Tiruppur,0.5,-39.307500000000005
2024-01-08 14:00:00,634,Tiruppur,0.5,-39.3045
2024-01-08 16:00:00,634,Tiruppur,0.5,-39.298
2024-01-08 17:00:00,634,Tiruppur,2.5,-39.298
2024-01-08 18:00:00,634,Tiruppur,1.0,-39.298
2024-01-08 19:00:00,634,Tiruppur,0.5,-39.298
2024-01-09 02:00:00,634,Tiruppur,0.5,-39.3035
2024-01-09 08:00:00,634,Tiruppur,0.5,-39.299
2024-01-09 09:00:00,634,Tiruppur,0.5,-39.299
2024-01-09 10:00:00,634,Tiruppur,2.375,-39.2895
2024-01-09 11:00:00,634,Tiruppur,7.9,-39.2895
2024-01-09 12:00:00,634,Tiruppur,12.75,-39.2895
2024-01-09 13:00:00,634,Tiruppur,7.875,-39.2895
2024-01-09 14:00:00,634,Tiruppur,5.9,-39.2895
2024-01-09 15:00:00,634,Tiruppur,2.875,-39.2895
2024-01-09 16:00:00,634,Tiruppur,0.5,-39.232
2024-01-09 18:00:00,634,Tiruppur,0.5,-39.232
2024-01-09 19:00:00,634,Tiruppur,0.5,-39.232
2024-04-27 09:00:00,634,Tiruppur,4.0,-39.4315
2024-04-27 10:00:00,634,Tiruppur,3.0,-39.446
2024-04-27 14:00:00,634,Tiruppur,12.5,-39.446
2024-04-27 15:00:00,634,Tiruppur,10.0,-39.446
2024-04-27 18:00:00,634,Tiruppur,5.0,-39.429
2024-05-03 20:00:00,634,Tiruppur,1.0,-39.4935
2024-05-04 16:00:00,634,Tiruppur,0.5,-39.493
2024-05-04 17:00:00,634,Tiruppur,4.5,-39.493
2024-05-07 00:00:00,634,Tiruppur,8.5,-39.480500000000006
2024-05-07 04:00:00,634,Tiruppur,1.0,-39.482
2024-05-09 19:00:00,634,Tiruppur,1.0,-39.4955
2024-05-09 20:00:00,634,Tiruppur,0.5,-39.4955
2024-05-09 21:00:00,634,Tiruppur,0.75,-39.4955
2024-05-10 01:00:00,634,Tiruppur,11.666666666666666,-39.5135
2024-05-10 02:00:00,634,Tiruppur,1.5,-39.5135
2024-05-10 03:00:00,634,Tiruppur,0.5,-39.5135
2024-05-10 12:00:00,634,Tiruppur,0.5,-39.5085
2024-05-12 21:00:00,634,Tiruppur,3.5,-39.61
2024-05-12 22:00:00,634,Tiruppur,22.5,-39.698
2024-05-12 23:00:00,634,Tiruppur,0.5,-39.698
2024-05-13 15:00:00,634,Tiruppur,10.5,-39.767500000000005
2024-05-13 16:00:00,634,Tiruppur,12.5,-39.705000000000005
2024-05-13 17:00:00,634,Tiruppur,26.0,-39.705000000000005
2024-05-13 18:00:00,634,Tiruppur,0.75,-39.705000000000005
2024-05-13 19:00:00,634,Tiruppur,0.5,-39.705000000000005
2024-05-14 19:00:00,634,Tiruppur,18.0,-39.494
2024-05-14 20:00:00,634,Tiruppur,0.5,-39.494
2024-05-14 21:00:00,634,Tiruppur,0.5,-39.494
2024-05-14 22:00:00,634,Tiruppur,0.8333333333333334,-39.488
2024-05-14 23:00:00,634,Tiruppur,0.75,-39.488
2024-05-15 00:00:00,634,Tiruppur,0.5,-39.488
2024-05-15 20:00:00,634,Tiruppur,4.5,-39.5335
2024-05-15 21:00:00,634,Tiruppur,13.375,-39.5335
2024-05-15 22:00:00,634,Tiruppur,3.0,-39.521
2024-05-15 23:00:00,634,Tiruppur,0.75,-39.521
2024-05-16 00:00:00,634,Tiruppur,0.6666666666666666,-39.521
2024-05-16 01:00:00,634,Tiruppur,0.5,-39.521
2024-05-16 02:00:00,634,Tiruppur,0.5,-39.521
2024-05-16 20:00:00,634,Tiruppur,20.5,-39.5285
2024-05-16 21:00:00,634,Tiruppur,4.5,-39.5285
2024-05-17 15:00:00,634,Tiruppur,15.0,-39.533
2024-05-17 16:00:00,634,Tiruppur,17.5,-39.5375
2024-05-17 17:00:00,634,Tiruppur,7.333333333333333,-39.5375
2024-05-17 18:00:00,634,Tiruppur,10.666666666666666,-39.5375
2024-05-17 19:00:00,634,Tiruppur,3.8333333333333335,-39.5375
2024-05-17 20:00:00,634,Tiruppur,1.5,-39.5375
2024-05-17 21:00:00,634,Tiruppur,1.0,-39.5375
2024-05-18 01:00:00,634,Tiruppur,0.5,-39.376
2024-05-18 14:00:00,634,Tiruppur,0.5,-39.3305
2024-05-18 15:00:00,634,Tiruppur,2.0,-39.3305
2024-05-18 16:00:00,634,Tiruppur,27.0,-39.3315
2024-05-18 17:00:00,634,Tiruppur,6.0,-39.3315
2024-05-19 15:00:00,634,Tiruppur,1.0,-39.34
2024-05-19 16:00:00,634,Tiruppur,4.0,-39.349
2024-05-19 17:00:00,634,Tiruppur,11.25,-39.349
2024-05-19 18:00:00,634,Tiruppur,17.666666666666668,-39.349
2024-05-19 19:00:00,634,Tiruppur,4.125,-39.349
2024-05-19 20:00:00,634,Tiruppur,3.1666666666666665,-39.349
2024-05-19 21:00:00,634,Tiruppur,1.25,-39.349
2024-05-19 22:00:00,634,Tiruppur,0.6666666666666666,-39.356
2024-05-20 00:00:00,634,Tiruppur,0.5,-39.356
2024-05-20 02:00:00,634,Tiruppur,0.5,-39.356
2024-05-20 15:00:00,634,Tiruppur,3.0,-39.365
2024-05-20 16:00:00,634,Tiruppur,14.0,-39.37
2024-05-20 17:00:00,634,Tiruppur,2.0,-39.37
2024-05-20 18:00:00,634,Tiruppur,3.5,-39.37
2024-05-20 19:00:00,634,Tiruppur,2.0,-39.37
2024-05-20 20:00:00,634,Tiruppur,1.5,-39.37
2024-05-20 21:00:00,634,Tiruppur,0.5,-39.37
2024-05-20 22:00:00,634,Tiruppur,0.5,-39.379
2024-05-20 23:00:00,634,Tiruppur,0.6666666666666666,-39.379
2024-05-21 00:00:00,634,Tiruppur,0.5,-39.379
2024-05-21 01:00:00,634,Tiruppur,0.75,-39.379
2024-05-21 02:00:00,634,Tiruppur,0.5,-39.379
2024-05-21 16:00:00,634,Tiruppur,6.166666666666667,-39.385
2024-05-21 17:00:00,634,Tiruppur,13.5,-39.385
2024-05-21 18:00:00,634,Tiruppur,2.6666666666666665,-39.385
2024-05-21 19:00:00,634,Tiruppur,16.5,-39.385
2024-05-21 20:00:00,634,Tiruppur,25.25,-39.385
2024-05-21 21:00:00,634,Tiruppur,4.5,-39.385
2024-05-21 22:00:00,634,Tiruppur,4.666666666666667,-39.329
2024-05-21 23:00:00,634,Tiruppur,1.3333333333333333,-39.329
2024-05-22 01:00:00,634,Tiruppur,0.5,-39.329
2024-05-22 02:00:00,634,Tiruppur,2.0,-39.329
2024-05-22 06:00:00,634,Tiruppur,0.5,-39.29
2024-05-22 07:00:00,634,Tiruppur,6.5,-39.29
2024-05-22 08:00:00,634,Tiruppur,1.5,-39.29
2024-05-22 10:00:00,634,Tiruppur,5.5,-39.284000000000006
2024-05-22 11:00:00,634,Tiruppur,26.5,-39.284000000000006
2024-05-22 14:00:00,634,Tiruppur,0.5,-39.284000000000006
2024-05-22 18:00:00,634,Tiruppur,0.5,-39.275000000000006
2024-05-22 19:00:00,634,Tiruppur,3.0,-39.275000000000006
2024-05-22 20:00:00,634,Tiruppur,14.333333333333334,-39.275000000000006
2024-05-22 21:00:00,634,Tiruppur,25.0,-39.275000000000006
2024-05-22 22:00:00,634,Tiruppur,2.333333333333333,-39.2905
2024-05-22 23:00:00,634,Tiruppur,1.5,-39.2905
2024-05-23 00:00:00,634,Tiruppur,1.5,-39.2905
2024-05-23 01:00:00,634,Tiruppur,1.1666666666666667,-39.2905
2024-05-23 02:00:00,634,Tiruppur,0.625,-39.2905
2024-05-23 03:00:00,634,Tiruppur,0.5,-39.2905
2024-05-23 05:00:00,634,Tiruppur,0.5,-39.2805
2024-05-23 19:00:00,634,Tiruppur,0.5,-39.277
2024-05-23 20:00:00,634,Tiruppur,4.75,-39.277
2024-05-23 21:00:00,634,Tiruppur,6.5,-39.277
2024-05-23 22:00:00,634,Tiruppur,0.5,-39.288
2024-05-24 04:00:00,634,Tiruppur,0.5,-39.283
2024-05-24 05:00:00,634,Tiruppur,0.5,-39.283
2024-05-24 07:00:00,634,Tiruppur,0.5,-39.283
2024-05-24 08:00:00,634,Tiruppur,1.0,-39.283
2024-05-24 09:00:00,634,Tiruppur,0.5,-39.283
2024-05-24 12:00:00,634,Tiruppur,1.0,-39.2975
2024-05-24 13:00:00,634,Tiruppur,0.75,-39.2975
2024-05-24 14:00:00,634,Tiruppur,2.0,-39.2975
2024-05-24 17:00:00,634,Tiruppur,2.0,-39.282500000000006
2024-05-24 18:00:00,634,Tiruppur,6.5,-39.282500000000006
2024-06-02 17:00:00,634,Tiruppur,0.5,-39.288
2024-06-02 18:00:00,634,Tiruppur,9.333333333333334,-39.288
2024-06-02 19:00:00,634,Tiruppur,16.75,-39.288
2024-06-02 20:00:00,634,Tiruppur,0.5,-39.288
2024-06-02 23:00:00,634,Tiruppur,0.5,-39.301
2024-06-03 14:00:00,634,Tiruppur,3.0,-39.3175
2024-06-06 15:00:00,634,Tiruppur,27.0,-39.428
2024-06-06 16:00:00,634,Tiruppur,10.1,-39.2285
2024-06-06 17:00:00,634,Tiruppur,10.0,-39.2285
2024-06-06 18:00:00,634,Tiruppur,0.5,-39.2285
2024-06-06 19:00:00,634,Tiruppur,0.6666666666666666,-39.2285
2024-06-06 20:00:00,634,Tiruppur,1.0833333333333333,-39.2285
2024-06-06 21:00:00,634,Tiruppur,1.5,-39.2285
2024-06-06 22:00:00,634,Tiruppur,1.25,-39.0625
2024-06-06 23:00:00,634,Tiruppur,0.5,-39.0625
2024-06-07 00:00:00,634,Tiruppur,0.5,-39.0625
2024-06-07 01:00:00,634,Tiruppur,0.5,-39.0625
2024-06-07 08:00:00,634,Tiruppur,0.5,-39.0125
2024-06-07 16:00:00,634,Tiruppur,0.5,-39.005
2024-06-07 17:00:00,634,Tiruppur,1.5,-39.005
2024-06-08 18:00:00,634,Tiruppur,0.5,-39.0505
2024-06-08 19:00:00,634,Tiruppur,2.0,-39.0505
2024-06-08 20:00:00,634,Tiruppur,0.5,-39.0505
2024-06-08 22:00:00,634,Tiruppur,0.5,-39.07449999999999
2024-06-08 23:00:00,634,Tiruppur,1.3333333333333333,-39.07449999999999
2024-06-09 00:00:00,634,Tiruppur,0.75,-39.07449999999999
2024-06-11 14:00:00,634,Tiruppur,2.0,-39.213
2024-06-16 15:00:00,634,Tiruppur,1.0,-39.2835
2024-06-16 16:00:00,634,Tiruppur,0.5,-39.2905
2024-06-18 15:00:00,634,Tiruppur,1.5,-39.2525
2024-06-19 17:00:00,634,Tiruppur,2.0,-39.166
2024-06-22 07:00:00,634,Tiruppur,0.5,-39.185
2024-06-22 16:00:00,634,Tiruppur,0.5,-39.1845
2024-06-23 19:00:00,634,Tiruppur,0.5,-39.1745
2024-06-23 20:00:00,634,Tiruppur,0.5,-39.1745
2024-06-24 14:00:00,634,Tiruppur,4.5,-39.1725
2024-06-24 22:00:00,634,Tiruppur,1.5,-39.1835
2024-06-24 23:00:00,634,Tiruppur,2.5,-39.1835
2024-06-25 02:00:00,634,Tiruppur,0.5,-39.1835
2024-06-25 07:00:00,634,Tiruppur,0.5,-39.18
2024-06-25 12:00:00,634,Tiruppur,0.5,-39.183
2024-06-25 14:00:00,634,Tiruppur,1.0,-39.183
2024-06-25 15:00:00,634,Tiruppur,0.5,-39.183
2024-06-25 17:00:00,634,Tiruppur,1.0,-39.176
2024-06-25 18:00:00,634,Tiruppur,2.0,-39.176
2024-06-25 19:00:00,634,Tiruppur,0.5,-39.176
2024-06-25 20:00:00,634,Tiruppur,0.5,-39.176
2024-06-25 22:00:00,634,Tiruppur,0.5,-39.1795
2024-06-26 00:00:00,634,Tiruppur,1.5,-39.1795
2024-06-26 01:00:00,634,Tiruppur,3.0,-39.1795
2024-06-26 02:00:00,634,Tiruppur,2.0,-39.1795
2024-06-26 03:00:00,634,Tiruppur,0.5,-39.1795
2024-06-26 04:00:00,634,Tiruppur,0.5,-39.176
2024-06-26 07:00:00,634,Tiruppur,0.5,-39.176
2024-06-26 13:00:00,634,Tiruppur,0.5,-39.1875
2024-06-27 04:00:00,634,Tiruppur,0.5,-39.1225
2024-06-27 08:00:00,634,Tiruppur,0.5,-39.1225
2024-06-27 13:00:00,634,Tiruppur,0.5,-39.116
2024-06-27 14:00:00,634,Tiruppur,1.5,-39.116
2024-06-27 15:00:00,634,Tiruppur,0.5,-39.116
2024-06-28 02:00:00,634,Tiruppur,0.5,-39.0785
2024-06-30 13:00:00,634,Tiruppur,4.0,-39.1625
2024-06-30 14:00:00,634,Tiruppur,0.5,-39.1625
2024-07-03 16:00:00,634,Tiruppur,0.5,-75.199
2024-07-03 18:00:00,634,Tiruppur,0.5,-75.199
2024-07-07 08:00:00,634,Tiruppur,0.5,-39.272
2024-07-07 09:00:00,634,Tiruppur,0.5,-39.272
2024-07-07 10:00:00,634,Tiruppur,0.5,-39.287
2024-07-08 09:00:00,634,Tiruppur,0.5,-39.289
2024-07-12 18:00:00,634,Tiruppur,1.5,-39.2435
2024-07-12 19:00:00,634,Tiruppur,1.0,-39.2435
2024-07-12 20:00:00,634,Tiruppur,0.5,-39.2435
2024-07-12 22:00:00,634,Tiruppur,0.5,-39.24
2024-07-12 23:00:00,634,Tiruppur,0.5,-39.24
2024-07-13 00:00:00,634,Tiruppur,0.5,-39.24
2024-07-13 17:00:00,634,Tiruppur,0.5,-39.2235
2024-07-13 21:00:00,634,Tiruppur,0.5,-39.2235
2024-07-13 23:00:00,634,Tiruppur,4.5,-39.2225
2024-07-14 00:00:00,634,Tiruppur,2.5,-39.2225
2024-07-14 01:00:00,634,Tiruppur,0.75,-39.2225
2024-07-14 02:00:00,634,Tiruppur,2.25,-39.2225
2024-07-14 05:00:00,634,Tiruppur,1.0,-39.2135
2024-07-14 14:00:00,634,Tiruppur,1.75,-39.208
2024-07-14 17:00:00,634,Tiruppur,0.75,-39.2025
2024-07-14 18:00:00,634,Tiruppur,1.25,-39.2025
2024-07-14 19:00:00,634,Tiruppur,0.5,-39.2025
2024-07-14 20:00:00,634,Tiruppur,0.5,-39.2025
2024-07-15 00:00:00,634,Tiruppur,1.5,-39.168
2024-07-15 02:00:00,634,Tiruppur,0.5,-39.168
2024-07-15 03:00:00,634,Tiruppur,2.0,-39.168
2024-07-15 05:00:00,634,Tiruppur,1.0,-39.121
2024-07-15 10:00:00,634,Tiruppur,3.0,-39.0555
2024-07-15 12:00:00,634,Tiruppur,7.666666666666667,-39.0555
2024-07-15 13:00:00,634,Tiruppur,1.0,-39.0555
2024-07-15 14:00:00,634,Tiruppur,1.0,-39.0555
2024-07-15 15:00:00,634,Tiruppur,1.0,-39.0555
2024-07-15 16:00:00,634,Tiruppur,1.1666666666666667,-39.036
2024-07-15 17:00:00,634,Tiruppur,2.333333333333333,-39.036
2024-07-15 18:00:00,634,Tiruppur,1.0,-39.036
2024-07-15 19:00:00,634,Tiruppur,0.5,-39.036
2024-07-15 22:00:00,634,Tiruppur,4.0,-39.0335
2024-07-15 23:00:00,634,Tiruppur,8.0,-39.0335
2024-07-16 00:00:00,634,Tiruppur,0.5,-39.0335
2024-07-16 01:00:00,634,Tiruppur,1.5,-39.0335
2024-07-16 02:00:00,634,Tiruppur,3.5,-39.0335
2024-07-16 03:00:00,634,Tiruppur,0.5,-39.0335
2024-07-16 04:00:00,634,Tiruppur,0.75,-39.043
2024-07-16 07:00:00,634,Tiruppur,0.5,-39.043
2024-07-16 09:00:00,634,Tiruppur,0.5,-39.043
2024-07-16 10:00:00,634,Tiruppur,0.5,-39.0485
2024-07-16 11:00:00,634,Tiruppur,1.5,-39.0485
2024-07-16 12:00:00,634,Tiruppur,0.5,-39.0485
2024-07-16 13:00:00,634,Tiruppur,0.5,-39.0485
2024-07-16 15:00:00,634,Tiruppur,2.0,-39.0485
2024-07-16 19:00:00,634,Tiruppur,3.0,-39.065
2024-07-16 20:00:00,634,Tiruppur,0.5,-39.065
2024-07-17 01:00:00,634,Tiruppur,2.5,-39.078
2024-07-17 05:00:00,634,Tiruppur,1.0,-39.106
2024-07-17 07:00:00,634,Tiruppur,0.5,-39.106
2024-07-17 15:00:00,634,Tiruppur,0.5,-39.1165
2024-07-17 16:00:00,634,Tiruppur,0.5,-39.1335
2024-07-17 17:00:00,634,Tiruppur,0.5,-39.1335
2024-07-17 18:00:00,634,Tiruppur,0.5,-39.1335
2024-07-17 21:00:00,634,Tiruppur,0.5,-39.1335
2024-07-18 00:00:00,634,Tiruppur,0.5,-39.141
2024-07-18 02:00:00,634,Tiruppur,1.5,-39.141
2024-07-18 03:00:00,634,Tiruppur,0.5,-39.141
2024-07-18 07:00:00,634,Tiruppur,0.5,-39.1505
2024-07-18 10:00:00,634,Tiruppur,0.5,-39.158
2024-07-18 12:00:00,634,Tiruppur,0.5,-39.158
2024-07-18 13:00:00,634,Tiruppur,1.5,-39.158
2024-07-18 17:00:00,634,Tiruppur,0.5,-39.164
2024-07-18 23:00:00,634,Tiruppur,1.0,-39.182
2024-07-19 00:00:00,634,Tiruppur,1.0,-39.182
2024-07-19 09:00:00,634,Tiruppur,1.0,-39.179
2024-07-19 10:00:00,634,Tiruppur,0.5,-39.18000000000001
2024-07-19 16:00:00,634,Tiruppur,1.0,-39.1815
2024-07-19 17:00:00,634,Tiruppur,1.75,-39.1815
2024-07-19 18:00:00,634,Tiruppur,1.25,-39.1815
2024-07-19 19:00:00,634,Tiruppur,1.5,-39.1815
2024-07-19 23:00:00,634,Tiruppur,0.5,-39.193
2024-07-20 06:00:00,634,Tiruppur,0.5,-39.1995
2024-07-20 10:00:00,634,Tiruppur,2.0,-39.2255
2024-07-20 13:00:00,634,Tiruppur,0.5,-39.2255
2024-07-22 14:00:00,634,Tiruppur,0.75,-39.325
2024-07-22 15:00:00,634,Tiruppur,2.5,-39.325
2024-07-23 21:00:00,634,Tiruppur,3.0,-39.336
2024-07-23 22:00:00,634,Tiruppur,1.0,-39.3555
2024-07-23 23:00:00,634,Tiruppur,0.5,-39.3555
2024-07-24 02:00:00,634,Tiruppur,0.5,-39.3555
2024-07-24 04:00:00,634,Tiruppur,0.5,-39.35
2024-07-24 14:00:00,634,Tiruppur,1.0,-39.3635
2024-07-24 15:00:00,634,Tiruppur,0.5,-39.3635
2024-07-25 04:00:00,634,Tiruppur,2.583333333333333,-39.36900000000001
2024-07-25 05:00:00,634,Tiruppur,2.25,-39.36900000000001
2024-07-25 06:00:00,634,Tiruppur,0.5,-39.36900000000001
2024-07-25 07:00:00,634,Tiruppur,0.5,-39.36900000000001
2024-07-25 14:00:00,634,Tiruppur,0.5,-39.3795
2024-07-25 15:00:00,634,Tiruppur,3.5,-39.3795
2024-07-25 16:00:00,634,Tiruppur,0.5,-39.3855
2024-07-26 00:00:00,634,Tiruppur,4.5,-39.401
2024-07-26 01:00:00,634,Tiruppur,2.0,-39.401
2024-07-27 14:00:00,634,Tiruppur,0.5,-39.41
2024-07-27 15:00:00,634,Tiruppur,0.5,-39.41
2024-07-28 07:00:00,634,Tiruppur,0.5,-39.411
2024-07-28 20:00:00,634,Tiruppur,0.5,-39.376000000000005
2024-07-29 16:00:00,634,Tiruppur,0.5,-39.4175
2024-07-29 18:00:00,634,Tiruppur,1.5,-39.4175
2024-07-29 19:00:00,634,Tiruppur,4.0,-39.4175
2024-07-29 20:00:00,634,Tiruppur,0.5,-39.4175
2024-07-29 21:00:00,634,Tiruppur,0.5,-39.4175
2024-07-29 22:00:00,634,Tiruppur,0.5,-39.43
2024-07-29 23:00:00,634,Tiruppur,1.0,-39.43
2024-07-30 00:00:00,634,Tiruppur,1.0,-39.43
2024-07-30 01:00:00,634,Tiruppur,0.6666666666666666,-39.43
2024-07-30 02:00:00,634,Tiruppur,3.5,-39.43
2024-07-30 03:00:00,634,Tiruppur,1.5,-39.43
2024-07-30 04:00:00,634,Tiruppur,0.5,-39.4335
2024-07-30 05:00:00,634,Tiruppur,0.5,-39.4335
2024-07-30 06:00:00,634,Tiruppur,0.5,-39.4335
2024-07-30 09:00:00,634,Tiruppur,0.5,-39.4335
2024-07-30 12:00:00,634,Tiruppur,0.5,-39.4415
2024-07-30 23:00:00,634,Tiruppur,0.5,-39.459
2024-07-31 11:00:00,634,Tiruppur,1.0,-39.468
2024-07-31 12:00:00,634,Tiruppur,1.5,-39.468
2024-07-31 17:00:00,634,Tiruppur,1.0,-39.4755
2024-07-31 18:00:00,634,Tiruppur,4.75,-39.4755
2024-07-31 19:00:00,634,Tiruppur,1.0,-39.4755
2024-07-31 20:00:00,634,Tiruppur,4.0,-39.4755
2024-07-31 21:00:00,634,Tiruppur,1.0,-39.4755
2024-07-31 22:00:00,634,Tiruppur,0.6666666666666666,-39.4815
2024-07-31 23:00:00,634,Tiruppur,0.5,-39.4815
2024-08-01 09:00:00,634,Tiruppur,0.5,-39.483
2024-08-01 17:00:00,634,Tiruppur,1.5,-39.4965
2024-08-03 16:00:00,634,Tiruppur,0.5,-39.6165
2024-08-03 17:00:00,634,Tiruppur,2.5,-39.6165
2024-08-05 23:00:00,634,Tiruppur,0.5,-39.6285
2024-08-06 00:00:00,634,Tiruppur,0.5,-39.6285
2024-08-07 03:00:00,634,Tiruppur,3.5,-39.6155
2024-08-10 16:00:00,634,Tiruppur,20.5,-39.6225
2024-08-10 19:00:00,634,Tiruppur,0.5,-39.6225
2024-08-11 19:00:00,634,Tiruppur,8.5,-39.6025
2024-08-11 20:00:00,634,Tiruppur,2.75,-39.6025
2024-08-11 21:00:00,634,Tiruppur,0.5,-39.6025
2024-08-12 00:00:00,634,Tiruppur,4.625,-39.6105
2024-08-12 01:00:00,634,Tiruppur,1.0,-39.6105
2024-08-12 03:00:00,634,Tiruppur,0.5,-39.6105
2024-08-12 06:00:00,634,Tiruppur,1.0,-39.575
2024-08-13 01:00:00,634,Tiruppur,4.0,-39.4785
2024-08-13 02:00:00,634,Tiruppur,2.25,-39.4785
2024-08-13 03:00:00,634,Tiruppur,0.5,-39.4785
2024-08-13 04:00:00,634,Tiruppur,1.25,-75.411
2024-08-13 18:00:00,634,Tiruppur,3.5,-75.411
2024-08-13 21:00:00,634,Tiruppur,1.5,-75.411
2024-08-13 22:00:00,634,Tiruppur,0.5,-75.415
2024-08-14 13:00:00,634,Tiruppur,4.5,-39.48950000000001
2024-08-14 21:00:00,634,Tiruppur,0.75,-39.4975
2024-08-14 22:00:00,634,Tiruppur,2.833333333333333,-39.506
2024-08-14 23:00:00,634,Tiruppur,17.666666666666668,-39.506
2024-08-15 00:00:00,634,Tiruppur,2.6666666666666665,-39.506
2024-08-15 01:00:00,634,Tiruppur,7.5,-39.506
2024-08-15 02:00:00,634,Tiruppur,3.5,-39.506
2024-08-15 03:00:00,634,Tiruppur,5.25,-39.506
2024-08-15 04:00:00,634,Tiruppur,0.8333333333333334,-39.5095
2024-08-15 13:00:00,634,Tiruppur,0.5,-39.5105
2024-08-15 15:00:00,634,Tiruppur,0.5,-39.5105
2024-08-15 16:00:00,634,Tiruppur,0.5,-39.522000000000006
2024-08-16 14:00:00,634,Tiruppur,1.5,-39.5405
2024-08-16 17:00:00,634,Tiruppur,16.75,-75.409
2024-08-17 00:00:00,634,Tiruppur,0.5,-75.411
2024-08-17 01:00:00,634,Tiruppur,1.0,-75.411
2024-08-17 15:00:00,634,Tiruppur,3.0,-75.417
2024-08-18 16:00:00,634,Tiruppur,8.5,-39.541
2024-08-18 17:00:00,634,Tiruppur,22.0,-39.541
2024-08-18 18:00:00,634,Tiruppur,0.5,-39.541
2024-08-19 06:00:00,634,Tiruppur,2.0,-39.488
2024-08-19 08:00:00,634,Tiruppur,2.0,-39.488
2024-08-19 16:00:00,634,Tiruppur,29.0,-75.412
2024-08-19 17:00:00,634,Tiruppur,4.25,-75.412
2024-08-19 18:00:00,634,Tiruppur,1.0,-75.412
2024-08-19 19:00:00,634,Tiruppur,0.75,-75.412
2024-08-19 21:00:00,634,Tiruppur,0.5,-75.412
2024-08-19 22:00:00,634,Tiruppur,0.5,-75.415
2024-08-20 17:00:00,634,Tiruppur,1.0,-39.435
2024-08-20 18:00:00,634,Tiruppur,5.25,-39.435
2024-08-20 19:00:00,634,Tiruppur,3.333333333333333,-39.435
2024-08-20 20:00:00,634,Tiruppur,0.5,-39.435
2024-08-20 22:00:00,634,Tiruppur,0.8333333333333334,-39.4505
2024-08-20 23:00:00,634,Tiruppur,0.5,-39.4505
2024-08-21 09:00:00,634,Tiruppur,0.5,-39.441500000000005
2024-08-29 20:00:00,634,Tiruppur,2.0,-39.567
2024-08-29 23:00:00,634,Tiruppur,0.5,-39.5735
2024-08-30 06:00:00,634,Tiruppur,0.5,-39.569500000000005
2024-08-30 07:00:00,634,Tiruppur,1.0,-39.569500000000005
2024-09-02 18:00:00,634,Tiruppur,0.5,-39.611
2024-09-03 16:00:00,634,Tiruppur,2.25,-39.6235
2024-09-06 16:00:00,634,Tiruppur,4.0,-39.451
2024-09-06 17:00:00,634,Tiruppur,1.0,-39.451
2024-09-14 14:00:00,634,Tiruppur,0.5,-39.5955
2024-09-26 18:00:00,634,Tiruppur,1.0,-39.450500000000005
2024-09-28 07:00:00,634,Tiruppur,1.5,-39.4275
2024-09-28 20:00:00,634,Tiruppur,2.0,-3.428
2024-09-28 22:00:00,634,Tiruppur,10.5,-3.308
2024-09-28 23:00:00,634,Tiruppur,9.666666666666666,-3.308
2024-09-29 00:00:00,634,Tiruppur,13.166666666666666,-3.308
2024-10-01 00:00:00,634,Tiruppur,39.5,-2.813
2024-10-01 01:00:00,634,Tiruppur,1.0,-2.813
2024-10-01 20:00:00,634,Tiruppur,32.5,-2.879
2024-10-01 21:00:00,634,Tiruppur,18.0,-2.879
2024-10-02 17:00:00,634,Tiruppur,7.0,-2.979
2024-10-02 18:00:00,634,Tiruppur,1.5,-2.979
2024-10-02 19:00:00,634,Tiruppur,0.5,-2.979
2024-10-04 00:00:00,634,Tiruppur,0.5,-3.104
2024-10-04 03:30:00,634,Tiruppur,0.5,-3.095
2024-10-04 04:30:00,634,Tiruppur,0.5,-3.095
2024-10-04 05:00:00,634,Tiruppur,0.5,-3.095
2024-10-05 01:00:00,634,Tiruppur,0.5,-3.161
2024-10-05 02:30:00,634,Tiruppur,2.0,-3.161
2024-10-05 03:00:00,634,Tiruppur,6.0,-3.161
2024-10-05 20:00:00,634,Tiruppur,2.0,-3.161
2024-10-05 20:30:00,634,Tiruppur,0.5,-3.161
2024-10-05 21:00:00,634,Tiruppur,0.5,-3.161
2024-10-05 21:30:00,634,Tiruppur,2.0,-3.186
2024-10-05 22:00:00,634,Tiruppur,1.75,-3.186
2024-10-05 22:30:00,634,Tiruppur,1.0,-3.186
2024-10-05 23:00:00,634,Tiruppur,1.0,-3.186
2024-10-05 23:30:00,634,Tiruppur,0.5,-3.186
2024-10-06 00:00:00,634,Tiruppur,0.5,-3.186
2024-10-06 01:00:00,634,Tiruppur,0.5,-3.186
2024-10-06 02:30:00,634,Tiruppur,0.5,-3.186
2024-10-06 03:00:00,634,Tiruppur,0.5,-3.186
2024-10-06 07:00:00,634,Tiruppur,0.5,-3.178
2024-10-06 23:00:00,634,Tiruppur,0.5,-3.176
2024-10-07 00:00:00,634,Tiruppur,2.5,-3.176
2024-10-07 13:00:00,634,Tiruppur,0.5,-3.102
2024-10-07 18:00:00,634,Tiruppur,0.75,-3.109
2024-10-07 19:00:00,634,Tiruppur,1.0,-3.109
2024-10-07 22:00:00,634,Tiruppur,7.5,-3.089
2024-10-07 23:00:00,634,Tiruppur,1.5,-3.089
2024-10-08 12:00:00,634,Tiruppur,0.5,-3.081
2024-10-08 14:00:00,634,Tiruppur,11.0,-3.081
2024-10-08 15:00:00,634,Tiruppur,1.0,-3.081
2024-10-08 16:00:00,634,Tiruppur,0.5,-3.121
2024-10-08 17:00:00,634,Tiruppur,8.25,-3.121
2024-10-08 18:00:00,634,Tiruppur,16.75,-3.121
2024-10-08 18:30:00,634,Tiruppur,0.5,-3.121
2024-10-08 18:35:00,634,Tiruppur,0.5,-3.121
2024-10-08 18:40:00,634,Tiruppur,0.5,-3.121
2024-10-08 18:45:00,634,Tiruppur,0.5,-3.121
2024-10-08 18:50:00,634,Tiruppur,0.5,-3.121
2024-10-08 18:55:00,634,Tiruppur,0.5,-3.121
2024-10-08 19:00:00,634,Tiruppur,1.0,-3.121
2024-10-08 19:20:00,634,Tiruppur,0.5,-3.121
2024-10-08 19:25:00,634,Tiruppur,0.5,-3.121
2024-10-08 19:30:00,634,Tiruppur,0.5,-3.121
2024-10-08 19:35:00,634,Tiruppur,0.5,-3.121
2024-10-08 19:40:00,634,Tiruppur,0.5,-3.121
2024-10-08 19:45:00,634,Tiruppur,1.0,-3.121
2024-10-08 19:50:00,634,Tiruppur,1.0,-3.121
2024-10-08 19:55:00,634,Tiruppur,1.0,-3.121
2024-10-08 20:00:00,634,Tiruppur,1.4,-3.121
2024-10-08 20:15:00,634,Tiruppur,0.5,-3.121
2024-10-08 20:20:00,634,Tiruppur,0.5,-3.121
2024-10-08 20:25:00,634,Tiruppur,0.5,-3.121
2024-10-08 20:30:00,634,Tiruppur,0.5,-3.121
2024-10-08 20:35:00,634,Tiruppur,1.0,-3.121
2024-10-08 20:40:00,634,Tiruppur,1.0,-3.121
2024-10-08 20:45:00,634,Tiruppur,1.0,-3.121
2024-10-08 20:50:00,634,Tiruppur,1.0,-3.121
2024-10-08 20:55:00,634,Tiruppur,1.0,-3.121
2024-10-08 21:00:00,634,Tiruppur,1.1,-3.121
2024-10-08 21:25:00,634,Tiruppur,0.5,-3.14
2024-10-08 21:30:00,634,Tiruppur,0.5,-3.14
2024-10-08 21:35:00,634,Tiruppur,0.5,-3.14
2024-10-08 21:40:00,634,Tiruppur,0.5,-3.14
2024-10-08 21:45:00,634,Tiruppur,0.5,-3.14
2024-10-08 21:50:00,634,Tiruppur,0.5,-3.14
2024-10-08 21:55:00,634,Tiruppur,0.5,-3.14
2024-10-08 22:00:00,634,Tiruppur,0.9,-3.14
2024-10-08 22:05:00,634,Tiruppur,0.5,-3.14
2024-10-08 22:10:00,634,Tiruppur,0.5,-3.14
2024-10-08 22:15:00,634,Tiruppur,0.5,-3.14
2024-10-08 22:20:00,634,Tiruppur,0.5,-3.14
2024-10-08 22:25:00,634,Tiruppur,0.5,-3.14
2024-10-08 22:30:00,634,Tiruppur,0.5,-3.14
2024-10-08 22:35:00,634,Tiruppur,0.5,-3.14
2024-10-08 22:40:00,634,Tiruppur,0.5,-3.14
2024-10-08 22:45:00,634,Tiruppur,0.5,-3.14
2024-10-08 22:50:00,634,Tiruppur,0.5,-3.14
2024-10-08 22:55:00,634,Tiruppur,1.0,-3.14
2024-10-08 23:00:00,634,Tiruppur,0.8333333333333334,-3.14
2024-10-09 00:00:00,634,Tiruppur,1.25,-3.14
2024-10-09 00:20:00,634,Tiruppur,0.5,-3.14
2024-10-09 00:25:00,634,Tiruppur,0.5,-3.14
2024-10-09 00:30:00,634,Tiruppur,0.5,-3.14
2024-10-09 00:35:00,634,Tiruppur,0.5,-3.14
2024-10-09 00:40:00,634,Tiruppur,0.5,-3.14
2024-10-09 00:45:00,634,Tiruppur,0.5,-3.14
2024-10-09 00:50:00,634,Tiruppur,0.5,-3.14
2024-10-09 00:55:00,634,Tiruppur,0.5,-3.14
2024-10-09 01:00:00,634,Tiruppur,2.0,-3.14
2024-10-09 02:00:00,634,Tiruppur,0.5,-3.14
2024-10-09 02:35:00,634,Tiruppur,0.5,-3.14
2024-10-09 02:40:00,634,Tiruppur,0.5,-3.14
2024-10-09 02:45:00,634,Tiruppur,0.5,-3.14
2024-10-09 02:50:00,634,Tiruppur,0.5,-3.14
2024-10-09 02:55:00,634,Tiruppur,0.5,-3.14
2024-10-09 03:00:00,634,Tiruppur,0.5,-3.14
2024-10-09 15:00:00,634,Tiruppur,2.0,-3.114
2024-10-09 17:00:00,634,Tiruppur,1.5,-3.139
2024-10-09 18:00:00,634,Tiruppur,1.0,-3.139
2024-10-09 19:00:00,634,Tiruppur,18.83333333333333,-3.139
2024-10-09 20:00:00,634,Tiruppur,2.0,-3.139
2024-10-09 21:00:00,634,Tiruppur,0.5,-3.139
2024-10-09 22:00:00,634,Tiruppur,2.0,-3.068
2024-10-09 23:00:00,634,Tiruppur,1.6666666666666667,-3.068
2024-10-10 00:00:00,634,Tiruppur,1.0,-3.068
2024-10-10 01:00:00,634,Tiruppur,0.75,-3.068
2024-10-10 04:00:00,634,Tiruppur,0.5,-2.972
2024-10-10 14:00:00,634,Tiruppur,0.5,-2.926
2024-10-10 16:00:00,634,Tiruppur,2.5,-2.894
2024-10-10 17:00:00,634,Tiruppur,0.5,-2.894
2024-10-10 18:00:00,634,Tiruppur,0.75,-2.894
2024-10-10 19:00:00,634,Tiruppur,0.5,-2.894
2024-10-10 21:00:00,634,Tiruppur,0.5,-2.894
2024-10-10 22:00:00,634,Tiruppur,0.5,-2.832
2024-10-10 23:00:00,634,Tiruppur,0.5,-2.832
2024-10-11 16:00:00,634,Tiruppur,0.5,-2.795
2024-10-11 17:00:00,634,Tiruppur,1.25,-2.795
2024-10-11 19:00:00,634,Tiruppur,0.5,-2.795
2024-10-11 20:00:00,634,Tiruppur,5.0,-2.795
2024-10-11 21:00:00,634,Tiruppur,5.0,-2.795
2024-10-11 22:00:00,634,Tiruppur,1.5,-2.66
2024-10-11 23:00:00,634,Tiruppur,4.0,-2.66
2024-10-12 00:00:00,634,Tiruppur,2.0,-2.66
2024-10-12 01:00:00,634,Tiruppur,1.25,-2.66
2024-10-12 02:00:00,634,Tiruppur,0.5,-2.66
2024-10-12 05:00:00,634,Tiruppur,0.5,-2.653
2024-10-12 07:00:00,634,Tiruppur,1.5,-2.653
2024-10-12 08:00:00,634,Tiruppur,0.8333333333333334,-2.653
2024-10-12 09:00:00,634,Tiruppur,0.5,-2.653
2024-10-13 00:00:00,634,Tiruppur,0.5,-2.695
2024-10-13 01:00:00,634,Tiruppur,2.0,-2.695
2024-10-13 02:00:00,634,Tiruppur,3.0,-2.695
2024-10-13 03:00:00,634,Tiruppur,2.75,-2.695
2024-10-13 04:00:00,634,Tiruppur,3.0,-2.706
2024-10-13 05:00:00,634,Tiruppur,1.0,-2.706
2024-10-13 06:00:00,634,Tiruppur,0.8333333333333334,-2.706
2024-10-13 07:00:00,634,Tiruppur,0.5,-2.706
2024-10-13 08:00:00,634,Tiruppur,1.5,-2.706
2024-10-13 16:00:00,634,Tiruppur,0.5,-2.74
2024-10-13 17:00:00,634,Tiruppur,3.25,-2.74
2024-10-13 18:00:00,634,Tiruppur,2.5,-2.74
2024-10-13 22:00:00,634,Tiruppur,3.0,-2.594
2024-10-13 23:00:00,634,Tiruppur,10.5,-2.594
2024-10-14 00:00:00,634,Tiruppur,0.5,-2.594
2024-10-14 06:00:00,634,Tiruppur,0.5,-2.393
2024-10-14 10:00:00,634,Tiruppur,0.5,-2.373
2024-10-14 16:00:00,634,Tiruppur,6.5,-2.389
2024-10-14 17:00:00,634,Tiruppur,1.5,-2.389
2024-10-14 18:00:00,634,Tiruppur,0.75,-2.389
2024-10-14 19:00:00,634,Tiruppur,0.75,-2.389
2024-10-14 20:00:00,634,Tiruppur,0.5,-2.389
2024-10-14 21:00:00,634,Tiruppur,0.6666666666666666,-2.389
2024-10-14 22:00:00,634,Tiruppur,8.333333333333334,-2.415
2024-10-14 23:00:00,634,Tiruppur,10.0,-2.415
2024-10-15 00:00:00,634,Tiruppur,2.5,-2.415
2024-10-15 01:00:00,634,Tiruppur,1.6666666666666667,-2.415
2024-10-15 02:00:00,634,Tiruppur,1.0,-2.415
2024-10-15 03:00:00,634,Tiruppur,2.0,-2.415
2024-10-15 06:00:00,634,Tiruppur,62.5,-2.368
2024-10-15 07:00:00,634,Tiruppur,520.5,-2.368
2024-10-15 08:00:00,634,Tiruppur,504.5,-2.368
2024-10-15 09:00:00,634,Tiruppur,265.5,-2.368
2024-10-15 10:00:00,634,Tiruppur,8.0,-2.371
2024-10-15 11:00:00,634,Tiruppur,1.5,-2.371
2024-10-15 17:00:00,634,Tiruppur,2.25,-2.403
2024-10-15 17:10:00,634,Tiruppur,4.0,-2.403
2024-10-15 17:15:00,634,Tiruppur,7.5,-2.403
2024-10-15 17:20:00,634,Tiruppur,9.5,-2.403
2024-10-15 17:25:00,634,Tiruppur,13.0,-2.403
2024-10-15 17:30:00,634,Tiruppur,17.5,-2.403
2024-10-15 17:35:00,634,Tiruppur,23.0,-2.403
2024-10-15 17:40:00,634,Tiruppur,27.5,-2.403
2024-10-15 17:45:00,634,Tiruppur,31.5,-2.403
2024-10-15 17:50:00,634,Tiruppur,35.5,-2.403
2024-10-15 17:55:00,634,Tiruppur,38.0,-2.403
2024-10-15 18:00:00,634,Tiruppur,17.833333333333332,-2.403
2024-10-15 18:05:00,634,Tiruppur,1.0,-2.403
2024-10-15 18:10:00,634,Tiruppur,1.5,-2.403
2024-10-15 18:15:00,634,Tiruppur,2.0,-2.403
2024-10-15 18:20:00,634,Tiruppur,2.0,-2.403
2024-10-15 18:25:00,634,Tiruppur,2.5,-2.403
2024-10-15 18:30:00,634,Tiruppur,2.5,-2.403
2024-10-15 18:35:00,634,Tiruppur,3.0,-2.403
2024-10-15 18:40:00,634,Tiruppur,3.5,-2.403
2024-10-15 18:45:00,634,Tiruppur,4.0,-2.403
2024-10-15 18:50:00,634,Tiruppur,4.5,-2.403
2024-10-15 18:55:00,634,Tiruppur,5.0,-2.403
2024-10-15 19:00:00,634,Tiruppur,7.333333333333333,-2.403
2024-10-15 19:05:00,634,Tiruppur,0.5,-2.403
2024-10-15 19:10:00,634,Tiruppur,0.5,-2.403
2024-10-15 19:15:00,634,Tiruppur,1.0,-2.403
2024-10-15 19:20:00,634,Tiruppur,1.0,-2.403
2024-10-15 19:25:00,634,Tiruppur,1.5,-2.403
2024-10-15 19:30:00,634,Tiruppur,1.5,-2.403
2024-10-15 19:35:00,634,Tiruppur,1.5,-2.403
2024-10-15 19:40:00,634,Tiruppur,1.5,-2.403
2024-10-15 19:45:00,634,Tiruppur,2.0,-2.403
2024-10-15 19:50:00,634,Tiruppur,2.0,-2.403
2024-10-15 19:55:00,634,Tiruppur,2.0,-2.403
2024-10-15 20:00:00,634,Tiruppur,42.833333333333336,-2.403
2024-10-15 21:00:00,634,Tiruppur,0.5,-2.403
2024-10-16 00:00:00,634,Tiruppur,21.0,-2.427
2024-10-16 09:00:00,634,Tiruppur,825.0,-2.427
2024-10-16 10:00:00,634,Tiruppur,618.0,-2.475
2024-10-16 11:00:00,634,Tiruppur,17.5,-2.475
2024-10-16 12:00:00,634,Tiruppur,13.0,-2.475
2024-10-16 13:00:00,634,Tiruppur,6.5,-2.475
2024-10-16 14:00:00,634,Tiruppur,2.5,-2.475
2024-10-16 15:00:00,634,Tiruppur,2.5,-2.475
2024-10-16 20:00:00,634,Tiruppur,27.5,-2.505
2024-10-17 03:00:00,634,Tiruppur,175.5,-2.553
2024-10-17 04:00:00,634,Tiruppur,47.0,-2.569
2024-10-17 05:00:00,634,Tiruppur,261.0,-2.569
2024-10-17 06:00:00,634,Tiruppur,285.5,-2.569
2024-10-17 07:00:00,634,Tiruppur,138.5,-2.569
2024-10-17 08:00:00,634,Tiruppur,92.5,-2.569
2024-10-17 09:00:00,634,Tiruppur,34.0,-2.569
2024-10-17 10:00:00,634,Tiruppur,58.5,-2.627
2024-10-17 11:00:00,634,Tiruppur,22.5,-2.627
2024-10-17 12:00:00,634,Tiruppur,1.5,-2.627
2024-10-17 13:00:00,634,Tiruppur,1.0,-2.627
2024-10-17 16:00:00,634,Tiruppur,0.5,-2.649
2024-10-17 18:00:00,634,Tiruppur,18.5,-2.649
2024-10-17 19:00:00,634,Tiruppur,338.0,-2.649
2024-10-18 01:00:00,634,Tiruppur,7.5,-2.703
2024-10-18 02:00:00,634,Tiruppur,131.5,-2.703
2024-10-18 03:00:00,634,Tiruppur,308.5,-2.703
2024-10-18 04:00:00,634,Tiruppur,5.5,-2.703
2024-10-18 05:00:00,634,Tiruppur,9.0,-2.703
2024-10-18 06:00:00,634,Tiruppur,16.5,-2.703
2024-10-18 07:00:00,634,Tiruppur,28.0,-2.703
2024-10-18 08:00:00,634,Tiruppur,21.5,-2.703
2024-10-18 09:00:00,634,Tiruppur,27.0,-2.703
2024-10-20 06:00:00,634,Tiruppur,19.5,-2.916
2024-10-20 19:00:00,634,Tiruppur,3.75,-2.959
2024-10-20 19:30:00,634,Tiruppur,7.5,-2.959
2024-10-20 20:00:00,634,Tiruppur,15.666666666666666,-2.959
2024-10-20 20:30:00,634,Tiruppur,1.0,-2.959
2024-10-20 21:00:00,634,Tiruppur,5.5,-2.959
2024-10-20 21:30:00,634,Tiruppur,0.5,-3.001
2024-10-20 22:00:00,634,Tiruppur,1.0,-3.001
2024-10-20 23:00:00,634,Tiruppur,1.5,-3.001
2024-10-20 23:30:00,634,Tiruppur,3.5,-3.001
2024-10-21 00:00:00,634,Tiruppur,7.75,-3.001
2024-10-21 00:30:00,634,Tiruppur,0.5,-3.001
2024-10-21 01:00:00,634,Tiruppur,15.0,-3.001
2024-10-21 02:00:00,634,Tiruppur,25.5,-3.001
2024-10-21 02:30:00,634,Tiruppur,4.0,-3.001
2024-10-21 03:00:00,634,Tiruppur,5.75,-3.001
2024-10-21 03:30:00,634,Tiruppur,0.5,-3.011
2024-10-21 04:00:00,634,Tiruppur,0.5,-3.011
2024-10-21 05:00:00,634,Tiruppur,2.5,-3.011
2024-10-21 05:30:00,634,Tiruppur,0.5,-3.011
2024-10-21 06:00:00,634,Tiruppur,0.5,-3.011
2024-10-22 07:00:00,634,Tiruppur,0.5,-3.124
2024-10-22 09:00:00,634,Tiruppur,0.5,-3.124
2024-10-22 10:00:00,634,Tiruppur,4.0,-3.137
2024-10-22 13:00:00,634,Tiruppur,0.5,-3.137
2024-10-22 14:20:00,634,Tiruppur,1.5,-3.137
2024-10-22 14:25:00,634,Tiruppur,1.5,-3.137
2024-10-22 14:30:00,634,Tiruppur,1.5,-3.137
2024-10-22 14:35:00,634,Tiruppur,1.5,-3.137
2024-10-22 14:40:00,634,Tiruppur,2.0,-3.137
2024-10-22 14:45:00,634,Tiruppur,2.0,-3.137
2024-10-22 14:55:00,634,Tiruppur,1.0,-3.137
2024-10-22 15:00:00,634,Tiruppur,1.0,-3.137
2024-10-22 19:00:00,634,Tiruppur,5.25,-3.156
2024-10-22 19:30:00,634,Tiruppur,10.5,-3.156
2024-10-22 20:00:00,634,Tiruppur,18.5,-3.156
2024-10-22 20:30:00,634,Tiruppur,2.5,-3.156
2024-10-22 21:00:00,634,Tiruppur,10.875,-3.156
2024-10-22 21:30:00,634,Tiruppur,11.25,-3.187
2024-10-22 22:00:00,634,Tiruppur,8.333333333333334,-3.187
2024-10-22 22:30:00,634,Tiruppur,3.75,-3.187
2024-10-22 23:00:00,634,Tiruppur,2.0,-3.187
2024-10-22 23:30:00,634,Tiruppur,0.5,-3.187
2024-10-23 00:00:00,634,Tiruppur,0.875,-3.187
2024-10-23 00:30:00,634,Tiruppur,0.5,-3.187
2024-10-23 01:00:00,634,Tiruppur,1.5,-3.187
2024-10-23 01:30:00,634,Tiruppur,1.0,-3.187
2024-10-23 02:00:00,634,Tiruppur,1.8333333333333333,-3.187
2024-10-23 03:00:00,634,Tiruppur,0.5,-3.187
2024-10-23 21:00:00,634,Tiruppur,1.0,-3.233
2024-10-23 22:00:00,634,Tiruppur,0.8333333333333334,-3.244
2024-10-23 23:00:00,634,Tiruppur,4.0,-3.244
2024-10-24 05:00:00,634,Tiruppur,0.5,-3.26
2024-10-24 14:00:00,634,Tiruppur,0.5,-3.267
2024-10-24 16:00:00,634,Tiruppur,37.5,-3.289
2024-10-25 14:00:00,634,Tiruppur,20.5,-3.304
2024-10-25 15:00:00,634,Tiruppur,1.0,-3.304
2024-10-25 18:00:00,634,Tiruppur,2.0,-3.326
2024-10-25 19:00:00,634,Tiruppur,2.25,-3.326
2024-10-25 20:00:00,634,Tiruppur,1.0,-3.326
2024-10-25 21:30:00,634,Tiruppur,0.5,-3.326
2024-10-25 22:00:00,634,Tiruppur,0.5,-3.326
2024-10-26 09:00:00,634,Tiruppur,0.5,-3.326
2024-10-26 19:00:00,634,Tiruppur,3.5,-3.384
2024-10-28 13:00:00,634,Tiruppur,2.0,-3.406
2024-10-28 14:00:00,634,Tiruppur,2.0,-3.406
2024-10-31 22:00:00,634,Tiruppur,1.0,-3.499
2024-10-31 23:00:00,634,Tiruppur,17.75,-3.499
2024-11-01 00:00:00,634,Tiruppur,0.5,-3.499
2024-11-01 00:30:00,634,Tiruppur,0.5,-3.499
2024-11-01 01:00:00,634,Tiruppur,2.0,-3.499
2024-11-01 01:30:00,634,Tiruppur,1.0,-3.499
2024-11-01 02:30:00,634,Tiruppur,0.5,-3.499
2024-11-01 03:00:00,634,Tiruppur,0.5,-3.499
2024-11-01 14:00:00,634,Tiruppur,3.0,-3.477
2024-11-01 15:00:00,634,Tiruppur,1.5,-3.477
2024-11-01 16:00:00,634,Tiruppur,0.5,-3.477
2024-11-01 17:00:00,634,Tiruppur,7.0,-3.477
2024-11-01 19:00:00,634,Tiruppur,19.5,-3.477
2024-11-01 21:00:00,634,Tiruppur,8.0,-3.477
2024-11-01 22:00:00,634,Tiruppur,4.5,-3.477
2024-11-01 23:00:00,634,Tiruppur,1.0,-3.477
2024-11-02 00:00:00,634,Tiruppur,2.25,-3.477
2024-11-02 18:00:00,634,Tiruppur,4.5,-3.441
2024-11-02 19:00:00,634,Tiruppur,1.3333333333333333,-3.441
2024-11-02 20:00:00,634,Tiruppur,2.5,-3.441
2024-11-03 00:00:00,634,Tiruppur,2.0,-3.373
2024-11-03 01:00:00,634,Tiruppur,0.5,-3.373
2024-11-03 13:00:00,634,Tiruppur,1.0,-3.327
2024-11-04 19:00:00,634,Tiruppur,1.0,-3.369
2024-11-04 22:00:00,634,Tiruppur,4.0,-3.386
2024-11-05 01:00:00,634,Tiruppur,3.5,-3.386
2024-11-05 01:30:00,634,Tiruppur,5.0,-3.386
2024-11-05 02:00:00,634,Tiruppur,4.75,-3.386
2024-11-05 02:30:00,634,Tiruppur,0.5,-3.386
2024-11-05 03:00:00,634,Tiruppur,0.5,-3.386
2024-11-05 04:00:00,634,Tiruppur,0.5,-3.356
2024-11-05 07:00:00,634,Tiruppur,29.5,-3.356
2024-11-07 19:00:00,634,Tiruppur,3.0,-3.486
2024-11-07 19:30:00,634,Tiruppur,0.5,-3.486
2024-11-07 20:00:00,634,Tiruppur,0.75,-3.486
2024-11-07 21:00:00,634,Tiruppur,1.0,-3.486
2024-11-07 22:00:00,634,Tiruppur,0.5,-3.506
2024-11-08 06:00:00,634,Tiruppur,0.5,-3.514
2024-11-13 06:00:00,634,Tiruppur,10.5,-3.605
2024-11-13 07:00:00,634,Tiruppur,1.0,-3.605
2024-11-13 08:00:00,634,Tiruppur,1.25,-3.605
2024-11-13 09:30:00,634,Tiruppur,0.5,-3.601
2024-11-13 10:00:00,634,Tiruppur,0.5,-3.601
2024-11-13 15:00:00,634,Tiruppur,0.5,-3.601
2024-11-13 16:00:00,634,Tiruppur,0.5,-3.607
2024-11-14 06:00:00,634,Tiruppur,1.0,-3.595
2024-11-14 12:30:00,634,Tiruppur,0.5,-3.592
2024-11-14 13:00:00,634,Tiruppur,0.5,-3.592
2024-11-14 16:00:00,634,Tiruppur,4.25,-3.593
2024-11-14 18:00:00,634,Tiruppur,0.5,-3.593
2024-11-14 22:00:00,634,Tiruppur,0.5,-3.607
2024-11-15 17:00:00,634,Tiruppur,4.833333333333333,-3.548
2024-11-15 17:30:00,634,Tiruppur,1.0,-3.548
2024-11-15 18:00:00,634,Tiruppur,6.666666666666667,-3.548
2024-11-15 19:00:00,634,Tiruppur,7.5,-3.548
2024-11-15 19:30:00,634,Tiruppur,0.5,-3.548
2024-11-15 20:00:00,634,Tiruppur,0.5,-3.548
2024-11-15 21:00:00,634,Tiruppur,0.5,-3.548
2024-11-15 23:00:00,634,Tiruppur,0.5,-3.532
2024-11-16 04:00:00,634,Tiruppur,1.0,-3.467
2024-11-16 06:00:00,634,Tiruppur,0.5,-3.467
2024-11-16 06:30:00,634,Tiruppur,1.0,-3.467
2024-11-16 07:00:00,634,Tiruppur,1.5,-3.467
2024-11-16 08:00:00,634,Tiruppur,2.5,-3.467
2024-11-16 09:00:00,634,Tiruppur,1.5,-3.467
2024-11-16 10:00:00,634,Tiruppur,3.0,-3.436
2024-11-16 10:30:00,634,Tiruppur,0.5,-3.436
2024-11-16 11:00:00,634,Tiruppur,2.0,-3.436
2024-11-16 11:30:00,634,Tiruppur,0.5,-3.436
2024-11-16 12:00:00,634,Tiruppur,1.0,-3.436
2024-11-16 13:00:00,634,Tiruppur,0.5,-3.436
2024-11-16 14:00:00,634,Tiruppur,1.8333333333333333,-3.436
2024-11-16 14:30:00,634,Tiruppur,0.5,-3.436
2024-11-16 15:00:00,634,Tiruppur,0.5,-3.436
2024-11-16 15:30:00,634,Tiruppur,0.5,-3.286
2024-11-16 16:00:00,634,Tiruppur,0.5,-3.286
2024-11-16 17:00:00,634,Tiruppur,1.0,-3.286
2024-11-16 17:30:00,634,Tiruppur,1.0,-3.286
2024-11-16 18:00:00,634,Tiruppur,1.0,-3.286
2024-11-16 18:30:00,634,Tiruppur,0.5,-3.286
2024-11-16 19:00:00,634,Tiruppur,0.5,-3.286
2024-11-17 17:00:00,634,Tiruppur,5.5,-3.246
2024-11-17 18:00:00,634,Tiruppur,2.75,-3.246
2024-11-17 19:00:00,634,Tiruppur,3.25,-3.246
2024-11-17 19:30:00,634,Tiruppur,0.5,-3.246
2024-11-17 20:00:00,634,Tiruppur,0.75,-3.246
2024-11-17 21:00:00,634,Tiruppur,1.25,-3.246
2024-11-17 22:00:00,634,Tiruppur,7.0,-3.267
2024-11-17 23:00:00,634,Tiruppur,1.0,-3.267
2024-11-18 00:00:00,634,Tiruppur,4.0,-3.267
2024-11-18 00:30:00,634,Tiruppur,1.0,-3.267
2024-11-18 01:00:00,634,Tiruppur,3.0,-3.267
2024-11-21 06:00:00,634,Tiruppur,0.5,-3.355
2024-11-21 07:00:00,634,Tiruppur,0.5,-3.355
2024-11-26 21:00:00,634,Tiruppur,0.5,-3.46
2024-11-27 01:00:00,634,Tiruppur,1.0,-3.461
2024-11-27 03:00:00,634,Tiruppur,1.0,-3.461
2024-11-27 05:00:00,634,Tiruppur,1.1666666666666667,-3.455
2024-11-27 06:00:00,634,Tiruppur,1.0,-3.455
2024-11-27 06:30:00,634,Tiruppur,0.5,-3.455
2024-11-27 07:00:00,634,Tiruppur,0.625,-3.455
2024-11-27 08:00:00,634,Tiruppur,0.5,-3.455
2024-11-27 08:30:00,634,Tiruppur,0.5,-3.455
2024-11-27 09:00:00,634,Tiruppur,0.6666666666666666,-3.455
2024-11-27 09:30:00,634,Tiruppur,0.5,-3.433
2024-11-27 10:00:00,634,Tiruppur,1.5,-3.433
2024-11-27 11:00:00,634,Tiruppur,1.0,-3.433
2024-11-29 11:00:00,634,Tiruppur,0.5,-3.436
2024-11-29 12:00:00,634,Tiruppur,0.5,-3.436
2024-11-29 14:00:00,634,Tiruppur,0.5,-3.436
2024-11-29 16:00:00,634,Tiruppur,0.5,-3.42
2024-11-29 16:30:00,634,Tiruppur,0.5,-3.42
2024-11-29 17:00:00,634,Tiruppur,2.5,-3.42
2024-11-29 17:30:00,634,Tiruppur,2.5,-3.42
2024-11-29 18:00:00,634,Tiruppur,1.75,-3.42
2024-11-29 20:00:00,634,Tiruppur,0.5,-3.42
2024-11-29 20:30:00,634,Tiruppur,0.5,-3.42
2024-11-29 21:00:00,634,Tiruppur,0.5,-3.42
2024-11-30 16:30:00,634,Tiruppur,0.5,-3.405
2024-11-30 17:00:00,634,Tiruppur,0.5,-3.405
2024-11-30 23:00:00,634,Tiruppur,1.5,-3.42
2024-12-01 00:00:00,634,Tiruppur,2.5,-3.42
2024-12-01 01:00:00,634,Tiruppur,1.0,-3.42
2024-12-01 01:30:00,634,Tiruppur,0.5,-3.42
2024-12-01 02:00:00,634,Tiruppur,0.5,-3.42
2024-12-01 04:00:00,634,Tiruppur,0.5,-3.351
2024-12-01 05:00:00,634,Tiruppur,0.5,-3.351
2024-12-01 10:30:00,634,Tiruppur,0.5,-3.342
2024-12-01 11:00:00,634,Tiruppur,0.5,-3.342
2024-12-01 14:00:00,634,Tiruppur,0.5,-3.342
2024-12-01 15:00:00,634,Tiruppur,0.5,-3.342
2024-12-01 16:30:00,634,Tiruppur,0.5,-3.33
2024-12-01 17:00:00,634,Tiruppur,0.5,-3.33
2024-12-01 18:30:00,634,Tiruppur,0.5,-3.33
2024-12-01 21:30:00,634,Tiruppur,0.5,-3.344
2024-12-01 22:00:00,634,Tiruppur,0.5,-3.344
2024-12-01 23:00:00,634,Tiruppur,0.5,-3.344
2024-12-01 23:30:00,634,Tiruppur,0.5,-3.344
2024-12-02 00:00:00,634,Tiruppur,0.5,-3.344
2024-12-02 01:00:00,634,Tiruppur,1.5,-3.344
2024-12-02 04:00:00,634,Tiruppur,0.5,-3.308
2024-12-02 08:30:00,634,Tiruppur,0.5,-3.308
2024-12-02 09:00:00,634,Tiruppur,0.5,-3.308
2024-12-02 16:00:00,634,Tiruppur,6.0,-3.338
2024-12-02 17:00:00,634,Tiruppur,1.0,-3.338
2024-12-02 18:00:00,634,Tiruppur,0.5,-3.338
2024-12-03 01:00:00,634,Tiruppur,1.0,-3.36
2024-12-03 02:00:00,634,Tiruppur,1.125,-3.36
2024-12-03 02:30:00,634,Tiruppur,1.0,-3.36
2024-12-03 03:00:00,634,Tiruppur,2.25,-3.36
2024-12-03 03:30:00,634,Tiruppur,2.0,-3.326
2024-12-03 04:00:00,634,Tiruppur,0.875,-3.326
2024-12-03 05:00:00,634,Tiruppur,1.0,-3.326
2024-12-03 06:00:00,634,Tiruppur,0.5,-3.326
2024-12-03 06:30:00,634,Tiruppur,0.5,-3.326
2024-12-03 07:00:00,634,Tiruppur,0.5,-3.326
2024-12-03 18:00:00,634,Tiruppur,2.5,-3.389
2024-12-03 18:30:00,634,Tiruppur,0.5,-3.389
2024-12-03 19:00:00,634,Tiruppur,0.75,-3.389
2024-12-04 01:00:00,634,Tiruppur,0.5,-3.424
2024-12-04 03:00:00,634,Tiruppur,0.5,-3.424
2024-12-04 19:00:00,634,Tiruppur,1.5,-3.414
2024-12-04 20:00:00,634,Tiruppur,2.5,-3.414
2024-12-12 06:00:00,634,Tiruppur,0.5,-3.554
2024-12-12 07:00:00,634,Tiruppur,0.5,-3.554
2024-12-12 08:00:00,634,Tiruppur,0.75,-3.554
2024-12-12 09:00:00,634,Tiruppur,1.125,-3.554
2024-12-12 09:30:00,634,Tiruppur,2.0,-3.523
2024-12-12 10:00:00,634,Tiruppur,2.5,-3.523
2024-12-12 10:30:00,634,Tiruppur,0.5,-3.523
2024-12-12 11:00:00,634,Tiruppur,2.6666666666666665,-3.523
2024-12-12 12:00:00,634,Tiruppur,2.4166666666666665,-3.523
2024-12-12 12:30:00,634,Tiruppur,1.5,-3.523
2024-12-12 13:00:00,634,Tiruppur,3.1666666666666665,-3.523
2024-12-12 13:30:00,634,Tiruppur,1.0,-3.523
2024-12-12 14:00:00,634,Tiruppur,2.1666666666666665,-3.523
2024-12-12 14:30:00,634,Tiruppur,3.0,-3.523
2024-12-12 15:00:00,634,Tiruppur,2.9166666666666665,-3.523
2024-12-12 15:30:00,634,Tiruppur,1.5,-3.349
2024-12-12 16:00:00,634,Tiruppur,4.875,-3.349
2024-12-12 17:00:00,634,Tiruppur,1.625,-3.349
2024-12-12 17:30:00,634,Tiruppur,1.5,-3.349
2024-12-12 18:00:00,634,Tiruppur,8.0,-3.349
2024-12-12 18:30:00,634,Tiruppur,2.5,-3.349
2024-12-12 19:00:00,634,Tiruppur,3.5,-3.349
2024-12-12 20:00:00,634,Tiruppur,3.333333333333333,-3.349
2024-12-12 20:30:00,634,Tiruppur,0.5,-3.349
2024-12-12 21:00:00,634,Tiruppur,2.375,-3.349
2024-12-12 22:00:00,634,Tiruppur,1.0,-3.04
2024-12-12 22:30:00,634,Tiruppur,3.0,-3.04
2024-12-12 23:00:00,634,Tiruppur,4.0,-3.04
2024-12-13 00:00:00,634,Tiruppur,3.0,-3.04
2024-12-13 00:30:00,634,Tiruppur,4.0,-3.04
2024-12-13 01:00:00,634,Tiruppur,2.5,-3.04
2024-12-13 02:00:00,634,Tiruppur,1.75,-3.04
2024-12-13 02:30:00,634,Tiruppur,0.5,-3.04
2024-12-13 03:00:00,634,Tiruppur,4.75,-3.04
2024-12-13 03:30:00,634,Tiruppur,8.5,-2.595
2024-12-13 04:00:00,634,Tiruppur,8.666666666666666,-2.595
2024-12-13 05:00:00,634,Tiruppur,2.6666666666666665,-2.595
2024-12-13 05:30:00,634,Tiruppur,1.0,-2.595
2024-12-13 06:00:00,634,Tiruppur,1.1666666666666667,-2.595
2024-12-13 06:30:00,634,Tiruppur,1.5,-2.595
2024-12-13 07:00:00,634,Tiruppur,4.0,-2.595
2024-12-13 07:30:00,634,Tiruppur,3.0,-2.595
2024-12-13 08:00:00,634,Tiruppur,7.875,-2.595
2024-12-13 08:30:00,634,Tiruppur,1.0,-2.595
2024-12-13 09:00:00,634,Tiruppur,3.1666666666666665,-2.595
2024-12-13 10:00:00,634,Tiruppur,1.25,-2.222
2024-12-13 11:00:00,634,Tiruppur,1.8333333333333333,-2.222
2024-12-13 12:00:00,634,Tiruppur,1.5,-2.222
2024-12-13 13:00:00,634,Tiruppur,0.5,-2.222
2024-12-13 14:00:00,634,Tiruppur,0.75,-2.222
2024-12-13 15:00:00,634,Tiruppur,0.625,-2.222
2024-12-13 16:00:00,634,Tiruppur,1.0,-2.179
2024-12-13 16:30:00,634,Tiruppur,0.5,-2.179
2024-12-13 17:00:00,634,Tiruppur,1.0,-2.179
2024-12-13 21:00:00,634,Tiruppur,0.5,-2.179
2024-12-13 21:30:00,634,Tiruppur,1.5,-2.167
2024-12-13 22:00:00,634,Tiruppur,3.0,-2.167
2024-12-13 23:00:00,634,Tiruppur,2.0,-2.167
2024-12-13 23:30:00,634,Tiruppur,0.5,-2.167
2024-12-14 00:00:00,634,Tiruppur,1.125,-2.167
2024-12-14 00:30:00,634,Tiruppur,2.0,-2.167
2024-12-14 01:00:00,634,Tiruppur,2.3,-2.167
2024-12-14 02:00:00,634,Tiruppur,1.9166666666666667,-2.167
2024-12-14 02:30:00,634,Tiruppur,0.5,-2.167
2024-12-14 03:00:00,634,Tiruppur,0.8,-2.167
2024-12-14 04:00:00,634,Tiruppur,0.75,-2.13
2024-12-14 08:00:00,634,Tiruppur,0.6666666666666666,-2.13
2024-12-14 09:30:00,634,Tiruppur,0.5,-2.118
2024-12-14 10:00:00,634,Tiruppur,0.5,-2.118
2024-12-14 11:00:00,634,Tiruppur,0.5,-2.118
2024-12-14 11:30:00,634,Tiruppur,1.0,-2.118
2024-12-14 12:00:00,634,Tiruppur,2.25,-2.118
2024-12-14 12:30:00,634,Tiruppur,1.5,-2.118
2024-12-14 13:00:00,634,Tiruppur,1.5,-2.118
2024-12-20 17:30:00,634,Tiruppur,7.5,-2.895
2024-12-20 18:00:00,634,Tiruppur,7.5,-2.895
2024-12-20 20:00:00,634,Tiruppur,4.5,-2.895
2024-12-22 17:00:00,634,Tiruppur,1.0,-2.646
2024-12-26 20:00:00,634,Tiruppur,0.5,-3.001
2024-12-27 03:00:00,634,Tiruppur,3.0,-3.023
2024-12-27 05:00:00,634,Tiruppur,0.5,-3.04
2024-12-27 06:00:00,634,Tiruppur,1.5,-3.04
2024-12-27 07:00:00,634,Tiruppur,1.5,-3.04
2024-12-27 09:00:00,634,Tiruppur,0.5,-3.04
2024-12-27 17:00:00,634,Tiruppur,2.5,-3.048
2024-12-27 18:00:00,634,Tiruppur,2.5,-3.048
2024-12-27 22:00:00,634,Tiruppur,2.0,-3.069
2024-12-28 01:00:00,634,Tiruppur,2.0,-3.069
2024-12-28 02:00:00,634,Tiruppur,0.5,-3.069
2024-12-28 03:00:00,634,Tiruppur,0.5,-3.069
2024-12-29 13:00:00,634,Tiruppur,4.0,-3.188
2024-12-30 06:00:00,634,Tiruppur,0.5,-3.245
2024-12-30 08:00:00,634,Tiruppur,0.5,-3.245
2024-12-30 08:30:00,634,Tiruppur,0.5,-3.245
2024-12-30 09:00:00,634,Tiruppur,0.5,-3.245
2024-12-30 12:00:00,634,Tiruppur,1.5,-3.252
2024-12-30 12:30:00,634,Tiruppur,0.5,-3.252
2024-12-30 13:00:00,634,Tiruppur,1.0,-3.252
2024-12-30 17:00:00,634,Tiruppur,0.5,-3.233
2024-12-31 05:00:00,634,Tiruppur,0.5,-3.239
2024-12-31 07:00:00,634,Tiruppur,146.0,-3.239
2024-12-31 08:00:00,634,Tiruppur,247.0,-3.239
2024-12-31 10:00:00,634,Tiruppur,10.0,-3.246
2025-01-01 07:00:00,634,Tiruppur,11.0,-3.26
2025-01-01 08:00:00,634,Tiruppur,88.5,-3.26
2025-01-01 09:00:00,634,Tiruppur,1.0,-3.26
2025-01-01 10:00:00,634,Tiruppur,0.5,-3.268
2025-01-01 11:00:00,634,Tiruppur,0.5,-3.268
2025-01-01 19:00:00,634,Tiruppur,5.5,-3.268
2025-01-02 08:00:00,634,Tiruppur,2.0,-3.287
2025-01-02 09:00:00,634,Tiruppur,0.5,-3.287
2025-01-02 10:00:00,634,Tiruppur,2.5,-3.296
2025-01-02 11:00:00,634,Tiruppur,0.5,-3.296
2025-01-02 12:00:00,634,Tiruppur,0.5,-3.296
2025-01-02 13:00:00,634,Tiruppur,0.5,-3.296
2025-01-02 14:00:00,634,Tiruppur,0.5,-3.296
2025-01-02 16:00:00,634,Tiruppur,0.5,-3.294
2025-01-02 17:00:00,634,Tiruppur,0.5,-3.294
2025-01-02 18:00:00,634,Tiruppur,2.5,-3.294
2025-01-02 19:00:00,634,Tiruppur,1.5,-3.294
2025-01-08 17:15:00,634,Tiruppur,0.5,-3.53
2025-01-08 17:30:00,634,Tiruppur,0.5,-3.53
2025-01-08 18:00:00,634,Tiruppur,0.5,-3.53
2025-01-13 10:00:00,634,Tiruppur,0.5,-3.574
2025-01-13 16:00:00,634,Tiruppur,2.0,-3.56
2025-01-13 23:00:00,634,Tiruppur,7.5,-3.586
2025-01-14 00:00:00,634,Tiruppur,4.0,-3.586
2025-01-14 04:00:00,634,Tiruppur,6.5,-3.549
2025-01-14 05:00:00,634,Tiruppur,2.5,-3.549
2025-01-14 08:00:00,634,Tiruppur,15.5,-3.549
2025-01-14 20:00:00,634,Tiruppur,1.0,-3.523
2025-01-15 08:00:00,634,Tiruppur,110.0,-3.535
2025-01-15 09:00:00,634,Tiruppur,18.0,-3.535
2025-01-15 10:00:00,634,Tiruppur,20.0,-3.556
2025-01-15 11:00:00,634,Tiruppur,15.0,-3.556
2025-01-15 12:00:00,634,Tiruppur,4.5,-3.556
2025-01-15 13:00:00,634,Tiruppur,3.0,-3.556
2025-01-15 15:00:00,634,Tiruppur,30.0,-3.556
2025-01-15 16:00:00,634,Tiruppur,0.5,-3.544
2025-01-16 08:00:00,634,Tiruppur,220.5,-3.558
2025-01-16 12:00:00,634,Tiruppur,0.5,-3.561
2025-01-16 15:00:00,634,Tiruppur,0.5,-3.561
2025-01-16 16:00:00,634,Tiruppur,0.5,-3.543
2025-01-16 17:00:00,634,Tiruppur,0.5,-3.543
2025-01-16 18:30:00,634,Tiruppur,3.0,-3.543
2025-01-16 20:00:00,634,Tiruppur,13.5,-3.543
2025-01-17 07:30:00,634,Tiruppur,388.5,-3.581
2025-01-17 08:00:00,634,Tiruppur,478.5,-3.581
2025-01-17 12:30:00,634,Tiruppur,0.5,-3.526
2025-01-17 13:00:00,634,Tiruppur,0.5,-3.526
2025-01-17 16:30:00,634,Tiruppur,0.5,-3.526
2025-01-17 17:00:00,634,Tiruppur,0.5,-3.526
2025-01-17 18:30:00,634,Tiruppur,4.5,-3.526
2025-01-18 08:00:00,634,Tiruppur,47.0,-3.54
2025-01-18 08:30:00,634,Tiruppur,62.5,-3.54
2025-01-18 09:00:00,634,Tiruppur,103.0,-3.54
2025-01-18 09:30:00,634,Tiruppur,33.5,-3.563
2025-01-18 10:00:00,634,Tiruppur,49.0,-3.563
2025-01-18 10:30:00,634,Tiruppur,6.5,-3.563
2025-01-18 11:00:00,634,Tiruppur,11.5,-3.563
2025-01-18 11:30:00,634,Tiruppur,5.5,-3.563
2025-01-18 12:00:00,634,Tiruppur,12.0,-3.563
2025-01-18 12:30:00,634,Tiruppur,3.0,-3.563
2025-01-18 13:00:00,634,Tiruppur,8.5,-3.563
2025-01-18 13:30:00,634,Tiruppur,13.0,-3.563
2025-01-18 14:00:00,634,Tiruppur,28.5,-3.563
2025-01-18 18:00:00,634,Tiruppur,0.5,-3.55
2025-01-18 19:00:00,634,Tiruppur,1.0,-3.55
2025-01-18 19:30:00,634,Tiruppur,1.0,-3.55
2025-01-18 20:00:00,634,Tiruppur,2.5,-3.55
2025-01-19 00:00:00,634,Tiruppur,0.5,-3.554
2025-01-19 02:00:00,634,Tiruppur,0.5,-3.554
2025-01-19 04:00:00,634,Tiruppur,0.5,-3.55
2025-01-19 04:30:00,634,Tiruppur,0.5,-3.55
2025-01-19 07:00:00,634,Tiruppur,2.5,-3.55
2025-01-19 08:00:00,634,Tiruppur,1.25,-3.55
2025-01-19 09:00:00,634,Tiruppur,3.0,-3.55
2025-01-19 09:30:00,634,Tiruppur,0.5,-3.554
2025-01-19 10:00:00,634,Tiruppur,1.0,-3.554
2025-01-19 10:30:00,634,Tiruppur,0.5,-3.554
2025-01-19 11:00:00,634,Tiruppur,0.5,-3.554
2025-01-19 11:30:00,634,Tiruppur,0.5,-3.554
2025-01-19 12:00:00,634,Tiruppur,0.5,-3.554
2025-01-19 13:00:00,634,Tiruppur,0.5,-3.554
2025-01-19 14:00:00,634,Tiruppur,1.5,-3.554
2025-01-19 15:00:00,634,Tiruppur,1.5,-3.554
2025-01-19 16:00:00,634,Tiruppur,14.0,-3.478
2025-01-19 16:30:00,634,Tiruppur,5.5,-3.478
2025-01-19 17:00:00,634,Tiruppur,3.5,-3.478
2025-01-20 01:00:00,634,Tiruppur,0.5,-3.421
2025-01-22 08:00:00,634,Tiruppur,1.5,-3.398
2025-01-22 08:30:00,634,Tiruppur,0.5,-3.398
2025-01-22 09:00:00,634,Tiruppur,0.5,-3.398
2025-01-22 10:00:00,634,Tiruppur,5.5,-3.392
2025-01-22 10:30:00,634,Tiruppur,10.5,-3.392
2025-01-22 11:00:00,634,Tiruppur,14.5,-3.392
2025-01-22 11:30:00,634,Tiruppur,3.0,-3.392
2025-01-22 12:00:00,634,Tiruppur,10.5,-3.392
2025-01-22 12:30:00,634,Tiruppur,7.0,-3.392
2025-01-22 13:00:00,634,Tiruppur,30.5,-3.392
2025-01-22 13:30:00,634,Tiruppur,25.0,-3.392
2025-01-22 14:00:00,634,Tiruppur,29.5,-3.392
2025-01-22 15:00:00,634,Tiruppur,14.0,-3.392
2025-01-22 15:30:00,634,Tiruppur,26.0,-3.398
2025-01-22 16:00:00,634,Tiruppur,91.5,-3.398
2025-01-22 16:30:00,634,Tiruppur,7.0,-3.398
2025-01-22 17:00:00,634,Tiruppur,7.0,-3.398
2025-01-22 17:30:00,634,Tiruppur,1.0,-3.398
2025-01-22 18:00:00,634,Tiruppur,2.0,-3.398
2025-01-22 18:30:00,634,Tiruppur,0.5,-3.398
2025-01-22 19:00:00,634,Tiruppur,30.0,-3.398
2025-01-23 07:30:00,634,Tiruppur,0.5,-3.419
2025-01-23 08:00:00,634,Tiruppur,11.5,-3.419
2025-01-23 19:00:00,634,Tiruppur,2.0,-3.427
2025-01-24 07:30:00,634,Tiruppur,0.5,-3.437
2025-01-24 08:00:00,634,Tiruppur,0.5,-3.437
2025-01-24 18:00:00,634,Tiruppur,0.5,-3.464
2025-01-24 18:30:00,634,Tiruppur,6.5,-3.464
2025-01-25 08:00:00,634,Tiruppur,0.5,-3.477
2025-01-25 15:30:00,634,Tiruppur,0.5,-3.454
2025-01-25 16:00:00,634,Tiruppur,1.5,-3.454
2025-01-26 08:00:00,634,Tiruppur,3.0,-3.44
2025-01-26 11:00:00,634,Tiruppur,4.5,-3.439
2025-01-26 11:30:00,634,Tiruppur,3.5,-3.439
2025-01-26 12:00:00,634,Tiruppur,3.5,-3.439
2025-01-26 12:30:00,634,Tiruppur,0.5,-3.439
2025-01-26 13:00:00,634,Tiruppur,1.0,-3.439
2025-01-26 13:30:00,634,Tiruppur,0.5,-3.439
2025-01-26 14:00:00,634,Tiruppur,0.5,-3.439
2025-01-27 09:00:00,634,Tiruppur,1.5,-3.478
2025-01-27 09:30:00,634,Tiruppur,0.5,-3.469
2025-01-27 10:00:00,634,Tiruppur,1.5,-3.469
2025-01-27 11:00:00,634,Tiruppur,1.0,-3.469
2025-01-27 11:30:00,634,Tiruppur,2.5,-3.469
2025-01-27 12:00:00,634,Tiruppur,3.0,-3.469
2025-01-27 12:30:00,634,Tiruppur,1.0,-3.469
2025-01-27 13:00:00,634,Tiruppur,4.0,-3.469
2025-01-27 13:30:00,634,Tiruppur,0.5,-3.469
2025-01-27 14:00:00,634,Tiruppur,0.5,-3.469
2025-01-27 15:30:00,634,Tiruppur,0.5,-3.462
2025-01-27 16:00:00,634,Tiruppur,0.5,-3.462
2025-01-28 08:00:00,634,Tiruppur,1.0,-3.477
2025-01-28 08:30:00,634,Tiruppur,8.0,-3.477
2025-01-28 09:00:00,634,Tiruppur,8.0,-3.477
2025-01-28 09:30:00,634,Tiruppur,0.5,-3.48
2025-01-28 10:00:00,634,Tiruppur,0.5,-3.48
2025-01-28 11:30:00,634,Tiruppur,1.0,-3.48
2025-01-28 12:00:00,634,Tiruppur,22.0,-3.48
2025-01-28 12:30:00,634,Tiruppur,0.5,-3.48
2025-01-28 13:00:00,634,Tiruppur,1.0,-3.48
2025-01-28 16:00:00,634,Tiruppur,2.0,-3.456
2025-01-28 16:30:00,634,Tiruppur,12.5,-3.456
2025-01-28 17:00:00,634,Tiruppur,16.0,-3.456
2025-01-28 17:30:00,634,Tiruppur,4.0,-3.456
2025-01-28 18:00:00,634,Tiruppur,16.5,-3.456
2025-01-29 08:00:00,634,Tiruppur,0.5,-3.428
2025-01-29 08:30:00,634,Tiruppur,2.0,-3.428
2025-01-29 09:00:00,634,Tiruppur,6.0,-3.428
2025-01-29 09:30:00,634,Tiruppur,2.0,-3.438
2025-01-29 10:00:00,634,Tiruppur,2.0,-3.438
2025-01-29 10:30:00,634,Tiruppur,0.5,-3.438
2025-01-29 11:00:00,634,Tiruppur,0.5,-3.438
2025-01-29 14:00:00,634,Tiruppur,1.0,-3.438
2025-01-29 14:30:00,634,Tiruppur,17.0,-3.438
2025-01-29 15:00:00,634,Tiruppur,18.5,-3.438
2025-01-31 08:00:00,634,Tiruppur,1.0,-3.495
2025-01-31 10:00:00,634,Tiruppur,2.5,-3.495
2025-01-31 13:30:00,634,Tiruppur,0.5,-3.495
2025-01-31 14:00:00,634,Tiruppur,0.5,-3.495
2025-01-31 15:00:00,634,Tiruppur,1.5,-3.495
2025-01-31 15:30:00,634,Tiruppur,5.0,-3.37
2025-01-31 16:00:00,634,Tiruppur,9.0,-3.37
2025-02-01 11:00:00,634,Tiruppur,0.5,-3.381
2025-02-01 11:30:00,634,Tiruppur,1.0,-3.381
2025-02-01 12:00:00,634,Tiruppur,1.0,-3.381
2025-02-01 14:00:00,634,Tiruppur,0.5,-3.381
2025-02-01 16:00:00,634,Tiruppur,0.5,-3.361
2025-03-01 05:00:00,634,Tiruppur,1.0,-3.35
2025-03-01 05:30:00,634,Tiruppur,8.5,-3.35
2025-03-01 06:00:00,634,Tiruppur,9.5,-3.35
2025-03-01 07:00:00,634,Tiruppur,1.0,-3.35
2025-03-11 14:00:00,634,Tiruppur,7.5,-3.474
2025-03-11 15:00:00,634,Tiruppur,2.25,-3.474
2025-03-11 15:30:00,634,Tiruppur,10.0,-3.449
2025-03-11 16:00:00,634,Tiruppur,10.666666666666666,-3.449
2025-03-11 16:30:00,634,Tiruppur,0.8333333333333334,-3.449
2025-03-11 17:00:00,634,Tiruppur,1.375,-3.449
2025-03-11 17:30:00,634,Tiruppur,0.5,-3.449
2025-03-11 18:00:00,634,Tiruppur,0.5,-3.449
2025-03-11 22:00:00,634,Tiruppur,8.333333333333334,-3.455
2025-03-11 22:30:00,634,Tiruppur,2.0,-3.455
2025-03-11 23:00:00,634,Tiruppur,2.0,-3.455
2025-03-12 05:00:00,634,Tiruppur,0.5,-3.431
2025-03-12 13:00:00,634,Tiruppur,5.0,-3.414
2025-03-12 13:30:00,634,Tiruppur,1.5,-3.414
2025-03-12 14:00:00,634,Tiruppur,8.25,-3.414
2025-03-12 14:30:00,634,Tiruppur,1.3333333333333333,-3.414
2025-03-12 15:00:00,634,Tiruppur,3.5,-3.414
2025-03-12 16:00:00,634,Tiruppur,3.75,-3.282
2025-03-13 08:00:00,634,Tiruppur,0.5,-3.232
2025-03-16 12:00:00,634,Tiruppur,1.5,-3.37
2025-03-16 13:00:00,634,Tiruppur,0.5,-3.37
2025-03-16 16:00:00,634,Tiruppur,0.5,-3.36
2025-03-17 09:00:00,634,Tiruppur,0.5,-3.39
2025-03-18 08:00:00,634,Tiruppur,0.5,-3.427
2025-03-18 16:00:00,634,Tiruppur,0.5,-3.41
2025-03-19 08:45:00,634,Tiruppur,0.5,-3.382
2025-03-19 09:00:00,634,Tiruppur,0.5,-3.382
2025-03-19 12:00:00,634,Tiruppur,0.5,-3.354
2025-03-20 07:45:00,634,Tiruppur,0.5,-3.142
2025-03-20 08:00:00,634,Tiruppur,0.5,-3.142
2025-03-21 07:30:00,634,Tiruppur,1.5,-3.135
2025-03-21 07:45:00,634,Tiruppur,2.0,-3.135
2025-03-21 08:00:00,634,Tiruppur,2.0,-3.135
2025-03-21 17:15:00,634,Tiruppur,0.5,-3.146
2025-03-21 17:30:00,634,Tiruppur,0.5,-3.146
2025-03-21 17:45:00,634,Tiruppur,0.5,-3.146
2025-03-22 09:00:00,634,Tiruppur,0.5,-3.18
2025-03-22 16:30:00,634,Tiruppur,0.5,-3.219
2025-03-22 16:45:00,634,Tiruppur,0.5,-3.219
2025-03-22 17:00:00,634,Tiruppur,0.5,-3.219
2025-03-22 17:15:00,634,Tiruppur,2.5,-3.219
2025-03-22 17:30:00,634,Tiruppur,3.5,-3.219
2025-03-23 07:45:00,634,Tiruppur,0.5,-3.244
2025-03-23 08:00:00,634,Tiruppur,0.5,-3.244
2025-03-23 16:45:00,634,Tiruppur,0.5,-3.255
2025-03-23 17:00:00,634,Tiruppur,2.0,-3.255
2025-03-23 17:15:00,634,Tiruppur,0.5,-3.255
2025-03-23 17:30:00,634,Tiruppur,0.5,-3.255
2025-03-23 17:45:00,634,Tiruppur,0.5,-3.255
2025-03-23 18:00:00,634,Tiruppur,0.5,-3.255
2025-03-24 07:45:00,634,Tiruppur,1.0,-3.287
2025-03-24 08:00:00,634,Tiruppur,1.0,-3.287
2025-03-24 08:15:00,634,Tiruppur,0.5,-3.287
2025-03-24 08:30:00,634,Tiruppur,0.5,-3.287
2025-03-24 08:45:00,634,Tiruppur,0.5,-3.287
2025-03-24 09:00:00,634,Tiruppur,1.0,-3.287
2025-03-26 12:45:00,634,Tiruppur,0.5,-3.327
2025-03-26 12:50:00,634,Tiruppur,0.5,-3.327
2025-03-26 12:55:00,634,Tiruppur,0.5,-3.327
2025-03-27 07:45:00,634,Tiruppur,0.5,-3.142
2025-03-27 07:50:00,634,Tiruppur,0.5,-3.142
2025-03-27 07:55:00,634,Tiruppur,0.5,-3.142
2025-04-03 06:00:00,634,Tiruppur,8.0,-3.319
2025-04-03 07:00:00,634,Tiruppur,0.5,-3.319
2025-04-03 15:30:00,634,Tiruppur,1.0,-3.194
2025-04-03 16:00:00,634,Tiruppur,16.0,-3.194
2025-04-03 16:30:00,634,Tiruppur,5.0,-3.194
2025-04-03 17:00:00,634,Tiruppur,5.5,-3.194
2025-04-03 18:30:00,634,Tiruppur,0.5,-3.194
2025-04-03 19:00:00,634,Tiruppur,0.5,-3.194
2025-04-03 19:30:00,634,Tiruppur,0.5,-3.194
2025-04-03 20:00:00,634,Tiruppur,0.5,-3.194
2025-04-03 21:00:00,634,Tiruppur,0.5,-3.194
2025-04-04 00:00:00,634,Tiruppur,1.0,-3.092
2025-04-04 00:30:00,634,Tiruppur,0.5,-3.092
2025-04-04 01:00:00,634,Tiruppur,0.5,-3.092
2025-04-04 20:30:00,634,Tiruppur,0.5,-3.098
2025-04-04 21:00:00,634,Tiruppur,1.5,-3.098
2025-04-04 23:30:00,634,Tiruppur,0.5,-3.121
2025-04-05 00:00:00,634,Tiruppur,0.5,-3.121
2025-04-05 00:30:00,634,Tiruppur,0.5,-3.121
2025-04-05 01:00:00,634,Tiruppur,0.5,-3.121
2025-04-05 03:00:00,634,Tiruppur,2.0,-3.121
2025-04-05 03:30:00,634,Tiruppur,1.0,-3.139
2025-04-05 04:00:00,634,Tiruppur,1.5,-3.139
2025-04-05 06:00:00,634,Tiruppur,0.5,-3.139
2025-04-05 16:00:00,634,Tiruppur,0.5,-3.171
2025-04-06 07:00:00,634,Tiruppur,0.5,-3.194
2025-04-06 20:00:00,634,Tiruppur,0.5,-3.18
2025-04-06 21:00:00,634,Tiruppur,0.5,-3.18
2025-04-06 21:30:00,634,Tiruppur,1.5,-3.206
2025-04-06 22:00:00,634,Tiruppur,3.5,-3.206
2025-04-06 22:30:00,634,Tiruppur,2.0,-3.206
2025-04-06 23:00:00,634,Tiruppur,4.5,-3.206
2025-04-06 23:30:00,634,Tiruppur,6.0,-3.206
2025-04-07 00:00:00,634,Tiruppur,7.5,-3.206
2025-04-07 00:30:00,634,Tiruppur,2.0,-3.206
2025-04-08 16:00:00,634,Tiruppur,0.5,-3.287
2025-04-08 17:00:00,634,Tiruppur,0.5,-3.287
2025-04-09 09:00:00,634,Tiruppur,0.5,-3.322
2025-04-09 10:00:00,634,Tiruppur,2.0,-3.326
2025-04-09 11:00:00,634,Tiruppur,2.0,-3.326
2025-04-10 11:00:00,634,Tiruppur,0.5,-3.372
2025-04-10 12:00:00,634,Tiruppur,1.5,-3.372
2025-04-10 13:00:00,634,Tiruppur,0.5,-3.372
2025-04-10 18:00:00,634,Tiruppur,0.5,-3.372
2025-04-11 10:00:00,634,Tiruppur,0.5,-3.395
2025-04-11 12:00:00,634,Tiruppur,0.5,-3.395
2025-04-11 13:00:00,634,Tiruppur,1.0,-3.395
2025-04-11 15:00:00,634,Tiruppur,0.5,-3.395
2025-04-11 17:00:00,634,Tiruppur,12.0,-3.381
2025-04-11 18:00:00,634,Tiruppur,1.5,-3.381
2025-04-12 04:00:00,634,Tiruppur,7.5,-3.406
2025-04-12 04:30:00,634,Tiruppur,5.5,-3.406
2025-04-12 05:00:00,634,Tiruppur,5.5,-3.406
2025-04-12 09:00:00,634,Tiruppur,1.0,-3.406
2025-04-12 10:00:00,634,Tiruppur,0.5,-3.411
2025-04-12 11:00:00,634,Tiruppur,1.0,-3.411
2025-04-12 12:00:00,634,Tiruppur,0.5,-3.411
2025-04-13 09:00:00,634,Tiruppur,0.5,-3.403
2025-04-13 11:00:00,634,Tiruppur,0.5,-3.414
2025-04-13 13:00:00,634,Tiruppur,1.0,-3.414
2025-04-13 14:00:00,634,Tiruppur,0.5,-3.414
2025-04-13 17:00:00,634,Tiruppur,5.5,-3.334
2025-04-13 18:00:00,634,Tiruppur,0.5,-3.334
2025-04-13 19:00:00,634,Tiruppur,0.5,-3.334
2025-04-14 08:00:00,634,Tiruppur,0.5,-3.183
2025-04-14 18:00:00,634,Tiruppur,0.5,-3.079
2025-04-15 01:00:00,634,Tiruppur,4.0,-3.083
2025-04-15 02:00:00,634,Tiruppur,4.0,-3.083
2025-04-15 03:00:00,634,Tiruppur,1.5,-3.083
2025-04-15 05:00:00,634,Tiruppur,0.5,-3.051
2025-04-15 10:00:00,634,Tiruppur,0.5,-3.066
2025-04-16 09:00:00,634,Tiruppur,0.5,-3.085
2025-04-18 21:00:00,634,Tiruppur,3.0,-3.104
2025-04-18 21:30:00,634,Tiruppur,3.5,-3.104
2025-04-18 22:00:00,634,Tiruppur,3.5,-3.104
2025-04-22 17:00:00,634,Tiruppur,0.5,-3.104
2025-04-22 18:00:00,634,Tiruppur,1.0,-3.104
2025-04-23 09:00:00,634,Tiruppur,0.5,-3.104
2026-01-02 06:00:00,634,Tiruppur,1.5,-7.385142857142857
2026-01-02 10:00:00,634,Tiruppur,0.5,-7.405142857142857
2026-01-10 05:00:00,634,Tiruppur,0.5,-7.608714285714286
2026-01-10 21:00:00,634,Tiruppur,0.75,-7.608714285714286
2026-01-10 22:00:00,634,Tiruppur,0.5,-7.608714285714286
2026-01-10 23:00:00,634,Tiruppur,0.8333333333333334,-7.608714285714286
2026-01-11 00:00:00,634,Tiruppur,1.75,-7.608714285714286
2026-01-11 02:00:00,634,Tiruppur,0.5,-7.608714285714286
2026-01-11 05:00:00,634,Tiruppur,0.6666666666666666,-5.63
2026-01-11 06:00:00,634,Tiruppur,1.0,-5.63
2026-01-11 07:00:00,634,Tiruppur,1.2,-5.63
2026-01-11 08:00:00,634,Tiruppur,1.4,-5.63
2026-01-11 09:00:00,634,Tiruppur,0.8,-5.63
2026-01-11 10:00:00,634,Tiruppur,0.5,-5.6425
2026-01-11 11:00:00,634,Tiruppur,0.5,-5.6425
2026-01-11 12:00:00,634,Tiruppur,0.5,-5.6425
2026-01-11 14:00:00,634,Tiruppur,0.5,-5.6425
2026-01-12 03:00:00,634,Tiruppur,1.5,-7.628857142857143
2026-01-12 07:00:00,634,Tiruppur,0.5,-7.615142857142857
2026-01-12 17:00:00,634,Tiruppur,0.5,-7.682142857142857
2026-01-12 19:00:00,634,Tiruppur,0.5,-7.682142857142857
2026-01-12 20:00:00,634,Tiruppur,1.0,-7.682142857142857
2026-01-12 21:00:00,634,Tiruppur,1.1666666666666667,-7.682142857142857
2026-01-12 22:00:00,634,Tiruppur,0.75,-7.693
2026-01-12 23:00:00,634,Tiruppur,1.3333333333333333,-7.693
2026-01-13 00:00:00,634,Tiruppur,0.5,-7.693
2026-01-13 01:00:00,634,Tiruppur,2.0,-7.693
2026-01-13 02:00:00,634,Tiruppur,1.75,-7.693
2026-01-13 03:00:00,634,Tiruppur,1.25,-7.693
2026-01-13 04:00:00,634,Tiruppur,1.3333333333333333,-7.669428571428571
2026-01-13 05:00:00,634,Tiruppur,1.0,-7.669428571428571
2026-01-13 13:00:00,634,Tiruppur,1.0,-7.680428571428571
2026-01-13 14:00:00,634,Tiruppur,1.0,-7.680428571428571
2026-01-13 15:00:00,634,Tiruppur,1.0,-7.680428571428571
2026-01-13 16:00:00,634,Tiruppur,0.5,-7.692428571428572
2026-01-26 03:00:00,634,Tiruppur,1.0,-5.7825
2026-01-26 04:00:00,634,Tiruppur,1.0,-5.7775
2026-01-26 05:00:00,634,Tiruppur,0.5,-5.7775
2026-01-26 06:00:00,634,Tiruppur,0.6666666666666666,-5.7775
2026-01-26 07:00:00,634,Tiruppur,0.6666666666666666,-5.7775
2026-01-26 08:00:00,634,Tiruppur,0.75,-5.7775
2026-01-26 10:00:00,634,Tiruppur,0.5,-5.7975
2026-01-26 14:00:00,634,Tiruppur,0.5,-5.7975
2026-01-26 15:00:00,634,Tiruppur,2.0,-5.7975
2026-01-26 16:00:00,634,Tiruppur,2.5,-5.775
2026-01-26 17:00:00,634,Tiruppur,0.5,-5.775
2026-01-27 02:00:00,634,Tiruppur,0.5,-5.785
2026-02-24 18:00:00,634,Tiruppur,2.5,-6.3825
2026-02-24 22:00:00,634,Tiruppur,5.25,-6.3950000000000005
2026-02-24 23:00:00,634,Tiruppur,0.5,-6.3950000000000005
2026-02-25 07:00:00,634,Tiruppur,8.5,-5.03
2026-02-25 08:00:00,634,Tiruppur,1.0,-5.03
2026-02-25 20:00:00,634,Tiruppur,8.0,-4.98
2026-02-25 22:00:00,634,Tiruppur,13.0,-4.99
2026-02-25 23:00:00,634,Tiruppur,15.0,-4.99
2026-02-27 02:00:00,634,Tiruppur,10.0,-6.2825
2026-02-27 03:00:00,634,Tiruppur,3.0,-6.2825
2026-03-18 22:00:00,634,Tiruppur,1.0,-5.41
2026-03-19 07:00:00,634,Tiruppur,0.5,-11.8788
2026-03-20 04:00:00,634,Tiruppur,1.0,-37.493
2026-03-20 05:00:00,634,Tiruppur,0.5,-37.493
2023-10-25 09:00:00,589,Tiruvallur,0.5,-8.79
2023-10-25 22:00:00,589,Tiruvallur,0.5,-8.79
2023-10-27 00:00:00,589,Tiruvallur,0.5,-8.79
2023-10-29 13:00:00,589,Tiruvallur,0.5,-8.79
2023-10-30 02:00:00,589,Tiruvallur,1.0,-8.79
2023-10-31 02:00:00,589,Tiruvallur,1.5,-8.79
2023-10-31 03:00:00,589,Tiruvallur,1.0,-8.79
2023-10-31 11:00:00,589,Tiruvallur,0.5,-8.79
2023-10-31 19:00:00,589,Tiruvallur,1.5,-8.79
2023-10-31 20:00:00,589,Tiruvallur,1.0,-8.79
2023-10-31 21:00:00,589,Tiruvallur,9.5,-8.79
2023-10-31 22:00:00,589,Tiruvallur,21.0,-8.79
2023-10-31 23:00:00,589,Tiruvallur,0.5,-8.79
2023-11-03 00:00:00,589,Tiruvallur,0.5,-11.913333333333332
2023-11-03 10:00:00,589,Tiruvallur,1.0,-12.185
2023-11-04 04:00:00,589,Tiruvallur,5.5,-13.711428571428572
2023-11-04 05:00:00,589,Tiruvallur,0.5,-13.711428571428572
2023-11-04 06:00:00,589,Tiruvallur,5.0,-13.711428571428572
2023-11-04 07:00:00,589,Tiruvallur,0.5,-13.711428571428572
2023-11-04 13:00:00,589,Tiruvallur,0.5,-13.781428571428572
2023-11-05 20:00:00,589,Tiruvallur,0.5,-11.251666666666669
2023-11-06 14:00:00,589,Tiruvallur,5.5,-12.7275
2023-11-06 15:00:00,589,Tiruvallur,5.0,-12.7275
2023-11-06 16:00:00,589,Tiruvallur,3.0,-11.7
2023-11-06 17:00:00,589,Tiruvallur,3.0,-11.7
2023-11-06 18:00:00,589,Tiruvallur,2.0,-11.7
2023-11-07 18:00:00,589,Tiruvallur,5.5,-11.164444444444444
2023-11-08 02:00:00,589,Tiruvallur,0.5,-11.094444444444443
2023-11-08 03:00:00,589,Tiruvallur,1.5,-11.094444444444443
2023-11-08 04:00:00,589,Tiruvallur,0.5,-11.02888888888889
2023-11-08 05:00:00,589,Tiruvallur,0.5,-11.02888888888889
2023-11-08 17:00:00,589,Tiruvallur,0.5,-11.106666666666667
2023-11-09 21:00:00,589,Tiruvallur,0.5,-11.05
2023-11-09 22:00:00,589,Tiruvallur,1.0,-10.937777777777775
2023-11-09 23:00:00,589,Tiruvallur,0.5,-10.937777777777775
2023-11-10 00:00:00,589,Tiruvallur,0.5,-10.937777777777775
2023-11-10 01:00:00,589,Tiruvallur,0.5,-10.937777777777775
2023-11-10 02:00:00,589,Tiruvallur,0.5,-10.937777777777775
2023-11-10 03:00:00,589,Tiruvallur,0.5,-10.937777777777775
2023-11-10 04:00:00,589,Tiruvallur,0.5,-10.876666666666669
2023-11-10 05:00:00,589,Tiruvallur,0.5,-10.876666666666669
2023-11-14 01:00:00,589,Tiruvallur,0.5,-10.645555555555555
2023-11-14 02:00:00,589,Tiruvallur,2.0,-10.645555555555555
2023-11-14 03:00:00,589,Tiruvallur,2.0,-10.645555555555555
2023-11-14 04:00:00,589,Tiruvallur,2.5,-10.593333333333334
2023-11-14 05:00:00,589,Tiruvallur,1.25,-10.593333333333334
2023-11-14 06:00:00,589,Tiruvallur,1.0,-10.593333333333334
2023-11-14 07:00:00,589,Tiruvallur,0.5,-10.593333333333334
2023-11-14 08:00:00,589,Tiruvallur,0.5,-10.593333333333334
2023-11-14 09:00:00,589,Tiruvallur,0.5,-10.593333333333334
2023-11-14 11:00:00,589,Tiruvallur,0.5,-10.674444444444443
2023-11-14 13:00:00,589,Tiruvallur,0.5,-10.674444444444443
2023-11-14 16:00:00,589,Tiruvallur,0.5,-10.686666666666666
2023-11-14 17:00:00,589,Tiruvallur,0.5,-10.686666666666666
2023-11-14 19:00:00,589,Tiruvallur,0.5,-10.686666666666666
2023-11-14 20:00:00,589,Tiruvallur,0.5,-10.686666666666666
2023-11-14 21:00:00,589,Tiruvallur,0.5,-10.686666666666666
2023-11-14 22:00:00,589,Tiruvallur,0.5,-9.62142857142857
2023-11-14 23:00:00,589,Tiruvallur,0.5,-9.62142857142857
2023-11-15 00:00:00,589,Tiruvallur,0.5,-9.62142857142857
2023-11-15 01:00:00,589,Tiruvallur,0.5,-9.62142857142857
2023-11-15 02:00:00,589,Tiruvallur,0.5,-9.62142857142857
2023-11-15 04:00:00,589,Tiruvallur,0.5,-10.49
2023-11-15 07:00:00,589,Tiruvallur,0.5,-10.49
2023-11-15 09:00:00,589,Tiruvallur,0.5,-10.49
2023-11-15 10:00:00,589,Tiruvallur,0.5,-10.54888888888889
2023-11-15 11:00:00,589,Tiruvallur,1.0,-10.54888888888889
2023-11-15 13:00:00,589,Tiruvallur,0.5,-10.54888888888889
2023-11-15 14:00:00,589,Tiruvallur,0.5,-10.54888888888889
2023-11-15 16:00:00,589,Tiruvallur,0.5,-9.55125
2023-11-15 17:00:00,589,Tiruvallur,0.5,-9.55125
2023-11-15 18:00:00,589,Tiruvallur,0.5,-9.55125
2023-11-15 19:00:00,589,Tiruvallur,0.5,-9.55125
2023-11-15 20:00:00,589,Tiruvallur,0.5,-9.55125
2023-11-15 21:00:00,589,Tiruvallur,0.5,-9.55125
2023-11-15 22:00:00,589,Tiruvallur,0.5,-9.36
2023-11-15 23:00:00,589,Tiruvallur,1.0,-9.36
2023-11-16 00:00:00,589,Tiruvallur,0.5,-9.36
2023-11-16 01:00:00,589,Tiruvallur,0.5,-9.36
2023-11-16 02:00:00,589,Tiruvallur,0.5,-9.36
2023-11-16 03:00:00,589,Tiruvallur,0.5,-9.36
2023-11-16 04:00:00,589,Tiruvallur,0.5,-10.276666666666666
2023-11-16 06:00:00,589,Tiruvallur,0.5,-10.276666666666666
2023-11-16 07:00:00,589,Tiruvallur,0.5,-10.276666666666666
2023-11-16 09:00:00,589,Tiruvallur,1.0,-10.276666666666666
2023-11-16 10:00:00,589,Tiruvallur,0.5,-10.284444444444444
2023-11-16 11:00:00,589,Tiruvallur,1.0,-10.284444444444444
2023-11-16 12:00:00,589,Tiruvallur,13.75,-10.284444444444444
2023-11-16 13:00:00,589,Tiruvallur,8.0,-10.284444444444444
2023-11-16 14:00:00,589,Tiruvallur,0.5,-10.284444444444444
2023-11-16 15:00:00,589,Tiruvallur,0.5,-10.284444444444444
2023-11-16 16:00:00,589,Tiruvallur,0.5,-10.224444444444444
2023-11-16 17:00:00,589,Tiruvallur,0.5,-10.224444444444444
2023-11-16 18:00:00,589,Tiruvallur,0.5,-10.224444444444444
2023-11-16 19:00:00,589,Tiruvallur,0.5,-10.224444444444444
2023-11-16 20:00:00,589,Tiruvallur,0.5,-10.224444444444444
2023-11-16 22:00:00,589,Tiruvallur,0.5,-10.11111111111111
2023-11-16 23:00:00,589,Tiruvallur,0.5,-10.11111111111111
2023-11-17 01:00:00,589,Tiruvallur,0.5,-10.11111111111111
2023-11-17 02:00:00,589,Tiruvallur,0.5,-10.11111111111111
2023-11-17 04:00:00,589,Tiruvallur,0.5,-9.026666666666666
2023-11-17 07:00:00,589,Tiruvallur,0.5,-9.026666666666666
2023-11-17 09:00:00,589,Tiruvallur,0.5,-9.026666666666666
2023-11-17 11:00:00,589,Tiruvallur,0.5,-9.03
2023-11-17 13:00:00,589,Tiruvallur,0.5,-9.03
2023-11-17 15:00:00,589,Tiruvallur,0.5,-9.03
2023-11-17 17:00:00,589,Tiruvallur,0.5,-8.964444444444446
2023-11-17 21:00:00,589,Tiruvallur,0.5,-8.964444444444446
2023-11-18 01:00:00,589,Tiruvallur,0.5,-8.927777777777777
2023-11-19 15:00:00,589,Tiruvallur,0.5,-8.823333333333332
2023-11-19 23:00:00,589,Tiruvallur,6.5,-8.797777777777778
2023-11-20 02:00:00,589,Tiruvallur,0.5,-8.797777777777778
2023-11-20 05:00:00,589,Tiruvallur,1.0,-8.756666666666668
2023-11-20 12:00:00,589,Tiruvallur,3.0,-9.814444444444444
2023-11-20 13:00:00,589,Tiruvallur,11.5,-9.814444444444444
2023-11-20 14:00:00,589,Tiruvallur,1.0,-9.814444444444444
2023-11-20 15:00:00,589,Tiruvallur,1.0,-9.814444444444444
2023-11-20 18:00:00,589,Tiruvallur,0.5,-8.746666666666666
2023-11-20 19:00:00,589,Tiruvallur,0.5,-8.746666666666666
2023-11-21 01:00:00,589,Tiruvallur,6.0,-9.695555555555556
2023-11-21 02:00:00,589,Tiruvallur,4.5,-9.695555555555556
2023-11-21 03:00:00,589,Tiruvallur,21.5,-9.695555555555556
2023-11-21 04:00:00,589,Tiruvallur,5.5,-9.632222222222222
2023-11-21 05:00:00,589,Tiruvallur,2.0,-9.632222222222222
2023-11-21 06:00:00,589,Tiruvallur,2.0,-9.632222222222222
2023-11-21 09:00:00,589,Tiruvallur,2.5,-9.632222222222222
2023-11-21 11:00:00,589,Tiruvallur,0.5,-9.618888888888888
2023-11-21 12:00:00,589,Tiruvallur,2.0,-9.618888888888888
2023-11-21 13:00:00,589,Tiruvallur,1.5,-9.618888888888888
2023-11-21 22:00:00,589,Tiruvallur,1.0,-9.474444444444444
2023-11-21 23:00:00,589,Tiruvallur,6.0,-9.474444444444444
2023-11-22 00:00:00,589,Tiruvallur,6.0,-9.474444444444444
2023-11-22 01:00:00,589,Tiruvallur,2.0,-9.474444444444444
2023-11-22 02:00:00,589,Tiruvallur,2.5,-9.474444444444444
2023-11-22 03:00:00,589,Tiruvallur,2.0,-9.474444444444444
2023-11-22 04:00:00,589,Tiruvallur,0.5,-9.353333333333332
2023-11-22 08:00:00,589,Tiruvallur,0.5,-9.353333333333332
2023-11-22 09:00:00,589,Tiruvallur,0.5,-9.353333333333332
2023-11-22 12:00:00,589,Tiruvallur,0.5,-9.395555555555555
2023-11-22 14:00:00,589,Tiruvallur,0.5,-9.395555555555555
2023-11-22 15:00:00,589,Tiruvallur,0.5,-9.395555555555555
2023-11-22 23:00:00,589,Tiruvallur,6.5,-9.22111111111111
2023-11-23 01:00:00,589,Tiruvallur,0.75,-9.22111111111111
2023-11-23 02:00:00,589,Tiruvallur,2.5,-9.22111111111111
2023-11-23 03:00:00,589,Tiruvallur,1.5,-9.22111111111111
2023-11-23 04:00:00,589,Tiruvallur,1.3333333333333333,-9.121111111111112
2023-11-23 05:00:00,589,Tiruvallur,1.5,-9.121111111111112
2023-11-23 06:00:00,589,Tiruvallur,0.5,-9.121111111111112
2023-11-23 07:00:00,589,Tiruvallur,0.5,-9.121111111111112
2023-11-23 09:00:00,589,Tiruvallur,0.5,-9.121111111111112
2023-11-23 11:00:00,589,Tiruvallur,0.5,-9.161111111111111
2023-11-23 13:00:00,589,Tiruvallur,0.5,-9.161111111111111
2023-11-23 14:00:00,589,Tiruvallur,0.5,-9.161111111111111
2023-11-23 15:00:00,589,Tiruvallur,0.5,-9.161111111111111
2023-11-23 16:00:00,589,Tiruvallur,0.5,-9.17625
2023-11-23 17:00:00,589,Tiruvallur,0.5,-9.17625
2023-11-23 18:00:00,589,Tiruvallur,0.5,-9.17625
2023-11-23 19:00:00,589,Tiruvallur,0.5,-9.17625
2023-11-23 20:00:00,589,Tiruvallur,0.5,-9.17625
2023-11-23 21:00:00,589,Tiruvallur,0.5,-9.17625
2023-11-23 22:00:00,589,Tiruvallur,0.5,-9.055
2023-11-23 23:00:00,589,Tiruvallur,0.5,-9.055
2023-11-24 00:00:00,589,Tiruvallur,0.75,-9.055
2023-11-24 01:00:00,589,Tiruvallur,0.5,-9.055
2023-11-24 02:00:00,589,Tiruvallur,3.5,-9.055
2023-11-24 03:00:00,589,Tiruvallur,0.5,-9.055
2023-11-24 05:00:00,589,Tiruvallur,0.5,-8.848888888888888
2023-11-24 06:00:00,589,Tiruvallur,0.5,-8.848888888888888
2023-11-24 07:00:00,589,Tiruvallur,1.5,-8.848888888888888
2023-11-24 09:00:00,589,Tiruvallur,0.5,-8.848888888888888
2023-11-24 11:00:00,589,Tiruvallur,0.5,-8.885555555555555
2023-11-24 13:00:00,589,Tiruvallur,0.5,-8.885555555555555
2023-11-24 15:00:00,589,Tiruvallur,0.5,-8.885555555555555
2023-11-24 17:00:00,589,Tiruvallur,0.5,-8.833333333333334
2023-11-24 20:00:00,589,Tiruvallur,0.5,-8.833333333333334
2023-11-24 22:00:00,589,Tiruvallur,1.75,-8.74
2023-11-24 23:00:00,589,Tiruvallur,14.0,-8.74
2023-11-25 00:00:00,589,Tiruvallur,0.5,-8.74
2023-11-25 01:00:00,589,Tiruvallur,0.5,-8.74
2023-11-25 05:00:00,589,Tiruvallur,0.5,-8.663333333333334
2023-11-25 09:00:00,589,Tiruvallur,0.5,-8.663333333333334
2023-11-25 13:00:00,589,Tiruvallur,0.5,-8.717777777777778
2023-11-25 16:00:00,589,Tiruvallur,0.5,-8.606666666666666
2023-11-25 19:00:00,589,Tiruvallur,0.5,-8.606666666666666
2023-11-25 22:00:00,589,Tiruvallur,0.5,-7.611111111111111
2023-11-26 06:00:00,589,Tiruvallur,0.5,-8.497777777777777
2023-11-26 15:00:00,589,Tiruvallur,0.5,-7.552222222222222
2023-11-26 22:00:00,589,Tiruvallur,4.5,-8.44888888888889
2023-11-26 23:00:00,589,Tiruvallur,0.8333333333333334,-8.44888888888889
2023-11-27 00:00:00,589,Tiruvallur,0.5,-8.44888888888889
2023-11-27 01:00:00,589,Tiruvallur,0.5,-8.44888888888889
2023-11-27 02:00:00,589,Tiruvallur,0.5,-8.44888888888889
2023-11-27 03:00:00,589,Tiruvallur,1.5,-8.44888888888889
2023-11-27 04:00:00,589,Tiruvallur,0.5,-8.399999999999999
2023-11-27 07:00:00,589,Tiruvallur,0.5,-8.399999999999999
2023-11-27 08:00:00,589,Tiruvallur,0.5,-8.399999999999999
2023-11-27 11:00:00,589,Tiruvallur,0.5,-8.465555555555556
2023-11-27 15:00:00,589,Tiruvallur,0.5,-8.465555555555556
2023-11-27 16:00:00,589,Tiruvallur,0.5,-8.385555555555555
2023-11-27 18:00:00,589,Tiruvallur,1.0,-8.385555555555555
2023-11-27 19:00:00,589,Tiruvallur,1.75,-8.385555555555555
2023-11-27 20:00:00,589,Tiruvallur,2.0,-8.385555555555555
2023-11-27 21:00:00,589,Tiruvallur,2.0,-8.385555555555555
2023-11-27 22:00:00,589,Tiruvallur,10.0,-8.295555555555556
2023-11-27 23:00:00,589,Tiruvallur,32.0,-8.295555555555556
2023-11-28 00:00:00,589,Tiruvallur,29.5,-8.295555555555556
2023-11-28 01:00:00,589,Tiruvallur,27.5,-8.295555555555556
2023-11-28 02:00:00,589,Tiruvallur,20.0,-8.295555555555556
2023-11-28 03:00:00,589,Tiruvallur,3.75,-8.295555555555556
2023-11-28 04:00:00,589,Tiruvallur,2.25,-8.19888888888889
2023-11-28 05:00:00,589,Tiruvallur,0.5,-8.19888888888889
2023-11-28 08:00:00,589,Tiruvallur,0.5,-8.19888888888889
2023-11-28 11:00:00,589,Tiruvallur,0.5,-8.225555555555555
2023-11-28 19:00:00,589,Tiruvallur,13.5,-8.207777777777778
2023-11-28 21:00:00,589,Tiruvallur,4.0,-8.207777777777778
2023-11-28 22:00:00,589,Tiruvallur,13.0,-8.096666666666668
2023-11-28 23:00:00,589,Tiruvallur,8.0,-8.096666666666668
2023-11-29 00:00:00,589,Tiruvallur,2.75,-8.096666666666668
2023-11-29 01:00:00,589,Tiruvallur,7.0,-8.096666666666668
2023-11-29 02:00:00,589,Tiruvallur,4.0,-8.096666666666668
2023-11-29 03:00:00,589,Tiruvallur,2.0,-8.096666666666668
2023-11-29 04:00:00,589,Tiruvallur,2.0,-7.986666666666666
2023-11-29 05:00:00,589,Tiruvallur,2.5,-7.986666666666666
2023-11-29 08:00:00,589,Tiruvallur,10.5,-7.986666666666666
2023-11-29 09:00:00,589,Tiruvallur,11.0,-7.986666666666666
2023-11-29 10:00:00,589,Tiruvallur,2.25,-8.027777777777779
2023-11-29 11:00:00,589,Tiruvallur,1.3333333333333333,-8.027777777777779
2023-11-29 12:00:00,589,Tiruvallur,7.25,-8.027777777777779
2023-11-29 13:00:00,589,Tiruvallur,3.5,-8.027777777777779
2023-11-29 14:00:00,589,Tiruvallur,0.75,-8.027777777777779
2023-11-29 17:00:00,589,Tiruvallur,5.0,-7.894444444444444
2023-11-29 18:00:00,589,Tiruvallur,20.5,-7.894444444444444
2023-11-29 19:00:00,589,Tiruvallur,10.5,-7.894444444444444
2023-11-29 20:00:00,589,Tiruvallur,6.0,-7.894444444444444
2023-11-29 21:00:00,589,Tiruvallur,2.5,-7.894444444444444
2023-11-29 22:00:00,589,Tiruvallur,2.25,-7.695555555555556
2023-11-29 23:00:00,589,Tiruvallur,0.5,-7.695555555555556
2023-11-30 01:00:00,589,Tiruvallur,0.5,-7.695555555555556
2023-11-30 06:00:00,589,Tiruvallur,3.5,-7.5
2023-11-30 07:00:00,589,Tiruvallur,1.0,-7.5
2023-11-30 08:00:00,589,Tiruvallur,0.5,-7.5
2023-11-30 10:00:00,589,Tiruvallur,0.5,-7.434444444444444
2023-11-30 14:00:00,589,Tiruvallur,1.0,-7.434444444444444
2023-11-30 16:00:00,589,Tiruvallur,0.5,-7.313333333333333
2023-11-30 19:00:00,589,Tiruvallur,0.5,-7.313333333333333
2023-11-30 22:00:00,589,Tiruvallur,1.75,-7.205555555555557
2023-11-30 23:00:00,589,Tiruvallur,5.0,-7.205555555555557
2023-12-01 00:00:00,589,Tiruvallur,5.5,-7.205555555555557
2023-12-02 12:00:00,589,Tiruvallur,1.0,-7.025
2023-12-02 13:00:00,589,Tiruvallur,2.0,-7.025
2023-12-02 14:00:00,589,Tiruvallur,0.5,-7.025
2023-12-02 15:00:00,589,Tiruvallur,0.5,-7.025
2023-12-02 16:00:00,589,Tiruvallur,2.25,-6.97875
2023-12-02 17:00:00,589,Tiruvallur,6.25,-6.97875
2023-12-02 18:00:00,589,Tiruvallur,0.5,-6.97875
2023-12-02 19:00:00,589,Tiruvallur,0.5,-6.97875
2023-12-02 20:00:00,589,Tiruvallur,1.6666666666666667,-6.97875
2023-12-02 21:00:00,589,Tiruvallur,1.0,-6.97875
2023-12-02 22:00:00,589,Tiruvallur,1.25,-6.86875
2023-12-02 23:00:00,589,Tiruvallur,3.25,-6.86875
2023-12-03 00:00:00,589,Tiruvallur,7.5,-6.86875
2023-12-03 01:00:00,589,Tiruvallur,2.0,-6.86875
2023-12-03 02:00:00,589,Tiruvallur,1.0,-6.86875
2023-12-03 03:00:00,589,Tiruvallur,2.5,-6.86875
2023-12-03 04:00:00,589,Tiruvallur,2.0,-6.7475
2023-12-03 05:00:00,589,Tiruvallur,1.0,-6.7475
2023-12-03 06:00:00,589,Tiruvallur,1.25,-6.7475
2023-12-03 07:00:00,589,Tiruvallur,1.75,-6.7475
2023-12-03 08:00:00,589,Tiruvallur,4.75,-6.7475
2023-12-03 09:00:00,589,Tiruvallur,4.0,-6.7475
2023-12-03 10:00:00,589,Tiruvallur,2.0,-6.68375
2023-12-03 11:00:00,589,Tiruvallur,2.25,-6.68375
2023-12-03 12:00:00,589,Tiruvallur,4.5,-6.68375
2023-12-03 13:00:00,589,Tiruvallur,2.75,-6.68375
2023-12-03 14:00:00,589,Tiruvallur,1.1666666666666667,-6.68375
2023-12-03 15:00:00,589,Tiruvallur,3.1666666666666665,-6.68375
2023-12-03 16:00:00,589,Tiruvallur,1.75,-6.61
2023-12-03 17:00:00,589,Tiruvallur,2.0,-6.61
2023-12-03 18:00:00,589,Tiruvallur,3.0,-6.61
2023-12-03 19:00:00,589,Tiruvallur,2.75,-6.61
2023-12-03 20:00:00,589,Tiruvallur,2.25,-6.61
2023-12-03 21:00:00,589,Tiruvallur,3.0,-6.61
2023-12-03 22:00:00,589,Tiruvallur,1.5,-6.53875
2023-12-03 23:00:00,589,Tiruvallur,2.5,-6.53875
2023-12-04 00:00:00,589,Tiruvallur,2.5,-6.53875
2023-12-04 01:00:00,589,Tiruvallur,2.5,-6.53875
2023-12-04 02:00:00,589,Tiruvallur,1.75,-6.53875
2023-12-04 03:00:00,589,Tiruvallur,3.1666666666666665,-6.53875
2023-12-04 04:00:00,589,Tiruvallur,2.833333333333333,-6.53875
2023-12-04 05:00:00,589,Tiruvallur,5.166666666666667,-6.53875
2023-12-04 06:00:00,589,Tiruvallur,5.333333333333333,-6.53875
2023-12-04 07:00:00,589,Tiruvallur,4.166666666666667,-6.53875
2023-12-04 08:00:00,589,Tiruvallur,6.0,-6.53875
2023-12-04 09:00:00,589,Tiruvallur,3.8333333333333335,-6.53875
2023-12-04 10:00:00,589,Tiruvallur,6.333333333333333,-6.53875
2023-12-04 11:00:00,589,Tiruvallur,5.166666666666667,-6.53875
2023-12-04 12:00:00,589,Tiruvallur,3.8333333333333335,-6.53875
2023-12-04 13:00:00,589,Tiruvallur,3.0,-6.53875
2023-12-04 14:00:00,589,Tiruvallur,2.0,-6.53875
2023-12-04 15:00:00,589,Tiruvallur,1.0,-6.53875
2023-12-04 16:00:00,589,Tiruvallur,2.0,-6.53875
2023-12-04 17:00:00,589,Tiruvallur,1.0,-6.53875
2023-12-04 19:00:00,589,Tiruvallur,1.0,-6.53875
2023-12-04 21:00:00,589,Tiruvallur,9.0,-6.53875
2023-12-04 22:00:00,589,Tiruvallur,6.5,-6.53875
2023-12-04 23:00:00,589,Tiruvallur,5.0,-6.53875
2023-12-05 00:00:00,589,Tiruvallur,4.0,-6.53875
2023-12-05 01:00:00,589,Tiruvallur,3.5,-6.53875
2023-12-05 02:00:00,589,Tiruvallur,3.0,-6.53875
2023-12-05 03:00:00,589,Tiruvallur,3.0,-6.53875
2023-12-05 04:00:00,589,Tiruvallur,3.0,-6.53875
2023-12-05 05:00:00,589,Tiruvallur,2.0,-6.53875
2023-12-05 06:00:00,589,Tiruvallur,2.0,-6.53875
2023-12-15 16:00:00,589,Tiruvallur,1.5,-2.44
2023-12-15 17:00:00,589,Tiruvallur,0.5,-2.44
2023-12-15 18:00:00,589,Tiruvallur,1.0,-2.44
2023-12-16 13:00:00,589,Tiruvallur,0.5,-2.44
2023-12-17 15:00:00,589,Tiruvallur,0.5,-2.44
2024-01-04 14:00:00,589,Tiruvallur,1.0,-4.43
2024-01-07 12:00:00,589,Tiruvallur,1.0,-4.32
2024-01-07 13:00:00,589,Tiruvallur,1.5,-4.32
2024-01-07 14:00:00,589,Tiruvallur,0.5,-4.32
2024-01-08 14:00:00,589,Tiruvallur,0.5,-4.201111111111112
2024-01-23 12:35:00,589,Tiruvallur,4.0,-3.517777777777778
2024-01-23 12:40:00,589,Tiruvallur,4.0,-3.517777777777778
2024-01-23 12:45:00,589,Tiruvallur,4.0,-3.517777777777778
2024-01-23 13:00:00,589,Tiruvallur,4.0,-3.517777777777778
2024-01-24 16:00:00,589,Tiruvallur,11.5,-3.54
2024-03-20 11:40:00,589,Tiruvallur,0.5,-7.722222222222222
2024-03-20 12:00:00,589,Tiruvallur,0.5,-7.722222222222222
2024-04-12 11:05:00,589,Tiruvallur,2.0,-10.366666666666667
2024-04-12 12:00:00,589,Tiruvallur,2.0,-10.366666666666667
2024-05-02 22:00:00,589,Tiruvallur,1.0,-10.166666666666666
2024-05-12 16:00:00,589,Tiruvallur,0.5,-10.69
2024-05-13 13:00:00,589,Tiruvallur,1.0,-10.593
2024-05-15 22:00:00,589,Tiruvallur,10.5,-10.491
2024-05-15 23:00:00,589,Tiruvallur,2.0,-10.491
2024-05-17 18:00:00,589,Tiruvallur,9.0,-10.285
2024-05-17 19:00:00,589,Tiruvallur,4.0,-10.285
2024-05-17 20:00:00,589,Tiruvallur,2.5,-10.285
2024-05-17 21:00:00,589,Tiruvallur,1.5,-10.285
2024-05-17 22:00:00,589,Tiruvallur,1.5,-10.14
2024-05-17 23:00:00,589,Tiruvallur,1.0,-10.14
2024-05-18 00:00:00,589,Tiruvallur,1.0,-10.14
2024-05-18 01:00:00,589,Tiruvallur,0.5,-10.14
2024-05-18 02:00:00,589,Tiruvallur,1.0,-10.14
2024-05-18 03:00:00,589,Tiruvallur,0.5,-10.14
2024-05-18 09:00:00,589,Tiruvallur,0.5,-10.25
2024-05-18 11:00:00,589,Tiruvallur,0.5,-10.305
2024-05-18 12:00:00,589,Tiruvallur,0.5,-10.305
2024-05-18 14:00:00,589,Tiruvallur,0.5,-10.305
2024-05-18 16:00:00,589,Tiruvallur,0.5,-10.297
2024-05-18 18:00:00,589,Tiruvallur,0.5,-10.297
2024-05-18 23:00:00,589,Tiruvallur,0.5,-10.276
2024-05-19 02:00:00,589,Tiruvallur,10.5,-10.276
2024-05-19 04:00:00,589,Tiruvallur,0.5,-10.328
2024-05-19 11:00:00,589,Tiruvallur,0.5,-11.376
2024-05-19 15:00:00,589,Tiruvallur,0.5,-11.376
2024-05-19 21:00:00,589,Tiruvallur,0.5,-10.302
2024-05-20 03:00:00,589,Tiruvallur,0.5,-10.229
2024-05-20 09:00:00,589,Tiruvallur,0.5,-10.214
2024-05-20 15:00:00,589,Tiruvallur,4.5,-10.289
2024-05-21 05:00:00,589,Tiruvallur,1.0,-10.255
2024-05-21 12:00:00,589,Tiruvallur,1.0,-10.268
2024-05-21 14:00:00,589,Tiruvallur,10.0,-10.268
2024-05-21 15:00:00,589,Tiruvallur,3.0,-10.268
2024-05-22 03:00:00,589,Tiruvallur,1.0,-10.163
2024-05-22 19:00:00,589,Tiruvallur,0.5,-11.14
2024-05-22 21:00:00,589,Tiruvallur,2.5,-11.14
2024-05-22 23:00:00,589,Tiruvallur,0.5,-10.051
2024-06-04 17:00:00,589,Tiruvallur,28.0,-10.761
2024-06-04 18:00:00,589,Tiruvallur,11.5,-10.761
2024-06-05 14:00:00,589,Tiruvallur,0.5,-11.729
2024-06-05 15:00:00,589,Tiruvallur,40.5,-11.729
2024-06-05 16:00:00,589,Tiruvallur,12.5,-11.694
2024-06-05 18:00:00,589,Tiruvallur,0.5,-11.694
2024-06-05 19:00:00,589,Tiruvallur,0.5,-11.694
2024-06-06 19:00:00,589,Tiruvallur,3.5,-11.71
2024-06-06 20:00:00,589,Tiruvallur,7.75,-11.71
2024-06-06 21:00:00,589,Tiruvallur,0.75,-11.71
2024-06-08 00:00:00,589,Tiruvallur,5.25,-10.342
2024-06-08 01:00:00,589,Tiruvallur,4.0,-10.342
2024-06-08 17:00:00,589,Tiruvallur,0.5,-11.415
2024-06-10 17:00:00,589,Tiruvallur,7.5,-11.515
2024-06-10 18:00:00,589,Tiruvallur,4.0,-11.515
2024-06-11 20:00:00,589,Tiruvallur,8.0,-10.58
2024-06-11 21:00:00,589,Tiruvallur,10.0,-10.58
2024-06-11 22:00:00,589,Tiruvallur,4.0,-10.291
2024-06-11 23:00:00,589,Tiruvallur,0.5,-10.291
2024-06-12 00:00:00,589,Tiruvallur,0.5,-10.291
2024-06-12 23:00:00,589,Tiruvallur,5.0,-10.35
2024-06-13 00:00:00,589,Tiruvallur,2.5,-10.35
2024-06-13 01:00:00,589,Tiruvallur,1.0,-10.35
2024-06-13 02:00:00,589,Tiruvallur,0.5,-10.35
2024-06-13 19:00:00,589,Tiruvallur,5.5,-10.332
2024-06-16 22:00:00,589,Tiruvallur,5.5,-11.503
2024-06-17 19:00:00,589,Tiruvallur,1.5,-11.623
2024-06-18 01:00:00,589,Tiruvallur,4.5,-11.597
2024-06-18 04:00:00,589,Tiruvallur,3.5,-11.436
2024-06-18 05:00:00,589,Tiruvallur,1.0,-11.436
2024-06-18 23:00:00,589,Tiruvallur,1.0,-11.445
2024-06-19 00:00:00,589,Tiruvallur,0.5,-11.445
2024-06-19 14:00:00,589,Tiruvallur,0.5,-11.464
2024-06-21 19:00:00,589,Tiruvallur,1.0,-11.353
2024-06-22 10:30:00,589,Tiruvallur,2.5,-11.382
2024-06-22 11:00:00,589,Tiruvallur,2.5,-11.382
2024-06-23 22:00:00,589,Tiruvallur,1.0,-11.43
2024-07-01 00:30:00,589,Tiruvallur,0.5,-11.643
2024-07-01 01:00:00,589,Tiruvallur,0.5,-11.643
2024-07-01 22:30:00,589,Tiruvallur,0.5,-11.574
2024-07-01 23:00:00,589,Tiruvallur,0.5,-11.574
2024-07-03 20:00:00,589,Tiruvallur,2.25,-11.709
2024-07-03 20:30:00,589,Tiruvallur,9.5,-11.709
2024-07-03 21:00:00,589,Tiruvallur,12.75,-11.709
2024-07-03 21:30:00,589,Tiruvallur,1.0,-11.62
2024-07-03 22:00:00,589,Tiruvallur,11.5,-11.62
2024-07-03 23:00:00,589,Tiruvallur,1.5,-11.62
2024-07-04 01:00:00,589,Tiruvallur,0.5,-11.62
2024-07-05 23:00:00,589,Tiruvallur,4.5,-11.506
2024-07-05 23:30:00,589,Tiruvallur,0.5,-11.506
2024-07-06 00:00:00,589,Tiruvallur,0.5,-11.506
2024-07-06 01:00:00,589,Tiruvallur,1.5,-11.506
2024-07-06 02:00:00,589,Tiruvallur,1.5,-11.506
2024-07-06 03:00:00,589,Tiruvallur,1.5,-11.506
2024-07-06 04:00:00,589,Tiruvallur,1.0,-11.451
2024-07-06 05:00:00,589,Tiruvallur,1.0,-11.451
2024-07-06 07:00:00,589,Tiruvallur,0.5,-11.451
2024-07-07 20:30:00,589,Tiruvallur,1.0,-11.32
2024-07-07 21:00:00,589,Tiruvallur,1.5,-11.32
2024-07-07 21:30:00,589,Tiruvallur,0.5,-11.348
2024-07-07 22:00:00,589,Tiruvallur,0.75,-11.348
2024-07-08 02:00:00,589,Tiruvallur,0.5,-11.348
2024-07-08 04:00:00,589,Tiruvallur,0.5,-11.234
2024-07-10 23:30:00,589,Tiruvallur,0.5,-11.254
2024-07-11 00:00:00,589,Tiruvallur,1.5,-11.254
2024-07-11 00:30:00,589,Tiruvallur,12.0,-11.254
2024-07-11 01:00:00,589,Tiruvallur,31.25,-11.254
2024-07-11 02:00:00,589,Tiruvallur,12.5,-11.254
2024-07-11 03:00:00,589,Tiruvallur,1.5,-11.254
2024-07-11 04:00:00,589,Tiruvallur,1.5,-11.137
2024-07-11 05:00:00,589,Tiruvallur,0.5,-11.137
2024-07-11 07:00:00,589,Tiruvallur,1.5,-11.137
2024-07-12 20:00:00,589,Tiruvallur,13.5,-11.02
2024-07-12 20:30:00,589,Tiruvallur,14.0,-11.02
2024-07-12 21:00:00,589,Tiruvallur,15.5,-11.02
2024-07-12 22:00:00,589,Tiruvallur,15.5,-10.982
2024-07-12 23:00:00,589,Tiruvallur,2.5,-10.982
2024-07-13 00:00:00,589,Tiruvallur,10.0,-10.982
2024-07-13 01:00:00,589,Tiruvallur,12.0,-10.982
2024-07-13 02:00:00,589,Tiruvallur,2.0,-10.982
2024-07-13 03:00:00,589,Tiruvallur,0.5,-10.982
2024-07-13 04:00:00,589,Tiruvallur,0.5,-10.847
2024-07-14 01:00:00,589,Tiruvallur,2.5,-10.701
2024-07-14 02:00:00,589,Tiruvallur,0.5,-10.701
2024-07-14 09:00:00,589,Tiruvallur,0.5,-10.608
2024-07-14 15:00:00,589,Tiruvallur,0.5,-10.588
2024-07-15 11:00:00,589,Tiruvallur,0.5,-10.477
2024-07-15 12:00:00,589,Tiruvallur,0.5,-10.477
2024-07-15 13:00:00,589,Tiruvallur,0.5,-10.477
2024-07-15 14:00:00,589,Tiruvallur,0.5,-10.477
2024-07-15 15:00:00,589,Tiruvallur,1.0,-10.477
2024-07-16 12:00:00,589,Tiruvallur,2.5,-10.413
2024-07-16 12:10:00,589,Tiruvallur,2.5,-10.413
2024-07-16 12:15:00,589,Tiruvallur,2.5,-10.413
2024-07-16 13:00:00,589,Tiruvallur,2.5,-10.413
2024-07-17 21:00:00,589,Tiruvallur,9.0,-10.312
2024-07-17 22:00:00,589,Tiruvallur,0.5,-10.275
2024-07-21 19:00:00,589,Tiruvallur,0.5,-10.153
2024-07-29 18:00:00,589,Tiruvallur,1.5,-10.261181818181818
2024-07-29 19:00:00,589,Tiruvallur,0.5,-10.261181818181818
2024-07-29 20:00:00,589,Tiruvallur,0.5,-10.261181818181818
2024-07-29 21:00:00,589,Tiruvallur,11.5,-10.261181818181818
2024-07-29 22:00:00,589,Tiruvallur,0.5,-10.26390909090909
2024-07-29 23:00:00,589,Tiruvallur,4.0,-10.26390909090909
2024-08-01 00:00:00,589,Tiruvallur,7.0,-10.235363636363637
2024-08-02 19:00:00,589,Tiruvallur,1.0,-9.978181818181818
2024-08-02 21:00:00,589,Tiruvallur,4.0,-9.978181818181818
2024-08-02 22:00:00,589,Tiruvallur,5.5,-10.874
2024-08-03 21:00:00,589,Tiruvallur,1.0,-10.946000000000002
2024-08-03 22:00:00,589,Tiruvallur,3.5,-10.906
2024-08-03 23:00:00,589,Tiruvallur,0.5,-10.906
2024-08-04 00:00:00,589,Tiruvallur,0.5,-10.906
2024-08-05 00:00:00,589,Tiruvallur,5.0,-10.82
2024-08-05 05:00:00,589,Tiruvallur,1.0,-10.769
2024-08-05 06:00:00,589,Tiruvallur,3.5,-10.769
2024-08-05 07:00:00,589,Tiruvallur,3.25,-10.769
2024-08-05 08:00:00,589,Tiruvallur,1.0,-10.769
2024-08-05 09:00:00,589,Tiruvallur,0.5,-10.769
2024-08-06 18:00:00,589,Tiruvallur,4.75,-10.688
2024-08-06 19:00:00,589,Tiruvallur,0.75,-10.688
2024-08-06 21:00:00,589,Tiruvallur,1.0,-10.688
2024-08-06 22:00:00,589,Tiruvallur,1.0,-10.647
2024-08-07 01:00:00,589,Tiruvallur,0.5,-10.647
2024-08-08 02:00:00,589,Tiruvallur,0.5,-10.056454545454546
2024-08-08 04:00:00,589,Tiruvallur,12.0,-9.988818181818182
2024-08-08 05:00:00,589,Tiruvallur,3.0,-9.988818181818182
2024-08-08 06:00:00,589,Tiruvallur,0.5,-9.988818181818182
2024-08-09 15:00:00,589,Tiruvallur,3.5,-10.437857142857142
2024-08-09 17:00:00,589,Tiruvallur,0.5,-10.471714285714285
2024-08-09 18:00:00,589,Tiruvallur,4.5,-10.471714285714285
2024-08-09 19:00:00,589,Tiruvallur,0.5,-10.471714285714285
2024-08-10 10:00:00,589,Tiruvallur,0.5,-10.631555555555556
2024-08-10 18:00:00,589,Tiruvallur,0.5,-10.62711111111111
2024-08-10 19:00:00,589,Tiruvallur,8.5,-10.62711111111111
2024-08-12 02:00:00,589,Tiruvallur,26.5,-9.502
2024-08-12 03:00:00,589,Tiruvallur,33.0,-9.502
2024-08-12 04:00:00,589,Tiruvallur,9.0,-10.84925
2024-08-12 08:00:00,589,Tiruvallur,0.5,-10.84925
2024-08-15 14:00:00,589,Tiruvallur,0.5,-10.06111111111111
2024-08-16 15:00:00,589,Tiruvallur,0.5,-9.4225
2024-08-16 16:00:00,589,Tiruvallur,3.0,-9.445
2024-08-27 17:45:00,589,Tiruvallur,0.5,-10.5749
2024-08-27 17:50:00,589,Tiruvallur,1.5,-10.5749
2024-08-27 17:55:00,589,Tiruvallur,1.5,-10.5749
2024-08-27 18:00:00,589,Tiruvallur,2.0,-10.5749
2024-08-27 18:10:00,589,Tiruvallur,0.5,-10.5749
2024-08-27 18:15:00,589,Tiruvallur,0.5,-10.5749
2024-08-27 18:20:00,589,Tiruvallur,0.5,-10.5749
2024-08-27 18:25:00,589,Tiruvallur,0.5,-10.5749
2024-08-27 18:30:00,589,Tiruvallur,0.5,-10.5749
2024-08-27 18:35:00,589,Tiruvallur,0.5,-10.5749
2024-08-27 18:40:00,589,Tiruvallur,0.5,-10.5749
2024-08-27 18:45:00,589,Tiruvallur,0.5,-10.5749
2024-08-27 18:50:00,589,Tiruvallur,0.5,-10.5749
2024-08-27 18:55:00,589,Tiruvallur,0.5,-10.5749
2024-08-27 19:00:00,589,Tiruvallur,0.5,-10.5749
2024-08-28 04:00:00,589,Tiruvallur,1.0,-10.286181818181818
2024-08-28 05:00:00,589,Tiruvallur,0.5,-10.286181818181818
2024-08-28 06:00:00,589,Tiruvallur,0.5,-10.286181818181818
2024-08-28 07:00:00,589,Tiruvallur,0.5,-10.286181818181818
2024-08-30 21:00:00,589,Tiruvallur,6.5,-10.235272727272728
2024-08-30 22:00:00,589,Tiruvallur,0.5,-10.186818181818182
2024-08-30 23:00:00,589,Tiruvallur,0.5,-10.186818181818182
2024-08-31 00:00:00,589,Tiruvallur,0.5,-10.186818181818182
2024-08-31 02:00:00,589,Tiruvallur,0.5,-10.186818181818182
2024-08-31 04:00:00,589,Tiruvallur,0.5,-10.144454545454543
2024-08-31 06:00:00,589,Tiruvallur,0.5,-10.144454545454543
2024-08-31 09:00:00,589,Tiruvallur,0.5,-10.144454545454543
2024-08-31 11:00:00,589,Tiruvallur,0.5,-10.181363636363637
2024-08-31 14:00:00,589,Tiruvallur,0.5,-10.181363636363637
2024-08-31 17:00:00,589,Tiruvallur,0.5,-10.158545454545454
2024-08-31 20:00:00,589,Tiruvallur,0.5,-10.158545454545454
2024-09-01 00:00:00,589,Tiruvallur,0.5,-10.106363636363636
2024-09-01 04:00:00,589,Tiruvallur,0.5,-10.056181818181818
2024-09-01 19:00:00,589,Tiruvallur,0.5,-10.072181818181818
2024-09-01 20:00:00,589,Tiruvallur,0.5,-10.072181818181818
2024-09-01 22:00:00,589,Tiruvallur,0.5,-10.132454545454545
2024-09-02 21:00:00,589,Tiruvallur,0.5,-10.128272727272728
2024-09-02 22:00:00,589,Tiruvallur,0.5,-10.097
2024-09-02 23:00:00,589,Tiruvallur,0.5,-10.097
2024-09-03 02:00:00,589,Tiruvallur,0.5,-10.097
2024-09-03 04:00:00,589,Tiruvallur,0.5,-10.042454545454545
2024-09-03 09:00:00,589,Tiruvallur,0.5,-10.042454545454545
2024-09-03 14:00:00,589,Tiruvallur,0.5,-10.130363636363636
2024-09-03 21:00:00,589,Tiruvallur,0.5,-10.08281818181818
2024-09-04 05:00:00,589,Tiruvallur,0.5,-9.965272727272726
2024-09-04 14:00:00,589,Tiruvallur,0.5,-10.041272727272728
2024-09-05 00:00:00,589,Tiruvallur,0.5,-9.907454545454543
2024-09-05 10:00:00,589,Tiruvallur,0.5,-9.898090909090907
2024-09-05 16:00:00,589,Tiruvallur,0.5,-9.92
2024-09-06 01:00:00,589,Tiruvallur,0.5,-9.830727272727271
2024-09-06 12:00:00,589,Tiruvallur,0.5,-9.857363636363637
2024-09-06 22:00:00,589,Tiruvallur,0.5,-9.756545454545456
2024-09-07 10:00:00,589,Tiruvallur,0.5,-9.741090909090907
2024-09-07 21:00:00,589,Tiruvallur,0.5,-9.713909090909093
2024-09-08 10:00:00,589,Tiruvallur,0.5,-9.698363636363636
2024-09-08 21:00:00,589,Tiruvallur,0.5,-9.701272727272729
2024-09-09 09:00:00,589,Tiruvallur,0.5,-9.623909090909091
2024-09-09 11:45:00,589,Tiruvallur,12.0,-9.68609090909091
2024-09-09 19:00:00,589,Tiruvallur,0.5,-9.724636363636362
2024-09-10 03:00:00,589,Tiruvallur,0.5,-9.631454545454543
2024-09-10 10:00:00,589,Tiruvallur,0.5,-9.739181818181818
2024-09-10 14:00:00,589,Tiruvallur,0.5,-9.739181818181818
2024-09-10 16:00:00,589,Tiruvallur,0.5,-9.629727272727273
2024-09-10 17:00:00,589,Tiruvallur,0.5,-9.629727272727273
2024-09-10 18:00:00,589,Tiruvallur,2.5,-9.629727272727273
2024-09-10 19:00:00,589,Tiruvallur,1.0,-9.629727272727273
2024-09-10 21:00:00,589,Tiruvallur,0.5,-9.629727272727273
2024-09-11 00:00:00,589,Tiruvallur,0.5,-9.65018181818182
2024-09-11 03:00:00,589,Tiruvallur,0.5,-9.65018181818182
2024-09-11 06:00:00,589,Tiruvallur,0.5,-9.598181818181818
2024-09-11 09:00:00,589,Tiruvallur,0.5,-9.598181818181818
2024-09-11 12:00:00,589,Tiruvallur,2.5,-10.05490909090909
2024-09-11 12:05:00,589,Tiruvallur,2.0,-10.05490909090909
2024-09-11 13:00:00,589,Tiruvallur,4.0,-10.05490909090909
2024-09-12 13:00:00,589,Tiruvallur,2.5,-10.202454545454543
2024-09-19 00:00:00,589,Tiruvallur,2.0,-10.418181818181818
2024-09-19 01:00:00,589,Tiruvallur,4.0,-10.418181818181818
2024-09-19 02:00:00,589,Tiruvallur,2.5,-10.418181818181818
2024-09-19 03:00:00,589,Tiruvallur,1.5,-10.418181818181818
2024-09-21 00:00:00,589,Tiruvallur,1.5,-10.760636363636364
2024-09-21 01:00:00,589,Tiruvallur,1.0,-10.760636363636364
2024-09-21 02:00:00,589,Tiruvallur,0.5,-10.760636363636364
2024-09-21 04:00:00,589,Tiruvallur,1.1666666666666667,-10.727636363636362
2024-09-21 05:00:00,589,Tiruvallur,1.1666666666666667,-10.727636363636362
2024-09-21 06:00:00,589,Tiruvallur,2.833333333333333,-10.727636363636362
2024-09-21 07:00:00,589,Tiruvallur,1.3333333333333333,-10.727636363636362
2024-09-21 08:00:00,589,Tiruvallur,0.75,-10.727636363636362
2024-09-21 16:00:00,589,Tiruvallur,2.5,-10.642181818181818
2024-09-21 17:00:00,589,Tiruvallur,0.5,-10.642181818181818
2024-09-24 00:00:00,589,Tiruvallur,0.5,-10.759363636363638
2024-09-24 01:00:00,589,Tiruvallur,2.0,-10.759363636363638
2024-09-24 02:00:00,589,Tiruvallur,2.5,-10.759363636363638
2024-09-24 03:00:00,589,Tiruvallur,2.0,-10.759363636363638
2024-09-24 06:00:00,589,Tiruvallur,0.5,-10.68109090909091
2024-09-24 18:00:00,589,Tiruvallur,3.0,-10.737727272727271
2024-09-25 00:00:00,589,Tiruvallur,0.5,-10.756545454545456
2024-09-25 01:00:00,589,Tiruvallur,0.5,-10.756545454545456
2024-09-25 16:00:00,589,Tiruvallur,0.5,-10.886727272727272
2024-09-25 21:00:00,589,Tiruvallur,5.0,-10.886727272727272
2024-09-25 22:00:00,589,Tiruvallur,11.333333333333334,-10.475454545454546
2024-09-25 23:00:00,589,Tiruvallur,6.0,-10.475454545454546
2024-09-26 00:00:00,589,Tiruvallur,1.25,-10.475454545454546
2024-09-26 01:00:00,589,Tiruvallur,0.5,-10.475454545454546
2024-09-26 02:00:00,589,Tiruvallur,1.0,-10.475454545454546
2024-09-26 03:00:00,589,Tiruvallur,1.0,-10.475454545454546
2024-09-27 15:00:00,589,Tiruvallur,1.0,-10.669
2024-09-27 16:00:00,589,Tiruvallur,0.5,-10.572
2024-10-02 23:00:00,589,Tiruvallur,0.5,-10.490636363636362
2024-10-03 16:00:00,589,Tiruvallur,0.5,-9.6945
2024-10-07 13:00:00,589,Tiruvallur,0.5,-10.303727272727274
2024-10-07 14:00:00,589,Tiruvallur,4.0,-10.303727272727274
2024-10-08 03:00:00,589,Tiruvallur,0.5,-10.194
2024-10-08 04:00:00,589,Tiruvallur,0.5,-10.136363636363637
2024-10-09 02:00:00,589,Tiruvallur,0.5,-10.15109090909091
2024-10-09 04:00:00,589,Tiruvallur,2.0,-10.088363636363637
2024-10-09 06:00:00,589,Tiruvallur,0.5,-10.088363636363637
2024-10-09 13:00:00,589,Tiruvallur,1.0,-10.144
2024-10-10 03:00:00,589,Tiruvallur,10.0,-10.04590909090909
2024-10-10 04:00:00,589,Tiruvallur,8.0,-9.985090909090909
2024-10-10 05:00:00,589,Tiruvallur,0.5,-9.985090909090909
2024-10-10 06:00:00,589,Tiruvallur,2.0,-9.985090909090909
2024-10-10 07:00:00,589,Tiruvallur,1.0,-9.985090909090909
2024-10-10 09:00:00,589,Tiruvallur,1.5,-9.985090909090909
2024-10-10 11:00:00,589,Tiruvallur,0.5,-10.0
2024-10-12 01:30:00,589,Tiruvallur,0.5,-9.766545454545454
2024-10-12 02:00:00,589,Tiruvallur,0.5,-9.766545454545454
2024-10-12 08:00:00,589,Tiruvallur,6.5,-9.725727272727273
2024-10-12 09:00:00,589,Tiruvallur,3.0,-9.725727272727273
2024-10-12 13:00:00,589,Tiruvallur,9.0,-9.790636363636365
2024-10-12 13:30:00,589,Tiruvallur,0.5,-9.790636363636365
2024-10-12 14:00:00,589,Tiruvallur,0.5,-9.790636363636365
2024-10-12 14:30:00,589,Tiruvallur,11.0,-9.790636363636365
2024-10-12 15:00:00,589,Tiruvallur,14.5,-9.790636363636365
2024-10-12 15:30:00,589,Tiruvallur,2.0,-9.723272727272729
2024-10-12 16:00:00,589,Tiruvallur,2.5,-9.723272727272729
2024-10-14 00:00:00,589,Tiruvallur,8.0,-9.555636363636363
2024-10-14 01:00:00,589,Tiruvallur,2.0,-9.555636363636363
2024-10-14 02:00:00,589,Tiruvallur,4.75,-9.555636363636363
2024-10-14 02:30:00,589,Tiruvallur,1.0,-9.555636363636363
2024-10-14 03:00:00,589,Tiruvallur,1.1666666666666667,-9.555636363636363
2024-10-14 04:00:00,589,Tiruvallur,1.0,-9.485818181818182
2024-10-14 05:00:00,589,Tiruvallur,6.666666666666667,-9.485818181818182
2024-10-14 05:30:00,589,Tiruvallur,1.0,-9.485818181818182
2024-10-14 06:00:00,589,Tiruvallur,8.833333333333334,-9.485818181818182
2024-10-14 06:30:00,589,Tiruvallur,3.5,-9.485818181818182
2024-10-14 07:00:00,589,Tiruvallur,4.5,-9.485818181818182
2024-10-14 07:30:00,589,Tiruvallur,1.0,-9.485818181818182
2024-10-14 08:00:00,589,Tiruvallur,1.0,-9.485818181818182
2024-10-14 11:00:00,589,Tiruvallur,0.5,-9.498181818181818
2024-10-14 18:00:00,589,Tiruvallur,0.5,-9.457636363636365
2024-10-14 19:00:00,589,Tiruvallur,0.5,-9.457636363636365
2024-10-14 21:00:00,589,Tiruvallur,0.5,-9.457636363636365
2024-10-14 22:00:00,589,Tiruvallur,0.5,-9.353363636363635
2024-10-14 22:30:00,589,Tiruvallur,0.5,-9.353363636363635
2024-10-14 23:00:00,589,Tiruvallur,1.5,-9.353363636363635
2024-10-14 23:30:00,589,Tiruvallur,2.0,-9.353363636363635
2024-10-15 00:00:00,589,Tiruvallur,10.333333333333334,-9.353363636363635
2024-10-15 00:30:00,589,Tiruvallur,2.0,-9.353363636363635
2024-10-15 01:00:00,589,Tiruvallur,6.0,-9.353363636363635
2024-10-15 01:30:00,589,Tiruvallur,1.0,-9.353363636363635
2024-10-15 02:00:00,589,Tiruvallur,2.0,-9.353363636363635
2024-10-15 02:30:00,589,Tiruvallur,0.5,-9.353363636363635
2024-10-15 03:00:00,589,Tiruvallur,5.833333333333333,-9.353363636363635
2024-10-15 03:30:00,589,Tiruvallur,0.5,-9.264545454545454
2024-10-15 04:00:00,589,Tiruvallur,1.0,-9.264545454545454
2024-10-15 05:00:00,589,Tiruvallur,0.75,-9.264545454545454
2024-10-15 07:00:00,589,Tiruvallur,15.5,-9.264545454545454
2024-10-15 08:00:00,589,Tiruvallur,10.0,-9.264545454545454
2024-10-15 09:00:00,589,Tiruvallur,3.5,-9.264545454545454
2024-10-15 09:30:00,589,Tiruvallur,1.0,-9.227727272727272
2024-10-15 10:00:00,589,Tiruvallur,1.5,-9.227727272727272
2024-10-15 11:00:00,589,Tiruvallur,1.5,-9.227727272727272
2024-10-15 11:30:00,589,Tiruvallur,0.5,-9.227727272727272
2024-10-15 12:00:00,589,Tiruvallur,3.8333333333333335,-9.227727272727272
2024-10-15 12:30:00,589,Tiruvallur,2.5,-9.227727272727272
2024-10-15 13:00:00,589,Tiruvallur,15.333333333333334,-9.227727272727272
2024-10-15 13:30:00,589,Tiruvallur,1.5,-9.227727272727272
2024-10-15 14:00:00,589,Tiruvallur,2.333333333333333,-9.227727272727272
2024-10-15 14:30:00,589,Tiruvallur,2.5,-9.227727272727272
2024-10-15 15:00:00,589,Tiruvallur,3.5,-9.227727272727272
2024-10-15 15:30:00,589,Tiruvallur,0.5,-9.122181818181817
2024-10-15 16:00:00,589,Tiruvallur,3.333333333333333,-9.122181818181817
2024-10-15 16:30:00,589,Tiruvallur,1.5,-9.122181818181817
2024-10-15 17:00:00,589,Tiruvallur,3.1666666666666665,-9.122181818181817
2024-10-15 18:00:00,589,Tiruvallur,1.6666666666666667,-9.122181818181817
2024-10-15 18:30:00,589,Tiruvallur,0.5,-9.122181818181817
2024-10-15 19:00:00,589,Tiruvallur,2.6666666666666665,-9.122181818181817
2024-10-15 19:30:00,589,Tiruvallur,0.5,-9.122181818181817
2024-10-15 20:00:00,589,Tiruvallur,4.333333333333333,-9.122181818181817
2024-10-15 20:30:00,589,Tiruvallur,3.0,-9.122181818181817
2024-10-15 21:00:00,589,Tiruvallur,4.5,-9.122181818181817
2024-10-15 21:30:00,589,Tiruvallur,2.0,-8.917
2024-10-15 22:00:00,589,Tiruvallur,1.1666666666666667,-8.917
2024-10-15 23:30:00,589,Tiruvallur,0.5,-8.917
2024-10-16 00:00:00,589,Tiruvallur,0.75,-8.917
2024-10-16 01:00:00,589,Tiruvallur,0.75,-8.917
2024-10-16 02:00:00,589,Tiruvallur,2.833333333333333,-8.917
2024-10-16 02:30:00,589,Tiruvallur,1.0,-8.917
2024-10-16 03:00:00,589,Tiruvallur,5.0,-8.917
2024-10-16 03:30:00,589,Tiruvallur,0.5,-8.706636363636363
2024-10-16 04:00:00,589,Tiruvallur,3.6666666666666665,-8.706636363636363
2024-10-16 04:30:00,589,Tiruvallur,0.5,-8.706636363636363
2024-10-16 05:00:00,589,Tiruvallur,4.333333333333333,-8.706636363636363
2024-10-16 05:30:00,589,Tiruvallur,0.5,-8.706636363636363
2024-10-16 06:00:00,589,Tiruvallur,1.6666666666666667,-8.706636363636363
2024-10-16 06:30:00,589,Tiruvallur,1.0,-8.706636363636363
2024-10-16 07:00:00,589,Tiruvallur,1.0,-8.706636363636363
2024-10-16 08:00:00,589,Tiruvallur,1.0,-8.706636363636363
2024-10-16 08:30:00,589,Tiruvallur,0.5,-8.706636363636363
2024-10-16 09:00:00,589,Tiruvallur,1.25,-8.706636363636363
2024-10-16 09:30:00,589,Tiruvallur,3.0,-8.5565
2024-10-16 10:00:00,589,Tiruvallur,4.0,-8.5565
2024-10-16 10:30:00,589,Tiruvallur,9.0,-8.5565
2024-10-16 11:00:00,589,Tiruvallur,6.25,-8.5565
2024-10-16 12:00:00,589,Tiruvallur,3.25,-8.5565
2024-10-16 13:00:00,589,Tiruvallur,0.75,-8.5565
2024-10-16 14:00:00,589,Tiruvallur,1.0,-8.5565
2024-10-16 16:00:00,589,Tiruvallur,0.5,-8.412600000000001
2024-10-16 17:00:00,589,Tiruvallur,1.5,-8.412600000000001
2024-10-17 11:30:00,589,Tiruvallur,3.0,-7.9875454545454545
2024-10-17 11:35:00,589,Tiruvallur,9.5,-7.9875454545454545
2024-10-17 12:00:00,589,Tiruvallur,19.0,-7.9875454545454545
2024-10-17 23:30:00,589,Tiruvallur,9.5,-7.7804
2024-10-18 00:00:00,589,Tiruvallur,10.0,-7.7804
2024-10-18 01:30:00,589,Tiruvallur,4.0,-7.7804
2024-10-18 02:00:00,589,Tiruvallur,4.0,-7.7804
2024-10-18 02:30:00,589,Tiruvallur,0.5,-7.7804
2024-10-18 03:30:00,589,Tiruvallur,0.5,-7.721818181818182
2024-10-18 04:00:00,589,Tiruvallur,1.5,-7.721818181818182
2024-10-18 07:00:00,589,Tiruvallur,0.5,-7.721818181818182
2024-10-18 09:00:00,589,Tiruvallur,1.5,-7.721818181818182
2024-10-18 13:00:00,589,Tiruvallur,1.5,-7.718727272727272
2024-10-19 03:00:00,589,Tiruvallur,46.0,-7.578181818181818
2024-10-19 04:00:00,589,Tiruvallur,7.25,-7.499272727272726
2024-10-19 05:00:00,589,Tiruvallur,4.0,-7.499272727272726
2024-10-19 06:00:00,589,Tiruvallur,2.25,-7.499272727272726
2024-10-19 06:30:00,589,Tiruvallur,1.5,-7.499272727272726
2024-10-19 07:00:00,589,Tiruvallur,1.5,-7.499272727272726
2024-10-19 07:30:00,589,Tiruvallur,0.5,-7.499272727272726
2024-10-19 08:00:00,589,Tiruvallur,0.5,-7.499272727272726
2024-10-19 08:30:00,589,Tiruvallur,0.5,-7.499272727272726
2024-10-19 09:00:00,589,Tiruvallur,0.5,-7.499272727272726
2024-10-19 13:30:00,589,Tiruvallur,3.5,-7.554545454545454
2024-10-19 14:00:00,589,Tiruvallur,4.5,-7.554545454545454
2024-10-19 18:00:00,589,Tiruvallur,8.5,-7.437454545454545
2024-10-19 18:30:00,589,Tiruvallur,4.0,-7.437454545454545
2024-10-19 19:00:00,589,Tiruvallur,4.0,-7.437454545454545
2024-10-19 20:30:00,589,Tiruvallur,7.5,-7.437454545454545
2024-10-19 21:00:00,589,Tiruvallur,8.5,-7.437454545454545
2024-10-20 06:00:00,589,Tiruvallur,1.0,-7.288363636363636
2024-10-20 07:30:00,589,Tiruvallur,0.5,-7.288363636363636
2024-10-20 08:00:00,589,Tiruvallur,0.5,-7.288363636363636
2024-10-20 09:00:00,589,Tiruvallur,0.5,-7.288363636363636
2024-10-20 16:30:00,589,Tiruvallur,0.5,-7.240272727272727
2024-10-20 17:00:00,589,Tiruvallur,0.5,-7.240272727272727
2024-10-21 06:00:00,589,Tiruvallur,1.0,-7.112181818181818
2024-10-21 18:00:00,589,Tiruvallur,0.5,-7.129363636363636
2024-10-22 15:00:00,589,Tiruvallur,2.5,-7.124545454545455
2024-10-22 15:30:00,589,Tiruvallur,4.0,-7.126909090909091
2024-10-22 16:00:00,589,Tiruvallur,4.0,-7.126909090909091
2024-10-22 17:30:00,589,Tiruvallur,0.5,-7.126909090909091
2024-10-22 18:00:00,589,Tiruvallur,1.0,-7.126909090909091
2024-10-24 01:30:00,589,Tiruvallur,0.5,-7.060090909090909
2024-10-24 02:00:00,589,Tiruvallur,0.5,-7.060090909090909
2024-10-30 13:00:00,589,Tiruvallur,26.0,-7.125
2024-10-30 13:30:00,589,Tiruvallur,3.5,-7.125
2024-10-30 14:00:00,589,Tiruvallur,30.0,-7.125
2024-11-01 00:00:00,589,Tiruvallur,0.5,-8.746
2024-11-01 00:30:00,589,Tiruvallur,3.0,-8.746
2024-11-01 01:00:00,589,Tiruvallur,9.5,-8.746
2024-11-01 01:30:00,589,Tiruvallur,3.0,-8.746
2024-11-01 03:00:00,589,Tiruvallur,13.5,-8.746
2024-11-01 04:00:00,589,Tiruvallur,0.5,-6.965999999999999
2024-11-01 14:30:00,589,Tiruvallur,3.0,-7.031999999999999
2024-11-01 15:00:00,589,Tiruvallur,3.0,-7.031999999999999
2024-11-03 21:00:00,589,Tiruvallur,9.5,-6.711636363636364
2024-11-04 01:00:00,589,Tiruvallur,2.0,-6.684272727272727
2024-11-04 03:00:00,589,Tiruvallur,0.5,-6.684272727272727
2024-11-06 13:00:00,589,Tiruvallur,1.5,-6.6945
2024-11-06 14:00:00,589,Tiruvallur,11.0,-6.6945
2024-11-06 15:00:00,589,Tiruvallur,34.0,-6.6945
2024-11-06 15:30:00,589,Tiruvallur,6.0,-6.7074
2024-11-06 16:00:00,589,Tiruvallur,17.5,-6.7074
2024-11-06 17:00:00,589,Tiruvallur,1.0,-6.7074
2024-11-06 18:00:00,589,Tiruvallur,0.5,-6.7074
2024-11-06 21:00:00,589,Tiruvallur,0.5,-6.7074
2024-11-07 02:00:00,589,Tiruvallur,3.0,-6.639
2024-11-07 02:30:00,589,Tiruvallur,11.0,-6.639
2024-11-07 03:00:00,589,Tiruvallur,8.25,-6.639
2024-11-07 04:00:00,589,Tiruvallur,5.0,-6.653
2024-11-07 05:00:00,589,Tiruvallur,1.0,-6.653
2024-11-07 06:00:00,589,Tiruvallur,1.0,-6.653
2024-11-07 08:00:00,589,Tiruvallur,1.5,-6.653
2024-11-07 09:00:00,589,Tiruvallur,0.5,-6.653
2024-11-07 10:00:00,589,Tiruvallur,1.5,-6.690272727272728
2024-11-07 10:30:00,589,Tiruvallur,0.5,-6.690272727272728
2024-11-07 11:00:00,589,Tiruvallur,0.5,-6.690272727272728
2024-11-07 12:00:00,589,Tiruvallur,6.0,-6.690272727272728
2024-11-07 13:00:00,589,Tiruvallur,2.6666666666666665,-6.690272727272728
2024-11-07 13:30:00,589,Tiruvallur,3.0,-6.690272727272728
2024-11-07 14:00:00,589,Tiruvallur,1.5,-6.690272727272728
2024-11-11 22:30:00,589,Tiruvallur,0.5,-6.416818181818181
2024-11-11 23:00:00,589,Tiruvallur,1.0,-6.416818181818181
2024-11-12 00:00:00,589,Tiruvallur,2.5,-6.416818181818181
2024-11-12 01:00:00,589,Tiruvallur,5.0,-6.416818181818181
2024-11-12 02:00:00,589,Tiruvallur,2.0,-6.416818181818181
2024-11-12 05:00:00,589,Tiruvallur,0.75,-6.354636363636363
2024-11-12 05:30:00,589,Tiruvallur,0.5,-6.354636363636363
2024-11-12 06:00:00,589,Tiruvallur,0.75,-6.354636363636363
2024-11-12 07:00:00,589,Tiruvallur,1.0,-6.354636363636363
2024-11-12 08:00:00,589,Tiruvallur,3.25,-6.354636363636363
2024-11-12 09:00:00,589,Tiruvallur,4.25,-6.354636363636363
2024-11-12 09:30:00,589,Tiruvallur,5.0,-6.395454545454545
2024-11-12 10:00:00,589,Tiruvallur,6.0,-6.395454545454545
2024-11-12 10:30:00,589,Tiruvallur,1.0,-6.395454545454545
2024-11-12 11:00:00,589,Tiruvallur,2.0,-6.395454545454545
2024-11-12 11:30:00,589,Tiruvallur,1.5,-6.395454545454545
2024-11-12 12:00:00,589,Tiruvallur,2.0,-6.395454545454545
2024-11-12 13:00:00,589,Tiruvallur,0.5,-6.395454545454545
2024-11-12 13:30:00,589,Tiruvallur,0.5,-6.395454545454545
2024-11-12 16:00:00,589,Tiruvallur,0.5,-6.327454545454546
2024-11-12 19:00:00,589,Tiruvallur,2.5,-6.327454545454546
2024-11-12 20:00:00,589,Tiruvallur,1.0,-6.327454545454546
2024-11-12 21:00:00,589,Tiruvallur,0.5,-6.327454545454546
2024-11-12 22:00:00,589,Tiruvallur,0.5,-6.306909090909091
2024-11-12 22:30:00,589,Tiruvallur,0.5,-6.306909090909091
2024-11-12 23:00:00,589,Tiruvallur,0.5,-6.306909090909091
2024-11-13 00:30:00,589,Tiruvallur,1.0,-6.306909090909091
2024-11-13 01:00:00,589,Tiruvallur,3.75,-6.306909090909091
2024-11-13 02:00:00,589,Tiruvallur,1.0,-6.306909090909091
2024-11-13 02:30:00,589,Tiruvallur,1.0,-6.306909090909091
2024-11-13 03:00:00,589,Tiruvallur,1.1666666666666667,-6.306909090909091
2024-11-13 04:00:00,589,Tiruvallur,1.1666666666666667,-6.22409090909091
2024-11-13 04:30:00,589,Tiruvallur,0.5,-6.22409090909091
2024-11-13 05:00:00,589,Tiruvallur,0.8333333333333334,-6.22409090909091
2024-11-13 05:30:00,589,Tiruvallur,0.5,-6.22409090909091
2024-11-13 06:00:00,589,Tiruvallur,1.0,-6.22409090909091
2024-11-13 07:00:00,589,Tiruvallur,0.5,-6.22409090909091
2024-11-14 01:00:00,589,Tiruvallur,0.5,-6.216
2024-11-14 01:30:00,589,Tiruvallur,0.5,-6.216
2024-11-14 02:00:00,589,Tiruvallur,2.75,-6.216
2024-11-14 02:30:00,589,Tiruvallur,1.0,-6.216
2024-11-14 03:00:00,589,Tiruvallur,0.6666666666666666,-6.216
2024-11-14 04:00:00,589,Tiruvallur,0.5,-5.029888888888888
2024-11-14 04:30:00,589,Tiruvallur,0.5,-5.029888888888888
2024-11-14 05:00:00,589,Tiruvallur,2.0,-5.029888888888888
2024-11-14 05:30:00,589,Tiruvallur,1.0,-5.029888888888888
2024-11-14 06:00:00,589,Tiruvallur,1.1666666666666667,-5.029888888888888
2024-11-14 13:00:00,589,Tiruvallur,1.0,-5.100111111111111
2024-11-14 13:30:00,589,Tiruvallur,0.5,-5.100111111111111
2024-11-14 14:00:00,589,Tiruvallur,0.75,-5.100111111111111
2024-11-14 15:00:00,589,Tiruvallur,1.5,-5.100111111111111
2024-11-14 16:00:00,589,Tiruvallur,0.5,-5.041
2024-11-14 17:00:00,589,Tiruvallur,2.25,-5.041
2024-11-14 18:00:00,589,Tiruvallur,4.75,-5.041
2024-11-14 19:00:00,589,Tiruvallur,1.0,-5.041
2024-11-14 22:00:00,589,Tiruvallur,8.5,-4.999333333333333
2024-11-14 23:00:00,589,Tiruvallur,8.5,-4.999333333333333
2024-11-15 00:00:00,589,Tiruvallur,2.0,-4.999333333333333
2024-11-15 01:00:00,589,Tiruvallur,1.5,-4.999333333333333
2024-11-15 03:00:00,589,Tiruvallur,9.0,-4.999333333333333
2024-11-15 04:00:00,589,Tiruvallur,3.25,-5.7067
2024-11-15 06:00:00,589,Tiruvallur,0.5,-5.7067
2024-11-15 09:00:00,589,Tiruvallur,0.5,-5.7067
2024-11-15 13:00:00,589,Tiruvallur,1.0,-5.7489
2024-11-15 14:00:00,589,Tiruvallur,0.5,-5.7489
2024-11-15 14:30:00,589,Tiruvallur,2.0,-5.7489
2024-11-15 15:00:00,589,Tiruvallur,2.0,-5.7489
2024-11-15 15:30:00,589,Tiruvallur,0.5,-5.734
2024-11-15 16:00:00,589,Tiruvallur,4.0,-5.734
2024-11-16 00:00:00,589,Tiruvallur,1.5,-5.6554
2024-11-16 04:00:00,589,Tiruvallur,0.5,-5.5851
2024-11-16 10:00:00,589,Tiruvallur,3.5,-5.6240000000000006
2024-11-16 12:00:00,589,Tiruvallur,1.0,-5.6240000000000006
2024-11-16 12:30:00,589,Tiruvallur,0.5,-5.6240000000000006
2024-11-16 13:00:00,589,Tiruvallur,3.25,-5.6240000000000006
2024-11-16 13:30:00,589,Tiruvallur,0.5,-5.6240000000000006
2024-11-16 14:00:00,589,Tiruvallur,0.5,-5.6240000000000006
2024-11-16 16:00:00,589,Tiruvallur,2.0,-5.5523
2024-11-16 18:00:00,589,Tiruvallur,1.0,-5.5523
2024-11-16 19:00:00,589,Tiruvallur,0.5,-5.5523
2024-11-16 20:30:00,589,Tiruvallur,0.5,-5.5523
2024-11-16 21:00:00,589,Tiruvallur,0.5,-5.5523
2024-11-26 09:00:00,589,Tiruvallur,0.5,-5.832999999999999
2024-11-26 11:30:00,589,Tiruvallur,13.0,-5.883636363636364
2024-11-26 12:00:00,589,Tiruvallur,10.5,-5.883636363636364
2024-11-26 12:30:00,589,Tiruvallur,0.5,-5.883636363636364
2024-11-26 13:00:00,589,Tiruvallur,1.25,-5.883636363636364
2024-11-26 13:30:00,589,Tiruvallur,0.5,-5.883636363636364
2024-11-26 14:00:00,589,Tiruvallur,1.0,-5.883636363636364
2024-11-26 15:00:00,589,Tiruvallur,1.0,-5.883636363636364
2024-11-26 16:00:00,589,Tiruvallur,1.0,-5.869090909090909
2024-11-26 17:00:00,589,Tiruvallur,2.0,-5.869090909090909
2024-11-26 18:00:00,589,Tiruvallur,0.5,-5.869090909090909
2024-11-26 19:00:00,589,Tiruvallur,1.5,-5.869090909090909
2024-11-26 21:00:00,589,Tiruvallur,2.5,-5.869090909090909
2024-11-26 21:30:00,589,Tiruvallur,0.5,-5.788454545454545
2024-11-26 22:00:00,589,Tiruvallur,0.75,-5.788454545454545
2024-11-26 23:30:00,589,Tiruvallur,5.5,-5.788454545454545
2024-11-27 00:00:00,589,Tiruvallur,3.0,-5.788454545454545
2024-11-28 08:30:00,589,Tiruvallur,0.5,-5.616090909090909
2024-11-28 09:00:00,589,Tiruvallur,0.5,-5.616090909090909
2024-11-29 00:00:00,589,Tiruvallur,1.0,-5.581545454545455
2024-11-29 01:30:00,589,Tiruvallur,2.0,-5.581545454545455
2024-11-29 02:30:00,589,Tiruvallur,0.5,-5.581545454545455
2024-11-29 03:00:00,589,Tiruvallur,0.5,-5.581545454545455
2024-11-29 05:30:00,589,Tiruvallur,1.5,-4.883666666666667
2024-11-29 06:00:00,589,Tiruvallur,2.0,-4.883666666666667
2024-11-29 08:30:00,589,Tiruvallur,1.0,-4.883666666666667
2024-11-29 09:00:00,589,Tiruvallur,0.5,-4.883666666666667
2024-11-29 10:05:00,589,Tiruvallur,0.5,-4.897333333333333
2024-11-29 10:10:00,589,Tiruvallur,0.5,-4.897333333333333
2024-11-29 10:15:00,589,Tiruvallur,0.5,-4.897333333333333
2024-11-29 10:20:00,589,Tiruvallur,0.5,-4.897333333333333
2024-11-29 10:25:00,589,Tiruvallur,0.5,-4.897333333333333
2024-11-29 10:30:00,589,Tiruvallur,0.5,-4.897333333333333
2024-11-29 10:35:00,589,Tiruvallur,0.5,-4.897333333333333
2024-11-29 10:40:00,589,Tiruvallur,0.5,-4.897333333333333
2024-11-29 10:45:00,589,Tiruvallur,0.5,-4.897333333333333
2024-11-29 10:50:00,589,Tiruvallur,0.5,-4.897333333333333
2024-11-29 10:55:00,589,Tiruvallur,0.5,-4.897333333333333
2024-11-29 11:00:00,589,Tiruvallur,0.5,-4.897333333333333
2024-11-29 11:45:00,589,Tiruvallur,0.5,-4.897333333333333
2024-11-29 11:50:00,589,Tiruvallur,0.5,-4.897333333333333
2024-11-29 11:55:00,589,Tiruvallur,1.0,-4.897333333333333
2024-11-29 12:00:00,589,Tiruvallur,1.0,-4.897333333333333
2024-11-29 20:00:00,589,Tiruvallur,8.0,-4.833111111111111
2024-11-29 21:00:00,589,Tiruvallur,5.0,-4.833111111111111
2024-11-29 21:30:00,589,Tiruvallur,1.0,-4.79
2024-11-29 22:00:00,589,Tiruvallur,0.5,-4.79
2024-11-29 22:30:00,589,Tiruvallur,1.5,-4.79
2024-11-29 23:00:00,589,Tiruvallur,1.5,-4.79
2024-11-30 02:00:00,589,Tiruvallur,0.5,-4.79
2024-11-30 03:00:00,589,Tiruvallur,0.5,-4.79
2024-11-30 04:00:00,589,Tiruvallur,0.5,-5.0259
2024-11-30 04:30:00,589,Tiruvallur,0.75,-5.0259
2024-11-30 05:00:00,589,Tiruvallur,2.333333333333333,-5.0259
2024-11-30 06:00:00,589,Tiruvallur,3.25,-5.0259
2024-11-30 07:00:00,589,Tiruvallur,2.833333333333333,-5.0259
2024-11-30 07:30:00,589,Tiruvallur,2.25,-5.0259
2024-11-30 08:00:00,589,Tiruvallur,3.25,-5.0259
2024-11-30 08:30:00,589,Tiruvallur,3.5,-5.0259
2024-11-30 09:00:00,589,Tiruvallur,6.666666666666667,-5.0259
2024-11-30 09:30:00,589,Tiruvallur,2.0,-4.9346000000000005
2024-11-30 10:00:00,589,Tiruvallur,1.0,-4.9346000000000005
2024-11-30 10:30:00,589,Tiruvallur,3.0,-4.9346000000000005
2024-11-30 11:00:00,589,Tiruvallur,5.5,-4.9346000000000005
2024-11-30 12:00:00,589,Tiruvallur,9.5,-4.9346000000000005
2024-11-30 12:30:00,589,Tiruvallur,15.5,-4.9346000000000005
2024-11-30 13:00:00,589,Tiruvallur,12.5,-4.9346000000000005
2024-11-30 13:30:00,589,Tiruvallur,1.0,-4.9346000000000005
2024-11-30 14:00:00,589,Tiruvallur,5.25,-4.9346000000000005
2024-11-30 14:30:00,589,Tiruvallur,3.0,-4.9346000000000005
2024-11-30 15:00:00,589,Tiruvallur,4.75,-4.9346000000000005
2024-11-30 15:30:00,589,Tiruvallur,6.0,-4.7608
2024-11-30 16:00:00,589,Tiruvallur,7.25,-4.7608
2024-11-30 16:30:00,589,Tiruvallur,3.0,-4.7608
2024-11-30 17:00:00,589,Tiruvallur,6.25,-4.7608
2024-11-30 17:30:00,589,Tiruvallur,4.0,-4.7608
2024-11-30 18:00:00,589,Tiruvallur,10.0,-4.7608
2024-11-30 18:30:00,589,Tiruvallur,1.5,-4.7608
2024-11-30 19:00:00,589,Tiruvallur,1.75,-4.7608
2024-11-30 19:30:00,589,Tiruvallur,1.5,-4.7608
2024-11-30 20:00:00,589,Tiruvallur,1.5,-4.7608
2024-11-30 21:00:00,589,Tiruvallur,0.5,-4.7608
2024-11-30 23:00:00,589,Tiruvallur,2.5,-4.6085
2024-12-01 00:00:00,589,Tiruvallur,7.5,-4.6085
2024-12-01 01:00:00,589,Tiruvallur,0.5,-4.6085
2024-12-01 01:30:00,589,Tiruvallur,1.0,-4.6085
2024-12-01 02:00:00,589,Tiruvallur,4.0,-4.6085
2024-12-01 02:30:00,589,Tiruvallur,1.5,-4.6085
2024-12-01 03:00:00,589,Tiruvallur,1.5,-4.6085
2024-12-01 03:30:00,589,Tiruvallur,4.5,-5.105666666666667
2024-12-01 04:00:00,589,Tiruvallur,6.5,-5.105666666666667
2024-12-01 04:30:00,589,Tiruvallur,12.0,-5.105666666666667
2024-12-01 05:00:00,589,Tiruvallur,8.75,-5.105666666666667
2024-12-01 05:30:00,589,Tiruvallur,4.5,-5.105666666666667
2024-12-01 06:00:00,589,Tiruvallur,4.5,-5.105666666666667
2024-12-01 06:30:00,589,Tiruvallur,2.0,-5.105666666666667
2024-12-01 07:00:00,589,Tiruvallur,2.0,-5.105666666666667
2024-12-01 08:00:00,589,Tiruvallur,0.5,-5.105666666666667
2024-12-01 09:00:00,589,Tiruvallur,1.25,-5.105666666666667
2024-12-01 09:30:00,589,Tiruvallur,0.5,-5.118333333333333
2024-12-01 10:00:00,589,Tiruvallur,1.25,-5.118333333333333
2024-12-01 10:05:00,589,Tiruvallur,0.5,-5.118333333333333
2024-12-01 10:10:00,589,Tiruvallur,0.5,-5.118333333333333
2024-12-01 10:30:00,589,Tiruvallur,1.0,-5.118333333333333
2024-12-01 12:30:00,589,Tiruvallur,0.5,-5.118333333333333
2024-12-01 12:50:00,589,Tiruvallur,0.5,-5.118333333333333
2024-12-01 12:55:00,589,Tiruvallur,0.5,-5.118333333333333
2024-12-01 13:00:00,589,Tiruvallur,3.25,-5.118333333333333
2024-12-01 13:30:00,589,Tiruvallur,1.5,-5.118333333333333
2024-12-01 14:00:00,589,Tiruvallur,2.0,-5.118333333333333
2024-12-01 15:00:00,589,Tiruvallur,0.5,-5.118333333333333
2024-12-01 15:45:00,589,Tiruvallur,0.5,-5.156111111111112
2024-12-01 15:50:00,589,Tiruvallur,1.0,-5.156111111111112
2024-12-01 15:55:00,589,Tiruvallur,2.5,-5.156111111111112
2024-12-01 16:00:00,589,Tiruvallur,3.1666666666666665,-5.156111111111112
2024-12-01 16:30:00,589,Tiruvallur,0.5,-5.156111111111112
2024-12-01 17:00:00,589,Tiruvallur,0.5,-5.156111111111112
2024-12-01 17:30:00,589,Tiruvallur,0.5,-5.156111111111112
2024-12-01 18:00:00,589,Tiruvallur,0.5,-5.156111111111112
2024-12-01 18:30:00,589,Tiruvallur,0.5,-5.156111111111112
2024-12-01 19:00:00,589,Tiruvallur,0.5,-5.156111111111112
2024-12-01 22:00:00,589,Tiruvallur,1.5,-4.880111111111111
2024-12-01 22:30:00,589,Tiruvallur,0.5,-4.880111111111111
2024-12-01 23:00:00,589,Tiruvallur,0.5,-4.880111111111111
2024-12-01 23:30:00,589,Tiruvallur,1.0,-4.880111111111111
2024-12-02 00:00:00,589,Tiruvallur,0.75,-4.880111111111111
2024-12-02 01:00:00,589,Tiruvallur,0.5,-4.880111111111111
2024-12-02 02:00:00,589,Tiruvallur,0.75,-4.880111111111111
2024-12-02 09:00:00,589,Tiruvallur,1.0,-4.527636363636364
2024-12-02 09:30:00,589,Tiruvallur,0.5,-4.561181818181819
2024-12-02 10:00:00,589,Tiruvallur,0.5,-4.561181818181819
2024-12-02 10:30:00,589,Tiruvallur,0.5,-4.561181818181819
2024-12-02 11:00:00,589,Tiruvallur,1.0,-4.561181818181819
2024-12-02 12:30:00,589,Tiruvallur,3.5,-4.561181818181819
2024-12-02 13:00:00,589,Tiruvallur,2.0,-4.561181818181819
2024-12-02 15:30:00,589,Tiruvallur,2.0,-4.508818181818182
2024-12-02 16:00:00,589,Tiruvallur,2.5,-4.508818181818182
2024-12-02 16:30:00,589,Tiruvallur,0.5,-4.508818181818182
2024-12-02 17:00:00,589,Tiruvallur,0.5,-4.508818181818182
2024-12-02 19:00:00,589,Tiruvallur,1.0,-4.508818181818182
2024-12-02 19:30:00,589,Tiruvallur,2.5,-4.508818181818182
2024-12-02 20:00:00,589,Tiruvallur,2.5,-4.508818181818182
2024-12-02 20:30:00,589,Tiruvallur,0.5,-4.508818181818182
2024-12-02 21:00:00,589,Tiruvallur,1.0,-4.508818181818182
2024-12-03 00:00:00,589,Tiruvallur,4.5,-4.437272727272728
2024-12-03 01:30:00,589,Tiruvallur,0.5,-4.437272727272728
2024-12-03 02:00:00,589,Tiruvallur,14.0,-4.437272727272728
2024-12-03 02:30:00,589,Tiruvallur,12.0,-4.437272727272728
2024-12-03 03:00:00,589,Tiruvallur,5.0,-4.437272727272728
2024-12-03 03:30:00,589,Tiruvallur,9.5,-4.8055
2024-12-03 04:00:00,589,Tiruvallur,1.0,-4.8055
2024-12-03 06:30:00,589,Tiruvallur,0.5,-4.8055
2024-12-03 07:00:00,589,Tiruvallur,2.0,-4.8055
2024-12-04 07:00:00,589,Tiruvallur,0.5,-4.218727272727272
2024-12-04 07:30:00,589,Tiruvallur,0.5,-4.218727272727272
2024-12-04 08:00:00,589,Tiruvallur,0.5,-4.218727272727272
2024-12-04 13:00:00,589,Tiruvallur,1.0,-4.298818181818182
2024-12-04 15:00:00,589,Tiruvallur,2.0,-4.298818181818182
2024-12-04 21:00:00,589,Tiruvallur,0.5,-4.255727272727273
2024-12-04 22:00:00,589,Tiruvallur,5.25,-4.204636363636364
2024-12-04 22:30:00,589,Tiruvallur,1.5,-4.204636363636364
2024-12-04 23:00:00,589,Tiruvallur,1.5,-4.204636363636364
2024-12-05 00:00:00,589,Tiruvallur,1.0,-4.204636363636364
2024-12-05 03:30:00,589,Tiruvallur,1.5,-4.146
2024-12-05 04:00:00,589,Tiruvallur,3.5,-4.146
2024-12-05 05:00:00,589,Tiruvallur,2.5,-4.146
2024-12-05 08:00:00,589,Tiruvallur,0.5,-4.146
2024-12-10 06:00:00,589,Tiruvallur,1.5,-4.326666666666666
2024-12-11 08:30:00,589,Tiruvallur,4.5,-4.069
2024-12-11 09:00:00,589,Tiruvallur,10.5,-4.069
2024-12-11 10:00:00,589,Tiruvallur,1.5,-4.133
2024-12-11 11:00:00,589,Tiruvallur,7.25,-4.133
2024-12-11 12:00:00,589,Tiruvallur,3.5,-4.133
2024-12-11 13:00:00,589,Tiruvallur,6.0,-4.133
2024-12-11 13:30:00,589,Tiruvallur,1.0,-4.133
2024-12-11 14:00:00,589,Tiruvallur,1.0,-4.133
2024-12-11 14:30:00,589,Tiruvallur,2.5,-4.133
2024-12-11 15:00:00,589,Tiruvallur,2.5,-4.133
2024-12-11 16:00:00,589,Tiruvallur,0.5,-4.13
2024-12-11 17:00:00,589,Tiruvallur,1.0,-4.13
2024-12-11 17:30:00,589,Tiruvallur,10.5,-4.13
2024-12-11 18:00:00,589,Tiruvallur,6.5,-4.13
2024-12-11 19:00:00,589,Tiruvallur,1.0,-4.13
2024-12-11 22:00:00,589,Tiruvallur,2.5,-4.029
2024-12-11 22:30:00,589,Tiruvallur,2.5,-4.029
2024-12-11 23:00:00,589,Tiruvallur,1.1666666666666667,-4.029
2024-12-12 00:30:00,589,Tiruvallur,0.5,-4.029
2024-12-12 01:00:00,589,Tiruvallur,1.0,-4.029
2024-12-12 03:00:00,589,Tiruvallur,2.0,-4.029
2024-12-12 04:00:00,589,Tiruvallur,4.5,-3.962
2024-12-12 04:30:00,589,Tiruvallur,2.5,-3.962
2024-12-12 05:00:00,589,Tiruvallur,5.666666666666667,-3.962
2024-12-12 05:30:00,589,Tiruvallur,2.0,-3.962
2024-12-12 06:00:00,589,Tiruvallur,3.5,-3.962
2024-12-12 06:30:00,589,Tiruvallur,1.5,-3.962
2024-12-12 07:00:00,589,Tiruvallur,4.666666666666667,-3.962
2024-12-12 07:30:00,589,Tiruvallur,0.5,-3.962
2024-12-12 08:00:00,589,Tiruvallur,7.166666666666667,-3.962
2024-12-12 08:30:00,589,Tiruvallur,8.5,-3.962
2024-12-12 09:00:00,589,Tiruvallur,5.833333333333333,-3.962
2024-12-12 09:30:00,589,Tiruvallur,3.5,-4.011
2024-12-12 10:00:00,589,Tiruvallur,2.833333333333333,-4.011
2024-12-12 10:30:00,589,Tiruvallur,1.5,-4.011
2024-12-12 11:00:00,589,Tiruvallur,3.0,-4.011
2024-12-12 11:30:00,589,Tiruvallur,2.5,-4.011
2024-12-12 12:00:00,589,Tiruvallur,2.0,-4.011
2024-12-12 12:30:00,589,Tiruvallur,7.5,-4.011
2024-12-12 13:00:00,589,Tiruvallur,10.5,-4.011
2024-12-12 13:30:00,589,Tiruvallur,9.0,-4.011
2024-12-12 14:00:00,589,Tiruvallur,13.0,-4.011
2024-12-12 14:30:00,589,Tiruvallur,4.5,-4.011
2024-12-12 15:00:00,589,Tiruvallur,20.0,-4.011
2024-12-12 15:30:00,589,Tiruvallur,1.5,-3.846
2024-12-12 16:00:00,589,Tiruvallur,2.0,-3.846
2024-12-12 16:30:00,589,Tiruvallur,0.5,-3.846
2024-12-12 17:00:00,589,Tiruvallur,1.25,-3.846
2024-12-12 17:30:00,589,Tiruvallur,0.5,-3.846
2024-12-12 18:00:00,589,Tiruvallur,2.833333333333333,-3.846
2024-12-12 18:30:00,589,Tiruvallur,2.5,-3.846
2024-12-12 19:00:00,589,Tiruvallur,1.75,-3.846
2024-12-12 19:30:00,589,Tiruvallur,0.5,-3.846
2024-12-12 20:00:00,589,Tiruvallur,4.0,-3.846
2024-12-12 20:30:00,589,Tiruvallur,1.0,-3.846
2024-12-12 21:00:00,589,Tiruvallur,2.833333333333333,-3.846
2024-12-12 21:30:00,589,Tiruvallur,1.5,-3.724
2024-12-12 22:00:00,589,Tiruvallur,2.0,-3.724
2024-12-12 22:30:00,589,Tiruvallur,0.5,-3.724
2024-12-12 23:00:00,589,Tiruvallur,0.5,-3.724
2024-12-13 10:00:00,589,Tiruvallur,1.0,-3.62
2024-12-13 13:00:00,589,Tiruvallur,0.5,-3.62
2024-12-13 13:30:00,589,Tiruvallur,0.5,-3.62
2024-12-13 14:00:00,589,Tiruvallur,1.5,-3.62
2024-12-13 17:00:00,589,Tiruvallur,0.5,-3.533
2024-12-13 19:30:00,589,Tiruvallur,0.5,-3.533
2024-12-13 20:00:00,589,Tiruvallur,1.0,-3.533
2024-12-14 00:30:00,589,Tiruvallur,0.5,-3.403
2024-12-14 01:00:00,589,Tiruvallur,1.0,-3.403
2024-12-14 07:30:00,589,Tiruvallur,2.5,-3.316
2024-12-14 08:00:00,589,Tiruvallur,2.5,-3.316
2024-12-14 10:30:00,589,Tiruvallur,1.0,-3.408
2024-12-14 11:00:00,589,Tiruvallur,1.0,-3.408
2024-12-14 15:30:00,589,Tiruvallur,0.5,-3.3240000000000003
2024-12-14 16:00:00,589,Tiruvallur,0.5,-3.3240000000000003
2024-12-14 16:30:00,589,Tiruvallur,0.5,-3.3240000000000003
2024-12-14 17:00:00,589,Tiruvallur,0.5,-3.3240000000000003
2024-12-15 08:30:00,589,Tiruvallur,1.0,-3.192
2024-12-15 09:00:00,589,Tiruvallur,1.0,-3.192
2024-12-15 12:30:00,589,Tiruvallur,0.5,-3.2840000000000003
2024-12-15 23:30:00,589,Tiruvallur,1.0,-3.185
2024-12-16 00:00:00,589,Tiruvallur,1.0,-3.185
2024-12-17 20:30:00,589,Tiruvallur,0.5,-3.177
2024-12-17 21:00:00,589,Tiruvallur,2.0,-3.177
2024-12-17 21:30:00,589,Tiruvallur,0.5,-3.129
2024-12-17 22:00:00,589,Tiruvallur,1.5,-3.129
2024-12-18 07:00:00,589,Tiruvallur,0.5,-3.0490000000000004
2024-12-18 12:00:00,589,Tiruvallur,2.25,-3.1670000000000003
2024-12-18 12:30:00,589,Tiruvallur,0.5,-3.1670000000000003
2024-12-18 13:00:00,589,Tiruvallur,1.6666666666666667,-3.1670000000000003
2024-12-18 13:30:00,589,Tiruvallur,1.0,-3.1670000000000003
2024-12-18 14:00:00,589,Tiruvallur,1.0,-3.1670000000000003
2024-12-18 15:00:00,589,Tiruvallur,0.5,-3.1670000000000003
2024-12-18 15:30:00,589,Tiruvallur,1.5,-3.128
2024-12-18 16:00:00,589,Tiruvallur,4.5,-3.128
2024-12-18 16:30:00,589,Tiruvallur,1.0,-3.128
2024-12-18 17:00:00,589,Tiruvallur,1.25,-3.128
2024-12-18 17:30:00,589,Tiruvallur,0.5,-3.128
2024-12-18 18:00:00,589,Tiruvallur,0.5,-3.128
2024-12-18 18:30:00,589,Tiruvallur,0.5,-3.128
2024-12-18 19:00:00,589,Tiruvallur,0.5,-3.128
2024-12-18 19:30:00,589,Tiruvallur,1.0,-3.128
2024-12-18 20:00:00,589,Tiruvallur,1.0,-3.128
2024-12-18 21:30:00,589,Tiruvallur,1.5,-3.047
2024-12-18 22:00:00,589,Tiruvallur,1.5,-3.047
2024-12-18 22:30:00,589,Tiruvallur,0.5,-3.047
2024-12-18 23:00:00,589,Tiruvallur,0.5,-3.047
2024-12-19 01:00:00,589,Tiruvallur,0.5,-3.047
2024-12-19 01:30:00,589,Tiruvallur,0.5,-3.047
2024-12-19 02:00:00,589,Tiruvallur,0.5,-3.047
2024-12-19 04:00:00,589,Tiruvallur,0.5,-3.0170000000000003
2024-12-19 05:00:00,589,Tiruvallur,1.0,-3.0170000000000003
2024-12-19 08:00:00,589,Tiruvallur,1.0,-3.0170000000000003
2024-12-19 09:00:00,589,Tiruvallur,2.0,-3.0170000000000003
2024-12-19 10:00:00,589,Tiruvallur,0.5,-3.086
2024-12-19 23:00:00,589,Tiruvallur,3.5,-2.998
2024-12-19 23:30:00,589,Tiruvallur,5.0,-2.998
2024-12-20 00:00:00,589,Tiruvallur,6.5,-2.998
2024-12-20 02:00:00,589,Tiruvallur,0.5,-2.998
2024-12-20 05:00:00,589,Tiruvallur,3.0,-2.948
2024-12-20 06:00:00,589,Tiruvallur,13.5,-2.948
2024-12-20 07:00:00,589,Tiruvallur,40.75,-2.948
2024-12-20 08:00:00,589,Tiruvallur,8.5,-2.948
2024-12-20 09:00:00,589,Tiruvallur,0.5,-2.948
2024-12-20 10:00:00,589,Tiruvallur,1.5,-2.982
2024-12-20 11:30:00,589,Tiruvallur,10.0,-2.982
2024-12-20 12:00:00,589,Tiruvallur,10.0,-2.982
2024-12-20 18:00:00,589,Tiruvallur,1.5,-2.943
2024-12-20 18:30:00,589,Tiruvallur,3.0,-2.943
2024-12-20 19:00:00,589,Tiruvallur,3.0,-2.943
2024-12-20 20:30:00,589,Tiruvallur,2.5,-2.943
2024-12-20 21:00:00,589,Tiruvallur,2.5,-2.943
2024-12-20 22:30:00,589,Tiruvallur,3.5,-2.92
2024-12-20 23:00:00,589,Tiruvallur,4.0,-2.92
2024-12-21 03:00:00,589,Tiruvallur,2.5,-2.92
2024-12-21 03:30:00,589,Tiruvallur,8.0,-2.873
2024-12-21 04:00:00,589,Tiruvallur,9.5,-2.873
2024-12-22 04:30:00,589,Tiruvallur,97.0,-2.895
2024-12-22 05:30:00,589,Tiruvallur,14.5,-2.895
2024-12-22 06:00:00,589,Tiruvallur,17.0,-2.895
2024-12-22 06:30:00,589,Tiruvallur,2.0,-2.895
2024-12-22 07:00:00,589,Tiruvallur,12.0,-2.895
2024-12-22 07:30:00,589,Tiruvallur,2.0,-2.895
2024-12-22 08:00:00,589,Tiruvallur,2.0,-2.895
2024-12-22 09:00:00,589,Tiruvallur,0.5,-2.895
2024-12-22 10:00:00,589,Tiruvallur,14.5,-2.996
2024-12-22 18:30:00,589,Tiruvallur,1.5,-2.911
2024-12-22 19:00:00,589,Tiruvallur,1.5,-2.911
2024-12-22 19:30:00,589,Tiruvallur,4.0,-2.911
2024-12-23 05:00:00,589,Tiruvallur,3.0,-2.84
2024-12-23 05:30:00,589,Tiruvallur,2.0,-2.84
2024-12-23 06:00:00,589,Tiruvallur,2.0,-2.84
2024-12-24 09:00:00,589,Tiruvallur,0.75,-3.056272727272728
2024-12-24 11:00:00,589,Tiruvallur,0.5,-3.175181818181818
2024-12-24 11:30:00,589,Tiruvallur,1.0,-3.175181818181818
2024-12-24 12:00:00,589,Tiruvallur,2.0,-3.175181818181818
2024-12-24 12:30:00,589,Tiruvallur,0.5,-3.175181818181818
2024-12-24 13:00:00,589,Tiruvallur,1.25,-3.175181818181818
2024-12-24 13:30:00,589,Tiruvallur,0.5,-3.175181818181818
2024-12-24 14:00:00,589,Tiruvallur,0.5,-3.175181818181818
2024-12-25 09:30:00,589,Tiruvallur,0.5,-3.1137272727272727
2024-12-25 10:00:00,589,Tiruvallur,1.0,-3.1137272727272727
2024-12-25 11:00:00,589,Tiruvallur,0.5,-3.1137272727272727
2024-12-25 15:00:00,589,Tiruvallur,0.5,-3.1137272727272727
2024-12-25 15:30:00,589,Tiruvallur,0.5,-3.077272727272728
2024-12-25 16:00:00,589,Tiruvallur,0.5,-3.077272727272728
2024-12-25 16:30:00,589,Tiruvallur,0.5,-3.077272727272728
2024-12-25 17:00:00,589,Tiruvallur,0.75,-3.077272727272728
2024-12-25 17:30:00,589,Tiruvallur,0.5,-3.077272727272728
2024-12-25 18:00:00,589,Tiruvallur,1.0,-3.077272727272728
2024-12-25 20:00:00,589,Tiruvallur,0.5,-3.077272727272728
2024-12-25 20:30:00,589,Tiruvallur,0.5,-3.077272727272728
2024-12-25 21:00:00,589,Tiruvallur,1.5,-3.077272727272728
2024-12-25 22:00:00,589,Tiruvallur,1.5,-3.0428181818181823
2024-12-26 00:00:00,589,Tiruvallur,0.5,-3.0428181818181823
2024-12-26 02:00:00,589,Tiruvallur,1.0,-3.0428181818181823
2024-12-26 03:00:00,589,Tiruvallur,0.5,-3.0428181818181823
2024-12-26 04:00:00,589,Tiruvallur,3.0,-3.005636363636363
2024-12-26 05:00:00,589,Tiruvallur,4.0,-3.005636363636363
2024-12-26 06:00:00,589,Tiruvallur,0.8333333333333334,-3.005636363636363
2024-12-26 06:30:00,589,Tiruvallur,0.5,-3.005636363636363
2024-12-26 07:00:00,589,Tiruvallur,0.75,-3.005636363636363
2024-12-26 07:30:00,589,Tiruvallur,0.75,-3.005636363636363
2024-12-26 08:00:00,589,Tiruvallur,5.0,-3.005636363636363
2024-12-26 08:30:00,589,Tiruvallur,4.5,-3.005636363636363
2024-12-26 09:00:00,589,Tiruvallur,4.5,-3.005636363636363
2024-12-26 09:30:00,589,Tiruvallur,1.0,-3.1255454545454544
2024-12-26 10:00:00,589,Tiruvallur,1.5,-3.1255454545454544
2024-12-26 10:30:00,589,Tiruvallur,7.25,-3.1255454545454544
2024-12-26 11:00:00,589,Tiruvallur,7.25,-3.1255454545454544
2024-12-26 23:00:00,589,Tiruvallur,2.5,-2.999636363636364
2024-12-26 23:30:00,589,Tiruvallur,0.5,-2.999636363636364
2024-12-27 00:00:00,589,Tiruvallur,0.5,-2.999636363636364
2024-12-27 01:00:00,589,Tiruvallur,3.75,-2.999636363636364
2024-12-27 01:30:00,589,Tiruvallur,0.5,-2.999636363636364
2024-12-27 02:00:00,589,Tiruvallur,0.75,-2.999636363636364
2024-12-27 02:30:00,589,Tiruvallur,1.0,-2.999636363636364
2024-12-27 03:00:00,589,Tiruvallur,2.0,-2.999636363636364
2024-12-27 03:30:00,589,Tiruvallur,2.25,-2.942090909090909
2024-12-27 04:00:00,589,Tiruvallur,4.25,-2.942090909090909
2024-12-27 04:30:00,589,Tiruvallur,1.75,-2.942090909090909
2024-12-27 05:00:00,589,Tiruvallur,2.75,-2.942090909090909
2024-12-27 05:30:00,589,Tiruvallur,2.0,-2.942090909090909
2024-12-27 06:00:00,589,Tiruvallur,2.75,-2.942090909090909
2024-12-27 06:30:00,589,Tiruvallur,1.5,-2.942090909090909
2024-12-27 07:00:00,589,Tiruvallur,3.75,-2.942090909090909
2024-12-27 08:00:00,589,Tiruvallur,1.0,-2.942090909090909
2024-12-27 08:30:00,589,Tiruvallur,2.0,-2.942090909090909
2024-12-27 09:00:00,589,Tiruvallur,6.75,-2.942090909090909
2024-12-27 18:30:00,589,Tiruvallur,5.5,-2.9822727272727274
2024-12-27 19:00:00,589,Tiruvallur,6.0,-2.9822727272727274
2024-12-27 19:30:00,589,Tiruvallur,1.5,-2.9822727272727274
2024-12-27 20:00:00,589,Tiruvallur,2.0,-2.9822727272727274
2024-12-27 21:00:00,589,Tiruvallur,1.0,-2.9822727272727274
2024-12-27 21:30:00,589,Tiruvallur,2.5,-2.8978181818181814
2024-12-27 22:00:00,589,Tiruvallur,3.5,-2.8978181818181814
2024-12-28 11:00:00,589,Tiruvallur,0.5,-2.904636363636364
2024-12-29 10:30:00,589,Tiruvallur,0.5,-2.880272727272727
2024-12-29 11:00:00,589,Tiruvallur,0.5,-2.880272727272727
2024-12-29 11:30:00,589,Tiruvallur,14.0,-2.880272727272727
2024-12-29 12:00:00,589,Tiruvallur,15.0,-2.880272727272727
2024-12-29 12:30:00,589,Tiruvallur,18.0,-2.880272727272727
2024-12-29 13:00:00,589,Tiruvallur,22.5,-2.880272727272727
2024-12-29 13:30:00,589,Tiruvallur,8.5,-2.880272727272727
2024-12-29 14:00:00,589,Tiruvallur,9.5,-2.880272727272727
2024-12-29 14:30:00,589,Tiruvallur,0.5,-2.880272727272727
2024-12-29 15:00:00,589,Tiruvallur,1.0,-2.880272727272727
2024-12-29 15:30:00,589,Tiruvallur,0.5,-2.864727272727273
2024-12-29 16:00:00,589,Tiruvallur,1.0,-2.864727272727273
2024-12-29 16:30:00,589,Tiruvallur,0.5,-2.864727272727273
2024-12-29 17:00:00,589,Tiruvallur,1.5,-2.864727272727273
2024-12-29 17:30:00,589,Tiruvallur,1.5,-2.864727272727273
2024-12-29 18:00:00,589,Tiruvallur,1.5,-2.864727272727273
2024-12-30 01:30:00,589,Tiruvallur,1.0,-2.8395454545454544
2024-12-30 02:00:00,589,Tiruvallur,1.5,-2.8395454545454544
2024-12-30 02:30:00,589,Tiruvallur,1.0,-2.8395454545454544
2024-12-30 03:00:00,589,Tiruvallur,5.0,-2.8395454545454544
2024-12-30 03:30:00,589,Tiruvallur,2.5,-2.6937
2024-12-30 04:00:00,589,Tiruvallur,3.0,-2.6937
2024-12-30 04:30:00,589,Tiruvallur,0.5,-2.6937
2024-12-30 05:00:00,589,Tiruvallur,2.5,-2.6937
2024-12-30 05:30:00,589,Tiruvallur,1.0,-2.6937
2024-12-30 06:00:00,589,Tiruvallur,3.0,-2.6937
2024-12-30 06:30:00,589,Tiruvallur,11.5,-2.6937
2024-12-30 07:00:00,589,Tiruvallur,12.0,-2.6937
2024-12-30 07:30:00,589,Tiruvallur,0.5,-2.6937
2024-12-30 08:00:00,589,Tiruvallur,1.0,-2.6937
2024-12-30 10:00:00,589,Tiruvallur,1.0,-2.7789
2024-12-31 01:30:00,589,Tiruvallur,1.0,-2.7126
2024-12-31 02:00:00,589,Tiruvallur,22.5,-2.7126
2024-12-31 02:30:00,589,Tiruvallur,2.5,-2.7126
2024-12-31 03:00:00,589,Tiruvallur,3.0,-2.7126
2024-12-31 06:00:00,589,Tiruvallur,2.0,-2.6788
2024-12-31 07:00:00,589,Tiruvallur,1.5,-2.6788
2024-12-31 07:30:00,589,Tiruvallur,2.0,-2.6788
2024-12-31 08:00:00,589,Tiruvallur,2.5,-2.6788
2024-12-31 08:30:00,589,Tiruvallur,0.5,-2.6788
2024-12-31 09:00:00,589,Tiruvallur,1.0,-2.6788
2024-12-31 09:30:00,589,Tiruvallur,2.0,-2.8441
2024-12-31 10:00:00,589,Tiruvallur,38.0,-2.8441
2024-12-31 10:30:00,589,Tiruvallur,0.5,-2.8441
2024-12-31 11:00:00,589,Tiruvallur,0.5,-2.8441
2025-01-10 14:00:00,589,Tiruvallur,1.0,-3.11
2025-01-11 13:00:00,589,Tiruvallur,0.5,-3.12
2025-01-13 02:30:00,589,Tiruvallur,2.5,-3.105
2025-01-13 03:00:00,589,Tiruvallur,2.5,-3.105
2025-01-13 05:30:00,589,Tiruvallur,0.5,-3.0460000000000003
2025-01-13 06:00:00,589,Tiruvallur,1.0,-3.0460000000000003
2025-01-13 06:30:00,589,Tiruvallur,0.5,-3.0460000000000003
2025-01-13 07:00:00,589,Tiruvallur,0.5,-3.0460000000000003
2025-01-13 09:00:00,589,Tiruvallur,9.0,-3.0460000000000003
2025-01-13 09:30:00,589,Tiruvallur,9.5,-3.029
2025-01-13 10:00:00,589,Tiruvallur,9.5,-3.029
2025-01-13 12:00:00,589,Tiruvallur,0.5,-3.029
2025-01-13 13:00:00,589,Tiruvallur,3.5,-3.029
2025-01-13 13:30:00,589,Tiruvallur,9.75,-3.029
2025-01-13 14:00:00,589,Tiruvallur,7.166666666666667,-3.029
2025-01-13 15:00:00,589,Tiruvallur,0.5,-3.029
2025-01-13 15:30:00,589,Tiruvallur,0.5,-2.9530000000000003
2025-01-13 16:00:00,589,Tiruvallur,0.5,-2.9530000000000003
2025-01-13 17:30:00,589,Tiruvallur,0.5,-2.9530000000000003
2025-01-13 18:00:00,589,Tiruvallur,0.5,-2.9530000000000003
2025-01-14 10:30:00,589,Tiruvallur,0.5,-2.9850000000000003
2025-01-14 11:00:00,589,Tiruvallur,0.5,-2.9850000000000003
2025-01-16 15:00:00,589,Tiruvallur,0.5,-2.92
2025-01-18 20:30:00,589,Tiruvallur,0.5,-2.909
2025-01-18 21:00:00,589,Tiruvallur,1.25,-2.909
2025-01-18 22:00:00,589,Tiruvallur,1.0,-2.847
2025-01-18 22:30:00,589,Tiruvallur,1.5,-2.847
2025-01-18 23:00:00,589,Tiruvallur,5.25,-2.847
2025-01-18 23:30:00,589,Tiruvallur,1.5,-2.847
2025-01-19 00:00:00,589,Tiruvallur,1.5,-2.847
2025-01-19 01:00:00,589,Tiruvallur,1.0,-2.847
2025-01-19 01:30:00,589,Tiruvallur,0.5,-2.847
2025-01-19 02:00:00,589,Tiruvallur,0.5,-2.847
2025-01-19 02:30:00,589,Tiruvallur,0.5,-2.847
2025-01-19 03:00:00,589,Tiruvallur,1.5,-2.847
2025-01-19 05:00:00,589,Tiruvallur,2.5,-2.813
2025-01-19 05:30:00,589,Tiruvallur,5.5,-2.813
2025-01-19 06:00:00,589,Tiruvallur,3.0,-2.813
2025-01-19 06:30:00,589,Tiruvallur,5.0,-2.813
2025-01-19 07:00:00,589,Tiruvallur,8.0,-2.813
2025-01-19 07:30:00,589,Tiruvallur,2.75,-2.813
2025-01-19 08:00:00,589,Tiruvallur,5.666666666666667,-2.813
2025-01-19 08:30:00,589,Tiruvallur,8.5,-2.813
2025-01-19 09:00:00,589,Tiruvallur,15.5,-2.813
2025-01-19 09:30:00,589,Tiruvallur,8.0,-2.847
2025-01-19 10:00:00,589,Tiruvallur,13.0,-2.847
2025-01-19 10:30:00,589,Tiruvallur,5.0,-2.847
2025-01-19 11:00:00,589,Tiruvallur,5.5,-2.847
2025-01-19 12:30:00,589,Tiruvallur,20.0,-2.847
2025-01-19 13:00:00,589,Tiruvallur,20.0,-2.847
2025-01-19 14:00:00,589,Tiruvallur,2.0,-2.847
2025-01-19 14:30:00,589,Tiruvallur,0.5,-2.847
2025-01-19 15:00:00,589,Tiruvallur,0.5,-2.847
2025-01-20 11:00:00,589,Tiruvallur,0.5,-2.822
2025-01-30 14:30:00,589,Tiruvallur,0.5,-3.045
2025-01-30 15:00:00,589,Tiruvallur,0.5,-3.045
2025-02-07 08:30:00,589,Tiruvallur,0.5,-3.114
2025-02-07 09:00:00,589,Tiruvallur,0.5,-3.114
2025-02-25 11:05:00,589,Tiruvallur,1.5,-4.241181818181818
2025-02-25 12:00:00,589,Tiruvallur,1.5,-4.241181818181818
2025-03-11 09:30:00,589,Tiruvallur,0.5,-4.756
2025-03-11 10:00:00,589,Tiruvallur,0.5,-4.756
2025-03-11 12:00:00,589,Tiruvallur,1.5,-4.756
2025-03-11 14:00:00,589,Tiruvallur,3.5,-4.756
2025-03-11 15:00:00,589,Tiruvallur,8.666666666666666,-4.756
2025-03-11 15:30:00,589,Tiruvallur,0.75,-4.734
2025-03-11 16:00:00,589,Tiruvallur,4.0,-4.734
2025-03-11 17:00:00,589,Tiruvallur,1.5,-4.734
2025-03-11 23:00:00,589,Tiruvallur,389.0,-4.661
2025-03-11 23:30:00,589,Tiruvallur,259.5,-4.661
2025-03-12 00:00:00,589,Tiruvallur,130.0,-4.661
2025-03-12 01:00:00,589,Tiruvallur,0.5,-4.661
2025-03-19 15:30:00,589,Tiruvallur,2.5,-5.073
2025-03-19 16:00:00,589,Tiruvallur,2.5,-5.073
2025-03-19 17:00:00,589,Tiruvallur,0.5,-5.073
2025-03-20 01:30:00,589,Tiruvallur,0.5,-4.965
2025-03-20 02:00:00,589,Tiruvallur,0.5,-4.965
2025-03-22 14:00:00,589,Tiruvallur,1.5,-5.225
2025-03-22 15:00:00,589,Tiruvallur,10.5,-5.225
2025-03-26 23:00:00,589,Tiruvallur,0.5,-5.133222222222222
2025-03-27 00:00:00,589,Tiruvallur,0.5,-5.133222222222222
2025-04-04 22:30:00,589,Tiruvallur,0.5,-6.115545454545455
2025-04-04 23:00:00,589,Tiruvallur,0.5,-6.115545454545455
2025-04-11 04:00:00,589,Tiruvallur,0.5,-6.298363636363636
2025-04-11 05:00:00,589,Tiruvallur,2.0,-6.298363636363636
2025-04-11 06:00:00,589,Tiruvallur,0.5,-6.298363636363636
2025-04-11 08:00:00,589,Tiruvallur,0.5,-6.298363636363636
2025-04-11 11:00:00,589,Tiruvallur,0.5,-6.400363636363636
2025-04-16 11:00:00,589,Tiruvallur,73.5,-6.880000000000001
2025-04-16 12:00:00,589,Tiruvallur,2.0,-6.880000000000001
2025-04-17 11:10:00,589,Tiruvallur,1.0,-7.255545454545455
2025-04-17 11:15:00,589,Tiruvallur,1.0,-7.255545454545455
2025-04-17 11:20:00,589,Tiruvallur,1.0,-7.255545454545455
2025-04-17 11:25:00,589,Tiruvallur,1.0,-7.255545454545455
2025-04-17 11:30:00,589,Tiruvallur,1.0,-7.255545454545455
2025-04-17 11:35:00,589,Tiruvallur,1.0,-7.255545454545455
2025-04-17 11:40:00,589,Tiruvallur,1.0,-7.255545454545455
2025-04-17 11:45:00,589,Tiruvallur,1.0,-7.255545454545455
2025-04-17 11:50:00,589,Tiruvallur,1.0,-7.255545454545455
2025-04-17 11:55:00,589,Tiruvallur,1.0,-7.255545454545455
2025-04-17 12:00:00,589,Tiruvallur,1.0,-7.255545454545455
2025-04-19 17:30:00,589,Tiruvallur,0.5,-7.348999999999999
2025-04-19 17:35:00,589,Tiruvallur,0.5,-7.348999999999999
2025-04-19 17:40:00,589,Tiruvallur,0.5,-7.348999999999999
2025-04-19 17:45:00,589,Tiruvallur,0.5,-7.348999999999999
2025-04-19 17:50:00,589,Tiruvallur,0.5,-7.348999999999999
2025-04-19 17:55:00,589,Tiruvallur,0.5,-7.348999999999999
2025-04-19 18:00:00,589,Tiruvallur,0.5,-7.348999999999999
2025-04-30 07:00:00,589,Tiruvallur,0.5,-7.431
2025-05-04 16:00:00,589,Tiruvallur,7.5,-6.83625
2025-05-04 17:00:00,589,Tiruvallur,1.0,-6.83625
2025-05-04 18:00:00,589,Tiruvallur,0.5,-6.83625
2025-05-04 19:00:00,589,Tiruvallur,3.5,-6.83625
2025-05-04 20:00:00,589,Tiruvallur,1.0,-6.83625
2025-05-06 21:00:00,589,Tiruvallur,11.75,-7.678
2025-05-06 21:30:00,589,Tiruvallur,0.5,-7.517909090909091
2025-05-06 22:00:00,589,Tiruvallur,0.75,-7.517909090909091
2025-05-06 23:00:00,589,Tiruvallur,0.5,-7.517909090909091
2025-05-06 23:30:00,589,Tiruvallur,0.5,-7.517909090909091
2025-05-07 00:00:00,589,Tiruvallur,0.75,-7.517909090909091
2025-05-07 01:00:00,589,Tiruvallur,0.5,-7.517909090909091
2025-05-07 03:30:00,589,Tiruvallur,0.5,-7.472090909090909
2025-05-07 04:00:00,589,Tiruvallur,0.5,-7.472090909090909
2025-05-11 13:00:00,589,Tiruvallur,1.5,-7.726454545454545
2025-05-11 14:00:00,589,Tiruvallur,0.5,-7.726454545454545
2025-05-16 23:30:00,589,Tiruvallur,0.5,-7.965363636363636
2025-05-17 00:00:00,589,Tiruvallur,0.5,-7.965363636363636
2025-05-17 14:00:00,589,Tiruvallur,3.0,-8.084181818181818
2025-05-17 19:30:00,589,Tiruvallur,0.5,-8.06309090909091
2025-05-17 20:00:00,589,Tiruvallur,0.5,-8.06309090909091
2025-05-18 08:30:00,589,Tiruvallur,0.5,-8.062
2025-05-18 09:00:00,589,Tiruvallur,0.5,-8.062
2025-05-18 21:00:00,589,Tiruvallur,1.0,-8.14090909090909
2025-05-18 21:30:00,589,Tiruvallur,4.0,-8.136727272727272
2025-05-18 22:30:00,589,Tiruvallur,4.5,-8.136727272727272
2025-05-19 08:00:00,589,Tiruvallur,1.0,-8.131
2025-05-19 09:00:00,589,Tiruvallur,3.0,-8.131
2025-05-19 10:00:00,589,Tiruvallur,1.5,-8.155909090909091
2025-05-19 12:00:00,589,Tiruvallur,0.5,-8.155909090909091
2025-05-19 13:00:00,589,Tiruvallur,0.5,-8.155909090909091
2025-05-19 14:00:00,589,Tiruvallur,0.5,-8.155909090909091
2025-05-19 15:30:00,589,Tiruvallur,0.5,-8.146727272727274
2025-05-19 16:00:00,589,Tiruvallur,0.5,-8.146727272727274
2025-05-19 17:30:00,589,Tiruvallur,0.5,-8.146727272727274
2025-05-19 18:00:00,589,Tiruvallur,0.5,-8.146727272727274
2025-05-20 03:00:00,589,Tiruvallur,0.5,-8.155818181818182
2025-05-20 05:00:00,589,Tiruvallur,0.5,-8.4535
2025-05-20 06:00:00,589,Tiruvallur,0.5,-8.4535
2025-05-20 07:00:00,589,Tiruvallur,0.5,-8.4535
2025-05-20 16:00:00,589,Tiruvallur,3.5,-8.5384
2025-05-20 16:30:00,589,Tiruvallur,11.0,-8.5384
2025-05-20 17:00:00,589,Tiruvallur,21.5,-8.5384
2025-05-20 17:30:00,589,Tiruvallur,8.5,-8.5384
2025-05-20 18:00:00,589,Tiruvallur,14.5,-8.5384
2025-05-20 18:30:00,589,Tiruvallur,1.5,-8.5384
2025-05-20 19:00:00,589,Tiruvallur,11.25,-8.5384
2025-05-20 19:30:00,589,Tiruvallur,1.0,-8.5384
2025-05-20 20:00:00,589,Tiruvallur,1.75,-8.5384
2025-05-20 20:30:00,589,Tiruvallur,1.0,-8.5384
2025-05-20 21:00:00,589,Tiruvallur,3.5,-8.5384
2025-05-20 21:30:00,589,Tiruvallur,1.0,-8.4658
2025-05-20 22:00:00,589,Tiruvallur,2.0,-8.4658
2025-05-20 22:30:00,589,Tiruvallur,0.5,-8.4658
2025-05-20 23:00:00,589,Tiruvallur,1.5,-8.4658
2025-05-20 23:30:00,589,Tiruvallur,0.5,-8.4658
2025-05-21 00:00:00,589,Tiruvallur,0.5,-8.4658
2025-05-21 07:30:00,589,Tiruvallur,0.5,-8.681999999999999
2025-05-21 08:00:00,589,Tiruvallur,0.5,-8.681999999999999
2025-05-27 18:00:00,589,Tiruvallur,5.0,-8.337181818181818
2025-05-27 19:00:00,589,Tiruvallur,0.5,-8.337181818181818
2025-05-27 19:30:00,589,Tiruvallur,0.5,-8.337181818181818
2025-05-27 20:00:00,589,Tiruvallur,0.5,-8.337181818181818
2025-05-30 15:00:00,589,Tiruvallur,4.5,-8.572454545454546
2025-05-30 16:00:00,589,Tiruvallur,1.0,-8.565
2025-05-30 16:30:00,589,Tiruvallur,1.5,-8.565
2025-05-30 17:00:00,589,Tiruvallur,4.25,-8.565
2025-05-30 17:30:00,589,Tiruvallur,1.5,-8.565
2025-05-30 18:00:00,589,Tiruvallur,7.666666666666667,-8.565
2025-05-30 18:30:00,589,Tiruvallur,1.5,-8.565
2025-05-30 19:00:00,589,Tiruvallur,1.3333333333333333,-8.565
2025-05-30 19:30:00,589,Tiruvallur,0.5,-8.565
2025-05-30 20:00:00,589,Tiruvallur,0.75,-8.565
2025-05-30 20:30:00,589,Tiruvallur,0.5,-8.565
2025-05-30 21:00:00,589,Tiruvallur,1.0,-8.565
2025-05-30 21:30:00,589,Tiruvallur,0.5,-8.48009090909091
2025-05-30 22:00:00,589,Tiruvallur,3.0,-8.48009090909091
2025-05-30 22:30:00,589,Tiruvallur,0.5,-8.48009090909091
2025-05-30 23:00:00,589,Tiruvallur,1.5,-8.48009090909091
2025-05-30 23:30:00,589,Tiruvallur,0.5,-8.48009090909091
2025-05-31 00:00:00,589,Tiruvallur,1.0,-8.48009090909091
2025-05-31 00:30:00,589,Tiruvallur,0.5,-8.48009090909091
2025-05-31 01:00:00,589,Tiruvallur,0.5,-8.48009090909091
2025-05-31 01:30:00,589,Tiruvallur,0.5,-8.48009090909091
2025-05-31 02:00:00,589,Tiruvallur,1.0,-8.48009090909091
2025-05-31 03:00:00,589,Tiruvallur,0.5,-8.48009090909091
2025-05-31 03:30:00,589,Tiruvallur,0.5,-8.431727272727272
2025-05-31 04:00:00,589,Tiruvallur,0.5,-8.431727272727272
2025-05-31 04:30:00,589,Tiruvallur,0.5,-8.431727272727272
2025-05-31 05:00:00,589,Tiruvallur,1.0,-8.431727272727272
2025-05-31 06:00:00,589,Tiruvallur,0.5,-8.431727272727272
2025-05-31 06:30:00,589,Tiruvallur,0.5,-8.431727272727272
2025-05-31 07:00:00,589,Tiruvallur,0.5,-8.431727272727272
2025-05-31 07:30:00,589,Tiruvallur,0.5,-8.431727272727272
2025-05-31 08:00:00,589,Tiruvallur,0.5,-8.431727272727272
2025-05-31 08:30:00,589,Tiruvallur,0.5,-8.431727272727272
2025-05-31 09:00:00,589,Tiruvallur,1.0,-8.431727272727272
2025-05-31 10:00:00,589,Tiruvallur,0.5,-8.553363636363637
2025-05-31 10:30:00,589,Tiruvallur,0.5,-8.553363636363637
2025-05-31 11:00:00,589,Tiruvallur,0.5,-8.553363636363637
2025-05-31 11:30:00,589,Tiruvallur,0.5,-8.553363636363637
2025-05-31 12:00:00,589,Tiruvallur,1.0,-8.553363636363637
2025-05-31 12:30:00,589,Tiruvallur,0.5,-8.553363636363637
2025-05-31 13:30:00,589,Tiruvallur,0.5,-8.553363636363637
2025-05-31 14:00:00,589,Tiruvallur,0.5,-8.553363636363637
2025-05-31 14:30:00,589,Tiruvallur,0.5,-8.553363636363637
2025-05-31 15:00:00,589,Tiruvallur,0.5,-8.553363636363637
2025-05-31 16:00:00,589,Tiruvallur,0.5,-8.542727272727273
2025-06-01 22:00:00,589,Tiruvallur,0.5,-8.578454545454546
2025-06-03 18:00:00,589,Tiruvallur,0.5,-8.817363636363636
2025-06-03 18:30:00,589,Tiruvallur,0.5,-8.817363636363636
2025-06-03 19:00:00,589,Tiruvallur,4.25,-8.817363636363636
2025-06-06 22:00:00,589,Tiruvallur,0.5,-9.152
2025-06-06 22:30:00,589,Tiruvallur,1.0,-9.152
2025-06-06 23:00:00,589,Tiruvallur,2.5,-9.152
2025-06-06 23:30:00,589,Tiruvallur,1.0,-9.152
2025-06-07 00:00:00,589,Tiruvallur,2.25,-9.152
2025-06-07 00:30:00,589,Tiruvallur,0.5,-9.152
2025-06-07 01:00:00,589,Tiruvallur,1.0,-9.152
2025-06-07 02:00:00,589,Tiruvallur,0.5,-9.152
2025-06-07 02:30:00,589,Tiruvallur,0.5,-9.152
2025-06-07 03:00:00,589,Tiruvallur,0.5,-9.152
2025-06-07 03:30:00,589,Tiruvallur,0.5,-9.116
2025-06-07 04:00:00,589,Tiruvallur,1.0,-9.116
2025-06-07 05:00:00,589,Tiruvallur,0.5,-9.116
2025-06-07 06:00:00,589,Tiruvallur,0.5,-9.116
2025-06-07 06:30:00,589,Tiruvallur,0.5,-9.116
2025-06-07 07:00:00,589,Tiruvallur,0.5,-9.116
2025-06-07 07:30:00,589,Tiruvallur,0.5,-9.116
2025-06-07 08:00:00,589,Tiruvallur,0.5,-9.116
2025-06-07 08:30:00,589,Tiruvallur,0.5,-9.116
2025-06-07 09:00:00,589,Tiruvallur,0.5,-9.116
2025-06-07 09:30:00,589,Tiruvallur,0.5,-9.195
2025-06-07 10:00:00,589,Tiruvallur,0.5,-9.195
2025-06-07 10:30:00,589,Tiruvallur,0.5,-9.195
2025-06-07 11:00:00,589,Tiruvallur,0.5,-9.195
2025-06-07 11:30:00,589,Tiruvallur,0.5,-9.195
2025-06-07 12:00:00,589,Tiruvallur,0.5,-9.195
2025-06-07 12:30:00,589,Tiruvallur,0.5,-9.195
2025-06-07 13:00:00,589,Tiruvallur,0.5,-9.195
2025-06-07 13:30:00,589,Tiruvallur,0.5,-9.195
2025-06-07 14:00:00,589,Tiruvallur,0.5,-9.195
2025-06-07 14:30:00,589,Tiruvallur,0.5,-9.195
2025-06-07 15:00:00,589,Tiruvallur,0.5,-9.195
2025-06-07 15:30:00,589,Tiruvallur,0.5,-9.371
2025-06-07 17:00:00,589,Tiruvallur,0.5,-9.371
2025-06-07 18:30:00,589,Tiruvallur,0.5,-9.371
2025-06-07 19:00:00,589,Tiruvallur,0.5,-9.371
2025-06-07 20:30:00,589,Tiruvallur,0.5,-9.371
2025-06-07 21:00:00,589,Tiruvallur,0.5,-9.371
2025-06-07 23:30:00,589,Tiruvallur,0.5,-9.141
2025-06-08 00:00:00,589,Tiruvallur,0.5,-9.141
2025-06-08 02:00:00,589,Tiruvallur,0.5,-9.141
2025-06-08 05:00:00,589,Tiruvallur,0.5,-9.097
2025-06-08 08:30:00,589,Tiruvallur,0.5,-9.097
2025-06-08 09:00:00,589,Tiruvallur,0.5,-9.097
2025-06-08 12:00:00,589,Tiruvallur,0.5,-9.161
2025-06-08 16:00:00,589,Tiruvallur,0.5,-9.149
2025-06-08 22:30:00,589,Tiruvallur,0.5,-9.153
2025-06-08 23:00:00,589,Tiruvallur,0.5,-9.153
2025-06-09 17:30:00,589,Tiruvallur,0.5,-9.185
2025-06-09 18:00:00,589,Tiruvallur,0.5,-9.185
2025-06-09 18:30:00,589,Tiruvallur,0.5,-9.185
2025-06-09 19:00:00,589,Tiruvallur,0.5,-9.185
2025-06-09 20:30:00,589,Tiruvallur,0.5,-9.185
2025-06-09 21:00:00,589,Tiruvallur,0.5,-9.185
2025-06-12 17:00:00,589,Tiruvallur,2.0,-8.996454545454545
2025-06-12 18:00:00,589,Tiruvallur,1.5,-8.996454545454545
2025-06-12 19:00:00,589,Tiruvallur,25.5,-8.996454545454545
2025-06-12 20:00:00,589,Tiruvallur,0.5,-8.996454545454545
2025-06-12 20:30:00,589,Tiruvallur,0.5,-8.996454545454545
2025-06-12 21:00:00,589,Tiruvallur,34.5,-8.996454545454545
2025-06-12 22:00:00,589,Tiruvallur,8.166666666666666,-9.127
2025-06-12 23:00:00,589,Tiruvallur,11.25,-9.127
2025-06-12 23:30:00,589,Tiruvallur,0.5,-9.127
2025-06-13 00:00:00,589,Tiruvallur,2.833333333333333,-9.127
2025-06-13 01:00:00,589,Tiruvallur,8.75,-9.127
2025-06-13 01:30:00,589,Tiruvallur,0.5,-9.127
2025-06-13 02:00:00,589,Tiruvallur,0.5,-9.127
2025-06-13 07:00:00,589,Tiruvallur,0.5,-9.121111111111112
2025-06-13 10:00:00,589,Tiruvallur,0.5,-9.101111111111113
2025-06-13 13:00:00,589,Tiruvallur,0.5,-9.101111111111113
2025-06-20 19:00:00,589,Tiruvallur,4.0,-9.148
2025-06-20 20:00:00,589,Tiruvallur,0.5,-9.148
2025-06-20 20:30:00,589,Tiruvallur,0.5,-9.148
2025-06-20 21:00:00,589,Tiruvallur,0.5,-9.148
2025-06-20 22:00:00,589,Tiruvallur,0.5,-9.135
2025-06-20 22:30:00,589,Tiruvallur,0.5,-9.135
2025-06-20 23:00:00,589,Tiruvallur,0.5,-9.135
2025-06-21 00:30:00,589,Tiruvallur,0.5,-9.135
2025-06-21 01:00:00,589,Tiruvallur,0.5,-9.135
2025-06-21 02:30:00,589,Tiruvallur,0.5,-9.135
2025-06-21 03:00:00,589,Tiruvallur,0.5,-9.135
2025-06-21 06:00:00,589,Tiruvallur,0.5,-9.091
2025-06-21 09:30:00,589,Tiruvallur,0.5,-9.195
2025-06-21 10:00:00,589,Tiruvallur,0.5,-9.195
2025-06-21 13:00:00,589,Tiruvallur,0.5,-9.195
2025-06-21 18:30:00,589,Tiruvallur,0.5,-9.175
2025-06-21 19:00:00,589,Tiruvallur,0.5,-9.175
2025-06-21 20:00:00,589,Tiruvallur,2.0,-9.175
2025-06-21 22:00:00,589,Tiruvallur,3.5,-9.085
2025-06-22 20:30:00,589,Tiruvallur,0.5,-9.067
2025-06-22 21:00:00,589,Tiruvallur,1.0,-9.067
2025-06-22 21:30:00,589,Tiruvallur,0.5,-9.037
2025-06-22 22:00:00,589,Tiruvallur,10.0,-9.037
2025-06-22 23:00:00,589,Tiruvallur,3.0,-9.037
2025-06-22 23:30:00,589,Tiruvallur,0.5,-9.037
2025-06-23 00:00:00,589,Tiruvallur,0.8333333333333334,-9.037
2025-06-23 00:30:00,589,Tiruvallur,0.5,-9.037
2025-06-23 01:00:00,589,Tiruvallur,0.5,-9.037
2025-06-23 02:00:00,589,Tiruvallur,0.75,-9.037
2025-06-23 02:30:00,589,Tiruvallur,0.5,-9.037
2025-06-23 03:00:00,589,Tiruvallur,0.5,-9.037
2025-06-23 04:30:00,589,Tiruvallur,0.5,-8.96888888888889
2025-06-23 05:00:00,589,Tiruvallur,0.5,-8.96888888888889
2025-06-23 06:30:00,589,Tiruvallur,0.5,-8.96888888888889
2025-06-23 07:00:00,589,Tiruvallur,0.5,-8.96888888888889
2025-06-23 09:00:00,589,Tiruvallur,0.5,-8.96888888888889
2025-06-23 11:30:00,589,Tiruvallur,0.5,-9.032222222222222
2025-06-23 12:00:00,589,Tiruvallur,0.5,-9.032222222222222
2025-06-23 14:30:00,589,Tiruvallur,0.5,-9.032222222222222
2025-06-23 15:00:00,589,Tiruvallur,0.5,-9.032222222222222
2025-06-23 18:00:00,589,Tiruvallur,0.5,-9.046666666666669
2025-06-23 22:30:00,589,Tiruvallur,0.5,-9.054444444444444
2025-06-23 23:00:00,589,Tiruvallur,0.5,-9.054444444444444
2025-06-24 04:30:00,589,Tiruvallur,0.5,-9.004
2025-06-24 05:00:00,589,Tiruvallur,0.5,-9.004
2025-06-24 10:30:00,589,Tiruvallur,0.5,-9.133
2025-06-24 11:00:00,589,Tiruvallur,0.5,-9.133
2025-06-24 16:30:00,589,Tiruvallur,0.5,-9.069
2025-06-24 17:00:00,589,Tiruvallur,0.5,-9.069
2025-06-25 00:00:00,589,Tiruvallur,0.5,-8.988
2025-06-25 10:00:00,589,Tiruvallur,0.5,-9.074
2025-06-25 18:30:00,589,Tiruvallur,0.5,-9.093
2025-06-25 19:00:00,589,Tiruvallur,0.5,-9.093
2025-06-25 21:00:00,589,Tiruvallur,0.5,-9.093
2025-06-26 01:30:00,589,Tiruvallur,0.5,-9.022
2025-06-26 02:00:00,589,Tiruvallur,0.5,-9.022
2025-06-26 10:00:00,589,Tiruvallur,0.5,-9.08
2025-06-26 21:30:00,589,Tiruvallur,0.5,-9.053
2025-06-26 22:00:00,589,Tiruvallur,0.5,-9.053
2025-06-28 22:00:00,589,Tiruvallur,2.5,-9.133
2025-06-28 23:00:00,589,Tiruvallur,0.5,-9.133
2025-06-29 00:00:00,589,Tiruvallur,0.5,-9.133
2025-06-30 18:30:00,589,Tiruvallur,0.5,-9.235
2025-06-30 19:00:00,589,Tiruvallur,0.5,-9.235
2025-06-30 19:30:00,589,Tiruvallur,0.5,-9.235
2025-06-30 20:00:00,589,Tiruvallur,0.5,-9.235
2025-06-30 20:30:00,589,Tiruvallur,0.5,-9.235
2025-06-30 21:00:00,589,Tiruvallur,0.5,-9.235
2025-06-30 21:30:00,589,Tiruvallur,0.5,-9.262
2025-06-30 22:00:00,589,Tiruvallur,0.5,-9.262
2025-06-30 23:30:00,589,Tiruvallur,0.5,-9.262
2025-07-01 00:00:00,589,Tiruvallur,0.5,-9.262
2025-07-01 03:00:00,589,Tiruvallur,0.5,-9.262
2025-07-02 18:00:00,589,Tiruvallur,1.5,-9.474
2025-07-02 19:30:00,589,Tiruvallur,0.5,-9.474
2025-07-02 20:00:00,589,Tiruvallur,9.25,-9.474
2025-07-02 21:00:00,589,Tiruvallur,10.833333333333334,-9.474
2025-07-02 22:00:00,589,Tiruvallur,0.75,-9.39
2025-07-02 23:00:00,589,Tiruvallur,0.5,-9.39
2025-07-02 23:30:00,589,Tiruvallur,0.5,-9.39
2025-07-03 00:00:00,589,Tiruvallur,0.5,-9.39
2025-07-03 02:00:00,589,Tiruvallur,0.5,-9.39
2025-07-03 20:30:00,589,Tiruvallur,0.5,-9.373
2025-07-03 21:00:00,589,Tiruvallur,1.0,-9.373
2025-07-03 22:00:00,589,Tiruvallur,3.0,-9.331
2025-07-04 21:00:00,589,Tiruvallur,1.0,-8.962222222222222
2025-07-04 22:00:00,589,Tiruvallur,0.5,-9.355
2025-07-04 23:00:00,589,Tiruvallur,0.5,-9.355
2025-07-08 22:00:00,589,Tiruvallur,4.25,-9.421
2025-07-08 23:00:00,589,Tiruvallur,0.5,-9.421
2025-07-09 00:00:00,589,Tiruvallur,1.5,-9.421
2025-07-09 01:00:00,589,Tiruvallur,1.25,-9.421
2025-07-09 03:00:00,589,Tiruvallur,0.5,-9.421
2025-07-09 04:00:00,589,Tiruvallur,0.5,-9.321111111111112
2025-07-11 00:00:00,589,Tiruvallur,0.5,-10.211111111111112
2025-07-11 22:30:00,589,Tiruvallur,1.0,-9.506
2025-07-11 23:00:00,589,Tiruvallur,2.0,-9.506
2025-07-11 23:30:00,589,Tiruvallur,1.0,-9.506
2025-07-12 00:00:00,589,Tiruvallur,1.5,-9.506
2025-07-12 01:00:00,589,Tiruvallur,2.0,-9.506
2025-07-12 18:00:00,589,Tiruvallur,0.5,-9.608
2025-07-20 10:00:00,589,Tiruvallur,0.5,-9.734
2025-07-21 03:00:00,589,Tiruvallur,0.5,-9.593
2025-07-21 04:00:00,589,Tiruvallur,1.0,-9.574
2025-07-21 05:00:00,589,Tiruvallur,0.5,-9.574
2025-07-21 06:00:00,589,Tiruvallur,0.5,-9.574
2025-07-21 07:00:00,589,Tiruvallur,0.5,-9.574
2025-07-21 11:00:00,589,Tiruvallur,0.5,-9.681
2025-07-22 09:30:00,589,Tiruvallur,0.5,-9.553999999999998
2025-07-22 10:00:00,589,Tiruvallur,0.5,-9.553999999999998
2025-07-22 16:00:00,589,Tiruvallur,0.5,-9.537
2025-07-23 18:30:00,589,Tiruvallur,1.5,-9.602
2025-07-23 19:00:00,589,Tiruvallur,2.5,-9.602
2025-07-23 19:30:00,589,Tiruvallur,1.5,-9.602
2025-07-23 20:00:00,589,Tiruvallur,2.5,-9.602
2025-07-23 20:30:00,589,Tiruvallur,0.5,-9.602
2025-07-23 21:00:00,589,Tiruvallur,1.0,-9.602
2025-07-23 21:30:00,589,Tiruvallur,0.5,-9.614
2025-07-23 22:00:00,589,Tiruvallur,2.75,-9.614
2025-07-23 22:30:00,589,Tiruvallur,0.5,-9.614
2025-07-23 23:00:00,589,Tiruvallur,0.75,-9.614
2025-07-24 00:00:00,589,Tiruvallur,0.5,-9.614
2025-07-24 01:00:00,589,Tiruvallur,0.5,-9.614
2025-07-24 02:00:00,589,Tiruvallur,0.5,-9.614
2025-07-24 19:00:00,589,Tiruvallur,1.0,-9.726
2025-07-27 15:00:00,589,Tiruvallur,0.5,-9.802
2025-07-30 13:00:00,589,Tiruvallur,0.5,-9.88
2025-07-31 17:00:00,589,Tiruvallur,0.5,-9.932
2025-08-01 10:00:00,589,Tiruvallur,0.5,-10.036
2025-08-02 09:00:00,589,Tiruvallur,0.5,-10.007
2025-08-02 13:00:00,589,Tiruvallur,6.5,-10.237
2025-08-02 14:00:00,589,Tiruvallur,30.5,-10.237
2025-08-02 15:00:00,589,Tiruvallur,22.0,-10.237
2025-08-03 15:00:00,589,Tiruvallur,11.0,-9.984444444444444
2025-08-03 16:00:00,589,Tiruvallur,14.0,-9.983333333333333
2025-08-03 17:00:00,589,Tiruvallur,7.5,-9.983333333333333
2025-08-03 18:00:00,589,Tiruvallur,3.5,-9.983333333333333
2025-08-04 08:00:00,589,Tiruvallur,0.5,-10.151
2025-08-04 16:00:00,589,Tiruvallur,0.5,-10.36
2025-08-04 19:30:00,589,Tiruvallur,1.0,-10.36
2025-08-04 20:00:00,589,Tiruvallur,2.0,-10.36
2025-08-04 20:30:00,589,Tiruvallur,1.5,-10.36
2025-08-04 21:00:00,589,Tiruvallur,2.5,-10.36
2025-08-04 21:30:00,589,Tiruvallur,1.5,-10.23
2025-08-04 22:00:00,589,Tiruvallur,2.5,-10.23
2025-08-04 22:30:00,589,Tiruvallur,1.5,-10.23
2025-08-04 23:00:00,589,Tiruvallur,2.5,-10.23
2025-08-04 23:30:00,589,Tiruvallur,1.0,-10.23
2025-08-05 00:00:00,589,Tiruvallur,1.5,-10.23
2025-08-05 00:30:00,589,Tiruvallur,1.0,-10.23
2025-08-05 01:00:00,589,Tiruvallur,2.0,-10.23
2025-08-05 01:30:00,589,Tiruvallur,0.5,-10.23
2025-08-05 02:00:00,589,Tiruvallur,1.5,-10.23
2025-08-05 02:30:00,589,Tiruvallur,0.5,-10.23
2025-08-05 03:00:00,589,Tiruvallur,1.0,-10.23
2025-08-05 03:30:00,589,Tiruvallur,1.0,-10.168
2025-08-05 04:00:00,589,Tiruvallur,1.5,-10.168
2025-08-05 04:30:00,589,Tiruvallur,0.5,-10.168
2025-08-05 05:00:00,589,Tiruvallur,1.0,-10.168
2025-08-05 05:30:00,589,Tiruvallur,0.5,-10.168
2025-08-05 06:00:00,589,Tiruvallur,0.5,-10.168
2025-08-05 06:30:00,589,Tiruvallur,0.5,-10.168
2025-08-05 07:00:00,589,Tiruvallur,1.0,-10.168
2025-08-05 11:00:00,589,Tiruvallur,0.5,-10.272
2025-08-05 21:00:00,589,Tiruvallur,1.0,-10.321000000000002
2025-08-05 21:30:00,589,Tiruvallur,2.5,-10.317
2025-08-05 22:00:00,589,Tiruvallur,5.0,-10.317
2025-08-05 22:30:00,589,Tiruvallur,4.0,-10.317
2025-08-05 23:00:00,589,Tiruvallur,8.5,-10.317
2025-08-05 23:30:00,589,Tiruvallur,4.0,-10.317
2025-08-06 00:00:00,589,Tiruvallur,8.0,-10.317
2025-08-06 00:30:00,589,Tiruvallur,4.0,-10.317
2025-08-06 01:00:00,589,Tiruvallur,7.0,-10.317
2025-08-06 01:30:00,589,Tiruvallur,3.0,-10.317
2025-08-06 02:00:00,589,Tiruvallur,6.0,-10.317
2025-08-06 02:30:00,589,Tiruvallur,3.0,-10.317
2025-08-06 03:00:00,589,Tiruvallur,5.5,-10.317
2025-08-06 03:30:00,589,Tiruvallur,2.0,-10.48
2025-08-06 04:00:00,589,Tiruvallur,4.5,-10.48
2025-08-06 04:30:00,589,Tiruvallur,2.0,-10.48
2025-08-06 05:00:00,589,Tiruvallur,3.5,-10.48
2025-08-06 05:30:00,589,Tiruvallur,2.0,-10.48
2025-08-06 06:00:00,589,Tiruvallur,3.5,-10.48
2025-08-06 06:30:00,589,Tiruvallur,1.5,-10.48
2025-08-06 07:00:00,589,Tiruvallur,3.0,-10.48
2025-08-06 07:30:00,589,Tiruvallur,1.5,-10.48
2025-08-06 08:00:00,589,Tiruvallur,3.0,-10.48
2025-08-06 08:30:00,589,Tiruvallur,1.0,-10.48
2025-08-06 09:00:00,589,Tiruvallur,1.5,-10.48
2025-08-06 09:30:00,589,Tiruvallur,1.5,-10.379
2025-08-06 10:00:00,589,Tiruvallur,2.5,-10.379
2025-08-06 10:30:00,589,Tiruvallur,1.5,-10.379
2025-08-06 11:00:00,589,Tiruvallur,3.0,-10.379
2025-08-06 11:30:00,589,Tiruvallur,1.0,-10.379
2025-08-06 12:00:00,589,Tiruvallur,2.5,-10.379
2025-08-06 12:30:00,589,Tiruvallur,1.5,-10.379
2025-08-06 13:00:00,589,Tiruvallur,2.5,-10.379
2025-08-06 13:30:00,589,Tiruvallur,1.5,-10.379
2025-08-06 14:00:00,589,Tiruvallur,2.5,-10.379
2025-08-06 14:30:00,589,Tiruvallur,1.5,-10.379
2025-08-06 15:00:00,589,Tiruvallur,2.5,-10.379
2025-08-06 15:30:00,589,Tiruvallur,1.0,-10.392
2025-08-06 16:00:00,589,Tiruvallur,2.0,-10.392
2025-08-06 16:30:00,589,Tiruvallur,1.0,-10.392
2025-08-06 17:00:00,589,Tiruvallur,2.0,-10.392
2025-08-06 17:30:00,589,Tiruvallur,1.0,-10.392
2025-08-06 18:00:00,589,Tiruvallur,1.5,-10.392
2025-08-06 18:30:00,589,Tiruvallur,1.0,-10.392
2025-08-06 19:00:00,589,Tiruvallur,1.5,-10.392
2025-08-06 19:30:00,589,Tiruvallur,0.5,-10.392
2025-08-06 20:00:00,589,Tiruvallur,1.5,-10.392
2025-08-06 20:30:00,589,Tiruvallur,0.5,-10.392
2025-08-06 21:00:00,589,Tiruvallur,1.0,-10.392
2025-08-06 21:30:00,589,Tiruvallur,0.5,-10.386
2025-08-06 22:00:00,589,Tiruvallur,1.0,-10.386
2025-08-06 22:30:00,589,Tiruvallur,0.5,-10.386
2025-08-06 23:00:00,589,Tiruvallur,1.0,-10.386
2025-08-06 23:30:00,589,Tiruvallur,0.5,-10.386
2025-08-07 00:00:00,589,Tiruvallur,0.5,-10.386
2025-08-07 00:30:00,589,Tiruvallur,0.5,-10.386
2025-08-07 01:00:00,589,Tiruvallur,1.0,-10.386
2025-08-07 01:30:00,589,Tiruvallur,0.5,-10.386
2025-08-07 02:00:00,589,Tiruvallur,1.0,-10.386
2025-08-07 02:30:00,589,Tiruvallur,0.5,-10.386
2025-08-07 03:00:00,589,Tiruvallur,1.0,-10.386
2025-08-07 03:30:00,589,Tiruvallur,0.5,-10.322
2025-08-07 04:00:00,589,Tiruvallur,0.5,-10.322
2025-08-07 04:30:00,589,Tiruvallur,0.5,-10.322
2025-08-07 05:00:00,589,Tiruvallur,1.0,-10.322
2025-08-07 05:30:00,589,Tiruvallur,0.5,-10.322
2025-08-07 06:00:00,589,Tiruvallur,1.0,-10.322
2025-08-07 07:00:00,589,Tiruvallur,0.5,-10.322
2025-08-07 07:30:00,589,Tiruvallur,0.5,-10.322
2025-08-07 08:00:00,589,Tiruvallur,1.0,-10.322
2025-08-07 09:00:00,589,Tiruvallur,0.5,-10.322
2025-08-07 09:30:00,589,Tiruvallur,0.5,-10.359
2025-08-07 10:00:00,589,Tiruvallur,1.0,-10.359
2025-08-07 10:30:00,589,Tiruvallur,0.5,-10.359
2025-08-07 11:00:00,589,Tiruvallur,1.0,-10.359
2025-08-07 11:30:00,589,Tiruvallur,0.5,-10.359
2025-08-07 12:00:00,589,Tiruvallur,1.0,-10.359
2025-08-07 12:30:00,589,Tiruvallur,0.5,-10.359
2025-08-07 13:00:00,589,Tiruvallur,1.0,-10.359
2025-08-07 13:30:00,589,Tiruvallur,0.5,-10.359
2025-08-07 14:00:00,589,Tiruvallur,1.0,-10.359
2025-08-07 14:30:00,589,Tiruvallur,0.5,-10.359
2025-08-07 15:00:00,589,Tiruvallur,1.0,-10.359
2025-08-07 16:00:00,589,Tiruvallur,0.5,-10.398
2025-08-07 16:30:00,589,Tiruvallur,0.5,-10.398
2025-08-07 17:00:00,589,Tiruvallur,0.75,-10.398
2025-08-07 17:30:00,589,Tiruvallur,0.5,-10.398
2025-08-07 18:00:00,589,Tiruvallur,1.0,-10.398
2025-08-07 19:00:00,589,Tiruvallur,0.5,-10.398
2025-08-07 19:30:00,589,Tiruvallur,0.5,-10.398
2025-08-07 20:00:00,589,Tiruvallur,1.0,-10.398
2025-08-07 21:00:00,589,Tiruvallur,0.5,-10.398
2025-08-07 22:00:00,589,Tiruvallur,0.5,-10.361
2025-08-07 22:30:00,589,Tiruvallur,0.5,-10.361
2025-08-07 23:00:00,589,Tiruvallur,0.5,-10.361
2025-08-07 23:30:00,589,Tiruvallur,0.5,-10.361
2025-08-08 00:00:00,589,Tiruvallur,0.5,-10.361
2025-08-08 00:30:00,589,Tiruvallur,0.5,-10.361
2025-08-08 01:00:00,589,Tiruvallur,2.75,-10.361
2025-08-08 01:30:00,589,Tiruvallur,0.5,-10.361
2025-08-08 02:00:00,589,Tiruvallur,8.25,-10.361
2025-08-08 02:30:00,589,Tiruvallur,0.5,-10.361
2025-08-08 03:00:00,589,Tiruvallur,4.25,-10.361
2025-08-08 04:00:00,589,Tiruvallur,1.0,-10.313
2025-08-08 05:00:00,589,Tiruvallur,0.5,-10.313
2025-08-08 06:00:00,589,Tiruvallur,0.5,-10.313
2025-08-08 07:00:00,589,Tiruvallur,0.5,-10.313
2025-08-08 07:30:00,589,Tiruvallur,0.5,-10.313
2025-08-08 08:00:00,589,Tiruvallur,0.5,-10.313
2025-08-08 08:30:00,589,Tiruvallur,0.5,-10.313
2025-08-08 09:00:00,589,Tiruvallur,0.5,-10.313
2025-08-08 09:30:00,589,Tiruvallur,0.5,-10.418
2025-08-08 10:00:00,589,Tiruvallur,0.5,-10.418
2025-08-08 10:30:00,589,Tiruvallur,0.5,-10.418
2025-08-08 11:00:00,589,Tiruvallur,0.5,-10.418
2025-08-08 11:30:00,589,Tiruvallur,0.5,-10.418
2025-08-08 12:00:00,589,Tiruvallur,0.75,-10.418
2025-08-08 13:00:00,589,Tiruvallur,0.5,-10.418
2025-08-08 13:30:00,589,Tiruvallur,0.5,-10.418
2025-08-08 14:00:00,589,Tiruvallur,0.5,-10.418
2025-08-08 14:30:00,589,Tiruvallur,0.5,-10.418
2025-08-08 15:00:00,589,Tiruvallur,0.5,-10.418
2025-08-08 15:30:00,589,Tiruvallur,0.5,-10.405
2025-08-08 16:00:00,589,Tiruvallur,0.75,-10.405
2025-08-08 16:30:00,589,Tiruvallur,0.5,-10.405
2025-08-08 17:00:00,589,Tiruvallur,0.5,-10.405
2025-08-08 17:30:00,589,Tiruvallur,0.5,-10.405
2025-08-08 18:00:00,589,Tiruvallur,1.0,-10.405
2025-08-08 19:00:00,589,Tiruvallur,0.5,-10.405
2025-08-08 20:00:00,589,Tiruvallur,0.5,-10.405
2025-08-08 21:00:00,589,Tiruvallur,0.5,-10.405
2025-08-08 22:00:00,589,Tiruvallur,0.5,-10.335
2025-08-08 23:00:00,589,Tiruvallur,0.5,-10.335
2025-08-09 00:30:00,589,Tiruvallur,0.5,-10.335
2025-08-09 01:00:00,589,Tiruvallur,0.5,-10.335
2025-08-09 01:30:00,589,Tiruvallur,0.5,-10.335
2025-08-09 02:00:00,589,Tiruvallur,0.5,-10.335
2025-08-09 02:30:00,589,Tiruvallur,0.5,-10.335
2025-08-09 03:00:00,589,Tiruvallur,0.5,-10.335
2025-08-09 04:00:00,589,Tiruvallur,0.5,-8.768888888888888
2025-08-09 05:00:00,589,Tiruvallur,0.5,-8.768888888888888
2025-08-09 06:00:00,589,Tiruvallur,0.5,-8.768888888888888
2025-08-09 06:30:00,589,Tiruvallur,0.5,-8.768888888888888
2025-08-09 07:00:00,589,Tiruvallur,0.5,-8.768888888888888
2025-08-09 07:30:00,589,Tiruvallur,0.5,-8.768888888888888
2025-08-09 08:00:00,589,Tiruvallur,0.5,-8.768888888888888
2025-08-09 09:00:00,589,Tiruvallur,0.5,-8.768888888888888
2025-08-09 10:00:00,589,Tiruvallur,0.5,-8.845555555555556
2025-08-09 11:00:00,589,Tiruvallur,0.5,-8.845555555555556
2025-08-09 12:00:00,589,Tiruvallur,0.5,-8.845555555555556
2025-08-09 13:00:00,589,Tiruvallur,0.5,-8.845555555555556
2025-08-09 14:00:00,589,Tiruvallur,0.5,-8.845555555555556
2025-08-09 15:00:00,589,Tiruvallur,0.5,-8.845555555555556
2025-08-09 16:00:00,589,Tiruvallur,0.5,-8.834444444444443
2025-08-09 17:00:00,589,Tiruvallur,0.5,-8.834444444444443
2025-08-09 18:00:00,589,Tiruvallur,0.5,-8.834444444444443
2025-08-09 19:30:00,589,Tiruvallur,0.5,-8.834444444444443
2025-08-09 20:00:00,589,Tiruvallur,0.5,-8.834444444444443
2025-08-09 20:30:00,589,Tiruvallur,0.5,-8.834444444444443
2025-08-09 21:00:00,589,Tiruvallur,0.5,-8.834444444444443
2025-08-09 22:00:00,589,Tiruvallur,0.5,-8.770000000000001
2025-08-09 23:00:00,589,Tiruvallur,0.5,-8.770000000000001
2025-08-10 00:30:00,589,Tiruvallur,0.5,-8.770000000000001
2025-08-10 01:00:00,589,Tiruvallur,0.5,-8.770000000000001
2025-08-10 02:00:00,589,Tiruvallur,0.5,-8.770000000000001
2025-08-10 03:00:00,589,Tiruvallur,0.5,-8.770000000000001
2025-08-10 03:30:00,589,Tiruvallur,0.5,-10.241
2025-08-10 04:00:00,589,Tiruvallur,0.5,-10.241
2025-08-10 05:00:00,589,Tiruvallur,0.5,-10.241
2025-08-10 06:30:00,589,Tiruvallur,0.5,-10.241
2025-08-10 07:00:00,589,Tiruvallur,0.5,-10.241
2025-08-10 08:00:00,589,Tiruvallur,0.5,-10.241
2025-08-10 09:00:00,589,Tiruvallur,0.5,-10.241
2025-08-10 10:00:00,589,Tiruvallur,0.5,-10.313
2025-08-10 10:30:00,589,Tiruvallur,0.5,-10.313
2025-08-10 11:00:00,589,Tiruvallur,0.5,-10.313
2025-08-10 11:30:00,589,Tiruvallur,0.5,-10.313
2025-08-10 12:00:00,589,Tiruvallur,0.5,-10.313
2025-08-10 12:30:00,589,Tiruvallur,0.5,-10.313
2025-08-10 13:00:00,589,Tiruvallur,0.5,-10.313
2025-08-10 13:30:00,589,Tiruvallur,0.5,-10.313
2025-08-10 14:00:00,589,Tiruvallur,0.5,-10.313
2025-08-10 15:00:00,589,Tiruvallur,0.5,-10.313
2025-08-10 16:00:00,589,Tiruvallur,0.5,-10.324
2025-08-10 17:00:00,589,Tiruvallur,0.5,-10.324
2025-08-10 18:00:00,589,Tiruvallur,0.5,-10.324
2025-08-10 18:30:00,589,Tiruvallur,0.5,-10.324
2025-08-10 19:00:00,589,Tiruvallur,0.5,-10.324
2025-08-10 20:00:00,589,Tiruvallur,0.5,-10.324
2025-08-10 21:30:00,589,Tiruvallur,0.5,-10.282
2025-08-10 22:00:00,589,Tiruvallur,0.5,-10.282
2025-08-10 23:00:00,589,Tiruvallur,0.5,-10.282
2025-08-11 00:30:00,589,Tiruvallur,0.5,-10.282
2025-08-11 01:00:00,589,Tiruvallur,0.5,-10.282
2025-08-11 02:00:00,589,Tiruvallur,0.5,-10.282
2025-08-11 03:30:00,589,Tiruvallur,0.5,-10.259
2025-08-11 04:00:00,589,Tiruvallur,0.5,-10.259
2025-08-11 05:00:00,589,Tiruvallur,0.5,-10.259
2025-08-11 07:00:00,589,Tiruvallur,0.5,-10.259
2025-08-11 08:30:00,589,Tiruvallur,0.5,-10.259
2025-08-11 09:00:00,589,Tiruvallur,0.5,-10.259
2025-08-11 10:00:00,589,Tiruvallur,0.5,-10.327
2025-08-11 11:30:00,589,Tiruvallur,0.5,-10.327
2025-08-11 12:00:00,589,Tiruvallur,0.5,-10.327
2025-08-11 13:00:00,589,Tiruvallur,0.5,-10.327
2025-08-11 14:00:00,589,Tiruvallur,0.5,-10.327
2025-08-11 15:00:00,589,Tiruvallur,0.5,-10.327
2025-08-11 16:00:00,589,Tiruvallur,0.5,-10.300999999999998
2025-08-11 16:30:00,589,Tiruvallur,0.5,-10.300999999999998
2025-08-11 17:00:00,589,Tiruvallur,0.5,-10.300999999999998
2025-08-11 18:00:00,589,Tiruvallur,0.5,-10.300999999999998
2025-08-11 19:00:00,589,Tiruvallur,0.5,-10.300999999999998
2025-08-11 19:30:00,589,Tiruvallur,0.5,-10.300999999999998
2025-08-11 20:00:00,589,Tiruvallur,0.5,-10.300999999999998
2025-08-11 21:00:00,589,Tiruvallur,0.5,-10.300999999999998
2025-08-11 22:30:00,589,Tiruvallur,0.5,-10.199
2025-08-11 23:00:00,589,Tiruvallur,0.5,-10.199
2025-08-12 00:00:00,589,Tiruvallur,0.5,-10.199
2025-08-12 01:00:00,589,Tiruvallur,0.5,-10.199
2025-08-12 02:00:00,589,Tiruvallur,0.5,-10.199
2025-08-12 03:00:00,589,Tiruvallur,0.5,-10.199
2025-08-12 03:30:00,589,Tiruvallur,0.5,-10.161
2025-08-12 04:00:00,589,Tiruvallur,0.5,-10.161
2025-08-12 05:30:00,589,Tiruvallur,0.5,-10.161
2025-08-12 06:00:00,589,Tiruvallur,0.5,-10.161
2025-08-12 07:00:00,589,Tiruvallur,0.5,-10.161
2025-08-12 09:00:00,589,Tiruvallur,0.5,-10.161
2025-08-12 10:30:00,589,Tiruvallur,0.5,-10.222
2025-08-12 11:00:00,589,Tiruvallur,0.5,-10.222
2025-08-12 12:00:00,589,Tiruvallur,0.5,-10.222
2025-08-12 13:30:00,589,Tiruvallur,0.5,-10.222
2025-08-12 14:00:00,589,Tiruvallur,0.5,-10.222
2025-08-12 15:30:00,589,Tiruvallur,0.5,-10.218
2025-08-12 16:00:00,589,Tiruvallur,0.5,-10.218
2025-08-12 17:00:00,589,Tiruvallur,0.5,-10.218
2025-08-12 18:00:00,589,Tiruvallur,0.5,-10.218
2025-08-12 18:30:00,589,Tiruvallur,0.5,-10.218
2025-08-12 19:00:00,589,Tiruvallur,0.5,-10.218
2025-08-12 20:00:00,589,Tiruvallur,0.5,-10.218
2025-08-12 21:00:00,589,Tiruvallur,0.5,-10.218
2025-08-12 21:30:00,589,Tiruvallur,0.5,-10.16
2025-08-12 22:00:00,589,Tiruvallur,0.5,-10.16
2025-08-12 23:30:00,589,Tiruvallur,0.5,-10.16
2025-08-13 00:00:00,589,Tiruvallur,0.5,-10.16
2025-08-13 01:00:00,589,Tiruvallur,0.5,-10.16
2025-08-13 02:30:00,589,Tiruvallur,0.5,-10.16
2025-08-13 03:00:00,589,Tiruvallur,0.5,-10.16
2025-08-13 04:30:00,589,Tiruvallur,0.5,-10.128888888888888
2025-08-13 05:00:00,589,Tiruvallur,0.5,-10.128888888888888
2025-08-13 06:30:00,589,Tiruvallur,0.5,-10.128888888888888
2025-08-13 07:00:00,589,Tiruvallur,0.5,-10.128888888888888
2025-08-13 08:30:00,589,Tiruvallur,0.5,-10.128888888888888
2025-08-13 09:00:00,589,Tiruvallur,0.5,-10.128888888888888
2025-08-13 10:00:00,589,Tiruvallur,0.5,-10.182222222222222
2025-08-13 12:00:00,589,Tiruvallur,0.5,-10.182222222222222
2025-08-13 13:30:00,589,Tiruvallur,0.5,-10.182222222222222
2025-08-13 14:00:00,589,Tiruvallur,0.5,-10.182222222222222
2025-08-13 15:00:00,589,Tiruvallur,0.5,-10.182222222222222
2025-08-13 15:30:00,589,Tiruvallur,0.5,-10.114444444444445
2025-08-13 16:00:00,589,Tiruvallur,0.5,-10.114444444444445
2025-08-13 17:00:00,589,Tiruvallur,0.5,-10.114444444444445
2025-08-13 18:30:00,589,Tiruvallur,0.5,-10.114444444444445
2025-08-13 19:00:00,589,Tiruvallur,0.5,-10.114444444444445
2025-08-13 20:30:00,589,Tiruvallur,0.5,-10.114444444444445
2025-08-13 21:00:00,589,Tiruvallur,0.5,-10.114444444444445
2025-08-13 22:00:00,589,Tiruvallur,0.5,-10.12
2025-08-14 00:00:00,589,Tiruvallur,0.5,-10.12
2025-08-14 02:00:00,589,Tiruvallur,0.5,-10.12
2025-08-14 04:00:00,589,Tiruvallur,0.5,-10.034444444444444
2025-08-14 06:00:00,589,Tiruvallur,0.5,-10.034444444444444
2025-08-14 08:00:00,589,Tiruvallur,0.5,-10.034444444444444
2025-08-14 09:30:00,589,Tiruvallur,0.5,-10.174444444444443
2025-08-14 10:00:00,589,Tiruvallur,0.5,-10.174444444444443
2025-08-14 11:00:00,589,Tiruvallur,0.5,-10.174444444444443
2025-08-14 12:00:00,589,Tiruvallur,0.5,-10.174444444444443
2025-08-14 13:00:00,589,Tiruvallur,0.5,-10.174444444444443
2025-08-14 14:00:00,589,Tiruvallur,0.5,-10.174444444444443
2025-08-14 15:00:00,589,Tiruvallur,0.5,-10.174444444444443
2025-08-14 16:00:00,589,Tiruvallur,0.5,-10.134444444444444
2025-08-14 17:00:00,589,Tiruvallur,0.5,-10.134444444444444
2025-08-14 17:30:00,589,Tiruvallur,0.5,-10.134444444444444
2025-08-14 18:00:00,589,Tiruvallur,0.5,-10.134444444444444
2025-08-14 19:00:00,589,Tiruvallur,0.5,-10.134444444444444
2025-08-14 21:00:00,589,Tiruvallur,0.5,-10.134444444444444
2025-08-14 23:00:00,589,Tiruvallur,0.5,-10.042
2025-08-15 01:00:00,589,Tiruvallur,0.5,-10.042
2025-08-15 02:00:00,589,Tiruvallur,0.5,-10.042
2025-08-15 03:00:00,589,Tiruvallur,0.5,-10.042
2025-08-15 05:00:00,589,Tiruvallur,0.5,-9.986
2025-08-15 07:00:00,589,Tiruvallur,0.5,-9.986
2025-08-15 07:30:00,589,Tiruvallur,0.5,-9.986
2025-08-15 08:00:00,589,Tiruvallur,0.5,-9.986
2025-08-15 09:30:00,589,Tiruvallur,0.5,-10.071
2025-08-15 10:00:00,589,Tiruvallur,0.5,-10.071
2025-08-15 11:00:00,589,Tiruvallur,0.5,-10.071
2025-08-15 12:00:00,589,Tiruvallur,0.5,-10.071
2025-08-15 12:30:00,589,Tiruvallur,0.5,-10.071
2025-08-15 13:00:00,589,Tiruvallur,0.5,-3.71
2025-08-15 14:00:00,589,Tiruvallur,0.5,-3.71
2025-08-15 15:00:00,589,Tiruvallur,0.5,-3.71
2025-08-15 15:30:00,589,Tiruvallur,0.5,-3.71
2025-08-15 16:00:00,589,Tiruvallur,0.5,-10.012
2025-08-15 17:00:00,589,Tiruvallur,0.5,-10.012
2025-08-15 17:30:00,589,Tiruvallur,0.5,-10.012
2025-08-15 18:00:00,589,Tiruvallur,0.5,-10.012
2025-08-15 19:00:00,589,Tiruvallur,0.5,-10.012
2025-08-15 20:00:00,589,Tiruvallur,0.5,-10.012
2025-08-15 21:00:00,589,Tiruvallur,0.5,-10.012
2025-08-15 23:00:00,589,Tiruvallur,0.5,-9.993
2025-08-16 00:00:00,589,Tiruvallur,0.5,-9.993
2025-08-16 01:00:00,589,Tiruvallur,0.5,-9.993
2025-08-16 03:00:00,589,Tiruvallur,0.5,-9.993
2025-08-16 05:00:00,589,Tiruvallur,0.5,-9.946000000000002
2025-08-16 07:00:00,589,Tiruvallur,0.5,-9.946000000000002
2025-08-16 09:00:00,589,Tiruvallur,0.5,1.0
2025-08-16 10:30:00,589,Tiruvallur,0.5,1.0
2025-08-16 11:00:00,589,Tiruvallur,0.5,1.0
2025-08-16 12:30:00,589,Tiruvallur,0.5,-10.1
2025-08-16 13:00:00,589,Tiruvallur,0.5,-10.1
2025-08-16 14:00:00,589,Tiruvallur,0.5,-10.1
2025-08-16 15:00:00,589,Tiruvallur,0.5,-10.1
2025-08-16 15:30:00,589,Tiruvallur,0.5,-9.96
2025-08-16 16:00:00,589,Tiruvallur,0.5,-9.96
2025-08-16 17:00:00,589,Tiruvallur,0.5,-9.96
2025-08-16 19:00:00,589,Tiruvallur,0.5,-9.96
2025-08-16 21:30:00,589,Tiruvallur,0.5,-9.927
2025-08-16 22:00:00,589,Tiruvallur,0.5,-9.927
2025-08-16 23:30:00,589,Tiruvallur,0.5,-9.927
2025-08-17 00:00:00,589,Tiruvallur,0.5,-9.927
2025-08-17 02:00:00,589,Tiruvallur,0.5,-9.927
2025-08-17 04:00:00,589,Tiruvallur,0.5,-9.877
2025-08-17 06:30:00,589,Tiruvallur,0.5,-9.877
2025-08-17 07:00:00,589,Tiruvallur,0.5,-9.877
2025-08-17 09:00:00,589,Tiruvallur,0.5,-9.877
2025-08-17 09:30:00,589,Tiruvallur,0.5,-10.127
2025-08-17 12:00:00,589,Tiruvallur,0.5,-10.127
2025-08-17 14:30:00,589,Tiruvallur,0.5,-10.127
2025-08-17 16:30:00,589,Tiruvallur,0.5,-9.922
2025-08-17 17:00:00,589,Tiruvallur,0.5,-9.922
2025-08-17 19:00:00,589,Tiruvallur,0.5,-9.922
2025-08-17 21:30:00,589,Tiruvallur,0.5,-9.878
2025-08-17 22:00:00,589,Tiruvallur,0.5,-9.878
2025-08-18 00:00:00,589,Tiruvallur,0.5,-9.878
2025-08-18 01:00:00,589,Tiruvallur,0.5,-9.878
2025-08-18 03:00:00,589,Tiruvallur,0.5,-9.878
2025-08-18 05:30:00,589,Tiruvallur,0.5,-9.936666666666666
2025-08-18 06:00:00,589,Tiruvallur,0.5,-9.936666666666666
2025-08-18 08:30:00,589,Tiruvallur,0.5,-9.936666666666666
2025-08-18 09:00:00,589,Tiruvallur,0.5,-9.936666666666666
2025-08-18 11:00:00,589,Tiruvallur,0.5,-10.21
2025-08-18 13:00:00,589,Tiruvallur,0.5,-10.21
2025-08-18 13:30:00,589,Tiruvallur,0.5,-10.21
2025-08-18 14:00:00,589,Tiruvallur,0.5,-10.21
2025-08-18 16:00:00,589,Tiruvallur,4.0,-9.976666666666668
2025-08-18 18:30:00,589,Tiruvallur,0.5,-9.976666666666668
2025-08-18 19:00:00,589,Tiruvallur,0.5,-9.976666666666668
2025-08-18 21:30:00,589,Tiruvallur,0.5,-9.976666666666668
2025-08-18 22:00:00,589,Tiruvallur,0.5,-9.976666666666668
2025-08-20 03:30:00,589,Tiruvallur,0.5,-9.231666666666667
2025-08-20 04:00:00,589,Tiruvallur,0.5,-9.231666666666667
2025-08-20 07:00:00,589,Tiruvallur,0.5,-9.231666666666667
2025-08-20 08:30:00,589,Tiruvallur,0.5,-9.231666666666667
2025-08-20 09:00:00,589,Tiruvallur,0.5,-9.231666666666667
2025-08-20 12:30:00,589,Tiruvallur,0.5,-9.325
2025-08-20 13:00:00,589,Tiruvallur,0.5,-9.325
2025-08-20 17:00:00,589,Tiruvallur,0.5,-9.336666666666668
2025-08-20 23:00:00,589,Tiruvallur,0.5,-8.795428571428571
2025-08-21 04:30:00,589,Tiruvallur,0.5,-9.407545454545454
2025-08-21 05:00:00,589,Tiruvallur,0.5,-9.407545454545454
2025-08-21 10:30:00,589,Tiruvallur,0.5,-9.956
2025-08-21 11:00:00,589,Tiruvallur,0.5,-9.956
2025-08-21 23:00:00,589,Tiruvallur,0.5,-9.93
2025-08-22 05:00:00,589,Tiruvallur,0.5,-9.899
2025-08-22 06:30:00,589,Tiruvallur,0.5,-9.899
2025-08-22 07:00:00,589,Tiruvallur,0.5,-9.899
2025-08-22 13:00:00,589,Tiruvallur,0.5,25.24
2025-08-22 17:00:00,589,Tiruvallur,2.0,-10.03
2025-08-22 19:00:00,589,Tiruvallur,1.0,-10.03
2025-08-22 19:30:00,589,Tiruvallur,0.5,-10.03
2025-08-22 20:00:00,589,Tiruvallur,3.5,-10.03
2025-08-23 03:00:00,589,Tiruvallur,6.75,-9.936
2025-08-23 04:00:00,589,Tiruvallur,7.75,-9.817
2025-08-23 05:00:00,589,Tiruvallur,10.0,-9.817
2025-08-23 06:00:00,589,Tiruvallur,4.5,-9.817
2025-08-23 07:00:00,589,Tiruvallur,2.25,-9.817
2025-08-23 07:30:00,589,Tiruvallur,0.5,-9.817
2025-08-23 08:00:00,589,Tiruvallur,1.6666666666666667,-9.817
2025-08-23 09:00:00,589,Tiruvallur,0.5,1.0
2025-08-23 11:00:00,589,Tiruvallur,0.5,1.0
2025-08-23 12:00:00,589,Tiruvallur,0.5,-9.789
2025-08-23 13:00:00,589,Tiruvallur,0.5,29.52
2025-08-23 14:00:00,589,Tiruvallur,0.5,-6.41
2025-08-23 15:00:00,589,Tiruvallur,1.0,-6.41
2025-08-23 15:30:00,589,Tiruvallur,0.5,-6.41
2025-08-23 16:00:00,589,Tiruvallur,0.5,-9.795
2025-08-23 17:00:00,589,Tiruvallur,0.5,-9.795
2025-08-23 18:00:00,589,Tiruvallur,0.5,-9.795
2025-08-23 19:00:00,589,Tiruvallur,0.75,-9.795
2025-08-23 20:00:00,589,Tiruvallur,0.5,-9.795
2025-08-23 21:00:00,589,Tiruvallur,0.5,-9.795
2025-08-23 22:00:00,589,Tiruvallur,0.5,-9.715
2025-08-23 23:30:00,589,Tiruvallur,0.5,-9.715
2025-08-24 00:00:00,589,Tiruvallur,0.5,-9.715
2025-08-24 01:00:00,589,Tiruvallur,0.5,-9.715
2025-08-24 03:00:00,589,Tiruvallur,0.5,-9.715
2025-08-24 04:00:00,589,Tiruvallur,0.5,-9.637
2025-08-24 05:00:00,589,Tiruvallur,0.5,-9.637
2025-08-24 06:00:00,589,Tiruvallur,0.5,-9.637
2025-08-24 08:00:00,589,Tiruvallur,0.5,-9.637
2025-08-24 08:30:00,589,Tiruvallur,0.5,-9.637
2025-08-24 09:00:00,589,Tiruvallur,0.5,-9.85
2025-08-24 11:00:00,589,Tiruvallur,0.5,-9.85
2025-08-24 12:00:00,589,Tiruvallur,0.5,-9.678
2025-08-24 13:00:00,589,Tiruvallur,0.75,-9.678
2025-08-24 14:00:00,589,Tiruvallur,1.0,-5.669
2025-08-24 15:00:00,589,Tiruvallur,1.0,-5.669
2025-08-24 16:00:00,589,Tiruvallur,1.5,-5.669
2025-08-24 16:30:00,589,Tiruvallur,0.5,-5.669
2025-08-24 17:00:00,589,Tiruvallur,2.25,-9.623333333333331
2025-08-24 18:00:00,589,Tiruvallur,3.0,-9.623333333333331
2025-08-24 19:00:00,589,Tiruvallur,2.0,-9.623333333333331
2025-08-24 20:00:00,589,Tiruvallur,1.0,-9.623333333333331
2025-08-24 20:30:00,589,Tiruvallur,0.5,-9.623333333333331
2025-08-24 21:00:00,589,Tiruvallur,0.75,-9.623333333333331
2025-08-24 22:00:00,589,Tiruvallur,0.5,-9.634444444444446
2025-08-24 23:00:00,589,Tiruvallur,0.5,-9.634444444444446
2025-08-25 00:00:00,589,Tiruvallur,0.5,-9.634444444444446
2025-08-25 01:00:00,589,Tiruvallur,0.5,-9.634444444444446
2025-08-25 01:30:00,589,Tiruvallur,0.5,-9.634444444444446
2025-08-25 02:00:00,589,Tiruvallur,0.5,-9.634444444444446
2025-08-25 03:00:00,589,Tiruvallur,0.5,-9.634444444444446
2025-08-25 07:00:00,589,Tiruvallur,0.5,-9.73625
2025-08-25 11:00:00,589,Tiruvallur,0.5,-9.7975
2025-08-25 11:30:00,589,Tiruvallur,0.5,-9.7975
2025-08-25 12:00:00,589,Tiruvallur,0.5,-9.7975
2025-08-25 16:00:00,589,Tiruvallur,0.5,-9.7975
2025-08-25 20:30:00,589,Tiruvallur,0.5,-9.7975
2025-08-25 21:00:00,589,Tiruvallur,0.5,-9.7975
2025-08-27 00:30:00,589,Tiruvallur,0.5,-9.496666666666666
2025-08-27 01:00:00,589,Tiruvallur,0.5,-9.496666666666666
2025-08-27 06:30:00,589,Tiruvallur,0.5,-9.425555555555556
2025-08-27 07:00:00,589,Tiruvallur,0.5,-9.425555555555556
2025-08-27 09:00:00,589,Tiruvallur,0.5,-9.425555555555556
2025-08-27 12:30:00,589,Tiruvallur,0.5,-9.897777777777778
2025-08-27 13:00:00,589,Tiruvallur,0.5,-9.897777777777778
2025-08-27 17:00:00,589,Tiruvallur,5.5,-9.55888888888889
2025-08-27 18:00:00,589,Tiruvallur,0.5,-9.55888888888889
2025-08-27 22:00:00,589,Tiruvallur,1.0,-9.497777777777776
2025-08-28 00:30:00,589,Tiruvallur,0.5,-9.497777777777776
2025-08-28 01:00:00,589,Tiruvallur,1.25,-9.497777777777776
2025-08-28 02:00:00,589,Tiruvallur,0.5,-9.497777777777776
2025-08-28 07:30:00,589,Tiruvallur,0.5,-8.94375
2025-08-28 08:00:00,589,Tiruvallur,0.5,-8.94375
2025-08-28 13:00:00,589,Tiruvallur,0.5,-9.0175
2025-08-28 13:30:00,589,Tiruvallur,0.5,-9.0175
2025-08-28 14:00:00,589,Tiruvallur,0.5,-9.0175
2025-08-28 15:00:00,589,Tiruvallur,0.5,-9.0175
2025-08-28 19:00:00,589,Tiruvallur,0.5,-8.98375
2025-08-28 20:00:00,589,Tiruvallur,0.5,-8.98375
2025-09-01 00:00:00,589,Tiruvallur,0.5,-9.092222222222222
2025-09-01 06:30:00,589,Tiruvallur,0.5,-9.026666666666667
2025-09-01 07:00:00,589,Tiruvallur,0.5,-9.026666666666667
2025-09-01 08:00:00,589,Tiruvallur,0.5,-9.026666666666667
2025-09-01 10:00:00,589,Tiruvallur,0.5,-9.177777777777775
2025-09-01 11:00:00,589,Tiruvallur,0.5,-9.177777777777775
2025-09-01 12:00:00,589,Tiruvallur,0.5,-9.177777777777775
2025-09-01 13:00:00,589,Tiruvallur,0.5,-9.177777777777775
2025-09-01 14:00:00,589,Tiruvallur,0.5,-9.177777777777775
2025-09-01 15:00:00,589,Tiruvallur,0.5,-9.177777777777775
2025-09-01 16:00:00,589,Tiruvallur,0.5,-9.105555555555556
2025-09-01 17:00:00,589,Tiruvallur,3.0,-9.105555555555556
2025-09-01 18:00:00,589,Tiruvallur,3.5,-9.105555555555556
2025-09-01 19:30:00,589,Tiruvallur,0.5,-9.105555555555556
2025-09-01 20:00:00,589,Tiruvallur,0.5,-9.105555555555556
2025-09-02 03:00:00,589,Tiruvallur,0.5,-8.985555555555557
2025-09-02 07:00:00,589,Tiruvallur,0.5,-9.26375
2025-09-02 08:00:00,589,Tiruvallur,0.5,-9.26375
2025-09-02 09:00:00,589,Tiruvallur,0.5,-9.26375
2025-09-02 10:00:00,589,Tiruvallur,0.5,-9.35375
2025-09-02 11:00:00,589,Tiruvallur,1.5,-9.35375
2025-09-02 12:00:00,589,Tiruvallur,1.5,-9.35375
2025-09-02 13:00:00,589,Tiruvallur,1.0,-9.35375
2025-09-02 15:00:00,589,Tiruvallur,1.5,-9.35375
2025-09-02 16:00:00,589,Tiruvallur,0.75,-9.31625
2025-09-02 17:00:00,589,Tiruvallur,2.5,-9.31625
2025-09-02 22:30:00,589,Tiruvallur,0.5,-8.911111111111111
2025-09-02 23:00:00,589,Tiruvallur,0.5,-8.911111111111111
2025-09-03 06:30:00,589,Tiruvallur,0.5,-8.832222222222223
2025-09-03 07:00:00,589,Tiruvallur,0.5,-8.832222222222223
2025-09-03 08:00:00,589,Tiruvallur,2.0,-8.832222222222223
2025-09-03 09:00:00,589,Tiruvallur,2.0,-8.832222222222223
2025-09-03 10:00:00,589,Tiruvallur,1.5,-8.911111111111111
2025-09-03 11:00:00,589,Tiruvallur,1.0,-8.911111111111111
2025-09-03 12:00:00,589,Tiruvallur,0.5,-8.911111111111111
2025-09-03 13:00:00,589,Tiruvallur,0.5,-8.911111111111111
2025-09-03 14:00:00,589,Tiruvallur,0.5,-8.911111111111111
2025-09-03 17:00:00,589,Tiruvallur,0.5,-8.863333333333333
2025-09-03 20:00:00,589,Tiruvallur,0.5,-8.863333333333333
2025-09-04 01:00:00,589,Tiruvallur,0.5,-8.88
2025-09-04 03:30:00,589,Tiruvallur,0.5,-8.793333333333333
2025-09-04 04:00:00,589,Tiruvallur,0.5,-8.793333333333333
2025-09-04 07:00:00,589,Tiruvallur,0.5,-8.793333333333333
2025-09-04 08:00:00,589,Tiruvallur,1.0,-8.793333333333333
2025-09-04 09:00:00,589,Tiruvallur,1.5,-8.793333333333333
2025-09-04 10:00:00,589,Tiruvallur,2.0,-8.841111111111111
2025-09-04 11:00:00,589,Tiruvallur,2.0,-8.841111111111111
2025-09-04 11:30:00,589,Tiruvallur,0.5,-8.841111111111111
2025-09-04 12:00:00,589,Tiruvallur,2.75,-8.841111111111111
2025-09-04 13:00:00,589,Tiruvallur,2.5,-8.841111111111111
2025-09-04 14:00:00,589,Tiruvallur,1.5,-8.841111111111111
2025-09-04 15:00:00,589,Tiruvallur,0.5,-8.841111111111111
2025-09-04 16:00:00,589,Tiruvallur,0.5,-8.907777777777778
2025-09-04 17:00:00,589,Tiruvallur,0.5,-8.907777777777778
2025-09-04 18:30:00,589,Tiruvallur,0.5,-8.907777777777778
2025-09-04 19:00:00,589,Tiruvallur,0.5,-8.907777777777778
2025-09-05 03:30:00,589,Tiruvallur,0.5,-9.11375
2025-09-05 04:00:00,589,Tiruvallur,0.5,-9.11375
2025-09-05 12:00:00,589,Tiruvallur,0.5,-9.16375
2025-09-05 13:00:00,589,Tiruvallur,1.0,-9.16375
2025-09-05 14:00:00,589,Tiruvallur,1.5,-9.16375
2025-09-05 15:00:00,589,Tiruvallur,2.0,-9.16375
2025-09-05 16:00:00,589,Tiruvallur,2.0,-9.21875
2025-09-05 17:00:00,589,Tiruvallur,1.5,-9.21875
2025-09-05 18:00:00,589,Tiruvallur,1.0,-9.21875
2025-09-05 21:00:00,589,Tiruvallur,0.5,-9.21875
2025-09-06 07:30:00,589,Tiruvallur,0.5,-9.12125
2025-09-06 08:00:00,589,Tiruvallur,0.5,-9.12125
2025-09-06 17:00:00,589,Tiruvallur,0.5,-9.73375
2025-09-07 02:00:00,589,Tiruvallur,8.5,-9.20625
2025-09-07 03:00:00,589,Tiruvallur,1.5,-9.20625
2025-09-07 04:00:00,589,Tiruvallur,0.5,-9.14125
2025-09-07 07:00:00,589,Tiruvallur,1.0,-9.14125
2025-09-07 10:00:00,589,Tiruvallur,0.5,-9.1625
2025-09-07 13:00:00,589,Tiruvallur,0.5,-9.1625
2025-09-07 14:00:00,589,Tiruvallur,0.5,-9.1625
2025-09-07 14:30:00,589,Tiruvallur,0.5,-9.1625
2025-09-07 15:00:00,589,Tiruvallur,0.5,-9.1625
2025-09-07 16:00:00,589,Tiruvallur,1.0,-9.13375
2025-09-07 17:00:00,589,Tiruvallur,0.5,-9.13375
2025-09-07 18:00:00,589,Tiruvallur,0.5,-9.13375
2025-09-08 01:00:00,589,Tiruvallur,0.5,-9.16625
2025-09-08 09:30:00,589,Tiruvallur,0.5,-9.24625
2025-09-08 10:00:00,589,Tiruvallur,0.5,-9.24625
2025-09-08 13:00:00,589,Tiruvallur,0.5,-9.24625
2025-09-08 16:00:00,589,Tiruvallur,0.5,-9.2425
2025-09-08 16:30:00,589,Tiruvallur,0.5,-9.2425
2025-09-08 17:00:00,589,Tiruvallur,0.5,-9.2425
2025-09-09 01:00:00,589,Tiruvallur,0.5,-9.23375
2025-09-09 09:00:00,589,Tiruvallur,0.5,-8.632857142857143
2025-09-09 17:00:00,589,Tiruvallur,0.5,-8.741428571428571
2025-09-10 03:00:00,589,Tiruvallur,0.5,-9.036666666666669
2025-09-10 14:00:00,589,Tiruvallur,0.5,-9.118888888888888
2025-09-10 17:00:00,589,Tiruvallur,5.0,-9.113333333333332
2025-09-11 02:30:00,589,Tiruvallur,0.5,-9.103333333333332
2025-09-11 03:00:00,589,Tiruvallur,0.5,-9.103333333333332
2025-09-11 16:30:00,589,Tiruvallur,0.5,-9.433333333333334
2025-09-11 17:00:00,589,Tiruvallur,0.5,-9.433333333333334
2025-09-12 08:00:00,589,Tiruvallur,0.5,-9.05111111111111
2025-09-13 01:00:00,589,Tiruvallur,0.5,-9.112222222222222
2025-09-13 05:00:00,589,Tiruvallur,26.5,-9.04888888888889
2025-09-13 06:00:00,589,Tiruvallur,5.0,-9.04888888888889
2025-09-13 16:30:00,589,Tiruvallur,0.5,-9.107777777777777
2025-09-13 17:00:00,589,Tiruvallur,0.5,-9.107777777777777
2025-09-14 01:00:00,589,Tiruvallur,1.5,-9.045555555555556
2025-09-14 03:00:00,589,Tiruvallur,0.5,-9.045555555555556
2025-09-14 04:00:00,589,Tiruvallur,23.0,-8.987777777777778
2025-09-14 05:00:00,589,Tiruvallur,41.5,-8.987777777777778
2025-09-14 06:00:00,589,Tiruvallur,1.5,-8.987777777777778
2025-09-14 07:00:00,589,Tiruvallur,0.5,-8.987777777777778
2025-09-14 08:00:00,589,Tiruvallur,0.5,-8.987777777777778
2025-09-14 10:00:00,589,Tiruvallur,0.5,-8.995555555555557
2025-09-14 10:30:00,589,Tiruvallur,0.5,-8.995555555555557
2025-09-14 11:00:00,589,Tiruvallur,0.5,-8.995555555555557
2025-09-15 04:00:00,589,Tiruvallur,0.5,-9.115
2025-09-15 22:00:00,589,Tiruvallur,0.5,-9.13625
2025-09-16 04:00:00,589,Tiruvallur,18.5,-9.0425
2025-09-16 05:00:00,589,Tiruvallur,8.5,-9.0425
2025-09-16 05:30:00,589,Tiruvallur,0.5,-9.0425
2025-09-16 06:00:00,589,Tiruvallur,1.3333333333333333,-9.0425
2025-09-16 07:00:00,589,Tiruvallur,0.5,-9.0425
2025-09-16 19:30:00,589,Tiruvallur,0.5,-9.0625
2025-09-16 20:00:00,589,Tiruvallur,0.5,-9.0625
2025-09-17 03:00:00,589,Tiruvallur,6.25,-9.00375
2025-09-17 04:00:00,589,Tiruvallur,5.0,-8.90875
2025-09-17 05:00:00,589,Tiruvallur,1.5,-8.90875
2025-09-17 06:00:00,589,Tiruvallur,0.5,-8.90875
2025-09-17 07:00:00,589,Tiruvallur,0.5,-8.90875
2025-09-17 08:00:00,589,Tiruvallur,0.5,-8.90875
2025-09-17 10:00:00,589,Tiruvallur,0.5,-9.5
2025-09-17 19:30:00,589,Tiruvallur,0.5,-9.00125
2025-09-17 20:00:00,589,Tiruvallur,0.5,-9.00125
2025-09-18 08:30:00,589,Tiruvallur,0.5,-8.897142857142857
2025-09-18 09:00:00,589,Tiruvallur,0.5,-8.897142857142857
2025-09-18 16:00:00,589,Tiruvallur,1.0,-8.894285714285713
2025-09-18 18:00:00,589,Tiruvallur,1.0,-8.894285714285713
2025-09-18 19:00:00,589,Tiruvallur,8.0,-8.894285714285713
2025-09-18 20:00:00,589,Tiruvallur,4.5,-8.894285714285713
2025-09-20 00:00:00,589,Tiruvallur,1.0,-8.705
2025-09-20 01:00:00,589,Tiruvallur,2.0,-8.705
2025-09-20 02:00:00,589,Tiruvallur,2.0,-8.705
2025-09-20 03:00:00,589,Tiruvallur,0.5,-8.705
2025-09-20 03:30:00,589,Tiruvallur,0.5,-8.5825
2025-09-20 04:00:00,589,Tiruvallur,0.5,-8.5825
2025-09-20 06:00:00,589,Tiruvallur,0.5,-8.5825
2025-09-20 13:00:00,589,Tiruvallur,0.5,-8.63375
2025-09-20 23:30:00,589,Tiruvallur,0.5,-8.5625
2025-09-21 00:00:00,589,Tiruvallur,0.5,-8.5625
2025-09-21 08:30:00,589,Tiruvallur,0.5,-8.4925
2025-09-21 09:00:00,589,Tiruvallur,0.5,-8.4925
2025-09-21 17:00:00,589,Tiruvallur,0.5,-8.5525
2025-09-21 19:30:00,589,Tiruvallur,0.5,-8.5525
2025-09-21 20:00:00,589,Tiruvallur,0.5,-8.5525
2025-09-22 02:00:00,589,Tiruvallur,1.0,-8.51
2025-09-22 03:00:00,589,Tiruvallur,0.5,-8.51
2025-09-22 04:00:00,589,Tiruvallur,1.5,-7.948571428571428
2025-09-22 05:00:00,589,Tiruvallur,0.5,-7.948571428571428
2025-09-22 06:00:00,589,Tiruvallur,0.5,-7.948571428571428
2025-09-22 06:30:00,589,Tiruvallur,0.5,-7.948571428571428
2025-09-22 07:00:00,589,Tiruvallur,0.5,-7.948571428571428
2025-09-22 18:00:00,589,Tiruvallur,0.5,-7.978571428571429
2025-09-23 03:00:00,589,Tiruvallur,27.0,-7.964285714285714
2025-09-23 05:00:00,589,Tiruvallur,0.5,-7.89
2025-09-23 15:00:00,589,Tiruvallur,0.5,-7.971428571428571
2025-09-24 00:00:00,589,Tiruvallur,0.5,-7.972857142857143
2025-09-24 11:30:00,589,Tiruvallur,0.5,-7.9471428571428575
2025-09-24 12:00:00,589,Tiruvallur,0.5,-7.9471428571428575
2025-09-24 21:00:00,589,Tiruvallur,0.5,-7.9314285714285715
2025-09-25 09:30:00,589,Tiruvallur,0.5,-7.8925
2025-09-25 10:00:00,589,Tiruvallur,0.5,-7.8925
2025-09-25 19:30:00,589,Tiruvallur,0.5,-7.88
2025-09-25 20:00:00,589,Tiruvallur,0.5,-7.88
2025-09-26 08:30:00,589,Tiruvallur,0.5,-7.73875
2025-09-26 09:00:00,589,Tiruvallur,0.5,-7.73875
2025-09-26 19:30:00,589,Tiruvallur,0.5,-7.86
2025-09-26 20:00:00,589,Tiruvallur,0.5,-7.86
2025-09-26 21:00:00,589,Tiruvallur,6.5,-7.86
2025-09-26 22:00:00,589,Tiruvallur,1.5,-7.80625
2025-09-27 09:00:00,589,Tiruvallur,0.5,-7.75625
2025-09-27 20:30:00,589,Tiruvallur,0.5,-7.8725
2025-09-27 21:00:00,589,Tiruvallur,0.5,-7.8725
2025-09-28 10:30:00,589,Tiruvallur,0.5,-7.8125
2025-09-28 11:00:00,589,Tiruvallur,0.5,-7.8125
2025-09-28 21:00:00,589,Tiruvallur,1.5,-7.845000000000001
2025-09-28 22:00:00,589,Tiruvallur,0.5,-7.9075
2025-09-29 02:00:00,589,Tiruvallur,20.0,-7.9075
2025-09-29 03:00:00,589,Tiruvallur,1.0,-7.9075
2025-09-29 04:00:00,589,Tiruvallur,1.0,-7.84125
2025-09-29 05:00:00,589,Tiruvallur,0.5,-7.84125
2025-09-29 06:00:00,589,Tiruvallur,0.5,-7.84125
2025-09-29 12:30:00,589,Tiruvallur,0.5,-7.9575
2025-09-29 13:00:00,589,Tiruvallur,0.5,-7.9575
2025-09-30 01:00:00,589,Tiruvallur,0.5,-7.875
2025-09-30 02:00:00,589,Tiruvallur,4.0,-7.875
2025-09-30 03:00:00,589,Tiruvallur,0.5,-7.875
2025-09-30 04:00:00,589,Tiruvallur,0.5,-7.88
2025-09-30 06:00:00,589,Tiruvallur,0.5,-7.88
2025-09-30 16:00:00,589,Tiruvallur,0.5,-8.02
2025-10-01 05:30:00,589,Tiruvallur,0.5,-7.8675
2025-10-01 06:00:00,589,Tiruvallur,0.5,-7.8675
2025-10-01 21:00:00,589,Tiruvallur,0.5,-7.975
2025-10-02 11:30:00,589,Tiruvallur,0.5,-9.347777777777775
2025-10-02 12:00:00,589,Tiruvallur,0.5,-9.347777777777775
2025-10-03 02:00:00,589,Tiruvallur,7.0,-8.976666666666667
2025-10-03 03:00:00,589,Tiruvallur,1.5,-8.976666666666667
2025-10-03 03:30:00,589,Tiruvallur,0.5,-9.225714285714286
2025-10-03 04:00:00,589,Tiruvallur,0.5,-9.225714285714286
2025-10-03 17:30:00,589,Tiruvallur,0.5,-9.211428571428572
2025-10-03 18:00:00,589,Tiruvallur,0.5,-9.211428571428572
2025-10-04 04:00:00,589,Tiruvallur,0.5,-7.944285714285715
2025-10-04 08:00:00,589,Tiruvallur,18.5,-7.944285714285715
2025-10-04 09:00:00,589,Tiruvallur,5.0,-7.944285714285715
2025-10-04 10:00:00,589,Tiruvallur,0.5,-7.994285714285715
2025-10-04 10:30:00,589,Tiruvallur,0.5,-7.994285714285715
2025-10-04 11:00:00,589,Tiruvallur,0.5,-7.994285714285715
2025-10-04 22:30:00,589,Tiruvallur,0.5,-7.937142857142857
2025-10-04 23:00:00,589,Tiruvallur,0.5,-7.937142857142857
2025-10-05 13:00:00,589,Tiruvallur,0.5,-7.892857142857143
2025-10-06 02:30:00,589,Tiruvallur,0.5,-7.892857142857143
2025-10-06 03:00:00,589,Tiruvallur,0.5,-7.892857142857143
2025-10-06 10:30:00,589,Tiruvallur,0.5,-7.892857142857143
2025-10-06 11:00:00,589,Tiruvallur,0.5,-7.892857142857143
2025-11-14 00:30:00,589,Tiruvallur,0.5,-4.227777777777778
2025-11-14 01:00:00,589,Tiruvallur,0.5,-4.227777777777778
2025-11-14 17:30:00,589,Tiruvallur,0.5,-4.227777777777778
2025-11-14 18:00:00,589,Tiruvallur,0.5,-4.227777777777778
2025-11-15 13:30:00,589,Tiruvallur,0.5,-4.227777777777778
2025-11-15 14:00:00,589,Tiruvallur,0.5,-4.227777777777778
2025-11-16 08:30:00,589,Tiruvallur,0.5,-4.227777777777778
2025-11-16 09:00:00,589,Tiruvallur,0.5,-4.227777777777778
2025-11-17 04:00:00,589,Tiruvallur,0.5,-4.227777777777778
2025-11-17 17:00:00,589,Tiruvallur,0.75,-4.227777777777778
2025-11-17 21:00:00,589,Tiruvallur,0.5,-4.227777777777778
2025-11-17 22:00:00,589,Tiruvallur,2.0,-4.227777777777778
2025-11-17 23:00:00,589,Tiruvallur,5.0,-4.227777777777778
2025-11-17 23:30:00,589,Tiruvallur,0.5,-4.227777777777778
2025-11-18 00:00:00,589,Tiruvallur,0.5,-4.227777777777778
2025-11-18 01:00:00,589,Tiruvallur,0.5,-4.227777777777778
2025-11-18 02:00:00,589,Tiruvallur,7.0,-4.227777777777778
2025-11-18 03:00:00,589,Tiruvallur,1.5,-4.227777777777778
2025-11-18 05:00:00,589,Tiruvallur,2.0,-4.227777777777778
2025-11-18 06:00:00,589,Tiruvallur,0.5,-4.227777777777778
2025-11-18 07:00:00,589,Tiruvallur,0.5,-4.227777777777778
2025-11-18 08:00:00,589,Tiruvallur,0.5,-4.227777777777778
2025-11-18 09:00:00,589,Tiruvallur,5.5,-4.227777777777778
2025-11-18 10:00:00,589,Tiruvallur,0.5,-4.227777777777778
2025-11-18 13:00:00,589,Tiruvallur,1.0,-4.227777777777778
2025-11-18 14:00:00,589,Tiruvallur,1.0,-4.227777777777778
2025-11-18 15:00:00,589,Tiruvallur,0.5,-4.227777777777778
2025-11-18 17:00:00,589,Tiruvallur,6.0,-4.227777777777778
2025-11-18 19:00:00,589,Tiruvallur,0.5,-4.227777777777778
2025-11-18 21:00:00,589,Tiruvallur,0.5,-4.227777777777778
2025-11-19 15:00:00,589,Tiruvallur,0.5,-4.227777777777778
2025-11-20 12:00:00,589,Tiruvallur,0.5,-4.227777777777778
2025-11-20 14:00:00,589,Tiruvallur,1.0,-4.227777777777778
2025-11-21 04:00:00,589,Tiruvallur,0.5,-4.195555555555555
2025-11-21 06:00:00,589,Tiruvallur,1.5,-4.195555555555555
2025-11-21 08:00:00,589,Tiruvallur,0.5,-4.195555555555555
2025-11-21 08:30:00,589,Tiruvallur,0.5,-4.195555555555555
2025-11-21 09:00:00,589,Tiruvallur,0.5,-4.195555555555555
2025-11-21 11:00:00,589,Tiruvallur,0.5,-4.248888888888889
2025-11-21 12:00:00,589,Tiruvallur,4.25,-4.248888888888889
2025-11-21 13:00:00,589,Tiruvallur,1.0,-4.248888888888889
2025-11-21 16:00:00,589,Tiruvallur,2.25,-4.292222222222223
2025-11-21 18:00:00,589,Tiruvallur,0.5,-4.292222222222223
2025-11-21 19:00:00,589,Tiruvallur,0.5,-4.292222222222223
2025-11-21 22:00:00,589,Tiruvallur,3.0,-4.142222222222222
2025-11-21 23:00:00,589,Tiruvallur,2.5,-4.142222222222222
2025-11-22 04:00:00,589,Tiruvallur,0.5,-4.101111111111112
2025-11-22 05:00:00,589,Tiruvallur,1.5,-4.101111111111112
2025-11-22 05:30:00,589,Tiruvallur,0.5,-4.101111111111112
2025-11-22 06:00:00,589,Tiruvallur,0.5,-4.101111111111112
2025-11-22 07:00:00,589,Tiruvallur,1.0,-4.101111111111112
2025-11-22 08:00:00,589,Tiruvallur,2.5,-4.101111111111112
2025-11-22 09:00:00,589,Tiruvallur,0.5,-4.101111111111112
2025-11-22 16:00:00,589,Tiruvallur,0.5,-4.167777777777777
2025-11-23 01:00:00,589,Tiruvallur,0.5,-4.095555555555555
2025-11-23 18:00:00,589,Tiruvallur,0.5,-4.157777777777778
2025-11-23 21:00:00,589,Tiruvallur,0.5,-4.157777777777778
2025-11-23 22:00:00,589,Tiruvallur,1.5,-4.046666666666666
2025-11-23 22:30:00,589,Tiruvallur,0.5,-4.046666666666666
2025-11-23 23:00:00,589,Tiruvallur,0.5,-4.046666666666666
2025-11-24 01:00:00,589,Tiruvallur,0.5,-4.046666666666666
2025-11-24 09:00:00,589,Tiruvallur,0.5,-4.08625
2025-11-24 15:30:00,589,Tiruvallur,0.5,-4.09375
2025-11-24 16:00:00,589,Tiruvallur,0.5,-4.09375
2025-11-25 05:00:00,589,Tiruvallur,1.0,-3.971111111111112
2025-11-25 11:00:00,589,Tiruvallur,0.5,-4.024444444444445
2025-11-25 12:00:00,589,Tiruvallur,0.5,-4.024444444444445
2025-11-26 09:30:00,589,Tiruvallur,0.5,-4.226249999999999
2025-11-26 10:00:00,589,Tiruvallur,0.5,-4.226249999999999
2025-11-27 07:00:00,589,Tiruvallur,0.5,-4.20375
2025-11-30 07:00:00,589,Tiruvallur,8.0,-4.366666666666667
2025-11-30 18:00:00,589,Tiruvallur,0.75,-4.3566666666666665
2025-11-30 22:00:00,589,Tiruvallur,0.5,-3.988571428571429
2025-12-01 00:00:00,589,Tiruvallur,1.0,-3.988571428571429
2025-12-01 01:00:00,589,Tiruvallur,0.5,-3.988571428571429
2025-12-01 02:00:00,589,Tiruvallur,2.0,-3.988571428571429
2025-12-01 03:00:00,589,Tiruvallur,1.75,-3.988571428571429
2025-12-01 04:00:00,589,Tiruvallur,1.0,-3.934285714285714
2025-12-01 06:00:00,589,Tiruvallur,0.5,-3.934285714285714
2025-12-01 07:00:00,589,Tiruvallur,1.5,-3.934285714285714
2025-12-01 08:00:00,589,Tiruvallur,8.5,-3.934285714285714
2025-12-01 09:00:00,589,Tiruvallur,6.5,-3.934285714285714
2025-12-01 10:00:00,589,Tiruvallur,3.0,-4.015714285714286
2025-12-01 11:00:00,589,Tiruvallur,3.0,-4.015714285714286
2025-12-01 12:00:00,589,Tiruvallur,7.5,-4.015714285714286
2025-12-01 13:00:00,589,Tiruvallur,4.25,-4.015714285714286
2025-12-01 14:00:00,589,Tiruvallur,18.5,-4.015714285714286
2025-12-01 15:00:00,589,Tiruvallur,25.5,-4.015714285714286
2025-12-01 16:00:00,589,Tiruvallur,22.5,-3.951428571428572
2025-12-01 17:00:00,589,Tiruvallur,5.0,-3.951428571428572
2025-12-01 18:00:00,589,Tiruvallur,10.0,-3.951428571428572
2025-12-01 19:00:00,589,Tiruvallur,35.5,-3.951428571428572
2025-12-01 20:00:00,589,Tiruvallur,2.0,-3.951428571428572
2025-12-01 21:00:00,589,Tiruvallur,1.0,-3.951428571428572
2025-12-01 22:00:00,589,Tiruvallur,0.5,-3.692222222222224
2025-12-01 23:00:00,589,Tiruvallur,1.0,-3.692222222222224
2025-12-02 00:00:00,589,Tiruvallur,1.5,-3.692222222222224
2025-12-02 01:00:00,589,Tiruvallur,5.5,-3.692222222222224
2025-12-02 02:00:00,589,Tiruvallur,1.5,-3.692222222222224
2025-12-02 03:00:00,589,Tiruvallur,0.5,-3.692222222222224
2025-12-02 04:00:00,589,Tiruvallur,0.5,-3.591111111111111
2025-12-02 05:00:00,589,Tiruvallur,0.5,-3.591111111111111
2025-12-02 06:00:00,589,Tiruvallur,3.5,-3.591111111111111
2025-12-02 07:00:00,589,Tiruvallur,7.5,-3.591111111111111
2025-12-02 08:00:00,589,Tiruvallur,0.5,-3.591111111111111
2025-12-02 09:00:00,589,Tiruvallur,0.5,-3.591111111111111
2025-12-02 10:00:00,589,Tiruvallur,0.5,-3.641111111111112
2025-12-02 11:00:00,589,Tiruvallur,0.6666666666666666,-3.641111111111112
2025-12-02 12:00:00,589,Tiruvallur,0.75,-3.641111111111112
2025-12-02 13:00:00,589,Tiruvallur,0.5,-3.641111111111112
2025-12-02 14:00:00,589,Tiruvallur,3.25,-3.641111111111112
2025-12-02 15:00:00,589,Tiruvallur,2.5,-3.641111111111112
2025-12-02 16:00:00,589,Tiruvallur,4.25,-3.691111111111111
2025-12-02 17:00:00,589,Tiruvallur,5.75,-3.691111111111111
2025-12-02 18:00:00,589,Tiruvallur,3.75,-3.691111111111111
2025-12-02 19:00:00,589,Tiruvallur,0.75,-3.691111111111111
2025-12-02 20:00:00,589,Tiruvallur,6.5,-3.691111111111111
2025-12-02 21:00:00,589,Tiruvallur,0.5,-3.691111111111111
2025-12-02 22:00:00,589,Tiruvallur,3.75,-3.4044444444444446
2025-12-02 23:00:00,589,Tiruvallur,1.75,-3.4044444444444446
2025-12-03 00:00:00,589,Tiruvallur,12.75,-3.4044444444444446
2025-12-03 01:00:00,589,Tiruvallur,10.0,-3.4044444444444446
2025-12-03 02:00:00,589,Tiruvallur,11.0,-3.4044444444444446
2025-12-03 03:00:00,589,Tiruvallur,0.5,-3.4044444444444446
2025-12-03 06:00:00,589,Tiruvallur,6.0,-3.45375
2025-12-03 07:00:00,589,Tiruvallur,5.0,-3.45375
2025-12-03 08:00:00,589,Tiruvallur,1.5,-3.45375
2025-12-03 09:00:00,589,Tiruvallur,0.5,-3.45375
2025-12-03 10:00:00,589,Tiruvallur,3.0,-3.5375
2025-12-03 11:00:00,589,Tiruvallur,0.5,-3.5375
2025-12-03 12:00:00,589,Tiruvallur,0.5,-3.5375
2025-12-03 12:30:00,589,Tiruvallur,0.5,-3.5375
2025-12-03 13:00:00,589,Tiruvallur,0.5,-3.5375
2025-12-03 14:00:00,589,Tiruvallur,2.5,-3.5375
2025-12-03 15:00:00,589,Tiruvallur,23.5,-3.5375
2025-12-03 16:00:00,589,Tiruvallur,23.5,-3.405
2025-12-03 17:00:00,589,Tiruvallur,1.5,-3.405
2025-12-03 18:00:00,589,Tiruvallur,4.5,-3.405
2025-12-03 19:00:00,589,Tiruvallur,4.0,-3.405
2025-12-03 20:00:00,589,Tiruvallur,3.0,-3.405
2025-12-03 21:00:00,589,Tiruvallur,2.0,-3.405
2025-12-04 00:00:00,589,Tiruvallur,0.5,-3.28125
2025-12-04 06:00:00,589,Tiruvallur,6.5,-3.224285714285714
2025-12-04 07:00:00,589,Tiruvallur,1.0,-3.224285714285714
2025-12-04 08:00:00,589,Tiruvallur,0.5,-3.224285714285714
2025-12-04 11:00:00,589,Tiruvallur,0.5,-3.251428571428572
2025-12-04 11:30:00,589,Tiruvallur,0.5,-3.251428571428572
2025-12-04 12:00:00,589,Tiruvallur,8.25,-3.251428571428572
2025-12-04 13:00:00,589,Tiruvallur,1.0,-3.251428571428572
2025-12-04 14:00:00,589,Tiruvallur,0.5,-3.251428571428572
2025-12-04 17:00:00,589,Tiruvallur,0.5,-3.1128571428571425
2025-12-05 02:00:00,589,Tiruvallur,8.5,-3.0125
2025-12-05 03:00:00,589,Tiruvallur,2.0,-3.0125
2025-12-05 04:00:00,589,Tiruvallur,0.5,-2.858571428571428
2025-12-05 10:00:00,589,Tiruvallur,0.5,-2.9285714285714284
2025-12-05 11:00:00,589,Tiruvallur,0.5,-2.9285714285714284
2025-12-06 08:00:00,589,Tiruvallur,0.5,-2.6957142857142857
2025-12-06 11:00:00,589,Tiruvallur,0.5,-2.78
2025-12-08 13:00:00,589,Tiruvallur,0.5,-2.768571428571428
2025-12-09 16:00:00,589,Tiruvallur,0.5,-2.4133333333333336
2025-12-12 07:00:00,589,Tiruvallur,0.5,-2.6575
2025-12-13 18:30:00,589,Tiruvallur,0.5,-2.8200000000000003
2025-12-13 19:00:00,589,Tiruvallur,0.5,-2.8200000000000003
2025-12-15 10:30:00,589,Tiruvallur,0.5,-2.85
2025-12-15 11:00:00,589,Tiruvallur,0.5,-2.85
2025-12-16 21:00:00,589,Tiruvallur,0.5,-2.8200000000000003
2025-12-18 10:00:00,589,Tiruvallur,0.5,-2.94625
2025-12-20 00:00:00,589,Tiruvallur,0.5,-2.97
2025-12-21 19:00:00,589,Tiruvallur,0.5,-3.065714285714286
2025-12-23 15:00:00,589,Tiruvallur,0.5,-4.92
2025-12-25 13:00:00,589,Tiruvallur,0.5,-3.2785714285714285
2025-12-27 12:00:00,589,Tiruvallur,0.5,-3.4175
2025-12-30 00:00:00,589,Tiruvallur,0.5,-3.36125
2026-01-01 03:00:00,589,Tiruvallur,1.0,-2.792761904761905
2026-01-01 04:00:00,589,Tiruvallur,4.0,-2.7427619047619047
2026-01-01 05:00:00,589,Tiruvallur,0.5,-2.7427619047619047
2026-01-01 06:00:00,589,Tiruvallur,0.5,-2.7427619047619047
2026-01-01 06:30:00,589,Tiruvallur,0.5,-2.7427619047619047
2026-01-01 07:00:00,589,Tiruvallur,0.5,-2.7427619047619047
2026-01-02 17:00:00,589,Tiruvallur,0.5,-3.1040952380952382
2026-01-04 03:00:00,589,Tiruvallur,0.5,-2.8431818181818183
2026-01-07 11:00:00,589,Tiruvallur,0.5,-2.822
2026-01-10 15:00:00,589,Tiruvallur,1.0,-2.0363636363636366
2026-01-10 16:00:00,589,Tiruvallur,0.5,-2.0363636363636366
2026-01-10 18:00:00,589,Tiruvallur,0.5,-2.0363636363636366
2026-01-11 09:30:00,589,Tiruvallur,0.5,-2.927142857142857
2026-01-11 10:00:00,589,Tiruvallur,0.5,-2.927142857142857
2026-01-15 03:30:00,589,Tiruvallur,0.5,-2.901578947368421
2026-01-15 04:00:00,589,Tiruvallur,0.5,-2.901578947368421
2026-01-23 17:00:00,589,Tiruvallur,0.5,-3.306190476190476
2026-01-24 08:00:00,589,Tiruvallur,1.5,-3.046842105263158
2026-01-24 09:00:00,589,Tiruvallur,0.5,-3.046842105263158
2026-01-24 10:00:00,589,Tiruvallur,0.5,-3.071578947368421
2026-01-24 17:00:00,589,Tiruvallur,5.5,-3.046842105263158
2026-01-24 18:00:00,589,Tiruvallur,0.5,-3.046842105263158
2026-01-24 20:00:00,589,Tiruvallur,0.5,-3.046842105263158
2026-01-25 08:00:00,589,Tiruvallur,1.0,-3.127619047619048
2026-01-25 09:00:00,589,Tiruvallur,3.5,-3.127619047619048
2026-01-25 10:00:00,589,Tiruvallur,0.5,-3.162857142857143
2026-01-25 11:00:00,589,Tiruvallur,0.5,-3.162857142857143
2026-01-25 23:00:00,589,Tiruvallur,2.5,-3.13047619047619
2026-01-26 00:00:00,589,Tiruvallur,1.0,-3.13047619047619
2026-01-26 01:00:00,589,Tiruvallur,3.5,-3.13047619047619
2026-01-26 02:00:00,589,Tiruvallur,2.0,-3.13047619047619
2026-01-26 03:00:00,589,Tiruvallur,1.5,-3.13047619047619
2026-01-26 07:00:00,589,Tiruvallur,0.5,-3.0545
2026-01-26 17:00:00,589,Tiruvallur,0.5,-3.0605
2026-01-27 11:00:00,589,Tiruvallur,0.5,-3.083684210526316
2026-02-25 14:00:00,589,Tiruvallur,13.5,-3.196363636363636
2026-02-26 13:00:00,589,Tiruvallur,6.5,-3.880952380952381
2026-02-27 02:00:00,589,Tiruvallur,2.5,-3.880952380952381
2026-02-27 06:00:00,589,Tiruvallur,0.5,-3.867777777777778
2026-02-27 11:00:00,589,Tiruvallur,1.5,-3.8626315789473686
2026-02-27 12:00:00,589,Tiruvallur,4.5,-3.8626315789473686
2026-02-27 13:00:00,589,Tiruvallur,7.0,-5.22
2026-02-27 14:00:00,589,Tiruvallur,7.5,-4.71
2026-02-27 15:00:00,589,Tiruvallur,5.0,-7.86
2026-02-27 16:00:00,589,Tiruvallur,2.5,-4.12
2026-02-28 10:00:00,589,Tiruvallur,1.5,-3.864
2026-02-28 11:00:00,589,Tiruvallur,2.0,-3.864
2026-02-28 12:00:00,589,Tiruvallur,2.5,-3.864
2026-02-28 13:00:00,589,Tiruvallur,7.0,35.82
2026-02-28 14:00:00,589,Tiruvallur,16.5,-4.68
2026-02-28 15:00:00,589,Tiruvallur,23.0,-4.847
2026-02-28 16:00:00,589,Tiruvallur,3.5,-4.45
2026-02-28 22:00:00,589,Tiruvallur,2.0,-3.8462
2026-02-28 23:00:00,589,Tiruvallur,1.5,-3.8462
2026-03-01 00:00:00,589,Tiruvallur,1.5,-3.8462
2026-03-01 02:00:00,589,Tiruvallur,0.5,-3.8462
2026-03-01 03:00:00,589,Tiruvallur,1.5,-3.8462
2026-03-01 05:00:00,589,Tiruvallur,0.5,-3.8462
2026-03-01 06:00:00,589,Tiruvallur,1.0,-3.8462
2026-03-01 08:00:00,589,Tiruvallur,2.0,-3.8462
2026-03-01 11:00:00,589,Tiruvallur,1.5,-3.8462
2026-03-01 12:00:00,589,Tiruvallur,5.0,-3.8462
2026-03-01 13:00:00,589,Tiruvallur,11.0,-4.0582
2026-03-01 14:00:00,589,Tiruvallur,11.0,-4.0582
2026-03-01 15:00:00,589,Tiruvallur,0.5,-4.0582
2026-03-02 01:00:00,589,Tiruvallur,1.0,-4.0582
2026-03-02 02:00:00,589,Tiruvallur,0.5,-4.0582
2026-03-02 03:00:00,589,Tiruvallur,1.0,-4.0582
2026-03-02 06:00:00,589,Tiruvallur,0.5,-3.89647619047619
2026-03-02 08:00:00,589,Tiruvallur,0.5,-3.89647619047619
2026-03-02 13:00:00,589,Tiruvallur,7.0,-4.056380952380953
2026-03-02 14:00:00,589,Tiruvallur,3.5,-4.056380952380953
2026-03-02 15:00:00,589,Tiruvallur,14.0,-4.056380952380953
2026-03-17 10:00:00,589,Tiruvallur,0.5,-5.309166666666667
2026-03-17 11:00:00,589,Tiruvallur,0.5,-5.309166666666667
2026-03-17 12:00:00,589,Tiruvallur,1.5,-5.309166666666667
2026-03-17 14:00:00,589,Tiruvallur,9.0,-5.309166666666667
2026-03-17 15:00:00,589,Tiruvallur,36.5,-5.309166666666667
2026-03-17 16:00:00,589,Tiruvallur,40.5,-5.405
2026-03-17 17:00:00,589,Tiruvallur,22.0,-5.405
2026-03-17 18:00:00,589,Tiruvallur,4.5,-5.405
2026-03-18 09:00:00,589,Tiruvallur,1.5,-4.592857142857143
2026-03-18 10:00:00,589,Tiruvallur,4.0,-4.686999999999999
2026-03-18 11:00:00,589,Tiruvallur,7.5,-4.686999999999999
2026-03-18 12:00:00,589,Tiruvallur,15.5,-4.686999999999999
2026-03-18 13:00:00,589,Tiruvallur,1.0,-4.686999999999999
2026-03-18 14:00:00,589,Tiruvallur,2.5,-4.686999999999999
2026-03-18 15:00:00,589,Tiruvallur,31.5,-4.686999999999999
2026-03-18 16:00:00,589,Tiruvallur,109.0,-4.727904761904762
2026-03-18 17:00:00,589,Tiruvallur,105.0,-4.727904761904762
2026-03-18 18:00:00,589,Tiruvallur,48.5,-4.727904761904762
2026-03-18 19:00:00,589,Tiruvallur,3.0,-4.727904761904762
2026-03-19 01:00:00,589,Tiruvallur,4.5,-4.653409090909091
2026-03-19 01:30:00,589,Tiruvallur,6.0,-4.653409090909091
2026-03-19 02:00:00,589,Tiruvallur,214.25,-4.653409090909091
2026-03-19 02:30:00,589,Tiruvallur,2.0,-4.653409090909091
2026-03-19 03:00:00,589,Tiruvallur,4.166666666666667,-4.653409090909091
2026-03-19 04:00:00,589,Tiruvallur,1.0,-4.562363636363636
2026-03-19 05:00:00,589,Tiruvallur,1.25,-4.562363636363636
2026-03-19 07:30:00,589,Tiruvallur,0.5,-4.562363636363636
2026-03-19 08:00:00,589,Tiruvallur,1.0,-4.562363636363636
2026-03-19 13:00:00,589,Tiruvallur,8.5,-4.646818181818182
2026-03-19 14:00:00,589,Tiruvallur,20.0,-4.646818181818182
2026-03-19 15:00:00,589,Tiruvallur,47.5,-4.646818181818182
2026-03-19 16:00:00,589,Tiruvallur,14.0,-4.51
2026-03-19 17:00:00,589,Tiruvallur,10.5,-4.51
2026-03-19 18:00:00,589,Tiruvallur,29.5,-4.51
2026-03-19 23:00:00,589,Tiruvallur,1.0,-4.514681818181819
2026-03-20 00:00:00,589,Tiruvallur,3.0,-4.514681818181819
2026-03-20 01:00:00,589,Tiruvallur,3.5,-4.514681818181819
2026-03-20 02:00:00,589,Tiruvallur,15.5,-4.514681818181819
2026-03-20 03:00:00,589,Tiruvallur,4.0,-4.514681818181819
2026-03-20 04:00:00,589,Tiruvallur,30.5,-6.1625
2026-03-20 05:00:00,589,Tiruvallur,10.0,-6.1625
2026-03-20 06:00:00,589,Tiruvallur,25.0,-6.1625
2026-03-20 07:00:00,589,Tiruvallur,43.0,-6.1625
2026-03-20 08:00:00,589,Tiruvallur,0.5,-6.1625
2026-03-20 11:00:00,589,Tiruvallur,1.0,-6.21125
2026-03-20 12:00:00,589,Tiruvallur,2.0,-6.21125
2026-03-20 13:00:00,589,Tiruvallur,0.5,-6.21125
2026-03-20 14:00:00,589,Tiruvallur,3.5,-6.21125
2026-03-20 15:00:00,589,Tiruvallur,10.0,-6.21125
2026-03-20 16:00:00,589,Tiruvallur,9.0,-6.19625
2026-03-20 17:00:00,589,Tiruvallur,10.5,-6.19625
2026-03-20 18:00:00,589,Tiruvallur,11.5,-6.19625
2026-03-21 14:00:00,589,Tiruvallur,15.5,-5.3363
2026-03-21 15:00:00,589,Tiruvallur,61.0,-5.3363
2026-03-21 16:00:00,589,Tiruvallur,42.0,-5.3363
2026-03-21 17:00:00,589,Tiruvallur,31.5,-5.3363
2026-03-21 18:00:00,589,Tiruvallur,17.5,-5.3363
2026-03-22 08:00:00,589,Tiruvallur,0.5,-5.620875
2026-03-22 14:00:00,589,Tiruvallur,5.0,-5.71025
2026-03-22 15:00:00,589,Tiruvallur,1.0,-5.71025
2026-03-22 16:00:00,589,Tiruvallur,3.0,-5.73925
2026-03-22 17:00:00,589,Tiruvallur,15.5,-5.73925
2026-03-22 18:00:00,589,Tiruvallur,51.0,-5.73925
2026-03-23 14:00:00,589,Tiruvallur,4.5,-6.1594444444444445
2026-03-23 15:00:00,589,Tiruvallur,17.0,-6.1594444444444445
2026-03-23 16:00:00,589,Tiruvallur,21.0,-6.1594444444444445
2026-03-23 17:00:00,589,Tiruvallur,73.0,-6.1594444444444445
2026-03-23 18:00:00,589,Tiruvallur,12.5,-6.1594444444444445
2026-03-24 14:00:00,589,Tiruvallur,2.0,-3.988125
2026-03-24 15:00:00,589,Tiruvallur,6.5,-3.988125
2026-03-24 16:00:00,589,Tiruvallur,12.5,-3.988125
2026-03-24 17:00:00,589,Tiruvallur,51.0,-3.988125
2026-03-24 18:00:00,589,Tiruvallur,25.0,-3.988125
2026-03-25 00:00:00,589,Tiruvallur,3.0,-3.988125
2026-03-25 01:00:00,589,Tiruvallur,5.0,-3.988125
2026-03-25 02:00:00,589,Tiruvallur,8.0,-3.988125
2026-03-25 03:00:00,589,Tiruvallur,6.0,-3.988125
2026-03-25 04:00:00,589,Tiruvallur,7.5,-3.988125
2026-03-25 05:00:00,589,Tiruvallur,9.0,-3.988125
2026-03-25 06:00:00,589,Tiruvallur,14.5,-3.988125
2026-03-25 14:00:00,589,Tiruvallur,1.0,-5.701263157894736
2026-03-25 15:00:00,589,Tiruvallur,7.0,-5.701263157894736
2026-03-25 16:00:00,589,Tiruvallur,11.5,-5.701263157894736
2026-03-26 13:00:00,589,Tiruvallur,1.5,-0.6483333333333333
2026-03-26 14:00:00,589,Tiruvallur,7.0,-0.6483333333333333
2026-03-26 15:00:00,589,Tiruvallur,25.5,-0.6483333333333333
2026-03-26 16:00:00,589,Tiruvallur,14.5,-0.6850000000000005
2026-03-26 17:00:00,589,Tiruvallur,21.5,-0.6850000000000005
2026-03-26 21:00:00,589,Tiruvallur,1.5,-0.6850000000000005
2026-03-26 22:00:00,589,Tiruvallur,2.5,-2.615
2026-03-26 23:00:00,589,Tiruvallur,2.0,-2.615
2026-03-27 00:00:00,589,Tiruvallur,0.5,-2.615
2026-03-27 02:00:00,589,Tiruvallur,2.5,-2.615
2026-03-27 03:00:00,589,Tiruvallur,1.0,-2.615
2026-03-27 07:00:00,589,Tiruvallur,2.0,-5.716363636363636
2026-03-27 14:00:00,589,Tiruvallur,0.5,-5.796363636363637
2026-03-27 15:00:00,589,Tiruvallur,5.5,-5.796363636363637
2026-03-27 16:00:00,589,Tiruvallur,12.0,-5.786363636363637
2026-03-27 17:00:00,589,Tiruvallur,34.5,-5.786363636363637
2026-03-27 18:00:00,589,Tiruvallur,37.0,-5.786363636363637
2026-03-28 15:00:00,589,Tiruvallur,12.0,-5.838181818181818
2026-03-28 16:00:00,589,Tiruvallur,21.0,-5.838181818181818
2026-03-28 17:00:00,589,Tiruvallur,35.0,-5.838181818181818
2021-12-14 19:00:00,593,Tiruvannamalai,1.5,-1.489
2021-12-30 14:00:00,593,Tiruvannamalai,1.5,-1.821428571428572
2021-12-30 16:00:00,593,Tiruvannamalai,1.5,-1.8035714285714288
2021-12-30 18:00:00,593,Tiruvannamalai,3.25,-1.8035714285714288
2021-12-31 07:00:00,593,Tiruvannamalai,8.0,-1.7477142857142858
2021-12-31 12:00:00,593,Tiruvannamalai,2.0,-1.8227142857142853
2021-12-31 13:00:00,593,Tiruvannamalai,1.75,-1.8227142857142853
2021-12-31 14:00:00,593,Tiruvannamalai,0.5,-1.8227142857142853
2021-12-31 16:00:00,593,Tiruvannamalai,1.5,-1.7284285714285714
2021-12-31 17:00:00,593,Tiruvannamalai,0.5,-1.7284285714285714
2021-12-31 21:00:00,593,Tiruvannamalai,1.0,-1.7284285714285714
2021-12-31 23:00:00,593,Tiruvannamalai,0.5,-1.7262857142857142
2022-01-01 03:00:00,593,Tiruvannamalai,1.0,-1.7262857142857142
2022-01-01 08:00:00,593,Tiruvannamalai,2.5,-1.7104285714285712
2022-01-01 09:00:00,593,Tiruvannamalai,0.5,-1.7104285714285712
2022-01-01 14:00:00,593,Tiruvannamalai,1.0,-1.743857142857143
2022-01-01 15:00:00,593,Tiruvannamalai,4.5,-1.743857142857143
2022-01-01 17:00:00,593,Tiruvannamalai,1.5,-1.7158571428571427
2022-01-07 11:50:00,593,Tiruvannamalai,3.0,-1.9018571428571427
2022-01-07 12:00:00,593,Tiruvannamalai,6.0,-1.9018571428571427
2022-01-11 11:00:00,593,Tiruvannamalai,2.5,-1.974142857142857
2022-01-11 12:10:00,593,Tiruvannamalai,2.5,-1.974142857142857
2022-01-11 12:15:00,593,Tiruvannamalai,2.5,-1.974142857142857
2022-01-11 14:45:00,593,Tiruvannamalai,1.0,-1.974142857142857
2022-01-11 14:50:00,593,Tiruvannamalai,1.0,-1.974142857142857
2022-01-11 15:00:00,593,Tiruvannamalai,1.0,-1.974142857142857
2022-01-17 06:00:00,593,Tiruvannamalai,3.0,-2.041857142857143
2022-01-17 07:00:00,593,Tiruvannamalai,1.0,-2.041857142857143
2022-01-17 08:00:00,593,Tiruvannamalai,1.0,-2.041857142857143
2022-01-28 09:00:00,593,Tiruvannamalai,1.5,-2.3132857142857146
2022-01-28 10:00:00,593,Tiruvannamalai,1.75,-2.3832857142857145
2022-01-28 12:00:00,593,Tiruvannamalai,6.0,-2.3832857142857145
2022-02-11 19:00:00,593,Tiruvannamalai,9.0,-1.751
2022-02-11 20:00:00,593,Tiruvannamalai,1.5,-1.751
2022-03-06 23:00:00,593,Tiruvannamalai,0.5,-2.329333333333333
2022-03-07 15:00:00,593,Tiruvannamalai,0.5,-2.3901666666666666
2022-03-19 00:00:00,593,Tiruvannamalai,33.5,-2.6053333333333337
2022-03-19 01:00:00,593,Tiruvannamalai,1.0,-2.6053333333333337
2022-03-20 04:00:00,593,Tiruvannamalai,3.0,-2.623833333333333
2022-03-20 07:00:00,593,Tiruvannamalai,6.0,-2.623833333333333
2022-03-20 08:00:00,593,Tiruvannamalai,4.0,-2.623833333333333
2022-03-20 11:00:00,593,Tiruvannamalai,1.5,-2.6496666666666666
2022-03-20 12:00:00,593,Tiruvannamalai,12.0,-2.6496666666666666
2022-03-20 13:00:00,593,Tiruvannamalai,34.5,-2.6496666666666666
2022-03-20 14:00:00,593,Tiruvannamalai,34.5,-2.6496666666666666
2022-03-20 15:00:00,593,Tiruvannamalai,19.0,-2.6496666666666666
2022-03-20 16:00:00,593,Tiruvannamalai,3.5,-2.623666666666667
2022-03-20 19:00:00,593,Tiruvannamalai,7.5,-2.623666666666667
2022-03-20 21:00:00,593,Tiruvannamalai,133.0,-2.623666666666667
2022-03-20 22:00:00,593,Tiruvannamalai,25.5,-2.645833333333333
2022-03-20 23:00:00,593,Tiruvannamalai,0.5,-2.645833333333333
2022-03-22 01:00:00,593,Tiruvannamalai,22.0,-2.6456666666666666
2022-04-08 11:50:00,593,Tiruvannamalai,0.5,-3.0003333333333333
2022-04-08 15:50:00,593,Tiruvannamalai,2.5,-2.9731666666666663
2022-04-08 16:00:00,593,Tiruvannamalai,2.5,-2.9731666666666663
2022-04-08 22:00:00,593,Tiruvannamalai,9.0,-2.968833333333333
2022-04-13 11:25:00,593,Tiruvannamalai,1.5,-3.125
2022-04-13 11:30:00,593,Tiruvannamalai,1.5,-3.125
2022-04-13 11:35:00,593,Tiruvannamalai,1.5,-3.125
2022-04-13 11:40:00,593,Tiruvannamalai,1.5,-3.125
2022-04-13 11:45:00,593,Tiruvannamalai,1.5,-3.125
2022-04-13 11:50:00,593,Tiruvannamalai,1.5,-3.125
2022-04-13 11:55:00,593,Tiruvannamalai,1.5,-3.125
2022-04-13 12:00:00,593,Tiruvannamalai,1.5,-3.125
2022-04-13 13:00:00,593,Tiruvannamalai,1.0,-3.125
2022-04-14 23:00:00,593,Tiruvannamalai,0.5,-3.073166666666667
2022-04-17 00:00:00,593,Tiruvannamalai,9.25,-3.1453333333333333
2022-04-17 01:00:00,593,Tiruvannamalai,1.25,-3.1453333333333333
2022-04-17 02:00:00,593,Tiruvannamalai,0.5,-3.1453333333333333
2022-04-17 03:00:00,593,Tiruvannamalai,0.5,-3.1453333333333333
2022-04-17 04:00:00,593,Tiruvannamalai,0.5,-3.1245
2022-04-17 19:00:00,593,Tiruvannamalai,2.0,-3.1536666666666666
2022-04-18 00:00:00,593,Tiruvannamalai,0.5,-3.1596666666666664
2022-06-05 17:00:00,593,Tiruvannamalai,3.0,-6.079
2022-06-05 18:00:00,593,Tiruvannamalai,17.5,-5.035142857142858
2022-06-06 19:00:00,593,Tiruvannamalai,18.5,-3.9361428571428574
2022-06-06 20:00:00,593,Tiruvannamalai,0.5,-3.9361428571428574
2022-06-06 21:00:00,593,Tiruvannamalai,3.0,-3.9361428571428574
2022-06-06 22:00:00,593,Tiruvannamalai,2.5,-7.945
2022-06-06 23:00:00,593,Tiruvannamalai,0.5,-7.945
2022-06-07 00:00:00,593,Tiruvannamalai,1.5,-3.9057142857142857
2022-06-07 01:00:00,593,Tiruvannamalai,0.5,-3.9057142857142857
2022-06-13 06:00:00,593,Tiruvannamalai,0.5,-3.998428571428572
2022-06-15 00:00:00,593,Tiruvannamalai,0.5,-4.079857142857143
2022-06-15 01:00:00,593,Tiruvannamalai,0.5,-4.079857142857143
2022-06-15 02:00:00,593,Tiruvannamalai,1.0,-4.079857142857143
2022-06-15 23:00:00,593,Tiruvannamalai,9.0,-6.285
2022-06-16 00:00:00,593,Tiruvannamalai,25.75,-4.007833333333333
2022-06-16 01:00:00,593,Tiruvannamalai,1.0,-4.007833333333333
2022-06-16 02:00:00,593,Tiruvannamalai,4.5,-4.007833333333333
2022-06-16 03:00:00,593,Tiruvannamalai,1.5,-4.007833333333333
2022-06-16 04:00:00,593,Tiruvannamalai,1.0,-6.265499999999999
2022-06-16 20:00:00,593,Tiruvannamalai,0.5,-3.958
2022-06-17 03:00:00,593,Tiruvannamalai,0.5,-3.887000000000001
2022-06-19 00:00:00,593,Tiruvannamalai,1.0,-4.661428571428572
2022-06-19 06:00:00,593,Tiruvannamalai,0.5,-4.647571428571429
2022-06-19 15:00:00,593,Tiruvannamalai,0.5,-4.674285714285714
2022-06-19 17:00:00,593,Tiruvannamalai,0.5,-6.249499999999999
2022-06-19 19:00:00,593,Tiruvannamalai,0.5,-4.676142857142857
2022-06-19 21:00:00,593,Tiruvannamalai,0.5,-4.676142857142857
2022-06-19 23:00:00,593,Tiruvannamalai,0.5,-6.2585
2022-06-20 00:00:00,593,Tiruvannamalai,5.75,-4.674
2022-06-20 01:00:00,593,Tiruvannamalai,15.666666666666666,-4.674
2022-06-20 02:00:00,593,Tiruvannamalai,0.8333333333333334,-4.674
2022-06-20 04:00:00,593,Tiruvannamalai,0.5,-6.242000000000001
2022-06-20 06:00:00,593,Tiruvannamalai,0.5,-4.632428571428571
2022-06-20 09:00:00,593,Tiruvannamalai,0.5,-4.632428571428571
2022-06-20 11:00:00,593,Tiruvannamalai,0.5,-6.2645
2022-06-20 13:00:00,593,Tiruvannamalai,0.5,-4.753428571428572
2022-06-20 16:00:00,593,Tiruvannamalai,0.5,-8.092
2022-06-20 17:00:00,593,Tiruvannamalai,0.5,-8.092
2022-06-20 19:00:00,593,Tiruvannamalai,0.5,-4.659714285714285
2022-06-20 20:00:00,593,Tiruvannamalai,0.5,-4.659714285714285
2022-06-20 22:00:00,593,Tiruvannamalai,0.5,-8.117
2022-06-21 00:00:00,593,Tiruvannamalai,1.25,-4.663285714285714
2022-06-21 01:00:00,593,Tiruvannamalai,9.0,-4.663285714285714
2022-06-21 02:00:00,593,Tiruvannamalai,4.0,-4.663285714285714
2022-06-21 03:00:00,593,Tiruvannamalai,3.5,-4.663285714285714
2022-06-21 04:00:00,593,Tiruvannamalai,2.5,-8.072
2022-06-21 05:00:00,593,Tiruvannamalai,4.0,-8.072
2022-06-21 06:00:00,593,Tiruvannamalai,4.0,-4.644428571428571
2022-06-21 07:00:00,593,Tiruvannamalai,4.0,-4.644428571428571
2022-06-21 08:00:00,593,Tiruvannamalai,3.5,-4.644428571428571
2022-06-21 09:00:00,593,Tiruvannamalai,4.5,-4.644428571428571
2022-06-21 10:00:00,593,Tiruvannamalai,4.0,-8.101
2022-06-21 11:00:00,593,Tiruvannamalai,4.5,-8.101
2022-06-21 12:00:00,593,Tiruvannamalai,4.5,-4.6692857142857145
2022-06-21 13:00:00,593,Tiruvannamalai,4.0,-4.6692857142857145
2022-06-21 14:00:00,593,Tiruvannamalai,3.5,-4.6692857142857145
2022-06-21 15:00:00,593,Tiruvannamalai,2.5,-4.6692857142857145
2022-06-21 16:00:00,593,Tiruvannamalai,2.5,-6.272
2022-06-21 17:00:00,593,Tiruvannamalai,2.0,-6.272
2022-06-21 18:00:00,593,Tiruvannamalai,2.0,-4.667571428571429
2022-06-21 19:00:00,593,Tiruvannamalai,1.5,-4.667571428571429
2022-06-21 20:00:00,593,Tiruvannamalai,2.0,-4.667571428571429
2022-06-21 21:00:00,593,Tiruvannamalai,2.0,-4.667571428571429
2022-06-21 22:00:00,593,Tiruvannamalai,2.0,-6.275
2022-06-21 23:00:00,593,Tiruvannamalai,1.5,-6.275
2022-06-22 00:00:00,593,Tiruvannamalai,1.5,-4.6695714285714285
2022-06-22 01:00:00,593,Tiruvannamalai,2.0,-4.6695714285714285
2022-06-22 02:00:00,593,Tiruvannamalai,2.0,-4.6695714285714285
2022-06-22 03:00:00,593,Tiruvannamalai,1.5,-4.6695714285714285
2022-06-22 04:00:00,593,Tiruvannamalai,1.5,-6.2665
2022-06-22 05:00:00,593,Tiruvannamalai,1.0,-6.2665
2022-06-22 06:00:00,593,Tiruvannamalai,1.0,-4.655428571428572
2022-06-22 07:00:00,593,Tiruvannamalai,0.5,-4.655428571428572
2022-06-22 08:00:00,593,Tiruvannamalai,1.0,-4.655428571428572
2022-06-22 09:00:00,593,Tiruvannamalai,1.0,-4.655428571428572
2022-06-22 10:00:00,593,Tiruvannamalai,1.0,-6.2855
2022-06-22 11:00:00,593,Tiruvannamalai,1.0,-6.2855
2022-06-22 12:00:00,593,Tiruvannamalai,0.5,-4.783
2022-06-29 21:00:00,593,Tiruvannamalai,0.5,-4.881
2022-06-29 22:00:00,593,Tiruvannamalai,0.5,-6.4025
2022-06-30 06:00:00,593,Tiruvannamalai,0.5,-4.874666666666667
2022-07-01 20:00:00,593,Tiruvannamalai,0.5,-4.96
2022-07-01 21:00:00,593,Tiruvannamalai,0.8333333333333334,-4.96
2022-07-01 22:00:00,593,Tiruvannamalai,2.0,-6.4565
2022-07-01 23:00:00,593,Tiruvannamalai,1.0,-6.4565
2022-07-07 21:00:00,593,Tiruvannamalai,0.5,-5.048166666666667
2022-07-09 12:00:00,593,Tiruvannamalai,0.5,-5.0505
2022-07-10 01:00:00,593,Tiruvannamalai,0.5,-5.0585
2022-07-10 09:00:00,593,Tiruvannamalai,0.5,-5.0168333333333335
2022-07-11 16:00:00,593,Tiruvannamalai,2.0,-6.585
2022-07-11 17:00:00,593,Tiruvannamalai,2.0,-6.585
2022-07-12 00:00:00,593,Tiruvannamalai,0.5,-5.009571428571428
2022-07-12 01:00:00,593,Tiruvannamalai,0.5,-5.009571428571428
2022-07-12 05:00:00,593,Tiruvannamalai,0.5,-6.5735
2022-07-12 06:00:00,593,Tiruvannamalai,2.0,-4.966285714285715
2022-07-12 07:00:00,593,Tiruvannamalai,2.0,-4.966285714285715
2022-07-12 08:00:00,593,Tiruvannamalai,2.0,-4.966285714285715
2022-07-12 09:00:00,593,Tiruvannamalai,1.5,-4.966285714285715
2022-07-12 11:00:00,593,Tiruvannamalai,0.5,-6.579000000000001
2022-07-12 13:00:00,593,Tiruvannamalai,1.5,-5.040857142857143
2022-07-12 14:00:00,593,Tiruvannamalai,0.5,-5.040857142857143
2022-07-12 20:00:00,593,Tiruvannamalai,2.0,-5.023142857142857
2022-07-26 10:00:00,593,Tiruvannamalai,1.5,-6.3355
2022-07-26 23:00:00,593,Tiruvannamalai,2.0,-6.0685
2022-07-27 01:00:00,593,Tiruvannamalai,3.5,-4.4225
2022-07-27 02:00:00,593,Tiruvannamalai,6.0,-4.4225
2022-07-27 03:00:00,593,Tiruvannamalai,3.0,-4.4225
2022-07-27 04:00:00,593,Tiruvannamalai,10.0,-6.0485
2022-07-27 05:00:00,593,Tiruvannamalai,11.5,-6.0485
2022-07-27 06:00:00,593,Tiruvannamalai,15.5,-4.370125
2022-07-27 07:00:00,593,Tiruvannamalai,6.0,-4.370125
2022-07-27 08:00:00,593,Tiruvannamalai,0.5,-4.370125
2022-07-30 18:00:00,593,Tiruvannamalai,0.5,-4.33125
2022-07-31 01:00:00,593,Tiruvannamalai,0.5,-4.350625
2022-07-31 04:00:00,593,Tiruvannamalai,2.0,-6.066
2022-07-31 05:00:00,593,Tiruvannamalai,2.0,-6.066
2022-07-31 06:00:00,593,Tiruvannamalai,2.0,-4.305625
2022-07-31 07:00:00,593,Tiruvannamalai,2.0,-4.305625
2022-07-31 08:00:00,593,Tiruvannamalai,2.0,-4.305625
2022-07-31 09:00:00,593,Tiruvannamalai,2.0,-4.305625
2022-07-31 10:00:00,593,Tiruvannamalai,2.0,-6.0895
2022-07-31 11:00:00,593,Tiruvannamalai,1.5,-6.0895
2022-07-31 12:00:00,593,Tiruvannamalai,1.0,-4.301375
2022-07-31 13:00:00,593,Tiruvannamalai,1.0,-4.301375
2022-07-31 14:00:00,593,Tiruvannamalai,1.0,-4.301375
2022-07-31 16:00:00,593,Tiruvannamalai,0.5,-6.078
2022-07-31 20:00:00,593,Tiruvannamalai,0.5,-4.272375
2022-07-31 21:00:00,593,Tiruvannamalai,7.5,-4.272375
2022-07-31 22:00:00,593,Tiruvannamalai,3.25,-6.093
2022-08-01 02:00:00,593,Tiruvannamalai,0.5,-4.269625
2022-08-01 09:00:00,593,Tiruvannamalai,0.5,-4.234249999999999
2022-08-01 10:00:00,593,Tiruvannamalai,0.5,-6.099500000000001
2022-08-01 11:00:00,593,Tiruvannamalai,0.5,-6.099500000000001
2022-08-01 12:00:00,593,Tiruvannamalai,0.5,-4.2936250000000005
2022-08-01 13:00:00,593,Tiruvannamalai,0.5,-4.2936250000000005
2022-08-01 16:00:00,593,Tiruvannamalai,0.5,-6.0785
2022-08-01 18:00:00,593,Tiruvannamalai,10.0,-4.259125
2022-08-01 19:00:00,593,Tiruvannamalai,2.75,-4.259125
2022-08-01 20:00:00,593,Tiruvannamalai,3.5,-4.259125
2022-08-01 21:00:00,593,Tiruvannamalai,27.25,-4.259125
2022-08-01 22:00:00,593,Tiruvannamalai,1.5,-6.0855
2022-08-01 23:00:00,593,Tiruvannamalai,4.0,-6.0855
2022-08-02 00:00:00,593,Tiruvannamalai,0.75,-4.21275
2022-08-02 21:00:00,593,Tiruvannamalai,0.5,-4.153625
2022-08-02 22:00:00,593,Tiruvannamalai,0.5,-6.068999999999999
2022-08-02 23:00:00,593,Tiruvannamalai,0.5,-6.068999999999999
2022-08-03 00:00:00,593,Tiruvannamalai,32.0,-4.065857142857142
2022-08-03 01:00:00,593,Tiruvannamalai,4.5,-4.065857142857142
2022-08-03 02:00:00,593,Tiruvannamalai,0.75,-4.065857142857142
2022-08-03 06:00:00,593,Tiruvannamalai,0.5,-4.066571428571429
2022-08-03 07:00:00,593,Tiruvannamalai,1.0,-4.066571428571429
2022-08-03 12:00:00,593,Tiruvannamalai,0.5,-4.078428571428572
2022-08-03 17:00:00,593,Tiruvannamalai,0.5,-6.067
2022-08-03 18:00:00,593,Tiruvannamalai,3.5,-4.025857142857143
2022-08-03 20:00:00,593,Tiruvannamalai,0.5,-4.025857142857143
2022-08-04 16:00:00,593,Tiruvannamalai,14.5,-6.057500000000001
2022-08-04 17:00:00,593,Tiruvannamalai,0.5,-6.057500000000001
2022-08-04 18:00:00,593,Tiruvannamalai,16.5,-3.9817142857142858
2022-08-04 19:00:00,593,Tiruvannamalai,2.5,-3.9817142857142858
2022-08-04 20:00:00,593,Tiruvannamalai,1.1666666666666667,-3.9817142857142858
2022-08-04 21:00:00,593,Tiruvannamalai,0.5,-3.9817142857142858
2022-08-04 22:00:00,593,Tiruvannamalai,0.5,-6.055999999999999
2022-08-04 23:00:00,593,Tiruvannamalai,0.5,-6.055999999999999
2022-08-05 21:00:00,593,Tiruvannamalai,0.5,-3.9065714285714286
2022-08-06 03:00:00,593,Tiruvannamalai,0.5,-3.941857142857143
2022-08-07 08:00:00,593,Tiruvannamalai,0.5,-3.842571428571429
2022-08-07 17:00:00,593,Tiruvannamalai,1.5,-6.0575
2022-08-07 18:00:00,593,Tiruvannamalai,0.5,-3.821
2022-08-16 18:00:00,593,Tiruvannamalai,1.0,-4.235833333333333
2022-08-16 20:00:00,593,Tiruvannamalai,0.5,-4.235833333333333
2022-08-16 21:00:00,593,Tiruvannamalai,15.0,-4.235833333333333
2022-08-16 22:00:00,593,Tiruvannamalai,22.75,-6.2685
2022-08-17 06:00:00,593,Tiruvannamalai,0.5,-4.184333333333334
2022-08-17 22:00:00,593,Tiruvannamalai,17.5,-6.2615
2022-08-17 23:00:00,593,Tiruvannamalai,10.25,-6.2615
2022-08-18 00:00:00,593,Tiruvannamalai,1.0,-3.8777142857142857
2022-08-18 02:00:00,593,Tiruvannamalai,1.0,-3.8777142857142857
2022-08-18 03:00:00,593,Tiruvannamalai,0.5,-3.8777142857142857
2022-08-19 00:00:00,593,Tiruvannamalai,1.5,-3.738571428571429
2022-08-19 01:00:00,593,Tiruvannamalai,1.0,-3.738571428571429
2022-08-21 19:00:00,593,Tiruvannamalai,1.5,-3.8164285714285713
2022-08-21 20:00:00,593,Tiruvannamalai,3.5,-3.8164285714285713
2022-08-21 21:00:00,593,Tiruvannamalai,2.25,-3.8164285714285713
2022-08-21 22:00:00,593,Tiruvannamalai,1.5,-6.3335
2022-08-22 00:00:00,593,Tiruvannamalai,0.5,-3.8182857142857145
2022-08-22 03:00:00,593,Tiruvannamalai,0.5,-3.8182857142857145
2022-08-22 17:00:00,593,Tiruvannamalai,0.5,-6.282
2022-08-22 22:00:00,593,Tiruvannamalai,18.5,-6.2955000000000005
2022-08-23 01:00:00,593,Tiruvannamalai,1.0,-3.8375714285714286
2022-08-23 02:00:00,593,Tiruvannamalai,0.5,-3.8375714285714286
2022-08-23 13:00:00,593,Tiruvannamalai,0.5,-3.819857142857143
2022-08-23 20:00:00,593,Tiruvannamalai,0.5,-3.806857142857143
2022-08-23 21:00:00,593,Tiruvannamalai,1.0,-3.806857142857143
2022-08-23 22:00:00,593,Tiruvannamalai,22.666666666666668,-6.2015
2022-08-23 23:00:00,593,Tiruvannamalai,15.8,-6.2015
2022-08-24 00:00:00,593,Tiruvannamalai,13.0,-3.819142857142857
2022-08-24 01:00:00,593,Tiruvannamalai,6.5,-3.819142857142857
2022-08-24 02:00:00,593,Tiruvannamalai,2.0,-3.819142857142857
2022-08-24 03:00:00,593,Tiruvannamalai,2.25,-3.819142857142857
2022-08-24 04:00:00,593,Tiruvannamalai,1.0,-6.1875
2022-08-24 09:00:00,593,Tiruvannamalai,0.5,-3.766142857142857
2022-08-25 00:00:00,593,Tiruvannamalai,5.75,-3.729142857142857
2022-08-25 02:00:00,593,Tiruvannamalai,3.0,-3.729142857142857
2022-08-25 03:00:00,593,Tiruvannamalai,1.0,-3.729142857142857
2022-08-25 16:00:00,593,Tiruvannamalai,4.5,-6.148
2022-08-25 17:00:00,593,Tiruvannamalai,16.5,-6.148
2022-08-25 18:00:00,593,Tiruvannamalai,4.5,-3.621428571428571
2022-08-25 19:00:00,593,Tiruvannamalai,0.75,-3.621428571428571
2022-08-25 20:00:00,593,Tiruvannamalai,1.6666666666666667,-3.621428571428571
2022-08-25 21:00:00,593,Tiruvannamalai,1.5,-3.621428571428571
2022-08-25 22:00:00,593,Tiruvannamalai,0.5,-6.14
2022-08-26 01:00:00,593,Tiruvannamalai,0.5,-3.574857142857143
2022-08-26 02:00:00,593,Tiruvannamalai,4.0,-3.574857142857143
2022-08-26 03:00:00,593,Tiruvannamalai,0.5,-3.574857142857143
2022-08-26 11:00:00,593,Tiruvannamalai,0.5,-6.141
2022-08-26 15:00:00,593,Tiruvannamalai,2.5,-3.593571428571429
2022-08-26 16:00:00,593,Tiruvannamalai,8.0,-6.128
2022-08-26 18:00:00,593,Tiruvannamalai,2.5,-3.514714285714285
2022-08-26 19:00:00,593,Tiruvannamalai,26.0,-3.514714285714285
2022-08-26 20:00:00,593,Tiruvannamalai,10.5,-3.514714285714285
2022-08-26 21:00:00,593,Tiruvannamalai,3.5,-3.514714285714285
2022-08-26 22:00:00,593,Tiruvannamalai,2.125,-6.1385000000000005
2022-08-26 23:00:00,593,Tiruvannamalai,0.5,-6.1385000000000005
2022-08-27 00:00:00,593,Tiruvannamalai,0.5,-3.5427142857142857
2022-08-27 01:00:00,593,Tiruvannamalai,0.5,-3.5427142857142857
2022-08-27 05:00:00,593,Tiruvannamalai,0.5,-6.12
2022-08-27 07:00:00,593,Tiruvannamalai,0.5,-3.521428571428572
2022-08-27 09:00:00,593,Tiruvannamalai,0.5,-3.521428571428572
2022-08-27 11:00:00,593,Tiruvannamalai,0.5,-6.135
2022-08-27 13:00:00,593,Tiruvannamalai,0.5,-3.515
2022-08-27 15:00:00,593,Tiruvannamalai,0.5,-3.515
2022-08-27 16:00:00,593,Tiruvannamalai,1.0,-6.1235
2022-08-27 17:00:00,593,Tiruvannamalai,16.1,-6.1235
2022-08-27 18:00:00,593,Tiruvannamalai,1.0,-3.4185714285714286
2022-08-27 19:00:00,593,Tiruvannamalai,1.2,-3.4185714285714286
2022-08-27 20:00:00,593,Tiruvannamalai,0.6666666666666666,-3.4185714285714286
2022-08-27 21:00:00,593,Tiruvannamalai,1.1666666666666667,-3.4185714285714286
2022-08-27 22:00:00,593,Tiruvannamalai,0.75,-6.128
2022-08-28 00:00:00,593,Tiruvannamalai,0.5,-3.4817142857142858
2022-08-28 01:00:00,593,Tiruvannamalai,0.5,-3.4817142857142858
2022-08-28 02:00:00,593,Tiruvannamalai,1.0,-3.4817142857142858
2022-08-28 03:00:00,593,Tiruvannamalai,0.5,-3.4817142857142858
2022-08-28 04:00:00,593,Tiruvannamalai,1.0,-6.1055
2022-08-28 05:00:00,593,Tiruvannamalai,0.5,-6.1055
2022-08-28 06:00:00,593,Tiruvannamalai,0.5,-3.411714285714285
2022-08-28 07:00:00,593,Tiruvannamalai,1.0,-3.411714285714285
2022-08-28 08:00:00,593,Tiruvannamalai,0.5,-3.411714285714285
2022-08-28 09:00:00,593,Tiruvannamalai,1.0,-3.411714285714285
2022-08-28 10:00:00,593,Tiruvannamalai,0.5,-6.126
2022-08-28 11:00:00,593,Tiruvannamalai,1.0,-6.126
2022-08-28 12:00:00,593,Tiruvannamalai,1.0,-3.4705714285714286
2022-08-28 13:00:00,593,Tiruvannamalai,0.5,-3.4705714285714286
2022-08-28 14:00:00,593,Tiruvannamalai,1.0,-3.4705714285714286
2022-08-28 15:00:00,593,Tiruvannamalai,0.5,-3.4705714285714286
2022-08-28 16:00:00,593,Tiruvannamalai,1.0,-6.1035
2022-08-28 17:00:00,593,Tiruvannamalai,0.5,-6.1035
2022-08-28 18:00:00,593,Tiruvannamalai,0.5,-3.433
2022-08-28 19:00:00,593,Tiruvannamalai,15.75,-3.433
2022-08-28 20:00:00,593,Tiruvannamalai,14.5,-3.433
2022-08-28 21:00:00,593,Tiruvannamalai,1.1666666666666667,-3.433
2022-08-28 22:00:00,593,Tiruvannamalai,0.5,-6.112
2022-08-28 23:00:00,593,Tiruvannamalai,0.5,-6.112
2022-08-29 00:00:00,593,Tiruvannamalai,0.5,-3.4194285714285715
2022-08-29 01:00:00,593,Tiruvannamalai,0.5,-3.4194285714285715
2022-08-29 02:00:00,593,Tiruvannamalai,0.5,-3.4194285714285715
2022-08-29 03:00:00,593,Tiruvannamalai,4.75,-3.4194285714285715
2022-08-29 05:00:00,593,Tiruvannamalai,0.5,-6.106999999999999
2022-08-29 06:00:00,593,Tiruvannamalai,0.5,-3.4002857142857144
2022-08-29 07:00:00,593,Tiruvannamalai,0.5,-3.4002857142857144
2022-08-29 09:00:00,593,Tiruvannamalai,0.5,-3.4002857142857144
2022-08-29 10:00:00,593,Tiruvannamalai,0.5,-6.127000000000001
2022-08-29 12:00:00,593,Tiruvannamalai,0.5,-3.448
2022-08-29 14:00:00,593,Tiruvannamalai,0.5,-3.448
2022-08-29 15:00:00,593,Tiruvannamalai,5.0,-3.448
2022-08-29 16:00:00,593,Tiruvannamalai,0.5,-6.1085
2022-08-29 18:00:00,593,Tiruvannamalai,0.5,-3.3915714285714285
2022-08-29 21:00:00,593,Tiruvannamalai,0.5,-3.3915714285714285
2022-08-29 23:00:00,593,Tiruvannamalai,0.5,-6.109999999999999
2022-08-30 02:00:00,593,Tiruvannamalai,0.5,-3.270285714285715
2022-08-30 04:00:00,593,Tiruvannamalai,0.5,-6.086
2022-08-30 06:00:00,593,Tiruvannamalai,0.5,-3.189857142857143
2022-08-30 09:00:00,593,Tiruvannamalai,0.5,-3.189857142857143
2022-08-30 11:00:00,593,Tiruvannamalai,0.5,-6.101
2022-08-30 14:00:00,593,Tiruvannamalai,0.5,-3.2215714285714285
2022-08-30 15:00:00,593,Tiruvannamalai,4.0,-3.2215714285714285
2022-08-30 18:00:00,593,Tiruvannamalai,0.5,-3.1798571428571427
2022-08-31 00:00:00,593,Tiruvannamalai,0.5,-3.186857142857143
2022-08-31 04:00:00,593,Tiruvannamalai,0.5,-6.0725
2022-08-31 06:00:00,593,Tiruvannamalai,0.5,-3.2791428571428574
2022-08-31 12:00:00,593,Tiruvannamalai,1.1666666666666667,-3.2118571428571427
2022-08-31 13:00:00,593,Tiruvannamalai,0.75,-3.2118571428571427
2022-08-31 14:00:00,593,Tiruvannamalai,0.5,-3.2118571428571427
2022-08-31 15:00:00,593,Tiruvannamalai,1.0,-3.2118571428571427
2022-08-31 16:00:00,593,Tiruvannamalai,1.0,-6.048
2022-08-31 17:00:00,593,Tiruvannamalai,1.25,-6.048
2022-08-31 18:00:00,593,Tiruvannamalai,1.5,-3.209
2022-08-31 19:00:00,593,Tiruvannamalai,0.5,-3.209
2022-08-31 20:00:00,593,Tiruvannamalai,0.5,-3.209
2022-09-01 03:00:00,593,Tiruvannamalai,0.5,-3.1738571428571425
2022-09-01 06:00:00,593,Tiruvannamalai,0.5,-3.269142857142857
2022-09-01 08:00:00,593,Tiruvannamalai,0.5,-3.269142857142857
2022-09-01 12:00:00,593,Tiruvannamalai,1.0,-3.2118571428571427
2022-09-01 13:00:00,593,Tiruvannamalai,1.9166666666666667,-3.2118571428571427
2022-09-01 14:00:00,593,Tiruvannamalai,4.0,-3.2118571428571427
2022-09-01 15:00:00,593,Tiruvannamalai,4.333333333333333,-3.2118571428571427
2022-09-01 16:00:00,593,Tiruvannamalai,0.5,-6.0155
2022-09-02 03:00:00,593,Tiruvannamalai,0.5,-3.160428571428571
2022-09-02 08:00:00,593,Tiruvannamalai,0.5,-3.189
2022-09-03 18:00:00,593,Tiruvannamalai,0.5,-3.219857142857143
2022-09-04 01:00:00,593,Tiruvannamalai,0.5,-3.201428571428571
2022-09-04 02:00:00,593,Tiruvannamalai,4.25,-3.201428571428571
2022-09-04 03:00:00,593,Tiruvannamalai,0.5,-3.201428571428571
2022-09-04 19:00:00,593,Tiruvannamalai,12.5,-3.193142857142857
2022-09-04 20:00:00,593,Tiruvannamalai,3.5,-3.193142857142857
2022-09-04 21:00:00,593,Tiruvannamalai,0.5,-3.193142857142857
2022-09-04 22:00:00,593,Tiruvannamalai,4.0,-3.756
2022-09-04 23:00:00,593,Tiruvannamalai,1.5,-3.756
2022-09-05 00:00:00,593,Tiruvannamalai,1.75,-3.1421428571428573
2022-09-05 01:00:00,593,Tiruvannamalai,2.1666666666666665,-3.1421428571428573
2022-09-05 02:00:00,593,Tiruvannamalai,0.5,-3.1421428571428573
2022-09-05 04:00:00,593,Tiruvannamalai,0.5,-3.732
2022-09-05 06:00:00,593,Tiruvannamalai,0.5,-2.2135
2022-09-05 22:00:00,593,Tiruvannamalai,1.0,-3.646
2022-09-06 12:00:00,593,Tiruvannamalai,0.5,-3.069714285714286
2022-09-06 20:00:00,593,Tiruvannamalai,1.5,-3.0165714285714285
2022-09-06 21:00:00,593,Tiruvannamalai,14.0,-3.0165714285714285
2022-09-06 23:00:00,593,Tiruvannamalai,1.6666666666666667,-3.665
2022-09-07 00:00:00,593,Tiruvannamalai,0.5,-3.0227142857142857
2022-09-07 02:00:00,593,Tiruvannamalai,0.5,-3.0227142857142857
2022-09-07 06:00:00,593,Tiruvannamalai,0.5,-2.1908333333333334
2022-09-07 18:00:00,593,Tiruvannamalai,0.5,-3.024857142857143
2022-09-07 19:00:00,593,Tiruvannamalai,0.5,-3.024857142857143
2022-09-07 20:00:00,593,Tiruvannamalai,0.5,-3.024857142857143
2022-09-07 21:00:00,593,Tiruvannamalai,3.6,-3.024857142857143
2022-09-07 22:00:00,593,Tiruvannamalai,1.625,-3.657
2022-09-07 23:00:00,593,Tiruvannamalai,0.8,-3.657
2022-09-08 00:00:00,593,Tiruvannamalai,0.5,-2.97
2022-09-08 01:00:00,593,Tiruvannamalai,0.5,-2.97
2022-09-08 02:00:00,593,Tiruvannamalai,0.5,-2.97
2022-09-08 07:00:00,593,Tiruvannamalai,0.5,-2.182
2022-09-09 13:00:00,593,Tiruvannamalai,0.5,-3.0608571428571425
2022-09-10 04:00:00,593,Tiruvannamalai,0.5,-5.8515
2022-09-10 10:00:00,593,Tiruvannamalai,0.5,-5.8615
2022-09-12 21:00:00,593,Tiruvannamalai,0.5,-2.9345
2022-09-14 07:00:00,593,Tiruvannamalai,0.5,-1.916
2022-09-14 20:00:00,593,Tiruvannamalai,1.0,-2.947
2022-09-14 23:00:00,593,Tiruvannamalai,10.0,-8.089
2022-09-15 00:00:00,593,Tiruvannamalai,12.0,-2.943
2022-09-15 01:00:00,593,Tiruvannamalai,6.166666666666667,-2.943
2022-09-15 02:00:00,593,Tiruvannamalai,0.5,-2.943
2022-09-16 14:10:00,593,Tiruvannamalai,0.5,-3.0834999999999995
2022-09-16 14:15:00,593,Tiruvannamalai,0.5,-3.0834999999999995
2022-09-16 14:20:00,593,Tiruvannamalai,0.5,-3.0834999999999995
2022-09-16 15:00:00,593,Tiruvannamalai,0.5,-3.0834999999999995
2022-09-19 00:00:00,593,Tiruvannamalai,0.5,-3.1882
2022-09-19 01:00:00,593,Tiruvannamalai,0.5,-3.1882
2022-09-22 12:00:00,593,Tiruvannamalai,0.5,-3.2542
2022-09-22 15:00:00,593,Tiruvannamalai,0.5,-3.2542
2022-09-23 17:00:00,593,Tiruvannamalai,0.5,-8.041
2022-09-23 23:00:00,593,Tiruvannamalai,0.5,-8.052
2022-09-24 22:00:00,593,Tiruvannamalai,0.5,-8.062
2022-09-25 19:00:00,593,Tiruvannamalai,13.5,-3.3132000000000006
2022-09-25 21:00:00,593,Tiruvannamalai,0.5,-3.3132000000000006
2022-09-26 10:00:00,593,Tiruvannamalai,0.5,-8.078
2022-09-26 16:00:00,593,Tiruvannamalai,0.5,-8.07
2022-09-26 17:00:00,593,Tiruvannamalai,1.0,-8.07
2022-09-26 19:00:00,593,Tiruvannamalai,1.0,-3.3374
2022-09-26 20:00:00,593,Tiruvannamalai,0.5,-3.3374
2022-09-27 02:00:00,593,Tiruvannamalai,0.5,-3.304
2022-09-27 13:00:00,593,Tiruvannamalai,0.5,-3.2888
2022-09-30 21:00:00,593,Tiruvannamalai,0.5,-3.1426000000000003
2022-10-01 02:00:00,593,Tiruvannamalai,0.5,-3.212600000000001
2022-10-06 17:00:00,593,Tiruvannamalai,11.25,-8.208
2022-10-07 23:00:00,593,Tiruvannamalai,1.25,-8.253
2022-10-08 08:00:00,593,Tiruvannamalai,0.5,-3.22
2022-10-08 16:00:00,593,Tiruvannamalai,6.5,-8.247
2022-10-08 18:00:00,593,Tiruvannamalai,1.0,-3.2548000000000004
2022-10-08 19:00:00,593,Tiruvannamalai,15.25,-3.2548000000000004
2022-10-08 20:00:00,593,Tiruvannamalai,2.75,-3.2548000000000004
2022-10-08 21:00:00,593,Tiruvannamalai,1.5,-3.2548000000000004
2022-10-08 22:00:00,593,Tiruvannamalai,0.5,-8.257
2022-10-09 01:00:00,593,Tiruvannamalai,0.5,-3.2644
2022-10-09 15:00:00,593,Tiruvannamalai,4.5,-3.2468000000000004
2022-10-09 16:00:00,593,Tiruvannamalai,0.5,-8.251
2022-10-09 17:00:00,593,Tiruvannamalai,9.5,-8.251
2022-10-09 18:00:00,593,Tiruvannamalai,2.5,-3.1862000000000004
2022-10-09 19:00:00,593,Tiruvannamalai,2.0,-3.1862000000000004
2022-10-09 20:00:00,593,Tiruvannamalai,1.5,-3.1862000000000004
2022-10-10 00:00:00,593,Tiruvannamalai,5.0,-3.2666000000000004
2022-10-10 01:00:00,593,Tiruvannamalai,6.5,-3.2666000000000004
2022-10-10 02:00:00,593,Tiruvannamalai,8.0,-3.2666000000000004
2022-10-10 03:00:00,593,Tiruvannamalai,0.75,-3.2666000000000004
2022-10-10 05:00:00,593,Tiruvannamalai,1.75,-8.227
2022-10-10 06:00:00,593,Tiruvannamalai,2.0,-3.0878
2022-10-10 07:00:00,593,Tiruvannamalai,2.0,-3.0878
2022-10-10 08:00:00,593,Tiruvannamalai,4.5,-3.0878
2022-10-10 09:00:00,593,Tiruvannamalai,1.5,-3.0878
2022-10-10 11:00:00,593,Tiruvannamalai,0.5,-8.252
2022-10-11 06:00:00,593,Tiruvannamalai,1.5,-3.0482000000000005
2022-10-12 03:00:00,593,Tiruvannamalai,0.5,-3.1016
2022-10-14 07:00:00,593,Tiruvannamalai,0.5,-2.9450000000000003
2022-10-14 14:00:00,593,Tiruvannamalai,4.5,-3.0694000000000004
2022-10-14 15:00:00,593,Tiruvannamalai,1.5,-3.0694000000000004
2022-10-14 17:00:00,593,Tiruvannamalai,1.0,-3.0456000000000003
2022-10-14 18:00:00,593,Tiruvannamalai,1.0,-3.0456000000000003
2022-10-14 19:00:00,593,Tiruvannamalai,0.5,-3.0456000000000003
2022-10-15 02:00:00,593,Tiruvannamalai,17.0,-3.164
2022-10-15 03:00:00,593,Tiruvannamalai,1.0,-3.164
2022-10-15 13:00:00,593,Tiruvannamalai,0.5,-2.9450000000000003
2022-10-16 15:00:00,593,Tiruvannamalai,3.0,-2.9160000000000004
2022-10-16 17:00:00,593,Tiruvannamalai,4.666666666666667,-8.259
2022-10-16 18:00:00,593,Tiruvannamalai,0.5,-2.9752
2022-10-17 03:00:00,593,Tiruvannamalai,8.0,-1.742
2022-10-17 20:00:00,593,Tiruvannamalai,12.0,-1.658
2022-10-18 11:00:00,593,Tiruvannamalai,0.5,-8.278
2022-10-18 21:00:00,593,Tiruvannamalai,16.0,-1.5433333333333332
2022-10-18 22:00:00,593,Tiruvannamalai,4.875,-8.287
2022-10-18 23:00:00,593,Tiruvannamalai,2.0,-8.287
2022-10-19 03:00:00,593,Tiruvannamalai,2.5,-1.5
2022-10-19 23:00:00,593,Tiruvannamalai,14.5,-8.292
2022-10-20 00:00:00,593,Tiruvannamalai,0.5,-3.098
2022-10-20 06:00:00,593,Tiruvannamalai,1.0,-3.11325
2022-10-20 09:00:00,593,Tiruvannamalai,0.5,-3.11325
2022-10-20 15:35:00,593,Tiruvannamalai,0.5,-8.293
2022-10-20 15:40:00,593,Tiruvannamalai,2.0,-8.293
2022-10-20 15:45:00,593,Tiruvannamalai,2.0,-8.293
2022-10-20 15:50:00,593,Tiruvannamalai,2.0,-8.293
2022-10-20 15:55:00,593,Tiruvannamalai,2.0,-8.293
2022-10-20 16:00:00,593,Tiruvannamalai,4.5,-8.293
2022-10-21 00:00:00,593,Tiruvannamalai,1.5,-3.055
2022-10-21 01:00:00,593,Tiruvannamalai,1.5,-3.055
2022-10-21 02:00:00,593,Tiruvannamalai,2.0,-3.055
2022-10-21 02:45:00,593,Tiruvannamalai,0.5,-3.055
2022-10-21 02:50:00,593,Tiruvannamalai,1.0,-3.055
2022-10-21 02:55:00,593,Tiruvannamalai,1.0,-3.055
2022-10-21 03:00:00,593,Tiruvannamalai,1.5,-3.055
2022-10-21 04:00:00,593,Tiruvannamalai,0.5,-8.317
2022-10-21 05:00:00,593,Tiruvannamalai,1.5,-8.317
2022-10-21 06:00:00,593,Tiruvannamalai,0.5,-2.85625
2022-10-21 07:00:00,593,Tiruvannamalai,1.0,-2.85625
2022-10-21 07:05:00,593,Tiruvannamalai,0.5,-2.85625
2022-10-21 07:10:00,593,Tiruvannamalai,0.5,-2.85625
2022-10-21 07:15:00,593,Tiruvannamalai,0.5,-2.85625
2022-10-21 07:20:00,593,Tiruvannamalai,0.5,-2.85625
2022-10-21 07:25:00,593,Tiruvannamalai,0.5,-2.85625
2022-10-21 07:30:00,593,Tiruvannamalai,0.5,-2.85625
2022-10-21 07:35:00,593,Tiruvannamalai,0.5,-2.85625
2022-10-21 07:40:00,593,Tiruvannamalai,0.5,-2.85625
2022-10-21 07:45:00,593,Tiruvannamalai,0.5,-2.85625
2022-10-21 07:50:00,593,Tiruvannamalai,0.5,-2.85625
2022-10-21 07:55:00,593,Tiruvannamalai,0.5,-2.85625
2022-10-21 08:00:00,593,Tiruvannamalai,0.5,-2.85625
2022-10-21 13:00:00,593,Tiruvannamalai,1.0,-7.955
2022-10-21 13:05:00,593,Tiruvannamalai,1.5,-7.955
2022-10-21 13:10:00,593,Tiruvannamalai,1.5,-7.955
2022-10-21 13:15:00,593,Tiruvannamalai,1.5,-7.955
2022-10-21 13:20:00,593,Tiruvannamalai,1.5,-7.959
2022-10-21 13:25:00,593,Tiruvannamalai,1.5,-7.959
2022-10-21 13:30:00,593,Tiruvannamalai,1.5,-7.959
2022-10-21 13:35:00,593,Tiruvannamalai,1.5,-7.959
2022-10-21 13:40:00,593,Tiruvannamalai,1.5,-7.959
2022-10-21 13:45:00,593,Tiruvannamalai,1.5,-7.959
2022-10-21 13:50:00,593,Tiruvannamalai,1.5,-7.959
2022-10-21 13:55:00,593,Tiruvannamalai,1.5,-7.959
2022-10-21 14:00:00,593,Tiruvannamalai,2.833333333333333,-7.959
2022-10-21 14:55:00,593,Tiruvannamalai,0.5,-7.959
2022-10-21 15:00:00,593,Tiruvannamalai,7.25,-7.959
2022-10-21 15:05:00,593,Tiruvannamalai,4.0,-7.959
2022-10-21 15:10:00,593,Tiruvannamalai,4.0,-7.959
2022-10-21 15:15:00,593,Tiruvannamalai,4.0,-7.959
2022-10-21 15:20:00,593,Tiruvannamalai,4.0,-7.959
2022-10-21 15:25:00,593,Tiruvannamalai,4.0,-7.959
2022-10-21 15:30:00,593,Tiruvannamalai,4.0,-7.959
2022-10-21 15:35:00,593,Tiruvannamalai,4.0,-7.959
2022-10-21 15:40:00,593,Tiruvannamalai,4.0,-8.303
2022-10-21 15:45:00,593,Tiruvannamalai,4.0,-8.303
2022-10-21 15:50:00,593,Tiruvannamalai,4.0,-8.303
2022-10-21 15:55:00,593,Tiruvannamalai,4.0,-8.303
2022-10-21 16:00:00,593,Tiruvannamalai,4.0,-8.303
2022-10-21 18:00:00,593,Tiruvannamalai,0.5,-2.661
2022-10-21 22:45:00,593,Tiruvannamalai,1.0,-8.328
2022-10-21 22:50:00,593,Tiruvannamalai,6.5,-8.328
2022-10-21 22:55:00,593,Tiruvannamalai,7.0,-8.328
2022-10-21 23:00:00,593,Tiruvannamalai,7.0,-8.328
2022-10-22 00:00:00,593,Tiruvannamalai,3.0,-2.6710000000000003
2022-10-22 09:00:00,593,Tiruvannamalai,0.5,-2.4424
2022-10-22 17:00:00,593,Tiruvannamalai,0.5,-8.288
2022-10-23 04:00:00,593,Tiruvannamalai,0.5,-8.291
2022-10-24 04:00:00,593,Tiruvannamalai,0.5,-8.276
2022-10-26 17:00:00,593,Tiruvannamalai,0.5,-8.312
2022-10-28 18:00:00,593,Tiruvannamalai,1.0,-2.5734000000000004
2022-10-29 06:45:00,593,Tiruvannamalai,0.5,-2.5326
2022-10-29 06:50:00,593,Tiruvannamalai,0.5,-2.5326
2022-10-29 06:55:00,593,Tiruvannamalai,0.5,-2.5326
2022-10-29 07:00:00,593,Tiruvannamalai,3.333333333333333,-2.5326
2022-10-29 08:00:00,593,Tiruvannamalai,2.5,-2.5326
2022-10-29 09:00:00,593,Tiruvannamalai,0.5,-2.5326
2022-10-29 11:20:00,593,Tiruvannamalai,1.5,-8.335
2022-10-29 11:25:00,593,Tiruvannamalai,4.5,-8.335
2022-10-29 11:30:00,593,Tiruvannamalai,6.0,-8.335
2022-10-29 11:35:00,593,Tiruvannamalai,7.0,-8.335
2022-10-29 11:40:00,593,Tiruvannamalai,7.0,-8.335
2022-10-29 11:45:00,593,Tiruvannamalai,7.0,-8.335
2022-10-29 11:50:00,593,Tiruvannamalai,7.0,-8.335
2022-10-29 11:55:00,593,Tiruvannamalai,7.0,-8.335
2022-10-29 12:00:00,593,Tiruvannamalai,3.75,-2.5654
2022-10-29 13:00:00,593,Tiruvannamalai,1.0,-2.5654
2022-10-29 15:00:00,593,Tiruvannamalai,3.0,-2.5654
2022-10-29 16:00:00,593,Tiruvannamalai,0.5,-8.323
2022-10-29 17:00:00,593,Tiruvannamalai,0.5,-8.323
2022-10-29 18:00:00,593,Tiruvannamalai,0.5,-2.749
2022-10-29 22:00:00,593,Tiruvannamalai,0.5,-8.339
2022-11-01 09:00:00,593,Tiruvannamalai,2.5,-2.7144
2022-11-01 10:00:00,593,Tiruvannamalai,12.5,-8.354
2022-11-01 11:00:00,593,Tiruvannamalai,31.5,-8.354
2022-11-01 11:40:00,593,Tiruvannamalai,0.5,-8.354
2022-11-01 11:45:00,593,Tiruvannamalai,0.5,-8.354
2022-11-01 11:50:00,593,Tiruvannamalai,1.0,-8.354
2022-11-01 12:00:00,593,Tiruvannamalai,3.5,-2.595
2022-11-01 12:05:00,593,Tiruvannamalai,0.5,-2.595
2022-11-01 12:30:00,593,Tiruvannamalai,2.5,-2.595
2022-11-01 12:55:00,593,Tiruvannamalai,3.0,-2.595
2022-11-01 13:00:00,593,Tiruvannamalai,0.75,-2.595
2022-11-01 13:25:00,593,Tiruvannamalai,1.5,-2.595
2022-11-01 13:30:00,593,Tiruvannamalai,1.5,-2.595
2022-11-01 13:45:00,593,Tiruvannamalai,1.5,-2.595
2022-11-01 13:50:00,593,Tiruvannamalai,1.5,-2.595
2022-11-01 14:00:00,593,Tiruvannamalai,1.5,-2.595
2022-11-01 15:00:00,593,Tiruvannamalai,0.75,-2.595
2022-11-01 16:00:00,593,Tiruvannamalai,1.0,-8.335
2022-11-01 17:00:00,593,Tiruvannamalai,0.75,-8.335
2022-11-01 19:00:00,593,Tiruvannamalai,0.5,-2.8116
2022-11-01 20:00:00,593,Tiruvannamalai,0.5,-2.8116
2022-11-01 21:00:00,593,Tiruvannamalai,0.5,-2.8116
2022-11-01 22:00:00,593,Tiruvannamalai,0.5,-8.341
2022-11-02 00:50:00,593,Tiruvannamalai,2.0,-2.663
2022-11-02 00:55:00,593,Tiruvannamalai,2.0,-2.663
2022-11-02 01:00:00,593,Tiruvannamalai,2.333333333333333,-2.663
2022-11-02 02:00:00,593,Tiruvannamalai,3.5,-2.663
2022-11-02 03:00:00,593,Tiruvannamalai,1.0,-2.663
2022-11-02 05:00:00,593,Tiruvannamalai,0.5,-8.326
2022-11-02 06:00:00,593,Tiruvannamalai,0.5,-2.6338
2022-11-02 07:00:00,593,Tiruvannamalai,0.5,-2.6338
2022-11-02 08:00:00,593,Tiruvannamalai,1.5,-2.6338
2022-11-02 10:00:00,593,Tiruvannamalai,1.0,-8.375
2022-11-02 11:00:00,593,Tiruvannamalai,1.0,-8.375
2022-11-02 11:10:00,593,Tiruvannamalai,0.5,-8.375
2022-11-02 11:15:00,593,Tiruvannamalai,1.0,-8.375
2022-11-02 11:20:00,593,Tiruvannamalai,1.5,-8.375
2022-11-02 11:25:00,593,Tiruvannamalai,1.5,-8.375
2022-11-02 11:55:00,593,Tiruvannamalai,2.5,-8.375
2022-11-02 12:00:00,593,Tiruvannamalai,1.3333333333333333,-2.56
2022-11-02 12:40:00,593,Tiruvannamalai,0.5,-2.997
2022-11-02 12:45:00,593,Tiruvannamalai,0.5,-2.997
2022-11-02 12:50:00,593,Tiruvannamalai,0.5,-2.997
2022-11-02 12:55:00,593,Tiruvannamalai,0.5,-2.997
2022-11-02 13:00:00,593,Tiruvannamalai,1.25,-2.997
2022-11-02 13:30:00,593,Tiruvannamalai,0.5,-1.83
2022-11-02 13:35:00,593,Tiruvannamalai,0.5,-1.83
2022-11-02 13:40:00,593,Tiruvannamalai,0.5,-1.83
2022-11-02 14:00:00,593,Tiruvannamalai,2.0,-1.83
2022-11-02 14:45:00,593,Tiruvannamalai,1.0,-1.83
2022-11-02 14:50:00,593,Tiruvannamalai,1.5,-1.83
2022-11-02 14:55:00,593,Tiruvannamalai,2.0,-1.83
2022-11-02 15:00:00,593,Tiruvannamalai,2.4,-0.849
2022-11-02 15:05:00,593,Tiruvannamalai,0.5,-0.849
2022-11-02 15:10:00,593,Tiruvannamalai,0.5,-0.849
2022-11-02 15:15:00,593,Tiruvannamalai,1.0,-0.849
2022-11-02 15:20:00,593,Tiruvannamalai,1.0,-0.849
2022-11-02 15:45:00,593,Tiruvannamalai,1.0,-0.849
2022-11-02 15:50:00,593,Tiruvannamalai,1.0,-0.849
2022-11-02 15:55:00,593,Tiruvannamalai,1.0,-0.849
2022-11-02 16:00:00,593,Tiruvannamalai,1.6666666666666667,-0.849
2022-11-02 17:00:00,593,Tiruvannamalai,0.875,-5.6785
2022-11-02 18:00:00,593,Tiruvannamalai,1.5,-2.497625
2022-11-02 19:00:00,593,Tiruvannamalai,0.75,-2.497625
2022-11-02 20:00:00,593,Tiruvannamalai,1.75,-2.497625
2022-11-02 20:30:00,593,Tiruvannamalai,0.5,-2.497625
2022-11-02 20:35:00,593,Tiruvannamalai,0.5,-2.497625
2022-11-02 20:40:00,593,Tiruvannamalai,0.5,-2.497625
2022-11-02 20:45:00,593,Tiruvannamalai,0.5,-2.497625
2022-11-02 20:50:00,593,Tiruvannamalai,0.5,-2.497625
2022-11-02 20:55:00,593,Tiruvannamalai,0.5,-2.497625
2022-11-02 21:00:00,593,Tiruvannamalai,0.5,-2.497625
2022-11-02 22:00:00,593,Tiruvannamalai,1.375,-5.658
2022-11-02 22:05:00,593,Tiruvannamalai,0.5,-5.658
2022-11-02 22:10:00,593,Tiruvannamalai,0.5,-5.658
2022-11-02 22:15:00,593,Tiruvannamalai,0.5,-5.658
2022-11-02 22:55:00,593,Tiruvannamalai,1.0,-5.658
2022-11-02 23:00:00,593,Tiruvannamalai,0.75,-5.658
2022-11-02 23:05:00,593,Tiruvannamalai,0.5,-5.658
2022-11-02 23:10:00,593,Tiruvannamalai,0.5,-5.658
2022-11-02 23:45:00,593,Tiruvannamalai,1.0,-5.658
2022-11-02 23:50:00,593,Tiruvannamalai,1.0,-5.658
2022-11-02 23:55:00,593,Tiruvannamalai,1.0,-5.658
2022-11-03 00:00:00,593,Tiruvannamalai,1.0,-2.431375
2022-11-03 01:00:00,593,Tiruvannamalai,0.5,-2.431375
2022-11-03 02:00:00,593,Tiruvannamalai,1.0,-2.431375
2022-11-03 05:00:00,593,Tiruvannamalai,0.5,-5.6175
2022-11-03 12:00:00,593,Tiruvannamalai,4.0,-2.41125
2022-11-03 13:00:00,593,Tiruvannamalai,0.5,-2.41125
2022-11-03 14:00:00,593,Tiruvannamalai,0.5,-2.41125
2022-11-03 15:00:00,593,Tiruvannamalai,0.5,-2.41125
2022-11-03 17:00:00,593,Tiruvannamalai,1.5,-5.613
2022-11-03 18:00:00,593,Tiruvannamalai,1.1666666666666667,-2.361875
2022-11-03 19:00:00,593,Tiruvannamalai,0.5,-2.361875
2022-11-03 20:00:00,593,Tiruvannamalai,1.0,-2.361875
2022-11-04 01:00:00,593,Tiruvannamalai,0.5,-2.41475
2022-11-04 17:00:00,593,Tiruvannamalai,4.0,-8.345
2022-11-04 21:00:00,593,Tiruvannamalai,0.5,-2.334375
2022-11-05 01:00:00,593,Tiruvannamalai,0.5,-2.3025
2022-11-05 03:00:00,593,Tiruvannamalai,1.0,-2.3025
2022-11-05 10:00:00,593,Tiruvannamalai,1.5,-5.4255
2022-11-05 12:00:00,593,Tiruvannamalai,2.0,-2.320125
2022-11-05 13:00:00,593,Tiruvannamalai,2.0,-2.320125
2022-11-05 14:00:00,593,Tiruvannamalai,5.333333333333333,-2.320125
2022-11-10 14:00:00,593,Tiruvannamalai,0.5,-2.4305
2022-11-10 16:00:00,593,Tiruvannamalai,0.75,-8.209
2022-11-10 21:00:00,593,Tiruvannamalai,5.5,-2.35675
2022-11-10 22:00:00,593,Tiruvannamalai,3.5,-8.23
2022-11-10 23:00:00,593,Tiruvannamalai,0.8333333333333334,-8.23
2022-11-11 00:00:00,593,Tiruvannamalai,1.5,-2.2615
2022-11-11 01:00:00,593,Tiruvannamalai,0.5,-2.2615
2022-11-11 02:00:00,593,Tiruvannamalai,1.0,-2.2615
2022-11-11 04:00:00,593,Tiruvannamalai,0.5,-5.3535
2022-11-11 05:00:00,593,Tiruvannamalai,0.5,-5.3535
2022-11-11 06:00:00,593,Tiruvannamalai,1.5,-2.228625
2022-11-11 07:00:00,593,Tiruvannamalai,1.5,-2.228625
2022-11-11 08:00:00,593,Tiruvannamalai,1.9,-2.228625
2022-11-11 09:00:00,593,Tiruvannamalai,1.75,-2.228625
2022-11-11 10:00:00,593,Tiruvannamalai,2.2,-5.351
2022-11-11 11:00:00,593,Tiruvannamalai,4.0,-5.351
2022-11-11 12:00:00,593,Tiruvannamalai,3.0,-2.4125
2022-11-11 13:00:00,593,Tiruvannamalai,4.4,-2.4125
2022-11-11 14:00:00,593,Tiruvannamalai,4.4,-2.4125
2022-11-11 15:00:00,593,Tiruvannamalai,2.0,-2.4125
2022-11-11 16:00:00,593,Tiruvannamalai,0.75,-5.331
2022-11-11 17:00:00,593,Tiruvannamalai,0.5,-5.331
2022-11-11 18:00:00,593,Tiruvannamalai,1.75,-2.30975
2022-11-11 19:00:00,593,Tiruvannamalai,1.0,-2.30975
2022-11-11 20:00:00,593,Tiruvannamalai,0.5,-2.30975
2022-11-11 22:00:00,593,Tiruvannamalai,0.5,-5.327
2022-11-11 23:00:00,593,Tiruvannamalai,0.5,-5.327
2022-11-12 00:00:00,593,Tiruvannamalai,0.5,-2.277875
2022-11-12 04:00:00,593,Tiruvannamalai,3.4,-5.2780000000000005
2022-11-12 05:00:00,593,Tiruvannamalai,2.333333333333333,-5.2780000000000005
2022-11-12 07:00:00,593,Tiruvannamalai,0.5,-2.172375
2022-11-12 08:00:00,593,Tiruvannamalai,1.5,-2.172375
2022-11-12 09:00:00,593,Tiruvannamalai,0.875,-2.172375
2022-11-12 10:00:00,593,Tiruvannamalai,0.5,-5.191
2022-11-12 11:00:00,593,Tiruvannamalai,0.5,-5.191
2022-11-12 12:00:00,593,Tiruvannamalai,0.5,-2.196
2022-11-12 13:00:00,593,Tiruvannamalai,0.75,-2.196
2022-11-12 14:00:00,593,Tiruvannamalai,1.3333333333333333,-2.196
2022-11-12 15:00:00,593,Tiruvannamalai,0.5,-2.196
2022-11-12 17:00:00,593,Tiruvannamalai,2.0,-5.148000000000001
2022-11-12 18:00:00,593,Tiruvannamalai,2.25,-2.0175
2022-11-12 19:00:00,593,Tiruvannamalai,0.5,-2.0175
2022-11-12 21:00:00,593,Tiruvannamalai,1.8333333333333333,-2.0175
2022-11-12 22:00:00,593,Tiruvannamalai,1.0,-5.065
2022-11-12 23:00:00,593,Tiruvannamalai,3.8,-5.065
2022-11-13 00:00:00,593,Tiruvannamalai,2.0,-1.97825
2022-11-13 02:00:00,593,Tiruvannamalai,0.75,-1.97825
2022-11-13 03:00:00,593,Tiruvannamalai,1.3333333333333333,-1.97825
2022-11-13 04:00:00,593,Tiruvannamalai,1.6,-4.856
2022-11-13 05:00:00,593,Tiruvannamalai,0.625,-4.856
2022-11-13 06:00:00,593,Tiruvannamalai,0.5,-1.96575
2022-11-13 07:00:00,593,Tiruvannamalai,0.875,-1.96575
2022-11-13 08:00:00,593,Tiruvannamalai,5.5,-1.96575
2022-11-13 09:00:00,593,Tiruvannamalai,4.0,-1.96575
2022-11-13 10:00:00,593,Tiruvannamalai,1.0,-4.7865
2022-11-13 11:00:00,593,Tiruvannamalai,0.75,-4.7865
2022-11-13 12:00:00,593,Tiruvannamalai,0.5,-2.191428571428572
2022-11-13 14:00:00,593,Tiruvannamalai,0.5,-2.191428571428572
2022-11-13 15:00:00,593,Tiruvannamalai,0.5,-2.191428571428572
2022-11-13 23:00:00,593,Tiruvannamalai,1.0,-4.6925
2022-11-14 00:00:00,593,Tiruvannamalai,0.5,-1.784375
2022-11-14 01:00:00,593,Tiruvannamalai,0.5,-1.784375
2022-11-14 02:00:00,593,Tiruvannamalai,0.5,-1.784375
2022-11-14 04:00:00,593,Tiruvannamalai,0.5,-4.6595
2022-11-14 06:00:00,593,Tiruvannamalai,0.5,-1.865625
2022-11-14 09:00:00,593,Tiruvannamalai,0.5,-1.865625
2022-11-14 12:00:00,593,Tiruvannamalai,0.5,-1.906125
2022-11-14 14:00:00,593,Tiruvannamalai,1.0,-1.906125
2022-11-14 15:00:00,593,Tiruvannamalai,5.0,-1.906125
2022-11-14 16:00:00,593,Tiruvannamalai,5.0,-4.6625
2022-11-14 17:00:00,593,Tiruvannamalai,0.5,-4.6625
2022-11-14 18:00:00,593,Tiruvannamalai,0.5,-1.8255
2022-11-14 19:00:00,593,Tiruvannamalai,2.0,-1.8255
2022-11-14 20:00:00,593,Tiruvannamalai,1.875,-1.8255
2022-11-14 21:00:00,593,Tiruvannamalai,1.5,-1.8255
2022-11-14 22:00:00,593,Tiruvannamalai,0.75,-4.575
2022-11-14 23:00:00,593,Tiruvannamalai,0.5,-4.575
2022-11-15 00:00:00,593,Tiruvannamalai,0.5,-1.886125
2022-11-15 01:00:00,593,Tiruvannamalai,0.5,-1.886125
2022-11-15 02:00:00,593,Tiruvannamalai,0.5,-1.886125
2022-11-15 03:00:00,593,Tiruvannamalai,0.5,-1.886125
2022-11-15 04:00:00,593,Tiruvannamalai,0.5,-4.5285
2022-11-15 06:00:00,593,Tiruvannamalai,0.5,-1.851
2022-11-15 07:00:00,593,Tiruvannamalai,0.5,-1.851
2022-11-15 09:00:00,593,Tiruvannamalai,0.5,-1.851
2022-11-15 10:00:00,593,Tiruvannamalai,0.5,-4.526
2022-11-15 11:00:00,593,Tiruvannamalai,0.5,-4.526
2022-11-15 12:00:00,593,Tiruvannamalai,1.0,-1.900875
2022-11-15 13:00:00,593,Tiruvannamalai,0.5,-1.900875
2022-11-15 15:00:00,593,Tiruvannamalai,0.5,-1.900875
2022-11-15 16:00:00,593,Tiruvannamalai,0.5,-7.952
2022-11-15 18:00:00,593,Tiruvannamalai,0.5,-1.861375
2022-11-15 22:00:00,593,Tiruvannamalai,0.5,-7.942
2022-11-16 03:00:00,593,Tiruvannamalai,0.5,-1.845875
2022-11-16 09:00:00,593,Tiruvannamalai,0.5,-1.83125
2022-11-16 12:00:00,593,Tiruvannamalai,0.5,-1.924875
2022-11-16 13:00:00,593,Tiruvannamalai,0.5,-1.924875
2022-11-16 15:00:00,593,Tiruvannamalai,0.5,-1.924875
2022-11-16 16:00:00,593,Tiruvannamalai,0.5,-7.915
2022-11-16 17:00:00,593,Tiruvannamalai,0.5,-7.915
2022-11-16 18:00:00,593,Tiruvannamalai,0.5,-1.8795
2022-11-16 19:00:00,593,Tiruvannamalai,0.5,-1.8795
2022-11-16 20:00:00,593,Tiruvannamalai,1.0,-1.8795
2022-11-16 21:00:00,593,Tiruvannamalai,0.5,-1.8795
2022-11-16 22:00:00,593,Tiruvannamalai,1.0,-7.894
2022-11-17 00:00:00,593,Tiruvannamalai,0.5,-1.88575
2022-11-17 01:00:00,593,Tiruvannamalai,0.5,-1.88575
2022-11-17 03:00:00,593,Tiruvannamalai,0.5,-1.88575
2022-11-17 06:00:00,593,Tiruvannamalai,0.5,-1.824375
2022-11-17 08:00:00,593,Tiruvannamalai,0.5,-1.824375
2022-11-17 11:00:00,593,Tiruvannamalai,1.0,-4.4845
2022-11-17 12:00:00,593,Tiruvannamalai,1.0,-1.935
2022-11-17 13:00:00,593,Tiruvannamalai,1.5,-1.935
2022-11-17 14:00:00,593,Tiruvannamalai,1.5,-1.935
2022-11-17 15:00:00,593,Tiruvannamalai,1.0,-1.935
2022-11-17 17:00:00,593,Tiruvannamalai,0.5,-7.839
2022-11-17 20:00:00,593,Tiruvannamalai,0.5,-1.87525
2022-11-17 22:00:00,593,Tiruvannamalai,0.5,-7.839
2022-11-18 02:00:00,593,Tiruvannamalai,0.5,-1.875375
2022-11-18 07:00:00,593,Tiruvannamalai,0.5,-1.86625
2022-11-18 12:00:00,593,Tiruvannamalai,0.5,-1.973
2022-11-18 13:00:00,593,Tiruvannamalai,0.5,-1.973
2022-11-18 14:00:00,593,Tiruvannamalai,0.5,-1.973
2022-11-18 15:00:00,593,Tiruvannamalai,0.5,-1.973
2022-11-18 17:00:00,593,Tiruvannamalai,0.5,-1.118
2022-11-18 21:00:00,593,Tiruvannamalai,0.5,-1.889375
2022-11-19 05:00:00,593,Tiruvannamalai,0.5,-4.4575000000000005
2022-11-19 11:00:00,593,Tiruvannamalai,0.5,-4.461
2022-11-19 14:00:00,593,Tiruvannamalai,0.5,-1.886125
2022-11-19 16:00:00,593,Tiruvannamalai,0.5,-4.46
2022-11-19 19:00:00,593,Tiruvannamalai,0.5,-1.89575
2022-11-20 00:00:00,593,Tiruvannamalai,0.5,-1.904375
2022-11-20 02:00:00,593,Tiruvannamalai,0.5,-1.904375
2022-11-20 11:00:00,593,Tiruvannamalai,1.0,-4.457
2022-11-20 13:00:00,593,Tiruvannamalai,0.5,-1.90425
2022-11-20 14:00:00,593,Tiruvannamalai,1.0,-1.90425
2022-11-20 16:00:00,593,Tiruvannamalai,1.0,-4.451
2022-11-20 19:00:00,593,Tiruvannamalai,0.5,-1.872875
2022-11-20 22:00:00,593,Tiruvannamalai,0.5,-4.46
2022-11-20 23:00:00,593,Tiruvannamalai,0.5,-4.46
2022-11-21 00:00:00,593,Tiruvannamalai,0.5,-1.924625
2022-11-21 03:00:00,593,Tiruvannamalai,0.5,-1.924625
2022-11-21 05:00:00,593,Tiruvannamalai,0.5,-4.452
2022-11-21 08:00:00,593,Tiruvannamalai,0.5,-1.9015
2022-11-21 10:00:00,593,Tiruvannamalai,0.5,-4.532
2022-11-21 14:00:00,593,Tiruvannamalai,0.5,-1.977
2022-11-21 16:00:00,593,Tiruvannamalai,0.5,-4.452
2022-11-21 17:00:00,593,Tiruvannamalai,0.5,-4.452
2022-11-21 18:00:00,593,Tiruvannamalai,0.5,-1.965875
2022-11-21 20:00:00,593,Tiruvannamalai,1.0,-1.965875
2022-11-21 21:00:00,593,Tiruvannamalai,6.0,-1.965875
2022-11-21 22:00:00,593,Tiruvannamalai,5.5,-4.4535
2022-11-21 23:00:00,593,Tiruvannamalai,1.75,-4.4535
2022-11-22 00:00:00,593,Tiruvannamalai,0.5,-1.865
2022-11-22 02:00:00,593,Tiruvannamalai,0.5,-1.865
2022-11-22 03:00:00,593,Tiruvannamalai,1.0,-1.865
2022-11-22 04:00:00,593,Tiruvannamalai,0.75,-4.436
2022-11-22 05:00:00,593,Tiruvannamalai,1.0,-4.436
2022-11-22 06:00:00,593,Tiruvannamalai,1.0,-1.919625
2022-11-22 07:00:00,593,Tiruvannamalai,0.5,-1.919625
2022-11-22 08:00:00,593,Tiruvannamalai,0.5,-1.919625
2022-11-22 09:00:00,593,Tiruvannamalai,1.0,-1.919625
2022-11-22 10:00:00,593,Tiruvannamalai,1.0,-4.438
2022-11-22 15:00:00,593,Tiruvannamalai,0.5,-1.98325
2022-11-22 16:00:00,593,Tiruvannamalai,0.5,-4.432
2022-11-22 17:00:00,593,Tiruvannamalai,3.0,-4.432
2022-11-22 18:00:00,593,Tiruvannamalai,0.75,-1.890375
2022-11-22 19:00:00,593,Tiruvannamalai,1.5,-1.890375
2022-11-22 21:00:00,593,Tiruvannamalai,0.5,-1.890375
2022-11-23 00:00:00,593,Tiruvannamalai,2.0,-1.895375
2022-11-23 02:00:00,593,Tiruvannamalai,2.0,-1.895375
2022-11-23 04:00:00,593,Tiruvannamalai,0.5,-1.9495
2022-11-23 05:00:00,593,Tiruvannamalai,0.5,-1.9495
2022-11-23 06:00:00,593,Tiruvannamalai,0.5,-1.9495
2022-11-23 09:00:00,593,Tiruvannamalai,1.0,-1.9495
2022-11-23 10:00:00,593,Tiruvannamalai,2.0,-1.916875
2022-11-23 11:00:00,593,Tiruvannamalai,1.0,-1.916875
2022-11-23 12:00:00,593,Tiruvannamalai,0.6666666666666666,-1.916875
2022-11-23 13:00:00,593,Tiruvannamalai,1.6666666666666667,-1.916875
2022-11-23 14:00:00,593,Tiruvannamalai,2.1666666666666665,-1.916875
2022-11-23 15:00:00,593,Tiruvannamalai,4.0,-1.916875
2022-11-23 16:00:00,593,Tiruvannamalai,2.0,-1.094
2022-11-23 17:00:00,593,Tiruvannamalai,1.25,-1.094
2022-11-23 18:00:00,593,Tiruvannamalai,1.25,-1.944375
2022-11-23 19:00:00,593,Tiruvannamalai,0.75,-1.944375
2022-11-23 20:00:00,593,Tiruvannamalai,4.3,-1.944375
2022-11-23 21:00:00,593,Tiruvannamalai,5.375,-1.944375
2022-11-23 22:00:00,593,Tiruvannamalai,1.375,-0.964
2022-11-23 23:00:00,593,Tiruvannamalai,3.75,-0.964
2022-11-24 00:00:00,593,Tiruvannamalai,2.6666666666666665,-1.908
2022-11-24 05:00:00,593,Tiruvannamalai,1.0,-1.774375
2022-11-24 06:00:00,593,Tiruvannamalai,5.0,-1.774375
2022-11-24 07:00:00,593,Tiruvannamalai,9.5,-1.774375
2022-11-24 08:00:00,593,Tiruvannamalai,44.0,-1.774375
2022-11-24 09:00:00,593,Tiruvannamalai,0.5,-0.848
2022-11-24 13:00:00,593,Tiruvannamalai,2.25,-1.85375
2022-11-24 14:00:00,593,Tiruvannamalai,49.75,-1.85375
2022-11-24 15:00:00,593,Tiruvannamalai,41.0,-1.85375
2022-11-24 16:00:00,593,Tiruvannamalai,12.5,-0.899
2022-11-24 17:00:00,593,Tiruvannamalai,0.5,-0.899
2022-11-24 18:00:00,593,Tiruvannamalai,2.0,-1.88875
2022-11-24 19:00:00,593,Tiruvannamalai,0.5,-1.88875
2022-11-24 22:00:00,593,Tiruvannamalai,20.0,-0.907
2022-11-24 23:00:00,593,Tiruvannamalai,41.5,-0.907
2022-11-25 00:00:00,593,Tiruvannamalai,14.0,-1.80025
2022-11-25 10:00:00,593,Tiruvannamalai,0.5,-7.999
2022-11-25 15:00:00,593,Tiruvannamalai,1.0,-1.898875
2022-11-25 16:00:00,593,Tiruvannamalai,1.0,-1.766
2022-11-25 17:00:00,593,Tiruvannamalai,3.25,-1.766
2022-11-27 02:00:00,593,Tiruvannamalai,1.0,-1.782625
2022-11-27 17:00:00,593,Tiruvannamalai,1.0,-1.7716250000000002
2022-12-01 05:00:00,593,Tiruvannamalai,1.5,-4.266
2022-12-01 07:00:00,593,Tiruvannamalai,1.0,-2.128571428571429
2022-12-01 08:00:00,593,Tiruvannamalai,1.0,-2.128571428571429
2022-12-01 12:00:00,593,Tiruvannamalai,0.5,-2.209
2022-12-01 13:00:00,593,Tiruvannamalai,0.5,-2.209
2022-12-01 14:00:00,593,Tiruvannamalai,1.5,-2.209
2022-12-01 18:00:00,593,Tiruvannamalai,1.0,-1.857375
2022-12-03 14:00:00,593,Tiruvannamalai,0.5,-2.6004
2022-12-03 15:00:00,593,Tiruvannamalai,0.5,-2.6004
2022-12-03 18:00:00,593,Tiruvannamalai,9.833333333333334,-2.0105
2022-12-03 19:00:00,593,Tiruvannamalai,1.5,-2.0105
2022-12-04 01:00:00,593,Tiruvannamalai,0.5,-1.9935
2022-12-04 15:00:00,593,Tiruvannamalai,1.5,-2.023375
2022-12-06 00:00:00,593,Tiruvannamalai,20.0,-2.0195
2022-12-06 01:00:00,593,Tiruvannamalai,443.5,-2.0195
2022-12-06 02:00:00,593,Tiruvannamalai,191.0,-2.0195
2022-12-07 17:00:00,593,Tiruvannamalai,6.0,-1.094
2022-12-08 01:00:00,593,Tiruvannamalai,0.5,-2.035
2022-12-08 17:00:00,593,Tiruvannamalai,0.5,-1.094
2022-12-08 18:00:00,593,Tiruvannamalai,0.5,-2.019375
2022-12-09 01:00:00,593,Tiruvannamalai,0.5,-2.057375
2022-12-09 02:00:00,593,Tiruvannamalai,0.5,-2.057375
2022-12-09 05:00:00,593,Tiruvannamalai,1.0,-1.098
2022-12-09 06:00:00,593,Tiruvannamalai,0.75,-1.990625
2022-12-09 07:00:00,593,Tiruvannamalai,0.8333333333333334,-1.990625
2022-12-09 08:00:00,593,Tiruvannamalai,1.0,-1.990625
2022-12-09 09:00:00,593,Tiruvannamalai,0.75,-1.990625
2022-12-09 10:00:00,593,Tiruvannamalai,1.5,-1.1
2022-12-09 11:00:00,593,Tiruvannamalai,1.0,-1.1
2022-12-09 12:00:00,593,Tiruvannamalai,0.5,-2.103625
2022-12-09 13:00:00,593,Tiruvannamalai,0.5,-2.103625
2022-12-09 14:00:00,593,Tiruvannamalai,0.5,-2.103625
2022-12-09 15:00:00,593,Tiruvannamalai,0.5,-2.103625
2022-12-09 16:00:00,593,Tiruvannamalai,0.5,-1.098
2022-12-09 18:00:00,593,Tiruvannamalai,0.5,-2.015625
2022-12-09 19:00:00,593,Tiruvannamalai,0.5,-2.015625
2022-12-09 20:00:00,593,Tiruvannamalai,1.0,-2.015625
2022-12-09 21:00:00,593,Tiruvannamalai,0.6666666666666666,-2.015625
2022-12-09 22:00:00,593,Tiruvannamalai,1.0,-1.079
2022-12-09 23:00:00,593,Tiruvannamalai,1.4166666666666667,-1.079
2022-12-10 00:00:00,593,Tiruvannamalai,2.0,-2.009375
2022-12-10 01:00:00,593,Tiruvannamalai,10.5,-2.009375
2022-12-10 02:00:00,593,Tiruvannamalai,2.375,-2.009375
2022-12-10 03:00:00,593,Tiruvannamalai,13.5,-2.009375
2022-12-10 04:00:00,593,Tiruvannamalai,5.416666666666667,-4.0785
2022-12-10 05:00:00,593,Tiruvannamalai,4.8,-4.0785
2022-12-10 06:00:00,593,Tiruvannamalai,6.125,-1.922125
2022-12-10 07:00:00,593,Tiruvannamalai,2.5,-1.922125
2022-12-10 08:00:00,593,Tiruvannamalai,2.25,-1.922125
2022-12-10 09:00:00,593,Tiruvannamalai,37.25,-1.922125
2022-12-10 10:00:00,593,Tiruvannamalai,3.5,-3.896
2022-12-10 11:00:00,593,Tiruvannamalai,2.5,-3.896
2022-12-10 12:00:00,593,Tiruvannamalai,1.5,-1.913625
2022-12-10 13:00:00,593,Tiruvannamalai,3.0,-1.913625
2022-12-10 14:00:00,593,Tiruvannamalai,4.5,-1.913625
2022-12-10 16:00:00,593,Tiruvannamalai,0.5,-3.867
2022-12-10 17:00:00,593,Tiruvannamalai,0.5,-3.867
2022-12-10 21:00:00,593,Tiruvannamalai,0.5,-1.87175
2022-12-11 02:00:00,593,Tiruvannamalai,0.5,-1.847875
2022-12-11 03:00:00,593,Tiruvannamalai,42.5,-1.847875
2022-12-11 04:00:00,593,Tiruvannamalai,2.0,-3.8395
2022-12-11 05:00:00,593,Tiruvannamalai,669.5,-3.8395
2022-12-11 06:00:00,593,Tiruvannamalai,158.5,-1.789625
2022-12-11 08:00:00,593,Tiruvannamalai,415.0,-1.789625
2022-12-11 09:00:00,593,Tiruvannamalai,428.5,-1.789625
2022-12-11 10:00:00,593,Tiruvannamalai,30.0,-3.824
2022-12-11 13:00:00,593,Tiruvannamalai,17.5,-1.8425
2022-12-11 14:00:00,593,Tiruvannamalai,9.0,-1.8425
2022-12-11 15:00:00,593,Tiruvannamalai,1.5,-1.8425
2022-12-11 16:00:00,593,Tiruvannamalai,3.0,-3.7995
2022-12-11 17:00:00,593,Tiruvannamalai,3.5,-3.7995
2022-12-11 18:00:00,593,Tiruvannamalai,12.5,-1.81375
2022-12-11 22:00:00,593,Tiruvannamalai,0.5,-3.803
2022-12-12 02:00:00,593,Tiruvannamalai,1.5,-1.806
2022-12-12 03:00:00,593,Tiruvannamalai,4.0,-1.806
2022-12-12 04:00:00,593,Tiruvannamalai,7.5,-3.842
2022-12-12 05:00:00,593,Tiruvannamalai,2.0,-3.842
2022-12-12 06:00:00,593,Tiruvannamalai,2.5,-1.75375
2022-12-12 07:00:00,593,Tiruvannamalai,1.5,-1.75375
2022-12-12 08:00:00,593,Tiruvannamalai,0.5,-1.75375
2022-12-12 09:00:00,593,Tiruvannamalai,20.25,-1.75375
2022-12-12 10:00:00,593,Tiruvannamalai,0.5,-3.803
2022-12-12 17:00:00,593,Tiruvannamalai,4.75,-3.7895
2022-12-12 18:00:00,593,Tiruvannamalai,0.8333333333333334,-1.799
2022-12-12 19:00:00,593,Tiruvannamalai,1.0,-1.799
2022-12-12 20:00:00,593,Tiruvannamalai,0.5,-1.799
2022-12-12 22:00:00,593,Tiruvannamalai,1.5,-3.7905
2022-12-12 23:00:00,593,Tiruvannamalai,6.25,-3.7905
2022-12-13 00:00:00,593,Tiruvannamalai,2.3,-1.77575
2022-12-13 01:00:00,593,Tiruvannamalai,11.166666666666666,-1.77575
2022-12-13 02:00:00,593,Tiruvannamalai,2.25,-1.77575
2022-12-13 03:00:00,593,Tiruvannamalai,1.0,-1.77575
2022-12-13 06:00:00,593,Tiruvannamalai,0.5,-1.705375
2022-12-13 07:00:00,593,Tiruvannamalai,3.0,-1.705375
2022-12-13 08:00:00,593,Tiruvannamalai,3.0,-1.705375
2022-12-13 09:00:00,593,Tiruvannamalai,3.4,-1.705375
2022-12-13 10:00:00,593,Tiruvannamalai,4.875,-3.7585
2022-12-13 11:00:00,593,Tiruvannamalai,11.5,-3.7585
2022-12-13 13:00:00,593,Tiruvannamalai,7.0,-1.71875
2022-12-13 14:00:00,593,Tiruvannamalai,2.25,-1.71875
2022-12-13 15:00:00,593,Tiruvannamalai,1.8333333333333333,-1.71875
2022-12-13 16:00:00,593,Tiruvannamalai,1.5,-3.755
2022-12-13 17:00:00,593,Tiruvannamalai,0.5,-3.755
2022-12-14 09:00:00,593,Tiruvannamalai,0.5,-1.613375
2022-12-14 11:00:00,593,Tiruvannamalai,1.5,-3.7425
2022-12-14 12:00:00,593,Tiruvannamalai,7.0,-1.695625
2022-12-14 13:00:00,593,Tiruvannamalai,2.5,-1.695625
2022-12-14 14:00:00,593,Tiruvannamalai,3.5,-1.695625
2022-12-14 15:00:00,593,Tiruvannamalai,1.5,-1.695625
2022-12-14 16:00:00,593,Tiruvannamalai,1.0,-3.732
2022-12-14 17:00:00,593,Tiruvannamalai,2.5,-3.732
2022-12-14 18:00:00,593,Tiruvannamalai,2.25,-1.6805
2022-12-14 19:00:00,593,Tiruvannamalai,3.75,-1.6805
2022-12-14 20:00:00,593,Tiruvannamalai,7.0,-1.6805
2022-12-14 21:00:00,593,Tiruvannamalai,4.0,-1.6805
2022-12-14 22:00:00,593,Tiruvannamalai,8.5,-3.7395
2022-12-14 23:00:00,593,Tiruvannamalai,11.0,-3.7395
2022-12-15 00:00:00,593,Tiruvannamalai,13.5,-1.670125
2022-12-15 11:00:00,593,Tiruvannamalai,0.5,-0.274
2022-12-15 12:00:00,593,Tiruvannamalai,0.5,-1.70225
2022-12-15 21:00:00,593,Tiruvannamalai,0.5,-1.70975
2022-12-19 12:00:00,593,Tiruvannamalai,6.0,-1.7106249999999998
2022-12-19 12:05:00,593,Tiruvannamalai,6.5,-1.7106249999999998
2022-12-19 12:15:00,593,Tiruvannamalai,0.5,-1.7106249999999998
2022-12-19 12:20:00,593,Tiruvannamalai,0.5,-1.7106249999999998
2022-12-19 15:00:00,593,Tiruvannamalai,13.0,-1.057
2022-12-20 14:00:00,593,Tiruvannamalai,0.5,-1.833875
2022-12-20 19:00:00,593,Tiruvannamalai,55.5,-1.724625
2022-12-20 23:00:00,593,Tiruvannamalai,0.5,-3.649
2022-12-21 00:00:00,593,Tiruvannamalai,2.5,-1.747125
2022-12-25 02:00:00,593,Tiruvannamalai,0.5,-1.9195
2022-12-25 05:00:00,593,Tiruvannamalai,2.0,-1.879875
2022-12-25 06:00:00,593,Tiruvannamalai,3.25,-1.879875
2022-12-25 07:00:00,593,Tiruvannamalai,1.25,-1.879875
2022-12-25 08:00:00,593,Tiruvannamalai,1.25,-1.879875
2022-12-25 09:00:00,593,Tiruvannamalai,3.8333333333333335,-1.879875
2022-12-25 10:00:00,593,Tiruvannamalai,1.0,-1.933875
2022-12-25 11:00:00,593,Tiruvannamalai,3.75,-1.933875
2022-12-25 12:00:00,593,Tiruvannamalai,2.1666666666666665,-1.933875
2022-12-25 13:00:00,593,Tiruvannamalai,1.375,-1.933875
2022-12-25 14:00:00,593,Tiruvannamalai,1.5,-1.933875
2022-12-25 15:00:00,593,Tiruvannamalai,2.625,-1.933875
2022-12-25 16:00:00,593,Tiruvannamalai,3.2,-1.818375
2022-12-25 17:00:00,593,Tiruvannamalai,3.6666666666666665,-1.818375
2022-12-25 18:00:00,593,Tiruvannamalai,13.5,-1.818375
2022-12-25 19:00:00,593,Tiruvannamalai,2.0,-1.818375
2022-12-25 20:00:00,593,Tiruvannamalai,1.1666666666666667,-1.818375
2022-12-25 21:00:00,593,Tiruvannamalai,0.5,-1.818375
2022-12-26 02:00:00,593,Tiruvannamalai,10.5,-1.824125
2022-12-26 04:00:00,593,Tiruvannamalai,0.5,-1.78225
2022-12-26 06:00:00,593,Tiruvannamalai,6.5,-1.78225
2022-12-26 07:00:00,593,Tiruvannamalai,12.75,-1.78225
2022-12-26 09:00:00,593,Tiruvannamalai,0.5,-1.78225
2022-12-26 10:00:00,593,Tiruvannamalai,0.5,-1.851
2022-12-26 12:00:00,593,Tiruvannamalai,0.5,-1.851
2022-12-26 13:00:00,593,Tiruvannamalai,1.0,-1.851
2022-12-26 14:00:00,593,Tiruvannamalai,1.5,-1.851
2022-12-26 15:00:00,593,Tiruvannamalai,0.5,-1.851
2022-12-26 19:00:00,593,Tiruvannamalai,0.5,-1.794375
2022-12-26 20:00:00,593,Tiruvannamalai,9.0,-1.794375
2022-12-26 22:00:00,593,Tiruvannamalai,0.5,-0.681
2022-12-27 00:00:00,593,Tiruvannamalai,1.0,-1.7945
2022-12-27 02:00:00,593,Tiruvannamalai,0.5,-1.7945
2022-12-27 04:00:00,593,Tiruvannamalai,0.5,-0.683
2022-12-27 06:00:00,593,Tiruvannamalai,0.5,-1.775625
2022-12-27 07:00:00,593,Tiruvannamalai,2.75,-1.775625
2022-12-27 08:00:00,593,Tiruvannamalai,1.0,-1.775625
2022-12-27 11:00:00,593,Tiruvannamalai,4.75,-0.684
2022-12-27 12:00:00,593,Tiruvannamalai,6.5,-1.81625
2022-12-27 13:00:00,593,Tiruvannamalai,5.0,-1.81625
2022-12-27 14:00:00,593,Tiruvannamalai,1.75,-1.81625
2022-12-27 15:00:00,593,Tiruvannamalai,3.0,-1.81625
2022-12-27 17:00:00,593,Tiruvannamalai,5.5,-0.709
2022-12-29 09:00:00,593,Tiruvannamalai,2.0,-1.791375
2022-12-30 09:00:00,593,Tiruvannamalai,19.5,-0.89925
2022-12-30 13:00:00,593,Tiruvannamalai,1.0,-0.9175
2022-12-30 17:00:00,593,Tiruvannamalai,24.0,-3.741
2022-12-31 08:00:00,593,Tiruvannamalai,1.5,-2.2082
2022-12-31 12:00:00,593,Tiruvannamalai,13.0,-2.2394
2022-12-31 13:00:00,593,Tiruvannamalai,8.5,-2.2394
2022-12-31 15:00:00,593,Tiruvannamalai,59.5,-2.2394
2022-12-31 16:00:00,593,Tiruvannamalai,6.0,-3.75
2023-01-01 11:00:00,593,Tiruvannamalai,0.5,-3.7835
2023-01-01 12:00:00,593,Tiruvannamalai,1.5,-2.115142857142857
2023-01-02 07:00:00,593,Tiruvannamalai,0.5,-1.844875
2023-01-02 13:00:00,593,Tiruvannamalai,6.5,-1.8985
2023-01-02 15:00:00,593,Tiruvannamalai,148.0,-1.8985
2023-01-02 16:00:00,593,Tiruvannamalai,298.0,-3.758
2023-01-02 17:00:00,593,Tiruvannamalai,457.5,-3.758
2023-01-03 12:00:00,593,Tiruvannamalai,1.0,-2.3357142857142854
2023-01-03 13:00:00,593,Tiruvannamalai,0.5,-2.3357142857142854
2023-01-04 07:00:00,593,Tiruvannamalai,6.0,-1.8615
2023-01-04 19:00:00,593,Tiruvannamalai,362.0,-2.1164285714285715
2023-01-05 00:00:00,593,Tiruvannamalai,4.0,-2.133
2023-01-05 05:00:00,593,Tiruvannamalai,13.0,-3.7745
2023-01-05 07:00:00,593,Tiruvannamalai,1.0,-2.102428571428572
2023-01-05 11:00:00,593,Tiruvannamalai,4.0,-3.7845
2023-01-05 12:00:00,593,Tiruvannamalai,4.0,-2.269857142857143
2023-01-05 13:00:00,593,Tiruvannamalai,2.5,-2.269857142857143
2023-01-05 14:00:00,593,Tiruvannamalai,8.0,-2.269857142857143
2023-01-05 15:00:00,593,Tiruvannamalai,2.5,-2.269857142857143
2023-01-05 18:00:00,593,Tiruvannamalai,1.0,-2.458666666666667
2023-01-05 20:00:00,593,Tiruvannamalai,1.0,-2.458666666666667
2023-01-05 21:00:00,593,Tiruvannamalai,1.0,-2.458666666666667
2023-01-05 23:00:00,593,Tiruvannamalai,16.0,-3.8005
2023-01-06 03:00:00,593,Tiruvannamalai,10.0,-2.4476666666666667
2023-01-06 04:00:00,593,Tiruvannamalai,2.5,-3.7965
2023-01-06 23:00:00,593,Tiruvannamalai,1.0,-3.8165
2023-01-07 02:00:00,593,Tiruvannamalai,0.5,-2.5526
2023-01-07 08:00:00,593,Tiruvannamalai,2.0,-1.4466666666666663
2023-01-07 09:00:00,593,Tiruvannamalai,1.5,-1.4466666666666663
2023-01-07 10:00:00,593,Tiruvannamalai,1.5,-3.8265
2023-01-07 11:00:00,593,Tiruvannamalai,1.0,-3.8265
2023-01-07 12:00:00,593,Tiruvannamalai,6.5,-1.517
2023-01-07 13:00:00,593,Tiruvannamalai,2.5,-1.517
2023-01-08 09:00:00,593,Tiruvannamalai,1.0,-2.5872
2023-01-08 10:00:00,593,Tiruvannamalai,2.5,-3.8435
2023-01-08 11:00:00,593,Tiruvannamalai,6.5,-3.8435
2023-01-08 12:00:00,593,Tiruvannamalai,14.5,-2.6944
2023-01-08 13:00:00,593,Tiruvannamalai,2.0,-2.6944
2023-01-08 14:00:00,593,Tiruvannamalai,53.0,-2.6944
2023-01-08 15:00:00,593,Tiruvannamalai,4.0,-2.6944
2023-01-08 18:00:00,593,Tiruvannamalai,58.5,-2.05625
2023-01-10 06:00:00,593,Tiruvannamalai,2.5,-1.363
2023-01-11 14:00:00,593,Tiruvannamalai,12.0,-2.139125
2023-01-11 17:00:00,593,Tiruvannamalai,13.0,-3.8695
2023-01-11 19:00:00,593,Tiruvannamalai,3.5,-2.111125
2023-01-12 11:00:00,593,Tiruvannamalai,2.0,-3.9005
2023-01-12 14:00:00,593,Tiruvannamalai,0.5,-2.1685
2023-01-13 11:00:00,593,Tiruvannamalai,0.5,-3.925
2023-01-13 13:00:00,593,Tiruvannamalai,1.0,-2.201625
2023-01-13 14:00:00,593,Tiruvannamalai,0.5,-2.201625
2023-01-13 15:00:00,593,Tiruvannamalai,1.0,-2.201625
2023-01-13 16:00:00,593,Tiruvannamalai,1.0,-6.558
2023-01-14 16:00:00,593,Tiruvannamalai,2.5,-6.564
2023-01-14 17:00:00,593,Tiruvannamalai,5.0,-6.564
2023-01-14 18:00:00,593,Tiruvannamalai,2.0,-2.19225
2023-01-15 17:00:00,593,Tiruvannamalai,0.5,-3.946
2023-01-16 11:00:00,593,Tiruvannamalai,1.0,-3.9715
2023-01-16 14:00:00,593,Tiruvannamalai,1.0,-2.229625
2023-01-17 05:00:00,593,Tiruvannamalai,0.5,-3.9745
2023-01-17 07:00:00,593,Tiruvannamalai,1.5,-2.19025
2023-01-18 14:00:00,593,Tiruvannamalai,0.5,-2.289125
2023-01-18 21:00:00,593,Tiruvannamalai,4.5,-2.26125
2023-02-03 12:00:00,593,Tiruvannamalai,1.5,-2.7350000000000003
2023-02-03 13:00:00,593,Tiruvannamalai,0.5,-2.7350000000000003
2023-02-03 19:00:00,593,Tiruvannamalai,1.0,-2.5638750000000003
2023-02-03 20:00:00,593,Tiruvannamalai,2.0,-2.5638750000000003
2023-02-03 21:00:00,593,Tiruvannamalai,2.5,-2.5638750000000003
2023-02-03 22:00:00,593,Tiruvannamalai,0.5,-4.3615
2023-02-04 00:00:00,593,Tiruvannamalai,0.5,-2.588125
2023-03-12 10:00:00,593,Tiruvannamalai,0.5,-5.3665
2023-03-13 11:05:00,593,Tiruvannamalai,1.5,-5.3985
2023-03-13 12:00:00,593,Tiruvannamalai,1.5,-3.76
2023-03-17 17:00:00,593,Tiruvannamalai,35.0,-3.527
2023-03-17 18:00:00,593,Tiruvannamalai,4.0,-3.80775
2023-03-18 14:00:00,593,Tiruvannamalai,2.0,-3.888375
2023-03-18 19:00:00,593,Tiruvannamalai,2.25,-3.827375
2023-03-18 20:00:00,593,Tiruvannamalai,0.5,-3.827375
2023-03-19 05:00:00,593,Tiruvannamalai,1.0,-5.509
2023-03-19 06:00:00,593,Tiruvannamalai,1.75,-3.7665
2023-03-19 09:00:00,593,Tiruvannamalai,0.5,-3.7665
2023-03-19 15:00:00,593,Tiruvannamalai,0.75,-3.791625
2023-03-19 16:00:00,593,Tiruvannamalai,4.0,-5.5245
2023-03-19 17:00:00,593,Tiruvannamalai,1.25,-5.5245
2023-03-19 18:00:00,593,Tiruvannamalai,2.75,-3.803
2023-03-19 19:00:00,593,Tiruvannamalai,2.0,-3.803
2023-03-19 21:00:00,593,Tiruvannamalai,1.0,-3.803
2023-03-20 01:00:00,593,Tiruvannamalai,1.0,-3.833
2023-03-20 03:00:00,593,Tiruvannamalai,0.5,-3.833
2023-03-20 04:00:00,593,Tiruvannamalai,3.5,-5.527
2023-03-20 05:00:00,593,Tiruvannamalai,2.6666666666666665,-5.527
2023-03-20 18:00:00,593,Tiruvannamalai,5.0,-3.801125
2023-03-20 19:00:00,593,Tiruvannamalai,8.833333333333334,-3.801125
2023-03-20 20:00:00,593,Tiruvannamalai,9.0,-3.801125
2023-03-20 21:00:00,593,Tiruvannamalai,17.25,-3.801125
2023-03-20 22:00:00,593,Tiruvannamalai,11.75,-5.5485
2023-03-20 23:00:00,593,Tiruvannamalai,14.8,-5.5485
2023-03-21 00:00:00,593,Tiruvannamalai,2.1666666666666665,-3.81725
2023-03-23 06:00:00,593,Tiruvannamalai,1.0,-3.5348571428571427
2023-04-02 01:00:00,593,Tiruvannamalai,9.0,-3.77975
2023-04-02 02:00:00,593,Tiruvannamalai,1.0,-3.77975
2023-04-02 03:00:00,593,Tiruvannamalai,0.5,-3.77975
2023-04-21 19:00:00,593,Tiruvannamalai,1.0,-4.3016250000000005
2023-04-21 20:00:00,593,Tiruvannamalai,0.5,-4.3016250000000005
2023-04-22 18:00:00,593,Tiruvannamalai,3.75,-4.37125
2023-04-22 19:00:00,593,Tiruvannamalai,1.0,-4.37125
2023-04-22 22:00:00,593,Tiruvannamalai,0.5,-4.36325
2023-04-23 18:00:00,593,Tiruvannamalai,0.5,-4.38425
2023-04-23 20:00:00,593,Tiruvannamalai,7.5,-4.38425
2023-04-23 21:00:00,593,Tiruvannamalai,1.75,-4.38425
2023-04-23 22:00:00,593,Tiruvannamalai,11.25,-4.619
2023-04-23 23:00:00,593,Tiruvannamalai,22.75,-4.619
2023-04-24 00:00:00,593,Tiruvannamalai,2.5,-4.363125
2023-04-24 01:00:00,593,Tiruvannamalai,0.7,-4.363125
2023-04-24 02:00:00,593,Tiruvannamalai,0.6666666666666666,-4.363125
2023-04-24 03:00:00,593,Tiruvannamalai,0.5,-4.363125
2023-04-24 17:00:00,593,Tiruvannamalai,0.5,-6.3825
2023-04-25 12:00:00,593,Tiruvannamalai,8.0,-4.333857142857143
2023-04-27 17:00:00,593,Tiruvannamalai,6.5,-6.437
2023-04-27 18:00:00,593,Tiruvannamalai,1.0,-4.37025
2023-04-29 12:00:00,593,Tiruvannamalai,4.5,-4.461625
2023-04-29 13:00:00,593,Tiruvannamalai,8.5,-4.461625
2023-04-29 14:00:00,593,Tiruvannamalai,2.0,-4.461625
2023-04-29 15:00:00,593,Tiruvannamalai,5.666666666666667,-4.461625
2023-04-30 15:00:00,593,Tiruvannamalai,4.5,-4.632285714285715
2023-05-01 14:00:00,593,Tiruvannamalai,6.5,-4.402875
2023-05-01 15:00:00,593,Tiruvannamalai,1.0,-4.402875
2023-05-01 16:00:00,593,Tiruvannamalai,0.5,-4.694
2023-05-01 17:00:00,593,Tiruvannamalai,0.5,-4.694
2023-05-01 19:00:00,593,Tiruvannamalai,1.0,-4.484624999999999
2023-05-01 20:00:00,593,Tiruvannamalai,6.0,-4.484624999999999
2023-05-01 21:00:00,593,Tiruvannamalai,11.0,-4.484624999999999
2023-05-01 22:00:00,593,Tiruvannamalai,4.833333333333333,-4.689
2023-05-01 23:00:00,593,Tiruvannamalai,13.4,-4.689
2023-05-02 00:00:00,593,Tiruvannamalai,17.1,-4.379
2023-05-02 01:00:00,593,Tiruvannamalai,4.666666666666667,-4.379
2023-05-02 02:00:00,593,Tiruvannamalai,3.25,-4.379
2023-05-02 03:00:00,593,Tiruvannamalai,0.8333333333333334,-4.379
2023-05-02 04:00:00,593,Tiruvannamalai,1.6666666666666667,-4.663
2023-05-02 05:00:00,593,Tiruvannamalai,1.25,-4.663
2023-05-02 06:00:00,593,Tiruvannamalai,0.75,-4.265000000000001
2023-05-02 07:00:00,593,Tiruvannamalai,0.5,-4.265000000000001
2023-05-02 08:00:00,593,Tiruvannamalai,0.5,-4.265000000000001
2023-05-03 16:00:00,593,Tiruvannamalai,9.0,-4.623
2023-05-03 17:00:00,593,Tiruvannamalai,1.5,-4.623
2023-05-03 19:00:00,593,Tiruvannamalai,9.0,-4.0222500000000005
2023-05-03 20:00:00,593,Tiruvannamalai,7.333333333333333,-4.0222500000000005
2023-05-03 21:00:00,593,Tiruvannamalai,6.0,-4.0222500000000005
2023-05-03 22:00:00,593,Tiruvannamalai,10.625,-4.611
2023-05-03 23:00:00,593,Tiruvannamalai,5.75,-4.611
2023-05-04 00:00:00,593,Tiruvannamalai,4.125,-4.053625
2023-05-04 01:00:00,593,Tiruvannamalai,1.25,-4.053625
2023-05-04 02:00:00,593,Tiruvannamalai,2.0,-4.053625
2023-05-04 06:00:00,593,Tiruvannamalai,0.5,-3.979625
2023-05-04 17:00:00,593,Tiruvannamalai,0.5,-6.3625
2023-05-04 20:00:00,593,Tiruvannamalai,0.5,-3.977375
2023-05-04 22:00:00,593,Tiruvannamalai,0.5,-6.3685
2023-05-04 23:00:00,593,Tiruvannamalai,3.25,-6.3685
2023-05-05 00:00:00,593,Tiruvannamalai,0.5,-3.955
2023-05-05 01:00:00,593,Tiruvannamalai,1.0,-3.955
2023-05-05 18:00:00,593,Tiruvannamalai,5.0,-3.865625
2023-05-05 19:00:00,593,Tiruvannamalai,13.333333333333334,-3.865625
2023-05-05 20:00:00,593,Tiruvannamalai,1.3333333333333333,-3.865625
2023-05-05 21:00:00,593,Tiruvannamalai,1.5,-3.865625
2023-05-05 22:00:00,593,Tiruvannamalai,0.5,-8.301
2023-05-06 15:00:00,593,Tiruvannamalai,15.0,-3.827375
2023-05-06 16:00:00,593,Tiruvannamalai,11.6,-6.217
2023-05-06 17:00:00,593,Tiruvannamalai,2.7,-6.217
2023-05-06 18:00:00,593,Tiruvannamalai,0.625,-3.767875
2023-05-06 19:00:00,593,Tiruvannamalai,1.8333333333333333,-3.767875
2023-05-06 20:00:00,593,Tiruvannamalai,1.6,-3.767875
2023-05-06 21:00:00,593,Tiruvannamalai,1.5,-3.767875
2023-05-06 22:00:00,593,Tiruvannamalai,0.75,-6.160500000000001
2023-05-06 23:00:00,593,Tiruvannamalai,0.5,-6.160500000000001
2023-05-07 18:00:00,593,Tiruvannamalai,9.5,-3.639875
2023-05-07 19:00:00,593,Tiruvannamalai,5.75,-3.639875
2023-05-07 20:00:00,593,Tiruvannamalai,1.5,-3.639875
2023-05-07 21:00:00,593,Tiruvannamalai,5.166666666666667,-3.639875
2023-05-07 22:00:00,593,Tiruvannamalai,2.75,-6.1605
2023-05-07 23:00:00,593,Tiruvannamalai,2.875,-6.1605
2023-05-08 00:00:00,593,Tiruvannamalai,1.3333333333333333,-3.623875
2023-05-08 01:00:00,593,Tiruvannamalai,1.0,-3.623875
2023-05-08 02:00:00,593,Tiruvannamalai,0.5,-3.623875
2023-05-08 17:00:00,593,Tiruvannamalai,1.0,-4.018
2023-05-09 17:00:00,593,Tiruvannamalai,2.0,-3.5405
2023-06-02 12:00:00,593,Tiruvannamalai,4.0,-4.020125
2023-06-02 14:00:00,593,Tiruvannamalai,5.0,-4.020125
2023-06-02 19:00:00,593,Tiruvannamalai,3.5,-3.96025
2023-06-02 20:00:00,593,Tiruvannamalai,20.5,-3.96025
2023-06-02 23:00:00,593,Tiruvannamalai,5.5,-6.6135
2023-06-05 17:00:00,593,Tiruvannamalai,9.0,-8.498
2023-06-06 19:00:00,593,Tiruvannamalai,18.5,-4.060875
2023-06-06 20:00:00,593,Tiruvannamalai,5.75,-4.060875
2023-06-06 21:00:00,593,Tiruvannamalai,3.5,-4.060875
2023-06-06 22:00:00,593,Tiruvannamalai,3.5,-6.6745
2023-06-07 00:00:00,593,Tiruvannamalai,0.5,-4.063375
2023-06-07 17:00:00,593,Tiruvannamalai,1.5,-6.6745
2023-06-07 18:00:00,593,Tiruvannamalai,1.0,-4.04225
2023-06-10 21:00:00,593,Tiruvannamalai,0.5,-4.085
2023-06-11 19:00:00,593,Tiruvannamalai,0.5,-4.09025
2023-06-12 16:00:00,593,Tiruvannamalai,7.5,-4.793
2023-06-12 17:00:00,593,Tiruvannamalai,13.0,-4.793
2023-06-12 18:00:00,593,Tiruvannamalai,4.5,-4.184375
2023-06-12 20:00:00,593,Tiruvannamalai,1.0,-4.184375
2023-06-12 22:00:00,593,Tiruvannamalai,0.5,-4.792
2023-06-13 00:00:00,593,Tiruvannamalai,0.5,-4.125125
2023-06-13 21:00:00,593,Tiruvannamalai,0.5,-4.280749999999999
2023-06-13 22:00:00,593,Tiruvannamalai,6.0,-4.784
2023-06-13 23:00:00,593,Tiruvannamalai,1.5,-4.784
2023-06-14 00:00:00,593,Tiruvannamalai,0.5,-4.200625
2023-06-14 01:00:00,593,Tiruvannamalai,2.0,-4.200625
2023-06-14 02:00:00,593,Tiruvannamalai,0.75,-4.200625
2023-06-16 21:00:00,593,Tiruvannamalai,0.5,-4.257875
2023-06-16 22:00:00,593,Tiruvannamalai,1.5,-4.954
2023-06-17 03:00:00,593,Tiruvannamalai,1.0,-4.235875
2023-06-17 20:00:00,593,Tiruvannamalai,22.5,-4.263125
2023-06-17 21:00:00,593,Tiruvannamalai,1.75,-4.263125
2023-06-18 11:00:00,593,Tiruvannamalai,1.0,-4.334
2023-06-18 12:00:00,593,Tiruvannamalai,2.25,-4.334
2023-06-18 13:00:00,593,Tiruvannamalai,1.0,-4.334
2023-06-18 14:00:00,593,Tiruvannamalai,0.6666666666666666,-4.334
2023-06-18 23:00:00,593,Tiruvannamalai,0.5,-5.02
2023-06-19 00:00:00,593,Tiruvannamalai,0.5,-4.316375
2023-06-19 02:00:00,593,Tiruvannamalai,0.75,-4.316375
2023-06-19 03:00:00,593,Tiruvannamalai,2.5,-4.316375
2023-06-19 04:00:00,593,Tiruvannamalai,1.0,-4.284125
2023-06-19 05:00:00,593,Tiruvannamalai,1.7,-4.284125
2023-06-19 06:00:00,593,Tiruvannamalai,1.25,-4.284125
2023-06-19 07:00:00,593,Tiruvannamalai,1.25,-4.284125
2023-06-19 08:00:00,593,Tiruvannamalai,3.1666666666666665,-4.284125
2023-06-19 09:00:00,593,Tiruvannamalai,2.125,-4.284125
2023-06-19 10:00:00,593,Tiruvannamalai,1.5,-4.332375
2023-06-19 11:00:00,593,Tiruvannamalai,0.6666666666666666,-4.332375
2023-06-19 12:00:00,593,Tiruvannamalai,0.5,-4.332375
2023-06-19 13:00:00,593,Tiruvannamalai,0.5,-4.332375
2023-06-19 15:00:00,593,Tiruvannamalai,0.5,-4.332375
2023-06-19 21:00:00,593,Tiruvannamalai,1.75,-4.295624999999999
2023-06-19 22:00:00,593,Tiruvannamalai,1.6666666666666667,-5.044
2023-06-19 23:00:00,593,Tiruvannamalai,3.8,-5.044
2023-06-20 00:00:00,593,Tiruvannamalai,9.2,-4.319625
2023-06-20 01:00:00,593,Tiruvannamalai,3.8333333333333335,-4.319625
2023-06-20 02:00:00,593,Tiruvannamalai,2.6666666666666665,-4.319625
2023-06-20 03:00:00,593,Tiruvannamalai,2.4166666666666665,-4.319625
2023-06-20 04:00:00,593,Tiruvannamalai,1.7,-4.275375
2023-06-20 05:00:00,593,Tiruvannamalai,1.75,-4.275375
2023-06-20 06:00:00,593,Tiruvannamalai,2.083333333333333,-4.275375
2023-06-20 07:00:00,593,Tiruvannamalai,2.1666666666666665,-4.275375
2023-06-20 08:00:00,593,Tiruvannamalai,0.6666666666666666,-4.275375
2023-06-20 09:00:00,593,Tiruvannamalai,0.75,-4.275375
2023-06-20 10:00:00,593,Tiruvannamalai,0.5,-4.317625
2023-06-20 11:00:00,593,Tiruvannamalai,0.5,-4.317625
2023-06-20 14:00:00,593,Tiruvannamalai,0.5,-4.317625
2023-06-20 16:00:00,593,Tiruvannamalai,9.0,-5.038
2023-06-20 17:00:00,593,Tiruvannamalai,0.5,-5.038
2023-06-20 22:00:00,593,Tiruvannamalai,0.5,-5.021
2023-06-20 23:00:00,593,Tiruvannamalai,5.5,-5.021
2023-06-21 00:00:00,593,Tiruvannamalai,0.5,-4.241375
2023-06-21 01:00:00,593,Tiruvannamalai,1.75,-4.241375
2023-06-21 02:00:00,593,Tiruvannamalai,2.0,-4.241375
2023-06-21 03:00:00,593,Tiruvannamalai,0.5,-4.241375
2023-06-21 04:00:00,593,Tiruvannamalai,0.5,-4.186125
2023-06-21 12:00:00,593,Tiruvannamalai,0.5,-4.311875000000001
2023-06-22 00:00:00,593,Tiruvannamalai,1.5,-4.221375
2023-06-22 01:00:00,593,Tiruvannamalai,0.5,-4.221375
2023-06-23 01:00:00,593,Tiruvannamalai,3.1666666666666665,-4.1715
2023-06-23 02:00:00,593,Tiruvannamalai,1.0,-4.1715
2023-07-01 17:00:00,593,Tiruvannamalai,3.0,-4.3285
2023-07-01 18:00:00,593,Tiruvannamalai,3.0,-4.3285
2023-07-01 19:00:00,593,Tiruvannamalai,0.5,-4.3285
2023-07-01 21:00:00,593,Tiruvannamalai,3.75,-4.3285
2023-07-01 22:00:00,593,Tiruvannamalai,4.25,-4.34925
2023-07-03 00:00:00,593,Tiruvannamalai,13.0,-4.376
2023-07-03 01:00:00,593,Tiruvannamalai,3.0,-4.376
2023-07-03 02:00:00,593,Tiruvannamalai,1.5,-4.376
2023-07-03 05:00:00,593,Tiruvannamalai,0.5,-5.2
2023-07-03 07:00:00,593,Tiruvannamalai,0.5,-4.356375
2023-07-03 09:00:00,593,Tiruvannamalai,0.5,-4.356375
2023-07-03 17:00:00,593,Tiruvannamalai,2.75,-5.23
2023-07-03 18:00:00,593,Tiruvannamalai,5.75,-4.448
2023-07-03 19:00:00,593,Tiruvannamalai,1.875,-4.448
2023-07-03 20:00:00,593,Tiruvannamalai,2.0,-4.448
2023-07-03 21:00:00,593,Tiruvannamalai,0.75,-4.448
2023-07-03 22:00:00,593,Tiruvannamalai,0.5,-5.219
2023-07-03 23:00:00,593,Tiruvannamalai,0.5,-5.219
2023-07-04 19:00:00,593,Tiruvannamalai,5.833333333333333,-4.45825
2023-07-04 20:00:00,593,Tiruvannamalai,2.0,-4.45825
2023-07-08 18:00:00,593,Tiruvannamalai,0.5,-4.476
2023-07-08 19:00:00,593,Tiruvannamalai,6.0,-4.476
2023-07-08 20:00:00,593,Tiruvannamalai,2.0,-4.476
2023-07-09 18:00:00,593,Tiruvannamalai,17.5,-4.492875
2023-07-09 21:00:00,593,Tiruvannamalai,0.5,-4.492875
2023-07-09 22:00:00,593,Tiruvannamalai,0.5,-5.342
2023-07-09 23:00:00,593,Tiruvannamalai,2.5,-5.342
2023-07-10 00:00:00,593,Tiruvannamalai,0.75,-4.429625
2023-07-10 01:00:00,593,Tiruvannamalai,2.0,-4.429625
2023-07-10 02:00:00,593,Tiruvannamalai,2.0,-4.429625
2023-07-10 03:00:00,593,Tiruvannamalai,1.5,-4.429625
2023-07-10 04:00:00,593,Tiruvannamalai,0.5,-5.323
2023-07-10 05:00:00,593,Tiruvannamalai,0.5,-5.323
2023-07-10 12:00:00,593,Tiruvannamalai,0.5,-4.54225
2023-07-10 16:00:00,593,Tiruvannamalai,1.0,-4.52225
2023-07-10 17:00:00,593,Tiruvannamalai,3.5,-4.52225
2023-07-10 18:00:00,593,Tiruvannamalai,2.5,-4.52225
2023-07-10 19:00:00,593,Tiruvannamalai,3.6666666666666665,-4.52225
2023-07-10 20:00:00,593,Tiruvannamalai,0.8333333333333334,-4.52225
2023-07-10 21:00:00,593,Tiruvannamalai,2.0,-4.52225
2023-07-10 22:00:00,593,Tiruvannamalai,2.0,-3.794
2023-07-10 23:00:00,593,Tiruvannamalai,1.75,-3.794
2023-07-11 00:00:00,593,Tiruvannamalai,1.25,-3.794
2023-07-11 01:00:00,593,Tiruvannamalai,3.1666666666666665,-3.794
2023-07-11 02:00:00,593,Tiruvannamalai,0.5,-3.794
2023-07-11 05:00:00,593,Tiruvannamalai,0.5,-3.770857142857143
2023-07-11 23:00:00,593,Tiruvannamalai,3.625,-3.755142857142857
2023-07-12 00:00:00,593,Tiruvannamalai,1.75,-3.755142857142857
2023-07-12 01:00:00,593,Tiruvannamalai,0.5,-3.755142857142857
2023-07-12 09:00:00,593,Tiruvannamalai,0.5,-3.739142857142857
2023-07-12 12:00:00,593,Tiruvannamalai,0.5,-3.8382857142857145
2023-07-12 18:00:00,593,Tiruvannamalai,13.5,-3.728142857142857
2023-07-12 21:00:00,593,Tiruvannamalai,3.0,-3.728142857142857
2023-07-12 22:00:00,593,Tiruvannamalai,2.5,-5.144
2023-07-12 23:00:00,593,Tiruvannamalai,5.2,-5.144
2023-07-13 00:00:00,593,Tiruvannamalai,12.75,-3.685428571428572
2023-07-13 01:00:00,593,Tiruvannamalai,2.5,-3.685428571428572
2023-07-13 03:00:00,593,Tiruvannamalai,0.75,-3.685428571428572
2023-07-13 04:00:00,593,Tiruvannamalai,0.5,-3.658142857142857
2023-07-13 07:00:00,593,Tiruvannamalai,0.5,-3.658142857142857
2023-07-13 19:00:00,593,Tiruvannamalai,6.75,-4.9384
2023-07-13 20:00:00,593,Tiruvannamalai,2.333333333333333,-4.9384
2023-07-13 21:00:00,593,Tiruvannamalai,0.5,-4.9384
2023-07-13 22:00:00,593,Tiruvannamalai,1.5,-5.022
2023-07-14 21:00:00,593,Tiruvannamalai,0.5,-4.3815
2023-07-15 11:00:00,593,Tiruvannamalai,0.5,-5.014
2023-07-19 18:00:00,593,Tiruvannamalai,1.5,-4.47725
2023-07-22 20:00:00,593,Tiruvannamalai,0.5,-4.5795
2023-07-22 21:00:00,593,Tiruvannamalai,1.0,-4.5795
2023-07-22 22:00:00,593,Tiruvannamalai,0.5,-5.253
2023-07-23 04:00:00,593,Tiruvannamalai,0.5,-4.55225
2023-07-23 05:00:00,593,Tiruvannamalai,0.5,-4.55225
2023-07-23 07:00:00,593,Tiruvannamalai,0.5,-4.55225
2023-07-23 12:00:00,593,Tiruvannamalai,0.5,-4.6003750000000005
2023-07-23 18:00:00,593,Tiruvannamalai,0.5,-4.582375
2023-07-23 20:00:00,593,Tiruvannamalai,0.5,-4.582375
2023-07-23 21:00:00,593,Tiruvannamalai,0.5,-4.582375
2023-07-23 22:00:00,593,Tiruvannamalai,0.5,-4.582625
2023-07-23 23:00:00,593,Tiruvannamalai,0.5,-4.582625
2023-07-24 00:00:00,593,Tiruvannamalai,0.5,-4.582625
2023-07-24 04:00:00,593,Tiruvannamalai,0.5,-5.266
2023-07-24 06:00:00,593,Tiruvannamalai,0.5,-4.5605
2023-07-24 17:00:00,593,Tiruvannamalai,0.5,-5.262
2023-07-24 18:00:00,593,Tiruvannamalai,1.0,-4.65
2023-07-24 19:00:00,593,Tiruvannamalai,1.25,-4.65
2023-07-24 20:00:00,593,Tiruvannamalai,0.5,-4.65
2023-07-24 21:00:00,593,Tiruvannamalai,0.6666666666666666,-4.65
2023-07-24 22:00:00,593,Tiruvannamalai,1.0,-5.27
2023-07-24 23:00:00,593,Tiruvannamalai,0.5,-5.27
2023-07-25 00:00:00,593,Tiruvannamalai,0.5,-4.586374999999999
2023-07-25 01:00:00,593,Tiruvannamalai,0.5,-4.586374999999999
2023-07-25 03:00:00,593,Tiruvannamalai,0.5,-4.586374999999999
2023-07-25 07:00:00,593,Tiruvannamalai,0.5,-4.56575
2023-07-25 10:00:00,593,Tiruvannamalai,0.5,-4.65875
2023-07-25 14:00:00,593,Tiruvannamalai,0.5,-4.65875
2023-07-25 16:00:00,593,Tiruvannamalai,0.5,-5.257
2023-07-25 18:00:00,593,Tiruvannamalai,0.5,-4.628625
2023-07-25 19:00:00,593,Tiruvannamalai,1.0,-4.628625
2023-07-25 20:00:00,593,Tiruvannamalai,0.875,-4.628625
2023-07-25 21:00:00,593,Tiruvannamalai,0.625,-4.628625
2023-07-25 22:00:00,593,Tiruvannamalai,0.8333333333333334,-5.257
2023-07-25 23:00:00,593,Tiruvannamalai,1.25,-5.257
2023-07-26 00:00:00,593,Tiruvannamalai,1.1666666666666667,-4.619
2023-07-26 01:00:00,593,Tiruvannamalai,0.75,-4.619
2023-07-26 02:00:00,593,Tiruvannamalai,0.5,-4.619
2023-07-26 03:00:00,593,Tiruvannamalai,0.5,-4.619
2023-07-26 04:00:00,593,Tiruvannamalai,1.0,-4.569625
2023-07-26 05:00:00,593,Tiruvannamalai,0.5,-4.569625
2023-07-26 06:00:00,593,Tiruvannamalai,0.5,-4.569625
2023-07-26 08:00:00,593,Tiruvannamalai,0.5,-4.569625
2023-07-26 13:00:00,593,Tiruvannamalai,0.5,-4.673625
2023-07-26 15:00:00,593,Tiruvannamalai,0.5,-4.673625
2023-07-26 20:00:00,593,Tiruvannamalai,0.5,-4.723375
2023-07-26 22:00:00,593,Tiruvannamalai,0.5,-5.246
2023-07-31 17:00:00,593,Tiruvannamalai,0.5,-5.335
2023-07-31 19:00:00,593,Tiruvannamalai,1.0,-4.727875
2023-08-04 23:00:00,593,Tiruvannamalai,2.0,-5.387
2023-08-05 00:00:00,593,Tiruvannamalai,0.5,-4.885125
2023-08-06 17:00:00,593,Tiruvannamalai,0.5,-4.325714285714286
2023-08-08 18:00:00,593,Tiruvannamalai,3.0,-5.064625
2023-08-08 19:00:00,593,Tiruvannamalai,5.25,-5.064625
2023-08-08 20:00:00,593,Tiruvannamalai,0.5,-5.064625
2023-08-08 21:00:00,593,Tiruvannamalai,1.25,-5.064625
2023-08-08 22:00:00,593,Tiruvannamalai,1.5,-5.066125
2023-08-08 23:00:00,593,Tiruvannamalai,0.5,-5.066125
2023-08-09 00:00:00,593,Tiruvannamalai,0.5,-5.066125
2023-08-09 01:00:00,593,Tiruvannamalai,0.75,-5.066125
2023-08-09 02:00:00,593,Tiruvannamalai,0.75,-5.066125
2023-08-09 04:00:00,593,Tiruvannamalai,0.5,-5.038875
2023-08-09 17:00:00,593,Tiruvannamalai,1.5,-5.02825
2023-08-09 18:00:00,593,Tiruvannamalai,9.0,-5.02825
2023-08-09 19:00:00,593,Tiruvannamalai,4.75,-5.02825
2023-08-09 20:00:00,593,Tiruvannamalai,12.25,-5.02825
2023-08-09 21:00:00,593,Tiruvannamalai,3.6666666666666665,-5.02825
2023-08-09 22:00:00,593,Tiruvannamalai,8.166666666666666,-5.006125
2023-08-09 23:00:00,593,Tiruvannamalai,5.375,-5.006125
2023-08-10 00:00:00,593,Tiruvannamalai,1.375,-5.006125
2023-08-10 01:00:00,593,Tiruvannamalai,1.5,-5.006125
2023-08-10 02:00:00,593,Tiruvannamalai,2.25,-5.006125
2023-08-10 03:00:00,593,Tiruvannamalai,1.5,-5.006125
2023-08-10 04:00:00,593,Tiruvannamalai,5.0,-4.996
2023-08-10 05:00:00,593,Tiruvannamalai,1.0,-4.996
2023-08-10 06:00:00,593,Tiruvannamalai,0.5,-4.996
2023-08-10 07:00:00,593,Tiruvannamalai,0.5,-4.996
2023-08-10 13:00:00,593,Tiruvannamalai,0.5,-5.108125
2023-08-10 19:00:00,593,Tiruvannamalai,7.0,-5.089375
2023-08-10 20:00:00,593,Tiruvannamalai,21.166666666666668,-5.089375
2023-08-10 21:00:00,593,Tiruvannamalai,24.166666666666668,-5.089375
2023-08-10 22:00:00,593,Tiruvannamalai,2.833333333333333,-5.0205
2023-08-10 23:00:00,593,Tiruvannamalai,1.6666666666666667,-5.0205
2023-08-11 00:00:00,593,Tiruvannamalai,0.8333333333333334,-5.0205
2023-08-11 01:00:00,593,Tiruvannamalai,1.0,-5.0205
2023-08-11 02:00:00,593,Tiruvannamalai,0.5,-5.0205
2023-08-11 15:00:00,593,Tiruvannamalai,0.5,-5.06775
2023-08-11 16:00:00,593,Tiruvannamalai,13.25,-5.01175
2023-08-11 17:00:00,593,Tiruvannamalai,1.5,-5.01175
2023-08-11 18:00:00,593,Tiruvannamalai,1.5,-5.01175
2023-08-11 19:00:00,593,Tiruvannamalai,0.75,-5.01175
2023-08-11 20:00:00,593,Tiruvannamalai,0.75,-5.01175
2023-08-11 21:00:00,593,Tiruvannamalai,0.5,-5.01175
2023-08-11 22:00:00,593,Tiruvannamalai,0.5,-4.929875
2023-08-11 23:00:00,593,Tiruvannamalai,0.5,-4.929875
2023-08-12 00:00:00,593,Tiruvannamalai,0.5,-4.929875
2023-08-12 01:00:00,593,Tiruvannamalai,0.5,-4.929875
2023-08-12 02:00:00,593,Tiruvannamalai,0.5,-4.929875
2023-08-12 03:00:00,593,Tiruvannamalai,0.5,-4.929875
2023-08-12 04:00:00,593,Tiruvannamalai,0.5,-4.888375
2023-08-12 11:00:00,593,Tiruvannamalai,0.5,-4.94675
2023-08-12 17:00:00,593,Tiruvannamalai,2.0,-4.940625
2023-08-12 18:00:00,593,Tiruvannamalai,3.5,-4.940625
2023-08-12 19:00:00,593,Tiruvannamalai,0.5,-4.940625
2023-08-13 01:00:00,593,Tiruvannamalai,0.5,-4.861125
2023-08-13 02:00:00,593,Tiruvannamalai,0.5,-4.861125
2023-08-13 23:00:00,593,Tiruvannamalai,0.5,-4.83625
2023-08-14 10:00:00,593,Tiruvannamalai,0.5,-4.899625
2023-08-14 13:00:00,593,Tiruvannamalai,0.5,-4.899625
2023-08-14 23:00:00,593,Tiruvannamalai,0.5,-4.83075
2023-08-15 01:00:00,593,Tiruvannamalai,5.0,-4.83075
2023-08-15 02:00:00,593,Tiruvannamalai,1.5,-4.83075
2023-08-15 05:00:00,593,Tiruvannamalai,0.5,-4.784
2023-08-15 08:00:00,593,Tiruvannamalai,0.5,-4.784
2023-08-15 14:00:00,593,Tiruvannamalai,0.5,-4.888375
2023-08-15 18:00:00,593,Tiruvannamalai,0.5,-4.818125
2023-08-16 00:00:00,593,Tiruvannamalai,0.5,-4.852875
2023-08-16 04:00:00,593,Tiruvannamalai,0.5,-4.797625
2023-08-16 05:00:00,593,Tiruvannamalai,0.5,-4.797625
2023-08-16 09:00:00,593,Tiruvannamalai,0.5,-4.797625
2023-08-16 12:00:00,593,Tiruvannamalai,0.5,-4.928625
2023-08-16 14:00:00,593,Tiruvannamalai,0.5,-4.928625
2023-08-16 16:00:00,593,Tiruvannamalai,0.5,-4.88025
2023-08-16 21:00:00,593,Tiruvannamalai,0.5,-4.88025
2023-08-17 05:00:00,593,Tiruvannamalai,0.5,-4.82425
2023-08-17 10:00:00,593,Tiruvannamalai,0.5,-4.9105
2023-08-17 12:00:00,593,Tiruvannamalai,0.5,-4.9105
2023-08-17 19:00:00,593,Tiruvannamalai,0.5,-4.907875
2023-08-18 11:00:00,593,Tiruvannamalai,0.5,-4.881
2023-08-18 23:00:00,593,Tiruvannamalai,0.5,-4.881
2023-08-19 01:00:00,593,Tiruvannamalai,0.5,-4.881
2023-08-19 10:00:00,593,Tiruvannamalai,0.5,-4.9295
2023-08-19 23:00:00,593,Tiruvannamalai,0.5,-5.555
2023-08-20 09:00:00,593,Tiruvannamalai,0.5,-4.879375
2023-08-20 17:00:00,593,Tiruvannamalai,0.5,-5.586
2023-08-21 00:00:00,593,Tiruvannamalai,0.5,-4.979125
2023-08-21 01:00:00,593,Tiruvannamalai,1.0,-4.979125
2023-08-21 05:00:00,593,Tiruvannamalai,0.5,-5.583
2023-08-21 14:00:00,593,Tiruvannamalai,0.5,-5.108874999999999
2023-08-21 20:00:00,593,Tiruvannamalai,0.5,-5.04975
2023-08-22 09:00:00,593,Tiruvannamalai,0.5,-5.010875
2023-08-23 01:00:00,593,Tiruvannamalai,1.5,-5.040625
2023-08-23 02:00:00,593,Tiruvannamalai,8.0,-5.040625
2023-08-23 03:00:00,593,Tiruvannamalai,6.0,-5.040625
2023-08-23 04:00:00,593,Tiruvannamalai,0.5,-5.0047500000000005
2023-08-23 06:00:00,593,Tiruvannamalai,0.5,-5.0047500000000005
2023-08-23 07:00:00,593,Tiruvannamalai,1.0,-5.0047500000000005
2023-08-23 08:00:00,593,Tiruvannamalai,0.5,-5.0047500000000005
2023-08-23 09:00:00,593,Tiruvannamalai,0.5,-5.0047500000000005
2023-08-23 10:00:00,593,Tiruvannamalai,0.75,-5.077375
2023-08-23 12:00:00,593,Tiruvannamalai,0.5,-5.077375
2023-08-23 13:00:00,593,Tiruvannamalai,0.5,-5.077375
2023-08-23 15:00:00,593,Tiruvannamalai,0.5,-5.077375
2023-08-23 16:00:00,593,Tiruvannamalai,0.5,-5.127375
2023-08-23 17:00:00,593,Tiruvannamalai,0.5,-5.127375
2023-08-23 18:00:00,593,Tiruvannamalai,0.5,-5.127375
2023-08-23 19:00:00,593,Tiruvannamalai,0.5,-5.127375
2023-08-23 20:00:00,593,Tiruvannamalai,0.5,-5.127375
2023-08-24 11:00:00,593,Tiruvannamalai,0.5,-5.0955
2023-08-25 09:00:00,593,Tiruvannamalai,0.5,-5.04375
2023-08-25 10:00:00,593,Tiruvannamalai,0.5,-5.163
2023-08-27 02:00:00,593,Tiruvannamalai,0.5,-5.17475
2023-08-27 03:00:00,593,Tiruvannamalai,1.0,-5.17475
2023-08-27 04:00:00,593,Tiruvannamalai,0.5,-5.683
2023-08-27 05:00:00,593,Tiruvannamalai,0.5,-5.683
2023-08-27 06:00:00,593,Tiruvannamalai,4.75,-5.155125
2023-08-27 07:00:00,593,Tiruvannamalai,1.0,-5.155125
2023-08-27 08:00:00,593,Tiruvannamalai,0.75,-5.155125
2023-08-27 10:00:00,593,Tiruvannamalai,0.5,-5.717
2023-08-27 11:00:00,593,Tiruvannamalai,0.5,-5.717
2023-08-27 13:00:00,593,Tiruvannamalai,0.5,-5.193625
2023-08-27 15:00:00,593,Tiruvannamalai,0.5,-5.193625
2023-08-27 21:00:00,593,Tiruvannamalai,0.5,-5.198375
2023-08-27 23:00:00,593,Tiruvannamalai,1.5,-5.219875
2023-08-28 00:00:00,593,Tiruvannamalai,27.0,-5.219875
2023-08-28 01:00:00,593,Tiruvannamalai,11.25,-5.219875
2023-08-28 02:00:00,593,Tiruvannamalai,2.25,-5.219875
2023-08-28 03:00:00,593,Tiruvannamalai,1.5,-5.219875
2023-08-28 04:00:00,593,Tiruvannamalai,0.5,-5.737
2023-08-28 05:00:00,593,Tiruvannamalai,0.5,-5.737
2023-08-28 07:00:00,593,Tiruvannamalai,0.5,-5.166875
2023-08-28 08:00:00,593,Tiruvannamalai,0.5,-5.166875
2023-08-28 20:00:00,593,Tiruvannamalai,0.5,-5.125857142857143
2023-08-29 12:00:00,593,Tiruvannamalai,0.5,-5.191142857142857
2023-08-29 23:00:00,593,Tiruvannamalai,18.5,-5.815
2023-08-30 00:00:00,593,Tiruvannamalai,6.0,-5.145142857142857
2023-08-30 01:00:00,593,Tiruvannamalai,4.5,-5.145142857142857
2023-08-30 02:00:00,593,Tiruvannamalai,1.3333333333333333,-5.145142857142857
2023-08-30 03:00:00,593,Tiruvannamalai,0.5,-5.145142857142857
2023-08-30 06:00:00,593,Tiruvannamalai,0.5,-5.0845714285714285
2023-08-30 09:00:00,593,Tiruvannamalai,0.5,-5.0845714285714285
2023-08-30 16:00:00,593,Tiruvannamalai,0.5,-5.864
2023-08-30 17:00:00,593,Tiruvannamalai,1.0,-5.864
2023-08-30 18:00:00,593,Tiruvannamalai,0.5,-5.166142857142857
2023-08-30 23:00:00,593,Tiruvannamalai,10.25,-5.855
2023-08-31 00:00:00,593,Tiruvannamalai,7.333333333333333,-5.15
2023-08-31 01:00:00,593,Tiruvannamalai,1.25,-5.15
2023-08-31 02:00:00,593,Tiruvannamalai,2.25,-5.15
2023-08-31 03:00:00,593,Tiruvannamalai,2.333333333333333,-5.15
2023-08-31 04:00:00,593,Tiruvannamalai,1.3333333333333333,-5.845
2023-08-31 05:00:00,593,Tiruvannamalai,0.5,-5.845
2023-08-31 07:00:00,593,Tiruvannamalai,0.5,-5.064428571428572
2023-08-31 16:00:00,593,Tiruvannamalai,21.0,-5.857
2023-08-31 17:00:00,593,Tiruvannamalai,2.5,-5.857
2023-08-31 18:00:00,593,Tiruvannamalai,0.5,-5.14
2023-08-31 19:00:00,593,Tiruvannamalai,0.5,-5.14
2023-09-01 02:00:00,593,Tiruvannamalai,2.0,-5.085999999999999
2023-09-01 03:00:00,593,Tiruvannamalai,1.5,-5.085999999999999
2023-09-01 05:00:00,593,Tiruvannamalai,0.5,-5.833
2023-09-01 06:00:00,593,Tiruvannamalai,1.0,-5.021428571428571
2023-09-01 07:00:00,593,Tiruvannamalai,0.5,-5.021428571428571
2023-09-01 09:00:00,593,Tiruvannamalai,0.5,-5.021428571428571
2023-09-01 10:00:00,593,Tiruvannamalai,0.75,-5.886
2023-09-01 11:00:00,593,Tiruvannamalai,1.0,-5.886
2023-09-01 12:00:00,593,Tiruvannamalai,1.5,-5.162714285714286
2023-09-01 13:00:00,593,Tiruvannamalai,1.0,-5.162714285714286
2023-09-01 14:00:00,593,Tiruvannamalai,1.5,-5.162714285714286
2023-09-01 15:00:00,593,Tiruvannamalai,0.5,-5.162714285714286
2023-09-01 16:00:00,593,Tiruvannamalai,1.0,-5.858
2023-09-01 17:00:00,593,Tiruvannamalai,0.5,-5.858
2023-09-01 18:00:00,593,Tiruvannamalai,0.5,-5.049142857142857
2023-09-01 19:00:00,593,Tiruvannamalai,0.5,-5.049142857142857
2023-09-01 21:00:00,593,Tiruvannamalai,0.5,-5.049142857142857
2023-09-02 00:00:00,593,Tiruvannamalai,0.5,-5.042571428571429
2023-09-02 21:00:00,593,Tiruvannamalai,5.5,-4.991714285714286
2023-09-02 22:00:00,593,Tiruvannamalai,22.83333333333333,-5.785
2023-09-02 23:00:00,593,Tiruvannamalai,10.833333333333334,-5.785
2023-09-03 00:00:00,593,Tiruvannamalai,1.8333333333333333,-4.9477142857142855
2023-09-03 01:00:00,593,Tiruvannamalai,1.1666666666666667,-4.9477142857142855
2023-09-03 03:00:00,593,Tiruvannamalai,0.5,-4.9477142857142855
2023-09-03 07:00:00,593,Tiruvannamalai,0.5,-4.877857142857143
2023-09-03 11:00:00,593,Tiruvannamalai,0.5,-5.773
2023-09-03 12:00:00,593,Tiruvannamalai,0.5,-4.905857142857143
2023-09-03 13:00:00,593,Tiruvannamalai,1.0,-4.905857142857143
2023-09-03 14:00:00,593,Tiruvannamalai,0.5,-4.905857142857143
2023-09-03 15:00:00,593,Tiruvannamalai,1.0,-4.905857142857143
2023-09-03 16:00:00,593,Tiruvannamalai,0.5,-5.76
2023-09-03 17:00:00,593,Tiruvannamalai,0.5,-5.76
2023-09-03 18:00:00,593,Tiruvannamalai,0.5,-4.836285714285714
2023-09-03 20:00:00,593,Tiruvannamalai,0.5,-4.836285714285714
2023-09-03 21:00:00,593,Tiruvannamalai,2.25,-4.836285714285714
2023-09-03 22:00:00,593,Tiruvannamalai,3.0,-5.731
2023-09-03 23:00:00,593,Tiruvannamalai,0.5,-5.731
2023-09-04 01:00:00,593,Tiruvannamalai,0.5,-4.823285714285714
2023-09-04 03:00:00,593,Tiruvannamalai,0.5,-4.823285714285714
2023-09-04 06:00:00,593,Tiruvannamalai,0.5,-4.718428571428572
2023-09-04 14:00:00,593,Tiruvannamalai,0.5,-4.789857142857144
2023-09-05 01:00:00,593,Tiruvannamalai,0.5,-4.682428571428572
2023-09-05 20:05:00,593,Tiruvannamalai,1.5,-4.658142857142857
2023-09-05 20:10:00,593,Tiruvannamalai,9.0,-4.658142857142857
2023-09-05 20:15:00,593,Tiruvannamalai,15.0,-4.658142857142857
2023-09-05 20:20:00,593,Tiruvannamalai,19.5,-4.658142857142857
2023-09-05 20:25:00,593,Tiruvannamalai,22.0,-4.658142857142857
2023-09-05 20:30:00,593,Tiruvannamalai,23.0,-4.658142857142857
2023-09-05 20:35:00,593,Tiruvannamalai,23.5,-4.658142857142857
2023-09-05 20:40:00,593,Tiruvannamalai,23.5,-4.658142857142857
2023-09-05 20:45:00,593,Tiruvannamalai,24.0,-4.658142857142857
2023-09-05 20:50:00,593,Tiruvannamalai,24.0,-4.658142857142857
2023-09-05 20:55:00,593,Tiruvannamalai,24.0,-4.658142857142857
2023-09-05 21:00:00,593,Tiruvannamalai,15.0,-4.658142857142857
2023-09-05 21:10:00,593,Tiruvannamalai,0.5,-5.653
2023-09-05 21:15:00,593,Tiruvannamalai,1.0,-5.653
2023-09-05 21:20:00,593,Tiruvannamalai,1.0,-5.653
2023-09-05 21:25:00,593,Tiruvannamalai,1.0,-5.653
2023-09-05 21:30:00,593,Tiruvannamalai,1.5,-5.653
2023-09-05 21:35:00,593,Tiruvannamalai,1.5,-5.653
2023-09-05 21:40:00,593,Tiruvannamalai,1.5,-5.653
2023-09-05 21:45:00,593,Tiruvannamalai,2.0,-5.653
2023-09-05 21:50:00,593,Tiruvannamalai,2.0,-5.653
2023-09-05 21:55:00,593,Tiruvannamalai,2.5,-5.653
2023-09-05 22:00:00,593,Tiruvannamalai,2.333333333333333,-5.653
2023-09-05 22:10:00,593,Tiruvannamalai,0.5,-5.653
2023-09-05 22:15:00,593,Tiruvannamalai,0.5,-5.653
2023-09-05 22:20:00,593,Tiruvannamalai,0.5,-5.653
2023-09-05 22:25:00,593,Tiruvannamalai,0.5,-5.653
2023-09-05 22:30:00,593,Tiruvannamalai,0.5,-5.653
2023-09-05 22:35:00,593,Tiruvannamalai,0.5,-5.653
2023-09-05 22:40:00,593,Tiruvannamalai,0.5,-5.653
2023-09-05 22:45:00,593,Tiruvannamalai,0.5,-5.653
2023-09-05 22:50:00,593,Tiruvannamalai,0.5,-5.653
2023-09-05 22:55:00,593,Tiruvannamalai,0.5,-5.653
2023-09-05 23:00:00,593,Tiruvannamalai,1.0,-5.653
2023-09-05 23:25:00,593,Tiruvannamalai,0.5,-5.653
2023-09-05 23:30:00,593,Tiruvannamalai,0.5,-5.653
2023-09-05 23:35:00,593,Tiruvannamalai,0.5,-5.653
2023-09-05 23:40:00,593,Tiruvannamalai,0.5,-5.653
2023-09-05 23:45:00,593,Tiruvannamalai,0.5,-5.653
2023-09-05 23:50:00,593,Tiruvannamalai,0.5,-5.653
2023-09-05 23:55:00,593,Tiruvannamalai,0.5,-5.653
2023-09-06 00:00:00,593,Tiruvannamalai,0.6666666666666666,-4.632714285714285
2023-09-06 01:00:00,593,Tiruvannamalai,0.5,-4.632714285714285
2023-09-07 04:00:00,593,Tiruvannamalai,0.5,-5.711
2023-09-07 14:00:00,593,Tiruvannamalai,0.5,-4.662857142857143
2023-09-07 17:00:00,593,Tiruvannamalai,0.5,-5.737
2023-09-07 18:00:00,593,Tiruvannamalai,15.0,-4.646571428571428
2023-09-07 19:00:00,593,Tiruvannamalai,0.6666666666666666,-4.646571428571428
2023-09-07 22:00:00,593,Tiruvannamalai,0.5,-5.742
2023-09-08 00:00:00,593,Tiruvannamalai,0.5,-4.588285714285715
2023-09-08 02:00:00,593,Tiruvannamalai,0.5,-4.588285714285715
2023-09-08 04:00:00,593,Tiruvannamalai,0.5,-5.722
2023-09-08 06:00:00,593,Tiruvannamalai,0.5,-4.577571428571429
2023-09-08 08:00:00,593,Tiruvannamalai,0.5,-4.577571428571429
2023-09-08 10:00:00,593,Tiruvannamalai,0.5,-5.764
2023-09-08 11:00:00,593,Tiruvannamalai,0.5,-5.764
2023-09-08 12:00:00,593,Tiruvannamalai,0.5,-4.657857142857144
2023-09-08 14:00:00,593,Tiruvannamalai,0.5,-4.657857142857144
2023-09-08 15:00:00,593,Tiruvannamalai,0.5,-4.657857142857144
2023-09-08 16:00:00,593,Tiruvannamalai,0.5,-5.782
2023-09-08 18:00:00,593,Tiruvannamalai,0.5,-4.639
2023-09-08 19:00:00,593,Tiruvannamalai,0.5,-4.639
2023-09-08 21:00:00,593,Tiruvannamalai,0.5,-4.639
2023-09-08 22:00:00,593,Tiruvannamalai,0.5,-5.79
2023-09-09 00:00:00,593,Tiruvannamalai,0.5,-4.586857142857143
2023-09-09 01:00:00,593,Tiruvannamalai,0.5,-4.586857142857143
2023-09-09 03:00:00,593,Tiruvannamalai,0.5,-4.586857142857143
2023-09-09 05:00:00,593,Tiruvannamalai,0.5,-5.788
2023-09-09 07:00:00,593,Tiruvannamalai,0.5,-4.565285714285714
2023-09-09 09:00:00,593,Tiruvannamalai,0.5,-4.565285714285714
2023-09-09 11:00:00,593,Tiruvannamalai,0.5,-5.814
2023-09-09 12:00:00,593,Tiruvannamalai,0.5,-4.664142857142857
2023-09-09 15:00:00,593,Tiruvannamalai,0.5,-4.664142857142857
2023-09-09 17:00:00,593,Tiruvannamalai,0.5,-5.811
2023-09-09 20:00:00,593,Tiruvannamalai,0.5,-4.614142857142857
2023-09-09 21:00:00,593,Tiruvannamalai,8.0,-4.614142857142857
2023-09-09 22:00:00,593,Tiruvannamalai,9.833333333333334,-5.811
2023-09-09 23:00:00,593,Tiruvannamalai,0.6666666666666666,-5.811
2023-09-10 03:00:00,593,Tiruvannamalai,0.5,-4.594285714285713
2023-09-10 07:00:00,593,Tiruvannamalai,0.5,-4.577428571428571
2023-09-10 11:00:00,593,Tiruvannamalai,0.5,-5.82
2023-09-10 17:00:00,593,Tiruvannamalai,0.5,-5.857
2023-09-11 02:00:00,593,Tiruvannamalai,0.5,-4.624857142857143
2023-09-11 21:00:00,593,Tiruvannamalai,23.0,-4.710571428571428
2023-09-11 22:00:00,593,Tiruvannamalai,0.5,-5.912
2023-09-12 06:00:00,593,Tiruvannamalai,7.5,-4.6091428571428565
2023-09-12 11:00:00,593,Tiruvannamalai,65.5,-5.936
2023-09-12 14:00:00,593,Tiruvannamalai,0.5,-4.718142857142857
2023-09-12 19:00:00,593,Tiruvannamalai,1.5,-4.732428571428572
2023-09-12 20:00:00,593,Tiruvannamalai,9.75,-4.732428571428572
2023-09-12 21:00:00,593,Tiruvannamalai,9.333333333333334,-4.732428571428572
2023-09-12 22:00:00,593,Tiruvannamalai,1.0,-5.929
2023-09-12 23:00:00,593,Tiruvannamalai,0.6666666666666666,-5.929
2023-09-13 00:00:00,593,Tiruvannamalai,0.5,-4.668428571428572
2023-09-13 01:00:00,593,Tiruvannamalai,0.5,-4.668428571428572
2023-09-13 05:00:00,593,Tiruvannamalai,0.5,-5.904
2023-09-13 07:00:00,593,Tiruvannamalai,0.5,-4.621428571428572
2023-09-13 10:00:00,593,Tiruvannamalai,0.5,-5.926
2023-09-13 11:00:00,593,Tiruvannamalai,2.0,-5.926
2023-09-13 12:00:00,593,Tiruvannamalai,2.5,-4.747142857142856
2023-09-13 13:00:00,593,Tiruvannamalai,1.0,-4.747142857142856
2023-09-13 15:00:00,593,Tiruvannamalai,0.5,-4.747142857142856
2023-09-13 23:00:00,593,Tiruvannamalai,0.5,-5.951
2023-09-14 00:00:00,593,Tiruvannamalai,0.5,-4.793714285714286
2023-09-14 01:00:00,593,Tiruvannamalai,0.5,-4.793714285714286
2023-09-14 02:00:00,593,Tiruvannamalai,1.5,-4.793714285714286
2023-09-14 03:00:00,593,Tiruvannamalai,0.5,-4.793714285714286
2023-09-14 04:00:00,593,Tiruvannamalai,0.5,-5.951
2023-09-14 05:00:00,593,Tiruvannamalai,0.5,-5.951
2023-09-14 07:00:00,593,Tiruvannamalai,0.5,-4.727571428571429
2023-09-14 08:00:00,593,Tiruvannamalai,0.5,-4.727571428571429
2023-09-14 09:00:00,593,Tiruvannamalai,0.5,-4.727571428571429
2023-09-14 10:00:00,593,Tiruvannamalai,0.5,-5.979
2023-09-14 11:00:00,593,Tiruvannamalai,0.5,-5.979
2023-09-14 13:00:00,593,Tiruvannamalai,0.5,-4.783285714285715
2023-09-14 14:00:00,593,Tiruvannamalai,0.5,-4.783285714285715
2023-09-14 15:00:00,593,Tiruvannamalai,2.5,-4.783285714285715
2023-09-14 16:00:00,593,Tiruvannamalai,0.5,-5.975
2023-09-14 17:00:00,593,Tiruvannamalai,0.5,-5.975
2023-09-14 18:00:00,593,Tiruvannamalai,2.0,-4.801714285714286
2023-09-15 03:00:00,593,Tiruvannamalai,0.5,-4.764571428571429
2023-09-15 05:00:00,593,Tiruvannamalai,0.5,-5.909
2023-09-15 06:00:00,593,Tiruvannamalai,1.0,-4.704285714285715
2023-09-15 19:00:00,593,Tiruvannamalai,1.75,-4.811285714285715
2023-09-15 20:00:00,593,Tiruvannamalai,4.0,-4.811285714285715
2023-09-15 21:00:00,593,Tiruvannamalai,1.0,-4.811285714285715
2023-09-15 22:00:00,593,Tiruvannamalai,0.5,-5.98
2023-09-15 23:00:00,593,Tiruvannamalai,0.5,-5.98
2023-09-16 01:00:00,593,Tiruvannamalai,0.5,-4.754142857142858
2023-09-16 09:00:00,593,Tiruvannamalai,0.5,-4.718571428571429
2023-09-16 20:00:00,593,Tiruvannamalai,33.25,-4.795
2023-09-16 21:00:00,593,Tiruvannamalai,7.25,-4.795
2023-09-16 22:00:00,593,Tiruvannamalai,2.5,-5.988
2023-09-16 23:00:00,593,Tiruvannamalai,3.25,-5.988
2023-09-17 00:00:00,593,Tiruvannamalai,1.5,-4.787571428571428
2023-09-17 01:00:00,593,Tiruvannamalai,1.2,-4.787571428571428
2023-09-17 02:00:00,593,Tiruvannamalai,1.25,-4.787571428571428
2023-09-17 03:00:00,593,Tiruvannamalai,1.0,-4.787571428571428
2023-09-17 04:00:00,593,Tiruvannamalai,0.5,-5.97
2023-09-17 05:00:00,593,Tiruvannamalai,0.5,-5.97
2023-09-17 09:00:00,593,Tiruvannamalai,0.5,-4.740714285714286
2023-09-17 10:00:00,593,Tiruvannamalai,0.5,-5.983
2023-09-17 15:00:00,593,Tiruvannamalai,9.5,-4.801571428571428
2023-09-17 18:00:00,593,Tiruvannamalai,0.5,-4.738571428571428
2023-09-17 19:00:00,593,Tiruvannamalai,0.5,-4.738571428571428
2023-09-17 20:00:00,593,Tiruvannamalai,1.5,-4.738571428571428
2023-09-17 21:00:00,593,Tiruvannamalai,0.5,-4.738571428571428
2023-09-17 22:00:00,593,Tiruvannamalai,24.83333333333333,-5.94
2023-09-17 23:00:00,593,Tiruvannamalai,25.5,-5.94
2023-09-18 00:00:00,593,Tiruvannamalai,3.0,-4.722142857142857
2023-09-18 01:00:00,593,Tiruvannamalai,5.0,-4.722142857142857
2023-09-18 02:00:00,593,Tiruvannamalai,2.0,-4.722142857142857
2023-09-18 03:00:00,593,Tiruvannamalai,0.5,-4.722142857142857
2023-09-18 04:00:00,593,Tiruvannamalai,0.5,-5.915
2023-09-18 06:00:00,593,Tiruvannamalai,0.5,-4.5727142857142855
2023-09-18 08:00:00,593,Tiruvannamalai,0.5,-4.5727142857142855
2023-09-18 12:00:00,593,Tiruvannamalai,0.5,-4.597857142857143
2023-09-18 15:00:00,593,Tiruvannamalai,0.5,-4.597857142857143
2023-09-18 16:00:00,593,Tiruvannamalai,1.0,-5.929
2023-09-18 17:00:00,593,Tiruvannamalai,1.0,-5.929
2023-09-18 18:00:00,593,Tiruvannamalai,0.5,-4.501428571428571
2023-09-18 20:00:00,593,Tiruvannamalai,0.5,-4.501428571428571
2023-09-18 21:00:00,593,Tiruvannamalai,0.75,-4.501428571428571
2023-09-18 22:00:00,593,Tiruvannamalai,10.0,-5.9
2023-09-18 23:00:00,593,Tiruvannamalai,5.0,-5.9
2023-09-19 00:00:00,593,Tiruvannamalai,1.5,-4.503285714285714
2023-09-19 01:00:00,593,Tiruvannamalai,0.8,-4.503285714285714
2023-09-19 02:00:00,593,Tiruvannamalai,0.75,-4.503285714285714
2023-09-19 03:00:00,593,Tiruvannamalai,0.5,-4.503285714285714
2023-09-19 04:00:00,593,Tiruvannamalai,0.75,-5.853
2023-09-19 05:00:00,593,Tiruvannamalai,0.5,-5.853
2023-09-19 06:00:00,593,Tiruvannamalai,0.5,-4.384285714285714
2023-09-19 07:00:00,593,Tiruvannamalai,1.0,-4.384285714285714
2023-09-19 08:00:00,593,Tiruvannamalai,0.5,-4.384285714285714
2023-09-19 09:00:00,593,Tiruvannamalai,0.5,-4.384285714285714
2023-09-19 10:00:00,593,Tiruvannamalai,1.0,-5.777
2023-09-19 11:00:00,593,Tiruvannamalai,0.5,-5.777
2023-09-19 12:00:00,593,Tiruvannamalai,1.0,-4.4397142857142855
2023-09-19 13:00:00,593,Tiruvannamalai,1.0,-4.4397142857142855
2023-09-19 14:00:00,593,Tiruvannamalai,1.5,-4.4397142857142855
2023-09-19 15:00:00,593,Tiruvannamalai,1.0,-4.4397142857142855
2023-09-19 16:00:00,593,Tiruvannamalai,1.5,-5.64
2023-09-19 17:00:00,593,Tiruvannamalai,1.5,-5.64
2023-09-19 18:00:00,593,Tiruvannamalai,1.0,-4.346571428571428
2023-09-19 19:00:00,593,Tiruvannamalai,1.0,-4.346571428571428
2023-09-19 20:00:00,593,Tiruvannamalai,1.5,-4.346571428571428
2023-09-19 21:00:00,593,Tiruvannamalai,1.0,-4.346571428571428
2023-09-19 22:00:00,593,Tiruvannamalai,1.0,-5.538
2023-09-19 23:00:00,593,Tiruvannamalai,1.0,-5.538
2023-09-20 00:00:00,593,Tiruvannamalai,0.5,-4.317571428571428
2023-09-20 01:00:00,593,Tiruvannamalai,0.75,-4.317571428571428
2023-09-20 02:00:00,593,Tiruvannamalai,1.0,-4.317571428571428
2023-09-20 03:00:00,593,Tiruvannamalai,0.5,-4.317571428571428
2023-09-20 04:00:00,593,Tiruvannamalai,1.0,-5.49
2023-09-20 05:00:00,593,Tiruvannamalai,1.5,-5.49
2023-09-20 06:00:00,593,Tiruvannamalai,1.0,-4.235285714285714
2023-09-20 07:00:00,593,Tiruvannamalai,1.0,-4.235285714285714
2023-09-20 08:00:00,593,Tiruvannamalai,1.0,-4.235285714285714
2023-09-20 09:00:00,593,Tiruvannamalai,1.0,-4.235285714285714
2023-09-20 10:00:00,593,Tiruvannamalai,1.0,-5.487
2023-09-20 11:00:00,593,Tiruvannamalai,1.0,-5.487
2023-09-20 12:00:00,593,Tiruvannamalai,1.5,-4.321285714285715
2023-09-20 13:00:00,593,Tiruvannamalai,1.0,-4.321285714285715
2023-09-20 14:00:00,593,Tiruvannamalai,1.0,-4.321285714285715
2023-09-20 15:00:00,593,Tiruvannamalai,1.0,-4.321285714285715
2023-09-20 16:00:00,593,Tiruvannamalai,1.0,-5.486
2023-09-20 17:00:00,593,Tiruvannamalai,0.5,-5.486
2023-09-20 18:00:00,593,Tiruvannamalai,1.0,-4.2415714285714285
2023-09-20 19:00:00,593,Tiruvannamalai,0.75,-4.2415714285714285
2023-09-20 20:00:00,593,Tiruvannamalai,2.5,-4.2415714285714285
2023-09-20 21:00:00,593,Tiruvannamalai,2.5,-4.2415714285714285
2023-09-20 22:00:00,593,Tiruvannamalai,3.0,-5.466
2023-09-20 23:00:00,593,Tiruvannamalai,3.0,-5.466
2023-09-21 00:00:00,593,Tiruvannamalai,2.5,-4.201714285714286
2023-09-21 01:00:00,593,Tiruvannamalai,3.0,-4.201714285714286
2023-09-21 02:00:00,593,Tiruvannamalai,2.5,-4.201714285714286
2023-09-21 03:00:00,593,Tiruvannamalai,6.25,-4.201714285714286
2023-09-21 04:00:00,593,Tiruvannamalai,3.1666666666666665,-5.336
2023-09-21 05:00:00,593,Tiruvannamalai,8.0,-5.336
2023-09-21 06:00:00,593,Tiruvannamalai,1.5,-4.157571428571429
2023-09-21 07:00:00,593,Tiruvannamalai,1.6666666666666667,-4.157571428571429
2023-09-21 08:00:00,593,Tiruvannamalai,1.3333333333333333,-4.157571428571429
2023-09-21 09:00:00,593,Tiruvannamalai,1.25,-4.157571428571429
2023-09-21 10:00:00,593,Tiruvannamalai,2.0,-4.957
2023-09-21 11:00:00,593,Tiruvannamalai,2.0,-4.957
2023-09-21 12:00:00,593,Tiruvannamalai,2.5,-4.284428571428571
2023-09-21 13:00:00,593,Tiruvannamalai,2.0,-4.284428571428571
2023-09-21 14:00:00,593,Tiruvannamalai,2.0,-4.284428571428571
2023-09-21 15:00:00,593,Tiruvannamalai,2.0,-4.284428571428571
2023-09-21 16:00:00,593,Tiruvannamalai,1.5,-4.359
2023-09-21 17:00:00,593,Tiruvannamalai,1.0,-4.359
2023-09-21 18:00:00,593,Tiruvannamalai,1.5,-4.113142857142857
2023-09-21 19:00:00,593,Tiruvannamalai,1.0,-4.113142857142857
2023-09-21 20:00:00,593,Tiruvannamalai,1.0,-4.113142857142857
2023-09-21 21:00:00,593,Tiruvannamalai,1.0,-4.113142857142857
2023-09-21 22:00:00,593,Tiruvannamalai,1.0,-4.183
2023-09-21 23:00:00,593,Tiruvannamalai,1.0,-4.183
2023-09-22 00:00:00,593,Tiruvannamalai,1.0,-4.089142857142857
2023-09-22 01:00:00,593,Tiruvannamalai,0.5,-4.089142857142857
2023-09-22 02:00:00,593,Tiruvannamalai,1.0,-4.089142857142857
2023-09-22 03:00:00,593,Tiruvannamalai,0.5,-4.089142857142857
2023-09-22 04:00:00,593,Tiruvannamalai,0.5,-4.133
2023-09-22 05:00:00,593,Tiruvannamalai,1.0,-4.133
2023-09-22 06:00:00,593,Tiruvannamalai,0.5,-4.033714285714286
2023-09-22 07:00:00,593,Tiruvannamalai,0.5,-4.033714285714286
2023-09-22 08:00:00,593,Tiruvannamalai,0.5,-4.033714285714286
2023-09-22 09:00:00,593,Tiruvannamalai,0.5,-4.033714285714286
2023-09-22 10:00:00,593,Tiruvannamalai,0.5,-4.15
2023-09-22 11:00:00,593,Tiruvannamalai,1.0,-4.15
2023-09-22 12:00:00,593,Tiruvannamalai,0.5,-4.202142857142857
2023-09-22 13:00:00,593,Tiruvannamalai,0.5,-4.202142857142857
2023-09-22 14:00:00,593,Tiruvannamalai,0.5,-4.202142857142857
2023-09-22 15:00:00,593,Tiruvannamalai,0.5,-4.202142857142857
2023-09-22 16:00:00,593,Tiruvannamalai,0.5,-4.174
2023-09-22 17:00:00,593,Tiruvannamalai,0.5,-4.174
2023-09-22 18:00:00,593,Tiruvannamalai,0.5,-4.1245714285714286
2023-09-22 19:00:00,593,Tiruvannamalai,0.5,-4.1245714285714286
2023-09-22 20:00:00,593,Tiruvannamalai,1.5,-4.1245714285714286
2023-09-22 21:00:00,593,Tiruvannamalai,0.5,-4.1245714285714286
2023-09-22 22:00:00,593,Tiruvannamalai,0.5,-4.171
2023-09-23 00:00:00,593,Tiruvannamalai,0.5,-4.037714285714285
2023-09-23 02:00:00,593,Tiruvannamalai,0.5,-4.037714285714285
2023-09-23 04:00:00,593,Tiruvannamalai,0.5,-4.181
2023-09-23 06:00:00,593,Tiruvannamalai,0.5,-4.0200000000000005
2023-09-23 08:00:00,593,Tiruvannamalai,0.5,-4.0200000000000005
2023-09-23 10:00:00,593,Tiruvannamalai,0.5,-4.209
2023-09-23 11:00:00,593,Tiruvannamalai,0.5,-4.209
2023-09-23 12:00:00,593,Tiruvannamalai,0.5,-4.088428571428572
2023-09-23 14:00:00,593,Tiruvannamalai,0.5,-4.088428571428572
2023-09-23 15:00:00,593,Tiruvannamalai,0.5,-4.088428571428572
2023-09-23 17:00:00,593,Tiruvannamalai,0.5,-4.227
2023-09-23 19:00:00,593,Tiruvannamalai,10.166666666666666,-4.052142857142857
2023-09-23 20:00:00,593,Tiruvannamalai,12.5,-4.052142857142857
2023-09-23 21:00:00,593,Tiruvannamalai,0.5,-4.052142857142857
2023-09-23 22:00:00,593,Tiruvannamalai,0.5,-4.229
2023-09-23 23:00:00,593,Tiruvannamalai,10.375,-4.229
2023-09-24 00:00:00,593,Tiruvannamalai,21.75,-4.010428571428571
2023-09-24 01:00:00,593,Tiruvannamalai,9.875,-4.010428571428571
2023-09-24 02:00:00,593,Tiruvannamalai,2.3,-4.010428571428571
2023-09-24 03:00:00,593,Tiruvannamalai,0.8,-4.010428571428571
2023-09-24 04:00:00,593,Tiruvannamalai,1.25,-4.233
2023-09-24 05:00:00,593,Tiruvannamalai,0.5,-4.233
2023-09-24 06:00:00,593,Tiruvannamalai,0.75,-3.724428571428572
2023-09-24 07:00:00,593,Tiruvannamalai,0.5,-3.724428571428572
2023-09-24 08:00:00,593,Tiruvannamalai,0.5,-3.724428571428572
2023-09-24 09:00:00,593,Tiruvannamalai,1.0,-3.724428571428572
2023-09-24 10:00:00,593,Tiruvannamalai,0.5,-4.243
2023-09-24 11:00:00,593,Tiruvannamalai,0.5,-4.243
2023-09-24 12:00:00,593,Tiruvannamalai,1.0,-3.735857142857143
2023-09-24 13:00:00,593,Tiruvannamalai,3.5,-3.735857142857143
2023-09-24 14:00:00,593,Tiruvannamalai,2.5,-3.735857142857143
2023-09-24 15:00:00,593,Tiruvannamalai,3.0,-3.735857142857143
2023-09-24 16:00:00,593,Tiruvannamalai,2.5,-4.26
2023-09-24 17:00:00,593,Tiruvannamalai,2.0,-4.26
2023-09-24 18:00:00,593,Tiruvannamalai,7.0,-3.641714285714286
2023-09-24 19:00:00,593,Tiruvannamalai,1.5,-3.641714285714286
2023-09-24 20:00:00,593,Tiruvannamalai,1.5,-3.641714285714286
2023-09-24 21:00:00,593,Tiruvannamalai,1.0,-3.641714285714286
2023-09-24 22:00:00,593,Tiruvannamalai,8.75,-4.258
2023-09-24 23:00:00,593,Tiruvannamalai,14.3,-4.258
2023-09-25 00:00:00,593,Tiruvannamalai,2.9,-3.575
2023-09-25 01:00:00,593,Tiruvannamalai,4.0,-3.575
2023-09-25 02:00:00,593,Tiruvannamalai,2.3,-3.575
2023-09-25 03:00:00,593,Tiruvannamalai,1.75,-3.575
2023-09-25 04:00:00,593,Tiruvannamalai,1.25,-4.227
2023-09-25 05:00:00,593,Tiruvannamalai,1.2,-4.227
2023-09-25 06:00:00,593,Tiruvannamalai,0.6666666666666666,-3.322142857142857
2023-09-25 07:00:00,593,Tiruvannamalai,0.5,-3.322142857142857
2023-09-25 08:00:00,593,Tiruvannamalai,0.75,-3.322142857142857
2023-09-25 09:00:00,593,Tiruvannamalai,0.5,-3.322142857142857
2023-09-25 10:00:00,593,Tiruvannamalai,1.0,-4.186
2023-09-25 11:00:00,593,Tiruvannamalai,0.5,-4.186
2023-09-25 12:00:00,593,Tiruvannamalai,0.5,-3.312142857142857
2023-09-25 13:00:00,593,Tiruvannamalai,0.5,-3.312142857142857
2023-09-25 14:00:00,593,Tiruvannamalai,1.0,-3.312142857142857
2023-09-25 15:00:00,593,Tiruvannamalai,0.5,-3.312142857142857
2023-09-25 16:00:00,593,Tiruvannamalai,0.5,-4.146
2023-09-25 17:00:00,593,Tiruvannamalai,0.5,-4.146
2023-09-25 18:00:00,593,Tiruvannamalai,15.75,-3.2322857142857138
2023-09-25 19:00:00,593,Tiruvannamalai,4.0,-3.2322857142857138
2023-09-25 20:00:00,593,Tiruvannamalai,0.5,-3.2322857142857138
2023-09-25 21:00:00,593,Tiruvannamalai,0.5,-3.2322857142857138
2023-09-25 23:00:00,593,Tiruvannamalai,0.5,-4.125
2023-09-25 23:35:00,593,Tiruvannamalai,1.5,-4.125
2023-09-25 23:40:00,593,Tiruvannamalai,2.5,-4.125
2023-09-25 23:45:00,593,Tiruvannamalai,3.0,-4.125
2023-09-25 23:50:00,593,Tiruvannamalai,3.0,-4.125
2023-09-25 23:55:00,593,Tiruvannamalai,3.5,-4.125
2023-09-26 00:00:00,593,Tiruvannamalai,1.625,-3.197
2023-09-26 01:00:00,593,Tiruvannamalai,19.375,-3.197
2023-09-26 01:55:00,593,Tiruvannamalai,0.5,-3.197
2023-09-26 02:00:00,593,Tiruvannamalai,1.1666666666666667,-3.197
2023-09-26 03:00:00,593,Tiruvannamalai,1.5,-3.197
2023-09-26 03:15:00,593,Tiruvannamalai,0.5,-4.103
2023-09-26 03:20:00,593,Tiruvannamalai,0.5,-4.103
2023-09-26 03:25:00,593,Tiruvannamalai,0.5,-4.103
2023-09-26 03:30:00,593,Tiruvannamalai,0.5,-4.103
2023-09-26 03:35:00,593,Tiruvannamalai,0.5,-4.103
2023-09-26 03:40:00,593,Tiruvannamalai,0.5,-4.103
2023-09-26 03:45:00,593,Tiruvannamalai,0.5,-4.103
2023-09-26 03:50:00,593,Tiruvannamalai,0.5,-4.103
2023-09-26 03:55:00,593,Tiruvannamalai,0.5,-4.103
2023-09-26 04:00:00,593,Tiruvannamalai,1.2,-4.103
2023-09-26 05:00:00,593,Tiruvannamalai,1.8333333333333333,-4.103
2023-09-26 06:00:00,593,Tiruvannamalai,1.125,-3.012571428571429
2023-09-26 07:00:00,593,Tiruvannamalai,1.0,-3.012571428571429
2023-09-26 08:00:00,593,Tiruvannamalai,0.5,-3.012571428571429
2023-09-26 09:00:00,593,Tiruvannamalai,0.5,-3.012571428571429
2023-09-26 10:00:00,593,Tiruvannamalai,0.5,-4.05
2023-09-26 11:00:00,593,Tiruvannamalai,0.5,-4.05
2023-09-26 12:00:00,593,Tiruvannamalai,0.5,-3.051
2023-09-26 13:00:00,593,Tiruvannamalai,0.5,-3.051
2023-09-26 14:00:00,593,Tiruvannamalai,0.5,-3.051
2023-09-26 15:00:00,593,Tiruvannamalai,0.5,-3.051
2023-09-26 17:00:00,593,Tiruvannamalai,2.5,-4.01
2023-09-26 18:00:00,593,Tiruvannamalai,2.5,-2.931857142857143
2023-09-26 20:00:00,593,Tiruvannamalai,0.5,-2.931857142857143
2023-09-26 21:00:00,593,Tiruvannamalai,0.5,-2.931857142857143
2023-09-26 23:00:00,593,Tiruvannamalai,0.5,-3.993
2023-09-27 02:00:00,593,Tiruvannamalai,0.5,-2.932714285714286
2023-09-27 03:00:00,593,Tiruvannamalai,4.5,-2.932714285714286
2023-09-27 04:00:00,593,Tiruvannamalai,1.5,-3.936
2023-09-27 05:00:00,593,Tiruvannamalai,0.5,-3.936
2023-09-27 06:00:00,593,Tiruvannamalai,0.5,-2.862428571428571
2023-09-27 07:00:00,593,Tiruvannamalai,0.5,-2.862428571428571
2023-09-27 09:00:00,593,Tiruvannamalai,0.5,-2.862428571428571
2023-09-27 11:00:00,593,Tiruvannamalai,0.5,-3.672
2023-09-27 13:00:00,593,Tiruvannamalai,0.5,-2.9371428571428573
2023-09-27 16:00:00,593,Tiruvannamalai,0.5,-3.577
2023-09-27 17:00:00,593,Tiruvannamalai,13.5,-3.577
2023-09-27 18:00:00,593,Tiruvannamalai,0.5,-2.9267142857142856
2023-09-27 21:00:00,593,Tiruvannamalai,1.0,-2.9267142857142856
2023-09-27 23:00:00,593,Tiruvannamalai,37.0,-3.512
2023-09-28 00:00:00,593,Tiruvannamalai,9.166666666666666,-2.855714285714285
2023-09-28 01:00:00,593,Tiruvannamalai,1.75,-2.855714285714285
2023-09-28 02:00:00,593,Tiruvannamalai,1.6666666666666667,-2.855714285714285
2023-09-28 03:00:00,593,Tiruvannamalai,1.25,-2.855714285714285
2023-09-28 04:00:00,593,Tiruvannamalai,0.5,-2.754
2023-09-28 06:00:00,593,Tiruvannamalai,0.5,-2.7457142857142856
2023-09-28 08:00:00,593,Tiruvannamalai,0.5,-2.7457142857142856
2023-09-28 11:00:00,593,Tiruvannamalai,0.5,-2.568
2023-09-28 12:00:00,593,Tiruvannamalai,0.5,-2.825857142857142
2023-09-28 14:00:00,593,Tiruvannamalai,0.5,-2.825857142857142
2023-09-28 16:00:00,593,Tiruvannamalai,0.5,-2.521
2023-09-28 17:00:00,593,Tiruvannamalai,0.5,-2.521
2023-09-28 19:00:00,593,Tiruvannamalai,0.5,-3.007
2023-09-28 21:00:00,593,Tiruvannamalai,0.5,-3.007
2023-09-28 23:00:00,593,Tiruvannamalai,0.5,-2.545
2023-09-29 00:00:00,593,Tiruvannamalai,0.5,-2.778
2023-09-29 01:00:00,593,Tiruvannamalai,0.5,-2.778
2023-09-29 03:00:00,593,Tiruvannamalai,0.5,-2.778
2023-09-29 05:00:00,593,Tiruvannamalai,0.5,-2.558
2023-09-29 07:00:00,593,Tiruvannamalai,0.5,-2.6997142857142857
2023-09-29 08:00:00,593,Tiruvannamalai,0.5,-2.6997142857142857
2023-09-29 10:00:00,593,Tiruvannamalai,0.5,-2.57
2023-09-29 12:00:00,593,Tiruvannamalai,0.5,-2.8434285714285714
2023-09-29 13:00:00,593,Tiruvannamalai,0.5,-2.8434285714285714
2023-09-29 15:00:00,593,Tiruvannamalai,0.5,-2.8434285714285714
2023-09-29 16:00:00,593,Tiruvannamalai,0.5,-2.593
2023-09-29 18:00:00,593,Tiruvannamalai,0.5,-2.8575714285714287
2023-09-29 20:00:00,593,Tiruvannamalai,0.5,-2.8575714285714287
2023-09-29 22:00:00,593,Tiruvannamalai,0.5,-2.597
2023-09-30 00:00:00,593,Tiruvannamalai,0.5,-2.7880000000000003
2023-09-30 02:00:00,593,Tiruvannamalai,0.5,-2.7880000000000003
2023-09-30 04:00:00,593,Tiruvannamalai,0.5,-2.601
2023-09-30 06:00:00,593,Tiruvannamalai,0.5,-2.7112857142857143
2023-09-30 09:00:00,593,Tiruvannamalai,0.5,-2.7112857142857143
2023-09-30 11:00:00,593,Tiruvannamalai,0.5,-2.624
2023-09-30 13:00:00,593,Tiruvannamalai,0.5,-2.8184285714285715
2023-09-30 14:00:00,593,Tiruvannamalai,0.5,-2.8184285714285715
2023-09-30 16:00:00,593,Tiruvannamalai,0.5,-2.639
2023-09-30 17:00:00,593,Tiruvannamalai,0.5,-2.639
2023-09-30 20:00:00,593,Tiruvannamalai,0.5,-2.862
2023-09-30 22:00:00,593,Tiruvannamalai,0.5,-2.643
2023-10-01 18:00:00,593,Tiruvannamalai,2.25,-2.779428571428572
2023-10-01 19:00:00,593,Tiruvannamalai,3.0,-2.779428571428572
2023-10-01 20:00:00,593,Tiruvannamalai,0.5,-2.779428571428572
2023-10-02 05:00:00,593,Tiruvannamalai,0.5,-2.687
2023-10-02 07:00:00,593,Tiruvannamalai,0.5,-2.708142857142857
2023-10-02 09:00:00,593,Tiruvannamalai,0.5,-2.708142857142857
2023-10-02 10:00:00,593,Tiruvannamalai,0.5,-2.712
2023-10-02 12:00:00,593,Tiruvannamalai,0.5,-2.931714285714285
2023-10-02 13:00:00,593,Tiruvannamalai,0.5,-2.931714285714285
2023-10-04 21:00:00,593,Tiruvannamalai,1.5,-2.875857142857143
2023-10-05 00:00:00,593,Tiruvannamalai,1.0,-2.8655714285714287
2023-10-05 01:00:00,593,Tiruvannamalai,27.83333333333333,-2.8655714285714287
2023-10-05 02:00:00,593,Tiruvannamalai,3.5,-2.8655714285714287
2023-10-05 18:00:00,593,Tiruvannamalai,1.0,-2.8437142857142854
2023-10-05 19:00:00,593,Tiruvannamalai,0.5,-2.8437142857142854
2023-10-05 21:00:00,593,Tiruvannamalai,0.5,-2.8437142857142854
2023-10-05 22:00:00,593,Tiruvannamalai,0.5,-2.811
2023-10-06 00:00:00,593,Tiruvannamalai,1.75,-2.835
2023-10-06 01:00:00,593,Tiruvannamalai,6.833333333333333,-2.835
2023-10-06 02:00:00,593,Tiruvannamalai,7.75,-2.835
2023-10-06 03:00:00,593,Tiruvannamalai,1.5,-2.835
2023-10-06 04:00:00,593,Tiruvannamalai,0.5,-2.809
2023-10-06 06:00:00,593,Tiruvannamalai,0.5,-2.691
2023-10-06 07:00:00,593,Tiruvannamalai,0.5,-2.691
2023-10-06 11:00:00,593,Tiruvannamalai,518.5,-2.818
2023-10-06 12:00:00,593,Tiruvannamalai,456.5,-2.685714285714286
2023-10-08 10:00:00,593,Tiruvannamalai,43.5,-2.83
2023-10-09 20:00:00,593,Tiruvannamalai,36.0,-2.6574285714285715
2023-10-10 19:00:00,593,Tiruvannamalai,0.5,-2.667428571428572
2023-10-11 01:00:00,593,Tiruvannamalai,6.25,-2.653714285714286
2023-10-11 02:00:00,593,Tiruvannamalai,1.5,-2.653714285714286
2023-10-11 03:00:00,593,Tiruvannamalai,0.8333333333333334,-2.653714285714286
2023-10-11 04:00:00,593,Tiruvannamalai,3.5,-2.875
2023-10-11 05:00:00,593,Tiruvannamalai,8.0,-2.875
2023-10-11 06:00:00,593,Tiruvannamalai,6.0,-2.5945714285714283
2023-10-11 07:00:00,593,Tiruvannamalai,5.0,-2.5945714285714283
2023-10-11 08:00:00,593,Tiruvannamalai,3.5,-2.5945714285714283
2023-10-11 09:00:00,593,Tiruvannamalai,3.5,-2.5945714285714283
2023-10-11 10:00:00,593,Tiruvannamalai,2.5,-2.909
2023-10-11 11:00:00,593,Tiruvannamalai,2.0,-2.909
2023-10-12 15:00:00,593,Tiruvannamalai,6.0,-2.724428571428572
2023-10-12 16:00:00,593,Tiruvannamalai,0.5,-2.914
2023-10-12 17:00:00,593,Tiruvannamalai,0.5,-2.914
2023-10-13 01:00:00,593,Tiruvannamalai,0.5,-2.666714285714286
2023-10-13 02:00:00,593,Tiruvannamalai,0.5,-2.666714285714286
2023-10-13 10:00:00,593,Tiruvannamalai,2.0,-2.908
2023-10-13 11:00:00,593,Tiruvannamalai,1.0,-2.908
2023-10-14 06:00:00,593,Tiruvannamalai,0.5,-2.642428571428572
2023-10-14 11:00:00,593,Tiruvannamalai,0.5,-2.903
2023-10-14 14:00:00,593,Tiruvannamalai,0.5,-2.749428571428571
2023-10-14 21:00:00,593,Tiruvannamalai,8.0,-2.6784285714285714
2023-10-14 22:00:00,593,Tiruvannamalai,1.25,-2.906
2023-10-14 23:00:00,593,Tiruvannamalai,0.5,-2.906
2023-10-15 00:00:00,593,Tiruvannamalai,5.0,-2.6888571428571426
2023-10-15 02:00:00,593,Tiruvannamalai,0.5,-2.6888571428571426
2023-10-15 10:00:00,593,Tiruvannamalai,189.5,-2.906
2023-10-15 15:00:00,593,Tiruvannamalai,0.5,-2.766714285714286
2023-10-15 18:00:00,593,Tiruvannamalai,2.5,-2.6825714285714284
2023-10-15 19:00:00,593,Tiruvannamalai,0.5,-2.6825714285714284
2023-10-15 21:00:00,593,Tiruvannamalai,0.5,-2.6825714285714284
2023-10-15 23:00:00,593,Tiruvannamalai,3.0,-2.917
2023-10-16 00:00:00,593,Tiruvannamalai,0.5,-2.709
2023-10-16 05:00:00,593,Tiruvannamalai,0.5,-2.922
2023-10-16 12:00:00,593,Tiruvannamalai,9.0,-2.787857142857143
2023-10-16 13:00:00,593,Tiruvannamalai,34.0,-2.787857142857143
2023-10-16 15:00:00,593,Tiruvannamalai,0.5,-2.787857142857143
2023-10-16 16:00:00,593,Tiruvannamalai,5.0,-2.936
2023-10-16 17:00:00,593,Tiruvannamalai,24.0,-2.936
2023-10-16 18:00:00,593,Tiruvannamalai,29.5,-2.7848571428571427
2023-10-16 19:00:00,593,Tiruvannamalai,1.0,-2.7848571428571427
2023-10-17 01:00:00,593,Tiruvannamalai,10.0,-2.7407142857142857
2023-10-18 11:00:00,593,Tiruvannamalai,0.5,-5.804
2023-10-18 12:00:00,593,Tiruvannamalai,0.5,-2.869142857142857
2023-10-21 14:00:00,593,Tiruvannamalai,2.0,-8.568
2023-10-24 00:00:00,593,Tiruvannamalai,1.0,-2.05
2023-10-24 01:00:00,593,Tiruvannamalai,1.0,-2.05
2023-10-24 03:00:00,593,Tiruvannamalai,0.5,-2.05
2023-10-28 15:00:00,593,Tiruvannamalai,13.5,-3.206142857142857
2023-10-28 16:00:00,593,Tiruvannamalai,16.0,-5.817500000000001
2023-10-28 17:00:00,593,Tiruvannamalai,6.5,-5.817500000000001
2023-10-29 08:00:00,593,Tiruvannamalai,2.0,-3.0491428571428574
2023-10-29 13:00:00,593,Tiruvannamalai,6.5,-3.1538571428571425
2023-10-30 01:00:00,593,Tiruvannamalai,1.0,-3.121
2023-10-30 04:00:00,593,Tiruvannamalai,4.2,-5.817
2023-10-30 05:00:00,593,Tiruvannamalai,2.3,-5.817
2023-10-30 06:00:00,593,Tiruvannamalai,0.75,-3.059
2023-10-30 07:00:00,593,Tiruvannamalai,0.5,-3.059
2023-10-30 12:00:00,593,Tiruvannamalai,0.5,-3.1317142857142857
2023-10-30 13:00:00,593,Tiruvannamalai,11.0,-3.1317142857142857
2023-10-30 14:00:00,593,Tiruvannamalai,0.5,-3.1317142857142857
2023-10-30 15:00:00,593,Tiruvannamalai,0.5,-3.1317142857142857
2023-10-30 17:00:00,593,Tiruvannamalai,0.5,-5.8215
2023-10-30 21:00:00,593,Tiruvannamalai,6.0,-3.088142857142857
2023-10-30 22:00:00,593,Tiruvannamalai,1.75,-5.8335
2023-10-30 23:00:00,593,Tiruvannamalai,16.25,-5.8335
2023-10-31 00:00:00,593,Tiruvannamalai,8.75,-3.0387142857142857
2023-10-31 01:00:00,593,Tiruvannamalai,1.5,-3.0387142857142857
2023-10-31 02:00:00,593,Tiruvannamalai,0.5,-3.0387142857142857
2023-10-31 03:00:00,593,Tiruvannamalai,0.5,-3.0387142857142857
2023-10-31 09:00:00,593,Tiruvannamalai,0.5,-2.982714285714286
2023-10-31 15:00:00,593,Tiruvannamalai,7.0,-3.064857142857143
2023-10-31 16:00:00,593,Tiruvannamalai,0.5,-4.444333333333334
2023-10-31 18:00:00,593,Tiruvannamalai,0.5,-3.013714285714286
2023-10-31 21:00:00,593,Tiruvannamalai,0.5,-3.013714285714286
2023-11-01 19:00:00,593,Tiruvannamalai,0.5,-3.019428571428571
2023-11-02 15:00:00,593,Tiruvannamalai,1.0,-3.075142857142857
2023-11-02 16:00:00,593,Tiruvannamalai,0.5,-4.544333333333333
2023-11-02 21:00:00,593,Tiruvannamalai,1.0,-3.1278571428571427
2023-11-02 22:00:00,593,Tiruvannamalai,2.0,-4.554
2023-11-03 00:00:00,593,Tiruvannamalai,0.5,-3.0588571428571427
2023-11-03 09:00:00,593,Tiruvannamalai,0.5,-3.008
2023-11-03 11:00:00,593,Tiruvannamalai,0.5,-4.689333333333333
2023-11-03 12:00:00,593,Tiruvannamalai,0.5,-3.065142857142857
2023-11-03 13:00:00,593,Tiruvannamalai,0.5,-3.065142857142857
2023-11-03 14:00:00,593,Tiruvannamalai,6.5,-3.065142857142857
2023-11-03 15:00:00,593,Tiruvannamalai,3.0,-3.065142857142857
2023-11-03 16:00:00,593,Tiruvannamalai,0.5,-4.589
2023-11-03 19:00:00,593,Tiruvannamalai,0.5,-3.005857142857143
2023-11-04 00:00:00,593,Tiruvannamalai,0.5,-3.0097142857142853
2023-11-04 01:00:00,593,Tiruvannamalai,1.5,-3.0097142857142853
2023-11-04 02:00:00,593,Tiruvannamalai,2.25,-3.0097142857142853
2023-11-04 03:00:00,593,Tiruvannamalai,2.5,-3.0097142857142853
2023-11-04 04:00:00,593,Tiruvannamalai,5.375,-4.588333333333334
2023-11-04 05:00:00,593,Tiruvannamalai,2.0,-4.588333333333334
2023-11-04 06:00:00,593,Tiruvannamalai,2.0,-2.976571428571429
2023-11-04 10:00:00,593,Tiruvannamalai,0.5,-4.642666666666666
2023-11-04 13:00:00,593,Tiruvannamalai,6.0,-3.000285714285714
2023-11-04 14:00:00,593,Tiruvannamalai,0.5,-3.000285714285714
2023-11-04 15:00:00,593,Tiruvannamalai,1.5,-3.000285714285714
2023-11-04 16:00:00,593,Tiruvannamalai,0.6666666666666666,-4.5343333333333335
2023-11-04 17:00:00,593,Tiruvannamalai,3.5,-4.5343333333333335
2023-11-04 22:00:00,593,Tiruvannamalai,1.0,-4.551333333333333
2023-11-04 23:00:00,593,Tiruvannamalai,6.0,-4.551333333333333
2023-11-05 00:00:00,593,Tiruvannamalai,2.0,-2.9577142857142857
2023-11-05 01:00:00,593,Tiruvannamalai,3.5,-2.9577142857142857
2023-11-05 02:00:00,593,Tiruvannamalai,1.0,-2.9577142857142857
2023-11-05 03:00:00,593,Tiruvannamalai,0.5,-2.9577142857142857
2023-11-05 04:00:00,593,Tiruvannamalai,0.5,-4.669
2023-11-05 09:00:00,593,Tiruvannamalai,0.5,-2.9152857142857145
2023-11-05 13:00:00,593,Tiruvannamalai,0.5,-2.964
2023-11-05 14:00:00,593,Tiruvannamalai,0.5,-2.964
2023-11-05 15:00:00,593,Tiruvannamalai,12.5,-2.964
2023-11-06 09:00:00,593,Tiruvannamalai,0.5,-2.894428571428572
2023-11-06 10:00:00,593,Tiruvannamalai,0.5,-4.641666666666667
2023-11-06 11:00:00,593,Tiruvannamalai,0.5,-4.641666666666667
2023-11-06 12:00:00,593,Tiruvannamalai,0.5,-3.000571428571429
2023-11-06 13:00:00,593,Tiruvannamalai,1.0,-3.000571428571429
2023-11-06 14:00:00,593,Tiruvannamalai,0.5,-3.000571428571429
2023-11-06 15:00:00,593,Tiruvannamalai,1.0,-3.000571428571429
2023-11-06 16:00:00,593,Tiruvannamalai,0.5,-4.609666666666667
2023-11-06 17:00:00,593,Tiruvannamalai,13.25,-4.609666666666667
2023-11-06 18:00:00,593,Tiruvannamalai,0.75,-2.939857142857143
2023-11-06 19:00:00,593,Tiruvannamalai,0.5,-2.939857142857143
2023-11-06 20:00:00,593,Tiruvannamalai,1.0,-2.939857142857143
2023-11-06 21:00:00,593,Tiruvannamalai,19.75,-2.939857142857143
2023-11-06 22:00:00,593,Tiruvannamalai,12.5,-4.625
2023-11-06 23:00:00,593,Tiruvannamalai,2.25,-4.625
2023-11-07 00:00:00,593,Tiruvannamalai,1.75,-2.919857142857143
2023-11-07 01:00:00,593,Tiruvannamalai,1.75,-2.919857142857143
2023-11-07 02:00:00,593,Tiruvannamalai,1.0,-2.919857142857143
2023-11-07 03:00:00,593,Tiruvannamalai,1.0,-2.919857142857143
2023-11-07 04:00:00,593,Tiruvannamalai,1.0,-4.736
2023-11-07 05:00:00,593,Tiruvannamalai,1.5,-4.736
2023-11-07 06:00:00,593,Tiruvannamalai,1.0,-2.911142857142857
2023-11-07 07:00:00,593,Tiruvannamalai,1.0,-2.911142857142857
2023-11-07 08:00:00,593,Tiruvannamalai,1.0,-2.911142857142857
2023-11-07 09:00:00,593,Tiruvannamalai,1.0,-2.911142857142857
2023-11-07 10:00:00,593,Tiruvannamalai,1.0,-4.761
2023-11-07 11:00:00,593,Tiruvannamalai,1.0,-4.761
2023-11-07 12:00:00,593,Tiruvannamalai,1.0,-2.9465714285714286
2023-11-07 13:00:00,593,Tiruvannamalai,1.0,-2.9465714285714286
2023-11-07 14:00:00,593,Tiruvannamalai,0.5,-2.9465714285714286
2023-11-07 15:00:00,593,Tiruvannamalai,1.0,-2.9465714285714286
2023-11-07 16:00:00,593,Tiruvannamalai,0.5,-4.667333333333333
2023-11-07 18:00:00,593,Tiruvannamalai,0.5,-2.9041428571428574
2023-11-07 21:00:00,593,Tiruvannamalai,0.5,-2.9041428571428574
2023-11-07 22:00:00,593,Tiruvannamalai,0.5,-4.649666666666667
2023-11-08 00:00:00,593,Tiruvannamalai,0.5,-2.905428571428572
2023-11-08 01:00:00,593,Tiruvannamalai,2.0,-2.905428571428572
2023-11-08 02:00:00,593,Tiruvannamalai,2.375,-2.905428571428572
2023-11-08 03:00:00,593,Tiruvannamalai,8.375,-2.905428571428572
2023-11-08 04:00:00,593,Tiruvannamalai,1.25,-4.639333333333333
2023-11-08 05:00:00,593,Tiruvannamalai,1.75,-4.639333333333333
2023-11-08 06:00:00,593,Tiruvannamalai,1.0,-2.849142857142857
2023-11-08 07:00:00,593,Tiruvannamalai,0.5,-2.849142857142857
2023-11-08 08:00:00,593,Tiruvannamalai,0.5,-2.849142857142857
2023-11-08 11:00:00,593,Tiruvannamalai,0.5,-4.666
2023-11-08 13:00:00,593,Tiruvannamalai,2.0,-2.9247142857142854
2023-11-08 14:00:00,593,Tiruvannamalai,9.0,-2.9247142857142854
2023-11-08 15:00:00,593,Tiruvannamalai,13.25,-2.9247142857142854
2023-11-08 16:00:00,593,Tiruvannamalai,1.1666666666666667,-4.378333333333333
2023-11-08 17:00:00,593,Tiruvannamalai,0.875,-4.378333333333333
2023-11-08 18:00:00,593,Tiruvannamalai,0.5,-2.8772857142857142
2023-11-08 19:00:00,593,Tiruvannamalai,0.5,-2.8772857142857142
2023-11-08 22:00:00,593,Tiruvannamalai,4.5,-4.396333333333334
2023-11-09 00:00:00,593,Tiruvannamalai,0.5,-2.8120000000000003
2023-11-09 01:00:00,593,Tiruvannamalai,0.5,-2.8120000000000003
2023-11-09 02:00:00,593,Tiruvannamalai,0.5,-2.8120000000000003
2023-11-09 04:00:00,593,Tiruvannamalai,0.5,-4.410666666666667
2023-11-09 06:00:00,593,Tiruvannamalai,0.75,-2.771714285714286
2023-11-09 07:00:00,593,Tiruvannamalai,2.5,-2.771714285714286
2023-11-09 08:00:00,593,Tiruvannamalai,1.0,-2.771714285714286
2023-11-09 10:00:00,593,Tiruvannamalai,0.5,-4.472666666666666
2023-11-09 16:00:00,593,Tiruvannamalai,3.0,-2.39
2023-11-09 17:00:00,593,Tiruvannamalai,2.5,-2.39
2023-11-09 18:00:00,593,Tiruvannamalai,1.0,-2.835857142857143
2023-11-09 19:00:00,593,Tiruvannamalai,2.5,-2.835857142857143
2023-11-09 20:00:00,593,Tiruvannamalai,0.5,-2.835857142857143
2023-11-09 21:00:00,593,Tiruvannamalai,0.5,-2.835857142857143
2023-11-09 22:00:00,593,Tiruvannamalai,1.5,-3.3898
2023-11-09 23:00:00,593,Tiruvannamalai,1.0,-3.3898
2023-11-10 03:00:00,593,Tiruvannamalai,2.0,-2.7785714285714285
2023-11-10 04:00:00,593,Tiruvannamalai,1.5,-3.4274
2023-11-10 05:00:00,593,Tiruvannamalai,1.0,-3.4274
2023-11-10 07:00:00,593,Tiruvannamalai,0.5,-2.734714285714285
2023-11-10 09:00:00,593,Tiruvannamalai,0.5,-2.734714285714285
2023-11-10 14:00:00,593,Tiruvannamalai,0.5,-2.858
2023-11-10 15:00:00,593,Tiruvannamalai,10.0,-2.858
2023-11-10 18:00:00,593,Tiruvannamalai,1.3333333333333333,-2.7832857142857144
2023-11-10 19:00:00,593,Tiruvannamalai,0.5,-2.7832857142857144
2023-11-10 20:00:00,593,Tiruvannamalai,0.5,-2.7832857142857144
2023-11-10 21:00:00,593,Tiruvannamalai,0.5,-2.7832857142857144
2023-11-10 22:00:00,593,Tiruvannamalai,0.5,-3.3520000000000003
2023-11-11 00:00:00,593,Tiruvannamalai,0.5,-2.7682857142857142
2023-11-11 05:00:00,593,Tiruvannamalai,0.5,-3.3982
2023-11-11 11:00:00,593,Tiruvannamalai,1.0,-3.5096
2023-11-13 23:00:00,593,Tiruvannamalai,0.5,-3.87275
2023-11-14 00:00:00,593,Tiruvannamalai,1.5,-2.8081428571428573
2023-11-14 01:00:00,593,Tiruvannamalai,1.75,-2.8081428571428573
2023-11-14 02:00:00,593,Tiruvannamalai,2.2,-2.8081428571428573
2023-11-14 03:00:00,593,Tiruvannamalai,0.75,-2.8081428571428573
2023-11-14 04:00:00,593,Tiruvannamalai,0.6,-3.5291999999999994
2023-11-14 05:00:00,593,Tiruvannamalai,0.5,-3.5291999999999994
2023-11-14 06:00:00,593,Tiruvannamalai,0.625,-2.759285714285714
2023-11-14 07:00:00,593,Tiruvannamalai,1.0,-2.759285714285714
2023-11-14 08:00:00,593,Tiruvannamalai,0.6,-2.759285714285714
2023-11-14 09:00:00,593,Tiruvannamalai,0.6666666666666666,-2.759285714285714
2023-11-14 10:00:00,593,Tiruvannamalai,0.625,-3.5531999999999995
2023-11-14 11:00:00,593,Tiruvannamalai,0.5,-3.5531999999999995
2023-11-14 12:00:00,593,Tiruvannamalai,0.9,-3.0364285714285715
2023-11-14 13:00:00,593,Tiruvannamalai,1.8333333333333333,-3.0364285714285715
2023-11-14 14:00:00,593,Tiruvannamalai,0.625,-3.0364285714285715
2023-11-14 15:00:00,593,Tiruvannamalai,0.5,-3.0364285714285715
2023-11-14 16:00:00,593,Tiruvannamalai,1.0,-3.427
2023-11-14 17:00:00,593,Tiruvannamalai,0.5,-3.427
2023-11-14 18:00:00,593,Tiruvannamalai,0.5,-2.7832857142857144
2023-11-14 19:00:00,593,Tiruvannamalai,0.5,-2.7832857142857144
2023-11-14 20:00:00,593,Tiruvannamalai,1.25,-2.7832857142857144
2023-11-14 21:00:00,593,Tiruvannamalai,0.5,-2.7832857142857144
2023-11-14 22:00:00,593,Tiruvannamalai,0.5,-3.3878
2023-11-15 00:00:00,593,Tiruvannamalai,0.5,-2.785
2023-11-15 02:00:00,593,Tiruvannamalai,0.5,-2.785
2023-11-15 13:00:00,593,Tiruvannamalai,0.5,-2.8327142857142857
2023-11-16 17:00:00,593,Tiruvannamalai,1.0,-3.4068
2023-11-17 10:00:00,593,Tiruvannamalai,1.5,-3.5531999999999995
2023-11-17 11:00:00,593,Tiruvannamalai,3.0,-3.5531999999999995
2023-11-21 18:00:00,593,Tiruvannamalai,3.0,-2.8978571428571427
2023-11-22 02:00:00,593,Tiruvannamalai,0.5,-2.896
2023-11-22 03:00:00,593,Tiruvannamalai,0.5,-2.896
2023-11-22 09:00:00,593,Tiruvannamalai,1.0,-2.8817142857142857
2023-11-22 10:00:00,593,Tiruvannamalai,2.25,-3.591
2023-11-22 11:00:00,593,Tiruvannamalai,4.0,-3.591
2023-11-22 12:00:00,593,Tiruvannamalai,2.75,-2.994428571428571
2023-11-22 13:00:00,593,Tiruvannamalai,2.5,-2.994428571428571
2023-11-22 14:00:00,593,Tiruvannamalai,2.875,-2.994428571428571
2023-11-22 15:00:00,593,Tiruvannamalai,0.5,-2.994428571428571
2023-11-22 16:00:00,593,Tiruvannamalai,0.5,-3.4520000000000004
2023-11-22 17:00:00,593,Tiruvannamalai,0.75,-3.4520000000000004
2023-11-22 18:00:00,593,Tiruvannamalai,2.25,-2.902428571428572
2023-11-22 19:00:00,593,Tiruvannamalai,2.75,-2.902428571428572
2023-11-22 20:00:00,593,Tiruvannamalai,3.25,-2.902428571428572
2023-11-22 21:00:00,593,Tiruvannamalai,2.333333333333333,-2.902428571428572
2023-11-22 22:00:00,593,Tiruvannamalai,1.5,-3.4159999999999995
2023-11-22 23:00:00,593,Tiruvannamalai,1.75,-3.4159999999999995
2023-11-23 00:00:00,593,Tiruvannamalai,3.8333333333333335,-2.8552857142857144
2023-11-23 01:00:00,593,Tiruvannamalai,1.75,-2.8552857142857144
2023-11-23 02:00:00,593,Tiruvannamalai,1.5,-2.8552857142857144
2023-11-23 03:00:00,593,Tiruvannamalai,0.5,-2.8552857142857144
2023-11-23 05:00:00,593,Tiruvannamalai,0.5,-3.463
2023-11-23 15:00:00,593,Tiruvannamalai,0.5,-2.901142857142857
2023-11-23 17:00:00,593,Tiruvannamalai,0.5,-3.3786
2023-11-23 20:00:00,593,Tiruvannamalai,4.0,-2.861
2023-11-24 06:00:00,593,Tiruvannamalai,0.5,-2.8435714285714284
2023-11-24 10:00:00,593,Tiruvannamalai,0.5,-3.4926000000000004
2023-11-24 17:00:00,593,Tiruvannamalai,0.5,-3.411
2023-11-24 18:00:00,593,Tiruvannamalai,0.5,-2.822857142857143
2023-11-24 20:00:00,593,Tiruvannamalai,0.5,-2.822857142857143
2023-11-24 21:00:00,593,Tiruvannamalai,0.5,-2.822857142857143
2023-11-24 23:00:00,593,Tiruvannamalai,0.5,-3.3682000000000003
2023-11-25 01:00:00,593,Tiruvannamalai,0.5,-2.85
2023-11-25 03:00:00,593,Tiruvannamalai,0.5,-2.85
2023-11-25 06:00:00,593,Tiruvannamalai,0.5,-2.792857142857143
2023-11-25 10:00:00,593,Tiruvannamalai,0.5,-3.4552
2023-11-25 12:00:00,593,Tiruvannamalai,4.666666666666667,-2.8455714285714286
2023-11-25 14:00:00,593,Tiruvannamalai,13.5,-2.8455714285714286
2023-11-25 15:00:00,593,Tiruvannamalai,5.0,-2.8455714285714286
2023-11-25 17:00:00,593,Tiruvannamalai,0.5,-3.3172
2023-11-25 18:00:00,593,Tiruvannamalai,0.5,-2.770285714285714
2023-11-25 20:00:00,593,Tiruvannamalai,0.5,-2.770285714285714
2023-11-25 23:00:00,593,Tiruvannamalai,0.5,-3.2827999999999995
2023-11-26 02:00:00,593,Tiruvannamalai,0.5,-2.7471428571428573
2023-11-26 03:00:00,593,Tiruvannamalai,0.5,-2.7471428571428573
2023-11-26 05:00:00,593,Tiruvannamalai,0.5,-3.325
2023-11-26 06:00:00,593,Tiruvannamalai,0.5,-2.708714285714286
2023-11-26 09:00:00,593,Tiruvannamalai,0.5,-2.708714285714286
2023-11-26 10:00:00,593,Tiruvannamalai,0.5,-3.3406
2023-11-26 13:00:00,593,Tiruvannamalai,1.8333333333333333,-2.767428571428572
2023-11-26 14:00:00,593,Tiruvannamalai,6.25,-2.767428571428572
2023-11-26 15:00:00,593,Tiruvannamalai,0.5,-2.767428571428572
2023-11-26 17:00:00,593,Tiruvannamalai,2.0,-3.2934
2023-11-26 18:00:00,593,Tiruvannamalai,0.5,-2.738571428571429
2023-11-26 19:00:00,593,Tiruvannamalai,0.5,-2.738571428571429
2023-11-26 20:00:00,593,Tiruvannamalai,0.5,-2.738571428571429
2023-11-26 21:00:00,593,Tiruvannamalai,1.5,-2.738571428571429
2023-11-26 22:00:00,593,Tiruvannamalai,1.5,-3.126
2023-11-26 23:00:00,593,Tiruvannamalai,1.5,-3.126
2023-11-27 00:00:00,593,Tiruvannamalai,1.0,-2.745142857142857
2023-11-27 01:00:00,593,Tiruvannamalai,0.5,-2.745142857142857
2023-11-27 02:00:00,593,Tiruvannamalai,1.0,-2.745142857142857
2023-11-27 03:00:00,593,Tiruvannamalai,0.5,-2.745142857142857
2023-11-27 04:00:00,593,Tiruvannamalai,1.25,-3.1932
2023-11-27 05:00:00,593,Tiruvannamalai,0.5,-3.1932
2023-11-27 06:00:00,593,Tiruvannamalai,0.5,-2.666
2023-11-27 07:00:00,593,Tiruvannamalai,0.5,-2.666
2023-11-27 08:00:00,593,Tiruvannamalai,1.0,-2.666
2023-11-27 09:00:00,593,Tiruvannamalai,1.0,-2.666
2023-11-27 10:00:00,593,Tiruvannamalai,0.5,-3.2202
2023-11-27 11:00:00,593,Tiruvannamalai,0.5,-3.2202
2023-11-27 12:00:00,593,Tiruvannamalai,6.5,-2.805285714285714
2023-11-27 13:00:00,593,Tiruvannamalai,0.5,-2.805285714285714
2023-11-27 14:00:00,593,Tiruvannamalai,1.0,-2.805285714285714
2023-11-27 15:00:00,593,Tiruvannamalai,0.5,-2.805285714285714
2023-11-27 16:00:00,593,Tiruvannamalai,1.0,-3.1448
2023-11-27 17:00:00,593,Tiruvannamalai,1.0,-3.1448
2023-11-27 18:00:00,593,Tiruvannamalai,0.5,-2.685142857142857
2023-11-27 19:00:00,593,Tiruvannamalai,1.0,-2.685142857142857
2023-11-27 20:00:00,593,Tiruvannamalai,1.0,-2.685142857142857
2023-11-27 21:00:00,593,Tiruvannamalai,1.5,-2.685142857142857
2023-11-27 22:00:00,593,Tiruvannamalai,1.5,-3.1158
2023-11-27 23:00:00,593,Tiruvannamalai,2.5,-3.1158
2023-11-28 00:00:00,593,Tiruvannamalai,0.5,-2.6990000000000003
2023-11-28 02:00:00,593,Tiruvannamalai,7.5,-2.6990000000000003
2023-11-28 03:00:00,593,Tiruvannamalai,1.25,-2.6990000000000003
2023-11-28 04:00:00,593,Tiruvannamalai,0.5,-3.1506
2023-11-28 05:00:00,593,Tiruvannamalai,0.5,-3.1506
2023-11-28 06:00:00,593,Tiruvannamalai,0.5,-2.6614285714285715
2023-11-28 07:00:00,593,Tiruvannamalai,0.5,-2.6614285714285715
2023-11-28 08:00:00,593,Tiruvannamalai,0.5,-2.6614285714285715
2023-11-28 10:00:00,593,Tiruvannamalai,0.5,-3.1848
2023-11-28 11:00:00,593,Tiruvannamalai,0.5,-3.1848
2023-11-28 13:00:00,593,Tiruvannamalai,0.5,-2.768428571428572
2023-11-28 14:00:00,593,Tiruvannamalai,1.5,-2.768428571428572
2023-11-28 15:00:00,593,Tiruvannamalai,2.9,-2.768428571428572
2023-11-28 16:00:00,593,Tiruvannamalai,10.5,-3.083
2023-11-28 18:00:00,593,Tiruvannamalai,4.5,-2.6630000000000003
2023-11-28 19:00:00,593,Tiruvannamalai,0.5,-2.6630000000000003
2023-11-28 20:00:00,593,Tiruvannamalai,7.0,-2.6630000000000003
2023-11-28 21:00:00,593,Tiruvannamalai,0.5,-2.6630000000000003
2023-11-28 23:00:00,593,Tiruvannamalai,0.5,-3.0446
2023-11-29 14:00:00,593,Tiruvannamalai,1.75,-2.6824285714285714
2023-11-29 15:00:00,593,Tiruvannamalai,3.5,-2.6824285714285714
2023-11-29 16:00:00,593,Tiruvannamalai,0.5,-3.0088
2023-11-29 17:00:00,593,Tiruvannamalai,0.5,-3.0088
2023-11-29 18:00:00,593,Tiruvannamalai,0.5,-2.6235714285714287
2023-11-29 20:00:00,593,Tiruvannamalai,3.5,-2.6235714285714287
2023-11-29 21:00:00,593,Tiruvannamalai,3.5,-2.6235714285714287
2023-11-29 22:00:00,593,Tiruvannamalai,3.5,-2.9496
2023-11-29 23:00:00,593,Tiruvannamalai,4.75,-2.9496
2023-11-30 00:00:00,593,Tiruvannamalai,0.5,-2.6460000000000004
2023-11-30 02:00:00,593,Tiruvannamalai,0.5,-2.6460000000000004
2023-11-30 03:00:00,593,Tiruvannamalai,0.5,-2.6460000000000004
2023-11-30 06:00:00,593,Tiruvannamalai,0.5,-2.576714285714285
2023-11-30 08:00:00,593,Tiruvannamalai,0.5,-2.576714285714285
2023-11-30 11:00:00,593,Tiruvannamalai,2.0,-2.9854
2023-11-30 12:00:00,593,Tiruvannamalai,0.5,-2.6774285714285715
2023-11-30 14:00:00,593,Tiruvannamalai,0.5,-2.6774285714285715
2023-11-30 16:00:00,593,Tiruvannamalai,2.0,-2.8928000000000003
2023-11-30 18:00:00,593,Tiruvannamalai,0.5,-2.5981428571428573
2023-11-30 20:00:00,593,Tiruvannamalai,4.0,-2.5981428571428573
2023-11-30 21:00:00,593,Tiruvannamalai,4.0,-2.5981428571428573
2023-11-30 23:00:00,593,Tiruvannamalai,4.0,-2.8528
2023-12-01 00:00:00,593,Tiruvannamalai,0.5,-2.5741428571428573
2023-12-01 09:00:00,593,Tiruvannamalai,0.5,-2.5665714285714287
2023-12-01 11:00:00,593,Tiruvannamalai,1.0,-2.9182
2023-12-01 12:00:00,593,Tiruvannamalai,1.0,-2.5988571428571428
2023-12-01 16:00:00,593,Tiruvannamalai,3.0,-2.8444000000000003
2023-12-01 17:00:00,593,Tiruvannamalai,0.5,-2.8444000000000003
2023-12-01 18:00:00,593,Tiruvannamalai,0.5,-2.5682857142857145
2023-12-01 21:00:00,593,Tiruvannamalai,0.5,-2.5682857142857145
2023-12-02 07:00:00,593,Tiruvannamalai,0.5,-2.738833333333333
2023-12-02 12:00:00,593,Tiruvannamalai,1.5,-2.777
2023-12-02 13:00:00,593,Tiruvannamalai,0.5,-2.777
2023-12-02 14:00:00,593,Tiruvannamalai,2.5,-2.777
2023-12-02 15:00:00,593,Tiruvannamalai,2.6666666666666665,-2.777
2023-12-02 16:00:00,593,Tiruvannamalai,3.0,-2.842
2023-12-02 17:00:00,593,Tiruvannamalai,0.5,-2.842
2023-12-02 19:00:00,593,Tiruvannamalai,2.5,-2.5865714285714287
2023-12-02 21:00:00,593,Tiruvannamalai,7.5,-2.5865714285714287
2023-12-02 22:00:00,593,Tiruvannamalai,1.6666666666666667,-2.7888
2023-12-03 00:00:00,593,Tiruvannamalai,0.75,-2.5252857142857144
2023-12-03 01:00:00,593,Tiruvannamalai,1.0,-2.5252857142857144
2023-12-03 02:00:00,593,Tiruvannamalai,1.0,-2.5252857142857144
2023-12-03 03:00:00,593,Tiruvannamalai,0.5,-2.5252857142857144
2023-12-03 04:00:00,593,Tiruvannamalai,0.5,-2.8248
2023-12-03 06:00:00,593,Tiruvannamalai,2.5,-2.498
2023-12-03 07:00:00,593,Tiruvannamalai,3.0,-2.498
2023-12-03 08:00:00,593,Tiruvannamalai,2.75,-2.498
2023-12-03 09:00:00,593,Tiruvannamalai,1.875,-2.498
2023-12-03 10:00:00,593,Tiruvannamalai,2.5,-2.7526
2023-12-03 11:00:00,593,Tiruvannamalai,0.5,-2.7526
2023-12-03 13:00:00,593,Tiruvannamalai,0.6666666666666666,-2.515571428571429
2023-12-03 14:00:00,593,Tiruvannamalai,0.5,-2.515571428571429
2023-12-03 15:00:00,593,Tiruvannamalai,0.5,-2.515571428571429
2023-12-03 16:00:00,593,Tiruvannamalai,0.5,-2.6774
2023-12-03 17:00:00,593,Tiruvannamalai,0.5,-2.6774
2023-12-03 18:00:00,593,Tiruvannamalai,3.5,-2.4875714285714285
2023-12-03 19:00:00,593,Tiruvannamalai,0.5,-2.4875714285714285
2023-12-03 20:00:00,593,Tiruvannamalai,0.5,-2.4875714285714285
2023-12-03 21:00:00,593,Tiruvannamalai,0.6666666666666666,-2.4875714285714285
2023-12-03 23:00:00,593,Tiruvannamalai,0.5,-2.6434
2023-12-04 00:00:00,593,Tiruvannamalai,1.5,-2.450142857142857
2023-12-04 01:00:00,593,Tiruvannamalai,6.0,-2.450142857142857
2023-12-04 02:00:00,593,Tiruvannamalai,0.5,-2.450142857142857
2023-12-04 03:00:00,593,Tiruvannamalai,7.0,-2.450142857142857
2023-12-04 04:00:00,593,Tiruvannamalai,2.25,-5.1655
2023-12-04 05:00:00,593,Tiruvannamalai,2.5,-5.1655
2023-12-04 06:00:00,593,Tiruvannamalai,3.5,-2.4265714285714286
2023-12-04 07:00:00,593,Tiruvannamalai,3.0,-2.4265714285714286
2023-12-04 08:00:00,593,Tiruvannamalai,0.8333333333333334,-2.4265714285714286
2023-12-04 09:00:00,593,Tiruvannamalai,1.5,-2.4265714285714286
2023-12-04 10:00:00,593,Tiruvannamalai,4.0,-5.1385000000000005
2023-12-04 11:00:00,593,Tiruvannamalai,1.0,-5.1385000000000005
2023-12-04 12:00:00,593,Tiruvannamalai,2.5,-2.490428571428571
2023-12-04 13:00:00,593,Tiruvannamalai,1.0,-2.490428571428571
2023-12-04 14:00:00,593,Tiruvannamalai,1.0,-2.490428571428571
2023-12-04 15:00:00,593,Tiruvannamalai,4.0,-2.490428571428571
2023-12-04 16:00:00,593,Tiruvannamalai,3.5,-5.109
2023-12-04 17:00:00,593,Tiruvannamalai,1.5,-5.109
2023-12-04 18:00:00,593,Tiruvannamalai,1.5,-5.109
2023-12-04 21:00:00,593,Tiruvannamalai,0.5,-5.109
2023-12-04 23:00:00,593,Tiruvannamalai,0.5,-5.025
2023-12-05 09:00:00,593,Tiruvannamalai,0.5,-2.4415714285714287
2023-12-05 17:00:00,593,Tiruvannamalai,0.5,-4.944
2023-12-05 20:00:00,593,Tiruvannamalai,0.5,-2.509571428571429
2023-12-06 01:00:00,593,Tiruvannamalai,0.5,-2.47
2023-12-06 22:00:00,593,Tiruvannamalai,0.5,-4.8870000000000005
2023-12-07 08:00:00,593,Tiruvannamalai,0.5,-2.447714285714286
2023-12-07 20:00:00,593,Tiruvannamalai,0.5,-2.511
2023-12-09 18:00:00,593,Tiruvannamalai,3.0,-2.534142857142857
2023-12-09 19:00:00,593,Tiruvannamalai,1.0,-2.534142857142857
2023-12-15 11:00:00,593,Tiruvannamalai,1.5,-4.6685
2023-12-15 17:00:00,593,Tiruvannamalai,1.5,-4.657
2023-12-15 18:00:00,593,Tiruvannamalai,1.75,-2.559
2023-12-15 19:00:00,593,Tiruvannamalai,4.0,-2.559
2023-12-15 20:00:00,593,Tiruvannamalai,1.5,-2.559
2023-12-15 21:00:00,593,Tiruvannamalai,3.5,-2.559
2023-12-15 22:00:00,593,Tiruvannamalai,1.5,-4.6555
2023-12-16 00:00:00,593,Tiruvannamalai,0.5,-2.5755714285714286
2023-12-16 04:00:00,593,Tiruvannamalai,0.5,-4.6455
2023-12-16 06:00:00,593,Tiruvannamalai,0.5,-2.537571428571429
2023-12-16 15:00:00,593,Tiruvannamalai,1.0,-2.601285714285715
2023-12-16 16:00:00,593,Tiruvannamalai,0.5,-4.643
2023-12-25 05:00:00,593,Tiruvannamalai,2.0,-2.9166
2023-12-25 06:00:00,593,Tiruvannamalai,1.75,-3.0704
2023-12-25 07:00:00,593,Tiruvannamalai,1.5,-3.0704
2023-12-25 08:00:00,593,Tiruvannamalai,0.5,-3.0704
2023-12-25 09:00:00,593,Tiruvannamalai,0.5,-3.0704
2023-12-25 10:00:00,593,Tiruvannamalai,0.75,-2.9882
2023-12-25 12:00:00,593,Tiruvannamalai,0.5,-2.9075
2024-01-03 19:00:00,593,Tiruvannamalai,0.5,-3.1163333333333334
2024-01-06 18:00:00,593,Tiruvannamalai,1.0,-3.1968333333333336
2024-01-06 19:00:00,593,Tiruvannamalai,1.8333333333333333,-3.1968333333333336
2024-01-06 20:00:00,593,Tiruvannamalai,0.5,-3.1968333333333336
2024-01-06 23:00:00,593,Tiruvannamalai,0.5,-3.0294
2024-01-07 00:00:00,593,Tiruvannamalai,0.5,-3.192
2024-01-07 20:00:00,593,Tiruvannamalai,1.0,-3.189
2024-01-07 21:00:00,593,Tiruvannamalai,1.25,-3.189
2024-01-07 22:00:00,593,Tiruvannamalai,1.25,-3.033
2024-01-07 23:00:00,593,Tiruvannamalai,2.75,-3.033
2024-01-08 00:00:00,593,Tiruvannamalai,2.1666666666666665,-3.1961666666666666
2024-01-08 01:00:00,593,Tiruvannamalai,3.0,-3.1961666666666666
2024-01-08 02:00:00,593,Tiruvannamalai,3.875,-3.1961666666666666
2024-01-08 03:00:00,593,Tiruvannamalai,2.9,-3.1961666666666666
2024-01-08 04:00:00,593,Tiruvannamalai,3.7,-3.0122
2024-01-08 05:00:00,593,Tiruvannamalai,4.9,-3.0122
2024-01-08 06:00:00,593,Tiruvannamalai,10.4,-3.1551666666666662
2024-01-08 07:00:00,593,Tiruvannamalai,22.4,-3.1551666666666662
2024-01-08 08:00:00,593,Tiruvannamalai,72.9,-3.1551666666666662
2024-01-08 09:00:00,593,Tiruvannamalai,2.7,-3.1551666666666662
2024-01-08 10:00:00,593,Tiruvannamalai,2.5,-2.9582
2024-01-08 11:00:00,593,Tiruvannamalai,5.0,-2.9582
2024-01-08 12:00:00,593,Tiruvannamalai,3.1666666666666665,-3.1434999999999995
2024-01-08 13:00:00,593,Tiruvannamalai,4.75,-3.1434999999999995
2024-01-08 14:00:00,593,Tiruvannamalai,11.875,-3.1434999999999995
2024-01-08 15:00:00,593,Tiruvannamalai,2.833333333333333,-3.1434999999999995
2024-01-08 16:00:00,593,Tiruvannamalai,2.25,-2.7986
2024-01-08 17:00:00,593,Tiruvannamalai,0.5,-2.7986
2024-01-08 21:00:00,593,Tiruvannamalai,6.5,-3.0250000000000004
2024-01-08 22:00:00,593,Tiruvannamalai,0.5,-2.734
2024-01-09 00:00:00,593,Tiruvannamalai,0.5,-3.0101666666666667
2024-01-09 03:00:00,593,Tiruvannamalai,3.5,-3.0101666666666667
2024-01-09 04:00:00,593,Tiruvannamalai,3.0,-2.7388
2024-01-09 05:00:00,593,Tiruvannamalai,6.5,-2.7388
2024-01-10 15:00:00,593,Tiruvannamalai,1.0,-3.0544999999999995
2024-01-28 21:00:00,593,Tiruvannamalai,5.0,-3.346333333333334
2024-05-07 01:00:00,593,Tiruvannamalai,3.0,-6.196000000000001
2024-05-08 05:00:00,593,Tiruvannamalai,12.5,-6.61425
2024-05-08 06:00:00,593,Tiruvannamalai,8.0,-6.136
2024-05-08 07:00:00,593,Tiruvannamalai,8.166666666666666,-6.136
2024-05-08 08:00:00,593,Tiruvannamalai,2.0,-6.136
2024-05-08 09:00:00,593,Tiruvannamalai,0.5,-6.136
2024-05-08 10:00:00,593,Tiruvannamalai,0.5,-6.62925
2024-05-08 16:00:00,593,Tiruvannamalai,0.5,-6.5375
2024-05-12 17:00:00,593,Tiruvannamalai,0.5,-6.5
2024-05-12 18:00:00,593,Tiruvannamalai,1.0,-5.921166666666667
2024-05-14 14:00:00,593,Tiruvannamalai,3.5,-6.024
2024-05-14 15:00:00,593,Tiruvannamalai,1.0,-6.024
2024-05-15 22:00:00,593,Tiruvannamalai,7.5,-6.6095
2024-05-15 23:00:00,593,Tiruvannamalai,5.0,-6.6095
2024-05-16 00:00:00,593,Tiruvannamalai,3.0,-5.929666666666667
2024-05-16 02:00:00,593,Tiruvannamalai,0.5,-5.929666666666667
2024-05-16 03:00:00,593,Tiruvannamalai,0.5,-5.929666666666667
2024-05-16 08:00:00,593,Tiruvannamalai,0.5,-5.866166666666667
2024-05-16 10:00:00,593,Tiruvannamalai,0.5,-6.74225
2024-05-16 13:00:00,593,Tiruvannamalai,0.5,-5.932833333333334
2024-05-17 17:00:00,593,Tiruvannamalai,12.0,-6.684
2024-05-17 18:00:00,593,Tiruvannamalai,3.5,-5.879166666666666
2024-05-17 20:00:00,593,Tiruvannamalai,0.5,-5.879166666666666
2024-05-18 19:00:00,593,Tiruvannamalai,1.5,-5.827999999999999
2024-05-19 19:00:00,593,Tiruvannamalai,0.5,-5.821333333333333
2024-05-19 20:00:00,593,Tiruvannamalai,1.0,-5.821333333333333
2024-05-20 09:00:00,593,Tiruvannamalai,0.5,-6.311400000000001
2024-05-20 15:00:00,593,Tiruvannamalai,0.5,-5.9383333333333335
2024-05-20 16:00:00,593,Tiruvannamalai,8.0,-6.74475
2024-05-20 17:00:00,593,Tiruvannamalai,1.5,-6.74475
2024-05-20 18:00:00,593,Tiruvannamalai,4.75,-5.945166666666666
2024-05-20 19:00:00,593,Tiruvannamalai,10.333333333333334,-5.945166666666666
2024-05-20 20:00:00,593,Tiruvannamalai,4.0,-5.945166666666666
2024-05-20 21:00:00,593,Tiruvannamalai,0.5,-5.945166666666666
2024-05-21 06:00:00,593,Tiruvannamalai,0.5,-5.839333333333333
2024-05-21 12:00:00,593,Tiruvannamalai,7.0,-5.967833333333334
2024-05-21 13:00:00,593,Tiruvannamalai,0.5,-5.967833333333334
2024-05-21 14:00:00,593,Tiruvannamalai,9.375,-5.967833333333334
2024-05-21 15:00:00,593,Tiruvannamalai,15.5,-5.967833333333334
2024-05-21 16:00:00,593,Tiruvannamalai,14.25,-6.7155000000000005
2024-05-21 17:00:00,593,Tiruvannamalai,3.0,-6.7155000000000005
2024-05-21 18:00:00,593,Tiruvannamalai,1.5,-5.8806666666666665
2024-05-21 19:00:00,593,Tiruvannamalai,0.5,-5.8806666666666665
2024-05-21 20:00:00,593,Tiruvannamalai,0.5,-5.8806666666666665
2024-05-21 22:00:00,593,Tiruvannamalai,0.5,-6.64325
2024-05-22 04:00:00,593,Tiruvannamalai,0.5,-6.60375
2024-05-22 17:00:00,593,Tiruvannamalai,1.0,-6.573
2024-05-22 19:00:00,593,Tiruvannamalai,0.5,-5.795000000000001
2024-05-22 22:00:00,593,Tiruvannamalai,0.5,-6.5465
2024-05-24 14:00:00,593,Tiruvannamalai,3.5,-5.787333333333334
2024-05-24 15:00:00,593,Tiruvannamalai,4.5,-5.787333333333334
2024-05-25 13:25:00,593,Tiruvannamalai,2.0,-7.304
2024-05-25 14:00:00,593,Tiruvannamalai,2.5,-7.304
2024-05-25 19:00:00,593,Tiruvannamalai,0.5,-5.9237142857142855
2024-05-31 23:00:00,593,Tiruvannamalai,1.5,-6.7115
2024-06-01 01:00:00,593,Tiruvannamalai,4.5,-6.115
2024-06-01 15:00:00,593,Tiruvannamalai,0.5,-6.083285714285714
2024-06-01 20:00:00,593,Tiruvannamalai,4.0,-6.030428571428572
2024-06-01 21:00:00,593,Tiruvannamalai,22.25,-6.030428571428572
2024-06-01 22:00:00,593,Tiruvannamalai,3.5,-6.7225
2024-06-01 23:00:00,593,Tiruvannamalai,0.5,-6.7225
2024-06-02 00:00:00,593,Tiruvannamalai,0.5,-6.017
2024-06-02 23:00:00,593,Tiruvannamalai,11.0,-6.7475000000000005
2024-06-03 00:00:00,593,Tiruvannamalai,5.5,-5.963857142857143
2024-06-03 01:00:00,593,Tiruvannamalai,0.5,-5.963857142857143
2024-06-03 03:00:00,593,Tiruvannamalai,0.5,-5.963857142857143
2024-06-03 22:00:00,593,Tiruvannamalai,0.5,-6.69775
2024-06-04 17:00:00,593,Tiruvannamalai,3.5,-6.2168
2024-06-05 14:00:00,593,Tiruvannamalai,1.5,-6.089857142857142
2024-06-05 17:00:00,593,Tiruvannamalai,0.5,-6.2432
2024-06-05 23:00:00,593,Tiruvannamalai,26.25,-6.200799999999999
2024-06-06 00:00:00,593,Tiruvannamalai,1.1666666666666667,-5.9717142857142855
2024-06-06 01:00:00,593,Tiruvannamalai,2.1666666666666665,-5.9717142857142855
2024-06-06 02:00:00,593,Tiruvannamalai,1.1666666666666667,-5.9717142857142855
2024-06-06 03:00:00,593,Tiruvannamalai,0.5,-5.9717142857142855
2024-06-06 17:00:00,593,Tiruvannamalai,22.5,-6.4868
2024-06-06 18:00:00,593,Tiruvannamalai,20.25,-6.034428571428571
2024-06-06 19:00:00,593,Tiruvannamalai,8.75,-6.034428571428571
2024-06-06 20:00:00,593,Tiruvannamalai,1.75,-6.034428571428571
2024-06-06 21:00:00,593,Tiruvannamalai,2.1666666666666665,-6.034428571428571
2024-06-06 22:00:00,593,Tiruvannamalai,1.25,-6.289
2024-06-06 23:00:00,593,Tiruvannamalai,1.25,-6.289
2024-06-07 00:00:00,593,Tiruvannamalai,0.5,-6.010857142857143
2024-06-07 02:00:00,593,Tiruvannamalai,0.5,-6.010857142857143
2024-06-07 03:00:00,593,Tiruvannamalai,1.0,-6.010857142857143
2024-06-07 04:00:00,593,Tiruvannamalai,0.5,-6.2474
2024-06-07 11:00:00,593,Tiruvannamalai,0.5,-6.3284
2024-06-07 21:00:00,593,Tiruvannamalai,6.0,-5.892857142857143
2024-06-07 22:00:00,593,Tiruvannamalai,15.5,-6.1768
2024-06-07 23:00:00,593,Tiruvannamalai,1.0,-6.1768
2024-06-08 00:00:00,593,Tiruvannamalai,0.5,-5.9192857142857145
2024-06-08 21:00:00,593,Tiruvannamalai,1.5,-5.845428571428571
2024-06-10 17:00:00,593,Tiruvannamalai,4.0,-6.1924
2024-06-10 18:00:00,593,Tiruvannamalai,0.5,-5.774
2024-06-12 22:00:00,593,Tiruvannamalai,0.5,-6.130599999999999
2024-06-13 17:00:00,593,Tiruvannamalai,12.0,-6.2218
2024-06-13 19:00:00,593,Tiruvannamalai,0.5,-5.787142857142858
2024-06-13 20:00:00,593,Tiruvannamalai,2.25,-5.787142857142858
2024-06-16 20:00:00,593,Tiruvannamalai,18.5,-5.784142857142856
2024-06-16 21:00:00,593,Tiruvannamalai,6.5,-5.784142857142856
2024-06-16 22:00:00,593,Tiruvannamalai,0.75,-6.233
2024-06-17 01:00:00,593,Tiruvannamalai,1.0,-5.764
2024-06-17 02:00:00,593,Tiruvannamalai,2.0,-5.764
2024-06-18 21:00:00,593,Tiruvannamalai,14.5,-5.755571428571429
2024-06-18 22:00:00,593,Tiruvannamalai,6.5,-6.008799999999999
2024-06-18 23:00:00,593,Tiruvannamalai,6.5,-6.008799999999999
2024-06-19 00:00:00,593,Tiruvannamalai,1.5,-5.772285714285715
2024-06-19 01:00:00,593,Tiruvannamalai,1.5,-5.772285714285715
2024-06-19 02:00:00,593,Tiruvannamalai,4.0,-5.772285714285715
2024-06-19 03:00:00,593,Tiruvannamalai,1.0,-5.772285714285715
2024-06-19 18:00:00,593,Tiruvannamalai,0.5,-5.7661428571428575
2024-06-19 20:00:00,593,Tiruvannamalai,3.5,-5.7661428571428575
2024-06-19 21:00:00,593,Tiruvannamalai,6.0,-5.7661428571428575
2024-06-19 22:00:00,593,Tiruvannamalai,1.0,-5.8706000000000005
2024-06-19 23:00:00,593,Tiruvannamalai,7.5,-5.8706000000000005
2024-06-20 00:00:00,593,Tiruvannamalai,1.375,-5.737857142857143
2024-06-20 01:00:00,593,Tiruvannamalai,0.5,-5.737857142857143
2024-06-20 03:00:00,593,Tiruvannamalai,0.5,-5.737857142857143
2024-06-20 19:00:00,593,Tiruvannamalai,10.0,-5.681
2024-06-21 20:00:00,593,Tiruvannamalai,3.0,-5.589285714285714
2024-06-22 16:00:00,593,Tiruvannamalai,4.5,-6.0792
2024-06-22 18:00:00,593,Tiruvannamalai,4.5,-5.555285714285715
2024-06-22 19:00:00,593,Tiruvannamalai,1.25,-5.555285714285715
2024-06-22 22:00:00,593,Tiruvannamalai,0.5,-6.062600000000001
2024-06-23 17:00:00,593,Tiruvannamalai,1.0,-6.08
2024-06-23 21:00:00,593,Tiruvannamalai,0.5,-4.782166666666666
2024-06-25 18:00:00,593,Tiruvannamalai,2.5,-6.049666666666667
2024-06-25 19:00:00,593,Tiruvannamalai,6.0,-6.049666666666667
2024-06-25 20:00:00,593,Tiruvannamalai,0.5,-6.049666666666667
2024-06-29 17:00:00,593,Tiruvannamalai,0.5,-6.3100000000000005
2024-06-29 20:00:00,593,Tiruvannamalai,0.5,-5.666857142857142
2024-06-29 21:00:00,593,Tiruvannamalai,0.5,-5.666857142857142
2024-06-29 23:00:00,593,Tiruvannamalai,1.5,-6.2528
2024-06-30 00:00:00,593,Tiruvannamalai,1.0,-5.651000000000001
2024-06-30 22:00:00,593,Tiruvannamalai,13.5,-6.2738
2024-06-30 23:00:00,593,Tiruvannamalai,3.5,-6.2738
2024-07-01 12:00:00,593,Tiruvannamalai,0.5,-6.112833333333334
2024-07-05 18:00:00,593,Tiruvannamalai,9.5,-5.806857142857142
2024-07-05 22:00:00,593,Tiruvannamalai,2.0,-6.3484
2024-07-05 23:00:00,593,Tiruvannamalai,2.5,-6.3484
2024-07-06 00:00:00,593,Tiruvannamalai,9.0,-6.302333333333333
2024-07-06 01:00:00,593,Tiruvannamalai,2.5,-6.302333333333333
2024-07-06 02:00:00,593,Tiruvannamalai,1.5,-6.302333333333333
2024-07-06 03:00:00,593,Tiruvannamalai,0.5,-6.302333333333333
2024-07-07 18:00:00,593,Tiruvannamalai,10.0,-5.845714285714286
2024-07-07 19:00:00,593,Tiruvannamalai,4.5,-5.845714285714286
2024-07-07 20:00:00,593,Tiruvannamalai,2.0,-5.845714285714286
2024-07-07 21:00:00,593,Tiruvannamalai,0.5,-5.845714285714286
2024-07-07 23:00:00,593,Tiruvannamalai,0.5,-6.226
2024-07-08 03:00:00,593,Tiruvannamalai,0.5,-6.375833333333333
2024-07-08 05:00:00,593,Tiruvannamalai,0.5,-6.251199999999999
2024-07-10 19:00:00,593,Tiruvannamalai,2.0,-6.460333333333334
2024-07-10 20:00:00,593,Tiruvannamalai,2.0,-6.460333333333334
2024-07-10 21:00:00,593,Tiruvannamalai,4.166666666666667,-6.460333333333334
2024-07-10 22:00:00,593,Tiruvannamalai,2.25,-6.3382000000000005
2024-07-10 23:00:00,593,Tiruvannamalai,12.75,-6.3382000000000005
2024-07-11 00:00:00,593,Tiruvannamalai,2.5,-5.946
2024-07-11 01:00:00,593,Tiruvannamalai,0.5,-5.946
2024-07-11 03:00:00,593,Tiruvannamalai,0.5,-5.946
2024-07-11 05:00:00,593,Tiruvannamalai,0.5,-6.282
2024-07-11 11:00:00,593,Tiruvannamalai,1.0,-6.3198
2024-07-11 12:00:00,593,Tiruvannamalai,4.5,-5.973714285714286
2024-07-11 14:00:00,593,Tiruvannamalai,0.5,-5.973714285714286
2024-07-12 16:00:00,593,Tiruvannamalai,1.5,-5.538
2024-07-12 17:00:00,593,Tiruvannamalai,9.5,-5.538
2024-07-12 18:00:00,593,Tiruvannamalai,0.6666666666666666,-6.4175
2024-07-12 19:00:00,593,Tiruvannamalai,6.25,-6.4175
2024-07-12 21:00:00,593,Tiruvannamalai,4.75,-6.4175
2024-07-12 22:00:00,593,Tiruvannamalai,5.0,-5.3305
2024-07-12 23:00:00,593,Tiruvannamalai,4.5,-5.3305
2024-07-13 00:00:00,593,Tiruvannamalai,3.125,-5.884714285714286
2024-07-13 01:00:00,593,Tiruvannamalai,2.125,-5.884714285714286
2024-07-13 02:00:00,593,Tiruvannamalai,1.25,-5.884714285714286
2024-07-13 03:00:00,593,Tiruvannamalai,0.875,-5.884714285714286
2024-07-13 04:00:00,593,Tiruvannamalai,0.75,-5.209
2024-07-13 05:00:00,593,Tiruvannamalai,1.0,-5.209
2024-07-13 06:00:00,593,Tiruvannamalai,0.5,-6.383666666666667
2024-07-13 07:00:00,593,Tiruvannamalai,0.5,-6.383666666666667
2024-07-13 09:00:00,593,Tiruvannamalai,0.5,-6.383666666666667
2024-07-13 10:00:00,593,Tiruvannamalai,0.5,-5.2485
2024-07-14 18:00:00,593,Tiruvannamalai,0.5,-5.789571428571429
2024-07-14 20:00:00,593,Tiruvannamalai,0.5,-5.789571428571429
2024-07-14 21:00:00,593,Tiruvannamalai,0.5,-5.789571428571429
2024-07-15 00:00:00,593,Tiruvannamalai,0.5,-5.7335714285714285
2024-07-15 01:00:00,593,Tiruvannamalai,0.5,-5.7335714285714285
2024-07-15 03:00:00,593,Tiruvannamalai,0.5,-5.7335714285714285
2024-07-15 06:00:00,593,Tiruvannamalai,0.5,-5.7261428571428565
2024-07-15 07:00:00,593,Tiruvannamalai,0.5,-5.7261428571428565
2024-07-15 11:00:00,593,Tiruvannamalai,0.5,-5.2665
2024-07-15 14:00:00,593,Tiruvannamalai,0.5,-5.7625714285714285
2024-07-15 16:00:00,593,Tiruvannamalai,0.5,-5.125500000000001
2024-07-15 19:00:00,593,Tiruvannamalai,0.5,-5.748428571428572
2024-07-15 20:00:00,593,Tiruvannamalai,0.5,-5.748428571428572
2024-07-15 22:00:00,593,Tiruvannamalai,0.5,-5.0955
2024-07-15 23:00:00,593,Tiruvannamalai,0.5,-5.0955
2024-07-16 00:00:00,593,Tiruvannamalai,0.5,-5.7457142857142856
2024-07-16 01:00:00,593,Tiruvannamalai,0.5,-5.7457142857142856
2024-07-16 02:00:00,593,Tiruvannamalai,0.5,-5.7457142857142856
2024-07-16 03:00:00,593,Tiruvannamalai,0.75,-5.7457142857142856
2024-07-16 04:00:00,593,Tiruvannamalai,0.5,-5.16925
2024-07-16 07:00:00,593,Tiruvannamalai,0.75,-5.691428571428572
2024-07-16 08:00:00,593,Tiruvannamalai,0.5,-5.691428571428572
2024-07-16 10:00:00,593,Tiruvannamalai,0.5,-5.2787500000000005
2024-07-16 11:00:00,593,Tiruvannamalai,0.5,-5.2787500000000005
2024-07-16 18:00:00,593,Tiruvannamalai,0.5,-6.266333333333333
2024-07-16 20:00:00,593,Tiruvannamalai,0.5,-6.266333333333333
2024-07-16 21:00:00,593,Tiruvannamalai,0.5,-6.266333333333333
2024-07-16 22:00:00,593,Tiruvannamalai,0.5,-4.329999999999999
2024-07-16 23:00:00,593,Tiruvannamalai,0.5,-4.329999999999999
2024-07-17 00:00:00,593,Tiruvannamalai,0.5,-6.233833333333333
2024-07-17 01:00:00,593,Tiruvannamalai,0.5,-6.233833333333333
2024-07-17 05:00:00,593,Tiruvannamalai,0.5,-4.456666666666667
2024-07-17 20:00:00,593,Tiruvannamalai,1.0,-6.1835
2024-07-18 05:00:00,593,Tiruvannamalai,0.5,-4.48
2024-07-18 06:00:00,593,Tiruvannamalai,0.5,-6.179833333333334
2024-07-18 09:00:00,593,Tiruvannamalai,0.5,-6.179833333333334
2024-07-18 10:00:00,593,Tiruvannamalai,0.5,-4.6000000000000005
2024-07-18 16:00:00,593,Tiruvannamalai,3.0,-4.446666666666666
2024-07-18 17:00:00,593,Tiruvannamalai,6.666666666666667,-4.446666666666666
2024-07-18 18:00:00,593,Tiruvannamalai,0.5,-6.2491666666666665
2024-07-19 05:00:00,593,Tiruvannamalai,0.5,-4.47
2024-07-19 10:00:00,593,Tiruvannamalai,0.5,-4.6066666666666665
2024-07-19 11:00:00,593,Tiruvannamalai,0.5,-4.6066666666666665
2024-07-19 15:00:00,593,Tiruvannamalai,0.5,-6.222166666666666
2024-07-19 16:00:00,593,Tiruvannamalai,0.5,-4.456666666666667
2024-07-19 18:00:00,593,Tiruvannamalai,0.5,-6.1475
2024-07-20 04:00:00,593,Tiruvannamalai,0.5,-4.546666666666667
2024-07-21 09:00:00,593,Tiruvannamalai,0.5,-6.102333333333333
2024-07-23 20:00:00,593,Tiruvannamalai,0.5,-5.747
2024-07-25 19:00:00,593,Tiruvannamalai,0.5,-5.825285714285714
2024-07-25 22:00:00,593,Tiruvannamalai,2.0,-6.175
2024-07-25 23:00:00,593,Tiruvannamalai,2.0,-6.175
2024-07-26 00:00:00,593,Tiruvannamalai,1.5,-5.786857142857143
2024-07-26 01:00:00,593,Tiruvannamalai,1.0,-5.786857142857143
2024-07-26 02:00:00,593,Tiruvannamalai,0.5,-5.786857142857143
2024-07-26 03:00:00,593,Tiruvannamalai,0.5,-5.786857142857143
2024-07-26 13:00:00,593,Tiruvannamalai,0.5,-6.328166666666667
2024-07-27 01:00:00,593,Tiruvannamalai,0.5,-5.853428571428572
2024-07-27 11:00:00,593,Tiruvannamalai,0.5,-6.301
2024-07-27 19:00:00,593,Tiruvannamalai,0.5,-6.351
2024-07-28 02:00:00,593,Tiruvannamalai,0.5,-5.880857142857143
2024-07-29 11:00:00,593,Tiruvannamalai,0.5,-6.4024
2024-07-30 04:00:00,593,Tiruvannamalai,0.5,-6.345999999999999
2024-07-31 12:00:00,593,Tiruvannamalai,0.5,-6.149285714285715
2024-08-01 17:00:00,593,Tiruvannamalai,0.5,-6.4642
2024-08-04 10:00:00,593,Tiruvannamalai,0.5,-6.5408
2024-08-04 17:00:00,593,Tiruvannamalai,2.0,-6.4952
2024-08-04 21:00:00,593,Tiruvannamalai,1.75,-7.0542
2024-08-04 22:00:00,593,Tiruvannamalai,23.166666666666668,-6.4886
2024-08-04 23:00:00,593,Tiruvannamalai,5.333333333333333,-6.4886
2024-08-05 00:00:00,593,Tiruvannamalai,3.0,-6.411333333333334
2024-08-05 01:00:00,593,Tiruvannamalai,1.6666666666666667,-6.411333333333334
2024-08-05 02:00:00,593,Tiruvannamalai,1.3333333333333333,-6.411333333333334
2024-08-05 03:00:00,593,Tiruvannamalai,1.3333333333333333,-6.411333333333334
2024-08-05 04:00:00,593,Tiruvannamalai,1.5,-6.4472
2024-08-05 05:00:00,593,Tiruvannamalai,1.6666666666666667,-6.4472
2024-08-05 06:00:00,593,Tiruvannamalai,1.3333333333333333,-6.348166666666667
2024-08-05 07:00:00,593,Tiruvannamalai,0.5,-6.348166666666667
2024-08-05 20:00:00,593,Tiruvannamalai,12.5,-6.353833333333334
2024-08-05 21:00:00,593,Tiruvannamalai,0.5,-6.353833333333334
2024-08-06 02:00:00,593,Tiruvannamalai,0.5,-6.3885000000000005
2024-08-06 03:00:00,593,Tiruvannamalai,1.0,-6.3885000000000005
2024-08-06 04:00:00,593,Tiruvannamalai,2.5,-6.2634
2024-08-06 05:00:00,593,Tiruvannamalai,0.75,-6.2634
2024-08-06 06:00:00,593,Tiruvannamalai,0.5,-6.9808
2024-08-06 13:00:00,593,Tiruvannamalai,0.5,-6.374333333333333
2024-08-06 22:00:00,593,Tiruvannamalai,11.833333333333334,-6.172
2024-08-06 23:00:00,593,Tiruvannamalai,14.0,-6.172
2024-08-07 00:00:00,593,Tiruvannamalai,2.6666666666666665,-6.327833333333333
2024-08-07 01:00:00,593,Tiruvannamalai,1.3333333333333333,-6.327833333333333
2024-08-07 02:00:00,593,Tiruvannamalai,1.0,-6.327833333333333
2024-08-07 03:00:00,593,Tiruvannamalai,0.5,-6.327833333333333
2024-08-07 04:00:00,593,Tiruvannamalai,0.5,-6.2694
2024-08-07 23:00:00,593,Tiruvannamalai,5.25,-6.078
2024-08-08 00:00:00,593,Tiruvannamalai,0.5,-6.157666666666667
2024-08-08 01:00:00,593,Tiruvannamalai,0.5,-6.157666666666667
2024-08-08 02:00:00,593,Tiruvannamalai,0.5,-6.157666666666667
2024-08-08 15:00:00,593,Tiruvannamalai,1.5,-6.824
2024-08-08 18:00:00,593,Tiruvannamalai,0.5,-6.096166666666666
2024-08-08 20:00:00,593,Tiruvannamalai,1.5,-6.096166666666666
2024-08-08 22:00:00,593,Tiruvannamalai,0.5,-5.9254
2024-08-08 23:00:00,593,Tiruvannamalai,1.75,-5.9254
2024-08-09 00:00:00,593,Tiruvannamalai,3.0,-6.035666666666667
2024-08-09 02:00:00,593,Tiruvannamalai,0.5,-6.035666666666667
2024-08-09 03:00:00,593,Tiruvannamalai,1.5,-6.035666666666667
2024-08-09 04:00:00,593,Tiruvannamalai,2.0,-5.317333333333334
2024-08-09 05:00:00,593,Tiruvannamalai,2.6666666666666665,-5.317333333333334
2024-08-09 06:00:00,593,Tiruvannamalai,1.5,-6.6134
2024-08-09 07:00:00,593,Tiruvannamalai,1.25,-6.6134
2024-08-09 08:00:00,593,Tiruvannamalai,0.5,-6.6134
2024-08-09 19:00:00,593,Tiruvannamalai,1.0,-4.6795
2024-08-09 21:00:00,593,Tiruvannamalai,5.0,-4.6795
2024-08-09 22:00:00,593,Tiruvannamalai,14.0,-5.7635
2024-08-09 23:00:00,593,Tiruvannamalai,1.0,-5.7635
2024-08-10 00:00:00,593,Tiruvannamalai,0.75,-4.5752500000000005
2024-08-10 01:00:00,593,Tiruvannamalai,1.8333333333333333,-4.5752500000000005
2024-08-10 02:00:00,593,Tiruvannamalai,1.0,-4.5752500000000005
2024-08-10 03:00:00,593,Tiruvannamalai,0.75,-4.5752500000000005
2024-08-10 04:00:00,593,Tiruvannamalai,0.5,-4.4955
2024-08-10 07:00:00,593,Tiruvannamalai,0.5,-5.557833333333334
2024-08-10 19:00:00,593,Tiruvannamalai,0.5,-4.632666666666666
2024-08-10 22:00:00,593,Tiruvannamalai,30.5,-4.029
2024-08-10 23:00:00,593,Tiruvannamalai,2.0,-4.029
2024-08-11 01:00:00,593,Tiruvannamalai,5.5,-4.574000000000001
2024-08-11 02:00:00,593,Tiruvannamalai,53.0,-4.574000000000001
2024-08-11 03:00:00,593,Tiruvannamalai,2.0,-4.574000000000001
2024-08-11 04:00:00,593,Tiruvannamalai,2.25,-3.65575
2024-08-11 05:00:00,593,Tiruvannamalai,3.5,-3.65575
2024-08-11 06:00:00,593,Tiruvannamalai,2.5,-5.6375
2024-08-11 07:00:00,593,Tiruvannamalai,1.0,-5.6375
2024-08-11 08:00:00,593,Tiruvannamalai,0.5,-5.6375
2024-08-11 11:00:00,593,Tiruvannamalai,0.5,-3.44775
2024-08-11 14:00:00,593,Tiruvannamalai,0.5,-5.4475
2024-08-11 16:00:00,593,Tiruvannamalai,0.5,-3.36125
2024-08-11 17:00:00,593,Tiruvannamalai,0.5,-3.36125
2024-08-11 20:00:00,593,Tiruvannamalai,24.5,-4.0915
2024-08-11 21:00:00,593,Tiruvannamalai,9.333333333333334,-4.0915
2024-08-11 22:00:00,593,Tiruvannamalai,0.75,-3.22
2024-08-11 23:00:00,593,Tiruvannamalai,0.5,-3.22
2024-08-12 00:00:00,593,Tiruvannamalai,0.5,-3.648600000000001
2024-08-12 02:00:00,593,Tiruvannamalai,0.75,-3.648600000000001
2024-08-12 04:00:00,593,Tiruvannamalai,0.5,-3.877
2024-08-12 07:00:00,593,Tiruvannamalai,0.5,-3.90575
2024-08-12 08:00:00,593,Tiruvannamalai,3.0,-3.90575
2024-08-12 09:00:00,593,Tiruvannamalai,6.5,-3.90575
2024-08-12 12:00:00,593,Tiruvannamalai,4.75,-3.77075
2024-08-12 13:00:00,593,Tiruvannamalai,10.0,-3.77075
2024-08-12 14:00:00,593,Tiruvannamalai,9.0,-3.77075
2024-08-12 15:00:00,593,Tiruvannamalai,8.0,-3.77075
2024-08-12 16:00:00,593,Tiruvannamalai,7.0,-1.893333333333333
2024-08-12 17:00:00,593,Tiruvannamalai,7.0,-1.893333333333333
2024-08-12 18:00:00,593,Tiruvannamalai,56.0,-5.00625
2024-08-14 17:00:00,593,Tiruvannamalai,0.5,-4.0228
2024-08-14 18:00:00,593,Tiruvannamalai,8.25,-4.383
2024-08-14 19:00:00,593,Tiruvannamalai,1.0,-4.383
2024-08-19 21:00:00,593,Tiruvannamalai,14.5,-3.01325
2024-08-19 22:00:00,593,Tiruvannamalai,18.25,-4.235
2024-08-19 23:00:00,593,Tiruvannamalai,1.0,-4.235
2024-08-20 21:00:00,593,Tiruvannamalai,6.0,-3.7901666666666665
2024-08-20 22:00:00,593,Tiruvannamalai,1.8333333333333333,-4.6235
2024-08-20 23:00:00,593,Tiruvannamalai,7.5,-4.6235
2024-08-21 13:00:00,593,Tiruvannamalai,2.5,-3.805666666666667
2024-08-21 14:00:00,593,Tiruvannamalai,0.5,-3.805666666666667
2024-08-21 15:00:00,593,Tiruvannamalai,2.0,-3.805666666666667
2024-08-21 17:00:00,593,Tiruvannamalai,0.5,-3.95675
2024-08-21 17:05:00,593,Tiruvannamalai,1.0,-3.95675
2024-08-21 17:10:00,593,Tiruvannamalai,1.0,-3.95675
2024-08-21 17:15:00,593,Tiruvannamalai,2.0,-3.95675
2024-08-21 17:20:00,593,Tiruvannamalai,3.0,-3.95675
2024-08-21 17:25:00,593,Tiruvannamalai,3.0,-3.95675
2024-08-21 17:30:00,593,Tiruvannamalai,3.0,-3.95675
2024-08-21 17:40:00,593,Tiruvannamalai,3.0,-3.95675
2024-08-21 17:50:00,593,Tiruvannamalai,3.0,-3.95675
2024-08-21 17:55:00,593,Tiruvannamalai,3.0,-3.95675
2024-08-21 20:55:00,593,Tiruvannamalai,0.5,-3.7113333333333336
2024-08-21 21:00:00,593,Tiruvannamalai,0.5,-3.7113333333333336
2024-08-27 20:00:00,593,Tiruvannamalai,3.5,-3.9788
2024-08-27 21:00:00,593,Tiruvannamalai,2.5,-3.9788
2024-08-28 05:15:00,593,Tiruvannamalai,0.5,-4.312600000000001
2024-08-28 05:20:00,593,Tiruvannamalai,0.5,-4.312600000000001
2024-08-28 05:25:00,593,Tiruvannamalai,0.5,-4.312600000000001
2024-08-28 05:30:00,593,Tiruvannamalai,0.5,-4.312600000000001
2024-08-28 05:35:00,593,Tiruvannamalai,0.5,-4.312600000000001
2024-08-28 05:40:00,593,Tiruvannamalai,0.5,-4.312600000000001
2024-08-28 05:45:00,593,Tiruvannamalai,0.5,-4.312600000000001
2024-08-28 05:50:00,593,Tiruvannamalai,0.5,-4.312600000000001
2024-08-28 05:55:00,593,Tiruvannamalai,0.5,-4.312600000000001
2024-08-28 06:00:00,593,Tiruvannamalai,0.5,-3.6651666666666665
2024-08-28 06:10:00,593,Tiruvannamalai,0.5,-3.6651666666666665
2024-08-28 06:15:00,593,Tiruvannamalai,0.5,-3.6651666666666665
2024-08-28 06:20:00,593,Tiruvannamalai,0.5,-3.6651666666666665
2024-08-28 06:25:00,593,Tiruvannamalai,0.5,-3.6651666666666665
2024-08-28 06:30:00,593,Tiruvannamalai,0.5,-3.6651666666666665
2024-08-28 06:35:00,593,Tiruvannamalai,0.5,-3.6651666666666665
2024-08-28 06:40:00,593,Tiruvannamalai,0.5,-3.6651666666666665
2024-08-28 06:45:00,593,Tiruvannamalai,0.5,-3.6651666666666665
2024-08-28 06:50:00,593,Tiruvannamalai,0.5,-3.6651666666666665
2024-08-28 06:55:00,593,Tiruvannamalai,0.5,-3.6651666666666665
2024-08-28 07:00:00,593,Tiruvannamalai,0.5,-3.6651666666666665
2024-08-29 18:00:00,593,Tiruvannamalai,0.5,-3.7396666666666665
2024-08-29 19:00:00,593,Tiruvannamalai,7.0,-3.7396666666666665
2024-08-29 20:00:00,593,Tiruvannamalai,2.1666666666666665,-3.7396666666666665
2024-08-29 21:00:00,593,Tiruvannamalai,0.75,-3.7396666666666665
2024-08-29 22:00:00,593,Tiruvannamalai,0.5,-4.4046
2024-08-30 19:00:00,593,Tiruvannamalai,3.5,-3.4314285714285715
2024-08-30 20:00:00,593,Tiruvannamalai,5.5,-3.4314285714285715
2024-08-30 21:00:00,593,Tiruvannamalai,1.0,-3.4314285714285715
2024-08-30 22:00:00,593,Tiruvannamalai,0.5,-4.538600000000001
2024-08-31 00:00:00,593,Tiruvannamalai,0.5,-3.454285714285714
2024-08-31 01:00:00,593,Tiruvannamalai,0.5,-3.454285714285714
2024-09-01 15:00:00,593,Tiruvannamalai,3.5,-3.7366666666666655
2024-09-01 15:05:00,593,Tiruvannamalai,2.0,-4.4508
2024-09-01 15:10:00,593,Tiruvannamalai,2.5,-4.4508
2024-09-01 16:00:00,593,Tiruvannamalai,13.5,-4.4508
2024-09-01 17:00:00,593,Tiruvannamalai,2.5,-4.4508
2024-09-01 19:00:00,593,Tiruvannamalai,2.1666666666666665,-3.458857142857142
2024-09-04 16:00:00,593,Tiruvannamalai,5.5,-4.5566
2024-09-04 17:00:00,593,Tiruvannamalai,5.5,-4.5566
2024-09-06 02:00:00,593,Tiruvannamalai,0.5,-3.596857142857143
2024-09-07 19:00:00,593,Tiruvannamalai,2.0,-3.666142857142858
2024-09-07 20:00:00,593,Tiruvannamalai,17.0,-3.666142857142858
2024-09-07 21:00:00,593,Tiruvannamalai,1.0,-3.666142857142858
2024-09-07 22:00:00,593,Tiruvannamalai,0.5,-4.7028
2024-09-07 23:00:00,593,Tiruvannamalai,0.5,-4.7028
2024-09-08 20:00:00,593,Tiruvannamalai,1.0,-3.7074285714285713
2024-09-09 20:00:00,593,Tiruvannamalai,2.0,-3.7315714285714288
2024-09-17 00:00:00,593,Tiruvannamalai,0.5,-4.001714285714286
2024-09-20 22:00:00,593,Tiruvannamalai,0.5,-5.0298
2024-09-21 01:00:00,593,Tiruvannamalai,1.5,-4.145857142857143
2024-09-21 05:00:00,593,Tiruvannamalai,0.5,-5.0688
2024-09-21 07:00:00,593,Tiruvannamalai,0.5,-4.1162857142857145
2024-09-21 22:00:00,593,Tiruvannamalai,0.5,-4.988
2024-09-22 02:00:00,593,Tiruvannamalai,2.0,-4.179285714285714
2024-09-23 17:00:00,593,Tiruvannamalai,2.0,-4.898
2024-09-24 19:00:00,593,Tiruvannamalai,3.5,-4.231571428571429
2024-09-25 17:00:00,593,Tiruvannamalai,3.0,-4.9312
2024-09-27 01:00:00,593,Tiruvannamalai,9.75,-4.252999999999999
2024-09-27 02:00:00,593,Tiruvannamalai,7.0,-4.252999999999999
2024-09-27 03:00:00,593,Tiruvannamalai,1.0,-4.252999999999999
2024-09-27 04:00:00,593,Tiruvannamalai,1.1666666666666667,-4.9866
2024-09-27 06:00:00,593,Tiruvannamalai,0.5,-4.214571428571429
2024-09-27 15:00:00,593,Tiruvannamalai,6.0,-4.3025714285714285
2024-09-27 16:00:00,593,Tiruvannamalai,3.0,-4.8844
2024-09-28 13:00:00,593,Tiruvannamalai,12.5,-4.214571428571429
2024-09-28 14:00:00,593,Tiruvannamalai,10.0,-4.214571428571429
2024-09-29 02:00:00,593,Tiruvannamalai,0.5,-4.150285714285714
2024-09-29 15:00:00,593,Tiruvannamalai,3.0,-4.199857142857143
2024-09-29 16:00:00,593,Tiruvannamalai,5.0,-5.49275
2024-09-29 17:00:00,593,Tiruvannamalai,1.0,-5.49275
2024-09-29 20:00:00,593,Tiruvannamalai,0.5,-4.155428571428572
2024-10-02 21:00:00,593,Tiruvannamalai,7.5,-4.463166666666667
2024-10-02 22:00:00,593,Tiruvannamalai,19.166666666666668,-4.9086
2024-10-02 23:00:00,593,Tiruvannamalai,1.0,-4.9086
2024-10-03 00:00:00,593,Tiruvannamalai,0.5,-4.485833333333333
2024-10-03 01:00:00,593,Tiruvannamalai,0.5,-4.485833333333333
2024-10-03 03:00:00,593,Tiruvannamalai,23.0,-4.485833333333333
2024-10-03 04:00:00,593,Tiruvannamalai,5.0,-5.5005
2024-10-03 08:00:00,593,Tiruvannamalai,0.5,-4.408333333333334
2024-10-03 12:00:00,593,Tiruvannamalai,0.5,-4.658333333333333
2024-10-03 16:00:00,593,Tiruvannamalai,2.5,-5.47775
2024-10-03 23:00:00,593,Tiruvannamalai,0.5,-5.5025
2024-10-04 00:00:00,593,Tiruvannamalai,0.5,-4.588666666666667
2024-10-04 01:00:00,593,Tiruvannamalai,16.5,-4.588666666666667
2024-10-04 02:00:00,593,Tiruvannamalai,17.75,-4.588666666666667
2024-10-04 03:00:00,593,Tiruvannamalai,2.25,-4.588666666666667
2024-10-04 04:00:00,593,Tiruvannamalai,0.75,-4.904999999999999
2024-10-04 06:00:00,593,Tiruvannamalai,0.5,-4.476166666666667
2024-10-04 10:00:00,593,Tiruvannamalai,3.5,-2.445
2024-10-04 15:00:00,593,Tiruvannamalai,0.5,-4.998
2024-10-04 17:00:00,593,Tiruvannamalai,0.5,-4.869400000000001
2024-10-04 18:00:00,593,Tiruvannamalai,2.0,-4.3885
2024-10-04 19:00:00,593,Tiruvannamalai,4.25,-4.3885
2024-10-04 20:00:00,593,Tiruvannamalai,6.5,-4.3885
2024-10-04 21:00:00,593,Tiruvannamalai,0.5,-4.3885
2024-10-04 23:00:00,593,Tiruvannamalai,0.5,-4.8412
2024-10-05 00:00:00,593,Tiruvannamalai,4.0,-4.3998333333333335
2024-10-05 01:00:00,593,Tiruvannamalai,1.5,-4.3998333333333335
2024-10-05 02:00:00,593,Tiruvannamalai,1.0,-4.3998333333333335
2024-10-05 03:00:00,593,Tiruvannamalai,1.5,-4.3998333333333335
2024-10-05 04:00:00,593,Tiruvannamalai,0.5,-4.8278
2024-10-05 05:00:00,593,Tiruvannamalai,0.5,-4.8278
2024-10-05 06:00:00,593,Tiruvannamalai,0.5,-4.318333333333333
2024-10-05 09:00:00,593,Tiruvannamalai,0.5,-4.318333333333333
2024-10-05 21:00:00,593,Tiruvannamalai,23.5,-4.283166666666666
2024-10-05 22:00:00,593,Tiruvannamalai,11.0,-4.709999999999999
2024-10-05 23:00:00,593,Tiruvannamalai,0.5,-4.709999999999999
2024-10-06 04:00:00,593,Tiruvannamalai,0.5,-4.7036
2024-10-07 16:00:00,593,Tiruvannamalai,0.5,-4.609
2024-10-08 02:00:00,593,Tiruvannamalai,3.0,-4.125666666666667
2024-10-08 09:50:00,593,Tiruvannamalai,2.5,-4.768800000000001
2024-10-08 10:00:00,593,Tiruvannamalai,1.5,-4.768800000000001
2024-10-08 12:40:00,593,Tiruvannamalai,2.0,-4.126166666666667
2024-10-08 13:00:00,593,Tiruvannamalai,2.0,-4.126166666666667
2024-10-08 13:55:00,593,Tiruvannamalai,1.5,-4.126166666666667
2024-10-08 14:00:00,593,Tiruvannamalai,15.0,-4.126166666666667
2024-10-08 18:30:00,593,Tiruvannamalai,1.0,-4.070666666666667
2024-10-08 19:00:00,593,Tiruvannamalai,1.0,-4.070666666666667
2024-10-09 12:00:00,593,Tiruvannamalai,7.0,-4.025666666666667
2024-10-09 13:30:00,593,Tiruvannamalai,11.5,-4.025666666666667
2024-10-09 14:00:00,593,Tiruvannamalai,15.0,-4.025666666666667
2024-10-09 15:30:00,593,Tiruvannamalai,0.5,-4.570600000000001
2024-10-09 16:00:00,593,Tiruvannamalai,0.5,-4.570600000000001
2024-10-10 10:00:00,593,Tiruvannamalai,1.0,-4.7916
2024-10-10 10:30:00,593,Tiruvannamalai,0.5,-4.7916
2024-10-10 11:00:00,593,Tiruvannamalai,1.5,-4.7916
2024-10-10 11:30:00,593,Tiruvannamalai,4.5,-4.7916
2024-10-10 12:00:00,593,Tiruvannamalai,5.0,-4.030333333333333
2024-10-10 13:00:00,593,Tiruvannamalai,0.5,-4.030333333333333
2024-10-10 21:00:00,593,Tiruvannamalai,4.5,-3.986333333333333
2024-10-10 22:00:00,593,Tiruvannamalai,1.0,-4.449599999999999
2024-10-11 01:00:00,593,Tiruvannamalai,0.5,-3.971333333333333
2024-10-11 09:00:00,593,Tiruvannamalai,1.0,-3.9355
2024-10-11 10:00:00,593,Tiruvannamalai,3.0,-4.529
2024-10-11 16:30:00,593,Tiruvannamalai,1.5,-4.455
2024-10-11 17:00:00,593,Tiruvannamalai,1.5,-4.455
2024-10-12 00:00:00,593,Tiruvannamalai,1.0,-3.957833333333333
2024-10-12 01:00:00,593,Tiruvannamalai,0.5,-3.957833333333333
2024-10-12 04:30:00,593,Tiruvannamalai,2.5,-4.4458
2024-10-12 05:00:00,593,Tiruvannamalai,7.0,-4.4458
2024-10-12 08:00:00,593,Tiruvannamalai,10.0,-3.9318333333333335
2024-10-12 09:00:00,593,Tiruvannamalai,0.5,-3.9318333333333335
2024-10-12 13:00:00,593,Tiruvannamalai,1.625,-3.964
2024-10-12 14:00:00,593,Tiruvannamalai,3.8333333333333335,-3.964
2024-10-12 14:30:00,593,Tiruvannamalai,0.5,-3.964
2024-10-12 15:00:00,593,Tiruvannamalai,1.0,-3.964
2024-10-12 16:00:00,593,Tiruvannamalai,0.5,-4.3658
2024-10-12 18:00:00,593,Tiruvannamalai,0.5,-3.925833333333333
2024-10-12 20:00:00,593,Tiruvannamalai,16.0,-3.925833333333333
2024-10-12 21:00:00,593,Tiruvannamalai,4.0,-3.925833333333333
2024-10-13 00:00:00,593,Tiruvannamalai,0.5,-3.922
2024-10-13 02:30:00,593,Tiruvannamalai,1.0,-3.922
2024-10-13 03:00:00,593,Tiruvannamalai,3.0,-3.922
2024-10-13 04:00:00,593,Tiruvannamalai,8.5,-4.4766
2024-10-13 04:30:00,593,Tiruvannamalai,2.25,-4.4766
2024-10-13 05:00:00,593,Tiruvannamalai,7.0,-4.4766
2024-10-13 05:30:00,593,Tiruvannamalai,0.5,-4.4766
2024-10-13 06:00:00,593,Tiruvannamalai,2.0,-3.884833333333333
2024-10-13 06:30:00,593,Tiruvannamalai,0.5,-3.884833333333333
2024-10-13 07:00:00,593,Tiruvannamalai,0.75,-3.884833333333333
2024-10-13 10:00:00,593,Tiruvannamalai,0.5,-4.3384
2024-10-13 13:00:00,593,Tiruvannamalai,1.5,-3.8815
2024-10-13 15:00:00,593,Tiruvannamalai,1.0,-3.8815
2024-10-13 16:00:00,593,Tiruvannamalai,1.0,-4.29
2024-10-13 17:00:00,593,Tiruvannamalai,0.75,-4.29
2024-10-14 04:00:00,593,Tiruvannamalai,0.5,-4.2562
2024-10-14 05:00:00,593,Tiruvannamalai,0.75,-4.2562
2024-10-14 05:30:00,593,Tiruvannamalai,1.5,-4.2562
2024-10-14 06:00:00,593,Tiruvannamalai,1.625,-3.7185
2024-10-14 06:30:00,593,Tiruvannamalai,0.5,-3.7185
2024-10-14 07:00:00,593,Tiruvannamalai,1.5,-3.7185
2024-10-14 07:30:00,593,Tiruvannamalai,0.5,-3.7185
2024-10-14 08:00:00,593,Tiruvannamalai,0.8333333333333334,-3.7185
2024-10-14 09:00:00,593,Tiruvannamalai,0.5,-3.7185
2024-10-14 12:30:00,593,Tiruvannamalai,0.5,-3.8236666666666665
2024-10-14 13:00:00,593,Tiruvannamalai,0.5,-3.8236666666666665
2024-10-14 14:00:00,593,Tiruvannamalai,0.5,-3.8236666666666665
2024-10-14 19:30:00,593,Tiruvannamalai,0.5,-3.698
2024-10-14 20:00:00,593,Tiruvannamalai,1.0,-3.698
2024-10-14 20:30:00,593,Tiruvannamalai,1.5,-3.698
2024-10-14 21:00:00,593,Tiruvannamalai,2.0,-3.698
2024-10-14 21:30:00,593,Tiruvannamalai,2.25,-4.0894
2024-10-14 22:00:00,593,Tiruvannamalai,3.875,-4.0894
2024-10-14 22:30:00,593,Tiruvannamalai,2.0,-4.0894
2024-10-14 23:00:00,593,Tiruvannamalai,3.25,-4.0894
2024-10-14 23:30:00,593,Tiruvannamalai,0.5,-4.0894
2024-10-15 00:00:00,593,Tiruvannamalai,1.125,-3.6945
2024-10-15 01:00:00,593,Tiruvannamalai,0.75,-3.6945
2024-10-15 01:30:00,593,Tiruvannamalai,0.5,-3.6945
2024-10-15 02:00:00,593,Tiruvannamalai,0.5,-3.6945
2024-10-15 04:00:00,593,Tiruvannamalai,0.5,-4.065
2024-10-15 05:00:00,593,Tiruvannamalai,0.5,-4.065
2024-10-15 06:00:00,593,Tiruvannamalai,1.5,-3.607833333333333
2024-10-15 12:30:00,593,Tiruvannamalai,0.5,-3.642333333333333
2024-10-15 13:00:00,593,Tiruvannamalai,1.0,-3.642333333333333
2024-10-15 13:30:00,593,Tiruvannamalai,3.0,-3.642333333333333
2024-10-15 14:00:00,593,Tiruvannamalai,2.1666666666666665,-3.642333333333333
2024-10-15 15:00:00,593,Tiruvannamalai,0.5,-3.642333333333333
2024-10-15 16:00:00,593,Tiruvannamalai,0.5,-4.0132
2024-10-15 16:30:00,593,Tiruvannamalai,2.0,-4.0132
2024-10-15 17:00:00,593,Tiruvannamalai,2.25,-4.0132
2024-10-15 17:30:00,593,Tiruvannamalai,1.0,-4.0132
2024-10-15 18:00:00,593,Tiruvannamalai,1.0,-3.5241666666666664
2024-10-15 20:00:00,593,Tiruvannamalai,1.0,-3.5241666666666664
2024-10-15 20:30:00,593,Tiruvannamalai,0.75,-3.5241666666666664
2024-10-15 21:00:00,593,Tiruvannamalai,1.25,-3.5241666666666664
2024-10-15 21:30:00,593,Tiruvannamalai,1.25,-3.9744
2024-10-15 22:00:00,593,Tiruvannamalai,1.375,-3.9744
2024-10-15 23:00:00,593,Tiruvannamalai,0.5,-3.9744
2024-10-15 23:30:00,593,Tiruvannamalai,0.5,-3.9744
2024-10-16 00:00:00,593,Tiruvannamalai,0.5,-3.516
2024-10-16 04:30:00,593,Tiruvannamalai,0.5,-4.0042
2024-10-16 05:00:00,593,Tiruvannamalai,0.5,-4.0042
2024-10-16 06:00:00,593,Tiruvannamalai,0.5,-3.4416666666666664
2024-10-16 11:00:00,593,Tiruvannamalai,0.5,-4.0496
2024-10-16 12:00:00,593,Tiruvannamalai,0.5,-3.5253333333333337
2024-10-16 13:00:00,593,Tiruvannamalai,1.0,-3.5253333333333337
2024-10-17 10:00:00,593,Tiruvannamalai,0.5,-4.090000000000001
2024-10-17 22:00:00,593,Tiruvannamalai,62.0,-4.006600000000001
2024-10-18 01:00:00,593,Tiruvannamalai,0.5,-3.4555
2024-10-18 02:00:00,593,Tiruvannamalai,2.0,-3.4555
2024-10-18 04:00:00,593,Tiruvannamalai,0.5,-4.0152
2024-10-18 13:30:00,593,Tiruvannamalai,0.5,-3.6788
2024-10-18 13:35:00,593,Tiruvannamalai,3.5,-3.6788
2024-10-18 14:00:00,593,Tiruvannamalai,3.5,-3.6788
2024-10-19 01:00:00,593,Tiruvannamalai,4.0,-3.4563333333333333
2024-10-19 02:00:00,593,Tiruvannamalai,1.8333333333333333,-3.4563333333333333
2024-10-19 02:30:00,593,Tiruvannamalai,2.0,-3.4563333333333333
2024-10-19 03:00:00,593,Tiruvannamalai,3.2,-3.4563333333333333
2024-10-19 04:00:00,593,Tiruvannamalai,0.75,-4.015
2024-10-19 05:00:00,593,Tiruvannamalai,0.6666666666666666,-4.015
2024-10-19 06:00:00,593,Tiruvannamalai,2.5,-3.7316
2024-10-19 07:00:00,593,Tiruvannamalai,2.5,-3.7316
2024-10-19 07:30:00,593,Tiruvannamalai,0.5,-3.7316
2024-10-19 08:00:00,593,Tiruvannamalai,2.0,-3.7316
2024-10-19 08:30:00,593,Tiruvannamalai,0.5,-3.7316
2024-10-19 09:00:00,593,Tiruvannamalai,4.0,-3.7316
2024-10-19 10:00:00,593,Tiruvannamalai,6.0,-4.0426
2024-10-19 18:00:00,593,Tiruvannamalai,27.5,-3.776
2024-10-19 19:00:00,593,Tiruvannamalai,20.25,-3.776
2024-10-19 20:00:00,593,Tiruvannamalai,12.25,-3.776
2024-10-19 23:00:00,593,Tiruvannamalai,3.5,-3.949
2024-10-20 16:00:00,593,Tiruvannamalai,4.0,-3.7239999999999993
2024-10-20 17:00:00,593,Tiruvannamalai,5.5,-3.7239999999999993
2024-10-20 20:00:00,593,Tiruvannamalai,3.0,-3.7222
2024-10-22 18:00:00,593,Tiruvannamalai,0.5,-3.685200000000001
2024-10-22 19:00:00,593,Tiruvannamalai,5.25,-3.685200000000001
2024-10-22 20:00:00,593,Tiruvannamalai,5.25,-3.685200000000001
2024-10-23 08:00:00,593,Tiruvannamalai,2.5,-3.6272000000000006
2024-10-23 12:00:00,593,Tiruvannamalai,3.0,-3.7328
2024-10-23 13:00:00,593,Tiruvannamalai,3.5,-3.7328
2024-10-23 20:00:00,593,Tiruvannamalai,19.0,-3.693
2024-10-23 21:00:00,593,Tiruvannamalai,3.25,-3.693
2024-10-24 05:00:00,593,Tiruvannamalai,1.5,-4.259
2024-10-28 06:00:00,593,Tiruvannamalai,7.5,-3.6614
2024-10-28 07:00:00,593,Tiruvannamalai,1.0,-3.6614
2024-10-28 08:00:00,593,Tiruvannamalai,0.5,-3.6614
2024-10-28 09:00:00,593,Tiruvannamalai,3.0,-3.6614
2024-10-28 12:00:00,593,Tiruvannamalai,3.0,-3.7562
2024-10-28 13:00:00,593,Tiruvannamalai,2.5,-3.7562
2024-10-28 14:00:00,593,Tiruvannamalai,2.5,-3.7562
2024-10-28 22:00:00,593,Tiruvannamalai,0.5,-4.3892500000000005
2024-10-28 23:00:00,593,Tiruvannamalai,0.5,-4.3892500000000005
2024-10-29 01:00:00,593,Tiruvannamalai,0.5,-3.73
2024-10-29 03:00:00,593,Tiruvannamalai,1.0,-3.73
2024-10-29 04:00:00,593,Tiruvannamalai,11.5,-4.37
2024-10-29 06:00:00,593,Tiruvannamalai,0.5,-3.7068
2024-10-29 07:00:00,593,Tiruvannamalai,1.0,-3.7068
2024-10-29 10:00:00,593,Tiruvannamalai,1.0,-4.42675
2024-10-30 15:00:00,593,Tiruvannamalai,0.5,-3.7962
2024-10-30 16:00:00,593,Tiruvannamalai,4.0,-4.4835
2024-10-31 04:00:00,593,Tiruvannamalai,1.5,-4.4485
2024-10-31 07:00:00,593,Tiruvannamalai,1.0,-3.758
2024-10-31 08:00:00,593,Tiruvannamalai,5.5,-3.758
2024-10-31 09:00:00,593,Tiruvannamalai,6.5,-3.758
2024-10-31 10:00:00,593,Tiruvannamalai,1.5,-4.5085
2024-10-31 11:00:00,593,Tiruvannamalai,2.0,-4.5085
2024-10-31 12:00:00,593,Tiruvannamalai,0.5,-3.8588
2024-10-31 13:00:00,593,Tiruvannamalai,1.0,-3.8588
2024-10-31 14:00:00,593,Tiruvannamalai,17.0,-3.8588
2024-10-31 15:00:00,593,Tiruvannamalai,3.0,-3.8588
2024-10-31 16:30:00,593,Tiruvannamalai,1.0,-4.46175
2024-10-31 17:00:00,593,Tiruvannamalai,1.5,-4.46175
2024-10-31 18:00:00,593,Tiruvannamalai,1.0,-3.7886
2024-10-31 20:00:00,593,Tiruvannamalai,1.5,-3.7886
2024-10-31 21:00:00,593,Tiruvannamalai,1.0,-3.7886
2024-10-31 22:00:00,593,Tiruvannamalai,2.0,-4.408
2024-11-01 00:00:00,593,Tiruvannamalai,5.5,-3.797
2024-11-01 01:00:00,593,Tiruvannamalai,2.5,-3.797
2024-11-01 02:00:00,593,Tiruvannamalai,3.0,-3.797
2024-11-01 03:00:00,593,Tiruvannamalai,5.0,-3.797
2024-11-01 04:00:00,593,Tiruvannamalai,7.0,-4.42275
2024-11-01 05:00:00,593,Tiruvannamalai,6.5,-4.42275
2024-11-01 06:00:00,593,Tiruvannamalai,4.5,-3.7148
2024-11-01 07:00:00,593,Tiruvannamalai,12.5,-3.7148
2024-11-01 08:00:00,593,Tiruvannamalai,27.0,-3.7148
2024-11-01 09:00:00,593,Tiruvannamalai,7.0,-3.7148
2024-11-01 10:00:00,593,Tiruvannamalai,10.0,-4.47475
2024-11-01 11:00:00,593,Tiruvannamalai,1.5,-4.47475
2024-11-01 13:00:00,593,Tiruvannamalai,0.5,-3.8164
2024-11-01 14:00:00,593,Tiruvannamalai,13.0,-3.8164
2024-11-01 15:00:00,593,Tiruvannamalai,1.75,-3.8164
2024-11-01 16:00:00,593,Tiruvannamalai,2.0,-4.41675
2024-11-01 17:00:00,593,Tiruvannamalai,0.5,-4.41675
2024-11-01 17:30:00,593,Tiruvannamalai,0.5,-4.41675
2024-11-01 18:00:00,593,Tiruvannamalai,0.5,-3.823
2024-11-02 12:30:00,593,Tiruvannamalai,1.0,-3.8348
2024-11-02 13:00:00,593,Tiruvannamalai,12.0,-3.8348
2024-11-02 13:30:00,593,Tiruvannamalai,4.0,-3.8348
2024-11-02 14:00:00,593,Tiruvannamalai,3.1666666666666665,-3.8348
2024-11-02 14:30:00,593,Tiruvannamalai,0.5,-3.8348
2024-11-02 15:00:00,593,Tiruvannamalai,20.5,-3.8348
2024-11-02 16:00:00,593,Tiruvannamalai,17.5,-4.4085
2024-11-02 21:00:00,593,Tiruvannamalai,1.5,-3.8302
2024-11-02 22:00:00,593,Tiruvannamalai,27.5,-4.3717500000000005
2024-11-02 23:00:00,593,Tiruvannamalai,74.5,-4.3717500000000005
2024-11-03 00:00:00,593,Tiruvannamalai,36.0,-3.817
2024-11-03 01:00:00,593,Tiruvannamalai,96.5,-3.817
2024-11-03 02:00:00,593,Tiruvannamalai,34.0,-3.817
2024-11-03 03:00:00,593,Tiruvannamalai,50.75,-3.817
2024-11-03 04:00:00,593,Tiruvannamalai,2.25,-4.37575
2024-11-03 13:00:00,593,Tiruvannamalai,0.5,-3.55575
2024-11-03 16:00:00,593,Tiruvannamalai,3.5,-4.38825
2024-11-03 17:00:00,593,Tiruvannamalai,14.0,-4.38825
2024-11-03 18:00:00,593,Tiruvannamalai,0.5,-3.835
2024-11-03 19:00:00,593,Tiruvannamalai,1.5,-3.835
2024-11-03 20:00:00,593,Tiruvannamalai,1.0,-3.835
2024-11-04 17:00:00,593,Tiruvannamalai,4.0,-4.29075
2024-11-04 20:00:00,593,Tiruvannamalai,5.5,-1.846
2024-11-06 17:00:00,593,Tiruvannamalai,2.5,-3.67
2024-11-06 17:30:00,593,Tiruvannamalai,0.5,-3.67
2024-11-06 18:00:00,593,Tiruvannamalai,0.5,-3.7828
2024-11-07 00:00:00,593,Tiruvannamalai,25.0,-3.7814
2024-11-07 01:00:00,593,Tiruvannamalai,6.0,-3.7814
2024-11-07 02:00:00,593,Tiruvannamalai,9.5,-3.7814
2024-11-07 04:00:00,593,Tiruvannamalai,25.0,-2.9576666666666664
2024-11-07 05:00:00,593,Tiruvannamalai,1.0,-2.9576666666666664
2024-11-07 07:00:00,593,Tiruvannamalai,24.0,-3.7554
2024-11-07 08:00:00,593,Tiruvannamalai,0.5,-3.7554
2024-11-07 09:00:00,593,Tiruvannamalai,2.0,-3.7554
2024-11-07 11:00:00,593,Tiruvannamalai,0.5,-3.0856666666666666
2024-11-07 11:30:00,593,Tiruvannamalai,1.5,-3.0856666666666666
2024-11-07 12:00:00,593,Tiruvannamalai,1.75,-3.8166
2024-11-07 13:00:00,593,Tiruvannamalai,60.75,-3.8166
2024-11-07 14:00:00,593,Tiruvannamalai,2.0,-3.8166
2024-11-07 14:30:00,593,Tiruvannamalai,0.75,-3.8166
2024-11-07 15:00:00,593,Tiruvannamalai,6.0,-3.8166
2024-11-07 16:00:00,593,Tiruvannamalai,5.0,-3.019333333333333
2024-11-07 17:00:00,593,Tiruvannamalai,0.5,-3.019333333333333
2024-11-07 21:00:00,593,Tiruvannamalai,0.5,-3.7986
2024-11-08 02:00:00,593,Tiruvannamalai,3.0,-3.8022
2024-11-08 07:00:00,593,Tiruvannamalai,0.5,-3.4855
2024-11-08 10:00:00,593,Tiruvannamalai,4.5,-3.078333333333333
2024-11-08 11:00:00,593,Tiruvannamalai,0.5,-3.078333333333333
2024-11-11 19:00:00,593,Tiruvannamalai,58.5,-2.7385
2024-11-11 20:00:00,593,Tiruvannamalai,53.0,-2.7385
2024-11-11 21:00:00,593,Tiruvannamalai,9.0,-2.7385
2024-11-11 22:00:00,593,Tiruvannamalai,4.0,-3.1670000000000003
2024-11-11 23:00:00,593,Tiruvannamalai,0.5,-3.1670000000000003
2024-11-12 00:00:00,593,Tiruvannamalai,1.0,-2.71525
2024-11-12 04:00:00,593,Tiruvannamalai,0.5,-3.131
2024-11-12 08:00:00,593,Tiruvannamalai,0.5,-3.867
2024-11-12 09:00:00,593,Tiruvannamalai,2.0,-3.867
2024-11-12 19:30:00,593,Tiruvannamalai,0.5,-4.41525
2024-11-12 20:00:00,593,Tiruvannamalai,0.5,-4.41525
2024-11-13 00:00:00,593,Tiruvannamalai,0.5,-4.46575
2024-11-13 03:00:00,593,Tiruvannamalai,2.0,-4.46575
2024-11-13 13:00:00,593,Tiruvannamalai,0.5,-4.050800000000001
2024-11-13 14:30:00,593,Tiruvannamalai,0.5,-4.050800000000001
2024-11-13 15:00:00,593,Tiruvannamalai,0.5,-4.050800000000001
2024-11-13 17:30:00,593,Tiruvannamalai,0.5,-3.252333333333333
2024-11-13 18:00:00,593,Tiruvannamalai,1.0,-4.0408
2024-11-13 18:30:00,593,Tiruvannamalai,5.0,-4.0408
2024-11-13 19:00:00,593,Tiruvannamalai,5.5,-4.0408
2024-11-13 19:30:00,593,Tiruvannamalai,1.0,-4.0408
2024-11-13 20:00:00,593,Tiruvannamalai,1.0,-4.0408
2024-11-13 22:30:00,593,Tiruvannamalai,0.5,-3.192333333333334
2024-11-13 23:00:00,593,Tiruvannamalai,0.5,-3.192333333333334
2024-11-14 03:00:00,593,Tiruvannamalai,1.5,-4.0516
2024-11-14 03:30:00,593,Tiruvannamalai,1.75,-4.4545
2024-11-14 04:00:00,593,Tiruvannamalai,1.5,-4.4545
2024-11-14 04:30:00,593,Tiruvannamalai,1.0,-4.4545
2024-11-14 05:00:00,593,Tiruvannamalai,1.5,-4.4545
2024-11-14 05:30:00,593,Tiruvannamalai,0.5,-4.4545
2024-11-14 06:00:00,593,Tiruvannamalai,0.5,-4.0138
2024-11-14 10:00:00,593,Tiruvannamalai,0.75,-4.5465
2024-11-14 11:00:00,593,Tiruvannamalai,1.0,-4.5465
2024-11-14 11:30:00,593,Tiruvannamalai,2.0,-4.5465
2024-11-14 12:00:00,593,Tiruvannamalai,4.0,-4.127599999999999
2024-11-14 13:00:00,593,Tiruvannamalai,0.5,-4.127599999999999
2024-11-14 14:00:00,593,Tiruvannamalai,2.0,-4.127599999999999
2024-11-14 16:00:00,593,Tiruvannamalai,5.5,-4.5445
2024-11-14 17:30:00,593,Tiruvannamalai,0.5,-4.5445
2024-11-14 18:00:00,593,Tiruvannamalai,3.8333333333333335,-4.0838
2024-11-14 19:00:00,593,Tiruvannamalai,0.5,-4.0838
2024-11-14 20:00:00,593,Tiruvannamalai,2.5,-4.0838
2024-11-14 21:00:00,593,Tiruvannamalai,2.0,-4.0838
2024-11-15 01:30:00,593,Tiruvannamalai,2.0,-4.0608
2024-11-15 02:00:00,593,Tiruvannamalai,3.5,-4.0608
2024-11-15 02:30:00,593,Tiruvannamalai,1.5,-4.0608
2024-11-15 03:00:00,593,Tiruvannamalai,2.0,-4.0608
2024-11-15 04:30:00,593,Tiruvannamalai,1.5,-4.48525
2024-11-15 05:00:00,593,Tiruvannamalai,1.5,-4.48525
2024-11-15 06:00:00,593,Tiruvannamalai,0.5,-3.996
2024-11-15 09:00:00,593,Tiruvannamalai,0.5,-3.996
2024-11-15 13:00:00,593,Tiruvannamalai,0.5,-4.1792
2024-11-15 16:00:00,593,Tiruvannamalai,1.0,-4.51825
2024-11-15 16:30:00,593,Tiruvannamalai,1.0,-4.51825
2024-11-15 17:00:00,593,Tiruvannamalai,0.75,-4.51825
2024-11-15 19:00:00,593,Tiruvannamalai,0.5,-4.0894
2024-11-16 11:30:00,593,Tiruvannamalai,0.75,-4.50225
2024-11-16 12:00:00,593,Tiruvannamalai,1.0,-4.0808
2024-11-16 14:00:00,593,Tiruvannamalai,9.5,-4.0808
2024-11-16 15:00:00,593,Tiruvannamalai,2.75,-4.0808
2024-11-16 16:00:00,593,Tiruvannamalai,4.25,-4.4515
2024-11-16 17:00:00,593,Tiruvannamalai,9.5,-4.4515
2024-11-16 17:30:00,593,Tiruvannamalai,3.5,-4.4515
2024-11-16 18:00:00,593,Tiruvannamalai,4.0,-4.034999999999999
2024-11-16 18:30:00,593,Tiruvannamalai,1.5,-4.034999999999999
2024-11-16 20:00:00,593,Tiruvannamalai,1.5,-4.034999999999999
2024-11-16 21:00:00,593,Tiruvannamalai,8.0,-4.034999999999999
2024-11-16 22:00:00,593,Tiruvannamalai,3.0,-4.3605
2024-11-16 23:00:00,593,Tiruvannamalai,0.75,-4.3605
2024-11-16 23:30:00,593,Tiruvannamalai,0.5,-4.3605
2024-11-17 00:00:00,593,Tiruvannamalai,3.25,-4.0154
2024-11-17 00:30:00,593,Tiruvannamalai,0.75,-4.0154
2024-11-17 01:00:00,593,Tiruvannamalai,0.75,-4.0154
2024-11-17 02:00:00,593,Tiruvannamalai,4.5,-4.0154
2024-11-17 02:30:00,593,Tiruvannamalai,2.5,-4.0154
2024-11-17 03:00:00,593,Tiruvannamalai,5.0,-4.0154
2024-11-17 04:00:00,593,Tiruvannamalai,2.75,-4.2795
2024-11-17 05:00:00,593,Tiruvannamalai,1.5,-4.2795
2024-11-26 01:00:00,593,Tiruvannamalai,2.0,-3.9938
2024-11-26 11:30:00,593,Tiruvannamalai,2.0,-4.34725
2024-11-26 12:00:00,593,Tiruvannamalai,1.875,-3.61125
2024-11-26 12:30:00,593,Tiruvannamalai,3.0,-3.61125
2024-11-26 13:00:00,593,Tiruvannamalai,3.6666666666666665,-3.61125
2024-11-26 13:30:00,593,Tiruvannamalai,2.0,-3.61125
2024-11-26 14:00:00,593,Tiruvannamalai,2.6666666666666665,-3.61125
2024-11-26 14:30:00,593,Tiruvannamalai,0.5,-3.61125
2024-11-26 15:00:00,593,Tiruvannamalai,0.75,-3.61125
2024-11-26 15:30:00,593,Tiruvannamalai,0.5,-4.28275
2024-11-26 16:00:00,593,Tiruvannamalai,1.0,-4.28275
2024-11-26 16:30:00,593,Tiruvannamalai,0.5,-4.28275
2024-11-26 17:00:00,593,Tiruvannamalai,1.25,-4.28275
2024-11-26 18:00:00,593,Tiruvannamalai,0.75,-3.9762
2024-11-26 18:30:00,593,Tiruvannamalai,0.75,-3.9762
2024-11-26 19:00:00,593,Tiruvannamalai,1.1666666666666667,-3.9762
2024-11-26 20:00:00,593,Tiruvannamalai,1.0,-3.9762
2024-11-26 22:30:00,593,Tiruvannamalai,2.0,-4.2265
2024-11-26 23:00:00,593,Tiruvannamalai,2.0,-4.2265
2024-11-26 23:30:00,593,Tiruvannamalai,0.75,-4.2265
2024-11-27 00:00:00,593,Tiruvannamalai,0.6666666666666666,-3.9508
2024-11-27 01:00:00,593,Tiruvannamalai,2.0,-3.9508
2024-11-27 02:00:00,593,Tiruvannamalai,0.5,-3.9508
2024-11-27 04:00:00,593,Tiruvannamalai,0.5,-4.263
2024-11-28 14:30:00,593,Tiruvannamalai,1.0,-4.003
2024-11-28 15:00:00,593,Tiruvannamalai,1.0,-4.003
2024-11-28 18:00:00,593,Tiruvannamalai,0.5,-3.9582
2024-11-29 04:30:00,593,Tiruvannamalai,0.5,-4.2625
2024-11-29 05:00:00,593,Tiruvannamalai,0.5,-4.2625
2024-11-29 21:00:00,593,Tiruvannamalai,0.5,-3.9936000000000007
2024-11-29 21:30:00,593,Tiruvannamalai,2.5,-4.216
2024-11-29 22:30:00,593,Tiruvannamalai,0.5,-4.216
2024-11-29 23:00:00,593,Tiruvannamalai,0.5,-4.216
2024-11-30 04:30:00,593,Tiruvannamalai,0.5,-4.4783333333333335
2024-11-30 05:00:00,593,Tiruvannamalai,0.5,-4.4783333333333335
2024-11-30 06:00:00,593,Tiruvannamalai,2.5,-4.249
2024-11-30 06:30:00,593,Tiruvannamalai,1.25,-4.249
2024-11-30 07:00:00,593,Tiruvannamalai,1.75,-4.249
2024-11-30 07:30:00,593,Tiruvannamalai,0.5,-4.249
2024-11-30 08:00:00,593,Tiruvannamalai,1.1666666666666667,-4.249
2024-11-30 08:30:00,593,Tiruvannamalai,1.25,-4.249
2024-11-30 09:00:00,593,Tiruvannamalai,1.5,-4.249
2024-11-30 09:30:00,593,Tiruvannamalai,2.25,-4.532333333333333
2024-11-30 10:00:00,593,Tiruvannamalai,4.25,-4.532333333333333
2024-11-30 10:30:00,593,Tiruvannamalai,5.0,-4.532333333333333
2024-11-30 11:00:00,593,Tiruvannamalai,0.5,-4.532333333333333
2024-11-30 11:30:00,593,Tiruvannamalai,6.5,-4.532333333333333
2024-11-30 12:00:00,593,Tiruvannamalai,11.0,-4.29125
2024-11-30 12:30:00,593,Tiruvannamalai,4.0,-4.29125
2024-11-30 13:00:00,593,Tiruvannamalai,6.333333333333333,-4.29125
2024-11-30 13:30:00,593,Tiruvannamalai,2.5,-4.29125
2024-11-30 14:00:00,593,Tiruvannamalai,5.5,-4.29125
2024-11-30 14:30:00,593,Tiruvannamalai,3.25,-4.29125
2024-11-30 15:00:00,593,Tiruvannamalai,7.833333333333333,-4.29125
2024-11-30 15:30:00,593,Tiruvannamalai,5.75,-4.360333333333333
2024-11-30 16:00:00,593,Tiruvannamalai,10.25,-4.360333333333333
2024-11-30 16:30:00,593,Tiruvannamalai,11.5,-4.360333333333333
2024-11-30 17:00:00,593,Tiruvannamalai,12.75,-4.360333333333333
2024-11-30 17:30:00,593,Tiruvannamalai,3.5,-4.360333333333333
2024-11-30 18:00:00,593,Tiruvannamalai,7.5,-3.61725
2024-11-30 18:30:00,593,Tiruvannamalai,5.5,-3.61725
2024-11-30 19:00:00,593,Tiruvannamalai,11.75,-3.61725
2024-11-30 19:30:00,593,Tiruvannamalai,11.0,-3.61725
2024-11-30 20:00:00,593,Tiruvannamalai,13.5,-3.61725
2024-11-30 21:00:00,593,Tiruvannamalai,6.166666666666667,-3.61725
2024-11-30 21:30:00,593,Tiruvannamalai,1.5,-4.091333333333334
2024-11-30 22:00:00,593,Tiruvannamalai,3.25,-4.091333333333334
2024-11-30 23:00:00,593,Tiruvannamalai,1.8333333333333333,-4.091333333333334
2024-12-01 00:00:00,593,Tiruvannamalai,5.0,-3.4675
2024-12-01 00:30:00,593,Tiruvannamalai,0.5,-3.4675
2024-12-01 01:00:00,593,Tiruvannamalai,3.6666666666666665,-3.4675
2024-12-01 01:30:00,593,Tiruvannamalai,3.5,-3.4675
2024-12-01 02:00:00,593,Tiruvannamalai,7.0,-3.4675
2024-12-01 02:30:00,593,Tiruvannamalai,10.0,-3.4675
2024-12-01 03:00:00,593,Tiruvannamalai,7.333333333333333,-3.4675
2024-12-01 03:30:00,593,Tiruvannamalai,1.25,-3.808666666666667
2024-12-01 04:00:00,593,Tiruvannamalai,3.6666666666666665,-3.808666666666667
2024-12-01 04:30:00,593,Tiruvannamalai,5.25,-3.808666666666667
2024-12-01 05:00:00,593,Tiruvannamalai,16.25,-3.808666666666667
2024-12-01 05:30:00,593,Tiruvannamalai,5.0,-3.808666666666667
2024-12-01 06:00:00,593,Tiruvannamalai,7.0,-3.53525
2024-12-01 06:30:00,593,Tiruvannamalai,0.5,-3.53525
2024-12-01 07:00:00,593,Tiruvannamalai,9.25,-3.53525
2024-12-01 08:00:00,593,Tiruvannamalai,6.25,-3.53525
2024-12-01 08:30:00,593,Tiruvannamalai,1.5,-3.53525
2024-12-01 09:00:00,593,Tiruvannamalai,2.5,-3.53525
2024-12-01 09:30:00,593,Tiruvannamalai,2.0,-3.564
2024-12-01 10:00:00,593,Tiruvannamalai,6.75,-3.564
2024-12-01 10:30:00,593,Tiruvannamalai,1.0,-3.564
2024-12-01 11:00:00,593,Tiruvannamalai,4.333333333333333,-3.564
2024-12-01 11:30:00,593,Tiruvannamalai,0.5,-3.564
2024-12-01 12:00:00,593,Tiruvannamalai,4.833333333333333,-3.277
2024-12-01 12:30:00,593,Tiruvannamalai,0.5,-3.277
2024-12-01 13:00:00,593,Tiruvannamalai,4.166666666666667,-3.277
2024-12-01 14:00:00,593,Tiruvannamalai,10.75,-3.277
2024-12-01 14:30:00,593,Tiruvannamalai,0.75,-3.277
2024-12-01 15:00:00,593,Tiruvannamalai,3.5,-3.277
2024-12-01 15:30:00,593,Tiruvannamalai,1.0,-3.436
2024-12-01 16:00:00,593,Tiruvannamalai,3.8333333333333335,-3.436
2024-12-01 16:30:00,593,Tiruvannamalai,0.5,-3.436
2024-12-01 17:00:00,593,Tiruvannamalai,2.5,-3.436
2024-12-01 17:30:00,593,Tiruvannamalai,0.5,-3.436
2024-12-01 18:00:00,593,Tiruvannamalai,3.8333333333333335,-2.4878
2024-12-01 18:30:00,593,Tiruvannamalai,0.5,-2.4878
2024-12-01 19:00:00,593,Tiruvannamalai,16.0,-2.4878
2024-12-01 20:00:00,593,Tiruvannamalai,15.0,-2.4878
2024-12-01 21:00:00,593,Tiruvannamalai,5.166666666666667,-2.4878
2024-12-01 22:00:00,593,Tiruvannamalai,8.0,-3.3623333333333334
2024-12-01 22:30:00,593,Tiruvannamalai,0.5,-3.3623333333333334
2024-12-01 23:00:00,593,Tiruvannamalai,2.75,-3.3623333333333334
2024-12-02 00:00:00,593,Tiruvannamalai,6.5,-6.287166666666667
2024-12-02 01:00:00,593,Tiruvannamalai,7.0,-6.287166666666667
2024-12-02 01:30:00,593,Tiruvannamalai,0.5,-6.287166666666667
2024-12-02 02:00:00,593,Tiruvannamalai,0.6666666666666666,-6.287166666666667
2024-12-02 03:00:00,593,Tiruvannamalai,0.5,-6.287166666666667
2024-12-02 04:00:00,593,Tiruvannamalai,0.5,-2.56825
2024-12-02 05:00:00,593,Tiruvannamalai,0.5,-2.56825
2024-12-02 06:00:00,593,Tiruvannamalai,0.5,-2.2892
2024-12-02 10:00:00,593,Tiruvannamalai,0.5,-2.6285
2024-12-02 18:00:00,593,Tiruvannamalai,12.0,-2.2676000000000003
2024-12-02 19:00:00,593,Tiruvannamalai,2.0,-2.2676000000000003
2024-12-02 20:00:00,593,Tiruvannamalai,1.25,-2.2676000000000003
2024-12-02 20:30:00,593,Tiruvannamalai,0.5,-2.2676000000000003
2024-12-02 21:00:00,593,Tiruvannamalai,0.5,-2.2676000000000003
2024-12-02 22:00:00,593,Tiruvannamalai,0.75,-2.5185000000000004
2024-12-02 22:30:00,593,Tiruvannamalai,1.0,-2.5185000000000004
2024-12-02 23:00:00,593,Tiruvannamalai,2.333333333333333,-2.5185000000000004
2024-12-03 01:00:00,593,Tiruvannamalai,1.0,-2.2174
2024-12-03 01:30:00,593,Tiruvannamalai,1.0,-2.2174
2024-12-03 02:00:00,593,Tiruvannamalai,9.75,-2.2174
2024-12-03 03:00:00,593,Tiruvannamalai,1.25,-2.2174
2024-12-04 15:00:00,593,Tiruvannamalai,1.0,-2.1822
2024-12-04 16:00:00,593,Tiruvannamalai,0.5,-2.564
2024-12-04 16:30:00,593,Tiruvannamalai,1.0,-2.564
2024-12-04 17:00:00,593,Tiruvannamalai,1.0,-2.564
2024-12-04 17:30:00,593,Tiruvannamalai,1.5,-2.564
2024-12-04 18:00:00,593,Tiruvannamalai,2.0,-2.131
2024-12-04 19:00:00,593,Tiruvannamalai,0.5,-2.131
2024-12-04 20:00:00,593,Tiruvannamalai,26.5,-2.131
2024-12-04 20:30:00,593,Tiruvannamalai,13.0,-2.131
2024-12-04 21:00:00,593,Tiruvannamalai,14.0,-2.131
2024-12-04 22:00:00,593,Tiruvannamalai,0.5,-2.4575
2024-12-04 22:30:00,593,Tiruvannamalai,3.5,-2.4575
2024-12-04 23:00:00,593,Tiruvannamalai,3.5,-2.4575
2024-12-04 23:30:00,593,Tiruvannamalai,0.5,-2.4575
2024-12-05 00:00:00,593,Tiruvannamalai,2.0,-2.1402
2024-12-05 00:30:00,593,Tiruvannamalai,3.5,-2.1402
2024-12-05 01:00:00,593,Tiruvannamalai,3.5,-2.1402
2024-12-06 16:00:00,593,Tiruvannamalai,0.5,-2.473
2024-12-06 17:00:00,593,Tiruvannamalai,1.5,-2.473
2024-12-07 13:30:00,593,Tiruvannamalai,5.0,-2.175
2024-12-10 11:05:00,593,Tiruvannamalai,0.5,-0.823
2024-12-10 11:10:00,593,Tiruvannamalai,0.5,-0.823
2024-12-10 11:15:00,593,Tiruvannamalai,0.5,-0.823
2024-12-10 11:20:00,593,Tiruvannamalai,0.5,-0.823
2024-12-10 11:25:00,593,Tiruvannamalai,0.5,-0.823
2024-12-10 11:35:00,593,Tiruvannamalai,0.5,-0.823
2024-12-10 11:40:00,593,Tiruvannamalai,0.5,-0.823
2024-12-10 11:45:00,593,Tiruvannamalai,0.5,-0.823
2024-12-10 11:50:00,593,Tiruvannamalai,0.5,-0.823
2024-12-10 11:55:00,593,Tiruvannamalai,0.5,-0.823
2024-12-10 12:00:00,593,Tiruvannamalai,0.5,-2.2228000000000003
2024-12-11 11:00:00,593,Tiruvannamalai,5.25,-0.949
2024-12-11 11:30:00,593,Tiruvannamalai,12.5,-0.948
2024-12-11 12:00:00,593,Tiruvannamalai,5.333333333333333,-1.983833333333333
2024-12-11 12:30:00,593,Tiruvannamalai,4.5,-1.983833333333333
2024-12-11 13:00:00,593,Tiruvannamalai,6.5,-1.983833333333333
2024-12-11 15:30:00,593,Tiruvannamalai,1.0,-2.586
2024-12-11 16:00:00,593,Tiruvannamalai,1.5,-2.586
2024-12-11 19:30:00,593,Tiruvannamalai,0.5,-1.9385
2024-12-11 20:00:00,593,Tiruvannamalai,0.5,-1.9385
2024-12-11 21:30:00,593,Tiruvannamalai,0.5,-2.5570000000000004
2024-12-11 22:00:00,593,Tiruvannamalai,0.5,-2.5570000000000004
2024-12-11 23:00:00,593,Tiruvannamalai,0.5,-2.5570000000000004
2024-12-11 23:30:00,593,Tiruvannamalai,0.5,-2.5570000000000004
2024-12-12 00:00:00,593,Tiruvannamalai,0.5,-1.9463333333333328
2024-12-12 00:30:00,593,Tiruvannamalai,1.0,-1.9463333333333328
2024-12-12 01:00:00,593,Tiruvannamalai,3.5,-1.9463333333333328
2024-12-12 01:30:00,593,Tiruvannamalai,0.5,-1.9463333333333328
2024-12-12 02:00:00,593,Tiruvannamalai,0.5,-1.9463333333333328
2024-12-12 03:00:00,593,Tiruvannamalai,1.25,-1.9463333333333328
2024-12-12 03:30:00,593,Tiruvannamalai,9.5,-2.58475
2024-12-12 04:00:00,593,Tiruvannamalai,4.5,-2.58475
2024-12-12 04:30:00,593,Tiruvannamalai,5.0,-2.58475
2024-12-12 05:00:00,593,Tiruvannamalai,6.0,-2.58475
2024-12-12 05:30:00,593,Tiruvannamalai,1.5,-2.58475
2024-12-12 06:00:00,593,Tiruvannamalai,9.375,-1.9096666666666664
2024-12-12 06:30:00,593,Tiruvannamalai,4.25,-1.9096666666666664
2024-12-12 07:00:00,593,Tiruvannamalai,9.0,-1.9096666666666664
2024-12-12 07:30:00,593,Tiruvannamalai,3.0,-0.926
2024-12-12 08:00:00,593,Tiruvannamalai,3.0,-0.926
2024-12-12 08:30:00,593,Tiruvannamalai,5.5,-0.926
2024-12-12 09:00:00,593,Tiruvannamalai,7.1,-0.926
2024-12-12 09:30:00,593,Tiruvannamalai,3.0,-0.926
2024-12-12 10:00:00,593,Tiruvannamalai,3.2,-0.926
2024-12-12 11:00:00,593,Tiruvannamalai,0.5,-2.49275
2024-12-12 12:00:00,593,Tiruvannamalai,0.75,-1.7798571428571428
2024-12-12 12:30:00,593,Tiruvannamalai,4.0,-1.7798571428571428
2024-12-12 12:45:00,593,Tiruvannamalai,0.5,-1.7798571428571428
2024-12-12 12:50:00,593,Tiruvannamalai,4.0,-1.7798571428571428
2024-12-12 12:55:00,593,Tiruvannamalai,6.0,-1.7798571428571428
2024-12-12 13:00:00,593,Tiruvannamalai,5.125,-1.7798571428571428
2024-12-12 13:05:00,593,Tiruvannamalai,1.0,-1.7798571428571428
2024-12-12 13:10:00,593,Tiruvannamalai,1.5,-1.7798571428571428
2024-12-12 13:15:00,593,Tiruvannamalai,2.0,-1.7798571428571428
2024-12-12 13:20:00,593,Tiruvannamalai,2.0,-1.7798571428571428
2024-12-12 13:25:00,593,Tiruvannamalai,2.0,-1.7798571428571428
2024-12-12 13:30:00,593,Tiruvannamalai,2.5,-1.7798571428571428
2024-12-12 13:35:00,593,Tiruvannamalai,2.0,-1.7798571428571428
2024-12-12 13:40:00,593,Tiruvannamalai,2.0,-1.7798571428571428
2024-12-12 13:45:00,593,Tiruvannamalai,2.0,-1.7798571428571428
2024-12-12 13:50:00,593,Tiruvannamalai,2.0,-1.7798571428571428
2024-12-12 13:55:00,593,Tiruvannamalai,2.0,-1.7798571428571428
2024-12-12 14:00:00,593,Tiruvannamalai,5.1,-1.7798571428571428
2024-12-12 14:30:00,593,Tiruvannamalai,0.5,-1.7798571428571428
2024-12-12 15:00:00,593,Tiruvannamalai,3.875,-1.7798571428571428
2024-12-12 15:30:00,593,Tiruvannamalai,3.0,-2.28375
2024-12-12 16:00:00,593,Tiruvannamalai,4.3,-2.28375
2024-12-12 16:30:00,593,Tiruvannamalai,1.25,-2.28375
2024-12-12 17:00:00,593,Tiruvannamalai,2.4,-2.28375
2024-12-12 17:30:00,593,Tiruvannamalai,5.5,-2.28375
2024-12-12 18:00:00,593,Tiruvannamalai,4.75,-1.7292857142857143
2024-12-12 18:30:00,593,Tiruvannamalai,2.25,-1.7292857142857143
2024-12-12 19:00:00,593,Tiruvannamalai,2.875,-1.7292857142857143
2024-12-12 19:30:00,593,Tiruvannamalai,3.0,-1.7292857142857143
2024-12-12 20:00:00,593,Tiruvannamalai,3.1666666666666665,-1.7292857142857143
2024-12-12 20:30:00,593,Tiruvannamalai,0.5,-1.7292857142857143
2024-12-12 21:00:00,593,Tiruvannamalai,0.5,-1.7292857142857143
2024-12-12 22:00:00,593,Tiruvannamalai,1.3333333333333333,-2.1755
2024-12-12 22:30:00,593,Tiruvannamalai,2.0,-2.1755
2024-12-12 23:00:00,593,Tiruvannamalai,2.1666666666666665,-2.1755
2024-12-12 23:30:00,593,Tiruvannamalai,1.0,-2.1755
2024-12-13 00:00:00,593,Tiruvannamalai,2.5,-1.6717142857142857
2024-12-13 00:30:00,593,Tiruvannamalai,1.0,-1.6717142857142857
2024-12-13 01:00:00,593,Tiruvannamalai,4.5,-1.6717142857142857
2024-12-13 02:00:00,593,Tiruvannamalai,13.0,-1.6717142857142857
2024-12-13 03:00:00,593,Tiruvannamalai,3.25,-1.6717142857142857
2024-12-13 04:00:00,593,Tiruvannamalai,0.5,-2.18925
2024-12-18 00:30:00,593,Tiruvannamalai,0.5,-1.6781428571428572
2024-12-18 01:00:00,593,Tiruvannamalai,0.5,-1.6781428571428572
2024-12-18 09:00:00,593,Tiruvannamalai,0.5,-1.9506
2024-12-18 14:30:00,593,Tiruvannamalai,0.5,-1.9994
2024-12-18 14:55:00,593,Tiruvannamalai,1.5,-1.9994
2024-12-18 15:00:00,593,Tiruvannamalai,1.5,-1.9994
2024-12-18 16:30:00,593,Tiruvannamalai,7.5,-2.3085
2024-12-18 17:00:00,593,Tiruvannamalai,4.0,-2.3085
2024-12-18 18:30:00,593,Tiruvannamalai,11.0,-1.6584285714285714
2024-12-18 19:00:00,593,Tiruvannamalai,6.166666666666667,-1.6584285714285714
2024-12-18 20:00:00,593,Tiruvannamalai,1.25,-1.6584285714285714
2024-12-18 21:00:00,593,Tiruvannamalai,0.75,-1.6584285714285714
2024-12-18 22:00:00,593,Tiruvannamalai,0.5,-2.2785
2024-12-18 23:00:00,593,Tiruvannamalai,0.5,-2.2785
2024-12-24 12:30:00,593,Tiruvannamalai,0.5,-1.805
2024-12-24 13:00:00,593,Tiruvannamalai,2.5,-1.805
2024-12-24 13:30:00,593,Tiruvannamalai,0.5,-1.805
2024-12-24 14:00:00,593,Tiruvannamalai,1.0,-1.805
2024-12-26 04:30:00,593,Tiruvannamalai,0.5,-2.48575
2024-12-26 05:00:00,593,Tiruvannamalai,0.5,-2.48575
2024-12-26 06:30:00,593,Tiruvannamalai,0.5,-1.782
2024-12-26 07:00:00,593,Tiruvannamalai,2.6666666666666665,-1.782
2024-12-26 07:30:00,593,Tiruvannamalai,3.6666666666666665,-1.782
2024-12-26 08:00:00,593,Tiruvannamalai,4.0,-1.782
2024-12-26 08:30:00,593,Tiruvannamalai,1.0,-1.782
2024-12-26 09:00:00,593,Tiruvannamalai,2.583333333333333,-1.782
2024-12-26 09:30:00,593,Tiruvannamalai,2.5,-2.595
2024-12-26 10:00:00,593,Tiruvannamalai,1.5,-2.595
2024-12-26 10:30:00,593,Tiruvannamalai,0.5,-2.595
2024-12-26 11:00:00,593,Tiruvannamalai,0.5,-2.595
2024-12-26 11:30:00,593,Tiruvannamalai,0.5,-2.595
2024-12-26 12:00:00,593,Tiruvannamalai,0.5,-1.848142857142857
2024-12-26 15:00:00,593,Tiruvannamalai,0.5,-1.848142857142857
2024-12-26 18:00:00,593,Tiruvannamalai,3.0,-1.7787142857142857
2024-12-26 19:00:00,593,Tiruvannamalai,1.5,-1.7787142857142857
2024-12-26 20:00:00,593,Tiruvannamalai,0.5,-1.7787142857142857
2024-12-27 04:00:00,593,Tiruvannamalai,5.5,-2.48675
2024-12-27 04:30:00,593,Tiruvannamalai,8.0,-2.48675
2024-12-27 05:00:00,593,Tiruvannamalai,8.25,-2.48675
2024-12-27 05:30:00,593,Tiruvannamalai,2.0,-2.48675
2024-12-27 06:00:00,593,Tiruvannamalai,4.0,-1.7257142857142858
2024-12-27 07:30:00,593,Tiruvannamalai,0.5,-1.7257142857142858
2024-12-27 08:00:00,593,Tiruvannamalai,0.5,-1.7257142857142858
2024-12-27 08:30:00,593,Tiruvannamalai,0.5,-1.7257142857142858
2024-12-27 09:00:00,593,Tiruvannamalai,1.5,-1.7257142857142858
2024-12-27 11:00:00,593,Tiruvannamalai,1.5,-2.56575
2024-12-27 11:30:00,593,Tiruvannamalai,2.5,-2.56575
2024-12-27 12:00:00,593,Tiruvannamalai,3.5,-1.7707142857142857
2024-12-27 13:00:00,593,Tiruvannamalai,1.0,-1.7707142857142857
2024-12-27 13:30:00,593,Tiruvannamalai,0.5,-1.7707142857142857
2024-12-27 14:00:00,593,Tiruvannamalai,0.5,-1.7707142857142857
2024-12-27 15:00:00,593,Tiruvannamalai,0.5,-1.7707142857142857
2024-12-27 15:30:00,593,Tiruvannamalai,0.5,-2.4475
2024-12-27 16:00:00,593,Tiruvannamalai,1.0,-2.4475
2024-12-28 01:00:00,593,Tiruvannamalai,0.5,-1.707142857142857
2024-12-28 01:30:00,593,Tiruvannamalai,1.0,-1.707142857142857
2024-12-28 02:00:00,593,Tiruvannamalai,1.0,-1.707142857142857
2024-12-28 03:30:00,593,Tiruvannamalai,0.5,-2.387
2024-12-28 04:00:00,593,Tiruvannamalai,0.5,-2.387
2024-12-28 07:30:00,593,Tiruvannamalai,0.5,-1.6788571428571426
2024-12-28 08:00:00,593,Tiruvannamalai,0.5,-1.6788571428571426
2024-12-30 02:00:00,593,Tiruvannamalai,1.75,-1.7017142857142855
2024-12-30 07:00:00,593,Tiruvannamalai,1.0,-1.6727142857142856
2024-12-30 08:00:00,593,Tiruvannamalai,0.5,-1.6727142857142856
2024-12-30 14:30:00,593,Tiruvannamalai,0.5,-1.7554285714285716
2024-12-30 15:00:00,593,Tiruvannamalai,0.5,-1.7554285714285716
2024-12-30 17:00:00,593,Tiruvannamalai,0.5,-0.8946666666666667
2025-01-13 16:00:00,593,Tiruvannamalai,0.5,-2.9055
2025-01-13 17:30:00,593,Tiruvannamalai,1.0,-2.9055
2025-01-13 18:00:00,593,Tiruvannamalai,4.0,-2.002142857142857
2025-01-13 18:30:00,593,Tiruvannamalai,1.5,-2.002142857142857
2025-01-13 19:00:00,593,Tiruvannamalai,1.5,-2.002142857142857
2025-01-13 20:00:00,593,Tiruvannamalai,0.5,-2.002142857142857
2025-01-13 21:00:00,593,Tiruvannamalai,0.5,-2.002142857142857
2025-01-18 23:00:00,593,Tiruvannamalai,0.5,-2.93075
2025-01-19 00:30:00,593,Tiruvannamalai,0.5,-2.0317142857142856
2025-01-19 01:00:00,593,Tiruvannamalai,1.0,-2.0317142857142856
2025-01-19 01:30:00,593,Tiruvannamalai,2.0,-2.0317142857142856
2025-01-19 02:00:00,593,Tiruvannamalai,2.0,-2.0317142857142856
2025-01-19 02:30:00,593,Tiruvannamalai,0.5,-2.0317142857142856
2025-01-19 03:00:00,593,Tiruvannamalai,0.75,-2.0317142857142856
2025-01-19 03:30:00,593,Tiruvannamalai,0.5,-2.89575
2025-01-19 04:00:00,593,Tiruvannamalai,2.333333333333333,-2.89575
2025-01-19 04:30:00,593,Tiruvannamalai,5.5,-2.89575
2025-01-19 06:00:00,593,Tiruvannamalai,1.0,-2.004
2025-01-19 06:30:00,593,Tiruvannamalai,2.0,-2.004
2025-01-19 07:00:00,593,Tiruvannamalai,2.25,-2.004
2025-01-19 10:30:00,593,Tiruvannamalai,1.0,-2.98225
2025-01-19 11:00:00,593,Tiruvannamalai,1.0,-2.98225
2025-01-19 11:30:00,593,Tiruvannamalai,1.0,-2.98225
2025-01-19 12:00:00,593,Tiruvannamalai,2.5,-2.054428571428572
2025-01-19 12:30:00,593,Tiruvannamalai,8.0,-2.054428571428572
2025-01-19 13:00:00,593,Tiruvannamalai,4.75,-2.054428571428572
2025-01-19 14:00:00,593,Tiruvannamalai,0.5,-2.054428571428572
2025-01-19 14:30:00,593,Tiruvannamalai,1.5,-2.054428571428572
2025-01-19 15:00:00,593,Tiruvannamalai,1.5,-2.054428571428572
2025-01-19 18:00:00,593,Tiruvannamalai,0.5,-1.999857142857143
2025-01-20 21:00:00,593,Tiruvannamalai,0.5,-2.024
2025-02-20 13:20:00,593,Tiruvannamalai,1.5,-2.653714285714286
2025-03-10 12:00:00,593,Tiruvannamalai,0.5,-3.184428571428572
2025-03-11 13:00:00,593,Tiruvannamalai,3.25,-3.185857142857143
2025-03-11 14:00:00,593,Tiruvannamalai,3.0,-3.185857142857143
2025-03-11 14:30:00,593,Tiruvannamalai,1.0,-3.185857142857143
2025-03-11 15:00:00,593,Tiruvannamalai,1.0,-3.185857142857143
2025-03-11 16:00:00,593,Tiruvannamalai,3.5,-4.3845
2025-03-11 16:30:00,593,Tiruvannamalai,4.0,-4.3845
2025-03-11 17:00:00,593,Tiruvannamalai,6.0,-4.3845
2025-03-11 17:30:00,593,Tiruvannamalai,8.0,-4.3845
2025-03-11 18:00:00,593,Tiruvannamalai,18.0,-3.6738
2025-03-11 19:00:00,593,Tiruvannamalai,0.5,-3.6738
2025-03-11 19:30:00,593,Tiruvannamalai,0.5,-3.6738
2025-03-11 20:00:00,593,Tiruvannamalai,2.5,-3.6738
2025-03-11 20:30:00,593,Tiruvannamalai,0.5,-3.6738
2025-03-11 21:00:00,593,Tiruvannamalai,1.6666666666666667,-3.6738
2025-03-11 21:30:00,593,Tiruvannamalai,1.5,-4.32525
2025-03-11 22:00:00,593,Tiruvannamalai,8.25,-4.32525
2025-03-11 22:30:00,593,Tiruvannamalai,2.0,-4.32525
2025-03-11 23:00:00,593,Tiruvannamalai,2.5,-4.32525
2025-03-12 02:30:00,593,Tiruvannamalai,0.5,-3.679
2025-03-12 03:00:00,593,Tiruvannamalai,0.5,-3.679
2025-03-12 07:00:00,593,Tiruvannamalai,0.5,-2.0245
2025-03-12 11:00:00,593,Tiruvannamalai,1.5,-4.418
2025-03-12 13:30:00,593,Tiruvannamalai,0.5,-2.1198333333333337
2025-03-12 14:00:00,593,Tiruvannamalai,0.5,-2.1198333333333337
2025-03-12 15:00:00,593,Tiruvannamalai,3.5,-2.1198333333333337
2025-03-12 15:30:00,593,Tiruvannamalai,11.0,-4.327999999999999
2025-03-12 16:00:00,593,Tiruvannamalai,9.5,-4.327999999999999
2025-03-12 16:30:00,593,Tiruvannamalai,0.5,-4.327999999999999
2025-03-12 17:00:00,593,Tiruvannamalai,0.5,-4.327999999999999
2025-04-03 08:00:00,593,Tiruvannamalai,7.5,-3.2995
2025-04-03 08:30:00,593,Tiruvannamalai,1.5,-3.2995
2025-04-03 09:00:00,593,Tiruvannamalai,2.5,-3.2995
2025-04-03 09:30:00,593,Tiruvannamalai,0.5,-3.860666666666667
2025-04-03 10:00:00,593,Tiruvannamalai,0.5,-3.860666666666667
2025-04-03 10:30:00,593,Tiruvannamalai,0.5,-3.860666666666667
2025-04-03 11:00:00,593,Tiruvannamalai,1.0,-3.860666666666667
2025-04-04 17:30:00,593,Tiruvannamalai,10.5,-3.8486666666666665
2025-04-04 18:00:00,593,Tiruvannamalai,18.0,-3.3925
2025-04-04 21:00:00,593,Tiruvannamalai,0.5,-3.3925
2025-04-04 21:30:00,593,Tiruvannamalai,0.5,-3.812166666666666
2025-04-04 22:00:00,593,Tiruvannamalai,1.5,-3.812166666666666
2025-04-04 22:30:00,593,Tiruvannamalai,1.0,-3.812166666666666
2025-04-04 23:00:00,593,Tiruvannamalai,1.5,-3.812166666666666
2025-04-05 00:00:00,593,Tiruvannamalai,0.5,-3.3248333333333338
2025-04-05 01:30:00,593,Tiruvannamalai,7.0,-3.3248333333333338
2025-04-05 05:00:00,593,Tiruvannamalai,0.5,-2.8088
2025-04-11 18:00:00,593,Tiruvannamalai,10.5,-3.3615
2025-04-11 18:30:00,593,Tiruvannamalai,29.5,-3.3615
2025-04-11 19:00:00,593,Tiruvannamalai,33.0,-3.3615
2025-04-11 19:30:00,593,Tiruvannamalai,1.0,-3.3615
2025-04-11 20:00:00,593,Tiruvannamalai,1.5,-3.3615
2025-04-11 21:30:00,593,Tiruvannamalai,0.5,-2.835
2025-04-11 22:00:00,593,Tiruvannamalai,4.5,-2.835
2025-04-14 19:00:00,593,Tiruvannamalai,6.5,-3.419833333333333
2025-04-14 20:00:00,593,Tiruvannamalai,47.5,-3.419833333333333
2025-04-14 20:30:00,593,Tiruvannamalai,2.0,-3.419833333333333
2025-04-14 21:00:00,593,Tiruvannamalai,3.0,-3.419833333333333
2025-04-14 21:30:00,593,Tiruvannamalai,2.0,-2.8886000000000003
2025-04-14 22:00:00,593,Tiruvannamalai,2.5,-2.8886000000000003
2025-05-02 20:00:00,593,Tiruvannamalai,1.5,-6.003
2025-05-04 17:30:00,593,Tiruvannamalai,9.0,-4.3374
2025-05-04 18:00:00,593,Tiruvannamalai,26.0,-5.68
2025-05-04 18:30:00,593,Tiruvannamalai,1.0,-5.68
2025-05-04 19:00:00,593,Tiruvannamalai,4.5,-5.68
2025-05-04 19:30:00,593,Tiruvannamalai,5.0,-5.68
2025-05-04 20:00:00,593,Tiruvannamalai,6.0,-5.68
2025-05-04 21:00:00,593,Tiruvannamalai,1.0,-5.68
2025-05-04 21:30:00,593,Tiruvannamalai,2.0,-4.2852
2025-05-04 22:00:00,593,Tiruvannamalai,2.5,-4.2852
2025-05-04 22:30:00,593,Tiruvannamalai,1.5,-4.2852
2025-05-04 23:30:00,593,Tiruvannamalai,0.5,-4.2852
2025-05-05 00:00:00,593,Tiruvannamalai,0.5,-5.539666666666666
2025-05-05 01:00:00,593,Tiruvannamalai,0.5,-5.539666666666666
2025-05-05 07:00:00,593,Tiruvannamalai,15.0,-5.882999999999999
2025-05-06 21:30:00,593,Tiruvannamalai,5.5,-4.293
2025-05-06 22:00:00,593,Tiruvannamalai,12.0,-4.293
2025-05-06 23:00:00,593,Tiruvannamalai,8.5,-4.293
2025-05-07 00:00:00,593,Tiruvannamalai,3.1666666666666665,-5.527666666666666
2025-05-07 00:30:00,593,Tiruvannamalai,15.0,-5.527666666666666
2025-05-07 01:00:00,593,Tiruvannamalai,7.75,-5.527666666666666
2025-05-07 01:30:00,593,Tiruvannamalai,0.5,-5.527666666666666
2025-05-07 02:00:00,593,Tiruvannamalai,0.5,-5.527666666666666
2025-05-07 06:00:00,593,Tiruvannamalai,1.0,-5.505
2025-05-07 06:30:00,593,Tiruvannamalai,0.5,-5.505
2025-05-07 07:00:00,593,Tiruvannamalai,2.5,-5.505
2025-05-07 07:30:00,593,Tiruvannamalai,3.5,-5.505
2025-05-07 08:00:00,593,Tiruvannamalai,4.5,-5.505
2025-05-07 08:30:00,593,Tiruvannamalai,0.5,-5.505
2025-05-07 09:00:00,593,Tiruvannamalai,0.5,-5.505
2025-05-07 14:00:00,593,Tiruvannamalai,1.0,-5.554333333333333
2025-05-07 17:00:00,593,Tiruvannamalai,0.5,-2.98025
2025-05-07 20:00:00,593,Tiruvannamalai,0.5,-5.540666666666667
2025-05-07 21:00:00,593,Tiruvannamalai,8.5,-5.540666666666667
2025-05-08 00:00:00,593,Tiruvannamalai,23.0,-5.535666666666667
2025-05-08 01:00:00,593,Tiruvannamalai,0.5,-5.535666666666667
2025-05-08 03:30:00,593,Tiruvannamalai,0.5,-2.8965
2025-05-08 04:00:00,593,Tiruvannamalai,0.5,-2.8965
2025-05-08 08:30:00,593,Tiruvannamalai,0.5,-5.448
2025-05-08 10:30:00,593,Tiruvannamalai,4.5,-2.95
2025-05-08 11:00:00,593,Tiruvannamalai,4.5,-2.95
2025-05-08 17:00:00,593,Tiruvannamalai,5.75,-2.893
2025-05-08 21:00:00,593,Tiruvannamalai,1.0,-5.544666666666667
2025-05-08 22:00:00,593,Tiruvannamalai,5.5,-2.79925
2025-05-08 23:00:00,593,Tiruvannamalai,4.5,-2.79925
2025-05-10 03:30:00,593,Tiruvannamalai,4.5,-2.78725
2025-05-10 04:00:00,593,Tiruvannamalai,12.5,-2.78725
2025-05-10 05:00:00,593,Tiruvannamalai,3.75,-2.78725
2025-05-10 06:30:00,593,Tiruvannamalai,0.5,-6.801
2025-05-10 07:00:00,593,Tiruvannamalai,0.5,-6.801
2025-05-13 12:30:00,593,Tiruvannamalai,0.5,-5.621333333333333
2025-05-13 13:00:00,593,Tiruvannamalai,0.5,-5.621333333333333
2025-05-13 17:00:00,593,Tiruvannamalai,0.5,-4.1826
2025-05-14 23:00:00,593,Tiruvannamalai,3.0,-4.1988
2025-05-14 23:30:00,593,Tiruvannamalai,1.5,-4.1988
2025-05-15 00:00:00,593,Tiruvannamalai,9.0,-5.432333333333333
2025-05-15 00:30:00,593,Tiruvannamalai,0.5,-5.432333333333333
2025-05-15 01:00:00,593,Tiruvannamalai,1.0,-5.432333333333333
2025-05-15 02:00:00,593,Tiruvannamalai,6.5,-5.432333333333333
2025-05-16 20:00:00,593,Tiruvannamalai,22.0,-5.471
2025-05-16 22:00:00,593,Tiruvannamalai,0.5,-4.2056
2025-05-16 22:30:00,593,Tiruvannamalai,0.5,-4.2056
2025-05-16 23:00:00,593,Tiruvannamalai,1.5,-4.2056
2025-05-17 00:00:00,593,Tiruvannamalai,1.1666666666666667,-5.439666666666667
2025-05-17 01:00:00,593,Tiruvannamalai,7.166666666666667,-5.439666666666667
2025-05-17 01:30:00,593,Tiruvannamalai,0.5,-5.439666666666667
2025-05-17 02:00:00,593,Tiruvannamalai,0.6666666666666666,-5.439666666666667
2025-05-17 02:30:00,593,Tiruvannamalai,0.5,-5.439666666666667
2025-05-17 03:00:00,593,Tiruvannamalai,1.0,-5.439666666666667
2025-05-17 14:30:00,593,Tiruvannamalai,28.0,-5.387333333333333
2025-05-17 15:00:00,593,Tiruvannamalai,14.333333333333334,-5.387333333333333
2025-05-17 15:30:00,593,Tiruvannamalai,0.5,-4.1706
2025-05-17 16:00:00,593,Tiruvannamalai,1.0,-4.1706
2025-05-17 17:00:00,593,Tiruvannamalai,4.833333333333333,-4.1706
2025-05-17 18:00:00,593,Tiruvannamalai,2.5,-5.261666666666667
2025-05-17 18:30:00,593,Tiruvannamalai,1.0,-5.261666666666667
2025-05-17 19:00:00,593,Tiruvannamalai,1.75,-5.261666666666667
2025-05-17 19:30:00,593,Tiruvannamalai,0.5,-5.261666666666667
2025-05-17 20:00:00,593,Tiruvannamalai,0.5,-5.261666666666667
2025-05-17 21:00:00,593,Tiruvannamalai,0.5,-5.261666666666667
2025-05-18 00:30:00,593,Tiruvannamalai,0.5,-5.220666666666666
2025-05-18 01:00:00,593,Tiruvannamalai,0.5,-5.220666666666666
2025-05-18 17:30:00,593,Tiruvannamalai,31.0,-4.143
2025-05-18 18:00:00,593,Tiruvannamalai,15.5,-5.146
2025-05-18 19:00:00,593,Tiruvannamalai,0.5,-5.146
2025-05-18 19:30:00,593,Tiruvannamalai,1.5,-5.146
2025-05-18 20:00:00,593,Tiruvannamalai,3.0,-5.146
2025-05-18 21:00:00,593,Tiruvannamalai,2.0,-5.146
2025-05-18 22:00:00,593,Tiruvannamalai,12.5,-4.0916
2025-05-18 22:30:00,593,Tiruvannamalai,1.0,-4.0916
2025-05-18 23:00:00,593,Tiruvannamalai,2.75,-4.0916
2025-05-18 23:30:00,593,Tiruvannamalai,1.0,-4.0916
2025-05-19 00:00:00,593,Tiruvannamalai,2.75,-5.059666666666666
2025-05-19 00:30:00,593,Tiruvannamalai,2.5,-5.059666666666666
2025-05-19 01:00:00,593,Tiruvannamalai,5.0,-5.059666666666666
2025-05-19 02:00:00,593,Tiruvannamalai,2.25,-5.059666666666666
2025-05-19 02:30:00,593,Tiruvannamalai,1.5,-5.059666666666666
2025-05-19 03:00:00,593,Tiruvannamalai,1.5,-5.059666666666666
2025-05-19 04:00:00,593,Tiruvannamalai,1.0,-4.0794
2025-05-19 06:00:00,593,Tiruvannamalai,0.5,-5.014
2025-05-19 12:30:00,593,Tiruvannamalai,0.5,-5.177666666666667
2025-05-19 13:00:00,593,Tiruvannamalai,0.5,-5.177666666666667
2025-05-19 17:00:00,593,Tiruvannamalai,0.5,-2.9918000000000005
2025-05-19 17:30:00,593,Tiruvannamalai,0.5,-2.9918000000000005
2025-05-19 18:00:00,593,Tiruvannamalai,0.5,-5.020333333333333
2025-05-19 21:00:00,593,Tiruvannamalai,1.5,-5.020333333333333
2025-05-19 22:00:00,593,Tiruvannamalai,2.5,-4.0306
2025-05-20 11:00:00,593,Tiruvannamalai,1.0,-3.9705
2025-05-20 16:00:00,593,Tiruvannamalai,13.5,-3.95025
2025-05-20 16:30:00,593,Tiruvannamalai,6.0,-3.95025
2025-05-20 17:00:00,593,Tiruvannamalai,7.375,-3.95025
2025-05-20 17:30:00,593,Tiruvannamalai,6.0,-3.95025
2025-05-20 18:00:00,593,Tiruvannamalai,19.0,-4.946666666666666
2025-05-20 19:00:00,593,Tiruvannamalai,2.1666666666666665,-4.946666666666666
2025-05-20 20:00:00,593,Tiruvannamalai,0.5,-4.946666666666666
2025-05-20 21:00:00,593,Tiruvannamalai,1.8333333333333333,-4.946666666666666
2025-05-20 22:00:00,593,Tiruvannamalai,1.5,-3.958
2025-05-20 22:30:00,593,Tiruvannamalai,0.5,-3.958
2025-05-20 23:00:00,593,Tiruvannamalai,0.75,-3.958
2025-05-21 00:00:00,593,Tiruvannamalai,1.0,-4.835333333333334
2025-05-21 09:00:00,593,Tiruvannamalai,0.5,-4.826333333333333
2025-05-23 19:00:00,593,Tiruvannamalai,4.5,-2.756
2025-05-23 19:30:00,593,Tiruvannamalai,1.0,-2.756
2025-05-23 20:00:00,593,Tiruvannamalai,5.5,-2.756
2025-05-23 20:30:00,593,Tiruvannamalai,0.5,-2.756
2025-05-23 21:00:00,593,Tiruvannamalai,0.5,-2.756
2025-05-23 22:00:00,593,Tiruvannamalai,0.5,-2.37625
2025-05-25 19:00:00,593,Tiruvannamalai,4.5,-4.632333333333333
2025-05-25 20:00:00,593,Tiruvannamalai,2.1666666666666665,-4.632333333333333
2025-05-25 21:00:00,593,Tiruvannamalai,0.5,-4.632333333333333
2025-05-25 23:00:00,593,Tiruvannamalai,0.5,-3.8188
2025-05-26 00:00:00,593,Tiruvannamalai,0.5,-4.657333333333333
2025-05-26 02:00:00,593,Tiruvannamalai,0.5,-4.657333333333333
2025-05-26 12:00:00,593,Tiruvannamalai,0.5,-4.869666666666667
2025-05-28 20:00:00,593,Tiruvannamalai,0.5,-4.626666666666667
2025-05-30 23:00:00,593,Tiruvannamalai,0.5,-3.8014
2025-06-02 22:00:00,593,Tiruvannamalai,1.0,-3.9234
2025-06-02 22:30:00,593,Tiruvannamalai,0.5,-3.9234
2025-06-02 23:00:00,593,Tiruvannamalai,0.5,-3.9234
2025-06-03 19:30:00,593,Tiruvannamalai,0.5,-4.7893333333333326
2025-06-03 20:00:00,593,Tiruvannamalai,1.5,-4.7893333333333326
2025-06-08 16:00:00,593,Tiruvannamalai,2.0,-3.225
2025-06-08 18:00:00,593,Tiruvannamalai,1.0,-4.822666666666667
2025-06-08 19:00:00,593,Tiruvannamalai,8.5,-4.822666666666667
2025-06-08 20:00:00,593,Tiruvannamalai,0.5,-4.822666666666667
2025-06-08 20:30:00,593,Tiruvannamalai,2.0,-4.822666666666667
2025-06-08 21:00:00,593,Tiruvannamalai,2.0,-4.822666666666667
2025-06-08 21:30:00,593,Tiruvannamalai,1.5,-3.095
2025-06-08 22:00:00,593,Tiruvannamalai,2.0,-3.095
2025-06-08 22:30:00,593,Tiruvannamalai,0.5,-3.095
2025-06-08 23:00:00,593,Tiruvannamalai,0.5,-3.095
2025-06-09 20:00:00,593,Tiruvannamalai,6.0,-4.797666666666667
2025-06-10 19:00:00,593,Tiruvannamalai,0.75,-4.7860000000000005
2025-06-10 19:30:00,593,Tiruvannamalai,4.0,-4.7860000000000005
2025-06-10 20:00:00,593,Tiruvannamalai,4.5,-4.7860000000000005
2025-06-10 20:30:00,593,Tiruvannamalai,3.0,-4.7860000000000005
2025-06-10 21:00:00,593,Tiruvannamalai,11.5,-4.7860000000000005
2025-06-10 21:30:00,593,Tiruvannamalai,0.5,-2.496
2025-06-10 22:00:00,593,Tiruvannamalai,1.0,-2.496
2025-06-11 20:00:00,593,Tiruvannamalai,18.5,-4.783
2025-06-11 21:00:00,593,Tiruvannamalai,3.5,-4.783
2025-06-12 20:00:00,593,Tiruvannamalai,3.5,-4.858666666666667
2025-06-12 20:30:00,593,Tiruvannamalai,1.5,-4.858666666666667
2025-06-12 21:00:00,593,Tiruvannamalai,4.0,-4.858666666666667
2025-06-12 21:30:00,593,Tiruvannamalai,0.5,-5.405
2025-06-12 22:00:00,593,Tiruvannamalai,0.75,-5.405
2025-06-13 17:00:00,593,Tiruvannamalai,5.0,-5.633666666666667
2025-06-13 17:30:00,593,Tiruvannamalai,15.0,-5.633666666666667
2025-06-13 18:00:00,593,Tiruvannamalai,12.75,-4.886333333333334
2025-06-13 19:00:00,593,Tiruvannamalai,7.5,-4.886333333333334
2025-06-13 20:00:00,593,Tiruvannamalai,2.75,-4.886333333333334
2025-06-13 21:00:00,593,Tiruvannamalai,1.5,-4.886333333333334
2025-06-13 22:00:00,593,Tiruvannamalai,0.5,-5.5136666666666665
2025-06-14 18:00:00,593,Tiruvannamalai,0.5,-4.848333333333334
2025-06-14 19:00:00,593,Tiruvannamalai,12.75,-4.848333333333334
2025-06-14 19:30:00,593,Tiruvannamalai,3.5,-4.848333333333334
2025-06-14 20:00:00,593,Tiruvannamalai,3.5,-4.848333333333334
2025-06-14 21:00:00,593,Tiruvannamalai,0.5,-4.848333333333334
2025-06-15 18:00:00,593,Tiruvannamalai,3.0,-4.821666666666667
2025-06-15 19:00:00,593,Tiruvannamalai,8.0,-4.821666666666667
2025-06-21 04:30:00,593,Tiruvannamalai,11.0,-3.415
2025-06-21 05:00:00,593,Tiruvannamalai,11.0,-3.415
2025-06-22 19:00:00,593,Tiruvannamalai,6.5,-4.891333333333333
2025-06-22 20:00:00,593,Tiruvannamalai,4.5,-4.891333333333333
2025-06-22 20:30:00,593,Tiruvannamalai,0.5,-4.891333333333333
2025-06-22 21:00:00,593,Tiruvannamalai,0.5,-4.891333333333333
2025-06-23 00:00:00,593,Tiruvannamalai,0.5,-4.920333333333333
2025-06-23 01:00:00,593,Tiruvannamalai,0.5,-4.920333333333333
2025-06-24 13:00:00,593,Tiruvannamalai,0.5,-4.998333333333334
2025-06-24 14:30:00,593,Tiruvannamalai,0.5,-4.998333333333334
2025-06-24 15:00:00,593,Tiruvannamalai,0.5,-4.998333333333334
2025-06-24 15:30:00,593,Tiruvannamalai,0.5,-3.5
2025-06-24 16:00:00,593,Tiruvannamalai,0.5,-3.5
2025-06-24 17:00:00,593,Tiruvannamalai,0.5,-3.5
2025-06-24 17:30:00,593,Tiruvannamalai,5.5,-3.5
2025-06-24 18:00:00,593,Tiruvannamalai,5.5,-4.969333333333332
2025-07-02 19:00:00,593,Tiruvannamalai,2.5,-5.129666666666667
2025-07-03 03:00:00,593,Tiruvannamalai,0.5,-5.107
2025-07-03 12:00:00,593,Tiruvannamalai,143.0,-5.203
2025-07-03 14:00:00,593,Tiruvannamalai,1.5,-5.203
2025-07-03 15:00:00,593,Tiruvannamalai,0.5,-5.203
2025-07-13 17:00:00,593,Tiruvannamalai,2.0,-4.21
2025-07-14 11:00:00,593,Tiruvannamalai,26.0,-4.22
2025-07-14 12:00:00,593,Tiruvannamalai,13.5,-5.435666666666666
2025-07-14 13:00:00,593,Tiruvannamalai,5.5,-5.435666666666666
2025-07-14 14:00:00,593,Tiruvannamalai,50.5,-5.435666666666666
2025-07-14 15:00:00,593,Tiruvannamalai,8.0,-5.435666666666666
2025-07-14 19:00:00,593,Tiruvannamalai,0.5,-5.404
2025-07-14 21:00:00,593,Tiruvannamalai,3.0,-5.404
2025-07-15 00:00:00,593,Tiruvannamalai,0.5,-5.318333333333333
2025-07-15 06:00:00,593,Tiruvannamalai,0.5,-5.257333333333333
2025-07-15 14:00:00,593,Tiruvannamalai,3.0,-5.529
2025-07-15 15:00:00,593,Tiruvannamalai,16.0,-5.529
2025-07-15 16:00:00,593,Tiruvannamalai,5.0,-4.205
2025-07-16 16:00:00,593,Tiruvannamalai,0.5,-4.4350000000000005
2025-07-16 22:00:00,593,Tiruvannamalai,0.5,-3.625
2025-07-20 21:00:00,593,Tiruvannamalai,0.5,-5.4046666666666665
2025-07-20 23:00:00,593,Tiruvannamalai,0.5,-6.182666666666666
2025-07-21 05:00:00,593,Tiruvannamalai,0.5,-4.165
2025-07-21 06:00:00,593,Tiruvannamalai,0.5,-5.3340000000000005
2025-07-21 07:00:00,593,Tiruvannamalai,0.5,-5.3340000000000005
2025-07-21 17:00:00,593,Tiruvannamalai,4.25,-4.105
2025-07-21 18:00:00,593,Tiruvannamalai,1.25,-5.425999999999999
2025-07-21 19:00:00,593,Tiruvannamalai,3.5,-5.425999999999999
2025-07-21 20:00:00,593,Tiruvannamalai,0.5,-5.425999999999999
2025-07-22 17:30:00,593,Tiruvannamalai,0.5,-4.19
2025-07-22 18:00:00,593,Tiruvannamalai,1.5,-5.514666666666667
2025-07-22 19:00:00,593,Tiruvannamalai,0.5,-5.514666666666667
2025-07-23 01:30:00,593,Tiruvannamalai,0.5,-5.381333333333334
2025-07-23 02:00:00,593,Tiruvannamalai,0.5,-5.381333333333334
2025-07-24 00:00:00,593,Tiruvannamalai,0.5,-5.444
2025-07-24 19:00:00,593,Tiruvannamalai,1.5,-5.524666666666668
2025-07-24 20:00:00,593,Tiruvannamalai,0.5,-5.524666666666668
2025-07-30 05:00:00,593,Tiruvannamalai,7.0,-4.25
2025-08-01 00:00:00,593,Tiruvannamalai,0.5,-6.2895
2025-08-01 21:00:00,593,Tiruvannamalai,2.0,-5.584333333333333
2025-08-01 22:00:00,593,Tiruvannamalai,5.0,-4.4350000000000005
2025-08-01 22:30:00,593,Tiruvannamalai,1.0,-4.4350000000000005
2025-08-01 23:00:00,593,Tiruvannamalai,2.0,-4.4350000000000005
2025-08-01 23:30:00,593,Tiruvannamalai,1.0,-4.4350000000000005
2025-08-02 00:00:00,593,Tiruvannamalai,2.0,-5.465
2025-08-02 02:00:00,593,Tiruvannamalai,0.5,-5.465
2025-08-02 04:00:00,593,Tiruvannamalai,0.5,-4.41
2025-08-02 23:00:00,593,Tiruvannamalai,11.5,-4.285
2025-08-03 00:00:00,593,Tiruvannamalai,18.666666666666668,-5.481000000000001
2025-08-03 00:30:00,593,Tiruvannamalai,1.5,-5.481000000000001
2025-08-03 01:00:00,593,Tiruvannamalai,14.333333333333334,-5.481000000000001
2025-08-03 01:30:00,593,Tiruvannamalai,0.5,-5.481000000000001
2025-08-03 02:00:00,593,Tiruvannamalai,2.333333333333333,-5.481000000000001
2025-08-03 03:00:00,593,Tiruvannamalai,0.5,-5.481000000000001
2025-08-03 18:00:00,593,Tiruvannamalai,1.5,-5.410333333333334
2025-08-03 19:00:00,593,Tiruvannamalai,3.25,-5.410333333333334
2025-08-03 20:00:00,593,Tiruvannamalai,10.0,-5.410333333333334
2025-08-03 20:30:00,593,Tiruvannamalai,0.5,-5.410333333333334
2025-08-03 21:00:00,593,Tiruvannamalai,0.5,-5.410333333333334
2025-08-03 21:30:00,593,Tiruvannamalai,2.0,-4.26
2025-08-03 22:00:00,593,Tiruvannamalai,2.0,-4.26
2025-08-03 22:30:00,593,Tiruvannamalai,0.5,-4.26
2025-08-03 23:00:00,593,Tiruvannamalai,0.5,-4.26
2025-08-03 23:30:00,593,Tiruvannamalai,0.5,-4.26
2025-08-04 00:00:00,593,Tiruvannamalai,0.5,-5.379333333333334
2025-08-04 17:00:00,593,Tiruvannamalai,1.0,-4.055
2025-08-04 17:30:00,593,Tiruvannamalai,3.5,-4.055
2025-08-04 18:00:00,593,Tiruvannamalai,4.5,-5.299333333333333
2025-08-04 18:30:00,593,Tiruvannamalai,5.0,-5.299333333333333
2025-08-04 19:00:00,593,Tiruvannamalai,6.833333333333333,-5.299333333333333
2025-08-04 19:30:00,593,Tiruvannamalai,5.0,-5.299333333333333
2025-08-04 20:00:00,593,Tiruvannamalai,12.75,-5.299333333333333
2025-08-04 21:00:00,593,Tiruvannamalai,4.25,-5.299333333333333
2025-08-04 22:00:00,593,Tiruvannamalai,0.5,-3.905
2025-08-05 00:00:00,593,Tiruvannamalai,1.5,-5.215
2025-08-05 01:00:00,593,Tiruvannamalai,1.5,-5.215
2025-08-05 01:30:00,593,Tiruvannamalai,0.5,-5.215
2025-08-05 02:00:00,593,Tiruvannamalai,0.5,-5.215
2025-08-05 04:30:00,593,Tiruvannamalai,0.5,-3.895
2025-08-05 05:00:00,593,Tiruvannamalai,0.5,-3.895
2025-08-05 15:00:00,593,Tiruvannamalai,0.5,-5.236
2025-08-06 20:00:00,593,Tiruvannamalai,5.0,-5.051
2025-08-06 21:00:00,593,Tiruvannamalai,13.5,-5.051
2025-08-06 22:00:00,593,Tiruvannamalai,10.25,-3.695
2025-08-06 23:00:00,593,Tiruvannamalai,3.0,-3.695
2025-08-07 02:00:00,593,Tiruvannamalai,1.5,-5.065666666666667
2025-08-07 02:30:00,593,Tiruvannamalai,0.5,-5.065666666666667
2025-08-07 03:00:00,593,Tiruvannamalai,0.8333333333333334,-5.065666666666667
2025-08-07 04:00:00,593,Tiruvannamalai,0.5,-3.705
2025-08-07 06:30:00,593,Tiruvannamalai,0.5,-4.952333333333333
2025-08-07 07:00:00,593,Tiruvannamalai,0.5,-4.952333333333333
2025-08-08 01:00:00,593,Tiruvannamalai,15.0,-4.980333333333333
2025-08-08 02:00:00,593,Tiruvannamalai,9.5,-4.980333333333333
2025-08-08 03:00:00,593,Tiruvannamalai,2.0,-4.980333333333333
2025-08-08 04:00:00,593,Tiruvannamalai,1.5,-3.575
2025-08-08 19:30:00,593,Tiruvannamalai,10.5,-4.903333333333333
2025-08-08 20:00:00,593,Tiruvannamalai,12.5,-4.903333333333333
2025-08-08 20:30:00,593,Tiruvannamalai,1.5,-4.903333333333333
2025-08-08 21:00:00,593,Tiruvannamalai,3.333333333333333,-4.903333333333333
2025-08-08 21:30:00,593,Tiruvannamalai,1.0,-3.335
2025-08-08 22:00:00,593,Tiruvannamalai,1.25,-3.335
2025-08-09 23:00:00,593,Tiruvannamalai,0.5,-3.145
2025-08-10 00:00:00,593,Tiruvannamalai,2.0,-4.836
2025-08-10 01:00:00,593,Tiruvannamalai,2.0,-4.836
2025-08-10 03:00:00,593,Tiruvannamalai,0.5,-4.836
2025-08-10 14:00:00,593,Tiruvannamalai,0.5,-4.774
2025-08-10 14:30:00,593,Tiruvannamalai,0.5,-4.774
2025-08-10 15:00:00,593,Tiruvannamalai,10.5,-4.774
2025-08-10 16:00:00,593,Tiruvannamalai,10.0,-2.935
2025-08-10 17:00:00,593,Tiruvannamalai,4.75,-2.935
2025-08-10 18:00:00,593,Tiruvannamalai,6.5,-4.621333333333333
2025-08-10 18:30:00,593,Tiruvannamalai,0.5,-4.621333333333333
2025-08-10 19:00:00,593,Tiruvannamalai,0.8333333333333334,-4.621333333333333
2025-08-10 19:30:00,593,Tiruvannamalai,0.5,-4.621333333333333
2025-08-10 20:00:00,593,Tiruvannamalai,1.0,-4.621333333333333
2025-08-10 20:30:00,593,Tiruvannamalai,0.5,-4.621333333333333
2025-08-10 21:00:00,593,Tiruvannamalai,0.5,-4.621333333333333
2025-08-10 21:30:00,593,Tiruvannamalai,0.5,-2.585
2025-08-10 22:00:00,593,Tiruvannamalai,0.5,-2.585
2025-08-11 06:00:00,593,Tiruvannamalai,0.5,-4.442333333333333
2025-08-11 18:00:00,593,Tiruvannamalai,2.5,-4.426333333333333
2025-08-12 02:00:00,593,Tiruvannamalai,4.5,-4.405666666666667
2025-08-12 08:00:00,593,Tiruvannamalai,0.5,-4.278333333333333
2025-08-13 15:15:00,593,Tiruvannamalai,2.0,-2.43
2025-08-13 16:00:00,593,Tiruvannamalai,2.0,-2.43
2025-08-14 11:00:00,593,Tiruvannamalai,1.0,-2.38
2025-08-14 16:05:00,593,Tiruvannamalai,1.0,-2.34
2025-08-14 17:00:00,593,Tiruvannamalai,1.0,-2.34
2025-08-14 20:00:00,593,Tiruvannamalai,1.0,-4.234
2025-08-15 21:00:00,593,Tiruvannamalai,0.5,-4.253666666666667
2025-08-16 18:00:00,593,Tiruvannamalai,7.5,-4.1963333333333335
2025-08-16 19:00:00,593,Tiruvannamalai,1.125,-4.1963333333333335
2025-08-16 20:00:00,593,Tiruvannamalai,0.5,-4.1963333333333335
2025-08-16 21:00:00,593,Tiruvannamalai,0.5,-4.1963333333333335
2025-08-17 17:00:00,593,Tiruvannamalai,4.5,-5.165333333333333
2025-08-17 18:00:00,593,Tiruvannamalai,7.166666666666667,-4.223333333333334
2025-08-17 19:00:00,593,Tiruvannamalai,0.9,-4.223333333333334
2025-08-17 20:00:00,593,Tiruvannamalai,1.0,-4.223333333333334
2025-08-17 21:00:00,593,Tiruvannamalai,0.75,-4.223333333333334
2025-08-17 22:00:00,593,Tiruvannamalai,0.6666666666666666,-5.100666666666666
2025-08-17 23:00:00,593,Tiruvannamalai,0.5,-5.100666666666666
2025-08-18 00:00:00,593,Tiruvannamalai,0.5,-4.148333333333333
2025-08-18 01:00:00,593,Tiruvannamalai,0.5,-4.148333333333333
2025-08-18 13:00:00,593,Tiruvannamalai,0.5,-4.2043333333333335
2025-08-18 17:00:00,593,Tiruvannamalai,1.0,-2.675
2025-08-22 09:00:00,593,Tiruvannamalai,1.5,-1.965
2025-08-22 20:00:00,593,Tiruvannamalai,5.5,-4.366333333333333
2025-08-22 21:00:00,593,Tiruvannamalai,10.5,-4.366333333333333
2025-08-22 22:00:00,593,Tiruvannamalai,0.5,-2.605
2025-08-23 02:00:00,593,Tiruvannamalai,8.0,-4.271333333333334
2025-08-23 03:00:00,593,Tiruvannamalai,24.0,-4.271333333333334
2025-08-23 04:00:00,593,Tiruvannamalai,5.666666666666667,-2.635
2025-08-23 05:00:00,593,Tiruvannamalai,2.6666666666666665,-2.635
2025-08-23 06:00:00,593,Tiruvannamalai,1.1666666666666667,-4.106333333333333
2025-08-23 07:00:00,593,Tiruvannamalai,1.5,-4.106333333333333
2025-08-28 18:00:00,593,Tiruvannamalai,1.5,-4.4976666666666665
2025-08-28 18:30:00,593,Tiruvannamalai,5.5,-4.4976666666666665
2025-08-28 19:00:00,593,Tiruvannamalai,6.5,-4.4976666666666665
2025-08-28 20:00:00,593,Tiruvannamalai,1.0,-4.4976666666666665
2025-09-01 00:00:00,593,Tiruvannamalai,0.5,-4.526666666666667
2025-09-03 17:00:00,593,Tiruvannamalai,0.5,-3.16
2025-09-03 21:00:00,593,Tiruvannamalai,0.5,-4.809
2025-09-03 22:00:00,593,Tiruvannamalai,0.5,-3.05
2025-09-04 11:00:00,593,Tiruvannamalai,0.5,-3.08
2025-09-04 23:00:00,593,Tiruvannamalai,1.5,-3.185
2025-09-06 21:00:00,593,Tiruvannamalai,3.0,-4.786666666666666
2025-09-06 22:00:00,593,Tiruvannamalai,1.0,-3.1500000000000004
2025-09-06 23:00:00,593,Tiruvannamalai,0.5,-3.1500000000000004
2025-09-06 23:30:00,593,Tiruvannamalai,0.5,-3.1500000000000004
2025-09-07 00:00:00,593,Tiruvannamalai,8.0,-5.078333333333333
2025-09-07 00:30:00,593,Tiruvannamalai,3.5,-5.078333333333333
2025-09-07 01:00:00,593,Tiruvannamalai,11.166666666666666,-5.078333333333333
2025-09-07 02:00:00,593,Tiruvannamalai,1.125,-5.078333333333333
2025-09-07 02:30:00,593,Tiruvannamalai,0.5,-5.078333333333333
2025-09-07 03:00:00,593,Tiruvannamalai,0.75,-5.078333333333333
2025-09-07 05:00:00,593,Tiruvannamalai,0.5,-3.23
2025-09-07 16:00:00,593,Tiruvannamalai,4.0,-3.35
2025-09-07 22:00:00,593,Tiruvannamalai,0.75,-3.225
2025-09-07 23:00:00,593,Tiruvannamalai,4.5,-3.225
2025-09-07 23:30:00,593,Tiruvannamalai,0.5,-3.225
2025-09-08 00:00:00,593,Tiruvannamalai,0.75,-4.713
2025-09-08 01:00:00,593,Tiruvannamalai,31.5,-4.713
2025-09-08 01:30:00,593,Tiruvannamalai,0.5,-4.713
2025-09-08 02:00:00,593,Tiruvannamalai,0.5,-4.713
2025-09-09 02:00:00,593,Tiruvannamalai,70.0,-4.741
2025-09-09 02:30:00,593,Tiruvannamalai,21.5,-4.741
2025-09-09 03:00:00,593,Tiruvannamalai,31.0,-4.741
2025-09-09 03:30:00,593,Tiruvannamalai,5.5,-3.14
2025-09-09 04:00:00,593,Tiruvannamalai,3.5,-3.14
2025-09-09 05:00:00,593,Tiruvannamalai,0.5,-3.14
2025-09-09 05:30:00,593,Tiruvannamalai,0.5,-3.14
2025-09-09 06:00:00,593,Tiruvannamalai,0.5,-4.621666666666667
2025-09-10 20:00:00,593,Tiruvannamalai,2.0,-4.684
2025-09-12 18:00:00,593,Tiruvannamalai,1.0,-4.5023333333333335
2025-09-13 07:00:00,593,Tiruvannamalai,0.5,-4.452000000000001
2025-09-13 08:00:00,593,Tiruvannamalai,0.5,-4.452000000000001
2025-09-13 09:00:00,593,Tiruvannamalai,1.0,-4.452000000000001
2025-09-14 04:00:00,593,Tiruvannamalai,5.5,-3.03
2025-09-16 01:00:00,593,Tiruvannamalai,2.0,-4.485666666666667
2025-09-16 02:00:00,593,Tiruvannamalai,21.0,-4.485666666666667
2025-09-16 03:00:00,593,Tiruvannamalai,29.25,-4.485666666666667
2025-09-16 04:00:00,593,Tiruvannamalai,4.25,-2.995
2025-09-16 06:00:00,593,Tiruvannamalai,0.5,-4.441333333333334
2025-09-16 23:30:00,593,Tiruvannamalai,16.0,-2.985
2025-09-17 00:00:00,593,Tiruvannamalai,18.0,-4.481333333333333
2025-09-17 00:30:00,593,Tiruvannamalai,0.5,-4.481333333333333
2025-09-17 01:00:00,593,Tiruvannamalai,0.5,-4.481333333333333
2025-09-17 01:30:00,593,Tiruvannamalai,0.5,-4.481333333333333
2025-09-17 02:00:00,593,Tiruvannamalai,14.5,-4.481333333333333
2025-09-17 02:30:00,593,Tiruvannamalai,8.0,-4.481333333333333
2025-09-17 03:00:00,593,Tiruvannamalai,8.5,-4.481333333333333
2025-09-17 03:30:00,593,Tiruvannamalai,1.0,-3.055
2025-09-17 04:00:00,593,Tiruvannamalai,10.25,-3.055
2025-09-17 05:00:00,593,Tiruvannamalai,3.5,-3.055
2025-09-17 06:00:00,593,Tiruvannamalai,2.5,-4.456666666666666
2025-09-17 07:00:00,593,Tiruvannamalai,0.5,-4.456666666666666
2025-09-17 09:00:00,593,Tiruvannamalai,0.5,-4.456666666666666
2025-09-17 18:00:00,593,Tiruvannamalai,2.0,-4.550333333333334
2025-09-17 19:00:00,593,Tiruvannamalai,2.5,-4.550333333333334
2025-09-17 20:00:00,593,Tiruvannamalai,0.5,-4.550333333333334
2025-09-18 16:00:00,593,Tiruvannamalai,9.5,-3.1500000000000004
2025-09-18 17:00:00,593,Tiruvannamalai,16.0,-3.1500000000000004
2025-09-18 19:00:00,593,Tiruvannamalai,28.5,-4.455333333333333
2025-09-18 20:00:00,593,Tiruvannamalai,5.0,-4.455333333333333
2025-09-18 20:30:00,593,Tiruvannamalai,18.0,-4.455333333333333
2025-09-18 21:00:00,593,Tiruvannamalai,23.666666666666668,-4.455333333333333
2025-09-18 21:30:00,593,Tiruvannamalai,13.5,-4.455333333333333
2025-09-18 22:00:00,593,Tiruvannamalai,13.125,-4.455333333333333
2025-09-18 22:30:00,593,Tiruvannamalai,9.5,-4.455333333333333
2025-09-18 23:00:00,593,Tiruvannamalai,8.875,-4.455333333333333
2025-09-18 23:30:00,593,Tiruvannamalai,2.5,-4.455333333333333
2025-09-20 08:00:00,593,Tiruvannamalai,1.0,-4.139333333333333
2025-09-20 15:00:00,593,Tiruvannamalai,3.0,-4.291
2025-09-20 16:00:00,593,Tiruvannamalai,3.25,-2.825
2025-09-20 17:00:00,593,Tiruvannamalai,1.5,-2.825
2025-09-20 18:00:00,593,Tiruvannamalai,6.166666666666667,-4.183
2025-09-20 18:30:00,593,Tiruvannamalai,2.0,-4.183
2025-09-20 19:00:00,593,Tiruvannamalai,1.8333333333333333,-4.183
2025-09-20 19:30:00,593,Tiruvannamalai,0.5,-4.183
2025-09-20 20:00:00,593,Tiruvannamalai,1.0,-4.183
2025-09-20 21:00:00,593,Tiruvannamalai,0.5,-4.183
2025-09-20 23:00:00,593,Tiruvannamalai,0.5,-5.226333333333334
2025-09-21 17:00:00,593,Tiruvannamalai,2.5,-5.298666666666667
2025-09-21 18:00:00,593,Tiruvannamalai,22.0,-4.096333333333333
2025-09-21 19:00:00,593,Tiruvannamalai,1.0,-4.096333333333333
2025-09-21 21:00:00,593,Tiruvannamalai,1.0,-4.096333333333333
2025-09-21 23:30:00,593,Tiruvannamalai,1.0,-5.236666666666667
2025-09-22 00:00:00,593,Tiruvannamalai,2.333333333333333,-4.099333333333333
2025-09-22 00:30:00,593,Tiruvannamalai,0.5,-4.099333333333333
2025-09-22 01:00:00,593,Tiruvannamalai,3.5,-4.099333333333333
2025-09-22 01:30:00,593,Tiruvannamalai,0.5,-4.099333333333333
2025-09-22 02:00:00,593,Tiruvannamalai,10.25,-4.099333333333333
2025-09-22 03:00:00,593,Tiruvannamalai,5.666666666666667,-4.099333333333333
2025-09-22 04:00:00,593,Tiruvannamalai,2.6666666666666665,-5.273333333333333
2025-09-22 05:00:00,593,Tiruvannamalai,1.8333333333333333,-5.273333333333333
2025-09-22 05:30:00,593,Tiruvannamalai,0.5,-5.273333333333333
2025-09-22 06:00:00,593,Tiruvannamalai,1.125,-3.9036666666666666
2025-09-22 07:00:00,593,Tiruvannamalai,0.5,-3.9036666666666666
2025-09-22 09:00:00,593,Tiruvannamalai,0.5,-3.9036666666666666
2025-09-22 21:00:00,593,Tiruvannamalai,5.0,-4.0
2025-09-22 21:30:00,593,Tiruvannamalai,7.5,-5.274666666666666
2025-09-22 22:00:00,593,Tiruvannamalai,7.5,-5.274666666666666
2025-09-22 23:30:00,593,Tiruvannamalai,0.5,-5.274666666666666
2025-09-23 00:00:00,593,Tiruvannamalai,20.0,-3.879
2025-09-23 01:00:00,593,Tiruvannamalai,9.5,-3.879
2025-09-23 02:00:00,593,Tiruvannamalai,0.5,-3.879
2025-09-24 01:00:00,593,Tiruvannamalai,0.5,-3.7716666666666665
2025-09-24 20:00:00,593,Tiruvannamalai,2.75,-3.7486666666666673
2025-09-24 21:00:00,593,Tiruvannamalai,2.5,-3.7486666666666673
2025-09-25 18:00:00,593,Tiruvannamalai,1.0,-1.4335
2025-09-25 19:00:00,593,Tiruvannamalai,3.6,-1.4335
2025-09-25 21:00:00,593,Tiruvannamalai,0.5,-1.4335
2025-09-25 23:00:00,593,Tiruvannamalai,1.5,-2.9450000000000003
2025-09-26 00:00:00,593,Tiruvannamalai,1.5,-1.433
2025-09-26 12:45:00,593,Tiruvannamalai,1.0,-4.015
2025-09-26 12:50:00,593,Tiruvannamalai,1.0,-4.015
2025-09-26 12:55:00,593,Tiruvannamalai,1.0,-4.015
2025-09-26 13:00:00,593,Tiruvannamalai,1.0,-4.015
2025-09-26 13:05:00,593,Tiruvannamalai,0.5,-4.015
2025-09-26 14:00:00,593,Tiruvannamalai,2.0,-4.015
2025-09-27 17:00:00,593,Tiruvannamalai,2.0,-3.16
2025-09-27 18:00:00,593,Tiruvannamalai,1.5,-3.7266666666666666
2025-09-27 19:00:00,593,Tiruvannamalai,1.25,-3.7266666666666666
2025-10-02 23:00:00,593,Tiruvannamalai,9.75,-3.365
2025-10-03 03:00:00,593,Tiruvannamalai,1.5,-3.862
2025-10-03 23:00:00,593,Tiruvannamalai,1.0,-3.335
2025-10-04 00:00:00,593,Tiruvannamalai,30.25,-3.902333333333333
2025-10-04 01:00:00,593,Tiruvannamalai,9.125,-3.902333333333333
2025-10-04 01:30:00,593,Tiruvannamalai,26.0,-3.902333333333333
2025-10-04 02:00:00,593,Tiruvannamalai,24.875,-3.902333333333333
2025-10-04 02:30:00,593,Tiruvannamalai,3.5,-3.902333333333333
2025-10-04 03:00:00,593,Tiruvannamalai,5.1,-3.902333333333333
2025-10-04 03:30:00,593,Tiruvannamalai,1.5,-3.035
2025-10-04 04:00:00,593,Tiruvannamalai,4.4,-3.035
2025-10-04 04:30:00,593,Tiruvannamalai,3.0,-3.035
2025-10-04 05:00:00,593,Tiruvannamalai,3.2,-3.035
2025-10-04 05:30:00,593,Tiruvannamalai,1.5,-3.035
2025-10-04 06:00:00,593,Tiruvannamalai,2.0,-3.7483333333333335
2025-10-04 07:00:00,593,Tiruvannamalai,0.5,-3.7483333333333335
2025-10-04 08:00:00,593,Tiruvannamalai,0.5,-3.7483333333333335
2025-10-04 12:00:00,593,Tiruvannamalai,0.5,-3.7913333333333337
2025-10-05 23:00:00,593,Tiruvannamalai,7.5,-2.53
2025-10-06 00:00:00,593,Tiruvannamalai,18.25,-3.587666666666667
2025-10-06 01:00:00,593,Tiruvannamalai,53.5,-3.587666666666667
2025-10-06 02:00:00,593,Tiruvannamalai,3.5,-3.587666666666667
2025-10-06 03:00:00,593,Tiruvannamalai,0.5,-3.587666666666667
2025-10-13 00:00:00,593,Tiruvannamalai,1.0,-3.6326666666666654
2025-10-13 00:30:00,593,Tiruvannamalai,0.5,-3.6326666666666654
2025-10-13 01:00:00,593,Tiruvannamalai,0.5,-3.6326666666666654
2025-10-13 02:00:00,593,Tiruvannamalai,0.5,-3.6326666666666654
2025-10-13 09:00:00,593,Tiruvannamalai,0.5,-3.6326666666666654
2025-10-16 13:00:00,593,Tiruvannamalai,4.0,-2.9163333333333328
2025-10-16 14:00:00,593,Tiruvannamalai,0.875,-2.9163333333333328
2025-10-16 15:00:00,593,Tiruvannamalai,0.5,-2.9163333333333328
2025-10-16 19:00:00,593,Tiruvannamalai,1.0,-2.9163333333333328
2025-10-17 02:00:00,593,Tiruvannamalai,0.8333333333333334,-2.9163333333333328
2025-10-17 03:00:00,593,Tiruvannamalai,2.75,-2.9163333333333328
2025-10-17 04:00:00,593,Tiruvannamalai,3.0,-2.9163333333333328
2025-10-17 05:00:00,593,Tiruvannamalai,5.5,-2.9163333333333328
2025-10-17 08:30:00,593,Tiruvannamalai,0.5,-2.9163333333333328
2025-10-17 09:00:00,593,Tiruvannamalai,0.5,-2.9163333333333328
2025-10-17 10:00:00,593,Tiruvannamalai,0.5,-2.9163333333333328
2025-10-17 17:00:00,593,Tiruvannamalai,1.0,-2.9163333333333328
2025-10-18 03:00:00,593,Tiruvannamalai,0.5,-2.9163333333333328
2025-10-18 05:00:00,593,Tiruvannamalai,2.0,-2.9163333333333328
2025-10-18 07:00:00,593,Tiruvannamalai,0.5,-2.9163333333333328
2025-10-18 08:00:00,593,Tiruvannamalai,1.5,-2.9163333333333328
2025-10-18 12:00:00,593,Tiruvannamalai,0.5,-2.9163333333333328
2025-10-18 13:00:00,593,Tiruvannamalai,0.5,-2.9163333333333328
2025-10-19 01:00:00,593,Tiruvannamalai,0.5,-2.9163333333333328
2025-10-19 02:00:00,593,Tiruvannamalai,0.5,-2.9163333333333328
2025-10-19 08:00:00,593,Tiruvannamalai,0.5,-2.9163333333333328
2025-10-19 09:00:00,593,Tiruvannamalai,0.5,-2.9163333333333328
2025-10-19 18:00:00,593,Tiruvannamalai,0.5,-2.9163333333333328
2025-10-20 09:00:00,593,Tiruvannamalai,0.5,-2.9163333333333328
2025-10-20 10:00:00,593,Tiruvannamalai,10.5,-2.9163333333333328
2025-10-20 11:00:00,593,Tiruvannamalai,2.0,-2.9163333333333328
2025-10-20 15:00:00,593,Tiruvannamalai,7.5,-2.9163333333333328
2025-10-20 16:00:00,593,Tiruvannamalai,3.0,-2.9163333333333328
2025-10-20 17:00:00,593,Tiruvannamalai,0.5,-2.9163333333333328
2025-10-20 17:30:00,593,Tiruvannamalai,0.5,-2.9163333333333328
2025-10-20 18:00:00,593,Tiruvannamalai,0.5,-2.9163333333333328
2025-10-20 19:00:00,593,Tiruvannamalai,0.5,-2.9163333333333328
2025-10-20 20:00:00,593,Tiruvannamalai,0.5,-2.9163333333333328
2025-10-21 00:00:00,593,Tiruvannamalai,0.5,-2.9163333333333328
2025-10-21 02:00:00,593,Tiruvannamalai,6.0,-2.9163333333333328
2025-10-21 03:00:00,593,Tiruvannamalai,1.0,-2.9163333333333328
2025-10-21 05:00:00,593,Tiruvannamalai,1.5,-2.9163333333333328
2025-10-21 06:00:00,593,Tiruvannamalai,1.5,-2.9163333333333328
2025-10-21 07:00:00,593,Tiruvannamalai,2.5,-2.9163333333333328
2025-10-21 08:00:00,593,Tiruvannamalai,0.8333333333333334,-2.9163333333333328
2025-10-21 09:00:00,593,Tiruvannamalai,2.875,-2.9163333333333328
2025-10-21 10:00:00,593,Tiruvannamalai,2.375,-2.9163333333333328
2025-10-21 11:00:00,593,Tiruvannamalai,1.1,-2.9163333333333328
2025-10-21 12:00:00,593,Tiruvannamalai,3.0,-2.9163333333333328
2025-10-21 13:00:00,593,Tiruvannamalai,5.625,-2.9163333333333328
2025-10-21 14:00:00,593,Tiruvannamalai,2.1666666666666665,-2.9163333333333328
2025-10-21 15:00:00,593,Tiruvannamalai,1.6,-2.9163333333333328
2025-10-21 16:00:00,593,Tiruvannamalai,1.5,-2.9163333333333328
2025-10-21 17:00:00,593,Tiruvannamalai,0.5,-2.9163333333333328
2025-10-21 22:00:00,593,Tiruvannamalai,1.0,-2.9163333333333328
2025-10-21 23:00:00,593,Tiruvannamalai,6.25,-2.9163333333333328
2025-10-22 00:00:00,593,Tiruvannamalai,3.3,-2.9163333333333328
2025-10-22 01:00:00,593,Tiruvannamalai,4.25,-2.9163333333333328
2025-10-22 02:00:00,593,Tiruvannamalai,3.4,-2.9163333333333328
2025-10-22 03:00:00,593,Tiruvannamalai,5.8,-2.9163333333333328
2025-10-22 04:00:00,593,Tiruvannamalai,13.0,-2.9163333333333328
2025-10-22 05:00:00,593,Tiruvannamalai,2.0,-2.9163333333333328
2025-10-22 06:00:00,593,Tiruvannamalai,1.5,-2.9163333333333328
2025-10-22 07:00:00,593,Tiruvannamalai,1.0,-2.9163333333333328
2025-10-22 08:00:00,593,Tiruvannamalai,2.6666666666666665,-2.9163333333333328
2025-10-22 09:00:00,593,Tiruvannamalai,2.0,-2.9163333333333328
2025-10-22 09:30:00,593,Tiruvannamalai,0.5,-2.9163333333333328
2025-10-22 10:00:00,593,Tiruvannamalai,0.5,-2.9163333333333328
2025-10-22 12:00:00,593,Tiruvannamalai,7.5,-2.9163333333333328
2025-10-22 13:00:00,593,Tiruvannamalai,2.5,-2.9163333333333328
2025-10-22 14:00:00,593,Tiruvannamalai,0.5,-2.9163333333333328
2025-10-22 14:30:00,593,Tiruvannamalai,4.5,-2.9163333333333328
2025-10-22 15:00:00,593,Tiruvannamalai,28.75,-2.9163333333333328
2025-10-22 15:30:00,593,Tiruvannamalai,0.5,-2.9163333333333328
2025-10-22 16:00:00,593,Tiruvannamalai,12.5,-2.9163333333333328
2025-10-22 16:30:00,593,Tiruvannamalai,4.0,-2.9163333333333328
2025-10-22 17:00:00,593,Tiruvannamalai,8.7,-2.9163333333333328
2025-10-22 18:00:00,593,Tiruvannamalai,21.0,-2.9163333333333328
2025-10-22 19:00:00,593,Tiruvannamalai,2.0,-2.9163333333333328
2025-10-22 20:00:00,593,Tiruvannamalai,1.0,-2.9163333333333328
2025-10-23 00:00:00,593,Tiruvannamalai,0.5,-2.9163333333333328
2025-10-23 01:00:00,593,Tiruvannamalai,0.8333333333333334,-2.9163333333333328
2025-10-23 02:00:00,593,Tiruvannamalai,0.5,-2.9163333333333328
2025-10-23 13:30:00,593,Tiruvannamalai,0.5,-2.911666666666666
2025-10-23 14:00:00,593,Tiruvannamalai,1.25,-2.911666666666666
2025-10-23 15:00:00,593,Tiruvannamalai,1.5,-2.911666666666666
2025-10-23 16:00:00,593,Tiruvannamalai,11.5,-2.8663333333333334
2025-10-23 20:30:00,593,Tiruvannamalai,0.5,-2.8663333333333334
2025-10-23 21:00:00,593,Tiruvannamalai,0.5,-2.8663333333333334
2025-10-24 14:00:00,593,Tiruvannamalai,2.5,-3.0046666666666666
2025-10-25 15:00:00,593,Tiruvannamalai,1.5,-2.9026666666666667
2025-10-25 16:00:00,593,Tiruvannamalai,4.0,-2.8713333333333337
2025-10-25 17:00:00,593,Tiruvannamalai,0.5,-2.8713333333333337
2025-10-25 20:00:00,593,Tiruvannamalai,10.0,-2.8713333333333337
2025-10-25 21:00:00,593,Tiruvannamalai,2.5,-2.8713333333333337
2025-10-25 22:00:00,593,Tiruvannamalai,0.75,-2.839
2025-10-25 23:00:00,593,Tiruvannamalai,0.5,-2.839
2025-10-26 17:00:00,593,Tiruvannamalai,7.0,-2.8686666666666665
2025-10-26 18:00:00,593,Tiruvannamalai,0.5,-2.8686666666666665
2025-10-27 19:00:00,593,Tiruvannamalai,0.5,-2.9836666666666667
2025-10-27 21:00:00,593,Tiruvannamalai,0.6666666666666666,-2.9836666666666667
2025-10-27 22:00:00,593,Tiruvannamalai,0.5,-9.558
2025-10-27 23:00:00,593,Tiruvannamalai,1.0,-9.558
2025-10-28 00:00:00,593,Tiruvannamalai,0.5,-2.883
2025-10-28 01:00:00,593,Tiruvannamalai,0.75,-2.883
2025-10-28 02:00:00,593,Tiruvannamalai,0.5,-2.883
2025-10-28 03:00:00,593,Tiruvannamalai,0.5,-2.883
2025-10-28 04:00:00,593,Tiruvannamalai,0.5,-9.529
2025-10-28 06:00:00,593,Tiruvannamalai,0.75,-2.845666666666667
2025-10-28 07:00:00,593,Tiruvannamalai,1.0,-2.845666666666667
2025-10-28 08:00:00,593,Tiruvannamalai,1.0,-2.845666666666667
2025-10-28 09:00:00,593,Tiruvannamalai,0.8333333333333334,-2.845666666666667
2025-10-28 10:00:00,593,Tiruvannamalai,0.75,-9.538
2025-10-28 11:00:00,593,Tiruvannamalai,0.5,-9.538
2025-11-02 19:00:00,593,Tiruvannamalai,15.5,-3.0163333333333333
2025-11-02 20:00:00,593,Tiruvannamalai,1.75,-3.0163333333333333
2025-11-02 21:00:00,593,Tiruvannamalai,4.5,-3.0163333333333333
2025-11-02 22:00:00,593,Tiruvannamalai,2.75,-9.44
2025-11-02 23:00:00,593,Tiruvannamalai,3.375,-9.44
2025-11-03 16:00:00,593,Tiruvannamalai,0.5,-9.395
2025-11-03 17:00:00,593,Tiruvannamalai,5.5,-9.395
2025-11-03 18:00:00,593,Tiruvannamalai,15.0,-3.050333333333333
2025-11-03 19:00:00,593,Tiruvannamalai,0.5,-3.050333333333333
2025-11-04 03:00:00,593,Tiruvannamalai,0.5,-3.044666666666666
2025-11-05 20:00:00,593,Tiruvannamalai,12.75,-3.126666666666667
2025-11-05 21:00:00,593,Tiruvannamalai,7.666666666666667,-3.126666666666667
2025-11-05 21:30:00,593,Tiruvannamalai,0.5,-3.071
2025-11-05 22:00:00,593,Tiruvannamalai,4.375,-3.071
2025-11-05 23:00:00,593,Tiruvannamalai,10.5,-3.071
2025-11-06 00:00:00,593,Tiruvannamalai,5.166666666666667,-3.071
2025-11-06 01:00:00,593,Tiruvannamalai,0.5,-3.071
2025-11-06 02:00:00,593,Tiruvannamalai,0.5,-3.071
2025-11-06 03:00:00,593,Tiruvannamalai,0.75,-3.071
2025-11-06 04:00:00,593,Tiruvannamalai,0.75,-2.9836666666666667
2025-11-06 05:30:00,593,Tiruvannamalai,0.5,-2.9836666666666667
2025-11-06 06:00:00,593,Tiruvannamalai,0.5,-2.9836666666666667
2025-11-06 07:00:00,593,Tiruvannamalai,0.5,-2.9836666666666667
2025-11-06 09:00:00,593,Tiruvannamalai,0.5,-2.9836666666666667
2025-11-06 10:00:00,593,Tiruvannamalai,1.0,-3.1413333333333338
2025-11-06 11:00:00,593,Tiruvannamalai,5.5,-3.1413333333333338
2025-11-06 11:30:00,593,Tiruvannamalai,1.0,-3.1413333333333338
2025-11-06 12:00:00,593,Tiruvannamalai,2.25,-3.1413333333333338
2025-11-06 14:00:00,593,Tiruvannamalai,9.5,-3.1413333333333338
2025-11-06 15:00:00,593,Tiruvannamalai,6.5,-3.1413333333333338
2025-11-06 16:00:00,593,Tiruvannamalai,3.1666666666666665,-3.046333333333333
2025-11-06 17:00:00,593,Tiruvannamalai,3.1666666666666665,-3.046333333333333
2025-11-06 18:00:00,593,Tiruvannamalai,1.0,-3.046333333333333
2025-11-06 22:00:00,593,Tiruvannamalai,0.5,-3.095
2025-11-07 00:00:00,593,Tiruvannamalai,0.5,-3.095
2025-11-07 17:00:00,593,Tiruvannamalai,3.5,-3.0683333333333334
2025-11-07 18:00:00,593,Tiruvannamalai,11.0,-3.0683333333333334
2025-11-13 20:00:00,593,Tiruvannamalai,0.5,-3.220333333333333
2025-11-13 21:00:00,593,Tiruvannamalai,1.0,-3.220333333333333
2025-11-18 01:00:00,593,Tiruvannamalai,1.0,-3.2419999999999995
2025-11-18 02:00:00,593,Tiruvannamalai,2.833333333333333,-3.2419999999999995
2025-11-18 03:00:00,593,Tiruvannamalai,4.5,-3.2419999999999995
2025-11-18 03:30:00,593,Tiruvannamalai,1.0,-3.1636666666666664
2025-11-18 04:00:00,593,Tiruvannamalai,3.5,-3.1636666666666664
2025-11-18 05:00:00,593,Tiruvannamalai,0.5,-3.1636666666666664
2025-11-18 06:00:00,593,Tiruvannamalai,0.5,-3.1636666666666664
2025-11-18 07:00:00,593,Tiruvannamalai,2.5,-3.1636666666666664
2025-11-18 08:00:00,593,Tiruvannamalai,0.5,-3.1636666666666664
2025-11-18 09:00:00,593,Tiruvannamalai,1.0,-3.1636666666666664
2025-11-18 09:30:00,593,Tiruvannamalai,0.5,-3.265333333333334
2025-11-18 10:00:00,593,Tiruvannamalai,0.5,-3.265333333333334
2025-11-18 13:00:00,593,Tiruvannamalai,1.0,-3.265333333333334
2025-11-18 13:30:00,593,Tiruvannamalai,1.5,-3.265333333333334
2025-11-18 14:00:00,593,Tiruvannamalai,1.25,-3.265333333333334
2025-11-18 15:00:00,593,Tiruvannamalai,1.75,-3.265333333333334
2025-11-18 16:00:00,593,Tiruvannamalai,2.0,-3.188
2025-11-18 17:00:00,593,Tiruvannamalai,4.0,-3.188
2025-11-18 20:00:00,593,Tiruvannamalai,0.5,-3.188
2025-11-21 15:00:00,593,Tiruvannamalai,0.5,-3.296333333333333
2025-11-21 17:00:00,593,Tiruvannamalai,0.5,-1.69
2025-11-21 19:00:00,593,Tiruvannamalai,1.0,-3.240333333333333
2025-11-21 20:00:00,593,Tiruvannamalai,0.5,-3.240333333333333
2025-11-21 21:00:00,593,Tiruvannamalai,4.0,-3.240333333333333
2025-11-21 21:30:00,593,Tiruvannamalai,1.0,-1.625
2025-11-21 23:00:00,593,Tiruvannamalai,1.5,-1.625
2025-11-22 01:00:00,593,Tiruvannamalai,1.0,-3.2709999999999995
2025-11-22 03:00:00,593,Tiruvannamalai,0.5,-3.2709999999999995
2025-11-22 12:00:00,593,Tiruvannamalai,1.75,-3.232
2025-11-22 12:30:00,593,Tiruvannamalai,0.5,-3.232
2025-11-22 13:00:00,593,Tiruvannamalai,0.5,-3.232
2025-11-22 14:00:00,593,Tiruvannamalai,0.8333333333333334,-3.232
2025-11-22 15:00:00,593,Tiruvannamalai,1.0,-3.232
2025-11-22 15:30:00,593,Tiruvannamalai,0.5,-1.7999999999999998
2025-11-22 16:00:00,593,Tiruvannamalai,0.5,-1.7999999999999998
2025-11-22 18:00:00,593,Tiruvannamalai,0.5,-3.2273333333333336
2025-11-23 04:00:00,593,Tiruvannamalai,0.5,-1.7800000000000002
2025-11-23 09:00:00,593,Tiruvannamalai,0.5,-3.1773333333333333
2025-11-23 10:00:00,593,Tiruvannamalai,2.5,-1.875
2025-11-23 15:00:00,593,Tiruvannamalai,0.5,-3.343666666666666
2025-11-24 00:00:00,593,Tiruvannamalai,1.5,-3.2583333333333333
2025-11-24 10:00:00,593,Tiruvannamalai,0.5,-1.885
2025-11-24 14:00:00,593,Tiruvannamalai,2.0,-3.279
2025-11-24 15:00:00,593,Tiruvannamalai,10.0,-3.279
2025-11-24 16:00:00,593,Tiruvannamalai,2.25,-1.825
2025-11-24 19:00:00,593,Tiruvannamalai,0.5,-3.247
2025-11-30 00:00:00,593,Tiruvannamalai,0.5,-1.747
2025-11-30 03:00:00,593,Tiruvannamalai,0.5,-1.747
2025-11-30 09:00:00,593,Tiruvannamalai,0.5,-1.742
2025-11-30 11:00:00,593,Tiruvannamalai,0.5,-1.787
2025-12-01 14:00:00,593,Tiruvannamalai,0.5,-1.3155
2025-12-02 00:00:00,593,Tiruvannamalai,1.0,-1.119
2025-12-02 02:00:00,593,Tiruvannamalai,0.5,-1.119
2025-12-02 07:00:00,593,Tiruvannamalai,0.5,-1.0735
2025-12-02 13:00:00,593,Tiruvannamalai,0.5,-1.232
2025-12-02 17:00:00,593,Tiruvannamalai,1.0,-4.190333333333334
2025-12-02 18:00:00,593,Tiruvannamalai,0.5,-1.112
2025-12-02 21:00:00,593,Tiruvannamalai,0.5,-1.112
2025-12-02 22:00:00,593,Tiruvannamalai,0.5,-4.118666666666667
2025-12-02 23:00:00,593,Tiruvannamalai,0.8333333333333334,-4.118666666666667
2025-12-03 00:00:00,593,Tiruvannamalai,0.625,-3.404666666666667
2025-12-03 01:00:00,593,Tiruvannamalai,5.333333333333333,-3.404666666666667
2025-12-03 02:00:00,593,Tiruvannamalai,8.333333333333334,-3.404666666666667
2025-12-03 03:00:00,593,Tiruvannamalai,6.3,-3.404666666666667
2025-12-03 04:00:00,593,Tiruvannamalai,4.75,-1.91
2025-12-03 05:00:00,593,Tiruvannamalai,5.0,-1.91
2025-12-03 05:30:00,593,Tiruvannamalai,0.5,-1.91
2025-12-03 06:00:00,593,Tiruvannamalai,1.4,-3.296666666666667
2025-12-03 07:00:00,593,Tiruvannamalai,0.5,-3.296666666666667
2025-12-03 08:00:00,593,Tiruvannamalai,1.75,-3.296666666666667
2025-12-03 08:30:00,593,Tiruvannamalai,0.5,-3.296666666666667
2025-12-03 09:00:00,593,Tiruvannamalai,2.0,-3.296666666666667
2025-12-03 10:00:00,593,Tiruvannamalai,5.5,-1.975
2025-12-03 17:00:00,593,Tiruvannamalai,0.5,-1.895
2025-12-03 18:00:00,593,Tiruvannamalai,4.0,-3.362
2025-12-03 19:00:00,593,Tiruvannamalai,1.0,-3.362
2025-12-03 21:00:00,593,Tiruvannamalai,0.5,-3.362
2025-12-03 22:00:00,593,Tiruvannamalai,2.25,-1.79
2025-12-03 23:00:00,593,Tiruvannamalai,22.25,-1.79
2025-12-04 00:00:00,593,Tiruvannamalai,6.25,-3.393666666666667
2025-12-04 14:00:00,593,Tiruvannamalai,4.5,-3.4163333333333337
2025-12-05 04:00:00,593,Tiruvannamalai,1.5,-1.79
2025-12-05 05:00:00,593,Tiruvannamalai,2.25,-1.79
2025-12-05 06:00:00,593,Tiruvannamalai,8.75,-1.031
2025-12-05 07:00:00,593,Tiruvannamalai,1.0,-1.031
2025-12-05 08:00:00,593,Tiruvannamalai,0.5,-1.031
2025-12-05 09:00:00,593,Tiruvannamalai,0.5,-1.031
2025-12-05 10:00:00,593,Tiruvannamalai,1.0,-1.945
2025-12-05 10:30:00,593,Tiruvannamalai,0.5,-1.945
2025-12-05 11:00:00,593,Tiruvannamalai,0.5,-1.945
2025-12-16 17:00:00,593,Tiruvannamalai,1.0,-2.16
2025-12-16 18:00:00,593,Tiruvannamalai,1.0,-2.16
2025-12-16 20:00:00,593,Tiruvannamalai,0.5,-2.16
2025-12-25 22:00:00,593,Tiruvannamalai,0.5,-4.141333333333333
2026-01-10 03:00:00,593,Tiruvannamalai,0.5,-2.235125
2026-01-10 04:00:00,593,Tiruvannamalai,0.5,-2.235125
2026-01-10 06:00:00,593,Tiruvannamalai,0.5,-2.235125
2026-01-10 15:00:00,593,Tiruvannamalai,0.5,-2.235125
2026-01-10 16:00:00,593,Tiruvannamalai,0.5,-2.235125
2026-01-12 10:00:00,593,Tiruvannamalai,1.5,-2.98075
2026-01-12 10:30:00,593,Tiruvannamalai,0.5,-2.98075
2026-01-12 11:00:00,593,Tiruvannamalai,0.5,-2.98075
2026-01-12 13:00:00,593,Tiruvannamalai,0.5,-2.6596666666666664
2026-01-12 13:30:00,593,Tiruvannamalai,0.5,-2.6596666666666664
2026-01-12 14:00:00,593,Tiruvannamalai,0.6666666666666666,-2.6596666666666664
2026-01-12 14:30:00,593,Tiruvannamalai,1.0,-2.6596666666666664
2026-01-12 15:00:00,593,Tiruvannamalai,1.0,-2.6596666666666664
2026-01-25 07:00:00,593,Tiruvannamalai,0.5,-1.115
2026-01-25 08:00:00,593,Tiruvannamalai,0.75,-1.115
2026-01-25 09:00:00,593,Tiruvannamalai,0.5,-1.115
2026-01-25 10:00:00,593,Tiruvannamalai,1.5,-6.689
2026-01-25 11:00:00,593,Tiruvannamalai,0.75,-6.689
2026-01-25 12:00:00,593,Tiruvannamalai,0.5,-1.095
2026-01-25 13:00:00,593,Tiruvannamalai,1.0,-1.095
2026-01-25 16:00:00,593,Tiruvannamalai,0.5,-6.667000000000001
2026-01-25 17:00:00,593,Tiruvannamalai,1.0,-6.667000000000001
2026-01-25 19:00:00,593,Tiruvannamalai,0.5,-6.667000000000001
2026-01-25 20:00:00,593,Tiruvannamalai,0.5,-6.667000000000001
2026-01-25 21:00:00,593,Tiruvannamalai,1.0,-6.667000000000001
2026-01-25 22:00:00,593,Tiruvannamalai,0.75,-5.812666666666666
2026-01-25 23:00:00,593,Tiruvannamalai,0.5,-5.812666666666666
2026-01-26 00:00:00,593,Tiruvannamalai,1.0,-1.14
2026-01-26 01:00:00,593,Tiruvannamalai,1.0,-1.14
2026-01-26 02:00:00,593,Tiruvannamalai,0.75,-1.14
2026-01-26 03:00:00,593,Tiruvannamalai,0.5,-1.14
2026-01-26 05:00:00,593,Tiruvannamalai,0.5,-5.705749999999999
2026-01-26 20:00:00,593,Tiruvannamalai,1.5,-1.215
2026-02-25 09:00:00,593,Tiruvannamalai,2.0,0.3035000000000001
2026-03-18 22:00:00,593,Tiruvannamalai,0.5,-0.617076923076923
2026-03-18 22:30:00,593,Tiruvannamalai,2.0,-0.617076923076923
2026-03-18 23:00:00,593,Tiruvannamalai,16.333333333333332,-0.617076923076923
2026-03-18 23:30:00,593,Tiruvannamalai,1.0,-0.617076923076923
2026-03-19 00:00:00,593,Tiruvannamalai,1.5,-3.925
2026-03-19 01:00:00,593,Tiruvannamalai,2.0,-3.925
2026-03-19 01:30:00,593,Tiruvannamalai,17.5,-3.925
2026-03-19 02:00:00,593,Tiruvannamalai,14.5,-3.925
2026-03-19 02:30:00,593,Tiruvannamalai,0.5,-3.925
2026-03-19 03:00:00,593,Tiruvannamalai,0.5,-3.925
2026-03-19 04:00:00,593,Tiruvannamalai,0.5,-0.6406923076923078
2026-03-19 05:00:00,593,Tiruvannamalai,0.5,-0.6406923076923078
2026-03-19 07:00:00,593,Tiruvannamalai,0.5,-3.769
2026-03-19 23:00:00,593,Tiruvannamalai,0.5,-3.093692307692308
2026-03-19 23:30:00,593,Tiruvannamalai,5.5,-3.093692307692308
2026-03-20 00:00:00,593,Tiruvannamalai,3.75,-3.976
2024-01-19 13:00:00,590,Tiruvarur,1.5,-1.435
2024-01-19 14:00:00,590,Tiruvarur,2.5,-1.435
2024-01-19 15:00:00,590,Tiruvarur,1.75,-1.435
2024-01-22 10:00:00,590,Tiruvarur,0.5,-1.435
2024-03-21 05:00:00,590,Tiruvarur,1.5,-10.735
2024-03-21 06:00:00,590,Tiruvarur,9.0,-10.735
2024-03-21 07:00:00,590,Tiruvarur,1.5,-10.735
2024-03-21 08:00:00,590,Tiruvarur,1.5,-10.735
2024-05-08 10:35:00,590,Tiruvarur,0.5,-16.68
2024-05-08 10:40:00,590,Tiruvarur,0.5,-16.68
2024-05-08 10:45:00,590,Tiruvarur,0.5,-16.68
2024-05-08 10:50:00,590,Tiruvarur,0.5,-16.68
2024-05-08 10:55:00,590,Tiruvarur,0.5,-16.68
2024-05-08 11:00:00,590,Tiruvarur,0.5,-16.68
2024-05-10 14:20:00,590,Tiruvarur,2.0,-16.68
2024-05-10 14:30:00,590,Tiruvarur,10.0,-16.68
2024-05-10 14:35:00,590,Tiruvarur,12.0,-16.68
2024-05-10 14:40:00,590,Tiruvarur,13.0,-16.68
2024-05-10 14:45:00,590,Tiruvarur,13.5,-16.68
2024-05-10 14:55:00,590,Tiruvarur,15.5,-16.68
2024-05-10 15:00:00,590,Tiruvarur,12.75,-16.68
2024-05-10 15:15:00,590,Tiruvarur,0.5,-16.68
2024-05-10 15:20:00,590,Tiruvarur,1.0,-16.68
2024-05-10 15:30:00,590,Tiruvarur,1.0,-16.68
2024-05-10 15:35:00,590,Tiruvarur,1.0,-16.68
2024-05-10 15:40:00,590,Tiruvarur,1.0,-16.68
2024-05-10 15:45:00,590,Tiruvarur,1.0,-16.68
2024-05-10 15:50:00,590,Tiruvarur,1.0,-16.68
2024-05-10 15:55:00,590,Tiruvarur,1.0,-16.68
2024-05-10 16:00:00,590,Tiruvarur,2.25,-16.68
2024-05-11 13:00:00,590,Tiruvarur,0.5,-16.68
2024-05-11 14:05:00,590,Tiruvarur,0.5,-16.68
2024-05-11 14:10:00,590,Tiruvarur,0.5,-16.68
2024-05-11 14:15:00,590,Tiruvarur,0.5,-16.68
2024-05-11 14:20:00,590,Tiruvarur,0.5,-16.68
2024-05-11 14:25:00,590,Tiruvarur,0.5,-16.68
2024-05-11 14:30:00,590,Tiruvarur,0.5,-16.68
2024-05-11 14:35:00,590,Tiruvarur,0.5,-16.68
2024-05-11 14:40:00,590,Tiruvarur,0.5,-16.68
2024-05-11 14:55:00,590,Tiruvarur,0.5,-16.68
2024-05-11 15:00:00,590,Tiruvarur,1.0,-16.68
2024-05-11 15:40:00,590,Tiruvarur,0.5,-16.68
2024-05-11 15:45:00,590,Tiruvarur,0.5,-16.68
2024-05-11 15:50:00,590,Tiruvarur,0.5,-16.68
2024-05-11 15:55:00,590,Tiruvarur,0.5,-16.68
2024-05-11 16:00:00,590,Tiruvarur,0.5,-16.68
2024-05-11 16:25:00,590,Tiruvarur,0.5,-16.68
2024-05-11 16:30:00,590,Tiruvarur,0.5,-16.68
2024-05-11 16:35:00,590,Tiruvarur,0.5,-16.68
2024-05-11 16:40:00,590,Tiruvarur,0.5,-16.68
2024-05-11 16:45:00,590,Tiruvarur,0.5,-16.68
2024-05-11 16:50:00,590,Tiruvarur,1.0,-16.68
2024-05-11 16:55:00,590,Tiruvarur,1.0,-16.68
2024-05-11 17:20:00,590,Tiruvarur,0.5,-16.68
2024-05-11 17:30:00,590,Tiruvarur,0.5,-16.68
2024-05-11 17:45:00,590,Tiruvarur,0.5,-16.68
2024-05-11 17:50:00,590,Tiruvarur,0.5,-16.68
2024-05-11 17:55:00,590,Tiruvarur,1.0,-16.68
2024-05-11 18:00:00,590,Tiruvarur,1.0,-16.68
2024-05-11 18:20:00,590,Tiruvarur,0.5,-16.68
2024-05-11 18:25:00,590,Tiruvarur,0.5,-16.68
2024-05-11 18:30:00,590,Tiruvarur,0.5,-16.68
2024-05-11 18:40:00,590,Tiruvarur,0.5,-16.68
2024-05-11 18:55:00,590,Tiruvarur,1.0,-16.68
2024-05-11 19:00:00,590,Tiruvarur,1.0,-16.68
2024-05-11 19:05:00,590,Tiruvarur,0.5,-16.68
2024-05-11 19:10:00,590,Tiruvarur,0.5,-16.68
2024-05-11 19:15:00,590,Tiruvarur,0.5,-16.68
2024-05-11 19:20:00,590,Tiruvarur,0.5,-16.68
2024-05-11 19:25:00,590,Tiruvarur,1.0,-16.68
2024-05-11 19:30:00,590,Tiruvarur,1.0,-16.68
2024-05-11 19:35:00,590,Tiruvarur,1.0,-16.68
2024-05-11 19:40:00,590,Tiruvarur,1.0,-16.68
2024-05-11 19:45:00,590,Tiruvarur,1.5,-16.68
2024-05-11 19:50:00,590,Tiruvarur,1.5,-16.68
2024-05-11 19:55:00,590,Tiruvarur,1.5,-16.68
2024-05-11 20:05:00,590,Tiruvarur,0.5,-16.68
2024-05-11 20:15:00,590,Tiruvarur,0.5,-16.68
2024-05-11 20:20:00,590,Tiruvarur,0.5,-16.68
2024-05-11 20:25:00,590,Tiruvarur,1.0,-16.68
2024-05-11 20:35:00,590,Tiruvarur,1.0,-16.68
2024-05-11 20:40:00,590,Tiruvarur,1.0,-16.68
2024-05-11 20:45:00,590,Tiruvarur,1.0,-16.68
2024-05-11 20:50:00,590,Tiruvarur,1.5,-16.68
2024-05-11 20:55:00,590,Tiruvarur,1.5,-16.68
2024-05-11 21:00:00,590,Tiruvarur,1.5,-16.68
2024-05-11 21:15:00,590,Tiruvarur,0.5,-16.68
2024-05-11 21:20:00,590,Tiruvarur,0.5,-16.68
2024-05-11 21:25:00,590,Tiruvarur,0.5,-16.68
2024-05-11 21:30:00,590,Tiruvarur,0.5,-16.68
2024-05-11 21:35:00,590,Tiruvarur,0.5,-16.68
2024-05-11 21:40:00,590,Tiruvarur,0.5,-16.68
2024-05-11 21:45:00,590,Tiruvarur,1.0,-16.68
2024-05-11 21:50:00,590,Tiruvarur,1.0,-16.68
2024-05-11 22:00:00,590,Tiruvarur,1.0,-16.68
2024-05-11 22:15:00,590,Tiruvarur,0.5,-16.68
2024-05-11 22:20:00,590,Tiruvarur,0.5,-16.68
2024-05-11 22:25:00,590,Tiruvarur,0.5,-16.68
2024-05-11 22:35:00,590,Tiruvarur,0.5,-16.68
2024-05-11 22:40:00,590,Tiruvarur,0.5,-16.68
2024-05-11 22:50:00,590,Tiruvarur,1.0,-16.68
2024-05-11 22:55:00,590,Tiruvarur,1.0,-16.68
2024-05-11 23:00:00,590,Tiruvarur,1.0,-16.68
2024-05-11 23:30:00,590,Tiruvarur,0.5,-16.68
2024-05-11 23:35:00,590,Tiruvarur,0.5,-16.68
2024-05-11 23:40:00,590,Tiruvarur,0.5,-16.68
2024-05-11 23:45:00,590,Tiruvarur,0.5,-16.68
2024-05-11 23:50:00,590,Tiruvarur,0.5,-16.68
2024-05-11 23:55:00,590,Tiruvarur,0.5,-16.68
2024-05-12 00:00:00,590,Tiruvarur,0.5,-16.68
2024-05-12 00:15:00,590,Tiruvarur,0.5,-16.68
2024-05-12 00:20:00,590,Tiruvarur,0.5,-16.68
2024-05-12 00:30:00,590,Tiruvarur,0.5,-16.68
2024-05-12 00:35:00,590,Tiruvarur,0.5,-16.68
2024-05-12 00:45:00,590,Tiruvarur,0.5,-16.68
2024-05-12 00:55:00,590,Tiruvarur,0.5,-16.68
2024-05-12 01:10:00,590,Tiruvarur,0.5,-16.68
2024-05-12 01:20:00,590,Tiruvarur,0.5,-16.68
2024-05-12 01:25:00,590,Tiruvarur,0.5,-16.68
2024-05-12 01:30:00,590,Tiruvarur,0.5,-16.68
2024-05-12 01:35:00,590,Tiruvarur,0.5,-16.68
2024-05-12 01:40:00,590,Tiruvarur,0.5,-16.68
2024-05-12 01:50:00,590,Tiruvarur,0.5,-16.68
2024-05-12 01:55:00,590,Tiruvarur,0.5,-16.68
2024-05-12 02:00:00,590,Tiruvarur,0.5,-16.68
2024-05-12 02:15:00,590,Tiruvarur,0.5,-16.68
2024-05-12 02:20:00,590,Tiruvarur,0.5,-16.68
2024-05-12 02:25:00,590,Tiruvarur,0.5,-16.68
2024-05-12 02:30:00,590,Tiruvarur,0.5,-16.68
2024-05-12 02:35:00,590,Tiruvarur,0.5,-16.68
2024-05-12 02:40:00,590,Tiruvarur,0.5,-16.68
2024-05-12 02:45:00,590,Tiruvarur,0.5,-16.68
2024-05-12 03:00:00,590,Tiruvarur,0.5,-16.68
2024-05-12 03:30:00,590,Tiruvarur,0.5,-16.68
2024-05-12 03:35:00,590,Tiruvarur,0.5,-16.68
2024-05-12 03:40:00,590,Tiruvarur,0.5,-16.68
2024-05-12 03:45:00,590,Tiruvarur,0.5,-16.68
2024-05-12 03:50:00,590,Tiruvarur,0.5,-16.68
2024-05-12 03:55:00,590,Tiruvarur,0.5,-16.68
2024-05-12 04:00:00,590,Tiruvarur,0.5,-16.68
2024-05-12 05:45:00,590,Tiruvarur,0.5,-16.68
2024-05-12 06:00:00,590,Tiruvarur,0.5,-16.68
2024-05-12 08:25:00,590,Tiruvarur,14.5,-16.68
2024-05-12 08:30:00,590,Tiruvarur,20.0,-16.68
2024-05-12 08:35:00,590,Tiruvarur,20.0,-16.68
2024-05-12 08:45:00,590,Tiruvarur,20.0,-16.68
2024-05-12 08:50:00,590,Tiruvarur,20.0,-16.68
2024-05-12 08:55:00,590,Tiruvarur,20.0,-16.68
2024-05-12 09:00:00,590,Tiruvarur,20.0,-16.68
2024-05-12 14:05:00,590,Tiruvarur,0.5,-17.22
2024-05-12 14:20:00,590,Tiruvarur,1.0,-17.22
2024-05-12 14:25:00,590,Tiruvarur,1.5,-17.22
2024-05-12 14:30:00,590,Tiruvarur,2.0,-17.22
2024-05-12 14:35:00,590,Tiruvarur,2.75,-17.22
2024-05-12 14:40:00,590,Tiruvarur,2.75,-17.22
2024-05-12 14:45:00,590,Tiruvarur,2.75,-17.22
2024-05-12 14:50:00,590,Tiruvarur,2.75,-17.22
2024-05-12 14:55:00,590,Tiruvarur,2.75,-17.22
2024-05-12 15:00:00,590,Tiruvarur,2.75,-17.22
2024-05-13 13:50:00,590,Tiruvarur,2.5,-16.9
2024-05-13 13:55:00,590,Tiruvarur,6.5,-16.9
2024-05-13 14:00:00,590,Tiruvarur,11.75,-16.9
2024-05-13 14:05:00,590,Tiruvarur,3.5,-16.9
2024-05-13 14:10:00,590,Tiruvarur,3.5,-16.9
2024-05-13 14:15:00,590,Tiruvarur,3.5,-16.9
2024-05-13 14:20:00,590,Tiruvarur,3.5,-16.9
2024-05-13 14:25:00,590,Tiruvarur,3.5,-16.9
2024-05-13 14:30:00,590,Tiruvarur,4.0,-16.9
2024-05-13 14:35:00,590,Tiruvarur,4.5,-16.9
2024-05-13 14:40:00,590,Tiruvarur,4.5,-16.9
2024-05-13 14:45:00,590,Tiruvarur,4.5,-16.9
2024-05-13 14:50:00,590,Tiruvarur,4.5,-16.9
2024-05-13 14:55:00,590,Tiruvarur,4.5,-16.9
2024-05-13 15:00:00,590,Tiruvarur,6.75,-16.9
2024-05-13 16:05:00,590,Tiruvarur,0.5,-17.06
2024-05-13 16:10:00,590,Tiruvarur,0.5,-17.06
2024-05-13 16:15:00,590,Tiruvarur,0.5,-17.06
2024-05-13 16:20:00,590,Tiruvarur,0.5,-17.06
2024-05-13 16:25:00,590,Tiruvarur,0.5,-17.06
2024-05-13 16:30:00,590,Tiruvarur,0.5,-17.06
2024-05-13 16:35:00,590,Tiruvarur,0.5,-17.06
2024-05-13 16:40:00,590,Tiruvarur,0.5,-17.06
2024-05-13 16:45:00,590,Tiruvarur,0.5,-17.06
2024-05-13 16:50:00,590,Tiruvarur,0.5,-17.06
2024-05-13 16:55:00,590,Tiruvarur,0.5,-17.06
2024-05-13 17:00:00,590,Tiruvarur,0.5,-17.06
2024-05-14 09:55:00,590,Tiruvarur,1.0,-16.72
2024-05-14 10:00:00,590,Tiruvarur,4.5,-16.72
2024-05-14 10:05:00,590,Tiruvarur,1.0,-16.72
2024-05-14 10:10:00,590,Tiruvarur,1.5,-16.72
2024-05-14 10:15:00,590,Tiruvarur,2.0,-16.72
2024-05-14 10:20:00,590,Tiruvarur,3.0,-16.72
2024-05-14 10:25:00,590,Tiruvarur,3.0,-16.72
2024-05-14 10:30:00,590,Tiruvarur,3.5,-16.72
2024-05-14 10:35:00,590,Tiruvarur,3.5,-16.72
2024-05-14 10:40:00,590,Tiruvarur,3.5,-16.72
2024-05-14 10:45:00,590,Tiruvarur,3.5,-16.72
2024-05-14 10:50:00,590,Tiruvarur,3.5,-16.72
2024-05-14 10:55:00,590,Tiruvarur,3.5,-16.72
2024-05-14 11:00:00,590,Tiruvarur,6.5,-16.72
2024-05-14 11:10:00,590,Tiruvarur,0.5,-16.72
2024-05-14 11:15:00,590,Tiruvarur,0.5,-16.72
2024-05-14 11:20:00,590,Tiruvarur,0.5,-16.72
2024-05-14 11:25:00,590,Tiruvarur,1.0,-16.72
2024-05-14 11:30:00,590,Tiruvarur,1.0,-16.72
2024-05-14 11:35:00,590,Tiruvarur,1.0,-16.72
2024-05-14 11:40:00,590,Tiruvarur,1.0,-16.72
2024-05-14 11:45:00,590,Tiruvarur,1.5,-16.72
2024-05-14 11:50:00,590,Tiruvarur,1.5,-16.72
2024-05-14 11:55:00,590,Tiruvarur,1.5,-16.72
2024-05-14 12:00:00,590,Tiruvarur,1.0,-16.72
2024-05-16 01:55:00,590,Tiruvarur,0.5,-16.39
2024-05-16 02:00:00,590,Tiruvarur,1.0,-16.39
2024-05-16 02:20:00,590,Tiruvarur,0.5,-16.39
2024-05-16 02:25:00,590,Tiruvarur,0.5,-16.39
2024-05-16 02:30:00,590,Tiruvarur,0.5,-16.39
2024-05-16 02:35:00,590,Tiruvarur,0.5,-16.39
2024-05-16 02:40:00,590,Tiruvarur,0.5,-16.39
2024-05-16 02:45:00,590,Tiruvarur,0.5,-16.39
2024-05-16 02:50:00,590,Tiruvarur,0.5,-16.39
2024-05-16 02:55:00,590,Tiruvarur,0.5,-16.39
2024-05-16 03:00:00,590,Tiruvarur,7.5,-16.39
2024-05-16 03:05:00,590,Tiruvarur,1.5,-15.67
2024-05-16 03:10:00,590,Tiruvarur,5.5,-15.67
2024-05-16 03:15:00,590,Tiruvarur,10.5,-15.67
2024-05-16 03:20:00,590,Tiruvarur,15.0,-15.67
2024-05-16 03:25:00,590,Tiruvarur,18.5,-15.67
2024-05-16 03:30:00,590,Tiruvarur,22.5,-15.67
2024-05-16 03:35:00,590,Tiruvarur,13.75,-15.67
2024-05-16 03:40:00,590,Tiruvarur,15.5,-15.67
2024-05-16 03:45:00,590,Tiruvarur,17.5,-15.67
2024-05-16 03:50:00,590,Tiruvarur,19.5,-15.67
2024-05-16 03:55:00,590,Tiruvarur,21.25,-15.67
2024-05-16 04:00:00,590,Tiruvarur,32.5,-15.67
2024-05-16 04:05:00,590,Tiruvarur,3.5,-15.67
2024-05-16 04:10:00,590,Tiruvarur,7.5,-15.67
2024-05-16 04:15:00,590,Tiruvarur,5.0,-15.67
2024-05-16 04:20:00,590,Tiruvarur,5.5,-15.67
2024-05-16 04:25:00,590,Tiruvarur,5.75,-15.67
2024-05-16 04:30:00,590,Tiruvarur,6.25,-15.67
2024-05-16 04:35:00,590,Tiruvarur,6.75,-15.67
2024-05-16 04:40:00,590,Tiruvarur,7.25,-15.67
2024-05-16 04:45:00,590,Tiruvarur,8.0,-15.67
2024-05-16 04:50:00,590,Tiruvarur,8.5,-15.67
2024-05-16 04:55:00,590,Tiruvarur,9.0,-15.67
2024-05-16 05:00:00,590,Tiruvarur,9.0,-15.67
2024-05-16 05:05:00,590,Tiruvarur,1.0,-15.67
2024-05-16 05:10:00,590,Tiruvarur,2.75,-15.67
2024-05-16 05:15:00,590,Tiruvarur,3.25,-15.67
2024-05-16 05:20:00,590,Tiruvarur,1.0,-15.67
2024-05-16 05:25:00,590,Tiruvarur,4.25,-15.67
2024-05-16 05:30:00,590,Tiruvarur,4.5,-15.67
2024-05-16 05:35:00,590,Tiruvarur,5.0,-15.67
2024-05-16 05:40:00,590,Tiruvarur,5.25,-15.67
2024-05-16 05:45:00,590,Tiruvarur,5.75,-15.67
2024-05-16 05:50:00,590,Tiruvarur,6.25,-15.67
2024-05-16 05:55:00,590,Tiruvarur,6.5,-15.67
2024-05-16 06:00:00,590,Tiruvarur,7.75,-15.67
2024-05-16 06:10:00,590,Tiruvarur,0.5,-15.67
2024-05-16 06:15:00,590,Tiruvarur,0.75,-15.67
2024-05-16 06:20:00,590,Tiruvarur,1.0,-15.67
2024-05-16 06:25:00,590,Tiruvarur,1.25,-15.67
2024-05-16 06:30:00,590,Tiruvarur,1.5,-15.67
2024-05-16 06:35:00,590,Tiruvarur,1.75,-15.67
2024-05-16 06:40:00,590,Tiruvarur,2.0,-15.67
2024-05-16 06:45:00,590,Tiruvarur,2.25,-15.67
2024-05-16 06:50:00,590,Tiruvarur,2.5,-15.67
2024-05-16 06:55:00,590,Tiruvarur,2.5,-15.67
2024-05-16 07:00:00,590,Tiruvarur,2.0,-15.67
2024-05-16 07:05:00,590,Tiruvarur,0.5,-15.67
2024-05-16 07:10:00,590,Tiruvarur,0.5,-15.67
2024-05-16 07:15:00,590,Tiruvarur,1.0,-15.67
2024-05-16 07:20:00,590,Tiruvarur,1.5,-15.67
2024-05-16 07:25:00,590,Tiruvarur,2.0,-15.67
2024-05-16 07:30:00,590,Tiruvarur,2.5,-15.67
2024-05-16 07:35:00,590,Tiruvarur,2.5,-15.67
2024-05-16 07:40:00,590,Tiruvarur,3.0,-15.67
2024-05-16 07:45:00,590,Tiruvarur,3.0,-15.67
2024-05-16 07:50:00,590,Tiruvarur,3.0,-15.67
2024-05-16 07:55:00,590,Tiruvarur,3.0,-15.67
2024-05-16 08:00:00,590,Tiruvarur,3.5,-15.67
2024-05-16 08:20:00,590,Tiruvarur,0.5,-15.67
2024-05-16 08:25:00,590,Tiruvarur,0.5,-15.67
2024-05-16 08:30:00,590,Tiruvarur,0.5,-15.67
2024-05-16 08:35:00,590,Tiruvarur,1.0,-15.67
2024-05-16 08:40:00,590,Tiruvarur,1.0,-15.67
2024-05-16 08:45:00,590,Tiruvarur,1.0,-15.67
2024-05-16 08:50:00,590,Tiruvarur,1.0,-15.67
2024-05-16 08:55:00,590,Tiruvarur,0.75,-15.67
2024-05-16 09:00:00,590,Tiruvarur,0.75,-15.67
2024-05-16 09:05:00,590,Tiruvarur,0.5,-15.09
2024-05-16 09:10:00,590,Tiruvarur,0.5,-15.09
2024-05-16 09:15:00,590,Tiruvarur,0.5,-15.09
2024-05-16 09:20:00,590,Tiruvarur,0.5,-15.09
2024-05-16 09:25:00,590,Tiruvarur,0.5,-15.09
2024-05-16 09:30:00,590,Tiruvarur,0.5,-15.09
2024-05-16 09:35:00,590,Tiruvarur,0.5,-15.09
2024-05-16 09:40:00,590,Tiruvarur,1.0,-15.09
2024-05-16 09:45:00,590,Tiruvarur,1.0,-15.09
2024-05-16 09:50:00,590,Tiruvarur,1.0,-15.09
2024-05-16 09:55:00,590,Tiruvarur,1.0,-15.09
2024-05-16 10:00:00,590,Tiruvarur,1.0,-15.09
2024-05-16 10:20:00,590,Tiruvarur,0.5,-15.09
2024-05-16 10:25:00,590,Tiruvarur,0.5,-15.09
2024-05-16 10:30:00,590,Tiruvarur,0.5,-15.09
2024-05-16 10:35:00,590,Tiruvarur,0.5,-15.09
2024-05-16 10:40:00,590,Tiruvarur,0.5,-15.09
2024-05-16 10:45:00,590,Tiruvarur,0.5,-15.09
2024-05-16 10:50:00,590,Tiruvarur,0.5,-15.09
2024-05-16 10:55:00,590,Tiruvarur,0.5,-15.09
2024-05-16 11:00:00,590,Tiruvarur,0.5,-15.09
2024-05-16 16:00:00,590,Tiruvarur,0.5,-14.69
2024-05-17 05:00:00,590,Tiruvarur,0.5,-14.16
2024-05-17 05:45:00,590,Tiruvarur,0.5,-14.16
2024-05-17 05:50:00,590,Tiruvarur,0.5,-14.16
2024-05-17 05:55:00,590,Tiruvarur,0.5,-14.16
2024-05-17 06:00:00,590,Tiruvarur,0.75,-14.16
2024-05-17 06:10:00,590,Tiruvarur,0.5,-14.16
2024-05-17 06:15:00,590,Tiruvarur,0.5,-14.16
2024-05-17 06:20:00,590,Tiruvarur,0.5,-14.16
2024-05-17 06:25:00,590,Tiruvarur,0.5,-14.16
2024-05-17 06:30:00,590,Tiruvarur,0.5,-14.16
2024-05-17 06:35:00,590,Tiruvarur,0.5,-14.16
2024-05-17 06:40:00,590,Tiruvarur,0.5,-14.16
2024-05-17 06:45:00,590,Tiruvarur,0.5,-14.16
2024-05-17 06:50:00,590,Tiruvarur,0.5,-14.16
2024-05-17 06:55:00,590,Tiruvarur,0.5,-14.16
2024-05-17 07:00:00,590,Tiruvarur,0.5,-14.16
2024-05-17 07:05:00,590,Tiruvarur,0.5,-14.16
2024-05-17 07:10:00,590,Tiruvarur,0.5,-14.16
2024-05-17 07:15:00,590,Tiruvarur,0.5,-14.16
2024-05-17 07:20:00,590,Tiruvarur,0.5,-14.16
2024-05-17 07:25:00,590,Tiruvarur,0.5,-14.16
2024-05-17 07:30:00,590,Tiruvarur,0.5,-14.16
2024-05-17 07:35:00,590,Tiruvarur,0.5,-14.16
2024-05-17 07:40:00,590,Tiruvarur,0.5,-14.16
2024-05-17 07:45:00,590,Tiruvarur,0.5,-14.16
2024-05-17 07:50:00,590,Tiruvarur,0.5,-14.16
2024-05-17 07:55:00,590,Tiruvarur,0.5,-14.16
2024-05-17 08:00:00,590,Tiruvarur,2.5,-14.16
2024-05-17 11:00:00,590,Tiruvarur,5.0,-14.2
2024-05-17 12:00:00,590,Tiruvarur,0.5,-14.2
2024-05-17 13:00:00,590,Tiruvarur,3.0,-14.2
2024-05-17 14:00:00,590,Tiruvarur,7.0,-14.2
2024-05-17 14:05:00,590,Tiruvarur,2.0,-14.2
2024-05-17 14:10:00,590,Tiruvarur,4.5,-14.2
2024-05-17 14:15:00,590,Tiruvarur,7.0,-14.2
2024-05-17 14:20:00,590,Tiruvarur,9.5,-14.2
2024-05-17 14:25:00,590,Tiruvarur,10.5,-14.2
2024-05-17 14:30:00,590,Tiruvarur,11.5,-14.2
2024-05-17 14:35:00,590,Tiruvarur,12.0,-14.2
2024-05-17 14:40:00,590,Tiruvarur,12.5,-14.2
2024-05-17 14:45:00,590,Tiruvarur,12.5,-14.2
2024-05-17 14:50:00,590,Tiruvarur,12.5,-14.2
2024-05-17 14:55:00,590,Tiruvarur,13.0,-14.2
2024-05-17 15:00:00,590,Tiruvarur,6.333333333333333,-14.2
2024-05-17 17:20:00,590,Tiruvarur,3.0,-14.08
2024-05-17 17:25:00,590,Tiruvarur,6.0,-14.08
2024-05-17 17:30:00,590,Tiruvarur,6.0,-14.08
2024-05-17 17:35:00,590,Tiruvarur,6.0,-14.08
2024-05-17 17:40:00,590,Tiruvarur,6.0,-14.08
2024-05-17 17:45:00,590,Tiruvarur,6.0,-14.08
2024-05-17 17:50:00,590,Tiruvarur,6.0,-14.08
2024-05-17 17:55:00,590,Tiruvarur,6.0,-14.08
2024-05-17 18:00:00,590,Tiruvarur,6.0,-14.08
2024-05-18 11:00:00,590,Tiruvarur,2.5,-13.81
2024-05-18 12:00:00,590,Tiruvarur,17.5,-13.81
2024-05-18 12:20:00,590,Tiruvarur,1.5,-13.81
2024-05-18 12:25:00,590,Tiruvarur,1.5,-13.81
2024-05-18 12:30:00,590,Tiruvarur,2.0,-13.81
2024-05-18 12:35:00,590,Tiruvarur,3.0,-13.81
2024-05-18 12:40:00,590,Tiruvarur,5.5,-13.81
2024-05-18 12:45:00,590,Tiruvarur,11.0,-13.81
2024-05-18 12:50:00,590,Tiruvarur,17.0,-13.81
2024-05-18 12:55:00,590,Tiruvarur,18.5,-13.81
2024-05-18 13:00:00,590,Tiruvarur,8.666666666666666,-13.81
2024-05-18 13:15:00,590,Tiruvarur,0.5,-13.81
2024-05-18 13:20:00,590,Tiruvarur,0.5,-13.81
2024-05-18 13:25:00,590,Tiruvarur,1.0,-13.81
2024-05-18 13:30:00,590,Tiruvarur,1.0,-13.81
2024-05-18 13:35:00,590,Tiruvarur,1.0,-13.81
2024-05-18 13:40:00,590,Tiruvarur,1.5,-13.81
2024-05-18 13:45:00,590,Tiruvarur,2.0,-13.81
2024-05-18 13:50:00,590,Tiruvarur,2.0,-13.81
2024-05-18 13:55:00,590,Tiruvarur,2.0,-13.81
2024-05-18 14:00:00,590,Tiruvarur,1.25,-13.81
2024-05-18 14:15:00,590,Tiruvarur,0.5,-13.81
2024-05-18 14:20:00,590,Tiruvarur,0.5,-13.81
2024-05-18 14:25:00,590,Tiruvarur,0.5,-13.81
2024-05-18 14:30:00,590,Tiruvarur,0.5,-13.81
2024-05-18 14:35:00,590,Tiruvarur,0.5,-13.81
2024-05-18 14:40:00,590,Tiruvarur,0.5,-13.81
2024-05-18 14:45:00,590,Tiruvarur,0.5,-13.81
2024-05-18 14:50:00,590,Tiruvarur,0.5,-13.81
2024-05-18 14:55:00,590,Tiruvarur,0.5,-13.81
2024-05-18 15:10:00,590,Tiruvarur,0.5,-13.7
2024-05-18 15:15:00,590,Tiruvarur,0.5,-13.7
2024-05-18 15:20:00,590,Tiruvarur,0.5,-13.7
2024-05-18 15:25:00,590,Tiruvarur,0.5,-13.7
2024-05-18 15:30:00,590,Tiruvarur,0.5,-13.7
2024-05-18 15:35:00,590,Tiruvarur,0.5,-13.7
2024-05-18 15:40:00,590,Tiruvarur,0.5,-13.7
2024-05-18 15:45:00,590,Tiruvarur,0.5,-13.7
2024-05-18 15:50:00,590,Tiruvarur,0.5,-13.7
2024-05-18 15:55:00,590,Tiruvarur,0.5,-13.7
2024-05-18 16:00:00,590,Tiruvarur,0.5,-13.7
2024-05-19 03:00:00,590,Tiruvarur,0.5,-13.36
2024-05-19 09:00:00,590,Tiruvarur,0.5,-13.27
2024-05-19 10:00:00,590,Tiruvarur,10.5,-13.17
2024-05-19 15:00:00,590,Tiruvarur,22.0,-13.17
2024-05-19 15:45:00,590,Tiruvarur,0.5,-13.07
2024-05-19 15:50:00,590,Tiruvarur,0.5,-13.07
2024-05-19 15:55:00,590,Tiruvarur,0.5,-13.07
2024-05-19 16:00:00,590,Tiruvarur,0.5,-13.07
2024-05-19 21:00:00,590,Tiruvarur,0.75,-13.07
2024-05-19 21:40:00,590,Tiruvarur,0.5,-12.85
2024-05-19 21:45:00,590,Tiruvarur,0.5,-12.85
2024-05-19 21:50:00,590,Tiruvarur,0.5,-12.85
2024-05-19 21:55:00,590,Tiruvarur,1.0,-12.85
2024-05-19 22:00:00,590,Tiruvarur,0.6666666666666666,-12.85
2024-05-19 22:25:00,590,Tiruvarur,0.5,-12.85
2024-05-19 22:30:00,590,Tiruvarur,0.5,-12.85
2024-05-19 22:35:00,590,Tiruvarur,0.5,-12.85
2024-05-19 22:40:00,590,Tiruvarur,0.5,-12.85
2024-05-19 22:45:00,590,Tiruvarur,1.0,-12.85
2024-05-19 22:50:00,590,Tiruvarur,1.0,-12.85
2024-05-19 22:55:00,590,Tiruvarur,1.0,-12.85
2024-05-19 23:00:00,590,Tiruvarur,1.5,-12.85
2024-05-19 23:45:00,590,Tiruvarur,0.5,-12.85
2024-05-19 23:50:00,590,Tiruvarur,0.5,-12.85
2024-05-19 23:55:00,590,Tiruvarur,0.5,-12.85
2024-05-20 00:00:00,590,Tiruvarur,1.0,-12.85
2024-05-20 16:00:00,590,Tiruvarur,3.75,-12.71
2024-05-20 17:00:00,590,Tiruvarur,1.5,-12.71
2024-05-20 17:40:00,590,Tiruvarur,0.5,-12.71
2024-05-20 17:45:00,590,Tiruvarur,0.5,-12.71
2024-05-20 17:50:00,590,Tiruvarur,0.5,-12.71
2024-05-20 17:55:00,590,Tiruvarur,0.5,-12.71
2024-05-20 18:00:00,590,Tiruvarur,0.5,-12.71
2024-05-20 19:00:00,590,Tiruvarur,1.75,-12.71
2024-05-20 19:45:00,590,Tiruvarur,0.5,-12.71
2024-05-20 19:50:00,590,Tiruvarur,0.5,-12.71
2024-05-20 19:55:00,590,Tiruvarur,0.5,-12.71
2024-05-20 20:00:00,590,Tiruvarur,0.8333333333333334,-12.71
2024-05-20 20:05:00,590,Tiruvarur,0.5,-12.71
2024-05-20 20:10:00,590,Tiruvarur,0.5,-12.71
2024-05-20 20:15:00,590,Tiruvarur,0.5,-12.71
2024-05-20 20:20:00,590,Tiruvarur,0.5,-12.71
2024-05-20 20:25:00,590,Tiruvarur,0.5,-12.71
2024-05-20 20:30:00,590,Tiruvarur,0.5,-12.71
2024-05-20 20:35:00,590,Tiruvarur,0.5,-12.71
2024-05-20 20:40:00,590,Tiruvarur,0.5,-12.71
2024-05-20 20:45:00,590,Tiruvarur,0.5,-12.71
2024-05-20 20:50:00,590,Tiruvarur,0.5,-12.71
2024-05-20 20:55:00,590,Tiruvarur,0.5,-12.71
2024-05-20 21:00:00,590,Tiruvarur,0.5,-12.71
2024-05-21 03:00:00,590,Tiruvarur,0.5,-12.59
2024-05-21 15:00:00,590,Tiruvarur,4.25,-12.78
2024-05-21 16:00:00,590,Tiruvarur,1.25,-13.08
2024-05-21 17:30:00,590,Tiruvarur,0.5,-13.08
2024-05-21 17:35:00,590,Tiruvarur,0.5,-13.08
2024-05-21 17:40:00,590,Tiruvarur,0.5,-13.08
2024-05-21 17:45:00,590,Tiruvarur,0.5,-13.08
2024-05-21 17:50:00,590,Tiruvarur,0.5,-13.08
2024-05-21 17:55:00,590,Tiruvarur,0.5,-13.08
2024-05-21 18:00:00,590,Tiruvarur,0.5,-13.08
2024-05-21 19:00:00,590,Tiruvarur,16.25,-13.08
2024-05-21 20:00:00,590,Tiruvarur,27.5,-13.08
2024-05-21 20:05:00,590,Tiruvarur,0.5,-13.08
2024-05-21 20:10:00,590,Tiruvarur,0.5,-13.08
2024-05-21 20:15:00,590,Tiruvarur,0.5,-13.08
2024-05-21 20:20:00,590,Tiruvarur,0.5,-13.08
2024-05-21 20:25:00,590,Tiruvarur,0.5,-13.08
2024-05-21 20:30:00,590,Tiruvarur,0.5,-13.08
2024-05-21 20:35:00,590,Tiruvarur,0.5,-13.08
2024-05-21 20:40:00,590,Tiruvarur,0.5,-13.08
2024-05-21 20:45:00,590,Tiruvarur,0.5,-13.08
2024-05-21 20:50:00,590,Tiruvarur,0.5,-13.08
2024-05-21 20:55:00,590,Tiruvarur,0.5,-13.08
2024-05-21 21:00:00,590,Tiruvarur,1.5,-13.08
2024-05-21 22:00:00,590,Tiruvarur,16.0,-12.41
2024-05-21 23:00:00,590,Tiruvarur,0.5,-12.41
2024-05-22 00:00:00,590,Tiruvarur,0.5,-12.41
2024-05-22 09:00:00,590,Tiruvarur,0.5,-12.27
2024-05-22 09:35:00,590,Tiruvarur,0.5,-12.19
2024-05-22 09:40:00,590,Tiruvarur,0.5,-12.19
2024-05-22 09:45:00,590,Tiruvarur,0.5,-12.19
2024-05-22 09:50:00,590,Tiruvarur,0.5,-12.19
2024-05-22 09:55:00,590,Tiruvarur,0.5,-12.19
2024-05-22 10:00:00,590,Tiruvarur,0.5,-12.19
2024-05-22 10:50:00,590,Tiruvarur,0.5,-12.19
2024-05-22 10:55:00,590,Tiruvarur,0.5,-12.19
2024-05-22 11:00:00,590,Tiruvarur,15.5,-12.19
2024-05-22 12:00:00,590,Tiruvarur,23.0,-12.19
2024-05-22 13:00:00,590,Tiruvarur,23.0,-12.19
2024-05-22 20:00:00,590,Tiruvarur,58.0,-12.12
2024-05-22 21:00:00,590,Tiruvarur,134.5,-12.12
2024-05-22 22:00:00,590,Tiruvarur,83.5,-11.99
2024-05-23 11:40:00,590,Tiruvarur,0.5,-11.98
2024-05-23 11:45:00,590,Tiruvarur,0.5,-11.98
2024-05-23 11:50:00,590,Tiruvarur,0.5,-11.98
2024-05-23 12:00:00,590,Tiruvarur,0.5,-11.98
2024-05-23 13:00:00,590,Tiruvarur,12.5,-11.98
2024-06-01 20:00:00,590,Tiruvarur,2.0,-15.15
2024-06-01 20:05:00,590,Tiruvarur,3.0,-15.15
2024-06-01 20:10:00,590,Tiruvarur,6.0,-15.15
2024-06-01 20:15:00,590,Tiruvarur,13.0,-15.15
2024-06-01 20:20:00,590,Tiruvarur,18.0,-15.15
2024-06-01 20:25:00,590,Tiruvarur,23.0,-15.15
2024-06-01 20:30:00,590,Tiruvarur,29.0,-15.15
2024-06-01 20:35:00,590,Tiruvarur,34.0,-15.15
2024-06-01 20:40:00,590,Tiruvarur,39.0,-15.15
2024-06-01 20:45:00,590,Tiruvarur,44.0,-15.15
2024-06-01 20:50:00,590,Tiruvarur,51.5,-15.15
2024-06-01 20:55:00,590,Tiruvarur,58.5,-15.15
2024-06-01 21:00:00,590,Tiruvarur,31.5,-15.15
2024-06-03 06:00:00,590,Tiruvarur,0.5,-12.36
2024-06-04 08:00:00,590,Tiruvarur,1.0,-12.01
2024-06-04 09:00:00,590,Tiruvarur,0.5,-12.01
2024-06-05 02:00:00,590,Tiruvarur,0.5,-11.96
2024-06-05 03:00:00,590,Tiruvarur,3.75,-11.96
2024-06-05 05:00:00,590,Tiruvarur,2.0,-11.95
2024-06-05 09:00:00,590,Tiruvarur,0.5,-11.95
2024-06-05 10:00:00,590,Tiruvarur,0.5,-12.18
2024-06-05 11:00:00,590,Tiruvarur,1.0,-12.18
2024-06-05 12:00:00,590,Tiruvarur,1.0,-12.18
2024-06-05 13:00:00,590,Tiruvarur,3.0,-12.18
2024-06-05 14:00:00,590,Tiruvarur,4.5,-12.18
2024-06-05 15:00:00,590,Tiruvarur,3.0,-12.18
2024-06-05 16:00:00,590,Tiruvarur,0.5,-12.37
2024-06-05 17:00:00,590,Tiruvarur,1.0,-12.37
2024-06-05 18:00:00,590,Tiruvarur,0.5,-12.37
2024-06-05 19:00:00,590,Tiruvarur,4.5,-12.37
2024-06-05 20:00:00,590,Tiruvarur,2.5,-12.37
2024-06-05 21:00:00,590,Tiruvarur,4.5,-12.37
2024-06-05 22:00:00,590,Tiruvarur,4.0,-12.17
2024-06-05 23:00:00,590,Tiruvarur,0.5,-12.17
2024-06-06 00:00:00,590,Tiruvarur,2.5,-12.17
2024-06-06 01:00:00,590,Tiruvarur,1.5,-12.17
2024-06-06 06:00:00,590,Tiruvarur,1.0,-12.09
2024-06-06 08:00:00,590,Tiruvarur,4.5,-12.09
2024-06-06 13:00:00,590,Tiruvarur,0.5,-12.66
2024-06-06 14:00:00,590,Tiruvarur,0.5,-12.66
2024-06-06 15:00:00,590,Tiruvarur,2.0,-12.66
2024-06-06 16:00:00,590,Tiruvarur,1.5,-12.23
2024-06-06 17:00:00,590,Tiruvarur,2.5,-12.23
2024-06-06 18:00:00,590,Tiruvarur,16.5,-12.23
2024-06-06 19:00:00,590,Tiruvarur,4.0,-12.23
2024-06-06 20:00:00,590,Tiruvarur,7.0,-12.23
2024-06-06 21:00:00,590,Tiruvarur,9.0,-12.23
2024-06-06 22:00:00,590,Tiruvarur,59.5,-12.67
2024-06-06 23:00:00,590,Tiruvarur,9.5,-12.67
2024-06-07 00:00:00,590,Tiruvarur,23.0,-12.67
2024-06-07 01:00:00,590,Tiruvarur,4.5,-12.67
2024-06-07 02:00:00,590,Tiruvarur,4.5,-12.67
2024-06-07 03:00:00,590,Tiruvarur,3.5,-12.67
2024-06-07 04:00:00,590,Tiruvarur,12.5,-12.67
2024-06-07 05:00:00,590,Tiruvarur,22.0,-12.67
2024-06-07 06:00:00,590,Tiruvarur,21.0,-12.67
2024-06-07 07:00:00,590,Tiruvarur,6.0,-12.67
2024-06-07 08:00:00,590,Tiruvarur,13.0,-12.67
2024-06-07 09:00:00,590,Tiruvarur,3.0,-12.67
2024-06-07 10:00:00,590,Tiruvarur,3.0,-12.69
2024-06-07 11:00:00,590,Tiruvarur,4.25,-12.69
2024-06-07 12:00:00,590,Tiruvarur,1.75,-12.69
2024-06-07 13:00:00,590,Tiruvarur,2.5,-12.69
2024-06-07 14:00:00,590,Tiruvarur,1.0,-12.69
2024-06-07 15:00:00,590,Tiruvarur,3.0,-12.69
2024-06-07 16:00:00,590,Tiruvarur,2.5,-12.27
2024-06-07 17:00:00,590,Tiruvarur,1.0,-12.27
2024-06-07 18:00:00,590,Tiruvarur,2.0,-12.27
2024-06-07 19:00:00,590,Tiruvarur,0.5,-12.27
2024-06-07 20:00:00,590,Tiruvarur,0.5,-12.27
2024-06-07 22:00:00,590,Tiruvarur,0.5,-12.02
2024-06-07 23:00:00,590,Tiruvarur,1.0,-12.02
2024-06-08 00:00:00,590,Tiruvarur,0.5,-12.02
2024-06-08 01:00:00,590,Tiruvarur,0.75,-12.02
2024-06-08 02:00:00,590,Tiruvarur,2.0,-12.02
2024-06-08 04:00:00,590,Tiruvarur,0.5,-11.97
2024-06-08 05:00:00,590,Tiruvarur,1.5,-11.97
2024-06-08 06:00:00,590,Tiruvarur,8.5,-11.97
2024-06-08 08:00:00,590,Tiruvarur,2.0,-11.97
2024-06-08 09:00:00,590,Tiruvarur,5.5,-11.97
2024-06-08 10:00:00,590,Tiruvarur,0.5,-12.48
2024-06-08 11:00:00,590,Tiruvarur,3.5,-12.48
2024-06-08 12:00:00,590,Tiruvarur,1.0,-12.48
2024-06-08 15:00:00,590,Tiruvarur,8.5,-12.48
2024-06-08 16:00:00,590,Tiruvarur,4.5,-12.71
2024-06-08 17:00:00,590,Tiruvarur,3.5,-12.71
2024-06-08 19:00:00,590,Tiruvarur,1.0,-12.71
2024-06-10 11:00:00,590,Tiruvarur,1.0,-13.39
2024-06-10 12:00:00,590,Tiruvarur,1.5,-13.39
2024-06-10 13:00:00,590,Tiruvarur,1.5,-13.39
2024-06-10 14:00:00,590,Tiruvarur,1.0,-13.39
2024-06-10 17:00:00,590,Tiruvarur,1.0,-13.59
2024-06-10 18:00:00,590,Tiruvarur,1.0,-13.59
2024-06-10 19:55:00,590,Tiruvarur,0.5,-13.59
2024-06-10 20:00:00,590,Tiruvarur,1.5,-13.59
2024-06-10 21:00:00,590,Tiruvarur,1.0,-13.59
2024-06-11 01:00:00,590,Tiruvarur,1.5,-12.92
2024-06-11 02:00:00,590,Tiruvarur,2.5,-12.92
2024-06-11 03:00:00,590,Tiruvarur,3.5,-12.92
2024-06-11 04:00:00,590,Tiruvarur,13.5,-12.84
2024-06-11 05:00:00,590,Tiruvarur,6.0,-12.84
2024-06-11 06:00:00,590,Tiruvarur,3.5,-12.84
2024-06-11 07:00:00,590,Tiruvarur,8.0,-12.84
2024-06-11 08:00:00,590,Tiruvarur,5.5,-12.84
2024-06-11 09:00:00,590,Tiruvarur,6.0,-12.84
2024-06-11 10:00:00,590,Tiruvarur,1.5,-13.81
2024-06-11 11:00:00,590,Tiruvarur,5.0,-13.81
2024-06-11 12:00:00,590,Tiruvarur,1.0,-13.81
2024-06-11 13:00:00,590,Tiruvarur,4.0,-13.81
2024-06-11 14:00:00,590,Tiruvarur,6.5,-13.81
2024-06-11 17:00:00,590,Tiruvarur,1.0,-14.26
2024-06-11 18:00:00,590,Tiruvarur,1.0,-14.26
2024-06-11 19:00:00,590,Tiruvarur,5.0,-14.26
2024-06-11 20:00:00,590,Tiruvarur,1.5,-14.26
2024-06-12 03:00:00,590,Tiruvarur,1.0,-13.77
2024-06-12 05:00:00,590,Tiruvarur,3.0,-13.77
2024-06-12 06:00:00,590,Tiruvarur,1.0,-13.77
2024-06-12 07:00:00,590,Tiruvarur,4.0,-13.77
2024-06-12 08:00:00,590,Tiruvarur,0.5,-13.77
2024-06-12 09:00:00,590,Tiruvarur,7.5,-13.77
2024-06-12 10:00:00,590,Tiruvarur,11.5,-14.18
2024-06-12 11:00:00,590,Tiruvarur,2.5,-14.18
2024-06-12 12:00:00,590,Tiruvarur,0.5,-14.18
2024-06-12 13:00:00,590,Tiruvarur,0.5,-14.18
2024-06-12 15:00:00,590,Tiruvarur,3.0,-14.18
2024-06-12 16:00:00,590,Tiruvarur,4.5,-14.14
2024-06-12 17:00:00,590,Tiruvarur,0.5,-14.14
2024-06-12 18:00:00,590,Tiruvarur,0.5,-14.14
2024-06-12 19:00:00,590,Tiruvarur,1.0,-14.14
2024-06-13 01:00:00,590,Tiruvarur,0.5,-13.74
2024-06-13 02:00:00,590,Tiruvarur,1.5,-13.74
2024-06-13 03:00:00,590,Tiruvarur,4.0,-13.74
2024-06-13 04:00:00,590,Tiruvarur,0.5,-13.57
2024-06-13 05:00:00,590,Tiruvarur,9.0,-13.57
2024-06-13 06:00:00,590,Tiruvarur,8.5,-13.57
2024-06-13 07:00:00,590,Tiruvarur,10.0,-13.57
2024-06-13 08:00:00,590,Tiruvarur,14.0,-13.57
2024-06-13 09:00:00,590,Tiruvarur,14.5,-13.57
2024-06-13 10:00:00,590,Tiruvarur,19.0,-15.39
2024-06-13 11:00:00,590,Tiruvarur,6.0,-15.39
2024-06-13 12:00:00,590,Tiruvarur,37.0,-15.39
2024-06-13 13:00:00,590,Tiruvarur,16.5,-15.39
2024-06-13 14:00:00,590,Tiruvarur,1.0,-15.39
2024-06-13 15:00:00,590,Tiruvarur,1.0,-15.39
2024-06-13 20:00:00,590,Tiruvarur,5.5,-15.55
2024-06-13 21:00:00,590,Tiruvarur,6.5,-15.55
2024-06-13 22:00:00,590,Tiruvarur,7.0,-15.01
2024-06-13 23:00:00,590,Tiruvarur,12.0,-15.01
2024-06-14 00:00:00,590,Tiruvarur,4.5,-15.01
2024-06-14 01:00:00,590,Tiruvarur,3.5,-15.01
2024-06-14 02:00:00,590,Tiruvarur,0.5,-15.01
2024-06-14 06:00:00,590,Tiruvarur,87.5,-15.03
2024-06-14 07:00:00,590,Tiruvarur,17.5,-15.03
2024-06-14 08:00:00,590,Tiruvarur,9.0,-15.03
2024-06-14 09:00:00,590,Tiruvarur,1.0,-15.03
2024-06-14 10:00:00,590,Tiruvarur,5.0,-15.67
2024-06-14 11:00:00,590,Tiruvarur,2.0,-15.67
2024-06-14 12:00:00,590,Tiruvarur,2.0,-15.67
2024-06-14 13:00:00,590,Tiruvarur,8.0,-15.67
2024-06-14 14:00:00,590,Tiruvarur,139.0,-15.67
2024-06-14 15:00:00,590,Tiruvarur,350.0,-15.67
2024-06-14 16:00:00,590,Tiruvarur,1.5,-15.86
2024-06-14 17:00:00,590,Tiruvarur,13.5,-15.86
2024-06-15 12:00:00,590,Tiruvarur,0.5,-14.6
2024-06-15 13:00:00,590,Tiruvarur,10.0,-14.6
2024-06-15 14:00:00,590,Tiruvarur,18.5,-14.6
2024-06-15 15:00:00,590,Tiruvarur,1.5,-14.6
2024-06-15 16:00:00,590,Tiruvarur,0.5,-14.84
2024-06-15 17:00:00,590,Tiruvarur,0.5,-14.84
2024-06-15 21:00:00,590,Tiruvarur,4.0,-14.84
2024-06-15 23:00:00,590,Tiruvarur,0.5,-15.49
2024-06-16 14:00:00,590,Tiruvarur,0.5,-15.52
2024-06-16 15:00:00,590,Tiruvarur,7.0,-15.52
2024-06-16 18:00:00,590,Tiruvarur,5.5,-15.81
2024-06-16 19:00:00,590,Tiruvarur,34.5,-15.81
2024-06-16 20:00:00,590,Tiruvarur,0.5,-15.81
2024-06-17 07:00:00,590,Tiruvarur,0.5,-15.73
2024-06-17 15:00:00,590,Tiruvarur,1.0,-16.41
2024-06-18 07:00:00,590,Tiruvarur,1.0,-16.22
2024-06-18 11:00:00,590,Tiruvarur,1.5,-16.84
2024-06-18 14:00:00,590,Tiruvarur,0.5,-16.84
2024-06-18 19:00:00,590,Tiruvarur,1.5,-17.37
2024-06-18 20:00:00,590,Tiruvarur,1.0,-17.37
2024-06-18 21:00:00,590,Tiruvarur,0.5,-17.37
2024-06-18 22:00:00,590,Tiruvarur,2.5,-16.62
2024-06-18 23:00:00,590,Tiruvarur,2.5,-16.62
2024-06-19 00:00:00,590,Tiruvarur,0.5,-16.62
2024-06-19 01:00:00,590,Tiruvarur,1.0,-16.62
2024-06-19 02:00:00,590,Tiruvarur,4.0,-16.62
2024-06-19 03:00:00,590,Tiruvarur,0.5,-16.62
2024-06-19 04:00:00,590,Tiruvarur,0.5,-16.4
2024-06-19 05:00:00,590,Tiruvarur,0.5,-16.4
2024-06-19 07:00:00,590,Tiruvarur,1.5,-16.4
2024-06-19 10:00:00,590,Tiruvarur,0.5,-17.19
2024-06-19 12:00:00,590,Tiruvarur,1.0,-17.19
2024-06-19 13:00:00,590,Tiruvarur,1.0,-17.19
2024-06-19 15:00:00,590,Tiruvarur,0.5,-17.19
2024-06-19 17:00:00,590,Tiruvarur,1.0,-16.42
2024-06-19 18:00:00,590,Tiruvarur,1.5,-16.42
2024-06-19 19:00:00,590,Tiruvarur,2.5,-16.42
2024-06-19 20:00:00,590,Tiruvarur,27.0,-16.42
2024-06-19 21:00:00,590,Tiruvarur,11.0,-16.42
2024-06-19 23:00:00,590,Tiruvarur,0.5,-14.84
2024-06-20 00:00:00,590,Tiruvarur,1.0,-14.84
2024-06-20 09:00:00,590,Tiruvarur,2.5,-14.85
2024-06-20 10:00:00,590,Tiruvarur,2.5,-15.59
2024-06-21 04:00:00,590,Tiruvarur,0.5,-15.74
2024-06-21 06:00:00,590,Tiruvarur,0.5,-15.74
2024-06-21 12:00:00,590,Tiruvarur,0.5,-16.78
2024-06-21 13:00:00,590,Tiruvarur,3.0,-16.78
2024-06-22 17:00:00,590,Tiruvarur,0.5,-16.55
2024-06-22 19:00:00,590,Tiruvarur,1.0,-16.55
2024-06-22 20:00:00,590,Tiruvarur,0.5,-16.55
2024-06-23 01:00:00,590,Tiruvarur,2.5,-17.26
2024-06-23 13:00:00,590,Tiruvarur,2.0,-17.09
2024-06-23 14:00:00,590,Tiruvarur,6.5,-17.09
2024-06-23 19:00:00,590,Tiruvarur,0.5,-17.01
2024-06-23 21:00:00,590,Tiruvarur,2.0,-17.01
2024-06-23 22:00:00,590,Tiruvarur,6.5,-16.12
2024-06-24 03:00:00,590,Tiruvarur,1.5,-16.12
2024-06-24 04:00:00,590,Tiruvarur,1.0,-16.2
2024-06-24 05:00:00,590,Tiruvarur,0.5,-16.2
2024-06-24 06:00:00,590,Tiruvarur,0.5,-16.2
2024-06-24 09:00:00,590,Tiruvarur,1.0,-16.2
2024-06-24 12:00:00,590,Tiruvarur,0.5,-16.85
2024-06-24 14:00:00,590,Tiruvarur,0.5,-16.85
2024-06-24 16:00:00,590,Tiruvarur,0.5,-16.97
2024-06-24 17:00:00,590,Tiruvarur,0.5,-16.97
2024-06-25 03:00:00,590,Tiruvarur,1.0,-16.84
2024-06-25 05:00:00,590,Tiruvarur,0.5,-16.78
2024-06-25 16:00:00,590,Tiruvarur,1.0,-17.83
2024-06-26 08:00:00,590,Tiruvarur,0.5,-16.88
2024-06-26 12:00:00,590,Tiruvarur,0.5,-17.88
2024-06-27 04:00:00,590,Tiruvarur,0.5,-17.5
2024-06-27 14:00:00,590,Tiruvarur,0.5,-17.76
2024-06-27 17:00:00,590,Tiruvarur,1.5,-17.73
2024-06-27 19:00:00,590,Tiruvarur,0.5,-17.73
2024-06-28 02:00:00,590,Tiruvarur,1.0,-17.15
2024-06-28 09:00:00,590,Tiruvarur,2.0,-17.12
2024-06-29 03:00:00,590,Tiruvarur,1.5,-17.97
2024-06-29 04:00:00,590,Tiruvarur,0.5,-18.11
2024-06-29 08:00:00,590,Tiruvarur,0.5,-18.11
2024-06-29 10:00:00,590,Tiruvarur,0.5,-18.24
2024-06-29 12:00:00,590,Tiruvarur,2.0,-18.24
2024-06-29 13:00:00,590,Tiruvarur,2.0,-18.24
2024-06-29 15:00:00,590,Tiruvarur,0.5,-18.24
2024-06-29 18:00:00,590,Tiruvarur,0.5,-18.34
2024-06-29 22:00:00,590,Tiruvarur,1.5,-17.74
2024-06-30 00:00:00,590,Tiruvarur,0.5,-17.74
2024-06-30 01:00:00,590,Tiruvarur,0.5,-17.74
2024-06-30 04:00:00,590,Tiruvarur,0.5,-17.89
2024-06-30 05:00:00,590,Tiruvarur,0.5,-17.89
2024-06-30 13:00:00,590,Tiruvarur,1.0,-18.97
2024-06-30 16:00:00,590,Tiruvarur,0.5,-19.27
2024-06-30 22:00:00,590,Tiruvarur,1.0,-18.29
2024-06-30 23:00:00,590,Tiruvarur,0.5,-18.29
2024-07-01 03:00:00,590,Tiruvarur,0.5,-18.29
2024-07-01 06:00:00,590,Tiruvarur,1.75,-18.17
2024-07-01 07:00:00,590,Tiruvarur,13.5,-18.17
2024-07-01 08:00:00,590,Tiruvarur,6.0,-18.17
2024-07-01 09:00:00,590,Tiruvarur,9.0,-18.17
2024-07-01 10:00:00,590,Tiruvarur,7.5,-17.07
2024-07-01 11:00:00,590,Tiruvarur,8.5,-17.07
2024-07-01 12:00:00,590,Tiruvarur,7.0,-17.07
2024-07-01 13:00:00,590,Tiruvarur,10.0,-17.07
2024-07-01 14:00:00,590,Tiruvarur,18.0,-17.07
2024-07-01 15:00:00,590,Tiruvarur,79.0,-17.07
2024-07-01 16:00:00,590,Tiruvarur,39.25,-17.29
2024-07-01 17:00:00,590,Tiruvarur,61.5,-17.29
2024-07-01 18:00:00,590,Tiruvarur,16.5,-17.29
2024-07-01 19:00:00,590,Tiruvarur,31.0,-17.29
2024-07-01 20:00:00,590,Tiruvarur,17.5,-17.29
2024-07-01 21:00:00,590,Tiruvarur,15.0,-17.29
2024-07-01 22:00:00,590,Tiruvarur,6.5,-17.88
2024-07-01 23:00:00,590,Tiruvarur,2.5,-17.88
2024-07-02 00:00:00,590,Tiruvarur,28.0,-17.88
2024-07-02 01:00:00,590,Tiruvarur,8.5,-17.88
2024-07-02 02:00:00,590,Tiruvarur,13.0,-17.88
2024-07-02 03:00:00,590,Tiruvarur,4.0,-17.88
2024-07-02 04:00:00,590,Tiruvarur,1.5,-18.02
2024-07-02 05:00:00,590,Tiruvarur,2.0,-18.02
2024-07-02 06:00:00,590,Tiruvarur,6.0,-18.02
2024-07-02 07:00:00,590,Tiruvarur,0.5,-18.02
2024-07-02 08:00:00,590,Tiruvarur,12.5,-18.02
2024-07-02 09:00:00,590,Tiruvarur,50.5,-18.02
2024-07-02 11:00:00,590,Tiruvarur,41.0,-18.1
2024-07-02 12:00:00,590,Tiruvarur,20.5,-18.1
2024-07-02 13:00:00,590,Tiruvarur,7.0,-18.1
2024-07-02 14:00:00,590,Tiruvarur,1.5,-18.1
2024-07-02 16:00:00,590,Tiruvarur,4.0,-18.23
2024-07-02 17:00:00,590,Tiruvarur,5.5,-18.23
2024-07-02 21:00:00,590,Tiruvarur,10.0,-18.23
2024-07-02 22:00:00,590,Tiruvarur,6.0,-19.08
2024-07-02 23:00:00,590,Tiruvarur,13.0,-19.08
2024-07-03 00:00:00,590,Tiruvarur,60.0,-19.08
2024-07-03 01:00:00,590,Tiruvarur,24.5,-19.08
2024-07-03 02:00:00,590,Tiruvarur,4.0,-19.08
2024-07-03 03:00:00,590,Tiruvarur,8.0,-19.08
2024-07-03 04:00:00,590,Tiruvarur,7.0,-19.22
2024-07-03 05:00:00,590,Tiruvarur,14.0,-19.22
2024-07-03 06:00:00,590,Tiruvarur,4.0,-19.22
2024-07-03 07:00:00,590,Tiruvarur,11.0,-19.22
2024-07-03 08:00:00,590,Tiruvarur,13.0,-19.22
2024-07-03 09:00:00,590,Tiruvarur,3.0,-19.22
2024-07-03 10:00:00,590,Tiruvarur,5.0,-19.35
2024-07-03 11:00:00,590,Tiruvarur,12.5,-19.35
2024-07-03 12:00:00,590,Tiruvarur,2.5,-19.35
2024-07-03 13:00:00,590,Tiruvarur,12.0,-19.35
2024-07-03 14:00:00,590,Tiruvarur,3.5,-19.35
2024-07-03 15:00:00,590,Tiruvarur,4.5,-19.35
2024-07-03 16:00:00,590,Tiruvarur,1.5,-18.82
2024-07-03 17:00:00,590,Tiruvarur,6.0,-18.82
2024-07-03 18:00:00,590,Tiruvarur,2.5,-18.82
2024-07-03 19:00:00,590,Tiruvarur,2.0,-18.82
2024-07-03 20:00:00,590,Tiruvarur,4.5,-18.82
2024-07-03 21:00:00,590,Tiruvarur,3.5,-18.82
2024-07-03 22:00:00,590,Tiruvarur,20.5,-19.22
2024-07-03 23:00:00,590,Tiruvarur,55.5,-19.22
2024-07-04 00:00:00,590,Tiruvarur,288.0,-19.22
2024-07-04 01:00:00,590,Tiruvarur,229.0,-19.22
2024-07-04 02:00:00,590,Tiruvarur,291.5,-19.22
2024-07-04 03:00:00,590,Tiruvarur,201.0,-19.22
2024-07-04 04:00:00,590,Tiruvarur,22.0,-19.31
2024-07-04 05:00:00,590,Tiruvarur,2.0,-19.31
2024-07-04 06:00:00,590,Tiruvarur,4.5,-19.31
2024-07-04 07:00:00,590,Tiruvarur,10.0,-19.31
2024-07-04 08:00:00,590,Tiruvarur,12.5,-19.31
2024-07-04 09:00:00,590,Tiruvarur,16.0,-19.31
2024-07-04 10:00:00,590,Tiruvarur,20.0,-19.02
2024-07-04 11:00:00,590,Tiruvarur,18.5,-19.02
2024-07-04 12:00:00,590,Tiruvarur,31.0,-19.02
2024-07-04 13:00:00,590,Tiruvarur,20.5,-19.02
2024-07-04 14:00:00,590,Tiruvarur,18.5,-19.02
2024-07-04 15:00:00,590,Tiruvarur,33.0,-19.02
2024-07-04 17:00:00,590,Tiruvarur,1.5,-19.19
2024-07-04 18:00:00,590,Tiruvarur,8.5,-19.19
2024-07-04 19:00:00,590,Tiruvarur,8.0,-19.19
2024-07-04 20:00:00,590,Tiruvarur,32.5,-19.19
2024-07-04 21:00:00,590,Tiruvarur,9.5,-19.19
2024-07-05 01:00:00,590,Tiruvarur,6.5,-19.12
2024-07-05 02:00:00,590,Tiruvarur,16.5,-19.12
2024-07-05 03:00:00,590,Tiruvarur,10.0,-19.12
2024-07-05 04:00:00,590,Tiruvarur,3.5,-19.12
2024-07-05 05:00:00,590,Tiruvarur,0.5,-19.12
2024-07-05 06:00:00,590,Tiruvarur,22.5,-19.12
2024-07-05 08:00:00,590,Tiruvarur,5.5,-19.12
2024-07-05 10:00:00,590,Tiruvarur,7.5,-19.16
2024-07-05 11:00:00,590,Tiruvarur,24.0,-19.16
2024-07-05 13:00:00,590,Tiruvarur,5.0,-19.16
2024-07-05 15:00:00,590,Tiruvarur,9.0,-19.16
2024-07-05 16:00:00,590,Tiruvarur,32.0,-19.39
2024-07-05 17:00:00,590,Tiruvarur,25.5,-19.39
2024-07-05 18:00:00,590,Tiruvarur,3.5,-19.39
2024-07-05 19:00:00,590,Tiruvarur,3.8333333333333335,-19.39
2024-07-05 20:00:00,590,Tiruvarur,77.5,-19.39
2024-07-05 21:00:00,590,Tiruvarur,108.0,-19.39
2024-07-05 23:00:00,590,Tiruvarur,16.5,-18.07
2024-07-06 00:00:00,590,Tiruvarur,164.5,-18.07
2024-07-06 01:00:00,590,Tiruvarur,107.0,-18.07
2024-07-06 02:00:00,590,Tiruvarur,154.5,-18.07
2024-07-06 03:00:00,590,Tiruvarur,177.0,-18.07
2024-07-06 04:00:00,590,Tiruvarur,88.0,-17.98
2024-07-06 05:00:00,590,Tiruvarur,118.5,-17.98
2024-07-06 06:00:00,590,Tiruvarur,44.5,-17.98
2024-07-06 07:00:00,590,Tiruvarur,72.5,-17.98
2024-07-06 08:00:00,590,Tiruvarur,58.0,-17.98
2024-07-06 09:00:00,590,Tiruvarur,51.0,-17.98
2024-07-06 10:00:00,590,Tiruvarur,7.0,-18.33
2024-07-06 11:00:00,590,Tiruvarur,29.0,-18.33
2024-07-06 12:00:00,590,Tiruvarur,86.5,-18.33
2024-07-06 13:00:00,590,Tiruvarur,124.5,-18.33
2024-07-06 14:00:00,590,Tiruvarur,39.0,-18.33
2024-07-06 15:00:00,590,Tiruvarur,14.0,-18.33
2024-07-06 16:00:00,590,Tiruvarur,12.0,-18.33
2024-07-06 17:00:00,590,Tiruvarur,3.5,-18.33
2024-07-06 18:00:00,590,Tiruvarur,7.0,-18.33
2024-07-06 19:00:00,590,Tiruvarur,2.0,-18.33
2024-07-06 20:00:00,590,Tiruvarur,1.0,-18.33
2024-07-06 21:00:00,590,Tiruvarur,0.5,-18.33
2024-07-06 23:00:00,590,Tiruvarur,2.0,-18.04
2024-07-07 00:00:00,590,Tiruvarur,2.0,-18.04
2024-07-07 01:00:00,590,Tiruvarur,1.0,-18.04
2024-07-07 02:00:00,590,Tiruvarur,9.5,-18.04
2024-07-07 03:00:00,590,Tiruvarur,34.0,-18.04
2024-07-07 04:00:00,590,Tiruvarur,20.0,-17.98
2024-07-07 05:00:00,590,Tiruvarur,1.5,-17.98
2024-07-07 06:00:00,590,Tiruvarur,3.0,-17.98
2024-07-07 07:00:00,590,Tiruvarur,9.5,-17.98
2024-07-07 08:00:00,590,Tiruvarur,4.5,-17.98
2024-07-07 09:00:00,590,Tiruvarur,4.5,-17.98
2024-07-07 10:00:00,590,Tiruvarur,6.5,-19.05
2024-07-07 11:00:00,590,Tiruvarur,2.0,-19.05
2024-07-07 12:00:00,590,Tiruvarur,3.0,-19.05
2024-07-07 13:00:00,590,Tiruvarur,4.5,-19.05
2024-07-07 14:00:00,590,Tiruvarur,3.5,-19.05
2024-07-07 15:00:00,590,Tiruvarur,7.5,-19.05
2024-07-07 16:00:00,590,Tiruvarur,3.0,-19.13
2024-07-07 17:00:00,590,Tiruvarur,2.5,-19.13
2024-07-07 18:00:00,590,Tiruvarur,4.0,-19.13
2024-07-07 19:00:00,590,Tiruvarur,3.0,-19.13
2024-07-07 20:00:00,590,Tiruvarur,4.0,-19.13
2024-07-07 21:00:00,590,Tiruvarur,1.5,-19.13
2024-07-07 22:00:00,590,Tiruvarur,5.0,-18.46
2024-07-07 23:00:00,590,Tiruvarur,3.0,-18.46
2024-07-08 00:00:00,590,Tiruvarur,2.5,-18.46
2024-07-08 01:00:00,590,Tiruvarur,2.0,-18.46
2024-07-08 02:00:00,590,Tiruvarur,2.5,-18.46
2024-07-08 03:00:00,590,Tiruvarur,1.0,-18.46
2024-07-08 04:00:00,590,Tiruvarur,1.5,-18.32
2024-07-08 05:00:00,590,Tiruvarur,3.0,-18.32
2024-07-08 06:00:00,590,Tiruvarur,2.0,-18.32
2024-07-08 07:00:00,590,Tiruvarur,1.5,-18.32
2024-07-08 08:00:00,590,Tiruvarur,3.0,-18.32
2024-07-08 09:00:00,590,Tiruvarur,4.0,-18.32
2024-07-08 10:00:00,590,Tiruvarur,2.5,-18.66
2024-07-08 11:00:00,590,Tiruvarur,4.5,-18.66
2024-07-08 12:00:00,590,Tiruvarur,3.5,-18.66
2024-07-08 13:00:00,590,Tiruvarur,5.0,-18.66
2024-07-08 14:00:00,590,Tiruvarur,3.0,-18.66
2024-07-08 15:00:00,590,Tiruvarur,0.5,-18.66
2024-07-08 16:00:00,590,Tiruvarur,2.0,-18.27
2024-07-08 20:00:00,590,Tiruvarur,0.5,-18.27
2024-07-09 01:00:00,590,Tiruvarur,0.5,-18.1
2024-07-09 02:00:00,590,Tiruvarur,0.5,-18.1
2024-07-09 04:00:00,590,Tiruvarur,0.5,-18.04
2024-07-09 05:00:00,590,Tiruvarur,1.0,-18.04
2024-07-09 08:00:00,590,Tiruvarur,0.5,-18.04
2024-07-09 09:00:00,590,Tiruvarur,1.5,-18.04
2024-07-09 10:00:00,590,Tiruvarur,1.0,-18.73
2024-07-09 11:00:00,590,Tiruvarur,1.5,-18.73
2024-07-09 12:00:00,590,Tiruvarur,1.0,-18.73
2024-07-09 13:00:00,590,Tiruvarur,0.5,-18.73
2024-07-09 14:00:00,590,Tiruvarur,1.0,-18.73
2024-07-09 15:00:00,590,Tiruvarur,1.0,-18.73
2024-07-09 16:00:00,590,Tiruvarur,1.5,-18.63
2024-07-09 20:00:00,590,Tiruvarur,1.0,-18.63
2024-07-09 21:00:00,590,Tiruvarur,0.5,-18.63
2024-07-09 22:00:00,590,Tiruvarur,1.0,-18.52
2024-07-09 23:00:00,590,Tiruvarur,0.5,-18.52
2024-07-10 00:00:00,590,Tiruvarur,0.5,-18.52
2024-07-10 01:00:00,590,Tiruvarur,0.5,-18.52
2024-07-10 02:00:00,590,Tiruvarur,0.5,-18.52
2024-07-10 03:00:00,590,Tiruvarur,1.0,-18.52
2024-07-10 04:00:00,590,Tiruvarur,0.5,-18.63
2024-07-10 05:00:00,590,Tiruvarur,0.5,-18.63
2024-07-10 06:00:00,590,Tiruvarur,1.5,-18.63
2024-07-10 09:00:00,590,Tiruvarur,1.0,-18.63
2024-07-10 10:00:00,590,Tiruvarur,1.0,-18.88
2024-07-10 12:00:00,590,Tiruvarur,0.5,-18.88
2024-07-10 13:00:00,590,Tiruvarur,1.0,-18.88
2024-07-10 14:00:00,590,Tiruvarur,1.5,-18.88
2024-07-10 15:00:00,590,Tiruvarur,48.5,-18.88
2024-07-10 22:00:00,590,Tiruvarur,5.5,-18.94
2024-07-12 21:00:00,590,Tiruvarur,0.5,-19.18
2024-07-12 22:00:00,590,Tiruvarur,0.5,-18.81
2024-07-12 23:00:00,590,Tiruvarur,0.5,-18.81
2024-08-05 00:00:00,590,Tiruvarur,4.5,-20.82
2024-08-05 01:00:00,590,Tiruvarur,9.0,-20.82
2024-08-05 03:00:00,590,Tiruvarur,1.75,-20.82
2024-08-05 04:00:00,590,Tiruvarur,15.5,-20.49
2024-08-05 05:00:00,590,Tiruvarur,0.5,-20.49
2024-08-05 06:00:00,590,Tiruvarur,0.5,-20.49
2024-08-06 17:00:00,590,Tiruvarur,0.5,-17.48
2024-08-06 18:00:00,590,Tiruvarur,0.5,-17.48
2024-08-06 20:00:00,590,Tiruvarur,0.5,-17.48
2024-08-06 21:00:00,590,Tiruvarur,2.0,-17.48
2024-08-06 22:00:00,590,Tiruvarur,2.25,-17.11
2024-08-06 23:00:00,590,Tiruvarur,1.5,-17.11
2024-08-07 01:00:00,590,Tiruvarur,0.5,-17.11
2024-08-07 22:00:00,590,Tiruvarur,1.0,-16.35
2024-08-07 23:00:00,590,Tiruvarur,18.5,-16.35
2024-08-08 00:00:00,590,Tiruvarur,1.0,-16.35
2024-08-08 01:00:00,590,Tiruvarur,0.5,-16.35
2024-08-08 20:00:00,590,Tiruvarur,0.5,-15.95
2024-08-08 21:00:00,590,Tiruvarur,3.5,-15.95
2024-08-08 22:00:00,590,Tiruvarur,4.0,-15.7
2024-08-09 00:00:00,590,Tiruvarur,0.5,-15.7
2024-08-09 02:00:00,590,Tiruvarur,0.5,-15.7
2024-08-09 03:00:00,590,Tiruvarur,0.5,-15.7
2024-08-10 04:00:00,590,Tiruvarur,6.0,-15.28
2024-08-10 12:00:00,590,Tiruvarur,0.5,-15.3
2024-08-15 07:00:00,590,Tiruvarur,0.5,-14.89
2024-08-15 12:00:00,590,Tiruvarur,2.0,-14.69
2024-08-16 23:00:00,590,Tiruvarur,4.5,-14.78
2024-08-17 00:00:00,590,Tiruvarur,0.5,-14.78
2024-08-17 01:00:00,590,Tiruvarur,0.5,-14.78
2024-08-17 02:00:00,590,Tiruvarur,1.0,-14.78
2024-08-17 15:00:00,590,Tiruvarur,0.5,-14.78
2024-08-19 23:00:00,590,Tiruvarur,0.5,-14.33
2024-08-20 03:00:00,590,Tiruvarur,3.5,-14.33
2024-08-20 05:00:00,590,Tiruvarur,1.0,-14.33
2024-08-20 07:00:00,590,Tiruvarur,0.5,-14.33
2024-08-20 11:00:00,590,Tiruvarur,0.75,-14.34
2024-08-29 22:00:00,590,Tiruvarur,0.5,-14.61
2024-08-29 23:00:00,590,Tiruvarur,18.0,-14.61
2024-08-30 01:00:00,590,Tiruvarur,0.5,-14.61
2024-08-30 02:00:00,590,Tiruvarur,0.5,-14.61
2024-08-30 03:00:00,590,Tiruvarur,0.5,-14.61
2024-08-30 07:00:00,590,Tiruvarur,0.5,-14.49
2024-08-31 19:00:00,590,Tiruvarur,7.5,-14.61
2024-08-31 20:00:00,590,Tiruvarur,7.0,-14.61
2024-09-03 19:00:00,590,Tiruvarur,0.5,-14.06
2024-09-03 20:00:00,590,Tiruvarur,0.5,-14.06
2024-09-09 17:00:00,590,Tiruvarur,2.5,-14.73
2024-09-11 18:00:00,590,Tiruvarur,18.0,-13.8
2024-09-11 19:00:00,590,Tiruvarur,2.0,-13.8
2024-09-11 20:00:00,590,Tiruvarur,4.75,-13.8
2024-09-11 21:00:00,590,Tiruvarur,1.5,-13.8
2024-09-11 22:00:00,590,Tiruvarur,0.5,-13.31
2024-09-15 14:00:00,590,Tiruvarur,0.5,-14.5
2024-09-23 23:00:00,590,Tiruvarur,0.5,-14.42
2024-09-29 08:00:00,590,Tiruvarur,0.5,-13.93
2024-09-29 11:00:00,590,Tiruvarur,0.5,-14.49
2024-09-30 08:00:00,590,Tiruvarur,1.5,-14.54
2024-09-30 09:00:00,590,Tiruvarur,2.0,-14.54
2024-09-30 10:00:00,590,Tiruvarur,5.0,-14.32
2024-10-04 18:00:00,590,Tiruvarur,6.0,-16.42
2024-10-04 19:00:00,590,Tiruvarur,0.5,-16.42
2024-10-04 22:00:00,590,Tiruvarur,0.5,-15.62
2024-10-05 01:00:00,590,Tiruvarur,0.5,-15.62
2024-10-05 02:00:00,590,Tiruvarur,0.5,-15.62
2024-10-05 03:00:00,590,Tiruvarur,1.6666666666666667,-15.62
2024-10-05 04:00:00,590,Tiruvarur,0.5,-15.33
2024-10-05 18:00:00,590,Tiruvarur,32.5,-15.65
2024-10-05 19:00:00,590,Tiruvarur,4.0,-15.65
2024-10-05 21:00:00,590,Tiruvarur,0.5,-15.65
2024-10-05 22:00:00,590,Tiruvarur,0.5,-14.86
2024-10-06 07:00:00,590,Tiruvarur,0.5,-14.71
2024-10-06 08:00:00,590,Tiruvarur,2.0,-14.71
2024-10-06 09:00:00,590,Tiruvarur,0.5,-14.71
2024-10-06 11:00:00,590,Tiruvarur,0.5,-14.95
2024-10-08 12:00:00,590,Tiruvarur,20.0,-13.41
2024-10-08 13:00:00,590,Tiruvarur,1.5,-13.41
2024-10-08 14:00:00,590,Tiruvarur,0.5,-13.41
2024-10-09 12:00:00,590,Tiruvarur,1.75,-13.32
2024-10-09 13:00:00,590,Tiruvarur,1.75,-13.32
2024-10-10 13:00:00,590,Tiruvarur,10.5,-13.02
2024-10-10 14:00:00,590,Tiruvarur,4.0,-13.02
2024-10-10 15:00:00,590,Tiruvarur,1.0,-13.02
2024-10-10 16:00:00,590,Tiruvarur,3.5,-12.87
2024-10-10 18:00:00,590,Tiruvarur,0.5,-12.87
2024-10-11 05:00:00,590,Tiruvarur,0.5,-12.6
2024-10-11 06:00:00,590,Tiruvarur,3.5,-12.6
2024-10-11 11:00:00,590,Tiruvarur,10.5,-12.66
2024-10-11 12:00:00,590,Tiruvarur,12.75,-12.66
2024-10-11 13:00:00,590,Tiruvarur,1.25,-12.66
2024-10-11 18:00:00,590,Tiruvarur,0.5,-13.37
2024-10-12 18:00:00,590,Tiruvarur,9.0,-13.19
2024-10-12 19:00:00,590,Tiruvarur,0.5,-13.19
2024-10-12 20:00:00,590,Tiruvarur,1.0,-13.19
2024-10-12 21:00:00,590,Tiruvarur,1.5,-13.19
2024-10-12 23:00:00,590,Tiruvarur,6.25,-12.58
2024-10-13 00:00:00,590,Tiruvarur,5.5,-12.58
2024-10-13 01:00:00,590,Tiruvarur,0.5,-12.58
2024-10-13 03:00:00,590,Tiruvarur,1.5,-12.58
2024-10-13 04:00:00,590,Tiruvarur,1.25,-12.48
2024-10-13 05:00:00,590,Tiruvarur,2.0,-12.48
2024-10-13 07:00:00,590,Tiruvarur,0.5,-12.48
2024-10-13 10:00:00,590,Tiruvarur,0.5,-13.07
2024-10-13 15:00:00,590,Tiruvarur,3.5,-13.07
2024-10-13 20:00:00,590,Tiruvarur,0.5,-13.35
2024-10-14 03:00:00,590,Tiruvarur,0.5,-13.06
2024-10-14 04:00:00,590,Tiruvarur,2.0,-13.14
2024-10-14 05:00:00,590,Tiruvarur,2.0,-13.14
2024-10-14 07:00:00,590,Tiruvarur,0.5,-13.14
2024-10-14 08:00:00,590,Tiruvarur,0.5,-13.14
2024-10-14 09:00:00,590,Tiruvarur,0.5,-13.14
2024-10-14 11:00:00,590,Tiruvarur,0.5,-12.27
2024-10-14 12:00:00,590,Tiruvarur,0.5,-12.27
2024-10-14 13:00:00,590,Tiruvarur,1.3333333333333333,-12.27
2024-10-14 14:00:00,590,Tiruvarur,1.0,-12.27
2024-10-14 15:00:00,590,Tiruvarur,1.0,-12.27
2024-10-14 16:00:00,590,Tiruvarur,0.5,-11.98
2024-10-14 18:00:00,590,Tiruvarur,0.5,-11.98
2024-10-14 19:00:00,590,Tiruvarur,0.5,-11.98
2024-10-14 20:00:00,590,Tiruvarur,0.6666666666666666,-11.98
2024-10-14 21:00:00,590,Tiruvarur,0.8333333333333334,-11.98
2024-10-14 22:00:00,590,Tiruvarur,0.5,-11.84
2024-10-15 01:00:00,590,Tiruvarur,0.5,-11.84
2024-10-15 02:00:00,590,Tiruvarur,2.0,-11.84
2024-10-15 03:00:00,590,Tiruvarur,1.0,-11.84
2024-10-15 05:00:00,590,Tiruvarur,0.5,-11.72
2024-10-15 11:00:00,590,Tiruvarur,0.5,-11.73
2024-10-17 00:00:00,590,Tiruvarur,5.0,-11.66
2024-10-17 01:00:00,590,Tiruvarur,0.75,-11.66
2024-10-17 04:00:00,590,Tiruvarur,0.5,-11.58
2024-10-18 16:00:00,590,Tiruvarur,17.5,-12.59
2024-10-18 17:00:00,590,Tiruvarur,24.5,-12.59
2024-10-18 18:00:00,590,Tiruvarur,1.25,-12.59
2024-10-19 05:00:00,590,Tiruvarur,1.0,-11.92
2024-10-20 06:00:00,590,Tiruvarur,0.5,-11.92
2024-10-21 12:00:00,590,Tiruvarur,1.5,-13.65
2024-10-21 15:00:00,590,Tiruvarur,0.5,-13.65
2024-10-22 15:00:00,590,Tiruvarur,1.5,-12.42
2024-10-22 16:00:00,590,Tiruvarur,2.5,-12.09
2024-10-25 00:00:00,590,Tiruvarur,18.5,-11.52
2024-10-25 01:00:00,590,Tiruvarur,21.83333333333333,-11.52
2024-10-25 02:00:00,590,Tiruvarur,3.8333333333333335,-11.52
2024-10-25 03:00:00,590,Tiruvarur,2.5,-11.52
2024-10-25 04:00:00,590,Tiruvarur,0.5,-11.28
2024-10-25 05:00:00,590,Tiruvarur,0.5,-11.28
2024-10-25 06:00:00,590,Tiruvarur,0.5,-11.28
2024-10-30 14:00:00,590,Tiruvarur,0.5,-11.02
2024-10-31 14:00:00,590,Tiruvarur,8.5,-10.68
2024-10-31 15:00:00,590,Tiruvarur,1.5,-10.68
2024-11-01 11:00:00,590,Tiruvarur,0.5,-10.24
2024-11-01 16:00:00,590,Tiruvarur,0.5,-10.61
2024-11-02 02:00:00,590,Tiruvarur,0.5,-10.54
2024-11-04 00:00:00,590,Tiruvarur,1.5,-10.3
2024-11-04 04:00:00,590,Tiruvarur,1.0,-10.17
2024-11-04 05:00:00,590,Tiruvarur,0.5,-10.17
2024-11-04 12:00:00,590,Tiruvarur,5.5,-10.17
2024-11-04 14:00:00,590,Tiruvarur,3.0,-10.17
2024-11-05 13:00:00,590,Tiruvarur,1.5,-9.98
2024-11-05 14:00:00,590,Tiruvarur,0.5,-9.98
2024-11-07 07:00:00,590,Tiruvarur,1.25,-9.67
2024-11-07 21:00:00,590,Tiruvarur,3.25,-9.63
2024-11-07 22:00:00,590,Tiruvarur,0.5,-9.57
2024-11-08 00:00:00,590,Tiruvarur,4.75,-9.57
2024-11-08 01:00:00,590,Tiruvarur,0.5,-9.57
2024-11-08 02:00:00,590,Tiruvarur,0.5,-9.57
2024-11-08 03:00:00,590,Tiruvarur,0.5,-9.57
2024-11-08 04:00:00,590,Tiruvarur,0.5,-9.57
2024-11-08 05:00:00,590,Tiruvarur,1.5,-9.57
2024-11-08 06:00:00,590,Tiruvarur,0.5,-9.57
2024-11-08 07:00:00,590,Tiruvarur,19.0,-9.57
2024-11-08 08:00:00,590,Tiruvarur,1.5,-9.57
2024-11-08 09:00:00,590,Tiruvarur,11.25,-9.57
2024-11-08 10:00:00,590,Tiruvarur,0.5,-9.57
2024-11-12 18:00:00,590,Tiruvarur,0.5,-9.97
2024-11-13 06:00:00,590,Tiruvarur,1.6666666666666667,-9.49
2024-11-13 07:00:00,590,Tiruvarur,0.5,-9.49
2024-11-13 15:00:00,590,Tiruvarur,0.5,-9.41
2024-11-13 17:00:00,590,Tiruvarur,0.5,-9.41
2024-11-14 07:00:00,590,Tiruvarur,1.5,-9.11
2024-11-14 08:00:00,590,Tiruvarur,0.5,-9.11
2024-11-14 09:00:00,590,Tiruvarur,0.5,-9.11
2024-11-14 18:00:00,590,Tiruvarur,0.5,-9.25
2024-11-15 04:00:00,590,Tiruvarur,9.5,-9.07
2024-11-15 05:00:00,590,Tiruvarur,5.5,-9.07
2024-11-15 06:00:00,590,Tiruvarur,3.0,-9.07
2024-11-15 12:00:00,590,Tiruvarur,5.25,-9.12
2024-11-15 13:00:00,590,Tiruvarur,8.0,-9.12
2024-11-15 16:00:00,590,Tiruvarur,1.0,-8.98
2024-11-15 17:00:00,590,Tiruvarur,1.25,-8.98
2024-11-15 18:00:00,590,Tiruvarur,0.75,-8.98
2024-11-15 19:00:00,590,Tiruvarur,0.5,-8.98
2024-11-15 20:00:00,590,Tiruvarur,0.5,-8.98
2024-11-15 21:00:00,590,Tiruvarur,2.0,-8.98
2024-11-15 22:00:00,590,Tiruvarur,1.0,-8.88
2024-11-15 23:00:00,590,Tiruvarur,1.5,-8.88
2024-11-16 02:00:00,590,Tiruvarur,1.5,-8.88
2024-11-16 04:00:00,590,Tiruvarur,6.5,-8.81
2024-11-16 05:00:00,590,Tiruvarur,1.0,-8.81
2024-11-16 06:00:00,590,Tiruvarur,15.5,-8.81
2024-11-16 10:00:00,590,Tiruvarur,1.0,-8.81
2024-11-16 11:00:00,590,Tiruvarur,7.5,-8.81
2024-11-16 12:00:00,590,Tiruvarur,0.5,-8.81
2024-11-16 13:00:00,590,Tiruvarur,0.5,-8.81
2024-11-16 14:00:00,590,Tiruvarur,1.0,-8.81
2024-11-17 10:00:00,590,Tiruvarur,0.5,-8.69
2024-11-17 11:00:00,590,Tiruvarur,2.5,-8.69
2024-11-17 13:00:00,590,Tiruvarur,1.0,-8.69
2024-11-17 14:00:00,590,Tiruvarur,23.83333333333333,-8.69
2024-11-17 15:00:00,590,Tiruvarur,20.0,-8.69
2024-11-17 16:00:00,590,Tiruvarur,3.75,-8.54
2024-11-17 17:00:00,590,Tiruvarur,0.5,-8.54
2024-11-18 02:00:00,590,Tiruvarur,3.25,-8.45
2024-11-18 03:00:00,590,Tiruvarur,6.75,-8.45
2024-11-18 04:00:00,590,Tiruvarur,7.0,-8.39
2024-11-18 05:00:00,590,Tiruvarur,6.5,-8.39
2024-11-18 06:00:00,590,Tiruvarur,3.1666666666666665,-8.39
2024-11-18 07:00:00,590,Tiruvarur,5.5,-8.39
2024-11-18 12:00:00,590,Tiruvarur,13.5,-8.32
2024-11-18 13:00:00,590,Tiruvarur,1.5,-8.32
2024-11-18 15:00:00,590,Tiruvarur,1.5,-8.32
2024-11-18 16:00:00,590,Tiruvarur,9.0,-8.24
2024-11-18 17:00:00,590,Tiruvarur,5.833333333333333,-8.24
2024-11-18 18:00:00,590,Tiruvarur,0.5,-8.24
2024-11-18 19:00:00,590,Tiruvarur,13.75,-8.24
2024-11-18 20:00:00,590,Tiruvarur,13.5,-8.24
2024-11-19 04:00:00,590,Tiruvarur,4.5,-8.09
2024-11-19 05:00:00,590,Tiruvarur,0.75,-8.09
2024-11-19 06:00:00,590,Tiruvarur,4.0,-8.09
2024-11-19 07:00:00,590,Tiruvarur,6.333333333333333,-8.09
2024-11-19 08:00:00,590,Tiruvarur,1.1666666666666667,-8.09
2024-11-19 23:00:00,590,Tiruvarur,0.5,-7.98
2024-11-20 00:00:00,590,Tiruvarur,0.5,-7.98
2024-11-20 02:00:00,590,Tiruvarur,0.5,-7.98
2024-11-20 03:00:00,590,Tiruvarur,17.75,-7.98
2024-11-20 04:00:00,590,Tiruvarur,16.75,-7.96
2024-11-20 05:00:00,590,Tiruvarur,4.75,-7.96
2024-11-20 06:00:00,590,Tiruvarur,11.25,-7.96
2024-11-20 07:00:00,590,Tiruvarur,5.0,-7.96
2024-11-20 08:00:00,590,Tiruvarur,10.5,-7.96
2024-11-20 09:00:00,590,Tiruvarur,4.333333333333333,-7.96
2024-11-20 10:00:00,590,Tiruvarur,2.5,-7.96
2024-11-20 11:00:00,590,Tiruvarur,2.833333333333333,-7.96
2024-11-20 12:00:00,590,Tiruvarur,7.833333333333333,-7.96
2024-11-20 13:00:00,590,Tiruvarur,11.166666666666666,-7.96
2024-11-20 14:00:00,590,Tiruvarur,8.333333333333334,-7.96
2024-11-20 15:00:00,590,Tiruvarur,2.1666666666666665,-7.96
2024-11-20 16:00:00,590,Tiruvarur,1.0,-7.88
2024-11-20 18:00:00,590,Tiruvarur,0.5,-7.88
2024-11-21 01:00:00,590,Tiruvarur,0.5,-7.76
2024-11-21 02:00:00,590,Tiruvarur,1.0,-7.76
2024-11-21 05:00:00,590,Tiruvarur,0.75,-7.7
2024-11-21 06:00:00,590,Tiruvarur,1.5,-7.7
2024-11-21 07:00:00,590,Tiruvarur,0.5,-7.7
2024-11-23 17:00:00,590,Tiruvarur,1.75,-7.63
2024-11-23 22:00:00,590,Tiruvarur,2.25,-7.58
2024-11-23 23:00:00,590,Tiruvarur,0.5,-7.58
2024-11-24 04:00:00,590,Tiruvarur,0.5,-7.55
2024-11-24 12:00:00,590,Tiruvarur,0.5,-7.68
2024-11-25 21:00:00,590,Tiruvarur,0.5,-7.66
2024-11-26 05:00:00,590,Tiruvarur,3.1666666666666665,-7.46
2024-11-26 06:00:00,590,Tiruvarur,2.1666666666666665,-7.46
2024-11-26 07:00:00,590,Tiruvarur,1.5,-7.46
2024-11-26 08:00:00,590,Tiruvarur,4.5,-7.46
2024-11-26 09:00:00,590,Tiruvarur,2.5,-7.46
2024-11-26 10:00:00,590,Tiruvarur,6.666666666666667,-7.45
2024-11-26 11:00:00,590,Tiruvarur,2.5,-7.45
2024-11-26 12:00:00,590,Tiruvarur,1.0,-7.45
2024-11-26 13:00:00,590,Tiruvarur,2.1666666666666665,-7.45
2024-11-26 14:00:00,590,Tiruvarur,6.833333333333333,-7.45
2024-11-26 15:00:00,590,Tiruvarur,8.333333333333334,-7.45
2024-11-26 16:00:00,590,Tiruvarur,23.0,-7.33
2024-11-26 17:00:00,590,Tiruvarur,5.0,-7.33
2024-11-26 18:00:00,590,Tiruvarur,2.5,-7.33
2024-11-26 19:00:00,590,Tiruvarur,1.75,-7.33
2024-11-26 20:00:00,590,Tiruvarur,1.5,-7.33
2024-11-26 21:00:00,590,Tiruvarur,5.5,-7.33
2024-11-26 22:00:00,590,Tiruvarur,7.5,-7.25
2024-11-26 23:00:00,590,Tiruvarur,3.0,-7.25
2024-11-27 00:00:00,590,Tiruvarur,4.5,-7.25
2024-11-27 01:00:00,590,Tiruvarur,1.5,-7.25
2024-11-27 02:00:00,590,Tiruvarur,1.5,-7.25
2024-11-27 04:00:00,590,Tiruvarur,0.5,-7.19
2024-11-27 05:00:00,590,Tiruvarur,1.5,-7.19
2024-11-27 06:00:00,590,Tiruvarur,0.5,-7.19
2024-11-27 07:00:00,590,Tiruvarur,2.5,-7.19
2024-11-27 08:00:00,590,Tiruvarur,3.0,-7.19
2024-11-27 09:00:00,590,Tiruvarur,5.5,-7.19
2024-11-27 10:00:00,590,Tiruvarur,10.333333333333334,-7.11
2024-11-27 11:00:00,590,Tiruvarur,3.8333333333333335,-7.11
2024-11-27 12:00:00,590,Tiruvarur,3.8333333333333335,-7.11
2024-11-27 13:00:00,590,Tiruvarur,1.5,-7.11
2024-11-27 14:00:00,590,Tiruvarur,1.8333333333333333,-7.11
2024-11-27 15:00:00,590,Tiruvarur,2.0,-7.11
2024-11-27 16:00:00,590,Tiruvarur,1.0,-7.07
2024-11-27 17:00:00,590,Tiruvarur,0.5,-7.07
2024-11-27 18:00:00,590,Tiruvarur,0.5,-7.07
2024-11-28 09:00:00,590,Tiruvarur,0.5,-6.95
2024-11-28 10:00:00,590,Tiruvarur,0.5,-6.95
2024-11-28 13:00:00,590,Tiruvarur,0.6666666666666666,-6.95
2024-11-28 14:00:00,590,Tiruvarur,0.5,-6.95
2024-11-28 15:00:00,590,Tiruvarur,0.6666666666666666,-6.95
2024-11-28 16:00:00,590,Tiruvarur,0.5,-6.94
2024-11-28 17:00:00,590,Tiruvarur,0.5,-6.94
2024-11-29 00:00:00,590,Tiruvarur,0.5,-6.86
2024-11-29 05:00:00,590,Tiruvarur,0.5,-6.83
2024-12-01 01:00:00,590,Tiruvarur,0.5,-6.75
2024-12-01 14:00:00,590,Tiruvarur,1.0,-6.84
2024-12-01 15:00:00,590,Tiruvarur,1.5,-6.84
2024-12-01 16:00:00,590,Tiruvarur,1.0,-6.81
2024-12-01 17:00:00,590,Tiruvarur,2.0,-6.81
2024-12-01 21:00:00,590,Tiruvarur,1.0,-6.81
2024-12-01 22:00:00,590,Tiruvarur,2.0,-6.75
2024-12-01 23:00:00,590,Tiruvarur,2.0,-6.75
2024-12-02 00:00:00,590,Tiruvarur,1.6666666666666667,-6.75
2024-12-03 12:00:00,590,Tiruvarur,0.5,-7.22
2024-12-03 13:00:00,590,Tiruvarur,0.5,-7.22
2024-12-04 16:00:00,590,Tiruvarur,3.5,-7.49
2024-12-11 04:00:00,590,Tiruvarur,2.0,-7.21
2024-12-11 07:00:00,590,Tiruvarur,1.6666666666666667,-7.21
2024-12-11 08:00:00,590,Tiruvarur,2.833333333333333,-7.21
2024-12-11 09:00:00,590,Tiruvarur,1.5,-7.21
2024-12-11 10:00:00,590,Tiruvarur,3.1666666666666665,-7.1
2024-12-11 11:00:00,590,Tiruvarur,1.6666666666666667,-7.1
2024-12-11 12:00:00,590,Tiruvarur,2.5,-7.1
2024-12-11 13:00:00,590,Tiruvarur,1.5,-7.1
2024-12-11 14:00:00,590,Tiruvarur,1.6666666666666667,-7.1
2024-12-11 15:00:00,590,Tiruvarur,1.0,-7.1
2024-12-11 16:00:00,590,Tiruvarur,1.5,-7.04
2024-12-11 17:00:00,590,Tiruvarur,1.25,-7.04
2024-12-11 20:00:00,590,Tiruvarur,0.5,-7.04
2024-12-11 21:00:00,590,Tiruvarur,0.5,-7.04
2024-12-11 22:00:00,590,Tiruvarur,1.1666666666666667,-6.93
2024-12-11 23:00:00,590,Tiruvarur,0.6666666666666666,-6.93
2024-12-12 00:00:00,590,Tiruvarur,0.5,-6.93
2024-12-12 01:00:00,590,Tiruvarur,2.333333333333333,-6.93
2024-12-12 02:00:00,590,Tiruvarur,11.333333333333334,-6.93
2024-12-12 03:00:00,590,Tiruvarur,8.333333333333334,-6.93
2024-12-12 04:00:00,590,Tiruvarur,18.5,-6.87
2024-12-12 05:00:00,590,Tiruvarur,10.833333333333334,-6.87
2024-12-12 06:00:00,590,Tiruvarur,4.833333333333333,-6.87
2024-12-12 07:00:00,590,Tiruvarur,2.6666666666666665,-6.87
2024-12-12 08:00:00,590,Tiruvarur,1.5,-6.87
2024-12-12 09:00:00,590,Tiruvarur,1.0,-6.87
2024-12-12 10:00:00,590,Tiruvarur,2.0,-6.81
2024-12-12 11:00:00,590,Tiruvarur,1.3333333333333333,-6.81
2024-12-12 12:00:00,590,Tiruvarur,4.0,-6.81
2024-12-12 13:00:00,590,Tiruvarur,1.0,-6.81
2024-12-12 14:00:00,590,Tiruvarur,1.0,-6.81
2024-12-12 16:00:00,590,Tiruvarur,1.0,-6.75
2024-12-12 19:00:00,590,Tiruvarur,0.5,-6.75
2024-12-12 20:00:00,590,Tiruvarur,0.5,-6.75
2024-12-12 22:00:00,590,Tiruvarur,1.1666666666666667,-6.64
2024-12-12 23:00:00,590,Tiruvarur,0.75,-6.64
2024-12-13 00:00:00,590,Tiruvarur,2.25,-6.64
2024-12-13 01:00:00,590,Tiruvarur,0.5,-6.64
2024-12-13 03:00:00,590,Tiruvarur,0.75,-6.64
2024-12-13 04:00:00,590,Tiruvarur,16.0,-6.55
2024-12-13 05:00:00,590,Tiruvarur,22.0,-6.55
2024-12-13 06:00:00,590,Tiruvarur,12.5,-6.55
2024-12-13 07:00:00,590,Tiruvarur,1.1666666666666667,-6.55
2024-12-13 08:00:00,590,Tiruvarur,7.833333333333333,-6.55
2024-12-13 09:00:00,590,Tiruvarur,1.0,-6.55
2024-12-13 11:00:00,590,Tiruvarur,6.5,-6.5
2024-12-13 12:00:00,590,Tiruvarur,13.0,-6.5
2024-12-13 13:00:00,590,Tiruvarur,2.5,-6.5
2024-12-13 15:00:00,590,Tiruvarur,6.5,-6.5
2024-12-13 17:00:00,590,Tiruvarur,1.5,-6.45
2024-12-13 18:00:00,590,Tiruvarur,1.3333333333333333,-6.45
2024-12-13 19:00:00,590,Tiruvarur,12.0,-6.45
2024-12-13 20:00:00,590,Tiruvarur,7.0,-6.45
2024-12-13 21:00:00,590,Tiruvarur,8.0,-6.45
2024-12-13 22:00:00,590,Tiruvarur,3.333333333333333,-6.33
2024-12-13 23:00:00,590,Tiruvarur,9.833333333333334,-6.33
2024-12-14 01:00:00,590,Tiruvarur,10.0,-6.33
2024-12-14 02:00:00,590,Tiruvarur,1.0,-6.33
2024-12-14 03:00:00,590,Tiruvarur,1.5,-6.33
2024-12-14 04:00:00,590,Tiruvarur,2.0,-6.25
2024-12-14 05:00:00,590,Tiruvarur,5.5,-6.25
2024-12-14 06:00:00,590,Tiruvarur,15.25,-6.25
2024-12-14 07:00:00,590,Tiruvarur,1.25,-6.25
2024-12-14 09:00:00,590,Tiruvarur,0.5,-6.25
2024-12-20 01:00:00,590,Tiruvarur,0.5,-5.89
2024-12-20 02:00:00,590,Tiruvarur,2.0,-5.89
2024-12-20 03:00:00,590,Tiruvarur,5.0,-5.89
2024-12-20 04:00:00,590,Tiruvarur,6.833333333333333,-5.88
2024-12-20 05:00:00,590,Tiruvarur,7.0,-5.88
2024-12-20 06:00:00,590,Tiruvarur,17.0,-5.88
2024-12-20 07:00:00,590,Tiruvarur,3.25,-5.88
2024-12-27 07:00:00,590,Tiruvarur,0.5,-6.07
2024-12-27 14:00:00,590,Tiruvarur,2.0,-6.15
2024-12-27 15:00:00,590,Tiruvarur,0.5,-6.15
2024-12-28 07:00:00,590,Tiruvarur,0.5,-6.19
2024-12-29 16:00:00,590,Tiruvarur,0.5,-6.52
2024-12-29 19:00:00,590,Tiruvarur,0.5,-6.52
2024-12-29 21:00:00,590,Tiruvarur,1.25,-6.52
2024-12-29 22:00:00,590,Tiruvarur,2.75,-6.41
2024-12-29 23:00:00,590,Tiruvarur,6.0,-6.41
2024-12-30 00:00:00,590,Tiruvarur,1.75,-6.41
2024-12-30 01:00:00,590,Tiruvarur,1.1666666666666667,-6.41
2024-12-30 02:00:00,590,Tiruvarur,0.5,-6.41
2024-12-30 03:00:00,590,Tiruvarur,1.75,-6.41
2024-12-30 04:00:00,590,Tiruvarur,0.5,-6.37
2024-12-30 05:00:00,590,Tiruvarur,4.0,-6.37
2024-12-30 11:00:00,590,Tiruvarur,0.5,-6.34
2024-12-30 13:00:00,590,Tiruvarur,0.5,-6.34
2024-12-31 02:00:00,590,Tiruvarur,0.5,-6.34
2024-12-31 11:00:00,590,Tiruvarur,1.75,-6.3
2025-01-05 09:00:00,590,Tiruvarur,1.5,-6.31
2025-01-06 18:00:00,590,Tiruvarur,1.0,-7.76
2025-01-07 04:00:00,590,Tiruvarur,0.5,-7.76
2025-01-08 10:00:00,590,Tiruvarur,3.0,-6.93
2025-01-11 19:00:00,590,Tiruvarur,0.5,-6.54
2025-01-13 02:00:00,590,Tiruvarur,3.0,-6.43
2025-01-13 03:00:00,590,Tiruvarur,1.5,-6.43
2025-01-13 04:00:00,590,Tiruvarur,1.25,-6.42
2025-01-13 12:00:00,590,Tiruvarur,0.5,-6.46
2025-01-13 14:00:00,590,Tiruvarur,1.0,-6.46
2025-01-13 15:00:00,590,Tiruvarur,1.5,-6.46
2025-01-13 17:00:00,590,Tiruvarur,1.0,-6.55
2025-01-13 18:00:00,590,Tiruvarur,0.5,-6.55
2025-01-14 11:00:00,590,Tiruvarur,1.5,-6.46
2025-01-14 12:00:00,590,Tiruvarur,2.5,-6.46
2025-01-14 13:00:00,590,Tiruvarur,3.5,-6.46
2025-01-14 14:00:00,590,Tiruvarur,0.5,-6.46
2025-01-14 17:00:00,590,Tiruvarur,0.5,-6.48
2025-01-14 19:00:00,590,Tiruvarur,0.5,-6.48
2025-01-14 20:00:00,590,Tiruvarur,0.5,-6.48
2025-01-14 21:00:00,590,Tiruvarur,0.5,-6.48
2025-01-14 22:00:00,590,Tiruvarur,0.5,-6.56
2025-01-14 23:00:00,590,Tiruvarur,1.0,-6.56
2025-01-15 03:00:00,590,Tiruvarur,1.0,-6.56
2025-01-15 05:00:00,590,Tiruvarur,1.0,-6.6
2025-01-15 06:00:00,590,Tiruvarur,3.0,-6.6
2025-01-18 14:00:00,590,Tiruvarur,3.0,-6.57
2025-01-18 19:00:00,590,Tiruvarur,0.5,-6.47
2025-01-18 21:00:00,590,Tiruvarur,0.5,-6.47
2025-01-18 22:00:00,590,Tiruvarur,0.5,-6.34
2025-01-18 23:00:00,590,Tiruvarur,1.5,-6.34
2025-01-19 00:00:00,590,Tiruvarur,0.5,-6.34
2025-01-19 01:00:00,590,Tiruvarur,3.0,-6.34
2025-01-19 02:00:00,590,Tiruvarur,10.25,-6.34
2025-01-19 03:00:00,590,Tiruvarur,5.0,-6.34
2025-01-19 04:00:00,590,Tiruvarur,1.25,-6.32
2025-01-19 05:00:00,590,Tiruvarur,0.5,-6.32
2025-01-19 07:00:00,590,Tiruvarur,0.5,-6.32
2025-01-19 08:00:00,590,Tiruvarur,1.0,-6.32
2025-01-19 09:00:00,590,Tiruvarur,0.5,-6.32
2025-01-19 10:00:00,590,Tiruvarur,0.5,-6.32
2025-01-19 12:00:00,590,Tiruvarur,0.5,-6.32
2025-01-19 13:00:00,590,Tiruvarur,0.5,-6.32
2025-01-19 15:00:00,590,Tiruvarur,0.5,-6.32
2025-01-19 17:00:00,590,Tiruvarur,0.5,-6.24
2025-01-19 19:00:00,590,Tiruvarur,0.5,-6.24
2025-01-19 22:00:00,590,Tiruvarur,0.5,-6.19
2025-01-20 01:00:00,590,Tiruvarur,0.5,-6.19
2025-01-20 04:00:00,590,Tiruvarur,0.5,-6.12
2025-01-20 07:00:00,590,Tiruvarur,4.25,-6.12
2025-01-20 09:00:00,590,Tiruvarur,0.5,-6.12
2025-01-20 10:00:00,590,Tiruvarur,0.5,-6.09
2025-01-20 13:00:00,590,Tiruvarur,0.5,-6.09
2025-01-20 17:00:00,590,Tiruvarur,0.5,-6.03
2025-01-20 23:00:00,590,Tiruvarur,0.5,-6.0
2025-01-22 14:00:00,590,Tiruvarur,0.5,-5.9
2025-01-23 00:00:00,590,Tiruvarur,0.5,-5.87
2025-01-23 23:00:00,590,Tiruvarur,1.5,-5.82
2025-01-24 13:00:00,590,Tiruvarur,0.5,-5.84
2025-01-26 14:00:00,590,Tiruvarur,0.5,-6.14
2025-01-28 10:00:00,590,Tiruvarur,0.5,-6.32
2025-01-29 11:00:00,590,Tiruvarur,1.5,-6.8
2025-01-29 13:00:00,590,Tiruvarur,0.5,-6.8
2025-02-10 07:00:00,590,Tiruvarur,0.5,-11.525
2025-02-10 09:00:00,590,Tiruvarur,140.0,-11.525
2025-02-10 10:00:00,590,Tiruvarur,31.5,-11.525
2025-02-10 11:00:00,590,Tiruvarur,80.5,-11.525
2025-02-10 12:00:00,590,Tiruvarur,844.0,-11.525
2025-02-10 13:00:00,590,Tiruvarur,287.5,-11.525
2025-02-10 14:00:00,590,Tiruvarur,258.5,-11.525
2025-02-10 15:00:00,590,Tiruvarur,592.5,-11.525
2025-02-10 17:00:00,590,Tiruvarur,2.0,-11.525
2025-02-11 07:00:00,590,Tiruvarur,12.5,-11.525
2025-02-12 05:00:00,590,Tiruvarur,2.0,-11.525
2025-02-12 06:00:00,590,Tiruvarur,1.5,-11.525
2025-02-12 10:00:00,590,Tiruvarur,1.0,-11.525
2025-02-12 23:00:00,590,Tiruvarur,0.5,-11.525
2025-02-13 00:00:00,590,Tiruvarur,0.5,-11.525
2025-02-13 03:00:00,590,Tiruvarur,0.5,-11.525
2025-02-13 05:00:00,590,Tiruvarur,3.5,-11.472
2025-02-13 07:00:00,590,Tiruvarur,4.5,-11.472
2025-02-13 08:00:00,590,Tiruvarur,2.5,-11.472
2025-02-13 10:00:00,590,Tiruvarur,1.0,-11.47
2025-02-13 11:00:00,590,Tiruvarur,1.0,-11.47
2025-02-13 18:00:00,590,Tiruvarur,1.5,-11.478
2025-02-16 13:00:00,590,Tiruvarur,0.5,-11.467
2025-02-18 14:00:00,590,Tiruvarur,0.5,-11.472
2025-02-21 17:00:00,590,Tiruvarur,0.5,-8.715499999999999
2025-02-22 09:00:00,590,Tiruvarur,0.5,-8.7095
2025-02-22 18:00:00,590,Tiruvarur,5.5,-8.692
2025-02-22 19:00:00,590,Tiruvarur,8.5,-8.692
2025-02-22 21:00:00,590,Tiruvarur,1.5,-8.692
2025-02-22 22:00:00,590,Tiruvarur,1.0,-8.7225
2025-02-23 10:00:00,590,Tiruvarur,0.5,-8.708499999999999
2025-02-23 12:00:00,590,Tiruvarur,0.5,-8.708499999999999
2025-02-23 14:00:00,590,Tiruvarur,0.5,-8.708499999999999
2025-02-23 16:00:00,590,Tiruvarur,0.5,-8.6955
2025-02-23 18:00:00,590,Tiruvarur,1.5,-8.6955
2025-02-24 03:00:00,590,Tiruvarur,0.5,-8.663
2025-02-24 18:00:00,590,Tiruvarur,1.0,-9.6305
2025-02-24 19:00:00,590,Tiruvarur,0.5,-9.6305
2025-02-27 13:00:00,590,Tiruvarur,0.5,-9.4815
2025-02-27 14:00:00,590,Tiruvarur,1.5,-9.4815
2025-02-27 15:00:00,590,Tiruvarur,1.0,-9.4815
2025-02-27 23:00:00,590,Tiruvarur,15.0,-7.48
2025-02-28 00:00:00,590,Tiruvarur,1.0,-7.48
2025-02-28 01:00:00,590,Tiruvarur,0.5,-7.48
2025-02-28 02:00:00,590,Tiruvarur,0.5,-7.48
2025-02-28 03:00:00,590,Tiruvarur,0.5,-7.48
2025-02-28 06:00:00,590,Tiruvarur,0.5,-7.36
2025-02-28 09:00:00,590,Tiruvarur,0.5,-7.36
2025-02-28 10:00:00,590,Tiruvarur,1.6666666666666667,-7.41
2025-02-28 11:00:00,590,Tiruvarur,0.5,-7.41
2025-02-28 16:00:00,590,Tiruvarur,0.5,-7.26
2025-02-28 17:00:00,590,Tiruvarur,9.0,-7.26
2025-02-28 21:00:00,590,Tiruvarur,2.5,-7.26
2025-02-28 22:00:00,590,Tiruvarur,0.5,-7.13
2025-03-01 06:00:00,590,Tiruvarur,0.5,-7.03
2025-03-01 08:00:00,590,Tiruvarur,3.5,-7.03
2025-03-01 09:00:00,590,Tiruvarur,4.0,-7.03
2025-03-01 10:00:00,590,Tiruvarur,0.5,-7.04
2025-03-01 14:00:00,590,Tiruvarur,0.5,-7.04
2025-03-01 17:00:00,590,Tiruvarur,0.5,-7.01
2025-03-01 20:00:00,590,Tiruvarur,0.5,-7.01
2025-03-02 01:00:00,590,Tiruvarur,0.5,-6.93
2025-03-02 06:00:00,590,Tiruvarur,0.5,-6.92
2025-03-02 10:00:00,590,Tiruvarur,0.5,-6.97
2025-03-02 13:00:00,590,Tiruvarur,0.5,-6.97
2025-03-02 15:00:00,590,Tiruvarur,0.5,-6.97
2025-03-02 20:00:00,590,Tiruvarur,0.5,-6.93
2025-03-03 00:00:00,590,Tiruvarur,0.5,-7.1
2025-03-03 04:00:00,590,Tiruvarur,0.5,-7.12
2025-03-03 07:00:00,590,Tiruvarur,0.5,-7.12
2025-03-03 08:00:00,590,Tiruvarur,0.5,-7.12
2025-03-03 09:00:00,590,Tiruvarur,1.0,-7.12
2025-03-03 10:00:00,590,Tiruvarur,1.25,-7.35
2025-03-03 11:00:00,590,Tiruvarur,0.5,-7.35
2025-03-03 12:00:00,590,Tiruvarur,0.5,-7.35
2025-03-03 13:00:00,590,Tiruvarur,1.0,-7.35
2025-03-03 14:00:00,590,Tiruvarur,0.5,-7.35
2025-03-03 16:00:00,590,Tiruvarur,0.5,-7.42
2025-03-03 17:00:00,590,Tiruvarur,0.5,-7.42
2025-03-03 19:00:00,590,Tiruvarur,0.5,-7.42
2025-03-03 22:00:00,590,Tiruvarur,0.5,-7.1
2025-03-04 01:00:00,590,Tiruvarur,0.5,-7.1
2025-03-04 04:00:00,590,Tiruvarur,0.5,-7.06
2025-03-04 05:00:00,590,Tiruvarur,0.5,-7.06
2025-03-04 07:00:00,590,Tiruvarur,0.5,-7.06
2025-03-04 08:00:00,590,Tiruvarur,0.5,-7.06
2025-03-04 10:00:00,590,Tiruvarur,0.5,-7.17
2025-03-04 11:00:00,590,Tiruvarur,0.5,-7.17
2025-03-04 12:00:00,590,Tiruvarur,0.5,-7.17
2025-03-04 14:00:00,590,Tiruvarur,0.5,-7.17
2025-03-04 15:00:00,590,Tiruvarur,0.5,-7.17
2025-03-04 17:00:00,590,Tiruvarur,0.5,-7.35
2025-03-04 19:00:00,590,Tiruvarur,0.5,-7.35
2025-03-04 21:00:00,590,Tiruvarur,0.5,-7.35
2025-03-05 00:00:00,590,Tiruvarur,0.5,-7.14
2025-03-05 03:00:00,590,Tiruvarur,0.5,-7.14
2025-03-05 06:00:00,590,Tiruvarur,0.5,-7.08
2025-03-05 08:00:00,590,Tiruvarur,0.5,-7.08
2025-03-05 11:00:00,590,Tiruvarur,0.5,-7.28
2025-03-05 13:00:00,590,Tiruvarur,0.5,-7.28
2025-03-05 14:00:00,590,Tiruvarur,0.5,-7.28
2025-03-05 16:00:00,590,Tiruvarur,0.5,-7.25
2025-03-05 18:00:00,590,Tiruvarur,0.5,-7.25
2025-03-05 21:00:00,590,Tiruvarur,0.5,-7.25
2025-03-06 00:00:00,590,Tiruvarur,0.5,-7.22
2025-03-06 03:00:00,590,Tiruvarur,0.5,-7.22
2025-03-08 14:00:00,590,Tiruvarur,0.5,-6.98
2025-03-09 21:00:00,590,Tiruvarur,5.0,-6.8
2025-03-09 23:00:00,590,Tiruvarur,0.5,-6.72
2025-03-10 09:00:00,590,Tiruvarur,0.5,-6.68
2025-03-10 10:00:00,590,Tiruvarur,0.5,-6.98
2025-03-10 13:00:00,590,Tiruvarur,0.5,-6.98
2025-03-10 14:00:00,590,Tiruvarur,1.0,-6.98
2025-03-10 15:00:00,590,Tiruvarur,1.0,-6.98
2025-03-10 16:00:00,590,Tiruvarur,0.5,-6.98
2025-03-10 17:00:00,590,Tiruvarur,0.5,-6.98
2025-03-11 05:00:00,590,Tiruvarur,0.5,-6.72
2025-03-11 06:00:00,590,Tiruvarur,0.5,-6.72
2025-03-11 09:00:00,590,Tiruvarur,0.5,-6.72
2025-03-11 11:00:00,590,Tiruvarur,0.5,-6.71
2025-03-11 13:00:00,590,Tiruvarur,0.5,-6.71
2025-03-11 14:00:00,590,Tiruvarur,0.5,-6.71
2025-03-11 15:00:00,590,Tiruvarur,0.5,-6.71
2025-03-11 16:00:00,590,Tiruvarur,1.0,-6.54
2025-03-11 17:00:00,590,Tiruvarur,1.5,-6.54
2025-03-11 18:00:00,590,Tiruvarur,1.0,-6.54
2025-03-11 19:00:00,590,Tiruvarur,1.5,-6.54
2025-03-11 20:00:00,590,Tiruvarur,1.5,-6.54
2025-03-11 21:00:00,590,Tiruvarur,1.0,-6.54
2025-03-11 22:00:00,590,Tiruvarur,1.0,-6.42
2025-03-11 23:00:00,590,Tiruvarur,1.0,-6.42
2025-03-12 00:00:00,590,Tiruvarur,0.5,-6.42
2025-03-12 01:00:00,590,Tiruvarur,1.0,-6.42
2025-03-12 02:00:00,590,Tiruvarur,0.5,-6.42
2025-03-12 03:00:00,590,Tiruvarur,1.0,-6.42
2025-03-12 04:00:00,590,Tiruvarur,0.5,-6.35
2025-03-12 05:00:00,590,Tiruvarur,0.5,-6.35
2025-03-12 06:00:00,590,Tiruvarur,1.0,-6.35
2025-03-12 07:00:00,590,Tiruvarur,0.5,-6.35
2025-03-12 08:00:00,590,Tiruvarur,1.0,-6.35
2025-03-12 09:00:00,590,Tiruvarur,1.0,-6.35
2025-03-12 10:00:00,590,Tiruvarur,1.0,-6.28
2025-03-12 11:00:00,590,Tiruvarur,0.5,-6.28
2025-03-12 12:00:00,590,Tiruvarur,1.0,-6.28
2025-03-12 13:00:00,590,Tiruvarur,1.0,-6.28
2025-03-12 14:00:00,590,Tiruvarur,1.0,-6.28
2025-03-12 15:00:00,590,Tiruvarur,0.5,-6.28
2025-03-12 16:00:00,590,Tiruvarur,1.0,-6.24
2025-03-12 17:00:00,590,Tiruvarur,0.5,-6.24
2025-03-12 18:00:00,590,Tiruvarur,1.0,-6.24
2025-03-12 19:00:00,590,Tiruvarur,0.5,-6.24
2025-03-12 20:00:00,590,Tiruvarur,1.0,-6.24
2025-03-12 21:00:00,590,Tiruvarur,1.0,-6.24
2025-03-12 22:00:00,590,Tiruvarur,1.0,-6.14
2025-03-12 23:00:00,590,Tiruvarur,0.5,-6.14
2025-03-13 00:00:00,590,Tiruvarur,1.0,-6.14
2025-03-13 01:00:00,590,Tiruvarur,0.5,-6.14
2025-03-13 02:00:00,590,Tiruvarur,1.0,-6.14
2025-03-13 03:00:00,590,Tiruvarur,0.5,-6.14
2025-03-13 04:00:00,590,Tiruvarur,0.5,-6.1
2025-03-13 05:00:00,590,Tiruvarur,0.5,-6.1
2025-03-13 06:00:00,590,Tiruvarur,1.0,-6.1
2025-03-13 07:00:00,590,Tiruvarur,0.5,-6.1
2025-03-13 08:00:00,590,Tiruvarur,0.5,-6.1
2025-03-13 09:00:00,590,Tiruvarur,0.5,-6.1
2025-03-13 10:00:00,590,Tiruvarur,0.5,-6.08
2025-03-13 11:00:00,590,Tiruvarur,1.0,-6.08
2025-03-13 12:00:00,590,Tiruvarur,1.0,-6.08
2025-03-13 13:00:00,590,Tiruvarur,0.5,-6.08
2025-03-13 14:00:00,590,Tiruvarur,1.0,-6.08
2025-03-13 15:00:00,590,Tiruvarur,1.0,-6.08
2025-03-13 16:00:00,590,Tiruvarur,1.0,-6.09
2025-03-13 17:00:00,590,Tiruvarur,1.0,-6.09
2025-03-13 18:00:00,590,Tiruvarur,0.5,-6.09
2025-03-13 19:00:00,590,Tiruvarur,1.0,-6.09
2025-03-13 20:00:00,590,Tiruvarur,0.5,-6.09
2025-03-13 21:00:00,590,Tiruvarur,0.5,-6.09
2025-03-13 22:00:00,590,Tiruvarur,0.5,-6.0
2025-03-13 23:00:00,590,Tiruvarur,0.5,-6.0
2025-03-14 00:00:00,590,Tiruvarur,0.5,-6.0
2025-03-14 01:00:00,590,Tiruvarur,0.5,-6.0
2025-03-14 02:00:00,590,Tiruvarur,0.5,-6.0
2025-03-14 03:00:00,590,Tiruvarur,0.5,-6.0
2025-03-14 05:00:00,590,Tiruvarur,0.5,-5.98
2025-03-14 06:00:00,590,Tiruvarur,0.5,-5.98
2025-03-14 07:00:00,590,Tiruvarur,0.5,-5.98
2025-03-14 09:00:00,590,Tiruvarur,0.5,-5.98
2025-03-14 10:00:00,590,Tiruvarur,0.5,-6.17
2025-03-14 11:00:00,590,Tiruvarur,0.5,-6.17
2025-03-14 12:00:00,590,Tiruvarur,0.5,-6.17
2025-03-14 14:00:00,590,Tiruvarur,0.5,-6.17
2025-03-14 15:00:00,590,Tiruvarur,4.75,-6.17
2025-03-14 16:00:00,590,Tiruvarur,0.5,-6.19
2025-03-14 17:00:00,590,Tiruvarur,0.5,-6.19
2025-03-14 18:00:00,590,Tiruvarur,0.5,-6.19
2025-03-14 20:00:00,590,Tiruvarur,0.5,-6.19
2025-03-14 21:00:00,590,Tiruvarur,0.5,-6.19
2025-03-14 23:00:00,590,Tiruvarur,0.5,-5.97
2025-03-15 01:00:00,590,Tiruvarur,0.5,-5.97
2025-03-15 03:00:00,590,Tiruvarur,0.5,-5.97
2025-03-15 06:00:00,590,Tiruvarur,0.5,-5.93
2025-03-15 08:00:00,590,Tiruvarur,0.5,-5.93
2025-03-15 10:00:00,590,Tiruvarur,0.5,-5.99
2025-03-15 11:00:00,590,Tiruvarur,0.5,-5.99
2025-03-15 12:00:00,590,Tiruvarur,0.5,-5.99
2025-03-15 13:00:00,590,Tiruvarur,0.5,-5.99
2025-03-15 15:00:00,590,Tiruvarur,0.5,-5.99
2025-03-15 16:00:00,590,Tiruvarur,0.5,-6.01
2025-03-15 18:00:00,590,Tiruvarur,0.5,-6.01
2025-03-15 20:00:00,590,Tiruvarur,0.5,-6.01
2025-03-15 22:00:00,590,Tiruvarur,0.5,-6.3
2025-03-16 00:00:00,590,Tiruvarur,3.5,-6.3
2025-03-16 02:00:00,590,Tiruvarur,0.5,-6.3
2025-03-16 03:00:00,590,Tiruvarur,0.5,-6.3
2025-03-16 05:00:00,590,Tiruvarur,0.5,-6.32
2025-03-16 08:00:00,590,Tiruvarur,0.5,-6.32
2025-03-16 09:00:00,590,Tiruvarur,1.0,-6.32
2025-03-16 11:00:00,590,Tiruvarur,0.5,-6.26
2025-03-16 13:00:00,590,Tiruvarur,0.5,-6.26
2025-03-16 14:00:00,590,Tiruvarur,0.5,-6.26
2025-03-16 15:00:00,590,Tiruvarur,0.5,-6.26
2025-03-16 18:00:00,590,Tiruvarur,0.5,-6.06
2025-03-16 22:00:00,590,Tiruvarur,0.5,-6.01
2025-03-17 05:00:00,590,Tiruvarur,0.5,-6.0
2025-03-17 12:00:00,590,Tiruvarur,0.5,-6.06
2025-03-19 00:00:00,590,Tiruvarur,5.5,-5.99
2025-03-19 01:00:00,590,Tiruvarur,34.5,-5.99
2025-03-19 02:00:00,590,Tiruvarur,51.5,-5.99
2025-03-19 03:00:00,590,Tiruvarur,3.0,-5.99
2025-03-19 05:00:00,590,Tiruvarur,14.5,-5.99
2025-03-19 06:00:00,590,Tiruvarur,13.5,-5.99
2025-03-19 07:00:00,590,Tiruvarur,8.0,-5.99
2025-03-19 08:00:00,590,Tiruvarur,5.0,-5.99
2025-03-19 09:00:00,590,Tiruvarur,5.5,-5.99
2025-03-19 10:00:00,590,Tiruvarur,7.0,-6.13
2025-03-19 11:00:00,590,Tiruvarur,6.0,-6.13
2025-03-19 13:00:00,590,Tiruvarur,7.5,-6.13
2025-03-19 14:00:00,590,Tiruvarur,24.0,-6.13
2025-03-19 17:00:00,590,Tiruvarur,4.0,-6.2
2025-03-19 18:00:00,590,Tiruvarur,3.0,-6.2
2025-03-19 19:00:00,590,Tiruvarur,6.0,-6.2
2025-03-19 20:00:00,590,Tiruvarur,0.5,-6.2
2025-03-19 23:00:00,590,Tiruvarur,2.0,-6.1
2025-03-20 06:00:00,590,Tiruvarur,2.5,-6.09
2025-03-20 07:00:00,590,Tiruvarur,10.0,-6.09
2025-03-20 08:00:00,590,Tiruvarur,10.5,-6.09
2025-03-20 09:00:00,590,Tiruvarur,2.0,-6.09
2025-03-21 05:00:00,590,Tiruvarur,13.0,-6.29
2025-03-21 06:00:00,590,Tiruvarur,1.0,-6.29
2025-03-21 07:00:00,590,Tiruvarur,4.0,-6.29
2025-03-21 08:00:00,590,Tiruvarur,21.5,-6.29
2025-03-21 09:00:00,590,Tiruvarur,22.5,-6.29
2025-03-21 10:00:00,590,Tiruvarur,6.0,-6.38
2025-03-21 11:00:00,590,Tiruvarur,1.0,-6.38
2025-03-21 12:00:00,590,Tiruvarur,4.5,-6.38
2025-03-21 13:00:00,590,Tiruvarur,4.0,-6.38
2025-03-21 14:00:00,590,Tiruvarur,1.0,-6.38
2025-03-21 16:00:00,590,Tiruvarur,0.5,-6.29
2025-03-21 17:00:00,590,Tiruvarur,4.0,-6.29
2025-03-22 19:00:00,590,Tiruvarur,0.5,-6.3
2025-03-26 07:00:00,590,Tiruvarur,16.0,-9.129
2025-04-02 13:00:00,590,Tiruvarur,1.5,-9.5665
2025-04-02 15:00:00,590,Tiruvarur,6.5,-9.5665
2025-04-02 16:00:00,590,Tiruvarur,3.5,-9.7025
2025-04-03 10:00:00,590,Tiruvarur,0.5,-7.31
2025-04-03 11:00:00,590,Tiruvarur,1.3333333333333333,-7.31
2025-04-03 12:00:00,590,Tiruvarur,0.5,-7.31
2025-04-03 13:00:00,590,Tiruvarur,0.5,-7.31
2025-04-03 15:00:00,590,Tiruvarur,0.75,-7.31
2025-04-03 16:00:00,590,Tiruvarur,0.5,-7.16
2025-04-03 18:00:00,590,Tiruvarur,0.5,-7.16
2025-04-04 08:00:00,590,Tiruvarur,1.0,-9.2055
2025-04-04 12:00:00,590,Tiruvarur,1.0,-9.218
2025-04-04 13:00:00,590,Tiruvarur,12.5,-9.218
2025-04-04 17:00:00,590,Tiruvarur,0.5,-9.186
2025-04-05 05:00:00,590,Tiruvarur,1.0,-9.1375
2025-04-05 06:00:00,590,Tiruvarur,23.0,-9.1375
2025-04-05 07:00:00,590,Tiruvarur,1.0,-9.1375
2025-04-05 09:00:00,590,Tiruvarur,3.0,-9.1375
2025-04-05 10:00:00,590,Tiruvarur,1.0,-9.201
2025-04-05 12:00:00,590,Tiruvarur,0.5,-9.201
2025-04-05 13:00:00,590,Tiruvarur,0.5,-9.201
2025-04-05 14:00:00,590,Tiruvarur,2.25,-9.201
2025-04-06 08:00:00,590,Tiruvarur,21.0,-9.1815
2025-04-06 09:00:00,590,Tiruvarur,38.5,-9.1815
2025-04-06 10:00:00,590,Tiruvarur,16.5,-9.219
2025-04-06 11:00:00,590,Tiruvarur,76.0,-9.219
2025-04-06 12:00:00,590,Tiruvarur,25.5,-9.219
2025-04-06 15:00:00,590,Tiruvarur,10.0,-9.219
2025-04-06 19:00:00,590,Tiruvarur,22.0,-9.215
2025-04-06 20:00:00,590,Tiruvarur,2.0,-9.215
2025-04-06 21:00:00,590,Tiruvarur,1.0,-9.215
2025-04-07 03:00:00,590,Tiruvarur,91.0,-9.182
2025-04-07 06:00:00,590,Tiruvarur,11.25,-9.2155
2025-04-07 07:00:00,590,Tiruvarur,4.5,-9.2155
2025-04-07 08:00:00,590,Tiruvarur,1.5,-9.2155
2025-04-07 17:00:00,590,Tiruvarur,85.0,-9.2665
2025-04-07 19:00:00,590,Tiruvarur,336.0,-9.2665
2025-04-07 20:00:00,590,Tiruvarur,913.0,-9.2665
2025-04-07 21:00:00,590,Tiruvarur,11.0,-9.2665
2025-04-07 22:00:00,590,Tiruvarur,74.5,-6.93
2025-04-07 23:00:00,590,Tiruvarur,26.5,-6.93
2025-04-08 00:00:00,590,Tiruvarur,57.5,-6.93
2025-04-08 01:00:00,590,Tiruvarur,5.0,-6.93
2025-04-08 04:00:00,590,Tiruvarur,2.5,-6.9
2025-04-10 04:00:00,590,Tiruvarur,118.5,-9.333
2025-04-10 05:00:00,590,Tiruvarur,72.5,-9.333
2025-04-10 08:00:00,590,Tiruvarur,74.0,-9.333
2025-04-10 09:00:00,590,Tiruvarur,25.5,-9.333
2025-04-10 10:00:00,590,Tiruvarur,27.0,-9.482
2025-04-10 11:00:00,590,Tiruvarur,4.5,-9.482
2025-04-10 16:00:00,590,Tiruvarur,6.0,-9.605
2025-04-10 17:00:00,590,Tiruvarur,66.0,-9.605
2025-04-10 18:00:00,590,Tiruvarur,44.5,-9.605
2025-04-10 20:00:00,590,Tiruvarur,7.0,-9.605
2025-04-10 21:00:00,590,Tiruvarur,0.5,-9.605
2025-04-10 22:00:00,590,Tiruvarur,4.5,-9.4985
2025-04-10 23:00:00,590,Tiruvarur,4.0,-9.4985
2025-04-11 01:00:00,590,Tiruvarur,1.5,-9.4985
2025-04-11 03:00:00,590,Tiruvarur,2.0,-9.4985
2025-04-11 04:00:00,590,Tiruvarur,1.0,-9.48
2025-04-11 05:00:00,590,Tiruvarur,1.5,-9.48
2025-04-11 06:00:00,590,Tiruvarur,3.5,-9.48
2025-04-11 08:00:00,590,Tiruvarur,76.5,-9.48
2025-04-11 15:00:00,590,Tiruvarur,11.0,-9.5765
2025-04-11 16:00:00,590,Tiruvarur,0.5,-9.5485
2025-04-11 17:00:00,590,Tiruvarur,59.5,-9.5485
2025-04-11 18:00:00,590,Tiruvarur,198.5,-9.5485
2025-04-11 19:00:00,590,Tiruvarur,14.5,-9.5485
2025-04-11 20:00:00,590,Tiruvarur,10.0,-9.5485
2025-04-11 21:00:00,590,Tiruvarur,104.0,-9.5485
2025-04-22 00:00:00,590,Tiruvarur,0.5,-10.1105
2025-04-22 15:00:00,590,Tiruvarur,1.0,-10.1915
2025-04-22 16:00:00,590,Tiruvarur,0.5,-10.3575
2025-04-22 17:00:00,590,Tiruvarur,1.0,-10.3575
2025-04-22 18:00:00,590,Tiruvarur,2.0,-10.3575
2025-04-22 19:00:00,590,Tiruvarur,0.5,-10.3575
2025-04-23 11:00:00,590,Tiruvarur,0.5,-9.42
2025-04-23 13:00:00,590,Tiruvarur,0.5,-9.42
2025-04-23 14:00:00,590,Tiruvarur,1.0,-9.42
2025-04-23 19:00:00,590,Tiruvarur,0.5,-9.51
2025-04-24 15:00:00,590,Tiruvarur,15.0,-9.45
2025-04-24 19:00:00,590,Tiruvarur,0.5,-9.3
2025-04-24 20:00:00,590,Tiruvarur,0.5,-9.3
2025-04-25 09:00:00,590,Tiruvarur,0.5,-9.18
2025-04-25 14:00:00,590,Tiruvarur,0.5,-9.64
2025-04-25 20:00:00,590,Tiruvarur,0.5,-9.17
2025-04-27 03:00:00,590,Tiruvarur,0.5,-8.82
2025-04-27 06:00:00,590,Tiruvarur,0.5,-8.78
2025-04-27 16:00:00,590,Tiruvarur,0.5,-9.05
2025-05-07 22:00:00,590,Tiruvarur,0.5,-10.9555
2025-05-08 14:00:00,590,Tiruvarur,0.5,-10.8285
2025-05-09 09:00:00,590,Tiruvarur,0.5,-10.758500000000002
2025-05-13 14:00:00,590,Tiruvarur,0.5,-11.6535
2025-05-14 22:00:00,590,Tiruvarur,21.5,-11.8925
2025-05-15 11:00:00,590,Tiruvarur,0.5,-11.777
2025-05-15 12:00:00,590,Tiruvarur,0.5,-11.777
2025-05-16 08:00:00,590,Tiruvarur,1.5,-11.18
2025-05-16 11:00:00,590,Tiruvarur,160.0,-11.86
2025-05-16 12:00:00,590,Tiruvarur,87.5,-11.86
2025-05-16 14:00:00,590,Tiruvarur,0.5,-11.86
2025-05-16 15:00:00,590,Tiruvarur,6.0,-11.86
2025-05-16 18:00:00,590,Tiruvarur,0.5,-11.63
2025-05-17 03:00:00,590,Tiruvarur,2.0,-11.424
2025-05-19 15:00:00,590,Tiruvarur,0.5,-10.5225
2025-05-19 16:00:00,590,Tiruvarur,2.5,-10.487
2025-05-20 10:00:00,590,Tiruvarur,0.5,-10.412
2025-05-21 18:00:00,590,Tiruvarur,13.0,-10.5365
2025-05-21 19:00:00,590,Tiruvarur,3.5,-10.5365
2025-05-21 22:00:00,590,Tiruvarur,0.5,-10.452
2025-05-22 10:00:00,590,Tiruvarur,5.5,-11.467
2025-05-22 11:00:00,590,Tiruvarur,3.5,-11.467
2025-05-22 12:00:00,590,Tiruvarur,28.5,-11.467
2025-05-23 21:00:00,590,Tiruvarur,2.5,-11.464
2025-05-26 08:00:00,590,Tiruvarur,20.0,-10.3335
2025-05-26 09:00:00,590,Tiruvarur,0.5,-10.3335
2025-05-26 11:00:00,590,Tiruvarur,0.5,-10.5535
2025-05-26 12:00:00,590,Tiruvarur,0.5,-10.5535
2025-05-26 13:00:00,590,Tiruvarur,1.5,-10.5535
2025-05-27 06:00:00,590,Tiruvarur,2.5,-10.395499999999998
2025-05-27 11:00:00,590,Tiruvarur,0.5,-10.5075
2025-05-28 02:00:00,590,Tiruvarur,0.5,-10.5025
2025-05-28 06:00:00,590,Tiruvarur,0.5,-10.4615
2025-05-28 19:00:00,590,Tiruvarur,0.5,-10.700500000000002
2025-05-29 09:00:00,590,Tiruvarur,0.5,-10.674499999999998
2025-05-29 11:00:00,590,Tiruvarur,0.5,-10.8745
2025-05-29 13:00:00,590,Tiruvarur,0.5,-10.8745
2025-05-29 17:00:00,590,Tiruvarur,3.5,-10.769
2025-05-30 08:00:00,590,Tiruvarur,0.5,-10.755
2025-05-30 10:00:00,590,Tiruvarur,0.5,-10.8905
2025-05-30 22:00:00,590,Tiruvarur,0.5,-10.827
2025-05-31 06:00:00,590,Tiruvarur,2.0,-10.8085
2025-05-31 08:00:00,590,Tiruvarur,0.5,-10.8085
2025-05-31 13:00:00,590,Tiruvarur,0.5,-11.1865
2025-05-31 14:00:00,590,Tiruvarur,0.5,-11.1865
2025-06-01 09:00:00,590,Tiruvarur,1.0,-11.3115
2025-06-01 10:00:00,590,Tiruvarur,0.5,-11.564
2025-06-01 14:00:00,590,Tiruvarur,0.5,-11.564
2025-06-02 11:00:00,590,Tiruvarur,0.5,-11.512
2025-06-02 14:00:00,590,Tiruvarur,0.5,-11.512
2025-06-04 08:00:00,590,Tiruvarur,0.5,-12.31
2025-06-05 09:00:00,590,Tiruvarur,0.5,-12.49
2025-06-10 01:00:00,590,Tiruvarur,14.25,-12.634
2025-06-10 01:30:00,590,Tiruvarur,16.0,-12.634
2025-06-10 02:00:00,590,Tiruvarur,8.5,-12.634
2025-06-10 03:00:00,590,Tiruvarur,1.0,-12.634
2025-06-10 03:30:00,590,Tiruvarur,0.5,-12.247
2025-06-10 04:00:00,590,Tiruvarur,0.5,-12.247
2025-06-11 05:00:00,590,Tiruvarur,0.5,-11.4955
2025-06-12 18:30:00,590,Tiruvarur,0.5,-11.5295
2025-06-12 19:00:00,590,Tiruvarur,5.0,-11.5295
2025-06-12 19:30:00,590,Tiruvarur,0.5,-11.5295
2025-06-12 20:00:00,590,Tiruvarur,0.5,-11.5295
2025-06-13 18:30:00,590,Tiruvarur,0.5,-11.99
2025-06-13 19:00:00,590,Tiruvarur,6.0,-11.99
2025-06-13 20:00:00,590,Tiruvarur,0.5,-11.99
2025-06-14 19:00:00,590,Tiruvarur,6.5,-11.95
2025-06-14 20:00:00,590,Tiruvarur,5.0,-11.95
2025-06-14 20:30:00,590,Tiruvarur,2.5,-11.95
2025-06-14 21:00:00,590,Tiruvarur,1.75,-11.95
2025-06-27 09:00:00,590,Tiruvarur,0.5,-12.69
2025-07-31 22:00:00,590,Tiruvarur,4.0,-9.23
2025-07-31 23:00:00,590,Tiruvarur,4.5,-9.23
2025-08-01 00:00:00,590,Tiruvarur,2.0,-9.23
2025-08-01 01:00:00,590,Tiruvarur,0.5,-9.23
2025-08-01 02:00:00,590,Tiruvarur,0.5,-9.23
2025-08-01 03:00:00,590,Tiruvarur,0.5,-9.23
2025-08-01 04:00:00,590,Tiruvarur,0.5,-9.17
2025-08-01 08:00:00,590,Tiruvarur,0.5,-9.17
2025-08-01 10:00:00,590,Tiruvarur,0.5,-9.12
2025-08-01 12:00:00,590,Tiruvarur,0.5,-9.12
2025-08-01 13:00:00,590,Tiruvarur,0.5,-9.12
2025-08-01 15:00:00,590,Tiruvarur,0.5,-9.12
2025-08-01 17:00:00,590,Tiruvarur,0.5,-9.12
2025-08-01 18:00:00,590,Tiruvarur,0.5,-9.12
2025-08-01 21:00:00,590,Tiruvarur,0.5,-9.12
2025-08-02 01:00:00,590,Tiruvarur,0.5,-8.98
2025-08-02 06:00:00,590,Tiruvarur,0.5,-8.95
2025-08-02 11:00:00,590,Tiruvarur,0.5,-8.98
2025-08-02 13:00:00,590,Tiruvarur,0.5,-8.98
2025-08-02 17:00:00,590,Tiruvarur,0.5,-8.92
2025-08-02 22:00:00,590,Tiruvarur,0.5,-8.9
2025-08-03 07:00:00,590,Tiruvarur,0.5,-8.9
2025-08-03 18:00:00,590,Tiruvarur,0.5,-8.77
2025-08-04 09:00:00,590,Tiruvarur,0.5,-8.6
2025-08-06 01:00:00,590,Tiruvarur,0.5,-8.32
2025-08-06 02:00:00,590,Tiruvarur,0.5,-8.32
2025-08-06 04:00:00,590,Tiruvarur,0.5,-8.29
2025-08-06 05:00:00,590,Tiruvarur,0.5,-8.29
2025-08-06 07:00:00,590,Tiruvarur,0.5,-8.29
2025-08-06 08:00:00,590,Tiruvarur,0.5,-8.29
2025-08-06 10:00:00,590,Tiruvarur,0.5,-8.3
2025-08-08 20:00:00,590,Tiruvarur,2.5,-7.87
2025-08-08 21:00:00,590,Tiruvarur,1.0,-7.87
2025-08-09 00:00:00,590,Tiruvarur,0.5,-7.76
2025-08-09 01:00:00,590,Tiruvarur,1.5,-7.76
2025-08-09 02:00:00,590,Tiruvarur,1.5,-7.76
2025-08-09 03:00:00,590,Tiruvarur,1.0,-7.76
2025-08-09 04:00:00,590,Tiruvarur,1.0,-7.71
2025-08-09 05:00:00,590,Tiruvarur,1.0,-7.71
2025-08-09 06:00:00,590,Tiruvarur,0.5,-7.71
2025-08-09 07:00:00,590,Tiruvarur,0.5,-7.71
2025-08-09 08:00:00,590,Tiruvarur,1.0,-7.71
2025-08-09 09:00:00,590,Tiruvarur,0.5,-7.71
2025-08-09 10:00:00,590,Tiruvarur,0.5,-7.72
2025-08-09 11:00:00,590,Tiruvarur,0.5,-7.72
2025-08-09 12:00:00,590,Tiruvarur,0.5,-7.72
2025-08-09 13:00:00,590,Tiruvarur,0.5,-7.72
2025-08-09 15:00:00,590,Tiruvarur,0.5,-7.72
2025-08-09 16:00:00,590,Tiruvarur,0.5,-7.7
2025-08-09 17:00:00,590,Tiruvarur,0.5,-7.7
2025-08-09 19:00:00,590,Tiruvarur,0.5,-7.7
2025-08-09 23:00:00,590,Tiruvarur,0.5,-7.6
2025-08-10 01:00:00,590,Tiruvarur,0.5,-7.6
2025-08-10 04:00:00,590,Tiruvarur,0.5,-7.54
2025-08-10 06:00:00,590,Tiruvarur,0.5,-7.54
2025-08-10 09:00:00,590,Tiruvarur,0.5,-7.54
2025-08-10 11:00:00,590,Tiruvarur,0.5,-7.56
2025-08-10 14:00:00,590,Tiruvarur,0.5,-7.56
2025-08-10 20:00:00,590,Tiruvarur,0.5,-7.51
2025-08-10 22:00:00,590,Tiruvarur,0.5,-7.56
2025-08-11 02:00:00,590,Tiruvarur,0.5,-7.56
2025-08-11 09:00:00,590,Tiruvarur,0.5,-7.54
2025-08-11 15:00:00,590,Tiruvarur,0.5,-7.36
2025-08-11 23:00:00,590,Tiruvarur,0.5,-7.2
2025-08-12 19:00:00,590,Tiruvarur,0.5,-7.12
2025-08-13 08:00:00,590,Tiruvarur,0.5,-7.07
2025-08-13 21:00:00,590,Tiruvarur,0.5,-7.07
2025-08-14 09:00:00,590,Tiruvarur,0.5,-6.99
2025-08-14 18:00:00,590,Tiruvarur,0.5,-7.11
2025-08-15 11:00:00,590,Tiruvarur,0.5,-7.05
2025-08-16 03:00:00,590,Tiruvarur,0.5,-7.19
2025-08-17 13:00:00,590,Tiruvarur,0.5,-7.19
2025-08-18 17:00:00,590,Tiruvarur,0.5,-7.11
2025-08-20 14:00:00,590,Tiruvarur,0.5,-7.07
2025-08-21 08:00:00,590,Tiruvarur,0.5,-6.91
2025-08-24 10:00:00,590,Tiruvarur,0.5,-6.83
2025-09-10 21:00:00,590,Tiruvarur,2.0,-6.59
2025-09-10 22:00:00,590,Tiruvarur,2.5,-6.56
2025-09-10 23:00:00,590,Tiruvarur,2.0,-6.56
2025-09-11 00:00:00,590,Tiruvarur,1.0,-6.56
2025-09-11 01:00:00,590,Tiruvarur,0.5,-6.56
2025-09-11 02:00:00,590,Tiruvarur,0.5,-6.56
2025-09-11 05:00:00,590,Tiruvarur,0.5,-6.52
2025-09-11 09:00:00,590,Tiruvarur,0.5,-6.52
2025-09-11 16:00:00,590,Tiruvarur,0.5,-6.62
2025-09-12 20:00:00,590,Tiruvarur,0.5,-6.26
2025-09-13 15:00:00,590,Tiruvarur,0.5,-6.22
2025-09-14 16:00:00,590,Tiruvarur,0.5,-6.31
2025-09-15 19:00:00,590,Tiruvarur,0.5,-6.52
2025-09-16 17:00:00,590,Tiruvarur,1.5,-6.58
2025-09-17 09:00:00,590,Tiruvarur,0.5,-6.43
2025-09-17 11:25:00,590,Tiruvarur,0.5,-6.77
2025-09-17 12:00:00,590,Tiruvarur,2.5,-6.77
2025-09-17 15:00:00,590,Tiruvarur,0.5,-6.77
2025-09-17 18:00:00,590,Tiruvarur,0.5,-6.49
2025-09-18 21:00:00,590,Tiruvarur,0.5,-6.28
2025-09-20 00:00:00,590,Tiruvarur,2.333333333333333,-5.93
2025-09-20 04:00:00,590,Tiruvarur,0.5,-5.9
2025-09-25 17:00:00,590,Tiruvarur,5.5,-7.0
2025-09-25 20:00:00,590,Tiruvarur,12.833333333333334,-7.0
2025-09-25 21:00:00,590,Tiruvarur,0.5,-7.0
2025-09-26 07:00:00,590,Tiruvarur,0.5,-6.44
2025-09-26 19:00:00,590,Tiruvarur,7.5,-6.44
2025-09-26 20:00:00,590,Tiruvarur,0.5,-6.44
2025-10-03 17:00:00,590,Tiruvarur,3.0,-7.6
2025-10-03 18:00:00,590,Tiruvarur,1.75,-7.6
2025-10-04 11:00:00,590,Tiruvarur,0.5,-7.39
2025-12-31 11:00:00,590,Tiruvarur,3.5,-3.810200000000001
2025-12-31 12:00:00,590,Tiruvarur,2.25,-3.810200000000001
2026-01-01 11:00:00,590,Tiruvarur,2.25,-3.884
2026-01-10 08:00:00,590,Tiruvarur,0.5,-1.4493333333333334
2026-01-10 20:00:00,590,Tiruvarur,3.0,-1.4493333333333334
2026-01-10 21:00:00,590,Tiruvarur,0.5,-1.4493333333333334
2026-01-10 22:00:00,590,Tiruvarur,0.5,-1.4493333333333334
2026-01-10 23:00:00,590,Tiruvarur,2.0,-1.4493333333333334
2026-01-11 00:00:00,590,Tiruvarur,1.25,-1.4493333333333334
2026-01-11 01:00:00,590,Tiruvarur,1.0,-1.4493333333333334
2026-01-11 02:00:00,590,Tiruvarur,12.25,-1.4493333333333334
2026-01-11 03:00:00,590,Tiruvarur,12.0,-1.4493333333333334
2026-01-11 04:00:00,590,Tiruvarur,2.5,-3.1062
2026-01-11 05:00:00,590,Tiruvarur,0.5,-3.1062
2026-01-11 06:00:00,590,Tiruvarur,0.5,-3.1062
2026-01-11 17:00:00,590,Tiruvarur,1.5,-3.0858
2026-01-11 18:00:00,590,Tiruvarur,3.0,-3.0858
2026-01-11 19:00:00,590,Tiruvarur,0.75,-3.0858
2026-01-11 20:00:00,590,Tiruvarur,0.5,-3.0858
2026-01-12 02:00:00,590,Tiruvarur,1.5,-3.0296
2026-01-12 03:00:00,590,Tiruvarur,10.0,-3.0296
2026-01-12 04:00:00,590,Tiruvarur,1.0,-2.9484000000000004
2026-01-12 05:00:00,590,Tiruvarur,1.0,-2.9484000000000004
2026-01-12 09:00:00,590,Tiruvarur,0.75,-2.9484000000000004
2026-01-12 10:00:00,590,Tiruvarur,1.25,-3.039
2026-01-12 16:00:00,590,Tiruvarur,0.5,-2.962
2026-01-12 17:00:00,590,Tiruvarur,5.0,-2.962
2026-01-12 19:00:00,590,Tiruvarur,2.5,-2.962
2026-01-12 20:00:00,590,Tiruvarur,4.75,-2.962
2026-01-12 21:00:00,590,Tiruvarur,1.0,-2.962
2026-01-12 22:00:00,590,Tiruvarur,0.5,-2.8658
2026-01-13 01:00:00,590,Tiruvarur,1.0,-2.8658
2026-01-13 02:00:00,590,Tiruvarur,4.5,-2.8658
2026-01-13 03:00:00,590,Tiruvarur,16.5,-2.8658
2026-01-13 04:00:00,590,Tiruvarur,0.5,-2.771
2026-01-13 05:00:00,590,Tiruvarur,3.0,-2.771
2026-01-13 06:00:00,590,Tiruvarur,0.5,-2.771
2026-01-13 07:00:00,590,Tiruvarur,1.0,-2.771
2026-01-13 08:00:00,590,Tiruvarur,4.5,-2.771
2026-01-13 09:00:00,590,Tiruvarur,1.75,-2.771
2026-01-13 10:00:00,590,Tiruvarur,2.25,-3.20125
2026-01-13 11:00:00,590,Tiruvarur,3.25,-3.20125
2026-01-13 12:00:00,590,Tiruvarur,1.0,-3.20125
2026-01-14 13:00:00,590,Tiruvarur,0.5,-1.3503333333333334
2026-01-24 01:00:00,590,Tiruvarur,1.0,-1.678
2026-01-24 02:00:00,590,Tiruvarur,0.5,-1.678
2026-01-24 08:00:00,590,Tiruvarur,2.0,-1.726
2026-01-24 10:00:00,590,Tiruvarur,0.5,-1.7005
2026-01-24 12:00:00,590,Tiruvarur,0.5,-1.7005
2026-01-24 13:00:00,590,Tiruvarur,0.5,-1.7005
2026-01-24 14:00:00,590,Tiruvarur,0.5,-1.7005
2026-01-25 05:00:00,590,Tiruvarur,1.5,-1.668
2026-01-25 09:00:00,590,Tiruvarur,1.0,-1.668
2026-01-25 15:00:00,590,Tiruvarur,1.5,-1.6625
2026-01-26 01:00:00,590,Tiruvarur,0.5,-1.6085
2026-01-26 02:00:00,590,Tiruvarur,0.5,-1.6085
2026-02-01 21:00:00,590,Tiruvarur,0.5,-1.583
2026-03-18 11:00:00,590,Tiruvarur,4.0,-5.439857142857143
2026-03-18 12:00:00,590,Tiruvarur,0.5,-5.439857142857143
2026-03-19 06:00:00,590,Tiruvarur,39.0,-5.97725
2026-03-20 05:00:00,590,Tiruvarur,12.0,-5.957333333333334
2026-03-20 06:00:00,590,Tiruvarur,29.0,-5.957333333333334
2026-03-20 07:00:00,590,Tiruvarur,0.5,-5.957333333333334
2026-03-21 11:00:00,590,Tiruvarur,0.5,-2.311
2022-01-05 12:20:00,595,Vellore,1.0,-0.266
2022-01-05 12:25:00,595,Vellore,1.0,-0.266
2022-01-05 17:00:00,595,Vellore,2.0,-0.294
2022-01-23 18:00:00,595,Vellore,0.5,-0.636
2022-03-07 00:00:00,595,Vellore,0.5,-1.153
2022-03-21 15:00:00,595,Vellore,1.0,-1.377
2022-03-21 18:00:00,595,Vellore,9.5,-1.397
2022-03-21 23:00:00,595,Vellore,0.5,-1.378
2022-03-22 18:00:00,595,Vellore,9.0,-1.407
2022-04-09 12:00:00,595,Vellore,7.0,-1.752
2022-04-17 16:00:00,595,Vellore,3.0,-1.954
2022-04-17 17:00:00,595,Vellore,5.25,-1.954
2022-04-17 18:00:00,595,Vellore,0.5,-1.954
2022-04-17 19:00:00,595,Vellore,0.5,-1.954
2022-04-17 20:00:00,595,Vellore,0.5,-1.954
2022-05-01 17:00:00,595,Vellore,1.5,-8.176
2022-06-05 19:00:00,595,Vellore,0.5,-7.6
2022-06-05 20:00:00,595,Vellore,4.0,-7.6
2022-06-06 20:00:00,595,Vellore,16.0,-7.673
2022-06-06 21:00:00,595,Vellore,8.0,-7.673
2022-06-14 23:00:00,595,Vellore,0.5,-8.088
2022-06-15 02:00:00,595,Vellore,2.5,-8.088
2022-06-15 17:00:00,595,Vellore,13.0,-8.088
2022-06-16 03:00:00,595,Vellore,2.0,-8.141
2022-06-16 04:00:00,595,Vellore,2.5,-8.136
2022-06-16 05:00:00,595,Vellore,1.0,-8.136
2022-06-18 21:00:00,595,Vellore,1.5,-8.206
2022-06-19 19:00:00,595,Vellore,1.0,-8.226
2022-06-19 20:00:00,595,Vellore,2.5,-8.226
2022-06-19 21:00:00,595,Vellore,0.5,-8.226
2022-06-19 22:00:00,595,Vellore,1.5,-8.266
2022-06-19 23:00:00,595,Vellore,2.25,-8.266
2022-06-20 00:00:00,595,Vellore,10.0,-8.266
2022-06-20 01:00:00,595,Vellore,1.0,-8.266
2022-06-20 02:00:00,595,Vellore,0.75,-8.266
2022-06-20 03:00:00,595,Vellore,0.5,-8.266
2022-06-20 04:00:00,595,Vellore,0.5,-8.211
2022-06-20 19:00:00,595,Vellore,1.0,-8.055
2022-06-20 20:00:00,595,Vellore,0.5,-8.055
2022-06-20 21:00:00,595,Vellore,3.5,-8.055
2022-06-20 22:00:00,595,Vellore,9.0,-8.017
2022-06-20 23:00:00,595,Vellore,5.75,-8.017
2022-06-21 00:00:00,595,Vellore,1.0,-8.017
2022-06-21 01:00:00,595,Vellore,0.5,-8.017
2022-06-21 02:00:00,595,Vellore,1.0,-8.017
2022-06-21 21:00:00,595,Vellore,0.5,-7.647
2022-06-29 21:00:00,595,Vellore,3.0,-6.138
2022-07-01 20:00:00,595,Vellore,1.5,-6.116
2022-07-01 21:00:00,595,Vellore,2.0,-6.116
2022-07-01 22:00:00,595,Vellore,0.5,-6.159
2022-07-05 03:00:00,595,Vellore,0.5,-5.786
2022-07-05 04:00:00,595,Vellore,0.5,-5.786
2022-07-05 05:00:00,595,Vellore,0.5,-5.786
2022-07-05 22:00:00,595,Vellore,0.5,-5.861
2022-07-05 23:00:00,595,Vellore,0.5,-5.861
2022-07-06 02:00:00,595,Vellore,0.5,-5.861
2022-07-09 20:00:00,595,Vellore,0.5,-6.064
2022-07-09 21:00:00,595,Vellore,0.5,-6.064
2022-07-10 15:00:00,595,Vellore,6.5,-6.114
2022-07-11 15:00:00,595,Vellore,1.5,-6.193
2022-07-25 22:00:00,595,Vellore,1.0,-4.3495
2022-07-25 23:00:00,595,Vellore,3.5,-4.3495
2022-07-26 00:00:00,595,Vellore,5.0,-4.3495
2022-07-26 01:00:00,595,Vellore,0.5,-4.3495
2022-07-26 02:00:00,595,Vellore,0.5,-4.3495
2022-07-26 05:00:00,595,Vellore,1.0,-4.344
2022-07-26 11:00:00,595,Vellore,0.5,-4.346
2022-07-30 16:00:00,595,Vellore,9.5,-4.328
2022-07-31 18:00:00,595,Vellore,4.25,-4.1325
2022-07-31 19:00:00,595,Vellore,6.5,-4.1325
2022-07-31 21:00:00,595,Vellore,0.5,-4.1325
2022-08-01 07:00:00,595,Vellore,0.5,-1.884
2022-08-01 17:00:00,595,Vellore,1.5,-4.051
2022-08-01 19:00:00,595,Vellore,10.75,-4.051
2022-08-01 20:00:00,595,Vellore,7.5,-4.051
2022-08-01 21:00:00,595,Vellore,1.0,-4.051
2022-08-01 22:00:00,595,Vellore,3.0,-3.194
2022-08-01 23:00:00,595,Vellore,1.75,-3.194
2022-08-02 00:00:00,595,Vellore,1.0,-3.194
2022-08-03 01:00:00,595,Vellore,0.5,-3.38
2022-08-03 02:00:00,595,Vellore,1.0,-3.38
2022-08-03 15:00:00,595,Vellore,13.5,-3.4515
2022-08-03 16:00:00,595,Vellore,1.5,-3.312
2022-08-03 17:00:00,595,Vellore,0.5,-3.312
2022-08-04 13:00:00,595,Vellore,4.0,-3.422
2022-08-04 14:00:00,595,Vellore,1.5,-3.422
2022-08-04 15:00:00,595,Vellore,11.0,-3.422
2022-08-04 16:00:00,595,Vellore,8.0,-3.408
2022-08-05 15:00:00,595,Vellore,0.5,-3.412
2022-08-05 16:00:00,595,Vellore,11.0,-3.403
2022-08-05 17:00:00,595,Vellore,1.0,-3.403
2022-08-06 00:00:00,595,Vellore,0.5,-3.4105
2022-08-06 17:00:00,595,Vellore,11.0,-3.3795
2022-08-06 18:00:00,595,Vellore,1.25,-3.3795
2022-08-17 20:00:00,595,Vellore,14.0,-3.6875
2022-08-17 21:00:00,595,Vellore,0.75,-3.6875
2022-08-21 17:00:00,595,Vellore,0.5,-3.792
2022-08-22 19:00:00,595,Vellore,1.5,-3.8215
2022-08-22 21:00:00,595,Vellore,10.75,-3.8215
2022-08-22 22:00:00,595,Vellore,0.5,-3.853
2022-08-23 02:00:00,595,Vellore,0.5,-3.853
2022-08-24 16:00:00,595,Vellore,0.5,-3.885
2022-08-24 18:00:00,595,Vellore,1.0,-3.885
2022-08-25 02:00:00,595,Vellore,9.0,-3.904
2022-08-25 03:00:00,595,Vellore,0.5,-3.904
2022-08-25 13:00:00,595,Vellore,5.0,-3.908
2022-08-26 22:00:00,595,Vellore,18.5,-3.7385
2022-08-26 23:00:00,595,Vellore,1.5,-3.7385
2022-08-27 00:00:00,595,Vellore,4.25,-3.7385
2022-08-27 01:00:00,595,Vellore,2.25,-3.7385
2022-08-27 02:00:00,595,Vellore,0.5,-3.7385
2022-08-27 16:00:00,595,Vellore,2.0,-3.7225
2022-08-27 18:00:00,595,Vellore,4.5,-3.7225
2022-08-27 19:00:00,595,Vellore,1.0,-3.7225
2022-08-27 21:00:00,595,Vellore,0.5,-3.7225
2022-08-27 22:00:00,595,Vellore,2.75,-3.702
2022-08-27 23:00:00,595,Vellore,2.5,-3.702
2022-08-28 00:00:00,595,Vellore,1.0,-3.702
2022-08-28 01:00:00,595,Vellore,0.5,-3.702
2022-08-28 15:00:00,595,Vellore,13.5,-3.5730000000000004
2022-08-28 16:00:00,595,Vellore,0.5,-3.5015
2022-08-29 01:00:00,595,Vellore,6.5,-3.463
2022-08-29 08:00:00,595,Vellore,0.5,-3.268
2022-08-29 16:00:00,595,Vellore,3.5,-3.1505
2022-08-29 18:00:00,595,Vellore,2.0,-3.1505
2022-08-31 15:00:00,595,Vellore,0.5,-1.23
2022-08-31 16:00:00,595,Vellore,0.5,-1.435
2022-08-31 17:00:00,595,Vellore,1.5,-1.435
2022-08-31 18:00:00,595,Vellore,1.25,-1.435
2022-09-01 13:00:00,595,Vellore,0.5,-2.997
2022-09-01 15:00:00,595,Vellore,7.0,-2.997
2022-09-01 16:00:00,595,Vellore,7.75,-2.51
2022-09-01 17:00:00,595,Vellore,1.0,-2.51
2022-09-04 23:00:00,595,Vellore,0.5,-2.601
2022-09-06 02:00:00,595,Vellore,1.0,-2.5860000000000003
2022-09-06 03:00:00,595,Vellore,1.5,-2.5860000000000003
2022-09-06 15:00:00,595,Vellore,11.5,-1.061
2022-09-06 16:00:00,595,Vellore,31.0,-2.5705
2022-09-06 17:00:00,595,Vellore,3.5,-2.5705
2022-09-06 20:00:00,595,Vellore,0.5,-2.5705
2022-09-06 22:00:00,595,Vellore,0.5,-2.382
2022-09-06 23:00:00,595,Vellore,9.5,-2.382
2022-09-07 00:00:00,595,Vellore,13.5,-2.382
2022-09-07 01:00:00,595,Vellore,1.25,-2.382
2022-09-07 02:00:00,595,Vellore,1.0,-2.382
2022-09-07 04:00:00,595,Vellore,0.5,-2.363
2022-09-07 16:00:00,595,Vellore,0.5,-2.3295
2022-09-07 17:00:00,595,Vellore,3.0,-2.3295
2022-09-07 20:00:00,595,Vellore,0.5,-2.3295
2022-09-07 23:00:00,595,Vellore,2.0,-2.328
2022-09-08 02:00:00,595,Vellore,0.5,-2.328
2022-09-08 12:00:00,595,Vellore,0.5,-2.2745
2022-09-08 13:00:00,595,Vellore,0.5,-2.2745
2022-09-08 19:00:00,595,Vellore,6.0,-2.2485
2022-09-15 00:00:00,595,Vellore,1.5,-1.055
2022-09-15 01:00:00,595,Vellore,0.5,-1.055
2022-09-17 21:00:00,595,Vellore,1.5,-2.3945
2022-09-26 14:00:00,595,Vellore,4.5,-2.6065
2022-09-26 15:00:00,595,Vellore,24.0,-2.6065
2022-09-26 16:00:00,595,Vellore,12.5,-2.6
2022-10-01 04:00:00,595,Vellore,0.5,-1.197
2022-10-01 05:00:00,595,Vellore,0.5,-1.197
2022-10-06 21:00:00,595,Vellore,1.0,-1.453
2022-10-08 19:00:00,595,Vellore,0.5,-2.843
2022-10-08 21:00:00,595,Vellore,0.5,-2.843
2022-10-09 16:00:00,595,Vellore,5.0,-2.776
2022-10-09 17:00:00,595,Vellore,16.75,-2.776
2022-10-09 18:00:00,595,Vellore,2.5,-2.776
2022-10-09 19:00:00,595,Vellore,0.75,-2.776
2022-10-09 20:00:00,595,Vellore,0.5,-2.776
2022-10-10 03:00:00,595,Vellore,1.5,-2.77
2022-10-10 04:00:00,595,Vellore,0.5,-1.515
2022-10-10 21:00:00,595,Vellore,0.5,-2.6965
2022-10-13 21:00:00,595,Vellore,0.5,-2.606
2022-10-15 02:00:00,595,Vellore,1.0,-1.565
2022-10-15 12:00:00,595,Vellore,1.0,-1.563
2022-10-16 00:00:00,595,Vellore,8.0,-2.6115
2022-10-18 20:00:00,595,Vellore,1.5,-1.61
2022-10-18 21:00:00,595,Vellore,1.5,-1.61
2022-10-18 22:00:00,595,Vellore,0.5,-1.628
2022-10-18 23:00:00,595,Vellore,0.5,-1.628
2022-10-20 18:00:00,595,Vellore,0.5,-1.62
2022-10-21 20:00:00,595,Vellore,0.5,-2.7035
2022-10-21 21:00:00,595,Vellore,1.5,-2.7035
2022-10-22 04:00:00,595,Vellore,0.5,-2.7105
2022-10-28 07:00:00,595,Vellore,4.0,-2.849
2022-10-28 18:00:00,595,Vellore,0.5,-2.8535
2022-11-01 09:00:00,595,Vellore,0.5,-1.968
2022-11-01 10:00:00,595,Vellore,0.5,-1.973
2022-11-01 11:00:00,595,Vellore,1.25,-1.973
2022-11-01 12:00:00,595,Vellore,2.0,-1.973
2022-11-01 13:00:00,595,Vellore,1.0,-1.973
2022-11-01 14:00:00,595,Vellore,0.5,-1.973
2022-11-01 15:00:00,595,Vellore,0.5,-1.973
2022-11-01 17:00:00,595,Vellore,1.0,-3.0405
2022-11-01 18:00:00,595,Vellore,0.5,-3.0405
2022-11-02 01:00:00,595,Vellore,0.5,-3.0515
2022-11-02 04:00:00,595,Vellore,1.5,-3.0475000000000003
2022-11-02 05:00:00,595,Vellore,1.5,-3.0475000000000003
2022-11-02 06:00:00,595,Vellore,1.0,-3.0475000000000003
2022-11-02 07:00:00,595,Vellore,0.75,-3.0475000000000003
2022-11-02 08:00:00,595,Vellore,0.75,-3.0475000000000003
2022-11-02 09:00:00,595,Vellore,5.0,-3.0475000000000003
2022-11-02 10:00:00,595,Vellore,0.5,-3.05
2022-11-02 11:00:00,595,Vellore,1.0,-3.05
2022-11-02 12:00:00,595,Vellore,3.0,-3.05
2022-11-02 13:00:00,595,Vellore,1.5,-3.05
2022-11-02 15:00:00,595,Vellore,8.5,-3.05
2022-11-02 16:00:00,595,Vellore,0.75,-3.0375
2022-11-02 17:00:00,595,Vellore,0.5,-3.0375
2022-11-02 23:00:00,595,Vellore,0.5,-3.0445
2022-11-04 02:00:00,595,Vellore,3.0,-3.059
2022-11-04 03:00:00,595,Vellore,3.75,-3.059
2022-11-04 04:00:00,595,Vellore,0.5,-3.0515
2022-11-11 01:00:00,595,Vellore,3.0,-3.0780000000000003
2022-11-11 06:00:00,595,Vellore,0.5,-3.0705
2022-11-11 08:00:00,595,Vellore,1.0,-3.0705
2022-11-11 09:00:00,595,Vellore,0.5,-3.0705
2022-11-11 10:00:00,595,Vellore,0.5,-3.0765
2022-11-11 11:00:00,595,Vellore,1.75,-3.0765
2022-11-11 12:00:00,595,Vellore,1.5,-3.0765
2022-11-11 13:00:00,595,Vellore,1.0,-3.0765
2022-11-11 17:00:00,595,Vellore,0.5,-3.07
2022-11-11 22:00:00,595,Vellore,1.0,-3.0735
2022-11-12 00:00:00,595,Vellore,0.75,-3.0735
2022-11-12 04:00:00,595,Vellore,2.25,-3.044
2022-11-12 05:00:00,595,Vellore,1.0,-3.044
2022-11-12 06:00:00,595,Vellore,0.5,-3.044
2022-11-12 10:00:00,595,Vellore,0.5,-3.035
2022-11-12 13:00:00,595,Vellore,1.5,-3.035
2022-11-12 15:00:00,595,Vellore,0.5,-3.035
2022-11-12 16:00:00,595,Vellore,0.5,-3.0035
2022-11-12 17:00:00,595,Vellore,2.75,-3.0035
2022-11-13 00:00:00,595,Vellore,0.5,-2.9975
2022-11-13 04:00:00,595,Vellore,3.5,-2.964
2022-11-13 05:00:00,595,Vellore,0.5,-2.964
2022-11-13 06:00:00,595,Vellore,0.5,-2.964
2022-11-14 14:00:00,595,Vellore,4.0,-2.7175
2022-11-14 15:00:00,595,Vellore,5.0,-2.7175
2022-11-14 17:00:00,595,Vellore,1.5,-2.665
2022-11-23 06:00:00,595,Vellore,2.0,-2.33
2022-11-23 07:00:00,595,Vellore,1.0,-2.33
2022-11-23 09:00:00,595,Vellore,3.25,-2.33
2022-11-23 10:00:00,595,Vellore,0.5,-2.3385
2022-11-23 12:00:00,595,Vellore,0.5,-2.3385
2022-11-23 18:00:00,595,Vellore,0.5,-2.3245
2022-11-23 20:00:00,595,Vellore,1.0,-2.3245
2022-11-23 21:00:00,595,Vellore,1.25,-2.3245
2022-11-23 22:00:00,595,Vellore,3.0,-2.178
2022-11-23 23:00:00,595,Vellore,2.75,-2.178
2022-11-24 00:00:00,595,Vellore,1.25,-2.178
2022-11-24 01:00:00,595,Vellore,0.5,-2.178
2022-12-01 18:00:00,595,Vellore,0.5,-2.466
2022-12-02 17:00:00,595,Vellore,0.5,-2.512
2022-12-09 07:00:00,595,Vellore,0.5,-2.99
2022-12-09 08:00:00,595,Vellore,0.5,-2.99
2022-12-09 09:00:00,595,Vellore,2.0,-2.99
2022-12-09 10:00:00,595,Vellore,0.5,-2.9895
2022-12-09 12:00:00,595,Vellore,2.0,-2.9895
2022-12-09 14:00:00,595,Vellore,0.5,-2.9895
2022-12-09 18:00:00,595,Vellore,0.5,-2.073
2022-12-09 19:00:00,595,Vellore,0.5,-2.073
2022-12-09 20:00:00,595,Vellore,0.5,-2.073
2022-12-09 21:00:00,595,Vellore,0.75,-2.073
2022-12-09 22:00:00,595,Vellore,0.5,-2.07
2022-12-09 23:00:00,595,Vellore,0.5,-2.07
2022-12-10 00:00:00,595,Vellore,1.25,-2.07
2022-12-10 01:00:00,595,Vellore,1.25,-2.07
2022-12-10 02:00:00,595,Vellore,0.75,-2.07
2022-12-10 03:00:00,595,Vellore,1.0,-2.07
2022-12-10 04:00:00,595,Vellore,3.25,-1.937
2022-12-10 05:00:00,595,Vellore,3.25,-1.937
2022-12-10 06:00:00,595,Vellore,3.5,-1.937
2022-12-10 08:00:00,595,Vellore,4.75,-1.937
2022-12-10 09:00:00,595,Vellore,3.5,-1.937
2022-12-10 10:00:00,595,Vellore,4.25,-1.644
2022-12-10 11:00:00,595,Vellore,3.5,-1.644
2022-12-10 12:00:00,595,Vellore,3.5,-1.644
2022-12-10 13:00:00,595,Vellore,3.75,-1.644
2022-12-10 14:00:00,595,Vellore,1.0,-1.644
2022-12-10 15:00:00,595,Vellore,2.0,-1.644
2022-12-10 16:00:00,595,Vellore,5.5,-1.472
2022-12-10 17:00:00,595,Vellore,3.25,-1.472
2022-12-10 18:00:00,595,Vellore,1.0,-1.472
2022-12-10 19:00:00,595,Vellore,0.5,-1.472
2022-12-10 23:00:00,595,Vellore,0.5,-1.509
2022-12-11 03:00:00,595,Vellore,0.5,-1.509
2022-12-12 02:00:00,595,Vellore,1.0,-2.351
2022-12-12 05:00:00,595,Vellore,0.5,-2.3065
2022-12-12 06:00:00,595,Vellore,1.0,-2.3065
2022-12-12 08:00:00,595,Vellore,1.5,-2.3065
2022-12-12 09:00:00,595,Vellore,0.5,-2.3065
2022-12-12 10:00:00,595,Vellore,0.5,-2.2805
2022-12-12 11:00:00,595,Vellore,1.5,-2.2805
2022-12-12 12:00:00,595,Vellore,2.5,-2.2805
2022-12-12 13:00:00,595,Vellore,5.75,-2.2805
2022-12-12 14:00:00,595,Vellore,0.5,-2.2805
2022-12-12 22:00:00,595,Vellore,0.5,-2.195
2022-12-12 23:00:00,595,Vellore,3.0,-2.195
2022-12-13 00:00:00,595,Vellore,2.0,-2.195
2022-12-13 01:00:00,595,Vellore,9.0,-2.195
2022-12-13 02:00:00,595,Vellore,2.25,-2.195
2022-12-13 03:00:00,595,Vellore,1.5,-2.195
2022-12-13 04:00:00,595,Vellore,0.5,-2.1435
2022-12-13 10:00:00,595,Vellore,0.5,-2.117
2022-12-13 11:00:00,595,Vellore,0.5,-2.117
2022-12-13 12:00:00,595,Vellore,0.5,-2.117
2022-12-13 15:00:00,595,Vellore,0.5,-2.117
2022-12-14 16:00:00,595,Vellore,0.5,-1.9855
2022-12-14 19:00:00,595,Vellore,1.5,-1.9855
2022-12-25 04:00:00,595,Vellore,1.0,-2.253
2022-12-25 05:00:00,595,Vellore,1.0,-2.253
2022-12-25 07:00:00,595,Vellore,0.5,-2.253
2022-12-25 11:00:00,595,Vellore,0.5,-2.257
2022-12-25 13:00:00,595,Vellore,5.0,-2.257
2022-12-25 14:00:00,595,Vellore,2.0,-2.257
2022-12-25 15:00:00,595,Vellore,1.75,-2.257
2022-12-25 17:00:00,595,Vellore,2.25,-2.2155
2022-12-25 19:00:00,595,Vellore,8.5,-2.2155
2022-12-25 20:00:00,595,Vellore,0.5,-2.2155
2022-12-26 00:00:00,595,Vellore,3.0,-2.2025
2022-12-26 01:00:00,595,Vellore,0.5,-2.2025
2022-12-26 03:00:00,595,Vellore,1.5,-2.2025
2022-12-26 04:00:00,595,Vellore,0.5,-1.65
2022-12-26 20:00:00,595,Vellore,1.0,-2.16
2022-12-27 04:00:00,595,Vellore,1.0,-2.1505
2023-02-23 13:00:00,595,Vellore,1.0,-4.5615000000000006
2023-03-19 02:00:00,595,Vellore,8.0,-3.09
2023-03-19 03:00:00,595,Vellore,15.75,-3.09
2023-03-19 04:00:00,595,Vellore,1.5,-5.027
2023-03-19 05:00:00,595,Vellore,2.25,-5.027
2023-03-19 06:00:00,595,Vellore,2.75,-5.027
2023-03-19 07:00:00,595,Vellore,2.0,-5.027
2023-03-19 08:00:00,595,Vellore,1.0,-5.027
2023-03-20 02:00:00,595,Vellore,0.5,-4.998
2023-03-20 03:00:00,595,Vellore,6.5,-4.998
2023-03-21 01:00:00,595,Vellore,2.5,-4.952500000000001
2023-03-26 20:00:00,595,Vellore,0.5,-3.347
2023-03-26 21:00:00,595,Vellore,1.5,-3.347
2023-03-26 22:00:00,595,Vellore,0.5,-3.36
2023-04-01 14:00:00,595,Vellore,1.5,-3.404
2023-04-01 15:00:00,595,Vellore,1.0,-3.404
2023-04-01 16:00:00,595,Vellore,0.5,-3.32
2023-04-01 17:00:00,595,Vellore,0.5,-3.32
2023-04-01 18:00:00,595,Vellore,0.5,-3.32
2023-04-01 19:00:00,595,Vellore,0.5,-3.32
2023-04-01 22:00:00,595,Vellore,0.5,-3.112
2023-04-02 01:00:00,595,Vellore,0.5,-3.112
2023-04-02 13:00:00,595,Vellore,0.5,-3.356
2023-04-02 16:00:00,595,Vellore,3.0,-3.336
2023-04-02 17:00:00,595,Vellore,1.5,-3.336
2023-04-03 00:00:00,595,Vellore,0.5,-3.361
2023-04-03 13:00:00,595,Vellore,0.5,-3.382
2023-04-21 16:00:00,595,Vellore,0.5,-5.626
2023-04-21 17:00:00,595,Vellore,8.0,-5.626
2023-04-22 17:00:00,595,Vellore,0.5,-5.656499999999999
2023-04-22 19:00:00,595,Vellore,9.5,-5.656499999999999
2023-04-22 20:00:00,595,Vellore,0.5,-5.656499999999999
2023-04-23 15:00:00,595,Vellore,9.5,-5.7095
2023-04-23 16:00:00,595,Vellore,8.25,-5.6945
2023-04-23 17:00:00,595,Vellore,7.5,-5.6945
2023-04-23 22:00:00,595,Vellore,4.5,-5.747
2023-04-23 23:00:00,595,Vellore,2.5,-5.747
2023-04-29 15:00:00,595,Vellore,26.0,-5.968999999999999
2023-05-01 16:00:00,595,Vellore,16.5,-5.944
2023-05-01 17:00:00,595,Vellore,21.0,-5.944
2023-05-01 18:00:00,595,Vellore,4.0,-5.944
2023-05-01 19:00:00,595,Vellore,1.25,-5.944
2023-05-01 23:00:00,595,Vellore,0.5,-5.948
2023-05-02 00:00:00,595,Vellore,0.5,-5.948
2023-05-03 16:00:00,595,Vellore,9.0,-5.935
2023-05-03 19:00:00,595,Vellore,0.5,-5.935
2023-05-03 20:00:00,595,Vellore,11.5,-5.935
2023-05-03 21:00:00,595,Vellore,0.5,-5.935
2023-05-03 23:00:00,595,Vellore,1.0,-5.811
2023-05-04 00:00:00,595,Vellore,0.5,-5.811
2023-05-04 01:00:00,595,Vellore,0.5,-5.811
2023-05-04 02:00:00,595,Vellore,0.5,-5.811
2023-05-05 15:00:00,595,Vellore,1.0,-5.8655
2023-05-05 16:00:00,595,Vellore,14.0,-5.853
2023-05-05 17:00:00,595,Vellore,1.5,-5.853
2023-05-05 18:00:00,595,Vellore,1.75,-5.853
2023-05-05 19:00:00,595,Vellore,0.5,-5.853
2023-05-05 20:00:00,595,Vellore,20.5,-5.853
2023-05-05 21:00:00,595,Vellore,6.0,-5.853
2023-05-05 22:00:00,595,Vellore,2.75,-5.6370000000000005
2023-05-05 23:00:00,595,Vellore,0.5,-5.6370000000000005
2023-05-06 15:00:00,595,Vellore,48.0,-5.655
2023-05-06 16:00:00,595,Vellore,0.5,-5.412
2023-05-06 17:00:00,595,Vellore,1.0,-5.412
2023-05-06 19:00:00,595,Vellore,0.5,-5.412
2023-05-06 20:00:00,595,Vellore,1.0,-5.412
2023-05-07 19:00:00,595,Vellore,3.5,-5.634
2023-05-07 20:00:00,595,Vellore,9.0,-5.634
2023-05-07 21:00:00,595,Vellore,5.5,-5.634
2023-05-07 22:00:00,595,Vellore,7.0,-5.4035
2023-05-07 23:00:00,595,Vellore,3.25,-5.4035
2023-05-08 00:00:00,595,Vellore,4.5,-5.4035
2023-05-08 01:00:00,595,Vellore,3.5,-5.4035
2023-05-08 02:00:00,595,Vellore,1.0,-5.4035
2023-06-02 09:00:00,595,Vellore,3.5,-6.2315
2023-06-02 15:00:00,595,Vellore,1.5,-6.281
2023-06-02 21:00:00,595,Vellore,6.5,-6.2485
2023-06-02 22:00:00,595,Vellore,0.5,-6.263
2023-06-09 16:00:00,595,Vellore,7.5,-6.407
2023-06-09 17:00:00,595,Vellore,41.5,-6.407
2023-06-12 23:00:00,595,Vellore,1.5,-6.3925
2023-06-13 01:00:00,595,Vellore,1.0,-6.3925
2023-06-13 02:00:00,595,Vellore,0.5,-6.3925
2023-06-14 00:00:00,595,Vellore,1.0,-6.399
2023-06-17 00:00:00,595,Vellore,0.5,-6.543
2023-06-18 12:00:00,595,Vellore,1.0,-6.535500000000001
2023-06-19 07:00:00,595,Vellore,0.5,-6.401999999999999
2023-06-19 08:00:00,595,Vellore,2.5,-6.401999999999999
2023-06-19 09:00:00,595,Vellore,9.75,-6.401999999999999
2023-06-19 10:00:00,595,Vellore,1.0,-6.516
2023-06-19 11:00:00,595,Vellore,0.5,-6.516
2023-06-19 12:00:00,595,Vellore,0.5,-6.516
2023-06-19 21:00:00,595,Vellore,1.75,-6.497999999999999
2023-06-19 22:00:00,595,Vellore,0.75,-6.3870000000000005
2023-06-19 23:00:00,595,Vellore,0.5,-6.3870000000000005
2023-06-20 00:00:00,595,Vellore,0.5,-6.3870000000000005
2023-06-20 02:00:00,595,Vellore,0.5,-6.3870000000000005
2023-06-20 03:00:00,595,Vellore,1.0,-6.3870000000000005
2023-06-20 04:00:00,595,Vellore,1.5,-6.378
2023-06-20 05:00:00,595,Vellore,11.25,-6.378
2023-06-20 06:00:00,595,Vellore,3.5,-6.378
2023-06-20 07:00:00,595,Vellore,1.0,-6.378
2023-06-20 09:00:00,595,Vellore,0.5,-6.378
2023-06-20 10:00:00,595,Vellore,1.25,-6.3485
2023-06-20 11:00:00,595,Vellore,1.0,-6.3485
2023-06-20 12:00:00,595,Vellore,0.5,-6.3485
2023-06-20 13:00:00,595,Vellore,0.5,-6.3485
2023-06-20 21:00:00,595,Vellore,6.0,-6.3165
2023-06-21 00:00:00,595,Vellore,21.0,-6.3285
2023-06-21 01:00:00,595,Vellore,1.0,-6.3285
2023-06-21 02:00:00,595,Vellore,2.0,-6.3285
2023-06-21 03:00:00,595,Vellore,4.5,-6.3285
2023-06-21 04:00:00,595,Vellore,2.0,-6.2405
2023-06-21 05:00:00,595,Vellore,0.75,-6.2405
2023-06-21 06:00:00,595,Vellore,1.5,-6.2405
2023-06-21 18:00:00,595,Vellore,0.5,-6.2515
2023-06-21 19:00:00,595,Vellore,1.25,-6.2515
2023-06-21 20:00:00,595,Vellore,0.75,-6.2515
2023-06-22 15:00:00,595,Vellore,4.5,-6.258
2023-06-22 16:00:00,595,Vellore,23.75,-6.2445
2023-06-22 17:00:00,595,Vellore,0.5,-6.2445
2023-06-23 06:00:00,595,Vellore,1.0,-6.2545
2023-06-23 07:00:00,595,Vellore,0.5,-6.2545
2023-06-23 19:00:00,595,Vellore,0.5,-6.2515
2023-06-23 20:00:00,595,Vellore,1.0,-6.2515
2023-07-03 00:00:00,595,Vellore,0.5,-6.446
2023-07-10 00:00:00,595,Vellore,0.5,-6.531000000000001
2023-07-10 22:00:00,595,Vellore,2.5,-6.333
2023-07-12 15:00:00,595,Vellore,1.0,-6.4075
2023-07-12 18:00:00,595,Vellore,12.0,-6.4025
2023-07-12 19:00:00,595,Vellore,12.0,-6.4025
2023-07-12 22:00:00,595,Vellore,17.25,-6.33
2023-07-12 23:00:00,595,Vellore,11.0,-6.33
2023-07-13 20:00:00,595,Vellore,30.5,-6.409
2023-07-13 21:00:00,595,Vellore,0.5,-6.409
2023-07-16 23:00:00,595,Vellore,0.5,-6.372
2023-07-19 17:00:00,595,Vellore,1.0,-6.501
2023-07-19 18:00:00,595,Vellore,0.5,-6.501
2023-07-22 22:00:00,595,Vellore,0.5,-6.463000000000001
2023-07-23 16:00:00,595,Vellore,0.5,-6.5695
2023-07-23 17:00:00,595,Vellore,1.0,-6.5695
2023-07-23 18:00:00,595,Vellore,0.5,-6.5695
2023-07-23 20:00:00,595,Vellore,1.0,-6.5695
2023-07-23 21:00:00,595,Vellore,0.5,-6.5695
2023-07-24 07:00:00,595,Vellore,0.5,-6.565
2023-07-24 17:00:00,595,Vellore,0.75,-6.5655
2023-07-24 19:00:00,595,Vellore,0.5,-6.5655
2023-07-24 20:00:00,595,Vellore,2.25,-6.5655
2023-07-24 21:00:00,595,Vellore,1.0,-6.5655
2023-07-25 17:00:00,595,Vellore,0.5,-6.5595
2023-07-25 18:00:00,595,Vellore,1.0,-6.5595
2023-07-25 19:00:00,595,Vellore,0.75,-6.5595
2023-07-25 20:00:00,595,Vellore,1.0,-6.5595
2023-07-25 21:00:00,595,Vellore,0.5,-6.5595
2023-07-26 03:00:00,595,Vellore,0.5,-6.561
2023-07-26 21:00:00,595,Vellore,0.5,-6.5495
2023-07-27 02:00:00,595,Vellore,0.5,-6.55
2023-08-04 21:00:00,595,Vellore,2.5,-6.7675
2023-08-09 17:00:00,595,Vellore,0.5,-6.773999999999999
2023-08-09 20:00:00,595,Vellore,2.5,-6.773999999999999
2023-08-09 21:00:00,595,Vellore,4.5,-6.773999999999999
2023-08-10 15:00:00,595,Vellore,0.5,-6.8245
2023-08-10 16:00:00,595,Vellore,6.0,-6.792
2023-08-12 15:00:00,595,Vellore,8.0,-6.803000000000001
2023-08-14 20:00:00,595,Vellore,4.0,-6.7255
2023-08-22 14:00:00,595,Vellore,4.5,-6.898
2023-08-23 03:00:00,595,Vellore,0.5,-6.899
2023-08-26 19:00:00,595,Vellore,17.5,-6.791
2023-08-26 20:00:00,595,Vellore,3.0,-6.791
2023-08-27 03:00:00,595,Vellore,2.5,-6.6715
2023-08-27 04:00:00,595,Vellore,2.0,-6.6425
2023-08-27 05:00:00,595,Vellore,1.5,-6.6425
2023-08-27 06:00:00,595,Vellore,1.0,-6.6425
2023-08-27 14:00:00,595,Vellore,6.5,-6.6145
2023-09-01 00:00:00,595,Vellore,1.5,-6.472999999999999
2023-09-02 15:00:00,595,Vellore,3.0,-4.434
2023-09-02 16:00:00,595,Vellore,7.5,-6.374
2023-09-02 17:00:00,595,Vellore,0.5,-6.374
2023-09-03 02:00:00,595,Vellore,3.0,-6.386
2023-09-03 03:00:00,595,Vellore,1.5,-6.386
2023-09-04 18:00:00,595,Vellore,2.5,-6.282
2023-09-06 21:00:00,595,Vellore,0.5,-6.2485
2023-09-06 22:00:00,595,Vellore,0.5,-6.2355
2023-09-06 23:00:00,595,Vellore,1.0,-6.2355
2023-09-07 00:00:00,595,Vellore,0.5,-6.2355
2023-09-07 20:00:00,595,Vellore,8.0,-6.379
2023-09-07 21:00:00,595,Vellore,3.5,-6.379
2023-09-14 20:00:00,595,Vellore,1.0,-6.1805
2023-09-16 19:00:00,595,Vellore,13.0,-6.176
2023-09-16 20:00:00,595,Vellore,5.5,-6.176
2023-09-16 21:00:00,595,Vellore,1.5,-6.176
2023-09-16 22:00:00,595,Vellore,0.5,-6.015
2023-09-16 23:00:00,595,Vellore,0.5,-6.015
2023-09-17 00:00:00,595,Vellore,0.5,-6.015
2023-09-17 01:00:00,595,Vellore,2.0,-6.015
2023-09-17 02:00:00,595,Vellore,1.0,-6.015
2023-09-17 03:00:00,595,Vellore,2.0,-6.015
2023-09-17 23:00:00,595,Vellore,9.0,-5.7465
2023-09-18 21:00:00,595,Vellore,24.0,-5.8740000000000006
2023-09-20 16:00:00,595,Vellore,5.5,-5.694
2023-09-20 17:00:00,595,Vellore,2.0,-5.694
2023-09-21 05:00:00,595,Vellore,1.0,-5.709
2023-09-21 06:00:00,595,Vellore,1.0,-5.709
2023-09-21 07:00:00,595,Vellore,0.5,-5.709
2023-09-21 08:00:00,595,Vellore,0.5,-5.709
2023-09-23 16:00:00,595,Vellore,2.5,-5.796
2023-09-23 17:00:00,595,Vellore,18.5,-5.796
2023-09-23 18:00:00,595,Vellore,2.0,-5.796
2023-09-23 19:00:00,595,Vellore,0.5,-5.796
2023-09-23 20:00:00,595,Vellore,1.0,-5.796
2023-09-23 22:00:00,595,Vellore,19.5,-5.1625
2023-09-23 23:00:00,595,Vellore,2.5,-5.1625
2023-09-24 00:00:00,595,Vellore,3.0,-5.1625
2023-09-24 01:00:00,595,Vellore,0.5,-5.1625
2023-09-24 21:00:00,595,Vellore,19.5,-4.9775
2023-09-24 22:00:00,595,Vellore,17.0,-4.7535
2023-09-25 01:00:00,595,Vellore,1.5,-4.7535
2023-09-25 03:00:00,595,Vellore,0.5,-4.7535
2023-09-25 04:00:00,595,Vellore,4.0,-4.4935
2023-09-25 05:00:00,595,Vellore,2.5,-4.4935
2023-09-25 23:00:00,595,Vellore,0.5,-4.466
2023-09-26 02:00:00,595,Vellore,1.5,-4.466
2023-09-26 05:00:00,595,Vellore,1.0,-4.58
2023-09-26 06:00:00,595,Vellore,2.0,-4.58
2023-09-26 07:00:00,595,Vellore,0.5,-4.58
2023-09-26 23:00:00,595,Vellore,0.5,-4.4415
2023-09-27 01:00:00,595,Vellore,3.0,-4.4415
2023-09-27 02:00:00,595,Vellore,7.0,-4.4415
2023-09-27 03:00:00,595,Vellore,0.5,-4.4415
2023-09-27 04:00:00,595,Vellore,2.0,-4.3870000000000005
2023-09-27 05:00:00,595,Vellore,0.5,-4.3870000000000005
2023-09-27 16:00:00,595,Vellore,1.5,-4.278
2023-09-27 17:00:00,595,Vellore,6.0,-4.278
2023-09-27 19:00:00,595,Vellore,0.5,-4.278
2023-09-27 22:00:00,595,Vellore,7.0,-4.231
2023-09-27 23:00:00,595,Vellore,6.0,-4.231
2023-09-28 00:00:00,595,Vellore,4.0,-4.231
2023-09-28 01:00:00,595,Vellore,1.0,-4.231
2023-09-28 02:00:00,595,Vellore,0.5,-4.231
2023-09-28 22:00:00,595,Vellore,5.5,-4.006
2023-09-29 00:00:00,595,Vellore,0.5,-4.006
2023-09-30 20:00:00,595,Vellore,9.5,-3.8865
2023-10-04 14:00:00,595,Vellore,1.0,-3.7625
2023-10-04 15:00:00,595,Vellore,14.0,-3.7625
2023-10-04 20:00:00,595,Vellore,0.5,-3.7615
2023-10-09 16:00:00,595,Vellore,3.0,-3.9035
2023-10-09 23:00:00,595,Vellore,21.0,-3.9325
2023-10-10 21:00:00,595,Vellore,3.5,-3.935
2023-10-10 22:00:00,595,Vellore,23.5,-3.9625
2023-10-10 23:00:00,595,Vellore,9.5,-3.9625
2023-10-11 00:00:00,595,Vellore,0.5,-3.9625
2023-10-21 16:00:00,595,Vellore,1.5,-3.7875
2023-10-21 17:00:00,595,Vellore,1.5,-3.7875
2023-10-28 21:00:00,595,Vellore,2.5,-4.3155
2023-10-30 03:00:00,595,Vellore,1.0,-4.241
2023-10-30 04:00:00,595,Vellore,0.5,-4.242
2023-10-30 13:00:00,595,Vellore,2.0,-4.255
2023-10-31 01:00:00,595,Vellore,1.0,-4.2735
2023-10-31 02:00:00,595,Vellore,9.5,-4.2735
2023-11-03 16:00:00,595,Vellore,0.5,-4.623333333333334
2023-11-03 17:00:00,595,Vellore,4.5,-4.623333333333334
2023-11-04 07:00:00,595,Vellore,4.0,-5.28725
2023-11-04 18:00:00,595,Vellore,6.5,-5.27275
2023-11-04 19:00:00,595,Vellore,5.25,-5.27275
2023-11-04 20:00:00,595,Vellore,18.5,-5.27275
2023-11-04 21:00:00,595,Vellore,0.5,-5.27275
2023-11-04 23:00:00,595,Vellore,0.5,-5.062250000000001
2023-11-07 16:00:00,595,Vellore,3.5,-4.511333333333333
2023-11-07 17:00:00,595,Vellore,2.5,-4.511333333333333
2023-11-07 18:00:00,595,Vellore,0.5,-4.511333333333333
2023-11-07 19:00:00,595,Vellore,1.0,-4.511333333333333
2023-11-10 00:00:00,595,Vellore,0.5,-5.10675
2023-11-14 07:00:00,595,Vellore,0.5,-5.1835
2023-11-14 08:00:00,595,Vellore,0.5,-5.1835
2023-11-14 12:00:00,595,Vellore,0.5,-5.2975
2023-11-14 13:00:00,595,Vellore,0.5,-5.2975
2023-11-14 14:00:00,595,Vellore,0.5,-5.2975
2023-11-14 19:00:00,595,Vellore,0.5,-5.17275
2023-11-21 17:00:00,595,Vellore,1.0,-5.24425
2023-11-22 04:00:00,595,Vellore,0.5,-5.21675
2023-11-22 09:00:00,595,Vellore,2.0,-5.21675
2023-11-23 02:00:00,595,Vellore,0.5,-5.23325
2023-11-23 03:00:00,595,Vellore,1.5,-5.23325
2023-11-23 04:00:00,595,Vellore,1.5,-5.22775
2023-11-23 05:00:00,595,Vellore,0.5,-5.22775
2023-11-23 06:00:00,595,Vellore,0.5,-5.22775
2023-11-24 14:00:00,595,Vellore,3.5,-5.355
2023-11-24 15:00:00,595,Vellore,1.5,-5.355
2023-11-25 13:00:00,595,Vellore,1.0,-5.22625
2023-11-25 14:00:00,595,Vellore,0.5,-5.22625
2023-11-26 21:00:00,595,Vellore,8.0,-5.22
2023-11-26 22:00:00,595,Vellore,4.5,-5.203250000000001
2023-11-26 23:00:00,595,Vellore,2.0,-5.203250000000001
2023-11-27 07:00:00,595,Vellore,0.5,-5.19025
2023-11-27 13:00:00,595,Vellore,9.5,-5.3105
2023-11-28 05:00:00,595,Vellore,0.5,-5.178
2023-11-28 15:00:00,595,Vellore,6.0,-5.3020000000000005
2023-11-28 16:00:00,595,Vellore,2.5,-5.159
2023-11-29 22:00:00,595,Vellore,1.5,-5.072
2023-11-29 23:00:00,595,Vellore,1.5,-5.072
2023-11-30 19:00:00,595,Vellore,4.5,-5.06425
2023-11-30 20:00:00,595,Vellore,1.5,-5.06425
2023-11-30 23:00:00,595,Vellore,0.5,-5.043
2023-12-02 17:00:00,595,Vellore,5.5,-4.99375
2023-12-02 18:00:00,595,Vellore,2.0,-4.99375
2023-12-02 19:00:00,595,Vellore,0.5,-4.99375
2023-12-02 21:00:00,595,Vellore,0.5,-4.99375
2023-12-03 00:00:00,595,Vellore,6.5,-4.9565
2023-12-03 01:00:00,595,Vellore,11.5,-4.9565
2023-12-03 02:00:00,595,Vellore,1.5,-4.9565
2023-12-03 03:00:00,595,Vellore,1.5,-4.9565
2023-12-03 04:00:00,595,Vellore,6.5,-4.77325
2023-12-03 05:00:00,595,Vellore,1.0,-4.77325
2023-12-03 06:00:00,595,Vellore,2.0,-4.77325
2023-12-03 07:00:00,595,Vellore,2.5,-4.77325
2023-12-03 08:00:00,595,Vellore,3.5,-4.77325
2023-12-03 09:00:00,595,Vellore,2.0,-4.77325
2023-12-03 10:00:00,595,Vellore,1.0,-4.6857500000000005
2023-12-03 11:00:00,595,Vellore,1.0,-4.6857500000000005
2023-12-03 12:00:00,595,Vellore,3.5,-4.6857500000000005
2023-12-03 13:00:00,595,Vellore,2.0,-4.6857500000000005
2023-12-04 12:00:00,595,Vellore,0.5,-3.7495
2023-12-15 19:00:00,595,Vellore,1.0,-3.276
2023-12-15 20:00:00,595,Vellore,0.5,-3.276
2023-12-15 21:00:00,595,Vellore,0.5,-3.276
2023-12-15 22:00:00,595,Vellore,0.5,-3.266
2023-12-16 19:00:00,595,Vellore,0.5,-3.23
2023-12-17 20:00:00,595,Vellore,0.5,-3.2455
2024-01-05 09:00:00,595,Vellore,0.5,-4.98025
2024-01-07 22:00:00,595,Vellore,0.5,-5.02975
2024-01-07 23:00:00,595,Vellore,0.5,-5.02975
2024-01-08 00:00:00,595,Vellore,1.0,-5.02975
2024-01-08 01:00:00,595,Vellore,0.5,-5.02975
2024-01-08 03:00:00,595,Vellore,0.5,-5.02975
2024-01-08 05:00:00,595,Vellore,0.5,-5.03375
2024-01-08 07:00:00,595,Vellore,1.0,-5.03375
2024-01-08 08:00:00,595,Vellore,1.0,-5.03375
2024-01-08 09:00:00,595,Vellore,1.5,-5.03375
2024-01-08 10:00:00,595,Vellore,1.5,-5.14025
2024-01-08 11:00:00,595,Vellore,4.0,-5.14025
2024-01-08 12:00:00,595,Vellore,3.5,-5.14025
2024-01-08 13:00:00,595,Vellore,2.5,-5.14025
2024-01-08 14:00:00,595,Vellore,2.0,-5.14025
2024-01-08 15:00:00,595,Vellore,1.0,-5.14025
2024-01-08 16:00:00,595,Vellore,0.5,-4.97525
2024-05-03 15:00:00,595,Vellore,4.5,-8.0595
2024-05-03 16:00:00,595,Vellore,4.5,-8.07175
2024-05-04 16:00:00,595,Vellore,0.5,-8.093
2024-05-04 17:00:00,595,Vellore,1.0,-8.093
2024-05-04 18:00:00,595,Vellore,10.5,-8.093
2024-05-06 23:00:00,595,Vellore,1.0,-8.131499999999999
2024-05-07 00:00:00,595,Vellore,0.5,-8.131499999999999
2024-05-07 01:00:00,595,Vellore,0.75,-8.131499999999999
2024-05-07 02:00:00,595,Vellore,0.5,-8.131499999999999
2024-05-08 03:00:00,595,Vellore,4.5,-8.06525
2024-05-08 04:00:00,595,Vellore,1.0,-8.0695
2024-05-08 05:00:00,595,Vellore,21.5,-8.0695
2024-05-08 06:00:00,595,Vellore,2.0,-8.0695
2024-05-08 07:00:00,595,Vellore,0.5,-8.0695
2024-05-08 08:00:00,595,Vellore,2.0,-8.0695
2024-05-08 09:00:00,595,Vellore,0.5,-8.0695
2024-05-08 10:00:00,595,Vellore,0.5,-7.875500000000001
2024-05-16 03:00:00,595,Vellore,1.0,-8.0835
2024-05-18 17:00:00,595,Vellore,1.0,-8.17
2024-05-18 18:00:00,595,Vellore,1.0,-8.17
2024-05-18 23:00:00,595,Vellore,0.5,-8.05775
2024-05-21 13:00:00,595,Vellore,3.5,-7.417199999999999
2024-05-21 14:00:00,595,Vellore,1.5,-7.417199999999999
2024-05-25 10:25:00,595,Vellore,2.5,-7.5678
2024-05-25 10:30:00,595,Vellore,2.5,-7.5678
2024-05-25 10:35:00,595,Vellore,2.5,-7.5678
2024-05-25 10:40:00,595,Vellore,2.5,-7.5678
2024-05-25 10:45:00,595,Vellore,2.5,-7.5678
2024-05-25 11:00:00,595,Vellore,2.5,-7.5678
2024-06-01 15:00:00,595,Vellore,1.0,-7.6788
2024-06-01 17:00:00,595,Vellore,1.0,-7.6046
2024-06-01 18:00:00,595,Vellore,10.25,-7.6046
2024-06-01 19:00:00,595,Vellore,3.5,-7.6046
2024-06-01 20:00:00,595,Vellore,1.5,-7.6046
2024-06-03 02:00:00,595,Vellore,2.5,-7.570400000000001
2024-06-03 03:00:00,595,Vellore,1.0,-7.570400000000001
2024-06-03 04:00:00,595,Vellore,0.5,-7.5774
2024-06-04 17:00:00,595,Vellore,0.5,-7.5832
2024-06-04 18:00:00,595,Vellore,6.0,-7.5832
2024-06-05 01:00:00,595,Vellore,0.5,-7.5876
2024-06-05 03:00:00,595,Vellore,0.5,-7.5876
2024-06-05 14:00:00,595,Vellore,1.0,-7.6608
2024-06-05 15:00:00,595,Vellore,0.5,-7.6608
2024-06-05 23:00:00,595,Vellore,2.75,-7.5804
2024-06-06 00:00:00,595,Vellore,4.0,-7.5804
2024-06-06 17:00:00,595,Vellore,0.5,-7.5702
2024-06-06 19:00:00,595,Vellore,0.5,-7.5702
2024-06-06 21:00:00,595,Vellore,0.5,-7.5702
2024-06-06 22:00:00,595,Vellore,1.0,-7.57
2024-06-06 23:00:00,595,Vellore,2.75,-7.57
2024-06-07 00:00:00,595,Vellore,1.5,-7.57
2024-06-07 02:00:00,595,Vellore,0.5,-7.57
2024-06-08 08:00:00,595,Vellore,0.5,-7.491200000000001
2024-06-09 17:00:00,595,Vellore,1.0,-7.5608
2024-06-09 18:00:00,595,Vellore,1.5,-7.5608
2024-06-13 18:00:00,595,Vellore,6.0,-7.5876
2024-06-16 23:00:00,595,Vellore,6.5,-7.5854
2024-06-17 00:00:00,595,Vellore,6.0,-7.5854
2024-06-17 01:00:00,595,Vellore,4.0,-7.5854
2024-06-17 02:00:00,595,Vellore,5.0,-7.5854
2024-06-17 03:00:00,595,Vellore,1.0,-7.5854
2024-06-17 23:00:00,595,Vellore,1.0,-7.524799999999999
2024-06-18 05:00:00,595,Vellore,0.5,-7.495999999999999
2024-06-18 19:00:00,595,Vellore,2.5,-7.513599999999999
2024-06-18 20:00:00,595,Vellore,23.0,-7.513599999999999
2024-06-18 21:00:00,595,Vellore,1.0,-7.513599999999999
2024-06-19 00:00:00,595,Vellore,1.0,-7.456799999999999
2024-06-19 01:00:00,595,Vellore,3.0,-7.456799999999999
2024-06-19 02:00:00,595,Vellore,3.0,-7.456799999999999
2024-06-19 03:00:00,595,Vellore,0.5,-7.456799999999999
2024-06-19 16:00:00,595,Vellore,1.5,-7.2956
2024-06-19 17:00:00,595,Vellore,1.0,-7.2956
2024-06-19 19:00:00,595,Vellore,7.0,-7.2956
2024-06-19 20:00:00,595,Vellore,3.0,-7.2956
2024-06-19 21:00:00,595,Vellore,1.5,-7.2956
2024-06-19 22:00:00,595,Vellore,0.5,-7.117
2024-06-20 00:00:00,595,Vellore,2.5,-7.117
2024-06-20 01:00:00,595,Vellore,1.0,-7.117
2024-06-20 02:00:00,595,Vellore,0.5,-7.117
2024-06-20 19:00:00,595,Vellore,1.5,-7.090000000000001
2024-06-20 20:00:00,595,Vellore,0.5,-7.090000000000001
2024-06-21 16:00:00,595,Vellore,2.5,-7.069599999999999
2024-06-21 17:00:00,595,Vellore,0.5,-7.069599999999999
2024-06-21 19:00:00,595,Vellore,7.0,-7.069599999999999
2024-06-21 20:00:00,595,Vellore,0.5,-7.069599999999999
2024-06-30 22:00:00,595,Vellore,8.5,-6.989999999999999
2024-07-01 00:00:00,595,Vellore,0.5,-6.989999999999999
2024-07-05 23:00:00,595,Vellore,1.5,-6.9574
2024-07-06 03:00:00,595,Vellore,0.5,-6.9574
2024-07-06 06:00:00,595,Vellore,0.5,-6.9492
2024-07-07 21:00:00,595,Vellore,1.0,-7.0206
2024-07-07 22:00:00,595,Vellore,0.5,-6.9462
2024-07-12 19:00:00,595,Vellore,20.5,-6.8866
2024-07-12 20:00:00,595,Vellore,1.5,-6.8866
2024-07-12 21:00:00,595,Vellore,24.5,-6.8866
2024-07-12 22:00:00,595,Vellore,2.0,-6.7542
2024-07-12 23:00:00,595,Vellore,2.0,-6.7542
2024-07-13 00:00:00,595,Vellore,1.0,-6.7542
2024-07-13 01:00:00,595,Vellore,1.0,-6.7542
2024-07-13 03:00:00,595,Vellore,0.5,-6.7542
2024-07-13 20:00:00,595,Vellore,4.0,-6.6404
2024-07-13 21:00:00,595,Vellore,1.5,-6.6404
2024-07-15 06:00:00,595,Vellore,0.5,-6.666
2024-07-15 10:00:00,595,Vellore,0.5,-6.7308
2024-07-15 11:00:00,595,Vellore,1.0,-6.7308
2024-07-15 12:00:00,595,Vellore,0.5,-6.7308
2024-07-15 13:00:00,595,Vellore,0.5,-6.7308
2024-07-15 14:00:00,595,Vellore,1.5,-6.7308
2024-07-15 17:00:00,595,Vellore,0.5,-6.6462
2024-07-15 21:00:00,595,Vellore,0.5,-6.6462
2024-07-18 12:00:00,595,Vellore,3.0,-6.74025
2024-07-18 16:00:00,595,Vellore,3.0,-6.680999999999999
2024-07-23 18:00:00,595,Vellore,2.0,-6.6746
2024-07-23 19:00:00,595,Vellore,2.5,-6.6746
2024-07-25 17:00:00,595,Vellore,2.0,-6.6616
2024-07-26 20:00:00,595,Vellore,3.0,-6.6648
2024-07-26 21:00:00,595,Vellore,1.5,-6.6648
2024-08-01 19:00:00,595,Vellore,3.0,-6.7978
2024-08-01 21:00:00,595,Vellore,1.5,-6.7978
2024-08-05 01:00:00,595,Vellore,0.5,-6.841200000000001
2024-08-05 02:00:00,595,Vellore,0.5,-6.841200000000001
2024-08-05 03:00:00,595,Vellore,0.75,-6.841200000000001
2024-08-05 04:00:00,595,Vellore,0.5,-6.8382000000000005
2024-08-05 18:00:00,595,Vellore,50.0,-6.879
2024-08-05 19:00:00,595,Vellore,2.0,-6.879
2024-08-05 20:00:00,595,Vellore,1.5,-6.879
2024-08-05 21:00:00,595,Vellore,2.5,-6.879
2024-08-05 22:00:00,595,Vellore,1.5,-6.773000000000001
2024-08-06 02:00:00,595,Vellore,0.5,-6.773000000000001
2024-08-06 03:00:00,595,Vellore,0.5,-6.773000000000001
2024-08-06 05:00:00,595,Vellore,0.5,-6.746
2024-08-06 06:00:00,595,Vellore,1.5,-6.746
2024-08-06 17:00:00,595,Vellore,9.0,-6.7508
2024-08-06 18:00:00,595,Vellore,2.0,-6.7508
2024-08-06 19:00:00,595,Vellore,0.5,-6.7508
2024-08-06 20:00:00,595,Vellore,9.75,-6.7508
2024-08-06 21:00:00,595,Vellore,5.0,-6.7508
2024-08-06 22:00:00,595,Vellore,1.5,-6.7506
2024-08-06 23:00:00,595,Vellore,0.5,-6.7506
2024-08-07 00:00:00,595,Vellore,0.5,-6.7506
2024-08-07 01:00:00,595,Vellore,0.5,-6.7506
2024-08-07 06:00:00,595,Vellore,0.5,-6.7182
2024-08-07 12:00:00,595,Vellore,0.5,-6.7232
2024-08-07 21:00:00,595,Vellore,3.0,-6.763
2024-08-08 03:00:00,595,Vellore,0.5,-6.7218
2024-08-08 22:00:00,595,Vellore,5.0,-6.7090000000000005
2024-08-08 23:00:00,595,Vellore,3.25,-6.7090000000000005
2024-08-09 00:00:00,595,Vellore,5.0,-6.7090000000000005
2024-08-09 01:00:00,595,Vellore,1.0,-6.7090000000000005
2024-08-09 02:00:00,595,Vellore,3.0,-6.7090000000000005
2024-08-09 03:00:00,595,Vellore,3.0,-6.7090000000000005
2024-08-09 04:00:00,595,Vellore,1.5,-6.5792
2024-08-09 05:00:00,595,Vellore,0.5,-6.5792
2024-08-10 19:00:00,595,Vellore,1.5,-7.007
2024-08-12 05:00:00,595,Vellore,0.5,-6.63425
2024-08-12 06:00:00,595,Vellore,2.0,-6.63425
2024-08-13 00:00:00,595,Vellore,23.0,-6.2142
2024-08-13 01:00:00,595,Vellore,7.0,-6.2142
2024-08-13 02:00:00,595,Vellore,22.5,-6.2142
2024-08-13 03:00:00,595,Vellore,6.0,-6.2142
2024-08-20 22:00:00,595,Vellore,2.5,-6.0216
2024-08-20 23:00:00,595,Vellore,0.5,-6.0216
2024-08-21 00:00:00,595,Vellore,3.5,-6.0216
2024-08-21 01:00:00,595,Vellore,2.0,-6.0216
2024-08-21 02:00:00,595,Vellore,1.0,-6.0216
2024-08-30 20:00:00,595,Vellore,1.0,-6.2088
2024-09-07 20:00:00,595,Vellore,0.5,-6.353
2024-09-20 23:00:00,595,Vellore,0.5,-205.63960000000003
2024-09-22 18:00:00,595,Vellore,0.5,-6.809399999999999
2024-09-22 19:00:00,595,Vellore,6.0,-6.809399999999999
2024-09-22 20:00:00,595,Vellore,3.0,-6.809399999999999
2024-09-22 21:00:00,595,Vellore,0.5,-6.809399999999999
2024-09-23 01:00:00,595,Vellore,21.0,-6.7762
2024-09-23 02:00:00,595,Vellore,0.5,-6.7762
2024-09-24 00:00:00,595,Vellore,1.5,-6.700399999999999
2024-09-24 15:00:00,595,Vellore,0.5,-6.759
2024-09-27 15:00:00,595,Vellore,2.5,-205.62240000000003
2024-09-27 16:00:00,595,Vellore,3.0,-205.5468
2024-09-27 18:00:00,595,Vellore,5.5,-205.5468
2024-09-27 19:00:00,595,Vellore,0.5,-205.5468
2024-09-28 07:00:00,595,Vellore,0.5,-205.5292
2024-10-02 19:00:00,595,Vellore,0.5,-6.6656
2024-10-02 20:00:00,595,Vellore,1.0,-6.6656
2024-10-02 22:00:00,595,Vellore,1.0,-6.6152
2024-10-04 22:00:00,595,Vellore,1.5,-6.554599999999999
2024-10-04 23:00:00,595,Vellore,0.5,-6.554599999999999
2024-10-05 00:00:00,595,Vellore,3.5,-6.554599999999999
2024-10-05 02:00:00,595,Vellore,0.5,-6.554599999999999
2024-10-05 23:00:00,595,Vellore,0.5,22.619200000000003
2024-10-07 15:00:00,595,Vellore,9.0,-6.508
2024-10-09 10:00:00,595,Vellore,0.5,-205.5748
2024-10-09 17:30:00,595,Vellore,0.5,-6.5572
2024-10-09 18:00:00,595,Vellore,0.5,-6.5572
2024-10-11 13:30:00,595,Vellore,1.0,-6.658799999999999
2024-10-11 14:00:00,595,Vellore,1.0,-6.658799999999999
2024-10-11 17:30:00,595,Vellore,2.5,-205.52220000000003
2024-10-11 18:00:00,595,Vellore,2.5,-205.52220000000003
2024-10-11 18:30:00,595,Vellore,5.0,-205.52220000000003
2024-10-11 19:00:00,595,Vellore,5.5,-205.52220000000003
2024-10-12 11:00:00,595,Vellore,0.5,-6.6334
2024-10-12 11:30:00,595,Vellore,8.5,-6.6334
2024-10-12 12:00:00,595,Vellore,8.5,-6.6334
2024-10-13 07:30:00,595,Vellore,1.0,-6.5684
2024-10-13 08:00:00,595,Vellore,1.5,-6.5684
2024-10-13 09:00:00,595,Vellore,9.0,-6.5684
2024-10-13 15:30:00,595,Vellore,0.5,-6.5482
2024-10-13 16:00:00,595,Vellore,0.5,-6.5482
2024-10-14 05:30:00,595,Vellore,1.0,-6.543200000000001
2024-10-14 06:00:00,595,Vellore,2.0,-6.543200000000001
2024-10-14 06:30:00,595,Vellore,2.0,-6.543200000000001
2024-10-14 07:00:00,595,Vellore,3.5,-6.543200000000001
2024-10-14 07:30:00,595,Vellore,1.0,-6.543200000000001
2024-10-14 08:00:00,595,Vellore,1.75,-6.543200000000001
2024-10-14 22:00:00,595,Vellore,0.5,22.5768
2024-10-14 22:30:00,595,Vellore,0.5,22.5768
2024-10-14 23:00:00,595,Vellore,1.5,22.5768
2024-10-14 23:30:00,595,Vellore,1.5,22.5768
2024-10-15 00:00:00,595,Vellore,2.75,22.5768
2024-10-15 00:30:00,595,Vellore,1.0,22.5768
2024-10-15 01:00:00,595,Vellore,1.5,22.5768
2024-10-15 02:00:00,595,Vellore,1.25,22.5768
2024-10-15 02:30:00,595,Vellore,0.5,22.5768
2024-10-15 03:00:00,595,Vellore,0.5,22.5768
2024-10-15 03:30:00,595,Vellore,0.5,-205.4546
2024-10-15 04:00:00,595,Vellore,0.5,-205.4546
2024-10-15 04:30:00,595,Vellore,2.0,-205.4546
2024-10-15 05:00:00,595,Vellore,1.25,-205.4546
2024-10-15 13:00:00,595,Vellore,0.5,21.4468
2024-10-15 13:30:00,595,Vellore,1.0,21.4468
2024-10-15 14:00:00,595,Vellore,1.75,21.4468
2024-10-15 14:30:00,595,Vellore,0.5,21.4468
2024-10-15 15:00:00,595,Vellore,0.75,21.4468
2024-10-15 15:30:00,595,Vellore,0.5,-6.3902
2024-10-15 16:00:00,595,Vellore,1.25,-6.3902
2024-10-15 16:30:00,595,Vellore,0.5,-6.3902
2024-10-15 17:00:00,595,Vellore,1.0,-6.3902
2024-10-15 17:30:00,595,Vellore,1.0,-6.3902
2024-10-15 18:00:00,595,Vellore,1.5,-6.3902
2024-10-15 20:00:00,595,Vellore,0.5,-6.3902
2024-10-15 21:30:00,595,Vellore,1.5,-6.3798
2024-10-15 22:00:00,595,Vellore,3.25,-6.3798
2024-10-15 23:00:00,595,Vellore,1.25,-6.3798
2024-10-16 00:00:00,595,Vellore,0.5,-6.3798
2024-10-16 01:30:00,595,Vellore,0.5,-6.3798
2024-10-16 02:00:00,595,Vellore,0.75,-6.3798
2024-10-16 02:30:00,595,Vellore,0.5,-6.3798
2024-10-16 03:00:00,595,Vellore,0.5,-6.3798
2024-10-16 03:30:00,595,Vellore,1.0,-6.343999999999999
2024-10-16 04:00:00,595,Vellore,2.0,-6.343999999999999
2024-10-16 05:00:00,595,Vellore,0.5,-6.343999999999999
2024-10-16 07:00:00,595,Vellore,0.5,-6.343999999999999
2024-10-16 08:00:00,595,Vellore,1.0,-6.343999999999999
2024-10-18 00:00:00,595,Vellore,2.75,-6.293
2024-10-18 01:30:00,595,Vellore,8.0,-6.293
2024-10-18 02:00:00,595,Vellore,8.25,-6.293
2024-10-18 02:30:00,595,Vellore,2.0,-6.293
2024-10-18 03:00:00,595,Vellore,1.25,-6.293
2024-10-18 17:00:00,595,Vellore,0.5,-6.1072
2024-10-19 07:30:00,595,Vellore,1.0,-6.0318
2024-10-19 08:00:00,595,Vellore,1.75,-6.0318
2024-10-19 08:30:00,595,Vellore,1.0,-6.0318
2024-10-19 09:00:00,595,Vellore,2.25,-6.0318
2024-10-19 10:00:00,595,Vellore,0.5,-6.0518
2024-10-19 16:00:00,595,Vellore,0.5,-5.9686
2024-10-19 20:00:00,595,Vellore,18.0,-5.9686
2024-10-19 20:30:00,595,Vellore,4.0,-5.9686
2024-10-19 21:00:00,595,Vellore,3.5,-5.9686
2024-10-19 22:00:00,595,Vellore,9.5,-5.9184
2024-10-19 23:00:00,595,Vellore,9.0,-5.9184
2024-10-20 13:00:00,595,Vellore,1.0,-5.8804
2024-10-20 14:00:00,595,Vellore,1.5,-5.8804
2024-10-20 17:00:00,595,Vellore,7.0,-5.8568
2024-10-20 21:00:00,595,Vellore,3.0,-5.8568
2024-10-20 22:00:00,595,Vellore,3.0,-5.8214
2024-10-20 22:30:00,595,Vellore,1.0,-5.8214
2024-10-20 23:00:00,595,Vellore,1.0,-5.8214
2024-10-21 00:00:00,595,Vellore,1.5,-5.8214
2024-10-21 06:00:00,595,Vellore,12.0,-5.6518
2024-10-21 07:00:00,595,Vellore,10.5,-5.6518
2024-10-21 08:00:00,595,Vellore,0.5,-5.6518
2024-10-23 17:00:00,595,Vellore,2.0,-5.6848
2024-10-24 00:00:00,595,Vellore,11.5,-5.612
2024-10-24 01:00:00,595,Vellore,4.0,-5.612
2024-10-24 02:00:00,595,Vellore,1.0,-5.612
2024-10-24 02:30:00,595,Vellore,0.5,-5.612
2024-10-24 03:00:00,595,Vellore,5.5,-5.612
2024-10-24 03:30:00,595,Vellore,2.5,-5.489199999999999
2024-10-24 04:00:00,595,Vellore,3.75,-5.489199999999999
2024-10-24 04:30:00,595,Vellore,2.0,-5.489199999999999
2024-10-24 05:00:00,595,Vellore,5.75,-5.489199999999999
2024-10-24 05:30:00,595,Vellore,0.5,-5.489199999999999
2024-10-24 06:00:00,595,Vellore,0.75,-5.489199999999999
2024-10-24 07:00:00,595,Vellore,0.5,-5.489199999999999
2024-10-27 14:00:00,595,Vellore,0.5,-5.551399999999999
2024-10-27 15:00:00,595,Vellore,2.0,-5.551399999999999
2024-10-29 02:00:00,595,Vellore,1.5,-5.517799999999999
2024-10-30 16:00:00,595,Vellore,4.0,-204.623
2024-10-30 19:00:00,595,Vellore,1.0,-204.623
2024-10-30 21:00:00,595,Vellore,0.5,-204.623
2024-10-31 18:00:00,595,Vellore,3.5,-5.954
2024-11-02 17:30:00,595,Vellore,1.0,-204.6008
2024-11-02 18:00:00,595,Vellore,1.0,-204.6008
2024-11-02 20:00:00,595,Vellore,1.5,-204.6008
2024-11-02 20:30:00,595,Vellore,7.5,-204.6008
2024-11-02 21:00:00,595,Vellore,9.0,-204.6008
2024-11-02 21:30:00,595,Vellore,1.0,-204.5402
2024-11-02 22:00:00,595,Vellore,1.5,-204.5402
2024-11-02 22:30:00,595,Vellore,0.5,-204.5402
2024-11-02 23:00:00,595,Vellore,0.5,-204.5402
2024-11-07 11:00:00,595,Vellore,0.5,-204.6502
2024-11-07 13:00:00,595,Vellore,0.5,-204.6502
2024-11-07 17:30:00,595,Vellore,1.0,-204.6104
2024-11-07 18:00:00,595,Vellore,1.0,-204.6104
2024-11-13 00:00:00,595,Vellore,0.5,-204.6836
2024-11-14 04:30:00,595,Vellore,0.5,-204.7062
2024-11-14 05:00:00,595,Vellore,1.5,-204.7062
2024-11-14 05:30:00,595,Vellore,0.5,-204.7062
2024-11-14 06:30:00,595,Vellore,0.5,-204.7062
2024-11-14 07:00:00,595,Vellore,0.5,-204.7062
2024-11-14 11:00:00,595,Vellore,0.5,-204.7724
2024-11-14 13:00:00,595,Vellore,2.25,-204.7724
2024-11-14 14:00:00,595,Vellore,0.75,-204.7724
2024-11-14 14:30:00,595,Vellore,19.5,-204.7724
2024-11-14 15:00:00,595,Vellore,14.25,-204.7724
2024-11-14 15:30:00,595,Vellore,1.5,-204.67
2024-11-14 16:00:00,595,Vellore,2.5,-204.67
2024-11-14 17:00:00,595,Vellore,1.0,-204.67
2024-11-14 19:00:00,595,Vellore,1.5,-204.67
2024-11-14 20:00:00,595,Vellore,0.5,-204.67
2024-11-15 14:30:00,595,Vellore,1.0,-204.7374
2024-11-15 15:00:00,595,Vellore,1.0,-204.7374
2024-11-15 16:30:00,595,Vellore,1.0,-204.6666
2024-11-16 12:30:00,595,Vellore,0.5,-204.6738
2024-11-16 13:00:00,595,Vellore,0.5,-204.6738
2024-11-16 14:00:00,595,Vellore,0.5,-204.6738
2024-11-16 14:30:00,595,Vellore,12.0,-204.6738
2024-11-16 15:00:00,595,Vellore,12.0,-204.6738
2024-11-16 16:00:00,595,Vellore,0.5,-204.6694
2024-11-26 22:00:00,595,Vellore,0.5,-5.7924
2024-11-26 23:00:00,595,Vellore,2.0,-5.7924
2024-11-27 00:00:00,595,Vellore,0.5,-5.7924
2024-11-29 22:30:00,595,Vellore,0.5,-6.27775
2024-11-29 23:00:00,595,Vellore,1.0,-6.27775
2024-11-30 01:00:00,595,Vellore,0.5,-6.27775
2024-11-30 05:00:00,595,Vellore,0.5,-6.2162500000000005
2024-11-30 06:00:00,595,Vellore,1.0,-6.2162500000000005
2024-11-30 09:00:00,595,Vellore,0.5,-6.2162500000000005
2024-11-30 09:30:00,595,Vellore,0.5,-6.33975
2024-11-30 10:00:00,595,Vellore,1.5,-6.33975
2024-11-30 10:30:00,595,Vellore,2.0,-6.33975
2024-11-30 11:00:00,595,Vellore,2.75,-6.33975
2024-11-30 11:30:00,595,Vellore,2.5,-6.33975
2024-11-30 12:00:00,595,Vellore,5.75,-6.33975
2024-11-30 12:30:00,595,Vellore,1.5,-6.33975
2024-11-30 13:00:00,595,Vellore,5.25,-6.33975
2024-11-30 13:30:00,595,Vellore,2.5,-6.33975
2024-11-30 14:00:00,595,Vellore,3.0,-6.33975
2024-11-30 14:30:00,595,Vellore,0.5,-6.33975
2024-11-30 15:00:00,595,Vellore,1.75,-6.33975
2024-11-30 15:30:00,595,Vellore,1.0,-6.10875
2024-11-30 16:00:00,595,Vellore,2.5,-6.10875
2024-11-30 16:30:00,595,Vellore,1.0,-6.10875
2024-11-30 17:00:00,595,Vellore,2.5,-6.10875
2024-11-30 17:30:00,595,Vellore,3.0,-6.10875
2024-11-30 18:00:00,595,Vellore,2.0,-6.10875
2024-11-30 19:00:00,595,Vellore,3.0,-6.10875
2024-11-30 20:00:00,595,Vellore,4.5,-6.10875
2024-11-30 20:30:00,595,Vellore,1.5,-6.10875
2024-11-30 21:00:00,595,Vellore,1.75,-6.10875
2024-11-30 22:30:00,595,Vellore,2.0,-5.93675
2024-11-30 23:00:00,595,Vellore,1.5,-5.93675
2024-12-01 00:00:00,595,Vellore,0.5,-5.93675
2024-12-01 00:30:00,595,Vellore,2.5,-5.93675
2024-12-01 01:00:00,595,Vellore,3.5,-5.93675
2024-12-01 02:00:00,595,Vellore,2.0,-5.93675
2024-12-01 02:30:00,595,Vellore,5.0,-5.93675
2024-12-01 03:00:00,595,Vellore,5.75,-5.93675
2024-12-01 04:00:00,595,Vellore,2.25,-5.4164
2024-12-01 04:30:00,595,Vellore,2.5,-5.4164
2024-12-01 05:00:00,595,Vellore,5.5,-5.4164
2024-12-01 05:30:00,595,Vellore,3.5,-5.4164
2024-12-01 06:00:00,595,Vellore,4.0,-5.4164
2024-12-01 06:30:00,595,Vellore,3.0,-5.4164
2024-12-01 07:00:00,595,Vellore,8.0,-5.4164
2024-12-01 07:30:00,595,Vellore,1.0,-5.4164
2024-12-01 08:00:00,595,Vellore,1.5,-5.4164
2024-12-01 09:00:00,595,Vellore,1.0,-5.4164
2024-12-01 09:30:00,595,Vellore,1.0,-5.2624
2024-12-01 10:00:00,595,Vellore,1.5,-5.2624
2024-12-01 10:30:00,595,Vellore,1.0,-5.2624
2024-12-01 13:00:00,595,Vellore,1.5,-5.2624
2024-12-01 13:30:00,595,Vellore,1.0,-5.2624
2024-12-01 14:00:00,595,Vellore,4.0,-5.2624
2024-12-01 14:30:00,595,Vellore,0.5,-5.2624
2024-12-01 16:00:00,595,Vellore,3.5,-5.1028
2024-12-01 16:30:00,595,Vellore,0.5,-5.1028
2024-12-01 17:00:00,595,Vellore,0.5,-5.1028
2024-12-01 19:00:00,595,Vellore,1.5,-5.1028
2024-12-01 19:30:00,595,Vellore,0.5,-5.1028
2024-12-01 20:00:00,595,Vellore,0.5,-5.1028
2024-12-01 20:30:00,595,Vellore,0.5,-5.1028
2024-12-01 21:00:00,595,Vellore,0.5,-5.1028
2024-12-02 01:30:00,595,Vellore,0.5,-5.0222
2024-12-02 02:00:00,595,Vellore,1.0,-5.0222
2024-12-02 02:30:00,595,Vellore,1.0,-5.0222
2024-12-02 03:00:00,595,Vellore,1.5,-5.0222
2024-12-02 04:30:00,595,Vellore,0.5,-6.152333333333334
2024-12-02 05:00:00,595,Vellore,1.0,-6.152333333333334
2024-12-02 05:30:00,595,Vellore,0.5,-6.152333333333334
2024-12-02 06:30:00,595,Vellore,0.5,-6.152333333333334
2024-12-02 07:00:00,595,Vellore,0.75,-6.152333333333334
2024-12-02 08:00:00,595,Vellore,0.5,-6.152333333333334
2024-12-02 14:00:00,595,Vellore,1.0,-6.108999999999999
2024-12-02 18:00:00,595,Vellore,0.5,-5.2755
2024-12-02 19:00:00,595,Vellore,0.5,-5.2755
2024-12-02 19:30:00,595,Vellore,0.5,-5.2755
2024-12-02 20:00:00,595,Vellore,0.5,-5.2755
2024-12-02 22:00:00,595,Vellore,1.5,-5.25525
2024-12-02 22:30:00,595,Vellore,1.5,-5.25525
2024-12-02 23:30:00,595,Vellore,1.0,-5.25525
2024-12-03 00:00:00,595,Vellore,0.5,-5.25525
2024-12-03 01:00:00,595,Vellore,2.5,-5.25525
2024-12-03 04:00:00,595,Vellore,0.5,-4.901
2024-12-03 07:00:00,595,Vellore,0.5,-4.901
2024-12-03 08:00:00,595,Vellore,0.5,-4.901
2024-12-04 17:30:00,595,Vellore,0.5,-4.888
2024-12-04 18:00:00,595,Vellore,0.5,-4.888
2024-12-04 19:30:00,595,Vellore,6.5,-4.888
2024-12-04 20:00:00,595,Vellore,15.0,-4.888
2024-12-04 22:00:00,595,Vellore,1.5,-4.8178
2024-12-05 00:00:00,595,Vellore,0.5,-4.8178
2024-12-05 00:30:00,595,Vellore,2.0,-4.8178
2024-12-05 01:00:00,595,Vellore,2.0,-4.8178
2024-12-05 04:00:00,595,Vellore,0.5,-4.7942
2024-12-05 17:30:00,595,Vellore,2.0,-4.8414
2024-12-05 18:00:00,595,Vellore,2.5,-4.8414
2024-12-11 14:30:00,595,Vellore,0.5,-4.8114
2024-12-11 15:00:00,595,Vellore,0.5,-4.8114
2024-12-12 01:30:00,595,Vellore,3.0,-4.7974
2024-12-12 02:00:00,595,Vellore,3.0,-4.7974
2024-12-12 03:00:00,595,Vellore,0.5,-4.7974
2024-12-12 05:00:00,595,Vellore,0.5,24.2554
2024-12-12 05:30:00,595,Vellore,2.5,24.2554
2024-12-12 06:00:00,595,Vellore,3.25,24.2554
2024-12-12 06:30:00,595,Vellore,0.5,24.2554
2024-12-12 07:00:00,595,Vellore,1.25,24.2554
2024-12-12 07:30:00,595,Vellore,2.5,24.2554
2024-12-12 08:00:00,595,Vellore,7.0,24.2554
2024-12-12 08:30:00,595,Vellore,3.5,24.2554
2024-12-12 09:00:00,595,Vellore,6.25,24.2554
2024-12-12 09:30:00,595,Vellore,1.5,-4.6664
2024-12-12 10:00:00,595,Vellore,3.0,-4.6664
2024-12-12 10:30:00,595,Vellore,2.0,-4.6664
2024-12-12 11:00:00,595,Vellore,2.25,-4.6664
2024-12-12 11:30:00,595,Vellore,0.5,-4.6664
2024-12-12 12:00:00,595,Vellore,1.0,-4.6664
2024-12-12 12:30:00,595,Vellore,4.5,-4.6664
2024-12-12 13:00:00,595,Vellore,4.75,-4.6664
2024-12-12 13:30:00,595,Vellore,3.0,-4.6664
2024-12-12 14:00:00,595,Vellore,3.5,-4.6664
2024-12-12 14:30:00,595,Vellore,1.5,-4.6664
2024-12-12 15:00:00,595,Vellore,4.0,-4.6664
2024-12-12 15:30:00,595,Vellore,0.5,5.5714
2024-12-12 16:00:00,595,Vellore,1.25,5.5714
2024-12-12 17:00:00,595,Vellore,0.5,5.5714
2024-12-12 17:30:00,595,Vellore,0.5,5.5714
2024-12-12 18:00:00,595,Vellore,2.5,5.5714
2024-12-12 18:30:00,595,Vellore,2.0,5.5714
2024-12-12 19:00:00,595,Vellore,2.5,5.5714
2024-12-12 19:30:00,595,Vellore,0.5,5.5714
2024-12-12 20:00:00,595,Vellore,0.5,5.5714
2024-12-12 20:30:00,595,Vellore,0.5,5.5714
2024-12-12 21:00:00,595,Vellore,1.0,5.5714
2024-12-12 22:00:00,595,Vellore,1.0,-4.5152
2024-12-12 23:00:00,595,Vellore,1.0,-4.5152
2024-12-12 23:30:00,595,Vellore,1.0,-4.5152
2024-12-13 00:00:00,595,Vellore,1.0,-4.5152
2024-12-13 01:00:00,595,Vellore,2.5,-4.5152
2024-12-18 03:00:00,595,Vellore,0.5,-3.8888
2024-12-18 05:00:00,595,Vellore,0.5,-4.4992
2024-12-18 16:00:00,595,Vellore,6.0,-4.5038
2024-12-18 16:30:00,595,Vellore,0.5,-4.5038
2024-12-18 17:00:00,595,Vellore,6.5,-4.5038
2024-12-18 18:30:00,595,Vellore,1.0,-4.5038
2024-12-18 19:00:00,595,Vellore,1.5,-4.5038
2024-12-25 16:00:00,595,Vellore,0.5,-5.22
2024-12-26 05:30:00,595,Vellore,0.5,-5.19575
2024-12-26 06:00:00,595,Vellore,0.5,-5.19575
2024-12-26 08:00:00,595,Vellore,0.5,-5.19575
2024-12-26 09:00:00,595,Vellore,1.5,-5.19575
2024-12-26 09:30:00,595,Vellore,1.5,-5.2825
2024-12-26 10:00:00,595,Vellore,4.5,-5.2825
2024-12-26 10:30:00,595,Vellore,0.5,-5.2825
2024-12-26 11:00:00,595,Vellore,1.25,-5.2825
2024-12-26 12:00:00,595,Vellore,1.5,-5.2825
2024-12-26 12:30:00,595,Vellore,3.5,-5.2825
2024-12-26 13:00:00,595,Vellore,4.25,-5.2825
2024-12-26 13:30:00,595,Vellore,0.5,-5.2825
2024-12-26 14:00:00,595,Vellore,1.5,-5.2825
2024-12-27 02:30:00,595,Vellore,1.0,-5.14875
2024-12-27 03:00:00,595,Vellore,1.0,-5.14875
2024-12-27 04:00:00,595,Vellore,2.0,-5.05125
2024-12-27 05:00:00,595,Vellore,0.5,-5.05125
2024-12-27 06:00:00,595,Vellore,1.0,-5.05125
2024-12-27 06:30:00,595,Vellore,4.0,-5.05125
2024-12-27 07:00:00,595,Vellore,5.5,-5.05125
2024-12-27 07:30:00,595,Vellore,4.5,-5.05125
2024-12-27 08:00:00,595,Vellore,7.25,-5.05125
2024-12-27 08:30:00,595,Vellore,1.0,-5.05125
2024-12-27 09:00:00,595,Vellore,1.75,-5.05125
2024-12-27 10:00:00,595,Vellore,0.5,-5.0795
2024-12-27 10:30:00,595,Vellore,5.0,-5.0795
2024-12-27 11:00:00,595,Vellore,3.75,-5.0795
2024-12-27 12:00:00,595,Vellore,7.5,-5.0795
2024-12-27 12:30:00,595,Vellore,0.5,-5.0795
2024-12-27 13:00:00,595,Vellore,10.0,-5.0795
2024-12-28 09:00:00,595,Vellore,0.5,-4.96475
2025-01-13 15:30:00,595,Vellore,0.5,-254.49725
2025-01-13 16:00:00,595,Vellore,1.0,-254.49725
2025-01-13 17:00:00,595,Vellore,0.5,-254.49725
2025-01-13 17:30:00,595,Vellore,0.5,-254.49725
2025-01-13 18:00:00,595,Vellore,1.5,-254.49725
2025-01-13 18:30:00,595,Vellore,0.5,-254.49725
2025-01-13 19:00:00,595,Vellore,0.5,-254.49725
2025-01-14 02:00:00,595,Vellore,0.5,-254.48225
2025-01-14 03:00:00,595,Vellore,0.5,-254.48225
2025-01-19 01:30:00,595,Vellore,1.0,-5.288
2025-01-19 02:00:00,595,Vellore,2.0,-5.288
2025-01-19 02:30:00,595,Vellore,0.5,-5.288
2025-01-19 03:00:00,595,Vellore,1.25,-5.288
2025-01-19 03:30:00,595,Vellore,2.0,-5.3565
2025-01-19 04:00:00,595,Vellore,1.25,-5.3565
2025-01-19 07:00:00,595,Vellore,1.0,-5.3565
2025-01-19 07:30:00,595,Vellore,2.0,-5.3565
2025-01-19 08:00:00,595,Vellore,5.0,-5.3565
2025-01-19 08:30:00,595,Vellore,3.5,-5.3565
2025-01-19 09:00:00,595,Vellore,5.5,-5.3565
2025-01-19 09:30:00,595,Vellore,0.5,-5.168
2025-01-19 10:00:00,595,Vellore,2.5,-5.168
2025-01-19 12:00:00,595,Vellore,2.5,-5.168
2025-01-19 12:30:00,595,Vellore,1.5,-5.168
2025-01-19 13:00:00,595,Vellore,1.5,-5.168
2025-01-19 15:30:00,595,Vellore,0.5,-254.50475
2025-01-19 16:00:00,595,Vellore,1.0,-254.50475
2025-01-19 19:00:00,595,Vellore,1.0,-254.50475
2025-01-19 19:30:00,595,Vellore,0.5,-254.50475
2025-01-19 20:00:00,595,Vellore,0.5,-254.50475
2025-03-11 15:00:00,595,Vellore,2.0,-6.3512
2025-03-11 16:00:00,595,Vellore,1.0,-6.3502
2025-04-03 09:00:00,595,Vellore,3.0,-5.915
2025-04-04 17:00:00,595,Vellore,4.0,-7.192399999999999
2025-04-04 18:00:00,595,Vellore,1.5,-7.192399999999999
2025-04-04 19:00:00,595,Vellore,2.0,-7.192399999999999
2025-04-04 20:00:00,595,Vellore,5.0,-7.192399999999999
2025-04-04 21:00:00,595,Vellore,1.75,-7.192399999999999
2025-04-04 22:00:00,595,Vellore,2.0,-7.1514
2025-04-04 23:00:00,595,Vellore,1.0,-7.1514
2025-04-05 00:00:00,595,Vellore,1.0,-7.1514
2025-04-05 01:00:00,595,Vellore,1.0,-7.1514
2025-04-05 02:00:00,595,Vellore,0.5,-7.1514
2025-04-10 20:00:00,595,Vellore,21.5,-7.251399999999999
2025-04-10 21:00:00,595,Vellore,2.0,-7.251399999999999
2025-04-12 19:00:00,595,Vellore,26.0,-7.305200000000001
2025-04-12 20:00:00,595,Vellore,1.0,-7.305200000000001
2025-04-13 01:00:00,595,Vellore,0.5,-7.2986
2025-04-13 02:00:00,595,Vellore,0.5,-7.2986
2025-04-13 04:00:00,595,Vellore,0.5,-7.3182
2025-04-14 00:00:00,595,Vellore,1.0,-7.3306
2025-04-14 01:00:00,595,Vellore,4.0,-7.3306
2025-04-14 02:00:00,595,Vellore,1.0,-7.3306
2025-04-14 03:00:00,595,Vellore,1.0,-7.3306
2025-04-14 04:00:00,595,Vellore,0.5,-7.260800000000001
2025-04-14 05:00:00,595,Vellore,0.5,-7.260800000000001
2025-04-14 06:00:00,595,Vellore,0.5,-7.260800000000001
2025-04-14 07:00:00,595,Vellore,0.5,-7.260800000000001
2025-04-14 08:00:00,595,Vellore,0.5,-7.260800000000001
2025-04-14 09:00:00,595,Vellore,0.5,-7.260800000000001
2025-04-14 10:00:00,595,Vellore,0.5,-7.3362
2025-04-14 11:00:00,595,Vellore,0.5,-7.3362
2025-04-14 13:00:00,595,Vellore,0.5,-7.3362
2025-04-14 15:00:00,595,Vellore,0.5,-7.3362
2025-04-14 18:00:00,595,Vellore,0.5,-7.319599999999999
2025-04-15 01:00:00,595,Vellore,0.5,-7.259600000000001
2025-04-16 01:00:00,595,Vellore,4.5,-7.315399999999999
2025-04-16 02:00:00,595,Vellore,0.5,-7.315399999999999
2025-05-02 17:00:00,595,Vellore,1.0,-7.26275
2025-05-02 18:00:00,595,Vellore,3.0,-7.26275
2025-05-02 19:00:00,595,Vellore,1.0,-7.26275
2025-05-02 20:00:00,595,Vellore,0.5,-7.26275
2025-05-02 21:00:00,595,Vellore,0.5,-7.26275
2025-05-02 23:00:00,595,Vellore,0.5,-7.27275
2025-05-03 01:00:00,595,Vellore,0.5,-7.27275
2025-05-03 08:00:00,595,Vellore,0.5,-7.364
2025-05-03 12:00:00,595,Vellore,0.5,-7.41525
2025-05-03 21:00:00,595,Vellore,0.5,-6.683333333333334
2025-05-04 13:00:00,595,Vellore,0.5,-7.7022
2025-05-06 01:00:00,595,Vellore,0.5,-7.911666666666666
2025-05-06 21:00:00,595,Vellore,21.0,-7.750199999999999
2025-05-07 12:00:00,595,Vellore,0.5,-7.6982
2025-05-07 19:00:00,595,Vellore,6.5,-7.6974
2025-05-07 20:00:00,595,Vellore,6.5,-7.6974
2025-05-08 15:00:00,595,Vellore,0.5,-7.544199999999999
2025-05-08 21:00:00,595,Vellore,0.5,-7.552
2025-05-08 22:00:00,595,Vellore,0.5,-7.5388
2025-05-09 00:00:00,595,Vellore,1.0,-7.5388
2025-05-09 16:00:00,595,Vellore,0.5,-7.5448
2025-05-10 02:00:00,595,Vellore,1.5,-7.5632
2025-05-10 23:00:00,595,Vellore,0.5,-7.4946
2025-05-11 20:00:00,595,Vellore,2.5,-7.524800000000001
2025-05-13 09:00:00,595,Vellore,0.5,-7.5128
2025-05-15 01:00:00,595,Vellore,0.5,-7.5738
2025-05-16 21:00:00,595,Vellore,0.5,-7.530799999999999
2025-05-16 22:00:00,595,Vellore,10.5,-7.500999999999999
2025-05-16 23:00:00,595,Vellore,2.5,-7.500999999999999
2025-05-17 16:00:00,595,Vellore,7.0,-7.411200000000001
2025-05-17 17:00:00,595,Vellore,1.0,-7.411200000000001
2025-05-18 17:00:00,595,Vellore,7.0,-7.420199999999999
2025-05-18 22:00:00,595,Vellore,0.5,-7.400799999999999
2025-05-18 23:00:00,595,Vellore,1.0,-7.400799999999999
2025-05-19 19:00:00,595,Vellore,1.5,-7.407599999999999
2025-05-19 22:00:00,595,Vellore,13.0,-7.381600000000001
2025-05-19 23:00:00,595,Vellore,1.0,-7.381600000000001
2025-05-20 12:00:00,595,Vellore,0.5,-7.2858
2025-05-20 18:00:00,595,Vellore,0.5,-7.257
2025-05-20 19:00:00,595,Vellore,4.5,-7.257
2025-05-20 20:00:00,595,Vellore,2.5,-7.257
2025-05-20 21:00:00,595,Vellore,1.0,-7.257
2025-05-20 22:00:00,595,Vellore,0.5,-7.0652
2025-05-20 23:00:00,595,Vellore,0.5,-7.0652
2025-05-21 17:00:00,595,Vellore,0.5,-5.653
2025-05-22 18:00:00,595,Vellore,49.5,-6.747249999999999
2025-05-27 16:00:00,595,Vellore,0.5,-7.2136
2025-05-27 19:00:00,595,Vellore,1.5,-7.2136
2025-06-04 17:00:00,595,Vellore,0.5,-7.4128
2025-06-04 23:00:00,595,Vellore,0.5,-7.403799999999999
2025-06-06 23:00:00,595,Vellore,0.5,-7.4428
2025-06-07 02:00:00,595,Vellore,0.5,-7.4428
2025-06-07 03:00:00,595,Vellore,1.0,-7.4428
2025-06-07 04:00:00,595,Vellore,0.5,-7.10825
2025-06-07 11:00:00,595,Vellore,0.5,-7.08275
2025-06-08 15:00:00,595,Vellore,0.5,-7.08525
2025-06-08 16:00:00,595,Vellore,3.0,-7.09
2025-06-08 17:00:00,595,Vellore,0.5,-7.09
2025-06-09 14:00:00,595,Vellore,2.0,-7.476999999999999
2025-06-11 03:00:00,595,Vellore,1.5,-7.516
2025-06-11 21:00:00,595,Vellore,0.5,-7.523000000000001
2025-06-12 17:00:00,595,Vellore,0.5,-7.5226
2025-06-12 20:00:00,595,Vellore,2.0,-7.5226
2025-06-12 21:00:00,595,Vellore,0.5,-7.5226
2025-06-20 20:00:00,595,Vellore,3.0,-7.6872
2025-07-08 21:00:00,595,Vellore,0.5,-8.0746
2025-07-12 16:00:00,595,Vellore,0.5,-8.1826
2025-07-13 17:00:00,595,Vellore,1.0,-8.2008
2025-07-13 22:00:00,595,Vellore,0.5,-8.1848
2025-07-14 15:00:00,595,Vellore,0.5,-8.2784
2025-07-16 15:00:00,595,Vellore,2.5,-8.2876
2025-07-16 16:00:00,595,Vellore,0.5,-8.3016
2025-07-16 22:00:00,595,Vellore,2.0,-8.3016
2025-07-16 23:00:00,595,Vellore,32.5,-8.3016
2025-07-20 21:00:00,595,Vellore,7.5,-7.66725
2025-07-21 04:00:00,595,Vellore,0.5,-8.113000000000001
2025-07-21 15:00:00,595,Vellore,8.0,-8.175799999999999
2025-07-24 17:00:00,595,Vellore,1.5,-8.1934
2025-08-03 02:00:00,595,Vellore,9.0,-8.3688
2025-08-03 03:00:00,595,Vellore,3.0,-8.3688
2025-08-03 04:00:00,595,Vellore,0.5,-8.3386
2025-08-03 18:00:00,595,Vellore,2.0,-8.2604
2025-08-04 13:45:00,595,Vellore,0.5,-8.261
2025-08-04 13:50:00,595,Vellore,0.5,-8.261
2025-08-04 13:55:00,595,Vellore,0.5,-8.261
2025-08-04 14:00:00,595,Vellore,0.5,-8.261
2025-08-04 16:00:00,595,Vellore,1.5,-8.328199999999999
2025-08-04 16:25:00,595,Vellore,0.5,-8.328199999999999
2025-08-04 16:30:00,595,Vellore,0.5,-8.328199999999999
2025-08-04 16:35:00,595,Vellore,0.5,-8.328199999999999
2025-08-04 16:40:00,595,Vellore,0.5,-8.328199999999999
2025-08-04 16:45:00,595,Vellore,0.5,-8.328199999999999
2025-08-04 16:50:00,595,Vellore,0.5,-8.328199999999999
2025-08-04 16:55:00,595,Vellore,0.5,-8.328199999999999
2025-08-04 17:00:00,595,Vellore,7.0,-8.328199999999999
2025-08-04 17:15:00,595,Vellore,0.5,-8.328199999999999
2025-08-04 17:20:00,595,Vellore,0.5,-8.328199999999999
2025-08-04 17:25:00,595,Vellore,0.5,-8.328199999999999
2025-08-04 17:30:00,595,Vellore,0.5,-8.328199999999999
2025-08-04 17:35:00,595,Vellore,0.5,-8.328199999999999
2025-08-04 17:40:00,595,Vellore,0.5,-8.328199999999999
2025-08-04 17:45:00,595,Vellore,0.5,-8.328199999999999
2025-08-04 17:50:00,595,Vellore,0.5,-8.328199999999999
2025-08-04 17:55:00,595,Vellore,0.5,-8.328199999999999
2025-08-04 18:00:00,595,Vellore,1.75,-8.328199999999999
2025-08-04 19:00:00,595,Vellore,0.5,-8.328199999999999
2025-08-04 22:00:00,595,Vellore,0.5,-8.252
2025-08-05 01:00:00,595,Vellore,0.5,-8.252
2025-08-05 23:00:00,595,Vellore,1.5,-8.2292
2025-08-06 00:00:00,595,Vellore,1.5,-8.2292
2025-08-06 01:00:00,595,Vellore,2.5,-8.2292
2025-08-06 20:00:00,595,Vellore,1.5,-8.192
2025-08-06 21:00:00,595,Vellore,0.5,-8.192
2025-08-06 23:00:00,595,Vellore,0.5,-8.1592
2025-08-07 05:00:00,595,Vellore,1.5,-8.0148
2025-08-07 06:00:00,595,Vellore,13.0,-8.0148
2025-08-07 18:00:00,595,Vellore,0.5,-7.9654
2025-08-08 00:00:00,595,Vellore,6.5,-7.918200000000001
2025-08-08 01:00:00,595,Vellore,22.5,-7.918200000000001
2025-08-08 02:00:00,595,Vellore,2.0,-7.918200000000001
2025-08-08 04:00:00,595,Vellore,0.5,-7.6
2025-08-09 17:00:00,595,Vellore,33.5,-7.659999999999999
2025-08-10 15:00:00,595,Vellore,27.0,-7.699599999999999
2025-08-10 19:00:00,595,Vellore,1.0,-7.680400000000001
2025-08-10 20:00:00,595,Vellore,1.0,-7.680400000000001
2025-08-10 21:00:00,595,Vellore,0.5,-7.680400000000001
2025-08-10 22:00:00,595,Vellore,0.5,-7.667400000000001
2025-08-11 16:00:00,595,Vellore,2.5,-7.633799999999999
2025-08-11 17:00:00,595,Vellore,0.5,-7.633799999999999
2025-08-11 19:00:00,595,Vellore,0.5,-7.633799999999999
2025-08-14 13:05:00,595,Vellore,1.0,-7.606
2025-08-14 14:00:00,595,Vellore,1.0,-7.606
2025-08-14 18:00:00,595,Vellore,2.5,-7.6238
2025-08-15 19:00:00,595,Vellore,12.5,-7.621599999999999
2025-08-16 18:00:00,595,Vellore,12.0,-7.655799999999999
2025-08-17 14:00:00,595,Vellore,1.5,-7.6554
2025-08-17 16:00:00,595,Vellore,0.5,-7.575
2025-08-17 17:00:00,595,Vellore,3.5,-7.575
2025-08-17 18:00:00,595,Vellore,0.5,-7.575
2025-08-17 19:00:00,595,Vellore,3.0,-7.575
2025-08-17 20:00:00,595,Vellore,2.0,-7.575
2025-08-17 21:00:00,595,Vellore,1.0,-7.575
2025-08-17 22:00:00,595,Vellore,1.0,-7.5428
2025-08-17 23:00:00,595,Vellore,1.0,-7.5428
2025-08-18 00:00:00,595,Vellore,0.5,-7.5428
2025-08-18 05:00:00,595,Vellore,0.5,-7.5274
2025-08-18 21:00:00,595,Vellore,0.5,-7.5608
2025-08-22 17:00:00,595,Vellore,0.5,-7.6292
2025-08-22 19:00:00,595,Vellore,3.5,-7.6292
2025-08-22 20:00:00,595,Vellore,6.0,-7.6292
2025-08-22 21:00:00,595,Vellore,1.5,-7.6292
2025-08-22 22:00:00,595,Vellore,1.5,-7.542
2025-08-22 23:00:00,595,Vellore,1.5,-7.542
2025-08-23 00:00:00,595,Vellore,12.0,-7.542
2025-08-23 01:00:00,595,Vellore,43.0,-7.542
2025-08-23 02:00:00,595,Vellore,5.5,-7.542
2025-08-23 03:00:00,595,Vellore,2.5,-7.542
2025-08-23 04:00:00,595,Vellore,7.5,-7.231
2025-08-23 05:00:00,595,Vellore,4.25,-7.231
2025-08-23 06:00:00,595,Vellore,1.0,-7.231
2025-08-23 21:00:00,595,Vellore,2.5,-7.1482
2025-08-23 23:00:00,595,Vellore,2.0,-7.2164
2025-08-24 00:00:00,595,Vellore,2.5,-7.2164
2025-09-02 21:00:00,595,Vellore,10.5,-7.191599999999999
2025-09-03 16:00:00,595,Vellore,0.5,-7.186
2025-09-06 18:00:00,595,Vellore,1.0,-7.2026
2025-09-06 19:00:00,595,Vellore,4.0,-7.2026
2025-09-06 21:00:00,595,Vellore,1.0,-7.2026
2025-09-06 22:00:00,595,Vellore,1.5,-7.1806
2025-09-07 06:00:00,595,Vellore,0.5,-7.168000000000001
2025-09-07 16:00:00,595,Vellore,0.5,-7.19
2025-09-07 19:00:00,595,Vellore,6.0,-7.19
2025-09-07 20:00:00,595,Vellore,2.0,-7.19
2025-09-07 21:00:00,595,Vellore,9.0,-7.19
2025-09-07 22:00:00,595,Vellore,0.5,-7.181
2025-09-08 00:00:00,595,Vellore,0.5,-7.181
2025-09-10 15:00:00,595,Vellore,25.5,-7.207000000000001
2025-09-10 16:00:00,595,Vellore,5.75,-7.1486
2025-09-11 05:00:00,595,Vellore,0.5,-7.0244
2025-09-13 18:00:00,595,Vellore,2.0,-7.111200000000001
2025-09-13 20:00:00,595,Vellore,4.5,-7.111200000000001
2025-09-15 23:00:00,595,Vellore,6.0,-7.1348
2025-09-16 00:00:00,595,Vellore,13.75,-7.1348
2025-09-16 01:00:00,595,Vellore,18.5,-7.1348
2025-09-16 02:00:00,595,Vellore,6.25,-7.1348
2025-09-16 03:00:00,595,Vellore,4.0,-7.1348
2025-09-16 04:00:00,595,Vellore,3.0,-7.0654
2025-09-16 05:00:00,595,Vellore,0.5,-7.0654
2025-09-16 06:00:00,595,Vellore,0.5,-7.0654
2025-09-16 08:00:00,595,Vellore,0.5,-7.0654
2025-09-17 02:00:00,595,Vellore,1.5,-6.990600000000001
2025-09-17 03:00:00,595,Vellore,0.5,-6.990600000000001
2025-09-17 04:00:00,595,Vellore,9.0,-6.992
2025-09-17 05:00:00,595,Vellore,3.5,-6.992
2025-09-17 06:00:00,595,Vellore,2.25,-6.992
2025-09-17 07:00:00,595,Vellore,1.25,-6.992
2025-09-17 20:00:00,595,Vellore,1.0,-7.0038
2025-09-17 21:00:00,595,Vellore,3.5,-7.0038
2025-09-17 22:00:00,595,Vellore,1.0,-6.8798
2025-09-17 23:00:00,595,Vellore,0.5,-6.8798
2025-09-18 00:00:00,595,Vellore,1.25,-6.8798
2025-09-18 01:00:00,595,Vellore,0.5,-6.8798
2025-09-18 02:00:00,595,Vellore,1.0,-6.8798
2025-09-18 03:00:00,595,Vellore,0.5,-6.8798
2025-09-18 07:00:00,595,Vellore,0.5,-6.811400000000001
2025-09-18 16:00:00,595,Vellore,6.0,-6.845599999999999
2025-09-18 17:00:00,595,Vellore,3.0,-6.845599999999999
2025-09-18 21:00:00,595,Vellore,3.0,-6.845599999999999
2025-09-18 22:00:00,595,Vellore,26.25,-6.845599999999999
2025-09-18 23:00:00,595,Vellore,18.0,-6.845599999999999
2025-09-21 21:00:00,595,Vellore,1.0,-5.2904
2025-09-22 00:00:00,595,Vellore,0.75,-5.329
2025-09-22 01:00:00,595,Vellore,0.5,-5.329
2025-09-22 02:00:00,595,Vellore,1.0,-5.329
2025-09-22 03:00:00,595,Vellore,0.5,-5.329
2025-09-22 04:00:00,595,Vellore,6.0,-5.280399999999999
2025-09-22 05:00:00,595,Vellore,0.5,-5.280399999999999
2025-09-22 06:00:00,595,Vellore,0.75,-5.280399999999999
2025-09-22 23:00:00,595,Vellore,14.0,-5.4024
2025-09-23 00:00:00,595,Vellore,2.0,-5.4024
2025-09-23 01:00:00,595,Vellore,2.0,-5.4024
2025-09-23 02:00:00,595,Vellore,0.5,-5.4024
2025-09-23 03:00:00,595,Vellore,0.5,-5.4024
2025-09-25 20:00:00,595,Vellore,14.0,-5.336
2025-09-25 21:00:00,595,Vellore,0.5,-5.336
2025-09-26 00:00:00,595,Vellore,2.0,-5.3178
2025-09-26 01:00:00,595,Vellore,0.5,-5.3178
2025-09-27 17:00:00,595,Vellore,5.5,-5.336
2025-09-27 18:00:00,595,Vellore,0.5,-5.336
2025-10-01 23:00:00,595,Vellore,4.0,-5.383
2025-10-02 18:00:00,595,Vellore,1.5,-5.343400000000001
2025-10-02 21:00:00,595,Vellore,1.0,-5.343400000000001
2025-10-02 22:00:00,595,Vellore,1.0,-5.3474
2025-10-04 01:00:00,595,Vellore,5.0,-5.3462
2025-10-04 02:00:00,595,Vellore,3.5,-5.3462
2025-10-04 03:00:00,595,Vellore,6.5,-5.3462
2025-10-04 04:00:00,595,Vellore,6.75,-5.096
2025-10-04 05:00:00,595,Vellore,26.0,-5.096
2025-10-04 06:00:00,595,Vellore,6.75,-5.096
2025-10-04 07:00:00,595,Vellore,2.75,-5.096
2025-10-04 08:00:00,595,Vellore,0.5,-5.096
2025-10-05 06:00:00,595,Vellore,0.5,-4.7452
2025-10-05 23:00:00,595,Vellore,8.5,-4.6876
2025-10-06 00:00:00,595,Vellore,1.0,-4.6876
2025-10-06 01:00:00,595,Vellore,2.5,-4.6876
2025-10-06 02:00:00,595,Vellore,2.0,-4.6876
2025-10-06 03:00:00,595,Vellore,1.5,-4.6876
2025-10-06 04:00:00,595,Vellore,0.5,-3.1185
2025-10-16 16:00:00,595,Vellore,1.5,-1.971
2025-10-16 17:00:00,595,Vellore,0.5,-1.971
2025-10-16 21:00:00,595,Vellore,1.5,-1.971
2025-10-17 15:00:00,595,Vellore,0.5,-1.971
2025-10-18 08:00:00,595,Vellore,1.0,-1.971
2025-10-20 17:00:00,595,Vellore,3.0,-1.971
2025-10-20 18:00:00,595,Vellore,0.5,-1.971
2025-10-20 19:00:00,595,Vellore,0.5,-1.971
2025-10-21 06:00:00,595,Vellore,1.0,-1.971
2025-10-21 14:00:00,595,Vellore,0.5,-1.971
2025-10-21 15:00:00,595,Vellore,2.0,-1.971
2025-10-21 16:00:00,595,Vellore,1.0,-1.971
2025-10-22 04:00:00,595,Vellore,5.0,-1.971
2025-10-22 05:00:00,595,Vellore,5.0,-1.971
2025-10-22 06:00:00,595,Vellore,6.0,-1.971
2025-10-22 07:00:00,595,Vellore,3.5,-1.971
2025-10-22 08:00:00,595,Vellore,0.5,-1.971
2025-10-22 13:00:00,595,Vellore,0.5,-1.971
2025-10-23 06:00:00,595,Vellore,0.5,-1.9145
2025-10-23 19:00:00,595,Vellore,0.5,-1.8275
2025-10-24 01:00:00,595,Vellore,0.5,-1.8085
2025-10-24 02:00:00,595,Vellore,0.5,-1.8085
2025-10-26 00:00:00,595,Vellore,1.5,-1.4735
2025-10-27 19:00:00,595,Vellore,0.5,-1.287
2025-10-27 23:00:00,595,Vellore,1.5,-1.275
2025-10-28 01:00:00,595,Vellore,0.5,-1.275
2025-10-28 02:00:00,595,Vellore,0.5,-1.275
2025-10-28 06:00:00,595,Vellore,0.5,-1.244
2025-10-28 08:00:00,595,Vellore,0.5,-1.244
2025-10-28 09:00:00,595,Vellore,0.5,-1.244
2025-10-28 10:00:00,595,Vellore,0.5,-1.24
2025-10-28 12:00:00,595,Vellore,0.5,-1.24
2025-10-28 18:00:00,595,Vellore,0.5,-1.207
2025-11-05 14:00:00,595,Vellore,6.5,-1.3475
2025-11-05 21:00:00,595,Vellore,2.5,-1.3325
2025-11-05 22:00:00,595,Vellore,0.5,-1.354
2025-11-06 04:00:00,595,Vellore,0.5,-1.3425
2025-11-06 07:00:00,595,Vellore,0.5,-1.3425
2025-11-06 10:00:00,595,Vellore,0.5,-1.352
2025-11-06 14:00:00,595,Vellore,4.5,-1.352
2025-11-06 15:00:00,595,Vellore,0.5,-1.352
2025-11-18 05:00:00,595,Vellore,0.5,-2.374
2025-11-18 08:00:00,595,Vellore,3.0,-2.374
2025-11-18 09:00:00,595,Vellore,3.0,-2.374
2025-11-18 15:00:00,595,Vellore,0.5,-2.38
2025-11-18 17:00:00,595,Vellore,0.5,-2.377
2025-11-18 21:00:00,595,Vellore,0.5,-2.377
2025-11-18 22:00:00,595,Vellore,2.5,-2.398
2025-11-18 23:00:00,595,Vellore,1.75,-2.398
2025-11-19 00:00:00,595,Vellore,5.5,-2.398
2025-11-19 01:00:00,595,Vellore,0.5,-2.398
2025-11-21 14:00:00,595,Vellore,5.25,-3.40925
2025-11-21 15:00:00,595,Vellore,1.0,-3.40925
2025-11-21 16:00:00,595,Vellore,0.5,-3.29725
2025-11-22 02:00:00,595,Vellore,0.5,-3.28775
2025-11-22 03:00:00,595,Vellore,0.5,-3.28775
2025-11-22 04:00:00,595,Vellore,1.5,-3.2046666666666668
2025-11-22 08:00:00,595,Vellore,1.0,-3.2046666666666668
2025-11-22 12:00:00,595,Vellore,1.25,-3.2246666666666663
2025-11-22 14:00:00,595,Vellore,1.0,-3.2246666666666663
2025-11-22 15:00:00,595,Vellore,8.0,-3.2246666666666663
2025-11-22 16:00:00,595,Vellore,0.5,-3.2113333333333336
2025-11-23 07:00:00,595,Vellore,0.5,-3.2985
2025-11-23 16:00:00,595,Vellore,0.5,-3.30875
2025-11-30 00:00:00,595,Vellore,2.0,-3.312
2025-11-30 02:00:00,595,Vellore,0.5,-3.312
2025-12-01 17:00:00,595,Vellore,0.5,-3.08575
2025-12-02 05:00:00,595,Vellore,0.5,-3.08675
2025-12-02 13:00:00,595,Vellore,0.5,-3.1425
2025-12-03 09:00:00,595,Vellore,0.5,-3.08775
2025-12-03 10:00:00,595,Vellore,0.5,-3.13625
2025-12-05 05:00:00,595,Vellore,0.5,-3.07625
2026-01-12 03:00:00,595,Vellore,0.5,0.51575
2026-01-26 05:00:00,595,Vellore,0.5,-1.609555555555556
2026-01-26 19:00:00,595,Vellore,3.0,-1.6511111111111108
2026-01-26 20:00:00,595,Vellore,1.5,-1.6511111111111108
2026-03-19 00:00:00,595,Vellore,13.0,-6.0917
2026-03-19 01:00:00,595,Vellore,37.5,-6.0917
2026-03-19 02:00:00,595,Vellore,6.5,-6.0917
2021-12-30 14:00:00,596,Viluppuram,2.0,-37.821
2021-12-30 16:00:00,596,Viluppuram,4.0,-37.653
2021-12-30 17:00:00,596,Viluppuram,1.0,-37.653
2021-12-31 06:00:00,596,Viluppuram,1.0,-37.397
2021-12-31 07:00:00,596,Viluppuram,0.5,-37.397
2021-12-31 09:00:00,596,Viluppuram,2.5,-37.397
2021-12-31 10:00:00,596,Viluppuram,6.25,-37.241
2021-12-31 11:00:00,596,Viluppuram,2.0,-37.241
2021-12-31 12:00:00,596,Viluppuram,1.6666666666666667,-37.241
2021-12-31 13:00:00,596,Viluppuram,1.0,-37.241
2021-12-31 19:00:00,596,Viluppuram,3.5,-37.17
2021-12-31 20:00:00,596,Viluppuram,1.8333333333333333,-37.17
2021-12-31 21:00:00,596,Viluppuram,1.0,-37.17
2022-01-01 01:00:00,596,Viluppuram,0.5,-37.033
2022-01-01 02:00:00,596,Viluppuram,0.5,-37.033
2022-01-01 04:00:00,596,Viluppuram,0.5,-36.902
2022-01-01 12:00:00,596,Viluppuram,3.75,-36.764
2022-01-01 13:00:00,596,Viluppuram,1.25,-36.764
2022-01-01 14:00:00,596,Viluppuram,0.5,-36.764
2022-01-01 16:00:00,596,Viluppuram,0.5,-36.597
2022-01-15 12:00:00,596,Viluppuram,0.5,-36.993
2022-01-16 16:00:00,596,Viluppuram,5.0,-36.265
2022-01-16 17:00:00,596,Viluppuram,0.5,-36.265
2022-01-21 10:00:00,596,Viluppuram,5.0,-35.385
2022-01-22 13:10:00,596,Viluppuram,3.5,-35.202
2022-01-22 13:15:00,596,Viluppuram,3.5,-35.202
2022-01-22 13:20:00,596,Viluppuram,3.5,-35.202
2022-01-28 03:00:00,596,Viluppuram,0.5,-34.548
2022-01-28 04:00:00,596,Viluppuram,2.0,-34.435
2022-01-28 05:00:00,596,Viluppuram,0.5,-34.435
2022-01-28 06:00:00,596,Viluppuram,0.5,-34.435
2022-01-28 07:00:00,596,Viluppuram,1.0,-34.435
2022-01-28 08:00:00,596,Viluppuram,0.5,-34.435
2022-01-28 09:00:00,596,Viluppuram,1.25,-34.435
2022-01-28 10:00:00,596,Viluppuram,1.5,-34.476
2022-02-11 15:00:00,596,Viluppuram,0.75,-35.28
2022-02-11 16:00:00,596,Viluppuram,1.0,-35.263
2022-02-14 17:00:00,596,Viluppuram,0.5,-34.417
2022-03-04 14:00:00,596,Viluppuram,0.5,-35.781
2022-03-04 15:00:00,596,Viluppuram,1.0,-35.781
2022-03-06 20:00:00,596,Viluppuram,0.75,-34.839
2022-03-06 21:00:00,596,Viluppuram,2.0,-34.839
2022-03-06 23:00:00,596,Viluppuram,0.5,-34.742
2022-03-07 00:00:00,596,Viluppuram,0.5,-34.742
2022-03-07 05:00:00,596,Viluppuram,0.5,-34.624
2022-03-07 11:00:00,596,Viluppuram,0.5,-34.568
2022-03-07 13:00:00,596,Viluppuram,0.5,-34.568
2022-03-21 23:00:00,596,Viluppuram,0.5,-34.628
2022-03-22 03:00:00,596,Viluppuram,0.5,-34.628
2022-04-10 03:00:00,596,Viluppuram,1.5,-35.67
2022-04-10 08:00:00,596,Viluppuram,0.5,-35.428
2022-04-12 11:00:00,596,Viluppuram,1.5,-35.191
2022-04-13 10:00:00,596,Viluppuram,0.75,-35.134
2022-04-13 11:00:00,596,Viluppuram,1.75,-35.134
2022-04-13 12:00:00,596,Viluppuram,7.333333333333333,-35.134
2022-04-13 13:00:00,596,Viluppuram,1.0,-35.134
2022-04-13 14:00:00,596,Viluppuram,0.5,-35.134
2022-04-13 15:00:00,596,Viluppuram,0.5,-35.134
2022-04-13 16:00:00,596,Viluppuram,0.5,-35.478
2022-04-13 17:00:00,596,Viluppuram,0.5,-35.478
2022-04-13 18:00:00,596,Viluppuram,0.5,-35.478
2022-04-13 21:00:00,596,Viluppuram,0.5,-35.478
2022-04-14 02:00:00,596,Viluppuram,0.5,-35.677
2022-04-17 04:00:00,596,Viluppuram,1.0,-36.4
2022-04-17 23:00:00,596,Viluppuram,0.5,-36.584
2022-04-18 02:00:00,596,Viluppuram,0.5,-36.584
2022-05-02 02:00:00,596,Viluppuram,8.0,-37.045
2022-05-02 03:00:00,596,Viluppuram,3.0,-37.045
2022-05-02 06:00:00,596,Viluppuram,0.5,-37.049
2022-06-06 23:00:00,596,Viluppuram,38.5,-37.049
2022-06-07 00:00:00,596,Viluppuram,2.5,-37.049
2022-06-07 02:00:00,596,Viluppuram,1.5,-37.049
2022-06-16 00:00:00,596,Viluppuram,19.0,-37.304
2022-06-16 03:00:00,596,Viluppuram,1.5,-37.304
2022-06-19 18:00:00,596,Viluppuram,10.0,-36.472
2022-06-19 20:00:00,596,Viluppuram,7.5,-36.472
2022-06-20 00:00:00,596,Viluppuram,1.5,-36.419
2022-06-20 01:00:00,596,Viluppuram,18.5,-36.419
2022-06-20 06:00:00,596,Viluppuram,0.5,-36.338
2022-06-20 19:00:00,596,Viluppuram,2.0,-36.463
2022-06-21 01:00:00,596,Viluppuram,6.25,-36.372
2022-06-21 02:00:00,596,Viluppuram,4.0,-36.372
2022-06-21 03:00:00,596,Viluppuram,0.5,-36.372
2022-06-21 09:00:00,596,Viluppuram,0.5,-36.288
2022-06-24 22:00:00,596,Viluppuram,1.0,-36.077
2022-06-29 02:00:00,596,Viluppuram,3.75,-36.279
2022-06-29 04:00:00,596,Viluppuram,0.5,-36.191
2022-07-01 18:00:00,596,Viluppuram,8.0,-36.856
2022-07-01 20:00:00,596,Viluppuram,3.25,-36.856
2022-07-01 21:00:00,596,Viluppuram,7.666666666666667,-36.856
2022-07-01 22:00:00,596,Viluppuram,6.166666666666667,-36.487
2022-07-01 23:00:00,596,Viluppuram,0.75,-36.487
2022-07-02 21:00:00,596,Viluppuram,0.5,-35.907
2022-07-05 20:00:00,596,Viluppuram,0.5,-35.681
2022-07-11 17:00:00,596,Viluppuram,10.25,-35.515
2022-07-11 18:00:00,596,Viluppuram,0.5,-35.515
2022-07-11 19:00:00,596,Viluppuram,0.5,-35.515
2022-07-12 03:00:00,596,Viluppuram,0.5,-35.428
2022-07-27 15:00:00,596,Viluppuram,9.0,-35.399
2022-07-27 16:00:00,596,Viluppuram,1.5,-35.357
2022-07-27 21:00:00,596,Viluppuram,0.5,-35.357
2022-07-28 01:00:00,596,Viluppuram,0.5,-35.298
2022-07-28 07:00:00,596,Viluppuram,0.5,-35.206
2022-07-28 08:00:00,596,Viluppuram,0.5,-35.206
2022-07-28 09:00:00,596,Viluppuram,0.5,-35.206
2022-07-28 10:00:00,596,Viluppuram,0.5,-35.371
2022-07-28 11:00:00,596,Viluppuram,0.5,-35.371
2022-07-28 14:00:00,596,Viluppuram,0.5,-35.371
2022-07-28 15:00:00,596,Viluppuram,3.5,-35.371
2022-07-28 16:00:00,596,Viluppuram,0.5,-35.446
2022-07-28 20:00:00,596,Viluppuram,0.5,-35.446
2022-07-29 02:00:00,596,Viluppuram,0.5,-35.367
2022-07-29 07:00:00,596,Viluppuram,0.5,-35.251
2022-07-29 11:00:00,596,Viluppuram,0.5,-35.347
2022-07-29 13:00:00,596,Viluppuram,0.5,-35.347
2022-07-29 16:00:00,596,Viluppuram,0.5,-35.341
2022-07-29 19:00:00,596,Viluppuram,0.5,-35.341
2022-07-29 23:00:00,596,Viluppuram,0.5,-35.273
2022-07-30 02:00:00,596,Viluppuram,0.5,-35.273
2022-07-30 05:00:00,596,Viluppuram,0.5,-35.173
2022-07-30 07:00:00,596,Viluppuram,0.5,-35.173
2022-07-30 08:00:00,596,Viluppuram,0.5,-35.173
2022-07-30 10:00:00,596,Viluppuram,0.5,-35.235
2022-07-30 11:00:00,596,Viluppuram,0.5,-35.235
2022-07-30 13:00:00,596,Viluppuram,0.5,-35.235
2022-07-30 14:00:00,596,Viluppuram,0.5,-35.235
2022-07-30 17:00:00,596,Viluppuram,0.75,-35.13
2022-07-30 22:00:00,596,Viluppuram,0.5,-35.129
2022-07-31 02:00:00,596,Viluppuram,0.5,-35.129
2022-07-31 05:00:00,596,Viluppuram,0.5,-35.049
2022-07-31 09:00:00,596,Viluppuram,0.5,-35.049
2022-07-31 15:00:00,596,Viluppuram,0.5,-35.209
2022-07-31 23:00:00,596,Viluppuram,1.0,-35.135
2022-08-01 00:00:00,596,Viluppuram,2.0,-35.135
2022-08-01 01:00:00,596,Viluppuram,0.5,-35.135
2022-08-01 07:00:00,596,Viluppuram,0.5,-35.051
2022-08-01 10:00:00,596,Viluppuram,0.5,-35.224
2022-08-01 14:00:00,596,Viluppuram,0.5,-35.224
2022-08-01 22:00:00,596,Viluppuram,7.25,-35.097
2022-08-02 00:00:00,596,Viluppuram,0.5,-35.097
2022-08-02 12:00:00,596,Viluppuram,0.5,-35.099
2022-08-03 01:00:00,596,Viluppuram,0.5,-35.007
2022-08-03 02:00:00,596,Viluppuram,23.5,-35.007
2022-08-03 03:00:00,596,Viluppuram,0.5,-35.007
2022-08-03 11:00:00,596,Viluppuram,0.5,-35.022
2022-08-03 15:00:00,596,Viluppuram,0.5,-35.022
2022-08-04 05:00:00,596,Viluppuram,0.5,-34.94
2022-08-04 19:00:00,596,Viluppuram,1.8333333333333333,-35.063
2022-08-04 20:00:00,596,Viluppuram,2.5,-35.063
2022-08-04 21:00:00,596,Viluppuram,1.0,-35.063
2022-08-04 23:00:00,596,Viluppuram,0.5,-35.009
2022-08-05 09:00:00,596,Viluppuram,0.5,-34.936
2022-08-05 21:00:00,596,Viluppuram,0.5,-35.039
2022-08-06 02:00:00,596,Viluppuram,0.5,-34.981
2022-08-06 09:00:00,596,Viluppuram,0.5,-34.907
2022-08-07 00:00:00,596,Viluppuram,0.5,-34.937
2022-08-07 09:00:00,596,Viluppuram,0.5,-34.859
2022-08-07 11:00:00,596,Viluppuram,0.5,-34.937
2022-08-07 14:00:00,596,Viluppuram,0.5,-34.937
2022-08-07 20:00:00,596,Viluppuram,0.5,-34.877
2022-08-08 04:00:00,596,Viluppuram,0.5,-34.799
2022-08-08 13:00:00,596,Viluppuram,0.5,-35.3
2022-08-11 14:00:00,596,Viluppuram,0.5,-36.188
2022-08-12 05:00:00,596,Viluppuram,0.5,-35.485
2022-08-13 04:00:00,596,Viluppuram,0.5,-36.253
2022-08-13 13:00:00,596,Viluppuram,0.5,-36.384
2022-08-14 12:00:00,596,Viluppuram,0.5,-36.635
2022-08-15 01:00:00,596,Viluppuram,0.5,-36.185
2022-08-16 00:00:00,596,Viluppuram,0.5,-36.192
2022-08-16 20:00:00,596,Viluppuram,0.5,-36.071
2022-08-17 16:00:00,596,Viluppuram,1.0,-35.963
2022-08-17 17:00:00,596,Viluppuram,4.0,-35.963
2022-08-17 18:00:00,596,Viluppuram,2.0,-35.963
2022-08-17 19:00:00,596,Viluppuram,2.5,-35.963
2022-08-17 20:00:00,596,Viluppuram,0.5,-35.963
2022-08-17 22:00:00,596,Viluppuram,0.5,-35.891
2022-08-17 23:00:00,596,Viluppuram,3.75,-35.891
2022-08-18 01:00:00,596,Viluppuram,0.5,-35.891
2022-08-19 04:00:00,596,Viluppuram,1.0,-35.716
2022-08-19 05:00:00,596,Viluppuram,1.0,-35.716
2022-08-19 06:00:00,596,Viluppuram,0.5,-35.716
2022-08-19 07:00:00,596,Viluppuram,0.5,-35.716
2022-08-19 09:00:00,596,Viluppuram,0.5,-35.716
2022-08-19 14:00:00,596,Viluppuram,0.5,-35.738
2022-08-19 23:00:00,596,Viluppuram,24.0,-35.653
2022-08-20 01:00:00,596,Viluppuram,0.5,-35.653
2022-08-21 21:00:00,596,Viluppuram,0.5,-35.664
2022-08-21 23:00:00,596,Viluppuram,0.5,-35.635
2022-08-22 00:00:00,596,Viluppuram,1.0,-35.635
2022-08-22 02:00:00,596,Viluppuram,1.0,-35.635
2022-08-22 03:00:00,596,Viluppuram,0.5,-35.635
2022-08-22 21:00:00,596,Viluppuram,3.5,-35.568
2022-08-22 22:00:00,596,Viluppuram,0.75,-35.554
2022-08-23 00:00:00,596,Viluppuram,0.5,-35.554
2022-08-23 01:00:00,596,Viluppuram,1.0,-35.554
2022-08-23 03:00:00,596,Viluppuram,0.5,-35.554
2022-08-23 19:00:00,596,Viluppuram,1.5,-35.489
2022-08-23 22:00:00,596,Viluppuram,12.0,-35.465
2022-08-23 23:00:00,596,Viluppuram,13.5,-35.465
2022-08-24 00:00:00,596,Viluppuram,3.75,-35.465
2022-08-24 02:00:00,596,Viluppuram,4.75,-35.465
2022-08-24 04:00:00,596,Viluppuram,0.5,-35.411
2022-08-24 18:00:00,596,Viluppuram,0.5,-35.472
2022-08-25 02:00:00,596,Viluppuram,0.5,-35.406
2022-08-25 11:00:00,596,Viluppuram,0.5,-35.559
2022-08-25 17:00:00,596,Viluppuram,0.75,-35.343
2022-08-26 11:00:00,596,Viluppuram,0.5,-35.779
2022-08-26 17:00:00,596,Viluppuram,10.5,-35.722
2022-08-26 18:00:00,596,Viluppuram,1.5,-35.722
2022-08-26 20:00:00,596,Viluppuram,2.5,-35.722
2022-08-26 21:00:00,596,Viluppuram,6.5,-35.722
2022-08-26 22:00:00,596,Viluppuram,0.5,-35.536
2022-08-27 11:00:00,596,Viluppuram,0.5,-35.358
2022-08-27 17:00:00,596,Viluppuram,8.5,-35.276
2022-08-27 18:00:00,596,Viluppuram,3.5,-35.276
2022-08-27 19:00:00,596,Viluppuram,0.75,-35.276
2022-08-27 20:00:00,596,Viluppuram,0.5,-35.276
2022-08-27 21:00:00,596,Viluppuram,0.5,-35.276
2022-08-28 20:00:00,596,Viluppuram,0.5,-35.176
2022-08-29 18:00:00,596,Viluppuram,4.5,-35.136
2022-08-30 02:00:00,596,Viluppuram,0.5,-35.116
2022-08-31 08:00:00,596,Viluppuram,0.5,-34.966
2022-08-31 10:00:00,596,Viluppuram,0.5,-35.066
2022-08-31 11:00:00,596,Viluppuram,0.5,-35.066
2022-08-31 13:00:00,596,Viluppuram,2.0,-35.066
2022-08-31 14:00:00,596,Viluppuram,1.0,-35.066
2022-08-31 15:00:00,596,Viluppuram,1.0,-35.066
2022-08-31 16:00:00,596,Viluppuram,0.5,-34.636
2022-08-31 17:00:00,596,Viluppuram,1.5,-34.636
2022-08-31 18:00:00,596,Viluppuram,0.5,-34.636
2022-09-01 02:00:00,596,Viluppuram,0.5,-34.567
2022-09-01 12:00:00,596,Viluppuram,3.0,-34.705
2022-09-01 13:00:00,596,Viluppuram,3.25,-34.705
2022-09-01 14:00:00,596,Viluppuram,3.5,-34.705
2022-09-01 15:00:00,596,Viluppuram,0.5,-34.705
2022-09-01 20:00:00,596,Viluppuram,0.5,-34.467
2022-09-02 08:00:00,596,Viluppuram,0.5,-34.311
2022-09-03 01:00:00,596,Viluppuram,0.5,-34.41
2022-09-04 09:00:00,596,Viluppuram,0.5,-34.366
2022-09-04 23:00:00,596,Viluppuram,3.0,-34.571
2022-09-05 00:00:00,596,Viluppuram,4.5,-34.571
2022-09-05 01:00:00,596,Viluppuram,0.5,-34.571
2022-09-06 05:00:00,596,Viluppuram,0.5,-34.362
2022-09-06 22:00:00,596,Viluppuram,2.5,-34.357
2022-09-07 00:00:00,596,Viluppuram,0.5,-34.357
2022-09-07 20:00:00,596,Viluppuram,4.25,-34.406
2022-09-07 21:00:00,596,Viluppuram,2.25,-34.406
2022-09-07 22:00:00,596,Viluppuram,0.75,-34.337
2022-09-07 23:00:00,596,Viluppuram,3.75,-34.337
2022-09-08 07:00:00,596,Viluppuram,0.5,-34.236
2022-09-08 08:00:00,596,Viluppuram,0.5,-34.236
2022-09-09 07:00:00,596,Viluppuram,0.5,-34.269
2022-09-11 05:00:00,596,Viluppuram,0.5,-34.168
2022-09-12 23:00:00,596,Viluppuram,0.5,-34.265
2022-09-13 05:00:00,596,Viluppuram,0.5,-34.181
2022-09-14 10:00:00,596,Viluppuram,0.5,-34.418
2022-09-16 22:00:00,596,Viluppuram,0.5,-35.007
2022-09-19 20:00:00,596,Viluppuram,0.5,-36.731
2022-09-23 07:00:00,596,Viluppuram,0.5,-34.828
2022-09-23 14:00:00,596,Viluppuram,1.0,-35.564
2022-09-24 20:00:00,596,Viluppuram,1.0,-34.943
2022-09-24 22:00:00,596,Viluppuram,0.5,-34.813
2022-09-25 20:00:00,596,Viluppuram,0.5,-34.807
2022-09-25 22:00:00,596,Viluppuram,0.5,-34.761
2022-09-27 02:00:00,596,Viluppuram,0.5,-34.83
2022-09-28 12:00:00,596,Viluppuram,0.5,-34.986
2022-09-28 18:00:00,596,Viluppuram,9.0,-34.967
2022-09-28 19:00:00,596,Viluppuram,1.0,-34.967
2022-09-29 11:00:00,596,Viluppuram,0.5,-34.87
2022-09-29 13:00:00,596,Viluppuram,0.5,-34.87
2022-09-29 17:00:00,596,Viluppuram,0.5,-34.901
2022-10-01 02:00:00,596,Viluppuram,1.0,-34.901
2022-10-01 03:00:00,596,Viluppuram,0.5,-34.901
2022-10-01 04:00:00,596,Viluppuram,1.0,-34.773
2022-10-01 22:00:00,596,Viluppuram,0.5,-34.726
2022-10-07 00:00:00,596,Viluppuram,0.5,-34.379
2022-10-07 05:00:00,596,Viluppuram,0.5,-34.289
2022-10-08 08:00:00,596,Viluppuram,0.75,-34.211
2022-10-08 16:00:00,596,Viluppuram,3.5,-33.82
2022-10-08 17:00:00,596,Viluppuram,0.5,-33.82
2022-10-08 18:00:00,596,Viluppuram,2.5,-33.82
2022-10-08 22:00:00,596,Viluppuram,0.5,-33.775
2022-10-09 05:00:00,596,Viluppuram,0.5,-33.699
2022-10-09 13:00:00,596,Viluppuram,4.5,-33.915
2022-10-09 18:00:00,596,Viluppuram,13.0,-33.806
2022-10-09 19:00:00,596,Viluppuram,4.5,-33.806
2022-10-10 04:00:00,596,Viluppuram,1.5,-33.643
2022-10-10 05:00:00,596,Viluppuram,1.5,-33.643
2022-10-10 06:00:00,596,Viluppuram,5.166666666666667,-33.643
2022-10-10 07:00:00,596,Viluppuram,0.5,-33.643
2022-10-10 09:00:00,596,Viluppuram,0.5,-33.643
2022-10-10 14:00:00,596,Viluppuram,20.0,-33.762
2022-10-10 15:00:00,596,Viluppuram,10.5,-33.762
2022-10-10 16:00:00,596,Viluppuram,1.0,-33.706
2022-10-11 02:00:00,596,Viluppuram,0.5,-33.655
2022-10-11 11:00:00,596,Viluppuram,2.0,-32.52
2022-10-12 03:00:00,596,Viluppuram,1.0,-33.229
2022-10-14 05:00:00,596,Viluppuram,2.25,-33.448
2022-10-15 01:00:00,596,Viluppuram,0.5,-33.064
2022-10-15 22:00:00,596,Viluppuram,0.5,-33.324
2022-10-16 03:00:00,596,Viluppuram,6.5,-33.324
2022-10-16 17:00:00,596,Viluppuram,0.5,-33.377
2022-10-17 10:00:00,596,Viluppuram,0.5,-33.51
2022-10-17 14:00:00,596,Viluppuram,0.5,-33.51
2022-10-18 08:00:00,596,Viluppuram,0.5,-33.199
2022-10-18 23:00:00,596,Viluppuram,2.0,-33.281
2022-10-20 05:00:00,596,Viluppuram,0.5,-32.761
2022-10-20 15:00:00,596,Viluppuram,1.5,-32.944
2022-10-20 17:00:00,596,Viluppuram,0.5,-33.178
2022-10-21 04:00:00,596,Viluppuram,0.5,-32.875
2022-10-21 05:00:00,596,Viluppuram,6.5,-32.875
2022-10-21 06:00:00,596,Viluppuram,14.5,-32.875
2022-10-21 07:00:00,596,Viluppuram,6.25,-32.875
2022-10-21 08:00:00,596,Viluppuram,10.0,-32.875
2022-10-21 09:00:00,596,Viluppuram,8.5,-32.875
2022-10-21 10:00:00,596,Viluppuram,8.0,-32.938
2022-10-21 11:00:00,596,Viluppuram,6.5,-32.938
2022-10-21 12:00:00,596,Viluppuram,6.5,-32.938
2022-10-21 13:00:00,596,Viluppuram,6.0,-32.938
2022-10-21 14:00:00,596,Viluppuram,5.0,-32.938
2022-10-21 15:00:00,596,Viluppuram,4.0,-32.938
2022-10-21 16:00:00,596,Viluppuram,2.5,-32.99
2022-10-21 18:00:00,596,Viluppuram,0.5,-32.99
2022-10-22 18:00:00,596,Viluppuram,1.0,-32.912
2022-10-22 19:00:00,596,Viluppuram,1.0,-32.912
2022-10-22 20:00:00,596,Viluppuram,1.0,-32.912
2022-10-27 16:00:00,596,Viluppuram,1.0,-32.688
2022-10-27 17:00:00,596,Viluppuram,1.0,-32.688
2022-10-29 04:00:00,596,Viluppuram,0.5,-32.449
2022-10-29 05:00:00,596,Viluppuram,6.0,-32.449
2022-10-29 06:00:00,596,Viluppuram,5.0,-32.449
2022-10-29 07:00:00,596,Viluppuram,0.75,-32.449
2022-10-29 08:00:00,596,Viluppuram,0.8333333333333334,-32.449
2022-10-29 09:00:00,596,Viluppuram,0.5,-32.449
2022-10-29 10:00:00,596,Viluppuram,1.5,-31.682
2022-10-29 11:00:00,596,Viluppuram,0.5,-31.682
2022-10-29 12:00:00,596,Viluppuram,0.5,-31.682
2022-10-29 13:00:00,596,Viluppuram,10.5,-31.682
2022-10-29 14:00:00,596,Viluppuram,0.5,-31.682
2022-10-29 15:00:00,596,Viluppuram,0.5,-31.682
2022-10-29 17:00:00,596,Viluppuram,0.5,-31.491
2022-10-29 18:00:00,596,Viluppuram,1.5,-31.491
2022-10-29 19:00:00,596,Viluppuram,0.5,-31.491
2022-10-29 20:00:00,596,Viluppuram,2.25,-31.491
2022-10-29 21:00:00,596,Viluppuram,0.5,-31.491
2022-10-30 00:00:00,596,Viluppuram,0.5,-31.8
2022-10-30 03:00:00,596,Viluppuram,0.5,-31.8
2022-10-30 07:00:00,596,Viluppuram,0.5,-31.8
2022-10-30 12:00:00,596,Viluppuram,0.5,-32.343
2022-10-30 17:00:00,596,Viluppuram,0.5,-32.343
2022-10-30 22:00:00,596,Viluppuram,0.5,-32.224
2022-10-31 03:00:00,596,Viluppuram,0.5,-32.224
2022-10-31 10:00:00,596,Viluppuram,0.5,-32.398
2022-10-31 18:00:00,596,Viluppuram,0.5,-32.396
2022-11-01 03:00:00,596,Viluppuram,0.5,-32.251
2022-11-01 06:00:00,596,Viluppuram,0.5,-32.087
2022-11-01 10:00:00,596,Viluppuram,2.0,-30.936
2022-11-01 10:40:00,596,Viluppuram,0.5,-30.936
2022-11-01 10:45:00,596,Viluppuram,0.5,-30.936
2022-11-01 10:50:00,596,Viluppuram,1.0,-30.936
2022-11-01 11:00:00,596,Viluppuram,3.1666666666666665,-30.936
2022-11-01 12:00:00,596,Viluppuram,5.0,-30.936
2022-11-01 13:00:00,596,Viluppuram,2.0,-30.936
2022-11-01 14:00:00,596,Viluppuram,0.75,-30.936
2022-11-01 15:00:00,596,Viluppuram,1.0,-30.936
2022-11-01 16:00:00,596,Viluppuram,0.6666666666666666,-31.131
2022-11-01 18:00:00,596,Viluppuram,0.5,-31.131
2022-11-01 19:00:00,596,Viluppuram,0.5,-31.131
2022-11-01 21:00:00,596,Viluppuram,0.5,-31.131
2022-11-01 23:00:00,596,Viluppuram,0.5,-30.825
2022-11-02 00:00:00,596,Viluppuram,2.0,-30.825
2022-11-02 01:00:00,596,Viluppuram,3.0,-30.825
2022-11-02 04:00:00,596,Viluppuram,0.5,-30.958
2022-11-02 05:00:00,596,Viluppuram,0.5,-30.958
2022-11-02 06:00:00,596,Viluppuram,2.75,-30.958
2022-11-02 07:00:00,596,Viluppuram,0.5,-30.958
2022-11-02 08:00:00,596,Viluppuram,0.5,-30.958
2022-11-02 10:00:00,596,Viluppuram,0.5,-31.474
2022-11-02 13:00:00,596,Viluppuram,4.75,-31.474
2022-11-02 14:00:00,596,Viluppuram,1.0,-31.474
2022-11-02 15:00:00,596,Viluppuram,11.0,-31.474
2022-11-02 16:00:00,596,Viluppuram,2.5,-30.525
2022-11-02 17:00:00,596,Viluppuram,1.0,-30.525
2022-11-02 18:00:00,596,Viluppuram,0.5,-30.525
2022-11-02 19:00:00,596,Viluppuram,8.0,-30.525
2022-11-02 20:00:00,596,Viluppuram,3.5,-30.525
2022-11-02 21:00:00,596,Viluppuram,6.5,-30.525
2022-11-02 22:00:00,596,Viluppuram,0.8333333333333334,-30.835
2022-11-02 23:00:00,596,Viluppuram,0.5,-30.835
2022-11-03 00:00:00,596,Viluppuram,0.5,-30.835
2022-11-03 02:00:00,596,Viluppuram,3.0,-30.835
2022-11-03 03:00:00,596,Viluppuram,0.5,-30.835
2022-11-03 04:00:00,596,Viluppuram,0.5,-31.357
2022-11-03 13:00:00,596,Viluppuram,0.5,-31.743
2022-11-03 14:00:00,596,Viluppuram,0.5,-31.743
2022-11-03 16:00:00,596,Viluppuram,3.0,-31.732
2022-11-03 19:00:00,596,Viluppuram,5.0,-31.732
2022-11-04 00:00:00,596,Viluppuram,0.5,-31.312
2022-11-04 05:00:00,596,Viluppuram,0.5,-31.464
2022-11-04 11:00:00,596,Viluppuram,0.5,-31.753
2022-11-04 14:00:00,596,Viluppuram,2.5,-31.753
2022-11-04 17:00:00,596,Viluppuram,0.5,-31.863
2022-11-05 07:00:00,596,Viluppuram,0.5,-31.714
2022-11-05 13:00:00,596,Viluppuram,19.75,-32.095
2022-11-05 14:00:00,596,Viluppuram,3.5,-32.095
2022-11-09 16:00:00,596,Viluppuram,3.0,-31.812
2022-11-09 18:00:00,596,Viluppuram,0.5,-31.812
2022-11-09 19:00:00,596,Viluppuram,0.5,-31.812
2022-11-10 04:00:00,596,Viluppuram,0.5,-31.456
2022-11-10 14:00:00,596,Viluppuram,2.25,-32.167
2022-11-10 15:00:00,596,Viluppuram,0.5,-32.167
2022-11-10 18:00:00,596,Viluppuram,56.0,-32.024
2022-11-10 21:00:00,596,Viluppuram,1.75,-32.024
2022-11-10 22:00:00,596,Viluppuram,1.75,-31.622
2022-11-10 23:00:00,596,Viluppuram,1.25,-31.622
2022-11-11 00:00:00,596,Viluppuram,1.0,-31.622
2022-11-11 01:00:00,596,Viluppuram,0.5,-31.622
2022-11-11 02:00:00,596,Viluppuram,1.75,-31.622
2022-11-11 04:00:00,596,Viluppuram,1.5,-30.98
2022-11-11 05:00:00,596,Viluppuram,1.625,-30.98
2022-11-11 06:00:00,596,Viluppuram,2.75,-30.98
2022-11-11 07:00:00,596,Viluppuram,2.375,-30.98
2022-11-11 08:00:00,596,Viluppuram,2.625,-30.98
2022-11-11 09:00:00,596,Viluppuram,4.625,-30.98
2022-11-11 10:00:00,596,Viluppuram,3.6666666666666665,-29.922
2022-11-11 11:00:00,596,Viluppuram,4.166666666666667,-29.922
2022-11-11 12:00:00,596,Viluppuram,9.166666666666666,-29.922
2022-11-11 13:00:00,596,Viluppuram,2.0,-29.922
2022-11-11 16:00:00,596,Viluppuram,2.0,-30.241
2022-11-11 17:00:00,596,Viluppuram,2.0,-30.241
2022-11-11 18:00:00,596,Viluppuram,1.5,-30.241
2022-11-11 21:00:00,596,Viluppuram,2.0,-30.241
2022-11-11 22:00:00,596,Viluppuram,3.0,-30.288
2022-11-12 00:00:00,596,Viluppuram,0.5,-30.288
2022-11-12 04:00:00,596,Viluppuram,3.333333333333333,-30.126
2022-11-12 05:00:00,596,Viluppuram,1.75,-30.126
2022-11-12 06:00:00,596,Viluppuram,74.66666666666667,-30.126
2022-11-12 07:00:00,596,Viluppuram,11.166666666666666,-30.126
2022-11-12 08:00:00,596,Viluppuram,4.666666666666667,-30.126
2022-11-12 09:00:00,596,Viluppuram,1.5,-30.126
2022-11-12 10:00:00,596,Viluppuram,1.5,-30.004
2022-11-12 11:00:00,596,Viluppuram,1.5,-30.004
2022-11-12 12:00:00,596,Viluppuram,1.5,-30.004
2022-11-12 13:00:00,596,Viluppuram,1.5,-30.004
2022-11-12 14:00:00,596,Viluppuram,2.0,-30.004
2022-11-12 15:00:00,596,Viluppuram,1.0,-30.004
2022-11-12 16:00:00,596,Viluppuram,1.5,-30.737
2022-11-12 17:00:00,596,Viluppuram,1.0,-30.737
2022-11-12 19:00:00,596,Viluppuram,0.5,-30.737
2022-11-12 20:00:00,596,Viluppuram,1.0,-30.737
2022-11-12 21:00:00,596,Viluppuram,0.5,-30.737
2022-11-12 23:00:00,596,Viluppuram,0.5,-30.069
2022-11-13 00:00:00,596,Viluppuram,0.75,-30.069
2022-11-13 02:00:00,596,Viluppuram,0.5,-30.069
2022-11-13 03:00:00,596,Viluppuram,0.5,-30.069
2022-11-13 04:00:00,596,Viluppuram,0.5,-30.106
2022-11-13 05:00:00,596,Viluppuram,1.0,-30.106
2022-11-13 06:00:00,596,Viluppuram,0.5,-30.106
2022-11-13 07:00:00,596,Viluppuram,0.5,-30.106
2022-11-13 10:00:00,596,Viluppuram,0.5,-30.371
2022-11-13 12:00:00,596,Viluppuram,0.5,-30.371
2022-11-13 13:00:00,596,Viluppuram,0.5,-30.371
2022-11-13 14:00:00,596,Viluppuram,0.5,-30.371
2022-11-13 15:00:00,596,Viluppuram,0.5,-30.371
2022-11-14 00:00:00,596,Viluppuram,0.5,-30.913
2022-11-14 01:00:00,596,Viluppuram,0.5,-30.913
2022-11-14 03:00:00,596,Viluppuram,0.5,-30.913
2022-11-14 04:00:00,596,Viluppuram,0.5,-30.886
2022-11-14 06:00:00,596,Viluppuram,0.5,-30.886
2022-11-14 07:00:00,596,Viluppuram,0.5,-30.886
2022-11-14 09:00:00,596,Viluppuram,0.5,-30.886
2022-11-14 15:00:00,596,Viluppuram,2.25,-31.081
2022-11-14 16:00:00,596,Viluppuram,0.75,-31.111
2022-11-14 17:00:00,596,Viluppuram,4.333333333333333,-31.111
2022-11-14 18:00:00,596,Viluppuram,0.5,-31.111
2022-11-14 19:00:00,596,Viluppuram,0.5,-31.111
2022-11-14 22:00:00,596,Viluppuram,0.5,-31.013
2022-11-15 00:00:00,596,Viluppuram,0.5,-31.013
2022-11-15 02:00:00,596,Viluppuram,0.5,-31.013
2022-11-15 05:00:00,596,Viluppuram,0.5,-30.93
2022-11-15 07:00:00,596,Viluppuram,0.5,-30.93
2022-11-15 09:00:00,596,Viluppuram,0.5,-30.93
2022-11-15 12:00:00,596,Viluppuram,0.5,-31.083
2022-11-15 15:00:00,596,Viluppuram,0.5,-31.083
2022-11-15 18:00:00,596,Viluppuram,0.5,-31.464
2022-11-15 21:00:00,596,Viluppuram,0.5,-31.464
2022-11-16 00:00:00,596,Viluppuram,0.5,-30.959
2022-11-16 03:00:00,596,Viluppuram,0.5,-30.959
2022-11-16 07:00:00,596,Viluppuram,0.5,-30.873
2022-11-17 12:00:00,596,Viluppuram,135.5,-30.987
2022-11-17 13:00:00,596,Viluppuram,156.0,-30.987
2022-11-18 02:00:00,596,Viluppuram,0.5,-30.899
2022-11-21 23:00:00,596,Viluppuram,1.5,-30.627
2022-11-22 00:00:00,596,Viluppuram,5.0,-30.627
2022-11-22 01:00:00,596,Viluppuram,3.0,-30.627
2022-11-22 02:00:00,596,Viluppuram,2.0,-30.627
2022-11-22 03:00:00,596,Viluppuram,1.0,-30.627
2022-11-22 16:00:00,596,Viluppuram,0.5,-30.564
2022-11-22 18:00:00,596,Viluppuram,1.0,-30.564
2022-11-22 22:00:00,596,Viluppuram,0.5,-30.477
2022-11-23 00:00:00,596,Viluppuram,0.5,-30.477
2022-11-23 03:00:00,596,Viluppuram,0.5,-30.477
2022-11-23 04:00:00,596,Viluppuram,1.5,-30.371
2022-11-23 05:00:00,596,Viluppuram,1.0,-30.371
2022-11-23 06:00:00,596,Viluppuram,1.5,-30.371
2022-11-23 17:00:00,596,Viluppuram,4.0,-30.583
2022-11-23 18:00:00,596,Viluppuram,19.5,-30.583
2022-11-23 19:00:00,596,Viluppuram,7.5,-30.583
2022-11-23 20:00:00,596,Viluppuram,0.5,-30.583
2022-11-23 22:00:00,596,Viluppuram,0.5,-30.455
2022-11-23 23:00:00,596,Viluppuram,0.5,-30.455
2022-11-24 05:00:00,596,Viluppuram,0.5,-30.336
2022-11-25 14:00:00,596,Viluppuram,3.0,-30.502
2022-11-25 15:00:00,596,Viluppuram,1.0,-30.502
2022-11-25 16:00:00,596,Viluppuram,0.5,-31.621
2022-12-01 03:00:00,596,Viluppuram,0.5,-30.166
2022-12-01 04:00:00,596,Viluppuram,1.5,-30.068
2022-12-01 05:00:00,596,Viluppuram,1.0,-30.068
2022-12-01 14:00:00,596,Viluppuram,2.0,-30.068
2022-12-01 15:00:00,596,Viluppuram,2.75,-30.068
2022-12-01 16:00:00,596,Viluppuram,1.5,-30.068
2022-12-02 13:00:00,596,Viluppuram,1.0,-29.912
2022-12-02 14:00:00,596,Viluppuram,0.5,-29.912
2022-12-02 16:00:00,596,Viluppuram,8.5,-29.94
2022-12-03 13:00:00,596,Viluppuram,0.5,-30.273
2022-12-03 15:00:00,596,Viluppuram,6.5,-30.273
2022-12-03 16:00:00,596,Viluppuram,2.25,-30.273
2022-12-03 17:00:00,596,Viluppuram,1.5,-30.273
2022-12-04 06:00:00,596,Viluppuram,1.25,-29.751
2022-12-04 07:00:00,596,Viluppuram,0.5,-29.751
2022-12-04 10:00:00,596,Viluppuram,2.0,-29.711
2022-12-04 11:00:00,596,Viluppuram,1.0,-29.711
2022-12-04 12:00:00,596,Viluppuram,1.0,-29.711
2022-12-04 14:00:00,596,Viluppuram,1.5,-29.711
2022-12-04 15:00:00,596,Viluppuram,1.5,-29.711
2022-12-04 16:00:00,596,Viluppuram,1.0,-29.644
2022-12-04 17:00:00,596,Viluppuram,1.5,-29.644
2022-12-04 18:00:00,596,Viluppuram,1.0,-29.644
2022-12-04 19:00:00,596,Viluppuram,1.0,-29.644
2022-12-04 20:00:00,596,Viluppuram,0.5,-29.644
2022-12-04 21:00:00,596,Viluppuram,0.5,-29.644
2022-12-05 16:00:00,596,Viluppuram,0.5,-29.541
2022-12-08 12:00:00,596,Viluppuram,0.5,-29.587
2022-12-08 23:00:00,596,Viluppuram,0.5,-29.368
2022-12-09 00:00:00,596,Viluppuram,0.5,-29.368
2022-12-09 07:00:00,596,Viluppuram,0.5,-29.228
2022-12-09 08:00:00,596,Viluppuram,0.5,-29.228
2022-12-09 14:00:00,596,Viluppuram,0.5,-29.151
2022-12-09 15:00:00,596,Viluppuram,0.6666666666666666,-29.151
2022-12-09 16:00:00,596,Viluppuram,0.5,-29.101
2022-12-09 17:00:00,596,Viluppuram,0.5,-29.101
2022-12-09 18:00:00,596,Viluppuram,0.5,-29.101
2022-12-09 19:00:00,596,Viluppuram,0.5,-29.101
2022-12-09 20:00:00,596,Viluppuram,1.5,-29.101
2022-12-09 21:00:00,596,Viluppuram,1.375,-29.101
2022-12-09 22:00:00,596,Viluppuram,4.125,-28.816
2022-12-09 23:00:00,596,Viluppuram,5.75,-28.816
2022-12-10 00:00:00,596,Viluppuram,1.875,-28.816
2022-12-10 01:00:00,596,Viluppuram,1.25,-28.816
2022-12-10 02:00:00,596,Viluppuram,0.8333333333333334,-28.816
2022-12-10 03:00:00,596,Viluppuram,1.6666666666666667,-28.816
2022-12-10 04:00:00,596,Viluppuram,2.625,-28.677
2022-12-10 05:00:00,596,Viluppuram,2.5,-28.677
2022-12-10 06:00:00,596,Viluppuram,1.3333333333333333,-28.677
2022-12-10 07:00:00,596,Viluppuram,1.0,-28.677
2022-12-10 08:00:00,596,Viluppuram,1.0,-28.677
2022-12-10 09:00:00,596,Viluppuram,0.5,-28.677
2022-12-10 10:00:00,596,Viluppuram,1.0,-28.635
2022-12-10 11:00:00,596,Viluppuram,0.5,-28.635
2022-12-10 12:00:00,596,Viluppuram,0.5,-28.635
2022-12-10 22:00:00,596,Viluppuram,0.5,-28.681
2022-12-11 15:00:00,596,Viluppuram,5.5,-28.753
2022-12-11 17:00:00,596,Viluppuram,0.5,-28.747
2022-12-12 02:00:00,596,Viluppuram,1.5,-28.727
2022-12-12 03:00:00,596,Viluppuram,1.0,-28.727
2022-12-12 04:00:00,596,Viluppuram,0.5,-28.625
2022-12-12 05:00:00,596,Viluppuram,2.0,-28.625
2022-12-12 06:00:00,596,Viluppuram,1.0,-28.625
2022-12-12 07:00:00,596,Viluppuram,0.5,-28.625
2022-12-12 09:00:00,596,Viluppuram,2.0,-28.625
2022-12-12 15:00:00,596,Viluppuram,5.25,-28.744
2022-12-12 16:00:00,596,Viluppuram,4.833333333333333,-27.574
2022-12-12 17:00:00,596,Viluppuram,2.6666666666666665,-27.574
2022-12-12 18:00:00,596,Viluppuram,1.0,-27.574
2022-12-12 19:00:00,596,Viluppuram,0.5,-27.574
2022-12-12 20:00:00,596,Viluppuram,2.25,-27.574
2022-12-12 21:00:00,596,Viluppuram,7.5,-27.574
2022-12-12 22:00:00,596,Viluppuram,5.0,-28.169
2022-12-12 23:00:00,596,Viluppuram,2.0,-28.169
2022-12-13 00:00:00,596,Viluppuram,1.25,-28.169
2022-12-13 01:00:00,596,Viluppuram,2.25,-28.169
2022-12-13 02:00:00,596,Viluppuram,0.5,-28.169
2022-12-13 03:00:00,596,Viluppuram,0.5,-28.169
2022-12-13 04:00:00,596,Viluppuram,0.5,-28.255
2022-12-13 05:00:00,596,Viluppuram,0.5,-28.255
2022-12-13 07:00:00,596,Viluppuram,0.5,-28.255
2022-12-13 08:00:00,596,Viluppuram,0.5,-28.255
2022-12-13 09:00:00,596,Viluppuram,0.5,-28.255
2022-12-13 10:00:00,596,Viluppuram,0.5,-28.398
2022-12-13 11:00:00,596,Viluppuram,0.5,-28.398
2022-12-13 12:00:00,596,Viluppuram,0.5,-28.398
2022-12-13 13:00:00,596,Viluppuram,1.0,-28.398
2022-12-13 14:00:00,596,Viluppuram,0.5,-28.398
2022-12-13 15:00:00,596,Viluppuram,1.0,-28.398
2022-12-13 16:00:00,596,Viluppuram,1.0,-28.388
2022-12-13 17:00:00,596,Viluppuram,1.0,-28.388
2022-12-13 18:00:00,596,Viluppuram,1.0,-28.388
2022-12-13 19:00:00,596,Viluppuram,0.5,-28.388
2022-12-14 00:00:00,596,Viluppuram,1.0,-28.354
2022-12-14 01:00:00,596,Viluppuram,0.5,-28.354
2022-12-14 02:00:00,596,Viluppuram,0.5,-28.354
2022-12-14 03:00:00,596,Viluppuram,0.5,-28.354
2022-12-14 04:00:00,596,Viluppuram,0.5,-28.294
2022-12-14 05:00:00,596,Viluppuram,1.0,-28.294
2022-12-14 06:00:00,596,Viluppuram,0.5,-28.294
2022-12-14 09:00:00,596,Viluppuram,0.5,-28.294
2022-12-14 10:00:00,596,Viluppuram,0.5,-28.511
2022-12-14 11:00:00,596,Viluppuram,0.5,-28.511
2022-12-14 12:00:00,596,Viluppuram,0.5,-28.511
2022-12-14 13:00:00,596,Viluppuram,0.5,-28.511
2022-12-14 14:00:00,596,Viluppuram,0.5,-28.511
2022-12-14 15:00:00,596,Viluppuram,1.0,-28.511
2022-12-14 16:00:00,596,Viluppuram,0.5,-28.981
2022-12-14 17:00:00,596,Viluppuram,0.5,-28.981
2022-12-14 18:00:00,596,Viluppuram,0.5,-28.981
2022-12-14 20:00:00,596,Viluppuram,0.5,-28.981
2022-12-14 21:00:00,596,Viluppuram,0.5,-28.981
2022-12-14 22:00:00,596,Viluppuram,0.5,-28.523
2022-12-14 23:00:00,596,Viluppuram,0.5,-28.523
2022-12-15 01:00:00,596,Viluppuram,0.5,-28.523
2022-12-15 02:00:00,596,Viluppuram,0.5,-28.523
2022-12-15 03:00:00,596,Viluppuram,0.5,-28.523
2022-12-15 05:00:00,596,Viluppuram,0.5,-28.403
2022-12-15 06:00:00,596,Viluppuram,0.5,-28.403
2022-12-15 08:00:00,596,Viluppuram,0.5,-28.403
2022-12-15 10:00:00,596,Viluppuram,0.5,-28.799
2022-12-15 11:00:00,596,Viluppuram,0.5,-28.799
2022-12-15 13:00:00,596,Viluppuram,0.5,-28.799
2022-12-15 14:00:00,596,Viluppuram,0.5,-28.799
2022-12-15 15:00:00,596,Viluppuram,0.5,-28.799
2022-12-15 17:00:00,596,Viluppuram,0.5,-29.13
2022-12-15 18:00:00,596,Viluppuram,0.5,-29.13
2022-12-15 19:00:00,596,Viluppuram,0.5,-29.13
2022-12-15 21:00:00,596,Viluppuram,0.5,-29.13
2022-12-15 22:00:00,596,Viluppuram,0.5,-28.389
2022-12-16 00:00:00,596,Viluppuram,0.5,-28.389
2022-12-16 01:00:00,596,Viluppuram,0.5,-28.389
2022-12-16 03:00:00,596,Viluppuram,0.5,-28.389
2022-12-16 05:00:00,596,Viluppuram,0.5,-28.264
2022-12-16 07:00:00,596,Viluppuram,0.5,-28.264
2022-12-16 09:00:00,596,Viluppuram,0.5,-28.264
2022-12-16 11:00:00,596,Viluppuram,0.5,-28.426
2022-12-16 12:00:00,596,Viluppuram,0.5,-28.426
2022-12-16 14:00:00,596,Viluppuram,0.5,-28.426
2022-12-16 16:00:00,596,Viluppuram,0.5,-28.321
2022-12-16 17:00:00,596,Viluppuram,0.5,-28.321
2022-12-16 19:00:00,596,Viluppuram,0.5,-28.321
2022-12-16 21:00:00,596,Viluppuram,0.5,-28.321
2022-12-17 00:00:00,596,Viluppuram,0.5,-28.244
2022-12-17 02:00:00,596,Viluppuram,0.5,-28.244
2022-12-17 05:00:00,596,Viluppuram,0.5,-28.154
2022-12-17 08:00:00,596,Viluppuram,0.5,-28.154
2022-12-17 11:00:00,596,Viluppuram,0.5,-28.354
2022-12-17 13:00:00,596,Viluppuram,0.5,-28.354
2022-12-17 16:00:00,596,Viluppuram,0.5,-28.859
2022-12-17 19:00:00,596,Viluppuram,0.5,-28.859
2022-12-17 23:00:00,596,Viluppuram,0.5,-28.253
2022-12-25 06:00:00,596,Viluppuram,1.0,-27.947
2022-12-25 07:00:00,596,Viluppuram,1.0,-27.947
2022-12-25 08:00:00,596,Viluppuram,1.0,-27.947
2022-12-25 09:00:00,596,Viluppuram,0.75,-27.947
2022-12-25 10:00:00,596,Viluppuram,0.5,-28.061
2022-12-25 11:00:00,596,Viluppuram,0.5,-28.061
2022-12-25 12:00:00,596,Viluppuram,2.75,-28.061
2022-12-25 13:00:00,596,Viluppuram,1.0,-28.061
2022-12-25 14:00:00,596,Viluppuram,3.0,-28.061
2022-12-25 15:00:00,596,Viluppuram,3.0,-28.061
2022-12-25 16:00:00,596,Viluppuram,7.0,-28.174
2022-12-25 17:00:00,596,Viluppuram,0.5,-28.174
2022-12-25 18:00:00,596,Viluppuram,0.5,-28.174
2022-12-25 19:00:00,596,Viluppuram,0.5,-28.174
2022-12-25 21:00:00,596,Viluppuram,0.5,-28.174
2022-12-26 00:00:00,596,Viluppuram,0.5,-28.079
2022-12-26 02:00:00,596,Viluppuram,1.0,-28.079
2022-12-26 03:00:00,596,Viluppuram,12.0,-28.079
2022-12-26 10:00:00,596,Viluppuram,0.5,-28.047
2022-12-26 12:00:00,596,Viluppuram,0.5,-28.047
2022-12-26 13:00:00,596,Viluppuram,0.5,-28.047
2022-12-26 18:00:00,596,Viluppuram,0.5,-27.998
2022-12-26 20:00:00,596,Viluppuram,5.5,-27.998
2022-12-26 21:00:00,596,Viluppuram,1.5,-27.998
2022-12-26 22:00:00,596,Viluppuram,2.5,-27.946
2022-12-26 23:00:00,596,Viluppuram,3.5,-27.946
2022-12-27 00:00:00,596,Viluppuram,1.0,-27.946
2022-12-27 03:00:00,596,Viluppuram,0.75,-27.946
2022-12-27 04:00:00,596,Viluppuram,1.5,-27.821
2022-12-27 05:00:00,596,Viluppuram,2.1666666666666665,-27.821
2022-12-27 06:00:00,596,Viluppuram,0.8333333333333334,-27.821
2022-12-27 08:00:00,596,Viluppuram,1.0,-27.821
2022-12-27 09:00:00,596,Viluppuram,3.25,-27.821
2022-12-27 11:00:00,596,Viluppuram,0.5,-27.813
2022-12-27 12:00:00,596,Viluppuram,0.5,-27.813
2022-12-27 13:00:00,596,Viluppuram,0.5,-27.813
2022-12-27 15:00:00,596,Viluppuram,0.5,-27.813
2023-01-05 07:00:00,596,Viluppuram,1.25,-27.57
2023-01-05 08:00:00,596,Viluppuram,1.25,-27.57
2023-01-30 13:00:00,596,Viluppuram,2.0,-29.703
2023-02-03 06:00:00,596,Viluppuram,2.25,-29.553
2023-02-03 07:00:00,596,Viluppuram,0.5,-29.553
2023-02-03 11:00:00,596,Viluppuram,2.25,-29.703
2023-02-03 12:00:00,596,Viluppuram,1.0,-29.703
2023-02-03 14:00:00,596,Viluppuram,1.0,-29.703
2023-02-03 15:00:00,596,Viluppuram,1.5,-29.703
2023-03-17 18:00:00,596,Viluppuram,1.0,-32.356
2023-03-17 19:00:00,596,Viluppuram,3.5,-32.356
2023-03-18 11:00:00,596,Viluppuram,5.0,-32.4
2023-03-18 13:00:00,596,Viluppuram,1.5,-32.4
2023-03-19 16:00:00,596,Viluppuram,1.5,-32.264
2023-03-19 17:00:00,596,Viluppuram,8.0,-32.264
2023-03-19 18:00:00,596,Viluppuram,5.5,-32.264
2023-03-19 19:00:00,596,Viluppuram,1.5,-32.264
2023-03-19 20:00:00,596,Viluppuram,0.8333333333333334,-32.264
2023-03-19 21:00:00,596,Viluppuram,1.0,-32.264
2023-03-19 22:00:00,596,Viluppuram,1.0,-32.237
2023-03-19 23:00:00,596,Viluppuram,1.0,-32.237
2023-03-20 00:00:00,596,Viluppuram,1.0,-32.237
2023-03-20 01:00:00,596,Viluppuram,0.5,-32.237
2023-03-20 02:00:00,596,Viluppuram,0.5,-32.237
2023-03-20 03:00:00,596,Viluppuram,10.75,-32.237
2023-03-20 04:00:00,596,Viluppuram,0.5,-32.173
2023-03-20 05:00:00,596,Viluppuram,0.5,-32.173
2023-03-20 06:00:00,596,Viluppuram,0.5,-32.173
2023-03-20 08:00:00,596,Viluppuram,0.5,-32.173
2023-03-20 10:00:00,596,Viluppuram,0.5,-32.616
2023-03-20 12:00:00,596,Viluppuram,0.5,-32.616
2023-03-20 14:00:00,596,Viluppuram,0.5,-32.616
2023-03-20 17:00:00,596,Viluppuram,0.5,-32.268
2023-03-20 21:00:00,596,Viluppuram,3.1666666666666665,-32.268
2023-03-20 23:00:00,596,Viluppuram,1.0,-32.227
2023-03-21 00:00:00,596,Viluppuram,2.0,-32.227
2023-03-21 01:00:00,596,Viluppuram,1.75,-32.227
2023-03-21 02:00:00,596,Viluppuram,0.5,-32.227
2023-03-21 06:00:00,596,Viluppuram,0.5,-32.147
2023-03-21 11:00:00,596,Viluppuram,0.5,-32.234
2023-03-21 16:00:00,596,Viluppuram,0.5,-32.212
2023-03-22 02:00:00,596,Viluppuram,0.5,-32.177
2023-04-01 13:00:00,596,Viluppuram,0.5,-32.582
2023-04-01 14:00:00,596,Viluppuram,6.0,-32.582
2023-04-01 15:00:00,596,Viluppuram,0.5,-32.582
2023-04-01 16:00:00,596,Viluppuram,0.5,-32.426
2023-04-01 17:00:00,596,Viluppuram,1.0,-32.426
2023-04-01 18:00:00,596,Viluppuram,0.5,-32.426
2023-04-01 19:00:00,596,Viluppuram,0.5,-32.426
2023-04-01 23:00:00,596,Viluppuram,0.5,-32.318
2023-04-02 05:00:00,596,Viluppuram,0.5,-32.198
2023-04-02 12:00:00,596,Viluppuram,0.5,-32.261
2023-04-02 15:00:00,596,Viluppuram,1.0,-32.261
2023-04-02 22:00:00,596,Viluppuram,0.5,-32.166
2023-04-03 11:00:00,596,Viluppuram,0.5,-32.542
2023-04-04 01:00:00,596,Viluppuram,0.5,-32.433
2023-04-04 20:00:00,596,Viluppuram,0.5,-32.365
2023-04-05 19:00:00,596,Viluppuram,0.5,-32.42
2023-04-06 21:00:00,596,Viluppuram,0.5,-32.496
2023-04-08 05:00:00,596,Viluppuram,0.5,-32.574
2023-04-23 19:00:00,596,Viluppuram,0.5,-33.532
2023-04-23 23:00:00,596,Viluppuram,0.5,-33.525
2023-04-24 01:00:00,596,Viluppuram,1.0,-33.525
2023-04-24 02:00:00,596,Viluppuram,0.8333333333333334,-33.525
2023-04-24 03:00:00,596,Viluppuram,0.5,-33.525
2023-04-24 04:00:00,596,Viluppuram,0.5,-33.463
2023-04-24 08:00:00,596,Viluppuram,0.5,-33.463
2023-04-24 09:00:00,596,Viluppuram,0.5,-33.463
2023-04-24 12:00:00,596,Viluppuram,0.5,-33.59
2023-04-24 16:00:00,596,Viluppuram,0.5,-33.506
2023-04-24 20:00:00,596,Viluppuram,0.5,-33.506
2023-04-25 02:00:00,596,Viluppuram,0.5,-33.502
2023-04-25 06:00:00,596,Viluppuram,11.5,-33.48
2023-04-25 09:00:00,596,Viluppuram,0.5,-33.48
2023-04-25 11:00:00,596,Viluppuram,0.5,-33.655
2023-04-26 05:00:00,596,Viluppuram,0.5,-33.63
2023-04-26 13:00:00,596,Viluppuram,0.5,-33.832
2023-04-26 15:00:00,596,Viluppuram,0.5,-33.832
2023-04-26 23:00:00,596,Viluppuram,0.5,-33.782
2023-04-27 01:00:00,596,Viluppuram,0.5,-33.782
2023-04-27 22:00:00,596,Viluppuram,0.5,-33.831
2023-04-29 11:00:00,596,Viluppuram,1.0,-33.957
2023-04-29 14:00:00,596,Viluppuram,0.5,-33.957
2023-04-30 08:00:00,596,Viluppuram,0.5,-33.779
2023-05-01 02:00:00,596,Viluppuram,0.5,-33.874
2023-05-01 13:00:00,596,Viluppuram,0.5,-33.977
2023-05-01 15:00:00,596,Viluppuram,2.0,-33.977
2023-05-01 16:00:00,596,Viluppuram,0.5,-34.042
2023-05-01 21:00:00,596,Viluppuram,2.5,-34.042
2023-05-01 22:00:00,596,Viluppuram,0.5,-33.974
2023-05-01 23:00:00,596,Viluppuram,1.0,-33.974
2023-05-02 00:00:00,596,Viluppuram,8.0,-33.974
2023-05-02 01:00:00,596,Viluppuram,0.5,-33.974
2023-05-02 03:00:00,596,Viluppuram,0.5,-33.974
2023-05-02 04:00:00,596,Viluppuram,0.5,-33.889
2023-05-02 05:00:00,596,Viluppuram,8.0,-33.889
2023-05-02 06:00:00,596,Viluppuram,10.25,-33.889
2023-05-02 07:00:00,596,Viluppuram,2.5,-33.889
2023-05-02 08:00:00,596,Viluppuram,0.6666666666666666,-33.889
2023-05-02 09:00:00,596,Viluppuram,0.5,-33.889
2023-05-02 16:00:00,596,Viluppuram,0.5,-33.815
2023-05-02 18:00:00,596,Viluppuram,0.5,-33.815
2023-05-02 23:00:00,596,Viluppuram,0.5,-33.803
2023-05-03 06:00:00,596,Viluppuram,0.5,-33.747
2023-05-03 09:00:00,596,Viluppuram,0.5,-33.747
2023-05-03 13:00:00,596,Viluppuram,0.5,-33.902
2023-05-03 19:00:00,596,Viluppuram,3.0,-33.886
2023-05-03 20:00:00,596,Viluppuram,1.5,-33.886
2023-05-03 21:00:00,596,Viluppuram,0.5,-33.886
2023-05-03 22:00:00,596,Viluppuram,7.5,-33.87
2023-05-03 23:00:00,596,Viluppuram,10.0,-33.87
2023-05-04 00:00:00,596,Viluppuram,12.5,-33.87
2023-05-04 01:00:00,596,Viluppuram,3.0,-33.87
2023-05-04 03:00:00,596,Viluppuram,0.5,-33.87
2023-05-04 04:00:00,596,Viluppuram,0.5,-33.745
2023-05-04 12:00:00,596,Viluppuram,0.5,-33.904
2023-05-04 20:00:00,596,Viluppuram,0.5,-33.866
2023-05-04 22:00:00,596,Viluppuram,0.5,-33.827
2023-05-05 01:00:00,596,Viluppuram,0.5,-33.827
2023-05-05 09:00:00,596,Viluppuram,0.5,-33.739
2023-05-05 11:00:00,596,Viluppuram,0.5,-33.836
2023-05-05 19:00:00,596,Viluppuram,0.5,-33.749
2023-05-06 01:00:00,596,Viluppuram,0.5,-33.719
2023-05-06 08:00:00,596,Viluppuram,0.5,-33.656
2023-05-06 12:00:00,596,Viluppuram,0.5,-33.738
2023-05-06 13:00:00,596,Viluppuram,0.5,-33.738
2023-05-06 15:00:00,596,Viluppuram,0.5,-33.738
2023-05-06 17:00:00,596,Viluppuram,9.0,-33.656
2023-05-06 18:00:00,596,Viluppuram,20.33333333333333,-33.656
2023-05-06 19:00:00,596,Viluppuram,2.0,-33.656
2023-05-06 20:00:00,596,Viluppuram,1.0,-33.656
2023-05-06 22:00:00,596,Viluppuram,0.5,-33.639
2023-05-06 23:00:00,596,Viluppuram,0.5,-33.639
2023-05-07 01:00:00,596,Viluppuram,0.5,-33.639
2023-05-07 04:00:00,596,Viluppuram,0.5,-33.578
2023-05-07 05:00:00,596,Viluppuram,0.5,-33.578
2023-05-07 09:00:00,596,Viluppuram,0.5,-33.578
2023-05-07 10:00:00,596,Viluppuram,0.5,-34.129
2023-05-07 12:00:00,596,Viluppuram,0.5,-34.129
2023-05-07 15:00:00,596,Viluppuram,0.5,-34.129
2023-05-07 17:00:00,596,Viluppuram,1.0,-34.517
2023-05-07 23:00:00,596,Viluppuram,1.5,-34.185
2023-05-08 01:00:00,596,Viluppuram,0.5,-34.185
2023-05-08 09:00:00,596,Viluppuram,0.5,-33.943
2023-05-08 12:00:00,596,Viluppuram,0.5,-34.609
2023-05-08 13:00:00,596,Viluppuram,3.0,-34.609
2023-05-08 14:00:00,596,Viluppuram,39.0,-34.609
2023-05-09 07:00:00,596,Viluppuram,0.5,-33.944
2023-05-10 01:00:00,596,Viluppuram,0.5,-34.026
2023-05-10 17:00:00,596,Viluppuram,0.5,-33.965
2023-05-11 01:00:00,596,Viluppuram,0.5,-33.891
2023-05-11 07:00:00,596,Viluppuram,0.5,-33.779
2023-05-11 13:00:00,596,Viluppuram,0.5,-34.311
2023-05-11 19:00:00,596,Viluppuram,0.5,-34.139
2023-05-12 00:00:00,596,Viluppuram,0.5,-33.938
2023-05-12 07:00:00,596,Viluppuram,0.5,-33.811
2023-05-12 13:00:00,596,Viluppuram,0.5,-34.168
2023-05-12 20:00:00,596,Viluppuram,0.5,-34.22
2023-05-13 03:00:00,596,Viluppuram,0.5,-34.108
2023-05-13 10:00:00,596,Viluppuram,0.5,-34.019
2023-05-13 18:00:00,596,Viluppuram,0.5,-33.851
2023-05-14 03:00:00,596,Viluppuram,0.5,-33.776
2023-05-14 12:00:00,596,Viluppuram,0.5,-33.851
2023-05-15 02:00:00,596,Viluppuram,0.5,-34.007
2023-06-03 00:00:00,596,Viluppuram,1.0,-36.165
2023-06-03 01:00:00,596,Viluppuram,3.0,-36.165
2023-06-05 17:00:00,596,Viluppuram,0.5,-36.52
2023-06-05 19:00:00,596,Viluppuram,6.5,-36.52
2023-06-05 20:00:00,596,Viluppuram,0.5,-36.52
2023-06-06 00:00:00,596,Viluppuram,24.0,-36.506
2023-06-06 01:00:00,596,Viluppuram,4.166666666666667,-36.506
2023-06-06 02:00:00,596,Viluppuram,9.5,-36.506
2023-06-06 03:00:00,596,Viluppuram,0.5,-36.506
2023-06-06 19:00:00,596,Viluppuram,14.0,-36.644
2023-06-06 20:00:00,596,Viluppuram,1.0,-36.644
2023-06-06 22:00:00,596,Viluppuram,1.8333333333333333,-36.5
2023-06-06 23:00:00,596,Viluppuram,1.5,-36.5
2023-06-07 00:00:00,596,Viluppuram,1.25,-36.5
2023-06-07 02:00:00,596,Viluppuram,0.5,-36.5
2023-06-07 03:00:00,596,Viluppuram,0.5,-36.5
2023-06-11 21:00:00,596,Viluppuram,4.0,-36.727
2023-06-12 20:00:00,596,Viluppuram,1.0,-36.8
2023-06-13 18:00:00,596,Viluppuram,1.5,-36.836
2023-06-13 21:00:00,596,Viluppuram,13.0,-36.836
2023-06-13 22:00:00,596,Viluppuram,3.0,-36.952
2023-06-13 23:00:00,596,Viluppuram,1.0,-36.952
2023-06-14 00:00:00,596,Viluppuram,0.5,-36.952
2023-06-14 01:00:00,596,Viluppuram,0.5,-36.952
2023-06-18 11:00:00,596,Viluppuram,0.5,-37.132
2023-06-18 12:00:00,596,Viluppuram,7.333333333333333,-37.132
2023-06-18 13:00:00,596,Viluppuram,4.666666666666667,-37.132
2023-06-18 14:00:00,596,Viluppuram,1.0,-37.132
2023-06-18 15:00:00,596,Viluppuram,0.5,-37.132
2023-06-18 16:00:00,596,Viluppuram,0.5,-37.114
2023-06-18 17:00:00,596,Viluppuram,0.5,-37.114
2023-06-18 19:00:00,596,Viluppuram,0.5,-37.114
2023-06-19 00:00:00,596,Viluppuram,6.0,-36.696
2023-06-19 01:00:00,596,Viluppuram,1.5,-36.696
2023-06-19 02:00:00,596,Viluppuram,1.0,-36.696
2023-06-19 03:00:00,596,Viluppuram,0.75,-36.696
2023-06-19 04:00:00,596,Viluppuram,2.5,-36.452
2023-06-19 05:00:00,596,Viluppuram,1.5,-36.452
2023-06-19 06:00:00,596,Viluppuram,1.3333333333333333,-36.452
2023-06-19 07:00:00,596,Viluppuram,0.75,-36.452
2023-06-19 09:00:00,596,Viluppuram,0.5,-36.452
2023-06-19 10:00:00,596,Viluppuram,1.0,-37.08
2023-06-19 12:00:00,596,Viluppuram,0.5,-37.08
2023-06-19 18:00:00,596,Viluppuram,0.5,-36.545
2023-06-19 23:00:00,596,Viluppuram,7.0,-36.347
2023-06-20 00:00:00,596,Viluppuram,7.5,-36.347
2023-06-20 01:00:00,596,Viluppuram,0.5,-36.347
2023-06-20 04:00:00,596,Viluppuram,0.75,-36.197
2023-06-20 05:00:00,596,Viluppuram,0.8333333333333334,-36.197
2023-06-20 06:00:00,596,Viluppuram,0.5,-36.197
2023-06-20 07:00:00,596,Viluppuram,0.5,-36.197
2023-06-20 08:00:00,596,Viluppuram,0.5,-36.197
2023-06-20 16:00:00,596,Viluppuram,0.5,-36.954
2023-06-20 21:00:00,596,Viluppuram,0.5,-36.954
2023-06-20 23:00:00,596,Viluppuram,0.5,-37.022
2023-06-21 00:00:00,596,Viluppuram,1.0,-37.022
2023-06-21 01:00:00,596,Viluppuram,7.0,-37.022
2023-06-21 03:00:00,596,Viluppuram,0.5,-37.022
2023-06-21 04:00:00,596,Viluppuram,0.6666666666666666,-37.052
2023-06-21 07:00:00,596,Viluppuram,0.5,-37.052
2023-06-21 16:00:00,596,Viluppuram,0.5,-37.458
2023-06-22 04:00:00,596,Viluppuram,0.5,-37.285
2023-06-22 15:00:00,596,Viluppuram,0.5,-37.408
2023-06-23 06:00:00,596,Viluppuram,0.5,-37.349
2023-06-24 00:00:00,596,Viluppuram,0.5,-37.378
2023-06-24 22:00:00,596,Viluppuram,0.5,-37.362
2023-06-25 22:00:00,596,Viluppuram,0.5,-36.993
2023-06-26 23:00:00,596,Viluppuram,0.5,-36.426
2023-06-27 21:00:00,596,Viluppuram,0.5,-37.061
2023-06-29 19:00:00,596,Viluppuram,3.0,-36.599
2023-06-29 20:00:00,596,Viluppuram,2.0,-36.599
2023-07-01 20:00:00,596,Viluppuram,1.5,-37.579
2023-07-01 21:00:00,596,Viluppuram,5.5,-37.579
2023-07-01 22:00:00,596,Viluppuram,1.5,-37.344
2023-07-01 23:00:00,596,Viluppuram,16.0,-37.344
2023-07-02 01:00:00,596,Viluppuram,0.5,-37.344
2023-07-02 02:00:00,596,Viluppuram,0.5,-37.344
2023-07-02 11:00:00,596,Viluppuram,0.5,-36.741
2023-07-03 05:00:00,596,Viluppuram,0.5,-36.34
2023-07-03 07:00:00,596,Viluppuram,0.5,-36.34
2023-07-03 09:00:00,596,Viluppuram,0.5,-36.34
2023-07-03 19:00:00,596,Viluppuram,1.25,-36.269
2023-07-03 20:00:00,596,Viluppuram,1.5,-36.269
2023-07-03 23:00:00,596,Viluppuram,0.5,-36.195
2023-07-04 00:00:00,596,Viluppuram,0.5,-36.195
2023-07-04 08:00:00,596,Viluppuram,0.5,-36.1
2023-07-04 10:00:00,596,Viluppuram,0.5,-36.29
2023-07-04 12:00:00,596,Viluppuram,0.5,-36.29
2023-07-04 14:00:00,596,Viluppuram,0.5,-36.29
2023-07-04 15:00:00,596,Viluppuram,0.5,-36.29
2023-07-04 19:00:00,596,Viluppuram,0.5,-36.171
2023-07-04 20:00:00,596,Viluppuram,0.5,-36.171
2023-07-04 21:00:00,596,Viluppuram,0.5,-36.171
2023-07-04 22:00:00,596,Viluppuram,1.0,-36.089
2023-07-05 06:00:00,596,Viluppuram,0.5,-35.987
2023-07-05 09:00:00,596,Viluppuram,0.5,-35.987
2023-07-05 13:00:00,596,Viluppuram,0.5,-36.359
2023-07-05 18:00:00,596,Viluppuram,0.5,-36.356
2023-07-06 03:00:00,596,Viluppuram,0.5,-36.69
2023-07-06 12:00:00,596,Viluppuram,0.5,-37.041
2023-07-06 20:00:00,596,Viluppuram,0.5,-37.115
2023-07-07 06:00:00,596,Viluppuram,0.5,-37.159
2023-07-07 16:00:00,596,Viluppuram,0.5,-37.179
2023-07-08 03:00:00,596,Viluppuram,0.5,-37.055
2023-07-08 16:00:00,596,Viluppuram,0.5,-36.927
2023-07-08 18:00:00,596,Viluppuram,7.0,-36.927
2023-07-08 19:00:00,596,Viluppuram,6.0,-36.927
2023-07-08 20:00:00,596,Viluppuram,0.5,-36.927
2023-07-10 17:00:00,596,Viluppuram,0.5,-37.223
2023-07-10 18:00:00,596,Viluppuram,5.0,-37.223
2023-07-10 19:00:00,596,Viluppuram,1.5,-37.223
2023-07-10 20:00:00,596,Viluppuram,1.0,-37.223
2023-07-10 21:00:00,596,Viluppuram,2.75,-37.223
2023-07-10 22:00:00,596,Viluppuram,2.5,-36.784
2023-07-10 23:00:00,596,Viluppuram,1.5,-36.784
2023-07-11 00:00:00,596,Viluppuram,1.5,-36.784
2023-07-11 01:00:00,596,Viluppuram,1.1666666666666667,-36.784
2023-07-11 02:00:00,596,Viluppuram,2.333333333333333,-36.784
2023-07-11 03:00:00,596,Viluppuram,2.0,-36.784
2023-07-11 04:00:00,596,Viluppuram,0.8333333333333334,-36.501
2023-07-11 05:00:00,596,Viluppuram,1.0,-36.501
2023-07-11 06:00:00,596,Viluppuram,1.0,-36.501
2023-07-11 07:00:00,596,Viluppuram,0.5,-36.501
2023-07-11 08:00:00,596,Viluppuram,0.5,-36.501
2023-07-11 10:00:00,596,Viluppuram,0.5,-36.437
2023-07-11 12:00:00,596,Viluppuram,0.5,-36.437
2023-07-12 00:00:00,596,Viluppuram,10.5,-36.21
2023-07-12 01:00:00,596,Viluppuram,1.5,-36.21
2023-07-12 02:00:00,596,Viluppuram,1.0,-36.21
2023-07-12 03:00:00,596,Viluppuram,0.5,-36.21
2023-07-12 08:00:00,596,Viluppuram,0.5,-36.115
2023-07-12 10:00:00,596,Viluppuram,0.5,-36.288
2023-07-12 14:00:00,596,Viluppuram,0.5,-36.288
2023-07-12 19:00:00,596,Viluppuram,0.5,-36.111
2023-07-12 23:00:00,596,Viluppuram,7.0,-36.037
2023-07-13 00:00:00,596,Viluppuram,12.5,-36.037
2023-07-13 01:00:00,596,Viluppuram,13.75,-36.037
2023-07-13 02:00:00,596,Viluppuram,4.0,-36.037
2023-07-13 03:00:00,596,Viluppuram,17.166666666666668,-36.037
2023-07-13 04:00:00,596,Viluppuram,0.5,-35.865
2023-07-13 06:00:00,596,Viluppuram,0.5,-35.865
2023-07-13 08:00:00,596,Viluppuram,0.5,-35.865
2023-07-13 21:00:00,596,Viluppuram,0.5,-35.924
2023-07-16 06:00:00,596,Viluppuram,0.5,-36.477
2023-07-17 16:00:00,596,Viluppuram,1.0,-36.751
2023-07-17 18:00:00,596,Viluppuram,4.0,-36.751
2023-07-23 19:00:00,596,Viluppuram,2.0,-36.896
2023-07-23 20:00:00,596,Viluppuram,0.5,-36.896
2023-07-24 18:00:00,596,Viluppuram,0.5,-36.737
2023-07-24 19:00:00,596,Viluppuram,5.833333333333333,-36.737
2023-07-24 20:00:00,596,Viluppuram,0.5,-36.737
2023-07-24 21:00:00,596,Viluppuram,0.5,-36.737
2023-07-25 01:00:00,596,Viluppuram,0.5,-36.687
2023-07-25 09:00:00,596,Viluppuram,0.5,-36.562
2023-07-25 10:00:00,596,Viluppuram,0.5,-36.784
2023-07-25 19:00:00,596,Viluppuram,0.5,-36.852
2023-07-25 20:00:00,596,Viluppuram,0.5,-36.852
2023-07-25 21:00:00,596,Viluppuram,0.5,-36.852
2023-07-25 22:00:00,596,Viluppuram,0.5,-36.616
2023-07-25 23:00:00,596,Viluppuram,0.8333333333333334,-36.616
2023-07-26 00:00:00,596,Viluppuram,0.5,-36.616
2023-07-26 03:00:00,596,Viluppuram,1.0,-36.616
2023-07-26 04:00:00,596,Viluppuram,0.75,-36.259
2023-07-26 05:00:00,596,Viluppuram,0.5,-36.259
2023-07-26 07:00:00,596,Viluppuram,0.5,-36.259
2023-08-04 19:00:00,596,Viluppuram,0.5,-37.069
2023-08-04 22:00:00,596,Viluppuram,1.0,-37.247
2023-08-07 00:00:00,596,Viluppuram,5.25,-37.569
2023-08-07 04:00:00,596,Viluppuram,0.5,-37.527
2023-08-08 00:00:00,596,Viluppuram,2.5,-37.567
2023-08-08 01:00:00,596,Viluppuram,0.5,-37.567
2023-08-09 20:00:00,596,Viluppuram,5.5,-37.706
2023-08-09 21:00:00,596,Viluppuram,0.5,-37.706
2023-08-09 22:00:00,596,Viluppuram,13.5,-37.691
2023-08-09 23:00:00,596,Viluppuram,3.0,-37.691
2023-08-10 00:00:00,596,Viluppuram,0.5,-37.691
2023-08-10 01:00:00,596,Viluppuram,0.5,-37.691
2023-08-10 02:00:00,596,Viluppuram,1.0,-37.691
2023-08-10 03:00:00,596,Viluppuram,4.0,-37.691
2023-08-10 04:00:00,596,Viluppuram,7.5,-37.687
2023-08-10 05:00:00,596,Viluppuram,7.5,-37.687
2023-08-10 06:00:00,596,Viluppuram,0.5,-37.687
2023-08-10 14:00:00,596,Viluppuram,2.5,-37.851
2023-08-10 15:00:00,596,Viluppuram,13.75,-37.851
2023-08-10 16:00:00,596,Viluppuram,0.5,-37.795
2023-08-10 17:00:00,596,Viluppuram,1.0,-37.795
2023-08-10 22:00:00,596,Viluppuram,0.75,-37.779
2023-08-10 23:00:00,596,Viluppuram,2.75,-37.779
2023-08-11 00:00:00,596,Viluppuram,2.0,-37.779
2023-08-11 01:00:00,596,Viluppuram,1.6666666666666667,-37.779
2023-08-11 02:00:00,596,Viluppuram,0.75,-37.779
2023-08-11 03:00:00,596,Viluppuram,0.5,-37.779
2023-08-11 05:00:00,596,Viluppuram,0.5,-37.741
2023-08-11 17:00:00,596,Viluppuram,7.5,-37.89
2023-08-11 18:00:00,596,Viluppuram,0.5,-37.89
2023-08-12 16:00:00,596,Viluppuram,0.5,-37.548
2023-08-12 17:00:00,596,Viluppuram,13.5,-37.548
2023-08-15 02:00:00,596,Viluppuram,1.5,-37.816
2023-08-15 03:00:00,596,Viluppuram,0.5,-37.816
2023-08-17 21:00:00,596,Viluppuram,3.5,-37.895
2023-08-28 02:00:00,596,Viluppuram,1.8333333333333333,-38.331
2023-08-28 03:00:00,596,Viluppuram,2.5,-38.331
2023-08-28 04:00:00,596,Viluppuram,0.8333333333333334,-38.003
2023-08-28 05:00:00,596,Viluppuram,0.75,-38.003
2023-08-28 06:00:00,596,Viluppuram,1.0,-38.003
2023-08-28 08:00:00,596,Viluppuram,0.5,-38.003
2023-08-28 10:00:00,596,Viluppuram,0.5,-37.907
2023-08-28 13:00:00,596,Viluppuram,0.5,-37.907
2023-08-28 19:00:00,596,Viluppuram,0.5,-37.743
2023-08-29 14:00:00,596,Viluppuram,0.5,-37.44
2023-08-30 01:00:00,596,Viluppuram,1.5,-37.333
2023-08-30 02:00:00,596,Viluppuram,0.5,-37.333
2023-08-30 20:00:00,596,Viluppuram,0.5,-37.352
2023-08-31 00:00:00,596,Viluppuram,7.0,-37.243
2023-08-31 01:00:00,596,Viluppuram,12.0,-37.243
2023-08-31 02:00:00,596,Viluppuram,1.25,-37.243
2023-08-31 03:00:00,596,Viluppuram,3.0,-37.243
2023-08-31 04:00:00,596,Viluppuram,1.0,-37.128
2023-08-31 18:00:00,596,Viluppuram,0.5,-37.172
2023-08-31 19:00:00,596,Viluppuram,2.0,-37.172
2023-08-31 21:00:00,596,Viluppuram,0.5,-37.172
2023-09-02 20:00:00,596,Viluppuram,20.0,-36.896
2023-09-02 21:00:00,596,Viluppuram,1.5,-36.896
2023-09-02 22:00:00,596,Viluppuram,49.0,-36.885
2023-09-02 23:00:00,596,Viluppuram,0.5,-36.885
2023-09-03 00:00:00,596,Viluppuram,0.5,-36.885
2023-09-03 01:00:00,596,Viluppuram,0.5,-36.885
2023-09-03 18:00:00,596,Viluppuram,2.0,-36.83
2023-09-03 19:00:00,596,Viluppuram,1.0,-36.83
2023-09-03 23:00:00,596,Viluppuram,1.25,-36.802
2023-09-04 00:00:00,596,Viluppuram,1.0,-36.802
2023-09-04 01:00:00,596,Viluppuram,0.5,-36.802
2023-09-04 02:00:00,596,Viluppuram,0.5,-36.802
2023-09-04 15:00:00,596,Viluppuram,0.5,-36.869
2023-09-05 02:00:00,596,Viluppuram,0.5,-36.76
2023-09-05 03:00:00,596,Viluppuram,0.5,-36.76
2023-09-05 19:00:00,596,Viluppuram,0.5,-36.728
2023-09-05 22:00:00,596,Viluppuram,1.25,-36.69
2023-09-05 23:00:00,596,Viluppuram,1.0,-36.69
2023-09-06 00:00:00,596,Viluppuram,0.75,-36.69
2023-09-06 01:00:00,596,Viluppuram,1.0,-36.69
2023-09-06 02:00:00,596,Viluppuram,0.5,-36.69
2023-09-06 17:00:00,596,Viluppuram,0.5,-36.754
2023-09-07 12:00:00,596,Viluppuram,0.5,-36.675
2023-09-08 05:00:00,596,Viluppuram,0.5,-36.561
2023-09-08 19:00:00,596,Viluppuram,1.0,-36.665
2023-09-09 00:00:00,596,Viluppuram,0.5,-36.596
2023-09-09 19:00:00,596,Viluppuram,0.5,-36.566
2023-09-09 23:00:00,596,Viluppuram,7.0,-36.517
2023-09-10 00:00:00,596,Viluppuram,1.5,-36.517
2023-09-10 07:00:00,596,Viluppuram,0.5,-36.449
2023-09-10 13:00:00,596,Viluppuram,0.5,-36.616
2023-09-10 16:00:00,596,Viluppuram,0.5,-36.575
2023-09-10 19:00:00,596,Viluppuram,0.5,-36.575
2023-09-10 20:00:00,596,Viluppuram,0.5,-36.575
2023-09-10 23:00:00,596,Viluppuram,0.5,-36.507
2023-09-11 03:00:00,596,Viluppuram,0.5,-36.507
2023-09-11 06:00:00,596,Viluppuram,0.5,-36.428
2023-09-11 10:00:00,596,Viluppuram,0.5,-36.581
2023-09-11 13:00:00,596,Viluppuram,1.5,-36.581
2023-09-11 14:00:00,596,Viluppuram,0.5,-36.581
2023-09-11 16:00:00,596,Viluppuram,0.5,-36.53
2023-09-11 18:00:00,596,Viluppuram,0.5,-36.53
2023-09-11 19:00:00,596,Viluppuram,1.0,-36.53
2023-09-11 20:00:00,596,Viluppuram,1.0,-36.53
2023-09-11 21:00:00,596,Viluppuram,0.5,-36.53
2023-09-11 22:00:00,596,Viluppuram,3.25,-36.483
2023-09-11 23:00:00,596,Viluppuram,1.5,-36.483
2023-09-12 00:00:00,596,Viluppuram,2.0,-36.483
2023-09-12 01:00:00,596,Viluppuram,2.0,-36.483
2023-09-12 02:00:00,596,Viluppuram,1.0,-36.483
2023-09-12 03:00:00,596,Viluppuram,1.5,-36.483
2023-09-12 04:00:00,596,Viluppuram,5.5,-36.396
2023-09-12 05:00:00,596,Viluppuram,1.5,-36.396
2023-09-12 06:00:00,596,Viluppuram,1.0,-36.396
2023-09-12 07:00:00,596,Viluppuram,0.5,-36.396
2023-09-12 08:00:00,596,Viluppuram,10.0,-36.396
2023-09-12 09:00:00,596,Viluppuram,11.0,-36.396
2023-09-12 10:00:00,596,Viluppuram,7.5,-36.507
2023-09-12 11:00:00,596,Viluppuram,3.0,-36.507
2023-09-12 12:00:00,596,Viluppuram,2.5,-36.507
2023-09-12 13:00:00,596,Viluppuram,4.0,-36.507
2023-09-12 14:00:00,596,Viluppuram,3.0,-36.507
2023-09-12 15:00:00,596,Viluppuram,3.0,-36.507
2023-09-12 16:00:00,596,Viluppuram,1.0,-36.58
2023-09-12 17:00:00,596,Viluppuram,0.5,-36.58
2023-09-12 18:00:00,596,Viluppuram,1.0,-36.58
2023-09-12 19:00:00,596,Viluppuram,0.5,-36.58
2023-09-12 20:00:00,596,Viluppuram,1.75,-36.58
2023-09-12 21:00:00,596,Viluppuram,0.75,-36.58
2023-09-12 22:00:00,596,Viluppuram,8.0,-36.512
2023-09-12 23:00:00,596,Viluppuram,2.333333333333333,-36.512
2023-09-13 00:00:00,596,Viluppuram,1.5,-36.512
2023-09-13 01:00:00,596,Viluppuram,1.25,-36.512
2023-09-13 02:00:00,596,Viluppuram,1.5,-36.512
2023-09-13 03:00:00,596,Viluppuram,0.5,-36.512
2023-09-13 04:00:00,596,Viluppuram,1.0,-36.41
2023-09-13 05:00:00,596,Viluppuram,0.5,-36.41
2023-09-13 06:00:00,596,Viluppuram,0.5,-36.41
2023-09-13 07:00:00,596,Viluppuram,2.5,-36.41
2023-09-13 08:00:00,596,Viluppuram,2.0,-36.41
2023-09-13 09:00:00,596,Viluppuram,3.0,-36.41
2023-09-13 10:00:00,596,Viluppuram,7.0,-36.718
2023-09-13 11:00:00,596,Viluppuram,3.5,-36.718
2023-09-13 12:00:00,596,Viluppuram,1.0,-36.718
2023-09-15 21:00:00,596,Viluppuram,4.0,-36.314
2023-09-15 22:00:00,596,Viluppuram,4.0,-36.254
2023-09-15 23:00:00,596,Viluppuram,1.0,-36.254
2023-09-16 21:00:00,596,Viluppuram,1.0,-36.775
2023-09-16 22:00:00,596,Viluppuram,35.0,-36.733
2023-09-16 23:00:00,596,Viluppuram,21.75,-36.733
2023-09-17 00:00:00,596,Viluppuram,16.666666666666668,-36.733
2023-09-17 01:00:00,596,Viluppuram,10.0,-36.733
2023-09-17 02:00:00,596,Viluppuram,3.6666666666666665,-36.733
2023-09-17 03:00:00,596,Viluppuram,2.1666666666666665,-36.733
2023-09-17 04:00:00,596,Viluppuram,0.8333333333333334,-36.451
2023-09-17 05:00:00,596,Viluppuram,1.5,-36.451
2023-09-17 06:00:00,596,Viluppuram,1.0,-36.451
2023-09-17 07:00:00,596,Viluppuram,0.5,-36.451
2023-09-17 08:00:00,596,Viluppuram,1.0,-36.451
2023-09-17 09:00:00,596,Viluppuram,0.5,-36.451
2023-09-17 10:00:00,596,Viluppuram,0.5,-36.475
2023-09-17 11:00:00,596,Viluppuram,0.5,-36.475
2023-09-17 12:00:00,596,Viluppuram,0.5,-36.475
2023-09-17 13:00:00,596,Viluppuram,0.5,-36.475
2023-09-17 14:00:00,596,Viluppuram,0.5,-36.475
2023-09-17 16:00:00,596,Viluppuram,0.75,-36.399
2023-09-17 17:00:00,596,Viluppuram,0.5,-36.399
2023-09-17 18:00:00,596,Viluppuram,1.5,-36.399
2023-09-17 19:00:00,596,Viluppuram,0.5,-36.399
2023-09-17 21:00:00,596,Viluppuram,0.5,-36.399
2023-09-17 22:00:00,596,Viluppuram,0.5,-36.288
2023-09-17 23:00:00,596,Viluppuram,2.0,-36.288
2023-09-18 00:00:00,596,Viluppuram,15.0,-36.288
2023-09-18 01:00:00,596,Viluppuram,1.0,-36.288
2023-09-18 02:00:00,596,Viluppuram,0.5,-36.288
2023-09-18 03:00:00,596,Viluppuram,0.5,-36.288
2023-09-18 06:00:00,596,Viluppuram,0.5,-36.186
2023-09-18 10:00:00,596,Viluppuram,0.5,-36.248
2023-09-18 15:00:00,596,Viluppuram,0.5,-36.248
2023-09-18 23:00:00,596,Viluppuram,4.25,-36.229
2023-09-19 00:00:00,596,Viluppuram,4.0,-36.229
2023-09-19 02:00:00,596,Viluppuram,0.5,-36.229
2023-09-19 10:00:00,596,Viluppuram,0.5,-36.268
2023-09-19 21:00:00,596,Viluppuram,0.5,-36.148
2023-09-20 12:00:00,596,Viluppuram,0.5,-36.045
2023-09-21 21:00:00,596,Viluppuram,0.5,-36.11
2023-09-22 01:00:00,596,Viluppuram,4.5,-36.028
2023-09-22 02:00:00,596,Viluppuram,5.5,-36.028
2023-09-22 03:00:00,596,Viluppuram,1.0,-36.028
2023-09-24 00:00:00,596,Viluppuram,1.0,-35.914
2023-09-24 01:00:00,596,Viluppuram,1.0,-35.914
2023-09-24 02:00:00,596,Viluppuram,27.0,-35.914
2023-09-24 03:00:00,596,Viluppuram,19.5,-35.914
2023-09-24 05:00:00,596,Viluppuram,1.0,-35.834
2023-09-24 10:00:00,596,Viluppuram,0.5,-36.015
2023-09-25 00:00:00,596,Viluppuram,5.5,-35.862
2023-09-25 01:00:00,596,Viluppuram,9.0,-35.862
2023-09-25 02:00:00,596,Viluppuram,9.0,-35.862
2023-09-25 03:00:00,596,Viluppuram,2.5,-35.862
2023-09-25 04:00:00,596,Viluppuram,0.5,-35.352
2023-09-25 07:00:00,596,Viluppuram,0.5,-35.352
2023-09-26 02:00:00,596,Viluppuram,0.5,-35.028
2023-09-26 03:00:00,596,Viluppuram,4.5,-35.028
2023-09-26 04:00:00,596,Viluppuram,0.5,-34.952
2023-09-26 05:00:00,596,Viluppuram,1.0,-34.952
2023-09-26 06:00:00,596,Viluppuram,5.0,-34.952
2023-09-26 07:00:00,596,Viluppuram,1.5,-34.952
2023-09-27 19:00:00,596,Viluppuram,0.5,-34.958
2023-09-29 03:00:00,596,Viluppuram,0.5,-34.926
2023-09-30 22:00:00,596,Viluppuram,0.5,-35.518
2023-10-01 20:00:00,596,Viluppuram,6.5,-35.256
2023-10-02 02:00:00,596,Viluppuram,0.5,-35.127
2023-10-03 07:00:00,596,Viluppuram,0.5,-34.958
2023-10-05 06:00:00,596,Viluppuram,0.5,-35.02
2023-10-06 02:00:00,596,Viluppuram,5.5,-35.069
2023-10-06 03:00:00,596,Viluppuram,41.0,-35.069
2023-10-06 04:00:00,596,Viluppuram,1.0,-35.0
2023-10-06 08:00:00,596,Viluppuram,2.0,-35.0
2023-10-13 16:00:00,596,Viluppuram,3.0,-35.643
2023-10-14 05:00:00,596,Viluppuram,18.5,-35.214
2023-10-14 10:00:00,596,Viluppuram,0.5,-35.322
2023-10-14 11:00:00,596,Viluppuram,0.5,-35.322
2023-10-14 19:00:00,596,Viluppuram,30.0,-35.183
2023-10-16 07:00:00,596,Viluppuram,0.5,-34.923
2023-10-16 08:00:00,596,Viluppuram,1.5,-34.923
2023-10-16 13:00:00,596,Viluppuram,2.0,-35.086
2023-10-17 17:00:00,596,Viluppuram,2.0,-34.986
2023-10-19 16:00:00,596,Viluppuram,1.5,-36.02
2023-10-21 17:00:00,596,Viluppuram,11.0,-35.601
2023-10-26 08:00:00,596,Viluppuram,0.5,-36.478
2023-10-26 13:00:00,596,Viluppuram,0.5,-36.469
2023-10-26 14:00:00,596,Viluppuram,0.5,-36.469
2023-10-26 17:00:00,596,Viluppuram,0.5,-36.564
2023-10-26 18:00:00,596,Viluppuram,0.5,-36.564
2023-10-27 02:00:00,596,Viluppuram,0.5,-36.572
2023-10-27 06:00:00,596,Viluppuram,0.5,-36.575
2023-10-27 07:00:00,596,Viluppuram,0.5,-36.575
2023-10-27 08:00:00,596,Viluppuram,2.0,-36.575
2023-10-27 09:00:00,596,Viluppuram,2.5,-36.575
2023-10-27 10:00:00,596,Viluppuram,0.5,-36.654
2023-10-27 14:00:00,596,Viluppuram,0.5,-36.654
2023-10-27 15:00:00,596,Viluppuram,1.75,-36.654
2023-10-29 05:00:00,596,Viluppuram,1.0,-36.535
2023-10-29 06:00:00,596,Viluppuram,1.6666666666666667,-36.535
2023-10-29 07:00:00,596,Viluppuram,2.75,-36.535
2023-10-29 12:00:00,596,Viluppuram,7.0,-36.648
2023-10-30 01:00:00,596,Viluppuram,2.25,-36.64
2023-10-30 02:00:00,596,Viluppuram,2.333333333333333,-36.64
2023-10-30 03:00:00,596,Viluppuram,5.666666666666667,-36.64
2023-10-30 04:00:00,596,Viluppuram,1.0,-36.56
2023-10-30 05:00:00,596,Viluppuram,1.25,-36.56
2023-10-30 06:00:00,596,Viluppuram,1.25,-36.56
2023-10-30 07:00:00,596,Viluppuram,1.5,-36.56
2023-10-30 09:00:00,596,Viluppuram,1.0,-36.56
2023-10-30 11:00:00,596,Viluppuram,1.0,-36.583
2023-10-30 12:00:00,596,Viluppuram,8.75,-36.583
2023-10-30 13:00:00,596,Viluppuram,1.5,-36.583
2023-10-30 14:00:00,596,Viluppuram,1.0,-36.583
2023-10-30 15:00:00,596,Viluppuram,0.5,-36.583
2023-10-30 20:00:00,596,Viluppuram,0.5,-36.002
2023-10-30 21:00:00,596,Viluppuram,0.5,-36.002
2023-10-31 01:00:00,596,Viluppuram,0.5,-35.79
2023-10-31 02:00:00,596,Viluppuram,0.5,-35.79
2023-10-31 04:00:00,596,Viluppuram,0.5,-35.605
2023-10-31 14:00:00,596,Viluppuram,0.75,-36.065
2023-10-31 15:00:00,596,Viluppuram,2.5,-36.065
2023-10-31 16:00:00,596,Viluppuram,2.0,-36.155
2023-10-31 17:00:00,596,Viluppuram,2.0,-36.155
2023-10-31 18:00:00,596,Viluppuram,2.0,-36.155
2023-10-31 19:00:00,596,Viluppuram,1.5,-36.155
2023-10-31 20:00:00,596,Viluppuram,1.5,-36.155
2023-10-31 21:00:00,596,Viluppuram,1.0,-36.155
2023-10-31 22:00:00,596,Viluppuram,1.0,-36.309
2023-10-31 23:00:00,596,Viluppuram,1.0,-36.309
2023-11-01 00:00:00,596,Viluppuram,0.5,-36.309
2023-11-01 01:00:00,596,Viluppuram,0.5,-36.309
2023-11-01 03:00:00,596,Viluppuram,0.5,-36.309
2023-11-01 04:00:00,596,Viluppuram,0.5,-36.366
2023-11-01 06:00:00,596,Viluppuram,0.5,-36.366
2023-11-01 08:00:00,596,Viluppuram,0.5,-36.366
2023-11-01 10:00:00,596,Viluppuram,0.5,-36.467
2023-11-01 12:00:00,596,Viluppuram,0.5,-36.467
2023-11-01 13:00:00,596,Viluppuram,0.5,-36.467
2023-11-01 14:00:00,596,Viluppuram,0.5,-36.467
2023-11-01 16:00:00,596,Viluppuram,0.5,-35.981
2023-11-01 17:00:00,596,Viluppuram,0.5,-35.981
2023-11-01 18:00:00,596,Viluppuram,0.5,-35.981
2023-11-01 20:00:00,596,Viluppuram,0.5,-35.981
2023-11-01 21:00:00,596,Viluppuram,0.5,-35.981
2023-11-01 23:00:00,596,Viluppuram,0.5,-35.714
2023-11-02 00:00:00,596,Viluppuram,0.5,-35.714
2023-11-02 02:00:00,596,Viluppuram,0.5,-35.714
2023-11-02 03:00:00,596,Viluppuram,0.5,-35.714
2023-11-02 05:00:00,596,Viluppuram,0.5,-13.659333333333334
2023-11-02 07:00:00,596,Viluppuram,0.5,-13.659333333333334
2023-11-02 09:00:00,596,Viluppuram,0.5,-13.659333333333334
2023-11-02 10:00:00,596,Viluppuram,0.5,-13.705
2023-11-02 12:00:00,596,Viluppuram,0.5,-13.705
2023-11-02 13:00:00,596,Viluppuram,1.25,-13.705
2023-11-02 14:00:00,596,Viluppuram,0.5,-13.705
2023-11-02 15:00:00,596,Viluppuram,0.5,-13.705
2023-11-02 16:00:00,596,Viluppuram,0.5,-13.637333333333332
2023-11-02 17:00:00,596,Viluppuram,0.5,-13.637333333333332
2023-11-02 18:00:00,596,Viluppuram,0.5,-13.637333333333332
2023-11-02 20:00:00,596,Viluppuram,0.5,-13.637333333333332
2023-11-02 21:00:00,596,Viluppuram,0.5,-13.637333333333332
2023-11-02 22:00:00,596,Viluppuram,0.5,-13.598666666666666
2023-11-02 23:00:00,596,Viluppuram,0.5,-13.598666666666666
2023-11-03 00:00:00,596,Viluppuram,0.5,-13.598666666666666
2023-11-03 02:00:00,596,Viluppuram,0.5,-13.598666666666666
2023-11-03 03:00:00,596,Viluppuram,0.5,-13.598666666666666
2023-11-03 04:00:00,596,Viluppuram,0.5,-12.08475
2023-11-03 06:00:00,596,Viluppuram,0.5,-12.08475
2023-11-03 07:00:00,596,Viluppuram,0.5,-12.08475
2023-11-03 08:00:00,596,Viluppuram,0.5,-12.08475
2023-11-03 09:00:00,596,Viluppuram,0.5,-12.08475
2023-11-03 11:00:00,596,Viluppuram,0.5,-12.128
2023-11-03 12:00:00,596,Viluppuram,0.5,-12.128
2023-11-03 13:00:00,596,Viluppuram,0.5,-12.128
2023-11-03 14:00:00,596,Viluppuram,0.5,-12.128
2023-11-03 15:00:00,596,Viluppuram,0.5,-12.128
2023-11-03 16:00:00,596,Viluppuram,0.5,-12.07975
2023-11-03 17:00:00,596,Viluppuram,1.0,-12.07975
2023-11-03 18:00:00,596,Viluppuram,0.5,-12.07975
2023-11-03 19:00:00,596,Viluppuram,0.5,-12.07975
2023-11-03 20:00:00,596,Viluppuram,0.5,-12.07975
2023-11-03 21:00:00,596,Viluppuram,0.5,-12.07975
2023-11-03 22:00:00,596,Viluppuram,0.5,-12.04975
2023-11-03 23:00:00,596,Viluppuram,1.0,-12.04975
2023-11-04 00:00:00,596,Viluppuram,2.75,-12.04975
2023-11-04 01:00:00,596,Viluppuram,0.5,-12.04975
2023-11-04 02:00:00,596,Viluppuram,10.0,-12.04975
2023-11-04 03:00:00,596,Viluppuram,0.8333333333333334,-12.04975
2023-11-04 04:00:00,596,Viluppuram,1.1666666666666667,-9.420666666666667
2023-11-04 05:00:00,596,Viluppuram,2.0,-9.420666666666667
2023-11-04 06:00:00,596,Viluppuram,1.5,-9.420666666666667
2023-11-04 07:00:00,596,Viluppuram,1.3333333333333333,-9.420666666666667
2023-11-04 08:00:00,596,Viluppuram,0.5,-9.420666666666667
2023-11-04 09:00:00,596,Viluppuram,0.5,-9.420666666666667
2023-11-04 10:00:00,596,Viluppuram,0.5,-9.413
2023-11-04 11:00:00,596,Viluppuram,0.5,-9.413
2023-11-04 12:00:00,596,Viluppuram,0.5,-9.413
2023-11-04 13:00:00,596,Viluppuram,1.5,-9.413
2023-11-04 14:00:00,596,Viluppuram,1.0,0.02
2023-11-04 15:00:00,596,Viluppuram,0.5,-13.27
2023-11-04 16:00:00,596,Viluppuram,0.5,-13.27
2023-11-04 17:00:00,596,Viluppuram,0.5,-9.386666666666668
2023-11-04 18:00:00,596,Viluppuram,0.5,-9.386666666666668
2023-11-04 19:00:00,596,Viluppuram,0.5,-9.386666666666668
2023-11-04 20:00:00,596,Viluppuram,0.5,-9.386666666666668
2023-11-04 21:00:00,596,Viluppuram,0.5,-9.386666666666668
2023-11-04 22:00:00,596,Viluppuram,1.0,-9.3595
2023-11-04 23:00:00,596,Viluppuram,1.5,-9.3595
2023-11-05 00:00:00,596,Viluppuram,1.25,-9.3595
2023-11-05 01:00:00,596,Viluppuram,0.5,-9.3595
2023-11-05 02:00:00,596,Viluppuram,4.0,-9.3595
2023-11-05 03:00:00,596,Viluppuram,1.25,-9.3595
2023-11-05 04:00:00,596,Viluppuram,0.5,-10.9595
2023-11-05 05:00:00,596,Viluppuram,0.5,-10.9595
2023-11-05 06:00:00,596,Viluppuram,0.5,-10.9595
2023-11-05 07:00:00,596,Viluppuram,0.5,-10.9595
2023-11-05 08:00:00,596,Viluppuram,0.5,-10.9595
2023-11-05 09:00:00,596,Viluppuram,0.5,-10.9595
2023-11-05 10:00:00,596,Viluppuram,0.5,-10.9605
2023-11-05 11:00:00,596,Viluppuram,0.5,-10.9605
2023-11-05 12:00:00,596,Viluppuram,0.5,-10.9605
2023-11-05 13:00:00,596,Viluppuram,0.5,-10.9605
2023-11-05 14:00:00,596,Viluppuram,0.5,-10.9605
2023-11-05 15:00:00,596,Viluppuram,0.5,-10.9605
2023-11-05 16:00:00,596,Viluppuram,0.5,-11.028
2023-11-05 17:00:00,596,Viluppuram,0.5,-11.028
2023-11-05 18:00:00,596,Viluppuram,0.5,-11.028
2023-11-05 19:00:00,596,Viluppuram,0.5,-11.028
2023-11-05 20:00:00,596,Viluppuram,0.5,-11.028
2023-11-05 21:00:00,596,Viluppuram,0.5,-11.028
2023-11-05 23:00:00,596,Viluppuram,0.5,-10.947166666666666
2023-11-06 00:00:00,596,Viluppuram,0.5,-10.947166666666666
2023-11-06 01:00:00,596,Viluppuram,0.5,-10.947166666666666
2023-11-06 03:00:00,596,Viluppuram,0.5,-10.947166666666666
2023-11-06 04:00:00,596,Viluppuram,0.5,-10.9885
2023-11-06 06:00:00,596,Viluppuram,0.5,-10.9885
2023-11-06 07:00:00,596,Viluppuram,0.5,-10.9885
2023-11-06 09:00:00,596,Viluppuram,0.5,-10.9885
2023-11-06 10:00:00,596,Viluppuram,0.5,-11.01325
2023-11-06 12:00:00,596,Viluppuram,0.5,-11.01325
2023-11-06 13:00:00,596,Viluppuram,0.5,-11.01325
2023-11-06 15:00:00,596,Viluppuram,0.75,-11.01325
2023-11-06 16:00:00,596,Viluppuram,0.5,-10.9615
2023-11-06 17:00:00,596,Viluppuram,1.75,-10.9615
2023-11-06 19:00:00,596,Viluppuram,0.5,-10.9615
2023-11-06 20:00:00,596,Viluppuram,0.5,-10.9615
2023-11-06 21:00:00,596,Viluppuram,0.5,-10.9615
2023-11-06 22:00:00,596,Viluppuram,0.5,-10.93175
2023-11-06 23:00:00,596,Viluppuram,0.5,-10.93175
2023-11-07 01:00:00,596,Viluppuram,0.5,-10.93175
2023-11-07 03:00:00,596,Viluppuram,0.5,-10.93175
2023-11-07 04:00:00,596,Viluppuram,0.5,-9.171
2023-11-07 06:00:00,596,Viluppuram,0.5,-9.171
2023-11-07 08:00:00,596,Viluppuram,0.5,-9.171
2023-11-07 09:00:00,596,Viluppuram,0.5,-9.171
2023-11-07 11:00:00,596,Viluppuram,0.5,-9.17225
2023-11-07 12:00:00,596,Viluppuram,0.5,-9.17225
2023-11-07 14:00:00,596,Viluppuram,0.5,-9.17225
2023-11-07 15:00:00,596,Viluppuram,0.5,-9.17225
2023-11-07 17:00:00,596,Viluppuram,0.5,-9.234
2023-11-07 19:00:00,596,Viluppuram,0.5,-9.234
2023-11-07 20:00:00,596,Viluppuram,0.5,-9.234
2023-11-07 22:00:00,596,Viluppuram,0.5,-9.159125
2023-11-07 23:00:00,596,Viluppuram,5.5,-9.159125
2023-11-08 00:00:00,596,Viluppuram,0.5,-9.159125
2023-11-08 01:00:00,596,Viluppuram,3.5,-9.159125
2023-11-08 02:00:00,596,Viluppuram,0.5,-9.159125
2023-11-08 03:00:00,596,Viluppuram,2.0,-9.159125
2023-11-08 04:00:00,596,Viluppuram,2.1666666666666665,-9.028625
2023-11-08 05:00:00,596,Viluppuram,1.0,-9.028625
2023-11-08 06:00:00,596,Viluppuram,0.75,-9.028625
2023-11-08 08:00:00,596,Viluppuram,0.5,-9.028625
2023-11-08 10:00:00,596,Viluppuram,0.5,-9.0055
2023-11-08 12:00:00,596,Viluppuram,0.5,-9.0055
2023-11-08 14:00:00,596,Viluppuram,3.6666666666666665,-9.0055
2023-11-08 15:00:00,596,Viluppuram,1.5,-9.0055
2023-11-08 17:00:00,596,Viluppuram,0.5,-8.906375
2023-11-08 19:00:00,596,Viluppuram,0.5,-8.906375
2023-11-08 22:00:00,596,Viluppuram,0.5,-8.805875
2023-11-09 00:00:00,596,Viluppuram,0.5,-8.805875
2023-11-09 01:00:00,596,Viluppuram,2.0,-8.805875
2023-11-09 02:00:00,596,Viluppuram,1.5,-8.805875
2023-11-09 03:00:00,596,Viluppuram,0.5,-8.805875
2023-11-09 05:00:00,596,Viluppuram,1.75,-8.7325
2023-11-09 08:00:00,596,Viluppuram,0.5,-8.7325
2023-11-09 11:00:00,596,Viluppuram,0.5,-8.75975
2023-11-09 13:00:00,596,Viluppuram,0.5,-8.75975
2023-11-09 16:00:00,596,Viluppuram,0.5,-8.824625000000001
2023-11-09 18:00:00,596,Viluppuram,0.5,-8.824625000000001
2023-11-09 21:00:00,596,Viluppuram,0.5,-8.824625000000001
2023-11-10 01:00:00,596,Viluppuram,9.666666666666666,-8.733250000000002
2023-11-10 02:00:00,596,Viluppuram,1.0,-8.733250000000002
2023-11-10 03:00:00,596,Viluppuram,1.5,-8.733250000000002
2023-11-10 04:00:00,596,Viluppuram,0.5,-8.70675
2023-11-10 08:00:00,596,Viluppuram,0.5,-8.70675
2023-11-10 12:00:00,596,Viluppuram,0.5,-8.72475
2023-11-10 13:00:00,596,Viluppuram,6.5,-8.72475
2023-11-10 16:00:00,596,Viluppuram,0.5,-8.7135
2023-11-10 19:00:00,596,Viluppuram,0.5,-8.7135
2023-11-10 22:00:00,596,Viluppuram,0.5,-8.63475
2023-11-10 23:00:00,596,Viluppuram,0.5,-8.63475
2023-11-11 00:00:00,596,Viluppuram,0.5,-8.63475
2023-11-11 02:00:00,596,Viluppuram,0.5,-8.63475
2023-11-11 03:00:00,596,Viluppuram,1.0,-8.63475
2023-11-11 04:00:00,596,Viluppuram,0.5,-8.588875000000002
2023-11-11 10:00:00,596,Viluppuram,0.5,-8.661125
2023-11-11 18:00:00,596,Viluppuram,0.5,-8.711875
2023-11-11 21:00:00,596,Viluppuram,0.5,-8.711875
2023-11-11 22:00:00,596,Viluppuram,0.5,-8.615
2023-11-11 23:00:00,596,Viluppuram,0.5,-8.615
2023-11-12 00:00:00,596,Viluppuram,0.5,-8.615
2023-11-12 01:00:00,596,Viluppuram,0.5,-8.615
2023-11-12 03:00:00,596,Viluppuram,0.5,-8.615
2023-11-12 04:00:00,596,Viluppuram,0.5,-8.578875
2023-11-12 06:00:00,596,Viluppuram,0.5,-8.578875
2023-11-12 08:00:00,596,Viluppuram,0.5,-8.578875
2023-11-12 10:00:00,596,Viluppuram,0.5,-8.60675
2023-11-12 12:00:00,596,Viluppuram,0.5,-8.60675
2023-11-12 13:00:00,596,Viluppuram,0.5,-8.60675
2023-11-12 18:00:00,596,Viluppuram,0.5,-8.67925
2023-11-13 03:00:00,596,Viluppuram,0.5,-8.598500000000001
2023-11-13 10:00:00,596,Viluppuram,0.5,-10.245333333333331
2023-11-13 11:00:00,596,Viluppuram,1.0,-10.245333333333331
2023-11-13 12:00:00,596,Viluppuram,1.0,-10.245333333333331
2023-11-13 13:00:00,596,Viluppuram,0.5,-10.245333333333331
2023-11-13 14:00:00,596,Viluppuram,1.5,-10.245333333333331
2023-11-13 15:00:00,596,Viluppuram,1.0,-10.245333333333331
2023-11-13 16:00:00,596,Viluppuram,1.0,-10.374833333333331
2023-11-13 17:00:00,596,Viluppuram,0.5,-10.374833333333331
2023-11-13 18:00:00,596,Viluppuram,1.0,-10.374833333333331
2023-11-13 19:00:00,596,Viluppuram,0.5,-10.374833333333331
2023-11-13 20:00:00,596,Viluppuram,0.5,-10.374833333333331
2023-11-13 21:00:00,596,Viluppuram,0.5,-10.374833333333331
2023-11-13 22:00:00,596,Viluppuram,2.75,-10.040166666666666
2023-11-13 23:00:00,596,Viluppuram,4.333333333333333,-10.040166666666666
2023-11-14 00:00:00,596,Viluppuram,13.333333333333334,-10.040166666666666
2023-11-14 01:00:00,596,Viluppuram,11.666666666666666,-10.040166666666666
2023-11-14 02:00:00,596,Viluppuram,6.5,-10.040166666666666
2023-11-14 03:00:00,596,Viluppuram,3.8333333333333335,-10.040166666666666
2023-11-14 04:00:00,596,Viluppuram,4.5,-8.141125
2023-11-14 05:00:00,596,Viluppuram,2.833333333333333,-8.141125
2023-11-14 06:00:00,596,Viluppuram,3.6666666666666665,-8.141125
2023-11-14 07:00:00,596,Viluppuram,3.5,-8.141125
2023-11-14 08:00:00,596,Viluppuram,2.0,-8.141125
2023-11-14 09:00:00,596,Viluppuram,1.8333333333333333,-8.141125
2023-11-14 10:00:00,596,Viluppuram,1.6666666666666667,-8.013124999999999
2023-11-14 11:00:00,596,Viluppuram,1.8333333333333333,-8.013124999999999
2023-11-14 12:00:00,596,Viluppuram,2.6666666666666665,-8.013124999999999
2023-11-14 13:00:00,596,Viluppuram,1.8333333333333333,-8.013124999999999
2023-11-14 14:00:00,596,Viluppuram,1.8333333333333333,-8.013124999999999
2023-11-14 15:00:00,596,Viluppuram,1.1666666666666667,-8.013124999999999
2023-11-14 16:00:00,596,Viluppuram,0.5,-8.022625
2023-11-14 18:00:00,596,Viluppuram,0.5,-8.022625
2023-11-14 19:00:00,596,Viluppuram,0.5,-8.022625
2023-11-14 20:00:00,596,Viluppuram,0.5,-8.022625
2023-11-14 21:00:00,596,Viluppuram,0.5,-8.022625
2023-11-14 22:00:00,596,Viluppuram,0.5,-7.95325
2023-11-15 03:00:00,596,Viluppuram,0.5,-7.95325
2023-11-15 07:00:00,596,Viluppuram,0.5,-8.004875
2023-11-15 11:00:00,596,Viluppuram,0.5,-8.007249999999999
2023-11-15 15:00:00,596,Viluppuram,0.5,-8.007249999999999
2023-11-15 18:00:00,596,Viluppuram,0.5,-7.907500000000001
2023-11-15 21:00:00,596,Viluppuram,0.5,-7.907500000000001
2023-11-16 01:00:00,596,Viluppuram,0.5,-7.891500000000001
2023-11-16 06:00:00,596,Viluppuram,0.5,-7.899625
2023-11-16 11:00:00,596,Viluppuram,0.5,-7.954124999999999
2023-11-16 13:00:00,596,Viluppuram,0.5,-7.954124999999999
2023-11-16 14:00:00,596,Viluppuram,0.5,-7.954124999999999
2023-11-16 15:00:00,596,Viluppuram,0.5,-7.954124999999999
2023-11-16 16:00:00,596,Viluppuram,0.5,-8.007249999999999
2023-11-16 18:00:00,596,Viluppuram,0.5,-8.007249999999999
2023-11-16 19:00:00,596,Viluppuram,0.5,-8.007249999999999
2023-11-16 21:00:00,596,Viluppuram,0.5,-8.007249999999999
2023-11-16 23:00:00,596,Viluppuram,0.5,-7.92975
2023-11-17 00:00:00,596,Viluppuram,0.5,-7.92975
2023-11-17 03:00:00,596,Viluppuram,0.5,-7.92975
2023-11-17 05:00:00,596,Viluppuram,0.5,-7.894125000000001
2023-11-17 09:00:00,596,Viluppuram,0.5,-7.894125000000001
2023-11-17 12:00:00,596,Viluppuram,1.0,-7.914375
2023-11-17 15:00:00,596,Viluppuram,0.5,-7.914375
2023-11-17 16:00:00,596,Viluppuram,10.5,-7.9725
2023-11-17 19:00:00,596,Viluppuram,0.5,-7.9725
2023-11-17 23:00:00,596,Viluppuram,0.5,-7.886624999999999
2023-11-18 03:00:00,596,Viluppuram,0.5,-7.886624999999999
2023-11-18 09:00:00,596,Viluppuram,2.0,-7.844375
2023-11-18 13:00:00,596,Viluppuram,0.5,-7.936625
2023-11-18 14:00:00,596,Viluppuram,0.5,-7.936625
2023-11-18 15:00:00,596,Viluppuram,12.5,-7.936625
2023-11-18 16:00:00,596,Viluppuram,13.0,-7.865625
2023-11-18 17:00:00,596,Viluppuram,10.0,-7.865625
2023-11-18 18:00:00,596,Viluppuram,8.0,-7.865625
2023-11-18 19:00:00,596,Viluppuram,6.0,-7.865625
2023-11-18 20:00:00,596,Viluppuram,1.0,-7.865625
2023-11-20 16:00:00,596,Viluppuram,1.0,-7.810875
2023-11-20 17:00:00,596,Viluppuram,2.0,-7.810875
2023-11-20 18:00:00,596,Viluppuram,0.5,-7.810875
2023-11-20 23:00:00,596,Viluppuram,0.5,-7.791124999999999
2023-11-21 15:00:00,596,Viluppuram,0.5,-7.799374999999999
2023-11-22 04:00:00,596,Viluppuram,0.75,-7.703
2023-11-22 07:00:00,596,Viluppuram,0.5,-7.703
2023-11-22 10:00:00,596,Viluppuram,1.25,-7.57275
2023-11-22 11:00:00,596,Viluppuram,1.25,-7.57275
2023-11-22 12:00:00,596,Viluppuram,5.166666666666667,-7.57275
2023-11-22 13:00:00,596,Viluppuram,2.0,-7.57275
2023-11-22 16:00:00,596,Viluppuram,4.0,-7.570874999999999
2023-11-22 17:00:00,596,Viluppuram,4.0,-7.570874999999999
2023-11-22 18:00:00,596,Viluppuram,2.0,-7.570874999999999
2023-11-22 19:00:00,596,Viluppuram,0.5,-7.570874999999999
2023-11-24 11:00:00,596,Viluppuram,1.0,-7.60725
2023-11-24 12:00:00,596,Viluppuram,2.0,-7.60725
2023-11-24 13:00:00,596,Viluppuram,2.5,-7.60725
2023-11-24 14:00:00,596,Viluppuram,0.5,-7.60725
2023-11-25 04:00:00,596,Viluppuram,0.75,-7.489
2023-11-25 05:00:00,596,Viluppuram,0.5,-7.489
2023-11-25 06:00:00,596,Viluppuram,0.5,-7.489
2023-11-25 07:00:00,596,Viluppuram,0.5,-7.489
2023-11-25 08:00:00,596,Viluppuram,0.5,-7.489
2023-11-25 09:00:00,596,Viluppuram,0.5,-7.489
2023-11-25 10:00:00,596,Viluppuram,0.5,-7.495875
2023-11-25 11:00:00,596,Viluppuram,0.5,-7.495875
2023-11-25 13:00:00,596,Viluppuram,1.3333333333333333,-7.495875
2023-11-25 14:00:00,596,Viluppuram,0.5,-7.495875
2023-11-25 15:00:00,596,Viluppuram,1.5,-7.495875
2023-11-25 16:00:00,596,Viluppuram,1.0,-7.262125
2023-11-25 17:00:00,596,Viluppuram,0.5,-7.262125
2023-11-25 18:00:00,596,Viluppuram,2.5,-7.262125
2023-11-25 19:00:00,596,Viluppuram,0.5,-7.262125
2023-11-25 20:00:00,596,Viluppuram,0.5,-7.262125
2023-11-25 21:00:00,596,Viluppuram,0.5,-7.262125
2023-11-25 22:00:00,596,Viluppuram,0.5,-7.28725
2023-11-25 23:00:00,596,Viluppuram,0.5,-7.28725
2023-11-26 00:00:00,596,Viluppuram,0.5,-7.28725
2023-11-26 01:00:00,596,Viluppuram,0.5,-7.28725
2023-11-26 03:00:00,596,Viluppuram,0.5,-7.28725
2023-11-26 05:00:00,596,Viluppuram,0.5,-7.22925
2023-11-26 06:00:00,596,Viluppuram,3.0,-7.22925
2023-11-26 07:00:00,596,Viluppuram,1.6666666666666667,-7.22925
2023-11-26 08:00:00,596,Viluppuram,0.5,-7.22925
2023-11-26 10:00:00,596,Viluppuram,0.5,-7.186249999999999
2023-11-26 12:00:00,596,Viluppuram,0.5,-7.186249999999999
2023-11-26 13:00:00,596,Viluppuram,6.0,-7.186249999999999
2023-11-26 14:00:00,596,Viluppuram,0.5,-7.186249999999999
2023-11-26 18:00:00,596,Viluppuram,0.5,-7.177
2023-11-27 01:00:00,596,Viluppuram,14.0,-7.145875
2023-11-27 02:00:00,596,Viluppuram,0.5,-7.145875
2023-11-27 03:00:00,596,Viluppuram,0.5,-7.145875
2023-11-27 11:00:00,596,Viluppuram,1.0,-7.08325
2023-11-28 02:00:00,596,Viluppuram,2.0,-7.0915
2023-11-28 03:00:00,596,Viluppuram,1.5,-7.0915
2023-11-28 13:00:00,596,Viluppuram,2.0,-7.061625
2023-11-28 14:00:00,596,Viluppuram,1.0,-7.061625
2023-11-28 15:00:00,596,Viluppuram,4.5,-7.061625
2023-11-28 19:00:00,596,Viluppuram,1.0,-7.035875
2023-11-28 21:00:00,596,Viluppuram,5.5,-7.035875
2023-11-28 22:00:00,596,Viluppuram,11.0,-6.8870000000000005
2023-11-28 23:00:00,596,Viluppuram,1.0,-6.8870000000000005
2023-11-29 03:00:00,596,Viluppuram,1.5,-6.8870000000000005
2023-11-29 05:00:00,596,Viluppuram,0.5,-6.772125
2023-11-29 12:00:00,596,Viluppuram,8.0,-6.802375
2023-11-29 13:00:00,596,Viluppuram,23.0,-6.802375
2023-11-29 14:00:00,596,Viluppuram,4.0,-6.802375
2023-11-29 15:00:00,596,Viluppuram,1.0,-6.802375
2023-11-29 16:00:00,596,Viluppuram,1.5,-6.75175
2023-11-29 17:00:00,596,Viluppuram,10.0,-6.75175
2023-11-29 18:00:00,596,Viluppuram,0.5,-6.75175
2023-11-29 19:00:00,596,Viluppuram,3.0,-6.75175
2023-11-29 20:00:00,596,Viluppuram,1.0,-6.75175
2023-11-29 21:00:00,596,Viluppuram,3.0,-6.75175
2023-11-29 22:00:00,596,Viluppuram,0.5,-6.687749999999999
2023-11-29 23:00:00,596,Viluppuram,0.5,-6.687749999999999
2023-11-30 03:00:00,596,Viluppuram,0.5,-6.687749999999999
2023-11-30 15:00:00,596,Viluppuram,0.5,-6.667875
2023-11-30 16:00:00,596,Viluppuram,1.0,-6.64775
2023-11-30 17:00:00,596,Viluppuram,1.0,-6.64775
2023-11-30 18:00:00,596,Viluppuram,1.0,-6.64775
2023-11-30 19:00:00,596,Viluppuram,1.0,-6.64775
2023-11-30 20:00:00,596,Viluppuram,1.5,-6.64775
2023-11-30 21:00:00,596,Viluppuram,1.5,-6.64775
2023-11-30 22:00:00,596,Viluppuram,1.5,-6.60325
2023-11-30 23:00:00,596,Viluppuram,1.5,-6.60325
2023-12-01 00:00:00,596,Viluppuram,1.5,-6.60325
2023-12-01 01:00:00,596,Viluppuram,1.5,-6.60325
2023-12-01 02:00:00,596,Viluppuram,1.5,-6.60325
2023-12-01 03:00:00,596,Viluppuram,1.0,-6.60325
2023-12-01 04:00:00,596,Viluppuram,1.0,-6.5748750000000005
2023-12-01 05:00:00,596,Viluppuram,1.5,-6.5748750000000005
2023-12-01 06:00:00,596,Viluppuram,1.5,-6.5748750000000005
2023-12-01 07:00:00,596,Viluppuram,1.0,-6.5748750000000005
2023-12-01 09:00:00,596,Viluppuram,1.0,-6.5748750000000005
2023-12-01 10:00:00,596,Viluppuram,1.5,-6.584625
2023-12-01 11:00:00,596,Viluppuram,1.0,-6.584625
2023-12-01 12:00:00,596,Viluppuram,1.5,-6.584625
2023-12-01 13:00:00,596,Viluppuram,1.0,-6.584625
2023-12-01 16:00:00,596,Viluppuram,1.0,-6.56925
2023-12-01 17:00:00,596,Viluppuram,0.5,-6.56925
2023-12-01 18:00:00,596,Viluppuram,1.0,-6.56925
2023-12-01 19:00:00,596,Viluppuram,1.0,-6.56925
2023-12-01 20:00:00,596,Viluppuram,0.5,-6.56925
2023-12-01 21:00:00,596,Viluppuram,1.0,-6.56925
2023-12-01 22:00:00,596,Viluppuram,0.5,-6.545
2023-12-01 23:00:00,596,Viluppuram,0.5,-6.545
2023-12-02 00:00:00,596,Viluppuram,0.5,-6.545
2023-12-02 01:00:00,596,Viluppuram,0.5,-6.545
2023-12-02 02:00:00,596,Viluppuram,0.5,-6.545
2023-12-02 03:00:00,596,Viluppuram,0.5,-6.545
2023-12-02 04:00:00,596,Viluppuram,0.5,-6.51675
2023-12-02 05:00:00,596,Viluppuram,0.5,-6.51675
2023-12-02 06:00:00,596,Viluppuram,0.5,-6.51675
2023-12-02 07:00:00,596,Viluppuram,0.5,-6.51675
2023-12-02 08:00:00,596,Viluppuram,0.5,-6.51675
2023-12-02 09:00:00,596,Viluppuram,0.5,-6.51675
2023-12-02 10:00:00,596,Viluppuram,0.5,-6.5235
2023-12-02 11:00:00,596,Viluppuram,0.5,-6.5235
2023-12-02 13:00:00,596,Viluppuram,0.5,-6.5235
2023-12-02 14:00:00,596,Viluppuram,0.5,-6.5235
2023-12-02 15:00:00,596,Viluppuram,0.5,-6.5235
2023-12-02 16:00:00,596,Viluppuram,0.5,-6.50375
2023-12-02 17:00:00,596,Viluppuram,0.5,-6.50375
2023-12-02 18:00:00,596,Viluppuram,0.5,-6.50375
2023-12-02 19:00:00,596,Viluppuram,0.5,-6.50375
2023-12-02 20:00:00,596,Viluppuram,0.5,-6.50375
2023-12-02 21:00:00,596,Viluppuram,1.5,-6.50375
2023-12-02 22:00:00,596,Viluppuram,0.75,-6.453749999999999
2023-12-02 23:00:00,596,Viluppuram,0.6666666666666666,-6.453749999999999
2023-12-03 00:00:00,596,Viluppuram,0.5,-6.453749999999999
2023-12-03 01:00:00,596,Viluppuram,0.5,-6.453749999999999
2023-12-03 02:00:00,596,Viluppuram,3.5,-6.453749999999999
2023-12-03 03:00:00,596,Viluppuram,0.5,-6.453749999999999
2023-12-03 04:00:00,596,Viluppuram,0.5,-6.24925
2023-12-03 05:00:00,596,Viluppuram,0.5,-6.24925
2023-12-03 06:00:00,596,Viluppuram,0.5,-6.24925
2023-12-03 07:00:00,596,Viluppuram,0.5,-6.24925
2023-12-03 08:00:00,596,Viluppuram,1.0,-6.24925
2023-12-03 09:00:00,596,Viluppuram,0.8333333333333334,-6.24925
2023-12-03 10:00:00,596,Viluppuram,4.75,-6.1825
2023-12-03 11:00:00,596,Viluppuram,0.5,-6.1825
2023-12-03 12:00:00,596,Viluppuram,0.5,-6.1825
2023-12-03 13:00:00,596,Viluppuram,0.5,-6.1825
2023-12-03 14:00:00,596,Viluppuram,0.5,-6.1825
2023-12-03 15:00:00,596,Viluppuram,1.0,-6.1825
2023-12-03 16:00:00,596,Viluppuram,0.5,-6.157125
2023-12-03 17:00:00,596,Viluppuram,0.5,-6.157125
2023-12-03 18:00:00,596,Viluppuram,0.5,-6.157125
2023-12-03 19:00:00,596,Viluppuram,1.5,-6.157125
2023-12-03 20:00:00,596,Viluppuram,0.5,-6.157125
2023-12-03 21:00:00,596,Viluppuram,0.5,-6.157125
2023-12-03 22:00:00,596,Viluppuram,0.5,-6.099
2023-12-03 23:00:00,596,Viluppuram,0.5,-6.099
2023-12-04 00:00:00,596,Viluppuram,0.5,-6.099
2023-12-04 01:00:00,596,Viluppuram,1.5,-6.099
2023-12-04 02:00:00,596,Viluppuram,0.8333333333333334,-6.099
2023-12-04 03:00:00,596,Viluppuram,1.75,-6.099
2023-12-04 04:00:00,596,Viluppuram,1.75,-29.754
2023-12-04 05:00:00,596,Viluppuram,0.5,-29.754
2023-12-04 06:00:00,596,Viluppuram,0.5,-29.754
2023-12-04 07:00:00,596,Viluppuram,0.5,-29.754
2023-12-04 08:00:00,596,Viluppuram,0.5,-29.754
2023-12-04 09:00:00,596,Viluppuram,0.5,-29.754
2023-12-05 05:00:00,596,Viluppuram,0.5,-30.577
2023-12-05 06:00:00,596,Viluppuram,0.5,-30.577
2023-12-05 07:00:00,596,Viluppuram,0.5,-30.577
2023-12-05 08:00:00,596,Viluppuram,0.5,-30.577
2023-12-05 09:00:00,596,Viluppuram,0.5,-30.577
2023-12-05 10:00:00,596,Viluppuram,0.5,-30.932
2023-12-05 11:00:00,596,Viluppuram,0.5,-30.932
2023-12-05 12:00:00,596,Viluppuram,0.5,-30.932
2023-12-05 13:00:00,596,Viluppuram,0.5,-30.932
2023-12-05 14:00:00,596,Viluppuram,0.5,-30.932
2023-12-05 15:00:00,596,Viluppuram,0.5,-30.932
2023-12-05 16:00:00,596,Viluppuram,0.5,-30.934
2023-12-05 17:00:00,596,Viluppuram,1.0,-30.934
2023-12-05 19:00:00,596,Viluppuram,0.5,-30.934
2023-12-05 20:00:00,596,Viluppuram,0.5,-30.934
2023-12-05 21:00:00,596,Viluppuram,0.5,-30.934
2023-12-05 22:00:00,596,Viluppuram,0.5,-30.907
2023-12-05 23:00:00,596,Viluppuram,0.5,-30.907
2023-12-06 00:00:00,596,Viluppuram,0.5,-30.907
2023-12-06 01:00:00,596,Viluppuram,0.5,-30.907
2023-12-06 02:00:00,596,Viluppuram,0.5,-30.907
2023-12-06 03:00:00,596,Viluppuram,0.5,-30.907
2023-12-06 04:00:00,596,Viluppuram,0.5,-30.835
2023-12-06 06:00:00,596,Viluppuram,0.5,-30.835
2023-12-06 07:00:00,596,Viluppuram,0.5,-30.835
2023-12-06 08:00:00,596,Viluppuram,0.5,-30.835
2023-12-06 09:00:00,596,Viluppuram,0.5,-30.835
2023-12-06 11:00:00,596,Viluppuram,0.5,-30.945
2023-12-06 12:00:00,596,Viluppuram,0.5,-30.945
2023-12-06 13:00:00,596,Viluppuram,0.5,-30.945
2023-12-06 14:00:00,596,Viluppuram,0.5,-30.945
2023-12-06 16:00:00,596,Viluppuram,0.5,-30.869
2023-12-06 17:00:00,596,Viluppuram,0.5,-30.869
2023-12-06 18:00:00,596,Viluppuram,0.5,-30.869
2023-12-06 20:00:00,596,Viluppuram,0.5,-30.869
2023-12-06 22:00:00,596,Viluppuram,0.5,-30.844
2023-12-07 00:00:00,596,Viluppuram,0.5,-30.844
2023-12-07 02:00:00,596,Viluppuram,0.5,-30.844
2023-12-07 04:00:00,596,Viluppuram,0.5,-30.793
2023-12-07 06:00:00,596,Viluppuram,0.5,-30.793
2023-12-07 09:00:00,596,Viluppuram,0.5,-30.793
2023-12-07 12:00:00,596,Viluppuram,0.5,-30.893
2023-12-07 15:00:00,596,Viluppuram,0.5,-30.893
2023-12-09 15:00:00,596,Viluppuram,0.5,-31.67
2023-12-15 14:00:00,596,Viluppuram,0.5,-30.643
2023-12-15 15:00:00,596,Viluppuram,1.0,-30.643
2023-12-15 16:00:00,596,Viluppuram,0.75,-30.537
2023-12-16 13:00:00,596,Viluppuram,1.0,-30.409
2023-12-16 16:00:00,596,Viluppuram,0.5,-30.342
2023-12-17 16:00:00,596,Viluppuram,0.5,-30.213
2023-12-21 15:35:00,596,Viluppuram,0.5,-29.952
2023-12-21 15:40:00,596,Viluppuram,0.5,-29.952
2023-12-21 15:45:00,596,Viluppuram,0.5,-29.952
2023-12-21 15:50:00,596,Viluppuram,0.5,-29.952
2023-12-21 15:55:00,596,Viluppuram,0.5,-29.952
2023-12-21 16:00:00,596,Viluppuram,0.5,-29.952
2023-12-25 02:10:00,596,Viluppuram,0.5,-6.260999999999999
2023-12-25 02:15:00,596,Viluppuram,0.5,-6.260999999999999
2023-12-25 02:20:00,596,Viluppuram,0.5,-6.260999999999999
2023-12-25 02:25:00,596,Viluppuram,0.5,-6.260999999999999
2023-12-25 02:30:00,596,Viluppuram,0.5,-6.260999999999999
2023-12-25 02:35:00,596,Viluppuram,1.5,-6.260999999999999
2023-12-25 02:40:00,596,Viluppuram,1.5,-6.260999999999999
2023-12-25 02:45:00,596,Viluppuram,2.0,-6.260999999999999
2023-12-25 02:50:00,596,Viluppuram,2.0,-6.260999999999999
2023-12-25 02:55:00,596,Viluppuram,2.5,-6.260999999999999
2023-12-25 03:00:00,596,Viluppuram,1.75,-6.260999999999999
2023-12-25 03:05:00,596,Viluppuram,1.5,-6.187875
2023-12-25 03:10:00,596,Viluppuram,2.5,-6.187875
2023-12-25 03:15:00,596,Viluppuram,3.0,-6.187875
2023-12-25 03:20:00,596,Viluppuram,3.5,-6.187875
2023-12-25 03:25:00,596,Viluppuram,3.5,-6.187875
2023-12-25 03:30:00,596,Viluppuram,3.5,-6.187875
2023-12-25 03:35:00,596,Viluppuram,3.5,-6.187875
2023-12-25 03:40:00,596,Viluppuram,3.5,-6.187875
2023-12-25 03:45:00,596,Viluppuram,3.5,-6.187875
2023-12-25 03:50:00,596,Viluppuram,3.5,-6.187875
2023-12-25 03:55:00,596,Viluppuram,3.5,-6.187875
2023-12-25 04:00:00,596,Viluppuram,2.333333333333333,-6.187875
2023-12-25 04:50:00,596,Viluppuram,0.5,-6.187875
2023-12-25 04:55:00,596,Viluppuram,0.5,-6.187875
2023-12-25 05:00:00,596,Viluppuram,1.75,-6.187875
2023-12-25 06:00:00,596,Viluppuram,2.0,-6.187875
2023-12-25 07:00:00,596,Viluppuram,1.0,-6.187875
2023-12-25 07:25:00,596,Viluppuram,0.5,-6.187875
2023-12-25 07:30:00,596,Viluppuram,1.5,-6.187875
2023-12-25 07:35:00,596,Viluppuram,1.5,-6.187875
2023-12-25 07:40:00,596,Viluppuram,1.5,-6.187875
2023-12-25 07:45:00,596,Viluppuram,1.5,-6.187875
2023-12-25 07:50:00,596,Viluppuram,1.5,-6.187875
2023-12-25 07:55:00,596,Viluppuram,1.5,-6.187875
2023-12-25 08:00:00,596,Viluppuram,1.5,-6.187875
2023-12-25 09:00:00,596,Viluppuram,1.0,-6.187875
2023-12-25 10:00:00,596,Viluppuram,1.5,-6.14825
2023-12-25 17:00:00,596,Viluppuram,0.5,-6.119875
2023-12-26 06:25:00,596,Viluppuram,0.5,-6.080125000000001
2023-12-26 06:30:00,596,Viluppuram,0.5,-6.080125000000001
2023-12-26 06:35:00,596,Viluppuram,0.5,-6.080125000000001
2023-12-26 06:40:00,596,Viluppuram,0.5,-6.080125000000001
2023-12-26 06:45:00,596,Viluppuram,0.5,-6.080125000000001
2023-12-26 06:50:00,596,Viluppuram,0.5,-6.080125000000001
2023-12-26 06:55:00,596,Viluppuram,0.5,-6.080125000000001
2023-12-26 07:00:00,596,Viluppuram,0.5,-6.080125000000001
2023-12-26 08:00:00,596,Viluppuram,0.5,-6.080125000000001
2023-12-29 03:00:00,596,Viluppuram,1.0,-6.13575
2023-12-29 04:00:00,596,Viluppuram,0.5,-6.112375
2024-01-05 07:00:00,596,Viluppuram,0.5,-6.4026250000000005
2024-01-06 13:00:00,596,Viluppuram,0.5,-6.358499999999999
2024-01-06 14:00:00,596,Viluppuram,0.5,-6.358499999999999
2024-01-06 18:00:00,596,Viluppuram,0.5,-6.38675
2024-01-06 21:00:00,596,Viluppuram,0.5,-6.38675
2024-01-07 18:00:00,596,Viluppuram,0.5,-6.35225
2024-01-07 19:00:00,596,Viluppuram,3.0,-6.35225
2024-01-07 20:00:00,596,Viluppuram,0.5,-6.35225
2024-01-07 21:00:00,596,Viluppuram,4.5,-6.35225
2024-01-07 22:00:00,596,Viluppuram,1.25,-6.105125
2024-01-07 23:00:00,596,Viluppuram,3.75,-6.105125
2024-01-08 00:00:00,596,Viluppuram,12.5,-6.105125
2024-01-08 01:00:00,596,Viluppuram,6.0,-6.105125
2024-01-08 02:00:00,596,Viluppuram,11.5,-6.105125
2024-01-08 03:00:00,596,Viluppuram,12.5,-6.105125
2024-01-08 04:00:00,596,Viluppuram,7.25,-5.744625
2024-01-08 05:00:00,596,Viluppuram,3.0,-5.744625
2024-01-08 06:00:00,596,Viluppuram,13.0,-5.744625
2024-01-08 07:00:00,596,Viluppuram,3.75,-5.744625
2024-01-08 08:00:00,596,Viluppuram,9.0,-5.744625
2024-01-08 09:00:00,596,Viluppuram,10.75,-5.744625
2024-01-08 10:00:00,596,Viluppuram,19.0,-5.484875
2024-01-08 11:00:00,596,Viluppuram,9.0,-5.484875
2024-01-08 12:00:00,596,Viluppuram,2.0,-5.484875
2024-01-08 15:00:00,596,Viluppuram,0.5,-5.484875
2024-01-08 17:00:00,596,Viluppuram,0.5,-5.428875
2024-01-08 21:00:00,596,Viluppuram,0.5,-5.428875
2024-01-08 23:00:00,596,Viluppuram,1.0,-5.460125
2024-01-09 08:00:00,596,Viluppuram,0.5,-5.438125
2024-01-09 19:00:00,596,Viluppuram,0.5,-5.475375
2024-01-11 22:00:00,596,Viluppuram,0.5,-5.4658750000000005
2024-01-18 15:00:00,596,Viluppuram,0.5,-5.687250000000001
2024-01-19 05:00:00,596,Viluppuram,0.5,-5.665125
2024-01-19 07:00:00,596,Viluppuram,0.5,-5.665125
2024-01-19 10:00:00,596,Viluppuram,0.5,-5.8075
2024-01-19 13:00:00,596,Viluppuram,0.5,-5.8075
2024-01-19 17:00:00,596,Viluppuram,1.0,-5.847875
2024-01-20 02:00:00,596,Viluppuram,0.5,-5.760375
2024-01-20 03:00:00,596,Viluppuram,3.0,-5.760375
2024-01-20 04:00:00,596,Viluppuram,3.5,-5.716875
2024-01-20 05:00:00,596,Viluppuram,1.5,-5.716875
2024-01-20 06:00:00,596,Viluppuram,0.5,-5.716875
2024-01-20 07:00:00,596,Viluppuram,0.5,-5.716875
2024-01-20 09:00:00,596,Viluppuram,0.5,-5.716875
2024-01-20 10:00:00,596,Viluppuram,1.0,-5.79225
2024-01-20 11:00:00,596,Viluppuram,1.0,-5.79225
2024-01-20 12:00:00,596,Viluppuram,1.0,-5.79225
2024-01-20 13:00:00,596,Viluppuram,1.5,-5.79225
2024-01-20 14:00:00,596,Viluppuram,1.0,-5.79225
2024-01-20 15:00:00,596,Viluppuram,1.5,-5.79225
2024-01-20 16:00:00,596,Viluppuram,1.5,-5.88625
2024-01-20 18:00:00,596,Viluppuram,0.5,-5.88625
2024-01-20 22:00:00,596,Viluppuram,0.5,-5.943375
2024-01-20 23:00:00,596,Viluppuram,1.0,-5.943375
2024-01-21 00:00:00,596,Viluppuram,1.5,-5.943375
2024-01-21 01:00:00,596,Viluppuram,2.5,-5.943375
2024-01-21 02:00:00,596,Viluppuram,3.5,-5.943375
2024-01-21 03:00:00,596,Viluppuram,2.5,-5.943375
2024-01-21 04:00:00,596,Viluppuram,0.5,-5.966125
2024-01-21 05:00:00,596,Viluppuram,0.5,-5.966125
2024-01-21 07:00:00,596,Viluppuram,1.0,-5.966125
2024-01-21 09:00:00,596,Viluppuram,0.5,-5.966125
2024-01-21 11:00:00,596,Viluppuram,0.5,-6.006125000000001
2024-01-21 12:00:00,596,Viluppuram,0.5,-6.006125000000001
2024-01-21 13:00:00,596,Viluppuram,1.0,-6.006125000000001
2024-01-21 14:00:00,596,Viluppuram,0.5,-6.006125000000001
2024-01-21 15:00:00,596,Viluppuram,0.5,-6.006125000000001
2024-01-21 16:00:00,596,Viluppuram,1.0,-5.914625
2024-01-21 17:00:00,596,Viluppuram,4.5,-5.914625
2024-01-21 18:00:00,596,Viluppuram,3.0,-5.914625
2024-01-21 19:00:00,596,Viluppuram,0.5,-5.914625
2024-01-21 22:00:00,596,Viluppuram,0.5,-5.879250000000001
2024-01-21 23:00:00,596,Viluppuram,0.5,-5.879250000000001
2024-01-22 01:00:00,596,Viluppuram,0.5,-5.879250000000001
2024-01-22 03:00:00,596,Viluppuram,0.5,-5.879250000000001
2024-01-22 04:00:00,596,Viluppuram,0.5,-5.844250000000001
2024-01-22 05:00:00,596,Viluppuram,0.5,-5.844250000000001
2024-01-22 06:00:00,596,Viluppuram,0.5,-5.844250000000001
2024-01-22 07:00:00,596,Viluppuram,1.5,-5.844250000000001
2024-01-22 08:00:00,596,Viluppuram,1.0,-5.844250000000001
2024-01-22 09:00:00,596,Viluppuram,1.0,-5.844250000000001
2024-01-22 10:00:00,596,Viluppuram,1.5,-5.886375
2024-01-22 11:00:00,596,Viluppuram,3.5,-5.886375
2024-01-22 12:00:00,596,Viluppuram,3.5,-5.886375
2024-01-22 13:00:00,596,Viluppuram,4.0,-5.886375
2024-01-22 14:00:00,596,Viluppuram,2.5,-5.886375
2024-01-22 15:00:00,596,Viluppuram,1.5,-5.886375
2024-01-22 16:00:00,596,Viluppuram,0.5,-5.8545
2024-01-22 17:00:00,596,Viluppuram,0.5,-5.8545
2024-01-22 19:00:00,596,Viluppuram,0.5,-5.8545
2024-01-22 22:00:00,596,Viluppuram,0.5,-5.83325
2024-01-23 01:00:00,596,Viluppuram,0.5,-5.83325
2024-01-23 02:00:00,596,Viluppuram,1.5,-5.83325
2024-01-23 03:00:00,596,Viluppuram,0.5,-5.83325
2024-01-23 04:00:00,596,Viluppuram,2.0,-5.81025
2024-01-23 05:00:00,596,Viluppuram,1.0,-5.81025
2024-01-23 06:00:00,596,Viluppuram,3.0,-5.81025
2024-01-27 06:00:00,596,Viluppuram,0.5,-6.2945
2024-05-08 07:00:00,596,Viluppuram,16.5,-11.959571428571428
2024-05-08 08:00:00,596,Viluppuram,2.0,-11.959571428571428
2024-05-08 09:00:00,596,Viluppuram,0.5,-11.959571428571428
2024-05-08 10:00:00,596,Viluppuram,1.0,-11.97942857142857
2024-05-09 14:00:00,596,Viluppuram,3.0,-12.030285714285712
2024-05-11 11:00:00,596,Viluppuram,0.5,-12.034428571428572
2024-05-11 13:00:00,596,Viluppuram,3.5,-12.034428571428572
2024-05-16 01:00:00,596,Viluppuram,0.5,-11.943142857142858
2024-05-16 04:00:00,596,Viluppuram,0.5,-11.900142857142855
2024-05-16 05:00:00,596,Viluppuram,1.5,-11.900142857142855
2024-05-16 06:00:00,596,Viluppuram,0.5,-11.900142857142855
2024-05-16 08:00:00,596,Viluppuram,0.5,-11.900142857142855
2024-05-16 09:00:00,596,Viluppuram,0.5,-11.900142857142855
2024-05-16 10:00:00,596,Viluppuram,1.5,-11.884714285714283
2024-05-16 16:00:00,596,Viluppuram,5.0,-11.832714285714289
2024-05-16 17:00:00,596,Viluppuram,0.5,-11.832714285714289
2024-05-16 20:00:00,596,Viluppuram,0.5,-11.832714285714289
2024-05-17 11:00:00,596,Viluppuram,0.5,-11.798428571428571
2024-05-20 03:00:00,596,Viluppuram,1.0,-11.710285714285716
2024-05-20 04:00:00,596,Viluppuram,1.0,-11.69
2024-05-20 06:00:00,596,Viluppuram,0.75,-11.69
2024-05-20 07:00:00,596,Viluppuram,3.0,-11.69
2024-05-20 08:00:00,596,Viluppuram,1.3333333333333333,-11.69
2024-05-20 09:00:00,596,Viluppuram,1.0,-11.69
2024-05-20 10:00:00,596,Viluppuram,0.5,-11.674285714285714
2024-05-20 11:00:00,596,Viluppuram,1.0,-11.674285714285714
2024-05-20 23:00:00,596,Viluppuram,3.5,-11.648285714285716
2024-05-21 00:00:00,596,Viluppuram,0.5,-11.648285714285716
2024-05-21 02:00:00,596,Viluppuram,1.0,-11.648285714285716
2024-05-21 03:00:00,596,Viluppuram,0.5,-11.648285714285716
2024-05-21 04:00:00,596,Viluppuram,0.5,-11.632571428571428
2024-05-21 13:00:00,596,Viluppuram,0.5,-11.624571428571429
2024-05-21 14:00:00,596,Viluppuram,1.0,-11.624571428571429
2024-05-22 13:00:00,596,Viluppuram,3.0,-11.61042857142857
2024-05-22 15:00:00,596,Viluppuram,2.75,-11.61042857142857
2024-05-22 16:00:00,596,Viluppuram,11.5,-11.573142857142855
2024-05-22 17:00:00,596,Viluppuram,11.5,-11.573142857142855
2024-05-22 18:00:00,596,Viluppuram,0.5,-11.573142857142855
2024-05-23 07:00:00,596,Viluppuram,0.5,-11.563
2024-05-23 20:00:00,596,Viluppuram,2.0,-11.679
2024-05-23 21:00:00,596,Viluppuram,5.75,-11.679
2024-05-23 22:00:00,596,Viluppuram,3.25,-11.575714285714286
2024-05-23 23:00:00,596,Viluppuram,8.5,-11.575714285714286
2024-05-24 00:00:00,596,Viluppuram,0.75,-11.575714285714286
2024-05-24 01:00:00,596,Viluppuram,0.5,-11.575714285714286
2024-05-24 05:00:00,596,Viluppuram,0.5,-11.54857142857143
2024-06-01 21:00:00,596,Viluppuram,4.0,-10.963625
2024-06-01 22:00:00,596,Viluppuram,9.0,-10.9385
2024-06-01 23:00:00,596,Viluppuram,0.5,-10.9385
2024-06-02 10:00:00,596,Viluppuram,0.5,-10.93475
2024-06-03 00:00:00,596,Viluppuram,0.5,-10.904
2024-06-04 19:00:00,596,Viluppuram,10.0,-10.942125
2024-06-05 16:00:00,596,Viluppuram,7.0,-10.9485
2024-06-05 23:00:00,596,Viluppuram,0.5,-10.909375
2024-06-06 17:00:00,596,Viluppuram,8.0,-3.59
2024-06-06 18:00:00,596,Viluppuram,1.0,-10.836375
2024-06-06 21:00:00,596,Viluppuram,0.75,-10.836375
2024-06-06 22:00:00,596,Viluppuram,0.8333333333333334,-10.846875
2024-06-06 23:00:00,596,Viluppuram,1.5,-10.846875
2024-06-07 00:00:00,596,Viluppuram,0.5,-10.846875
2024-06-07 01:00:00,596,Viluppuram,0.5,-10.846875
2024-06-07 05:00:00,596,Viluppuram,0.5,-10.832625
2024-06-07 22:00:00,596,Viluppuram,13.0,-10.925875
2024-06-07 23:00:00,596,Viluppuram,3.75,-10.925875
2024-06-08 00:00:00,596,Viluppuram,1.0,-10.925875
2024-06-10 17:00:00,596,Viluppuram,1.0,-11.042750000000002
2024-06-10 18:00:00,596,Viluppuram,11.75,-11.042750000000002
2024-06-17 02:00:00,596,Viluppuram,4.0,-11.28675
2024-06-17 03:00:00,596,Viluppuram,2.0,-11.28675
2024-06-18 18:00:00,596,Viluppuram,0.5,-10.9585
2024-06-18 19:00:00,596,Viluppuram,0.5,-10.9585
2024-06-18 21:00:00,596,Viluppuram,2.0,-10.9585
2024-06-18 22:00:00,596,Viluppuram,0.5,-10.73625
2024-06-19 00:00:00,596,Viluppuram,0.5,-10.73625
2024-06-19 03:00:00,596,Viluppuram,0.5,-10.73625
2024-06-19 15:00:00,596,Viluppuram,2.5,-10.676625
2024-06-19 17:00:00,596,Viluppuram,0.5,-10.641875
2024-06-19 20:00:00,596,Viluppuram,3.5,-10.641875
2024-06-20 13:00:00,596,Viluppuram,0.5,-10.627875
2024-06-20 17:00:00,596,Viluppuram,5.0,-10.59225
2024-06-21 22:00:00,596,Viluppuram,1.0,-10.58425
2024-06-22 18:00:00,596,Viluppuram,1.5,-10.548125
2024-06-22 19:00:00,596,Viluppuram,5.5,-10.548125
2024-06-22 21:00:00,596,Viluppuram,0.5,-10.548125
2024-06-22 22:00:00,596,Viluppuram,0.5,-10.530625
2024-06-22 23:00:00,596,Viluppuram,8.0,-10.530625
2024-06-23 00:00:00,596,Viluppuram,1.25,-10.530625
2024-06-23 01:00:00,596,Viluppuram,1.0,-10.530625
2024-06-23 02:00:00,596,Viluppuram,0.5,-10.530625
2024-06-23 17:00:00,596,Viluppuram,4.5,-10.4775
2024-06-24 18:00:00,596,Viluppuram,0.5,-10.494125
2024-06-24 19:00:00,596,Viluppuram,1.5,-10.494125
2024-06-26 04:00:00,596,Viluppuram,0.5,-10.47
2024-06-29 22:00:00,596,Viluppuram,3.0,-10.52375
2024-06-29 23:00:00,596,Viluppuram,1.0,-10.52375
2024-06-30 18:00:00,596,Viluppuram,1.5,-10.554875
2024-06-30 19:00:00,596,Viluppuram,6.0,-10.554875
2024-07-03 23:00:00,596,Viluppuram,6.0,-10.87075
2024-07-04 00:00:00,596,Viluppuram,0.5,-10.87075
2024-07-05 17:00:00,596,Viluppuram,4.5,-10.95525
2024-07-05 18:00:00,596,Viluppuram,1.0,-10.95525
2024-07-05 20:00:00,596,Viluppuram,6.0,-10.95525
2024-07-05 21:00:00,596,Viluppuram,3.0,-10.95525
2024-07-05 22:00:00,596,Viluppuram,2.75,-10.881875
2024-07-06 00:00:00,596,Viluppuram,1.0,-10.881875
2024-07-06 01:00:00,596,Viluppuram,0.75,-10.881875
2024-07-06 02:00:00,596,Viluppuram,1.0,-10.881875
2024-07-07 17:00:00,596,Viluppuram,10.5,-10.774375
2024-07-12 18:00:00,596,Viluppuram,10.0,-10.8025
2024-07-12 19:00:00,596,Viluppuram,3.5,-10.8025
2024-07-12 20:00:00,596,Viluppuram,0.5,-10.8025
2024-07-12 21:00:00,596,Viluppuram,5.25,-10.8025
2024-07-12 22:00:00,596,Viluppuram,1.0,-10.672625
2024-07-12 23:00:00,596,Viluppuram,5.75,-10.672625
2024-07-13 00:00:00,596,Viluppuram,4.5,-10.672625
2024-07-13 01:00:00,596,Viluppuram,2.5,-10.672625
2024-07-13 02:00:00,596,Viluppuram,1.75,-10.672625
2024-07-13 03:00:00,596,Viluppuram,0.5,-10.672625
2024-07-13 05:00:00,596,Viluppuram,0.5,-10.521125
2024-07-15 03:00:00,596,Viluppuram,0.5,-10.492625
2024-07-15 11:00:00,596,Viluppuram,0.5,-10.506875
2024-07-15 18:00:00,596,Viluppuram,0.5,-10.474125
2024-07-15 22:00:00,596,Viluppuram,0.5,-10.473125
2024-07-16 08:00:00,596,Viluppuram,0.5,-10.46075
2024-07-16 09:00:00,596,Viluppuram,0.5,-10.46075
2024-07-16 13:00:00,596,Viluppuram,0.5,-10.488
2024-07-16 17:00:00,596,Viluppuram,0.5,-10.455375
2024-07-16 18:00:00,596,Viluppuram,0.5,-10.455375
2024-07-16 23:00:00,596,Viluppuram,0.5,-10.449625
2024-07-17 00:00:00,596,Viluppuram,0.5,-10.449625
2024-07-17 02:00:00,596,Viluppuram,0.5,-10.449625
2024-07-18 17:00:00,596,Viluppuram,10.5,-10.4645
2024-07-18 18:00:00,596,Viluppuram,7.5,-10.4645
2024-07-18 19:00:00,596,Viluppuram,0.5,-10.4645
2024-07-19 09:00:00,596,Viluppuram,0.5,-10.42075
2024-07-19 16:00:00,596,Viluppuram,0.5,-10.42425
2024-07-19 18:00:00,596,Viluppuram,0.5,-10.42425
2024-07-19 21:00:00,596,Viluppuram,0.5,-10.42425
2024-07-19 23:00:00,596,Viluppuram,0.5,-10.411375
2024-07-20 00:00:00,596,Viluppuram,1.0,-10.411375
2024-07-20 01:00:00,596,Viluppuram,1.0,-10.411375
2024-07-20 02:00:00,596,Viluppuram,1.5,-10.411375
2024-07-20 03:00:00,596,Viluppuram,0.5,-10.411375
2024-07-31 17:00:00,596,Viluppuram,0.5,-10.8745
2024-07-31 18:00:00,596,Viluppuram,0.5,-10.8745
2024-07-31 19:00:00,596,Viluppuram,0.5,-10.8745
2024-07-31 22:00:00,596,Viluppuram,0.5,-10.925
2024-08-01 02:00:00,596,Viluppuram,0.5,-10.925
2024-08-01 18:00:00,596,Viluppuram,1.75,-11.033375
2024-08-01 19:00:00,596,Viluppuram,0.5,-11.033375
2024-08-03 21:00:00,596,Viluppuram,0.5,-11.1135
2024-08-03 22:00:00,596,Viluppuram,1.0,-11.123125
2024-08-03 23:00:00,596,Viluppuram,0.5,-11.123125
2024-08-04 00:00:00,596,Viluppuram,0.5,-11.123125
2024-08-04 03:00:00,596,Viluppuram,0.5,-11.123125
2024-08-04 08:00:00,596,Viluppuram,0.5,-11.119125
2024-08-04 12:00:00,596,Viluppuram,0.5,-11.151
2024-08-05 00:00:00,596,Viluppuram,17.25,-10.937
2024-08-05 01:00:00,596,Viluppuram,6.25,-10.937
2024-08-05 02:00:00,596,Viluppuram,1.5,-10.937
2024-08-05 03:00:00,596,Viluppuram,0.5,-10.937
2024-08-05 04:00:00,596,Viluppuram,1.25,-10.654625
2024-08-05 05:00:00,596,Viluppuram,1.75,-10.654625
2024-08-05 06:00:00,596,Viluppuram,1.5,-10.654625
2024-08-05 12:00:00,596,Viluppuram,0.5,-10.68025
2024-08-05 13:00:00,596,Viluppuram,0.5,-10.68025
2024-08-05 15:00:00,596,Viluppuram,0.5,-10.68025
2024-08-05 16:00:00,596,Viluppuram,0.5,-10.660125
2024-08-05 18:00:00,596,Viluppuram,0.5,-10.660125
2024-08-05 21:00:00,596,Viluppuram,0.5,-10.660125
2024-08-06 00:00:00,596,Viluppuram,0.5,-10.671375
2024-08-06 03:00:00,596,Viluppuram,0.5,-10.671375
2024-08-06 10:00:00,596,Viluppuram,0.5,-10.740875
2024-08-06 13:00:00,596,Viluppuram,0.5,-10.740875
2024-08-06 17:00:00,596,Viluppuram,0.5,-10.72375
2024-08-06 20:00:00,596,Viluppuram,0.5,-10.72375
2024-08-06 21:00:00,596,Viluppuram,0.5,-10.72375
2024-08-06 23:00:00,596,Viluppuram,11.0,-10.6695
2024-08-07 00:00:00,596,Viluppuram,14.0,-10.6695
2024-08-07 01:00:00,596,Viluppuram,1.75,-10.6695
2024-08-07 02:00:00,596,Viluppuram,0.5,-10.6695
2024-08-07 04:00:00,596,Viluppuram,0.5,-10.515375
2024-08-07 08:00:00,596,Viluppuram,0.5,-10.515375
2024-08-07 10:00:00,596,Viluppuram,0.5,-10.511625
2024-08-07 13:00:00,596,Viluppuram,0.5,-10.511625
2024-08-07 15:00:00,596,Viluppuram,0.5,-10.511625
2024-08-07 18:00:00,596,Viluppuram,0.5,-10.49625
2024-08-07 21:00:00,596,Viluppuram,0.5,-10.49625
2024-08-08 00:00:00,596,Viluppuram,0.5,-10.493875
2024-08-08 01:00:00,596,Viluppuram,16.0,-10.493875
2024-08-08 02:00:00,596,Viluppuram,1.5,-10.493875
2024-08-08 03:00:00,596,Viluppuram,0.5,-10.493875
2024-08-08 04:00:00,596,Viluppuram,0.5,-11.44
2024-08-08 05:00:00,596,Viluppuram,0.5,-11.44
2024-08-08 08:00:00,596,Viluppuram,0.5,-11.44
2024-08-08 11:00:00,596,Viluppuram,0.5,-11.461714285714285
2024-08-08 14:00:00,596,Viluppuram,0.5,-11.461714285714285
2024-08-08 17:00:00,596,Viluppuram,0.5,-11.420142857142858
2024-08-08 18:00:00,596,Viluppuram,0.5,-11.420142857142858
2024-08-08 19:00:00,596,Viluppuram,21.5,-11.420142857142858
2024-08-08 20:00:00,596,Viluppuram,1.0,-11.420142857142858
2024-08-08 21:00:00,596,Viluppuram,0.5,-11.420142857142858
2024-08-08 23:00:00,596,Viluppuram,0.5,-11.359
2024-08-09 00:00:00,596,Viluppuram,0.5,-11.359
2024-08-09 01:00:00,596,Viluppuram,2.5,-11.359
2024-08-09 02:00:00,596,Viluppuram,5.0,-11.359
2024-08-09 08:00:00,596,Viluppuram,0.5,-13.515
2024-08-09 11:00:00,596,Viluppuram,0.5,-13.4954
2024-08-09 12:00:00,596,Viluppuram,0.5,-13.4954
2024-08-09 22:00:00,596,Viluppuram,0.5,-13.1862
2024-08-09 23:00:00,596,Viluppuram,20.5,-13.1862
2024-08-10 00:00:00,596,Viluppuram,1.0,-13.1862
2024-08-10 01:00:00,596,Viluppuram,1.5,-13.1862
2024-08-10 02:00:00,596,Viluppuram,1.25,-13.1862
2024-08-10 03:00:00,596,Viluppuram,0.5,-13.1862
2024-08-10 11:00:00,596,Viluppuram,0.5,-6.558571428571428
2024-08-10 15:00:00,596,Viluppuram,0.5,-6.558571428571428
2024-08-10 19:00:00,596,Viluppuram,0.5,-9.817625
2024-08-11 03:00:00,596,Viluppuram,3.0,-9.762
2024-08-11 04:00:00,596,Viluppuram,21.5,-10.18557142857143
2024-08-11 05:00:00,596,Viluppuram,1.5,-10.18557142857143
2024-08-11 06:00:00,596,Viluppuram,1.5,-10.18557142857143
2024-08-11 11:00:00,596,Viluppuram,0.5,-10.133714285714287
2024-08-11 15:00:00,596,Viluppuram,0.5,-10.133714285714287
2024-08-12 00:00:00,596,Viluppuram,0.5,-9.845142857142855
2024-08-12 04:00:00,596,Viluppuram,3.0,-8.769857142857143
2024-08-12 06:00:00,596,Viluppuram,2.5,-8.769857142857143
2024-08-12 11:00:00,596,Viluppuram,0.5,-8.817285714285715
2024-08-12 15:00:00,596,Viluppuram,0.5,-8.817285714285715
2024-08-12 18:00:00,596,Viluppuram,0.5,-4.861666666666666
2024-08-12 22:00:00,596,Viluppuram,0.5,-4.806666666666666
2024-08-13 04:00:00,596,Viluppuram,0.5,-8.077666666666667
2024-08-13 09:00:00,596,Viluppuram,0.5,-8.077666666666667
2024-08-13 14:00:00,596,Viluppuram,0.5,-8.112333333333334
2024-08-13 18:00:00,596,Viluppuram,0.5,-8.061166666666667
2024-08-13 23:00:00,596,Viluppuram,0.5,-8.026833333333334
2024-08-14 05:00:00,596,Viluppuram,0.5,-8.625714285714286
2024-08-14 11:00:00,596,Viluppuram,0.5,-8.640714285714285
2024-08-14 15:00:00,596,Viluppuram,0.5,-8.640714285714285
2024-08-14 20:00:00,596,Viluppuram,0.5,-8.605571428571428
2024-08-15 02:00:00,596,Viluppuram,0.5,-8.567142857142857
2024-08-15 09:00:00,596,Viluppuram,0.5,-8.119125
2024-08-15 14:00:00,596,Viluppuram,0.5,-8.1235
2024-08-15 15:00:00,596,Viluppuram,3.0,-8.1235
2024-08-15 16:00:00,596,Viluppuram,15.0,-8.09525
2024-08-15 18:00:00,596,Viluppuram,0.5,-8.09525
2024-08-15 21:00:00,596,Viluppuram,0.5,-8.09525
2024-08-16 04:00:00,596,Viluppuram,0.5,-8.941857142857144
2024-08-16 12:00:00,596,Viluppuram,0.5,-8.995714285714286
2024-08-16 17:00:00,596,Viluppuram,0.5,-8.960857142857142
2024-08-17 01:00:00,596,Viluppuram,0.5,-8.954714285714287
2024-08-17 03:00:00,596,Viluppuram,0.5,-8.954714285714287
2024-08-17 05:00:00,596,Viluppuram,0.5,-5.028333333333333
2024-08-17 06:00:00,596,Viluppuram,0.5,-5.028333333333333
2024-08-17 08:00:00,596,Viluppuram,0.5,-5.028333333333333
2024-08-17 09:00:00,596,Viluppuram,0.5,-5.028333333333333
2024-08-17 11:00:00,596,Viluppuram,0.5,-5.03
2024-08-17 12:00:00,596,Viluppuram,0.5,-5.03
2024-08-17 14:00:00,596,Viluppuram,0.5,-5.03
2024-08-17 16:00:00,596,Viluppuram,0.5,-5.006666666666667
2024-08-17 18:00:00,596,Viluppuram,0.5,-5.006666666666667
2024-08-17 20:00:00,596,Viluppuram,0.5,-5.006666666666667
2024-08-18 00:00:00,596,Viluppuram,0.5,-4.983333333333333
2024-08-18 04:00:00,596,Viluppuram,0.5,-10.27825
2024-08-18 17:00:00,596,Viluppuram,0.5,-2.766666666666667
2024-08-19 06:00:00,596,Viluppuram,0.5,-9.0698
2024-08-19 14:00:00,596,Viluppuram,0.5,-9.11
2024-08-20 12:00:00,596,Viluppuram,0.5,-9.5635
2024-08-21 05:00:00,596,Viluppuram,0.5,-7.981125
2024-08-21 13:00:00,596,Viluppuram,0.5,-7.96275
2024-08-21 16:00:00,596,Viluppuram,1.0,-7.911375
2024-08-21 20:00:00,596,Viluppuram,0.5,-7.911375
2024-08-21 23:00:00,596,Viluppuram,0.5,-7.91625
2024-08-22 11:00:00,596,Viluppuram,0.5,-9.3445
2024-08-22 15:00:00,596,Viluppuram,0.5,-9.3445
2024-08-22 22:00:00,596,Viluppuram,0.5,-9.2185
2024-08-23 09:00:00,596,Viluppuram,0.5,-7.9625
2024-08-23 11:00:00,596,Viluppuram,0.5,-8.047375
2024-08-23 13:00:00,596,Viluppuram,0.5,-8.047375
2024-08-23 17:00:00,596,Viluppuram,0.5,-8.031375
2024-08-23 20:00:00,596,Viluppuram,0.5,-8.031375
2024-08-23 23:00:00,596,Viluppuram,0.5,-7.996
2024-08-24 06:00:00,596,Viluppuram,0.5,-7.96425
2024-08-24 13:00:00,596,Viluppuram,0.5,-8.033625
2024-08-24 16:00:00,596,Viluppuram,0.5,-8.023125
2024-08-24 18:45:00,596,Viluppuram,0.5,-8.023125
2024-08-24 18:50:00,596,Viluppuram,1.0,-8.023125
2024-08-24 18:55:00,596,Viluppuram,1.0,-8.023125
2024-08-24 19:00:00,596,Viluppuram,1.0,-8.023125
2024-08-24 20:00:00,596,Viluppuram,1.0,-8.023125
2024-08-24 21:00:00,596,Viluppuram,0.5,-8.023125
2024-08-24 22:00:00,596,Viluppuram,1.0,-8.012875000000001
2024-08-24 23:00:00,596,Viluppuram,1.0,-8.012875000000001
2024-08-25 00:00:00,596,Viluppuram,1.0,-8.012875000000001
2024-08-25 01:00:00,596,Viluppuram,0.5,-8.012875000000001
2024-08-25 02:00:00,596,Viluppuram,1.0,-8.012875000000001
2024-08-25 03:00:00,596,Viluppuram,0.5,-8.012875000000001
2024-08-25 04:00:00,596,Viluppuram,0.5,-8.004
2024-08-25 05:00:00,596,Viluppuram,0.5,-8.004
2024-08-25 06:00:00,596,Viluppuram,0.5,-8.004
2024-08-25 07:00:00,596,Viluppuram,0.5,-8.004
2024-08-25 08:00:00,596,Viluppuram,0.5,-8.004
2024-08-25 10:00:00,596,Viluppuram,0.5,-8.059625
2024-08-25 13:00:00,596,Viluppuram,0.5,-8.059625
2024-08-25 15:00:00,596,Viluppuram,0.5,-8.059625
2024-08-25 18:00:00,596,Viluppuram,0.5,-8.10625
2024-08-26 03:00:00,596,Viluppuram,0.5,-8.08425
2024-08-26 10:00:00,596,Viluppuram,0.5,-8.141625
2024-08-26 13:00:00,596,Viluppuram,0.5,-8.141625
2024-08-26 15:00:00,596,Viluppuram,0.5,-8.141625
2024-08-26 19:00:00,596,Viluppuram,0.5,-8.244
2024-08-26 22:00:00,596,Viluppuram,0.5,-8.237375
2024-08-27 07:00:00,596,Viluppuram,0.5,-8.775857142857143
2024-08-27 12:00:00,596,Viluppuram,0.5,-8.895285714285714
2024-08-27 17:00:00,596,Viluppuram,0.5,-8.919285714285715
2024-08-28 00:00:00,596,Viluppuram,0.5,-8.911142857142858
2024-08-28 09:00:00,596,Viluppuram,0.5,-8.33475
2024-08-28 17:00:00,596,Viluppuram,0.5,-8.368500000000001
2024-08-29 07:00:00,596,Viluppuram,0.5,-8.346625
2024-08-29 20:00:00,596,Viluppuram,9.5,-8.388625
2024-08-29 21:00:00,596,Viluppuram,1.5,-8.388625
2024-08-30 04:00:00,596,Viluppuram,0.5,-8.345
2024-08-30 11:00:00,596,Viluppuram,0.5,-8.3545
2024-08-30 22:00:00,596,Viluppuram,0.5,-8.334125
2024-08-31 11:00:00,596,Viluppuram,0.5,-8.278625
2024-09-01 20:00:00,596,Viluppuram,7.0,-8.209375
2024-09-01 21:00:00,596,Viluppuram,7.5,-8.209375
2024-09-01 23:00:00,596,Viluppuram,0.5,-8.20275
2024-09-02 21:00:00,596,Viluppuram,2.5,-8.1775
2024-09-04 08:00:00,596,Viluppuram,0.5,-8.094875
2024-09-05 23:00:00,596,Viluppuram,16.5,-8.1075
2024-09-06 00:00:00,596,Viluppuram,13.5,-8.1075
2024-09-06 12:00:00,596,Viluppuram,0.5,-8.101875
2024-09-08 21:00:00,596,Viluppuram,5.5,-8.068874999999998
2024-09-08 22:00:00,596,Viluppuram,0.5,-8.06625
2024-09-17 03:00:00,596,Viluppuram,0.5,-8.62675
2024-09-17 04:00:00,596,Viluppuram,1.0,-8.639
2024-09-17 05:00:00,596,Viluppuram,0.5,-8.639
2024-09-20 20:00:00,596,Viluppuram,30.5,-8.911375
2024-09-20 21:00:00,596,Viluppuram,1.0,-8.911375
2024-09-21 01:00:00,596,Viluppuram,0.5,-8.891874999999999
2024-09-21 18:00:00,596,Viluppuram,2.0,-8.937125
2024-09-21 19:00:00,596,Viluppuram,3.5,-8.937125
2024-09-21 20:00:00,596,Viluppuram,0.5,-8.937125
2024-09-21 21:00:00,596,Viluppuram,0.5,-8.937125
2024-09-21 23:00:00,596,Viluppuram,1.0,-8.9485
2024-09-22 00:00:00,596,Viluppuram,0.5,-8.9485
2024-09-22 01:00:00,596,Viluppuram,0.5,-8.9485
2024-09-22 02:00:00,596,Viluppuram,0.5,-8.9485
2024-09-22 04:00:00,596,Viluppuram,0.5,-8.93525
2024-09-22 06:00:00,596,Viluppuram,0.5,-8.93525
2024-09-22 15:00:00,596,Viluppuram,0.5,-9.004375
2024-09-23 00:00:00,596,Viluppuram,3.5,-9.0925
2024-09-23 06:00:00,596,Viluppuram,0.5,-9.095875
2024-09-23 15:00:00,596,Viluppuram,2.5,-9.1635
2024-09-24 15:00:00,596,Viluppuram,1.5,-9.20325
2024-09-24 16:00:00,596,Viluppuram,0.5,-9.172875
2024-09-24 21:00:00,596,Viluppuram,0.5,-9.172875
2024-09-24 22:00:00,596,Viluppuram,0.5,-9.0735
2024-09-24 23:00:00,596,Viluppuram,0.5,-9.0735
2024-09-25 17:00:00,596,Viluppuram,1.0,-8.88475
2024-09-25 18:00:00,596,Viluppuram,3.5,-8.88475
2024-09-25 19:00:00,596,Viluppuram,0.5,-8.88475
2024-09-27 03:00:00,596,Viluppuram,2.5,-8.81425
2024-09-27 04:00:00,596,Viluppuram,3.5,-8.78525
2024-09-27 05:00:00,596,Viluppuram,2.0,-8.78525
2024-09-27 14:00:00,596,Viluppuram,0.5,-8.810500000000001
2024-09-28 13:00:00,596,Viluppuram,1.5,-8.72475
2024-09-30 12:00:00,596,Viluppuram,1.25,-8.7385
2024-09-30 13:00:00,596,Viluppuram,7.75,-8.7385
2024-09-30 14:00:00,596,Viluppuram,16.25,-8.7385
2024-10-02 23:00:00,596,Viluppuram,2.333333333333333,-9.02175
2024-10-03 00:00:00,596,Viluppuram,0.5,-9.02175
2024-10-03 01:00:00,596,Viluppuram,0.5,-9.02175
2024-10-03 22:00:00,596,Viluppuram,14.0,-9.906571428571429
2024-10-03 23:00:00,596,Viluppuram,0.75,-9.906571428571429
2024-10-04 00:00:00,596,Viluppuram,0.75,-9.906571428571429
2024-10-04 01:00:00,596,Viluppuram,0.5,-9.906571428571429
2024-10-04 02:00:00,596,Viluppuram,0.5,-9.906571428571429
2024-10-04 03:00:00,596,Viluppuram,3.5,-9.906571428571429
2024-10-04 22:00:00,596,Viluppuram,0.5,-8.925875
2024-10-04 23:00:00,596,Viluppuram,15.5,-8.925875
2024-10-05 00:00:00,596,Viluppuram,14.166666666666666,-8.925875
2024-10-05 01:00:00,596,Viluppuram,2.25,-8.925875
2024-10-05 02:00:00,596,Viluppuram,3.0,-8.925875
2024-10-05 03:00:00,596,Viluppuram,0.8333333333333334,-8.925875
2024-10-05 04:00:00,596,Viluppuram,0.5,-9.433833333333332
2024-10-05 19:00:00,596,Viluppuram,3.25,-9.345666666666666
2024-10-05 21:00:00,596,Viluppuram,0.5,-9.345666666666666
2024-10-06 04:00:00,596,Viluppuram,1.0,-8.593875
2024-10-06 05:00:00,596,Viluppuram,1.0,-8.593875
2024-10-06 06:00:00,596,Viluppuram,0.5,-8.593875
2024-10-07 12:00:00,596,Viluppuram,0.5,-8.534875
2024-10-07 14:00:00,596,Viluppuram,4.0,-8.534875
2024-10-07 15:00:00,596,Viluppuram,0.5,-8.534875
2024-10-08 01:00:00,596,Viluppuram,4.0,-8.495000000000001
2024-10-08 02:00:00,596,Viluppuram,0.5,-8.495000000000001
2024-10-09 12:00:00,596,Viluppuram,0.5,-8.408
2024-10-09 18:00:00,596,Viluppuram,1.5,-8.395
2024-10-09 19:00:00,596,Viluppuram,1.5,-8.395
2024-10-10 10:00:00,596,Viluppuram,2.0,-8.3045
2024-10-10 12:00:00,596,Viluppuram,6.5,-8.3045
2024-10-10 13:00:00,596,Viluppuram,3.0,-8.3045
2024-10-10 14:00:00,596,Viluppuram,0.5,-8.3045
2024-10-10 15:00:00,596,Viluppuram,0.5,-8.3045
2024-10-11 11:00:00,596,Viluppuram,4.0,-8.254625
2024-10-12 05:00:00,596,Viluppuram,0.75,-8.1545
2024-10-12 06:00:00,596,Viluppuram,0.5,-8.1545
2024-10-12 07:00:00,596,Viluppuram,0.5,-8.1545
2024-10-12 10:00:00,596,Viluppuram,0.5,-8.137625
2024-10-12 11:00:00,596,Viluppuram,0.5,-8.137625
2024-10-12 13:00:00,596,Viluppuram,3.75,-8.137625
2024-10-12 13:30:00,596,Viluppuram,1.0,-8.137625
2024-10-12 14:00:00,596,Viluppuram,1.5,-8.137625
2024-10-12 23:00:00,596,Viluppuram,1.0,-8.099375
2024-10-13 00:00:00,596,Viluppuram,3.5,-8.099375
2024-10-13 01:00:00,596,Viluppuram,3.5,-8.099375
2024-10-13 01:30:00,596,Viluppuram,1.5,-8.099375
2024-10-13 02:00:00,596,Viluppuram,3.6666666666666665,-8.099375
2024-10-13 04:00:00,596,Viluppuram,1.5,-8.055
2024-10-13 04:30:00,596,Viluppuram,5.0,-8.055
2024-10-13 05:00:00,596,Viluppuram,5.0,-8.055
2024-10-13 13:00:00,596,Viluppuram,1.0,-8.054124999999999
2024-10-13 14:00:00,596,Viluppuram,0.75,-8.054124999999999
2024-10-14 04:00:00,596,Viluppuram,0.5,-7.996
2024-10-14 05:00:00,596,Viluppuram,0.5,-7.996
2024-10-14 05:30:00,596,Viluppuram,1.5,-7.996
2024-10-14 06:00:00,596,Viluppuram,2.25,-7.996
2024-10-14 07:00:00,596,Viluppuram,2.875,-7.996
2024-10-14 07:30:00,596,Viluppuram,2.0,-7.996
2024-10-14 08:00:00,596,Viluppuram,1.875,-7.996
2024-10-14 08:30:00,596,Viluppuram,2.5,-7.996
2024-10-14 09:00:00,596,Viluppuram,2.25,-7.996
2024-10-14 10:25:00,596,Viluppuram,0.5,-7.924875
2024-10-14 10:30:00,596,Viluppuram,0.5,-7.924875
2024-10-14 10:35:00,596,Viluppuram,1.0,-7.924875
2024-10-14 10:40:00,596,Viluppuram,1.0,-7.924875
2024-10-14 11:00:00,596,Viluppuram,5.0,-7.924875
2024-10-14 12:00:00,596,Viluppuram,0.5,-7.924875
2024-10-14 15:00:00,596,Viluppuram,0.5,-7.924875
2024-10-14 17:00:00,596,Viluppuram,0.75,-7.890375000000001
2024-10-14 18:00:00,596,Viluppuram,2.75,-7.890375000000001
2024-10-14 19:00:00,596,Viluppuram,2.1666666666666665,-7.890375000000001
2024-10-14 19:30:00,596,Viluppuram,0.5,-7.890375000000001
2024-10-14 20:00:00,596,Viluppuram,2.75,-7.890375000000001
2024-10-14 20:30:00,596,Viluppuram,2.5,-7.890375000000001
2024-10-14 21:00:00,596,Viluppuram,5.125,-7.890375000000001
2024-10-14 21:30:00,596,Viluppuram,2.0,-7.663375
2024-10-14 22:00:00,596,Viluppuram,4.0,-7.663375
2024-10-14 22:30:00,596,Viluppuram,2.0,-7.663375
2024-10-14 23:00:00,596,Viluppuram,1.75,-7.663375
2024-10-15 00:00:00,596,Viluppuram,0.5,-7.663375
2024-10-15 01:00:00,596,Viluppuram,0.5,-7.663375
2024-10-15 04:00:00,596,Viluppuram,0.5,-7.644375
2024-10-15 05:00:00,596,Viluppuram,0.5,-7.644375
2024-10-15 12:00:00,596,Viluppuram,0.5,-7.68025
2024-10-15 13:00:00,596,Viluppuram,1.0,-7.68025
2024-10-15 14:00:00,596,Viluppuram,3.333333333333333,-7.68025
2024-10-15 15:00:00,596,Viluppuram,2.833333333333333,-7.68025
2024-10-15 16:00:00,596,Viluppuram,2.1666666666666665,-7.567625
2024-10-15 17:00:00,596,Viluppuram,0.75,-7.567625
2024-10-15 18:00:00,596,Viluppuram,0.5,-7.567625
2024-10-15 19:00:00,596,Viluppuram,0.5,-7.567625
2024-10-15 20:00:00,596,Viluppuram,0.5,-7.567625
2024-10-15 21:00:00,596,Viluppuram,1.0,-7.567625
2024-10-15 22:00:00,596,Viluppuram,1.0,-7.494875
2024-10-15 23:00:00,596,Viluppuram,0.5,-7.494875
2024-10-16 01:00:00,596,Viluppuram,0.5,-7.494875
2024-10-19 02:00:00,596,Viluppuram,10.0,-7.40325
2024-10-19 03:00:00,596,Viluppuram,8.5,-7.40325
2024-10-19 05:00:00,596,Viluppuram,0.5,-7.329
2024-10-19 06:00:00,596,Viluppuram,0.5,-7.329
2024-10-19 07:00:00,596,Viluppuram,0.5,-7.329
2024-10-19 08:00:00,596,Viluppuram,1.6666666666666667,-7.329
2024-10-19 09:00:00,596,Viluppuram,1.125,-7.329
2024-10-19 10:00:00,596,Viluppuram,1.0,-7.135624999999999
2024-10-19 11:00:00,596,Viluppuram,0.5,-7.135624999999999
2024-10-21 01:00:00,596,Viluppuram,5.5,-7.014374999999999
2024-10-24 08:00:00,596,Viluppuram,0.5,-7.725285714285714
2024-10-24 15:00:00,596,Viluppuram,2.0,-7.732428571428571
2024-10-30 14:00:00,596,Viluppuram,1.5,-7.769142857142858
2024-10-30 15:00:00,596,Viluppuram,1.0,-7.769142857142858
2024-11-01 10:00:00,596,Viluppuram,10.5,-8.7895
2024-11-01 11:00:00,596,Viluppuram,9.5,-8.7895
2024-11-02 03:00:00,596,Viluppuram,11.0,-8.818333333333333
2024-11-02 04:00:00,596,Viluppuram,2.5,-7.763714285714286
2024-11-02 06:00:00,596,Viluppuram,0.5,-7.763714285714286
2024-11-02 11:00:00,596,Viluppuram,1.0,-7.827428571428571
2024-11-02 12:00:00,596,Viluppuram,0.5,-7.827428571428571
2024-11-02 13:00:00,596,Viluppuram,8.5,-7.827428571428571
2024-11-02 14:00:00,596,Viluppuram,19.5,-7.827428571428571
2024-11-02 15:00:00,596,Viluppuram,30.0,-7.827428571428571
2024-11-02 16:00:00,596,Viluppuram,0.5,-7.842
2024-11-03 00:00:00,596,Viluppuram,2.5,-7.803285714285714
2024-11-03 01:00:00,596,Viluppuram,3.75,-7.803285714285714
2024-11-03 03:00:00,596,Viluppuram,6.5,-7.803285714285714
2024-11-03 13:00:00,596,Viluppuram,1.5,-4.101666666666667
2024-11-03 14:00:00,596,Viluppuram,3.5,-4.101666666666667
2024-11-03 15:00:00,596,Viluppuram,6.25,-4.101666666666667
2024-11-03 17:00:00,596,Viluppuram,0.5,-7.700142857142857
2024-11-04 06:00:00,596,Viluppuram,0.5,-4.086666666666667
2024-11-04 13:00:00,596,Viluppuram,0.5,-4.09
2024-11-04 16:00:00,596,Viluppuram,0.5,-7.854285714285715
2024-11-07 13:00:00,596,Viluppuram,0.75,-7.933285714285715
2024-11-12 00:00:00,596,Viluppuram,1.0,-8.6925
2024-11-12 06:00:00,596,Viluppuram,3.0,-8.011
2024-11-12 16:00:00,596,Viluppuram,0.5,-7.878285714285715
2024-11-12 20:00:00,596,Viluppuram,0.5,-7.878285714285715
2024-11-12 21:00:00,596,Viluppuram,0.5,-7.878285714285715
2024-11-12 23:00:00,596,Viluppuram,0.5,-7.828142857142857
2024-11-13 00:00:00,596,Viluppuram,1.0,-7.828142857142857
2024-11-13 01:00:00,596,Viluppuram,2.0,-7.828142857142857
2024-11-13 02:00:00,596,Viluppuram,1.0,-7.828142857142857
2024-11-13 03:00:00,596,Viluppuram,1.5,-7.828142857142857
2024-11-13 04:00:00,596,Viluppuram,1.5,-7.789857142857143
2024-11-13 05:00:00,596,Viluppuram,4.0,-7.789857142857143
2024-11-13 06:00:00,596,Viluppuram,4.333333333333333,-7.789857142857143
2024-11-13 07:00:00,596,Viluppuram,4.5,-7.789857142857143
2024-11-13 08:00:00,596,Viluppuram,1.0,-7.789857142857143
2024-11-13 10:00:00,596,Viluppuram,0.8333333333333334,-7.728285714285714
2024-11-13 11:00:00,596,Viluppuram,1.0,-7.728285714285714
2024-11-13 12:00:00,596,Viluppuram,1.0,-7.728285714285714
2024-11-13 13:00:00,596,Viluppuram,0.5,-7.728285714285714
2024-11-13 14:00:00,596,Viluppuram,0.5,-7.728285714285714
2024-11-13 19:00:00,596,Viluppuram,0.5,-7.665714285714285
2024-11-14 00:00:00,596,Viluppuram,0.5,-7.633714285714285
2024-11-14 01:00:00,596,Viluppuram,1.5,-7.633714285714285
2024-11-14 02:00:00,596,Viluppuram,4.25,-7.633714285714285
2024-11-14 03:00:00,596,Viluppuram,1.5,-7.633714285714285
2024-11-14 04:00:00,596,Viluppuram,6.25,-8.326666666666666
2024-11-14 05:00:00,596,Viluppuram,0.5,-8.326666666666666
2024-11-14 06:00:00,596,Viluppuram,1.0,-8.326666666666666
2024-11-14 07:00:00,596,Viluppuram,1.0,-8.326666666666666
2024-11-14 08:00:00,596,Viluppuram,0.5,-8.326666666666666
2024-11-14 09:00:00,596,Viluppuram,0.5,-8.326666666666666
2024-11-14 11:00:00,596,Viluppuram,1.0,-8.318
2024-11-14 12:00:00,596,Viluppuram,6.5,-8.318
2024-11-14 13:00:00,596,Viluppuram,4.0,-8.318
2024-11-14 14:00:00,596,Viluppuram,6.5,-8.318
2024-11-14 17:00:00,596,Viluppuram,9.0,-8.250166666666667
2024-11-14 19:00:00,596,Viluppuram,1.5,-8.250166666666667
2024-11-14 21:00:00,596,Viluppuram,0.5,-8.250166666666667
2024-11-15 01:00:00,596,Viluppuram,5.0,-8.215333333333334
2024-11-15 02:00:00,596,Viluppuram,0.5,-8.215333333333334
2024-11-15 03:00:00,596,Viluppuram,2.0,-8.215333333333334
2024-11-15 05:00:00,596,Viluppuram,0.5,-7.429857142857143
2024-11-15 07:00:00,596,Viluppuram,1.0,-7.429857142857143
2024-11-15 08:00:00,596,Viluppuram,1.5,-7.429857142857143
2024-11-15 13:00:00,596,Viluppuram,0.5,-7.412428571428571
2024-11-15 14:00:00,596,Viluppuram,8.0,-7.412428571428571
2024-11-15 15:00:00,596,Viluppuram,0.5,-7.412428571428571
2024-11-16 03:00:00,596,Viluppuram,0.5,-7.343000000000001
2024-11-16 05:00:00,596,Viluppuram,1.0,-7.274
2024-11-16 06:00:00,596,Viluppuram,0.5,-7.274
2024-11-16 07:00:00,596,Viluppuram,1.5,-7.274
2024-11-16 08:00:00,596,Viluppuram,0.5,-7.274
2024-11-16 09:00:00,596,Viluppuram,1.0,-7.274
2024-11-16 10:00:00,596,Viluppuram,2.0,-7.2697142857142865
2024-11-16 11:00:00,596,Viluppuram,2.333333333333333,-7.2697142857142865
2024-11-16 12:00:00,596,Viluppuram,2.5,-7.2697142857142865
2024-11-16 13:00:00,596,Viluppuram,1.5,-7.2697142857142865
2024-11-16 14:00:00,596,Viluppuram,0.5,-7.2697142857142865
2024-11-16 15:00:00,596,Viluppuram,10.5,-7.2697142857142865
2024-11-16 16:00:00,596,Viluppuram,2.0,-7.242142857142857
2024-11-16 17:00:00,596,Viluppuram,1.0,-7.242142857142857
2024-11-16 19:00:00,596,Viluppuram,4.0,-7.242142857142857
2024-11-16 20:00:00,596,Viluppuram,2.5,-7.242142857142857
2024-11-16 21:00:00,596,Viluppuram,0.75,-7.242142857142857
2024-11-16 22:00:00,596,Viluppuram,3.25,-7.081857142857143
2024-11-16 23:00:00,596,Viluppuram,1.5,-7.081857142857143
2024-11-17 00:00:00,596,Viluppuram,9.5,-7.081857142857143
2024-11-17 01:00:00,596,Viluppuram,7.75,-7.081857142857143
2024-11-17 02:00:00,596,Viluppuram,0.8333333333333334,-7.081857142857143
2024-11-17 03:00:00,596,Viluppuram,1.0,-7.081857142857143
2024-11-17 04:00:00,596,Viluppuram,3.333333333333333,-6.768428571428571
2024-11-17 05:00:00,596,Viluppuram,2.0,-6.768428571428571
2024-11-17 06:00:00,596,Viluppuram,0.5,-6.768428571428571
2024-11-17 07:00:00,596,Viluppuram,1.0,-6.768428571428571
2024-11-17 08:00:00,596,Viluppuram,0.5,-6.768428571428571
2024-11-26 11:00:00,596,Viluppuram,2.6666666666666665,-6.930571428571428
2024-11-26 12:00:00,596,Viluppuram,2.75,-6.930571428571428
2024-11-26 13:00:00,596,Viluppuram,2.5,-6.930571428571428
2024-11-26 14:00:00,596,Viluppuram,1.3333333333333333,-6.930571428571428
2024-11-26 15:00:00,596,Viluppuram,0.5,-6.930571428571428
2024-11-26 16:00:00,596,Viluppuram,1.1666666666666667,-6.812857142857142
2024-11-26 17:00:00,596,Viluppuram,2.375,-6.812857142857142
2024-11-26 18:00:00,596,Viluppuram,1.6666666666666667,-6.812857142857142
2024-11-26 19:00:00,596,Viluppuram,1.125,-6.812857142857142
2024-11-26 20:00:00,596,Viluppuram,1.0,-6.812857142857142
2024-11-26 21:00:00,596,Viluppuram,0.5,-6.812857142857142
2024-11-26 23:00:00,596,Viluppuram,3.0,-6.576142857142857
2024-11-27 00:00:00,596,Viluppuram,6.0,-6.576142857142857
2024-11-27 01:00:00,596,Viluppuram,2.1666666666666665,-6.576142857142857
2024-11-27 02:00:00,596,Viluppuram,3.5,-6.576142857142857
2024-11-27 03:00:00,596,Viluppuram,2.5,-6.576142857142857
2024-11-27 04:00:00,596,Viluppuram,4.0,-6.430857142857143
2024-11-27 05:00:00,596,Viluppuram,4.0,-6.430857142857143
2024-11-27 06:00:00,596,Viluppuram,0.5,-6.430857142857143
2024-11-27 07:00:00,596,Viluppuram,0.5,-6.430857142857143
2024-11-27 08:00:00,596,Viluppuram,1.0,-6.430857142857143
2024-11-27 09:00:00,596,Viluppuram,0.5,-6.430857142857143
2024-11-27 10:00:00,596,Viluppuram,1.0,-6.438285714285714
2024-11-27 11:00:00,596,Viluppuram,0.5,-6.438285714285714
2024-11-27 12:00:00,596,Viluppuram,1.0,-6.438285714285714
2024-11-27 13:00:00,596,Viluppuram,0.5,-6.438285714285714
2024-11-27 14:00:00,596,Viluppuram,0.5,-6.438285714285714
2024-11-29 04:00:00,596,Viluppuram,0.5,-5.6965
2024-11-29 05:00:00,596,Viluppuram,0.5,-5.6965
2024-11-29 06:00:00,596,Viluppuram,0.5,-5.6965
2024-11-29 08:00:00,596,Viluppuram,0.5,-5.6965
2024-11-29 09:00:00,596,Viluppuram,0.5,-5.6965
2024-11-29 10:00:00,596,Viluppuram,0.5,-5.712125
2024-11-29 17:00:00,596,Viluppuram,1.0,-5.687625
2024-11-29 22:00:00,596,Viluppuram,1.5,-5.663499999999999
2024-11-29 23:00:00,596,Viluppuram,2.0,-5.663499999999999
2024-11-30 07:00:00,596,Viluppuram,0.6666666666666666,-5.62275
2024-11-30 08:00:00,596,Viluppuram,1.0,-5.62275
2024-11-30 09:00:00,596,Viluppuram,2.333333333333333,-5.62275
2024-11-30 10:00:00,596,Viluppuram,2.333333333333333,-5.35775
2024-11-30 11:00:00,596,Viluppuram,5.833333333333333,-5.35775
2024-11-30 12:00:00,596,Viluppuram,9.666666666666666,-5.35775
2024-11-30 13:00:00,596,Viluppuram,8.666666666666666,-5.35775
2024-11-30 14:00:00,596,Viluppuram,5.5,-5.35775
2024-11-30 15:00:00,596,Viluppuram,11.166666666666666,-5.35775
2024-11-30 16:00:00,596,Viluppuram,14.333333333333334,-5.0836250000000005
2024-11-30 17:00:00,596,Viluppuram,12.666666666666666,-5.0836250000000005
2024-11-30 18:00:00,596,Viluppuram,14.833333333333334,-5.0836250000000005
2024-11-30 19:00:00,596,Viluppuram,24.83333333333333,-5.0836250000000005
2024-11-30 20:00:00,596,Viluppuram,24.666666666666668,-5.0836250000000005
2024-11-30 21:00:00,596,Viluppuram,22.166666666666668,-5.0836250000000005
2024-11-30 22:00:00,596,Viluppuram,44.5,-4.87275
2024-11-30 23:00:00,596,Viluppuram,36.833333333333336,-4.87275
2024-12-01 00:00:00,596,Viluppuram,43.0,-4.87275
2024-12-01 01:00:00,596,Viluppuram,43.25,-4.87275
2024-12-01 02:00:00,596,Viluppuram,21.666666666666668,-4.87275
2024-12-01 03:00:00,596,Viluppuram,5.666666666666667,-4.87275
2024-12-01 04:00:00,596,Viluppuram,10.333333333333334,-4.694125
2024-12-01 05:00:00,596,Viluppuram,10.5,-4.694125
2024-12-01 06:00:00,596,Viluppuram,4.0,-4.694125
2024-12-01 07:00:00,596,Viluppuram,2.25,-4.694125
2024-12-01 08:00:00,596,Viluppuram,3.5,-4.694125
2024-12-01 09:00:00,596,Viluppuram,2.5,-4.694125
2024-12-01 10:00:00,596,Viluppuram,5.0,-4.613125
2024-12-01 12:00:00,596,Viluppuram,4.0,-4.613125
2024-12-01 13:00:00,596,Viluppuram,3.0,-4.613125
2024-12-01 15:00:00,596,Viluppuram,1.5,-4.613125
2024-12-01 16:00:00,596,Viluppuram,2.25,-4.509875
2024-12-01 18:00:00,596,Viluppuram,0.5,-4.509875
2024-12-01 19:00:00,596,Viluppuram,1.0,-4.509875
2024-12-01 23:00:00,596,Viluppuram,0.5,-4.35125
2024-12-02 00:00:00,596,Viluppuram,0.5,-4.35125
2024-12-02 01:00:00,596,Viluppuram,0.75,-4.35125
2024-12-02 18:00:00,596,Viluppuram,9.75,-4.1305000000000005
2024-12-02 20:00:00,596,Viluppuram,1.1666666666666667,-4.1305000000000005
2024-12-03 03:00:00,596,Viluppuram,0.5,-4.13825
2024-12-04 06:00:00,596,Viluppuram,0.5,-4.183125
2024-12-04 17:00:00,596,Viluppuram,0.5,-4.222375
2024-12-04 19:00:00,596,Viluppuram,0.5,-4.222375
2024-12-04 21:00:00,596,Viluppuram,0.5,-4.222375
2024-12-04 23:00:00,596,Viluppuram,7.25,-4.19125
2024-12-05 00:00:00,596,Viluppuram,18.0,-4.19125
2024-12-10 08:50:00,596,Viluppuram,3.5,-5.839
2024-12-10 08:55:00,596,Viluppuram,11.5,-5.839
2024-12-10 09:00:00,596,Viluppuram,13.0,-5.839
2024-12-10 10:00:00,596,Viluppuram,20.0,-5.8765
2024-12-11 09:00:00,596,Viluppuram,14.0,-5.178
2024-12-11 10:30:00,596,Viluppuram,5.5,-5.067285714285715
2024-12-11 11:00:00,596,Viluppuram,4.5,-5.067285714285715
2024-12-11 14:00:00,596,Viluppuram,0.5,-5.067285714285715
2024-12-11 15:00:00,596,Viluppuram,0.625,-5.067285714285715
2024-12-11 15:30:00,596,Viluppuram,1.0,-4.961
2024-12-11 16:00:00,596,Viluppuram,1.25,-4.961
2024-12-11 17:00:00,596,Viluppuram,0.5,-4.961
2024-12-11 17:30:00,596,Viluppuram,0.5,-4.961
2024-12-11 18:00:00,596,Viluppuram,0.5,-4.961
2024-12-11 18:30:00,596,Viluppuram,0.5,-4.961
2024-12-11 19:00:00,596,Viluppuram,0.5,-4.961
2024-12-11 21:00:00,596,Viluppuram,0.5,-4.961
2024-12-11 21:30:00,596,Viluppuram,0.5,-4.910714285714286
2024-12-11 22:00:00,596,Viluppuram,0.625,-4.910714285714286
2024-12-11 22:30:00,596,Viluppuram,0.5,-4.910714285714286
2024-12-11 23:00:00,596,Viluppuram,0.5,-4.910714285714286
2024-12-12 00:00:00,596,Viluppuram,0.5,-4.910714285714286
2024-12-12 01:00:00,596,Viluppuram,1.0,-4.910714285714286
2024-12-12 01:30:00,596,Viluppuram,2.0,-4.910714285714286
2024-12-12 02:00:00,596,Viluppuram,2.5,-4.910714285714286
2024-12-12 02:30:00,596,Viluppuram,2.5,-4.910714285714286
2024-12-12 03:00:00,596,Viluppuram,3.25,-4.910714285714286
2024-12-12 03:30:00,596,Viluppuram,4.5,-4.679857142857143
2024-12-12 04:00:00,596,Viluppuram,9.5,-4.679857142857143
2024-12-12 04:30:00,596,Viluppuram,5.5,-4.679857142857143
2024-12-12 05:00:00,596,Viluppuram,16.5,-4.679857142857143
2024-12-12 05:30:00,596,Viluppuram,2.0,-4.679857142857143
2024-12-12 06:00:00,596,Viluppuram,6.5,-4.679857142857143
2024-12-12 06:30:00,596,Viluppuram,2.0,-4.679857142857143
2024-12-12 07:00:00,596,Viluppuram,7.666666666666667,-4.679857142857143
2024-12-12 07:30:00,596,Viluppuram,12.0,-4.679857142857143
2024-12-12 08:00:00,596,Viluppuram,7.666666666666667,-4.679857142857143
2024-12-12 08:30:00,596,Viluppuram,0.5,-4.679857142857143
2024-12-12 09:00:00,596,Viluppuram,5.333333333333333,-4.679857142857143
2024-12-12 10:00:00,596,Viluppuram,3.5,-4.452571428571429
2024-12-12 12:00:00,596,Viluppuram,0.5,-4.452571428571429
2024-12-12 12:30:00,596,Viluppuram,0.5,-4.452571428571429
2024-12-12 13:00:00,596,Viluppuram,0.75,-4.452571428571429
2024-12-12 14:00:00,596,Viluppuram,8.333333333333334,-4.452571428571429
2024-12-12 14:30:00,596,Viluppuram,0.5,-4.452571428571429
2024-12-12 15:00:00,596,Viluppuram,1.5,-4.452571428571429
2024-12-12 16:00:00,596,Viluppuram,3.5,-4.348571428571428
2024-12-12 16:30:00,596,Viluppuram,4.0,-4.348571428571428
2024-12-12 17:00:00,596,Viluppuram,5.0,-4.348571428571428
2024-12-12 18:00:00,596,Viluppuram,6.5,-4.348571428571428
2024-12-12 19:00:00,596,Viluppuram,0.75,-4.348571428571428
2024-12-12 19:30:00,596,Viluppuram,3.0,-4.348571428571428
2024-12-12 20:00:00,596,Viluppuram,2.333333333333333,-4.348571428571428
2024-12-12 21:00:00,596,Viluppuram,1.0,-4.348571428571428
2024-12-12 23:00:00,596,Viluppuram,2.0,-4.363857142857142
2024-12-13 00:00:00,596,Viluppuram,8.0,-4.363857142857142
2024-12-13 01:00:00,596,Viluppuram,2.0,-4.363857142857142
2024-12-13 08:00:00,596,Viluppuram,1.0,-4.398285714285715
2024-12-13 09:00:00,596,Viluppuram,0.5,-4.398285714285715
2024-12-13 13:00:00,596,Viluppuram,2.0,-4.462857142857144
2024-12-13 16:00:00,596,Viluppuram,0.5,-4.456285714285714
2024-12-17 23:00:00,596,Viluppuram,1.0,-4.542857142857143
2024-12-18 00:00:00,596,Viluppuram,1.0,-4.542857142857143
2024-12-18 01:00:00,596,Viluppuram,0.5,-4.542857142857143
2024-12-18 02:00:00,596,Viluppuram,0.5,-4.542857142857143
2024-12-18 03:00:00,596,Viluppuram,0.5,-4.542857142857143
2024-12-26 04:30:00,596,Viluppuram,0.5,-4.872428571428571
2024-12-26 05:00:00,596,Viluppuram,1.6666666666666667,-4.872428571428571
2024-12-26 05:30:00,596,Viluppuram,2.0,-4.872428571428571
2024-12-26 06:00:00,596,Viluppuram,3.375,-4.872428571428571
2024-12-26 07:00:00,596,Viluppuram,2.875,-4.872428571428571
2024-12-26 08:00:00,596,Viluppuram,1.3333333333333333,-4.872428571428571
2024-12-26 09:00:00,596,Viluppuram,1.0,-4.872428571428571
2024-12-26 10:00:00,596,Viluppuram,0.8333333333333334,-4.879428571428571
2024-12-26 11:00:00,596,Viluppuram,0.5,-4.879428571428571
2024-12-26 13:00:00,596,Viluppuram,0.5,-4.879428571428571
2024-12-26 17:00:00,596,Viluppuram,0.5,-4.848428571428571
2024-12-27 01:00:00,596,Viluppuram,0.5,-4.837857142857144
2024-12-27 08:00:00,596,Viluppuram,0.5,-4.821142857142857
2024-12-27 08:30:00,596,Viluppuram,0.5,-4.821142857142857
2024-12-27 09:00:00,596,Viluppuram,2.5,-4.821142857142857
2024-12-27 09:30:00,596,Viluppuram,3.0,-4.885714285714286
2024-12-27 10:00:00,596,Viluppuram,3.0,-4.885714285714286
2024-12-27 12:00:00,596,Viluppuram,1.0,-4.885714285714286
2024-12-27 13:00:00,596,Viluppuram,5.5,-4.885714285714286
2024-12-27 14:00:00,596,Viluppuram,13.0,-4.885714285714286
2024-12-29 13:30:00,596,Viluppuram,0.5,-4.8961428571428565
2024-12-29 14:00:00,596,Viluppuram,0.5,-4.8961428571428565
2024-12-29 15:00:00,596,Viluppuram,0.75,-4.8961428571428565
2024-12-29 22:30:00,596,Viluppuram,1.0,-4.859999999999999
2024-12-29 23:00:00,596,Viluppuram,1.25,-4.859999999999999
2024-12-30 00:00:00,596,Viluppuram,0.5,-4.859999999999999
2024-12-30 02:00:00,596,Viluppuram,0.5,-4.859999999999999
2024-12-30 03:00:00,596,Viluppuram,0.5,-4.859999999999999
2024-12-30 05:00:00,596,Viluppuram,0.5,-4.833142857142858
2024-12-30 09:00:00,596,Viluppuram,0.5,-4.833142857142858
2024-12-30 12:00:00,596,Viluppuram,0.5,-4.871142857142857
2024-12-30 13:00:00,596,Viluppuram,0.5,-4.871142857142857
2024-12-30 14:00:00,596,Viluppuram,0.5,-4.871142857142857
2024-12-30 15:00:00,596,Viluppuram,0.5,-4.871142857142857
2024-12-30 17:00:00,596,Viluppuram,0.5,-4.857428571428571
2025-01-11 05:00:00,596,Viluppuram,0.5,-5.340714285714285
2025-01-13 02:00:00,596,Viluppuram,0.5,-5.46
2025-01-13 05:00:00,596,Viluppuram,0.5,-5.400285714285714
2025-01-13 16:00:00,596,Viluppuram,2.0,-5.415285714285715
2025-01-13 16:30:00,596,Viluppuram,0.5,-5.415285714285715
2025-01-13 17:00:00,596,Viluppuram,0.75,-5.415285714285715
2025-01-14 19:00:00,596,Viluppuram,0.5,-5.400428571428571
2025-01-14 20:00:00,596,Viluppuram,4.0,-5.400428571428571
2025-01-19 07:00:00,596,Viluppuram,0.5,-5.538714285714286
2025-01-19 10:00:00,596,Viluppuram,0.5,-5.735571428571428
2025-01-19 11:30:00,596,Viluppuram,1.5,-5.735571428571428
2025-01-19 12:00:00,596,Viluppuram,1.5,-5.735571428571428
2025-01-19 14:00:00,596,Viluppuram,0.5,-5.735571428571428
2025-01-19 14:35:00,596,Viluppuram,3.5,-5.735571428571428
2025-01-19 14:40:00,596,Viluppuram,3.5,-5.735571428571428
2025-01-19 14:45:00,596,Viluppuram,3.5,-5.735571428571428
2025-01-19 14:50:00,596,Viluppuram,3.5,-5.735571428571428
2025-01-19 14:55:00,596,Viluppuram,3.5,-5.735571428571428
2025-01-19 15:00:00,596,Viluppuram,4.5,-5.735571428571428
2025-01-19 16:00:00,596,Viluppuram,0.5,-5.780428571428572
2025-01-19 17:00:00,596,Viluppuram,0.5,-5.780428571428572
2025-01-19 18:00:00,596,Viluppuram,0.5,-5.780428571428572
2025-01-21 07:00:00,596,Viluppuram,0.5,-5.772428571428571
2025-01-23 00:30:00,596,Viluppuram,6.0,-5.921285714285714
2025-01-23 01:00:00,596,Viluppuram,6.0,-5.921285714285714
2025-02-17 14:00:00,596,Viluppuram,1.0,-7.940666666666666
2025-02-26 19:00:00,596,Viluppuram,0.5,-7.270625000000001
2025-02-28 17:30:00,596,Viluppuram,3.5,-9.073166666666667
2025-02-28 18:00:00,596,Viluppuram,5.0,-9.073166666666667
2025-02-28 20:00:00,596,Viluppuram,0.5,-9.073166666666667
2025-03-11 09:00:00,596,Viluppuram,0.5,-9.684
2025-03-11 09:30:00,596,Viluppuram,0.5,-9.616666666666667
2025-03-11 10:00:00,596,Viluppuram,0.5,-9.616666666666667
2025-03-11 12:00:00,596,Viluppuram,3.0,-9.616666666666667
2025-03-11 12:30:00,596,Viluppuram,5.5,-9.616666666666667
2025-03-11 13:00:00,596,Viluppuram,5.166666666666667,-9.616666666666667
2025-03-11 14:00:00,596,Viluppuram,2.0,-9.616666666666667
2025-03-11 15:00:00,596,Viluppuram,1.5,-9.616666666666667
2025-03-11 16:00:00,596,Viluppuram,6.666666666666667,-9.477
2025-03-11 17:00:00,596,Viluppuram,2.5,-9.477
2025-03-11 19:00:00,596,Viluppuram,10.0,-9.477
2025-03-11 20:00:00,596,Viluppuram,7.75,-9.477
2025-03-11 21:00:00,596,Viluppuram,6.0,-9.477
2025-03-11 22:00:00,596,Viluppuram,4.0,-9.393166666666668
2025-03-11 23:00:00,596,Viluppuram,1.75,-9.393166666666668
2025-03-12 00:00:00,596,Viluppuram,1.5,-9.393166666666668
2025-03-12 01:00:00,596,Viluppuram,0.5,-9.393166666666668
2025-03-12 14:00:00,596,Viluppuram,9.5,-9.391166666666669
2025-03-23 13:00:00,596,Viluppuram,8.5,-8.56
2025-04-03 07:00:00,596,Viluppuram,14.5,-8.800285714285716
2025-04-03 08:00:00,596,Viluppuram,2.25,-8.800285714285716
2025-04-03 09:00:00,596,Viluppuram,1.5,-8.800285714285716
2025-04-03 10:00:00,596,Viluppuram,0.5,-8.811714285714285
2025-04-03 15:00:00,596,Viluppuram,0.5,-8.811714285714285
2025-04-03 23:00:00,596,Viluppuram,0.5,-8.801714285714285
2025-04-04 14:00:00,596,Viluppuram,0.5,-8.1315
2025-04-11 21:00:00,596,Viluppuram,0.5,-8.522125
2025-04-12 02:00:00,596,Viluppuram,0.5,-8.546125
2025-05-04 20:00:00,596,Viluppuram,7.0,-5.928166666666667
2025-05-04 21:00:00,596,Viluppuram,2.0,-5.928166666666667
2025-05-04 23:00:00,596,Viluppuram,1.1666666666666667,-5.8918333333333335
2025-05-05 00:00:00,596,Viluppuram,0.5,-5.8918333333333335
2025-05-05 03:00:00,596,Viluppuram,0.5,-5.8918333333333335
2025-05-05 09:00:00,596,Viluppuram,0.5,-5.895428571428572
2025-05-06 04:00:00,596,Viluppuram,0.5,-5.819571428571429
2025-05-06 18:00:00,596,Viluppuram,0.5,-5.774
2025-05-06 23:00:00,596,Viluppuram,6.0,-5.780571428571428
2025-05-07 00:00:00,596,Viluppuram,13.5,-5.780571428571428
2025-05-07 01:00:00,596,Viluppuram,1.0,-5.780571428571428
2025-05-07 02:00:00,596,Viluppuram,1.25,-5.780571428571428
2025-05-07 08:00:00,596,Viluppuram,0.5,-5.709428571428572
2025-05-07 21:00:00,596,Viluppuram,0.5,-5.667428571428571
2025-05-08 13:00:00,596,Viluppuram,0.5,-5.662428571428571
2025-05-08 23:00:00,596,Viluppuram,13.0,-5.679857142857143
2025-05-09 07:00:00,596,Viluppuram,0.5,-5.658428571428572
2025-05-10 02:00:00,596,Viluppuram,0.5,-5.675142857142857
2025-05-10 23:00:00,596,Viluppuram,0.5,-6.0120000000000005
2025-05-11 22:00:00,596,Viluppuram,0.5,-4.0884
2025-05-13 00:00:00,596,Viluppuram,0.5,-5.700285714285714
2025-05-14 06:00:00,596,Viluppuram,0.5,-5.714142857142858
2025-05-15 01:00:00,596,Viluppuram,3.0,-5.746285714285714
2025-05-16 05:00:00,596,Viluppuram,0.5,-5.793857142857143
2025-05-16 22:00:00,596,Viluppuram,2.0,-5.767
2025-05-16 23:00:00,596,Viluppuram,2.0,-5.767
2025-05-17 01:00:00,596,Viluppuram,14.5,-5.767
2025-05-17 02:00:00,596,Viluppuram,9.0,-5.767
2025-05-17 16:00:00,596,Viluppuram,1.0,-5.859833333333333
2025-05-17 17:00:00,596,Viluppuram,4.0,-5.859833333333333
2025-05-17 18:00:00,596,Viluppuram,1.0,-5.859833333333333
2025-05-17 19:00:00,596,Viluppuram,1.5,-5.859833333333333
2025-05-17 20:00:00,596,Viluppuram,0.5,-5.859833333333333
2025-05-18 20:00:00,596,Viluppuram,3.0,-5.801666666666667
2025-05-18 21:00:00,596,Viluppuram,16.0,-5.801666666666667
2025-05-18 22:00:00,596,Viluppuram,2.0,-5.782333333333334
2025-05-18 23:00:00,596,Viluppuram,1.0,-5.782333333333334
2025-05-19 01:00:00,596,Viluppuram,4.0,-5.782333333333334
2025-05-19 02:00:00,596,Viluppuram,2.0,-5.782333333333334
2025-05-19 10:00:00,596,Viluppuram,0.5,-5.724833333333334
2025-05-19 16:00:00,596,Viluppuram,0.5,-5.685
2025-05-19 19:00:00,596,Viluppuram,0.5,-5.685
2025-05-20 07:00:00,596,Viluppuram,0.5,-5.6401666666666666
2025-05-20 17:00:00,596,Viluppuram,0.5,-5.606166666666667
2025-05-20 19:00:00,596,Viluppuram,23.5,-5.606166666666667
2025-05-20 20:00:00,596,Viluppuram,9.5,-5.606166666666667
2025-05-20 21:00:00,596,Viluppuram,11.75,-5.606166666666667
2025-05-20 22:00:00,596,Viluppuram,9.75,-5.484666666666667
2025-05-21 02:00:00,596,Viluppuram,0.5,-5.484666666666667
2025-05-21 11:00:00,596,Viluppuram,0.5,-5.6322
2025-05-21 18:00:00,596,Viluppuram,0.5,-5.5926
2025-05-22 01:00:00,596,Viluppuram,0.5,-5.556
2025-05-22 18:00:00,596,Viluppuram,0.5,-4.9761428571428565
2025-05-23 03:00:00,596,Viluppuram,0.5,-4.977571428571428
2025-05-23 13:00:00,596,Viluppuram,0.5,-4.823666666666667
2025-05-23 22:00:00,596,Viluppuram,0.5,-4.651666666666666
2025-05-24 02:00:00,596,Viluppuram,0.5,-4.651666666666666
2025-05-24 07:00:00,596,Viluppuram,0.5,-4.771166666666667
2025-05-24 14:00:00,596,Viluppuram,0.5,-4.736833333333333
2025-05-24 16:00:00,596,Viluppuram,0.5,-4.734666666666667
2025-05-25 03:00:00,596,Viluppuram,0.5,-4.761666666666667
2025-05-25 09:00:00,596,Viluppuram,0.5,-4.7587142857142855
2025-05-25 19:00:00,596,Viluppuram,0.5,-4.752142857142857
2025-05-25 20:00:00,596,Viluppuram,0.5,-4.752142857142857
2025-05-25 21:00:00,596,Viluppuram,0.5,-4.752142857142857
2025-05-26 00:00:00,596,Viluppuram,0.5,-4.749142857142857
2025-05-26 13:00:00,596,Viluppuram,0.5,-4.766571428571429
2025-05-26 16:00:00,596,Viluppuram,0.5,-4.746857142857143
2025-05-26 18:00:00,596,Viluppuram,0.5,-4.746857142857143
2025-05-26 20:00:00,596,Viluppuram,0.5,-4.746857142857143
2025-05-26 23:00:00,596,Viluppuram,0.5,-4.761857142857143
2025-05-27 03:00:00,596,Viluppuram,0.5,-4.761857142857143
2025-05-27 10:00:00,596,Viluppuram,0.5,-4.747142857142857
2025-05-27 14:00:00,596,Viluppuram,0.5,-4.747142857142857
2025-05-27 16:00:00,596,Viluppuram,0.5,-4.745571428571429
2025-05-27 18:00:00,596,Viluppuram,1.0,-4.745571428571429
2025-05-27 19:00:00,596,Viluppuram,0.5,-4.745571428571429
2025-05-27 22:00:00,596,Viluppuram,0.5,-5.401666666666666
2025-05-28 03:00:00,596,Viluppuram,0.5,-5.401666666666666
2025-05-28 09:00:00,596,Viluppuram,0.5,-5.396666666666666
2025-05-28 14:00:00,596,Viluppuram,0.5,-5.405
2025-05-28 16:00:00,596,Viluppuram,3.0,-5.3933333333333335
2025-05-28 19:00:00,596,Viluppuram,0.5,-5.3933333333333335
2025-05-29 01:00:00,596,Viluppuram,0.5,-4.762142857142857
2025-05-29 07:00:00,596,Viluppuram,0.5,-4.766857142857143
2025-05-29 12:00:00,596,Viluppuram,0.5,-4.774
2025-05-29 16:00:00,596,Viluppuram,0.5,-4.783428571428572
2025-05-29 21:00:00,596,Viluppuram,0.5,-4.783428571428572
2025-05-30 04:00:00,596,Viluppuram,0.5,-4.804857142857143
2025-05-30 12:00:00,596,Viluppuram,0.5,-4.824714285714286
2025-05-30 19:00:00,596,Viluppuram,0.5,-4.829285714285715
2025-05-31 02:00:00,596,Viluppuram,0.5,-4.834285714285714
2025-05-31 08:00:00,596,Viluppuram,0.5,-4.834714285714286
2025-05-31 16:00:00,596,Viluppuram,0.5,-4.897571428571429
2025-05-31 21:00:00,596,Viluppuram,0.5,-4.897571428571429
2025-06-01 04:00:00,596,Viluppuram,0.5,-4.903857142857143
2025-06-01 11:00:00,596,Viluppuram,0.5,-4.931571428571429
2025-06-01 17:00:00,596,Viluppuram,0.5,-4.9471428571428575
2025-06-01 23:00:00,596,Viluppuram,0.5,-4.939714285714286
2025-06-02 07:00:00,596,Viluppuram,0.5,-4.934571428571429
2025-06-02 18:00:00,596,Viluppuram,0.75,-5.046857142857143
2025-06-03 03:00:00,596,Viluppuram,0.5,-4.992142857142857
2025-06-03 12:00:00,596,Viluppuram,0.5,-5.111857142857143
2025-06-03 21:00:00,596,Viluppuram,5.25,-5.153857142857143
2025-06-03 23:00:00,596,Viluppuram,0.5,-5.788333333333333
2025-06-04 00:00:00,596,Viluppuram,1.0,-5.788333333333333
2025-06-04 01:00:00,596,Viluppuram,0.5,-5.788333333333333
2025-06-04 05:00:00,596,Viluppuram,0.5,-5.781666666666666
2025-06-04 09:00:00,596,Viluppuram,0.5,-5.781666666666666
2025-06-04 11:00:00,596,Viluppuram,0.5,-5.828333333333333
2025-06-04 18:00:00,596,Viluppuram,0.5,-5.771666666666667
2025-06-05 01:00:00,596,Viluppuram,0.5,-5.776666666666666
2025-06-05 08:00:00,596,Viluppuram,0.5,-5.778333333333333
2025-06-05 13:00:00,596,Viluppuram,0.5,-5.808333333333334
2025-06-05 19:00:00,596,Viluppuram,0.5,-5.866666666666667
2025-06-06 01:00:00,596,Viluppuram,0.5,-5.859999999999999
2025-06-06 09:00:00,596,Viluppuram,0.5,-5.895
2025-06-06 12:00:00,596,Viluppuram,0.5,-5.895
2025-06-06 14:00:00,596,Viluppuram,0.5,-5.895
2025-06-08 18:00:00,596,Viluppuram,0.5,-6.035
2025-06-08 19:00:00,596,Viluppuram,0.5,-6.035
2025-06-08 20:00:00,596,Viluppuram,0.75,-6.035
2025-06-08 21:00:00,596,Viluppuram,1.1666666666666667,-6.035
2025-06-08 23:00:00,596,Viluppuram,0.5,-5.976666666666667
2025-06-09 00:00:00,596,Viluppuram,0.5,-5.976666666666667
2025-06-09 21:00:00,596,Viluppuram,4.75,-5.94
2025-06-09 22:00:00,596,Viluppuram,0.75,-5.220428571428571
2025-06-09 23:00:00,596,Viluppuram,0.75,-5.220428571428571
2025-06-10 18:00:00,596,Viluppuram,4.0,-5.200857142857143
2025-06-10 19:00:00,596,Viluppuram,6.5,-5.200857142857143
2025-06-10 20:00:00,596,Viluppuram,2.0,-5.200857142857143
2025-06-10 21:00:00,596,Viluppuram,2.6666666666666665,-5.200857142857143
2025-06-10 22:00:00,596,Viluppuram,3.5,-5.159428571428571
2025-06-10 23:00:00,596,Viluppuram,0.75,-5.159428571428571
2025-06-11 00:00:00,596,Viluppuram,0.5,-5.159428571428571
2025-06-11 01:00:00,596,Viluppuram,1.5,-5.159428571428571
2025-06-11 02:00:00,596,Viluppuram,1.0,-5.159428571428571
2025-06-11 03:00:00,596,Viluppuram,0.5,-5.159428571428571
2025-06-11 04:00:00,596,Viluppuram,0.5,-5.158285714285715
2025-06-11 06:00:00,596,Viluppuram,0.5,-5.158285714285715
2025-06-11 07:00:00,596,Viluppuram,0.5,-5.158285714285715
2025-06-11 08:00:00,596,Viluppuram,1.0,-5.158285714285715
2025-06-11 09:00:00,596,Viluppuram,0.5,-5.158285714285715
2025-06-11 10:00:00,596,Viluppuram,1.0,-5.1417142857142855
2025-06-11 11:00:00,596,Viluppuram,1.0,-5.1417142857142855
2025-06-11 12:00:00,596,Viluppuram,1.5,-5.1417142857142855
2025-06-11 13:00:00,596,Viluppuram,1.5,-5.1417142857142855
2025-06-11 14:00:00,596,Viluppuram,2.0,-5.1417142857142855
2025-06-11 15:00:00,596,Viluppuram,1.5,-5.1417142857142855
2025-06-11 16:00:00,596,Viluppuram,1.0,-5.151000000000001
2025-06-11 17:00:00,596,Viluppuram,1.0,-5.151000000000001
2025-06-11 18:00:00,596,Viluppuram,1.0,-5.151000000000001
2025-06-11 19:00:00,596,Viluppuram,1.0,-5.151000000000001
2025-06-11 20:00:00,596,Viluppuram,0.5,-5.151000000000001
2025-06-11 21:00:00,596,Viluppuram,1.0,-5.151000000000001
2025-06-11 22:00:00,596,Viluppuram,7.0,-5.045571428571429
2025-06-11 23:00:00,596,Viluppuram,0.5,-5.045571428571429
2025-06-12 00:00:00,596,Viluppuram,0.5,-5.045571428571429
2025-06-12 01:00:00,596,Viluppuram,0.5,-5.045571428571429
2025-06-12 02:00:00,596,Viluppuram,0.5,-5.045571428571429
2025-06-12 03:00:00,596,Viluppuram,0.5,-5.045571428571429
2025-06-12 04:00:00,596,Viluppuram,0.5,-4.963857142857143
2025-06-12 06:00:00,596,Viluppuram,0.5,-4.963857142857143
2025-06-12 07:00:00,596,Viluppuram,0.5,-4.963857142857143
2025-06-12 08:00:00,596,Viluppuram,0.5,-4.963857142857143
2025-06-12 11:00:00,596,Viluppuram,0.5,-4.966714285714287
2025-06-12 12:00:00,596,Viluppuram,0.5,-4.966714285714287
2025-06-12 14:00:00,596,Viluppuram,1.0,-4.966714285714287
2025-06-12 15:00:00,596,Viluppuram,0.5,-4.966714285714287
2025-06-12 16:00:00,596,Viluppuram,0.5,-4.960571428571429
2025-06-12 18:00:00,596,Viluppuram,0.75,-4.960571428571429
2025-06-12 19:00:00,596,Viluppuram,0.5,-4.960571428571429
2025-06-12 22:00:00,596,Viluppuram,0.5,-5.635000000000001
2025-06-13 00:00:00,596,Viluppuram,0.5,-5.635000000000001
2025-06-13 03:00:00,596,Viluppuram,0.5,-5.635000000000001
2025-06-13 08:00:00,596,Viluppuram,0.5,-4.264
2025-06-13 13:00:00,596,Viluppuram,0.5,-4.2780000000000005
2025-06-13 15:00:00,596,Viluppuram,0.5,-4.2780000000000005
2025-06-13 16:00:00,596,Viluppuram,0.5,-4.274
2025-06-13 19:00:00,596,Viluppuram,0.5,-4.274
2025-06-13 20:00:00,596,Viluppuram,0.5,-4.274
2025-06-13 23:00:00,596,Viluppuram,0.5,-4.238
2025-06-14 06:00:00,596,Viluppuram,0.5,-5.583333333333333
2025-06-14 12:00:00,596,Viluppuram,0.5,-5.578333333333333
2025-06-14 13:00:00,596,Viluppuram,0.5,-5.578333333333333
2025-06-14 15:00:00,596,Viluppuram,0.5,-5.578333333333333
2025-06-14 17:00:00,596,Viluppuram,0.5,-5.575
2025-06-14 21:00:00,596,Viluppuram,9.0,-5.575
2025-06-14 22:00:00,596,Viluppuram,0.5,-5.563333333333333
2025-06-15 05:00:00,596,Viluppuram,0.5,-5.536666666666666
2025-06-15 10:00:00,596,Viluppuram,0.5,-5.5183333333333335
2025-06-15 13:00:00,596,Viluppuram,0.5,-5.5183333333333335
2025-06-15 15:00:00,596,Viluppuram,0.5,-5.5183333333333335
2025-06-15 18:00:00,596,Viluppuram,0.5,-5.513333333333333
2025-06-15 22:00:00,596,Viluppuram,0.5,-5.535
2025-06-15 23:00:00,596,Viluppuram,0.5,-5.535
2025-06-16 04:00:00,596,Viluppuram,0.5,-5.53
2025-06-16 08:00:00,596,Viluppuram,0.5,-5.53
2025-06-16 11:00:00,596,Viluppuram,0.5,-5.546666666666667
2025-06-16 13:00:00,596,Viluppuram,0.5,-5.546666666666667
2025-06-16 15:00:00,596,Viluppuram,0.5,-5.546666666666667
2025-06-16 17:00:00,596,Viluppuram,0.5,-5.556666666666666
2025-06-16 19:00:00,596,Viluppuram,0.5,-5.556666666666666
2025-06-16 21:00:00,596,Viluppuram,0.5,-5.556666666666666
2025-06-17 01:00:00,596,Viluppuram,0.5,-5.571666666666666
2025-06-17 04:00:00,596,Viluppuram,0.5,-5.578333333333333
2025-06-17 08:00:00,596,Viluppuram,0.5,-5.578333333333333
2025-06-17 10:00:00,596,Viluppuram,0.5,-5.593333333333334
2025-06-17 12:00:00,596,Viluppuram,0.5,-5.593333333333334
2025-06-18 22:00:00,596,Viluppuram,5.0,-6.354
2025-06-19 00:00:00,596,Viluppuram,0.5,-6.354
2025-06-22 20:00:00,596,Viluppuram,0.5,-5.983333333333333
2025-06-22 21:00:00,596,Viluppuram,11.0,-5.983333333333333
2025-06-22 22:00:00,596,Viluppuram,0.5,-5.988333333333333
2025-06-22 23:00:00,596,Viluppuram,0.5,-5.988333333333333
2025-06-23 00:00:00,596,Viluppuram,0.5,-5.988333333333333
2025-06-23 02:00:00,596,Viluppuram,1.0,-5.988333333333333
2025-06-23 04:00:00,596,Viluppuram,0.5,-6.672
2025-06-26 22:00:00,596,Viluppuram,1.5,-6.682
2025-06-28 21:00:00,596,Viluppuram,20.0,-6.954000000000001
2025-06-28 23:00:00,596,Viluppuram,0.5,-6.912000000000001
2025-07-02 20:00:00,596,Viluppuram,7.0,-7.206
2025-07-03 00:00:00,596,Viluppuram,0.5,-7.202
2025-07-11 20:00:00,596,Viluppuram,3.0,-7.978
2025-07-11 22:00:00,596,Viluppuram,0.5,-7.892
2025-07-13 19:00:00,596,Viluppuram,5.5,-8.076
2025-07-14 01:00:00,596,Viluppuram,0.5,-7.995999999999999
2025-07-16 21:00:00,596,Viluppuram,6.5,-8.052
2025-07-20 20:00:00,596,Viluppuram,0.5,-7.818
2025-07-21 18:00:00,596,Viluppuram,12.0,-7.862
2025-07-21 19:00:00,596,Viluppuram,6.0,-7.862
2025-07-21 20:00:00,596,Viluppuram,15.75,-7.862
2025-07-21 21:00:00,596,Viluppuram,2.0,-7.862
2025-07-21 22:00:00,596,Viluppuram,0.75,-7.851999999999999
2025-07-22 01:00:00,596,Viluppuram,0.5,-7.851999999999999
2025-07-22 14:00:00,596,Viluppuram,0.5,-7.83
2025-07-22 19:00:00,596,Viluppuram,4.5,-7.806
2025-07-22 20:00:00,596,Viluppuram,1.5,-7.806
2025-07-22 21:00:00,596,Viluppuram,0.5,-7.806
2025-07-23 01:00:00,596,Viluppuram,0.5,-4.288333333333333
2025-07-23 10:00:00,596,Viluppuram,0.5,-4.006666666666667
2025-07-23 17:00:00,596,Viluppuram,0.5,-4.168333333333334
2025-07-24 00:00:00,596,Viluppuram,0.5,-4.6866666666666665
2025-07-24 07:00:00,596,Viluppuram,0.5,-5.2683333333333335
2025-07-24 13:00:00,596,Viluppuram,0.5,32.697
2025-07-24 18:00:00,596,Viluppuram,0.5,-7.001
2025-07-24 21:00:00,596,Viluppuram,0.5,-7.001
2025-07-27 03:00:00,596,Viluppuram,0.5,-5.268833333333333
2025-07-27 07:00:00,596,Viluppuram,0.5,-5.2115
2025-07-27 10:00:00,596,Viluppuram,0.5,-5.0715
2025-07-27 12:00:00,596,Viluppuram,0.5,-5.0715
2025-07-27 14:00:00,596,Viluppuram,0.5,-5.0715
2025-07-27 16:00:00,596,Viluppuram,0.5,-5.041166666666666
2025-07-27 21:00:00,596,Viluppuram,0.5,-5.041166666666666
2025-07-27 23:00:00,596,Viluppuram,0.5,-4.9656666666666665
2025-07-28 01:00:00,596,Viluppuram,0.5,-4.9656666666666665
2025-07-28 03:00:00,596,Viluppuram,0.5,-4.9656666666666665
2025-07-28 05:00:00,596,Viluppuram,0.5,-4.999333333333333
2025-07-28 07:00:00,596,Viluppuram,0.5,-4.999333333333333
2025-07-28 09:00:00,596,Viluppuram,0.5,-4.999333333333333
2025-07-28 11:00:00,596,Viluppuram,0.5,-4.977833333333334
2025-07-28 14:00:00,596,Viluppuram,0.5,-4.977833333333334
2025-07-28 17:00:00,596,Viluppuram,0.5,-5.069833333333333
2025-07-28 19:00:00,596,Viluppuram,0.5,-5.069833333333333
2025-07-28 22:00:00,596,Viluppuram,0.5,-5.008666666666667
2025-07-29 00:00:00,596,Viluppuram,0.5,-5.008666666666667
2025-07-29 03:00:00,596,Viluppuram,0.5,-5.008666666666667
2025-07-29 06:00:00,596,Viluppuram,0.5,-4.906666666666667
2025-07-29 09:00:00,596,Viluppuram,0.5,-4.906666666666667
2025-07-29 12:00:00,596,Viluppuram,0.5,-5.038666666666667
2025-07-29 14:00:00,596,Viluppuram,0.5,-5.038666666666667
2025-07-29 17:00:00,596,Viluppuram,0.5,-5.049833333333333
2025-07-29 20:00:00,596,Viluppuram,0.5,-5.049833333333333
2025-07-29 22:00:00,596,Viluppuram,0.5,-5.115166666666667
2025-07-30 00:00:00,596,Viluppuram,0.5,-5.115166666666667
2025-07-30 03:00:00,596,Viluppuram,0.5,-5.115166666666667
2025-07-30 05:00:00,596,Viluppuram,0.5,-5.0975
2025-07-30 08:00:00,596,Viluppuram,0.5,-5.0975
2025-07-30 10:00:00,596,Viluppuram,0.5,-5.135333333333333
2025-08-01 20:00:00,596,Viluppuram,0.5,-5.131666666666667
2025-08-01 22:00:00,596,Viluppuram,17.5,-5.0695
2025-08-01 23:00:00,596,Viluppuram,1.0,-5.0695
2025-08-02 00:00:00,596,Viluppuram,6.0,-5.0695
2025-08-02 01:00:00,596,Viluppuram,6.166666666666667,-5.0695
2025-08-02 02:00:00,596,Viluppuram,8.833333333333334,-5.0695
2025-08-02 03:00:00,596,Viluppuram,2.5,-5.0695
2025-08-02 04:00:00,596,Viluppuram,3.5,-4.928166666666667
2025-08-02 05:00:00,596,Viluppuram,2.75,-4.928166666666667
2025-08-02 06:00:00,596,Viluppuram,0.75,-4.928166666666667
2025-08-02 07:00:00,596,Viluppuram,1.0,-4.928166666666667
2025-08-02 08:00:00,596,Viluppuram,1.5,-4.928166666666667
2025-08-02 09:00:00,596,Viluppuram,1.0,-4.928166666666667
2025-08-02 10:00:00,596,Viluppuram,1.5,-4.872
2025-08-02 11:00:00,596,Viluppuram,1.0,-4.872
2025-08-02 12:00:00,596,Viluppuram,1.0,-4.872
2025-08-02 13:00:00,596,Viluppuram,1.0,-4.872
2025-08-02 14:00:00,596,Viluppuram,1.0,-4.872
2025-08-02 15:00:00,596,Viluppuram,1.0,-4.872
2025-08-02 16:00:00,596,Viluppuram,1.0,-4.8678333333333335
2025-08-02 17:00:00,596,Viluppuram,0.5,-4.8678333333333335
2025-08-02 18:00:00,596,Viluppuram,0.5,-4.8678333333333335
2025-08-02 19:00:00,596,Viluppuram,0.5,-4.8678333333333335
2025-08-02 20:00:00,596,Viluppuram,0.5,-4.8678333333333335
2025-08-02 22:00:00,596,Viluppuram,0.5,-4.883
2025-08-02 23:00:00,596,Viluppuram,0.5,-4.883
2025-08-03 01:00:00,596,Viluppuram,0.5,-4.883
2025-08-03 02:00:00,596,Viluppuram,0.5,-4.883
2025-08-03 04:00:00,596,Viluppuram,4.5,-4.859833333333333
2025-08-03 05:00:00,596,Viluppuram,0.5,-4.859833333333333
2025-08-03 06:00:00,596,Viluppuram,0.5,-4.859833333333333
2025-08-03 07:00:00,596,Viluppuram,0.5,-4.859833333333333
2025-08-03 09:00:00,596,Viluppuram,0.5,-4.859833333333333
2025-08-03 11:00:00,596,Viluppuram,0.5,-4.848
2025-08-03 13:00:00,596,Viluppuram,0.5,-4.848
2025-08-03 14:00:00,596,Viluppuram,0.5,-4.848
2025-08-03 15:00:00,596,Viluppuram,0.5,-4.848
2025-08-03 16:00:00,596,Viluppuram,0.5,-4.8315
2025-08-03 17:00:00,596,Viluppuram,0.5,-4.8315
2025-08-03 20:00:00,596,Viluppuram,0.5,-4.8315
2025-08-03 22:00:00,596,Viluppuram,0.5,-4.833333333333333
2025-08-04 00:00:00,596,Viluppuram,0.5,-4.833333333333333
2025-08-04 04:00:00,596,Viluppuram,0.5,-4.824833333333333
2025-08-04 07:00:00,596,Viluppuram,0.5,-4.824833333333333
2025-08-04 11:00:00,596,Viluppuram,0.5,-4.820166666666666
2025-08-04 14:00:00,596,Viluppuram,0.5,-4.820166666666666
2025-08-04 16:00:00,596,Viluppuram,0.5,-4.856166666666667
2025-08-04 18:00:00,596,Viluppuram,0.5,-4.856166666666667
2025-08-04 20:00:00,596,Viluppuram,1.5,-4.856166666666667
2025-08-04 21:00:00,596,Viluppuram,3.0,-4.856166666666667
2025-08-04 22:00:00,596,Viluppuram,2.0,-4.737666666666667
2025-08-04 23:00:00,596,Viluppuram,2.25,-4.737666666666667
2025-08-05 00:00:00,596,Viluppuram,3.25,-4.737666666666667
2025-08-05 01:00:00,596,Viluppuram,1.0,-4.737666666666667
2025-08-05 02:00:00,596,Viluppuram,0.5,-4.737666666666667
2025-08-05 04:00:00,596,Viluppuram,0.5,-4.672
2025-08-05 05:00:00,596,Viluppuram,0.5,-4.672
2025-08-05 07:00:00,596,Viluppuram,0.5,-4.672
2025-08-05 08:00:00,596,Viluppuram,0.5,-4.672
2025-08-05 09:00:00,596,Viluppuram,0.5,-4.672
2025-08-05 11:00:00,596,Viluppuram,0.5,-4.5995
2025-08-05 12:00:00,596,Viluppuram,0.5,-4.5995
2025-08-05 14:00:00,596,Viluppuram,0.5,-4.5995
2025-08-05 15:00:00,596,Viluppuram,0.5,-4.5995
2025-08-05 16:00:00,596,Viluppuram,0.5,-4.589
2025-08-05 18:00:00,596,Viluppuram,0.5,-4.589
2025-08-05 20:00:00,596,Viluppuram,0.5,-4.589
2025-08-05 22:00:00,596,Viluppuram,0.5,-4.588166666666667
2025-08-06 00:00:00,596,Viluppuram,0.5,-4.588166666666667
2025-08-06 02:00:00,596,Viluppuram,0.5,-4.588166666666667
2025-08-06 05:00:00,596,Viluppuram,0.5,-4.574333333333334
2025-08-06 07:00:00,596,Viluppuram,0.5,-4.574333333333334
2025-08-06 10:00:00,596,Viluppuram,0.5,-4.562333333333333
2025-08-06 12:00:00,596,Viluppuram,0.5,-4.562333333333333
2025-08-06 13:00:00,596,Viluppuram,0.5,-4.562333333333333
2025-08-06 15:00:00,596,Viluppuram,0.5,-4.562333333333333
2025-08-06 17:00:00,596,Viluppuram,0.5,-4.548
2025-08-06 20:00:00,596,Viluppuram,0.5,-4.548
2025-08-06 23:00:00,596,Viluppuram,0.5,-4.5515
2025-08-07 00:00:00,596,Viluppuram,18.5,-4.5515
2025-08-07 01:00:00,596,Viluppuram,12.0,-4.5515
2025-08-07 02:00:00,596,Viluppuram,0.5,-4.5515
2025-08-07 04:00:00,596,Viluppuram,0.5,-4.5175
2025-08-07 07:00:00,596,Viluppuram,0.5,-4.5175
2025-08-07 10:00:00,596,Viluppuram,0.5,-4.507499999999999
2025-08-07 12:00:00,596,Viluppuram,0.5,-4.507499999999999
2025-08-07 14:00:00,596,Viluppuram,0.5,-4.507499999999999
2025-08-07 17:00:00,596,Viluppuram,0.5,-4.468166666666667
2025-08-07 19:00:00,596,Viluppuram,0.5,-4.468166666666667
2025-08-07 22:00:00,596,Viluppuram,0.5,-4.464
2025-08-08 00:00:00,596,Viluppuram,0.5,-4.464
2025-08-08 03:00:00,596,Viluppuram,0.5,-4.464
2025-08-08 06:00:00,596,Viluppuram,0.5,-4.447166666666667
2025-08-08 08:00:00,596,Viluppuram,0.5,-4.447166666666667
2025-08-08 11:00:00,596,Viluppuram,0.5,-4.437166666666666
2025-08-08 14:00:00,596,Viluppuram,0.5,-4.437166666666666
2025-08-08 15:00:00,596,Viluppuram,0.5,-4.437166666666666
2025-08-08 17:00:00,596,Viluppuram,0.5,-4.393166666666667
2025-08-08 19:00:00,596,Viluppuram,0.5,-4.393166666666667
2025-08-08 22:00:00,596,Viluppuram,1.75,-4.405166666666667
2025-08-08 23:00:00,596,Viluppuram,4.0,-4.405166666666667
2025-08-09 01:00:00,596,Viluppuram,0.5,-4.405166666666667
2025-08-09 02:00:00,596,Viluppuram,2.5,-4.405166666666667
2025-08-09 03:00:00,596,Viluppuram,1.0,-4.405166666666667
2025-08-09 04:00:00,596,Viluppuram,0.75,-4.39
2025-08-09 07:00:00,596,Viluppuram,0.5,-4.39
2025-08-09 11:00:00,596,Viluppuram,0.5,-4.380833333333333
2025-08-09 14:00:00,596,Viluppuram,0.5,-4.380833333333333
2025-08-09 16:00:00,596,Viluppuram,0.5,-4.363833333333333
2025-08-09 18:00:00,596,Viluppuram,0.5,-4.363833333333333
2025-08-09 21:00:00,596,Viluppuram,0.5,-4.363833333333333
2025-08-09 23:00:00,596,Viluppuram,0.5,-4.361666666666667
2025-08-10 02:00:00,596,Viluppuram,0.5,-4.361666666666667
2025-08-10 05:00:00,596,Viluppuram,0.5,-4.339333333333333
2025-08-10 07:00:00,596,Viluppuram,0.5,-4.339333333333333
2025-08-10 10:00:00,596,Viluppuram,0.5,-4.329166666666667
2025-08-10 13:00:00,596,Viluppuram,0.5,-4.329166666666667
2025-08-10 15:00:00,596,Viluppuram,24.5,-4.329166666666667
2025-08-10 16:00:00,596,Viluppuram,2.0,-4.282
2025-08-10 17:00:00,596,Viluppuram,0.5,-4.282
2025-08-10 18:00:00,596,Viluppuram,0.5,-4.282
2025-08-10 21:00:00,596,Viluppuram,2.25,-4.282
2025-08-10 22:00:00,596,Viluppuram,0.5,-4.215166666666666
2025-08-11 02:00:00,596,Viluppuram,0.5,-4.215166666666666
2025-08-11 06:00:00,596,Viluppuram,0.5,-4.2015
2025-08-11 10:00:00,596,Viluppuram,0.5,-4.2205
2025-08-11 14:00:00,596,Viluppuram,0.5,-4.2205
2025-08-11 19:00:00,596,Viluppuram,0.5,-4.222166666666666
2025-08-12 04:00:00,596,Viluppuram,0.5,-4.218833333333333
2025-08-14 01:00:00,596,Viluppuram,1.5,-4.2205
2025-08-14 02:00:00,596,Viluppuram,0.5,-4.2205
2025-08-14 03:00:00,596,Viluppuram,0.5,-4.2205
2025-08-14 04:00:00,596,Viluppuram,0.5,-4.212
2025-08-14 08:40:00,596,Viluppuram,0.5,-4.212
2025-08-14 08:45:00,596,Viluppuram,1.0,-4.212
2025-08-14 09:00:00,596,Viluppuram,1.0,-4.212
2025-08-14 10:00:00,596,Viluppuram,0.5,-4.2011666666666665
2025-08-15 22:00:00,596,Viluppuram,0.5,-4.212000000000001
2025-08-15 23:00:00,596,Viluppuram,0.5,-4.212000000000001
2025-08-16 02:00:00,596,Viluppuram,0.5,-4.212000000000001
2025-08-16 08:00:00,596,Viluppuram,0.5,-4.203833333333333
2025-08-16 19:00:00,596,Viluppuram,1.5,-4.220000000000001
2025-08-16 20:00:00,596,Viluppuram,0.5,-4.220000000000001
2025-08-17 07:00:00,596,Viluppuram,0.5,-4.1985
2025-08-17 18:00:00,596,Viluppuram,2.0,-4.216
2025-08-17 19:00:00,596,Viluppuram,6.5,-4.216
2025-08-17 20:00:00,596,Viluppuram,0.75,-4.216
2025-08-17 22:00:00,596,Viluppuram,0.5,-4.182833333333334
2025-08-17 23:00:00,596,Viluppuram,0.5,-4.182833333333334
2025-08-18 00:00:00,596,Viluppuram,0.5,-4.182833333333334
2025-08-18 01:00:00,596,Viluppuram,0.5,-4.182833333333334
2025-08-18 03:00:00,596,Viluppuram,0.5,-4.182833333333334
2025-08-18 07:00:00,596,Viluppuram,0.5,-4.1845
2025-08-22 03:00:00,596,Viluppuram,3.0,-4.307833333333334
2025-08-23 04:00:00,596,Viluppuram,2.0,-4.316166666666667
2025-08-23 05:00:00,596,Viluppuram,0.5,-4.316166666666667
2025-09-01 00:00:00,596,Viluppuram,2.0,-4.968666666666667
2025-09-01 01:00:00,596,Viluppuram,0.75,-4.968666666666667
2025-09-01 02:00:00,596,Viluppuram,0.75,-4.968666666666667
2025-09-01 03:00:00,596,Viluppuram,1.0,-4.968666666666667
2025-09-01 04:00:00,596,Viluppuram,0.5,-4.876
2025-09-01 05:00:00,596,Viluppuram,0.5,-4.876
2025-09-01 08:00:00,596,Viluppuram,0.5,-4.876
2025-09-01 15:00:00,596,Viluppuram,0.5,-4.839333333333333
2025-09-02 05:00:00,596,Viluppuram,0.5,-4.776666666666666
2025-09-03 03:00:00,596,Viluppuram,0.5,-4.742166666666667
2025-09-04 02:00:00,596,Viluppuram,0.5,-4.7415
2025-09-05 02:00:00,596,Viluppuram,0.5,-4.7556666666666665
2025-09-05 19:00:00,596,Viluppuram,7.5,-4.7795
2025-09-06 03:00:00,596,Viluppuram,0.5,-4.8035000000000005
2025-09-06 22:00:00,596,Viluppuram,19.0,-4.8505
2025-09-06 23:00:00,596,Viluppuram,13.0,-4.8505
2025-09-07 00:00:00,596,Viluppuram,5.75,-4.8505
2025-09-07 01:00:00,596,Viluppuram,5.75,-4.8505
2025-09-07 02:00:00,596,Viluppuram,2.25,-4.8505
2025-09-07 03:00:00,596,Viluppuram,0.75,-4.8505
2025-09-07 07:00:00,596,Viluppuram,0.5,-4.660166666666666
2025-09-08 00:00:00,596,Viluppuram,4.0,-4.763833333333333
2025-09-08 01:00:00,596,Viluppuram,10.75,-4.763833333333333
2025-09-08 02:00:00,596,Viluppuram,5.0,-4.763833333333333
2025-09-08 03:00:00,596,Viluppuram,2.25,-4.763833333333333
2025-09-08 04:00:00,596,Viluppuram,1.5,-4.754
2025-09-08 11:00:00,596,Viluppuram,0.5,-4.764666666666667
2025-09-08 20:00:00,596,Viluppuram,0.5,-4.764833333333334
2025-09-09 04:00:00,596,Viluppuram,19.0,-4.809666666666667
2025-09-09 05:00:00,596,Viluppuram,3.0,-4.809666666666667
2025-09-09 07:00:00,596,Viluppuram,0.5,-4.809666666666667
2025-09-09 17:00:00,596,Viluppuram,0.5,-4.813
2025-09-10 04:00:00,596,Viluppuram,0.5,-4.831666666666666
2025-09-10 09:00:00,596,Viluppuram,16.5,-4.831666666666666
2025-09-10 10:00:00,596,Viluppuram,4.0,-4.8375
2025-09-10 15:00:00,596,Viluppuram,0.5,-4.8375
2025-09-10 18:00:00,596,Viluppuram,1.25,-4.819
2025-09-10 19:00:00,596,Viluppuram,17.5,-4.819
2025-09-10 20:00:00,596,Viluppuram,3.5,-4.819
2025-09-10 21:00:00,596,Viluppuram,3.5,-4.819
2025-09-10 22:00:00,596,Viluppuram,0.5,-4.7775
2025-09-11 03:00:00,596,Viluppuram,0.5,-4.7775
2025-09-11 15:00:00,596,Viluppuram,0.5,-4.866
2025-09-11 19:00:00,596,Viluppuram,72.5,-4.835333333333334
2025-09-11 20:00:00,596,Viluppuram,3.5,-4.835333333333334
2025-09-11 22:00:00,596,Viluppuram,16.5,-4.8495
2025-09-12 03:00:00,596,Viluppuram,0.5,-4.8495
2025-09-12 07:00:00,596,Viluppuram,31.0,-4.848833333333333
2025-09-12 08:00:00,596,Viluppuram,13.0,-4.848833333333333
2025-09-12 09:00:00,596,Viluppuram,36.0,-4.848833333333333
2025-09-12 10:00:00,596,Viluppuram,267.5,-4.879666666666667
2025-09-12 11:00:00,596,Viluppuram,7.0,-4.879666666666667
2025-09-12 15:00:00,596,Viluppuram,0.5,-4.879666666666667
2025-09-12 17:00:00,596,Viluppuram,0.5,-4.955666666666667
2025-09-12 18:00:00,596,Viluppuram,1.5,-4.955666666666667
2025-09-12 19:00:00,596,Viluppuram,10.5,-4.955666666666667
2025-09-12 20:00:00,596,Viluppuram,257.0,-4.955666666666667
2025-09-12 23:00:00,596,Viluppuram,1.0,-4.919666666666667
2025-09-13 00:00:00,596,Viluppuram,72.0,-4.919666666666667
2025-09-13 01:00:00,596,Viluppuram,39.0,-4.919666666666667
2025-09-13 02:00:00,596,Viluppuram,0.5,-4.919666666666667
2025-09-13 03:00:00,596,Viluppuram,15.0,-4.919666666666667
2025-09-13 04:00:00,596,Viluppuram,22.0,-4.914666666666666
2025-09-13 05:00:00,596,Viluppuram,2.5,-4.914666666666666
2025-09-13 08:00:00,596,Viluppuram,3.5,-4.914666666666666
2025-09-13 09:00:00,596,Viluppuram,4.5,-4.914666666666666
2025-09-13 10:00:00,596,Viluppuram,4.5,-4.919333333333333
2025-09-13 13:00:00,596,Viluppuram,0.5,-4.919333333333333
2025-09-13 18:00:00,596,Viluppuram,90.0,-4.905666666666667
2025-09-13 19:00:00,596,Viluppuram,4.0,-4.905666666666667
2025-09-13 20:00:00,596,Viluppuram,76.5,-4.905666666666667
2025-09-13 21:00:00,596,Viluppuram,549.5,-4.905666666666667
2025-09-13 22:00:00,596,Viluppuram,11.0,-4.899166666666667
2025-09-13 23:00:00,596,Viluppuram,15.25,-4.899166666666667
2025-09-14 00:00:00,596,Viluppuram,7.5,-4.899166666666667
2025-09-14 01:00:00,596,Viluppuram,21.5,-4.899166666666667
2025-09-14 02:00:00,596,Viluppuram,1.5,-4.899166666666667
2025-09-14 03:00:00,596,Viluppuram,34.0,-4.899166666666667
2025-09-14 04:00:00,596,Viluppuram,25.5,-4.8915
2025-09-14 05:00:00,596,Viluppuram,18.0,-4.8915
2025-09-14 06:00:00,596,Viluppuram,7.0,-4.8915
2025-09-14 07:00:00,596,Viluppuram,3.0,-4.8915
2025-09-14 08:00:00,596,Viluppuram,121.5,-4.8915
2025-09-14 09:00:00,596,Viluppuram,141.0,-4.8915
2025-09-14 10:00:00,596,Viluppuram,53.75,-4.880666666666667
2025-09-14 11:00:00,596,Viluppuram,93.5,-4.880666666666667
2025-09-14 12:00:00,596,Viluppuram,0.5,-4.880666666666667
2025-09-14 17:00:00,596,Viluppuram,5.5,-4.876666666666666
2025-09-14 18:00:00,596,Viluppuram,24.0,-4.876666666666666
2025-09-14 19:00:00,596,Viluppuram,1.5,-4.876666666666666
2025-09-14 20:00:00,596,Viluppuram,1.0,-4.876666666666666
2025-09-14 21:00:00,596,Viluppuram,2.5,-4.876666666666666
2025-09-14 22:00:00,596,Viluppuram,1.5,-4.896333333333334
2025-09-14 23:00:00,596,Viluppuram,2.0,-4.896333333333334
2025-09-15 03:00:00,596,Viluppuram,0.5,-4.896333333333334
2025-09-15 05:00:00,596,Viluppuram,1.0,-4.873833333333334
2025-09-15 06:00:00,596,Viluppuram,2.0,-4.873833333333334
2025-09-15 07:00:00,596,Viluppuram,2.5,-4.873833333333334
2025-09-15 08:00:00,596,Viluppuram,6.75,-4.873833333333334
2025-09-15 09:00:00,596,Viluppuram,23.5,-4.873833333333334
2025-09-15 10:00:00,596,Viluppuram,22.5,-4.873833333333333
2025-09-15 18:00:00,596,Viluppuram,2.0,-4.859166666666667
2025-09-15 19:00:00,596,Viluppuram,0.5,-4.859166666666667
2025-09-15 20:00:00,596,Viluppuram,48.0,-4.859166666666667
2025-09-16 00:00:00,596,Viluppuram,0.5,-4.866666666666666
2025-09-16 01:00:00,596,Viluppuram,2.0,-4.866666666666666
2025-09-16 02:00:00,596,Viluppuram,1.0,-4.866666666666666
2025-09-16 03:00:00,596,Viluppuram,0.5,-4.866666666666666
2025-09-16 04:00:00,596,Viluppuram,0.5,-4.863499999999999
2025-09-16 05:00:00,596,Viluppuram,2.75,-4.863499999999999
2025-09-16 06:00:00,596,Viluppuram,1.0,-4.863499999999999
2025-09-16 07:00:00,596,Viluppuram,3.25,-4.863499999999999
2025-09-16 18:00:00,596,Viluppuram,0.5,-4.840833333333333
2025-09-16 19:00:00,596,Viluppuram,25.0,-4.840833333333333
2025-09-16 20:00:00,596,Viluppuram,4.0,-4.840833333333333
2025-09-16 21:00:00,596,Viluppuram,1.0,-4.840833333333333
2025-09-17 00:00:00,596,Viluppuram,0.5,-4.8545
2025-09-17 01:00:00,596,Viluppuram,0.5,-4.8545
2025-09-17 02:00:00,596,Viluppuram,2.0,-4.8545
2025-09-17 03:00:00,596,Viluppuram,2.5,-4.8545
2025-09-17 05:00:00,596,Viluppuram,0.5,-4.856166666666667
2025-09-17 07:00:00,596,Viluppuram,0.5,-4.856166666666667
2025-09-17 08:00:00,596,Viluppuram,461.0,-4.856166666666667
2025-09-17 09:00:00,596,Viluppuram,11.5,-4.856166666666667
2025-09-17 10:00:00,596,Viluppuram,12.0,-4.8625
2025-09-17 11:00:00,596,Viluppuram,1.0,-4.8625
2025-09-17 15:00:00,596,Viluppuram,3.0,-4.8625
2025-09-17 16:00:00,596,Viluppuram,4.5,-4.833833333333334
2025-09-17 17:00:00,596,Viluppuram,0.5,-4.833833333333334
2025-09-18 00:00:00,596,Viluppuram,27.5,-4.854833333333333
2025-09-18 01:00:00,596,Viluppuram,48.5,-4.854833333333333
2025-09-18 06:00:00,596,Viluppuram,0.5,-4.769
2025-09-18 10:00:00,596,Viluppuram,105.0,-4.7972
2025-09-18 11:00:00,596,Viluppuram,114.5,-4.7972
2025-09-18 12:00:00,596,Viluppuram,1.0,-4.7972
2025-09-18 16:00:00,596,Viluppuram,4.0,-4.81
2025-09-18 17:00:00,596,Viluppuram,5.5,-4.81
2025-09-18 18:00:00,596,Viluppuram,3.333333333333333,-4.81
2025-09-18 19:00:00,596,Viluppuram,0.5,-4.81
2025-09-18 20:00:00,596,Viluppuram,18.75,-4.81
2025-09-18 21:00:00,596,Viluppuram,135.66666666666666,-4.81
2025-09-18 22:00:00,596,Viluppuram,309.6666666666667,-4.81
2025-09-18 23:00:00,596,Viluppuram,454.0,-4.81
2025-09-20 09:00:00,596,Viluppuram,0.5,-4.7205
2025-09-20 16:00:00,596,Viluppuram,20.0,-4.6435
2025-09-20 17:00:00,596,Viluppuram,1.25,-4.6435
2025-09-20 18:00:00,596,Viluppuram,1.0,-4.6435
2025-09-20 19:00:00,596,Viluppuram,1.5,-4.6435
2025-09-20 20:00:00,596,Viluppuram,1.0,-4.6435
2025-09-21 04:00:00,596,Viluppuram,0.5,-4.573
2025-09-21 14:00:00,596,Viluppuram,0.5,-4.5225
2025-09-21 17:00:00,596,Viluppuram,6.5,-4.469166666666667
2025-09-21 18:00:00,596,Viluppuram,0.5,-4.469166666666667
2025-09-21 20:00:00,596,Viluppuram,15.0,-4.469166666666667
2025-09-21 21:00:00,596,Viluppuram,2.75,-4.469166666666667
2025-09-21 22:00:00,596,Viluppuram,0.5,-4.442
2025-09-21 23:00:00,596,Viluppuram,0.5,-4.442
2025-09-22 01:00:00,596,Viluppuram,3.5,-4.442
2025-09-22 02:00:00,596,Viluppuram,1.25,-4.442
2025-09-22 03:00:00,596,Viluppuram,5.5,-4.442
2025-09-22 04:00:00,596,Viluppuram,18.5,-4.0536666666666665
2025-09-22 05:00:00,596,Viluppuram,3.8333333333333335,-4.0536666666666665
2025-09-22 06:00:00,596,Viluppuram,3.1666666666666665,-4.0536666666666665
2025-09-22 07:00:00,596,Viluppuram,0.5,-4.0536666666666665
2025-09-22 08:00:00,596,Viluppuram,0.5,-4.0536666666666665
2025-09-22 14:00:00,596,Viluppuram,0.5,-3.4738571428571428
2025-09-22 21:00:00,596,Viluppuram,0.5,-3.419142857142857
2025-09-22 23:00:00,596,Viluppuram,13.0,-3.4067142857142856
2025-09-23 00:00:00,596,Viluppuram,2.0,-3.4067142857142856
2025-09-23 03:00:00,596,Viluppuram,0.5,-3.4067142857142856
2025-09-23 04:00:00,596,Viluppuram,0.5,-3.3651428571428568
2025-09-23 12:00:00,596,Viluppuram,0.5,-3.3432857142857144
2025-09-23 18:00:00,596,Viluppuram,0.5,-3.3207142857142853
2025-09-24 01:00:00,596,Viluppuram,0.5,-3.3242857142857143
2025-09-24 09:00:00,596,Viluppuram,0.5,-3.3114285714285714
2025-09-24 16:00:00,596,Viluppuram,0.5,-3.2958571428571424
2025-09-24 20:00:00,596,Viluppuram,0.5,-3.2958571428571424
2025-09-25 00:00:00,596,Viluppuram,0.5,-3.310714285714286
2025-09-25 08:00:00,596,Viluppuram,0.5,-3.312285714285714
2025-09-25 09:00:00,596,Viluppuram,150.5,-3.312285714285714
2025-09-25 16:00:00,596,Viluppuram,0.5,-3.274142857142857
2025-09-25 19:00:00,596,Viluppuram,3.5,-3.274142857142857
2025-09-25 20:00:00,596,Viluppuram,9.75,-3.274142857142857
2025-09-25 21:00:00,596,Viluppuram,0.5,-3.274142857142857
2025-09-26 00:00:00,596,Viluppuram,0.5,-3.2902857142857145
2025-09-26 01:00:00,596,Viluppuram,0.5,-3.2902857142857145
2025-09-26 09:00:00,596,Viluppuram,0.5,-3.269000000000001
2025-09-26 16:00:00,596,Viluppuram,0.5,-3.248857142857143
2025-09-26 23:00:00,596,Viluppuram,0.5,-3.254714285714286
2025-09-27 09:00:00,596,Viluppuram,0.5,-3.2458571428571426
2025-09-27 16:00:00,596,Viluppuram,0.5,-3.1987142857142854
2025-09-28 01:00:00,596,Viluppuram,0.5,-3.234714285714286
2025-09-28 10:00:00,596,Viluppuram,0.5,-3.225857142857143
2025-09-28 17:00:00,596,Viluppuram,0.5,-3.2187142857142854
2025-09-29 01:00:00,596,Viluppuram,0.5,-3.231428571428572
2025-09-29 10:00:00,596,Viluppuram,0.5,-3.239428571428572
2025-09-29 17:00:00,596,Viluppuram,0.5,-3.237
2025-09-30 01:00:00,596,Viluppuram,0.5,-3.2431428571428573
2025-09-30 10:00:00,596,Viluppuram,0.5,-3.245142857142857
2025-09-30 18:00:00,596,Viluppuram,0.5,-3.2342857142857144
2025-10-01 01:00:00,596,Viluppuram,0.5,-3.239285714285714
2025-10-01 10:00:00,596,Viluppuram,0.5,-5.407571428571429
2025-10-01 18:00:00,596,Viluppuram,0.5,-5.053428571428571
2025-10-01 23:00:00,596,Viluppuram,6.25,-4.655285714285715
2025-10-02 00:00:00,596,Viluppuram,6.25,-4.655285714285715
2025-10-02 01:00:00,596,Viluppuram,2.0,-4.655285714285715
2025-10-02 02:00:00,596,Viluppuram,0.5,-4.655285714285715
2025-10-02 03:00:00,596,Viluppuram,1.0,-4.655285714285715
2025-10-02 10:00:00,596,Viluppuram,0.5,-3.703
2025-10-02 17:00:00,596,Viluppuram,0.5,-3.274
2025-10-03 00:00:00,596,Viluppuram,0.5,-3.238142857142857
2025-10-03 07:00:00,596,Viluppuram,0.5,-3.233571428571428
2025-10-03 14:00:00,596,Viluppuram,0.5,-3.2357142857142853
2025-10-03 21:00:00,596,Viluppuram,0.5,-3.237714285714285
2025-10-03 23:00:00,596,Viluppuram,4.0,-3.251857142857143
2025-10-04 00:00:00,596,Viluppuram,3.5,-3.251857142857143
2025-10-04 01:00:00,596,Viluppuram,21.0,-3.251857142857143
2025-10-04 02:00:00,596,Viluppuram,11.333333333333334,-3.251857142857143
2025-10-04 03:00:00,596,Viluppuram,9.166666666666666,-3.251857142857143
2025-10-04 04:00:00,596,Viluppuram,2.25,-3.0685714285714285
2025-10-04 05:00:00,596,Viluppuram,1.75,-3.0685714285714285
2025-10-04 06:00:00,596,Viluppuram,1.8333333333333333,-3.0685714285714285
2025-10-04 07:00:00,596,Viluppuram,1.0,-3.0685714285714285
2025-10-04 12:00:00,596,Viluppuram,0.5,-3.011571428571429
2025-10-04 17:00:00,596,Viluppuram,0.5,-2.9804285714285714
2025-10-04 20:00:00,596,Viluppuram,0.5,-2.9804285714285714
2025-10-05 02:00:00,596,Viluppuram,0.5,-2.9998571428571426
2025-10-05 09:00:00,596,Viluppuram,0.5,-5.112
2025-10-05 16:00:00,596,Viluppuram,0.5,-5.119000000000001
2025-10-05 20:00:00,596,Viluppuram,1.5,-5.119000000000001
2025-10-05 21:00:00,596,Viluppuram,2.0,-5.119000000000001
2025-10-05 22:00:00,596,Viluppuram,1.0,-4.8695
2025-10-06 07:00:00,596,Viluppuram,0.5,-4.8695
2025-10-16 01:00:00,596,Viluppuram,0.5,-27.36
2025-10-16 07:00:00,596,Viluppuram,0.5,-27.36
2025-10-16 10:00:00,596,Viluppuram,0.5,-27.36
2025-10-16 11:00:00,596,Viluppuram,2.0,-27.36
2025-10-16 12:00:00,596,Viluppuram,3.25,-27.36
2025-10-16 13:00:00,596,Viluppuram,1.75,-27.36
2025-10-16 15:00:00,596,Viluppuram,1.0,-27.36
2025-10-16 16:00:00,596,Viluppuram,1.0,-27.36
2025-10-16 17:00:00,596,Viluppuram,0.5,-27.36
2025-10-16 22:00:00,596,Viluppuram,2.0,-27.36
2025-10-16 23:00:00,596,Viluppuram,3.0,-27.36
2025-10-17 00:00:00,596,Viluppuram,0.5,-27.36
2025-10-17 01:00:00,596,Viluppuram,0.5,-27.36
2025-10-17 05:00:00,596,Viluppuram,0.5,-27.36
2025-10-17 06:00:00,596,Viluppuram,0.5,-27.36
2025-10-17 08:00:00,596,Viluppuram,0.5,-27.36
2025-10-17 11:00:00,596,Viluppuram,0.5,-27.36
2025-10-17 15:00:00,596,Viluppuram,0.5,-27.36
2025-10-17 16:00:00,596,Viluppuram,3.0,-27.36
2025-10-17 18:00:00,596,Viluppuram,8.0,-27.36
2025-10-17 20:00:00,596,Viluppuram,0.5,-27.36
2025-10-17 22:00:00,596,Viluppuram,0.5,-27.36
2025-10-18 02:00:00,596,Viluppuram,8.5,-27.36
2025-10-18 06:00:00,596,Viluppuram,3.0,-27.36
2025-10-18 07:00:00,596,Viluppuram,1.75,-27.36
2025-10-18 08:00:00,596,Viluppuram,2.0,-27.36
2025-10-18 09:00:00,596,Viluppuram,0.8333333333333334,-27.36
2025-10-18 10:00:00,596,Viluppuram,0.5,-27.36
2025-10-18 14:00:00,596,Viluppuram,4.5,-27.36
2025-10-18 17:00:00,596,Viluppuram,2.0,-27.36
2025-10-18 19:00:00,596,Viluppuram,0.5,-27.36
2025-10-19 01:00:00,596,Viluppuram,0.5,-27.36
2025-10-19 04:00:00,596,Viluppuram,0.5,-27.36
2025-10-19 05:00:00,596,Viluppuram,0.5,-27.36
2025-10-19 06:00:00,596,Viluppuram,4.5,-27.36
2025-10-19 07:00:00,596,Viluppuram,4.5,-27.36
2025-10-19 08:00:00,596,Viluppuram,1.0,-27.36
2025-10-19 09:00:00,596,Viluppuram,0.5,-27.36
2025-10-19 10:00:00,596,Viluppuram,0.5,-27.36
2025-10-19 13:00:00,596,Viluppuram,0.5,-27.36
2025-10-19 15:00:00,596,Viluppuram,0.5,-27.36
2025-10-19 16:00:00,596,Viluppuram,23.5,-27.36
2025-10-19 18:00:00,596,Viluppuram,0.5,-27.36
2025-10-20 00:00:00,596,Viluppuram,0.5,-27.36
2025-10-20 01:00:00,596,Viluppuram,0.5,-27.36
2025-10-20 02:00:00,596,Viluppuram,0.5,-27.36
2025-10-20 05:00:00,596,Viluppuram,0.5,-27.36
2025-10-20 07:00:00,596,Viluppuram,0.5,-27.36
2025-10-20 08:00:00,596,Viluppuram,0.5,-27.36
2025-10-20 11:00:00,596,Viluppuram,0.5,-27.36
2025-10-20 13:00:00,596,Viluppuram,0.5,-27.36
2025-10-20 14:00:00,596,Viluppuram,1.5,-27.36
2025-10-20 15:00:00,596,Viluppuram,1.5,-27.36
2025-10-20 19:00:00,596,Viluppuram,0.5,-27.36
2025-10-20 20:00:00,596,Viluppuram,0.5,-27.36
2025-10-21 01:00:00,596,Viluppuram,0.5,-27.36
2025-10-21 07:00:00,596,Viluppuram,0.6666666666666666,-27.36
2025-10-21 08:00:00,596,Viluppuram,4.25,-27.36
2025-10-21 09:00:00,596,Viluppuram,8.75,-27.36
2025-10-21 10:00:00,596,Viluppuram,3.333333333333333,-27.36
2025-10-21 11:00:00,596,Viluppuram,2.5,-27.36
2025-10-21 12:00:00,596,Viluppuram,2.5,-27.36
2025-10-21 13:00:00,596,Viluppuram,6.75,-27.36
2025-10-21 14:00:00,596,Viluppuram,2.833333333333333,-27.36
2025-10-21 15:00:00,596,Viluppuram,1.25,-27.36
2025-10-21 17:00:00,596,Viluppuram,0.5,-27.36
2025-10-21 21:00:00,596,Viluppuram,4.0,-27.36
2025-10-21 22:00:00,596,Viluppuram,8.166666666666666,-27.36
2025-10-21 23:00:00,596,Viluppuram,3.25,-27.36
2025-10-22 00:00:00,596,Viluppuram,4.333333333333333,-27.36
2025-10-22 01:00:00,596,Viluppuram,20.666666666666668,-27.36
2025-10-22 02:00:00,596,Viluppuram,19.0,-27.36
2025-10-22 03:00:00,596,Viluppuram,12.833333333333334,-27.36
2025-10-22 04:00:00,596,Viluppuram,0.8333333333333334,-27.36
2025-10-22 05:00:00,596,Viluppuram,2.0,-27.36
2025-10-22 06:00:00,596,Viluppuram,1.5,-27.36
2025-10-22 07:00:00,596,Viluppuram,0.75,-27.36
2025-10-22 08:00:00,596,Viluppuram,1.0,-27.36
2025-10-22 09:00:00,596,Viluppuram,1.0,-27.36
2025-10-22 10:00:00,596,Viluppuram,0.75,-27.36
2025-10-22 11:00:00,596,Viluppuram,1.0,-27.36
2025-10-22 12:00:00,596,Viluppuram,2.0,-27.36
2025-10-22 13:00:00,596,Viluppuram,0.75,-27.36
2025-10-22 16:00:00,596,Viluppuram,1.25,-27.36
2025-10-22 17:00:00,596,Viluppuram,10.0,-27.36
2025-10-22 18:00:00,596,Viluppuram,2.1666666666666665,-27.36
2025-10-22 19:00:00,596,Viluppuram,0.5,-27.36
2025-10-22 21:00:00,596,Viluppuram,0.5,-27.36
2025-10-22 22:00:00,596,Viluppuram,13.333333333333334,-27.36
2025-10-22 23:00:00,596,Viluppuram,8.666666666666666,-27.36
2025-10-23 00:00:00,596,Viluppuram,12.25,-27.36
2025-10-23 01:00:00,596,Viluppuram,0.5,-27.36
2025-10-23 03:00:00,596,Viluppuram,0.5,-27.36
2025-10-23 04:00:00,596,Viluppuram,0.5,-27.394
2025-10-23 06:00:00,596,Viluppuram,0.5,-27.394
2025-10-23 08:00:00,596,Viluppuram,0.5,-27.394
2025-10-23 10:00:00,596,Viluppuram,0.5,-27.829
2025-10-23 12:00:00,596,Viluppuram,0.5,-27.829
2025-10-23 13:00:00,596,Viluppuram,0.5,-27.829
2025-10-23 15:00:00,596,Viluppuram,3.25,-27.829
2025-10-23 16:00:00,596,Viluppuram,0.5,-27.933
2025-10-23 18:00:00,596,Viluppuram,0.5,-27.933
2025-10-23 20:00:00,596,Viluppuram,0.5,-27.933
2025-10-23 21:00:00,596,Viluppuram,0.5,-27.933
2025-10-23 22:00:00,596,Viluppuram,0.5,-27.864
2025-10-24 02:00:00,596,Viluppuram,0.5,-27.864
2025-10-24 10:00:00,596,Viluppuram,0.5,-28.259
2025-10-24 13:00:00,596,Viluppuram,0.5,-28.259
2025-10-24 16:00:00,596,Viluppuram,0.5,-28.11
2025-10-24 19:00:00,596,Viluppuram,0.5,-28.11
2025-10-24 22:00:00,596,Viluppuram,0.5,-27.969
2025-10-25 01:00:00,596,Viluppuram,0.5,-27.969
2025-10-25 05:00:00,596,Viluppuram,0.5,-27.871
2025-10-25 08:00:00,596,Viluppuram,0.5,-27.871
2025-10-25 11:00:00,596,Viluppuram,0.5,-28.203
2025-10-25 14:00:00,596,Viluppuram,0.5,-28.203
2025-10-25 17:00:00,596,Viluppuram,0.5,-28.233
2025-10-25 18:00:00,596,Viluppuram,2.5,-28.233
2025-10-25 19:00:00,596,Viluppuram,1.25,-28.233
2025-10-25 20:00:00,596,Viluppuram,0.5,-28.233
2025-10-25 21:00:00,596,Viluppuram,0.75,-28.233
2025-10-25 22:00:00,596,Viluppuram,0.5,-28.042
2025-10-26 01:00:00,596,Viluppuram,0.5,-28.042
2025-10-26 05:00:00,596,Viluppuram,0.5,-27.938
2025-10-26 08:00:00,596,Viluppuram,0.5,-27.938
2025-10-26 15:00:00,596,Viluppuram,0.5,-28.248
2025-10-26 19:00:00,596,Viluppuram,19.0,-28.073
2025-10-26 20:00:00,596,Viluppuram,0.5,-28.073
2025-10-26 21:00:00,596,Viluppuram,0.5,-28.073
2025-10-26 23:00:00,596,Viluppuram,0.5,-27.961
2025-10-27 05:00:00,596,Viluppuram,0.5,-27.887
2025-10-27 08:00:00,596,Viluppuram,0.5,-27.887
2025-10-27 15:00:00,596,Viluppuram,0.5,-27.89
2025-10-27 17:00:00,596,Viluppuram,0.5,-27.7
2025-10-27 20:00:00,596,Viluppuram,0.5,-27.7
2025-10-27 23:00:00,596,Viluppuram,0.75,-27.571
2025-10-28 01:00:00,596,Viluppuram,0.5,-27.571
2025-10-28 02:00:00,596,Viluppuram,0.5,-27.571
2025-10-28 03:00:00,596,Viluppuram,0.5,-27.571
2025-10-28 07:00:00,596,Viluppuram,0.5,-27.394
2025-10-28 08:00:00,596,Viluppuram,0.5,-27.394
2025-10-28 10:00:00,596,Viluppuram,0.5,-27.532
2025-10-28 12:00:00,596,Viluppuram,0.5,-27.532
2025-10-28 21:00:00,596,Viluppuram,0.5,-27.523
2025-10-29 08:00:00,596,Viluppuram,0.5,-27.351
2025-10-29 15:00:00,596,Viluppuram,0.5,-27.832
2025-10-30 00:00:00,596,Viluppuram,0.5,-27.497
2025-10-30 11:00:00,596,Viluppuram,0.5,-27.508
2025-10-30 20:00:00,596,Viluppuram,0.5,-27.473
2025-10-31 08:00:00,596,Viluppuram,0.5,-27.358
2025-10-31 20:00:00,596,Viluppuram,0.5,-27.532
2025-11-01 08:00:00,596,Viluppuram,0.5,-27.337
2025-11-01 20:00:00,596,Viluppuram,0.5,-27.793
2025-11-02 09:00:00,596,Viluppuram,0.5,-27.44
2025-11-02 20:00:00,596,Viluppuram,6.5,-27.685
2025-11-02 21:00:00,596,Viluppuram,3.5,-27.685
2025-11-02 22:00:00,596,Viluppuram,0.75,-27.522
2025-11-02 23:00:00,596,Viluppuram,0.75,-27.522
2025-11-03 00:00:00,596,Viluppuram,5.5,-27.522
2025-11-03 01:00:00,596,Viluppuram,1.5,-27.522
2025-11-03 13:00:00,596,Viluppuram,0.5,-27.569
2025-11-03 22:00:00,596,Viluppuram,0.5,-27.346
2025-11-04 11:00:00,596,Viluppuram,0.5,-27.586
2025-11-04 19:00:00,596,Viluppuram,0.5,-27.553
2025-11-05 05:00:00,596,Viluppuram,0.5,-27.253
2025-11-05 11:00:00,596,Viluppuram,0.5,-27.556
2025-11-05 19:00:00,596,Viluppuram,0.5,-27.245
2025-11-05 22:00:00,596,Viluppuram,7.5,-27.075
2025-11-05 23:00:00,596,Viluppuram,2.5,-27.075
2025-11-06 00:00:00,596,Viluppuram,2.5,-27.075
2025-11-06 01:00:00,596,Viluppuram,0.5,-27.075
2025-11-06 02:00:00,596,Viluppuram,1.0,-27.075
2025-11-06 03:00:00,596,Viluppuram,1.25,-27.075
2025-11-06 04:00:00,596,Viluppuram,0.5,-25.645
2025-11-06 07:00:00,596,Viluppuram,0.5,-25.645
2025-11-06 08:00:00,596,Viluppuram,2.0,-25.645
2025-11-06 11:00:00,596,Viluppuram,0.5,-26.181
2025-11-06 12:00:00,596,Viluppuram,0.5,-26.181
2025-11-06 18:00:00,596,Viluppuram,0.5,-26.258
2025-11-06 20:00:00,596,Viluppuram,0.5,-26.258
2025-11-07 03:00:00,596,Viluppuram,0.5,-26.223
2025-11-07 08:00:00,596,Viluppuram,0.5,-26.214
2025-11-07 11:00:00,596,Viluppuram,0.5,-26.843
2025-11-07 12:00:00,596,Viluppuram,0.5,-26.843
2025-11-07 13:00:00,596,Viluppuram,0.5,-26.843
2025-11-07 14:00:00,596,Viluppuram,0.5,-26.843
2025-11-07 15:00:00,596,Viluppuram,5.0,-26.843
2025-11-07 16:00:00,596,Viluppuram,6.5,-26.154
2025-11-07 19:00:00,596,Viluppuram,0.5,-26.154
2025-11-08 01:00:00,596,Viluppuram,0.5,-26.145
2025-11-08 04:00:00,596,Viluppuram,0.5,-26.109
2025-11-08 07:00:00,596,Viluppuram,0.5,-26.109
2025-11-08 08:00:00,596,Viluppuram,1.0,-26.109
2025-11-08 09:00:00,596,Viluppuram,0.5,-26.109
2025-11-08 10:00:00,596,Viluppuram,1.0,-26.459
2025-11-08 11:00:00,596,Viluppuram,0.5,-26.459
2025-11-08 12:00:00,596,Viluppuram,0.5,-26.459
2025-11-08 13:00:00,596,Viluppuram,0.5,-26.459
2025-11-08 14:00:00,596,Viluppuram,0.5,-26.459
2025-11-08 16:00:00,596,Viluppuram,0.5,-26.449
2025-11-08 18:00:00,596,Viluppuram,0.5,-26.449
2025-11-08 22:00:00,596,Viluppuram,0.5,-26.342
2025-11-09 02:00:00,596,Viluppuram,0.5,-26.342
2025-11-09 03:00:00,596,Viluppuram,0.5,-26.342
2025-11-09 04:00:00,596,Viluppuram,0.5,-26.267
2025-11-09 05:00:00,596,Viluppuram,0.5,-26.267
2025-11-09 08:00:00,596,Viluppuram,0.5,-26.267
2025-11-09 10:00:00,596,Viluppuram,0.5,-26.58
2025-11-09 11:00:00,596,Viluppuram,1.0,-26.58
2025-11-09 12:00:00,596,Viluppuram,0.5,-26.58
2025-11-09 13:00:00,596,Viluppuram,0.5,-26.58
2025-11-09 14:00:00,596,Viluppuram,0.5,-26.58
2025-11-09 15:00:00,596,Viluppuram,0.5,-26.58
2025-11-09 17:00:00,596,Viluppuram,0.5,-26.423
2025-11-09 19:00:00,596,Viluppuram,0.5,-26.423
2025-11-09 21:00:00,596,Viluppuram,0.5,-26.423
2025-11-09 23:00:00,596,Viluppuram,0.5,-26.317
2025-11-10 00:00:00,596,Viluppuram,0.5,-26.317
2025-11-10 01:00:00,596,Viluppuram,1.0,-26.317
2025-11-10 02:00:00,596,Viluppuram,1.0,-26.317
2025-11-10 03:00:00,596,Viluppuram,1.0,-26.317
2025-11-10 04:00:00,596,Viluppuram,1.0,-26.22
2025-11-10 05:00:00,596,Viluppuram,0.5,-26.22
2025-11-10 06:00:00,596,Viluppuram,0.5,-26.22
2025-11-10 08:00:00,596,Viluppuram,0.5,-26.22
2025-11-10 10:00:00,596,Viluppuram,0.5,-26.432
2025-11-10 12:00:00,596,Viluppuram,0.5,-26.432
2025-11-10 13:00:00,596,Viluppuram,0.5,-26.432
2025-11-10 14:00:00,596,Viluppuram,0.5,-26.432
2025-11-10 16:00:00,596,Viluppuram,0.5,-26.677
2025-11-10 18:00:00,596,Viluppuram,0.5,-26.677
2025-11-10 20:00:00,596,Viluppuram,0.5,-26.677
2025-11-10 21:00:00,596,Viluppuram,0.5,-26.677
2025-11-10 23:00:00,596,Viluppuram,0.5,-26.582
2025-11-11 01:00:00,596,Viluppuram,0.5,-26.582
2025-11-11 02:00:00,596,Viluppuram,0.5,-26.582
2025-11-11 03:00:00,596,Viluppuram,1.0,-26.582
2025-11-11 04:00:00,596,Viluppuram,1.0,-26.393
2025-11-11 05:00:00,596,Viluppuram,1.0,-26.393
2025-11-11 06:00:00,596,Viluppuram,0.5,-26.393
2025-11-11 07:00:00,596,Viluppuram,1.0,-26.393
2025-11-11 08:00:00,596,Viluppuram,2.0,-26.393
2025-11-11 09:00:00,596,Viluppuram,1.0,-26.393
2025-11-11 10:00:00,596,Viluppuram,1.0,-26.649
2025-11-11 11:00:00,596,Viluppuram,0.5,-26.649
2025-11-11 12:00:00,596,Viluppuram,1.0,-26.649
2025-11-11 13:00:00,596,Viluppuram,0.5,-26.649
2025-11-11 14:00:00,596,Viluppuram,0.5,-26.649
2025-11-11 15:00:00,596,Viluppuram,0.5,-26.649
2025-11-11 17:00:00,596,Viluppuram,0.5,-26.477
2025-11-11 18:00:00,596,Viluppuram,1.5,-26.477
2025-11-11 21:00:00,596,Viluppuram,0.5,-26.477
2025-11-12 00:00:00,596,Viluppuram,0.5,-26.351
2025-11-12 01:00:00,596,Viluppuram,0.5,-26.351
2025-11-12 02:00:00,596,Viluppuram,1.0,-26.351
2025-11-12 03:00:00,596,Viluppuram,1.0,-26.351
2025-11-12 04:00:00,596,Viluppuram,0.5,-26.255
2025-11-12 05:00:00,596,Viluppuram,1.0,-26.255
2025-11-12 06:00:00,596,Viluppuram,0.5,-26.255
2025-11-12 07:00:00,596,Viluppuram,0.5,-26.255
2025-11-12 08:00:00,596,Viluppuram,1.0,-26.255
2025-11-12 09:00:00,596,Viluppuram,0.5,-26.255
2025-11-12 10:00:00,596,Viluppuram,1.0,-26.618
2025-11-12 11:00:00,596,Viluppuram,0.5,-26.618
2025-11-12 12:00:00,596,Viluppuram,0.5,-26.618
2025-11-12 13:00:00,596,Viluppuram,0.5,-26.618
2025-11-12 15:00:00,596,Viluppuram,0.5,-26.618
2025-11-12 19:00:00,596,Viluppuram,0.5,-26.572
2025-11-12 21:00:00,596,Viluppuram,0.5,-26.572
2025-11-12 23:00:00,596,Viluppuram,1.0,-26.572
2025-11-13 00:00:00,596,Viluppuram,1.0,-26.572
2025-11-13 01:00:00,596,Viluppuram,1.0,-26.572
2025-11-13 02:00:00,596,Viluppuram,1.0,-26.572
2025-11-13 03:00:00,596,Viluppuram,1.5,-26.572
2025-11-13 04:00:00,596,Viluppuram,0.5,-26.385
2025-11-13 05:00:00,596,Viluppuram,0.5,-26.385
2025-11-13 06:00:00,596,Viluppuram,0.5,-26.385
2025-11-13 08:00:00,596,Viluppuram,0.5,-26.385
2025-11-13 11:00:00,596,Viluppuram,0.5,-26.489
2025-11-13 13:00:00,596,Viluppuram,0.5,-26.489
2025-11-13 14:00:00,596,Viluppuram,0.5,-26.489
2025-11-13 15:00:00,596,Viluppuram,2.0,-26.489
2025-11-13 16:00:00,596,Viluppuram,0.5,-26.274
2025-11-13 19:00:00,596,Viluppuram,0.5,-26.274
2025-11-13 22:00:00,596,Viluppuram,0.5,-26.158
2025-11-13 23:00:00,596,Viluppuram,0.5,-26.158
2025-11-14 00:00:00,596,Viluppuram,0.5,-26.158
2025-11-14 01:00:00,596,Viluppuram,1.0,-26.158
2025-11-14 02:00:00,596,Viluppuram,0.5,-26.158
2025-11-14 03:00:00,596,Viluppuram,1.0,-26.158
2025-11-14 04:00:00,596,Viluppuram,0.5,-26.033
2025-11-14 05:00:00,596,Viluppuram,1.0,-26.033
2025-11-14 06:00:00,596,Viluppuram,0.5,-26.033
2025-11-14 07:00:00,596,Viluppuram,0.5,-26.033
2025-11-14 08:00:00,596,Viluppuram,0.5,-26.033
2025-11-14 09:00:00,596,Viluppuram,0.5,-26.033
2025-11-14 10:00:00,596,Viluppuram,0.5,-26.434
2025-11-14 11:00:00,596,Viluppuram,1.0,-26.434
2025-11-14 12:00:00,596,Viluppuram,0.5,-26.434
2025-11-14 13:00:00,596,Viluppuram,0.5,-26.434
2025-11-14 15:00:00,596,Viluppuram,0.5,-26.434
2025-11-14 16:00:00,596,Viluppuram,0.5,-26.276
2025-11-14 17:00:00,596,Viluppuram,1.0,-26.276
2025-11-14 18:00:00,596,Viluppuram,0.5,-26.276
2025-11-14 19:00:00,596,Viluppuram,0.5,-26.276
2025-11-14 22:00:00,596,Viluppuram,0.5,-26.154
2025-11-15 00:00:00,596,Viluppuram,0.5,-26.154
2025-11-15 01:00:00,596,Viluppuram,1.0,-26.154
2025-11-15 03:00:00,596,Viluppuram,0.5,-26.154
2025-11-15 04:00:00,596,Viluppuram,0.5,-26.046
2025-11-15 05:00:00,596,Viluppuram,0.5,-26.046
2025-11-15 07:00:00,596,Viluppuram,0.5,-26.046
2025-11-15 09:00:00,596,Viluppuram,0.5,-26.046
2025-11-15 10:00:00,596,Viluppuram,0.5,-26.304
2025-11-15 11:00:00,596,Viluppuram,0.5,-26.304
2025-11-15 12:00:00,596,Viluppuram,1.0,-26.304
2025-11-15 13:00:00,596,Viluppuram,0.5,-26.304
2025-11-15 14:00:00,596,Viluppuram,0.5,-26.304
2025-11-15 16:00:00,596,Viluppuram,0.5,-26.219
2025-11-15 19:00:00,596,Viluppuram,0.5,-26.219
2025-11-15 23:00:00,596,Viluppuram,0.5,-26.476
2025-11-16 01:00:00,596,Viluppuram,0.5,-26.476
2025-11-16 03:00:00,596,Viluppuram,0.5,-26.476
2025-11-16 04:00:00,596,Viluppuram,0.5,-26.597
2025-11-16 05:00:00,596,Viluppuram,0.5,-26.597
2025-11-16 07:00:00,596,Viluppuram,1.5,-26.597
2025-11-16 08:00:00,596,Viluppuram,1.0,-26.597
2025-11-16 09:00:00,596,Viluppuram,0.5,-26.597
2025-11-17 02:00:00,596,Viluppuram,0.5,-26.52
2025-11-17 03:00:00,596,Viluppuram,0.5,-26.52
2025-11-17 04:00:00,596,Viluppuram,0.5,-26.158
2025-11-17 05:00:00,596,Viluppuram,0.5,-26.158
2025-11-17 06:00:00,596,Viluppuram,3.5,-26.158
2025-11-17 07:00:00,596,Viluppuram,1.0,-26.158
2025-11-17 08:00:00,596,Viluppuram,1.0,-26.158
2025-11-17 09:00:00,596,Viluppuram,1.5,-26.158
2025-11-17 10:00:00,596,Viluppuram,0.5,-25.269
2025-11-17 18:00:00,596,Viluppuram,0.5,-25.287
2025-11-17 19:00:00,596,Viluppuram,1.5,-25.287
2025-11-18 00:00:00,596,Viluppuram,1.5,-25.225
2025-11-18 01:00:00,596,Viluppuram,4.0,-25.225
2025-11-18 02:00:00,596,Viluppuram,1.75,-25.225
2025-11-18 04:00:00,596,Viluppuram,0.5,-24.951
2025-11-18 05:00:00,596,Viluppuram,1.0,-24.951
2025-11-18 06:00:00,596,Viluppuram,1.0,-24.951
2025-11-18 07:00:00,596,Viluppuram,2.0,-24.951
2025-11-18 08:00:00,596,Viluppuram,3.25,-24.951
2025-11-18 09:00:00,596,Viluppuram,0.6666666666666666,-24.951
2025-11-18 10:00:00,596,Viluppuram,1.3333333333333333,-24.584
2025-11-18 11:00:00,596,Viluppuram,0.5,-24.584
2025-11-18 13:00:00,596,Viluppuram,3.0,-24.584
2025-11-18 15:00:00,596,Viluppuram,2.0,-24.584
2025-11-18 16:00:00,596,Viluppuram,4.5,-24.767
2025-11-18 17:00:00,596,Viluppuram,0.6666666666666666,-24.767
2025-11-18 18:00:00,596,Viluppuram,0.75,-24.767
2025-11-18 22:00:00,596,Viluppuram,0.5,-24.8
2025-11-21 13:00:00,596,Viluppuram,3.5,-3.89275
2025-11-21 14:00:00,596,Viluppuram,9.0,-3.89275
2025-11-21 16:00:00,596,Viluppuram,1.0,-3.86575
2025-11-22 02:00:00,596,Viluppuram,1.25,-3.8455
2025-11-22 03:00:00,596,Viluppuram,7.5,-3.8455
2025-11-22 06:00:00,596,Viluppuram,0.75,-3.809875
2025-11-22 07:00:00,596,Viluppuram,2.5,-3.809875
2025-11-22 13:00:00,596,Viluppuram,0.75,-3.858375
2025-11-22 14:00:00,596,Viluppuram,0.5,-3.858375
2025-11-22 16:00:00,596,Viluppuram,0.5,-3.837
2025-11-22 17:00:00,596,Viluppuram,2.0,-3.837
2025-11-23 00:00:00,596,Viluppuram,0.5,-3.820875
2025-11-23 02:00:00,596,Viluppuram,3.0,-3.820875
2025-11-23 03:00:00,596,Viluppuram,1.0,-3.820875
2025-11-23 04:00:00,596,Viluppuram,3.0,-3.747875
2025-11-23 05:00:00,596,Viluppuram,1.25,-3.747875
2025-11-23 06:00:00,596,Viluppuram,13.5,-3.747875
2025-11-23 07:00:00,596,Viluppuram,9.5,-3.747875
2025-11-23 08:00:00,596,Viluppuram,0.75,-3.747875
2025-11-23 09:00:00,596,Viluppuram,4.0,-3.747875
2025-11-23 10:00:00,596,Viluppuram,1.75,-3.606625
2025-11-23 11:00:00,596,Viluppuram,3.0,-3.606625
2025-11-24 04:00:00,596,Viluppuram,1.25,-0.7164285714285713
2025-11-24 08:00:00,596,Viluppuram,0.5,-0.7164285714285713
2025-11-24 11:00:00,596,Viluppuram,2.0,-0.7244285714285714
2025-11-24 13:00:00,596,Viluppuram,0.5,-0.7244285714285714
2025-11-24 14:00:00,596,Viluppuram,1.0,-0.7244285714285714
2025-11-24 15:00:00,596,Viluppuram,0.5,-0.7244285714285714
2025-11-30 00:00:00,596,Viluppuram,0.75,-1.7336666666666665
2025-11-30 01:00:00,596,Viluppuram,0.5,-1.7336666666666665
2025-11-30 02:00:00,596,Viluppuram,1.25,-1.7336666666666665
2025-11-30 03:00:00,596,Viluppuram,0.75,-1.7336666666666665
2025-11-30 04:00:00,596,Viluppuram,1.0,-2.765
2025-11-30 05:00:00,596,Viluppuram,2.25,-2.765
2025-11-30 06:00:00,596,Viluppuram,1.0,-2.765
2025-11-30 07:00:00,596,Viluppuram,0.5,-2.765
2025-11-30 09:00:00,596,Viluppuram,0.75,-2.765
2025-11-30 12:00:00,596,Viluppuram,1.0,-2.735
2025-11-30 19:00:00,596,Viluppuram,0.5,-2.74
2025-11-30 20:00:00,596,Viluppuram,0.5,-2.74
2025-12-01 08:00:00,596,Viluppuram,0.5,-3.310625
2025-12-02 10:00:00,596,Viluppuram,0.5,-3.363875
2025-12-02 22:00:00,596,Viluppuram,0.75,-3.329625
2025-12-02 23:00:00,596,Viluppuram,7.25,-3.329625
2025-12-03 00:00:00,596,Viluppuram,2.0,-3.329625
2025-12-03 01:00:00,596,Viluppuram,1.375,-3.329625
2025-12-03 02:00:00,596,Viluppuram,2.25,-3.329625
2025-12-03 03:00:00,596,Viluppuram,6.375,-3.329625
2025-12-03 04:00:00,596,Viluppuram,3.125,-3.268
2025-12-03 05:00:00,596,Viluppuram,3.5,-3.268
2025-12-03 06:00:00,596,Viluppuram,11.166666666666666,-3.268
2025-12-03 07:00:00,596,Viluppuram,64.0,-3.268
2025-12-03 08:00:00,596,Viluppuram,1.0,-3.268
2025-12-03 09:00:00,596,Viluppuram,0.5,-3.268
2025-12-03 11:00:00,596,Viluppuram,0.5,-3.067
2025-12-03 13:00:00,596,Viluppuram,0.5,-3.067
2025-12-03 14:00:00,596,Viluppuram,0.5,-3.067
2025-12-03 15:00:00,596,Viluppuram,0.5,-3.067
2025-12-03 16:00:00,596,Viluppuram,0.5,-3.0343750000000003
2025-12-03 18:00:00,596,Viluppuram,1.5,-3.0343750000000003
2025-12-03 19:00:00,596,Viluppuram,4.5,-3.0343750000000003
2025-12-03 20:00:00,596,Viluppuram,2.0,-3.0343750000000003
2025-12-03 21:00:00,596,Viluppuram,9.833333333333334,-3.0343750000000003
2025-12-03 22:00:00,596,Viluppuram,13.5,-3.00175
2025-12-03 23:00:00,596,Viluppuram,0.5,-3.00175
2025-12-04 01:00:00,596,Viluppuram,0.5,-3.00175
2025-12-04 14:00:00,596,Viluppuram,2.0,-2.939142857142857
2025-12-04 15:00:00,596,Viluppuram,4.0,-2.939142857142857
2025-12-04 16:00:00,596,Viluppuram,2.0,0.3711666666666667
2025-12-04 17:00:00,596,Viluppuram,0.5,0.3711666666666667
2025-12-04 18:00:00,596,Viluppuram,1.5,0.3711666666666667
2025-12-05 02:00:00,596,Viluppuram,0.5,-2.880857142857143
2025-12-05 05:00:00,596,Viluppuram,1.5,-2.99625
2025-12-05 07:00:00,596,Viluppuram,3.0,-2.99625
2025-12-05 08:00:00,596,Viluppuram,0.5,-2.99625
2025-12-05 09:00:00,596,Viluppuram,1.5,-2.99625
2025-12-16 13:00:00,596,Viluppuram,0.5,-3.30825
2025-12-16 14:00:00,596,Viluppuram,1.5,-3.30825
2025-12-16 16:00:00,596,Viluppuram,1.25,-0.4941428571428571
2025-12-16 17:00:00,596,Viluppuram,1.0,-0.4941428571428571
2025-12-16 18:00:00,596,Viluppuram,3.5,-0.4941428571428571
2025-12-16 19:00:00,596,Viluppuram,3.25,-0.4941428571428571
2025-12-16 20:00:00,596,Viluppuram,1.25,-0.4941428571428571
2025-12-16 21:00:00,596,Viluppuram,1.0,-0.4941428571428571
2025-12-25 20:00:00,596,Viluppuram,0.5,-3.575375
2026-01-04 09:00:00,596,Viluppuram,0.5,-3.867944444444445
2026-01-10 01:00:00,596,Viluppuram,1.0,-0.672
2026-01-12 07:00:00,596,Viluppuram,1.5,-6.406066666666667
2026-01-12 08:00:00,596,Viluppuram,2.0,-6.406066666666667
2026-01-12 09:00:00,596,Viluppuram,0.5,-6.406066666666667
2026-01-12 11:00:00,596,Viluppuram,0.5,-6.1365625
2026-01-12 22:00:00,596,Viluppuram,0.5,-6.134
2026-01-23 19:00:00,596,Viluppuram,0.5,-6.501600000000001
2026-01-23 20:00:00,596,Viluppuram,0.5,-6.501600000000001
2026-01-23 21:00:00,596,Viluppuram,0.5,-6.501600000000001
2026-01-23 22:00:00,596,Viluppuram,0.5,-6.137380952380952
2026-01-23 23:00:00,596,Viluppuram,0.5,-6.137380952380952
2026-01-24 00:00:00,596,Viluppuram,0.5,-6.137380952380952
2026-01-24 09:00:00,596,Viluppuram,0.5,-6.039380952380952
2026-01-24 10:00:00,596,Viluppuram,0.5,-5.986857142857143
2026-01-24 11:00:00,596,Viluppuram,0.5,-5.986857142857143
2026-01-24 12:00:00,596,Viluppuram,0.5,-5.986857142857143
2026-01-24 14:00:00,596,Viluppuram,0.5,-5.986857142857143
2026-01-24 17:00:00,596,Viluppuram,0.5,-4.89385
2026-01-24 18:00:00,596,Viluppuram,0.5,-4.89385
2026-01-24 19:00:00,596,Viluppuram,0.5,-4.89385
2026-01-25 03:00:00,596,Viluppuram,0.5,-4.88255
2026-01-25 04:00:00,596,Viluppuram,0.5,-5.838416666666667
2026-01-25 05:00:00,596,Viluppuram,1.1666666666666667,-5.838416666666667
2026-01-25 06:00:00,596,Viluppuram,0.8333333333333334,-5.838416666666667
2026-01-25 07:00:00,596,Viluppuram,1.5,-5.838416666666667
2026-01-25 08:00:00,596,Viluppuram,2.6666666666666665,-5.838416666666667
2026-01-25 09:00:00,596,Viluppuram,1.1666666666666667,-5.838416666666667
2026-01-25 10:00:00,596,Viluppuram,0.8333333333333334,-5.817083333333333
2026-01-25 11:00:00,596,Viluppuram,1.75,-5.817083333333333
2026-01-25 12:00:00,596,Viluppuram,1.6666666666666667,-5.817083333333333
2026-01-25 13:00:00,596,Viluppuram,0.75,-5.817083333333333
2026-01-25 16:00:00,596,Viluppuram,0.5,-3.9927272727272727
2026-01-25 17:00:00,596,Viluppuram,0.5,-3.9927272727272727
2026-01-25 18:00:00,596,Viluppuram,0.6666666666666666,-3.9927272727272727
2026-01-25 19:00:00,596,Viluppuram,0.5,-3.9927272727272727
2026-01-25 20:00:00,596,Viluppuram,1.1666666666666667,-3.9927272727272727
2026-01-25 21:00:00,596,Viluppuram,1.1666666666666667,-3.9927272727272727
2026-01-25 22:00:00,596,Viluppuram,1.1666666666666667,-5.433380952380952
2026-01-25 23:00:00,596,Viluppuram,2.0,-5.433380952380952
2026-01-26 03:00:00,596,Viluppuram,1.5,-5.433380952380952
2026-02-18 16:00:00,596,Viluppuram,0.5,-24.056
2026-03-18 23:00:00,596,Viluppuram,0.5,-8.579380952380953
2026-03-19 00:00:00,596,Viluppuram,26.0,-8.579380952380953
2026-03-19 01:00:00,596,Viluppuram,13.5,-8.579380952380953
2026-03-19 04:00:00,596,Viluppuram,0.5,-8.41990476190476
2022-04-16 18:00:00,597,Virudhunagar,5.0,-2.986
2022-04-17 14:00:00,597,Virudhunagar,7.5,-2.986
2022-04-17 15:00:00,597,Virudhunagar,2.5,-2.986
2022-04-17 16:00:00,597,Virudhunagar,7.333333333333333,-2.986
2022-04-17 17:00:00,597,Virudhunagar,4.25,-2.986
2022-04-17 18:00:00,597,Virudhunagar,9.166666666666666,-2.986
2022-04-17 19:00:00,597,Virudhunagar,0.75,-2.986
2022-04-17 20:00:00,597,Virudhunagar,1.0,-2.986
2022-04-17 21:00:00,597,Virudhunagar,1.0,-2.986
2022-04-17 22:00:00,597,Virudhunagar,0.75,-2.986
2022-04-17 23:00:00,597,Virudhunagar,0.5,-2.986
2022-04-18 19:00:00,597,Virudhunagar,6.0,-2.986
2022-04-18 20:00:00,597,Virudhunagar,5.0,-2.986
2022-04-18 21:00:00,597,Virudhunagar,0.5,-2.986
2022-04-22 07:00:00,597,Virudhunagar,6.0,-2.986
2022-04-22 15:00:00,597,Virudhunagar,0.5,-2.986
2022-04-22 19:00:00,597,Virudhunagar,3.5,-2.986
2022-04-23 03:00:00,597,Virudhunagar,1.25,-2.986
2022-04-23 04:00:00,597,Virudhunagar,3.25,-2.986
2022-04-23 05:00:00,597,Virudhunagar,0.5,-2.986
2022-04-23 08:00:00,597,Virudhunagar,0.5,-2.986
2022-04-23 09:00:00,597,Virudhunagar,0.5,-2.986
2022-04-23 10:00:00,597,Virudhunagar,1.5,-2.986
2022-04-23 11:00:00,597,Virudhunagar,0.5,-2.986
2022-04-23 18:00:00,597,Virudhunagar,4.5,-2.986
2022-04-23 19:00:00,597,Virudhunagar,22.0,-2.986
2022-04-24 05:00:00,597,Virudhunagar,0.5,-2.973
2022-04-24 20:00:00,597,Virudhunagar,1.0,-3.053
2022-05-01 09:00:00,597,Virudhunagar,1.0,-3.128
2022-05-01 19:00:00,597,Virudhunagar,17.5,-3.169
2022-05-01 20:00:00,597,Virudhunagar,0.5,-3.169
2022-05-02 09:00:00,597,Virudhunagar,1.0,-3.145
2022-06-03 18:00:00,597,Virudhunagar,4.5,-3.19
2022-06-05 19:00:00,597,Virudhunagar,4.0,-3.241
2022-06-08 18:00:00,597,Virudhunagar,2.0,-3.257
2022-06-08 19:00:00,597,Virudhunagar,5.5,-3.257
2022-06-08 20:00:00,597,Virudhunagar,0.5,-3.257
2022-06-09 18:00:00,597,Virudhunagar,9.0,-3.313
2022-06-12 16:00:00,597,Virudhunagar,8.0,-3.399
2022-06-12 17:00:00,597,Virudhunagar,2.5,-3.399
2022-06-12 18:00:00,597,Virudhunagar,2.0,-3.399
2022-06-13 18:00:00,597,Virudhunagar,11.0,-3.444
2022-06-13 19:00:00,597,Virudhunagar,48.25,-3.444
2022-06-13 20:00:00,597,Virudhunagar,1.25,-3.444
2022-06-14 07:00:00,597,Virudhunagar,0.5,-3.409
2022-06-14 15:00:00,597,Virudhunagar,12.0,-3.432
2022-06-14 16:00:00,597,Virudhunagar,3.0,-3.442
2022-06-14 18:00:00,597,Virudhunagar,1.0,-3.442
2022-06-15 16:00:00,597,Virudhunagar,4.0,-3.474
2022-06-15 18:00:00,597,Virudhunagar,8.5,-3.474
2022-06-15 19:00:00,597,Virudhunagar,0.75,-3.474
2022-06-15 20:00:00,597,Virudhunagar,0.5,-3.474
2022-06-15 21:00:00,597,Virudhunagar,0.75,-3.474
2022-06-15 22:00:00,597,Virudhunagar,0.625,-3.474
2022-06-15 23:00:00,597,Virudhunagar,0.5,-3.474
2022-06-18 02:00:00,597,Virudhunagar,0.5,-3.151
2022-06-18 15:00:00,597,Virudhunagar,0.5,-3.187
2022-06-18 17:00:00,597,Virudhunagar,0.5,-3.15
2022-06-18 18:00:00,597,Virudhunagar,1.5,-3.15
2022-06-18 19:00:00,597,Virudhunagar,0.5,-3.15
2022-06-19 16:00:00,597,Virudhunagar,1.0,-3.195
2022-06-19 17:00:00,597,Virudhunagar,0.5,-3.195
2022-06-19 18:00:00,597,Virudhunagar,31.0,-3.195
2022-06-19 19:00:00,597,Virudhunagar,11.5,-3.195
2022-06-20 07:00:00,597,Virudhunagar,0.5,-3.182
2022-06-20 20:00:00,597,Virudhunagar,2.0,-3.215
2022-06-21 00:00:00,597,Virudhunagar,0.5,-3.215
2022-06-21 20:00:00,597,Virudhunagar,6.0,-3.231
2022-06-30 17:00:00,597,Virudhunagar,0.5,-3.502
2022-07-02 19:00:00,597,Virudhunagar,0.5,-3.576
2022-07-02 21:00:00,597,Virudhunagar,1.0,-3.576
2022-07-03 15:00:00,597,Virudhunagar,12.0,-3.558
2022-07-03 16:00:00,597,Virudhunagar,5.0,-3.549
2022-07-06 10:00:00,597,Virudhunagar,0.5,-3.603
2022-07-07 10:00:00,597,Virudhunagar,1.0,-3.641
2022-07-07 12:00:00,597,Virudhunagar,1.0,-3.641
2022-07-11 19:00:00,597,Virudhunagar,7.0,-3.739
2022-07-13 14:00:00,597,Virudhunagar,0.5,-3.787
2022-07-13 17:00:00,597,Virudhunagar,0.5,-3.787
2022-07-14 01:00:00,597,Virudhunagar,0.5,-3.767
2022-07-26 16:00:00,597,Virudhunagar,0.5,-3.728
2022-07-26 18:00:00,597,Virudhunagar,0.5,-3.728
2022-07-26 19:00:00,597,Virudhunagar,0.5,-3.728
2022-07-26 20:00:00,597,Virudhunagar,9.0,-3.728
2022-07-26 21:00:00,597,Virudhunagar,1.75,-3.728
2022-07-26 22:00:00,597,Virudhunagar,0.875,-3.721
2022-07-26 23:00:00,597,Virudhunagar,1.1,-3.721
2022-07-27 00:00:00,597,Virudhunagar,1.5,-3.721
2022-07-27 01:00:00,597,Virudhunagar,0.5,-3.721
2022-07-27 02:00:00,597,Virudhunagar,0.5,-3.721
2022-07-27 03:00:00,597,Virudhunagar,0.5,-3.721
2022-07-27 06:00:00,597,Virudhunagar,0.5,-3.721
2022-07-27 17:00:00,597,Virudhunagar,3.0,-3.717
2022-07-27 18:00:00,597,Virudhunagar,8.0,-3.717
2022-07-27 19:00:00,597,Virudhunagar,4.125,-3.717
2022-07-27 20:00:00,597,Virudhunagar,4.875,-3.717
2022-07-27 21:00:00,597,Virudhunagar,0.625,-3.717
2022-07-28 06:00:00,597,Virudhunagar,0.5,-3.693
2022-07-28 07:00:00,597,Virudhunagar,0.625,-3.693
2022-07-28 08:00:00,597,Virudhunagar,0.5,-3.693
2022-07-28 12:00:00,597,Virudhunagar,0.5,-3.583
2022-07-30 18:00:00,597,Virudhunagar,7.0,-3.598
2022-07-30 19:00:00,597,Virudhunagar,1.0,-3.598
2022-07-30 20:00:00,597,Virudhunagar,9.0,-3.598
2022-07-30 21:00:00,597,Virudhunagar,10.125,-3.598
2022-07-30 22:00:00,597,Virudhunagar,1.4,-3.551
2022-07-30 23:00:00,597,Virudhunagar,1.25,-3.551
2022-07-31 06:00:00,597,Virudhunagar,0.5,-3.523
2022-07-31 23:00:00,597,Virudhunagar,3.25,-3.522
2022-08-01 00:00:00,597,Virudhunagar,1.375,-3.522
2022-08-01 14:00:00,597,Virudhunagar,5.0,-3.521
2022-08-01 16:00:00,597,Virudhunagar,1.0,-3.378
2022-08-01 17:00:00,597,Virudhunagar,15.75,-3.378
2022-08-01 18:00:00,597,Virudhunagar,1.0,-3.378
2022-08-01 19:00:00,597,Virudhunagar,1.0,-3.378
2022-08-02 09:00:00,597,Virudhunagar,0.5,-3.298
2022-08-02 18:00:00,597,Virudhunagar,2.5,-3.331
2022-08-03 16:00:00,597,Virudhunagar,3.5,-3.358
2022-08-03 17:00:00,597,Virudhunagar,10.0,-3.358
2022-08-03 18:00:00,597,Virudhunagar,8.5,-3.358
2022-08-03 19:00:00,597,Virudhunagar,0.5,-3.358
2022-08-04 01:00:00,597,Virudhunagar,1.25,-3.364
2022-08-04 02:00:00,597,Virudhunagar,3.333333333333333,-3.364
2022-08-04 03:00:00,597,Virudhunagar,2.0,-3.364
2022-08-04 04:00:00,597,Virudhunagar,0.5,-3.364
2022-08-04 05:00:00,597,Virudhunagar,0.75,-3.364
2022-08-04 06:00:00,597,Virudhunagar,0.5,-3.364
2022-08-04 08:00:00,597,Virudhunagar,1.0,-3.364
2022-08-04 09:00:00,597,Virudhunagar,1.5,-3.364
2022-08-04 12:00:00,597,Virudhunagar,0.5,-3.331
2022-08-17 19:00:00,597,Virudhunagar,0.5,-3.663
2022-08-18 00:00:00,597,Virudhunagar,7.0,-3.643
2022-08-18 01:00:00,597,Virudhunagar,5.0,-3.643
2022-08-18 17:00:00,597,Virudhunagar,2.0,-3.807
2022-08-18 18:00:00,597,Virudhunagar,30.25,-3.807
2022-08-18 19:00:00,597,Virudhunagar,6.0,-3.807
2022-08-18 20:00:00,597,Virudhunagar,1.0,-3.807
2022-08-18 21:00:00,597,Virudhunagar,0.5,-3.807
2022-08-18 22:00:00,597,Virudhunagar,0.8333333333333334,-3.634
2022-08-18 23:00:00,597,Virudhunagar,0.5,-3.634
2022-08-19 19:00:00,597,Virudhunagar,0.5,-3.621
2022-08-20 20:00:00,597,Virudhunagar,16.75,-3.607
2022-08-21 07:00:00,597,Virudhunagar,0.5,-3.583
2022-08-22 15:00:00,597,Virudhunagar,0.5,-3.641
2022-08-23 16:00:00,597,Virudhunagar,0.5,-3.687
2022-08-23 17:00:00,597,Virudhunagar,12.5,-3.687
2022-08-23 18:00:00,597,Virudhunagar,28.0,-3.687
2022-08-23 19:00:00,597,Virudhunagar,2.0,-3.687
2022-08-23 20:00:00,597,Virudhunagar,0.5,-3.687
2022-08-25 14:00:00,597,Virudhunagar,4.0,-3.705
2022-08-25 17:00:00,597,Virudhunagar,22.75,-3.704
2022-08-25 18:00:00,597,Virudhunagar,4.0,-3.704
2022-08-25 19:00:00,597,Virudhunagar,0.5,-3.704
2022-08-26 11:00:00,597,Virudhunagar,0.5,-3.696
2022-08-26 18:00:00,597,Virudhunagar,0.5,-3.747
2022-08-26 23:00:00,597,Virudhunagar,0.5,-3.705
2022-08-27 00:00:00,597,Virudhunagar,5.375,-3.705
2022-08-27 01:00:00,597,Virudhunagar,9.9,-3.705
2022-08-27 02:00:00,597,Virudhunagar,8.125,-3.705
2022-08-27 03:00:00,597,Virudhunagar,2.0,-3.705
2022-08-27 06:00:00,597,Virudhunagar,0.5,-3.665
2022-08-27 18:00:00,597,Virudhunagar,1.25,-3.672
2022-08-28 07:00:00,597,Virudhunagar,0.5,-3.659
2022-08-28 09:00:00,597,Virudhunagar,2.5,-3.659
2022-08-28 16:00:00,597,Virudhunagar,21.5,-3.759
2022-08-28 17:00:00,597,Virudhunagar,0.5,-3.759
2022-08-29 14:00:00,597,Virudhunagar,0.5,-3.578
2022-08-29 15:00:00,597,Virudhunagar,3.5,-3.578
2022-08-29 16:00:00,597,Virudhunagar,7.0,-3.578
2022-08-29 17:00:00,597,Virudhunagar,0.5,-3.578
2022-08-29 18:00:00,597,Virudhunagar,1.5,-3.578
2022-08-29 19:00:00,597,Virudhunagar,2.0,-3.578
2022-08-30 06:00:00,597,Virudhunagar,0.5,-3.521
2022-08-30 16:00:00,597,Virudhunagar,1.75,-3.529
2022-08-30 17:00:00,597,Virudhunagar,3.5,-3.529
2022-08-30 18:00:00,597,Virudhunagar,5.5,-3.529
2022-08-30 19:00:00,597,Virudhunagar,14.25,-3.529
2022-08-30 20:00:00,597,Virudhunagar,3.6666666666666665,-3.529
2022-08-30 21:00:00,597,Virudhunagar,1.875,-3.529
2022-08-30 22:00:00,597,Virudhunagar,1.0,-3.524
2022-08-30 23:00:00,597,Virudhunagar,0.5,-3.524
2022-08-31 00:00:00,597,Virudhunagar,3.0,-3.524
2022-08-31 01:00:00,597,Virudhunagar,1.5,-3.524
2022-08-31 02:00:00,597,Virudhunagar,0.6666666666666666,-3.524
2022-08-31 03:00:00,597,Virudhunagar,0.5,-3.524
2022-08-31 04:00:00,597,Virudhunagar,0.5,-3.48
2022-08-31 15:00:00,597,Virudhunagar,0.5,-3.481
2022-08-31 16:00:00,597,Virudhunagar,0.5,-3.482
2022-08-31 20:00:00,597,Virudhunagar,0.75,-3.482
2022-08-31 21:00:00,597,Virudhunagar,0.5,-3.482
2022-08-31 23:00:00,597,Virudhunagar,0.5,-3.459
2022-09-01 10:00:00,597,Virudhunagar,0.5,-3.522
2022-09-01 11:00:00,597,Virudhunagar,0.5,-3.522
2022-09-01 12:00:00,597,Virudhunagar,0.5,-3.522
2022-09-01 13:00:00,597,Virudhunagar,0.5,-3.522
2022-09-01 19:00:00,597,Virudhunagar,0.5,-3.522
2022-09-01 20:00:00,597,Virudhunagar,0.5,-3.522
2022-09-02 07:00:00,597,Virudhunagar,0.5,-3.447
2022-09-02 18:00:00,597,Virudhunagar,21.5,-3.408
2022-09-02 19:00:00,597,Virudhunagar,12.75,-3.408
2022-09-02 20:00:00,597,Virudhunagar,0.5,-3.408
2022-09-04 18:00:00,597,Virudhunagar,5.5,-3.129
2022-09-04 19:00:00,597,Virudhunagar,22.0,-3.129
2022-09-04 20:00:00,597,Virudhunagar,8.5,-3.129
2022-09-04 21:00:00,597,Virudhunagar,1.5,-3.129
2022-09-04 22:00:00,597,Virudhunagar,1.5,-2.874
2022-09-04 23:00:00,597,Virudhunagar,3.8333333333333335,-2.874
2022-09-05 00:00:00,597,Virudhunagar,1.3333333333333333,-2.874
2022-09-05 01:00:00,597,Virudhunagar,0.5,-2.874
2022-09-05 17:00:00,597,Virudhunagar,9.5,-2.904
2022-09-05 18:00:00,597,Virudhunagar,2.5,-2.904
2022-09-05 19:00:00,597,Virudhunagar,0.5,-2.904
2022-09-06 07:00:00,597,Virudhunagar,0.5,-2.912
2022-09-08 03:00:00,597,Virudhunagar,0.5,-2.99
2022-09-11 05:00:00,597,Virudhunagar,0.5,-3.08
2022-09-11 09:00:00,597,Virudhunagar,3.5,-3.08
2022-09-16 06:00:00,597,Virudhunagar,0.5,-3.162
2022-09-16 19:00:00,597,Virudhunagar,2.0,-3.174
2022-09-16 20:00:00,597,Virudhunagar,6.333333333333333,-3.174
2022-09-18 17:00:00,597,Virudhunagar,0.5,-3.202
2022-09-18 18:00:00,597,Virudhunagar,21.166666666666668,-3.202
2022-09-18 19:00:00,597,Virudhunagar,2.625,-3.202
2022-09-18 20:00:00,597,Virudhunagar,0.5,-3.202
2022-09-25 21:00:00,597,Virudhunagar,1.0,-3.125
2022-09-25 22:00:00,597,Virudhunagar,15.0,-3.286
2022-09-25 23:00:00,597,Virudhunagar,2.5,-3.286
2022-09-27 19:00:00,597,Virudhunagar,15.0,-3.147
2022-09-27 20:00:00,597,Virudhunagar,3.0,-3.147
2022-10-03 18:00:00,597,Virudhunagar,1.0,-3.412
2022-10-05 15:00:00,597,Virudhunagar,2.0,-3.316
2022-10-05 16:00:00,597,Virudhunagar,2.0,-3.327
2022-10-08 19:00:00,597,Virudhunagar,1.5,-3.407
2022-10-08 20:00:00,597,Virudhunagar,5.0,-3.407
2022-10-08 21:00:00,597,Virudhunagar,0.5,-3.407
2022-10-08 22:00:00,597,Virudhunagar,0.5,-3.377
2022-10-08 23:00:00,597,Virudhunagar,1.875,-3.377
2022-10-09 00:00:00,597,Virudhunagar,7.0,-3.377
2022-10-09 01:00:00,597,Virudhunagar,11.0,-3.377
2022-10-09 02:00:00,597,Virudhunagar,4.833333333333333,-3.377
2022-10-09 04:00:00,597,Virudhunagar,0.5,-3.348
2022-10-09 05:00:00,597,Virudhunagar,1.0,-3.348
2022-10-09 06:00:00,597,Virudhunagar,0.75,-3.348
2022-10-10 04:00:00,597,Virudhunagar,5.5,-3.339
2022-10-10 05:00:00,597,Virudhunagar,14.5,-3.339
2022-10-10 06:00:00,597,Virudhunagar,0.75,-3.339
2022-10-10 07:00:00,597,Virudhunagar,0.5,-3.339
2022-10-10 17:00:00,597,Virudhunagar,34.5,-3.388
2022-10-10 18:00:00,597,Virudhunagar,1.5,-3.388
2022-10-10 19:00:00,597,Virudhunagar,7.0,-3.388
2022-10-10 20:00:00,597,Virudhunagar,1.0,-3.388
2022-10-13 00:00:00,597,Virudhunagar,0.5,-3.41
2022-10-13 01:00:00,597,Virudhunagar,23.75,-3.41
2022-10-13 16:00:00,597,Virudhunagar,10.0,-3.389
2022-10-13 19:00:00,597,Virudhunagar,4.0,-3.389
2022-10-13 21:00:00,597,Virudhunagar,2.0,-3.389
2022-10-14 17:00:00,597,Virudhunagar,0.5,-3.362
2022-10-14 18:00:00,597,Virudhunagar,5.333333333333333,-3.362
2022-10-14 19:00:00,597,Virudhunagar,2.625,-3.362
2022-10-15 00:00:00,597,Virudhunagar,0.5,-3.31
2022-10-15 01:00:00,597,Virudhunagar,1.5,-3.31
2022-10-15 02:00:00,597,Virudhunagar,1.0,-3.31
2022-10-15 03:00:00,597,Virudhunagar,1.0,-3.31
2022-10-15 04:00:00,597,Virudhunagar,0.5,-3.353
2022-10-15 05:00:00,597,Virudhunagar,0.5,-3.353
2022-10-15 06:00:00,597,Virudhunagar,0.5,-3.353
2022-10-15 10:00:00,597,Virudhunagar,0.5,-3.4
2022-10-16 19:00:00,597,Virudhunagar,2.5,-3.295
2022-10-17 15:00:00,597,Virudhunagar,0.5,-3.321
2022-10-17 17:00:00,597,Virudhunagar,0.5,-3.321
2022-10-17 18:00:00,597,Virudhunagar,2.25,-3.321
2022-10-17 19:00:00,597,Virudhunagar,1.0,-3.321
2022-10-17 21:00:00,597,Virudhunagar,0.5,-3.321
2022-10-19 17:00:00,597,Virudhunagar,7.0,-3.347
2022-10-19 18:00:00,597,Virudhunagar,0.5,-3.347
2022-10-19 20:00:00,597,Virudhunagar,0.5,-3.347
2022-10-20 00:00:00,597,Virudhunagar,0.5,-3.251
2022-10-20 17:00:00,597,Virudhunagar,26.5,-3.263
2022-10-20 18:00:00,597,Virudhunagar,1.0,-3.263
2022-10-20 19:00:00,597,Virudhunagar,0.5,-3.263
2022-10-20 20:00:00,597,Virudhunagar,3.75,-3.263
2022-10-20 21:00:00,597,Virudhunagar,3.333333333333333,-3.263
2022-10-20 22:00:00,597,Virudhunagar,1.0,-3.263
2022-10-20 23:00:00,597,Virudhunagar,0.875,-3.263
2022-10-21 00:00:00,597,Virudhunagar,1.1,-3.263
2022-10-21 01:00:00,597,Virudhunagar,0.9,-3.263
2022-10-21 02:00:00,597,Virudhunagar,0.6666666666666666,-3.263
2022-10-21 03:00:00,597,Virudhunagar,0.5,-3.263
2022-10-21 13:00:00,597,Virudhunagar,1.0,-2.932
2022-10-21 14:00:00,597,Virudhunagar,1.0,-2.932
2022-10-21 15:00:00,597,Virudhunagar,0.6666666666666666,-2.932
2022-10-21 16:00:00,597,Virudhunagar,6.5,-2.932
2022-10-21 17:00:00,597,Virudhunagar,1.75,-2.932
2022-10-21 18:00:00,597,Virudhunagar,0.5,-2.932
2022-10-21 19:00:00,597,Virudhunagar,4.333333333333333,-2.932
2022-10-21 21:00:00,597,Virudhunagar,1028.75,-2.932
2022-10-22 06:00:00,597,Virudhunagar,0.5,-2.717
2022-10-22 08:00:00,597,Virudhunagar,3.0,-2.717
2022-10-23 12:00:00,597,Virudhunagar,0.5,-2.841
2022-10-23 19:00:00,597,Virudhunagar,8.5,-2.844
2022-10-23 20:00:00,597,Virudhunagar,1.5,-2.844
2022-10-23 21:00:00,597,Virudhunagar,1.0,-2.844
2022-10-24 13:00:00,597,Virudhunagar,0.5,-2.823
2022-10-24 17:00:00,597,Virudhunagar,26.0,-2.823
2022-10-24 18:00:00,597,Virudhunagar,0.5,-2.823
2022-10-25 23:00:00,597,Virudhunagar,4.0,-2.841
2022-10-26 00:00:00,597,Virudhunagar,4.0,-2.841
2022-10-26 04:00:00,597,Virudhunagar,1.75,-2.89
2022-10-26 07:00:00,597,Virudhunagar,0.5,-2.89
2022-10-27 04:00:00,597,Virudhunagar,2.5,-2.927
2022-10-27 06:00:00,597,Virudhunagar,0.5,-2.927
2022-10-27 07:00:00,597,Virudhunagar,2.5,-2.927
2022-10-27 08:00:00,597,Virudhunagar,0.5,-2.927
2022-10-27 10:00:00,597,Virudhunagar,0.5,-2.927
2022-10-27 13:00:00,597,Virudhunagar,0.5,-2.927
2022-10-28 22:00:00,597,Virudhunagar,0.5,-2.927
2022-10-29 06:00:00,597,Virudhunagar,1.0,-2.927
2022-10-29 07:00:00,597,Virudhunagar,1.0,-2.927
2022-10-29 08:00:00,597,Virudhunagar,0.5,-2.927
2022-10-29 10:00:00,597,Virudhunagar,1.5,-2.927
2022-10-29 11:00:00,597,Virudhunagar,2.5,-2.927
2022-10-29 12:00:00,597,Virudhunagar,0.5,-2.927
2022-10-29 13:00:00,597,Virudhunagar,3.0,-2.927
2022-10-29 14:00:00,597,Virudhunagar,3.5,-2.927
2022-10-29 15:00:00,597,Virudhunagar,2.0,-2.927
2022-10-29 16:00:00,597,Virudhunagar,1.25,-2.927
2022-10-29 17:00:00,597,Virudhunagar,1.0,-2.927
2022-10-29 18:00:00,597,Virudhunagar,2.125,-2.927
2022-10-29 19:00:00,597,Virudhunagar,1.25,-2.927
2022-10-29 20:00:00,597,Virudhunagar,1.0,-2.927
2022-10-29 21:00:00,597,Virudhunagar,0.5,-2.927
2022-10-30 01:00:00,597,Virudhunagar,0.5,-2.927
2022-10-30 03:00:00,597,Virudhunagar,0.5,-2.927
2022-10-30 04:00:00,597,Virudhunagar,1.5,-2.927
2022-10-30 05:00:00,597,Virudhunagar,1.0,-2.927
2022-10-30 06:00:00,597,Virudhunagar,0.5,-2.927
2022-10-30 08:00:00,597,Virudhunagar,0.5,-2.927
2022-10-30 18:00:00,597,Virudhunagar,0.5,-2.927
2022-10-30 19:00:00,597,Virudhunagar,0.5,-2.927
2022-11-01 20:00:00,597,Virudhunagar,19.75,-2.927
2022-11-01 21:00:00,597,Virudhunagar,13.125,-2.927
2022-11-01 22:00:00,597,Virudhunagar,7.5,-2.927
2022-11-01 23:00:00,597,Virudhunagar,3.1,-2.927
2022-11-02 00:00:00,597,Virudhunagar,2.5,-2.927
2022-11-02 01:00:00,597,Virudhunagar,1.3333333333333333,-2.927
2022-11-02 02:00:00,597,Virudhunagar,3.375,-2.927
2022-11-02 03:00:00,597,Virudhunagar,1.5,-2.927
2022-11-02 04:00:00,597,Virudhunagar,1.0,-2.927
2022-11-02 05:00:00,597,Virudhunagar,0.5,-2.927
2022-12-02 21:00:00,597,Virudhunagar,25.0,-0.883
2022-12-02 22:00:00,597,Virudhunagar,57.5,-0.883
2022-12-02 23:00:00,597,Virudhunagar,4.0,-0.883
2022-12-03 15:00:00,597,Virudhunagar,1.25,-0.883
2022-12-03 16:00:00,597,Virudhunagar,1.25,-0.883
2022-12-03 17:00:00,597,Virudhunagar,2.75,-0.883
2022-12-03 18:00:00,597,Virudhunagar,2.0,-0.883
2022-12-04 02:00:00,597,Virudhunagar,0.5,-0.883
2022-12-04 12:00:00,597,Virudhunagar,0.5,-0.883
2022-12-04 15:00:00,597,Virudhunagar,14.166666666666666,-0.883
2022-12-04 16:00:00,597,Virudhunagar,2.75,-0.883
2022-12-04 17:00:00,597,Virudhunagar,2.5,-0.883
2022-12-04 23:00:00,597,Virudhunagar,1.5,-0.883
2022-12-05 00:00:00,597,Virudhunagar,1.5,-0.883
2022-12-05 02:00:00,597,Virudhunagar,0.5,-0.883
2022-12-05 08:00:00,597,Virudhunagar,1.0,-0.883
2022-12-08 22:00:00,597,Virudhunagar,0.625,-0.878
2022-12-08 23:00:00,597,Virudhunagar,0.6666666666666666,-0.878
2022-12-09 00:00:00,597,Virudhunagar,0.6666666666666666,-0.878
2022-12-09 01:00:00,597,Virudhunagar,0.5,-0.878
2022-12-09 02:00:00,597,Virudhunagar,0.5,-0.878
2022-12-09 03:00:00,597,Virudhunagar,0.5,-0.878
2022-12-09 05:00:00,597,Virudhunagar,0.6666666666666666,-0.878
2022-12-09 10:00:00,597,Virudhunagar,0.5,-0.892
2022-12-09 16:00:00,597,Virudhunagar,0.5,-0.892
2022-12-09 19:00:00,597,Virudhunagar,0.5,-0.892
2022-12-09 20:00:00,597,Virudhunagar,0.5,-0.892
2022-12-09 21:00:00,597,Virudhunagar,0.5,-0.892
2022-12-10 09:00:00,597,Virudhunagar,0.5,-0.88
2022-12-11 00:00:00,597,Virudhunagar,0.5,-0.858
2022-12-12 18:00:00,597,Virudhunagar,7.5,-0.973
2022-12-13 22:00:00,597,Virudhunagar,3.0,-0.924
2022-12-14 00:00:00,597,Virudhunagar,2.5,-0.924
2022-12-14 01:00:00,597,Virudhunagar,0.75,-0.924
2022-12-14 02:00:00,597,Virudhunagar,10.5,-0.924
2022-12-14 03:00:00,597,Virudhunagar,5.75,-0.924
2022-12-14 04:00:00,597,Virudhunagar,5.75,-0.911
2022-12-14 05:00:00,597,Virudhunagar,4.0,-0.911
2022-12-14 10:00:00,597,Virudhunagar,0.5,-0.946
2022-12-14 13:00:00,597,Virudhunagar,1.0,-0.946
2022-12-14 14:00:00,597,Virudhunagar,3.1666666666666665,-0.946
2022-12-14 15:00:00,597,Virudhunagar,6.333333333333333,-0.946
2022-12-14 16:00:00,597,Virudhunagar,5.5,-0.987
2022-12-14 17:00:00,597,Virudhunagar,4.0,-0.987
2022-12-14 18:00:00,597,Virudhunagar,0.5,-0.987
2022-12-15 05:00:00,597,Virudhunagar,0.5,-0.914
2022-12-25 18:00:00,597,Virudhunagar,0.5,-1.017
2022-12-25 19:00:00,597,Virudhunagar,1.5,-1.017
2022-12-25 20:00:00,597,Virudhunagar,1.0,-1.017
2022-12-25 22:00:00,597,Virudhunagar,0.5,-0.989
2022-12-25 23:00:00,597,Virudhunagar,2.0,-0.989
2022-12-26 00:00:00,597,Virudhunagar,2.833333333333333,-0.989
2022-12-26 01:00:00,597,Virudhunagar,1.625,-0.989
2022-12-26 02:00:00,597,Virudhunagar,4.0,-0.989
2022-12-26 03:00:00,597,Virudhunagar,1.6666666666666667,-0.989
2022-12-26 04:00:00,597,Virudhunagar,0.5,-0.989
2022-12-26 05:00:00,597,Virudhunagar,0.5,-0.989
2022-12-26 06:00:00,597,Virudhunagar,0.5,-0.989
2022-12-26 12:00:00,597,Virudhunagar,1.0,-1.021
2022-12-26 13:00:00,597,Virudhunagar,0.5,-1.021
2022-12-26 14:00:00,597,Virudhunagar,2.5,-1.021
2022-12-26 17:00:00,597,Virudhunagar,1.5,-1.053
2022-12-26 19:00:00,597,Virudhunagar,0.5,-1.053
2022-12-26 20:00:00,597,Virudhunagar,0.75,-1.053
2022-12-26 21:00:00,597,Virudhunagar,1.5,-1.053
2022-12-26 22:00:00,597,Virudhunagar,1.0,-1.036
2022-12-27 02:00:00,597,Virudhunagar,0.5,-1.036
2022-12-27 03:00:00,597,Virudhunagar,1.0,-1.036
2022-12-27 04:00:00,597,Virudhunagar,4.0,-1.018
2022-12-27 05:00:00,597,Virudhunagar,1.625,-1.018
2022-12-27 06:00:00,597,Virudhunagar,3.0,-1.018
2022-12-27 07:00:00,597,Virudhunagar,0.5,-1.018
2022-12-27 08:00:00,597,Virudhunagar,4.5,-1.018
2022-12-27 11:00:00,597,Virudhunagar,1.0,-1.01
2022-12-27 14:00:00,597,Virudhunagar,0.6666666666666666,-1.01
2022-12-27 15:00:00,597,Virudhunagar,6.625,-1.01
2022-12-27 16:00:00,597,Virudhunagar,1.5,-1.01
2022-12-27 17:00:00,597,Virudhunagar,0.75,-1.01
2022-12-27 19:00:00,597,Virudhunagar,0.5,-1.01
2022-12-30 14:00:00,597,Virudhunagar,0.5,-1.059
2023-01-11 09:00:00,597,Virudhunagar,0.5,-1.201
2023-01-30 17:00:00,597,Virudhunagar,0.5,-1.401
2023-01-30 21:00:00,597,Virudhunagar,0.5,-1.401
2023-02-02 09:00:00,597,Virudhunagar,1.0,-1.449
2023-02-02 10:00:00,597,Virudhunagar,0.875,-1.408
2023-02-02 11:00:00,597,Virudhunagar,0.5,-1.408
2023-02-02 12:00:00,597,Virudhunagar,0.75,-1.408
2023-02-02 13:00:00,597,Virudhunagar,0.5,-1.408
2023-02-02 14:00:00,597,Virudhunagar,1.5,-1.408
2023-02-02 15:00:00,597,Virudhunagar,0.5,-1.408
2023-02-02 16:00:00,597,Virudhunagar,0.5,-1.399
2023-02-02 19:00:00,597,Virudhunagar,1.8333333333333333,-1.399
2023-02-02 20:00:00,597,Virudhunagar,1.6666666666666667,-1.399
2023-02-02 23:00:00,597,Virudhunagar,0.5,-1.366
2023-02-03 17:00:00,597,Virudhunagar,0.5,-1.395
2023-02-03 18:00:00,597,Virudhunagar,2.0,-1.395
2023-02-03 20:00:00,597,Virudhunagar,3.5,-1.395
2023-02-03 21:00:00,597,Virudhunagar,1.0,-1.395
2023-02-04 09:00:00,597,Virudhunagar,0.5,-1.371
2023-02-28 11:00:00,597,Virudhunagar,0.5,-2.041
2023-03-04 08:00:00,597,Virudhunagar,1.0,-1.996
2023-03-10 13:00:00,597,Virudhunagar,3.0,-2.192
2023-03-11 08:00:00,597,Virudhunagar,0.5,-2.245
2023-03-12 08:00:00,597,Virudhunagar,3.5,-2.191
2023-03-16 23:00:00,597,Virudhunagar,1.0,-2.337
2023-03-17 00:00:00,597,Virudhunagar,1.75,-2.337
2023-03-17 04:00:00,597,Virudhunagar,1.75,-2.337
2023-03-17 05:00:00,597,Virudhunagar,0.5,-2.337
2023-03-17 06:00:00,597,Virudhunagar,0.5,-2.337
2023-03-18 17:00:00,597,Virudhunagar,1.0,-2.344
2023-03-18 20:00:00,597,Virudhunagar,0.5,-2.344
2023-03-18 21:00:00,597,Virudhunagar,0.5,-2.344
2023-03-18 22:00:00,597,Virudhunagar,0.5,-2.335
2023-03-19 00:00:00,597,Virudhunagar,0.5,-2.335
2023-03-19 18:00:00,597,Virudhunagar,0.5,-2.331
2023-03-19 21:00:00,597,Virudhunagar,0.5,-2.331
2023-03-20 16:00:00,597,Virudhunagar,1.0,-2.358
2023-03-20 17:00:00,597,Virudhunagar,2.25,-2.358
2023-03-20 18:00:00,597,Virudhunagar,0.75,-2.358
2023-03-20 19:00:00,597,Virudhunagar,15.5,-2.358
2023-03-20 20:00:00,597,Virudhunagar,1.25,-2.358
2023-03-20 21:00:00,597,Virudhunagar,1.0,-2.358
2023-03-20 23:00:00,597,Virudhunagar,0.5,-2.316
2023-03-21 03:00:00,597,Virudhunagar,0.5,-2.316
2023-03-21 04:00:00,597,Virudhunagar,0.5,-2.35
2023-03-21 09:00:00,597,Virudhunagar,0.5,-2.35
2023-03-21 19:00:00,597,Virudhunagar,0.5,-2.307
2023-03-21 20:00:00,597,Virudhunagar,3.0,-2.307
2023-03-21 21:00:00,597,Virudhunagar,0.5,-2.307
2023-03-21 22:00:00,597,Virudhunagar,27.5,-2.305
2023-03-26 17:00:00,597,Virudhunagar,0.5,-2.443
2023-03-28 19:00:00,597,Virudhunagar,0.5,-2.433
2023-03-28 20:00:00,597,Virudhunagar,3.5,-2.433
2023-03-28 21:00:00,597,Virudhunagar,0.5,-2.433
2023-03-28 23:00:00,597,Virudhunagar,0.5,-2.452
2023-03-29 08:00:00,597,Virudhunagar,0.5,-2.459
2023-03-29 11:00:00,597,Virudhunagar,0.5,-2.472
2023-04-01 17:00:00,597,Virudhunagar,18.0,-2.481
2023-04-01 18:00:00,597,Virudhunagar,1.5,-2.481
2023-04-04 14:00:00,597,Virudhunagar,2.875,-2.548
2023-04-04 15:00:00,597,Virudhunagar,0.5,-2.548
2023-04-04 16:00:00,597,Virudhunagar,0.5,-2.497
2023-04-04 19:00:00,597,Virudhunagar,0.5,-2.497
2023-04-05 00:00:00,597,Virudhunagar,0.5,-2.541
2023-04-05 07:00:00,597,Virudhunagar,0.5,-2.477
2023-04-05 11:00:00,597,Virudhunagar,0.5,-2.525
2023-04-05 15:00:00,597,Virudhunagar,0.5,-2.525
2023-04-05 17:00:00,597,Virudhunagar,2.0,-2.498
2023-04-05 18:00:00,597,Virudhunagar,3.5,-2.498
2023-04-06 04:00:00,597,Virudhunagar,0.5,-2.473
2023-04-07 01:00:00,597,Virudhunagar,0.5,-2.498
2023-04-08 10:00:00,597,Virudhunagar,0.5,-2.534
2023-04-21 16:00:00,597,Virudhunagar,0.5,-2.814
2023-04-21 18:00:00,597,Virudhunagar,0.5,-2.814
2023-04-21 19:00:00,597,Virudhunagar,5.0,-2.814
2023-04-21 23:00:00,597,Virudhunagar,0.5,-2.802
2023-04-22 17:00:00,597,Virudhunagar,0.75,-2.821
2023-04-22 18:00:00,597,Virudhunagar,1.25,-2.821
2023-04-22 19:00:00,597,Virudhunagar,3.75,-2.821
2023-04-22 20:00:00,597,Virudhunagar,1.25,-2.821
2023-04-22 21:00:00,597,Virudhunagar,0.5,-2.821
2023-04-22 22:00:00,597,Virudhunagar,0.5,-2.804
2023-04-22 23:00:00,597,Virudhunagar,6.0,-2.804
2023-04-23 00:00:00,597,Virudhunagar,3.0,-2.804
2023-04-23 18:00:00,597,Virudhunagar,22.75,-2.785
2023-04-23 19:00:00,597,Virudhunagar,8.0,-2.785
2023-04-24 01:00:00,597,Virudhunagar,30.5,-2.808
2023-04-24 02:00:00,597,Virudhunagar,1.5,-2.808
2023-04-24 16:00:00,597,Virudhunagar,1.5,-2.833
2023-04-24 17:00:00,597,Virudhunagar,0.5,-2.833
2023-04-24 21:00:00,597,Virudhunagar,4.0,-2.833
2023-04-24 22:00:00,597,Virudhunagar,13.5,-2.851
2023-04-24 23:00:00,597,Virudhunagar,1.75,-2.851
2023-04-25 00:00:00,597,Virudhunagar,0.5,-2.851
2023-04-25 10:00:00,597,Virudhunagar,0.5,-2.952
2023-04-25 14:00:00,597,Virudhunagar,0.5,-2.952
2023-04-25 15:00:00,597,Virudhunagar,9.75,-2.952
2023-04-25 16:00:00,597,Virudhunagar,8.75,-2.555
2023-04-25 18:00:00,597,Virudhunagar,0.75,-2.555
2023-04-25 20:00:00,597,Virudhunagar,0.5,-2.555
2023-04-25 21:00:00,597,Virudhunagar,0.5,-2.555
2023-04-25 22:00:00,597,Virudhunagar,0.5,-2.597
2023-04-26 06:00:00,597,Virudhunagar,0.5,-2.627
2023-04-26 14:00:00,597,Virudhunagar,0.75,-2.641
2023-04-26 15:00:00,597,Virudhunagar,1.0,-2.641
2023-04-26 17:00:00,597,Virudhunagar,0.5,-2.501
2023-04-27 13:00:00,597,Virudhunagar,9.0,-2.557
2023-04-27 14:00:00,597,Virudhunagar,0.5,-2.557
2023-04-27 15:00:00,597,Virudhunagar,3.5,-2.557
2023-04-27 22:00:00,597,Virudhunagar,0.5,-2.578
2023-04-28 00:00:00,597,Virudhunagar,0.5,-2.578
2023-04-28 01:00:00,597,Virudhunagar,0.5,-2.578
2023-04-28 02:00:00,597,Virudhunagar,7.0,-2.578
2023-04-28 03:00:00,597,Virudhunagar,0.5,-2.578
2023-04-28 15:00:00,597,Virudhunagar,1.75,-2.576
2023-04-28 16:00:00,597,Virudhunagar,17.666666666666668,-2.565
2023-04-28 17:00:00,597,Virudhunagar,9.5,-2.565
2023-04-29 14:00:00,597,Virudhunagar,2.5,-2.525
2023-04-29 15:00:00,597,Virudhunagar,2.0,-2.525
2023-04-29 16:00:00,597,Virudhunagar,5.5,-1.638
2023-04-29 17:00:00,597,Virudhunagar,3.0,-1.638
2023-04-29 18:00:00,597,Virudhunagar,1.5,-1.638
2023-04-29 19:00:00,597,Virudhunagar,11.5,-1.638
2023-04-29 20:00:00,597,Virudhunagar,2.333333333333333,-1.638
2023-04-29 21:00:00,597,Virudhunagar,2.6666666666666665,-1.638
2023-04-29 22:00:00,597,Virudhunagar,1.5,-1.94
2023-04-30 08:00:00,597,Virudhunagar,0.5,-2.04
2023-04-30 14:00:00,597,Virudhunagar,2.0,-2.103
2023-04-30 15:00:00,597,Virudhunagar,8.5,-2.103
2023-04-30 16:00:00,597,Virudhunagar,1.5,-2.143
2023-05-01 00:00:00,597,Virudhunagar,0.5,-2.174
2023-05-01 17:00:00,597,Virudhunagar,10.0,-2.248
2023-05-01 18:00:00,597,Virudhunagar,2.0,-2.248
2023-05-01 19:00:00,597,Virudhunagar,1.5,-2.248
2023-05-01 20:00:00,597,Virudhunagar,0.5,-2.248
2023-05-01 21:00:00,597,Virudhunagar,0.5,-2.248
2023-05-02 16:00:00,597,Virudhunagar,19.0,-2.114
2023-05-02 17:00:00,597,Virudhunagar,8.5,-2.114
2023-05-02 18:00:00,597,Virudhunagar,6.5,-2.114
2023-05-02 19:00:00,597,Virudhunagar,0.5,-2.114
2023-05-02 21:00:00,597,Virudhunagar,5.5,-2.114
2023-05-02 22:00:00,597,Virudhunagar,2.25,-2.131
2023-05-02 23:00:00,597,Virudhunagar,1.25,-2.131
2023-05-03 00:00:00,597,Virudhunagar,1.0,-2.131
2023-05-03 05:00:00,597,Virudhunagar,0.5,-2.144
2023-05-03 06:00:00,597,Virudhunagar,0.5,-2.144
2023-05-03 16:00:00,597,Virudhunagar,16.0,-2.174
2023-05-03 17:00:00,597,Virudhunagar,12.5,-2.174
2023-05-03 18:00:00,597,Virudhunagar,21.5,-2.174
2023-05-03 19:00:00,597,Virudhunagar,2.875,-2.174
2023-05-03 20:00:00,597,Virudhunagar,0.75,-2.174
2023-05-03 21:00:00,597,Virudhunagar,1.0,-2.174
2023-05-03 22:00:00,597,Virudhunagar,0.5,-1.9
2023-05-04 00:00:00,597,Virudhunagar,0.5,-1.9
2023-05-04 04:00:00,597,Virudhunagar,0.5,-2.024
2023-05-04 17:00:00,597,Virudhunagar,40.5,-2.025
2023-05-04 18:00:00,597,Virudhunagar,1.0,-2.025
2023-05-04 22:00:00,597,Virudhunagar,7.25,-1.744
2023-05-04 23:00:00,597,Virudhunagar,33.5,-1.744
2023-05-05 00:00:00,597,Virudhunagar,1.0,-1.744
2023-05-05 01:00:00,597,Virudhunagar,2.0,-1.744
2023-05-05 02:00:00,597,Virudhunagar,1.0,-1.744
2023-05-05 03:00:00,597,Virudhunagar,0.5,-1.744
2023-05-05 04:00:00,597,Virudhunagar,0.5,-1.744
2023-05-05 05:00:00,597,Virudhunagar,0.5,-1.744
2023-05-05 06:00:00,597,Virudhunagar,0.5,-1.744
2023-05-05 10:00:00,597,Virudhunagar,0.5,-1.767
2023-05-06 16:00:00,597,Virudhunagar,1.5,-1.85
2023-05-06 17:00:00,597,Virudhunagar,3.5,-1.85
2023-05-06 18:00:00,597,Virudhunagar,1.0,-1.85
2023-05-06 19:00:00,597,Virudhunagar,1.25,-1.85
2023-05-06 20:00:00,597,Virudhunagar,1.0,-1.85
2023-05-06 22:00:00,597,Virudhunagar,0.5,-1.854
2023-05-07 10:00:00,597,Virudhunagar,0.5,-1.866
2023-05-07 22:00:00,597,Virudhunagar,0.5,-1.872
2023-05-08 17:00:00,597,Virudhunagar,7.5,-1.995
2023-05-08 18:00:00,597,Virudhunagar,12.833333333333334,-1.995
2023-05-08 19:00:00,597,Virudhunagar,17.0,-1.995
2023-05-08 20:00:00,597,Virudhunagar,3.8333333333333335,-1.995
2023-05-08 21:00:00,597,Virudhunagar,1.0,-1.995
2023-05-08 22:00:00,597,Virudhunagar,2.1666666666666665,-1.727
2023-05-08 23:00:00,597,Virudhunagar,2.2,-1.727
2023-05-09 00:00:00,597,Virudhunagar,0.5,-1.727
2023-05-09 01:00:00,597,Virudhunagar,0.5,-1.727
2023-05-09 02:00:00,597,Virudhunagar,0.5,-1.727
2023-05-09 17:00:00,597,Virudhunagar,5.5,-1.77
2023-05-09 18:00:00,597,Virudhunagar,7.0,-1.77
2023-05-09 19:00:00,597,Virudhunagar,5.333333333333333,-1.77
2023-05-09 20:00:00,597,Virudhunagar,27.166666666666668,-1.77
2023-05-09 21:00:00,597,Virudhunagar,0.5,-1.77
2023-05-09 22:00:00,597,Virudhunagar,0.5,-1.769
2023-05-10 07:00:00,597,Virudhunagar,0.5,-1.753
2023-05-11 19:00:00,597,Virudhunagar,3.0,-1.796
2023-05-11 20:00:00,597,Virudhunagar,3.5,-1.796
2023-05-11 23:00:00,597,Virudhunagar,2.333333333333333,-1.762
2023-05-12 00:00:00,597,Virudhunagar,1.0,-1.762
2023-05-12 02:00:00,597,Virudhunagar,0.5,-1.762
2023-05-12 07:00:00,597,Virudhunagar,0.5,-1.762
2023-05-12 08:00:00,597,Virudhunagar,0.5,-1.762
2023-05-14 18:00:00,597,Virudhunagar,0.5,-1.761
2023-05-31 18:00:00,597,Virudhunagar,3.0,-1.927
2023-05-31 23:00:00,597,Virudhunagar,0.5,-1.875
2023-06-03 19:00:00,597,Virudhunagar,2.0,-1.825
2023-06-03 20:00:00,597,Virudhunagar,5.0,-1.825
2023-06-03 21:00:00,597,Virudhunagar,0.5,-1.825
2023-06-04 18:00:00,597,Virudhunagar,29.5,-1.788
2023-06-05 12:00:00,597,Virudhunagar,20.0,-1.824
2023-06-05 18:00:00,597,Virudhunagar,4.0,-1.746
2023-06-05 19:00:00,597,Virudhunagar,4.75,-1.746
2023-06-05 20:00:00,597,Virudhunagar,4.5,-1.746
2023-06-06 12:00:00,597,Virudhunagar,0.5,-1.7
2023-06-10 17:00:00,597,Virudhunagar,1.0,-1.638
2023-06-11 18:00:00,597,Virudhunagar,2.5,-1.613
2023-06-12 15:00:00,597,Virudhunagar,9.0,-1.682
2023-06-12 16:00:00,597,Virudhunagar,1.5,-1.682
2023-06-17 17:00:00,597,Virudhunagar,7.0,-1.626
2023-06-18 20:00:00,597,Virudhunagar,0.5,-1.557
2023-06-18 21:00:00,597,Virudhunagar,0.5,-1.557
2023-06-19 15:00:00,597,Virudhunagar,1.0,-1.818
2023-06-19 16:00:00,597,Virudhunagar,0.75,-1.818
2023-06-20 16:00:00,597,Virudhunagar,5.0,-1.629
2023-06-20 18:00:00,597,Virudhunagar,3.5,-1.629
2023-06-21 09:55:00,597,Virudhunagar,1.5,-1.587
2023-06-21 10:00:00,597,Virudhunagar,1.5,-1.587
2023-06-29 15:00:00,597,Virudhunagar,1.0,-1.658
2023-06-29 16:00:00,597,Virudhunagar,0.5,-1.658
2023-06-29 17:00:00,597,Virudhunagar,0.5,-1.658
2023-06-30 02:00:00,597,Virudhunagar,1.0,-1.65
2023-06-30 03:00:00,597,Virudhunagar,0.5,-1.65
2023-07-01 18:00:00,597,Virudhunagar,2.5,-1.711
2023-07-01 19:00:00,597,Virudhunagar,1.25,-1.711
2023-07-03 16:00:00,597,Virudhunagar,1.0,-1.659
2023-07-03 17:00:00,597,Virudhunagar,1.5,-1.659
2023-07-03 18:00:00,597,Virudhunagar,0.5,-1.659
2023-07-03 19:00:00,597,Virudhunagar,0.5,-1.659
2023-07-04 10:00:00,597,Virudhunagar,0.5,-1.66
2023-07-04 12:00:00,597,Virudhunagar,2.25,-1.66
2023-07-04 13:00:00,597,Virudhunagar,0.6666666666666666,-1.66
2023-07-04 14:00:00,597,Virudhunagar,0.75,-1.66
2023-07-04 15:00:00,597,Virudhunagar,1.5,-1.66
2023-07-04 16:00:00,597,Virudhunagar,1.0,-1.66
2023-07-04 17:00:00,597,Virudhunagar,0.5,-1.66
2023-07-04 23:00:00,597,Virudhunagar,1.5,-1.698
2023-07-05 00:00:00,597,Virudhunagar,0.5,-1.698
2023-07-05 01:00:00,597,Virudhunagar,3.5,-1.698
2023-07-05 02:00:00,597,Virudhunagar,1.25,-1.698
2023-07-05 03:00:00,597,Virudhunagar,0.5,-1.698
2023-07-05 04:00:00,597,Virudhunagar,0.5,-1.698
2023-07-05 05:00:00,597,Virudhunagar,1.0,-1.698
2023-07-05 06:00:00,597,Virudhunagar,5.5,-1.698
2023-07-05 08:00:00,597,Virudhunagar,1.5,-1.698
2023-07-05 09:00:00,597,Virudhunagar,1.0,-1.698
2023-07-05 10:00:00,597,Virudhunagar,2.5,-1.706
2023-07-05 12:00:00,597,Virudhunagar,1.5,-1.706
2023-07-05 13:00:00,597,Virudhunagar,0.5,-1.706
2023-07-05 14:00:00,597,Virudhunagar,1.0,-1.706
2023-07-05 15:00:00,597,Virudhunagar,0.5,-1.706
2023-07-05 16:00:00,597,Virudhunagar,1.0,-1.714
2023-07-05 18:00:00,597,Virudhunagar,0.5,-1.714
2023-07-05 21:00:00,597,Virudhunagar,1.0,-1.714
2023-07-05 22:00:00,597,Virudhunagar,0.5,-1.684
2023-07-05 23:00:00,597,Virudhunagar,0.5,-1.684
2023-07-06 00:00:00,597,Virudhunagar,1.25,-1.684
2023-07-06 01:00:00,597,Virudhunagar,0.5,-1.684
2023-07-06 02:00:00,597,Virudhunagar,0.5,-1.684
2023-07-06 03:00:00,597,Virudhunagar,1.0,-1.684
2023-07-06 04:00:00,597,Virudhunagar,0.5,-1.67
2023-07-06 06:00:00,597,Virudhunagar,0.5,-1.67
2023-07-06 07:00:00,597,Virudhunagar,1.0,-1.67
2023-07-06 08:00:00,597,Virudhunagar,0.5,-1.67
2023-07-06 09:00:00,597,Virudhunagar,1.0,-1.67
2023-07-06 11:00:00,597,Virudhunagar,0.5,-1.653
2023-07-07 09:00:00,597,Virudhunagar,1.0,-1.683
2023-07-07 10:00:00,597,Virudhunagar,0.5,-1.791
2023-07-07 12:00:00,597,Virudhunagar,0.5,-1.791
2023-07-09 19:00:00,597,Virudhunagar,3.5,-2.003
2023-07-09 20:00:00,597,Virudhunagar,0.5,-2.003
2023-07-10 17:00:00,597,Virudhunagar,10.0,-2.103
2023-07-10 18:00:00,597,Virudhunagar,18.0,-2.103
2023-07-10 19:00:00,597,Virudhunagar,1.5,-2.103
2023-07-10 20:00:00,597,Virudhunagar,1.4166666666666667,-2.103
2023-07-10 21:00:00,597,Virudhunagar,1.1,-2.103
2023-07-10 22:00:00,597,Virudhunagar,0.6,-2.095
2023-07-10 23:00:00,597,Virudhunagar,0.5,-2.095
2023-07-11 01:00:00,597,Virudhunagar,0.5,-2.095
2023-07-11 10:00:00,597,Virudhunagar,0.5,-2.107
2023-07-11 19:00:00,597,Virudhunagar,0.5,-2.155
2023-07-11 20:00:00,597,Virudhunagar,4.0,-2.155
2023-07-11 21:00:00,597,Virudhunagar,0.5,-2.155
2023-07-12 19:00:00,597,Virudhunagar,19.0,-2.112
2023-07-12 20:00:00,597,Virudhunagar,18.0,-2.112
2023-07-13 16:00:00,597,Virudhunagar,13.0,-2.044
2023-07-13 17:00:00,597,Virudhunagar,1.5,-2.044
2023-07-13 18:00:00,597,Virudhunagar,0.5,-2.044
2023-07-14 19:00:00,597,Virudhunagar,4.0,-2.041
2023-07-16 17:00:00,597,Virudhunagar,0.5,-2.052
2023-07-16 18:00:00,597,Virudhunagar,27.0,-2.052
2023-07-16 19:00:00,597,Virudhunagar,0.5,-2.052
2023-07-16 20:00:00,597,Virudhunagar,0.5,-2.052
2023-07-18 09:00:00,597,Virudhunagar,0.5,-2.106
2023-07-24 01:00:00,597,Virudhunagar,1.0,-2.218
2023-07-24 08:00:00,597,Virudhunagar,0.5,-2.254
2023-07-24 10:00:00,597,Virudhunagar,2.0,-2.254
2023-07-24 11:00:00,597,Virudhunagar,0.5,-2.254
2023-07-26 07:00:00,597,Virudhunagar,0.5,-2.257
2023-08-08 16:00:00,597,Virudhunagar,2.0,-2.276
2023-08-08 19:00:00,597,Virudhunagar,8.25,-2.276
2023-08-09 19:00:00,597,Virudhunagar,12.5,-2.276
2023-08-09 20:00:00,597,Virudhunagar,9.75,-2.276
2023-08-09 21:00:00,597,Virudhunagar,11.25,-2.276
2023-08-09 22:00:00,597,Virudhunagar,0.5,-2.276
2023-08-10 05:00:00,597,Virudhunagar,0.5,-2.276
2023-08-10 20:00:00,597,Virudhunagar,0.5,-2.276
2023-08-10 21:00:00,597,Virudhunagar,29.25,-2.276
2023-08-10 22:00:00,597,Virudhunagar,1.5,-2.276
2023-08-11 16:00:00,597,Virudhunagar,1.75,-2.276
2023-08-11 17:00:00,597,Virudhunagar,7.0,-2.276
2023-08-11 18:00:00,597,Virudhunagar,8.5,-2.276
2023-08-11 19:00:00,597,Virudhunagar,1.25,-2.276
2023-08-11 20:00:00,597,Virudhunagar,1.5,-2.276
2023-08-11 21:00:00,597,Virudhunagar,4.0,-2.276
2023-08-11 22:00:00,597,Virudhunagar,12.0,-2.276
2023-08-11 23:00:00,597,Virudhunagar,6.333333333333333,-2.276
2023-08-12 00:00:00,597,Virudhunagar,0.8333333333333334,-2.276
2023-08-12 04:00:00,597,Virudhunagar,0.5,-2.276
2023-08-12 07:00:00,597,Virudhunagar,0.5,-2.276
2023-08-12 15:00:00,597,Virudhunagar,6.0,-2.276
2023-08-12 18:00:00,597,Virudhunagar,3.0,-2.276
2023-08-12 19:00:00,597,Virudhunagar,2.25,-2.276
2023-08-12 20:00:00,597,Virudhunagar,2.75,-2.276
2023-08-14 20:00:00,597,Virudhunagar,3.5,-2.276
2023-08-14 21:00:00,597,Virudhunagar,6.75,-2.276
2023-08-14 22:00:00,597,Virudhunagar,1.5,-2.276
2023-08-14 23:00:00,597,Virudhunagar,1.0,-2.276
2023-10-02 14:00:00,597,Virudhunagar,0.5,-1.279
2023-10-03 18:00:00,597,Virudhunagar,1.0,-1.279
2023-10-04 16:00:00,597,Virudhunagar,27.0,-1.279
2023-10-04 17:00:00,597,Virudhunagar,0.5,-1.279
2023-10-04 18:00:00,597,Virudhunagar,1.0,-1.279
2023-10-05 16:00:00,597,Virudhunagar,1.5,-1.279
2023-10-05 20:00:00,597,Virudhunagar,6.0,-1.279
2023-10-05 21:00:00,597,Virudhunagar,3.0,-1.279
2023-10-06 18:00:00,597,Virudhunagar,0.5,-1.279
2023-10-07 19:00:00,597,Virudhunagar,8.5,-1.279
2023-10-07 20:00:00,597,Virudhunagar,2.0,-1.279
2023-10-07 21:00:00,597,Virudhunagar,1.25,-1.279
2023-10-07 22:00:00,597,Virudhunagar,1.0,-1.279
2023-10-09 15:00:00,597,Virudhunagar,5.0,-1.29
2023-10-10 14:00:00,597,Virudhunagar,0.5,-1.401
2023-10-10 15:00:00,597,Virudhunagar,5.125,-1.401
2023-10-10 16:00:00,597,Virudhunagar,6.25,-1.304
2023-10-10 17:00:00,597,Virudhunagar,5.0,-1.304
2023-10-11 16:00:00,597,Virudhunagar,8.5,-0.902
2023-10-11 17:00:00,597,Virudhunagar,2.0,-0.902
2023-10-12 00:00:00,597,Virudhunagar,3.875,-0.902
2023-10-12 01:00:00,597,Virudhunagar,0.75,-0.902
2023-10-12 02:00:00,597,Virudhunagar,0.5,-0.902
2023-10-12 03:00:00,597,Virudhunagar,0.5,-0.902
2023-10-12 17:00:00,597,Virudhunagar,64.0,-0.902
2023-10-12 18:00:00,597,Virudhunagar,4.5,-0.902
2023-10-12 19:00:00,597,Virudhunagar,0.5,-0.902
2023-10-13 18:00:00,597,Virudhunagar,3.0,-0.902
2023-10-13 19:00:00,597,Virudhunagar,3.75,-0.902
2023-10-14 01:00:00,597,Virudhunagar,2.5,-0.902
2023-10-14 02:00:00,597,Virudhunagar,8.0,-0.902
2023-10-14 03:00:00,597,Virudhunagar,0.5,-0.902
2023-10-14 04:00:00,597,Virudhunagar,0.5,-0.902
2023-10-14 18:00:00,597,Virudhunagar,13.5,-0.527
2023-10-14 19:00:00,597,Virudhunagar,2.5,-0.527
2023-10-14 20:00:00,597,Virudhunagar,1.25,-0.527
2023-10-14 21:00:00,597,Virudhunagar,1.0,-0.527
2023-10-14 22:00:00,597,Virudhunagar,0.5,-0.527
2023-10-15 03:00:00,597,Virudhunagar,2.5,-0.527
2023-10-15 04:00:00,597,Virudhunagar,39.0,-0.527
2023-10-15 05:00:00,597,Virudhunagar,4.5,-0.527
2023-10-15 06:00:00,597,Virudhunagar,4.0,-0.527
2023-10-16 01:00:00,597,Virudhunagar,25.0,-0.527
2023-10-16 02:00:00,597,Virudhunagar,12.666666666666666,-0.527
2023-10-16 03:00:00,597,Virudhunagar,13.25,-0.527
2023-10-16 04:00:00,597,Virudhunagar,20.875,-0.527
2023-10-16 05:00:00,597,Virudhunagar,15.25,-0.527
2023-10-16 06:00:00,597,Virudhunagar,2.2,-0.527
2023-10-16 07:00:00,597,Virudhunagar,2.5,-0.527
2023-10-16 08:00:00,597,Virudhunagar,1.0,-0.527
2023-10-16 09:00:00,597,Virudhunagar,1.0,-0.527
2023-10-16 10:00:00,597,Virudhunagar,12.0,-0.527
2023-10-16 11:00:00,597,Virudhunagar,0.5,-0.527
2023-10-16 19:00:00,597,Virudhunagar,1.5,-0.527
2023-10-16 23:00:00,597,Virudhunagar,1.5,-0.527
2023-10-17 01:00:00,597,Virudhunagar,1.0,-0.527
2023-10-17 02:00:00,597,Virudhunagar,0.5,-0.527
2023-10-17 03:00:00,597,Virudhunagar,1.0,-0.527
2023-10-17 12:00:00,597,Virudhunagar,1.5,-0.58
2023-10-17 14:00:00,597,Virudhunagar,2.0,-0.58
2023-10-17 16:00:00,597,Virudhunagar,4.5,-0.612
2023-10-17 17:00:00,597,Virudhunagar,2.5,-0.612
2023-10-17 20:00:00,597,Virudhunagar,1.5,-0.612
2023-10-17 21:00:00,597,Virudhunagar,11.75,-0.612
2023-10-17 22:00:00,597,Virudhunagar,5.166666666666667,-0.582
2023-10-17 23:00:00,597,Virudhunagar,3.0,-0.582
2023-10-18 00:00:00,597,Virudhunagar,2.0,-0.582
2023-10-18 01:00:00,597,Virudhunagar,3.8333333333333335,-0.582
2023-10-18 02:00:00,597,Virudhunagar,7.25,-0.582
2023-10-18 14:00:00,597,Virudhunagar,1.0,-0.664
2023-10-19 19:00:00,597,Virudhunagar,0.5,-0.797
2023-10-20 00:00:00,597,Virudhunagar,6.0,-0.803
2023-10-22 00:00:00,597,Virudhunagar,2.5,-6.32
2023-10-22 02:00:00,597,Virudhunagar,1.0,-6.32
2023-10-22 07:00:00,597,Virudhunagar,0.5,-6.32
2023-10-23 15:00:00,597,Virudhunagar,10.0,-6.23
2023-10-23 16:00:00,597,Virudhunagar,1.5,-3.5845
2023-10-23 17:00:00,597,Virudhunagar,9.5,-3.5845
2023-10-23 18:00:00,597,Virudhunagar,12.25,-3.5845
2023-10-23 19:00:00,597,Virudhunagar,8.5,-3.5845
2023-10-23 20:00:00,597,Virudhunagar,10.5,-3.5845
2023-10-23 21:00:00,597,Virudhunagar,1.0,-3.5845
2023-10-23 22:00:00,597,Virudhunagar,0.5,-3.6185
2023-10-24 03:00:00,597,Virudhunagar,0.5,-3.6185
2023-10-24 09:00:00,597,Virudhunagar,0.5,-3.8865
2023-10-24 21:00:00,597,Virudhunagar,8.5,-3.6165
2023-10-25 01:00:00,597,Virudhunagar,0.5,-3.7785
2023-10-25 02:00:00,597,Virudhunagar,1.5,-3.7785
2023-10-25 03:00:00,597,Virudhunagar,0.5,-3.7785
2023-10-25 09:00:00,597,Virudhunagar,0.5,-3.632
2023-10-25 15:00:00,597,Virudhunagar,22.0,-3.7035
2023-10-25 16:00:00,597,Virudhunagar,0.5,-3.595
2023-10-27 21:00:00,597,Virudhunagar,7.5,-3.723
2023-10-28 15:00:00,597,Virudhunagar,18.5,-3.6795
2023-10-28 16:00:00,597,Virudhunagar,0.5,-3.932
2023-10-29 11:00:00,597,Virudhunagar,1.5,-3.8115
2023-10-29 12:00:00,597,Virudhunagar,2.0,-3.8115
2023-10-29 13:00:00,597,Virudhunagar,2.75,-3.8115
2023-10-29 14:00:00,597,Virudhunagar,6.833333333333333,-3.8115
2023-10-29 15:00:00,597,Virudhunagar,5.125,-3.8115
2023-10-29 16:00:00,597,Virudhunagar,1.875,-3.708
2023-10-29 17:00:00,597,Virudhunagar,0.5,-3.708
2023-10-29 18:00:00,597,Virudhunagar,0.5,-3.708
2023-10-30 08:00:00,597,Virudhunagar,1.0,-3.635
2023-10-30 15:00:00,597,Virudhunagar,4.75,-3.6335
2023-10-30 17:00:00,597,Virudhunagar,0.5,-3.9035
2023-10-30 18:00:00,597,Virudhunagar,0.5,-3.9035
2023-10-30 19:00:00,597,Virudhunagar,8.0,-3.9035
2023-10-31 02:00:00,597,Virudhunagar,0.5,-3.647
2023-10-31 18:00:00,597,Virudhunagar,17.5,-3.6615
2023-10-31 20:00:00,597,Virudhunagar,0.5,-3.6615
2023-10-31 21:00:00,597,Virudhunagar,1.8333333333333333,-3.6615
2023-10-31 22:00:00,597,Virudhunagar,0.6666666666666666,-3.6385
2023-10-31 23:00:00,597,Virudhunagar,0.5,-3.6385
2023-11-01 08:00:00,597,Virudhunagar,3.5,-3.6995
2023-11-01 09:00:00,597,Virudhunagar,75.5,-3.6995
2023-11-01 10:00:00,597,Virudhunagar,3.0,-3.5970000000000004
2023-11-01 11:00:00,597,Virudhunagar,161.5,-3.5970000000000004
2023-11-01 13:00:00,597,Virudhunagar,70.5,-3.5970000000000004
2023-11-01 14:00:00,597,Virudhunagar,54.5,-3.5970000000000004
2023-11-01 15:00:00,597,Virudhunagar,1.0,-3.5970000000000004
2023-11-01 17:00:00,597,Virudhunagar,7.0,-3.4975
2023-11-01 18:00:00,597,Virudhunagar,0.5,-3.4975
2023-11-01 19:00:00,597,Virudhunagar,2.0,-3.4975
2023-11-01 20:00:00,597,Virudhunagar,13.2,-3.4975
2023-11-01 21:00:00,597,Virudhunagar,11.166666666666666,-3.4975
2023-11-01 22:00:00,597,Virudhunagar,8.5,-3.33
2023-11-01 23:00:00,597,Virudhunagar,1.0,-3.33
2023-11-02 00:00:00,597,Virudhunagar,0.5,-3.33
2023-11-02 01:00:00,597,Virudhunagar,2.375,-3.33
2023-11-02 03:00:00,597,Virudhunagar,0.6666666666666666,-3.33
2023-11-02 05:00:00,597,Virudhunagar,0.5,-4.206333333333333
2023-11-02 06:00:00,597,Virudhunagar,97.0,-4.206333333333333
2023-11-02 07:00:00,597,Virudhunagar,4.5,-4.206333333333333
2023-11-02 12:00:00,597,Virudhunagar,10.0,-4.067
2023-11-02 13:00:00,597,Virudhunagar,228.0,-4.067
2023-11-02 14:00:00,597,Virudhunagar,38.5,-4.067
2023-11-02 15:00:00,597,Virudhunagar,88.5,-4.067
2023-11-02 16:00:00,597,Virudhunagar,82.5,-4.061333333333334
2023-11-02 17:00:00,597,Virudhunagar,22.0,-4.061333333333334
2023-11-02 18:00:00,597,Virudhunagar,14.5,-4.061333333333334
2023-11-02 19:00:00,597,Virudhunagar,2.0,-4.061333333333334
2023-11-02 21:00:00,597,Virudhunagar,5.166666666666667,-4.061333333333334
2023-11-02 22:00:00,597,Virudhunagar,7.875,-4.153333333333333
2023-11-02 23:00:00,597,Virudhunagar,3.0,-4.153333333333333
2023-11-03 00:00:00,597,Virudhunagar,1.25,-4.153333333333333
2023-11-03 01:00:00,597,Virudhunagar,0.5,-4.153333333333333
2023-11-03 04:00:00,597,Virudhunagar,4.5,-3.571428571428572
2023-11-03 06:00:00,597,Virudhunagar,37.5,-3.571428571428572
2023-11-03 07:00:00,597,Virudhunagar,6.5,-3.571428571428572
2023-11-03 08:00:00,597,Virudhunagar,45.0,-3.571428571428572
2023-11-03 09:00:00,597,Virudhunagar,135.5,-3.571428571428572
2023-11-03 10:00:00,597,Virudhunagar,41.0,-3.620428571428572
2023-11-03 11:00:00,597,Virudhunagar,15.0,-3.620428571428572
2023-11-03 12:00:00,597,Virudhunagar,29.0,-3.620428571428572
2023-11-03 13:00:00,597,Virudhunagar,13.5,-3.620428571428572
2023-11-03 14:00:00,597,Virudhunagar,9.5,-3.620428571428572
2023-11-03 15:00:00,597,Virudhunagar,1.0,-3.620428571428572
2023-11-03 16:00:00,597,Virudhunagar,7.166666666666667,-3.326571428571429
2023-11-03 17:00:00,597,Virudhunagar,10.833333333333334,-3.326571428571429
2023-11-03 18:00:00,597,Virudhunagar,11.5,-3.326571428571429
2023-11-03 19:00:00,597,Virudhunagar,3.071428571428572,-3.326571428571429
2023-11-03 20:00:00,597,Virudhunagar,3.1666666666666665,-3.326571428571429
2023-11-03 21:00:00,597,Virudhunagar,2.833333333333333,-3.326571428571429
2023-11-03 22:00:00,597,Virudhunagar,1.375,-3.192285714285714
2023-11-03 23:00:00,597,Virudhunagar,3.0,-3.192285714285714
2023-11-04 00:00:00,597,Virudhunagar,27.416666666666668,-3.192285714285714
2023-11-04 01:00:00,597,Virudhunagar,2.0,-3.192285714285714
2023-11-04 02:00:00,597,Virudhunagar,1.3,-3.192285714285714
2023-11-04 03:00:00,597,Virudhunagar,0.8333333333333334,-3.192285714285714
2023-11-04 04:00:00,597,Virudhunagar,0.8333333333333334,-3.2390000000000003
2023-11-04 05:00:00,597,Virudhunagar,0.8333333333333334,-3.2390000000000003
2023-11-04 07:00:00,597,Virudhunagar,2.25,-3.2390000000000003
2023-11-04 08:00:00,597,Virudhunagar,4.5,-3.2390000000000003
2023-11-04 12:00:00,597,Virudhunagar,0.5,-3.1592857142857147
2023-11-04 13:00:00,597,Virudhunagar,3.333333333333333,-3.1592857142857147
2023-11-04 14:00:00,597,Virudhunagar,6.333333333333333,-3.1592857142857147
2023-11-04 15:00:00,597,Virudhunagar,27.0,-3.1592857142857147
2023-11-04 16:00:00,597,Virudhunagar,0.8333333333333334,-3.0449999999999995
2023-11-04 18:00:00,597,Virudhunagar,38.0,-3.0449999999999995
2023-11-04 19:00:00,597,Virudhunagar,4.5,-3.0449999999999995
2023-11-04 20:00:00,597,Virudhunagar,0.8333333333333334,-3.0449999999999995
2023-11-04 21:00:00,597,Virudhunagar,3.75,-3.0449999999999995
2023-11-04 22:00:00,597,Virudhunagar,0.5,-2.947142857142857
2023-11-05 04:00:00,597,Virudhunagar,0.5,-2.8088333333333337
2023-11-05 15:00:00,597,Virudhunagar,0.5,-2.7663333333333333
2023-11-05 16:00:00,597,Virudhunagar,0.5,-2.7976666666666667
2023-11-05 18:00:00,597,Virudhunagar,0.75,-2.7976666666666667
2023-11-05 20:00:00,597,Virudhunagar,6.5,-2.7976666666666667
2023-11-05 22:00:00,597,Virudhunagar,3.0,-2.7598333333333334
2023-11-05 23:00:00,597,Virudhunagar,0.5,-2.7598333333333334
2023-11-06 00:00:00,597,Virudhunagar,1.0,-2.7598333333333334
2023-11-06 12:00:00,597,Virudhunagar,0.5,-3.7017142857142855
2023-11-06 15:00:00,597,Virudhunagar,0.5,-3.7017142857142855
2023-11-06 18:00:00,597,Virudhunagar,2.5,-3.7827142857142855
2023-11-06 19:00:00,597,Virudhunagar,22.75,-3.7827142857142855
2023-11-06 20:00:00,597,Virudhunagar,8.25,-3.7827142857142855
2023-11-06 21:00:00,597,Virudhunagar,8.0,-3.7827142857142855
2023-11-06 22:00:00,597,Virudhunagar,11.9,-3.675
2023-11-06 23:00:00,597,Virudhunagar,3.333333333333333,-3.675
2023-11-07 00:00:00,597,Virudhunagar,1.75,-3.675
2023-11-07 01:00:00,597,Virudhunagar,10.8,-3.675
2023-11-07 02:00:00,597,Virudhunagar,7.571428571428571,-3.675
2023-11-07 03:00:00,597,Virudhunagar,3.1666666666666665,-3.675
2023-11-07 04:00:00,597,Virudhunagar,2.0,-2.6335714285714285
2023-11-07 05:00:00,597,Virudhunagar,1.0,-2.6335714285714285
2023-11-07 06:00:00,597,Virudhunagar,1.5,-2.6335714285714285
2023-11-07 07:00:00,597,Virudhunagar,3.5,-2.6335714285714285
2023-11-07 08:00:00,597,Virudhunagar,0.5,-2.6335714285714285
2023-11-07 09:00:00,597,Virudhunagar,0.5,-2.6335714285714285
2023-11-07 11:00:00,597,Virudhunagar,0.5,-2.390571428571429
2023-11-07 13:00:00,597,Virudhunagar,0.5,-2.390571428571429
2023-11-07 14:00:00,597,Virudhunagar,10.0,-2.390571428571429
2023-11-07 15:00:00,597,Virudhunagar,3.0,-2.390571428571429
2023-11-07 17:00:00,597,Virudhunagar,1.0,-2.3152857142857144
2023-11-07 22:00:00,597,Virudhunagar,15.5,-2.254714285714286
2023-11-07 23:00:00,597,Virudhunagar,3.5,-2.254714285714286
2023-11-08 15:00:00,597,Virudhunagar,1.0,-2.2116666666666664
2023-11-08 17:00:00,597,Virudhunagar,0.5,-2.339166666666667
2023-11-08 18:00:00,597,Virudhunagar,25.5,-2.339166666666667
2023-11-08 19:00:00,597,Virudhunagar,3.8,-2.339166666666667
2023-11-08 20:00:00,597,Virudhunagar,6.1,-2.339166666666667
2023-11-08 21:00:00,597,Virudhunagar,6.0,-2.339166666666667
2023-11-08 22:00:00,597,Virudhunagar,10.6,-2.144
2023-11-08 23:00:00,597,Virudhunagar,1.375,-2.144
2023-11-09 00:00:00,597,Virudhunagar,1.1666666666666667,-2.144
2023-11-09 01:00:00,597,Virudhunagar,1.8333333333333333,-2.144
2023-11-09 02:00:00,597,Virudhunagar,7.5,-2.144
2023-11-09 03:00:00,597,Virudhunagar,2.7142857142857144,-2.144
2023-11-09 04:00:00,597,Virudhunagar,3.142857142857143,-2.004
2023-11-09 05:00:00,597,Virudhunagar,1.8333333333333333,-2.004
2023-11-09 06:00:00,597,Virudhunagar,0.625,-2.004
2023-11-09 10:00:00,597,Virudhunagar,0.5,-2.246166666666667
2023-11-09 18:00:00,597,Virudhunagar,0.5,-1.932
2023-11-09 23:00:00,597,Virudhunagar,13.0,-1.9068333333333327
2023-11-10 00:00:00,597,Virudhunagar,2.5,-1.9068333333333327
2023-11-10 04:00:00,597,Virudhunagar,7.5,-2.1315000000000004
2023-11-10 05:00:00,597,Virudhunagar,4.0,-2.1315000000000004
2023-11-10 10:00:00,597,Virudhunagar,0.5,-2.147
2023-11-10 12:00:00,597,Virudhunagar,1.0,-2.147
2023-11-10 15:00:00,597,Virudhunagar,4.25,-2.147
2023-11-10 16:00:00,597,Virudhunagar,22.0,-1.8928333333333336
2023-11-10 17:00:00,597,Virudhunagar,3.25,-1.8928333333333336
2023-11-10 18:00:00,597,Virudhunagar,0.5,-1.8928333333333336
2023-11-10 19:00:00,597,Virudhunagar,10.5,-1.8928333333333336
2023-11-10 20:00:00,597,Virudhunagar,1.1666666666666667,-1.8928333333333336
2023-11-10 21:00:00,597,Virudhunagar,0.8333333333333334,-1.8928333333333336
2023-11-10 22:00:00,597,Virudhunagar,0.5,-1.862
2023-11-11 00:00:00,597,Virudhunagar,2.5,-1.862
2023-11-11 01:00:00,597,Virudhunagar,0.5,-1.862
2023-11-11 09:00:00,597,Virudhunagar,0.5,-1.947
2023-11-11 15:00:00,597,Virudhunagar,3.0,-1.857333333333333
2023-11-11 16:00:00,597,Virudhunagar,2.0,-1.8585
2023-11-11 17:00:00,597,Virudhunagar,5.5,-1.8585
2023-11-11 20:00:00,597,Virudhunagar,1.5,-1.8585
2023-11-12 12:00:00,597,Virudhunagar,1.0,-1.8986666666666665
2023-11-13 23:00:00,597,Virudhunagar,2.0,-1.8858333333333333
2023-11-14 09:00:00,597,Virudhunagar,4.0,-1.957833333333333
2023-11-14 10:00:00,597,Virudhunagar,0.5,-2.171
2023-11-15 15:00:00,597,Virudhunagar,3.0,-2.1908333333333334
2023-11-15 17:00:00,597,Virudhunagar,3.5,-2.0336666666666665
2023-11-17 21:00:00,597,Virudhunagar,7.5,-2.188285714285714
2023-11-18 16:00:00,597,Virudhunagar,1.0,-2.1367142857142856
2023-11-18 21:00:00,597,Virudhunagar,0.5,-2.1367142857142856
2023-11-18 22:00:00,597,Virudhunagar,1.5,-2.122
2023-11-18 23:00:00,597,Virudhunagar,1.0,-2.122
2023-11-19 07:00:00,597,Virudhunagar,0.5,-2.153571428571429
2023-11-19 11:00:00,597,Virudhunagar,2.25,-2.125285714285714
2023-11-19 12:00:00,597,Virudhunagar,1.0,-2.125285714285714
2023-11-19 14:00:00,597,Virudhunagar,0.75,-2.125285714285714
2023-11-19 18:00:00,597,Virudhunagar,0.5,-2.1197142857142857
2023-11-19 20:00:00,597,Virudhunagar,0.5,-2.1197142857142857
2023-11-21 19:00:00,597,Virudhunagar,9.125,-1.9195
2023-11-21 20:00:00,597,Virudhunagar,44.0,-1.9195
2023-11-21 21:00:00,597,Virudhunagar,3.8333333333333335,-1.9195
2023-11-21 22:00:00,597,Virudhunagar,3.5,-1.733875
2023-11-21 23:00:00,597,Virudhunagar,1.25,-1.733875
2023-11-22 00:00:00,597,Virudhunagar,0.5,-1.733875
2023-11-22 01:00:00,597,Virudhunagar,2.0,-1.733875
2023-11-22 02:00:00,597,Virudhunagar,2.0,-1.733875
2023-11-22 14:00:00,597,Virudhunagar,0.5,-1.75975
2023-11-22 15:00:00,597,Virudhunagar,2.5,-1.75975
2023-11-22 16:00:00,597,Virudhunagar,8.0,-1.692
2023-11-22 17:00:00,597,Virudhunagar,14.0,-1.692
2023-11-22 18:00:00,597,Virudhunagar,1.5,-1.692
2023-11-22 19:00:00,597,Virudhunagar,0.5,-1.692
2023-11-22 20:00:00,597,Virudhunagar,1.875,-1.692
2023-11-22 21:00:00,597,Virudhunagar,5.833333333333333,-1.692
2023-11-22 22:00:00,597,Virudhunagar,1.0,-1.644625
2023-11-22 23:00:00,597,Virudhunagar,2.0,-1.644625
2023-11-23 00:00:00,597,Virudhunagar,0.5,-1.644625
2023-11-23 01:00:00,597,Virudhunagar,7.666666666666667,-1.644625
2023-11-23 02:00:00,597,Virudhunagar,15.416666666666666,-1.644625
2023-11-23 03:00:00,597,Virudhunagar,5.416666666666667,-1.644625
2023-11-23 04:00:00,597,Virudhunagar,3.9166666666666665,-1.57425
2023-11-23 05:00:00,597,Virudhunagar,2.2,-1.57425
2023-11-23 06:00:00,597,Virudhunagar,1.125,-1.57425
2023-11-23 07:00:00,597,Virudhunagar,2.0,-1.57425
2023-11-23 08:00:00,597,Virudhunagar,1.5,-1.57425
2023-11-24 18:00:00,597,Virudhunagar,5.0,-1.49625
2023-11-24 19:00:00,597,Virudhunagar,11.0,-1.49625
2023-11-25 12:00:00,597,Virudhunagar,0.5,-1.4575
2023-11-25 15:00:00,597,Virudhunagar,0.5,-1.4575
2023-11-25 17:00:00,597,Virudhunagar,3.75,-1.448
2023-11-25 18:00:00,597,Virudhunagar,17.0,-1.448
2023-11-25 19:00:00,597,Virudhunagar,3.0,-1.448
2023-11-26 07:00:00,597,Virudhunagar,0.5,-1.394125
2023-11-26 18:00:00,597,Virudhunagar,0.5,-1.493625
2023-11-27 09:00:00,597,Virudhunagar,0.5,-1.7641428571428572
2023-11-27 10:00:00,597,Virudhunagar,2.25,-1.8072857142857144
2023-11-27 11:00:00,597,Virudhunagar,1.25,-1.8072857142857144
2023-11-27 12:00:00,597,Virudhunagar,0.75,-1.8072857142857144
2023-11-27 14:00:00,597,Virudhunagar,1176.5,-1.8072857142857144
2023-11-27 15:00:00,597,Virudhunagar,84.5,-1.8072857142857144
2023-11-27 16:00:00,597,Virudhunagar,2.0,-1.7468571428571429
2023-11-27 17:00:00,597,Virudhunagar,233.0,-1.7468571428571429
2023-11-27 18:00:00,597,Virudhunagar,55.0,-1.7468571428571429
2023-11-27 19:00:00,597,Virudhunagar,5.833333333333333,-1.7468571428571429
2023-11-27 20:00:00,597,Virudhunagar,1.75,-1.7468571428571429
2023-11-27 21:00:00,597,Virudhunagar,48.0,-1.7468571428571429
2023-11-27 22:00:00,597,Virudhunagar,1.0,-1.7192857142857143
2023-11-28 02:00:00,597,Virudhunagar,438.5,-1.7192857142857143
2023-11-28 03:00:00,597,Virudhunagar,2719.0,-1.7192857142857143
2023-11-28 04:00:00,597,Virudhunagar,5.0,-1.745
2023-11-28 08:00:00,597,Virudhunagar,0.5,-1.745
2023-11-28 09:00:00,597,Virudhunagar,0.5,-1.745
2023-11-28 10:00:00,597,Virudhunagar,4028.0,-1.7041428571428572
2023-11-28 11:00:00,597,Virudhunagar,17.5,-1.7041428571428572
2023-11-28 12:00:00,597,Virudhunagar,0.5,-1.7041428571428572
2023-11-28 22:00:00,597,Virudhunagar,4.0,-1.7319999999999998
2023-11-29 17:00:00,597,Virudhunagar,2.0,-1.7935
2023-11-29 20:00:00,597,Virudhunagar,0.5,-1.7935
2023-11-29 21:00:00,597,Virudhunagar,5.0,-1.7935
2023-11-29 22:00:00,597,Virudhunagar,3.5,-1.848
2023-11-30 10:00:00,597,Virudhunagar,1.0,-2.0795
2023-11-30 11:00:00,597,Virudhunagar,4.0,-2.0795
2023-11-30 12:00:00,597,Virudhunagar,1.25,-2.0795
2023-11-30 13:00:00,597,Virudhunagar,2.5,-2.0795
2023-11-30 14:00:00,597,Virudhunagar,1.5,-2.0795
2023-11-30 15:00:00,597,Virudhunagar,0.5,-2.0795
2023-12-05 18:00:00,597,Virudhunagar,2.0,-4.132
2023-12-05 19:00:00,597,Virudhunagar,2.0,-4.132
2023-12-05 21:00:00,597,Virudhunagar,3.5,-4.132
2023-12-07 17:00:00,597,Virudhunagar,1.5,-3.7305
2023-12-07 21:00:00,597,Virudhunagar,3.5,-3.7305
2023-12-07 22:00:00,597,Virudhunagar,1.5,-3.7765
2023-12-07 23:00:00,597,Virudhunagar,1.0,-3.7765
2023-12-08 00:00:00,597,Virudhunagar,1.0,-3.7765
2023-12-08 17:00:00,597,Virudhunagar,7.0,-3.7805
2023-12-08 18:00:00,597,Virudhunagar,0.5,-3.7805
2023-12-08 20:00:00,597,Virudhunagar,0.5,-3.7805
2023-12-08 21:00:00,597,Virudhunagar,5.5,-3.7805
2023-12-09 00:00:00,597,Virudhunagar,16.0,-3.9545
2023-12-09 01:00:00,597,Virudhunagar,10.0,-3.9545
2023-12-09 02:00:00,597,Virudhunagar,17.25,-3.9545
2023-12-09 03:00:00,597,Virudhunagar,0.5,-3.9545
2023-12-09 04:00:00,597,Virudhunagar,1.5,-3.807
2023-12-09 05:00:00,597,Virudhunagar,0.5,-3.807
2023-12-09 06:00:00,597,Virudhunagar,2.0,-3.807
2023-12-09 07:00:00,597,Virudhunagar,1.5,-3.807
2023-12-09 13:00:00,597,Virudhunagar,2.5,-3.879
2023-12-09 14:00:00,597,Virudhunagar,3.0,-3.879
2023-12-09 15:00:00,597,Virudhunagar,1.0,-3.879
2023-12-09 16:00:00,597,Virudhunagar,1.5,-3.7765
2023-12-09 18:00:00,597,Virudhunagar,2.0,-3.7765
2023-12-09 20:00:00,597,Virudhunagar,3.0,-3.7765
2023-12-09 21:00:00,597,Virudhunagar,3.25,-3.7765
2023-12-09 22:00:00,597,Virudhunagar,4.25,-3.771
2023-12-09 23:00:00,597,Virudhunagar,1.0,-3.771
2023-12-10 00:00:00,597,Virudhunagar,2.5,-3.771
2023-12-10 21:00:00,597,Virudhunagar,6.25,-3.842
2023-12-10 22:00:00,597,Virudhunagar,0.5,-3.796
2023-12-10 23:00:00,597,Virudhunagar,0.5,-3.796
2023-12-11 00:00:00,597,Virudhunagar,0.5,-3.796
2023-12-16 17:00:00,597,Virudhunagar,0.5,-3.8665
2023-12-16 22:00:00,597,Virudhunagar,0.5,-3.9095
2023-12-17 00:00:00,597,Virudhunagar,1.0,-3.9095
2023-12-17 01:00:00,597,Virudhunagar,2.25,-3.9095
2023-12-17 02:00:00,597,Virudhunagar,1.125,-3.9095
2023-12-17 03:00:00,597,Virudhunagar,1.0,-3.9095
2023-12-17 04:00:00,597,Virudhunagar,0.5,-4.179
2023-12-17 05:00:00,597,Virudhunagar,0.5,-4.179
2023-12-17 06:00:00,597,Virudhunagar,0.5,-4.179
2023-12-17 09:00:00,597,Virudhunagar,0.6666666666666666,-4.179
2023-12-17 10:00:00,597,Virudhunagar,1.25,-3.9315
2023-12-17 11:00:00,597,Virudhunagar,0.75,-3.9315
2023-12-17 12:00:00,597,Virudhunagar,0.6666666666666666,-3.9315
2023-12-17 13:00:00,597,Virudhunagar,0.6666666666666666,-3.9315
2023-12-17 14:00:00,597,Virudhunagar,0.5,-3.9315
2023-12-17 15:00:00,597,Virudhunagar,8.75,-3.9315
2023-12-17 16:00:00,597,Virudhunagar,11.833333333333334,-3.5
2023-12-17 17:00:00,597,Virudhunagar,12.3,-3.5
2023-12-17 18:00:00,597,Virudhunagar,15.7,-3.5
2023-12-17 19:00:00,597,Virudhunagar,10.0,-3.5
2023-12-17 20:00:00,597,Virudhunagar,14.0,-3.5
2023-12-17 21:00:00,597,Virudhunagar,6.5,-3.5
2023-12-17 22:00:00,597,Virudhunagar,6.875,-3.558
2023-12-17 23:00:00,597,Virudhunagar,7.833333333333333,-3.558
2023-12-18 00:00:00,597,Virudhunagar,4.1,-3.558
2023-12-18 01:00:00,597,Virudhunagar,12.5,-3.558
2023-12-18 02:00:00,597,Virudhunagar,11.3,-3.558
2023-12-18 03:00:00,597,Virudhunagar,8.4,-3.558
2023-12-18 04:00:00,597,Virudhunagar,9.5,-3.3035
2023-12-18 05:00:00,597,Virudhunagar,6.8,-3.3035
2023-12-18 06:00:00,597,Virudhunagar,5.4,-3.3035
2023-12-18 07:00:00,597,Virudhunagar,2.9,-3.3035
2023-12-18 08:00:00,597,Virudhunagar,5.6,-3.3035
2023-12-18 09:00:00,597,Virudhunagar,4.2,-3.3035
2023-12-18 10:00:00,597,Virudhunagar,0.875,-3.361
2023-12-18 11:00:00,597,Virudhunagar,3.0,-3.361
2023-12-18 12:00:00,597,Virudhunagar,0.5,-3.361
2023-12-18 13:00:00,597,Virudhunagar,1.0,-3.361
2023-12-18 14:00:00,597,Virudhunagar,0.5,-3.361
2023-12-18 15:00:00,597,Virudhunagar,0.5,-3.361
2023-12-20 19:00:00,597,Virudhunagar,0.5,-3.5580000000000003
2023-12-21 11:00:00,597,Virudhunagar,0.8333333333333334,-3.535
2023-12-21 12:00:00,597,Virudhunagar,1.0,-3.535
2023-12-21 13:00:00,597,Virudhunagar,1.0,-3.535
2023-12-21 14:00:00,597,Virudhunagar,3.25,-3.535
2023-12-21 15:00:00,597,Virudhunagar,1.0,-3.535
2023-12-21 16:00:00,597,Virudhunagar,0.5,-3.8005
2023-12-21 17:00:00,597,Virudhunagar,2.0,-3.8005
2023-12-22 08:00:00,597,Virudhunagar,0.5,-3.531
2023-12-29 16:00:00,597,Virudhunagar,0.75,-1.366
2023-12-29 19:00:00,597,Virudhunagar,2.0,-1.366
2023-12-29 22:00:00,597,Virudhunagar,2.5,-1.3040000000000005
2023-12-30 22:00:00,597,Virudhunagar,3.0,-1.3144999999999998
2024-01-03 18:55:00,597,Virudhunagar,0.5,-0.9987142857142858
2024-01-03 19:00:00,597,Virudhunagar,3.5,-0.9987142857142858
2024-01-03 19:05:00,597,Virudhunagar,1.0,-0.9987142857142858
2024-01-03 19:10:00,597,Virudhunagar,1.5,-0.9987142857142858
2024-01-03 19:15:00,597,Virudhunagar,2.0,-0.9987142857142858
2024-01-03 19:20:00,597,Virudhunagar,2.5,-0.9987142857142858
2024-01-03 19:25:00,597,Virudhunagar,2.5,-0.9987142857142858
2024-01-03 19:30:00,597,Virudhunagar,2.5,-0.9987142857142858
2024-01-03 19:35:00,597,Virudhunagar,2.5,-0.9987142857142858
2024-01-03 19:40:00,597,Virudhunagar,2.5,-0.9987142857142858
2024-01-03 19:45:00,597,Virudhunagar,2.5,-0.9987142857142858
2024-01-03 19:50:00,597,Virudhunagar,2.5,-0.9987142857142858
2024-01-03 19:55:00,597,Virudhunagar,2.5,-0.9987142857142858
2024-01-03 20:00:00,597,Virudhunagar,6.0,-0.9987142857142858
2024-01-03 20:20:00,597,Virudhunagar,0.5,-0.9987142857142858
2024-01-03 20:25:00,597,Virudhunagar,0.5,-0.9987142857142858
2024-01-03 20:30:00,597,Virudhunagar,1.0,-0.9987142857142858
2024-01-03 20:35:00,597,Virudhunagar,1.0,-0.9987142857142858
2024-01-03 20:40:00,597,Virudhunagar,1.5,-0.9987142857142858
2024-01-03 20:45:00,597,Virudhunagar,1.5,-0.9987142857142858
2024-01-03 20:50:00,597,Virudhunagar,1.5,-0.9987142857142858
2024-01-03 20:55:00,597,Virudhunagar,2.0,-0.9987142857142858
2024-01-03 21:00:00,597,Virudhunagar,5.0,-0.9987142857142858
2024-01-03 21:10:00,597,Virudhunagar,0.5,-0.998
2024-01-03 21:15:00,597,Virudhunagar,0.5,-0.998
2024-01-03 21:20:00,597,Virudhunagar,1.0,-0.998
2024-01-03 21:25:00,597,Virudhunagar,1.0,-0.998
2024-01-03 21:30:00,597,Virudhunagar,1.0,-0.998
2024-01-03 21:35:00,597,Virudhunagar,1.0,-0.998
2024-01-03 22:00:00,597,Virudhunagar,11.75,-0.998
2024-01-03 23:00:00,597,Virudhunagar,1.25,-0.998
2024-01-04 01:00:00,597,Virudhunagar,1.5,-0.998
2024-01-04 02:00:00,597,Virudhunagar,0.5,-0.998
2024-01-04 22:00:00,597,Virudhunagar,1.0,-1.062625
2024-01-05 00:00:00,597,Virudhunagar,5.0,-1.062625
2024-01-05 01:00:00,597,Virudhunagar,9.25,-1.062625
2024-01-05 02:00:00,597,Virudhunagar,2.0,-1.062625
2024-01-05 03:00:00,597,Virudhunagar,4.333333333333333,-1.062625
2024-01-05 04:00:00,597,Virudhunagar,3.6666666666666665,-1.2444285714285712
2024-01-05 05:00:00,597,Virudhunagar,1.0,-1.2444285714285712
2024-01-05 06:00:00,597,Virudhunagar,0.5,-1.2444285714285712
2024-01-05 07:00:00,597,Virudhunagar,0.5,-1.2444285714285712
2024-01-05 17:00:00,597,Virudhunagar,0.5,-0.955375
2024-01-06 20:00:00,597,Virudhunagar,4.0,-1.2699999999999998
2024-01-06 21:00:00,597,Virudhunagar,39.0,-1.2699999999999998
2024-01-06 22:00:00,597,Virudhunagar,5.5,-1.195
2024-01-06 23:00:00,597,Virudhunagar,4.75,-1.195
2024-01-07 00:00:00,597,Virudhunagar,25.0,-1.195
2024-01-07 01:00:00,597,Virudhunagar,2.0,-1.195
2024-01-07 02:00:00,597,Virudhunagar,0.5,-1.195
2024-01-07 06:00:00,597,Virudhunagar,0.5,-1.4361428571428572
2024-01-08 14:00:00,597,Virudhunagar,3.25,-1.1445714285714284
2024-01-08 16:00:00,597,Virudhunagar,14.5,-1.227714285714286
2024-01-08 17:00:00,597,Virudhunagar,1.25,-1.227714285714286
2024-01-08 18:00:00,597,Virudhunagar,9.0,-1.227714285714286
2024-01-08 19:00:00,597,Virudhunagar,14.0,-1.227714285714286
2024-01-08 20:00:00,597,Virudhunagar,1.0,-1.227714285714286
2024-01-08 22:00:00,597,Virudhunagar,2.5,-1.1288571428571428
2024-01-08 23:00:00,597,Virudhunagar,2.0,-1.1288571428571428
2024-01-09 05:00:00,597,Virudhunagar,0.5,-1.258857142857143
2024-01-09 06:00:00,597,Virudhunagar,0.5,-1.258857142857143
2024-01-09 10:00:00,597,Virudhunagar,0.5,-1.2467142857142857
2024-01-09 11:00:00,597,Virudhunagar,0.75,-1.2467142857142857
2024-01-09 12:00:00,597,Virudhunagar,2.25,-1.2467142857142857
2024-01-09 13:00:00,597,Virudhunagar,4.3,-1.2467142857142857
2024-01-09 14:00:00,597,Virudhunagar,2.1,-1.2467142857142857
2024-01-09 15:00:00,597,Virudhunagar,0.8333333333333334,-1.2467142857142857
2024-01-09 16:00:00,597,Virudhunagar,1.25,-1.1297142857142857
2024-01-09 19:00:00,597,Virudhunagar,0.5,-1.1297142857142857
2024-01-10 18:00:00,597,Virudhunagar,2.0,-1.1727142857142856
2024-01-10 19:00:00,597,Virudhunagar,0.5,-1.1727142857142856
2024-01-19 19:00:00,597,Virudhunagar,0.5,-1.2345714285714284
2024-01-19 20:00:00,597,Virudhunagar,5.0,-1.2345714285714284
2024-01-19 21:00:00,597,Virudhunagar,3.0,-1.2345714285714284
2024-01-20 06:00:00,597,Virudhunagar,1.0,-1.4807142857142856
2024-01-20 07:00:00,597,Virudhunagar,1.25,-1.4807142857142856
2024-01-20 08:00:00,597,Virudhunagar,1.0,-1.4807142857142856
2024-01-20 09:00:00,597,Virudhunagar,2.5,-1.4807142857142856
2024-01-20 11:00:00,597,Virudhunagar,1.0,-1.2395714285714283
2024-01-20 12:00:00,597,Virudhunagar,0.5,-1.2395714285714283
2024-01-20 13:00:00,597,Virudhunagar,2.0,-1.2395714285714283
2024-01-20 14:00:00,597,Virudhunagar,1.0,-1.2395714285714283
2024-01-20 18:00:00,597,Virudhunagar,215.0,-1.2295714285714283
2024-01-22 11:05:00,597,Virudhunagar,0.5,-1.457
2024-01-22 11:10:00,597,Virudhunagar,0.5,-1.457
2024-02-01 01:00:00,597,Virudhunagar,0.5,-1.406857142857143
2024-02-01 03:00:00,597,Virudhunagar,2.0,-1.406857142857143
2024-02-01 07:00:00,597,Virudhunagar,11.5,-1.614857142857143
2024-02-01 08:00:00,597,Virudhunagar,18.25,-1.614857142857143
2024-02-01 09:00:00,597,Virudhunagar,8.25,-1.614857142857143
2024-02-01 10:00:00,597,Virudhunagar,1.0,-1.4435714285714287
2024-02-03 08:00:00,597,Virudhunagar,0.5,-1.6322857142857143
2024-03-21 12:00:00,597,Virudhunagar,0.5,-3.5613333333333337
2024-03-22 00:00:00,597,Virudhunagar,0.5,-3.435333333333334
2024-04-11 20:00:00,597,Virudhunagar,0.5,-3.62925
2024-04-11 21:00:00,597,Virudhunagar,5.5,-3.62925
2024-04-12 12:45:00,597,Virudhunagar,1.0,-4.329428571428571
2024-04-12 12:50:00,597,Virudhunagar,1.0,-4.329428571428571
2024-04-12 12:55:00,597,Virudhunagar,1.0,-4.329428571428571
2024-04-12 13:00:00,597,Virudhunagar,1.0,-4.329428571428571
2024-04-12 15:00:00,597,Virudhunagar,2.0,-4.329428571428571
2024-04-12 16:00:00,597,Virudhunagar,9.25,-4.308428571428571
2024-04-12 16:05:00,597,Virudhunagar,1.0,-4.308428571428571
2024-04-12 16:10:00,597,Virudhunagar,2.0,-4.308428571428571
2024-04-12 16:15:00,597,Virudhunagar,3.5,-4.308428571428571
2024-04-12 16:20:00,597,Virudhunagar,7.0,-4.308428571428571
2024-04-12 16:25:00,597,Virudhunagar,9.0,-4.308428571428571
2024-04-12 16:30:00,597,Virudhunagar,12.0,-4.308428571428571
2024-04-12 16:35:00,597,Virudhunagar,19.5,-4.308428571428571
2024-04-12 16:40:00,597,Virudhunagar,24.5,-4.308428571428571
2024-04-12 16:45:00,597,Virudhunagar,27.5,-4.308428571428571
2024-04-12 16:50:00,597,Virudhunagar,31.5,-4.308428571428571
2024-04-12 16:55:00,597,Virudhunagar,35.0,-4.308428571428571
2024-04-12 17:00:00,597,Virudhunagar,12.0,-4.308428571428571
2024-04-12 17:05:00,597,Virudhunagar,1.5,-4.308428571428571
2024-04-12 17:10:00,597,Virudhunagar,2.0,-4.308428571428571
2024-04-12 17:15:00,597,Virudhunagar,2.0,-4.308428571428571
2024-04-12 17:20:00,597,Virudhunagar,2.5,-4.308428571428571
2024-04-12 17:25:00,597,Virudhunagar,2.5,-4.308428571428571
2024-04-12 17:30:00,597,Virudhunagar,2.5,-4.308428571428571
2024-04-12 17:35:00,597,Virudhunagar,2.5,-4.308428571428571
2024-04-12 17:40:00,597,Virudhunagar,2.5,-4.308428571428571
2024-04-12 17:45:00,597,Virudhunagar,2.5,-4.308428571428571
2024-04-12 17:50:00,597,Virudhunagar,2.5,-4.308428571428571
2024-04-12 17:55:00,597,Virudhunagar,2.5,-4.308428571428571
2024-04-12 18:00:00,597,Virudhunagar,7.1,-4.308428571428571
2024-04-12 18:25:00,597,Virudhunagar,0.5,-4.308428571428571
2024-04-12 18:30:00,597,Virudhunagar,0.5,-4.308428571428571
2024-04-12 18:35:00,597,Virudhunagar,0.5,-4.308428571428571
2024-04-12 18:40:00,597,Virudhunagar,0.5,-4.308428571428571
2024-04-12 18:45:00,597,Virudhunagar,0.5,-4.308428571428571
2024-04-12 18:50:00,597,Virudhunagar,0.5,-4.308428571428571
2024-04-12 18:55:00,597,Virudhunagar,0.5,-4.308428571428571
2024-04-12 19:00:00,597,Virudhunagar,2.5,-4.308428571428571
2024-04-12 19:05:00,597,Virudhunagar,0.5,-4.308428571428571
2024-04-12 19:10:00,597,Virudhunagar,0.5,-4.308428571428571
2024-04-12 19:15:00,597,Virudhunagar,0.5,-4.308428571428571
2024-04-12 19:20:00,597,Virudhunagar,0.5,-4.308428571428571
2024-04-12 19:25:00,597,Virudhunagar,0.5,-4.308428571428571
2024-04-12 19:30:00,597,Virudhunagar,0.5,-4.308428571428571
2024-04-12 19:35:00,597,Virudhunagar,0.5,-4.308428571428571
2024-04-12 19:40:00,597,Virudhunagar,0.5,-4.308428571428571
2024-04-12 19:45:00,597,Virudhunagar,0.5,-4.308428571428571
2024-04-12 19:50:00,597,Virudhunagar,0.5,-4.308428571428571
2024-04-12 19:55:00,597,Virudhunagar,0.5,-4.308428571428571
2024-04-12 20:00:00,597,Virudhunagar,0.75,-4.308428571428571
2024-04-13 04:10:00,597,Virudhunagar,0.5,-4.437857142857142
2024-04-13 04:15:00,597,Virudhunagar,0.5,-4.437857142857142
2024-04-13 04:20:00,597,Virudhunagar,0.5,-4.437857142857142
2024-04-13 04:25:00,597,Virudhunagar,0.5,-4.437857142857142
2024-04-13 04:30:00,597,Virudhunagar,0.5,-4.437857142857142
2024-04-13 04:35:00,597,Virudhunagar,0.5,-4.437857142857142
2024-04-13 04:40:00,597,Virudhunagar,0.5,-4.437857142857142
2024-04-13 04:45:00,597,Virudhunagar,0.5,-4.437857142857142
2024-04-13 04:50:00,597,Virudhunagar,0.5,-4.437857142857142
2024-04-13 04:55:00,597,Virudhunagar,0.5,-4.437857142857142
2024-04-13 05:00:00,597,Virudhunagar,0.5,-4.437857142857142
2024-04-13 08:00:00,597,Virudhunagar,2.5,-4.437857142857142
2024-04-13 15:00:00,597,Virudhunagar,0.5,-4.189142857142857
2024-04-13 15:05:00,597,Virudhunagar,0.5,-4.205571428571429
2024-04-13 15:10:00,597,Virudhunagar,2.0,-4.205571428571429
2024-04-13 15:15:00,597,Virudhunagar,3.0,-4.205571428571429
2024-04-13 15:20:00,597,Virudhunagar,3.5,-4.205571428571429
2024-04-13 15:25:00,597,Virudhunagar,3.5,-4.205571428571429
2024-04-13 15:30:00,597,Virudhunagar,3.5,-4.205571428571429
2024-04-13 15:35:00,597,Virudhunagar,4.0,-4.205571428571429
2024-04-13 15:40:00,597,Virudhunagar,4.0,-4.205571428571429
2024-04-13 15:45:00,597,Virudhunagar,4.0,-4.205571428571429
2024-04-13 15:50:00,597,Virudhunagar,4.0,-4.205571428571429
2024-04-13 15:55:00,597,Virudhunagar,4.0,-4.205571428571429
2024-04-13 16:00:00,597,Virudhunagar,2.25,-4.205571428571429
2024-04-13 17:00:00,597,Virudhunagar,5.0,-4.205571428571429
2024-04-13 18:00:00,597,Virudhunagar,6.5,-4.205571428571429
2024-04-13 19:00:00,597,Virudhunagar,4.0,-4.205571428571429
2024-04-13 20:00:00,597,Virudhunagar,4.5,-4.205571428571429
2024-04-13 22:00:00,597,Virudhunagar,1.0,-4.196571428571429
2024-04-14 01:00:00,597,Virudhunagar,0.5,-4.196571428571429
2024-04-15 14:35:00,597,Virudhunagar,0.5,-4.328714285714286
2024-04-15 14:40:00,597,Virudhunagar,1.0,-4.328714285714286
2024-04-15 14:45:00,597,Virudhunagar,2.0,-4.328714285714286
2024-04-15 14:50:00,597,Virudhunagar,2.0,-4.328714285714286
2024-04-15 14:55:00,597,Virudhunagar,2.0,-4.328714285714286
2024-04-15 15:00:00,597,Virudhunagar,2.0,-4.328714285714286
2024-04-15 19:00:00,597,Virudhunagar,8.0,-4.2
2024-04-15 20:00:00,597,Virudhunagar,7.0,-4.2
2024-04-20 11:00:00,597,Virudhunagar,0.5,-4.519571428571429
2024-04-20 12:20:00,597,Virudhunagar,1.0,-4.519571428571429
2024-04-20 13:00:00,597,Virudhunagar,1.0,-4.519571428571429
2024-04-23 12:00:00,597,Virudhunagar,12.0,-3.641125
2024-04-30 18:00:00,597,Virudhunagar,5.0,-3.657428571428572
2024-04-30 19:00:00,597,Virudhunagar,3.5,-3.657428571428572
2024-05-05 16:45:00,597,Virudhunagar,7.0,-4.193875
2024-05-05 16:50:00,597,Virudhunagar,8.0,-4.193875
2024-05-05 16:55:00,597,Virudhunagar,8.0,-4.193875
2024-05-05 17:00:00,597,Virudhunagar,8.0,-4.193875
2024-05-05 18:00:00,597,Virudhunagar,1.0,-4.193875
2024-05-05 19:00:00,597,Virudhunagar,0.5,-4.193875
2024-05-05 23:00:00,597,Virudhunagar,0.5,-4.035
2024-05-06 00:00:00,597,Virudhunagar,0.5,-4.035
2024-05-06 06:00:00,597,Virudhunagar,0.5,-4.157875
2024-05-06 16:00:00,597,Virudhunagar,0.5,-3.929
2024-05-07 06:00:00,597,Virudhunagar,0.5,-4.1745
2024-05-07 16:00:00,597,Virudhunagar,0.5,-3.926625
2024-05-08 14:00:00,597,Virudhunagar,0.5,-4.221375
2024-05-08 20:20:00,597,Virudhunagar,1.0,-4.09975
2024-05-08 20:25:00,597,Virudhunagar,2.0,-4.09975
2024-05-08 20:30:00,597,Virudhunagar,2.0,-4.09975
2024-05-08 20:35:00,597,Virudhunagar,2.0,-4.09975
2024-05-08 20:40:00,597,Virudhunagar,2.0,-4.09975
2024-05-08 20:50:00,597,Virudhunagar,2.0,-4.09975
2024-05-08 20:55:00,597,Virudhunagar,2.0,-4.09975
2024-05-08 21:00:00,597,Virudhunagar,2.0,-4.09975
2024-05-08 21:15:00,597,Virudhunagar,0.5,-4.049375
2024-05-08 21:20:00,597,Virudhunagar,0.5,-4.049375
2024-05-08 21:25:00,597,Virudhunagar,0.5,-4.049375
2024-05-08 21:30:00,597,Virudhunagar,1.0,-4.049375
2024-05-08 21:35:00,597,Virudhunagar,1.0,-4.049375
2024-05-08 21:40:00,597,Virudhunagar,1.0,-4.049375
2024-05-08 21:55:00,597,Virudhunagar,1.0,-4.049375
2024-05-08 22:00:00,597,Virudhunagar,0.75,-4.049375
2024-05-09 07:00:00,597,Virudhunagar,0.5,-4.10475
2024-05-09 21:00:00,597,Virudhunagar,2.5,-4.2005
2024-05-09 22:00:00,597,Virudhunagar,21.5,-4.00425
2024-05-09 23:00:00,597,Virudhunagar,2.0,-4.00425
2024-05-10 00:00:00,597,Virudhunagar,1.0,-4.00425
2024-05-10 00:20:00,597,Virudhunagar,0.5,-4.00425
2024-05-10 00:30:00,597,Virudhunagar,1.0,-4.00425
2024-05-10 00:40:00,597,Virudhunagar,1.0,-4.00425
2024-05-10 00:45:00,597,Virudhunagar,1.0,-4.00425
2024-05-10 00:50:00,597,Virudhunagar,1.0,-4.00425
2024-05-10 00:55:00,597,Virudhunagar,1.0,-4.00425
2024-05-10 01:00:00,597,Virudhunagar,0.8333333333333334,-4.00425
2024-05-10 01:05:00,597,Virudhunagar,0.5,-4.00425
2024-05-10 01:15:00,597,Virudhunagar,0.5,-4.00425
2024-05-10 01:20:00,597,Virudhunagar,1.0,-4.00425
2024-05-10 01:25:00,597,Virudhunagar,1.0,-4.00425
2024-05-10 01:30:00,597,Virudhunagar,1.0,-4.00425
2024-05-10 01:35:00,597,Virudhunagar,1.0,-4.00425
2024-05-10 01:45:00,597,Virudhunagar,1.0,-4.00425
2024-05-10 01:50:00,597,Virudhunagar,1.0,-4.00425
2024-05-10 02:00:00,597,Virudhunagar,1.0,-4.00425
2024-05-10 02:30:00,597,Virudhunagar,0.5,-4.00425
2024-05-10 02:35:00,597,Virudhunagar,0.5,-4.00425
2024-05-10 02:40:00,597,Virudhunagar,0.5,-4.00425
2024-05-10 02:45:00,597,Virudhunagar,0.5,-4.00425
2024-05-10 03:00:00,597,Virudhunagar,0.5,-4.00425
2024-05-10 09:00:00,597,Virudhunagar,0.5,-3.9375
2024-05-10 13:00:00,597,Virudhunagar,0.5,-3.901625
2024-05-10 15:00:00,597,Virudhunagar,1.5,-3.901625
2024-05-10 18:00:00,597,Virudhunagar,12.5,-3.842875
2024-05-10 19:00:00,597,Virudhunagar,2.0,-3.842875
2024-05-10 20:00:00,597,Virudhunagar,0.5,-3.842875
2024-05-10 21:00:00,597,Virudhunagar,1.0,-3.842875
2024-05-11 04:00:00,597,Virudhunagar,0.5,-4.124125
2024-05-11 15:20:00,597,Virudhunagar,0.5,-3.849125
2024-05-11 15:25:00,597,Virudhunagar,1.5,-3.849125
2024-05-11 15:30:00,597,Virudhunagar,4.5,-3.849125
2024-05-11 15:35:00,597,Virudhunagar,7.0,-3.849125
2024-05-11 15:40:00,597,Virudhunagar,9.5,-3.849125
2024-05-11 15:45:00,597,Virudhunagar,10.5,-3.849125
2024-05-11 15:50:00,597,Virudhunagar,10.5,-3.849125
2024-05-11 15:55:00,597,Virudhunagar,10.5,-3.849125
2024-05-11 16:00:00,597,Virudhunagar,10.5,-3.849125
2024-05-11 16:10:00,597,Virudhunagar,0.5,-3.849125
2024-05-11 16:15:00,597,Virudhunagar,0.5,-3.849125
2024-05-11 16:20:00,597,Virudhunagar,0.5,-3.849125
2024-05-11 16:25:00,597,Virudhunagar,0.5,-3.849125
2024-05-11 16:30:00,597,Virudhunagar,0.5,-3.849125
2024-05-11 16:35:00,597,Virudhunagar,0.5,-3.849125
2024-05-11 16:40:00,597,Virudhunagar,0.5,-3.849125
2024-05-11 16:45:00,597,Virudhunagar,0.5,-3.849125
2024-05-11 16:50:00,597,Virudhunagar,0.5,-3.849125
2024-05-11 16:55:00,597,Virudhunagar,0.5,-3.849125
2024-05-11 17:00:00,597,Virudhunagar,0.5,-3.849125
2024-05-12 21:00:00,597,Virudhunagar,2.5,-3.85525
2024-05-12 22:00:00,597,Virudhunagar,1.0,-3.744
2024-05-12 23:00:00,597,Virudhunagar,3.0,-3.744
2024-05-13 00:00:00,597,Virudhunagar,1.0,-3.744
2024-05-13 02:00:00,597,Virudhunagar,0.5,-3.744
2024-05-13 13:55:00,597,Virudhunagar,0.5,-3.827125
2024-05-13 14:00:00,597,Virudhunagar,0.5,-3.827125
2024-05-13 15:00:00,597,Virudhunagar,18.0,-3.827125
2024-05-13 16:25:00,597,Virudhunagar,0.5,-3.792
2024-05-13 16:30:00,597,Virudhunagar,0.5,-3.792
2024-05-13 16:35:00,597,Virudhunagar,0.5,-3.792
2024-05-13 16:40:00,597,Virudhunagar,0.5,-3.792
2024-05-13 16:45:00,597,Virudhunagar,0.5,-3.792
2024-05-13 16:50:00,597,Virudhunagar,0.5,-3.792
2024-05-13 16:55:00,597,Virudhunagar,0.5,-3.792
2024-05-13 17:00:00,597,Virudhunagar,0.5,-3.792
2024-05-13 17:40:00,597,Virudhunagar,0.5,-3.792
2024-05-13 17:45:00,597,Virudhunagar,0.5,-3.792
2024-05-13 17:50:00,597,Virudhunagar,0.5,-3.792
2024-05-13 17:55:00,597,Virudhunagar,0.5,-3.792
2024-05-13 18:00:00,597,Virudhunagar,0.75,-3.792
2024-05-14 01:00:00,597,Virudhunagar,0.5,-3.800125
2024-05-14 11:00:00,597,Virudhunagar,0.5,-3.797125
2024-05-14 18:00:00,597,Virudhunagar,19.5,-3.724625
2024-05-14 18:45:00,597,Virudhunagar,0.5,-3.724625
2024-05-14 18:50:00,597,Virudhunagar,0.5,-3.724625
2024-05-14 18:55:00,597,Virudhunagar,1.0,-3.724625
2024-05-14 19:00:00,597,Virudhunagar,1.3333333333333333,-3.724625
2024-05-14 19:05:00,597,Virudhunagar,0.5,-3.724625
2024-05-14 19:10:00,597,Virudhunagar,0.5,-3.724625
2024-05-14 19:15:00,597,Virudhunagar,1.0,-3.724625
2024-05-14 19:20:00,597,Virudhunagar,1.0,-3.724625
2024-05-14 19:25:00,597,Virudhunagar,1.0,-3.724625
2024-05-14 19:30:00,597,Virudhunagar,1.0,-3.724625
2024-05-14 19:35:00,597,Virudhunagar,1.0,-3.724625
2024-05-14 19:40:00,597,Virudhunagar,1.5,-3.724625
2024-05-14 19:45:00,597,Virudhunagar,1.5,-3.724625
2024-05-14 19:50:00,597,Virudhunagar,1.5,-3.724625
2024-05-14 19:55:00,597,Virudhunagar,1.5,-3.724625
2024-05-14 20:00:00,597,Virudhunagar,1.0,-3.724625
2024-05-14 20:05:00,597,Virudhunagar,0.5,-3.724625
2024-05-14 20:10:00,597,Virudhunagar,0.5,-3.724625
2024-05-14 20:15:00,597,Virudhunagar,0.5,-3.724625
2024-05-14 20:20:00,597,Virudhunagar,0.5,-3.724625
2024-05-14 20:25:00,597,Virudhunagar,0.5,-3.724625
2024-05-14 20:30:00,597,Virudhunagar,0.5,-3.724625
2024-05-14 20:35:00,597,Virudhunagar,0.5,-3.724625
2024-05-14 20:40:00,597,Virudhunagar,0.5,-3.724625
2024-05-14 20:45:00,597,Virudhunagar,0.5,-3.724625
2024-05-14 20:50:00,597,Virudhunagar,0.5,-3.724625
2024-05-14 20:55:00,597,Virudhunagar,0.5,-3.724625
2024-05-14 21:00:00,597,Virudhunagar,1.1666666666666667,-3.724625
2024-05-14 22:00:00,597,Virudhunagar,2.5,-3.72325
2024-05-14 23:00:00,597,Virudhunagar,0.5,-3.72325
2024-05-15 00:00:00,597,Virudhunagar,0.5,-3.72325
2024-05-15 02:05:00,597,Virudhunagar,0.5,-3.72325
2024-05-15 02:10:00,597,Virudhunagar,0.5,-3.72325
2024-05-15 02:15:00,597,Virudhunagar,0.5,-3.72325
2024-05-15 02:20:00,597,Virudhunagar,0.5,-3.72325
2024-05-15 02:25:00,597,Virudhunagar,0.5,-3.72325
2024-05-15 02:30:00,597,Virudhunagar,0.5,-3.72325
2024-05-15 02:40:00,597,Virudhunagar,0.5,-3.72325
2024-05-15 02:45:00,597,Virudhunagar,0.5,-3.72325
2024-05-15 03:00:00,597,Virudhunagar,0.5,-3.72325
2024-05-15 14:00:00,597,Virudhunagar,0.5,-4.243714285714286
2024-05-15 15:00:00,597,Virudhunagar,1.5,-4.243714285714286
2024-05-15 16:00:00,597,Virudhunagar,0.5,-4.143714285714286
2024-05-15 17:00:00,597,Virudhunagar,0.5,-4.143714285714286
2024-05-15 19:00:00,597,Virudhunagar,0.5,-4.143714285714286
2024-05-15 22:00:00,597,Virudhunagar,1.5,-4.099285714285714
2024-05-15 23:10:00,597,Virudhunagar,0.5,-4.099285714285714
2024-05-15 23:15:00,597,Virudhunagar,1.0,-4.099285714285714
2024-05-15 23:20:00,597,Virudhunagar,3.0,-4.099285714285714
2024-05-15 23:25:00,597,Virudhunagar,4.0,-4.099285714285714
2024-05-15 23:30:00,597,Virudhunagar,5.0,-4.099285714285714
2024-05-15 23:35:00,597,Virudhunagar,5.5,-4.099285714285714
2024-05-15 23:40:00,597,Virudhunagar,6.0,-4.099285714285714
2024-05-15 23:45:00,597,Virudhunagar,6.5,-4.099285714285714
2024-05-15 23:50:00,597,Virudhunagar,7.0,-4.099285714285714
2024-05-15 23:55:00,597,Virudhunagar,7.0,-4.099285714285714
2024-05-16 00:00:00,597,Virudhunagar,8.0,-4.099285714285714
2024-05-16 00:05:00,597,Virudhunagar,0.5,-4.099285714285714
2024-05-16 00:10:00,597,Virudhunagar,1.0,-4.099285714285714
2024-05-16 00:15:00,597,Virudhunagar,2.0,-4.099285714285714
2024-05-16 00:20:00,597,Virudhunagar,5.5,-4.099285714285714
2024-05-16 00:25:00,597,Virudhunagar,7.5,-4.099285714285714
2024-05-16 00:30:00,597,Virudhunagar,8.0,-4.099285714285714
2024-05-16 00:35:00,597,Virudhunagar,8.5,-4.099285714285714
2024-05-16 00:40:00,597,Virudhunagar,9.0,-4.099285714285714
2024-05-16 00:45:00,597,Virudhunagar,10.0,-4.099285714285714
2024-05-16 00:50:00,597,Virudhunagar,10.5,-4.099285714285714
2024-05-16 00:55:00,597,Virudhunagar,10.5,-4.099285714285714
2024-05-16 01:00:00,597,Virudhunagar,10.5,-4.099285714285714
2024-05-16 02:00:00,597,Virudhunagar,0.5,-4.099285714285714
2024-05-16 14:00:00,597,Virudhunagar,0.5,-4.161714285714286
2024-05-16 19:35:00,597,Virudhunagar,1.0,-4.045142857142857
2024-05-16 19:40:00,597,Virudhunagar,3.0,-4.045142857142857
2024-05-16 19:45:00,597,Virudhunagar,5.0,-4.045142857142857
2024-05-16 19:50:00,597,Virudhunagar,6.5,-4.045142857142857
2024-05-16 19:55:00,597,Virudhunagar,7.0,-4.045142857142857
2024-05-16 20:00:00,597,Virudhunagar,7.5,-4.045142857142857
2024-05-16 20:10:00,597,Virudhunagar,0.5,-4.045142857142857
2024-05-16 20:15:00,597,Virudhunagar,0.5,-4.045142857142857
2024-05-16 20:20:00,597,Virudhunagar,0.5,-4.045142857142857
2024-05-16 20:25:00,597,Virudhunagar,0.5,-4.045142857142857
2024-05-16 20:30:00,597,Virudhunagar,0.5,-4.045142857142857
2024-05-16 20:35:00,597,Virudhunagar,0.5,-4.045142857142857
2024-05-16 20:40:00,597,Virudhunagar,0.5,-4.045142857142857
2024-05-16 20:45:00,597,Virudhunagar,0.5,-4.045142857142857
2024-05-16 20:50:00,597,Virudhunagar,0.5,-4.045142857142857
2024-05-16 20:55:00,597,Virudhunagar,0.5,-4.045142857142857
2024-05-16 21:00:00,597,Virudhunagar,0.5,-4.045142857142857
2024-05-17 02:00:00,597,Virudhunagar,0.5,-4.079428571428571
2024-05-17 18:00:00,597,Virudhunagar,2.0,-3.6028333333333333
2024-05-17 19:00:00,597,Virudhunagar,0.5,-3.6028333333333333
2024-05-17 21:00:00,597,Virudhunagar,0.5,-3.6028333333333333
2024-05-18 15:00:00,597,Virudhunagar,27.5,-3.776428571428572
2024-05-18 16:00:00,597,Virudhunagar,5.75,-3.777857142857143
2024-05-18 17:00:00,597,Virudhunagar,2.0,-3.777857142857143
2024-05-18 18:00:00,597,Virudhunagar,1.0,-3.777857142857143
2024-05-18 19:00:00,597,Virudhunagar,1.0,-3.777857142857143
2024-05-19 15:00:00,597,Virudhunagar,2.5,-3.794857142857143
2024-05-19 16:00:00,597,Virudhunagar,1.0,-3.741
2024-05-19 17:00:00,597,Virudhunagar,1.0,-3.741
2024-05-19 18:00:00,597,Virudhunagar,5.25,-3.741
2024-05-19 19:00:00,597,Virudhunagar,2.7,-3.741
2024-05-19 20:00:00,597,Virudhunagar,0.75,-3.741
2024-05-19 21:00:00,597,Virudhunagar,0.5,-3.741
2024-05-20 12:00:00,597,Virudhunagar,2.0,-3.707857142857143
2024-05-20 13:00:00,597,Virudhunagar,0.5,-3.707857142857143
2024-05-20 14:00:00,597,Virudhunagar,3.333333333333333,-3.707857142857143
2024-05-20 15:00:00,597,Virudhunagar,6.75,-3.707857142857143
2024-05-20 16:00:00,597,Virudhunagar,1.0,-3.669571428571429
2024-05-20 17:00:00,597,Virudhunagar,0.75,-3.669571428571429
2024-05-20 18:00:00,597,Virudhunagar,0.5,-3.669571428571429
2024-05-20 19:00:00,597,Virudhunagar,0.5,-3.669571428571429
2024-05-21 00:00:00,597,Virudhunagar,0.5,-3.684285714285714
2024-05-21 15:00:00,597,Virudhunagar,2.5,-3.649571428571429
2024-05-21 17:00:00,597,Virudhunagar,0.5,-3.743571428571428
2024-05-22 14:00:00,597,Virudhunagar,1.5,-3.643
2024-05-22 18:00:00,597,Virudhunagar,0.5,-3.563285714285714
2024-05-22 19:00:00,597,Virudhunagar,1.0,-3.563285714285714
2024-05-22 21:00:00,597,Virudhunagar,0.75,-3.563285714285714
2024-05-22 22:00:00,597,Virudhunagar,1.0,-3.676
2024-05-23 04:00:00,597,Virudhunagar,0.5,-3.644142857142857
2024-05-24 10:00:00,597,Virudhunagar,0.5,-3.088
2024-05-24 11:00:00,597,Virudhunagar,0.75,-3.088
2024-05-24 12:00:00,597,Virudhunagar,3.5,-3.088
2024-05-24 19:00:00,597,Virudhunagar,0.5,-3.07975
2024-05-24 20:00:00,597,Virudhunagar,0.5,-3.07975
2024-05-24 21:00:00,597,Virudhunagar,0.75,-3.07975
2024-05-24 22:00:00,597,Virudhunagar,2.5,-3.033625
2024-05-24 23:00:00,597,Virudhunagar,1.0,-3.033625
2024-05-25 03:00:00,597,Virudhunagar,1.5,-3.033625
2024-05-25 04:00:00,597,Virudhunagar,0.5,-3.1595
2024-05-25 05:00:00,597,Virudhunagar,0.5,-3.1595
2024-05-31 20:00:00,597,Virudhunagar,2.0,-3.2895
2024-05-31 21:00:00,597,Virudhunagar,8.5,-3.2895
2024-06-01 01:00:00,597,Virudhunagar,0.5,-3.227625
2024-06-01 07:00:00,597,Virudhunagar,0.5,-3.2015
2024-06-01 15:00:00,597,Virudhunagar,2.0,-3.321875
2024-06-01 16:00:00,597,Virudhunagar,13.5,-3.117125
2024-06-01 17:00:00,597,Virudhunagar,8.375,-3.117125
2024-06-01 18:00:00,597,Virudhunagar,7.166666666666667,-3.117125
2024-06-01 20:00:00,597,Virudhunagar,0.5,-3.117125
2024-06-02 17:00:00,597,Virudhunagar,4.5,-2.7967142857142853
2024-06-02 18:00:00,597,Virudhunagar,19.83333333333333,-2.7967142857142853
2024-06-02 19:00:00,597,Virudhunagar,7.875,-2.7967142857142853
2024-06-02 20:00:00,597,Virudhunagar,1.3333333333333333,-2.7967142857142853
2024-06-02 21:00:00,597,Virudhunagar,1.1666666666666667,-2.7967142857142853
2024-06-02 22:00:00,597,Virudhunagar,0.5,-3.090125
2024-06-03 00:00:00,597,Virudhunagar,0.5,-3.090125
2024-06-03 06:00:00,597,Virudhunagar,0.5,-3.236875
2024-06-04 09:00:00,597,Virudhunagar,0.5,-3.09
2024-06-04 12:00:00,597,Virudhunagar,0.5,-3.043125
2024-06-04 13:00:00,597,Virudhunagar,1.0,-3.043125
2024-06-05 17:00:00,597,Virudhunagar,15.75,-2.999875
2024-06-05 18:00:00,597,Virudhunagar,0.625,-2.999875
2024-06-05 19:00:00,597,Virudhunagar,2.1666666666666665,-2.999875
2024-06-05 20:00:00,597,Virudhunagar,10.5,-2.999875
2024-06-06 09:00:00,597,Virudhunagar,0.5,-2.93375
2024-06-06 16:00:00,597,Virudhunagar,1.0,-2.956375
2024-06-06 17:00:00,597,Virudhunagar,2.0,-2.956375
2024-06-06 18:00:00,597,Virudhunagar,10.5,-2.956375
2024-06-06 19:00:00,597,Virudhunagar,0.6666666666666666,-2.956375
2024-06-06 20:00:00,597,Virudhunagar,2.1666666666666665,-2.956375
2024-06-06 21:00:00,597,Virudhunagar,4.166666666666667,-2.956375
2024-06-07 01:00:00,597,Virudhunagar,0.5,-2.854125
2024-06-08 07:00:00,597,Virudhunagar,0.5,-2.797
2024-06-08 14:00:00,597,Virudhunagar,0.5,-2.860875
2024-06-11 01:00:00,597,Virudhunagar,0.5,-2.830125
2024-06-13 23:00:00,597,Virudhunagar,0.5,-3.061777777777778
2024-06-19 15:00:00,597,Virudhunagar,9.0,-3.155666666666667
2024-06-19 17:00:00,597,Virudhunagar,0.5,-3.1946666666666665
2024-06-21 17:00:00,597,Virudhunagar,0.5,-3.18
2024-06-21 18:00:00,597,Virudhunagar,0.5,-3.18
2024-06-22 17:00:00,597,Virudhunagar,0.5,-3.267333333333333
2024-06-22 18:00:00,597,Virudhunagar,0.5,-3.267333333333333
2024-06-23 00:00:00,597,Virudhunagar,0.5,-3.174888888888889
2024-06-23 02:00:00,597,Virudhunagar,0.5,-3.174888888888889
2024-06-23 03:00:00,597,Virudhunagar,0.5,-3.174888888888889
2024-06-23 05:00:00,597,Virudhunagar,0.5,-3.148777777777778
2024-06-23 06:00:00,597,Virudhunagar,0.5,-3.148777777777778
2024-06-23 15:00:00,597,Virudhunagar,0.5,-3.1493333333333333
2024-06-23 16:00:00,597,Virudhunagar,1.0,-3.152555555555556
2024-06-23 22:00:00,597,Virudhunagar,1.0,-3.2132222222222224
2024-06-23 23:00:00,597,Virudhunagar,0.5,-3.2132222222222224
2024-06-24 16:00:00,597,Virudhunagar,1.75,-3.1896666666666667
2024-06-24 17:00:00,597,Virudhunagar,0.5,-3.1896666666666667
2024-06-24 20:00:00,597,Virudhunagar,0.5,-3.1896666666666667
2024-06-24 21:00:00,597,Virudhunagar,2.0,-3.1896666666666667
2024-06-24 22:00:00,597,Virudhunagar,0.5,-3.178
2024-06-25 19:00:00,597,Virudhunagar,2.5,-3.238777777777777
2024-06-25 21:00:00,597,Virudhunagar,2.5,-3.238777777777777
2024-06-25 22:00:00,597,Virudhunagar,1.0,-3.201111111111111
2024-06-26 03:00:00,597,Virudhunagar,0.5,-3.201111111111111
2024-06-26 05:00:00,597,Virudhunagar,0.5,-3.276111111111111
2024-06-26 06:00:00,597,Virudhunagar,0.5,-3.276111111111111
2024-06-26 07:00:00,597,Virudhunagar,0.5,-3.276111111111111
2024-06-26 08:00:00,597,Virudhunagar,0.5,-3.276111111111111
2024-06-26 17:00:00,597,Virudhunagar,1.5,-3.2794444444444446
2024-06-26 18:00:00,597,Virudhunagar,1.0,-3.2794444444444446
2024-06-26 19:00:00,597,Virudhunagar,0.5,-3.2794444444444446
2024-06-26 20:00:00,597,Virudhunagar,3.0,-3.2794444444444446
2024-06-26 21:00:00,597,Virudhunagar,3.75,-3.2794444444444446
2024-06-26 22:00:00,597,Virudhunagar,1.0,-3.165888888888889
2024-06-27 01:00:00,597,Virudhunagar,0.5,-3.165888888888889
2024-06-27 07:00:00,597,Virudhunagar,0.5,-3.208666666666667
2024-07-05 16:00:00,597,Virudhunagar,1.0,-3.4227777777777777
2024-07-05 17:00:00,597,Virudhunagar,0.5,-3.4227777777777777
2024-07-07 23:00:00,597,Virudhunagar,0.5,-3.419666666666666
2024-07-11 18:00:00,597,Virudhunagar,1.0,-3.449222222222222
2024-07-12 16:00:00,597,Virudhunagar,2.25,-3.4886666666666666
2024-07-12 17:00:00,597,Virudhunagar,8.75,-3.4886666666666666
2024-07-12 18:00:00,597,Virudhunagar,2.5,-3.4886666666666666
2024-07-12 19:00:00,597,Virudhunagar,1.3333333333333333,-3.4886666666666666
2024-07-12 20:00:00,597,Virudhunagar,1.5,-3.4886666666666666
2024-07-12 21:00:00,597,Virudhunagar,0.5,-3.4886666666666666
2024-07-12 22:00:00,597,Virudhunagar,0.5,-3.457222222222222
2024-07-15 06:00:00,597,Virudhunagar,0.5,-3.547333333333333
2024-07-15 07:00:00,597,Virudhunagar,0.5,-3.547333333333333
2024-07-15 13:00:00,597,Virudhunagar,0.5,-3.547111111111111
2024-07-15 14:00:00,597,Virudhunagar,1.5,-3.547111111111111
2024-07-15 14:30:00,597,Virudhunagar,2.5,-3.547111111111111
2024-07-15 15:00:00,597,Virudhunagar,2.0,-3.547111111111111
2024-07-15 16:00:00,597,Virudhunagar,0.5,-3.5095555555555555
2024-07-15 18:00:00,597,Virudhunagar,0.75,-3.5095555555555555
2024-07-15 18:30:00,597,Virudhunagar,0.5,-3.5095555555555555
2024-07-15 19:00:00,597,Virudhunagar,0.75,-3.5095555555555555
2024-07-15 20:00:00,597,Virudhunagar,0.75,-3.5095555555555555
2024-07-15 21:00:00,597,Virudhunagar,0.5,-3.5095555555555555
2024-07-15 21:30:00,597,Virudhunagar,0.5,-3.476
2024-07-15 22:00:00,597,Virudhunagar,0.5,-3.476
2024-07-15 23:00:00,597,Virudhunagar,0.5,-3.476
2024-07-16 07:00:00,597,Virudhunagar,0.5,-3.505666666666667
2024-07-17 14:00:00,597,Virudhunagar,0.5,-3.5714444444444444
2024-07-19 05:00:00,597,Virudhunagar,0.5,-3.609666666666667
2024-07-22 09:00:00,597,Virudhunagar,0.5,-3.606555555555556
2024-08-02 12:00:00,597,Virudhunagar,0.5,-3.565375
2024-08-03 19:00:00,597,Virudhunagar,0.5,-3.80825
2024-08-04 16:00:00,597,Virudhunagar,1.75,-3.628375
2024-08-04 17:00:00,597,Virudhunagar,1.0,-3.628375
2024-08-04 18:00:00,597,Virudhunagar,1.5,-3.628375
2024-08-04 19:00:00,597,Virudhunagar,0.5,-3.628375
2024-08-04 21:00:00,597,Virudhunagar,7.25,-3.628375
2024-08-04 22:00:00,597,Virudhunagar,17.0,-3.57925
2024-08-05 05:00:00,597,Virudhunagar,0.5,-3.6785
2024-08-05 16:00:00,597,Virudhunagar,25.5,-3.58625
2024-08-05 17:00:00,597,Virudhunagar,15.833333333333334,-3.58625
2024-08-05 18:00:00,597,Virudhunagar,5.5,-3.58625
2024-08-05 19:00:00,597,Virudhunagar,0.5,-3.58625
2024-08-05 20:00:00,597,Virudhunagar,1.25,-3.58625
2024-08-05 21:00:00,597,Virudhunagar,0.5,-3.58625
2024-08-06 05:00:00,597,Virudhunagar,0.5,-3.535
2024-08-06 16:00:00,597,Virudhunagar,0.5,-3.5415
2024-08-06 17:00:00,597,Virudhunagar,0.5,-3.5415
2024-08-07 15:00:00,597,Virudhunagar,12.5,-3.576375
2024-08-07 16:00:00,597,Virudhunagar,8.5,-3.6027500000000003
2024-08-07 17:00:00,597,Virudhunagar,3.0,-3.6027500000000003
2024-08-07 18:00:00,597,Virudhunagar,12.5,-3.6027500000000003
2024-08-07 19:00:00,597,Virudhunagar,16.75,-3.6027500000000003
2024-08-07 20:00:00,597,Virudhunagar,2.75,-3.6027500000000003
2024-08-07 21:00:00,597,Virudhunagar,0.5,-3.6027500000000003
2024-08-08 00:00:00,597,Virudhunagar,0.5,-3.448875
2024-08-08 14:40:00,597,Virudhunagar,0.5,-3.452125
2024-08-08 14:45:00,597,Virudhunagar,1.0,-3.452125
2024-08-08 14:50:00,597,Virudhunagar,1.0,-3.452125
2024-08-08 14:55:00,597,Virudhunagar,1.0,-3.452125
2024-08-08 15:00:00,597,Virudhunagar,1.0,-3.452125
2024-08-08 16:30:00,597,Virudhunagar,0.5,-3.46175
2024-08-08 16:35:00,597,Virudhunagar,0.5,-3.46175
2024-08-08 16:40:00,597,Virudhunagar,1.5,-3.46175
2024-08-08 16:45:00,597,Virudhunagar,2.0,-3.46175
2024-08-08 16:50:00,597,Virudhunagar,2.5,-3.46175
2024-08-08 16:55:00,597,Virudhunagar,2.5,-3.46175
2024-08-08 17:00:00,597,Virudhunagar,3.0,-3.46175
2024-08-08 17:05:00,597,Virudhunagar,1.0,-3.46175
2024-08-08 17:10:00,597,Virudhunagar,1.0,-3.46175
2024-08-08 17:15:00,597,Virudhunagar,1.5,-3.46175
2024-08-08 17:20:00,597,Virudhunagar,2.0,-3.46175
2024-08-08 18:00:00,597,Virudhunagar,3.0,-3.46175
2024-08-08 19:00:00,597,Virudhunagar,23.25,-3.46175
2024-08-08 20:00:00,597,Virudhunagar,2.6666666666666665,-3.46175
2024-08-08 21:00:00,597,Virudhunagar,1.1666666666666667,-3.46175
2024-08-08 22:00:00,597,Virudhunagar,1.1666666666666667,-3.28075
2024-08-08 23:00:00,597,Virudhunagar,0.5,-3.28075
2024-08-09 00:00:00,597,Virudhunagar,0.5,-3.28075
2024-08-09 01:00:00,597,Virudhunagar,0.5,-3.28075
2024-08-09 02:00:00,597,Virudhunagar,0.5,-3.28075
2024-08-09 03:00:00,597,Virudhunagar,0.5,-3.28075
2024-08-09 08:15:00,597,Virudhunagar,9.5,-3.435333333333333
2024-08-09 08:20:00,597,Virudhunagar,12.5,-3.435333333333333
2024-08-09 08:25:00,597,Virudhunagar,12.5,-3.435333333333333
2024-08-09 08:30:00,597,Virudhunagar,12.5,-3.435333333333333
2024-08-09 08:35:00,597,Virudhunagar,12.5,-3.435333333333333
2024-08-09 08:40:00,597,Virudhunagar,12.5,-3.435333333333333
2024-08-09 08:45:00,597,Virudhunagar,12.5,-3.435333333333333
2024-08-09 08:50:00,597,Virudhunagar,12.5,-3.435333333333333
2024-08-09 08:55:00,597,Virudhunagar,12.5,-3.435333333333333
2024-08-09 09:00:00,597,Virudhunagar,13.5,-3.435333333333333
2024-08-09 11:45:00,597,Virudhunagar,2.5,-3.486166666666667
2024-08-09 11:50:00,597,Virudhunagar,3.5,-3.486166666666667
2024-08-09 11:55:00,597,Virudhunagar,4.0,-3.486166666666667
2024-08-09 12:00:00,597,Virudhunagar,4.0,-3.486166666666667
2024-08-09 12:20:00,597,Virudhunagar,4.5,-3.486166666666667
2024-08-09 12:25:00,597,Virudhunagar,4.5,-3.486166666666667
2024-08-09 12:30:00,597,Virudhunagar,4.5,-3.486166666666667
2024-08-09 12:35:00,597,Virudhunagar,4.5,-3.486166666666667
2024-08-10 17:00:00,597,Virudhunagar,13.0,-3.024142857142857
2024-08-10 18:00:00,597,Virudhunagar,3.6666666666666665,-3.024142857142857
2024-08-10 19:00:00,597,Virudhunagar,2.375,-3.024142857142857
2024-08-10 20:00:00,597,Virudhunagar,1.5,-3.024142857142857
2024-08-11 00:00:00,597,Virudhunagar,0.5,-2.9252857142857143
2024-08-11 04:00:00,597,Virudhunagar,0.5,-3.061714285714286
2024-08-11 17:00:00,597,Virudhunagar,8.5,-3.3266666666666667
2024-08-11 18:00:00,597,Virudhunagar,34.5,-3.3266666666666667
2024-08-11 19:00:00,597,Virudhunagar,0.5,-3.3266666666666667
2024-08-11 21:00:00,597,Virudhunagar,0.6666666666666666,-3.3266666666666667
2024-08-11 22:00:00,597,Virudhunagar,23.0,-3.2216666666666662
2024-08-11 23:00:00,597,Virudhunagar,2.333333333333333,-3.2216666666666662
2024-08-12 00:00:00,597,Virudhunagar,1.0,-3.2216666666666662
2024-08-12 01:00:00,597,Virudhunagar,0.5,-3.2216666666666662
2024-08-12 18:00:00,597,Virudhunagar,3.5,-3.3056666666666668
2024-08-12 19:00:00,597,Virudhunagar,1.0,-3.3056666666666668
2024-08-12 23:00:00,597,Virudhunagar,4.0,-3.2976666666666663
2024-08-13 01:00:00,597,Virudhunagar,0.5,-3.2976666666666663
2024-08-13 16:00:00,597,Virudhunagar,6.5,-7.96
2024-08-13 17:00:00,597,Virudhunagar,8.75,-4.279999999999999
2024-08-13 18:00:00,597,Virudhunagar,3.5,-4.279999999999999
2024-08-14 01:00:00,597,Virudhunagar,3.0,-4.2925
2024-08-14 02:00:00,597,Virudhunagar,0.5,-4.2925
2024-08-14 03:00:00,597,Virudhunagar,3.1666666666666665,-4.2925
2024-08-14 04:00:00,597,Virudhunagar,0.8333333333333334,-3.198571428571429
2024-08-14 05:00:00,597,Virudhunagar,0.5,-3.198571428571429
2024-08-14 06:00:00,597,Virudhunagar,0.5,-3.198571428571429
2024-08-14 11:00:00,597,Virudhunagar,1.0,-3.2285714285714286
2024-08-14 12:00:00,597,Virudhunagar,2.5,-3.2285714285714286
2024-08-14 13:00:00,597,Virudhunagar,0.5,-3.2285714285714286
2024-08-14 14:00:00,597,Virudhunagar,0.5,-3.2285714285714286
2024-08-14 15:00:00,597,Virudhunagar,1.5,-3.2285714285714286
2024-08-14 16:00:00,597,Virudhunagar,15.5,-3.01375
2024-08-14 17:00:00,597,Virudhunagar,8.25,-3.01375
2024-08-14 18:00:00,597,Virudhunagar,2.6,-3.01375
2024-08-14 19:00:00,597,Virudhunagar,2.25,-3.01375
2024-08-14 20:00:00,597,Virudhunagar,2.0,-3.01375
2024-08-14 21:00:00,597,Virudhunagar,0.5,-3.01375
2024-08-15 14:00:00,597,Virudhunagar,1.0,-2.961875
2024-08-16 15:00:00,597,Virudhunagar,3.0,-3.003
2024-08-16 16:00:00,597,Virudhunagar,1.25,-2.9966250000000003
2024-08-16 17:00:00,597,Virudhunagar,1.0,-2.9966250000000003
2024-08-17 13:00:00,597,Virudhunagar,2.5,-2.89
2024-08-17 14:00:00,597,Virudhunagar,0.5,-2.89
2024-08-18 13:00:00,597,Virudhunagar,1.0,-3.4995000000000003
2024-08-18 15:00:00,597,Virudhunagar,3.5,-3.4995000000000003
2024-08-19 13:00:00,597,Virudhunagar,12.75,-2.662428571428572
2024-08-19 14:00:00,597,Virudhunagar,5.3,-2.662428571428572
2024-08-19 15:00:00,597,Virudhunagar,5.5,-2.662428571428572
2024-08-19 16:00:00,597,Virudhunagar,0.5,-2.644285714285714
2024-08-20 15:00:00,597,Virudhunagar,23.0,-2.7880000000000003
2024-08-20 16:00:00,597,Virudhunagar,1.0,-2.5751666666666666
2024-08-20 17:00:00,597,Virudhunagar,8.25,-2.5751666666666666
2024-08-20 18:00:00,597,Virudhunagar,1.625,-2.5751666666666666
2024-08-20 19:00:00,597,Virudhunagar,0.5,-2.5751666666666666
2024-08-20 20:00:00,597,Virudhunagar,0.5,-2.5751666666666666
2024-08-20 22:00:00,597,Virudhunagar,0.5,-2.5591666666666666
2024-08-21 07:00:00,597,Virudhunagar,0.5,-2.972125
2024-08-29 19:00:00,597,Virudhunagar,1.5,-3.053625
2024-08-29 20:00:00,597,Virudhunagar,0.5,-3.053625
2024-08-29 23:00:00,597,Virudhunagar,0.5,-3.0460000000000003
2024-08-30 06:00:00,597,Virudhunagar,0.5,-3.042875
2024-09-03 00:00:00,597,Virudhunagar,1.0,-2.9644285714285714
2024-09-03 07:00:00,597,Virudhunagar,0.5,-3.413571428571428
2024-09-03 08:00:00,597,Virudhunagar,1.0,-3.413571428571428
2024-09-23 14:35:00,597,Virudhunagar,1.0,-4.394
2024-09-23 14:40:00,597,Virudhunagar,1.0,-4.394
2024-09-23 14:45:00,597,Virudhunagar,1.0,-4.394
2024-09-23 14:50:00,597,Virudhunagar,1.0,-4.394
2024-09-23 14:55:00,597,Virudhunagar,1.0,-4.394
2024-09-23 16:20:00,597,Virudhunagar,1.0,-4.278666666666667
2024-09-23 16:25:00,597,Virudhunagar,1.0,-4.278666666666667
2024-09-23 16:30:00,597,Virudhunagar,1.0,-4.278666666666667
2024-09-23 16:35:00,597,Virudhunagar,1.0,-4.278666666666667
2024-09-23 16:40:00,597,Virudhunagar,1.0,-4.278666666666667
2024-09-23 16:45:00,597,Virudhunagar,1.0,-4.278666666666667
2024-09-23 16:50:00,597,Virudhunagar,1.0,-4.278666666666667
2024-09-23 16:55:00,597,Virudhunagar,1.0,-4.278666666666667
2024-09-23 17:00:00,597,Virudhunagar,7.0,-4.278666666666667
2024-09-27 18:00:00,597,Virudhunagar,38.5,-4.980666666666667
2024-09-27 19:00:00,597,Virudhunagar,18.5,-4.980666666666667
2024-09-27 20:00:00,597,Virudhunagar,0.5,-4.980666666666667
2024-09-28 00:00:00,597,Virudhunagar,0.5,-4.430666666666666
2024-09-28 17:00:00,597,Virudhunagar,0.5,-4.628
2024-09-28 19:00:00,597,Virudhunagar,10.5,-4.628
2024-09-28 20:00:00,597,Virudhunagar,14.0,-4.628
2024-09-28 23:00:00,597,Virudhunagar,0.5,-4.610571428571428
2024-09-29 00:00:00,597,Virudhunagar,1.25,-4.610571428571428
2024-09-29 01:00:00,597,Virudhunagar,3.25,-4.610571428571428
2024-09-29 02:00:00,597,Virudhunagar,0.5,-4.610571428571428
2024-09-29 10:40:00,597,Virudhunagar,0.5,-4.645285714285714
2024-09-29 10:45:00,597,Virudhunagar,0.5,-4.645285714285714
2024-09-29 10:50:00,597,Virudhunagar,0.5,-4.645285714285714
2024-09-29 10:55:00,597,Virudhunagar,0.5,-4.645285714285714
2024-09-29 11:00:00,597,Virudhunagar,0.5,-4.645285714285714
2024-09-29 12:15:00,597,Virudhunagar,0.5,-4.645285714285714
2024-09-29 12:20:00,597,Virudhunagar,0.5,-4.645285714285714
2024-09-29 12:25:00,597,Virudhunagar,0.5,-4.645285714285714
2024-09-29 12:30:00,597,Virudhunagar,0.5,-4.645285714285714
2024-09-29 12:35:00,597,Virudhunagar,0.5,-4.645285714285714
2024-09-29 12:40:00,597,Virudhunagar,0.5,-4.645285714285714
2024-09-29 12:45:00,597,Virudhunagar,0.5,-4.645285714285714
2024-09-29 12:50:00,597,Virudhunagar,0.5,-4.645285714285714
2024-09-29 12:55:00,597,Virudhunagar,0.5,-4.645285714285714
2024-09-29 13:00:00,597,Virudhunagar,0.5,-4.645285714285714
2024-09-29 16:00:00,597,Virudhunagar,4.0,-4.724285714285714
2024-09-29 17:00:00,597,Virudhunagar,16.5,-4.724285714285714
2024-09-30 03:00:00,597,Virudhunagar,1.0,-4.650857142857142
2024-09-30 04:00:00,597,Virudhunagar,0.5,-5.106
2024-09-30 11:00:00,597,Virudhunagar,1.0,-4.676
2024-09-30 12:00:00,597,Virudhunagar,0.5,-4.676
2024-09-30 12:05:00,597,Virudhunagar,1.0,-4.676
2024-09-30 13:00:00,597,Virudhunagar,2.0,-4.676
2024-09-30 14:00:00,597,Virudhunagar,1.0,-4.676
2024-10-01 11:10:00,597,Virudhunagar,0.5,-4.681428571428571
2024-10-01 11:15:00,597,Virudhunagar,0.5,-4.681428571428571
2024-10-01 11:20:00,597,Virudhunagar,0.5,-4.681428571428571
2024-10-01 11:25:00,597,Virudhunagar,1.0,-4.681428571428571
2024-10-01 11:30:00,597,Virudhunagar,1.0,-4.681428571428571
2024-10-01 11:35:00,597,Virudhunagar,1.0,-4.681428571428571
2024-10-01 11:40:00,597,Virudhunagar,1.0,-4.681428571428571
2024-10-01 11:45:00,597,Virudhunagar,1.0,-4.681428571428571
2024-10-01 11:50:00,597,Virudhunagar,1.0,-4.681428571428571
2024-10-01 11:55:00,597,Virudhunagar,1.0,-4.681428571428571
2024-10-01 12:00:00,597,Virudhunagar,1.0,-4.681428571428571
2024-10-01 12:50:00,597,Virudhunagar,1.5,-4.681428571428571
2024-10-01 12:55:00,597,Virudhunagar,1.5,-4.681428571428571
2024-10-01 13:00:00,597,Virudhunagar,1.5,-4.681428571428571
2024-10-01 14:00:00,597,Virudhunagar,0.75,-4.681428571428571
2024-10-01 15:00:00,597,Virudhunagar,3.5,-4.681428571428571
2024-10-01 17:00:00,597,Virudhunagar,9.25,-5.116428571428571
2024-10-01 18:00:00,597,Virudhunagar,0.5,-5.116428571428571
2024-10-02 10:00:00,597,Virudhunagar,1.0,-4.609571428571428
2024-10-03 18:00:00,597,Virudhunagar,1.5,-4.62
2024-10-04 15:00:00,597,Virudhunagar,1.75,-3.6464285714285714
2024-10-04 16:00:00,597,Virudhunagar,0.5,-3.644857142857143
2024-10-04 18:00:00,597,Virudhunagar,2.5,-3.644857142857143
2024-10-04 19:00:00,597,Virudhunagar,1.0,-3.644857142857143
2024-10-05 01:00:00,597,Virudhunagar,1.0,-3.619857142857143
2024-10-05 16:00:00,597,Virudhunagar,3.0,-3.6362857142857146
2024-10-05 17:00:00,597,Virudhunagar,3.0,-3.6362857142857146
2024-10-05 18:00:00,597,Virudhunagar,17.25,-3.6362857142857146
2024-10-05 20:00:00,597,Virudhunagar,0.5,-3.6362857142857146
2024-10-07 09:00:00,597,Virudhunagar,4.5,-3.6251428571428574
2024-10-07 10:00:00,597,Virudhunagar,0.5,-3.624714285714286
2024-10-07 14:00:00,597,Virudhunagar,1.5,-3.624714285714286
2024-10-07 15:00:00,597,Virudhunagar,0.5,-3.624714285714286
2024-10-07 16:00:00,597,Virudhunagar,0.5,-3.6331428571428575
2024-10-07 19:00:00,597,Virudhunagar,0.5,-3.6331428571428575
2024-10-07 20:00:00,597,Virudhunagar,0.5,-3.6331428571428575
2024-10-08 14:00:00,597,Virudhunagar,0.5,-3.651
2024-10-08 15:00:00,597,Virudhunagar,3.0,-3.651
2024-10-08 18:00:00,597,Virudhunagar,0.5,-4.276857142857144
2024-10-08 20:00:00,597,Virudhunagar,0.5,-4.276857142857144
2024-10-08 21:00:00,597,Virudhunagar,5.5,-4.276857142857144
2024-10-08 22:00:00,597,Virudhunagar,0.5,-3.612714285714286
2024-10-09 01:00:00,597,Virudhunagar,19.0,-3.612714285714286
2024-10-09 02:00:00,597,Virudhunagar,2.0,-3.612714285714286
2024-10-09 03:00:00,597,Virudhunagar,0.5,-3.612714285714286
2024-10-09 07:00:00,597,Virudhunagar,0.5,-4.373333333333334
2024-10-09 12:00:00,597,Virudhunagar,0.5,-4.398
2024-10-09 14:00:00,597,Virudhunagar,0.5,-4.398
2024-10-09 15:00:00,597,Virudhunagar,0.5,-4.398
2024-10-09 16:00:00,597,Virudhunagar,0.5,-4.275666666666667
2024-10-09 19:00:00,597,Virudhunagar,3.5,-4.275666666666667
2024-10-09 20:00:00,597,Virudhunagar,0.5,-4.275666666666667
2024-10-10 15:00:00,597,Virudhunagar,1.0,-4.385833333333333
2024-10-10 16:00:00,597,Virudhunagar,1.5,-4.4065
2024-10-10 17:00:00,597,Virudhunagar,2.0,-4.4065
2024-10-10 18:00:00,597,Virudhunagar,0.75,-4.4065
2024-10-11 15:00:00,597,Virudhunagar,1.5,-4.316833333333333
2024-10-11 17:00:00,597,Virudhunagar,21.0,-4.396999999999999
2024-10-11 18:00:00,597,Virudhunagar,17.0,-4.396999999999999
2024-10-11 19:00:00,597,Virudhunagar,3.0,-4.396999999999999
2024-10-11 20:00:00,597,Virudhunagar,0.5,-4.396999999999999
2024-10-11 21:00:00,597,Virudhunagar,0.5,-4.396999999999999
2024-10-12 19:00:00,597,Virudhunagar,2.75,-4.070833333333334
2024-10-12 20:00:00,597,Virudhunagar,5.6,-4.070833333333334
2024-10-12 21:00:00,597,Virudhunagar,9.75,-4.070833333333334
2024-10-12 22:00:00,597,Virudhunagar,4.3,-3.8836666666666666
2024-10-12 23:00:00,597,Virudhunagar,0.9,-3.8836666666666666
2024-10-13 00:00:00,597,Virudhunagar,1.6,-3.8836666666666666
2024-10-13 01:00:00,597,Virudhunagar,1.7,-3.8836666666666666
2024-10-13 02:00:00,597,Virudhunagar,0.75,-3.8836666666666666
2024-10-13 03:00:00,597,Virudhunagar,0.5,-3.8836666666666666
2024-10-13 04:00:00,597,Virudhunagar,0.5,-3.859
2024-10-13 05:00:00,597,Virudhunagar,1.5,-3.859
2024-10-13 06:00:00,597,Virudhunagar,0.5,-3.859
2024-10-13 18:00:00,597,Virudhunagar,9.5,-3.8683333333333336
2024-10-13 19:00:00,597,Virudhunagar,17.0,-3.8683333333333336
2024-10-13 20:00:00,597,Virudhunagar,1.0,-3.8683333333333336
2024-10-13 23:10:00,597,Virudhunagar,0.5,-3.7555
2024-10-13 23:15:00,597,Virudhunagar,0.5,-3.7555
2024-10-13 23:20:00,597,Virudhunagar,0.5,-3.7555
2024-10-13 23:25:00,597,Virudhunagar,0.5,-3.7555
2024-10-13 23:30:00,597,Virudhunagar,0.5,-3.7555
2024-10-13 23:35:00,597,Virudhunagar,0.5,-3.7555
2024-10-13 23:40:00,597,Virudhunagar,0.5,-3.7555
2024-10-13 23:45:00,597,Virudhunagar,0.5,-3.7555
2024-10-13 23:50:00,597,Virudhunagar,0.5,-3.7555
2024-10-13 23:55:00,597,Virudhunagar,0.5,-3.7555
2024-10-14 00:00:00,597,Virudhunagar,0.5,-3.7555
2024-10-14 02:00:00,597,Virudhunagar,15.125,-3.7555
2024-10-14 03:00:00,597,Virudhunagar,16.4,-3.7555
2024-10-14 03:20:00,597,Virudhunagar,0.5,-3.7288333333333328
2024-10-14 03:25:00,597,Virudhunagar,0.5,-3.7288333333333328
2024-10-14 03:30:00,597,Virudhunagar,0.5,-3.7288333333333328
2024-10-14 03:35:00,597,Virudhunagar,0.5,-3.7288333333333328
2024-10-14 03:40:00,597,Virudhunagar,0.5,-3.7288333333333328
2024-10-14 03:45:00,597,Virudhunagar,0.5,-3.7288333333333328
2024-10-14 03:50:00,597,Virudhunagar,0.5,-3.7288333333333328
2024-10-14 03:55:00,597,Virudhunagar,0.5,-3.7288333333333328
2024-10-14 04:00:00,597,Virudhunagar,0.5,-3.7288333333333328
2024-10-14 07:00:00,597,Virudhunagar,0.5,-3.7288333333333328
2024-10-14 08:00:00,597,Virudhunagar,0.5,-3.7288333333333328
2024-10-14 09:00:00,597,Virudhunagar,0.5,-3.7288333333333328
2024-10-14 10:00:00,597,Virudhunagar,8.0,-3.797
2024-10-14 12:10:00,597,Virudhunagar,0.5,-3.797
2024-10-14 12:15:00,597,Virudhunagar,0.5,-3.797
2024-10-14 12:20:00,597,Virudhunagar,0.5,-3.797
2024-10-14 12:25:00,597,Virudhunagar,0.5,-3.797
2024-10-14 12:30:00,597,Virudhunagar,0.5,-3.797
2024-10-14 12:35:00,597,Virudhunagar,0.5,-3.797
2024-10-14 12:40:00,597,Virudhunagar,0.5,-3.797
2024-10-14 12:45:00,597,Virudhunagar,0.5,-3.797
2024-10-14 12:50:00,597,Virudhunagar,0.5,-3.797
2024-10-14 12:55:00,597,Virudhunagar,0.5,-3.797
2024-10-14 13:00:00,597,Virudhunagar,0.5,-3.797
2024-10-14 14:00:00,597,Virudhunagar,1.5,-3.797
2024-10-14 15:00:00,597,Virudhunagar,2.0,-3.797
2024-10-14 16:00:00,597,Virudhunagar,8.5,-3.9601666666666655
2024-10-14 16:30:00,597,Virudhunagar,0.5,-3.9601666666666655
2024-10-14 16:35:00,597,Virudhunagar,1.0,-3.9601666666666655
2024-10-14 16:40:00,597,Virudhunagar,3.0,-3.9601666666666655
2024-10-14 16:45:00,597,Virudhunagar,5.0,-3.9601666666666655
2024-10-14 16:50:00,597,Virudhunagar,6.0,-3.9601666666666655
2024-10-14 16:55:00,597,Virudhunagar,6.5,-3.9601666666666655
2024-10-14 17:00:00,597,Virudhunagar,9.25,-3.9601666666666655
2024-10-14 17:05:00,597,Virudhunagar,0.5,-3.9601666666666655
2024-10-14 17:10:00,597,Virudhunagar,0.5,-3.9601666666666655
2024-10-14 17:15:00,597,Virudhunagar,1.0,-3.9601666666666655
2024-10-14 17:20:00,597,Virudhunagar,1.5,-3.9601666666666655
2024-10-14 17:25:00,597,Virudhunagar,2.0,-3.9601666666666655
2024-10-14 17:30:00,597,Virudhunagar,2.0,-3.9601666666666655
2024-10-14 17:35:00,597,Virudhunagar,2.5,-3.9601666666666655
2024-10-14 17:40:00,597,Virudhunagar,3.0,-3.9601666666666655
2024-10-14 17:45:00,597,Virudhunagar,3.0,-3.9601666666666655
2024-10-14 17:50:00,597,Virudhunagar,3.0,-3.9601666666666655
2024-10-14 17:55:00,597,Virudhunagar,3.5,-3.9601666666666655
2024-10-14 18:00:00,597,Virudhunagar,2.833333333333333,-3.9601666666666655
2024-10-14 19:00:00,597,Virudhunagar,0.5,-3.9601666666666655
2024-10-14 19:20:00,597,Virudhunagar,0.5,-3.9601666666666655
2024-10-14 19:25:00,597,Virudhunagar,0.5,-3.9601666666666655
2024-10-14 19:30:00,597,Virudhunagar,0.5,-3.9601666666666655
2024-10-14 19:35:00,597,Virudhunagar,0.5,-3.9601666666666655
2024-10-14 19:40:00,597,Virudhunagar,0.5,-3.9601666666666655
2024-10-14 19:45:00,597,Virudhunagar,0.5,-3.9601666666666655
2024-10-14 19:50:00,597,Virudhunagar,0.5,-3.9601666666666655
2024-10-14 19:55:00,597,Virudhunagar,0.5,-3.9601666666666655
2024-10-14 20:00:00,597,Virudhunagar,0.75,-3.9601666666666655
2024-10-14 20:15:00,597,Virudhunagar,0.5,-3.9601666666666655
2024-10-14 20:20:00,597,Virudhunagar,0.5,-3.9601666666666655
2024-10-14 20:25:00,597,Virudhunagar,0.5,-3.9601666666666655
2024-10-14 20:30:00,597,Virudhunagar,0.5,-3.9601666666666655
2024-10-14 20:35:00,597,Virudhunagar,0.5,-3.9601666666666655
2024-10-14 20:40:00,597,Virudhunagar,0.5,-3.9601666666666655
2024-10-14 20:45:00,597,Virudhunagar,0.5,-3.9601666666666655
2024-10-14 20:50:00,597,Virudhunagar,0.5,-3.9601666666666655
2024-10-14 20:55:00,597,Virudhunagar,0.5,-3.9601666666666655
2024-10-14 21:00:00,597,Virudhunagar,0.5,-3.9601666666666655
2024-10-14 22:00:00,597,Virudhunagar,2.125,-3.7215
2024-10-15 00:00:00,597,Virudhunagar,0.5,-3.7215
2024-10-15 01:00:00,597,Virudhunagar,0.5,-3.7215
2024-10-15 15:00:00,597,Virudhunagar,3.0,-3.7025
2024-10-16 10:00:00,597,Virudhunagar,0.5,-3.732
2024-10-18 19:00:00,597,Virudhunagar,0.5,-3.675
2024-10-18 19:05:00,597,Virudhunagar,1.0,-3.675
2024-10-18 19:10:00,597,Virudhunagar,1.5,-3.675
2024-10-18 19:15:00,597,Virudhunagar,1.5,-3.675
2024-10-18 19:20:00,597,Virudhunagar,2.0,-3.675
2024-10-18 19:25:00,597,Virudhunagar,2.0,-3.675
2024-10-18 19:30:00,597,Virudhunagar,2.0,-3.675
2024-10-18 19:35:00,597,Virudhunagar,2.0,-3.675
2024-10-18 19:40:00,597,Virudhunagar,2.0,-3.675
2024-10-18 19:45:00,597,Virudhunagar,2.0,-3.675
2024-10-18 19:50:00,597,Virudhunagar,2.0,-3.675
2024-10-18 19:55:00,597,Virudhunagar,2.0,-3.675
2024-10-18 20:00:00,597,Virudhunagar,2.0,-3.675
2024-10-18 20:10:00,597,Virudhunagar,0.5,-3.675
2024-10-18 20:15:00,597,Virudhunagar,1.5,-3.675
2024-10-18 20:20:00,597,Virudhunagar,5.0,-3.675
2024-10-18 20:25:00,597,Virudhunagar,7.5,-3.675
2024-10-18 20:30:00,597,Virudhunagar,9.5,-3.675
2024-10-18 20:35:00,597,Virudhunagar,13.0,-3.675
2024-10-18 20:40:00,597,Virudhunagar,14.0,-3.675
2024-10-18 20:45:00,597,Virudhunagar,14.0,-3.675
2024-10-18 20:50:00,597,Virudhunagar,14.5,-3.675
2024-10-18 20:55:00,597,Virudhunagar,14.5,-3.675
2024-10-18 21:00:00,597,Virudhunagar,15.0,-3.675
2024-10-18 21:05:00,597,Virudhunagar,0.5,-3.757333333333333
2024-10-18 21:10:00,597,Virudhunagar,2.5,-3.757333333333333
2024-10-18 21:15:00,597,Virudhunagar,4.0,-3.757333333333333
2024-10-18 21:20:00,597,Virudhunagar,5.0,-3.757333333333333
2024-10-18 21:25:00,597,Virudhunagar,9.5,-3.757333333333333
2024-10-18 21:30:00,597,Virudhunagar,14.0,-3.757333333333333
2024-10-18 21:35:00,597,Virudhunagar,17.5,-3.757333333333333
2024-10-18 21:40:00,597,Virudhunagar,20.5,-3.757333333333333
2024-10-18 21:45:00,597,Virudhunagar,23.0,-3.757333333333333
2024-10-18 21:50:00,597,Virudhunagar,25.0,-3.757333333333333
2024-10-18 21:55:00,597,Virudhunagar,25.5,-3.757333333333333
2024-10-18 22:00:00,597,Virudhunagar,25.5,-3.757333333333333
2024-10-19 03:00:00,597,Virudhunagar,1.0,-3.757333333333333
2024-10-19 04:00:00,597,Virudhunagar,6.0,-4.344833333333333
2024-10-19 05:00:00,597,Virudhunagar,1.0,-4.344833333333333
2024-10-19 06:00:00,597,Virudhunagar,5.0,-4.344833333333333
2024-10-19 07:00:00,597,Virudhunagar,0.5,-4.344833333333333
2024-10-19 08:00:00,597,Virudhunagar,1.0,-4.344833333333333
2024-10-19 12:00:00,597,Virudhunagar,0.5,-3.741333333333333
2024-10-19 20:00:00,597,Virudhunagar,10.25,-3.7856666666666654
2024-10-19 21:00:00,597,Virudhunagar,4.166666666666667,-3.7856666666666654
2024-10-19 22:00:00,597,Virudhunagar,0.5,-3.807
2024-10-20 19:00:00,597,Virudhunagar,0.5,-3.836
2024-10-22 19:00:00,597,Virudhunagar,3.5,-3.916857142857143
2024-10-22 21:00:00,597,Virudhunagar,3.25,-3.916857142857143
2024-10-22 22:00:00,597,Virudhunagar,4.666666666666667,-3.981428571428572
2024-10-22 22:10:00,597,Virudhunagar,1.0,-3.981428571428572
2024-10-22 22:15:00,597,Virudhunagar,3.0,-3.981428571428572
2024-10-22 22:20:00,597,Virudhunagar,6.5,-3.981428571428572
2024-10-22 22:25:00,597,Virudhunagar,12.5,-3.981428571428572
2024-10-22 22:30:00,597,Virudhunagar,16.0,-3.981428571428572
2024-10-22 22:35:00,597,Virudhunagar,18.0,-3.981428571428572
2024-10-22 22:40:00,597,Virudhunagar,19.0,-3.981428571428572
2024-10-22 22:45:00,597,Virudhunagar,20.0,-3.981428571428572
2024-10-22 22:50:00,597,Virudhunagar,21.0,-3.981428571428572
2024-10-22 22:55:00,597,Virudhunagar,21.5,-3.981428571428572
2024-10-22 23:00:00,597,Virudhunagar,7.666666666666667,-3.981428571428572
2024-10-22 23:05:00,597,Virudhunagar,0.5,-3.981428571428572
2024-10-22 23:10:00,597,Virudhunagar,0.5,-3.981428571428572
2024-10-22 23:15:00,597,Virudhunagar,0.5,-3.981428571428572
2024-10-22 23:20:00,597,Virudhunagar,0.5,-3.981428571428572
2024-10-22 23:25:00,597,Virudhunagar,0.5,-3.981428571428572
2024-10-22 23:30:00,597,Virudhunagar,0.5,-3.981428571428572
2024-10-22 23:35:00,597,Virudhunagar,0.5,-3.981428571428572
2024-10-22 23:40:00,597,Virudhunagar,0.5,-3.981428571428572
2024-10-22 23:45:00,597,Virudhunagar,0.5,-3.981428571428572
2024-10-22 23:50:00,597,Virudhunagar,0.5,-3.981428571428572
2024-10-22 23:55:00,597,Virudhunagar,1.0,-3.981428571428572
2024-10-23 00:00:00,597,Virudhunagar,7.0,-3.981428571428572
2024-10-23 00:05:00,597,Virudhunagar,0.5,-3.981428571428572
2024-10-23 00:10:00,597,Virudhunagar,0.5,-3.981428571428572
2024-10-23 00:15:00,597,Virudhunagar,0.5,-3.981428571428572
2024-10-23 00:20:00,597,Virudhunagar,1.0,-3.981428571428572
2024-10-23 00:25:00,597,Virudhunagar,1.0,-3.981428571428572
2024-10-23 00:30:00,597,Virudhunagar,1.0,-3.981428571428572
2024-10-23 00:35:00,597,Virudhunagar,1.0,-3.981428571428572
2024-10-23 00:40:00,597,Virudhunagar,1.0,-3.981428571428572
2024-10-23 00:45:00,597,Virudhunagar,1.0,-3.981428571428572
2024-10-23 00:50:00,597,Virudhunagar,1.5,-3.981428571428572
2024-10-23 00:55:00,597,Virudhunagar,1.5,-3.981428571428572
2024-10-23 01:00:00,597,Virudhunagar,2.0,-3.981428571428572
2024-10-23 01:05:00,597,Virudhunagar,0.5,-3.981428571428572
2024-10-23 01:10:00,597,Virudhunagar,0.5,-3.981428571428572
2024-10-23 01:15:00,597,Virudhunagar,0.5,-3.981428571428572
2024-10-23 01:20:00,597,Virudhunagar,0.5,-3.981428571428572
2024-10-23 01:25:00,597,Virudhunagar,0.5,-3.981428571428572
2024-10-23 01:30:00,597,Virudhunagar,1.0,-3.981428571428572
2024-10-23 01:35:00,597,Virudhunagar,1.0,-3.981428571428572
2024-10-23 01:40:00,597,Virudhunagar,1.0,-3.981428571428572
2024-10-23 01:45:00,597,Virudhunagar,1.0,-3.981428571428572
2024-10-23 01:50:00,597,Virudhunagar,1.5,-3.981428571428572
2024-10-23 01:55:00,597,Virudhunagar,1.5,-3.981428571428572
2024-10-23 02:00:00,597,Virudhunagar,1.5,-3.981428571428572
2024-10-23 02:15:00,597,Virudhunagar,0.5,-3.981428571428572
2024-10-23 02:20:00,597,Virudhunagar,0.5,-3.981428571428572
2024-10-23 02:25:00,597,Virudhunagar,0.5,-3.981428571428572
2024-10-23 02:30:00,597,Virudhunagar,0.5,-3.981428571428572
2024-10-23 02:35:00,597,Virudhunagar,0.5,-3.981428571428572
2024-10-23 02:40:00,597,Virudhunagar,0.5,-3.981428571428572
2024-10-23 02:45:00,597,Virudhunagar,0.5,-3.981428571428572
2024-10-23 02:50:00,597,Virudhunagar,0.5,-3.981428571428572
2024-10-23 02:55:00,597,Virudhunagar,0.5,-3.981428571428572
2024-10-23 03:00:00,597,Virudhunagar,0.5,-3.981428571428572
2024-10-23 04:50:00,597,Virudhunagar,0.5,-3.9612857142857134
2024-10-23 04:55:00,597,Virudhunagar,0.5,-3.9612857142857134
2024-10-23 05:00:00,597,Virudhunagar,0.5,-3.9612857142857134
2024-10-23 22:00:00,597,Virudhunagar,0.5,-3.8432857142857135
2024-10-25 13:00:00,597,Virudhunagar,1.0,-3.927285714285714
2024-10-25 14:00:00,597,Virudhunagar,12.5,-3.927285714285714
2024-10-25 15:00:00,597,Virudhunagar,6.333333333333333,-3.927285714285714
2024-10-25 16:00:00,597,Virudhunagar,0.5,-3.818142857142857
2024-10-25 17:00:00,597,Virudhunagar,0.5,-3.818142857142857
2024-10-25 18:00:00,597,Virudhunagar,0.5,-3.818142857142857
2024-10-25 20:00:00,597,Virudhunagar,0.5,-3.818142857142857
2024-10-26 02:00:00,597,Virudhunagar,0.5,-3.896142857142857
2024-10-27 15:00:00,597,Virudhunagar,1.0,-3.989571428571428
2024-10-27 15:40:00,597,Virudhunagar,1.0,-4.014857142857143
2024-10-27 15:45:00,597,Virudhunagar,1.0,-4.014857142857143
2024-10-27 15:50:00,597,Virudhunagar,1.0,-4.014857142857143
2024-10-27 15:55:00,597,Virudhunagar,1.0,-4.014857142857143
2024-10-27 16:00:00,597,Virudhunagar,1.0,-4.014857142857143
2024-10-27 17:45:00,597,Virudhunagar,0.5,-4.014857142857143
2024-10-27 17:50:00,597,Virudhunagar,2.5,-4.014857142857143
2024-10-27 17:55:00,597,Virudhunagar,4.0,-4.014857142857143
2024-10-27 18:00:00,597,Virudhunagar,6.5,-4.014857142857143
2024-10-27 18:05:00,597,Virudhunagar,2.5,-4.014857142857143
2024-10-27 18:10:00,597,Virudhunagar,4.0,-4.014857142857143
2024-10-27 18:15:00,597,Virudhunagar,5.0,-4.014857142857143
2024-10-27 18:20:00,597,Virudhunagar,5.5,-4.014857142857143
2024-10-27 18:25:00,597,Virudhunagar,5.5,-4.014857142857143
2024-10-27 18:30:00,597,Virudhunagar,6.0,-4.014857142857143
2024-10-27 18:35:00,597,Virudhunagar,6.0,-4.014857142857143
2024-10-27 18:40:00,597,Virudhunagar,6.0,-4.014857142857143
2024-10-27 18:45:00,597,Virudhunagar,6.0,-4.014857142857143
2024-10-27 18:50:00,597,Virudhunagar,6.0,-4.014857142857143
2024-10-27 18:55:00,597,Virudhunagar,6.0,-4.014857142857143
2024-10-27 19:00:00,597,Virudhunagar,6.0,-4.014857142857143
2024-10-29 18:30:00,597,Virudhunagar,0.5,-3.733
2024-10-29 19:00:00,597,Virudhunagar,1.0,-3.733
2024-10-29 21:00:00,597,Virudhunagar,1.0,-3.733
2024-10-30 17:00:00,597,Virudhunagar,4.5,-3.9035
2024-10-30 19:00:00,597,Virudhunagar,5.5,-3.9035
2024-10-30 20:00:00,597,Virudhunagar,6.0,-3.9035
2024-10-30 21:00:00,597,Virudhunagar,0.75,-3.9035
2024-10-31 21:00:00,597,Virudhunagar,41.0,-3.947000000000001
2024-11-01 14:00:00,597,Virudhunagar,0.5,-4.0398
2024-11-02 12:00:00,597,Virudhunagar,1.0,-3.909166666666666
2024-11-02 13:00:00,597,Virudhunagar,3.5,-3.909166666666666
2024-11-02 13:30:00,597,Virudhunagar,0.5,-3.909166666666666
2024-11-02 14:00:00,597,Virudhunagar,1.25,-3.909166666666666
2024-11-02 15:00:00,597,Virudhunagar,1.75,-3.909166666666666
2024-11-02 19:00:00,597,Virudhunagar,1.0,-3.921333333333333
2024-11-02 19:30:00,597,Virudhunagar,0.5,-3.921333333333333
2024-11-02 20:00:00,597,Virudhunagar,0.5,-3.921333333333333
2024-11-02 23:00:00,597,Virudhunagar,5.0,-3.9026666666666654
2024-11-03 00:00:00,597,Virudhunagar,5.0,-3.9026666666666654
2024-11-03 00:30:00,597,Virudhunagar,1.5,-3.9026666666666654
2024-11-03 01:00:00,597,Virudhunagar,6.0,-3.9026666666666654
2024-11-03 02:00:00,597,Virudhunagar,3.5,-3.9026666666666654
2024-11-03 03:00:00,597,Virudhunagar,0.5,-3.9026666666666654
2024-11-03 11:00:00,597,Virudhunagar,1.5,-4.297833333333333
2024-11-03 12:00:00,597,Virudhunagar,3.0,-4.297833333333333
2024-11-03 13:00:00,597,Virudhunagar,1.5,-4.297833333333333
2024-11-03 14:00:00,597,Virudhunagar,0.5,-4.297833333333333
2024-11-03 18:00:00,597,Virudhunagar,0.5,-3.8656666666666655
2024-11-03 19:00:00,597,Virudhunagar,1.0,-3.8656666666666655
2024-11-04 02:30:00,597,Virudhunagar,0.5,-3.776
2024-11-04 03:00:00,597,Virudhunagar,0.5,-3.776
2024-11-04 14:00:00,597,Virudhunagar,1.0,-3.779
2024-11-04 15:00:00,597,Virudhunagar,2.5,-3.779
2024-11-04 17:00:00,597,Virudhunagar,0.5,-3.8521666666666654
2024-11-04 18:00:00,597,Virudhunagar,0.5,-3.8521666666666654
2024-11-04 19:00:00,597,Virudhunagar,1.0,-3.8521666666666654
2024-11-08 12:30:00,597,Virudhunagar,2.0,-3.812666666666667
2024-11-08 13:00:00,597,Virudhunagar,6.0,-3.812666666666667
2024-11-08 14:00:00,597,Virudhunagar,2.0,-3.812666666666667
2024-11-13 01:15:00,597,Virudhunagar,0.5,-3.881
2024-11-13 01:20:00,597,Virudhunagar,0.5,-3.881
2024-11-13 01:25:00,597,Virudhunagar,0.5,-3.881
2024-11-13 01:30:00,597,Virudhunagar,0.5,-3.881
2024-11-13 01:35:00,597,Virudhunagar,0.5,-3.881
2024-11-13 01:40:00,597,Virudhunagar,0.5,-3.881
2024-11-13 01:45:00,597,Virudhunagar,0.5,-3.881
2024-11-13 01:50:00,597,Virudhunagar,0.5,-3.881
2024-11-13 01:55:00,597,Virudhunagar,0.5,-3.881
2024-11-13 02:00:00,597,Virudhunagar,0.5,-3.881
2024-11-14 12:00:00,597,Virudhunagar,1.0,-3.910333333333333
2024-11-14 13:00:00,597,Virudhunagar,5.0,-3.910333333333333
2024-11-14 17:00:00,597,Virudhunagar,5.25,-3.864333333333333
2024-11-14 18:00:00,597,Virudhunagar,3.8333333333333335,-3.864333333333333
2024-11-14 19:00:00,597,Virudhunagar,0.5,-3.864333333333333
2024-11-14 20:00:00,597,Virudhunagar,1.25,-3.864333333333333
2024-11-15 00:00:00,597,Virudhunagar,0.5,-3.9035
2024-11-15 03:00:00,597,Virudhunagar,0.5,-3.9035
2024-11-15 16:00:00,597,Virudhunagar,3.5,-4.159571428571429
2024-11-15 16:30:00,597,Virudhunagar,0.5,-4.159571428571429
2024-11-15 17:00:00,597,Virudhunagar,0.5,-4.159571428571429
2024-11-15 19:00:00,597,Virudhunagar,0.5,-4.159571428571429
2024-11-15 20:00:00,597,Virudhunagar,20.5,-4.159571428571429
2024-11-15 20:30:00,597,Virudhunagar,0.5,-4.159571428571429
2024-11-15 21:00:00,597,Virudhunagar,0.5,-4.159571428571429
2024-11-16 12:00:00,597,Virudhunagar,4.0,-3.790333333333333
2024-11-16 12:30:00,597,Virudhunagar,2.25,-3.790333333333333
2024-11-16 13:00:00,597,Virudhunagar,2.25,-3.790333333333333
2024-11-16 14:00:00,597,Virudhunagar,3.875,-3.790333333333333
2024-11-16 15:00:00,597,Virudhunagar,0.5,-3.790333333333333
2024-11-16 15:30:00,597,Virudhunagar,0.5,-3.9446666666666665
2024-11-16 16:00:00,597,Virudhunagar,2.6666666666666665,-3.9446666666666665
2024-11-16 17:00:00,597,Virudhunagar,6.5,-3.9446666666666665
2024-11-16 17:30:00,597,Virudhunagar,0.5,-3.9446666666666665
2024-11-16 18:00:00,597,Virudhunagar,0.5,-3.9446666666666665
2024-11-16 20:00:00,597,Virudhunagar,0.5,-3.9446666666666665
2024-11-17 16:30:00,597,Virudhunagar,2.5,-3.891333333333333
2024-11-17 17:00:00,597,Virudhunagar,3.5,-3.891333333333333
2024-11-17 17:30:00,597,Virudhunagar,1.5,-3.891333333333333
2024-11-17 18:00:00,597,Virudhunagar,14.0,-3.891333333333333
2024-11-17 19:00:00,597,Virudhunagar,0.5,-3.891333333333333
2024-11-17 21:00:00,597,Virudhunagar,0.5,-3.891333333333333
2024-11-18 01:00:00,597,Virudhunagar,0.5,-3.909833333333333
2024-11-18 06:30:00,597,Virudhunagar,0.5,-3.853666666666667
2024-11-18 07:00:00,597,Virudhunagar,0.5,-3.853666666666667
2024-11-19 00:30:00,597,Virudhunagar,1.0,-3.889
2024-11-19 01:00:00,597,Virudhunagar,1.0,-3.889
2024-11-19 07:00:00,597,Virudhunagar,0.5,-4.269166666666666
2024-11-19 08:30:00,597,Virudhunagar,0.5,-4.269166666666666
2024-11-19 09:00:00,597,Virudhunagar,0.5,-4.269166666666666
2024-11-19 10:00:00,597,Virudhunagar,0.5,-3.971333333333333
2024-11-19 11:00:00,597,Virudhunagar,0.5,-3.971333333333333
2024-11-20 02:00:00,597,Virudhunagar,3.25,-3.894166666666667
2024-11-20 02:30:00,597,Virudhunagar,0.5,-3.894166666666667
2024-11-20 03:00:00,597,Virudhunagar,2.0,-3.894166666666667
2024-11-20 03:30:00,597,Virudhunagar,1.0,-3.4778
2024-11-20 04:00:00,597,Virudhunagar,1.6,-3.4778
2024-11-20 04:30:00,597,Virudhunagar,1.0,-3.4778
2024-11-20 05:00:00,597,Virudhunagar,1.1,-3.4778
2024-11-20 05:30:00,597,Virudhunagar,0.5,-3.4778
2024-11-20 06:00:00,597,Virudhunagar,0.8,-3.4778
2024-11-20 06:30:00,597,Virudhunagar,1.5,-3.4778
2024-11-20 07:00:00,597,Virudhunagar,1.8,-3.4778
2024-11-20 07:30:00,597,Virudhunagar,2.0,-3.4778
2024-11-20 08:00:00,597,Virudhunagar,1.9,-3.4778
2024-11-20 09:00:00,597,Virudhunagar,1.1666666666666667,-3.4778
2024-11-20 09:30:00,597,Virudhunagar,0.5,-3.461
2024-11-20 10:00:00,597,Virudhunagar,1.0,-3.461
2024-11-20 10:30:00,597,Virudhunagar,1.5,-3.461
2024-11-20 11:00:00,597,Virudhunagar,3.4166666666666665,-3.461
2024-11-20 11:30:00,597,Virudhunagar,1.5,-3.461
2024-11-20 12:00:00,597,Virudhunagar,3.0,-3.461
2024-11-20 12:30:00,597,Virudhunagar,2.25,-3.461
2024-11-20 13:00:00,597,Virudhunagar,2.75,-3.461
2024-11-20 13:30:00,597,Virudhunagar,2.0,-3.461
2024-11-20 14:00:00,597,Virudhunagar,1.875,-3.461
2024-11-20 14:30:00,597,Virudhunagar,1.0,-3.461
2024-11-20 15:00:00,597,Virudhunagar,1.0,-3.461
2024-11-21 03:00:00,597,Virudhunagar,0.5,-3.3560000000000003
2024-11-21 06:00:00,597,Virudhunagar,0.5,-3.3576
2024-11-21 07:00:00,597,Virudhunagar,0.5,-3.3576
2024-11-21 11:00:00,597,Virudhunagar,0.75,-4.0366
2024-11-21 11:30:00,597,Virudhunagar,0.5,-4.0366
2024-11-21 12:00:00,597,Virudhunagar,0.5,-4.0366
2024-11-26 13:00:00,597,Virudhunagar,0.5,-3.870571428571429
2024-11-26 13:30:00,597,Virudhunagar,0.5,-3.870571428571429
2024-11-26 14:00:00,597,Virudhunagar,1.0,-3.870571428571429
2024-11-26 14:30:00,597,Virudhunagar,1.0,-3.870571428571429
2024-11-26 15:00:00,597,Virudhunagar,1.0,-3.870571428571429
2024-11-26 15:30:00,597,Virudhunagar,0.5,-4.5202857142857145
2024-11-26 16:00:00,597,Virudhunagar,0.75,-4.5202857142857145
2024-11-26 16:30:00,597,Virudhunagar,0.5,-4.5202857142857145
2024-11-26 17:00:00,597,Virudhunagar,0.5,-4.5202857142857145
2024-11-26 17:30:00,597,Virudhunagar,0.5,-4.5202857142857145
2024-11-26 18:00:00,597,Virudhunagar,0.75,-4.5202857142857145
2024-11-26 19:00:00,597,Virudhunagar,0.6666666666666666,-4.5202857142857145
2024-11-26 20:00:00,597,Virudhunagar,0.5,-4.5202857142857145
2024-11-26 21:00:00,597,Virudhunagar,0.5,-4.5202857142857145
2024-11-26 23:00:00,597,Virudhunagar,0.5,-3.857142857142857
2024-11-27 00:00:00,597,Virudhunagar,0.5,-3.857142857142857
2024-11-27 00:30:00,597,Virudhunagar,0.5,-3.857142857142857
2024-11-27 01:00:00,597,Virudhunagar,0.9,-3.857142857142857
2024-11-27 01:30:00,597,Virudhunagar,0.5,-3.857142857142857
2024-11-27 02:00:00,597,Virudhunagar,0.625,-3.857142857142857
2024-11-27 03:00:00,597,Virudhunagar,0.5,-3.857142857142857
2024-11-27 03:30:00,597,Virudhunagar,0.5,-3.8815
2024-11-27 04:00:00,597,Virudhunagar,0.7,-3.8815
2024-11-27 05:00:00,597,Virudhunagar,0.75,-3.8815
2024-11-27 06:00:00,597,Virudhunagar,0.5,-3.8815
2024-11-27 07:00:00,597,Virudhunagar,0.5,-3.8815
2024-11-27 07:30:00,597,Virudhunagar,0.5,-3.8815
2024-11-27 08:00:00,597,Virudhunagar,0.5,-3.8815
2024-11-27 09:00:00,597,Virudhunagar,0.5,-3.8815
2024-11-27 10:00:00,597,Virudhunagar,0.5,-3.909166666666666
2024-11-27 13:00:00,597,Virudhunagar,1.0,-3.909166666666666
2024-11-27 14:00:00,597,Virudhunagar,0.5,-3.909166666666666
2024-11-27 15:00:00,597,Virudhunagar,0.5,-3.909166666666666
2024-11-29 14:00:00,597,Virudhunagar,0.5,-3.880333333333333
2024-12-01 17:00:00,597,Virudhunagar,10.0,-4.495
2024-12-01 18:00:00,597,Virudhunagar,4.5,-4.495
2024-12-01 18:30:00,597,Virudhunagar,10.5,-4.495
2024-12-01 19:00:00,597,Virudhunagar,11.5,-4.495
2024-12-02 16:00:00,597,Virudhunagar,0.5,-4.256
2024-12-02 16:30:00,597,Virudhunagar,0.5,-4.256
2024-12-02 17:00:00,597,Virudhunagar,0.5,-4.256
2024-12-04 08:00:00,597,Virudhunagar,4.75,-4.3745
2024-12-04 09:00:00,597,Virudhunagar,10.5,-4.3745
2024-12-04 10:00:00,597,Virudhunagar,0.5,-3.9015
2024-12-04 11:00:00,597,Virudhunagar,1.0,-3.9015
2024-12-04 13:00:00,597,Virudhunagar,0.5,-3.9015
2024-12-04 14:00:00,597,Virudhunagar,0.5,-3.9015
2024-12-04 22:30:00,597,Virudhunagar,0.5,-3.8371666666666666
2024-12-04 23:00:00,597,Virudhunagar,0.5,-3.8371666666666666
2024-12-04 23:30:00,597,Virudhunagar,1.0,-3.8371666666666666
2024-12-05 00:00:00,597,Virudhunagar,2.5,-3.8371666666666666
2024-12-05 00:30:00,597,Virudhunagar,2.25,-3.8371666666666666
2024-12-05 01:00:00,597,Virudhunagar,3.1666666666666665,-3.8371666666666666
2024-12-05 02:00:00,597,Virudhunagar,1.5,-3.8371666666666666
2024-12-05 02:30:00,597,Virudhunagar,1.25,-3.8371666666666666
2024-12-05 03:00:00,597,Virudhunagar,1.9,-3.8371666666666666
2024-12-05 03:30:00,597,Virudhunagar,0.5,-4.360833333333333
2024-12-05 04:00:00,597,Virudhunagar,2.0,-4.360833333333333
2024-12-05 05:00:00,597,Virudhunagar,0.75,-4.360833333333333
2024-12-05 05:30:00,597,Virudhunagar,2.0,-4.360833333333333
2024-12-05 06:00:00,597,Virudhunagar,2.0,-4.360833333333333
2024-12-05 07:00:00,597,Virudhunagar,1.0,-4.360833333333333
2024-12-05 09:00:00,597,Virudhunagar,1.0,-4.360833333333333
2024-12-05 10:00:00,597,Virudhunagar,0.5,-3.843666666666667
2024-12-05 11:00:00,597,Virudhunagar,2.0,-3.843666666666667
2024-12-05 17:00:00,597,Virudhunagar,5.0,-3.908833333333334
2024-12-08 17:00:00,597,Virudhunagar,1.5,-4.389
2024-12-12 02:30:00,597,Virudhunagar,0.5,-4.331571428571428
2024-12-12 03:00:00,597,Virudhunagar,1.0,-4.331571428571428
2024-12-12 04:00:00,597,Virudhunagar,0.75,-4.324571428571429
2024-12-12 05:00:00,597,Virudhunagar,1.2,-4.324571428571429
2024-12-12 05:30:00,597,Virudhunagar,0.75,-4.324571428571429
2024-12-12 06:00:00,597,Virudhunagar,1.4166666666666667,-4.324571428571429
2024-12-12 06:30:00,597,Virudhunagar,1.5,-4.324571428571429
2024-12-12 07:00:00,597,Virudhunagar,1.75,-4.324571428571429
2024-12-12 07:30:00,597,Virudhunagar,0.5,-4.324571428571429
2024-12-12 08:00:00,597,Virudhunagar,1.75,-4.324571428571429
2024-12-12 09:00:00,597,Virudhunagar,3.5,-4.324571428571429
2024-12-12 10:00:00,597,Virudhunagar,1.25,-4.366714285714286
2024-12-12 10:10:00,597,Virudhunagar,2.0,-4.366714285714286
2024-12-12 10:15:00,597,Virudhunagar,3.0,-4.366714285714286
2024-12-12 10:20:00,597,Virudhunagar,3.0,-4.366714285714286
2024-12-12 10:25:00,597,Virudhunagar,3.5,-4.366714285714286
2024-12-12 10:30:00,597,Virudhunagar,2.25,-4.366714285714286
2024-12-12 10:35:00,597,Virudhunagar,3.5,-4.366714285714286
2024-12-12 10:40:00,597,Virudhunagar,3.5,-4.366714285714286
2024-12-12 10:45:00,597,Virudhunagar,3.5,-4.366714285714286
2024-12-12 10:50:00,597,Virudhunagar,3.5,-4.366714285714286
2024-12-12 10:55:00,597,Virudhunagar,3.5,-4.366714285714286
2024-12-12 11:00:00,597,Virudhunagar,1.6666666666666667,-4.366714285714286
2024-12-12 11:25:00,597,Virudhunagar,0.5,-4.366714285714286
2024-12-12 11:30:00,597,Virudhunagar,1.25,-4.366714285714286
2024-12-12 11:35:00,597,Virudhunagar,0.5,-4.366714285714286
2024-12-12 11:40:00,597,Virudhunagar,0.5,-4.366714285714286
2024-12-12 11:45:00,597,Virudhunagar,0.5,-4.366714285714286
2024-12-12 11:50:00,597,Virudhunagar,0.5,-4.366714285714286
2024-12-12 11:55:00,597,Virudhunagar,0.5,-4.366714285714286
2024-12-12 12:00:00,597,Virudhunagar,1.5,-4.366714285714286
2024-12-12 13:00:00,597,Virudhunagar,2.333333333333333,-4.366714285714286
2024-12-12 14:00:00,597,Virudhunagar,4.0,-4.366714285714286
2024-12-12 14:30:00,597,Virudhunagar,1.0,-4.366714285714286
2024-12-12 14:55:00,597,Virudhunagar,0.5,-4.366714285714286
2024-12-12 15:00:00,597,Virudhunagar,3.1,-4.366714285714286
2024-12-12 15:05:00,597,Virudhunagar,2.0,-4.301571428571429
2024-12-12 15:10:00,597,Virudhunagar,4.0,-4.301571428571429
2024-12-12 15:15:00,597,Virudhunagar,4.0,-4.301571428571429
2024-12-12 15:20:00,597,Virudhunagar,5.0,-4.301571428571429
2024-12-12 15:25:00,597,Virudhunagar,5.5,-4.301571428571429
2024-12-12 15:30:00,597,Virudhunagar,5.5,-4.301571428571429
2024-12-12 15:35:00,597,Virudhunagar,6.0,-4.301571428571429
2024-12-12 15:40:00,597,Virudhunagar,6.0,-4.301571428571429
2024-12-12 16:00:00,597,Virudhunagar,0.5,-4.301571428571429
2024-12-12 16:30:00,597,Virudhunagar,0.5,-4.301571428571429
2024-12-12 17:00:00,597,Virudhunagar,2.5,-4.301571428571429
2024-12-12 17:30:00,597,Virudhunagar,1.0,-4.301571428571429
2024-12-12 18:00:00,597,Virudhunagar,2.25,-4.301571428571429
2024-12-12 18:30:00,597,Virudhunagar,1.25,-4.301571428571429
2024-12-12 19:00:00,597,Virudhunagar,3.7,-4.301571428571429
2024-12-12 19:30:00,597,Virudhunagar,0.5,-4.301571428571429
2024-12-12 20:00:00,597,Virudhunagar,2.833333333333333,-4.301571428571429
2024-12-12 20:30:00,597,Virudhunagar,1.25,-4.301571428571429
2024-12-12 21:00:00,597,Virudhunagar,2.8,-4.301571428571429
2024-12-12 21:30:00,597,Virudhunagar,2.0,-4.135
2024-12-12 22:00:00,597,Virudhunagar,4.4,-4.135
2024-12-12 22:30:00,597,Virudhunagar,1.5,-4.135
2024-12-12 23:00:00,597,Virudhunagar,4.333333333333333,-4.135
2024-12-12 23:30:00,597,Virudhunagar,0.75,-4.135
2024-12-13 00:00:00,597,Virudhunagar,8.583333333333334,-4.135
2024-12-13 00:30:00,597,Virudhunagar,2.5,-4.135
2024-12-13 01:00:00,597,Virudhunagar,12.416666666666666,-4.135
2024-12-13 01:30:00,597,Virudhunagar,3.5,-4.135
2024-12-13 02:00:00,597,Virudhunagar,4.0,-4.135
2024-12-13 02:30:00,597,Virudhunagar,1.5,-4.135
2024-12-13 03:00:00,597,Virudhunagar,5.625,-4.135
2024-12-13 03:30:00,597,Virudhunagar,1.75,-3.835
2024-12-13 04:00:00,597,Virudhunagar,10.0,-3.835
2024-12-13 04:30:00,597,Virudhunagar,7.0,-3.835
2024-12-13 05:00:00,597,Virudhunagar,9.5,-3.835
2024-12-13 05:30:00,597,Virudhunagar,2.0,-3.835
2024-12-13 06:00:00,597,Virudhunagar,8.666666666666666,-3.835
2024-12-13 06:30:00,597,Virudhunagar,9.0,-3.835
2024-12-13 07:00:00,597,Virudhunagar,4.583333333333333,-3.835
2024-12-13 07:30:00,597,Virudhunagar,5.5,-3.835
2024-12-13 08:00:00,597,Virudhunagar,4.916666666666667,-3.835
2024-12-13 08:30:00,597,Virudhunagar,6.5,-3.835
2024-12-13 09:00:00,597,Virudhunagar,4.333333333333333,-3.835
2024-12-13 10:00:00,597,Virudhunagar,6.0,-3.645285714285714
2024-12-13 10:30:00,597,Virudhunagar,3.5,-3.645285714285714
2024-12-13 11:00:00,597,Virudhunagar,3.3,-3.645285714285714
2024-12-13 11:30:00,597,Virudhunagar,1.25,-3.645285714285714
2024-12-13 12:00:00,597,Virudhunagar,5.5,-3.645285714285714
2024-12-13 12:30:00,597,Virudhunagar,4.0,-3.645285714285714
2024-12-13 13:00:00,597,Virudhunagar,10.2,-3.645285714285714
2024-12-13 13:30:00,597,Virudhunagar,6.0,-3.645285714285714
2024-12-13 14:00:00,597,Virudhunagar,19.375,-3.645285714285714
2024-12-13 14:30:00,597,Virudhunagar,3.0,-3.645285714285714
2024-12-13 15:00:00,597,Virudhunagar,19.666666666666668,-3.645285714285714
2024-12-13 15:30:00,597,Virudhunagar,0.5,-3.2342857142857144
2024-12-13 16:00:00,597,Virudhunagar,1.125,-3.2342857142857144
2024-12-13 17:00:00,597,Virudhunagar,0.75,-3.2342857142857144
2024-12-13 18:00:00,597,Virudhunagar,0.5,-3.2342857142857144
2024-12-13 18:30:00,597,Virudhunagar,0.5,-3.2342857142857144
2024-12-13 19:00:00,597,Virudhunagar,2.0,-3.2342857142857144
2024-12-13 19:30:00,597,Virudhunagar,0.5,-3.2342857142857144
2024-12-13 20:00:00,597,Virudhunagar,2.0,-3.2342857142857144
2024-12-13 21:00:00,597,Virudhunagar,1.0,-3.2342857142857144
2024-12-13 22:00:00,597,Virudhunagar,3.5,-3.043
2024-12-13 23:00:00,597,Virudhunagar,0.75,-3.043
2024-12-13 23:30:00,597,Virudhunagar,0.5,-3.043
2024-12-14 00:00:00,597,Virudhunagar,2.25,-3.043
2024-12-14 00:30:00,597,Virudhunagar,1.5,-3.043
2024-12-14 01:00:00,597,Virudhunagar,3.0,-3.043
2024-12-14 01:30:00,597,Virudhunagar,1.5,-3.043
2024-12-14 02:00:00,597,Virudhunagar,1.5,-3.043
2024-12-14 02:30:00,597,Virudhunagar,0.5,-3.043
2024-12-14 03:00:00,597,Virudhunagar,0.5,-3.043
2024-12-14 06:00:00,597,Virudhunagar,0.5,-3.4925714285714284
2024-12-14 13:00:00,597,Virudhunagar,0.5,-3.3874285714285715
2024-12-14 14:30:00,597,Virudhunagar,0.5,-3.3874285714285715
2024-12-14 15:00:00,597,Virudhunagar,0.5,-3.3874285714285715
2024-12-17 21:30:00,597,Virudhunagar,0.5,-2.8125
2024-12-17 22:00:00,597,Virudhunagar,1.0,-2.8125
2024-12-17 22:30:00,597,Virudhunagar,5.5,-2.8125
2024-12-17 23:00:00,597,Virudhunagar,7.5,-2.8125
2024-12-17 23:30:00,597,Virudhunagar,2.0,-2.8125
2024-12-18 00:00:00,597,Virudhunagar,2.0,-2.8125
2024-12-18 01:00:00,597,Virudhunagar,0.5,-2.8125
2024-12-19 19:00:00,597,Virudhunagar,3.5,-2.787125
2024-12-19 20:00:00,597,Virudhunagar,7.0,-2.787125
2024-12-21 18:00:00,597,Virudhunagar,25.5,-2.308777777777778
2024-12-21 18:30:00,597,Virudhunagar,13.5,-2.308777777777778
2024-12-21 19:00:00,597,Virudhunagar,27.5,-2.308777777777778
2024-12-21 20:00:00,597,Virudhunagar,2.5,-2.308777777777778
2024-12-21 20:30:00,597,Virudhunagar,3.5,-2.308777777777778
2024-12-21 21:00:00,597,Virudhunagar,3.0,-2.308777777777778
2024-12-22 21:00:00,597,Virudhunagar,4.5,-2.2872222222222223
2024-12-22 21:30:00,597,Virudhunagar,0.5,-2.321333333333333
2024-12-22 22:00:00,597,Virudhunagar,10.25,-2.321333333333333
2024-12-23 03:00:00,597,Virudhunagar,34.0,-2.321333333333333
2024-12-23 04:00:00,597,Virudhunagar,7.0,-2.254714285714285
2024-12-23 04:30:00,597,Virudhunagar,1.5,-2.254714285714285
2024-12-23 05:00:00,597,Virudhunagar,21.25,-2.254714285714285
2024-12-23 06:00:00,597,Virudhunagar,8.0,-2.254714285714285
2024-12-27 17:00:00,597,Virudhunagar,1.0,-1.8005714285714285
2024-12-27 18:00:00,597,Virudhunagar,0.75,-1.8005714285714285
2024-12-27 19:00:00,597,Virudhunagar,4.0,-1.8005714285714285
2024-12-27 19:30:00,597,Virudhunagar,0.5,-1.8005714285714285
2024-12-27 20:00:00,597,Virudhunagar,2.5,-1.8005714285714285
2024-12-27 20:30:00,597,Virudhunagar,1.0,-1.8005714285714285
2024-12-27 21:00:00,597,Virudhunagar,0.75,-1.8005714285714285
2024-12-28 23:00:00,597,Virudhunagar,1.5,-1.789142857142857
2024-12-29 00:00:00,597,Virudhunagar,2.5,-1.789142857142857
2024-12-30 15:00:00,597,Virudhunagar,2.25,-2.2925
2024-12-30 16:00:00,597,Virudhunagar,0.5,-2.304666666666667
2024-12-30 16:35:00,597,Virudhunagar,4.5,-2.304666666666667
2024-12-30 16:40:00,597,Virudhunagar,7.5,-2.304666666666667
2024-12-30 16:45:00,597,Virudhunagar,8.0,-2.304666666666667
2024-12-30 16:50:00,597,Virudhunagar,8.0,-2.304666666666667
2024-12-30 16:55:00,597,Virudhunagar,8.0,-2.304666666666667
2024-12-30 17:00:00,597,Virudhunagar,8.0,-2.304666666666667
2024-12-31 04:00:00,597,Virudhunagar,1.5,-2.2728333333333333
2024-12-31 05:00:00,597,Virudhunagar,1.0,-2.2728333333333333
2024-12-31 06:00:00,597,Virudhunagar,0.5,-2.2728333333333333
2024-12-31 07:00:00,597,Virudhunagar,0.5,-2.2728333333333333
2025-01-11 01:00:00,597,Virudhunagar,0.5,-2.432857142857143
2025-01-13 17:00:00,597,Virudhunagar,3.5,-2.803714285714286
2025-01-13 18:00:00,597,Virudhunagar,1.5,-2.803714285714286
2025-01-14 16:00:00,597,Virudhunagar,0.5,-2.467
2025-01-14 17:00:00,597,Virudhunagar,10.5,-2.467
2025-01-14 18:00:00,597,Virudhunagar,0.8,-2.467
2025-01-14 18:30:00,597,Virudhunagar,1.5,-2.467
2025-01-14 19:00:00,597,Virudhunagar,1.5,-2.467
2025-01-14 20:00:00,597,Virudhunagar,0.5,-2.467
2025-01-14 21:00:00,597,Virudhunagar,0.75,-2.467
2025-01-14 22:00:00,597,Virudhunagar,1.0,-2.455428571428571
2025-01-14 23:00:00,597,Virudhunagar,1.375,-2.455428571428571
2025-01-14 23:30:00,597,Virudhunagar,0.5,-2.455428571428571
2025-01-14 23:55:00,597,Virudhunagar,1.0,-2.455428571428571
2025-01-15 00:00:00,597,Virudhunagar,0.625,-2.455428571428571
2025-01-15 01:00:00,597,Virudhunagar,0.5,-2.455428571428571
2025-01-15 01:30:00,597,Virudhunagar,0.5,-2.455428571428571
2025-01-15 02:00:00,597,Virudhunagar,0.5,-2.455428571428571
2025-01-15 16:00:00,597,Virudhunagar,1.0,-2.48
2025-01-15 17:00:00,597,Virudhunagar,1.5,-2.48
2025-01-15 18:00:00,597,Virudhunagar,1.0,-2.48
2025-01-16 03:00:00,597,Virudhunagar,0.5,-2.416857142857143
2025-01-19 04:00:00,597,Virudhunagar,3.0,-2.9265
2025-01-19 04:30:00,597,Virudhunagar,2.0,-2.9265
2025-01-19 05:00:00,597,Virudhunagar,1.3333333333333333,-2.9265
2025-01-19 05:30:00,597,Virudhunagar,0.5,-2.9265
2025-01-19 06:00:00,597,Virudhunagar,3.5,-2.9265
2025-01-19 06:30:00,597,Virudhunagar,0.5,-2.9265
2025-01-19 07:00:00,597,Virudhunagar,2.6666666666666665,-2.9265
2025-01-19 07:30:00,597,Virudhunagar,1.0,-2.9265
2025-01-19 08:00:00,597,Virudhunagar,1.5,-2.9265
2025-01-19 08:30:00,597,Virudhunagar,1.0,-2.9265
2025-01-19 09:00:00,597,Virudhunagar,0.75,-2.9265
2025-01-19 11:00:00,597,Virudhunagar,0.5,-2.959125
2025-01-19 12:00:00,597,Virudhunagar,0.5,-2.959125
2025-01-19 13:00:00,597,Virudhunagar,1.0,-2.959125
2025-01-19 14:00:00,597,Virudhunagar,5.25,-2.959125
2025-01-19 15:00:00,597,Virudhunagar,1.1666666666666667,-2.959125
2025-01-19 19:00:00,597,Virudhunagar,1.0,-2.897875
2025-01-19 20:00:00,597,Virudhunagar,0.5,-2.897875
2025-01-22 13:00:00,597,Virudhunagar,2.0,-2.9815
2025-01-22 14:00:00,597,Virudhunagar,0.5,-2.9815
2025-01-22 20:15:00,597,Virudhunagar,2.5,-2.976625
2025-01-22 20:20:00,597,Virudhunagar,2.5,-2.976625
2025-01-22 20:25:00,597,Virudhunagar,3.0,-2.976625
2025-01-22 20:30:00,597,Virudhunagar,3.5,-2.976625
2025-01-22 20:35:00,597,Virudhunagar,4.5,-2.976625
2025-01-22 20:40:00,597,Virudhunagar,5.0,-2.976625
2025-01-22 20:45:00,597,Virudhunagar,5.5,-2.976625
2025-01-22 20:50:00,597,Virudhunagar,5.5,-2.976625
2025-01-22 20:55:00,597,Virudhunagar,5.5,-2.976625
2025-01-22 21:00:00,597,Virudhunagar,2.333333333333333,-2.976625
2025-01-22 21:30:00,597,Virudhunagar,0.5,-2.935125
2025-01-22 21:55:00,597,Virudhunagar,0.5,-2.935125
2025-01-22 22:00:00,597,Virudhunagar,0.875,-2.935125
2025-01-22 23:00:00,597,Virudhunagar,0.5,-2.935125
2025-01-22 23:30:00,597,Virudhunagar,1.5,-2.935125
2025-01-23 00:00:00,597,Virudhunagar,2.0,-2.935125
2025-01-23 00:30:00,597,Virudhunagar,0.5,-2.935125
2025-01-23 01:00:00,597,Virudhunagar,0.5,-2.935125
2025-01-23 14:30:00,597,Virudhunagar,0.5,-1.6178571428571429
2025-01-23 15:00:00,597,Virudhunagar,0.5,-1.6178571428571429
2025-01-31 18:50:00,597,Virudhunagar,0.5,-2.6021428571428573
2025-01-31 18:55:00,597,Virudhunagar,0.5,-2.6021428571428573
2025-01-31 19:00:00,597,Virudhunagar,0.5,-2.6021428571428573
2025-02-25 18:00:00,597,Virudhunagar,3.0,-4.040111111111111
2025-02-25 18:30:00,597,Virudhunagar,5.5,-4.040111111111111
2025-02-25 19:00:00,597,Virudhunagar,5.5,-4.040111111111111
2025-02-26 15:30:00,597,Virudhunagar,0.5,-3.7535555555555553
2025-02-26 16:00:00,597,Virudhunagar,0.5,-3.7535555555555553
2025-02-28 16:00:00,597,Virudhunagar,12.5,-3.978125
2025-02-28 16:30:00,597,Virudhunagar,5.0,-3.978125
2025-02-28 17:00:00,597,Virudhunagar,3.0,-3.978125
2025-02-28 18:00:00,597,Virudhunagar,0.5,-3.978125
2025-02-28 19:30:00,597,Virudhunagar,1.0,-3.978125
2025-02-28 20:00:00,597,Virudhunagar,1.0,-3.978125
2025-03-01 02:00:00,597,Virudhunagar,1.0,-3.447125
2025-03-01 02:30:00,597,Virudhunagar,0.5,-3.447125
2025-03-01 03:00:00,597,Virudhunagar,1.5,-3.447125
2025-03-01 03:30:00,597,Virudhunagar,0.5,-3.407625
2025-03-01 04:00:00,597,Virudhunagar,2.25,-3.407625
2025-03-01 04:30:00,597,Virudhunagar,1.0,-3.407625
2025-03-01 05:00:00,597,Virudhunagar,1.2,-3.407625
2025-03-01 06:00:00,597,Virudhunagar,1.375,-3.407625
2025-03-01 06:30:00,597,Virudhunagar,1.0,-3.407625
2025-03-01 07:00:00,597,Virudhunagar,1.5,-3.407625
2025-03-01 07:30:00,597,Virudhunagar,0.5,-3.407625
2025-03-01 08:00:00,597,Virudhunagar,0.75,-3.407625
2025-03-01 11:00:00,597,Virudhunagar,0.5,-3.445
2025-03-01 12:00:00,597,Virudhunagar,0.5,-3.445
2025-03-01 12:30:00,597,Virudhunagar,1.0,-3.445
2025-03-01 13:00:00,597,Virudhunagar,2.0,-3.445
2025-03-01 13:30:00,597,Virudhunagar,0.5,-3.445
2025-03-01 14:00:00,597,Virudhunagar,0.5,-3.445
2025-03-01 15:00:00,597,Virudhunagar,0.5,-3.445
2025-03-01 16:30:00,597,Virudhunagar,1.5,-3.3685
2025-03-01 17:00:00,597,Virudhunagar,8.0,-3.3685
2025-03-01 18:00:00,597,Virudhunagar,0.5,-3.3685
2025-03-01 22:30:00,597,Virudhunagar,0.5,-3.386
2025-03-01 23:00:00,597,Virudhunagar,0.5,-3.386
2025-03-02 05:30:00,597,Virudhunagar,0.5,-3.815375
2025-03-02 06:00:00,597,Virudhunagar,1.0,-3.815375
2025-03-02 07:00:00,597,Virudhunagar,2.0,-3.815375
2025-03-02 08:00:00,597,Virudhunagar,3.0,-3.815375
2025-03-02 10:00:00,597,Virudhunagar,3.0,-3.414875
2025-03-02 11:00:00,597,Virudhunagar,8.5,-3.414875
2025-03-02 13:00:00,597,Virudhunagar,1.0,-3.414875
2025-03-02 14:00:00,597,Virudhunagar,0.5,-3.414875
2025-03-02 15:00:00,597,Virudhunagar,5.75,-3.414875
2025-03-02 17:00:00,597,Virudhunagar,5.0,-3.44675
2025-03-08 11:50:00,597,Virudhunagar,0.5,-2.988857142857143
2025-03-08 11:55:00,597,Virudhunagar,2.5,-2.988857142857143
2025-03-08 12:00:00,597,Virudhunagar,3.5,-2.988857142857143
2025-03-08 13:00:00,597,Virudhunagar,0.5,-2.988857142857143
2025-03-10 12:00:00,597,Virudhunagar,0.5,-3.0012857142857143
2025-03-10 12:15:00,597,Virudhunagar,5.0,-3.0012857142857143
2025-03-10 12:20:00,597,Virudhunagar,5.0,-3.0012857142857143
2025-03-10 13:00:00,597,Virudhunagar,5.0,-3.0012857142857143
2025-03-11 08:00:00,597,Virudhunagar,0.5,-2.9585714285714286
2025-03-11 11:00:00,597,Virudhunagar,2.25,-3.0265714285714287
2025-03-11 12:00:00,597,Virudhunagar,0.5,-3.0265714285714287
2025-03-11 13:00:00,597,Virudhunagar,2.625,-3.0265714285714287
2025-03-11 14:00:00,597,Virudhunagar,2.875,-3.0265714285714287
2025-03-11 19:00:00,597,Virudhunagar,1.0,-3.0512857142857146
2025-03-11 19:30:00,597,Virudhunagar,0.5,-3.0512857142857146
2025-03-11 20:00:00,597,Virudhunagar,0.5,-3.0512857142857146
2025-03-11 21:00:00,597,Virudhunagar,0.75,-3.0512857142857146
2025-03-11 22:00:00,597,Virudhunagar,0.5,-2.9861428571428568
2025-03-12 03:00:00,597,Virudhunagar,0.5,-2.9861428571428568
2025-03-12 10:00:00,597,Virudhunagar,2.5,-2.972
2025-03-12 11:00:00,597,Virudhunagar,4.5,-2.972
2025-03-12 12:00:00,597,Virudhunagar,5.3,-2.972
2025-03-12 13:00:00,597,Virudhunagar,0.75,-2.972
2025-03-16 15:00:00,597,Virudhunagar,4.0,-3.434571428571428
2025-03-17 16:30:00,597,Virudhunagar,10.0,-4.2
2025-03-17 17:00:00,597,Virudhunagar,10.0,-4.2
2025-03-17 17:30:00,597,Virudhunagar,0.5,-4.2
2025-03-17 18:00:00,597,Virudhunagar,1.25,-4.2
2025-03-17 19:00:00,597,Virudhunagar,27.5,-4.2
2025-03-17 20:00:00,597,Virudhunagar,0.5,-4.2
2025-03-18 17:00:00,597,Virudhunagar,6.5,-3.303857142857144
2025-03-18 17:30:00,597,Virudhunagar,15.0,-3.303857142857144
2025-03-18 18:00:00,597,Virudhunagar,16.5,-3.303857142857144
2025-03-18 18:30:00,597,Virudhunagar,0.5,-3.303857142857144
2025-03-18 19:00:00,597,Virudhunagar,0.5,-3.303857142857144
2025-03-19 15:00:00,597,Virudhunagar,2.5,-4.338333333333334
2025-03-19 15:30:00,597,Virudhunagar,2.5,-3.464714285714286
2025-03-19 16:00:00,597,Virudhunagar,1.5,-3.464714285714286
2025-03-19 17:00:00,597,Virudhunagar,0.5,-3.464714285714286
2025-03-20 01:30:00,597,Virudhunagar,0.5,-3.369285714285714
2025-03-20 02:00:00,597,Virudhunagar,0.5,-3.369285714285714
2025-03-21 12:00:00,597,Virudhunagar,0.5,-3.525857142857143
2025-03-21 14:00:00,597,Virudhunagar,4.0,-3.525857142857143
2025-03-21 16:00:00,597,Virudhunagar,2.0,-3.3742857142857146
2025-03-22 14:00:00,597,Virudhunagar,9.0,-2.7543333333333333
2025-03-22 15:00:00,597,Virudhunagar,5.5,-2.7543333333333333
2025-03-26 12:00:00,597,Virudhunagar,0.5,-1.69225
2025-03-26 23:00:00,597,Virudhunagar,0.5,-1.6835000000000002
2025-03-27 00:00:00,597,Virudhunagar,0.5,-1.6835000000000002
2025-04-02 22:00:00,597,Virudhunagar,8.5,-3.911125
2025-04-03 02:00:00,597,Virudhunagar,3.5,-3.911125
2025-04-03 05:00:00,597,Virudhunagar,1.5,-4.233
2025-04-03 08:00:00,597,Virudhunagar,0.5,-4.233
2025-04-03 22:00:00,597,Virudhunagar,2.25,-4.259857142857142
2025-04-03 23:00:00,597,Virudhunagar,2.0,-4.259857142857142
2025-04-04 00:00:00,597,Virudhunagar,0.5,-4.259857142857142
2025-04-04 01:00:00,597,Virudhunagar,0.5,-4.259857142857142
2025-04-04 02:00:00,597,Virudhunagar,0.5,-4.259857142857142
2025-04-04 10:00:00,597,Virudhunagar,0.5,-3.922875
2025-04-04 15:00:00,597,Virudhunagar,1.5,-3.922875
2025-04-05 18:00:00,597,Virudhunagar,36.0,-3.949875
2025-04-05 21:00:00,597,Virudhunagar,0.5,-3.949875
2025-04-06 23:00:00,597,Virudhunagar,13.75,-3.834375
2025-04-07 00:00:00,597,Virudhunagar,2.0,-3.834375
2025-04-07 01:00:00,597,Virudhunagar,2.0,-3.834375
2025-04-07 02:00:00,597,Virudhunagar,1.25,-3.834375
2025-04-07 03:00:00,597,Virudhunagar,1.0,-3.834375
2025-04-07 05:00:00,597,Virudhunagar,0.5,-3.275857142857143
2025-04-13 06:00:00,597,Virudhunagar,0.5,-3.3965714285714284
2025-04-13 19:00:00,597,Virudhunagar,22.5,-3.4775714285714288
2025-04-13 20:00:00,597,Virudhunagar,3.0,-3.4775714285714288
2025-04-14 07:00:00,597,Virudhunagar,0.5,-3.42875
2025-04-14 18:00:00,597,Virudhunagar,11.0,-3.429625
2025-04-14 19:00:00,597,Virudhunagar,21.5,-3.429625
2025-04-14 20:00:00,597,Virudhunagar,1.0,-3.429625
2025-04-15 19:30:00,597,Virudhunagar,0.5,-3.466125
2025-04-15 20:00:00,597,Virudhunagar,0.5,-3.466125
2025-04-16 19:00:00,597,Virudhunagar,1.0,-3.443125
2025-04-16 22:00:00,597,Virudhunagar,2.0,-3.8936666666666655
2025-04-16 22:30:00,597,Virudhunagar,18.0,-3.8936666666666655
2025-04-16 23:00:00,597,Virudhunagar,11.5,-3.8936666666666655
2025-04-17 00:00:00,597,Virudhunagar,6.5,-3.8936666666666655
2025-04-17 01:00:00,597,Virudhunagar,0.5,-3.8936666666666655
2025-04-21 15:50:00,597,Virudhunagar,2.5,-3.908333333333333
2025-04-21 16:00:00,597,Virudhunagar,1.5,-3.908333333333333
2025-04-21 17:00:00,597,Virudhunagar,16.0,-3.908333333333333
2025-04-21 18:00:00,597,Virudhunagar,0.5,-3.908333333333333
2025-04-22 16:00:00,597,Virudhunagar,2.0,-4.643875
2025-04-22 17:00:00,597,Virudhunagar,0.5,-4.643875
2025-04-24 16:00:00,597,Virudhunagar,0.5,-3.2656666666666667
2025-04-24 17:00:00,597,Virudhunagar,5.5,-3.2656666666666667
2025-04-24 17:30:00,597,Virudhunagar,0.5,-3.2656666666666667
2025-04-24 18:00:00,597,Virudhunagar,0.5,-3.2656666666666667
2025-04-25 15:00:00,597,Virudhunagar,1.5,-3.2355714285714288
2025-04-25 16:00:00,597,Virudhunagar,4.0,-3.153714285714286
2025-04-25 17:00:00,597,Virudhunagar,2.25,-3.153714285714286
2025-04-25 18:00:00,597,Virudhunagar,1.0,-3.153714285714286
2025-04-27 17:00:00,597,Virudhunagar,1.5,-4.1033333333333335
2025-04-27 19:00:00,597,Virudhunagar,1.0,-4.1033333333333335
2025-04-27 20:00:00,597,Virudhunagar,0.5,-4.1033333333333335
2025-04-28 13:00:00,597,Virudhunagar,3.0,-4.5840000000000005
2025-04-28 17:00:00,597,Virudhunagar,0.5,-4.433999999999999
2025-04-28 18:00:00,597,Virudhunagar,12.5,-4.433999999999999
2025-04-29 08:00:00,597,Virudhunagar,1.5,-3.121857142857143
2025-04-29 19:00:00,597,Virudhunagar,3.0,-3.1
2025-04-30 10:00:00,597,Virudhunagar,0.5,-3.2254285714285715
2025-04-30 22:00:00,597,Virudhunagar,5.0,-3.2197142857142858
2025-05-01 08:00:00,597,Virudhunagar,0.5,-3.1711428571428573
2025-05-01 09:00:00,597,Virudhunagar,1.0,-3.1711428571428573
2025-05-01 15:00:00,597,Virudhunagar,0.5,-3.3074285714285714
2025-05-01 16:00:00,597,Virudhunagar,3.5,-3.389142857142857
2025-05-01 18:30:00,597,Virudhunagar,1.5,-3.389142857142857
2025-05-01 19:00:00,597,Virudhunagar,8.75,-3.389142857142857
2025-05-02 09:00:00,597,Virudhunagar,2.0,-3.161714285714285
2025-05-02 10:00:00,597,Virudhunagar,9.0,-3.3954285714285715
2025-05-02 11:00:00,597,Virudhunagar,5.0,-3.3954285714285715
2025-05-02 12:00:00,597,Virudhunagar,0.5,-3.3954285714285715
2025-05-02 15:00:00,597,Virudhunagar,10.0,-3.3954285714285715
2025-05-02 16:00:00,597,Virudhunagar,27.666666666666668,-4.25
2025-05-02 17:00:00,597,Virudhunagar,12.125,-4.25
2025-05-02 17:30:00,597,Virudhunagar,0.5,-4.25
2025-05-02 18:00:00,597,Virudhunagar,0.75,-4.25
2025-05-02 19:00:00,597,Virudhunagar,0.5,-4.25
2025-05-02 20:00:00,597,Virudhunagar,0.5,-4.25
2025-05-03 07:00:00,597,Virudhunagar,22.5,-4.69125
2025-05-03 08:00:00,597,Virudhunagar,623.5,-4.69125
2025-05-03 09:00:00,597,Virudhunagar,1.0,-4.69125
2025-05-03 15:00:00,597,Virudhunagar,0.5,-4.769125
2025-05-03 16:00:00,597,Virudhunagar,0.5,-4.850875
2025-05-03 17:00:00,597,Virudhunagar,0.5,-4.850875
2025-05-04 09:00:00,597,Virudhunagar,1.0,-5.162285714285715
2025-05-04 12:00:00,597,Virudhunagar,0.5,-5.257714285714286
2025-05-04 13:00:00,597,Virudhunagar,0.5,-5.257714285714286
2025-05-04 15:00:00,597,Virudhunagar,2.0,-5.257714285714286
2025-05-04 18:00:00,597,Virudhunagar,5.5,-5.238
2025-05-04 19:00:00,597,Virudhunagar,4.5,-5.238
2025-05-04 23:00:00,597,Virudhunagar,1.5,-5.208857142857143
2025-05-05 00:00:00,597,Virudhunagar,7.0,-5.208857142857143
2025-05-06 03:00:00,597,Virudhunagar,17.5,-5.209857142857143
2025-05-06 18:00:00,597,Virudhunagar,40.0,-4.7655
2025-05-06 19:00:00,597,Virudhunagar,20.5,-4.7655
2025-05-06 20:00:00,597,Virudhunagar,5.0,-4.7655
2025-05-06 21:00:00,597,Virudhunagar,1.8333333333333333,-4.7655
2025-05-06 22:00:00,597,Virudhunagar,1.0,-4.757125
2025-05-06 23:00:00,597,Virudhunagar,0.5,-4.757125
2025-05-07 18:00:00,597,Virudhunagar,3.25,-4.719125
2025-05-07 19:00:00,597,Virudhunagar,0.5,-4.719125
2025-05-07 19:30:00,597,Virudhunagar,1.0,-4.719125
2025-05-07 20:00:00,597,Virudhunagar,0.75,-4.719125
2025-05-07 21:00:00,597,Virudhunagar,0.5,-4.719125
2025-05-08 10:00:00,597,Virudhunagar,0.5,-4.776125
2025-05-10 20:00:00,597,Virudhunagar,12.5,-4.672875
2025-05-13 07:00:00,597,Virudhunagar,2.0,-4.687
2025-05-13 08:00:00,597,Virudhunagar,0.5,-4.687
2025-05-14 16:00:00,597,Virudhunagar,4.0,-4.701625
2025-05-14 17:00:00,597,Virudhunagar,1.0,-4.701625
2025-05-14 18:00:00,597,Virudhunagar,2.5,-4.701625
2025-05-16 18:00:00,597,Virudhunagar,19.0,-4.887142857142857
2025-05-16 19:00:00,597,Virudhunagar,22.75,-4.887142857142857
2025-05-16 20:00:00,597,Virudhunagar,0.5,-4.887142857142857
2025-05-17 09:00:00,597,Virudhunagar,0.5,-4.875571428571428
2025-05-17 10:00:00,597,Virudhunagar,0.5,-4.944428571428572
2025-05-18 01:00:00,597,Virudhunagar,1.0,-4.957142857142856
2025-05-18 06:00:00,597,Virudhunagar,0.5,-4.934714285714286
2025-05-18 13:30:00,597,Virudhunagar,0.5,-4.9962857142857136
2025-05-18 14:00:00,597,Virudhunagar,2.0,-4.9962857142857136
2025-05-18 14:30:00,597,Virudhunagar,0.5,-4.9962857142857136
2025-05-18 15:00:00,597,Virudhunagar,0.5,-4.9962857142857136
2025-05-18 16:00:00,597,Virudhunagar,5.5,-4.962714285714285
2025-05-18 18:00:00,597,Virudhunagar,18.0,-4.962714285714285
2025-05-18 19:00:00,597,Virudhunagar,0.5,-4.962714285714285
2025-05-18 20:00:00,597,Virudhunagar,0.5,-4.962714285714285
2025-05-19 16:00:00,597,Virudhunagar,4.5,-4.924857142857142
2025-05-19 18:00:00,597,Virudhunagar,0.5,-4.924857142857142
2025-05-19 19:00:00,597,Virudhunagar,0.75,-4.924857142857142
2025-05-19 20:00:00,597,Virudhunagar,0.5,-4.924857142857142
2025-05-23 20:00:00,597,Virudhunagar,0.5,-4.779166666666667
2025-05-23 21:00:00,597,Virudhunagar,0.5,-4.779166666666667
2025-05-24 20:30:00,597,Virudhunagar,0.5,-5.049
2025-05-24 21:00:00,597,Virudhunagar,1.0,-5.049
2025-05-24 21:30:00,597,Virudhunagar,0.5,-5.066599999999999
2025-05-24 22:00:00,597,Virudhunagar,0.5,-5.066599999999999
2025-05-25 01:00:00,597,Virudhunagar,0.5,-5.066599999999999
2025-05-25 06:30:00,597,Virudhunagar,0.5,-4.873714285714286
2025-05-25 07:00:00,597,Virudhunagar,0.5,-4.873714285714286
2025-05-25 17:30:00,597,Virudhunagar,0.5,-5.016285714285714
2025-05-25 18:00:00,597,Virudhunagar,0.5,-5.016285714285714
2025-05-25 19:00:00,597,Virudhunagar,0.5,-5.016285714285714
2025-05-25 20:00:00,597,Virudhunagar,0.5,-5.016285714285714
2025-05-25 21:00:00,597,Virudhunagar,0.5,-5.016285714285714
2025-05-25 22:00:00,597,Virudhunagar,0.5,-4.952714285714286
2025-05-26 00:00:00,597,Virudhunagar,0.5,-4.952714285714286
2025-05-26 00:30:00,597,Virudhunagar,0.5,-4.952714285714286
2025-05-26 01:00:00,597,Virudhunagar,0.5,-4.952714285714286
2025-05-26 02:00:00,597,Virudhunagar,0.5,-4.952714285714286
2025-05-26 03:00:00,597,Virudhunagar,0.5,-4.952714285714286
2025-05-26 04:30:00,597,Virudhunagar,0.5,-4.9785
2025-05-26 05:00:00,597,Virudhunagar,0.5,-4.9785
2025-05-26 06:00:00,597,Virudhunagar,0.5,-4.9785
2025-05-26 06:30:00,597,Virudhunagar,2.0,-4.9785
2025-05-26 07:00:00,597,Virudhunagar,1.5,-4.9785
2025-05-26 08:00:00,597,Virudhunagar,0.5,-4.9785
2025-05-26 09:00:00,597,Virudhunagar,0.5,-4.9785
2025-05-26 10:00:00,597,Virudhunagar,0.5,-5.02175
2025-05-26 11:00:00,597,Virudhunagar,0.75,-5.02175
2025-05-26 11:30:00,597,Virudhunagar,4.0,-5.02175
2025-05-26 12:00:00,597,Virudhunagar,3.0,-5.02175
2025-05-26 13:30:00,597,Virudhunagar,0.5,-5.02175
2025-05-26 14:00:00,597,Virudhunagar,1.0,-5.02175
2025-05-26 16:00:00,597,Virudhunagar,1.5,-4.853125
2025-05-26 16:30:00,597,Virudhunagar,1.0,-4.853125
2025-05-26 17:00:00,597,Virudhunagar,1.0,-4.853125
2025-05-27 00:30:00,597,Virudhunagar,0.5,-4.868
2025-05-27 01:00:00,597,Virudhunagar,0.5,-4.868
2025-05-27 02:00:00,597,Virudhunagar,0.5,-4.868
2025-05-27 03:00:00,597,Virudhunagar,0.5,-4.868
2025-05-27 06:30:00,597,Virudhunagar,0.5,-4.815125
2025-05-27 07:00:00,597,Virudhunagar,0.5,-4.815125
2025-05-27 10:00:00,597,Virudhunagar,0.5,-5.022375
2025-05-29 12:00:00,597,Virudhunagar,0.5,-5.466375
2025-05-29 18:00:00,597,Virudhunagar,0.5,-5.395
2025-05-29 18:30:00,597,Virudhunagar,0.5,-5.395
2025-05-29 19:00:00,597,Virudhunagar,0.5,-5.395
2025-05-30 06:00:00,597,Virudhunagar,0.5,-4.902125
2025-05-30 09:00:00,597,Virudhunagar,0.5,-4.902125
2025-05-30 09:30:00,597,Virudhunagar,1.0,-4.971875
2025-05-30 10:00:00,597,Virudhunagar,1.0,-4.971875
2025-05-30 10:30:00,597,Virudhunagar,0.5,-4.971875
2025-05-30 11:00:00,597,Virudhunagar,0.5,-4.971875
2025-05-30 12:00:00,597,Virudhunagar,0.5,-4.971875
2025-05-30 12:30:00,597,Virudhunagar,2.0,-4.971875
2025-05-30 13:00:00,597,Virudhunagar,1.5,-4.971875
2025-05-30 14:00:00,597,Virudhunagar,0.5,-4.971875
2025-05-30 14:30:00,597,Virudhunagar,0.5,-4.971875
2025-05-30 15:00:00,597,Virudhunagar,1.75,-4.971875
2025-05-30 15:30:00,597,Virudhunagar,1.0,-4.92875
2025-05-30 16:00:00,597,Virudhunagar,1.0,-4.92875
2025-05-30 16:30:00,597,Virudhunagar,0.5,-4.92875
2025-05-30 17:00:00,597,Virudhunagar,1.75,-4.92875
2025-05-30 17:30:00,597,Virudhunagar,0.5,-4.92875
2025-05-30 18:00:00,597,Virudhunagar,0.75,-4.92875
2025-05-30 18:30:00,597,Virudhunagar,0.5,-4.92875
2025-05-30 19:00:00,597,Virudhunagar,1.0,-4.92875
2025-05-31 12:30:00,597,Virudhunagar,0.5,-5.1185
2025-05-31 13:00:00,597,Virudhunagar,0.5,-5.1185
2025-06-02 18:00:00,597,Virudhunagar,0.5,-5.097875
2025-06-06 17:00:00,597,Virudhunagar,1.0,-4.47
2025-06-09 00:00:00,597,Virudhunagar,9.5,-4.615
2025-06-09 01:00:00,597,Virudhunagar,0.5,-4.615
2025-06-09 02:00:00,597,Virudhunagar,0.5,-4.615
2025-06-09 03:00:00,597,Virudhunagar,0.5,-4.615
2025-06-09 04:00:00,597,Virudhunagar,0.5,-4.466666666666667
2025-06-09 05:00:00,597,Virudhunagar,0.5,-4.466666666666667
2025-06-09 06:00:00,597,Virudhunagar,0.5,-4.466666666666667
2025-06-09 07:00:00,597,Virudhunagar,1.0,-4.466666666666667
2025-06-09 08:00:00,597,Virudhunagar,0.5,-4.466666666666667
2025-06-10 07:00:00,597,Virudhunagar,0.5,-5.1285
2025-06-11 07:00:00,597,Virudhunagar,1.0,-5.10075
2025-06-11 21:00:00,597,Virudhunagar,0.5,-5.37325
2025-06-11 22:00:00,597,Virudhunagar,0.5,-5.29225
2025-06-11 23:00:00,597,Virudhunagar,0.5,-5.29225
2025-06-12 00:00:00,597,Virudhunagar,0.5,-5.29225
2025-06-12 01:00:00,597,Virudhunagar,1.0,-5.29225
2025-06-12 02:00:00,597,Virudhunagar,0.5,-5.29225
2025-06-12 03:00:00,597,Virudhunagar,0.5,-5.29225
2025-06-12 07:00:00,597,Virudhunagar,6.5,-5.299857142857142
2025-06-13 21:00:00,597,Virudhunagar,0.5,-5.2725
2025-06-14 00:00:00,597,Virudhunagar,6.0,-5.21
2025-06-14 01:00:00,597,Virudhunagar,4.0,-5.21
2025-06-14 02:00:00,597,Virudhunagar,2.0,-5.21
2025-06-14 03:00:00,597,Virudhunagar,1.5,-5.21
2025-06-14 04:00:00,597,Virudhunagar,0.5,-4.65
2025-06-14 05:00:00,597,Virudhunagar,0.5,-4.65
2025-06-14 06:00:00,597,Virudhunagar,6.5,-4.65
2025-06-14 07:00:00,597,Virudhunagar,2.0,-4.65
2025-06-14 08:00:00,597,Virudhunagar,1.0,-4.65
2025-06-15 05:00:00,597,Virudhunagar,1.0,-4.673333333333333
2025-06-15 06:00:00,597,Virudhunagar,12.0,-4.673333333333333
2025-06-15 07:00:00,597,Virudhunagar,0.5,-4.673333333333333
2025-06-15 08:00:00,597,Virudhunagar,0.5,-4.673333333333333
2025-06-15 20:30:00,597,Virudhunagar,0.5,-4.96
2025-06-15 21:00:00,597,Virudhunagar,0.5,-4.96
2025-06-15 23:30:00,597,Virudhunagar,0.5,-4.801666666666667
2025-06-16 00:00:00,597,Virudhunagar,0.5,-4.801666666666667
2025-06-16 07:00:00,597,Virudhunagar,0.5,-4.6883333333333335
2025-06-16 08:00:00,597,Virudhunagar,1.0,-4.6883333333333335
2025-06-17 09:00:00,597,Virudhunagar,0.5,-4.665
2025-06-18 05:00:00,597,Virudhunagar,11.0,-4.773999999999999
2025-06-18 20:00:00,597,Virudhunagar,9.5,-4.986
2025-06-19 01:00:00,597,Virudhunagar,1.5,-4.928
2025-06-19 07:00:00,597,Virudhunagar,25.0,-4.928
2025-06-19 08:00:00,597,Virudhunagar,1.5,-4.928
2025-06-20 01:00:00,597,Virudhunagar,7.0,-4.593999999999999
2025-06-20 02:00:00,597,Virudhunagar,348.5,-4.593999999999999
2025-06-20 03:00:00,597,Virudhunagar,308.0,-4.593999999999999
2025-06-20 04:00:00,597,Virudhunagar,272.5,-4.75
2025-06-20 05:00:00,597,Virudhunagar,120.5,-4.75
2025-06-20 06:00:00,597,Virudhunagar,103.5,-4.75
2025-06-20 07:00:00,597,Virudhunagar,8.0,-4.75
2025-06-20 08:00:00,597,Virudhunagar,2.5,-4.75
2025-06-20 09:00:00,597,Virudhunagar,0.5,-4.75
2025-06-20 22:00:00,597,Virudhunagar,1.0,-4.8116666666666665
2025-06-21 07:00:00,597,Virudhunagar,127.0,-4.823333333333333
2025-06-21 08:00:00,597,Virudhunagar,2.5,-4.823333333333333
2025-06-21 18:00:00,597,Virudhunagar,0.5,-4.83
2025-06-21 22:00:00,597,Virudhunagar,272.5,-4.7700000000000005
2025-06-21 23:00:00,597,Virudhunagar,13.5,-4.7700000000000005
2025-06-22 00:00:00,597,Virudhunagar,3.0,-4.7700000000000005
2025-06-22 01:00:00,597,Virudhunagar,369.0,-4.7700000000000005
2025-06-22 02:00:00,597,Virudhunagar,54.5,-4.7700000000000005
2025-06-22 03:00:00,597,Virudhunagar,75.5,-4.7700000000000005
2025-06-22 04:00:00,597,Virudhunagar,66.5,-4.755
2025-06-22 05:00:00,597,Virudhunagar,94.5,-4.755
2025-06-22 06:00:00,597,Virudhunagar,693.5,-4.755
2025-06-22 07:00:00,597,Virudhunagar,45.5,-4.755
2025-06-22 08:00:00,597,Virudhunagar,1.0,-4.755
2025-06-22 16:00:00,597,Virudhunagar,12.5,-5.1
2025-06-22 18:00:00,597,Virudhunagar,26.0,-5.1
2025-06-22 19:00:00,597,Virudhunagar,5.5,-5.1
2025-06-22 20:00:00,597,Virudhunagar,8.0,-5.1
2025-06-22 21:00:00,597,Virudhunagar,3.5,-5.1
2025-06-22 22:00:00,597,Virudhunagar,21.5,-5.04
2025-06-22 23:00:00,597,Virudhunagar,4.5,-5.04
2025-06-23 00:00:00,597,Virudhunagar,5.0,-5.04
2025-06-23 01:00:00,597,Virudhunagar,15.0,-5.04
2025-06-23 02:00:00,597,Virudhunagar,16.0,-5.04
2025-06-23 03:00:00,597,Virudhunagar,9.5,-5.04
2025-06-23 04:00:00,597,Virudhunagar,28.5,-4.928333333333334
2025-06-23 05:00:00,597,Virudhunagar,7.0,-4.928333333333334
2025-06-23 06:00:00,597,Virudhunagar,3.5,-4.928333333333334
2025-06-23 07:00:00,597,Virudhunagar,6.5,-4.928333333333334
2025-06-23 08:00:00,597,Virudhunagar,1.0,-4.928333333333334
2025-06-23 18:00:00,597,Virudhunagar,0.5,-5.081666666666667
2025-06-28 16:00:00,597,Virudhunagar,1.0,-5.158333333333333
2025-07-11 15:00:00,597,Virudhunagar,2.5,-5.443333333333334
2025-07-11 16:00:00,597,Virudhunagar,6.0,-5.555
2025-07-11 17:00:00,597,Virudhunagar,2.5,-5.555
2025-07-11 18:00:00,597,Virudhunagar,1.0,-5.555
2025-07-16 15:00:00,597,Virudhunagar,1.0,-5.816
2025-07-16 16:00:00,597,Virudhunagar,2.0,-5.516
2025-07-16 18:00:00,597,Virudhunagar,1.0,-5.516
2025-07-16 21:00:00,597,Virudhunagar,46.5,-5.516
2025-07-16 22:00:00,597,Virudhunagar,0.5,-5.516
2025-07-16 23:00:00,597,Virudhunagar,0.5,-5.516
2025-07-20 00:00:00,597,Virudhunagar,0.5,-5.55
2025-07-20 01:00:00,597,Virudhunagar,0.5,-5.55
2025-07-20 03:00:00,597,Virudhunagar,0.5,-5.55
2025-07-20 05:00:00,597,Virudhunagar,0.5,-5.646
2025-07-20 06:00:00,597,Virudhunagar,1.0,-5.646
2025-07-20 07:00:00,597,Virudhunagar,1.0,-5.646
2025-07-20 08:00:00,597,Virudhunagar,0.5,-5.646
2025-07-20 16:00:00,597,Virudhunagar,0.5,-5.666
2025-07-21 07:00:00,597,Virudhunagar,0.5,-5.606
2025-07-21 23:00:00,597,Virudhunagar,0.5,-5.61
2025-07-22 01:00:00,597,Virudhunagar,0.5,-5.61
2025-07-22 02:00:00,597,Virudhunagar,0.5,-5.61
2025-07-22 03:00:00,597,Virudhunagar,0.5,-5.61
2025-07-22 05:00:00,597,Virudhunagar,0.5,-5.614
2025-07-22 07:00:00,597,Virudhunagar,0.5,-5.614
2025-07-22 08:00:00,597,Virudhunagar,0.5,-5.614
2025-07-22 09:00:00,597,Virudhunagar,0.5,-5.614
2025-07-22 10:00:00,597,Virudhunagar,0.5,-5.856
2025-07-23 05:00:00,597,Virudhunagar,0.5,-5.372
2025-07-23 06:00:00,597,Virudhunagar,1.5,-5.372
2025-07-23 07:00:00,597,Virudhunagar,0.5,-5.372
2025-07-23 17:00:00,597,Virudhunagar,1.0,-5.3100000000000005
2025-07-28 04:00:00,597,Virudhunagar,0.5,-5.5
2025-07-28 05:00:00,597,Virudhunagar,0.5,-5.5
2025-07-28 19:00:00,597,Virudhunagar,9.0,-5.573333333333333
2025-07-28 20:00:00,597,Virudhunagar,12.5,-5.573333333333333
2025-07-28 21:00:00,597,Virudhunagar,0.5,-5.573333333333333
2025-07-29 01:00:00,597,Virudhunagar,88.0,-5.531666666666666
2025-07-29 05:00:00,597,Virudhunagar,5.0,-5.496666666666666
2025-07-29 07:00:00,597,Virudhunagar,0.5,-5.496666666666666
2025-07-29 23:00:00,597,Virudhunagar,1.0,-5.618333333333333
2025-07-30 06:00:00,597,Virudhunagar,132.5,-5.5600000000000005
2025-07-30 07:00:00,597,Virudhunagar,25.5,-5.5600000000000005
2025-07-30 08:00:00,597,Virudhunagar,1.0,-5.5600000000000005
2025-07-30 19:00:00,597,Virudhunagar,0.5,-5.938
2025-07-30 20:00:00,597,Virudhunagar,4.0,-5.938
2025-07-30 22:00:00,597,Virudhunagar,2.5,-5.88
2025-07-31 00:00:00,597,Virudhunagar,108.0,-5.88
2025-07-31 01:00:00,597,Virudhunagar,150.0,-5.88
2025-07-31 02:00:00,597,Virudhunagar,743.0,-5.88
2025-07-31 03:00:00,597,Virudhunagar,1724.5,-5.88
2025-07-31 07:00:00,597,Virudhunagar,34.5,-6.321666666666666
2025-07-31 08:00:00,597,Virudhunagar,1.0,-6.321666666666666
2025-07-31 21:00:00,597,Virudhunagar,3.0,-5.738333333333333
2025-07-31 22:00:00,597,Virudhunagar,0.5,-5.7683333333333335
2025-07-31 23:00:00,597,Virudhunagar,41.0,-5.7683333333333335
2025-08-01 00:00:00,597,Virudhunagar,18.5,-5.7683333333333335
2025-08-01 01:00:00,597,Virudhunagar,104.0,-5.7683333333333335
2025-08-01 02:00:00,597,Virudhunagar,1135.5,-5.7683333333333335
2025-08-01 03:00:00,597,Virudhunagar,76.5,-5.7683333333333335
2025-08-01 04:00:00,597,Virudhunagar,4707.0,-5.8500000000000005
2025-08-01 05:00:00,597,Virudhunagar,51.5,-5.8500000000000005
2025-08-01 06:00:00,597,Virudhunagar,652.0,-5.8500000000000005
2025-08-01 07:00:00,597,Virudhunagar,3.0,-5.8500000000000005
2025-08-01 08:00:00,597,Virudhunagar,1.5,-5.8500000000000005
2025-08-01 17:00:00,597,Virudhunagar,1.5,-5.875
2025-08-01 20:00:00,597,Virudhunagar,5.0,-5.875
2025-08-01 21:00:00,597,Virudhunagar,0.5,-5.875
2025-08-02 15:00:00,597,Virudhunagar,11.5,-6.122
2025-08-02 16:00:00,597,Virudhunagar,1.5,-5.988
2025-08-02 17:00:00,597,Virudhunagar,7.5,-5.988
2025-08-02 18:00:00,597,Virudhunagar,3.0,-5.988
2025-08-02 19:00:00,597,Virudhunagar,0.75,-5.988
2025-08-02 20:00:00,597,Virudhunagar,1.0,-5.988
2025-08-02 21:00:00,597,Virudhunagar,0.5,-5.988
2025-08-03 02:00:00,597,Virudhunagar,0.5,-5.747999999999999
2025-08-03 03:00:00,597,Virudhunagar,1.0,-5.747999999999999
2025-08-03 04:00:00,597,Virudhunagar,0.5,-5.822
2025-08-04 17:00:00,597,Virudhunagar,1.5,-5.802
2025-08-04 18:00:00,597,Virudhunagar,4.0,-5.802
2025-08-05 14:00:00,597,Virudhunagar,0.5,-5.862
2025-08-05 15:00:00,597,Virudhunagar,18.0,-5.862
2025-08-05 16:00:00,597,Virudhunagar,3.0,-5.7700000000000005
2025-08-05 17:00:00,597,Virudhunagar,0.5,-5.7700000000000005
2025-08-05 18:00:00,597,Virudhunagar,2.1666666666666665,-5.7700000000000005
2025-08-05 19:00:00,597,Virudhunagar,0.5,-5.7700000000000005
2025-08-05 20:00:00,597,Virudhunagar,0.5,-5.7700000000000005
2025-08-06 16:00:00,597,Virudhunagar,3.0,-5.676
2025-08-07 01:00:00,597,Virudhunagar,1.5,-5.768
2025-08-07 02:00:00,597,Virudhunagar,0.5,-5.768
2025-08-08 17:00:00,597,Virudhunagar,3.5,-5.798
2025-08-09 12:00:00,597,Virudhunagar,1.5,-5.5920000000000005
2025-08-09 17:00:00,597,Virudhunagar,0.75,-5.534000000000001
2025-08-09 18:00:00,597,Virudhunagar,0.75,-5.534000000000001
2025-08-09 19:00:00,597,Virudhunagar,1.5,-5.534000000000001
2025-08-09 20:00:00,597,Virudhunagar,6.0,-5.534000000000001
2025-08-10 17:00:00,597,Virudhunagar,1.0,-5.754
2025-08-11 02:00:00,597,Virudhunagar,5.0,-5.758
2025-08-11 08:00:00,597,Virudhunagar,0.5,-5.754
2025-08-11 09:00:00,597,Virudhunagar,1.0,-5.754
2025-08-11 21:00:00,597,Virudhunagar,1.0,-5.632
2025-08-12 00:00:00,597,Virudhunagar,0.5,-5.71
2025-08-12 01:00:00,597,Virudhunagar,0.5,-5.71
2025-08-12 07:00:00,597,Virudhunagar,0.5,-5.712000000000001
2025-08-12 15:40:00,597,Virudhunagar,0.5,-5.57
2025-08-12 15:45:00,597,Virudhunagar,0.5,-5.57
2025-08-12 15:50:00,597,Virudhunagar,0.5,-5.57
2025-08-12 15:55:00,597,Virudhunagar,0.5,-5.57
2025-08-12 16:00:00,597,Virudhunagar,0.5,-5.57
2025-08-12 22:00:00,597,Virudhunagar,16.5,-5.656000000000001
2025-08-12 23:00:00,597,Virudhunagar,1.0,-5.656000000000001
2025-08-13 00:00:00,597,Virudhunagar,1.5,-5.656000000000001
2025-08-13 01:00:00,597,Virudhunagar,1.0,-5.656000000000001
2025-08-13 02:00:00,597,Virudhunagar,0.5,-5.656000000000001
2025-08-13 03:00:00,597,Virudhunagar,2.0,-5.656000000000001
2025-08-13 04:00:00,597,Virudhunagar,2.0,-5.698
2025-08-13 05:00:00,597,Virudhunagar,6.5,-5.698
2025-08-13 07:00:00,597,Virudhunagar,5.0,-5.698
2025-08-13 08:00:00,597,Virudhunagar,1.0,-5.698
2025-08-13 10:00:00,597,Virudhunagar,1.5,-5.798
2025-08-13 11:05:00,597,Virudhunagar,1.5,-5.798
2025-08-13 11:10:00,597,Virudhunagar,3.5,-5.798
2025-08-13 13:15:00,597,Virudhunagar,1.0,-5.798
2025-08-13 13:20:00,597,Virudhunagar,20.5,-5.798
2025-08-13 13:25:00,597,Virudhunagar,20.5,-5.798
2025-08-13 14:00:00,597,Virudhunagar,24.0,-5.798
2025-08-13 15:00:00,597,Virudhunagar,18.5,-5.798
2025-08-13 16:00:00,597,Virudhunagar,7.5,-5.593999999999999
2025-08-13 17:00:00,597,Virudhunagar,2.0,-5.593999999999999
2025-08-15 03:00:00,597,Virudhunagar,0.5,-5.695
2025-08-15 10:00:00,597,Virudhunagar,0.5,-5.781666666666666
2025-08-15 12:00:00,597,Virudhunagar,0.5,-5.781666666666666
2025-08-16 20:00:00,597,Virudhunagar,0.5,-5.670000000000001
2025-08-17 08:00:00,597,Virudhunagar,0.5,-5.734
2025-08-22 20:00:00,597,Virudhunagar,2.0,-5.964
2025-08-23 16:00:00,597,Virudhunagar,18.0,-6.08
2025-08-23 17:00:00,597,Virudhunagar,6.5,-6.08
2025-08-23 18:00:00,597,Virudhunagar,1.0,-6.08
2025-08-23 19:00:00,597,Virudhunagar,0.5,-6.08
2025-08-23 20:00:00,597,Virudhunagar,0.5,-6.08
2025-09-03 08:00:00,597,Virudhunagar,4.0,-6.8116666666666665
2025-09-03 09:00:00,597,Virudhunagar,1.5,-6.8116666666666665
2025-09-03 14:00:00,597,Virudhunagar,1.0,-6.305
2025-09-03 21:00:00,597,Virudhunagar,0.5,-6.86
2025-09-04 04:00:00,597,Virudhunagar,0.5,-6.263333333333333
2025-09-04 08:00:00,597,Virudhunagar,5.0,-6.263333333333333
2025-09-04 16:00:00,597,Virudhunagar,0.5,-6.204999999999999
2025-09-04 17:00:00,597,Virudhunagar,1.0,-6.204999999999999
2025-09-05 03:00:00,597,Virudhunagar,0.5,-6.248333333333334
2025-09-05 08:00:00,597,Virudhunagar,0.5,-6.256666666666667
2025-09-05 16:00:00,597,Virudhunagar,3.5,-6.41
2025-09-05 17:00:00,597,Virudhunagar,0.5,-6.41
2025-09-05 18:00:00,597,Virudhunagar,0.75,-6.41
2025-09-05 23:00:00,597,Virudhunagar,0.5,-6.321666666666666
2025-09-06 13:00:00,597,Virudhunagar,8.0,-6.348333333333334
2025-09-06 16:00:00,597,Virudhunagar,16.5,-6.451666666666667
2025-09-06 18:00:00,597,Virudhunagar,23.25,-6.451666666666667
2025-09-06 19:00:00,597,Virudhunagar,6.75,-6.451666666666667
2025-09-06 21:00:00,597,Virudhunagar,0.5,-6.451666666666667
2025-09-07 11:00:00,597,Virudhunagar,0.5,-6.545000000000001
2025-09-07 18:00:00,597,Virudhunagar,4.166666666666667,-6.633333333333333
2025-09-07 19:00:00,597,Virudhunagar,18.0,-6.633333333333333
2025-09-07 20:00:00,597,Virudhunagar,1.0,-6.633333333333333
2025-09-07 21:00:00,597,Virudhunagar,0.5,-6.633333333333333
2025-09-08 09:00:00,597,Virudhunagar,0.5,-6.4383333333333335
2025-09-08 12:15:00,597,Virudhunagar,2.5,-6.625
2025-09-08 13:00:00,597,Virudhunagar,2.5,-6.625
2025-09-09 03:00:00,597,Virudhunagar,4.0,-6.373333333333334
2025-09-09 04:00:00,597,Virudhunagar,0.5,-6.824
2025-09-09 16:00:00,597,Virudhunagar,7.5,-6.258
2025-09-09 17:00:00,597,Virudhunagar,7.75,-6.258
2025-09-09 19:00:00,597,Virudhunagar,3.0,-6.258
2025-09-10 13:00:00,597,Virudhunagar,7.5,-6.2700000000000005
2025-09-10 14:00:00,597,Virudhunagar,0.5,-6.2700000000000005
2025-09-10 16:00:00,597,Virudhunagar,3.0,-7.128333333333333
2025-09-11 14:00:00,597,Virudhunagar,7.5,-6.448333333333333
2025-09-11 17:00:00,597,Virudhunagar,38.0,-6.39
2025-09-11 18:00:00,597,Virudhunagar,1.0,-6.39
2025-09-11 19:00:00,597,Virudhunagar,0.5,-6.39
2025-09-13 14:00:00,597,Virudhunagar,10.0,-6.52
2025-09-15 18:00:00,597,Virudhunagar,3.0,-6.63
2025-09-15 19:00:00,597,Virudhunagar,3.5,-6.63
2025-09-16 15:00:00,597,Virudhunagar,0.5,-6.6433333333333335
2025-09-16 16:00:00,597,Virudhunagar,19.0,-6.388333333333333
2025-09-16 17:00:00,597,Virudhunagar,2.833333333333333,-6.388333333333333
2025-09-16 18:00:00,597,Virudhunagar,3.0,-6.388333333333333
2025-09-16 19:00:00,597,Virudhunagar,0.5,-6.388333333333333
2025-09-17 06:00:00,597,Virudhunagar,0.5,-6.316666666666666
2025-09-17 18:00:00,597,Virudhunagar,0.5,-6.31
2025-09-17 19:00:00,597,Virudhunagar,1.0,-6.31
2025-09-17 20:00:00,597,Virudhunagar,0.5,-6.31
2025-09-18 01:00:00,597,Virudhunagar,0.5,-6.366666666666667
2025-09-20 19:00:00,597,Virudhunagar,1.5,-6.414
2025-09-20 20:00:00,597,Virudhunagar,1.0,-6.414
2025-09-23 15:00:00,597,Virudhunagar,1.5,-6.695
2025-09-25 14:00:00,597,Virudhunagar,8.5,-6.611666666666667
2025-09-25 15:00:00,597,Virudhunagar,1.0,-6.611666666666667
2025-09-25 16:00:00,597,Virudhunagar,2.0,-7.408333333333334
2025-09-25 18:00:00,597,Virudhunagar,1.0,-7.408333333333334
2025-09-26 03:00:00,597,Virudhunagar,0.5,-6.621666666666667
2025-09-26 11:00:00,597,Virudhunagar,0.5,-6.63
2025-09-29 08:00:00,597,Virudhunagar,0.5,-6.84
2025-09-29 15:00:00,597,Virudhunagar,0.5,-6.78
2025-10-02 02:00:00,597,Virudhunagar,0.5,-6.890000000000001
2025-10-03 16:00:00,597,Virudhunagar,30.5,-7.0200000000000005
2025-10-03 17:00:00,597,Virudhunagar,13.0,-7.0200000000000005
2025-10-03 18:00:00,597,Virudhunagar,19.875,-7.0200000000000005
2025-10-03 19:00:00,597,Virudhunagar,9.5,-7.0200000000000005
2025-10-04 17:00:00,597,Virudhunagar,15.25,-6.833333333333333
2025-10-04 18:00:00,597,Virudhunagar,38.0,-6.833333333333333
2025-10-04 19:00:00,597,Virudhunagar,4.75,-6.833333333333333
2025-10-04 20:00:00,597,Virudhunagar,0.5,-6.833333333333333
2025-10-04 21:00:00,597,Virudhunagar,0.6666666666666666,-6.833333333333333
2025-10-05 14:00:00,597,Virudhunagar,3.5,-6.426
2025-10-05 15:00:00,597,Virudhunagar,5.0,-6.426
2025-10-05 17:00:00,597,Virudhunagar,12.0,-6.248
2025-10-05 18:00:00,597,Virudhunagar,7.5,-6.248
2025-10-05 19:00:00,597,Virudhunagar,0.5,-6.248
2025-10-06 02:00:00,597,Virudhunagar,0.5,-6.093999999999999
2025-10-13 00:00:00,597,Virudhunagar,0.5,-6.093999999999999
2025-10-23 13:00:00,597,Virudhunagar,0.5,2.393
2025-10-23 23:00:00,597,Virudhunagar,0.5,2.393
2025-10-24 00:00:00,597,Virudhunagar,0.5,2.393
2025-10-24 05:00:00,597,Virudhunagar,0.5,2.393
2025-10-24 15:00:00,597,Virudhunagar,3.0,2.393
2025-10-24 16:00:00,597,Virudhunagar,2.5,2.393
2025-10-24 17:00:00,597,Virudhunagar,6.5,2.393
2025-10-24 20:00:00,597,Virudhunagar,0.5,2.393
2025-10-27 11:00:00,597,Virudhunagar,0.5,2.393
2025-10-27 12:00:00,597,Virudhunagar,1.5,2.393
2025-10-27 13:00:00,597,Virudhunagar,0.5,2.393
2025-10-27 20:00:00,597,Virudhunagar,0.5,2.393
2025-11-05 18:00:00,597,Virudhunagar,57.5,2.429
2025-11-05 19:00:00,597,Virudhunagar,6.75,2.429
2025-11-05 20:00:00,597,Virudhunagar,8.0,2.429
2025-11-05 21:00:00,597,Virudhunagar,1.75,2.429
2025-11-05 22:00:00,597,Virudhunagar,2.25,2.418
2025-11-05 23:00:00,597,Virudhunagar,1.8333333333333333,2.418
2025-11-06 00:00:00,597,Virudhunagar,0.5,2.418
2025-11-06 02:00:00,597,Virudhunagar,0.5,2.418
2025-11-06 05:00:00,597,Virudhunagar,0.5,2.314
2025-11-07 17:00:00,597,Virudhunagar,0.5,2.304
2025-11-07 18:00:00,597,Virudhunagar,0.5,2.304
2025-11-07 21:00:00,597,Virudhunagar,13.0,2.304
2025-11-09 01:00:00,597,Virudhunagar,2.25,2.385
2025-11-09 02:00:00,597,Virudhunagar,24.0,2.385
2025-11-09 03:00:00,597,Virudhunagar,1.0,2.385
2025-11-09 04:00:00,597,Virudhunagar,1.5,2.519
2025-11-09 05:00:00,597,Virudhunagar,0.5,2.519
2025-11-09 06:00:00,597,Virudhunagar,3.0,2.519
2025-11-09 07:00:00,597,Virudhunagar,0.5,2.519
2025-11-09 08:00:00,597,Virudhunagar,1.0,2.519
2025-11-10 05:00:00,597,Virudhunagar,0.5,2.401
2025-11-10 08:00:00,597,Virudhunagar,0.5,2.401
2025-11-10 09:00:00,597,Virudhunagar,0.5,2.401
2025-11-11 18:00:00,597,Virudhunagar,3.0,2.429
2025-11-11 21:00:00,597,Virudhunagar,11.5,2.429
2025-11-11 22:00:00,597,Virudhunagar,0.5,2.443
2025-11-11 23:00:00,597,Virudhunagar,1.0,2.443
2025-11-12 00:00:00,597,Virudhunagar,0.5,2.443
2025-11-12 01:00:00,597,Virudhunagar,0.5,2.443
2025-11-12 02:00:00,597,Virudhunagar,10.0,2.443
2025-11-12 03:00:00,597,Virudhunagar,1.0,2.443
2025-11-12 04:00:00,597,Virudhunagar,31.5,2.846
2025-11-12 05:00:00,597,Virudhunagar,0.5,2.846
2025-11-12 06:00:00,597,Virudhunagar,0.5,2.846
2025-11-12 15:00:00,597,Virudhunagar,0.5,2.84
2025-11-12 16:00:00,597,Virudhunagar,2.0,2.774
2025-11-12 17:00:00,597,Virudhunagar,0.75,2.774
2025-11-12 18:00:00,597,Virudhunagar,10.25,2.774
2025-11-12 19:00:00,597,Virudhunagar,14.0,2.774
2025-11-13 15:00:00,597,Virudhunagar,0.5,2.637
2025-11-13 23:00:00,597,Virudhunagar,1.5,2.79
2025-11-17 09:00:00,597,Virudhunagar,0.5,2.629
2025-11-17 20:00:00,597,Virudhunagar,1.25,2.567
2025-11-17 21:00:00,597,Virudhunagar,0.5,2.567
2025-11-18 09:00:00,597,Virudhunagar,0.5,2.51
2025-11-18 10:00:00,597,Virudhunagar,0.5,2.556
2025-11-18 12:00:00,597,Virudhunagar,1.25,2.556
2025-11-18 13:00:00,597,Virudhunagar,1.0,2.556
2025-11-18 14:00:00,597,Virudhunagar,2.333333333333333,2.556
2025-11-18 15:00:00,597,Virudhunagar,1.7,2.556
2025-11-18 16:00:00,597,Virudhunagar,1.875,2.557
2025-11-18 17:00:00,597,Virudhunagar,1.6666666666666667,2.557
2025-11-18 18:00:00,597,Virudhunagar,1.6666666666666667,2.557
2025-11-18 20:00:00,597,Virudhunagar,1.75,2.557
2025-11-18 21:00:00,597,Virudhunagar,3.333333333333333,2.557
2025-11-18 22:00:00,597,Virudhunagar,0.5,2.652
2025-11-19 00:00:00,597,Virudhunagar,0.5,2.652
2025-11-19 02:00:00,597,Virudhunagar,0.5,2.652
2025-11-19 03:00:00,597,Virudhunagar,0.5,2.652
2025-11-19 04:00:00,597,Virudhunagar,0.5,2.644
2025-11-19 15:00:00,597,Virudhunagar,0.5,2.612
2025-11-19 19:00:00,597,Virudhunagar,0.5,2.581
2025-11-19 20:00:00,597,Virudhunagar,1.0,2.581
2025-11-19 21:00:00,597,Virudhunagar,0.5,2.581
2025-11-21 00:00:00,597,Virudhunagar,0.5,-2.947857142857143
2025-11-21 01:00:00,597,Virudhunagar,2.5,-2.947857142857143
2025-11-21 17:00:00,597,Virudhunagar,0.5,-2.965428571428572
2025-11-21 18:00:00,597,Virudhunagar,2.5,-2.965428571428572
2025-11-21 19:00:00,597,Virudhunagar,17.0,-2.965428571428572
2025-11-21 20:00:00,597,Virudhunagar,10.833333333333334,-2.965428571428572
2025-11-21 21:00:00,597,Virudhunagar,1.625,-2.965428571428572
2025-11-21 22:00:00,597,Virudhunagar,1.0,-2.823
2025-11-22 00:00:00,597,Virudhunagar,3.5,-2.823
2025-11-22 01:00:00,597,Virudhunagar,1.75,-2.823
2025-11-22 02:00:00,597,Virudhunagar,0.6666666666666666,-2.823
2025-11-22 04:00:00,597,Virudhunagar,1.0,-2.605833333333333
2025-11-22 05:00:00,597,Virudhunagar,3.0,-2.605833333333333
2025-11-22 08:00:00,597,Virudhunagar,0.5,-2.605833333333333
2025-11-22 10:00:00,597,Virudhunagar,0.5,-2.4355
2025-11-22 12:00:00,597,Virudhunagar,1.1666666666666667,-2.4355
2025-11-22 13:00:00,597,Virudhunagar,4.5,-2.4355
2025-11-22 14:00:00,597,Virudhunagar,0.75,-2.4355
2025-11-22 16:00:00,597,Virudhunagar,0.75,-2.5973333333333333
2025-11-22 17:00:00,597,Virudhunagar,2.0,-2.5973333333333333
2025-11-22 18:00:00,597,Virudhunagar,11.333333333333334,-2.5973333333333333
2025-11-22 19:00:00,597,Virudhunagar,9.0,-2.5973333333333333
2025-11-22 20:00:00,597,Virudhunagar,1.0,-2.5973333333333333
2025-11-22 21:00:00,597,Virudhunagar,1.0,-2.5973333333333333
2025-11-22 23:00:00,597,Virudhunagar,0.5,-2.857
2025-11-23 01:00:00,597,Virudhunagar,0.5,-2.857
2025-11-23 03:00:00,597,Virudhunagar,0.5,-2.857
2025-11-23 04:00:00,597,Virudhunagar,0.75,-3.115833333333333
2025-11-23 05:00:00,597,Virudhunagar,0.5,-3.115833333333333
2025-11-23 11:00:00,597,Virudhunagar,1.0,-4.372
2025-11-23 12:00:00,597,Virudhunagar,0.5,-4.372
2025-11-23 13:00:00,597,Virudhunagar,2.5,-4.372
2025-11-23 14:00:00,597,Virudhunagar,9.666666666666666,-4.372
2025-11-23 15:00:00,597,Virudhunagar,6.0,-4.372
2025-11-23 16:00:00,597,Virudhunagar,8.833333333333334,-3.037333333333333
2025-11-23 17:00:00,597,Virudhunagar,1.6,-3.037333333333333
2025-11-23 18:00:00,597,Virudhunagar,4.875,-3.037333333333333
2025-11-23 19:00:00,597,Virudhunagar,10.9,-3.037333333333333
2025-11-23 20:00:00,597,Virudhunagar,7.2,-3.037333333333333
2025-11-23 21:00:00,597,Virudhunagar,3.375,-3.037333333333333
2025-11-23 22:00:00,597,Virudhunagar,2.833333333333333,-2.864333333333333
2025-11-23 23:00:00,597,Virudhunagar,3.333333333333333,-2.864333333333333
2025-11-24 00:00:00,597,Virudhunagar,1.3,-2.864333333333333
2025-11-24 01:00:00,597,Virudhunagar,1.0,-2.864333333333333
2025-11-24 03:00:00,597,Virudhunagar,0.5,-2.864333333333333
2025-11-24 05:00:00,597,Virudhunagar,0.5,-2.7601666666666667
2025-11-24 06:00:00,597,Virudhunagar,1.75,-2.7601666666666667
2025-11-24 07:00:00,597,Virudhunagar,1.0,-2.7601666666666667
2025-11-24 08:00:00,597,Virudhunagar,0.5,-2.7601666666666667
2025-11-24 09:00:00,597,Virudhunagar,0.5,-2.7601666666666667
2025-11-24 12:00:00,597,Virudhunagar,0.5,-2.708833333333333
2025-11-24 14:00:00,597,Virudhunagar,0.5,-2.708833333333333
2025-11-30 00:00:00,597,Virudhunagar,1.0,-1.2246666666666666
2025-11-30 01:00:00,597,Virudhunagar,2.0,-1.2246666666666666
2025-11-30 02:00:00,597,Virudhunagar,0.5,-1.2246666666666666
2025-11-30 03:00:00,597,Virudhunagar,0.5,-1.2246666666666666
2025-11-30 04:00:00,597,Virudhunagar,1.75,-2.085
2025-11-30 05:00:00,597,Virudhunagar,0.5,-2.085
2025-11-30 15:00:00,597,Virudhunagar,1.5,-2.2300000000000004
2025-11-30 18:00:00,597,Virudhunagar,20.5,-2.1706666666666665
2025-12-01 08:00:00,597,Virudhunagar,0.5,-7.729166666666667
2025-12-01 20:00:00,597,Virudhunagar,1.0,-7.722333333333334
2025-12-01 21:00:00,597,Virudhunagar,2.0,-7.722333333333334
2025-12-01 23:00:00,597,Virudhunagar,0.5,-6.742285714285714
2025-12-02 03:00:00,597,Virudhunagar,0.5,-6.742285714285714
2025-12-02 22:00:00,597,Virudhunagar,0.5,-6.775
2025-12-02 23:00:00,597,Virudhunagar,27.5,-6.775
2025-12-03 00:00:00,597,Virudhunagar,7.5,-6.775
2025-12-03 07:00:00,597,Virudhunagar,3.0,-6.825285714285714
2025-12-03 08:00:00,597,Virudhunagar,22.5,-6.825285714285714
2025-12-03 09:00:00,597,Virudhunagar,25.5,-6.825285714285714
2025-12-03 10:00:00,597,Virudhunagar,5.75,-6.786714285714287
2025-12-03 10:05:00,597,Virudhunagar,1.0,-6.786714285714287
2025-12-03 10:10:00,597,Virudhunagar,6.0,-6.786714285714287
2025-12-03 10:20:00,597,Virudhunagar,1.0,-6.786714285714287
2025-12-03 10:30:00,597,Virudhunagar,0.5,-6.786714285714287
2025-12-03 11:00:00,597,Virudhunagar,0.5,-6.786714285714287
2025-12-04 12:00:00,597,Virudhunagar,0.75,-8.438333333333334
2025-12-04 13:00:00,597,Virudhunagar,2.0,-8.438333333333334
2025-12-04 17:00:00,597,Virudhunagar,3.0,-8.456666666666665
2025-12-04 18:00:00,597,Virudhunagar,0.5,-8.456666666666665
2025-12-04 19:00:00,597,Virudhunagar,2.0,-8.456666666666665
2025-12-04 20:00:00,597,Virudhunagar,2.5,-8.456666666666665
2025-12-04 21:00:00,597,Virudhunagar,4.5,-8.456666666666665
2025-12-04 22:00:00,597,Virudhunagar,0.5,-6.831285714285714
2025-12-05 09:00:00,597,Virudhunagar,0.5,-6.819142857142857
2025-12-05 11:00:00,597,Virudhunagar,0.5,-6.856571428571429
2025-12-05 12:00:00,597,Virudhunagar,2.5,-6.856571428571429
2025-12-05 14:00:00,597,Virudhunagar,3.5,-6.856571428571429
2025-12-05 17:00:00,597,Virudhunagar,7.666666666666667,-6.839428571428572
2025-12-05 18:00:00,597,Virudhunagar,6.0,-6.839428571428572
2025-12-05 19:00:00,597,Virudhunagar,0.5,-6.839428571428572
2025-12-06 00:00:00,597,Virudhunagar,0.6666666666666666,-6.799285714285714
2025-12-06 04:00:00,597,Virudhunagar,0.5,-8.435
2025-12-07 04:00:00,597,Virudhunagar,1.0,-8.459999999999999
2025-12-07 05:00:00,597,Virudhunagar,1.5,-8.459999999999999
2025-12-08 03:00:00,597,Virudhunagar,0.5,-6.841714285714285
2025-12-09 20:00:00,597,Virudhunagar,3.0,-6.876428571428571
2025-12-12 09:00:00,597,Virudhunagar,2.5,-7.399166666666667
2025-12-12 12:00:00,597,Virudhunagar,0.5,-7.4575
2025-12-16 20:00:00,597,Virudhunagar,1.0,-8.718333333333332
2025-12-16 22:00:00,597,Virudhunagar,0.5,-7.088714285714286
2025-12-16 23:00:00,597,Virudhunagar,1.5,-7.088714285714286
2025-12-17 06:00:00,597,Virudhunagar,3.6666666666666665,-7.091142857142858
2025-12-17 07:00:00,597,Virudhunagar,2.1666666666666665,-7.091142857142858
2025-12-17 08:00:00,597,Virudhunagar,6.0,-7.091142857142858
2025-12-17 09:00:00,597,Virudhunagar,4.125,-7.091142857142858
2025-12-17 10:00:00,597,Virudhunagar,1.25,-7.108857142857143
2025-12-17 11:00:00,597,Virudhunagar,0.5,-7.108857142857143
2025-12-17 14:00:00,597,Virudhunagar,0.5,-7.108857142857143
2025-12-17 21:00:00,597,Virudhunagar,0.5,-7.048571428571428
2025-12-22 11:55:00,597,Virudhunagar,1.0,-6.635625
2026-01-01 21:00:00,597,Virudhunagar,1.0,-4.892578947368421
2026-01-01 22:00:00,597,Virudhunagar,3.5,-4.610095238095238
2026-01-01 23:00:00,597,Virudhunagar,0.5,-4.610095238095238
2026-01-02 01:00:00,597,Virudhunagar,0.5,-4.610095238095238
2026-01-02 04:00:00,597,Virudhunagar,0.5,-4.290590909090909
2026-01-02 18:00:00,597,Virudhunagar,0.5,-4.247636363636364
2026-01-02 19:00:00,597,Virudhunagar,1.0,-4.247636363636364
2026-01-02 20:00:00,597,Virudhunagar,0.5,-4.247636363636364
2026-01-02 21:00:00,597,Virudhunagar,0.5,-4.247636363636364
2026-01-03 07:00:00,597,Virudhunagar,0.5,-2.901944444444444
2026-01-10 08:00:00,597,Virudhunagar,0.5,-5.603750000000001
2026-01-10 09:00:00,597,Virudhunagar,0.5,-5.603750000000001
2026-01-11 03:00:00,597,Virudhunagar,1.0,-5.603750000000001
2026-01-11 04:00:00,597,Virudhunagar,0.75,-4.187473684210526
2026-01-11 05:00:00,597,Virudhunagar,1.0,-4.187473684210526
2026-01-11 06:00:00,597,Virudhunagar,2.25,-4.187473684210526
2026-01-11 07:00:00,597,Virudhunagar,0.5,-4.187473684210526
2026-01-11 08:00:00,597,Virudhunagar,1.5,-4.187473684210526
2026-01-11 09:00:00,597,Virudhunagar,2.25,-4.187473684210526
2026-01-11 10:00:00,597,Virudhunagar,1.75,-4.2682631578947365
2026-01-11 13:00:00,597,Virudhunagar,0.5,-4.2682631578947365
2026-01-11 16:00:00,597,Virudhunagar,2.6666666666666665,-4.221684210526316
2026-01-11 17:00:00,597,Virudhunagar,0.5,-4.221684210526316
2026-01-13 03:00:00,597,Virudhunagar,0.5,-4.1773750000000005
2026-01-13 13:00:00,597,Virudhunagar,0.5,-4.06585
2026-01-13 14:00:00,597,Virudhunagar,1.75,-4.06585
2026-01-13 15:00:00,597,Virudhunagar,1.9,-4.06585
2026-01-13 16:00:00,597,Virudhunagar,1.625,-4.118052631578948
2026-01-13 17:00:00,597,Virudhunagar,0.5,-4.118052631578948
2026-01-13 18:00:00,597,Virudhunagar,0.5,-4.118052631578948
2026-01-13 19:00:00,597,Virudhunagar,0.5,-4.118052631578948
2026-01-14 09:00:00,597,Virudhunagar,0.5,-1.498
2026-02-23 05:00:00,597,Virudhunagar,0.5,-3.0006875
2026-02-25 16:00:00,597,Virudhunagar,4.5,-7.349272727272727
2026-02-25 17:00:00,597,Virudhunagar,0.5,-7.349272727272727
2026-03-17 16:00:00,597,Virudhunagar,1.0,-3.25025
2026-03-17 18:00:00,597,Virudhunagar,16.5,-3.25025
2026-03-17 19:00:00,597,Virudhunagar,4.0,-3.25025
2026-03-17 20:00:00,597,Virudhunagar,2.0,-3.25025
2026-03-17 21:00:00,597,Virudhunagar,0.6666666666666666,-3.25025
2026-03-17 22:00:00,597,Virudhunagar,0.5,-5.10152380952381
2026-03-18 11:00:00,597,Virudhunagar,6.5,-5.4819
2026-03-18 15:00:00,597,Virudhunagar,3.5,-5.4819
2026-03-18 16:00:00,597,Virudhunagar,1.0,-5.45905
2026-03-18 17:00:00,597,Virudhunagar,0.5,-5.45905
2026-03-18 19:00:00,597,Virudhunagar,0.5,-5.45905
2026-03-18 20:00:00,597,Virudhunagar,0.5,-5.45905
2026-03-19 18:00:00,597,Virudhunagar,0.5,-5.141238095238096
2026-03-20 06:00:00,597,Virudhunagar,21.0,-3.717166666666667
2026-03-20 07:00:00,597,Virudhunagar,12.5,-3.717166666666667
2026-03-20 19:00:00,597,Virudhunagar,1.75,-3.720833333333333
2026-03-20 20:00:00,597,Virudhunagar,0.5,-3.720833333333333
2026-03-21 05:00:00,597,Virudhunagar,0.5,-3.719333333333333
